Borden_/Borden1m_014/output_maps/psiliqL0023N0001.asc
ncols         80
nrows         18
xllcorner     620200.000000
yllcorner     5168000.000000
cellsize      1.000000
NODATA_value  -9999.0
-9999.0 -9999.0 -9999.0 -9999.0 -9999.0 -9999.0 -9999.0 -9999.0 -9999.0 -9999.0 -9999.0 -9999.0 -9999.0 -9999.0 -9999.0 -9999.0 -9999.0 -9999.0 -9999.0 -9999.0 -9999.0 -9999.0 -9999.0 -9999.0 -9999.0 -9999.0 -9999.0 -9999.0 -9999.0 -9999.0 -9999.0 -9999.0 -9999.0 -9999.0 -9999.0 -9999.0 -9999.0 -9999.0 -9999.0 -9999.0 -9999.0 -9999.0 -9999.0 -9999.0 -9999.0 -9999.0 -9999.0 -9999.0 -9999.0 -9999.0 -9999.0 -9999.0 -9999.0 -9999.0 -9999.0 -9999.0 -9999.0 -9999.0 -9999.0 -9999.0 -9999.0 -9999.0 -9999.0 -9999.0 -9999.0 -9999.0 -9999.0 -9999.0 -9999.0 -9999.0 -9999.0 -9999.0 -9999.0 -9999.0 -9999.0 -9999.0 -9999.0 -9999.0 -9999.0 -9999.0
-9999.0 -9999.0 -9999.0 -9999.0 -9999.0 -9999.0 -9999.0 -9999.0 -9999.0 -9999.0 -9999.0 -9999.0 -9999.0 -9999.0 -9999.0 -9999.0 -9999.0 -9999.0 -9999.0 -9999.0 -9999.0 -9999.0 -9999.0 -9999.0 -9999.0 -9999.0 -9999.0 -9999.0 -9999.0 -9999.0 -9999.0 -9999.0 -9999.0 -9999.0 -9999.0 -9999.0 -9999.0 -9999.0 -9999.0 -9999.0 -9999.0 -9999.0 -9999.0 -9999.0 -9999.0 -9999.0 -9999.0 -9999.0 -9999.0 -9999.0 -9999.0 -9999.0 -9999.0 -9999.0 -9999.0 -9999.0 -9999.0 -9999.0 -9999.0 -9999.0 -9999.0 -9999.0 -9999.0 -9999.0 -9999.0 -9999.0 -9999.0 -9999.0 -9999.0 -9999.0 -9999.0 -9999.0 -9999.0 -9999.0 -9999.0 -9999.0 -9999.0 -9999.0 -9999.0 -9999.0
-9999.0 -9999.0 -9999.0 -9999.0 -9999.0 -9999.0 -9999.0 -9999.0 -9999.0 -9999.0 -9999.0 -9999.0 -9999.0 -9999.0 -9999.0 -9999.0 -9999.0 -9999.0 -9999.0 -9999.0 2726.234255 2727.537716 2705.686664 2671.596423 2643.325743 2645.108585 2678.219472 2718.676209 2757.055560 2764.782606 2745.842179 2749.289980 2744.886282 2741.147669 2742.006122 2749.639410 2755.954308 2765.716144 2772.804556 2770.732052 2763.489738 2758.279412 2760.110144 2761.907737 2767.884207 2754.312312 2769.838863 2780.445229 2785.571752 2782.735686 2762.658096 2749.929974 2741.838824 2726.480930 2752.724102 2764.616579 2786.546787 2791.457814 2789.946087 2764.304379 2734.405121 -9999.0 -9999.0 -9999.0 -9999.0 -9999.0 -9999.0 -9999.0 -9999.0 -9999.0 -9999.0 -9999.0 -9999.0 -9999.0 -9999.0 -9999.0 -9999.0 -9999.0 -9999.0 -9999.0
-9999.0 -9999.0 -9999.0 -9999.0 -9999.0 -9999.0 -9999.0 -9999.0 -9999.0 -9999.0 -9999.0 -9999.0 -9999.0 -9999.0 2636.499562 2627.434814 2624.380219 2631.665701 2664.110516 2694.126088 2705.822801 2698.280177 2697.988480 2673.362208 2650.900845 2663.669361 2692.879006 2722.962194 2756.010578 2773.541239 2762.230910 2759.723521 2767.459767 2781.721923 2790.289203 2786.538099 2777.102144 2791.985287 2805.323056 2810.187906 2808.131190 2798.334398 2807.741399 2821.898761 2814.897800 2799.494725 2809.458372 2824.084267 2835.603387 2826.896669 2774.599670 2760.940822 2757.692982 2753.408398 2740.551457 2736.601990 2764.516817 2764.295808 2757.121575 2740.125189 2707.293330 2662.504441 2644.069751 2684.618088 2728.703166 2785.188757 -9999.0 -9999.0 -9999.0 -9999.0 -9999.0 -9999.0 -9999.0 -9999.0 -9999.0 -9999.0 -9999.0 -9999.0 -9999.0 -9999.0
-9999.0 -9999.0 -9999.0 -9999.0 -9999.0 -9999.0 -9999.0 -9999.0 -9999.0 2579.454085 2584.897031 2591.688568 2593.865881 2608.870390 2605.670043 2612.356219 2616.714589 2643.430322 2672.805207 2706.269458 2733.170964 2723.945630 2722.508457 2727.472262 2723.809007 2732.526934 2753.057065 2782.448464 2814.331717 2849.633974 2816.479660 2811.574738 2828.802365 2870.603835 2895.166502 2897.802302 2879.143180 2893.715957 2916.993625 2933.413140 2929.991382 2924.372655 2949.582521 2964.202280 2959.752070 2939.033026 2935.894778 2942.314441 2971.082606 2921.364267 2856.869062 2817.259925 2831.753636 2810.071458 2782.842647 2776.809042 2776.857770 2793.183302 2781.699025 2750.915816 2717.570126 2706.412576 2689.918686 2710.525467 2734.087603 2780.361441 2820.474601 2850.547960 2850.576268 2833.650699 -9999.0 -9999.0 -9999.0 -9999.0 -9999.0 -9999.0 -9999.0 -9999.0 -9999.0 -9999.0
-9999.0 -9999.0 -9999.0 -9999.0 -9999.0 -9999.0 2501.146226 2511.205051 2531.547578 2534.407114 2560.251362 2565.558748 2584.454472 2601.748207 2623.030702 2636.184209 2661.698258 2691.573264 2727.785502 2766.151444 2787.982589 2784.297350 2781.956563 2802.504236 2830.618474 2850.558026 2872.430954 2909.100206 2980.153837 3016.082952 3010.935922 3011.996259 3020.113412 3069.550599 3132.969462 3144.570178 3124.098063 3110.667211 3133.094221 3169.532915 3168.692564 3167.584071 3179.607022 3189.907911 3216.521954 3206.490058 3170.717203 3163.991140 3169.113783 3148.539707 3082.497003 3025.239427 3004.695563 2959.406454 2878.364377 2834.472144 2855.375313 2882.155432 2860.188017 2811.288719 2783.415551 2777.096473 2765.527634 2757.723969 2769.441229 2791.020843 2815.595661 2829.737433 2818.408156 2798.157101 2776.683994 2748.804377 2751.603500 2776.848099 -9999.0 -9999.0 -9999.0 -9999.0 -9999.0 -9999.0
-9999.0 -9999.0 -9999.0 -9999.0 2451.977885 2464.462608 2449.818244 2475.191217 2506.743887 2539.853804 2567.659362 2600.007646 2623.516126 2650.510965 2684.518458 2708.657278 2742.066808 2772.084259 2811.161552 2872.108925 2916.243508 2930.445299 2938.797887 2989.474466 3045.307791 3092.434794 3110.682967 3135.744213 3179.383343 3235.098116 3257.535148 3260.763678 3277.569208 3318.725606 3372.604761 3407.008951 3389.751126 3381.134863 3390.170045 3403.553191 3425.668245 3425.771390 3426.859407 3430.490976 3437.457298 3436.157396 3410.623235 3377.702254 3364.956702 3355.364503 3319.834819 3249.403638 3218.273626 3190.600763 3151.599581 3099.211891 3049.287430 3047.977010 2994.755127 2941.411176 2890.676538 2881.293369 2860.437549 2844.117497 2825.828365 2837.251794 2848.648781 2833.691128 2804.407037 2775.422897 2762.551187 2745.257369 2734.536096 2765.817740 2783.969337 2813.861445 -9999.0 -9999.0 -9999.0 -9999.0
-9999.0 -9999.0 2393.824924 2439.444636 2495.677095 2501.530828 2495.604505 2498.220085 2524.176460 2573.183505 2638.021008 2676.844239 2707.982448 2738.596032 2780.771106 2844.277120 2904.346756 2945.910553 3002.030029 3069.655776 3127.913180 3154.833353 3164.065230 3198.752273 3251.961369 3318.400682 3345.440483 3371.101567 3401.663955 3436.591910 3432.706119 3444.045968 3455.540608 3466.067136 3478.965385 3484.986200 3480.505448 3475.989654 3457.657899 3452.847799 3459.405834 3466.695678 3466.241796 3451.865299 3447.914685 3462.601096 3468.328755 3466.586852 3464.370588 3469.736478 3467.059694 3421.079567 3399.297844 3384.741987 3374.198468 3329.136659 3263.920797 3230.757359 3210.594373 3171.126076 3098.839364 3060.068897 3020.385565 2985.072463 2946.963953 2932.263296 2899.075285 2866.788729 2828.112336 2787.525546 2768.362450 2753.971578 2753.804565 2754.907359 2772.741805 2788.725582 2804.758129 2812.868962 -9999.0 -9999.0
-9999.0 2285.960628 2356.749966 2478.483049 2555.369544 2592.479028 2605.187242 2611.843445 2636.984037 2667.300070 2756.690742 2804.159706 2885.759678 2920.455379 2960.959232 3049.872386 3141.269978 3182.934353 3219.953567 3280.448693 3343.610229 3389.484122 3415.189299 3401.011564 3438.472385 3463.736907 3470.387534 3476.323707 3475.239964 3466.837695 3459.895120 3466.733695 3463.992624 3445.266334 3429.622419 3428.037363 3424.737351 3401.819815 3374.609037 3359.612003 3361.461396 3385.922105 3373.161415 3351.984029 3347.647571 3369.000469 3389.607225 3379.184885 3366.182706 3382.615191 3416.621398 3440.263798 3443.343016 3461.329231 3482.315854 3454.142647 3431.355476 3388.758614 3372.281428 3347.229778 3291.671262 3237.091737 3189.704508 3141.313699 3088.881631 3039.099837 2991.607033 2944.625485 2891.308682 2858.709580 2834.277121 2790.965821 2777.106850 2783.644897 2778.413035 2777.117779 2784.050860 2790.714784 -9999.0 -9999.0
-9999.0 2193.224730 2332.131186 2509.809823 2651.710510 2694.253554 2763.062600 2817.241819 2831.039177 2791.500917 2878.494329 3091.076395 3204.433265 3219.523275 3291.871748 3382.813390 3372.730845 3402.823981 3424.752442 3445.989060 3463.150506 3475.863310 3473.726458 3468.099353 3451.936642 3444.007303 3443.214800 3441.219659 3424.204607 3405.593487 3389.050408 3386.265447 3369.020977 3321.694870 3289.292005 3272.737602 3255.549684 3241.611484 3213.852497 3188.402273 3172.922687 3184.846327 3181.819082 3167.547402 3163.105236 3181.770867 3212.499926 3209.401759 3219.397248 3238.610184 3273.854989 3310.899504 3329.852650 3358.372015 3393.459442 3439.753435 3449.774850 3471.862417 3475.212590 3462.934866 3417.746728 3367.282955 3338.383996 3284.003409 3224.685659 3163.226853 3115.166219 3070.914416 3016.501751 2982.193836 2942.775152 2889.643998 2845.572918 2835.947093 2802.291150 2788.417136 -9999.0 -9999.0 -9999.0 -9999.0
-9999.0 2096.272660 2276.547013 2517.769379 2803.031150 2879.568310 3075.867395 3187.838203 3226.819178 3291.311451 3193.740925 3381.647685 3428.417656 3421.861912 3431.981203 3434.249729 3447.848779 3447.550785 3442.502200 3431.735463 3422.490809 3418.184456 3417.015559 3409.168890 3396.697992 3382.256992 3370.577085 3359.554299 3323.795585 3292.618563 3255.273641 3243.345545 3201.525288 3111.439196 3072.964546 3036.320241 2978.032834 2979.566736 2984.651769 2960.682830 2941.778926 2915.994117 2943.573632 2952.517576 2955.992908 2953.072418 2963.850349 2990.086442 3035.637281 3068.962905 3107.441159 3154.427574 3183.983360 3222.538315 3262.422704 3314.009582 3344.274426 3372.675439 3420.124267 3456.779775 3479.188490 3466.054603 3446.167902 3403.176272 3343.722167 3294.903698 3266.806081 3217.536755 3174.593250 3131.123465 3085.036873 3032.645859 2971.739775 2915.559319 2881.320757 -9999.0 -9999.0 -9999.0 -9999.0 -9999.0
-9999.0 1883.590260 2146.888279 2415.157665 2695.423256 3027.249437 3182.858645 3279.584977 3340.541635 3316.851501 3333.956321 3341.878560 3378.205435 3384.475945 3362.911235 3349.926079 3333.514252 3332.426465 3345.382427 3318.643773 3289.181709 3276.273480 3277.081579 3266.373442 3243.082406 3228.202228 3218.873206 3201.057475 3158.419872 3109.699105 3028.117640 2996.608110 2920.973608 2879.992059 2843.384741 2797.496048 2761.413604 2765.939088 2781.519603 2779.597448 2758.951455 2741.755089 2770.393986 2782.793081 2795.495863 2780.203202 2786.869232 2820.603138 2866.341646 2905.857062 2949.079984 2996.216789 3036.846115 3076.045970 3097.945651 3138.109366 3179.454764 3220.271331 3289.153482 3365.323528 3399.780606 3433.443030 3463.358445 3484.776989 3442.570831 3415.391563 3392.412343 3369.866742 3324.691557 3279.926705 3239.447909 3176.487107 3117.039378 -9999.0 -9999.0 -9999.0 -9999.0 -9999.0 -9999.0 -9999.0
-9999.0 1767.727300 1965.452240 2163.083761 2416.477325 2644.101410 2851.498672 2941.512754 3010.102365 3070.304722 3117.912213 3153.195100 3178.884172 3199.745582 3176.970631 3132.718214 3101.452421 3106.153591 3098.557296 3077.193903 3049.619342 3036.720205 3034.569393 3029.763138 3008.464912 2997.970410 2991.166949 2973.401070 2947.632403 2896.249605 2825.136363 2761.785427 2707.778205 2686.237898 2662.735982 2635.295694 2607.474635 2620.554269 2633.390643 2633.205384 2626.078508 2625.688960 2654.686946 2674.005516 2683.455615 2672.176040 2690.158034 2713.451184 2750.574726 2785.588523 2829.556890 2878.848474 2926.420978 2946.807466 2949.960036 2962.913316 2990.996940 3034.220601 3110.010156 3194.848007 3269.563228 3313.758109 3363.542638 3402.403649 3429.242430 3456.392865 3476.989412 3468.677683 3443.884392 3411.256926 3354.132837 -9999.0 -9999.0 -9999.0 -9999.0 -9999.0 -9999.0 -9999.0 -9999.0 -9999.0
-9999.0 -9999.0 1737.248027 1893.186880 1995.925246 2157.463134 2296.336988 2399.987860 2495.571749 2628.939589 2745.958880 2827.192041 2871.516327 2886.728321 2872.425819 2842.825347 2824.698147 2824.487358 2813.409548 2806.355738 2791.136109 2785.749514 2783.034966 2775.719290 2770.558406 2769.137515 2766.611863 2758.582104 2741.396638 2699.773483 2661.214072 2616.655277 2569.686692 2548.339998 2530.404959 2513.331170 2516.945342 2513.027361 2519.127147 2522.151341 2531.419242 2545.381761 2564.949446 2587.503740 2597.034918 2606.596693 2617.442198 2638.961748 2668.881685 2708.395679 2759.188823 2811.089667 2846.248152 2852.918425 2835.432068 2831.194441 2840.319128 2869.987339 2934.391808 3003.494260 3090.946539 3154.912047 3221.060020 3275.809599 3301.702188 3338.054754 3406.416344 3454.304753 3494.457780 3472.185382 -9999.0 -9999.0 -9999.0 -9999.0 -9999.0 -9999.0 -9999.0 -9999.0 -9999.0 -9999.0
-9999.0 -9999.0 -9999.0 -9999.0 1748.781798 1894.709589 1988.449075 2065.045763 2194.383520 2319.488104 2421.730690 2506.150542 2572.118162 2598.122813 2597.693474 2611.436772 2609.508598 2601.070996 2590.500339 2593.912794 2597.420793 2591.208531 2575.481229 2569.642516 2573.624581 2581.770981 2581.007510 2569.433580 2553.210551 2538.754858 2525.879425 2496.278934 2465.029818 2438.948536 2428.342395 2426.047529 2427.268696 2420.593369 2429.764441 2438.834188 2454.926156 2470.240109 2493.811436 2523.228260 2537.515704 2551.899917 2560.306823 2578.678070 2607.097984 2658.226508 2719.368259 2775.052752 2807.073116 2807.187372 2780.355313 2759.344274 2748.227669 2767.222649 2793.148638 2844.960748 2933.775762 2995.384993 3041.597173 3081.091267 3117.204575 3180.637065 3272.391046 3352.169009 -9999.0 -9999.0 -9999.0 -9999.0 -9999.0 -9999.0 -9999.0 -9999.0 -9999.0 -9999.0 -9999.0 -9999.0
-9999.0 -9999.0 -9999.0 -9999.0 -9999.0 -9999.0 1715.645550 1818.242330 1885.869562 2032.206806 2171.309589 2275.296227 2356.493207 2390.527016 2422.195837 2451.481853 2451.374189 2431.657818 2410.685380 2431.967464 2450.177345 2444.342091 2413.124095 2414.896805 2422.371343 2431.532286 2430.542124 2426.244817 2403.595217 2421.197207 2426.966912 2406.540442 2383.312806 2372.443566 2362.555509 2373.818849 2375.122246 2361.819466 2361.807195 2389.988684 2411.181967 2424.246792 2445.450491 2478.558169 2510.804176 2526.027332 2526.545007 2530.936828 2567.651686 2635.544001 2705.747419 2759.874336 2789.497028 2793.950873 2764.177050 2719.673337 2694.000010 2693.800546 2719.218013 2760.205730 2816.885087 2853.364334 2865.835870 2868.614147 2881.868476 2979.207125 -9999.0 -9999.0 -9999.0 -9999.0 -9999.0 -9999.0 -9999.0 -9999.0 -9999.0 -9999.0 -9999.0 -9999.0 -9999.0 -9999.0
-9999.0 -9999.0 -9999.0 -9999.0 -9999.0 -9999.0 -9999.0 -9999.0 -9999.0 -9999.0 -9999.0 -9999.0 -9999.0 -9999.0 -9999.0 -9999.0 -9999.0 -9999.0 -9999.0 -9999.0 -9999.0 -9999.0 -9999.0 -9999.0 -9999.0 -9999.0 -9999.0 -9999.0 -9999.0 -9999.0 -9999.0 -9999.0 -9999.0 -9999.0 -9999.0 -9999.0 -9999.0 -9999.0 -9999.0 -9999.0 -9999.0 -9999.0 -9999.0 -9999.0 -9999.0 -9999.0 -9999.0 -9999.0 -9999.0 -9999.0 -9999.0 -9999.0 -9999.0 -9999.0 -9999.0 -9999.0 -9999.0 -9999.0 -9999.0 -9999.0 -9999.0 -9999.0 -9999.0 -9999.0 -9999.0 -9999.0 -9999.0 -9999.0 -9999.0 -9999.0 -9999.0 -9999.0 -9999.0 -9999.0 -9999.0 -9999.0 -9999.0 -9999.0 -9999.0 -9999.0
-9999.0 -9999.0 -9999.0 -9999.0 -9999.0 -9999.0 -9999.0 -9999.0 -9999.0 -9999.0 -9999.0 -9999.0 -9999.0 -9999.0 -9999.0 -9999.0 -9999.0 -9999.0 -9999.0 -9999.0 -9999.0 -9999.0 -9999.0 -9999.0 -9999.0 -9999.0 -9999.0 -9999.0 -9999.0 -9999.0 -9999.0 -9999.0 -9999.0 -9999.0 -9999.0 -9999.0 -9999.0 -9999.0 -9999.0 -9999.0 -9999.0 -9999.0 -9999.0 -9999.0 -9999.0 -9999.0 -9999.0 -9999.0 -9999.0 -9999.0 -9999.0 -9999.0 -9999.0 -9999.0 -9999.0 -9999.0 -9999.0 -9999.0 -9999.0 -9999.0 -9999.0 -9999.0 -9999.0 -9999.0 -9999.0 -9999.0 -9999.0 -9999.0 -9999.0 -9999.0 -9999.0 -9999.0 -9999.0 -9999.0 -9999.0 -9999.0 -9999.0 -9999.0 -9999.0 -9999.0