Borden_/Borden1m_014/output_maps/psiliqL0014N0013.asc
ncols         80
nrows         18
xllcorner     620200.000000
yllcorner     5168000.000000
cellsize      1.000000
NODATA_value  -9999.0
-9999.0 -9999.0 -9999.0 -9999.0 -9999.0 -9999.0 -9999.0 -9999.0 -9999.0 -9999.0 -9999.0 -9999.0 -9999.0 -9999.0 -9999.0 -9999.0 -9999.0 -9999.0 -9999.0 -9999.0 -9999.0 -9999.0 -9999.0 -9999.0 -9999.0 -9999.0 -9999.0 -9999.0 -9999.0 -9999.0 -9999.0 -9999.0 -9999.0 -9999.0 -9999.0 -9999.0 -9999.0 -9999.0 -9999.0 -9999.0 -9999.0 -9999.0 -9999.0 -9999.0 -9999.0 -9999.0 -9999.0 -9999.0 -9999.0 -9999.0 -9999.0 -9999.0 -9999.0 -9999.0 -9999.0 -9999.0 -9999.0 -9999.0 -9999.0 -9999.0 -9999.0 -9999.0 -9999.0 -9999.0 -9999.0 -9999.0 -9999.0 -9999.0 -9999.0 -9999.0 -9999.0 -9999.0 -9999.0 -9999.0 -9999.0 -9999.0 -9999.0 -9999.0 -9999.0 -9999.0
-9999.0 -9999.0 -9999.0 -9999.0 -9999.0 -9999.0 -9999.0 -9999.0 -9999.0 -9999.0 -9999.0 -9999.0 -9999.0 -9999.0 -9999.0 -9999.0 -9999.0 -9999.0 -9999.0 -9999.0 -9999.0 -9999.0 -9999.0 -9999.0 -9999.0 -9999.0 -9999.0 -9999.0 -9999.0 -9999.0 -9999.0 -9999.0 -9999.0 -9999.0 -9999.0 -9999.0 -9999.0 -9999.0 -9999.0 -9999.0 -9999.0 -9999.0 -9999.0 -9999.0 -9999.0 -9999.0 -9999.0 -9999.0 -9999.0 -9999.0 -9999.0 -9999.0 -9999.0 -9999.0 -9999.0 -9999.0 -9999.0 -9999.0 -9999.0 -9999.0 -9999.0 -9999.0 -9999.0 -9999.0 -9999.0 -9999.0 -9999.0 -9999.0 -9999.0 -9999.0 -9999.0 -9999.0 -9999.0 -9999.0 -9999.0 -9999.0 -9999.0 -9999.0 -9999.0 -9999.0
-9999.0 -9999.0 -9999.0 -9999.0 -9999.0 -9999.0 -9999.0 -9999.0 -9999.0 -9999.0 -9999.0 -9999.0 -9999.0 -9999.0 -9999.0 -9999.0 -9999.0 -9999.0 -9999.0 -9999.0 945.491524 948.452733 927.108531 894.434243 867.745667 871.373403 907.272503 949.568713 988.877500 999.627760 982.927993 987.240969 985.149935 986.737186 991.686751 1000.458448 1006.080891 1017.983256 1026.505139 1025.800375 1019.262753 1013.709165 1013.620811 1016.375916 1021.701205 1011.025004 1025.263681 1040.462502 1045.096686 1038.606632 1009.446426 991.283127 979.803091 962.145611 984.755047 994.713934 1015.592340 1018.023080 1014.913750 986.834194 956.079820 -9999.0 -9999.0 -9999.0 -9999.0 -9999.0 -9999.0 -9999.0 -9999.0 -9999.0 -9999.0 -9999.0 -9999.0 -9999.0 -9999.0 -9999.0 -9999.0 -9999.0 -9999.0 -9999.0
-9999.0 -9999.0 -9999.0 -9999.0 -9999.0 -9999.0 -9999.0 -9999.0 -9999.0 -9999.0 -9999.0 -9999.0 -9999.0 -9999.0 851.873563 842.946245 841.146576 850.677030 885.480489 916.800272 929.420072 922.885184 924.113005 901.992946 883.256906 899.351899 930.877882 963.602490 998.705758 1019.430582 1009.269979 1009.358197 1022.716905 1052.576626 1069.035638 1068.854303 1050.973957 1075.254473 1090.867137 1098.523047 1096.965626 1087.712170 1099.853526 1115.002222 1108.111566 1091.696276 1098.078547 1110.740217 1122.628230 1107.391326 1040.786879 1017.227923 1009.277592 999.957738 983.836396 975.360186 998.381899 996.308543 986.320247 967.006449 933.242587 888.353949 868.803288 906.378013 949.152863 1005.558734 -9999.0 -9999.0 -9999.0 -9999.0 -9999.0 -9999.0 -9999.0 -9999.0 -9999.0 -9999.0 -9999.0 -9999.0 -9999.0 -9999.0
-9999.0 -9999.0 -9999.0 -9999.0 -9999.0 -9999.0 -9999.0 -9999.0 -9999.0 792.396652 797.404398 805.415006 808.573565 825.101543 823.514062 831.718126 840.020306 868.424636 901.209945 938.178429 968.466460 960.828881 962.849734 975.189557 982.109308 998.192100 1022.687729 1064.181501 1103.657819 1144.157139 1116.635395 1117.772789 1143.766843 1200.904061 1240.485934 1251.053052 1235.455247 1245.195823 1269.608422 1289.657959 1286.879422 1282.854759 1306.203411 1319.116506 1320.252383 1301.951813 1292.428543 1294.856262 1320.231761 1267.083225 1195.729446 1136.260377 1133.952834 1100.842277 1060.882236 1037.871629 1031.031878 1048.002757 1030.514824 991.515302 953.555916 940.731569 921.507093 936.944191 957.659444 1002.632481 1040.387838 1067.701876 1066.159798 1047.866586 -9999.0 -9999.0 -9999.0 -9999.0 -9999.0 -9999.0 -9999.0 -9999.0 -9999.0 -9999.0
-9999.0 -9999.0 -9999.0 -9999.0 -9999.0 -9999.0 712.991396 723.055551 744.005054 749.280911 775.395037 783.673718 805.299543 825.800311 848.839899 867.103456 898.932816 933.912290 977.836887 1024.983390 1060.210996 1057.026857 1069.185824 1103.286503 1149.550994 1188.061374 1218.484185 1259.135936 1332.707007 1372.173031 1379.694101 1388.806835 1409.925093 1478.404627 1552.492412 1571.757902 1555.120777 1542.342907 1560.815782 1592.669207 1594.329805 1592.875598 1601.002027 1609.087134 1634.518203 1628.054954 1594.505264 1584.652048 1583.759737 1565.711594 1496.468475 1415.112202 1370.818523 1317.991983 1233.752313 1174.517330 1172.207654 1183.447342 1150.115832 1093.663658 1049.831914 1035.241400 1016.640624 1000.476842 1004.216049 1021.240397 1041.716928 1051.124284 1036.514335 1014.003891 990.027759 959.941426 960.572971 984.936712 -9999.0 -9999.0 -9999.0 -9999.0 -9999.0 -9999.0
-9999.0 -9999.0 -9999.0 -9999.0 662.474104 676.031854 664.575914 690.420929 723.955044 759.015369 792.022982 830.194555 858.885787 890.981010 934.157148 972.311532 1017.169767 1056.053039 1116.838767 1194.947607 1252.501740 1278.765203 1295.113033 1357.533311 1431.505959 1502.353640 1531.856948 1558.855850 1596.060717 1648.698629 1672.334684 1680.162457 1703.179762 1746.958746 1797.965814 1832.440086 1818.740088 1813.142662 1818.661715 1827.634528 1847.959980 1847.245507 1847.915279 1849.654969 1854.213148 1855.476837 1835.961720 1807.493903 1796.203040 1786.579633 1754.206641 1679.977062 1638.278444 1609.223449 1576.071250 1518.673206 1438.696014 1411.772234 1350.094500 1290.805078 1223.992992 1193.303279 1155.542190 1124.915965 1091.163429 1088.789713 1088.741538 1065.409567 1030.782470 996.270724 979.148378 958.438719 945.848585 974.478144 990.978496 1020.626352 -9999.0 -9999.0 -9999.0 -9999.0
-9999.0 -9999.0 602.113650 651.575026 709.504430 719.704456 721.875619 729.063850 758.656367 812.069234 889.459564 942.270650 986.825959 1023.280631 1088.221361 1176.000601 1252.956793 1305.970460 1375.714010 1465.525960 1537.017193 1571.140607 1586.109785 1623.840864 1681.076971 1748.911833 1778.652006 1803.256315 1828.980336 1856.682067 1866.217308 1880.244201 1890.699271 1896.718290 1903.811010 1905.978217 1903.250493 1900.093404 1883.409339 1879.865018 1885.895029 1890.045050 1891.513934 1878.680609 1875.203996 1889.328700 1894.762692 1896.460512 1898.057812 1905.482654 1907.940881 1867.912757 1830.055041 1815.890855 1806.076366 1760.198767 1692.144238 1649.204020 1627.666754 1586.595744 1505.321963 1437.920512 1376.011006 1319.957362 1259.171886 1220.959653 1169.032184 1121.830991 1071.414576 1021.862053 994.913150 973.678936 968.492510 966.183882 980.623218 994.754088 1009.207540 1016.539628 -9999.0 -9999.0
-9999.0 498.964859 571.909797 699.371589 781.252211 828.771054 864.832120 890.677795 920.271406 947.047776 1054.850940 1150.576872 1243.859003 1283.887121 1343.087322 1457.084314 1556.777841 1604.068412 1645.623769 1708.284972 1769.688657 1814.016773 1838.925709 1850.487017 1885.067763 1900.168273 1905.020985 1908.521454 1903.516481 1894.002252 1883.609269 1889.620511 1887.251860 1870.098280 1854.037025 1849.217331 1843.991829 1822.928021 1798.410893 1786.161706 1789.404759 1811.633347 1800.674264 1781.506133 1778.121256 1798.233961 1816.898842 1810.054271 1800.900600 1820.078783 1854.438646 1874.840943 1885.020893 1900.830369 1920.212583 1893.170862 1863.266810 1823.728543 1807.203875 1781.658644 1726.492736 1663.299866 1607.076581 1542.480744 1462.807174 1383.457591 1312.136181 1241.597392 1168.821553 1122.300573 1084.996570 1028.847718 1002.665473 1000.333415 988.717848 983.997321 988.714665 994.454931 -9999.0 -9999.0
-9999.0 419.407385 562.611412 748.934224 900.802685 966.698592 1079.103058 1161.993222 1190.338487 1164.742401 1276.558100 1506.403398 1609.999626 1628.663677 1701.531318 1792.966169 1816.333196 1848.690060 1871.513391 1882.324882 1889.741710 1897.606297 1894.384112 1888.557329 1875.860651 1870.898917 1872.391034 1871.874384 1856.261911 1836.742421 1816.732657 1811.149225 1793.561447 1750.979634 1714.560245 1689.375795 1670.249586 1652.295319 1623.569512 1600.614338 1588.112293 1604.668700 1598.422031 1582.842698 1579.119537 1599.699073 1630.652347 1627.609173 1638.448715 1665.402494 1711.001969 1751.127547 1772.640921 1801.224309 1836.127537 1876.926588 1890.930159 1912.165899 1917.186362 1899.340767 1858.669615 1810.115902 1779.674563 1722.001251 1650.776321 1572.712739 1502.180865 1424.076127 1344.810342 1289.266634 1229.447445 1159.862577 1095.483487 1063.916381 1020.172761 997.884361 -9999.0 -9999.0 -9999.0 -9999.0
-9999.0 341.761309 530.996247 792.439810 1072.971547 1200.522282 1424.553794 1557.045359 1612.435721 1679.296154 1663.463570 1807.656851 1845.788565 1841.995437 1841.026596 1847.578319 1864.331054 1868.274782 1864.640204 1854.482423 1844.176546 1838.434237 1835.758282 1828.555008 1818.232657 1806.404848 1796.811230 1787.716584 1753.561191 1718.546818 1675.176339 1655.552634 1616.477060 1525.293287 1473.350783 1419.077143 1352.937216 1344.677474 1339.433183 1313.068234 1295.104891 1276.111419 1297.993449 1302.342701 1304.482748 1307.771156 1324.834777 1349.660485 1398.879908 1446.620879 1508.540376 1568.222394 1604.704118 1650.279786 1700.672348 1755.764380 1786.288674 1815.677461 1861.313259 1899.057993 1922.466857 1912.969100 1888.454548 1848.877679 1786.365791 1728.627235 1684.626313 1612.852761 1548.283827 1487.312354 1418.711793 1342.781439 1257.948632 1157.205088 1108.957703 -9999.0 -9999.0 -9999.0 -9999.0 -9999.0
-9999.0 164.532986 433.026807 724.642484 1048.911045 1395.207343 1539.454457 1673.404440 1746.969250 1716.504049 1724.720412 1745.897940 1785.844355 1794.278120 1777.846849 1772.867546 1763.918934 1763.818307 1774.436694 1744.397927 1708.279748 1689.492004 1686.022435 1673.642311 1651.770124 1637.317693 1628.125448 1611.194025 1564.913249 1506.864718 1407.149096 1367.285487 1288.200598 1228.939090 1179.102663 1121.584636 1065.961169 1063.201029 1080.432200 1066.309679 1044.882232 1027.014034 1053.812545 1071.531312 1083.619986 1072.417971 1081.657251 1118.490843 1170.690118 1220.275024 1278.413457 1338.189153 1389.090662 1446.986536 1497.067370 1555.755259 1604.897887 1653.268069 1730.194386 1807.778551 1844.128040 1877.844611 1911.504076 1930.034560 1884.516623 1842.954056 1801.152523 1750.313219 1678.418231 1637.192800 1601.014500 1530.365174 1449.775025 -9999.0 -9999.0 -9999.0 -9999.0 -9999.0 -9999.0 -9999.0
-9999.0 36.912480 257.876230 491.372521 782.167990 1028.612037 1230.589139 1355.986933 1445.603887 1485.773439 1522.939299 1556.532806 1585.880278 1608.334199 1589.643595 1554.972263 1529.105847 1532.404703 1524.467184 1490.582054 1443.505676 1416.506938 1408.573117 1398.722424 1372.651520 1358.122957 1348.317556 1326.793497 1292.773279 1233.506722 1145.656590 1068.718507 1005.079370 970.954336 938.797521 903.134259 865.130634 874.688410 887.763823 884.451252 874.017887 871.156087 900.664313 919.780402 929.976912 918.137793 937.356805 964.697836 1007.662920 1052.801581 1104.715867 1162.102541 1218.318691 1253.142874 1276.147821 1308.637771 1353.776664 1418.187297 1522.446727 1626.048755 1709.976976 1760.216133 1811.048815 1847.215531 1864.296035 1882.005067 1864.411125 1791.839042 1682.640545 1701.973868 1706.743921 -9999.0 -9999.0 -9999.0 -9999.0 -9999.0 -9999.0 -9999.0 -9999.0 -9999.0
-9999.0 -9999.0 23.224681 203.592926 346.733996 530.727618 685.299929 801.311097 893.945209 1008.586620 1114.451964 1197.233713 1240.405144 1257.849365 1244.465014 1211.859748 1190.468336 1189.415322 1176.250620 1158.616628 1128.817735 1113.974282 1099.700261 1089.721099 1078.114028 1072.087303 1067.019581 1055.929082 1033.453133 985.083635 932.675328 878.811053 823.835896 797.318226 774.270961 751.380804 748.755077 745.116866 751.115355 752.760697 759.481999 772.055771 792.486470 814.418369 824.148968 832.557295 845.194112 869.228188 902.995096 945.995456 1000.802442 1059.144919 1099.947378 1114.944118 1109.058130 1117.905422 1142.782315 1192.622063 1285.801790 1383.829073 1499.384929 1580.758176 1658.293243 1719.966541 1743.447147 1764.015488 1784.756171 1718.611311 1359.184216 1624.662428 -9999.0 -9999.0 -9999.0 -9999.0 -9999.0 -9999.0 -9999.0 -9999.0 -9999.0 -9999.0
-9999.0 -9999.0 -9999.0 -9999.0 61.075955 217.820073 315.442783 400.950944 530.708700 650.698960 750.855508 833.047602 892.725233 918.643206 913.007123 915.785693 910.145675 903.800125 892.483068 887.143425 880.979806 870.383956 855.087116 846.581713 846.486064 850.845525 848.507649 835.066541 817.636821 793.137979 770.650524 734.995673 697.910561 668.077279 654.379322 647.853675 647.468644 640.900605 649.915716 657.083702 672.342907 687.782051 711.743652 740.607874 754.048888 768.660107 778.459077 799.227844 829.803807 883.449622 947.099887 1004.948552 1040.877368 1046.096490 1022.542014 1008.728272 1007.532419 1039.156420 1090.505331 1166.441934 1279.488410 1362.861786 1436.212237 1506.499747 1554.337395 1609.359563 1678.899513 1714.278574 -9999.0 -9999.0 -9999.0 -9999.0 -9999.0 -9999.0 -9999.0 -9999.0 -9999.0 -9999.0 -9999.0 -9999.0
-9999.0 -9999.0 -9999.0 -9999.0 -9999.0 -9999.0 15.148532 115.985699 200.030987 335.242960 461.674633 560.954957 639.718500 669.650367 693.488405 718.991695 716.078008 697.425570 677.923116 694.195805 704.673397 697.408087 667.065501 665.620154 669.705847 678.257222 676.464347 670.205799 645.146374 655.190468 654.642685 630.886293 604.352384 589.914021 577.847190 587.328028 587.620678 574.368569 575.617530 602.250315 622.430369 635.785808 657.922022 691.172743 723.426960 738.340963 739.610190 745.847731 786.496550 856.932217 928.426663 983.533288 1015.860914 1024.289811 997.501345 958.205302 938.842362 947.967381 985.971007 1043.493527 1125.889504 1182.630868 1220.945433 1252.269365 1284.446710 1380.540071 -9999.0 -9999.0 -9999.0 -9999.0 -9999.0 -9999.0 -9999.0 -9999.0 -9999.0 -9999.0 -9999.0 -9999.0 -9999.0 -9999.0
-9999.0 -9999.0 -9999.0 -9999.0 -9999.0 -9999.0 -9999.0 -9999.0 -9999.0 -9999.0 -9999.0 -9999.0 -9999.0 -9999.0 -9999.0 -9999.0 -9999.0 -9999.0 -9999.0 -9999.0 -9999.0 -9999.0 -9999.0 -9999.0 -9999.0 -9999.0 -9999.0 -9999.0 -9999.0 -9999.0 -9999.0 -9999.0 -9999.0 -9999.0 -9999.0 -9999.0 -9999.0 -9999.0 -9999.0 -9999.0 -9999.0 -9999.0 -9999.0 -9999.0 -9999.0 -9999.0 -9999.0 -9999.0 -9999.0 -9999.0 -9999.0 -9999.0 -9999.0 -9999.0 -9999.0 -9999.0 -9999.0 -9999.0 -9999.0 -9999.0 -9999.0 -9999.0 -9999.0 -9999.0 -9999.0 -9999.0 -9999.0 -9999.0 -9999.0 -9999.0 -9999.0 -9999.0 -9999.0 -9999.0 -9999.0 -9999.0 -9999.0 -9999.0 -9999.0 -9999.0
-9999.0 -9999.0 -9999.0 -9999.0 -9999.0 -9999.0 -9999.0 -9999.0 -9999.0 -9999.0 -9999.0 -9999.0 -9999.0 -9999.0 -9999.0 -9999.0 -9999.0 -9999.0 -9999.0 -9999.0 -9999.0 -9999.0 -9999.0 -9999.0 -9999.0 -9999.0 -9999.0 -9999.0 -9999.0 -9999.0 -9999.0 -9999.0 -9999.0 -9999.0 -9999.0 -9999.0 -9999.0 -9999.0 -9999.0 -9999.0 -9999.0 -9999.0 -9999.0 -9999.0 -9999.0 -9999.0 -9999.0 -9999.0 -9999.0 -9999.0 -9999.0 -9999.0 -9999.0 -9999.0 -9999.0 -9999.0 -9999.0 -9999.0 -9999.0 -9999.0 -9999.0 -9999.0 -9999.0 -9999.0 -9999.0 -9999.0 -9999.0 -9999.0 -9999.0 -9999.0 -9999.0 -9999.0 -9999.0 -9999.0 -9999.0 -9999.0 -9999.0 -9999.0 -9999.0 -9999.0