Borden_/Borden1m_014/output_maps/psiliqL0017N0034.asc
ncols         80
nrows         18
xllcorner     620200.000000
yllcorner     5168000.000000
cellsize      1.000000
NODATA_value  -9999.0
-9999.0 -9999.0 -9999.0 -9999.0 -9999.0 -9999.0 -9999.0 -9999.0 -9999.0 -9999.0 -9999.0 -9999.0 -9999.0 -9999.0 -9999.0 -9999.0 -9999.0 -9999.0 -9999.0 -9999.0 -9999.0 -9999.0 -9999.0 -9999.0 -9999.0 -9999.0 -9999.0 -9999.0 -9999.0 -9999.0 -9999.0 -9999.0 -9999.0 -9999.0 -9999.0 -9999.0 -9999.0 -9999.0 -9999.0 -9999.0 -9999.0 -9999.0 -9999.0 -9999.0 -9999.0 -9999.0 -9999.0 -9999.0 -9999.0 -9999.0 -9999.0 -9999.0 -9999.0 -9999.0 -9999.0 -9999.0 -9999.0 -9999.0 -9999.0 -9999.0 -9999.0 -9999.0 -9999.0 -9999.0 -9999.0 -9999.0 -9999.0 -9999.0 -9999.0 -9999.0 -9999.0 -9999.0 -9999.0 -9999.0 -9999.0 -9999.0 -9999.0 -9999.0 -9999.0 -9999.0
-9999.0 -9999.0 -9999.0 -9999.0 -9999.0 -9999.0 -9999.0 -9999.0 -9999.0 -9999.0 -9999.0 -9999.0 -9999.0 -9999.0 -9999.0 -9999.0 -9999.0 -9999.0 -9999.0 -9999.0 -9999.0 -9999.0 -9999.0 -9999.0 -9999.0 -9999.0 -9999.0 -9999.0 -9999.0 -9999.0 -9999.0 -9999.0 -9999.0 -9999.0 -9999.0 -9999.0 -9999.0 -9999.0 -9999.0 -9999.0 -9999.0 -9999.0 -9999.0 -9999.0 -9999.0 -9999.0 -9999.0 -9999.0 -9999.0 -9999.0 -9999.0 -9999.0 -9999.0 -9999.0 -9999.0 -9999.0 -9999.0 -9999.0 -9999.0 -9999.0 -9999.0 -9999.0 -9999.0 -9999.0 -9999.0 -9999.0 -9999.0 -9999.0 -9999.0 -9999.0 -9999.0 -9999.0 -9999.0 -9999.0 -9999.0 -9999.0 -9999.0 -9999.0 -9999.0 -9999.0
-9999.0 -9999.0 -9999.0 -9999.0 -9999.0 -9999.0 -9999.0 -9999.0 -9999.0 -9999.0 -9999.0 -9999.0 -9999.0 -9999.0 -9999.0 -9999.0 -9999.0 -9999.0 -9999.0 -9999.0 1553.018585 1555.793703 1534.878584 1502.453277 1476.002488 1479.839442 1515.826390 1558.829935 1599.384299 1610.621503 1594.256771 1598.715820 1595.619321 1594.779771 1597.786331 1605.947337 1611.957192 1623.940467 1633.358339 1634.013439 1629.133583 1625.298952 1626.942641 1629.802546 1634.996962 1622.250681 1635.248289 1648.830733 1651.746170 1644.780206 1616.041649 1598.864662 1587.548571 1569.478286 1592.040603 1601.509511 1622.146233 1624.345635 1620.812280 1592.522981 1561.596135 -9999.0 -9999.0 -9999.0 -9999.0 -9999.0 -9999.0 -9999.0 -9999.0 -9999.0 -9999.0 -9999.0 -9999.0 -9999.0 -9999.0 -9999.0 -9999.0 -9999.0 -9999.0 -9999.0
-9999.0 -9999.0 -9999.0 -9999.0 -9999.0 -9999.0 -9999.0 -9999.0 -9999.0 -9999.0 -9999.0 -9999.0 -9999.0 -9999.0 1458.866327 1450.486410 1449.134231 1458.814291 1493.558202 1524.878821 1537.155341 1530.811963 1532.246972 1510.001868 1490.611010 1506.169071 1537.890956 1571.354389 1607.745479 1629.299881 1620.010282 1619.437282 1629.907376 1654.952399 1667.581515 1665.702158 1647.744321 1672.748019 1689.417353 1698.633602 1699.519538 1692.198610 1704.760020 1720.081119 1712.680813 1695.051427 1700.237846 1710.995358 1720.495818 1705.685343 1640.866716 1620.733515 1613.905531 1605.175932 1588.828105 1580.730699 1604.554743 1602.276647 1592.260906 1572.757557 1538.577573 1493.351990 1473.348631 1510.841997 1552.976401 1608.632959 -9999.0 -9999.0 -9999.0 -9999.0 -9999.0 -9999.0 -9999.0 -9999.0 -9999.0 -9999.0 -9999.0 -9999.0 -9999.0 -9999.0
-9999.0 -9999.0 -9999.0 -9999.0 -9999.0 -9999.0 -9999.0 -9999.0 -9999.0 1397.002728 1402.861397 1411.519036 1415.533417 1432.607971 1431.085740 1439.690281 1447.767818 1476.644394 1509.055099 1545.354745 1575.102827 1567.850050 1569.761069 1580.171397 1583.344118 1596.451341 1620.198429 1662.353469 1702.277341 1743.962313 1716.346822 1715.288594 1735.439949 1781.924788 1812.993978 1819.407336 1802.317781 1814.462983 1840.942195 1863.513704 1864.525403 1862.975168 1888.643433 1902.808870 1901.490527 1880.054568 1868.834937 1868.745124 1892.334658 1838.938024 1770.658812 1720.948065 1725.193915 1694.972884 1657.664595 1637.140014 1632.635608 1650.610929 1633.982711 1595.262026 1557.669154 1544.534017 1525.213092 1541.146508 1561.490547 1605.687505 1642.807293 1669.520663 1667.174427 1648.466381 -9999.0 -9999.0 -9999.0 -9999.0 -9999.0 -9999.0 -9999.0 -9999.0 -9999.0 -9999.0
-9999.0 -9999.0 -9999.0 -9999.0 -9999.0 -9999.0 1315.924221 1326.741306 1348.541249 1354.021959 1381.251419 1389.955328 1412.172634 1433.017931 1456.663761 1474.449822 1505.562258 1540.001449 1581.853829 1625.887957 1659.342256 1655.088914 1666.788116 1696.547173 1734.447074 1763.119850 1790.063719 1832.076298 1909.383140 1952.145696 1957.861193 1963.304870 1973.718397 2023.164416 2087.055543 2101.085223 2081.833237 2069.138529 2091.857588 2130.264305 2136.520655 2139.108026 2151.482498 2161.505835 2186.836931 2175.727510 2134.846808 2120.446639 2118.203609 2098.351725 2033.687376 1969.893592 1937.290686 1886.183783 1801.700831 1747.575350 1755.448448 1773.060925 1742.874451 1687.277576 1645.347424 1632.979928 1615.977878 1601.364271 1606.242880 1623.370811 1643.135573 1652.108339 1636.841688 1613.713684 1589.430287 1559.386046 1560.302963 1584.718510 -9999.0 -9999.0 -9999.0 -9999.0 -9999.0 -9999.0
-9999.0 -9999.0 -9999.0 -9999.0 1264.308962 1278.246859 1266.804139 1293.784767 1328.179733 1364.235941 1397.318870 1435.446904 1464.425795 1496.586064 1538.007440 1572.363415 1614.853262 1651.779423 1707.380614 1776.637666 1829.056254 1853.366290 1869.740446 1928.091667 1989.594363 2042.425464 2064.929856 2094.278365 2140.589701 2201.686581 2229.291081 2236.206822 2254.066546 2290.977925 2339.888470 2373.955113 2357.941185 2350.916886 2359.122208 2372.915223 2397.980956 2400.595457 2403.203718 2406.143814 2410.817561 2408.585344 2382.235278 2347.068716 2331.051077 2319.993634 2287.266420 2216.381666 2176.810647 2145.064713 2107.485929 2053.222612 1990.887737 1976.641079 1918.123518 1858.829540 1796.278896 1774.237389 1742.606415 1715.789684 1685.696513 1685.685596 1686.730245 1663.541392 1628.390714 1593.945188 1577.190302 1557.038705 1544.729674 1573.992376 1590.768738 1620.318498 -9999.0 -9999.0 -9999.0 -9999.0
-9999.0 -9999.0 1203.088079 1251.823870 1310.113302 1319.984387 1320.886431 1328.455556 1359.088936 1413.386580 1488.811522 1539.064594 1581.513403 1617.863312 1678.913466 1757.216624 1829.482762 1879.338968 1941.236656 2013.119945 2076.800543 2111.115961 2129.012655 2169.443351 2224.552129 2288.660055 2316.842186 2344.606855 2377.966421 2413.580552 2421.865841 2435.617176 2444.778290 2449.399243 2456.597911 2459.159913 2454.369393 2449.020077 2430.866207 2427.481373 2435.359224 2442.226552 2443.647833 2430.174486 2426.069766 2439.391151 2442.946944 2440.759871 2438.865355 2445.083813 2446.355460 2404.836068 2370.706295 2354.033009 2341.369082 2295.104697 2228.743528 2187.385330 2163.101631 2118.095730 2039.172980 1987.993730 1937.113285 1888.530105 1835.482202 1804.027714 1755.756373 1710.828321 1661.789972 1613.454584 1588.355102 1569.366758 1565.956682 1564.773500 1580.189392 1594.679455 1609.389309 1616.830085 -9999.0 -9999.0
-9999.0 1097.970125 1170.559897 1296.768030 1377.898311 1422.925134 1452.298913 1474.117676 1505.372057 1536.164067 1639.896852 1723.337235 1815.312322 1855.647154 1906.986725 2005.118966 2101.398618 2149.423744 2189.649721 2248.759142 2311.366990 2361.003548 2390.938601 2396.964290 2432.867710 2450.056699 2454.649851 2459.262986 2456.932320 2449.478677 2441.333917 2447.391277 2443.063858 2423.123439 2406.036288 2402.088759 2395.864041 2370.747840 2341.393537 2326.178930 2328.607798 2352.732005 2340.317293 2319.528800 2315.712993 2337.128944 2357.389284 2348.477495 2336.673253 2355.516838 2390.870550 2414.113152 2422.960447 2440.103887 2460.689653 2434.043778 2406.326693 2363.080625 2341.951863 2311.646049 2251.701351 2189.606207 2133.546079 2071.775588 2004.434002 1936.424666 1871.808080 1808.160164 1740.345340 1697.745999 1665.855942 1615.893211 1595.423627 1596.874679 1587.551974 1583.777910 1588.865239 1594.735190 -9999.0 -9999.0
-9999.0 1014.150123 1156.253722 1340.251779 1489.131514 1546.316975 1642.088278 1719.253740 1747.974235 1718.001192 1826.924257 2047.017003 2156.120099 2176.654113 2251.209867 2342.965925 2356.909425 2390.707710 2414.348514 2428.650075 2440.462499 2452.504737 2452.155398 2447.694456 2433.422702 2425.688430 2424.019365 2420.510217 2401.937080 2381.541919 2362.755088 2357.296937 2336.629116 2289.658845 2254.834128 2235.858350 2217.761984 2198.143673 2166.065748 2139.055171 2123.455546 2138.179804 2132.731813 2116.472393 2112.747442 2134.597420 2166.670120 2163.809336 2173.864846 2196.432192 2236.637362 2277.297447 2300.910716 2332.400745 2370.729991 2416.708416 2431.497347 2453.378179 2457.083642 2439.060069 2392.937419 2338.002593 2301.419985 2236.359632 2161.629591 2080.847702 2013.384644 1948.507023 1877.525626 1831.054101 1784.768237 1728.301395 1676.411275 1655.883359 1616.551626 1597.042754 -9999.0 -9999.0 -9999.0 -9999.0
-9999.0 930.247365 1116.770174 1371.648761 1652.628627 1757.060951 1962.005659 2089.888991 2146.498060 2217.450295 2178.526958 2340.474230 2385.349089 2383.696826 2387.988503 2393.865575 2410.782159 2414.785368 2411.931062 2402.493009 2393.989890 2390.415306 2389.400984 2381.964291 2369.390282 2353.703349 2338.851386 2324.446806 2284.991652 2250.120567 2211.747475 2195.666219 2154.109888 2060.734257 2016.951609 1978.942515 1920.483514 1915.102843 1911.142596 1883.260606 1863.742361 1841.592355 1864.989577 1871.028424 1874.064234 1876.067938 1891.925981 1917.566971 1963.710407 2001.129195 2046.076727 2099.297037 2135.381184 2179.783204 2226.301617 2283.072598 2317.369813 2349.538944 2398.759810 2438.034487 2460.938811 2447.748496 2419.386457 2369.091192 2293.734114 2223.409523 2169.328934 2091.869665 2025.403351 1972.261657 1927.152494 1878.336265 1815.980340 1742.625704 1701.983594 -9999.0 -9999.0 -9999.0 -9999.0 -9999.0
-9999.0 741.495212 1008.470634 1292.143100 1598.587534 1930.027048 2072.530378 2195.648157 2268.297816 2241.110600 2253.851994 2274.498678 2318.698529 2329.363888 2311.092519 2302.629927 2291.022708 2291.453868 2304.625692 2278.279653 2248.693382 2235.187960 2234.666016 2222.774305 2198.971940 2181.674872 2169.055057 2147.344468 2098.215149 2045.614561 1962.131564 1929.735550 1852.316181 1798.678716 1754.678925 1704.558122 1654.110885 1653.363273 1671.406957 1657.413233 1635.349163 1617.148272 1644.327468 1663.041124 1675.813146 1663.977006 1673.187761 1709.494418 1759.444641 1804.261590 1854.716462 1909.945947 1956.945349 2004.779171 2036.875139 2087.298664 2136.396167 2184.045881 2258.496226 2338.388573 2376.633376 2411.156802 2441.261020 2453.762371 2397.065176 2342.444330 2283.607313 2215.858888 2132.946148 2084.782609 2060.148357 2021.291441 1968.034962 -9999.0 -9999.0 -9999.0 -9999.0 -9999.0 -9999.0 -9999.0
-9999.0 618.085483 831.723278 1053.721117 1331.569178 1568.508988 1769.578982 1875.916766 1955.360114 2000.029875 2040.828054 2078.146829 2110.571719 2135.151241 2115.286749 2075.581714 2046.885861 2051.318415 2046.122072 2022.505595 1992.936819 1977.922121 1974.928216 1967.905748 1943.661249 1929.263593 1918.183650 1894.926215 1861.648881 1805.357580 1726.298253 1652.750790 1592.337070 1561.845463 1532.527993 1500.105663 1465.481642 1475.548902 1487.650418 1484.543000 1474.616852 1472.186276 1501.321717 1520.599659 1530.874554 1519.820090 1539.368894 1566.147141 1607.926194 1651.713443 1701.568269 1757.406874 1811.877277 1841.513418 1855.539272 1880.860735 1920.410628 1974.451750 2060.568600 2155.283589 2233.652513 2282.107703 2332.015207 2364.051398 2373.948556 2377.734628 2346.009280 2260.917879 2154.079811 2137.732217 2135.546588 -9999.0 -9999.0 -9999.0 -9999.0 -9999.0 -9999.0 -9999.0 -9999.0 -9999.0
-9999.0 -9999.0 599.980250 772.890749 903.770737 1080.848606 1230.340690 1340.796975 1432.754436 1551.808364 1660.722367 1747.348814 1793.173920 1811.573726 1798.323491 1766.459644 1745.944039 1745.784931 1735.163183 1724.664946 1705.011684 1696.951194 1685.243044 1676.700819 1667.073588 1661.648590 1655.968823 1644.174307 1621.963920 1575.064588 1527.353573 1476.359740 1423.464961 1397.836694 1375.825286 1354.399800 1353.343586 1348.966983 1354.323857 1355.885850 1363.046367 1375.820957 1395.855186 1418.046717 1427.986754 1437.258805 1449.942499 1473.918467 1507.298445 1550.146665 1604.792192 1663.366115 1704.084238 1717.672134 1708.745649 1714.318521 1734.898257 1777.554091 1857.763075 1941.083342 2036.218980 2106.767512 2176.652551 2226.485822 2239.204860 2249.156660 2256.969475 2199.832420 2044.309861 2085.042349 -9999.0 -9999.0 -9999.0 -9999.0 -9999.0 -9999.0 -9999.0 -9999.0 -9999.0 -9999.0
-9999.0 -9999.0 -9999.0 -9999.0 632.442018 786.332765 883.814731 967.139771 1096.988113 1218.709285 1319.845687 1403.823680 1466.819994 1493.685841 1490.269911 1496.806798 1492.593562 1486.117454 1476.135941 1475.361629 1474.439547 1466.813126 1452.124444 1444.574349 1445.384359 1450.117628 1447.127099 1432.986102 1414.621154 1392.311988 1372.149609 1337.720906 1301.763922 1272.364750 1258.955931 1253.197643 1252.760440 1245.604890 1254.166298 1261.560873 1276.794325 1292.000856 1315.749185 1344.839762 1358.778778 1373.705747 1383.596511 1404.274806 1434.992548 1488.787954 1552.749547 1611.268637 1647.981910 1653.195352 1629.423943 1614.699150 1611.685327 1640.219575 1685.441881 1752.589243 1853.969389 1926.358711 1981.934910 2024.333550 2053.466836 2094.185661 2136.459459 2163.754261 -9999.0 -9999.0 -9999.0 -9999.0 -9999.0 -9999.0 -9999.0 -9999.0 -9999.0 -9999.0 -9999.0 -9999.0
-9999.0 -9999.0 -9999.0 -9999.0 -9999.0 -9999.0 593.752519 695.728698 775.213045 914.673164 1046.019652 1147.708935 1228.270966 1260.428709 1287.353374 1314.344107 1312.671870 1294.173999 1274.871736 1293.571777 1307.463473 1301.357781 1271.091023 1270.609413 1275.314226 1283.242042 1280.691672 1273.941356 1248.505064 1259.885764 1260.389463 1236.813961 1210.518559 1196.457963 1184.390625 1193.818229 1193.882776 1180.125219 1180.532598 1207.333351 1227.607026 1240.722615 1262.492554 1295.732470 1328.164154 1343.527547 1345.052476 1351.323366 1391.443844 1461.964628 1534.098391 1590.118197 1623.276060 1632.056541 1605.647121 1566.331337 1546.695897 1554.535171 1589.957615 1642.961796 1718.829341 1767.578210 1792.267222 1803.994483 1820.091901 1908.398438 -9999.0 -9999.0 -9999.0 -9999.0 -9999.0 -9999.0 -9999.0 -9999.0 -9999.0 -9999.0 -9999.0 -9999.0 -9999.0 -9999.0
-9999.0 -9999.0 -9999.0 -9999.0 -9999.0 -9999.0 -9999.0 -9999.0 -9999.0 -9999.0 -9999.0 -9999.0 -9999.0 -9999.0 -9999.0 -9999.0 -9999.0 -9999.0 -9999.0 -9999.0 -9999.0 -9999.0 -9999.0 -9999.0 -9999.0 -9999.0 -9999.0 -9999.0 -9999.0 -9999.0 -9999.0 -9999.0 -9999.0 -9999.0 -9999.0 -9999.0 -9999.0 -9999.0 -9999.0 -9999.0 -9999.0 -9999.0 -9999.0 -9999.0 -9999.0 -9999.0 -9999.0 -9999.0 -9999.0 -9999.0 -9999.0 -9999.0 -9999.0 -9999.0 -9999.0 -9999.0 -9999.0 -9999.0 -9999.0 -9999.0 -9999.0 -9999.0 -9999.0 -9999.0 -9999.0 -9999.0 -9999.0 -9999.0 -9999.0 -9999.0 -9999.0 -9999.0 -9999.0 -9999.0 -9999.0 -9999.0 -9999.0 -9999.0 -9999.0 -9999.0
-9999.0 -9999.0 -9999.0 -9999.0 -9999.0 -9999.0 -9999.0 -9999.0 -9999.0 -9999.0 -9999.0 -9999.0 -9999.0 -9999.0 -9999.0 -9999.0 -9999.0 -9999.0 -9999.0 -9999.0 -9999.0 -9999.0 -9999.0 -9999.0 -9999.0 -9999.0 -9999.0 -9999.0 -9999.0 -9999.0 -9999.0 -9999.0 -9999.0 -9999.0 -9999.0 -9999.0 -9999.0 -9999.0 -9999.0 -9999.0 -9999.0 -9999.0 -9999.0 -9999.0 -9999.0 -9999.0 -9999.0 -9999.0 -9999.0 -9999.0 -9999.0 -9999.0 -9999.0 -9999.0 -9999.0 -9999.0 -9999.0 -9999.0 -9999.0 -9999.0 -9999.0 -9999.0 -9999.0 -9999.0 -9999.0 -9999.0 -9999.0 -9999.0 -9999.0 -9999.0 -9999.0 -9999.0 -9999.0 -9999.0 -9999.0 -9999.0 -9999.0 -9999.0 -9999.0 -9999.0