Borden_/Borden1m_014/output_maps/psiliqL0022N0011.asc
ncols         80
nrows         18
xllcorner     620200.000000
yllcorner     5168000.000000
cellsize      1.000000
NODATA_value  -9999.0
-9999.0 -9999.0 -9999.0 -9999.0 -9999.0 -9999.0 -9999.0 -9999.0 -9999.0 -9999.0 -9999.0 -9999.0 -9999.0 -9999.0 -9999.0 -9999.0 -9999.0 -9999.0 -9999.0 -9999.0 -9999.0 -9999.0 -9999.0 -9999.0 -9999.0 -9999.0 -9999.0 -9999.0 -9999.0 -9999.0 -9999.0 -9999.0 -9999.0 -9999.0 -9999.0 -9999.0 -9999.0 -9999.0 -9999.0 -9999.0 -9999.0 -9999.0 -9999.0 -9999.0 -9999.0 -9999.0 -9999.0 -9999.0 -9999.0 -9999.0 -9999.0 -9999.0 -9999.0 -9999.0 -9999.0 -9999.0 -9999.0 -9999.0 -9999.0 -9999.0 -9999.0 -9999.0 -9999.0 -9999.0 -9999.0 -9999.0 -9999.0 -9999.0 -9999.0 -9999.0 -9999.0 -9999.0 -9999.0 -9999.0 -9999.0 -9999.0 -9999.0 -9999.0 -9999.0 -9999.0
-9999.0 -9999.0 -9999.0 -9999.0 -9999.0 -9999.0 -9999.0 -9999.0 -9999.0 -9999.0 -9999.0 -9999.0 -9999.0 -9999.0 -9999.0 -9999.0 -9999.0 -9999.0 -9999.0 -9999.0 -9999.0 -9999.0 -9999.0 -9999.0 -9999.0 -9999.0 -9999.0 -9999.0 -9999.0 -9999.0 -9999.0 -9999.0 -9999.0 -9999.0 -9999.0 -9999.0 -9999.0 -9999.0 -9999.0 -9999.0 -9999.0 -9999.0 -9999.0 -9999.0 -9999.0 -9999.0 -9999.0 -9999.0 -9999.0 -9999.0 -9999.0 -9999.0 -9999.0 -9999.0 -9999.0 -9999.0 -9999.0 -9999.0 -9999.0 -9999.0 -9999.0 -9999.0 -9999.0 -9999.0 -9999.0 -9999.0 -9999.0 -9999.0 -9999.0 -9999.0 -9999.0 -9999.0 -9999.0 -9999.0 -9999.0 -9999.0 -9999.0 -9999.0 -9999.0 -9999.0
-9999.0 -9999.0 -9999.0 -9999.0 -9999.0 -9999.0 -9999.0 -9999.0 -9999.0 -9999.0 -9999.0 -9999.0 -9999.0 -9999.0 -9999.0 -9999.0 -9999.0 -9999.0 -9999.0 -9999.0 2553.489251 2555.950135 2535.671260 2503.691280 2477.895477 2482.318757 2517.993081 2560.464269 2600.580909 2610.289075 2593.447222 2599.230494 2597.767495 2597.535077 2602.268601 2613.336251 2622.629991 2634.090188 2642.459987 2641.210465 2634.332964 2629.093780 2630.546177 2632.275863 2638.044263 2624.680255 2639.844323 2654.958902 2658.034938 2651.613951 2623.270101 2606.239041 2593.883744 2574.712416 2597.354709 2606.177475 2625.316168 2626.627916 2622.344998 2594.247352 2563.333748 -9999.0 -9999.0 -9999.0 -9999.0 -9999.0 -9999.0 -9999.0 -9999.0 -9999.0 -9999.0 -9999.0 -9999.0 -9999.0 -9999.0 -9999.0 -9999.0 -9999.0 -9999.0 -9999.0
-9999.0 -9999.0 -9999.0 -9999.0 -9999.0 -9999.0 -9999.0 -9999.0 -9999.0 -9999.0 -9999.0 -9999.0 -9999.0 -9999.0 2457.978541 2450.083005 2448.981239 2458.646833 2493.488385 2525.382765 2537.621089 2531.767037 2533.494170 2511.480883 2492.219863 2508.295174 2540.309235 2572.121811 2606.744009 2626.146139 2616.772480 2616.854160 2628.095671 2655.056354 2669.526378 2670.350341 2654.560241 2681.551068 2696.683672 2702.593517 2700.812956 2690.892471 2699.971026 2713.881217 2706.689366 2691.158662 2700.886537 2714.530691 2724.022970 2710.778286 2645.162780 2626.028447 2617.910669 2609.341048 2592.753104 2585.555419 2609.806074 2605.417445 2594.940732 2575.585690 2541.110062 2495.554726 2474.851041 2512.569338 2554.221502 2608.607937 -9999.0 -9999.0 -9999.0 -9999.0 -9999.0 -9999.0 -9999.0 -9999.0 -9999.0 -9999.0 -9999.0 -9999.0 -9999.0 -9999.0
-9999.0 -9999.0 -9999.0 -9999.0 -9999.0 -9999.0 -9999.0 -9999.0 -9999.0 2397.224669 2403.485312 2411.905897 2415.981358 2432.785565 2430.609510 2439.260686 2446.437781 2475.993396 2508.389578 2544.854413 2574.140600 2568.241550 2569.273049 2577.874081 2579.002096 2592.393281 2616.718213 2658.346110 2690.765001 2728.186179 2697.763853 2696.612706 2719.280992 2768.666836 2801.206115 2809.880204 2795.355392 2812.113618 2837.064992 2854.540978 2851.235889 2845.228281 2867.667778 2881.392126 2877.401720 2857.362762 2855.741867 2861.461469 2888.004826 2833.689615 2762.047415 2713.224925 2719.619557 2693.415717 2660.214418 2640.444587 2635.968330 2652.814976 2636.318914 2597.502118 2561.528553 2547.401107 2527.296675 2543.966153 2564.168028 2607.340263 2644.847431 2671.728595 2668.948355 2650.090341 -9999.0 -9999.0 -9999.0 -9999.0 -9999.0 -9999.0 -9999.0 -9999.0 -9999.0 -9999.0
-9999.0 -9999.0 -9999.0 -9999.0 -9999.0 -9999.0 2316.971619 2328.401178 2350.539093 2354.895991 2382.551345 2390.087845 2411.704905 2431.774011 2455.567937 2472.196970 2501.805405 2535.715058 2575.754232 2618.860031 2653.675814 2647.025313 2658.982944 2683.750527 2719.822849 2748.567770 2777.307145 2818.491566 2793.281644 2829.389868 2825.600685 2827.181829 2835.708941 2885.396844 2949.226375 2961.356077 2941.194613 2927.847919 2950.115470 2986.494314 2986.326366 2985.431930 2984.971775 2995.047052 3021.596108 3011.919756 2988.251544 2980.705802 2984.951261 2964.568662 2898.746531 2840.522435 2818.719787 2873.212893 2788.694250 2736.843793 2748.526785 2767.396068 2738.848905 2686.161121 2644.949319 2633.173234 2615.990211 2602.542119 2609.189217 2627.059087 2646.578649 2655.883781 2640.386045 2616.786371 2592.856676 2562.433265 2562.856668 2586.567583 -9999.0 -9999.0 -9999.0 -9999.0 -9999.0 -9999.0
-9999.0 -9999.0 -9999.0 -9999.0 2265.420965 2279.840675 2267.676557 2295.624438 2330.128754 2366.141337 2397.183914 2433.642230 2461.159071 2492.062348 2530.081209 2559.689882 2598.928510 2634.262168 2689.052229 2759.001521 2812.362128 2834.435001 2849.413832 2803.684195 2859.940551 2908.018871 2926.967271 2952.471677 2983.711159 3039.189016 3061.766053 3065.208844 3081.994471 3122.367711 3175.354915 3208.738777 3191.626606 3183.167454 3191.799492 3204.833004 3226.939381 3227.057615 3228.087600 3231.523655 3238.223423 3237.102493 3212.019449 3179.290331 3167.405955 3157.984390 3123.379681 3053.515146 3021.945359 2995.028890 2968.851782 2916.284292 2864.323863 2861.128019 2807.810553 2850.217212 2790.611502 2770.704237 2739.655031 2713.958259 2687.939802 2690.115537 2692.777494 2670.337048 2634.624389 2599.670617 2582.722856 2561.644080 2547.729472 2576.290295 2592.006102 2620.494180 -9999.0 -9999.0 -9999.0 -9999.0
-9999.0 -9999.0 2203.109819 2251.003091 2310.287996 2320.125518 2319.035353 2326.186532 2356.687324 2410.443714 2481.485366 2525.811255 2562.708737 2598.242614 2658.771788 2730.258950 2799.498392 2847.488156 2816.167219 2884.024879 2943.038398 2970.761281 2980.906191 3003.585741 3056.281548 3121.772292 3148.483738 3173.878577 3203.122377 3237.461583 3235.192600 3246.784677 3257.926163 3267.598256 3279.705729 3285.299232 3280.969120 3276.486925 3258.248478 3253.579201 3260.165358 3267.170484 3266.929489 3252.668162 3248.725914 3263.292654 3268.822458 3267.211428 3265.239257 3270.781288 3268.808743 3223.746384 3200.348825 3186.053177 3176.798570 3132.121685 3067.424764 3033.878362 3014.208593 2987.000981 2913.988709 2873.429230 2832.307370 2795.857393 2836.206233 2808.448061 2762.525170 2720.499950 2672.212937 2623.165031 2596.058633 2576.001172 2571.025770 2567.667743 2582.323313 2595.556365 2609.655366 2616.808729 -9999.0 -9999.0
-9999.0 2094.597837 2166.941546 2292.143041 2373.913035 2418.565149 2440.380120 2454.932706 2486.447587 2522.661793 2619.203620 2687.514195 2776.818507 2819.612859 2869.668589 2866.252621 2957.423305 2988.714286 3024.827108 3084.239217 3146.520758 3191.220381 3216.702830 3205.070228 3241.776262 3265.406226 3271.518355 3277.058224 3275.562894 3267.202107 3260.090358 3266.992791 3264.342239 3245.796360 3230.323559 3228.804413 3225.544706 3202.789399 3176.547674 3161.728070 3163.794515 3187.187686 3175.384115 3154.331439 3150.031956 3171.225483 3190.701432 3180.385857 3168.304251 3183.816796 3217.585560 3240.743705 3244.550013 3262.330941 3283.268997 3255.423786 3232.092677 3189.979527 3174.518671 3149.610713 3094.483320 3039.920505 2992.724882 2954.818543 2901.016231 2849.426759 2800.465828 2820.351699 2754.521559 2710.663127 2677.093883 2624.350787 2601.517787 2600.941116 2590.054088 2585.468638 2589.311356 2594.765312 -9999.0 -9999.0
-9999.0 2003.664618 2144.696246 2327.144492 2477.106642 2531.169445 2613.323205 2685.312272 2710.794951 2670.464799 2781.406423 2909.147472 3010.779410 3025.126159 3096.467796 3185.028885 3177.613223 3207.227229 3228.704636 3248.295159 3264.165625 3276.301521 3274.016748 3268.224781 3252.186115 3244.285763 3243.530271 3241.577743 3224.708370 3206.227787 3189.782593 3187.138923 3170.991087 3124.449021 3092.298651 3076.045307 3059.487725 3045.333795 3017.366668 2992.441444 2989.650138 2989.760794 2986.280854 2983.967301 2979.585311 2986.161790 3016.802397 3012.990522 3022.376823 3041.463898 3076.677481 3113.366529 3132.212311 3160.560057 3194.605486 3240.289398 3250.767492 3272.731158 3276.232732 3263.293472 3218.599359 3169.398504 3140.614728 3086.526114 3027.224382 2976.537942 2926.874000 2880.980444 2825.181096 2789.483973 2803.170004 2738.190097 2682.254418 2660.302505 2618.695948 2599.226279 -9999.0 -9999.0 -9999.0 -9999.0
-9999.0 1909.249438 2092.426280 2340.278201 2635.645553 2730.486280 2886.000534 2993.275453 3032.612598 3096.322961 3006.627220 3187.218753 3231.806278 3224.698699 3232.822527 3234.759678 3248.117449 3247.942288 3242.904805 3232.226833 3223.104153 3218.892108 3217.684516 3209.861556 3197.445171 3183.070355 3172.346753 3161.445875 3126.006732 3095.051869 3058.326925 3046.544226 3005.989356 2927.211416 2887.921275 2851.230864 2793.320933 2794.179756 2798.467061 2870.036673 2853.228226 2825.895295 2853.554229 2865.735446 2869.763170 2865.428080 2877.454497 2803.799299 2848.721937 2882.289048 2921.437922 2968.764057 2986.812010 3025.216219 3065.217979 3116.645273 3146.623756 3174.914802 3220.978350 3257.510738 3279.806825 3266.996924 3246.643916 3204.244971 3145.868129 3097.150922 3069.200075 3020.191503 2984.452776 2939.662004 2892.690982 2839.233033 2822.244908 2747.003512 2703.438320 -9999.0 -9999.0 -9999.0 -9999.0 -9999.0
-9999.0 1700.785226 1966.665100 2242.189747 2535.148221 2841.152996 2988.494841 3086.388498 3146.537148 3120.670180 3135.714490 3144.247145 3179.672183 3185.606475 3164.709439 3152.061725 3136.061849 3134.972931 3147.893177 3121.361969 3092.170126 3079.410132 3080.183616 3069.463898 3046.349380 3031.446314 3022.084219 3004.787346 2973.477010 2924.298867 2842.495584 2811.316014 2826.481045 2778.899418 2734.156235 2681.175001 2629.672449 2631.955628 2655.609362 2646.291132 2626.085075 2608.916386 2637.952949 2660.548695 2674.058742 2659.388204 2667.026524 2700.769445 2750.651040 2796.783571 2848.126077 2807.432388 2848.103120 2888.334417 2911.666391 2953.268570 2982.911188 3023.556514 3092.136321 3167.608080 3200.727516 3234.070147 3264.336296 3285.587913 3243.605845 3216.116821 3193.375511 3171.581845 3126.584214 3081.970576 3041.517618 2979.036800 2923.583630 -9999.0 -9999.0 -9999.0 -9999.0 -9999.0 -9999.0 -9999.0
-9999.0 1583.765461 1786.135407 1991.769552 2256.422608 2495.918446 2719.729084 2827.146622 2828.119828 2885.582026 2932.120845 2967.485729 2983.680095 3004.316905 2981.541677 2948.513103 2917.277897 2921.588601 2914.171352 2892.354963 2864.524136 2851.410157 2849.284002 2844.304227 2822.759365 2811.896876 2804.979481 2879.693684 2851.565327 2793.488926 2712.708004 2632.063828 2573.589742 2546.585134 2518.045357 2486.403619 2455.783148 2467.068270 2478.711698 2479.117761 2471.988041 2471.513883 2500.731135 2519.583218 2529.424017 2518.619153 2537.674328 2562.888207 2603.220424 2648.389509 2698.648547 2753.051444 2808.034601 2837.395052 2850.993009 2874.930659 2804.113047 2848.463232 2925.558193 2998.611013 3072.412843 3116.279826 3165.758528 3203.378209 3229.776857 3257.694264 3277.670913 3268.881273 3244.457086 3212.077600 3155.770835 -9999.0 -9999.0 -9999.0 -9999.0 -9999.0 -9999.0 -9999.0 -9999.0 -9999.0
-9999.0 -9999.0 1557.819243 1719.467221 1831.862027 2002.277394 2150.529085 2263.581866 2366.972206 2507.774109 2630.582082 2727.326441 2773.971798 2792.412921 2780.955654 2754.585719 2735.942463 2733.201951 2717.491353 2703.770326 2681.921658 2671.395738 2655.581931 2646.674088 2640.035777 2637.570596 2634.343503 2626.580405 2607.073644 2561.219804 2516.764145 2467.379242 2415.354597 2390.139051 2368.631743 2348.466213 2349.717859 2344.671110 2350.058303 2352.893964 2361.961499 2375.901160 2395.756775 2418.673604 2428.637644 2438.662285 2450.616989 2473.796997 2506.142983 2548.193441 2602.711592 2662.702077 2704.062725 2717.816883 2708.562293 2713.350158 2730.717090 2772.664854 2851.090633 2817.787197 2905.833334 2970.475103 3024.245091 3078.611723 3104.269681 3140.523508 3207.526017 3255.341318 3294.677333 3272.464440 -9999.0 -9999.0 -9999.0 -9999.0 -9999.0 -9999.0 -9999.0 -9999.0 -9999.0 -9999.0
-9999.0 -9999.0 -9999.0 -9999.0 1580.318094 1731.021842 1829.832826 1912.989115 2048.455600 2179.357735 2287.352882 2375.440011 2443.620425 2472.309349 2473.098243 2486.692467 2484.044968 2474.132616 2460.609175 2459.589769 2458.779902 2449.534515 2432.391535 2425.159849 2427.826486 2434.780697 2432.989641 2420.120393 2401.866953 2383.571469 2366.459969 2333.169993 2298.690203 2269.646703 2256.437938 2251.818939 2251.488904 2243.884162 2252.479992 2261.126650 2277.099502 2292.491743 2316.185170 2345.480597 2359.961593 2374.902840 2384.261725 2404.027576 2434.512048 2488.033743 2552.036894 2610.517273 2648.687624 2654.316755 2631.372941 2616.452679 2612.631343 2640.233397 2684.832960 2749.065901 2852.211360 2808.972042 2856.451198 2897.397759 2934.204902 2984.264413 3074.906704 3154.013520 -9999.0 -9999.0 -9999.0 -9999.0 -9999.0 -9999.0 -9999.0 -9999.0 -9999.0 -9999.0 -9999.0 -9999.0
-9999.0 -9999.0 -9999.0 -9999.0 -9999.0 -9999.0 1552.087812 1657.700701 1731.852678 1882.178388 2024.688535 2132.260903 2216.237081 2251.809215 2284.088058 2313.635790 2312.832462 2291.768708 2268.645451 2286.648864 2301.404190 2293.362058 2261.052852 2261.442590 2267.661751 2275.907920 2273.850769 2268.047166 2243.315881 2257.745645 2260.179261 2236.775767 2210.798472 2197.295705 2185.346812 2194.890782 2194.914699 2180.802393 2180.432367 2208.177306 2229.192734 2242.334503 2263.739754 2296.986130 2329.540051 2345.234959 2346.568075 2352.144433 2390.497584 2460.567310 2533.187398 2589.845676 2623.680835 2632.889268 2608.136844 2569.138912 2550.098859 2557.931436 2592.623577 2644.082522 2721.358762 2772.280802 2800.022228 2817.046529 2840.696098 2795.503518 -9999.0 -9999.0 -9999.0 -9999.0 -9999.0 -9999.0 -9999.0 -9999.0 -9999.0 -9999.0 -9999.0 -9999.0 -9999.0 -9999.0
-9999.0 -9999.0 -9999.0 -9999.0 -9999.0 -9999.0 -9999.0 -9999.0 -9999.0 -9999.0 -9999.0 -9999.0 -9999.0 -9999.0 -9999.0 -9999.0 -9999.0 -9999.0 -9999.0 -9999.0 -9999.0 -9999.0 -9999.0 -9999.0 -9999.0 -9999.0 -9999.0 -9999.0 -9999.0 -9999.0 -9999.0 -9999.0 -9999.0 -9999.0 -9999.0 -9999.0 -9999.0 -9999.0 -9999.0 -9999.0 -9999.0 -9999.0 -9999.0 -9999.0 -9999.0 -9999.0 -9999.0 -9999.0 -9999.0 -9999.0 -9999.0 -9999.0 -9999.0 -9999.0 -9999.0 -9999.0 -9999.0 -9999.0 -9999.0 -9999.0 -9999.0 -9999.0 -9999.0 -9999.0 -9999.0 -9999.0 -9999.0 -9999.0 -9999.0 -9999.0 -9999.0 -9999.0 -9999.0 -9999.0 -9999.0 -9999.0 -9999.0 -9999.0 -9999.0 -9999.0
-9999.0 -9999.0 -9999.0 -9999.0 -9999.0 -9999.0 -9999.0 -9999.0 -9999.0 -9999.0 -9999.0 -9999.0 -9999.0 -9999.0 -9999.0 -9999.0 -9999.0 -9999.0 -9999.0 -9999.0 -9999.0 -9999.0 -9999.0 -9999.0 -9999.0 -9999.0 -9999.0 -9999.0 -9999.0 -9999.0 -9999.0 -9999.0 -9999.0 -9999.0 -9999.0 -9999.0 -9999.0 -9999.0 -9999.0 -9999.0 -9999.0 -9999.0 -9999.0 -9999.0 -9999.0 -9999.0 -9999.0 -9999.0 -9999.0 -9999.0 -9999.0 -9999.0 -9999.0 -9999.0 -9999.0 -9999.0 -9999.0 -9999.0 -9999.0 -9999.0 -9999.0 -9999.0 -9999.0 -9999.0 -9999.0 -9999.0 -9999.0 -9999.0 -9999.0 -9999.0 -9999.0 -9999.0 -9999.0 -9999.0 -9999.0 -9999.0 -9999.0 -9999.0 -9999.0 -9999.0