Borden_/Borden1m_014/output_maps/psiliqL0022N0033.asc
ncols         80
nrows         18
xllcorner     620200.000000
yllcorner     5168000.000000
cellsize      1.000000
NODATA_value  -9999.0
-9999.0 -9999.0 -9999.0 -9999.0 -9999.0 -9999.0 -9999.0 -9999.0 -9999.0 -9999.0 -9999.0 -9999.0 -9999.0 -9999.0 -9999.0 -9999.0 -9999.0 -9999.0 -9999.0 -9999.0 -9999.0 -9999.0 -9999.0 -9999.0 -9999.0 -9999.0 -9999.0 -9999.0 -9999.0 -9999.0 -9999.0 -9999.0 -9999.0 -9999.0 -9999.0 -9999.0 -9999.0 -9999.0 -9999.0 -9999.0 -9999.0 -9999.0 -9999.0 -9999.0 -9999.0 -9999.0 -9999.0 -9999.0 -9999.0 -9999.0 -9999.0 -9999.0 -9999.0 -9999.0 -9999.0 -9999.0 -9999.0 -9999.0 -9999.0 -9999.0 -9999.0 -9999.0 -9999.0 -9999.0 -9999.0 -9999.0 -9999.0 -9999.0 -9999.0 -9999.0 -9999.0 -9999.0 -9999.0 -9999.0 -9999.0 -9999.0 -9999.0 -9999.0 -9999.0 -9999.0
-9999.0 -9999.0 -9999.0 -9999.0 -9999.0 -9999.0 -9999.0 -9999.0 -9999.0 -9999.0 -9999.0 -9999.0 -9999.0 -9999.0 -9999.0 -9999.0 -9999.0 -9999.0 -9999.0 -9999.0 -9999.0 -9999.0 -9999.0 -9999.0 -9999.0 -9999.0 -9999.0 -9999.0 -9999.0 -9999.0 -9999.0 -9999.0 -9999.0 -9999.0 -9999.0 -9999.0 -9999.0 -9999.0 -9999.0 -9999.0 -9999.0 -9999.0 -9999.0 -9999.0 -9999.0 -9999.0 -9999.0 -9999.0 -9999.0 -9999.0 -9999.0 -9999.0 -9999.0 -9999.0 -9999.0 -9999.0 -9999.0 -9999.0 -9999.0 -9999.0 -9999.0 -9999.0 -9999.0 -9999.0 -9999.0 -9999.0 -9999.0 -9999.0 -9999.0 -9999.0 -9999.0 -9999.0 -9999.0 -9999.0 -9999.0 -9999.0 -9999.0 -9999.0 -9999.0 -9999.0
-9999.0 -9999.0 -9999.0 -9999.0 -9999.0 -9999.0 -9999.0 -9999.0 -9999.0 -9999.0 -9999.0 -9999.0 -9999.0 -9999.0 -9999.0 -9999.0 -9999.0 -9999.0 -9999.0 -9999.0 2557.302779 2559.655392 2539.225943 2506.999073 2480.855798 2484.995920 2520.744631 2563.839093 2604.935003 2615.568826 2599.144725 2604.505653 2601.666816 2599.252748 2601.474573 2610.295822 2617.937861 2629.128340 2638.103045 2638.194178 2632.998690 2629.368070 2632.040481 2634.324900 2639.852498 2625.518108 2639.335219 2652.946502 2655.175977 2648.669926 2620.916595 2604.832192 2593.301055 2574.598680 2597.512073 2606.621007 2626.322891 2628.081633 2624.042792 2595.978215 2565.073361 -9999.0 -9999.0 -9999.0 -9999.0 -9999.0 -9999.0 -9999.0 -9999.0 -9999.0 -9999.0 -9999.0 -9999.0 -9999.0 -9999.0 -9999.0 -9999.0 -9999.0 -9999.0 -9999.0
-9999.0 -9999.0 -9999.0 -9999.0 -9999.0 -9999.0 -9999.0 -9999.0 -9999.0 -9999.0 -9999.0 -9999.0 -9999.0 -9999.0 2462.308489 2454.514138 2453.485775 2463.114707 2497.756387 2529.313768 2541.232850 2535.107291 2536.586339 2514.140832 2494.191258 2509.582097 2541.453786 2574.129674 2610.147071 2630.870021 2622.138354 2621.741627 2631.265713 2654.860840 2665.734834 2663.562970 2646.075751 2672.183348 2688.058102 2695.779081 2696.245022 2688.430367 2699.158309 2713.784358 2706.238874 2689.282343 2696.868649 2708.623985 2717.078650 2703.960647 2639.943800 2622.437249 2615.571602 2607.581408 2591.311745 2584.459755 2609.389212 2605.818112 2595.741282 2576.466101 2542.006495 2496.383212 2475.832120 2513.687923 2555.405707 2609.839241 -9999.0 -9999.0 -9999.0 -9999.0 -9999.0 -9999.0 -9999.0 -9999.0 -9999.0 -9999.0 -9999.0 -9999.0 -9999.0 -9999.0
-9999.0 -9999.0 -9999.0 -9999.0 -9999.0 -9999.0 -9999.0 -9999.0 -9999.0 2399.390689 2405.973262 2414.840621 2419.413615 2436.673951 2434.847314 2443.674834 2450.909356 2480.351312 2512.385813 2548.247540 2576.935391 2570.457670 2571.156865 2579.001550 2578.695782 2590.450087 2613.958935 2656.045190 2691.219680 2730.961777 2701.769678 2700.019133 2719.862232 2764.382795 2791.523285 2795.842675 2778.568151 2794.400896 2820.371338 2840.332401 2840.093484 2836.900763 2861.950490 2876.636066 2872.138022 2850.009905 2844.729695 2847.731009 2872.859368 2818.983428 2749.723829 2704.192339 2712.774931 2686.926790 2654.134913 2635.783770 2632.692434 2650.698329 2634.843070 2596.339011 2560.425212 2546.695694 2527.072601 2544.102166 2564.492363 2607.695065 2644.808276 2671.399497 2668.390694 2649.399107 -9999.0 -9999.0 -9999.0 -9999.0 -9999.0 -9999.0 -9999.0 -9999.0 -9999.0 -9999.0
-9999.0 -9999.0 -9999.0 -9999.0 -9999.0 -9999.0 2317.648116 2329.232877 2351.689561 2356.580772 2384.697910 2392.764363 2414.958575 2435.519930 2459.641012 2476.379330 2505.930638 2539.547608 2578.905258 2620.791438 2653.954180 2646.549785 2657.665681 2681.477294 2714.681583 2739.781900 2766.444033 2808.080129 2812.858233 2849.446304 2846.562700 2848.931349 2858.152271 2908.395452 2972.515992 2984.497547 2964.351744 2951.086337 2973.521839 3010.182974 3010.383121 3009.641847 2991.848512 3001.601114 3028.141213 3018.765643 3011.899799 3004.216352 3008.404588 2987.610322 2921.106201 2861.859592 2839.255526 2859.277114 2774.780463 2724.844226 2739.480159 2760.584304 2732.947983 2679.924869 2639.722979 2629.089779 2613.047016 2600.432711 2607.562171 2625.566656 2645.044950 2654.172798 2638.506961 2614.811752 2590.584075 2560.506745 2561.434350 2585.541688 -9999.0 -9999.0 -9999.0 -9999.0 -9999.0 -9999.0
-9999.0 -9999.0 -9999.0 -9999.0 2265.412135 2279.730276 2267.685935 2295.774491 2330.559159 2366.984784 2398.546359 2435.587888 2463.740666 2495.145229 2533.417231 2562.869950 2601.761327 2636.533839 2689.844373 2757.124304 2807.623081 2828.103535 2842.340737 2824.359307 2881.330207 2930.438802 2950.207967 2976.252941 2989.964184 3045.276210 3068.004712 3071.582754 3088.511050 3129.037696 3182.102459 3210.108759 3192.924503 3184.473390 3193.118312 3206.165128 3228.280059 3228.403010 3229.077949 3232.513022 3239.214958 3238.098016 3213.369631 3180.720964 3174.371746 3164.885188 3130.094888 3059.993441 3028.168763 3001.855356 2992.014395 2938.834598 2885.901819 2881.497085 2827.341940 2835.154671 2776.862012 2759.481995 2730.816481 2706.794964 2681.570767 2684.633719 2687.726167 2665.271320 2629.598964 2595.022838 2578.598421 2558.427784 2545.484834 2574.885489 2591.282901 2620.179926 -9999.0 -9999.0 -9999.0 -9999.0
-9999.0 -9999.0 2203.271281 2250.864204 2309.766652 2319.111966 2317.654110 2324.766030 2355.463182 2409.485752 2480.881018 2525.899586 2563.482876 2599.397337 2659.470429 2730.233092 2798.425812 2845.719498 2836.530814 2905.382035 2965.555892 2994.053564 3005.068846 3010.077808 3062.728118 3128.485976 3155.415669 3180.922247 3204.211580 3238.474123 3236.213012 3247.809673 3258.955890 3268.633330 3280.744863 3286.255785 3281.924599 3277.443545 3259.296015 3254.626936 3261.214166 3268.129451 3267.975065 3253.719118 3249.779927 3264.347218 3269.793032 3268.185560 3266.393215 3271.837683 3269.854285 3224.779280 3201.367934 3187.150359 3183.822766 3139.011531 3074.069802 3040.254653 3020.767538 3010.276039 2936.230715 2894.239199 2851.464375 2814.051237 2821.766160 2795.893082 2751.120693 2708.767520 2660.869335 2612.934635 2588.015013 2569.993023 2566.914760 2565.334403 2581.071919 2595.109162 2609.667649 2617.026621 -9999.0 -9999.0
-9999.0 2094.883095 2166.968594 2291.538503 2372.286454 2415.343408 2435.846413 2450.100640 2481.671930 2517.791814 2614.579459 2683.098917 2773.193328 2816.166664 2865.365362 2887.096274 2979.305009 2995.140513 3030.846544 3090.607715 3153.126676 3192.596630 3218.042862 3206.081526 3242.811465 3266.466610 3272.598099 3278.150610 3276.570917 3268.209292 3261.091625 3267.984532 3265.409959 3246.849967 3231.359821 3229.823956 3226.551321 3203.876886 3183.304856 3168.503673 3170.820825 3188.349748 3182.051310 3161.407201 3157.137139 3177.973856 3191.794529 3181.490533 3175.265899 3184.951045 3218.641382 3241.814382 3245.630481 3263.418444 3284.350579 3256.496535 3233.153582 3191.115355 3181.483954 3156.770822 3101.358483 3046.567316 2999.249510 2976.803838 2921.473163 2867.698788 2816.224171 2797.273437 2732.415908 2690.745824 2660.120205 2612.161678 2594.038684 2596.730422 2588.105163 2584.584377 2589.224168 2594.954593 -9999.0 -9999.0
-9999.0 2003.861365 2144.473133 2325.837503 2473.595592 2524.573338 2604.024420 2674.406852 2699.726595 2659.651982 2769.494687 2927.051147 3016.321323 3030.916703 3102.636240 3186.233449 3178.809822 3208.163042 3229.670077 3249.294092 3265.191482 3277.264621 3274.994521 3269.213911 3253.187545 3245.296842 3244.637151 3242.680757 3225.801442 3207.301632 3190.830915 3188.245414 3177.710618 3131.338658 3098.945454 3082.449968 3065.677557 3051.369923 3023.436735 2999.258626 3012.233888 2996.306757 2992.969276 3006.719602 3002.498745 2993.006982 3023.270617 3019.116097 3028.840005 3048.053860 3083.540202 3120.509185 3139.250631 3167.722331 3195.767628 3241.377757 3251.869957 3273.845891 3277.345371 3264.401609 3219.786326 3176.633904 3147.628364 3093.438966 3033.988158 2997.751177 2945.249681 2896.303506 2837.626780 2800.036221 2772.723406 2716.595296 2668.446716 2653.127046 2615.199969 2597.659165 -9999.0 -9999.0 -9999.0 -9999.0
-9999.0 1909.384679 2092.007858 2338.403183 2630.006009 2719.469214 2896.214109 2996.967736 3036.874931 3101.235469 3011.933665 3188.363889 3232.630262 3225.570611 3233.814601 3235.708279 3249.088546 3248.930022 3243.907356 3233.239843 3224.123646 3219.915185 3218.710669 3210.890265 3198.475470 3184.190719 3179.268357 3168.308988 3133.001853 3101.779717 3064.739600 3052.648614 3012.723941 2949.920368 2909.922567 2872.148900 2813.128870 2812.978986 2816.876072 2856.295582 2837.379938 2809.817451 2836.833419 2847.866463 2852.193947 2849.561375 2862.600359 2823.239604 2868.932152 2903.895462 2944.495769 2992.493118 2993.495725 3031.900795 3072.106086 3123.841447 3153.745000 3182.200908 3222.174579 3258.634467 3280.850686 3268.136511 3247.765853 3205.418672 3152.726081 3103.760576 3074.910163 3025.121842 2996.489509 2950.280962 2902.852809 2849.055314 2800.391144 2736.578661 2698.024473 -9999.0 -9999.0 -9999.0 -9999.0 -9999.0
-9999.0 1700.950087 1966.257201 2240.189113 2529.868847 2849.065214 2991.699494 3090.284664 3150.813411 3125.483449 3140.971951 3149.810817 3180.572855 3186.550548 3170.783699 3158.600506 3142.668592 3141.614074 3154.529980 3127.953321 3098.683062 3085.835131 3086.526743 3075.729375 3052.533676 3037.546812 3028.217171 3011.557141 2995.747543 2945.740448 2862.703814 2830.730531 2816.626854 2771.173489 2729.528236 2678.986041 2628.497807 2630.221352 2652.110811 2640.752936 2619.285138 2601.406082 2629.936868 2651.816406 2665.552659 2651.719894 2660.269908 2695.198241 2745.056110 2790.127136 2839.510017 2827.312047 2868.511188 2910.242480 2935.023215 2977.743958 2989.691593 3030.415191 3099.307726 3174.729902 3201.912439 3235.196349 3265.472390 3286.616122 3244.681027 3217.102702 3194.267892 3175.717373 3129.900661 3085.028413 3044.711919 2982.277698 2934.856583 -9999.0 -9999.0 -9999.0 -9999.0 -9999.0 -9999.0 -9999.0
-9999.0 1584.015774 1785.944901 1990.465244 2252.804724 2488.753603 2707.885182 2810.580717 2843.338520 2902.058049 2949.726217 2985.836280 2989.317426 3009.894074 2987.710758 2970.259412 2939.609423 2944.212798 2936.873594 2914.887591 2886.638791 2872.964289 2870.301936 2864.693831 2842.487243 2830.953630 2823.802995 2867.278133 2838.061586 2781.628972 2704.338484 2627.230107 2570.306056 2544.799771 2517.823041 2487.317735 2456.954342 2467.843316 2478.682516 2477.821321 2469.785350 2468.736569 2497.666202 2516.674179 2526.776418 2516.466082 2536.112980 2561.877264 2602.409834 2647.114534 2696.600169 2750.492524 2804.438575 2832.066611 2842.900245 2863.524764 2825.586516 2871.256510 2950.036581 3005.552020 3079.434510 3123.741112 3173.039682 3204.553444 3230.829454 3258.652243 3278.366137 3269.319245 3244.515803 3212.276306 3158.445125 -9999.0 -9999.0 -9999.0 -9999.0 -9999.0 -9999.0 -9999.0 -9999.0 -9999.0
-9999.0 -9999.0 1557.782734 1718.806443 1830.173574 1998.956070 2145.076564 2255.250895 2354.968095 2491.074965 2610.744059 2705.350365 2752.689401 2771.401062 2759.698795 2732.499266 2714.719972 2714.574363 2703.184548 2694.787420 2677.734018 2670.480823 2656.541418 2647.888892 2640.691720 2637.121010 2632.497711 2623.003166 2602.844573 2557.559499 2514.524360 2466.447626 2415.585832 2391.174835 2370.379979 2350.682434 2352.006697 2346.677567 2351.541968 2353.725816 2362.239061 2375.794170 2395.448445 2418.319075 2428.455496 2438.815547 2451.194974 2474.796808 2507.460140 2549.732543 2604.185950 2663.843826 2704.735258 2717.572284 2706.751262 2709.516542 2725.112547 2763.998730 2838.643865 2840.773088 2930.555888 2996.204946 3031.565722 3085.682288 3111.276453 3146.619423 3208.293392 3255.555174 3294.013127 3272.060557 -9999.0 -9999.0 -9999.0 -9999.0 -9999.0 -9999.0 -9999.0 -9999.0 -9999.0 -9999.0
-9999.0 -9999.0 -9999.0 -9999.0 1579.400417 1729.355069 1827.215253 1908.723762 2041.978255 2170.393399 2276.275354 2363.632324 2431.664706 2460.191452 2460.959298 2474.694412 2472.977261 2465.027219 2454.412607 2456.763106 2458.987763 2451.883169 2435.835413 2428.809047 2431.096201 2437.285527 2434.558820 2420.797497 2402.061103 2383.842255 2367.233030 2334.518539 2300.501921 2271.855713 2258.957135 2254.501492 2254.132406 2246.297944 2254.532236 2262.758992 2278.360070 2293.486790 2317.051517 2346.387092 2361.007922 2376.194146 2385.871088 2405.971455 2436.773582 2490.564546 2554.735241 2613.340374 2651.379495 2656.622372 2632.952914 2617.033960 2611.934247 2637.806952 2679.630752 2741.298859 2840.214281 2833.132947 2881.285387 2922.964342 2959.177513 2990.832645 3079.874152 3157.756027 -9999.0 -9999.0 -9999.0 -9999.0 -9999.0 -9999.0 -9999.0 -9999.0 -9999.0 -9999.0 -9999.0 -9999.0
-9999.0 -9999.0 -9999.0 -9999.0 -9999.0 -9999.0 1550.563849 1655.261914 1727.953328 1876.582872 2017.709506 2124.438281 2208.130031 2243.775557 2276.174436 2306.093530 2306.226798 2286.804905 2265.911564 2286.371190 2303.332579 2296.881927 2265.401536 2265.982088 2271.907265 2279.548420 2276.759730 2270.282243 2245.126203 2259.463970 2262.079287 2238.958191 2213.241222 2199.962331 2188.145549 2197.723307 2197.658695 2183.343528 2182.694390 2210.104446 2230.829933 2243.763776 2265.066165 2298.327592 2330.996268 2346.899403 2348.511980 2354.404127 2393.079685 2463.453766 2536.311408 2593.143281 2627.054207 2636.094478 2610.820983 2571.180022 2551.244047 2557.862496 2591.012314 2640.352822 2713.667797 2759.110209 2778.647337 2784.825327 2797.382672 2819.156879 -9999.0 -9999.0 -9999.0 -9999.0 -9999.0 -9999.0 -9999.0 -9999.0 -9999.0 -9999.0 -9999.0 -9999.0 -9999.0 -9999.0
-9999.0 -9999.0 -9999.0 -9999.0 -9999.0 -9999.0 -9999.0 -9999.0 -9999.0 -9999.0 -9999.0 -9999.0 -9999.0 -9999.0 -9999.0 -9999.0 -9999.0 -9999.0 -9999.0 -9999.0 -9999.0 -9999.0 -9999.0 -9999.0 -9999.0 -9999.0 -9999.0 -9999.0 -9999.0 -9999.0 -9999.0 -9999.0 -9999.0 -9999.0 -9999.0 -9999.0 -9999.0 -9999.0 -9999.0 -9999.0 -9999.0 -9999.0 -9999.0 -9999.0 -9999.0 -9999.0 -9999.0 -9999.0 -9999.0 -9999.0 -9999.0 -9999.0 -9999.0 -9999.0 -9999.0 -9999.0 -9999.0 -9999.0 -9999.0 -9999.0 -9999.0 -9999.0 -9999.0 -9999.0 -9999.0 -9999.0 -9999.0 -9999.0 -9999.0 -9999.0 -9999.0 -9999.0 -9999.0 -9999.0 -9999.0 -9999.0 -9999.0 -9999.0 -9999.0 -9999.0
-9999.0 -9999.0 -9999.0 -9999.0 -9999.0 -9999.0 -9999.0 -9999.0 -9999.0 -9999.0 -9999.0 -9999.0 -9999.0 -9999.0 -9999.0 -9999.0 -9999.0 -9999.0 -9999.0 -9999.0 -9999.0 -9999.0 -9999.0 -9999.0 -9999.0 -9999.0 -9999.0 -9999.0 -9999.0 -9999.0 -9999.0 -9999.0 -9999.0 -9999.0 -9999.0 -9999.0 -9999.0 -9999.0 -9999.0 -9999.0 -9999.0 -9999.0 -9999.0 -9999.0 -9999.0 -9999.0 -9999.0 -9999.0 -9999.0 -9999.0 -9999.0 -9999.0 -9999.0 -9999.0 -9999.0 -9999.0 -9999.0 -9999.0 -9999.0 -9999.0 -9999.0 -9999.0 -9999.0 -9999.0 -9999.0 -9999.0 -9999.0 -9999.0 -9999.0 -9999.0 -9999.0 -9999.0 -9999.0 -9999.0 -9999.0 -9999.0 -9999.0 -9999.0 -9999.0 -9999.0