Borden_/Borden1m_014/output_maps/psiliqL0018N0018.asc
ncols         80
nrows         18
xllcorner     620200.000000
yllcorner     5168000.000000
cellsize      1.000000
NODATA_value  -9999.0
-9999.0 -9999.0 -9999.0 -9999.0 -9999.0 -9999.0 -9999.0 -9999.0 -9999.0 -9999.0 -9999.0 -9999.0 -9999.0 -9999.0 -9999.0 -9999.0 -9999.0 -9999.0 -9999.0 -9999.0 -9999.0 -9999.0 -9999.0 -9999.0 -9999.0 -9999.0 -9999.0 -9999.0 -9999.0 -9999.0 -9999.0 -9999.0 -9999.0 -9999.0 -9999.0 -9999.0 -9999.0 -9999.0 -9999.0 -9999.0 -9999.0 -9999.0 -9999.0 -9999.0 -9999.0 -9999.0 -9999.0 -9999.0 -9999.0 -9999.0 -9999.0 -9999.0 -9999.0 -9999.0 -9999.0 -9999.0 -9999.0 -9999.0 -9999.0 -9999.0 -9999.0 -9999.0 -9999.0 -9999.0 -9999.0 -9999.0 -9999.0 -9999.0 -9999.0 -9999.0 -9999.0 -9999.0 -9999.0 -9999.0 -9999.0 -9999.0 -9999.0 -9999.0 -9999.0 -9999.0
-9999.0 -9999.0 -9999.0 -9999.0 -9999.0 -9999.0 -9999.0 -9999.0 -9999.0 -9999.0 -9999.0 -9999.0 -9999.0 -9999.0 -9999.0 -9999.0 -9999.0 -9999.0 -9999.0 -9999.0 -9999.0 -9999.0 -9999.0 -9999.0 -9999.0 -9999.0 -9999.0 -9999.0 -9999.0 -9999.0 -9999.0 -9999.0 -9999.0 -9999.0 -9999.0 -9999.0 -9999.0 -9999.0 -9999.0 -9999.0 -9999.0 -9999.0 -9999.0 -9999.0 -9999.0 -9999.0 -9999.0 -9999.0 -9999.0 -9999.0 -9999.0 -9999.0 -9999.0 -9999.0 -9999.0 -9999.0 -9999.0 -9999.0 -9999.0 -9999.0 -9999.0 -9999.0 -9999.0 -9999.0 -9999.0 -9999.0 -9999.0 -9999.0 -9999.0 -9999.0 -9999.0 -9999.0 -9999.0 -9999.0 -9999.0 -9999.0 -9999.0 -9999.0 -9999.0 -9999.0
-9999.0 -9999.0 -9999.0 -9999.0 -9999.0 -9999.0 -9999.0 -9999.0 -9999.0 -9999.0 -9999.0 -9999.0 -9999.0 -9999.0 -9999.0 -9999.0 -9999.0 -9999.0 -9999.0 -9999.0 1756.315672 1759.173851 1738.633854 1706.605156 1680.578498 1684.731183 1720.752153 1763.729245 1804.398324 1815.784749 1800.001938 1805.441070 1803.179333 1802.590125 1805.622997 1813.794495 1819.639197 1830.599864 1838.614977 1837.627234 1831.213654 1826.243573 1827.355197 1829.925737 1835.615686 1823.519647 1838.002325 1853.105347 1857.380663 1851.855194 1824.288088 1807.611021 1796.068096 1777.562897 1799.952513 1809.101604 1829.273931 1830.995971 1827.047635 1798.630801 1767.657705 -9999.0 -9999.0 -9999.0 -9999.0 -9999.0 -9999.0 -9999.0 -9999.0 -9999.0 -9999.0 -9999.0 -9999.0 -9999.0 -9999.0 -9999.0 -9999.0 -9999.0 -9999.0 -9999.0
-9999.0 -9999.0 -9999.0 -9999.0 -9999.0 -9999.0 -9999.0 -9999.0 -9999.0 -9999.0 -9999.0 -9999.0 -9999.0 -9999.0 1660.346242 1652.247522 1651.245941 1661.309975 1696.485399 1728.245658 1740.675780 1734.624366 1736.445631 1714.683204 1695.737137 1711.613540 1743.400679 1776.579294 1812.793869 1834.515710 1826.160186 1826.731561 1838.083140 1863.370455 1875.734031 1873.552527 1855.181655 1879.186971 1893.990726 1900.910088 1899.820689 1890.937009 1902.224983 1917.212174 1910.335707 1894.085876 1901.540887 1914.448067 1925.634672 1912.867737 1849.534527 1830.170476 1822.902136 1813.848236 1797.300486 1789.267931 1812.992452 1810.047378 1799.579299 1779.873189 1745.624436 1700.589531 1680.416285 1717.814855 1759.673381 1814.976493 -9999.0 -9999.0 -9999.0 -9999.0 -9999.0 -9999.0 -9999.0 -9999.0 -9999.0 -9999.0 -9999.0 -9999.0 -9999.0 -9999.0
-9999.0 -9999.0 -9999.0 -9999.0 -9999.0 -9999.0 -9999.0 -9999.0 -9999.0 1598.424669 1604.322506 1612.911232 1616.987806 1634.154275 1632.710347 1641.590868 1649.838957 1679.319962 1712.260461 1748.999443 1778.928607 1772.053921 1774.340637 1785.160790 1788.700468 1802.134365 1825.784643 1867.253944 1906.054773 1947.863071 1921.257522 1921.846055 1943.645489 1990.578769 2020.809598 2026.329593 2008.348332 2019.701157 2043.750896 2063.042031 2061.231166 2057.476134 2081.990893 2096.099438 2094.883629 2074.935926 2067.338513 2070.535991 2097.022489 2045.774850 1978.864055 1930.078813 1934.085479 1903.667933 1867.157771 1847.339062 1842.835797 1860.053415 1842.826920 1803.871067 1766.460957 1753.166311 1733.540517 1749.391265 1769.481372 1813.397793 1850.792953 1877.457222 1874.840912 1855.947688 -9999.0 -9999.0 -9999.0 -9999.0 -9999.0 -9999.0 -9999.0 -9999.0 -9999.0 -9999.0
-9999.0 -9999.0 -9999.0 -9999.0 -9999.0 -9999.0 1518.056223 1528.961863 1550.724367 1555.773830 1582.945554 1591.373349 1613.485028 1634.362363 1658.356674 1676.256078 1707.460945 1742.437563 1784.878637 1829.342838 1862.926782 1858.366915 1870.475918 1900.880824 1939.946531 1969.014765 1995.746434 2036.800132 2113.316357 2156.551773 2163.077636 2170.885745 2183.841185 2234.857216 2298.974389 2311.892724 2291.336885 2276.901933 2297.304461 2332.759768 2335.452402 2335.921346 2347.914709 2358.091301 2384.407621 2374.944387 2336.887540 2326.344577 2328.133187 2310.019480 2245.823464 2181.791662 2148.026617 2095.104137 2010.619291 1957.903519 1967.002122 1984.181036 1953.099549 1897.246907 1855.843236 1843.658562 1826.293307 1811.498332 1816.412532 1833.446826 1853.054317 1861.908776 1846.314622 1822.807519 1798.500330 1767.724766 1767.721023 1791.336442 -9999.0 -9999.0 -9999.0 -9999.0 -9999.0 -9999.0
-9999.0 -9999.0 -9999.0 -9999.0 1466.605657 1480.750712 1469.175359 1496.320112 1530.611344 1566.452062 1598.935773 1636.471145 1665.110277 1697.309303 1738.692331 1772.566734 1814.756741 1852.328667 1909.374202 1979.846030 2032.295605 2055.734319 2072.362949 2132.927088 2197.832320 2252.404497 2275.070068 2303.517050 2349.322980 2410.357761 2438.940126 2447.666404 2467.751159 2506.805747 2557.059387 2591.507366 2574.173091 2565.111963 2571.267577 2582.738435 2605.410469 2606.393067 2608.282576 2611.493486 2617.309503 2616.645083 2592.514376 2560.124131 2546.472630 2537.282927 2504.761418 2433.008465 2392.761510 2359.981082 2321.734737 2267.735469 2206.491898 2191.885856 2131.023766 2070.763239 2009.412901 1988.203619 1956.063279 1928.794356 1898.980722 1899.196070 1900.402506 1877.140962 1841.435030 1806.285558 1788.646286 1767.196530 1753.296641 1781.164267 1796.617654 1825.098144 -9999.0 -9999.0 -9999.0 -9999.0
-9999.0 -9999.0 1404.811801 1453.610135 1512.411688 1522.609235 1523.331223 1530.801523 1561.170675 1615.003890 1688.985033 1737.695153 1778.843375 1815.553783 1877.297092 1955.225656 2027.113839 2078.203911 2144.064376 2219.498076 2284.369253 2317.910206 2335.462731 2378.165657 2436.406988 2503.142747 2532.004835 2559.519198 2593.073722 2628.909893 2635.931417 2650.397990 2661.148996 2667.523601 2675.831671 2678.410871 2672.265944 2665.145224 2644.891575 2639.465145 2645.703631 2651.793659 2652.608143 2639.241927 2635.924475 2650.762346 2656.685297 2657.104371 2657.729290 2665.920760 2667.608590 2625.140351 2592.152650 2575.020028 2561.911909 2515.749882 2449.080547 2407.710461 2382.605456 2337.045028 2259.086817 2208.660845 2156.495175 2107.342069 2054.029368 2022.979629 1975.008254 1930.284184 1880.738553 1831.164900 1804.280706 1783.156260 1777.300592 1773.596284 1787.019480 1799.780211 1813.117515 1819.840935 -9999.0 -9999.0
-9999.0 1298.850545 1371.609227 1498.014030 1579.870521 1625.418251 1653.784365 1674.126255 1704.853540 1735.918854 1837.522810 1917.104454 2008.333927 2050.116649 2103.355861 2203.693340 2301.668264 2352.496815 2396.696827 2460.066979 2525.165344 2576.232066 2606.396321 2610.318238 2647.927706 2667.430050 2672.760740 2677.714147 2675.665171 2667.947316 2659.849256 2665.911193 2661.866879 2642.244224 2625.114223 2620.399372 2612.595436 2585.382084 2553.697312 2536.920776 2538.084837 2562.058753 2549.160128 2528.625381 2525.501460 2548.157268 2570.976031 2564.869363 2556.149440 2577.853528 2614.732139 2638.462483 2646.402341 2663.796676 2684.583435 2657.745230 2630.774153 2587.223252 2565.876111 2536.470015 2478.068222 2417.434465 2361.280561 2299.517255 2232.840491 2165.300986 2100.685384 2036.789335 1968.224198 1923.673901 1888.996753 1835.381580 1811.007379 1808.515031 1796.099579 1789.935091 1792.875781 1797.837642 -9999.0 -9999.0
-9999.0 1213.665464 1355.863587 1540.172916 1690.174257 1747.977199 1842.434874 1918.290249 1945.193848 1912.217529 2020.367203 2241.017964 2353.669590 2376.360306 2454.342738 2550.891900 2563.900004 2600.115437 2626.887714 2645.548122 2660.482914 2673.816076 2673.366505 2668.396758 2653.424619 2645.306006 2643.506431 2640.258536 2622.013727 2601.505885 2582.097052 2575.651555 2553.949881 2506.384264 2471.204390 2450.696343 2429.610530 2407.724867 2374.269508 2345.827417 2328.791621 2342.547406 2338.049311 2322.295117 2319.191481 2342.073046 2375.691331 2376.482092 2391.609539 2417.609180 2459.534047 2500.740568 2524.809321 2557.039949 2595.844698 2642.181697 2656.565071 2679.062779 2683.336412 2667.130345 2622.419703 2568.650928 2533.685645 2470.898757 2399.335194 2320.798224 2255.743082 2192.432510 2120.575760 2071.392619 2019.938170 1956.458637 1897.951581 1871.196870 1827.373157 1804.956708 -9999.0 -9999.0 -9999.0 -9999.0
-9999.0 1127.727715 1313.977354 1568.322164 1853.407141 1958.160017 2167.958481 2297.547000 2352.423509 2422.931004 2374.845668 2543.185299 2590.545661 2590.627264 2599.011022 2607.620079 2626.754114 2632.652081 2632.213629 2625.364726 2618.938126 2616.050054 2614.298010 2604.857482 2590.067251 2572.742615 2556.817498 2542.671761 2503.836843 2468.983864 2428.963181 2410.881379 2367.433282 2273.103172 2229.116366 2188.800683 2126.251822 2118.335105 2113.218954 2084.044612 2063.991000 2040.569547 2064.863127 2072.259172 2076.118571 2078.139377 2095.207726 2125.019981 2176.329623 2217.933469 2264.914266 2319.198518 2357.234168 2403.429668 2450.149261 2506.764200 2541.626620 2574.952910 2625.972399 2666.317653 2690.985584 2679.551794 2654.408173 2607.414711 2536.498987 2472.016561 2424.455601 2352.977153 2288.858738 2234.066741 2181.746880 2120.807717 2046.795312 1961.667196 1915.555621 -9999.0 -9999.0 -9999.0 -9999.0 -9999.0
-9999.0 935.043302 1202.261321 1485.275206 1790.877374 2128.683495 2280.501552 2403.917963 2476.774564 2451.441224 2465.729861 2485.025439 2529.540199 2541.269052 2524.764013 2518.124478 2508.164820 2510.610108 2526.105011 2502.220081 2474.684736 2461.560860 2459.603851 2444.594318 2416.910191 2396.783955 2383.132619 2361.125125 2312.283156 2259.609231 2174.226928 2138.373818 2057.891390 2005.217532 1961.360459 1909.895955 1857.431651 1855.160139 1872.397991 1858.077391 1835.805788 1817.564963 1845.111050 1864.581554 1877.987024 1866.479011 1876.866044 1915.205281 1967.877905 2015.207412 2067.005597 2123.686189 2172.864526 2223.292952 2256.287568 2306.598701 2357.249539 2407.139621 2483.515892 2565.336172 2606.361476 2643.702900 2676.869085 2694.230517 2643.357672 2596.999368 2548.229974 2491.504637 2417.041340 2369.762282 2337.401784 2279.729141 2215.438191 -9999.0 -9999.0 -9999.0 -9999.0 -9999.0 -9999.0 -9999.0
-9999.0 812.878260 1024.712479 1244.314094 1520.966186 1760.572510 1968.297173 2076.739343 2157.620721 2207.106358 2250.229843 2287.499366 2319.238603 2344.326726 2326.433273 2288.284707 2261.419149 2267.843144 2264.080453 2242.615634 2214.568948 2199.584424 2194.622950 2184.232107 2155.861310 2138.134969 2125.047687 2100.889702 2068.477892 2012.451271 1933.258459 1857.739749 1796.524200 1766.416569 1737.073137 1704.145725 1669.053800 1678.165570 1689.277918 1686.059527 1676.313012 1674.122177 1703.300818 1722.817833 1733.400835 1723.041088 1743.486296 1771.328955 1814.423044 1859.704270 1910.518549 1967.136151 2022.978225 2054.022987 2068.615096 2093.960392 2134.871734 2191.929141 2280.872174 2378.957949 2461.266861 2513.547437 2568.227830 2606.571613 2623.751073 2635.722555 2617.100266 2547.443802 2454.723977 2442.334866 2434.673863 -9999.0 -9999.0 -9999.0 -9999.0 -9999.0 -9999.0 -9999.0 -9999.0 -9999.0
-9999.0 -9999.0 793.646952 964.922048 1093.114883 1270.191277 1420.931614 1533.265422 1628.119729 1751.454097 1862.824903 1950.259046 1995.739601 2014.315757 2002.614270 1973.572317 1955.430910 1956.714564 1947.159512 1938.112740 1919.480435 1911.104532 1897.509757 1886.498441 1874.505542 1867.014071 1859.935424 1847.677961 1825.757725 1779.215619 1732.131825 1680.916203 1627.742598 1601.818785 1579.566372 1557.884582 1556.610730 1551.412031 1556.200779 1557.607767 1564.920450 1577.838550 1597.861217 1620.299330 1630.527475 1640.413515 1653.623370 1678.314827 1712.484488 1756.206998 1811.634243 1871.095377 1912.827347 1927.417143 1919.137125 1925.174264 1946.522802 1990.899797 2072.848914 2159.456636 2259.804556 2335.658839 2412.268838 2469.337579 2489.866497 2509.691683 2532.805324 2493.753506 2368.337035 2403.496572 -9999.0 -9999.0 -9999.0 -9999.0 -9999.0 -9999.0 -9999.0 -9999.0 -9999.0 -9999.0
-9999.0 -9999.0 -9999.0 -9999.0 825.467558 979.386851 1077.866568 1161.917189 1293.522140 1417.490737 1520.041128 1604.741130 1668.647609 1696.015369 1694.224036 1703.389220 1700.798242 1694.884607 1685.401337 1685.640942 1685.343277 1677.246145 1661.113437 1652.093338 1651.458491 1654.961580 1650.948920 1636.276921 1617.576011 1595.932974 1576.211645 1541.683266 1505.609513 1475.933929 1462.224007 1456.300225 1455.442498 1447.764668 1455.969155 1463.352108 1478.583660 1493.777460 1517.556593 1546.845993 1561.125742 1576.402507 1586.663779 1607.763845 1639.100800 1693.558568 1758.212374 1817.470013 1855.138870 1861.250411 1838.484811 1824.590559 1822.535989 1852.459993 1899.217607 1968.541832 2073.651838 2151.531323 2213.817570 2263.406583 2300.016131 2351.257651 2413.378411 2455.887196 -9999.0 -9999.0 -9999.0 -9999.0 -9999.0 -9999.0 -9999.0 -9999.0 -9999.0 -9999.0 -9999.0 -9999.0
-9999.0 -9999.0 -9999.0 -9999.0 -9999.0 -9999.0 789.514738 892.711025 971.640372 1113.782814 1247.709867 1350.722799 1432.102114 1465.300187 1493.893747 1522.254667 1521.672284 1503.520139 1484.231680 1503.421917 1517.758342 1511.019648 1479.563448 1478.124197 1481.829679 1488.599786 1485.178444 1477.956880 1452.267881 1464.024707 1464.695399 1440.878200 1414.336549 1400.090013 1387.726562 1396.841639 1396.550727 1382.394016 1382.369358 1409.151843 1429.454955 1442.540955 1464.281876 1497.648628 1530.309570 1546.033613 1547.910668 1554.526774 1594.873691 1665.910120 1738.767103 1795.553648 1829.525743 1839.162835 1813.864986 1775.538340 1757.116899 1766.381712 1803.516706 1858.616036 1937.625836 1990.910244 2021.116222 2038.244993 2059.042802 2152.345885 -9999.0 -9999.0 -9999.0 -9999.0 -9999.0 -9999.0 -9999.0 -9999.0 -9999.0 -9999.0 -9999.0 -9999.0 -9999.0 -9999.0
-9999.0 -9999.0 -9999.0 -9999.0 -9999.0 -9999.0 -9999.0 -9999.0 -9999.0 -9999.0 -9999.0 -9999.0 -9999.0 -9999.0 -9999.0 -9999.0 -9999.0 -9999.0 -9999.0 -9999.0 -9999.0 -9999.0 -9999.0 -9999.0 -9999.0 -9999.0 -9999.0 -9999.0 -9999.0 -9999.0 -9999.0 -9999.0 -9999.0 -9999.0 -9999.0 -9999.0 -9999.0 -9999.0 -9999.0 -9999.0 -9999.0 -9999.0 -9999.0 -9999.0 -9999.0 -9999.0 -9999.0 -9999.0 -9999.0 -9999.0 -9999.0 -9999.0 -9999.0 -9999.0 -9999.0 -9999.0 -9999.0 -9999.0 -9999.0 -9999.0 -9999.0 -9999.0 -9999.0 -9999.0 -9999.0 -9999.0 -9999.0 -9999.0 -9999.0 -9999.0 -9999.0 -9999.0 -9999.0 -9999.0 -9999.0 -9999.0 -9999.0 -9999.0 -9999.0 -9999.0
-9999.0 -9999.0 -9999.0 -9999.0 -9999.0 -9999.0 -9999.0 -9999.0 -9999.0 -9999.0 -9999.0 -9999.0 -9999.0 -9999.0 -9999.0 -9999.0 -9999.0 -9999.0 -9999.0 -9999.0 -9999.0 -9999.0 -9999.0 -9999.0 -9999.0 -9999.0 -9999.0 -9999.0 -9999.0 -9999.0 -9999.0 -9999.0 -9999.0 -9999.0 -9999.0 -9999.0 -9999.0 -9999.0 -9999.0 -9999.0 -9999.0 -9999.0 -9999.0 -9999.0 -9999.0 -9999.0 -9999.0 -9999.0 -9999.0 -9999.0 -9999.0 -9999.0 -9999.0 -9999.0 -9999.0 -9999.0 -9999.0 -9999.0 -9999.0 -9999.0 -9999.0 -9999.0 -9999.0 -9999.0 -9999.0 -9999.0 -9999.0 -9999.0 -9999.0 -9999.0 -9999.0 -9999.0 -9999.0 -9999.0 -9999.0 -9999.0 -9999.0 -9999.0 -9999.0 -9999.0