Borden_/Borden1m_014/output_maps/psiliqL0028N0032.asc
ncols         80
nrows         18
xllcorner     620200.000000
yllcorner     5168000.000000
cellsize      1.000000
NODATA_value  -9999.0
-9999.0 -9999.0 -9999.0 -9999.0 -9999.0 -9999.0 -9999.0 -9999.0 -9999.0 -9999.0 -9999.0 -9999.0 -9999.0 -9999.0 -9999.0 -9999.0 -9999.0 -9999.0 -9999.0 -9999.0 -9999.0 -9999.0 -9999.0 -9999.0 -9999.0 -9999.0 -9999.0 -9999.0 -9999.0 -9999.0 -9999.0 -9999.0 -9999.0 -9999.0 -9999.0 -9999.0 -9999.0 -9999.0 -9999.0 -9999.0 -9999.0 -9999.0 -9999.0 -9999.0 -9999.0 -9999.0 -9999.0 -9999.0 -9999.0 -9999.0 -9999.0 -9999.0 -9999.0 -9999.0 -9999.0 -9999.0 -9999.0 -9999.0 -9999.0 -9999.0 -9999.0 -9999.0 -9999.0 -9999.0 -9999.0 -9999.0 -9999.0 -9999.0 -9999.0 -9999.0 -9999.0 -9999.0 -9999.0 -9999.0 -9999.0 -9999.0 -9999.0 -9999.0 -9999.0 -9999.0
-9999.0 -9999.0 -9999.0 -9999.0 -9999.0 -9999.0 -9999.0 -9999.0 -9999.0 -9999.0 -9999.0 -9999.0 -9999.0 -9999.0 -9999.0 -9999.0 -9999.0 -9999.0 -9999.0 -9999.0 -9999.0 -9999.0 -9999.0 -9999.0 -9999.0 -9999.0 -9999.0 -9999.0 -9999.0 -9999.0 -9999.0 -9999.0 -9999.0 -9999.0 -9999.0 -9999.0 -9999.0 -9999.0 -9999.0 -9999.0 -9999.0 -9999.0 -9999.0 -9999.0 -9999.0 -9999.0 -9999.0 -9999.0 -9999.0 -9999.0 -9999.0 -9999.0 -9999.0 -9999.0 -9999.0 -9999.0 -9999.0 -9999.0 -9999.0 -9999.0 -9999.0 -9999.0 -9999.0 -9999.0 -9999.0 -9999.0 -9999.0 -9999.0 -9999.0 -9999.0 -9999.0 -9999.0 -9999.0 -9999.0 -9999.0 -9999.0 -9999.0 -9999.0 -9999.0 -9999.0
-9999.0 -9999.0 -9999.0 -9999.0 -9999.0 -9999.0 -9999.0 -9999.0 -9999.0 -9999.0 -9999.0 -9999.0 -9999.0 -9999.0 -9999.0 -9999.0 -9999.0 -9999.0 -9999.0 -9999.0 3725.108700 3725.772248 3704.092701 3669.786028 3641.328428 3642.898003 3675.321177 3715.609298 3754.225433 3760.941432 3741.419763 3745.207330 3740.570791 3735.306175 3734.938692 3742.658673 3749.546244 3758.879132 3765.491789 3762.793911 3755.169573 3750.132528 3753.079743 3754.420327 3760.835374 3745.744983 3762.092173 3778.571885 3783.209011 3780.895504 3757.734550 3746.473764 3738.787333 3723.373462 3750.481965 3762.328130 3786.137065 3791.063331 3789.257446 3762.821771 3732.937272 -9999.0 -9999.0 -9999.0 -9999.0 -9999.0 -9999.0 -9999.0 -9999.0 -9999.0 -9999.0 -9999.0 -9999.0 -9999.0 -9999.0 -9999.0 -9999.0 -9999.0 -9999.0 -9999.0
-9999.0 -9999.0 -9999.0 -9999.0 -9999.0 -9999.0 -9999.0 -9999.0 -9999.0 -9999.0 -9999.0 -9999.0 -9999.0 -9999.0 3635.221761 3626.476728 3623.364408 3630.203761 3662.213707 3692.238470 3703.672915 3695.980968 3695.494053 3670.274976 3646.711324 3658.713058 3687.657763 3717.530067 3750.333935 3766.833812 3755.598894 3752.631535 3758.774108 3776.991547 3783.896883 3779.934766 3762.532157 3786.863566 3799.522508 3803.106550 3800.806551 3790.669659 3798.603381 3812.265751 3805.130213 3790.203508 3802.204924 3817.782586 3828.297782 3821.185721 3764.212084 3753.660314 3750.957735 3747.732139 3735.215246 3732.171453 3761.455478 3761.393184 3754.778793 3738.110415 3705.074542 3659.990055 3641.424205 3682.836591 3726.905243 3783.457525 -9999.0 -9999.0 -9999.0 -9999.0 -9999.0 -9999.0 -9999.0 -9999.0 -9999.0 -9999.0 -9999.0 -9999.0 -9999.0 -9999.0
-9999.0 -9999.0 -9999.0 -9999.0 -9999.0 -9999.0 -9999.0 -9999.0 -9999.0 3578.023158 3584.048994 3590.694823 3592.903394 3607.623011 3603.909965 3610.428424 3613.493724 3640.366476 3669.128628 3701.905847 3728.145187 3718.493652 3716.498277 3718.839526 3711.151095 3717.756857 3737.524595 3773.307626 3802.815851 3836.925524 3802.336434 3796.735885 3813.736181 3853.755273 3874.718888 3875.481713 3856.584837 3874.870856 3898.083934 3912.569375 3908.586243 3901.945730 3928.271223 3943.870065 3936.185843 3914.101577 3914.876775 3923.748190 3953.766592 3903.020877 3836.937021 3800.954412 3819.121582 3799.677422 3776.134401 3767.063267 3768.819256 3789.751176 3779.007971 3746.068000 3713.757979 3702.346234 3686.139480 3708.435915 3732.432370 3779.381239 3819.890639 3850.211477 3849.882988 3832.867016 -9999.0 -9999.0 -9999.0 -9999.0 -9999.0 -9999.0 -9999.0 -9999.0 -9999.0 -9999.0
-9999.0 -9999.0 -9999.0 -9999.0 -9999.0 -9999.0 3499.654766 3510.133867 3530.669554 3532.590940 3558.891837 3563.376698 3581.437580 3597.771297 3619.076887 3630.681142 3654.189131 3683.020077 3717.580168 3753.635409 3779.903122 3766.717818 3771.041543 3788.060247 3812.113836 3828.804852 3850.885160 3888.411068 3960.497706 3996.321167 3986.204602 3986.308306 3994.319193 4045.077181 4109.149660 4119.218154 4098.423804 4085.711605 4110.291908 4148.454540 4145.427565 4144.108633 4158.162954 4169.428922 4196.387357 4184.760316 4148.888631 4144.988011 4153.335807 4128.857988 4057.790334 4001.438824 3985.158815 3938.095838 3854.018873 3813.412464 3840.760499 3870.691514 3850.562641 3801.994518 3771.369261 3767.247870 3757.332417 3752.090280 3766.157332 3790.232129 3814.810320 3829.440480 3818.034026 3797.502235 3776.269984 3748.438124 3751.419968 3776.480701 -9999.0 -9999.0 -9999.0 -9999.0 -9999.0 -9999.0
-9999.0 -9999.0 -9999.0 -9999.0 3450.577962 3463.132500 3447.422486 3473.336051 3504.611869 3537.512185 3563.640726 3593.809778 3615.626857 3641.090436 3672.260398 3691.351981 3721.133225 3749.337341 3794.976595 3854.667071 3897.597707 3909.066550 3916.679182 3966.942789 4022.785100 4069.092240 4087.780396 4114.041842 4161.478837 4218.359784 4240.244627 4242.497084 4259.474372 4304.619036 4363.022244 4398.757305 4380.756796 4371.357806 4382.416020 4397.556762 4419.721835 4419.755557 4420.902499 4425.512871 4433.813288 4431.618861 4404.061936 4370.189376 4357.066616 4346.503570 4306.190154 4232.753237 4203.639500 4173.752327 4128.109607 4072.687537 4028.445757 4032.481258 3977.312978 3921.704883 3873.666830 3868.145080 3849.609745 3835.233664 3819.858721 3833.934986 3847.324945 3833.141699 3803.548219 3774.794800 3762.334465 3745.175521 3733.971616 3765.508795 3783.588197 3812.991648 -9999.0 -9999.0 -9999.0 -9999.0
-9999.0 -9999.0 3392.220741 3436.485950 3492.995332 3497.967903 3489.195728 3490.732023 3515.907735 3563.814004 3623.227599 3657.253856 3683.111542 3712.512965 3761.341039 3820.071132 3878.138409 3920.230240 3978.767426 4048.724390 4107.905275 4134.163220 4142.368539 4178.463726 4234.259019 4305.657616 4334.532470 4361.693881 4394.581234 4432.441060 4420.475310 4430.555727 4443.816467 4458.615030 4475.466854 4483.606756 4478.371801 4473.686880 4454.905998 4449.390429 4455.807447 4464.502583 4463.001747 4448.050507 4444.059156 4459.344671 4466.044658 4463.648196 4460.246433 4464.711168 4458.510932 4407.938886 4394.232391 4378.391152 4365.619662 4318.465517 4250.456145 4218.999877 4196.427981 4154.183935 4080.144160 4044.441195 4006.030098 3972.629677 3936.578872 3925.581557 3894.779770 3863.636910 3825.721484 3785.589933 3767.148696 3753.573752 3753.621155 3754.460132 3772.579870 3788.400161 3804.468490 3812.590336 -9999.0 -9999.0
-9999.0 3281.177166 3351.453647 3471.369846 3547.819943 3582.300951 3585.693676 3584.449964 3608.632205 3641.954191 3725.152861 3767.895880 3850.374647 3888.878918 3928.431545 4018.361597 4114.463892 4158.894995 4199.181590 4265.361824 4333.150864 4381.212280 4408.037790 4380.912013 4422.154081 4455.598245 4464.946335 4472.867961 4473.826466 4465.218137 4459.120845 4465.637429 4462.458181 4442.824831 4426.320395 4424.401540 4420.896080 4397.181892 4369.341230 4353.407131 4354.348279 4379.811867 4366.321284 4344.749955 4340.255025 4362.222244 4384.341603 4373.386206 4360.099657 4376.819262 4411.997417 4438.064826 4437.511394 4456.526333 4477.755254 4447.940627 4427.870443 4382.869019 4365.560183 4339.816201 4281.817550 4226.884135 4178.330028 4130.071074 4078.233160 4030.594197 3983.438527 3936.592853 3884.119055 3851.801752 3828.218445 3786.648801 3775.293456 3782.574184 3778.293071 3777.050379 3783.807921 3790.445871 -9999.0 -9999.0
-9999.0 3181.186228 3318.703196 3493.877658 3634.565291 3671.249134 3725.010146 3776.632594 3788.414094 3728.676529 3830.074059 4048.996590 4177.061137 4196.172753 4273.926275 4372.089949 4348.679732 4380.984542 4405.174728 4434.650951 4458.274981 4473.861530 4472.468760 4467.669425 4450.889775 4442.817380 4441.859338 4439.649278 4421.903170 4402.635004 4385.596481 4382.115602 4363.559077 4312.309688 4278.430410 4260.207258 4239.741510 4226.779475 4200.034230 4173.648815 4156.333473 4165.450757 4164.745809 4151.954153 4147.557366 4165.198140 4196.170118 4195.159002 4208.380301 4228.288643 4263.856372 4302.883172 4322.369543 4351.921193 4387.945758 4437.278695 4445.022108 4467.733367 4470.326826 4461.355095 4413.710675 4361.340489 4331.587810 4275.544878 4215.903414 4154.133689 4104.827142 4060.050691 4004.580655 3971.170660 3932.616782 3879.289179 3838.058206 3832.696508 3800.100294 3788.127500 -9999.0 -9999.0 -9999.0 -9999.0
-9999.0 3073.832583 3250.169688 3483.607526 3780.599509 3845.294032 4048.717449 4163.207988 4201.016269 4270.009773 4133.543850 4354.125451 4411.627832 4407.843491 4427.965302 4431.879359 4446.688970 4445.780691 4440.681190 4429.474799 4419.623469 4414.847806 4413.873784 4405.909115 4393.165025 4378.410208 4366.330333 4354.577096 4317.251129 4284.739817 4244.058377 4231.155153 4184.451048 4091.587057 4052.957152 4013.098217 3950.537018 3954.015391 3963.635644 3940.097742 3920.118592 3890.158498 3921.376559 3933.599209 3938.340552 3932.445016 3941.009826 3971.279767 4020.622679 4055.457909 4094.319423 4142.666987 4173.595093 4212.986521 4252.507242 4305.182475 4336.943151 4366.125576 4416.082167 4453.341862 4476.298874 4461.563941 4444.002477 4398.053609 4337.328195 4287.707372 4258.186077 4206.962916 4163.189028 4119.865205 4073.441626 4020.755588 3959.253215 3909.896562 3876.765327 -9999.0 -9999.0 -9999.0 -9999.0 -9999.0
-9999.0 2843.256527 3103.223622 3362.022624 3627.363015 3974.065067 4156.706963 4248.262032 4312.882648 4300.489779 4328.252597 4333.426791 4371.033909 4378.996442 4357.717010 4343.243944 4324.747803 4323.657927 4336.799290 4309.033943 4278.228119 4264.579826 4265.552263 4254.877038 4230.653289 4215.810944 4206.609199 4187.713502 4144.546389 4093.606539 4008.259903 3971.884399 3891.580734 3855.767818 3820.413720 3773.631339 3730.093209 3736.876834 3762.954066 3754.975736 3734.607988 3718.005909 3748.026774 3769.634267 3783.192550 3766.161192 3772.549681 3806.937190 3853.238049 3893.578783 3937.075472 3984.840019 4027.009683 4065.631102 4085.403547 4123.719544 4166.042556 4207.887937 4278.608461 4358.381227 4395.269951 4430.522197 4458.687779 4480.919457 4437.600817 4411.948778 4387.753494 4363.719903 4316.905459 4271.171778 4230.590548 4164.970119 4105.404141 -9999.0 -9999.0 -9999.0 -9999.0 -9999.0 -9999.0 -9999.0
-9999.0 2740.953321 2920.223938 3098.362039 3336.539209 3564.636608 3794.412130 3884.458433 3955.597016 4035.364261 4093.930178 4133.369046 4159.177170 4181.184932 4158.741047 4111.503712 4078.671511 4083.864860 4073.972265 4053.497200 4026.099788 4013.500884 4010.653786 4006.221655 3985.513206 3975.893333 3969.580986 3951.963445 3927.660856 3874.897265 3804.755079 3731.066048 3678.734977 3661.893751 3640.948856 3615.580660 3591.139304 3605.265633 3617.999221 3618.976646 3613.620864 3614.741644 3643.777938 3663.924071 3673.323191 3662.770920 3680.840862 3703.293694 3739.361149 3778.156242 3822.327155 3871.933295 3919.936228 3938.938190 3939.443207 3948.962886 3975.306613 4017.779823 4093.715109 4180.031246 4259.483032 4305.703555 4357.040668 4397.750573 4426.767407 4450.063917 4473.702758 4467.712202 4440.974801 4407.142567 4347.363357 -9999.0 -9999.0 -9999.0 -9999.0 -9999.0 -9999.0 -9999.0 -9999.0 -9999.0
-9999.0 -9999.0 2704.434542 2839.903025 2924.163722 3073.958070 3209.479743 3313.730535 3417.382265 3565.280501 3691.874611 3788.169191 3835.687834 3851.484387 3838.106008 3811.056316 3794.933800 3794.446040 3782.384350 3777.191902 3764.324281 3759.745682 3747.665500 3740.613053 3738.215059 3738.998192 3737.706653 3730.551576 3715.318405 3675.468506 3641.673745 3599.354757 3555.169397 3535.155230 3518.704207 3503.617724 3509.742581 3505.125045 3511.056691 3514.725148 3525.412943 3540.246930 3559.513388 3582.500565 3592.172713 3602.725863 3613.141408 3634.177104 3663.320946 3702.946345 3753.781119 3808.188668 3843.530764 3849.467467 3830.098271 3823.435580 3829.619399 3856.560847 3917.418612 3985.319422 4076.020913 4142.195855 4209.335686 4265.968924 4293.113560 4329.515464 4400.993724 4449.114144 4493.124713 4470.635476 -9999.0 -9999.0 -9999.0 -9999.0 -9999.0 -9999.0 -9999.0 -9999.0 -9999.0 -9999.0
-9999.0 -9999.0 -9999.0 -9999.0 2711.566864 2839.171785 2933.963123 3002.976180 3135.696232 3265.770041 3371.712096 3459.804380 3530.803454 3557.163427 3560.100806 3580.266582 3580.504239 3570.557532 3559.463841 3566.198653 3573.063772 3567.545886 3550.374949 3545.204387 3550.952239 3560.920368 3560.781471 3549.790021 3533.496343 3523.455784 3514.416898 3486.649656 3457.257386 3432.201671 3422.440972 3421.774556 3423.340674 3416.244416 3425.319668 3435.374891 3451.952701 3467.286839 3490.796588 3520.758447 3535.751233 3550.311341 3558.379001 3576.065398 3604.131612 3655.119975 3716.391559 3772.668803 3806.403013 3806.181396 3776.835185 3754.100522 3740.178032 3756.051450 3783.235703 3831.926457 3920.427972 3982.234748 4026.093441 4063.680485 4099.989239 4166.284900 4262.866995 4345.203908 -9999.0 -9999.0 -9999.0 -9999.0 -9999.0 -9999.0 -9999.0 -9999.0 -9999.0 -9999.0 -9999.0 -9999.0
-9999.0 -9999.0 -9999.0 -9999.0 -9999.0 -9999.0 2693.055558 2800.335733 2840.190434 2988.140233 3136.899136 3244.104834 3328.190428 3365.589257 3401.922966 3433.726076 3435.213292 3414.515030 3391.999497 3415.175556 3436.596512 3430.457109 3397.702975 3400.654542 3409.649528 3418.916902 3418.114479 3414.508767 3392.581419 3413.608246 3421.929876 3402.320764 3379.974848 3370.419769 3361.064761 3372.779610 3374.224432 3360.589969 3359.703400 3388.604063 3410.375907 3423.350559 3444.167033 3477.386440 3509.856372 3525.526606 3525.992677 3529.887066 3565.193202 3632.653695 3703.374802 3758.344203 3789.177007 3793.379452 3761.969098 3716.448329 3689.490282 3687.119820 3709.870736 3747.266317 3807.019851 3841.907720 3850.373577 3848.441851 3858.530195 3959.692702 -9999.0 -9999.0 -9999.0 -9999.0 -9999.0 -9999.0 -9999.0 -9999.0 -9999.0 -9999.0 -9999.0 -9999.0 -9999.0 -9999.0
-9999.0 -9999.0 -9999.0 -9999.0 -9999.0 -9999.0 -9999.0 -9999.0 -9999.0 -9999.0 -9999.0 -9999.0 -9999.0 -9999.0 -9999.0 -9999.0 -9999.0 -9999.0 -9999.0 -9999.0 -9999.0 -9999.0 -9999.0 -9999.0 -9999.0 -9999.0 -9999.0 -9999.0 -9999.0 -9999.0 -9999.0 -9999.0 -9999.0 -9999.0 -9999.0 -9999.0 -9999.0 -9999.0 -9999.0 -9999.0 -9999.0 -9999.0 -9999.0 -9999.0 -9999.0 -9999.0 -9999.0 -9999.0 -9999.0 -9999.0 -9999.0 -9999.0 -9999.0 -9999.0 -9999.0 -9999.0 -9999.0 -9999.0 -9999.0 -9999.0 -9999.0 -9999.0 -9999.0 -9999.0 -9999.0 -9999.0 -9999.0 -9999.0 -9999.0 -9999.0 -9999.0 -9999.0 -9999.0 -9999.0 -9999.0 -9999.0 -9999.0 -9999.0 -9999.0 -9999.0
-9999.0 -9999.0 -9999.0 -9999.0 -9999.0 -9999.0 -9999.0 -9999.0 -9999.0 -9999.0 -9999.0 -9999.0 -9999.0 -9999.0 -9999.0 -9999.0 -9999.0 -9999.0 -9999.0 -9999.0 -9999.0 -9999.0 -9999.0 -9999.0 -9999.0 -9999.0 -9999.0 -9999.0 -9999.0 -9999.0 -9999.0 -9999.0 -9999.0 -9999.0 -9999.0 -9999.0 -9999.0 -9999.0 -9999.0 -9999.0 -9999.0 -9999.0 -9999.0 -9999.0 -9999.0 -9999.0 -9999.0 -9999.0 -9999.0 -9999.0 -9999.0 -9999.0 -9999.0 -9999.0 -9999.0 -9999.0 -9999.0 -9999.0 -9999.0 -9999.0 -9999.0 -9999.0 -9999.0 -9999.0 -9999.0 -9999.0 -9999.0 -9999.0 -9999.0 -9999.0 -9999.0 -9999.0 -9999.0 -9999.0 -9999.0 -9999.0 -9999.0 -9999.0 -9999.0 -9999.0