Borden_/Borden1m_014/output_maps/psiliqL0004N0027.asc
ncols         80
nrows         18
xllcorner     620200.000000
yllcorner     5168000.000000
cellsize      1.000000
NODATA_value  -9999.0
-9999.0 -9999.0 -9999.0 -9999.0 -9999.0 -9999.0 -9999.0 -9999.0 -9999.0 -9999.0 -9999.0 -9999.0 -9999.0 -9999.0 -9999.0 -9999.0 -9999.0 -9999.0 -9999.0 -9999.0 -9999.0 -9999.0 -9999.0 -9999.0 -9999.0 -9999.0 -9999.0 -9999.0 -9999.0 -9999.0 -9999.0 -9999.0 -9999.0 -9999.0 -9999.0 -9999.0 -9999.0 -9999.0 -9999.0 -9999.0 -9999.0 -9999.0 -9999.0 -9999.0 -9999.0 -9999.0 -9999.0 -9999.0 -9999.0 -9999.0 -9999.0 -9999.0 -9999.0 -9999.0 -9999.0 -9999.0 -9999.0 -9999.0 -9999.0 -9999.0 -9999.0 -9999.0 -9999.0 -9999.0 -9999.0 -9999.0 -9999.0 -9999.0 -9999.0 -9999.0 -9999.0 -9999.0 -9999.0 -9999.0 -9999.0 -9999.0 -9999.0 -9999.0 -9999.0 -9999.0
-9999.0 -9999.0 -9999.0 -9999.0 -9999.0 -9999.0 -9999.0 -9999.0 -9999.0 -9999.0 -9999.0 -9999.0 -9999.0 -9999.0 -9999.0 -9999.0 -9999.0 -9999.0 -9999.0 -9999.0 -9999.0 -9999.0 -9999.0 -9999.0 -9999.0 -9999.0 -9999.0 -9999.0 -9999.0 -9999.0 -9999.0 -9999.0 -9999.0 -9999.0 -9999.0 -9999.0 -9999.0 -9999.0 -9999.0 -9999.0 -9999.0 -9999.0 -9999.0 -9999.0 -9999.0 -9999.0 -9999.0 -9999.0 -9999.0 -9999.0 -9999.0 -9999.0 -9999.0 -9999.0 -9999.0 -9999.0 -9999.0 -9999.0 -9999.0 -9999.0 -9999.0 -9999.0 -9999.0 -9999.0 -9999.0 -9999.0 -9999.0 -9999.0 -9999.0 -9999.0 -9999.0 -9999.0 -9999.0 -9999.0 -9999.0 -9999.0 -9999.0 -9999.0 -9999.0 -9999.0
-9999.0 -9999.0 -9999.0 -9999.0 -9999.0 -9999.0 -9999.0 -9999.0 -9999.0 -9999.0 -9999.0 -9999.0 -9999.0 -9999.0 -9999.0 -9999.0 -9999.0 -9999.0 -9999.0 -9999.0 -602.731441 -600.472789 -606.640730 -614.124991 -620.319048 -620.824378 -613.746210 -605.295901 -595.984640 -593.881201 -600.546369 -599.206214 -601.682867 -602.899117 -602.792233 -600.875359 -599.955712 -596.942848 -594.918523 -595.562703 -597.690561 -599.315241 -600.444507 -599.816159 -597.611264 -600.796051 -596.057273 -591.184367 -589.330500 -589.817343 -596.881737 -600.092029 -601.412197 -606.546110 -597.264775 -594.038991 -586.687114 -585.695970 -584.847541 -593.102175 -601.447227 -9999.0 -9999.0 -9999.0 -9999.0 -9999.0 -9999.0 -9999.0 -9999.0 -9999.0 -9999.0 -9999.0 -9999.0 -9999.0 -9999.0 -9999.0 -9999.0 -9999.0 -9999.0 -9999.0
-9999.0 -9999.0 -9999.0 -9999.0 -9999.0 -9999.0 -9999.0 -9999.0 -9999.0 -9999.0 -9999.0 -9999.0 -9999.0 -9999.0 -616.813705 -619.915238 -621.304833 -621.701593 -615.301671 -609.948946 -608.986170 -612.148507 -610.059345 -616.731379 -622.617082 -619.039013 -613.308843 -607.973290 -600.127024 -594.489595 -599.276110 -600.456778 -597.628530 -588.286872 -583.853755 -585.548635 -595.582458 -585.905493 -580.451604 -577.017806 -577.482695 -581.937344 -575.459449 -568.018764 -571.583974 -579.534627 -577.897544 -573.182448 -565.987428 -570.649160 -596.375269 -600.282948 -599.439282 -599.512844 -603.232539 -605.645472 -596.162028 -596.999523 -598.840086 -601.594375 -608.318091 -618.373917 -622.679641 -612.696953 -602.931355 -585.006811 -9999.0 -9999.0 -9999.0 -9999.0 -9999.0 -9999.0 -9999.0 -9999.0 -9999.0 -9999.0 -9999.0 -9999.0 -9999.0 -9999.0
-9999.0 -9999.0 -9999.0 -9999.0 -9999.0 -9999.0 -9999.0 -9999.0 -9999.0 -623.612927 -624.196279 -623.203376 -624.904246 -621.956221 -625.961658 -624.773638 -625.178718 -620.668769 -616.396604 -609.808830 -602.057531 -607.049900 -607.653942 -603.852311 -603.069027 -600.947920 -596.685793 -583.840984 -569.202194 -549.128260 -565.127234 -565.940599 -556.470309 -525.192457 -497.383450 -489.095956 -503.277641 -502.875747 -484.698426 -463.088348 -463.048795 -464.795534 -440.872136 -426.028796 -416.638148 -438.378109 -459.551439 -462.696928 -435.743494 -483.285513 -525.932045 -560.327042 -558.751990 -572.215291 -587.618970 -593.930323 -595.660929 -585.266777 -589.734550 -600.580927 -609.718333 -608.357788 -613.049224 -608.278655 -604.041466 -589.983433 -577.393412 -565.971154 -565.450638 -572.484241 -9999.0 -9999.0 -9999.0 -9999.0 -9999.0 -9999.0 -9999.0 -9999.0 -9999.0 -9999.0
-9999.0 -9999.0 -9999.0 -9999.0 -9999.0 -9999.0 -630.930720 -631.004305 -628.892835 -633.678499 -629.400030 -631.578590 -628.318582 -626.475392 -623.944946 -623.134526 -617.483257 -612.017106 -603.240653 -591.958257 -581.974918 -586.092035 -583.372618 -569.927135 -545.938376 -524.697057 -510.794091 -485.916211 -406.921179 -344.431037 -318.749777 -305.547617 -289.023478 -260.033889 -206.259595 -149.536183 -210.274272 -230.355859 -215.091473 -173.743819 -98.911143 -96.011880 -90.193081 -82.816917 -57.005107 -63.927450 -167.839050 -197.408602 -206.103565 -214.814866 -253.273108 -295.255654 -361.792162 -428.589054 -498.705512 -535.472961 -541.175960 -534.390681 -550.670916 -573.470602 -588.089337 -589.047064 -592.304697 -597.250779 -594.790417 -588.838892 -580.296365 -575.230583 -579.261817 -585.194603 -590.342358 -599.240602 -598.021969 -589.536152 -9999.0 -9999.0 -9999.0 -9999.0 -9999.0 -9999.0
-9999.0 -9999.0 -9999.0 -9999.0 -639.874566 -637.269659 -644.619417 -640.059665 -636.188695 -632.936561 -631.883917 -626.534105 -624.294862 -620.070393 -611.911721 -604.973113 -593.722031 -584.697213 -563.116539 -523.870540 -487.307573 -464.594395 -449.393006 -363.761090 -286.476628 -249.301259 -236.609068 -214.194573 -166.316565 -50.356368 -46.429105 -17.241924 1.931290 26.875629 66.515881 100.045904 80.871447 72.324088 76.252238 84.562567 109.432144 110.432866 111.343371 111.579438 113.683617 115.085426 93.803327 63.338054 48.733383 13.165081 24.180632 -34.861928 -133.414942 -173.245697 -198.648669 -234.811147 -284.644548 -310.922791 -394.097083 -458.941154 -511.990885 -530.404408 -548.856006 -559.513996 -572.827461 -570.693982 -567.402293 -574.509585 -584.351353 -593.857353 -595.939884 -600.350480 -604.402483 -593.659151 -589.138728 -577.557180 -9999.0 -9999.0 -9999.0 -9999.0
-9999.0 -9999.0 -641.482022 -640.356374 -632.690050 -636.342559 -638.750744 -642.016908 -639.823547 -631.970115 -617.400061 -609.694624 -599.357791 -592.981831 -571.442773 -524.606939 -471.698475 -423.070187 -335.919291 -273.711667 -228.463608 -189.151978 -110.263983 -70.679875 -25.928547 23.630352 41.143248 64.764594 86.283970 115.588650 139.916748 155.446555 161.615586 155.365463 155.745415 153.056231 151.760431 146.884031 130.537847 128.464032 135.602074 138.027829 141.062020 129.167579 125.336326 137.886009 139.489595 140.295325 141.650890 148.951238 160.333097 131.173680 78.265996 66.542295 61.532339 25.348274 -34.454151 -125.826560 -157.680240 -197.735369 -261.572177 -298.213389 -368.230956 -442.046196 -493.640905 -517.046387 -541.965089 -558.878904 -575.228703 -590.492307 -595.903616 -599.424434 -597.956973 -598.928292 -593.114958 -588.354168 -582.102461 -579.508372 -9999.0 -9999.0
-9999.0 -645.067894 -646.237788 -632.302502 -627.910943 -623.974568 -619.492094 -615.662285 -611.365626 -614.050050 -577.700359 -517.964116 -457.814853 -430.657630 -352.157741 -253.789747 -109.864835 -73.715785 -49.071521 -5.495816 38.575698 80.275890 105.444018 137.584460 161.020218 157.977430 153.588959 153.776975 144.536829 137.761199 127.508661 135.517246 133.959762 119.064354 107.220864 106.221724 102.834960 77.795236 52.621475 40.589451 45.382709 65.799781 53.910348 36.194746 32.536945 52.234112 67.277329 59.305506 45.326899 38.175306 92.370261 111.728292 128.151054 142.001538 161.993776 140.007352 107.690705 70.545494 55.721566 30.579509 -70.554165 -133.317199 -186.433961 -245.205931 -292.699178 -374.318149 -457.359528 -504.473747 -541.083425 -556.712938 -567.127531 -587.096765 -593.072921 -589.539162 -592.265438 -592.644263 -590.068527 -587.950106 -9999.0 -9999.0
-9999.0 -657.351944 -644.825890 -628.327373 -607.039385 -600.586949 -546.508449 -499.677738 -483.802124 -504.121123 -392.158031 -109.019917 -45.232401 -40.333669 13.464275 81.672277 122.831235 145.718412 158.559548 151.859595 144.808356 148.195474 143.394598 134.997089 121.317349 115.006655 114.169194 112.629313 94.715438 77.555096 60.549200 61.320364 46.289213 14.442999 -15.276966 -28.309175 -50.163658 -112.801686 -156.209334 -185.671995 -198.816324 -179.829419 -190.056458 -207.540397 -210.974218 -187.958137 -154.185942 -159.551343 -153.318827 -129.237871 -84.385726 -4.380979 16.545945 42.018641 74.668450 112.658906 130.858818 150.065807 156.460160 132.132586 92.052159 48.678153 19.882416 -82.694556 -155.176516 -230.020294 -275.209773 -311.228833 -398.944872 -456.971317 -498.863554 -534.669896 -562.364168 -570.051680 -584.681222 -588.476202 -9999.0 -9999.0 -9999.0 -9999.0
-9999.0 -659.124230 -646.473493 -616.749036 -548.746434 -468.251419 -288.652831 -165.179194 -10.925240 -44.050544 62.106236 140.198461 150.310827 134.997354 110.180099 107.249315 117.071772 119.215366 114.547743 106.071649 95.055055 92.336780 90.117945 82.502644 70.566269 57.397789 45.904909 34.810434 -47.302214 -83.949177 -111.997533 -128.696017 -163.180721 -240.707292 -268.350765 -287.880001 -354.480172 -373.555601 -393.302000 -431.688804 -450.712733 -462.735643 -447.013649 -450.336522 -451.426445 -441.749092 -416.244063 -394.258468 -335.917994 -294.015842 -265.549585 -223.187607 -191.087910 -146.525211 -94.825860 1.904044 29.771512 54.758381 96.200433 133.149886 153.550161 146.417567 117.820850 80.861604 23.471004 -85.186032 -135.155586 -198.144492 -249.969522 -284.756104 -311.223686 -378.356183 -465.803455 -528.954525 -547.703305 -9999.0 -9999.0 -9999.0 -9999.0 -9999.0
-9999.0 -677.410308 -648.107041 -622.839841 -516.167326 -277.739722 -188.098455 62.105502 121.648984 50.592287 -46.540194 26.776795 59.035763 62.143402 38.607930 30.032551 23.999322 23.257175 34.977494 7.058954 -64.348787 -82.772796 -84.859779 -97.968257 -121.764317 -141.550653 -156.617400 -178.052825 -227.983462 -262.784348 -311.290473 -348.891848 -440.864921 -498.891780 -527.684735 -552.985403 -577.569998 -577.262607 -569.586681 -576.599707 -584.589528 -592.495853 -582.628494 -577.693095 -573.416626 -578.362898 -576.289470 -562.699903 -540.645387 -517.882841 -483.516000 -430.602047 -368.565032 -297.623450 -273.315347 -231.214549 -188.760081 -140.024290 -66.009730 48.526431 77.326016 108.229007 144.050535 161.650349 122.601250 83.529123 31.088941 -73.960521 -164.101854 -203.352648 -223.451223 -249.502521 -286.904880 -9999.0 -9999.0 -9999.0 -9999.0 -9999.0 -9999.0 -9999.0
-9999.0 -687.105674 -656.494931 -649.884881 -607.610322 -525.967570 -399.078150 -274.227521 -124.821143 -230.347178 -242.945251 -222.044442 -196.522670 -176.234035 -198.028036 -226.908099 -245.746264 -242.169342 -240.691389 -258.228796 -279.176713 -288.067894 -288.881862 -297.732607 -335.840359 -362.383501 -379.094596 -409.819766 -452.388902 -496.295171 -547.194898 -575.022876 -595.437819 -603.489314 -609.483321 -615.677230 -625.801486 -620.708230 -616.473095 -617.551289 -620.734432 -622.879532 -615.235430 -612.030385 -609.553956 -615.749130 -610.840897 -605.630917 -594.953843 -583.739429 -568.389466 -547.020475 -521.047350 -502.379042 -488.639750 -460.296584 -408.340317 -319.318088 -254.038598 -164.125447 -89.495351 -2.688513 46.603905 77.197328 96.208768 109.843116 112.843337 73.379825 -135.440884 -163.139427 -169.875160 -9999.0 -9999.0 -9999.0 -9999.0 -9999.0 -9999.0 -9999.0 -9999.0 -9999.0
-9999.0 -9999.0 -694.229932 -680.903324 -669.364232 -655.388846 -635.548748 -611.475015 -591.693631 -566.950870 -533.076063 -495.825540 -470.350208 -458.032886 -474.061835 -504.186522 -521.081467 -520.246009 -524.916654 -533.807859 -549.015835 -554.505269 -558.463462 -561.714844 -568.639481 -571.669194 -573.126464 -576.244250 -582.889945 -596.987854 -609.757557 -619.137670 -628.831338 -629.565060 -631.507546 -634.753010 -632.697470 -633.290266 -632.374693 -632.673811 -631.857605 -630.252377 -628.071865 -625.260663 -624.756997 -623.891284 -622.641952 -619.406456 -614.417556 -607.627635 -595.711764 -579.342362 -566.928192 -563.734238 -569.371223 -567.539924 -559.025067 -538.444563 -477.590560 -366.262924 -276.222412 -216.602776 -145.830496 -97.408466 -74.833144 -9.971877 38.796497 -79.443283 -207.878220 -193.559279 -9999.0 -9999.0 -9999.0 -9999.0 -9999.0 -9999.0 -9999.0 -9999.0 -9999.0 -9999.0
-9999.0 -9999.0 -9999.0 -9999.0 -700.227688 -681.246974 -664.642123 -665.268893 -652.112754 -642.753620 -633.485467 -622.836089 -614.009569 -608.819979 -614.120255 -615.512519 -616.963061 -616.520960 -618.019388 -619.494605 -620.325040 -621.477684 -622.842639 -624.287073 -623.835559 -622.565237 -622.351752 -624.797989 -625.545301 -630.121577 -631.388185 -634.619772 -637.701728 -640.831675 -640.594470 -640.944335 -639.838771 -641.134013 -639.158172 -640.024052 -638.317811 -637.327138 -635.059940 -631.579747 -632.114148 -630.131052 -629.718331 -626.997274 -624.937910 -617.117093 -604.957683 -591.276734 -582.061107 -582.172716 -592.740826 -597.719279 -600.145960 -592.856778 -579.731775 -553.222083 -492.073743 -417.418687 -316.827717 -275.392270 -249.855540 -205.931728 -157.918010 -144.016119 -9999.0 -9999.0 -9999.0 -9999.0 -9999.0 -9999.0 -9999.0 -9999.0 -9999.0 -9999.0 -9999.0 -9999.0
-9999.0 -9999.0 -9999.0 -9999.0 -9999.0 -9999.0 -692.095413 -682.523706 -684.954755 -676.847986 -669.269972 -663.084075 -654.679278 -654.772877 -652.231824 -646.383731 -647.189753 -650.125825 -653.705049 -648.654168 -646.326237 -646.012990 -651.743272 -650.334929 -649.673001 -647.518850 -647.733959 -647.032146 -651.841549 -646.493657 -644.042810 -645.435158 -646.806548 -646.075859 -647.321617 -643.998067 -643.604979 -646.329723 -647.060131 -642.974261 -641.563591 -641.800086 -640.622133 -637.386028 -633.008656 -632.043973 -633.574064 -635.565476 -630.574839 -619.456373 -606.539078 -594.958490 -587.456438 -585.349459 -594.755474 -607.306870 -613.674563 -614.091331 -608.002251 -596.485290 -571.847797 -554.277878 -539.722459 -523.619864 -503.296257 -406.978423 -9999.0 -9999.0 -9999.0 -9999.0 -9999.0 -9999.0 -9999.0 -9999.0 -9999.0 -9999.0 -9999.0 -9999.0 -9999.0 -9999.0
-9999.0 -9999.0 -9999.0 -9999.0 -9999.0 -9999.0 -9999.0 -9999.0 -9999.0 -9999.0 -9999.0 -9999.0 -9999.0 -9999.0 -9999.0 -9999.0 -9999.0 -9999.0 -9999.0 -9999.0 -9999.0 -9999.0 -9999.0 -9999.0 -9999.0 -9999.0 -9999.0 -9999.0 -9999.0 -9999.0 -9999.0 -9999.0 -9999.0 -9999.0 -9999.0 -9999.0 -9999.0 -9999.0 -9999.0 -9999.0 -9999.0 -9999.0 -9999.0 -9999.0 -9999.0 -9999.0 -9999.0 -9999.0 -9999.0 -9999.0 -9999.0 -9999.0 -9999.0 -9999.0 -9999.0 -9999.0 -9999.0 -9999.0 -9999.0 -9999.0 -9999.0 -9999.0 -9999.0 -9999.0 -9999.0 -9999.0 -9999.0 -9999.0 -9999.0 -9999.0 -9999.0 -9999.0 -9999.0 -9999.0 -9999.0 -9999.0 -9999.0 -9999.0 -9999.0 -9999.0
-9999.0 -9999.0 -9999.0 -9999.0 -9999.0 -9999.0 -9999.0 -9999.0 -9999.0 -9999.0 -9999.0 -9999.0 -9999.0 -9999.0 -9999.0 -9999.0 -9999.0 -9999.0 -9999.0 -9999.0 -9999.0 -9999.0 -9999.0 -9999.0 -9999.0 -9999.0 -9999.0 -9999.0 -9999.0 -9999.0 -9999.0 -9999.0 -9999.0 -9999.0 -9999.0 -9999.0 -9999.0 -9999.0 -9999.0 -9999.0 -9999.0 -9999.0 -9999.0 -9999.0 -9999.0 -9999.0 -9999.0 -9999.0 -9999.0 -9999.0 -9999.0 -9999.0 -9999.0 -9999.0 -9999.0 -9999.0 -9999.0 -9999.0 -9999.0 -9999.0 -9999.0 -9999.0 -9999.0 -9999.0 -9999.0 -9999.0 -9999.0 -9999.0 -9999.0 -9999.0 -9999.0 -9999.0 -9999.0 -9999.0 -9999.0 -9999.0 -9999.0 -9999.0 -9999.0 -9999.0