Borden_/Borden1m_014/output_maps/psiliqL0024N0001.asc
ncols         80
nrows         18
xllcorner     620200.000000
yllcorner     5168000.000000
cellsize      1.000000
NODATA_value  -9999.0
-9999.0 -9999.0 -9999.0 -9999.0 -9999.0 -9999.0 -9999.0 -9999.0 -9999.0 -9999.0 -9999.0 -9999.0 -9999.0 -9999.0 -9999.0 -9999.0 -9999.0 -9999.0 -9999.0 -9999.0 -9999.0 -9999.0 -9999.0 -9999.0 -9999.0 -9999.0 -9999.0 -9999.0 -9999.0 -9999.0 -9999.0 -9999.0 -9999.0 -9999.0 -9999.0 -9999.0 -9999.0 -9999.0 -9999.0 -9999.0 -9999.0 -9999.0 -9999.0 -9999.0 -9999.0 -9999.0 -9999.0 -9999.0 -9999.0 -9999.0 -9999.0 -9999.0 -9999.0 -9999.0 -9999.0 -9999.0 -9999.0 -9999.0 -9999.0 -9999.0 -9999.0 -9999.0 -9999.0 -9999.0 -9999.0 -9999.0 -9999.0 -9999.0 -9999.0 -9999.0 -9999.0 -9999.0 -9999.0 -9999.0 -9999.0 -9999.0 -9999.0 -9999.0 -9999.0 -9999.0
-9999.0 -9999.0 -9999.0 -9999.0 -9999.0 -9999.0 -9999.0 -9999.0 -9999.0 -9999.0 -9999.0 -9999.0 -9999.0 -9999.0 -9999.0 -9999.0 -9999.0 -9999.0 -9999.0 -9999.0 -9999.0 -9999.0 -9999.0 -9999.0 -9999.0 -9999.0 -9999.0 -9999.0 -9999.0 -9999.0 -9999.0 -9999.0 -9999.0 -9999.0 -9999.0 -9999.0 -9999.0 -9999.0 -9999.0 -9999.0 -9999.0 -9999.0 -9999.0 -9999.0 -9999.0 -9999.0 -9999.0 -9999.0 -9999.0 -9999.0 -9999.0 -9999.0 -9999.0 -9999.0 -9999.0 -9999.0 -9999.0 -9999.0 -9999.0 -9999.0 -9999.0 -9999.0 -9999.0 -9999.0 -9999.0 -9999.0 -9999.0 -9999.0 -9999.0 -9999.0 -9999.0 -9999.0 -9999.0 -9999.0 -9999.0 -9999.0 -9999.0 -9999.0 -9999.0 -9999.0
-9999.0 -9999.0 -9999.0 -9999.0 -9999.0 -9999.0 -9999.0 -9999.0 -9999.0 -9999.0 -9999.0 -9999.0 -9999.0 -9999.0 -9999.0 -9999.0 -9999.0 -9999.0 -9999.0 -9999.0 2925.271133 2926.371849 2904.450947 2870.183346 2841.702145 2843.231723 2875.982114 2916.213524 2954.453353 2961.783694 2942.504970 2945.735830 2940.926583 2936.586566 2936.802660 2944.103848 2950.112101 2959.801738 2966.705455 2964.441717 2957.085722 2951.900368 2953.974877 2955.713533 2961.834618 2948.044044 2963.820769 2980.054094 2985.084892 2982.354939 2958.619817 2946.642413 2939.030399 2923.973413 2950.648789 2962.738176 2986.460901 2991.375934 2989.805919 2963.388208 2933.570562 -9999.0 -9999.0 -9999.0 -9999.0 -9999.0 -9999.0 -9999.0 -9999.0 -9999.0 -9999.0 -9999.0 -9999.0 -9999.0 -9999.0 -9999.0 -9999.0 -9999.0 -9999.0 -9999.0
-9999.0 -9999.0 -9999.0 -9999.0 -9999.0 -9999.0 -9999.0 -9999.0 -9999.0 -9999.0 -9999.0 -9999.0 -9999.0 -9999.0 2835.665760 2826.583186 2823.396831 2830.449611 2862.647444 2892.510306 2904.122903 2896.377639 2895.877310 2870.912584 2847.934589 2860.184353 2888.971706 2918.871680 2951.643836 2968.705143 2957.099822 2954.081085 2960.938993 2980.751294 2988.983386 2985.186729 2967.100887 2990.927639 3004.129765 3008.737786 3006.631853 2996.766738 3005.879435 3019.937997 3012.910631 2997.603749 3007.976030 3022.794909 3034.116016 3025.731088 2967.720616 2955.411079 2952.878294 2949.246631 2936.832996 2933.281647 2961.778927 2962.074159 2955.319657 2938.597397 2905.908983 2861.172029 2842.889106 2883.772821 2927.974098 2984.841741 -9999.0 -9999.0 -9999.0 -9999.0 -9999.0 -9999.0 -9999.0 -9999.0 -9999.0 -9999.0 -9999.0 -9999.0 -9999.0 -9999.0
-9999.0 -9999.0 -9999.0 -9999.0 -9999.0 -9999.0 -9999.0 -9999.0 -9999.0 2779.250997 2784.302315 2790.934095 2792.942683 2807.717531 2804.325400 2810.800718 2814.684793 2841.188742 2870.171242 2903.161492 2929.706749 2919.836978 2918.117400 2922.179261 2917.144935 2924.726610 2944.372587 2980.591457 3011.999555 3047.060791 3013.617044 3008.569824 3025.747088 3067.185966 3091.022154 3093.279004 3074.568807 3089.883588 3113.147257 3129.178969 3125.644052 3119.820627 3145.256671 3160.072762 3154.976481 3133.985690 3131.629764 3138.543475 3167.566423 3117.648874 3052.842261 3013.964714 3029.197902 3007.965533 2981.476588 2970.138148 2971.171630 2992.482838 2981.149547 2947.676875 2914.842885 2904.042481 2887.980007 2909.230759 2933.101064 2980.164003 3020.356873 3050.480128 3050.437378 3033.493887 -9999.0 -9999.0 -9999.0 -9999.0 -9999.0 -9999.0 -9999.0 -9999.0 -9999.0 -9999.0
-9999.0 -9999.0 -9999.0 -9999.0 -9999.0 -9999.0 2700.904993 2711.070528 2731.485239 2734.187467 2760.177015 2765.325768 2782.532456 2799.272191 2820.199041 2832.635294 2857.315198 2886.532839 2922.078186 2959.300081 2986.341715 2974.662330 2979.740869 2999.581957 3026.879179 3046.162367 3068.069025 3104.902932 3176.222349 3212.130321 3205.989366 3206.858352 3214.954221 3264.655515 3328.205044 3339.499292 3318.962716 3305.675592 3328.533255 3365.316728 3364.039039 3362.888443 3375.318189 3385.812096 3412.495014 3402.144092 3366.350998 3360.190070 3365.957771 3344.602994 3277.555347 3220.479031 3200.787964 3155.090680 3073.445495 3030.217216 3052.416601 3079.833418 3058.238769 3009.408200 2977.023159 2971.999246 2961.519611 2954.840332 2967.467772 2990.859823 3015.436628 3029.676989 3018.332917 2998.026087 2976.609981 2948.758029 2951.594963 2976.798643 -9999.0 -9999.0 -9999.0 -9999.0 -9999.0 -9999.0
-9999.0 -9999.0 -9999.0 -9999.0 2651.733904 2664.252083 2649.424756 2674.954863 2706.519812 2739.665648 2767.144637 2796.641018 2819.176354 2845.136553 2877.991358 2900.365322 2932.271752 2961.172038 3007.889558 3068.579102 3112.464582 3126.110672 3134.308425 3184.967829 3240.802929 3287.765914 3306.102021 3331.403247 3375.802440 3431.750446 3454.077041 3457.110358 3473.950239 3515.904289 3570.688255 3605.358621 3587.952262 3579.179451 3588.619240 3602.353905 3624.478962 3624.568223 3625.668025 3629.495354 3636.728497 3635.249688 3609.310976 3576.199677 3563.378683 3553.592313 3517.105884 3446.073557 3415.346797 3387.231060 3346.901180 3293.906672 3245.118805 3244.877619 3191.266487 3137.424957 3087.238475 3078.636120 3058.251501 3042.325764 3024.623180 3036.580893 3048.379372 3033.578834 3004.234442 2975.207130 2962.520251 2945.286294 2934.467900 2965.789502 2983.893198 3013.687530 -9999.0 -9999.0 -9999.0 -9999.0
-9999.0 -9999.0 2593.517955 2638.878816 2695.188713 2700.896602 2694.458323 2696.943660 2722.859679 2771.758041 2831.589210 2868.690624 2897.679591 2926.713376 2976.843911 3039.388501 3099.049411 3140.713740 3197.377205 3265.469156 3323.911187 3350.698858 3359.725358 3394.694560 3448.420897 3515.852066 3543.258879 3569.220026 3600.247411 3635.761741 3630.259958 3641.347918 3653.195780 3664.576715 3678.265679 3684.710312 3680.078717 3675.529098 3657.107519 3652.156326 3658.686155 3666.257060 3665.593786 3651.102340 3647.143581 3661.949810 3667.871935 3665.999120 3663.545757 3668.731417 3665.349942 3618.451431 3598.284753 3583.471821 3572.482705 3527.002426 3461.227865 3428.405861 3407.761093 3367.737283 3295.100033 3256.943136 3217.514305 3182.583776 3144.863309 3130.910654 3098.206174 3066.153162 3027.632686 2987.138858 2968.165329 2953.978734 2953.849903 2954.871532 2972.744681 2988.660571 3004.700228 3012.813250 -9999.0 -9999.0
-9999.0 2485.007093 2555.698414 2677.096469 2753.917271 2789.682019 2799.863405 2804.038715 2827.712365 2856.882820 2943.698067 2996.866863 3078.634385 3114.079245 3154.378682 3243.569831 3335.908306 3378.126463 3415.799169 3477.431318 3541.518352 3587.829754 3613.758996 3596.991653 3635.208726 3662.109174 3669.299294 3675.632557 3674.957264 3666.513784 3659.740265 3666.514441 3663.685737 3644.778033 3628.962014 3627.310198 3623.969097 3600.892232 3573.555472 3558.371026 3560.038769 3584.700058 3571.793384 3550.537213 3546.169059 3567.644821 3588.554101 3578.025149 3564.966093 3581.456006 3615.696603 3639.824003 3642.176692 3660.368650 3681.403735 3652.902244 3630.658470 3587.580696 3570.937176 3545.747060 3489.700518 3435.050213 3387.429612 3339.064916 3286.751746 3237.398574 3189.973251 3143.009365 3089.868954 3057.329891 3033.068000 2990.104294 2976.887936 2983.431324 2978.438496 2977.133449 2984.002314 2990.661016 -9999.0 -9999.0
-9999.0 2390.820860 2529.455943 2706.663912 2847.688041 2888.351920 2953.050308 3009.101934 3022.484885 2969.552744 3068.752635 3282.660115 3398.958826 3414.853154 3488.282630 3580.668703 3567.920622 3598.456093 3620.836900 3643.721439 3662.175401 3675.462953 3673.474917 3668.013368 3651.727269 3643.769318 3642.943707 3640.905584 3623.744319 3605.001790 3588.359622 3585.435478 3567.928595 3519.817832 3487.119683 3470.231530 3452.388047 3438.645079 3411.088842 3385.451566 3369.604389 3380.967197 3378.404416 3364.428321 3359.995232 3378.456307 3409.233952 3406.553205 3417.193856 3436.545873 3471.855262 3509.296234 3528.356028 3557.081848 3592.356705 3639.258486 3648.824301 3671.036606 3674.235436 3662.618912 3616.939519 3566.094459 3537.024755 3482.311701 3422.929209 3361.407963 3313.098247 3268.741619 3214.117569 3179.989257 3140.750023 3087.576900 3044.072070 3035.297929 3001.853417 2988.359399 -9999.0 -9999.0 -9999.0 -9999.0
-9999.0 2291.727143 2471.282282 2710.986529 2998.541661 3072.706095 3270.437036 3382.912155 3421.658588 3487.049810 3381.701495 3576.143237 3625.059691 3619.058228 3631.178023 3633.775655 3647.616817 3647.196768 3642.137997 3631.283330 3621.917340 3617.517126 3616.387205 3608.516935 3595.991398 3581.487636 3569.727733 3558.558855 3522.486693 3491.042811 3453.030588 3440.907465 3398.110426 3307.468401 3268.962744 3231.675544 3172.532415 3174.455306 3180.448313 3156.510114 3137.390390 3110.774999 3139.082713 3148.680292 3152.408647 3148.895278 3159.229487 3186.324893 3232.634148 3266.261676 3304.816555 3352.075171 3381.905704 3420.627954 3460.439609 3512.244157 3542.808170 3571.365463 3619.315848 3656.092193 3678.610567 3665.156470 3645.734817 3602.151741 3542.443369 3493.464432 3465.082080 3415.421986 3372.312577 3328.871980 3282.717920 3230.267849 3169.245811 3114.428195 3080.410355 -9999.0 -9999.0 -9999.0 -9999.0 -9999.0
-9999.0 2075.055675 2338.085142 2604.580851 2881.027973 3216.612220 3377.628302 3473.320378 3535.009836 3513.579154 3532.815576 3540.188205 3576.771130 3583.380046 3561.872387 3548.589650 3531.760961 3530.672755 3543.665797 3516.721807 3486.990988 3473.934747 3474.775713 3464.074160 3440.596581 3425.723969 3416.420403 3398.388670 3355.644847 3306.480310 3224.145846 3191.662336 3115.046177 3075.102724 3038.751823 2992.688160 2948.413492 2953.748998 2977.778875 2968.375395 2947.907788 2931.037761 2959.962196 2980.135662 2993.009955 2977.369500 2983.979510 3017.844910 3063.694535 3103.373065 3146.647309 3193.941290 3234.878672 3273.962799 3295.436985 3335.231093 3376.772320 3417.794649 3487.044476 3563.935065 3598.878475 3632.858864 3662.424311 3684.005482 3641.576828 3614.703005 3591.480574 3568.637376 3523.134342 3478.175720 3437.676440 3374.183709 3314.712359 -9999.0 -9999.0 -9999.0 -9999.0 -9999.0 -9999.0 -9999.0
-9999.0 1960.427990 2155.821761 2350.057721 2600.593080 2826.634032 3040.066367 3130.076113 3199.201165 3263.315834 3313.114804 3349.229641 3374.942762 3396.033441 3373.324704 3328.474985 3296.895917 3301.695527 3293.639977 3272.454260 3244.915144 3232.076064 3229.785026 3225.053670 3203.873483 3193.554003 3186.848857 3169.069259 3143.597763 3091.944534 3021.029970 2949.813797 2896.634871 2876.675953 2854.312935 2827.761038 2800.740531 2814.263597 2827.428673 2827.344718 2820.629550 2820.621289 2849.669900 2869.344274 2878.779344 2867.619934 2885.564222 2908.617771 2945.369016 2984.088745 3028.096117 3077.449312 3125.104504 3145.209126 3147.825670 3160.084143 3187.858683 3230.932202 3306.750823 3391.884653 3467.547186 3512.147195 3562.242241 3601.473034 3628.747425 3655.127075 3676.332082 3668.484587 3643.302473 3610.434055 3552.778942 -9999.0 -9999.0 -9999.0 -9999.0 -9999.0 -9999.0 -9999.0 -9999.0 -9999.0
-9999.0 -9999.0 1928.205196 2081.776529 2180.612997 2340.666690 2479.177141 2583.076760 2680.588903 2811.193969 2928.995660 3019.355967 3064.316629 3079.641956 3065.522893 3036.430575 3018.705111 3018.439929 3007.166596 3000.486935 2985.739744 2980.515797 2969.283919 2962.343892 2958.057410 2957.453681 2955.601517 2948.013434 2931.779043 2891.134940 2854.068887 2810.255915 2767.242872 2746.111730 2728.417855 2711.698557 2715.784440 2711.702707 2717.750510 2720.893149 2730.437869 2744.569385 2764.074251 2785.329894 2794.870605 2804.607990 2815.330806 2836.699418 2866.377438 2905.886308 2956.504893 3010.502028 3045.695717 3052.216830 3034.350463 3029.623547 3038.155648 3067.270499 3130.955879 3199.859082 3287.961148 3352.368484 3418.715152 3473.841463 3499.984461 3536.346896 3605.331820 3653.266631 3694.191168 3671.875401 -9999.0 -9999.0 -9999.0 -9999.0 -9999.0 -9999.0 -9999.0 -9999.0 -9999.0 -9999.0
-9999.0 -9999.0 -9999.0 -9999.0 1937.266084 2082.438375 2176.224848 2252.517511 2382.604635 2509.035179 2612.272539 2697.532481 2764.578823 2785.651719 2785.616878 2800.525853 2799.095457 2790.507683 2780.036964 2784.365060 2788.802841 2782.965657 2771.138320 2765.402619 2769.695960 2778.159008 2777.468439 2765.956703 2749.662173 2736.033318 2723.876391 2694.605628 2663.746980 2637.834011 2627.364157 2625.369523 2626.641449 2619.867579 2629.008624 2638.270013 2654.454708 2669.769161 2693.324555 2722.822013 2737.249276 2751.670810 2760.013900 2778.252700 2805.901476 2856.932955 2918.000383 2973.720093 3006.935229 3006.981097 2977.844755 2956.016631 2943.670217 2961.152175 2991.144462 3042.327011 3131.071719 3192.754769 3238.496230 3277.608887 3313.761289 3377.766632 3470.486238 3550.775992 -9999.0 -9999.0 -9999.0 -9999.0 -9999.0 -9999.0 -9999.0 -9999.0 -9999.0 -9999.0 -9999.0 -9999.0
-9999.0 -9999.0 -9999.0 -9999.0 -9999.0 -9999.0 1905.713130 2008.863717 2075.145095 2223.322830 2364.387734 2469.411238 2551.246758 2585.936797 2618.685886 2648.495201 2648.701290 2628.771830 2607.468681 2629.104617 2647.931538 2642.016572 2610.531037 2612.516871 2620.264317 2629.410406 2628.418163 2624.218289 2601.670881 2619.917953 2626.162997 2605.871237 2582.796284 2572.129197 2562.334240 2573.676702 2574.999946 2561.624493 2561.433783 2589.778032 2611.085280 2624.130229 2645.254795 2678.382195 2710.673085 2725.987267 2726.497490 2730.793623 2767.220325 2834.609533 2904.850674 2959.068080 2989.431079 2993.833986 2962.617620 2917.598566 2891.207084 2889.943911 2914.098615 2953.427593 3014.890463 3051.046812 3062.711639 3064.543661 3077.163300 3175.304135 -9999.0 -9999.0 -9999.0 -9999.0 -9999.0 -9999.0 -9999.0 -9999.0 -9999.0 -9999.0 -9999.0 -9999.0 -9999.0 -9999.0
-9999.0 -9999.0 -9999.0 -9999.0 -9999.0 -9999.0 -9999.0 -9999.0 -9999.0 -9999.0 -9999.0 -9999.0 -9999.0 -9999.0 -9999.0 -9999.0 -9999.0 -9999.0 -9999.0 -9999.0 -9999.0 -9999.0 -9999.0 -9999.0 -9999.0 -9999.0 -9999.0 -9999.0 -9999.0 -9999.0 -9999.0 -9999.0 -9999.0 -9999.0 -9999.0 -9999.0 -9999.0 -9999.0 -9999.0 -9999.0 -9999.0 -9999.0 -9999.0 -9999.0 -9999.0 -9999.0 -9999.0 -9999.0 -9999.0 -9999.0 -9999.0 -9999.0 -9999.0 -9999.0 -9999.0 -9999.0 -9999.0 -9999.0 -9999.0 -9999.0 -9999.0 -9999.0 -9999.0 -9999.0 -9999.0 -9999.0 -9999.0 -9999.0 -9999.0 -9999.0 -9999.0 -9999.0 -9999.0 -9999.0 -9999.0 -9999.0 -9999.0 -9999.0 -9999.0 -9999.0
-9999.0 -9999.0 -9999.0 -9999.0 -9999.0 -9999.0 -9999.0 -9999.0 -9999.0 -9999.0 -9999.0 -9999.0 -9999.0 -9999.0 -9999.0 -9999.0 -9999.0 -9999.0 -9999.0 -9999.0 -9999.0 -9999.0 -9999.0 -9999.0 -9999.0 -9999.0 -9999.0 -9999.0 -9999.0 -9999.0 -9999.0 -9999.0 -9999.0 -9999.0 -9999.0 -9999.0 -9999.0 -9999.0 -9999.0 -9999.0 -9999.0 -9999.0 -9999.0 -9999.0 -9999.0 -9999.0 -9999.0 -9999.0 -9999.0 -9999.0 -9999.0 -9999.0 -9999.0 -9999.0 -9999.0 -9999.0 -9999.0 -9999.0 -9999.0 -9999.0 -9999.0 -9999.0 -9999.0 -9999.0 -9999.0 -9999.0 -9999.0 -9999.0 -9999.0 -9999.0 -9999.0 -9999.0 -9999.0 -9999.0 -9999.0 -9999.0 -9999.0 -9999.0 -9999.0 -9999.0