Borden_/Borden1m_014/output_maps/psiliqL0011N0009.asc
ncols         80
nrows         18
xllcorner     620200.000000
yllcorner     5168000.000000
cellsize      1.000000
NODATA_value  -9999.0
-9999.0 -9999.0 -9999.0 -9999.0 -9999.0 -9999.0 -9999.0 -9999.0 -9999.0 -9999.0 -9999.0 -9999.0 -9999.0 -9999.0 -9999.0 -9999.0 -9999.0 -9999.0 -9999.0 -9999.0 -9999.0 -9999.0 -9999.0 -9999.0 -9999.0 -9999.0 -9999.0 -9999.0 -9999.0 -9999.0 -9999.0 -9999.0 -9999.0 -9999.0 -9999.0 -9999.0 -9999.0 -9999.0 -9999.0 -9999.0 -9999.0 -9999.0 -9999.0 -9999.0 -9999.0 -9999.0 -9999.0 -9999.0 -9999.0 -9999.0 -9999.0 -9999.0 -9999.0 -9999.0 -9999.0 -9999.0 -9999.0 -9999.0 -9999.0 -9999.0 -9999.0 -9999.0 -9999.0 -9999.0 -9999.0 -9999.0 -9999.0 -9999.0 -9999.0 -9999.0 -9999.0 -9999.0 -9999.0 -9999.0 -9999.0 -9999.0 -9999.0 -9999.0 -9999.0 -9999.0
-9999.0 -9999.0 -9999.0 -9999.0 -9999.0 -9999.0 -9999.0 -9999.0 -9999.0 -9999.0 -9999.0 -9999.0 -9999.0 -9999.0 -9999.0 -9999.0 -9999.0 -9999.0 -9999.0 -9999.0 -9999.0 -9999.0 -9999.0 -9999.0 -9999.0 -9999.0 -9999.0 -9999.0 -9999.0 -9999.0 -9999.0 -9999.0 -9999.0 -9999.0 -9999.0 -9999.0 -9999.0 -9999.0 -9999.0 -9999.0 -9999.0 -9999.0 -9999.0 -9999.0 -9999.0 -9999.0 -9999.0 -9999.0 -9999.0 -9999.0 -9999.0 -9999.0 -9999.0 -9999.0 -9999.0 -9999.0 -9999.0 -9999.0 -9999.0 -9999.0 -9999.0 -9999.0 -9999.0 -9999.0 -9999.0 -9999.0 -9999.0 -9999.0 -9999.0 -9999.0 -9999.0 -9999.0 -9999.0 -9999.0 -9999.0 -9999.0 -9999.0 -9999.0 -9999.0 -9999.0
-9999.0 -9999.0 -9999.0 -9999.0 -9999.0 -9999.0 -9999.0 -9999.0 -9999.0 -9999.0 -9999.0 -9999.0 -9999.0 -9999.0 -9999.0 -9999.0 -9999.0 -9999.0 -9999.0 -9999.0 335.212839 338.086489 315.794076 282.100228 254.205814 256.710035 292.072284 333.815476 372.363577 382.852411 365.258975 367.824097 364.013268 364.818943 369.371493 377.403071 382.112596 394.307488 403.175357 402.930710 396.706595 391.143843 390.521235 393.666111 398.763588 388.895313 402.592466 417.550132 422.550265 416.079922 387.234855 370.065363 360.448003 344.687925 368.508225 379.960245 402.050144 405.574055 403.519143 376.029552 345.622955 -9999.0 -9999.0 -9999.0 -9999.0 -9999.0 -9999.0 -9999.0 -9999.0 -9999.0 -9999.0 -9999.0 -9999.0 -9999.0 -9999.0 -9999.0 -9999.0 -9999.0 -9999.0 -9999.0
-9999.0 -9999.0 -9999.0 -9999.0 -9999.0 -9999.0 -9999.0 -9999.0 -9999.0 -9999.0 -9999.0 -9999.0 -9999.0 -9999.0 243.812478 234.065500 231.373109 240.104660 274.128774 304.624946 317.289778 310.063552 310.325491 287.031988 267.114095 281.980096 312.573372 344.922769 379.641959 400.069658 388.320980 386.590009 398.291931 427.553907 445.220896 445.526816 427.146334 451.297250 467.660837 476.431430 475.240525 466.343091 479.677957 495.340052 488.423275 471.357348 476.153538 487.910882 500.107097 483.372023 415.653572 392.639668 387.375888 379.861986 365.423609 357.912017 381.748482 381.283366 372.295359 353.731727 320.698769 276.113517 257.588885 295.900541 339.853734 397.295281 -9999.0 -9999.0 -9999.0 -9999.0 -9999.0 -9999.0 -9999.0 -9999.0 -9999.0 -9999.0 -9999.0 -9999.0 -9999.0 -9999.0
-9999.0 -9999.0 -9999.0 -9999.0 -9999.0 -9999.0 -9999.0 -9999.0 -9999.0 186.474422 190.613922 197.896517 200.025747 215.729078 213.811441 221.027839 228.805324 255.686934 287.308338 323.215417 352.942254 344.107375 344.965000 356.648734 363.015127 377.761238 401.975980 444.250416 485.379418 526.037997 497.493076 496.342448 519.000058 575.690164 624.591806 640.469936 626.478891 634.826580 660.193458 682.078838 679.898669 676.729265 699.973398 712.521778 715.310577 697.240226 684.800026 684.978679 708.169161 651.228355 573.830389 512.978233 512.327204 480.656575 440.046615 416.305463 409.948096 428.904905 412.443333 374.067670 336.543777 325.355678 307.679809 323.881344 345.955350 392.299664 430.672731 459.010117 458.767216 441.260533 -9999.0 -9999.0 -9999.0 -9999.0 -9999.0 -9999.0 -9999.0 -9999.0 -9999.0 -9999.0
-9999.0 -9999.0 -9999.0 -9999.0 -9999.0 -9999.0 107.566509 116.803174 136.926441 142.224597 167.171243 174.758881 195.386782 214.796715 236.033232 253.214250 284.362717 317.890645 360.400966 406.299730 441.712283 439.020603 450.128020 483.464976 528.189987 567.114179 603.050161 647.642817 722.655598 761.613923 769.817590 775.851171 792.350506 863.078546 969.251870 1003.090727 992.483856 981.903509 998.794022 1027.843761 1029.846834 1028.227225 1034.467891 1040.975502 1064.468947 1059.109555 1027.894911 1017.051935 1011.280189 984.047818 888.383354 799.307820 756.588301 708.039446 625.792547 562.113621 552.056945 562.496646 529.527449 473.346074 428.392084 415.095041 398.549173 383.557339 388.326499 406.908821 429.270444 440.213619 427.275416 406.246296 383.110295 354.095178 355.608960 380.766921 -9999.0 -9999.0 -9999.0 -9999.0 -9999.0 -9999.0
-9999.0 -9999.0 -9999.0 -9999.0 57.656082 70.293339 58.466380 82.839676 115.326603 149.208202 181.668285 219.153487 246.577971 276.841652 318.672757 356.664148 401.775975 439.063201 497.104748 573.190410 637.805619 669.091334 685.278152 744.556076 814.135977 892.081630 950.154555 987.901161 1022.890201 1070.321419 1090.035665 1094.537396 1112.459297 1150.848049 1206.407977 1244.190530 1234.789485 1231.988073 1236.889715 1244.101072 1262.948486 1261.823278 1262.146048 1262.885111 1265.844588 1267.442144 1250.629361 1224.145624 1212.103154 1198.381913 1161.464026 1093.071342 1057.920916 1035.398634 1007.501744 943.777582 830.831049 796.262342 735.598946 675.102703 600.235714 568.197872 532.424379 503.277119 470.088478 469.104330 470.792802 449.934388 418.121687 385.604523 370.171497 351.054540 340.204217 369.897003 387.379431 417.986871 -9999.0 -9999.0 -9999.0 -9999.0
-9999.0 -9999.0 -0.868621 48.489222 104.836773 113.636726 115.333226 121.123299 149.194672 201.106930 279.338772 333.100768 377.959215 410.840132 472.391606 560.117690 642.566796 695.544957 759.644580 847.406950 951.400663 998.734554 1014.774452 1045.888228 1093.690916 1154.823549 1189.950490 1216.539006 1239.424500 1262.137634 1274.041579 1286.863252 1294.166254 1296.299777 1303.077198 1306.589203 1307.165286 1306.500400 1291.817598 1289.454192 1295.449838 1298.415542 1300.669613 1288.390794 1284.566492 1297.388017 1301.411090 1302.738865 1303.317586 1308.013597 1309.590588 1274.444852 1237.512575 1227.741896 1221.119119 1177.033226 1107.501627 1066.131663 1046.546652 999.867153 891.516734 815.182460 754.731282 697.305344 632.542081 594.183817 543.672918 500.187015 453.385309 406.862719 382.510974 363.468850 360.507345 360.394691 376.248532 391.631054 406.956953 414.733565 -9999.0 -9999.0
-9999.0 -101.548168 -29.021536 98.011317 177.647007 223.131660 261.012986 289.205764 316.851809 338.682983 448.699730 555.781146 648.173174 682.187451 736.126353 850.785365 972.958722 1024.848786 1060.851497 1115.204732 1180.118804 1225.250538 1248.198975 1263.966128 1292.990544 1301.576393 1306.063617 1309.337662 1303.111464 1293.203615 1282.251696 1288.331881 1285.907638 1269.044408 1254.319749 1253.060620 1252.039672 1236.010630 1216.225531 1206.986681 1211.020454 1231.298136 1221.708394 1204.379104 1200.938409 1218.116593 1232.914100 1224.839629 1213.594764 1227.374061 1255.801147 1274.620944 1288.239514 1303.770151 1322.512965 1296.565313 1266.187754 1231.159096 1216.419798 1190.066381 1131.984925 1072.939121 1021.558053 949.881935 841.547693 754.319499 678.733024 613.411636 545.524532 502.467104 468.766676 415.605040 391.773185 392.461900 382.946627 380.026153 386.251825 392.584538 -9999.0 -9999.0
-9999.0 -177.016899 -33.953505 151.597324 300.195760 364.249802 481.689539 570.978793 600.855332 579.112764 693.794553 945.998918 1043.287919 1055.374431 1115.723241 1193.544893 1226.041989 1257.269912 1277.327370 1282.393193 1288.625521 1296.992642 1294.291106 1287.967791 1275.766885 1271.568868 1273.943579 1274.100030 1259.574504 1240.700503 1223.223294 1219.815126 1204.055474 1161.970314 1120.023621 1100.460210 1089.483371 1076.498202 1052.025626 1032.924493 1022.827121 1040.071756 1033.132955 1018.203748 1014.228599 1032.489058 1059.679890 1052.915160 1057.506071 1076.961920 1116.656385 1161.801281 1185.245072 1210.472235 1240.118318 1276.994616 1291.657938 1311.905508 1315.897578 1295.014123 1257.099914 1214.840006 1189.390885 1134.964650 1060.041457 973.863531 874.835552 798.097019 722.860949 664.791577 607.711065 543.008838 481.516257 453.656610 413.416978 392.707908 -9999.0 -9999.0 -9999.0 -9999.0
-9999.0 -248.486219 -58.312126 204.961121 474.667990 608.308372 835.283843 985.952548 1046.136612 1108.589321 1113.173320 1238.370648 1267.718293 1258.958202 1247.816507 1247.663491 1258.978398 1259.616106 1254.707288 1246.566570 1241.374552 1240.313356 1240.588454 1235.964503 1228.257854 1218.824836 1210.987363 1202.564838 1167.806990 1127.560967 1088.290100 1072.728407 1036.972144 936.741895 852.484643 802.293913 744.964872 739.993502 734.453566 708.747295 691.605514 674.989346 694.873035 696.991055 697.933650 702.294906 719.324255 739.158319 781.594962 821.960108 883.761126 974.287527 1020.031883 1061.719073 1106.638767 1166.129280 1196.757414 1222.003016 1260.184568 1293.990520 1315.977706 1308.413599 1284.402540 1250.527185 1193.571100 1138.807686 1092.205245 1027.477895 961.021719 875.399364 800.402458 724.643927 638.499682 544.325457 500.803371 -9999.0 -9999.0 -9999.0 -9999.0 -9999.0
-9999.0 -413.879731 -145.912595 148.400245 480.539900 838.200731 968.254627 1102.957150 1181.791470 1151.089083 1154.012215 1173.862140 1207.994907 1212.052373 1193.268603 1184.405924 1168.453777 1158.052973 1163.316893 1134.721721 1107.640982 1096.990880 1098.425103 1090.107499 1072.596490 1060.828943 1052.642169 1035.091565 979.983527 894.411413 790.443075 756.664672 681.234005 615.196891 558.941860 505.393289 453.437877 452.488225 469.796082 455.192395 433.857801 415.816127 441.808789 458.163718 469.345292 458.520107 466.842155 501.387921 549.934983 594.085876 648.576837 713.359221 764.747744 819.087848 869.149479 961.905643 1020.699002 1064.944028 1134.797083 1209.337793 1241.231287 1272.839911 1306.624399 1325.042643 1282.917339 1245.355956 1209.599266 1167.752113 1101.649165 1057.768240 1020.258492 939.582107 822.831711 -9999.0 -9999.0 -9999.0 -9999.0 -9999.0 -9999.0 -9999.0
-9999.0 -544.711232 -318.493831 -77.445076 218.315303 461.880834 647.350985 771.931989 893.618714 935.531831 967.849609 996.390997 1021.373265 1039.450889 1018.107807 979.854070 939.960374 917.859175 898.306033 855.156588 815.299253 796.849399 795.091136 788.659699 764.615488 751.076808 741.430185 718.765242 679.996240 614.935743 527.428425 455.495676 393.291836 357.595632 325.157027 290.902339 253.144355 263.933967 278.361373 274.651614 263.320550 259.652146 289.255662 307.930195 317.879917 304.985412 323.338856 349.829376 391.157859 433.178679 482.015293 538.004699 592.000124 623.636901 644.557268 684.397894 731.961915 794.643361 905.152597 1027.266594 1108.919210 1163.596501 1212.420825 1244.211756 1261.210346 1284.509034 1271.408881 1205.641310 1102.955170 1128.308816 1133.893539 -9999.0 -9999.0 -9999.0 -9999.0 -9999.0 -9999.0 -9999.0 -9999.0 -9999.0
-9999.0 -9999.0 -554.320895 -369.580208 -218.002409 -33.750202 116.961706 227.174514 315.703005 422.961435 523.443537 602.827636 643.488379 658.795968 641.599641 601.940863 571.503670 563.685234 548.546033 530.652653 505.310873 495.724769 486.014798 478.722588 467.488616 461.591685 456.718080 445.417930 421.913843 372.856953 319.720703 266.830762 212.358746 186.707437 164.325703 141.843221 139.091279 136.884469 143.663377 145.239352 151.280621 163.422765 184.052575 205.565424 214.954226 222.332061 234.565266 257.897444 290.711272 331.897037 384.644646 440.868112 479.375547 491.856838 483.873620 492.350155 516.263288 563.233408 654.632279 753.236010 867.156341 977.035315 1059.449652 1116.244462 1147.191409 1174.944952 1199.815175 1136.669218 774.470310 1052.375589 -9999.0 -9999.0 -9999.0 -9999.0 -9999.0 -9999.0 -9999.0 -9999.0 -9999.0 -9999.0
-9999.0 -9999.0 -9999.0 -9999.0 -513.306285 -357.627177 -262.888803 -180.065180 -55.207499 58.998647 155.427701 234.494546 290.082877 314.043786 304.160864 300.613657 291.333460 284.656465 274.044936 268.713232 263.889269 256.078366 244.076209 236.931248 237.125684 241.438948 239.530394 226.410819 209.815790 183.769618 160.553570 125.349181 88.474172 59.255780 46.217324 39.769457 40.044404 34.343623 43.849944 50.663491 65.768099 81.254190 105.280996 133.814379 146.665459 160.867367 170.369493 190.824573 220.575113 273.100381 335.350210 391.387083 425.181766 428.449279 402.556802 386.868198 383.677733 412.230596 460.413512 532.877248 640.823831 726.424090 798.192415 866.971177 947.576007 1020.937047 1104.411595 1140.553969 -9999.0 -9999.0 -9999.0 -9999.0 -9999.0 -9999.0 -9999.0 -9999.0 -9999.0 -9999.0 -9999.0 -9999.0
-9999.0 -9999.0 -9999.0 -9999.0 -9999.0 -9999.0 -565.726209 -469.791210 -385.427694 -258.014231 -139.004824 -43.656206 32.239224 58.847514 78.434378 101.419100 96.732050 78.479073 60.571561 77.362538 88.014571 82.877253 54.850765 53.954601 58.149897 67.507991 66.315601 60.348074 35.628205 44.767316 43.984478 20.978009 -4.931279 -19.022795 -30.489607 -20.453420 -19.607530 -32.224851 -30.139014 -3.754955 16.181962 29.607439 51.952606 85.095928 117.107421 131.495567 132.357930 138.295872 179.063456 248.808343 318.946042 372.342383 402.875945 409.681800 380.887757 339.477783 317.513427 323.729617 358.246914 411.891690 489.624681 542.537856 576.998373 605.219869 645.389046 748.038598 -9999.0 -9999.0 -9999.0 -9999.0 -9999.0 -9999.0 -9999.0 -9999.0 -9999.0 -9999.0 -9999.0 -9999.0 -9999.0 -9999.0
-9999.0 -9999.0 -9999.0 -9999.0 -9999.0 -9999.0 -9999.0 -9999.0 -9999.0 -9999.0 -9999.0 -9999.0 -9999.0 -9999.0 -9999.0 -9999.0 -9999.0 -9999.0 -9999.0 -9999.0 -9999.0 -9999.0 -9999.0 -9999.0 -9999.0 -9999.0 -9999.0 -9999.0 -9999.0 -9999.0 -9999.0 -9999.0 -9999.0 -9999.0 -9999.0 -9999.0 -9999.0 -9999.0 -9999.0 -9999.0 -9999.0 -9999.0 -9999.0 -9999.0 -9999.0 -9999.0 -9999.0 -9999.0 -9999.0 -9999.0 -9999.0 -9999.0 -9999.0 -9999.0 -9999.0 -9999.0 -9999.0 -9999.0 -9999.0 -9999.0 -9999.0 -9999.0 -9999.0 -9999.0 -9999.0 -9999.0 -9999.0 -9999.0 -9999.0 -9999.0 -9999.0 -9999.0 -9999.0 -9999.0 -9999.0 -9999.0 -9999.0 -9999.0 -9999.0 -9999.0
-9999.0 -9999.0 -9999.0 -9999.0 -9999.0 -9999.0 -9999.0 -9999.0 -9999.0 -9999.0 -9999.0 -9999.0 -9999.0 -9999.0 -9999.0 -9999.0 -9999.0 -9999.0 -9999.0 -9999.0 -9999.0 -9999.0 -9999.0 -9999.0 -9999.0 -9999.0 -9999.0 -9999.0 -9999.0 -9999.0 -9999.0 -9999.0 -9999.0 -9999.0 -9999.0 -9999.0 -9999.0 -9999.0 -9999.0 -9999.0 -9999.0 -9999.0 -9999.0 -9999.0 -9999.0 -9999.0 -9999.0 -9999.0 -9999.0 -9999.0 -9999.0 -9999.0 -9999.0 -9999.0 -9999.0 -9999.0 -9999.0 -9999.0 -9999.0 -9999.0 -9999.0 -9999.0 -9999.0 -9999.0 -9999.0 -9999.0 -9999.0 -9999.0 -9999.0 -9999.0 -9999.0 -9999.0 -9999.0 -9999.0 -9999.0 -9999.0 -9999.0 -9999.0 -9999.0 -9999.0