Borden_/Borden1m_014/output_maps/psiliqL0000N0004.asc
ncols         80
nrows         18
xllcorner     620200.000000
yllcorner     5168000.000000
cellsize      1.000000
NODATA_value  -9999.0
-9999.0 -9999.0 -9999.0 -9999.0 -9999.0 -9999.0 -9999.0 -9999.0 -9999.0 -9999.0 -9999.0 -9999.0 -9999.0 -9999.0 -9999.0 -9999.0 -9999.0 -9999.0 -9999.0 -9999.0 -9999.0 -9999.0 -9999.0 -9999.0 -9999.0 -9999.0 -9999.0 -9999.0 -9999.0 -9999.0 -9999.0 -9999.0 -9999.0 -9999.0 -9999.0 -9999.0 -9999.0 -9999.0 -9999.0 -9999.0 -9999.0 -9999.0 -9999.0 -9999.0 -9999.0 -9999.0 -9999.0 -9999.0 -9999.0 -9999.0 -9999.0 -9999.0 -9999.0 -9999.0 -9999.0 -9999.0 -9999.0 -9999.0 -9999.0 -9999.0 -9999.0 -9999.0 -9999.0 -9999.0 -9999.0 -9999.0 -9999.0 -9999.0 -9999.0 -9999.0 -9999.0 -9999.0 -9999.0 -9999.0 -9999.0 -9999.0 -9999.0 -9999.0 -9999.0 -9999.0
-9999.0 -9999.0 -9999.0 -9999.0 -9999.0 -9999.0 -9999.0 -9999.0 -9999.0 -9999.0 -9999.0 -9999.0 -9999.0 -9999.0 -9999.0 -9999.0 -9999.0 -9999.0 -9999.0 -9999.0 -9999.0 -9999.0 -9999.0 -9999.0 -9999.0 -9999.0 -9999.0 -9999.0 -9999.0 -9999.0 -9999.0 -9999.0 -9999.0 -9999.0 -9999.0 -9999.0 -9999.0 -9999.0 -9999.0 -9999.0 -9999.0 -9999.0 -9999.0 -9999.0 -9999.0 -9999.0 -9999.0 -9999.0 -9999.0 -9999.0 -9999.0 -9999.0 -9999.0 -9999.0 -9999.0 -9999.0 -9999.0 -9999.0 -9999.0 -9999.0 -9999.0 -9999.0 -9999.0 -9999.0 -9999.0 -9999.0 -9999.0 -9999.0 -9999.0 -9999.0 -9999.0 -9999.0 -9999.0 -9999.0 -9999.0 -9999.0 -9999.0 -9999.0 -9999.0 -9999.0
-9999.0 -9999.0 -9999.0 -9999.0 -9999.0 -9999.0 -9999.0 -9999.0 -9999.0 -9999.0 -9999.0 -9999.0 -9999.0 -9999.0 -9999.0 -9999.0 -9999.0 -9999.0 -9999.0 -9999.0 -543.498716 -542.268751 -544.482662 -546.935156 -549.134754 -549.507041 -547.116760 -544.572306 -541.645779 -541.240438 -543.905137 -543.084471 -544.197582 -544.969816 -545.154788 -544.404065 -543.989008 -543.109769 -542.611212 -543.010276 -543.784365 -544.261880 -544.815481 -544.753790 -543.781360 -545.089888 -543.308556 -541.714676 -541.262409 -541.042600 -542.935334 -543.599402 -543.810116 -545.992419 -542.110755 -541.247502 -538.765337 -538.655262 -537.992591 -540.758478 -543.527413 -9999.0 -9999.0 -9999.0 -9999.0 -9999.0 -9999.0 -9999.0 -9999.0 -9999.0 -9999.0 -9999.0 -9999.0 -9999.0 -9999.0 -9999.0 -9999.0 -9999.0 -9999.0 -9999.0
-9999.0 -9999.0 -9999.0 -9999.0 -9999.0 -9999.0 -9999.0 -9999.0 -9999.0 -9999.0 -9999.0 -9999.0 -9999.0 -9999.0 -546.732845 -548.110454 -548.780285 -549.388758 -547.228469 -545.710533 -545.972699 -547.392580 -546.035751 -548.632690 -551.016975 -549.605647 -547.856320 -546.733438 -544.568230 -542.856358 -544.630890 -545.080139 -544.252658 -541.110521 -539.977336 -540.776995 -544.959998 -541.046059 -539.439837 -538.428651 -538.570178 -540.468537 -538.074273 -535.247508 -536.776460 -539.761635 -539.058276 -537.450254 -534.745086 -535.600511 -544.935195 -545.239327 -544.509586 -544.017736 -545.345153 -546.388774 -542.517795 -543.285878 -543.768780 -543.992044 -545.790187 -549.202325 -550.851660 -547.036010 -544.172764 -537.962631 -9999.0 -9999.0 -9999.0 -9999.0 -9999.0 -9999.0 -9999.0 -9999.0 -9999.0 -9999.0 -9999.0 -9999.0 -9999.0 -9999.0
-9999.0 -9999.0 -9999.0 -9999.0 -9999.0 -9999.0 -9999.0 -9999.0 -9999.0 -548.463987 -548.930316 -548.586373 -549.642303 -548.493685 -550.786489 -550.345197 -550.908243 -549.410190 -548.488499 -546.664081 -543.920578 -546.225160 -546.568507 -545.099478 -545.209408 -545.028173 -544.233652 -540.187669 -536.053215 -528.663307 -535.763024 -536.151397 -533.525994 -524.049000 -515.301943 -512.736680 -518.074276 -518.172045 -511.727756 -504.149494 -504.736654 -505.584510 -497.498822 -491.490325 -486.852104 -492.859351 -503.295310 -505.180806 -495.757396 -511.056302 -524.912461 -535.205461 -532.321810 -536.826989 -541.789346 -543.363645 -544.190527 -539.839061 -541.189291 -544.610646 -547.430377 -545.944961 -547.791533 -545.996780 -545.172058 -540.545123 -536.649708 -532.766781 -532.588175 -535.143577 -9999.0 -9999.0 -9999.0 -9999.0 -9999.0 -9999.0 -9999.0 -9999.0 -9999.0 -9999.0
-9999.0 -9999.0 -9999.0 -9999.0 -9999.0 -9999.0 -550.377182 -550.636661 -549.933575 -552.841109 -551.102050 -552.592502 -551.404950 -551.060047 -550.404241 -550.689801 -548.906736 -547.542387 -545.146356 -542.044859 -539.112599 -541.401068 -540.737120 -536.498676 -529.546848 -523.953816 -520.126236 -512.461029 -488.787770 -468.503902 -461.427331 -459.010861 -454.784076 -425.074510 -361.098692 -331.139837 -364.920505 -385.932854 -366.755905 -300.615130 -267.747962 -263.587056 -135.082450 0.001457 0.051609 0.007447 -244.519859 -334.666816 -349.636541 -360.147608 -413.436511 -455.684319 -475.114783 -494.005142 -516.577130 -529.937242 -528.885335 -524.420343 -529.537716 -537.232474 -541.598083 -541.035043 -541.717136 -543.642181 -542.644855 -540.929907 -538.147562 -536.301135 -537.605170 -539.231704 -540.171193 -543.317522 -542.714823 -539.638170 -9999.0 -9999.0 -9999.0 -9999.0 -9999.0 -9999.0
-9999.0 -9999.0 -9999.0 -9999.0 -554.353890 -553.134972 -556.960222 -554.920567 -553.487307 -552.521668 -552.929371 -551.201376 -551.042139 -549.990060 -547.549195 -546.184238 -543.103099 -541.051036 -534.466495 -522.661948 -511.451519 -504.526071 -501.601901 -477.130760 -446.412041 -409.015509 -393.229740 -367.513288 -273.586000 0.009696 0.059164 0.061982 0.069193 0.081884 0.112628 0.240102 0.122341 0.105999 0.130186 0.138433 0.277614 0.236521 0.277378 0.245158 0.326264 0.388069 0.164750 0.112892 0.112513 0.116691 0.090373 0.042938 0.001023 -212.628977 -324.762910 -389.896637 -448.273072 -461.159919 -484.425523 -503.257967 -520.382728 -524.120405 -529.362522 -532.310493 -537.073051 -535.816067 -534.101991 -536.504991 -539.527006 -542.438282 -542.394728 -543.629662 -545.468359 -541.241453 -540.158135 -535.973775 -9999.0 -9999.0 -9999.0 -9999.0
-9999.0 -9999.0 -554.251016 -554.467197 -551.331554 -553.605974 -554.970018 -556.878277 -556.378724 -553.601798 -548.652050 -547.515041 -544.714373 -543.570894 -536.927266 -522.938460 -506.186734 -490.268195 -469.033700 -434.328622 -385.858851 -343.531624 -297.483366 -20.831669 0.044031 0.084241 0.099996 0.116577 0.144183 0.206526 0.838309 13.877165 18.702266 13.687866 11.845269 10.319099 8.560132 4.862563 0.921532 1.289703 8.325860 10.535296 13.790101 1.742782 0.417893 1.988492 3.870044 4.523916 6.746715 14.746415 24.519460 0.742872 0.139120 0.133042 0.147819 0.085643 0.054867 0.034817 -13.796004 -329.729534 -418.068180 -454.515788 -481.584972 -498.133422 -511.979779 -517.954405 -526.840055 -532.162990 -537.137681 -542.110113 -543.336097 -543.952181 -542.892281 -543.732003 -541.553213 -540.149559 -537.739719 -536.968447 -9999.0 -9999.0
-9999.0 -554.983461 -556.459173 -550.997738 -550.798503 -550.221784 -549.629911 -549.054566 -547.883697 -550.376753 -538.221447 -521.332474 -495.366294 -489.526599 -472.641018 -420.866857 -318.890677 -23.863555 0.035583 0.060202 0.091630 0.134419 0.155376 0.839721 20.044498 15.800112 12.424160 11.188543 2.945826 0.803923 0.239916 0.687393 0.488786 0.255184 0.203066 0.275376 0.269836 0.179575 0.129246 0.089495 0.101258 0.204779 0.128491 0.092097 0.078313 0.115104 0.223612 0.158738 0.110247 0.148388 0.220521 0.273381 0.623462 4.496127 24.558371 2.550259 0.223229 0.153369 0.145449 0.102440 0.060774 -9.148387 -328.222914 -405.628114 -450.560639 -483.912403 -501.786588 -514.802946 -527.105371 -531.627785 -534.254745 -541.230649 -542.683121 -540.643801 -541.584892 -541.674148 -540.748268 -540.081695 -9999.0 -9999.0
-9999.0 -560.841841 -555.603982 -550.355183 -544.630086 -545.957125 -529.998607 -509.296151 -503.082411 -512.299301 -483.747538 -289.028453 0.012647 0.037825 0.072302 0.142333 0.567707 8.919493 22.158935 13.275997 6.910188 8.994646 4.105271 0.557293 0.330173 0.282711 0.349510 0.345176 0.232805 0.199825 0.163921 0.213113 0.144951 0.088575 0.072131 0.071264 0.074798 0.054605 -9.730574 -296.381676 -332.030116 -243.557129 -304.139813 -352.164107 -359.610061 -299.927710 0.001878 0.031528 0.032714 0.044402 0.063860 0.086117 0.091336 0.121439 0.162104 0.253885 0.662300 10.989532 17.014447 0.505358 0.188528 0.122457 0.097871 0.054995 -29.522645 -387.909175 -431.163244 -461.329846 -487.788318 -500.987631 -512.906241 -524.184480 -533.749027 -535.052479 -540.094830 -540.169793 -9999.0 -9999.0 -9999.0 -9999.0
-9999.0 -561.203729 -556.166218 -546.057253 -524.714496 -505.274175 -408.269480 -25.485566 0.048736 0.121452 0.203928 8.457306 15.434574 1.182291 0.417040 0.358992 0.460893 0.483587 0.334656 0.247011 0.222948 0.235643 0.272378 0.236950 0.214722 0.185721 0.158307 0.137801 0.094215 0.079891 0.063526 0.057185 -18.227322 -399.007658 -434.409260 -450.090451 -472.699812 -474.956404 -481.652077 -495.524022 -500.641572 -503.553347 -498.951211 -500.743605 -501.411644 -498.239712 -487.649582 -484.328973 -470.139472 -454.077742 -428.633997 -390.377220 -352.483555 -24.950932 0.046467 0.082891 0.100229 0.128324 0.189086 0.732294 16.159074 9.046442 0.266829 0.175763 0.107341 0.065302 0.045562 -38.869747 -364.168018 -415.448467 -449.810191 -480.777627 -502.151665 -521.120069 -527.267014 -9999.0 -9999.0 -9999.0 -9999.0 -9999.0
-9999.0 -569.414801 -555.970884 -547.882464 -514.082668 -363.191629 -91.234007 0.135984 4.655754 0.154986 0.066159 0.083158 0.161894 0.186159 0.112559 0.113067 0.090429 0.079239 0.157584 0.092413 0.073646 0.065924 0.095657 0.076033 0.060042 0.047842 0.000620 -260.042042 -374.827740 -417.261201 -462.687662 -468.234565 -493.797762 -515.111375 -523.585178 -530.929757 -538.644573 -538.148634 -534.838810 -537.351741 -540.016618 -543.165344 -539.453083 -537.911614 -536.294982 -538.488516 -538.226465 -533.669638 -526.427287 -519.797383 -509.813621 -495.969335 -482.639578 -458.694695 -437.351482 -397.069764 -336.790421 -20.090380 0.057025 0.118829 0.160265 0.215040 3.996267 22.323150 0.556810 0.186484 0.162605 0.129514 0.072002 0.043985 -30.216243 -372.018262 -433.470038 -9999.0 -9999.0 -9999.0 -9999.0 -9999.0 -9999.0 -9999.0
-9999.0 -573.762112 -559.168293 -557.678386 -543.021877 -518.976561 -478.985061 -429.135988 -375.767103 -387.641076 -378.979211 -349.621420 -266.468400 -56.291326 -298.909128 -373.325748 -402.563389 -399.665179 -399.008834 -420.781831 -441.270858 -450.120720 -449.678871 -453.198095 -466.316322 -473.540970 -478.287610 -488.864925 -500.354194 -512.902127 -528.749114 -537.446022 -543.698258 -545.452915 -546.806135 -548.385137 -552.291027 -549.835524 -548.126985 -548.513044 -549.744145 -550.776569 -547.789619 -546.945867 -546.054827 -548.966377 -547.117439 -545.837589 -542.629334 -539.574994 -535.187729 -528.493711 -519.545949 -514.107227 -511.206714 -503.858584 -491.717901 -467.655666 -415.147476 -202.126054 0.033157 0.073059 0.123921 0.187972 0.223732 5.797614 15.076093 0.569810 0.217247 0.193285 0.168193 -9999.0 -9999.0 -9999.0 -9999.0 -9999.0 -9999.0 -9999.0 -9999.0 -9999.0
-9999.0 -9999.0 -576.929346 -571.118424 -566.130299 -561.321047 -554.785496 -549.257769 -546.188188 -537.738001 -525.732261 -512.544405 -503.831269 -497.645240 -505.566744 -516.886012 -522.804421 -521.865246 -523.387142 -525.811117 -530.407369 -531.227391 -532.317037 -532.991105 -535.031240 -535.876450 -536.167346 -536.844598 -538.515321 -542.920036 -546.586635 -549.112882 -552.310455 -551.797814 -552.189614 -553.364632 -552.097402 -552.402431 -552.088423 -552.296555 -551.985926 -551.420405 -550.857487 -549.998639 -550.069149 -549.823009 -549.616963 -548.791986 -547.568315 -546.043148 -542.772412 -537.827774 -534.181187 -533.443690 -535.799072 -535.278916 -532.666972 -526.712136 -508.308025 -481.607370 -435.391543 -380.414361 -22.713653 0.061793 0.074295 0.087394 0.157547 0.502520 0.707605 0.353968 -9999.0 -9999.0 -9999.0 -9999.0 -9999.0 -9999.0 -9999.0 -9999.0 -9999.0 -9999.0
-9999.0 -9999.0 -9999.0 -9999.0 -579.593796 -571.291303 -563.563068 -564.529690 -559.145883 -556.103480 -553.520986 -550.481059 -548.046034 -546.343365 -548.692484 -548.945226 -549.221019 -548.767525 -549.184432 -549.693304 -549.806344 -550.081357 -550.360352 -550.866699 -550.563167 -549.982422 -549.781537 -550.662130 -550.446679 -552.073694 -552.000351 -552.836432 -553.681444 -554.834560 -554.464969 -554.549505 -553.947609 -554.570888 -553.644035 -554.253668 -553.593109 -553.360975 -552.632995 -551.380337 -552.045481 -551.327354 -551.393635 -550.521004 -550.481288 -548.347137 -544.843720 -540.834750 -538.177229 -538.424160 -542.269135 -543.683032 -544.746492 -542.513434 -539.142950 -531.338505 -512.039198 -493.661282 -465.757957 -435.778817 -406.623935 -313.297988 0.050113 0.145756 -9999.0 -9999.0 -9999.0 -9999.0 -9999.0 -9999.0 -9999.0 -9999.0 -9999.0 -9999.0 -9999.0 -9999.0
-9999.0 -9999.0 -9999.0 -9999.0 -9999.0 -9999.0 -575.880781 -571.677423 -573.021620 -569.829315 -567.030488 -564.954523 -561.765577 -562.281490 -561.296165 -558.665934 -558.992128 -560.193732 -561.755031 -559.418402 -558.376700 -558.106279 -560.624012 -559.853820 -559.575436 -558.612925 -558.714910 -558.223440 -560.347591 -557.645641 -556.302246 -556.678633 -557.033749 -556.446436 -556.975244 -555.307693 -555.108175 -556.427838 -556.852552 -554.991281 -554.519697 -554.872141 -554.623581 -553.494896 -551.774523 -551.595340 -552.485440 -553.778609 -552.227621 -548.593842 -544.794912 -541.636135 -539.613820 -538.783465 -541.816361 -546.151766 -548.366107 -548.873094 -547.412570 -544.644175 -537.186412 -532.397549 -528.842479 -525.860969 -521.482895 -492.659885 -9999.0 -9999.0 -9999.0 -9999.0 -9999.0 -9999.0 -9999.0 -9999.0 -9999.0 -9999.0 -9999.0 -9999.0 -9999.0 -9999.0
-9999.0 -9999.0 -9999.0 -9999.0 -9999.0 -9999.0 -9999.0 -9999.0 -9999.0 -9999.0 -9999.0 -9999.0 -9999.0 -9999.0 -9999.0 -9999.0 -9999.0 -9999.0 -9999.0 -9999.0 -9999.0 -9999.0 -9999.0 -9999.0 -9999.0 -9999.0 -9999.0 -9999.0 -9999.0 -9999.0 -9999.0 -9999.0 -9999.0 -9999.0 -9999.0 -9999.0 -9999.0 -9999.0 -9999.0 -9999.0 -9999.0 -9999.0 -9999.0 -9999.0 -9999.0 -9999.0 -9999.0 -9999.0 -9999.0 -9999.0 -9999.0 -9999.0 -9999.0 -9999.0 -9999.0 -9999.0 -9999.0 -9999.0 -9999.0 -9999.0 -9999.0 -9999.0 -9999.0 -9999.0 -9999.0 -9999.0 -9999.0 -9999.0 -9999.0 -9999.0 -9999.0 -9999.0 -9999.0 -9999.0 -9999.0 -9999.0 -9999.0 -9999.0 -9999.0 -9999.0
-9999.0 -9999.0 -9999.0 -9999.0 -9999.0 -9999.0 -9999.0 -9999.0 -9999.0 -9999.0 -9999.0 -9999.0 -9999.0 -9999.0 -9999.0 -9999.0 -9999.0 -9999.0 -9999.0 -9999.0 -9999.0 -9999.0 -9999.0 -9999.0 -9999.0 -9999.0 -9999.0 -9999.0 -9999.0 -9999.0 -9999.0 -9999.0 -9999.0 -9999.0 -9999.0 -9999.0 -9999.0 -9999.0 -9999.0 -9999.0 -9999.0 -9999.0 -9999.0 -9999.0 -9999.0 -9999.0 -9999.0 -9999.0 -9999.0 -9999.0 -9999.0 -9999.0 -9999.0 -9999.0 -9999.0 -9999.0 -9999.0 -9999.0 -9999.0 -9999.0 -9999.0 -9999.0 -9999.0 -9999.0 -9999.0 -9999.0 -9999.0 -9999.0 -9999.0 -9999.0 -9999.0 -9999.0 -9999.0 -9999.0 -9999.0 -9999.0 -9999.0 -9999.0 -9999.0 -9999.0