Borden_/Borden1m_014/output_maps/psiliqL0016N0040.asc
ncols         80
nrows         18
xllcorner     620200.000000
yllcorner     5168000.000000
cellsize      1.000000
NODATA_value  -9999.0
-9999.0 -9999.0 -9999.0 -9999.0 -9999.0 -9999.0 -9999.0 -9999.0 -9999.0 -9999.0 -9999.0 -9999.0 -9999.0 -9999.0 -9999.0 -9999.0 -9999.0 -9999.0 -9999.0 -9999.0 -9999.0 -9999.0 -9999.0 -9999.0 -9999.0 -9999.0 -9999.0 -9999.0 -9999.0 -9999.0 -9999.0 -9999.0 -9999.0 -9999.0 -9999.0 -9999.0 -9999.0 -9999.0 -9999.0 -9999.0 -9999.0 -9999.0 -9999.0 -9999.0 -9999.0 -9999.0 -9999.0 -9999.0 -9999.0 -9999.0 -9999.0 -9999.0 -9999.0 -9999.0 -9999.0 -9999.0 -9999.0 -9999.0 -9999.0 -9999.0 -9999.0 -9999.0 -9999.0 -9999.0 -9999.0 -9999.0 -9999.0 -9999.0 -9999.0 -9999.0 -9999.0 -9999.0 -9999.0 -9999.0 -9999.0 -9999.0 -9999.0 -9999.0 -9999.0 -9999.0
-9999.0 -9999.0 -9999.0 -9999.0 -9999.0 -9999.0 -9999.0 -9999.0 -9999.0 -9999.0 -9999.0 -9999.0 -9999.0 -9999.0 -9999.0 -9999.0 -9999.0 -9999.0 -9999.0 -9999.0 -9999.0 -9999.0 -9999.0 -9999.0 -9999.0 -9999.0 -9999.0 -9999.0 -9999.0 -9999.0 -9999.0 -9999.0 -9999.0 -9999.0 -9999.0 -9999.0 -9999.0 -9999.0 -9999.0 -9999.0 -9999.0 -9999.0 -9999.0 -9999.0 -9999.0 -9999.0 -9999.0 -9999.0 -9999.0 -9999.0 -9999.0 -9999.0 -9999.0 -9999.0 -9999.0 -9999.0 -9999.0 -9999.0 -9999.0 -9999.0 -9999.0 -9999.0 -9999.0 -9999.0 -9999.0 -9999.0 -9999.0 -9999.0 -9999.0 -9999.0 -9999.0 -9999.0 -9999.0 -9999.0 -9999.0 -9999.0 -9999.0 -9999.0 -9999.0 -9999.0
-9999.0 -9999.0 -9999.0 -9999.0 -9999.0 -9999.0 -9999.0 -9999.0 -9999.0 -9999.0 -9999.0 -9999.0 -9999.0 -9999.0 -9999.0 -9999.0 -9999.0 -9999.0 -9999.0 -9999.0 1352.623680 1355.472986 1334.442507 1301.965355 1275.457466 1279.257799 1315.324750 1358.327477 1398.785229 1410.137407 1393.767197 1398.070981 1395.010407 1394.580082 1397.911550 1406.091978 1411.954559 1424.143283 1433.727586 1434.533989 1429.712490 1425.798362 1427.190001 1430.124677 1435.221654 1422.779250 1435.638341 1449.197825 1452.201734 1445.021813 1415.933451 1398.406303 1387.034162 1369.034350 1391.502345 1401.057139 1421.770180 1424.035963 1420.579200 1392.252444 1361.303636 -9999.0 -9999.0 -9999.0 -9999.0 -9999.0 -9999.0 -9999.0 -9999.0 -9999.0 -9999.0 -9999.0 -9999.0 -9999.0 -9999.0 -9999.0 -9999.0 -9999.0 -9999.0 -9999.0
-9999.0 -9999.0 -9999.0 -9999.0 -9999.0 -9999.0 -9999.0 -9999.0 -9999.0 -9999.0 -9999.0 -9999.0 -9999.0 -9999.0 1258.603596 1250.111418 1248.701744 1258.403400 1293.186597 1324.479275 1336.818084 1330.421688 1331.813304 1309.597297 1290.337649 1305.975339 1337.705469 1371.251433 1407.695410 1429.391603 1419.940250 1419.345848 1430.131241 1455.837750 1469.098948 1467.462761 1449.454176 1474.455970 1491.404623 1500.981641 1501.964155 1494.695747 1507.551252 1522.954790 1515.541680 1497.762809 1502.481488 1513.033826 1522.679515 1507.355165 1441.955453 1421.083810 1414.141669 1405.213238 1388.820466 1380.530540 1404.155755 1402.023565 1391.981789 1372.423115 1338.267623 1293.066997 1273.140920 1310.560045 1352.813132 1408.668019 -9999.0 -9999.0 -9999.0 -9999.0 -9999.0 -9999.0 -9999.0 -9999.0 -9999.0 -9999.0 -9999.0 -9999.0 -9999.0 -9999.0
-9999.0 -9999.0 -9999.0 -9999.0 -9999.0 -9999.0 -9999.0 -9999.0 -9999.0 1196.901781 1202.616034 1211.249202 1215.173866 1232.227480 1230.776363 1239.352094 1247.614314 1276.393742 1308.898851 1345.319462 1375.202955 1367.857392 1369.843397 1380.737680 1384.663119 1398.147566 1422.015456 1464.400450 1504.994651 1547.005713 1519.594809 1518.656504 1539.068836 1586.380121 1618.682837 1625.796724 1608.916283 1620.504189 1647.232978 1670.411259 1671.730850 1670.441750 1695.936807 1709.865753 1709.147943 1687.897691 1675.648520 1674.927484 1698.084585 1644.557348 1576.048151 1525.118200 1528.341017 1497.418381 1459.143582 1437.886268 1433.079435 1451.102226 1434.269837 1395.339409 1357.489855 1344.431132 1325.129033 1340.832819 1361.207167 1405.554832 1442.691979 1469.430846 1467.178745 1448.477023 -9999.0 -9999.0 -9999.0 -9999.0 -9999.0 -9999.0 -9999.0 -9999.0 -9999.0 -9999.0
-9999.0 -9999.0 -9999.0 -9999.0 -9999.0 -9999.0 1115.855384 1126.548110 1148.258294 1153.899021 1180.992189 1189.812490 1212.076391 1232.999479 1256.568149 1274.610904 1306.079073 1340.693394 1382.961830 1427.498123 1461.270856 1457.456057 1469.348053 1500.005736 1538.944086 1568.547833 1595.737268 1637.821491 1715.062305 1757.939531 1764.579159 1770.098300 1780.602890 1830.064794 1894.208440 1908.934659 1889.993273 1877.408434 1899.916302 1938.242043 1945.279305 1947.960187 1959.606388 1969.313832 1994.550098 1983.746867 1942.882405 1927.765758 1924.543447 1905.117508 1841.078505 1776.817379 1743.137088 1692.299868 1608.009183 1552.787408 1559.104678 1575.965175 1545.244483 1489.330883 1446.781110 1434.008755 1416.745890 1401.711054 1406.198290 1423.184029 1442.989991 1451.887487 1436.627613 1413.529141 1389.129654 1359.079938 1360.007553 1384.510988 -9999.0 -9999.0 -9999.0 -9999.0 -9999.0 -9999.0
-9999.0 -9999.0 -9999.0 -9999.0 1064.287109 1078.170657 1066.889046 1093.696419 1128.067969 1164.098002 1197.493135 1235.967695 1265.166257 1297.488472 1339.473892 1374.923876 1418.243062 1455.559227 1511.650854 1581.519340 1634.509065 1659.525282 1676.103808 1734.555805 1796.066816 1849.123156 1871.652945 1900.870108 1946.400260 2007.431975 2035.116515 2042.002498 2059.783870 2096.035447 2144.220219 2177.737869 2162.041473 2155.491436 2163.441159 2177.021479 2202.223691 2204.866928 2207.387668 2210.078923 2214.482235 2212.460015 2186.567748 2151.729560 2136.022226 2124.868558 2092.837401 2022.400577 1982.132330 1950.701454 1914.340387 1860.383884 1796.632435 1781.170023 1722.975415 1664.058492 1600.640980 1577.483116 1545.113779 1517.692682 1486.829553 1486.163814 1486.698657 1463.241883 1428.068535 1393.530720 1376.714829 1356.584953 1344.451014 1373.756577 1390.641815 1420.361596 -9999.0 -9999.0 -9999.0 -9999.0
-9999.0 -9999.0 1003.194613 1052.177997 1110.371146 1120.369744 1121.789808 1129.518745 1160.213337 1214.632428 1291.092231 1342.489471 1385.981990 1422.373378 1483.957877 1563.844614 1637.165007 1687.164491 1748.392413 1819.776599 1883.361318 1917.966881 1936.132394 1975.992377 2030.465151 2093.494910 2121.276736 2148.660109 2181.105976 2216.071292 2225.908082 2239.779703 2248.564952 2252.353083 2258.775441 2260.812168 2256.280348 2251.338535 2233.613208 2230.612935 2238.690575 2245.310934 2246.989396 2233.625431 2229.512471 2242.698700 2246.053104 2244.055432 2242.338077 2248.452766 2250.259785 2209.593994 2173.752007 2157.309660 2145.349377 2099.361671 2033.246195 1991.307810 1967.373268 1923.179418 1844.321399 1792.257555 1740.926182 1691.713448 1638.166793 1605.637914 1556.521025 1511.032046 1461.599123 1413.100335 1387.917225 1368.847180 1365.508279 1364.514065 1379.989714 1394.604489 1409.381056 1416.857434 -9999.0 -9999.0
-9999.0 898.715909 971.412601 1097.974681 1179.195881 1224.725951 1255.989024 1279.454600 1310.817906 1340.776341 1446.036783 1532.966020 1625.321336 1665.000861 1716.598800 1814.809144 1910.585791 1957.650484 1996.818066 2054.515984 2116.055971 2164.618798 2194.165796 2202.664820 2237.742205 2253.249349 2257.293363 2261.429710 2258.543527 2251.057573 2242.741557 2248.813898 2244.558399 2224.697810 2207.522999 2203.410819 2197.225466 2172.853355 2144.447997 2129.880842 2132.823492 2156.623518 2144.698451 2124.059332 2120.221918 2141.357715 2160.946300 2152.065079 2140.256306 2158.590181 2193.607499 2216.421770 2225.987070 2242.867188 2263.334509 2236.910879 2208.483437 2165.658482 2145.062601 2114.946418 2055.125398 1992.686199 1936.612936 1874.774692 1807.000012 1738.178818 1673.179354 1609.292664 1540.956376 1498.192602 1466.188230 1415.986083 1395.225449 1396.676124 1387.330674 1383.627755 1388.834232 1394.752508 -9999.0 -9999.0
-9999.0 816.329223 958.737725 1143.291776 1292.524527 1351.087689 1450.159406 1529.174952 1558.910709 1530.949849 1640.039118 1859.684356 1965.667957 1985.189029 2058.414875 2148.100265 2164.565149 2197.588259 2220.376735 2232.666986 2242.966509 2254.221705 2253.667983 2249.003596 2234.828824 2227.148235 2225.598893 2222.102553 2203.545166 2183.218990 2164.611518 2159.309033 2139.162124 2092.845979 2057.784835 2038.729142 2021.140240 2001.876967 1970.094511 1943.856240 1929.267455 1944.751970 1938.757785 1922.396686 1918.591231 1940.295020 1972.300908 1968.823403 1977.852201 2000.233446 2040.443882 2080.939344 2104.429154 2135.595524 2173.460167 2218.812166 2233.979406 2255.662542 2259.498679 2240.763987 2194.971628 2140.595451 2103.817119 2038.496391 1963.186052 1882.072232 1814.266114 1749.159476 1678.248367 1631.733553 1585.617660 1529.490563 1477.300209 1456.156199 1416.745773 1396.895110 -9999.0 -9999.0 -9999.0 -9999.0
-9999.0 734.532611 921.845057 1178.450622 1457.633178 1565.160135 1769.147676 1897.069691 1954.604406 2024.788847 1994.189736 2149.687363 2192.278775 2189.865238 2191.881217 2197.078102 2213.499242 2217.254449 2213.902456 2203.986077 2195.310216 2191.758451 2190.806704 2183.486419 2171.027315 2155.537673 2141.214820 2126.974104 2087.660863 2052.945572 2015.279547 1999.412649 1958.691626 1865.927401 1821.710886 1783.974843 1726.283362 1720.847325 1716.443911 1689.022778 1669.972131 1648.980807 1671.705499 1676.934300 1679.638510 1682.237439 1698.441654 1723.041120 1768.308119 1805.432479 1850.420032 1903.508402 1939.095230 1983.283653 2030.082362 2086.845254 2120.762283 2152.625247 2200.981182 2240.016754 2262.566670 2249.494208 2220.290025 2170.050338 2094.609028 2023.311361 1968.507133 1890.754867 1823.954843 1770.971394 1726.803846 1679.151980 1617.743204 1543.533749 1502.774300 -9999.0 -9999.0 -9999.0 -9999.0 -9999.0
-9999.0 549.699360 817.022126 1102.705577 1412.612176 1741.897222 1879.381551 2004.359243 2076.816564 2047.333538 2058.063327 2079.725951 2123.384653 2133.631255 2115.288502 2106.889570 2095.484727 2095.534136 2108.022057 2081.025096 2051.287091 2037.900342 2037.490075 2025.762089 2002.313814 1985.158837 1972.500093 1951.129190 1902.316775 1850.055267 1767.245031 1735.828390 1659.383107 1604.330381 1559.550465 1509.186634 1458.430138 1457.427543 1475.163427 1461.008601 1439.057739 1420.933144 1447.914463 1466.208040 1478.762705 1467.231834 1476.485005 1512.791356 1562.836435 1607.774431 1658.499907 1713.719070 1760.632973 1808.646321 1841.232871 1892.106071 1940.641501 1987.947341 2062.112363 2141.268852 2178.447428 2212.295346 2242.287148 2253.903046 2196.596184 2140.563184 2080.968333 2012.363014 1927.614180 1880.134336 1857.002233 1820.656805 1768.549375 -9999.0 -9999.0 -9999.0 -9999.0 -9999.0 -9999.0 -9999.0
-9999.0 424.975924 640.967621 866.476598 1147.508701 1384.727267 1582.346665 1689.401352 1768.773766 1809.338140 1848.046581 1885.034122 1917.607110 1941.943417 1921.649069 1882.368204 1853.674083 1857.603126 1852.295224 1827.826778 1797.829586 1782.667129 1779.895954 1772.949115 1748.775878 1734.394231 1723.393958 1700.342066 1666.659175 1610.407163 1530.764726 1457.602650 1396.746014 1365.253518 1335.342859 1302.424664 1267.051021 1277.041707 1289.421667 1286.137905 1275.961245 1273.338583 1302.558462 1321.779025 1332.062108 1320.821894 1340.325513 1367.315332 1409.398197 1453.327732 1503.433389 1559.593723 1614.353203 1644.491356 1659.136162 1685.179856 1724.969897 1779.106724 1865.228318 1959.315831 2036.555340 2084.277610 2133.229816 2163.650442 2171.873735 2175.068548 2141.985708 2054.362831 1941.714031 1929.742852 1929.413793 -9999.0 -9999.0 -9999.0 -9999.0 -9999.0 -9999.0 -9999.0 -9999.0 -9999.0
-9999.0 -9999.0 408.478179 583.774488 718.543156 897.240091 1047.320695 1157.767797 1248.180380 1364.121548 1471.282384 1557.042131 1602.722914 1621.100871 1607.431997 1574.536117 1553.152211 1552.654867 1541.780089 1530.416337 1509.923409 1501.551552 1490.089558 1481.639728 1471.638431 1465.988071 1460.274004 1448.398111 1425.904597 1378.696084 1329.975261 1278.448297 1225.068129 1199.199504 1176.910834 1155.105203 1153.581695 1149.439964 1154.958221 1156.478649 1163.435313 1176.106815 1196.256193 1218.366999 1228.273417 1237.320235 1250.063244 1274.134712 1307.706302 1350.654739 1405.419850 1464.068725 1504.930484 1518.745023 1510.159786 1516.184230 1537.428306 1580.810835 1662.027262 1745.601890 1839.923118 1909.601437 1978.347066 2026.665501 2037.512978 2045.440481 2051.636817 1988.087394 1794.456557 1869.604244 -9999.0 -9999.0 -9999.0 -9999.0 -9999.0 -9999.0 -9999.0 -9999.0 -9999.0 -9999.0
-9999.0 -9999.0 -9999.0 -9999.0 443.049743 597.718715 695.096801 778.776789 907.974144 1028.479978 1128.956774 1212.476451 1274.630369 1301.294985 1297.011208 1301.980334 1297.076013 1290.684113 1280.590360 1278.949516 1277.212837 1269.390153 1255.002780 1247.389719 1247.972436 1252.504698 1249.560095 1235.444919 1217.223463 1194.125004 1173.243415 1138.472725 1102.167458 1072.617341 1059.095573 1053.066910 1052.620427 1045.622174 1054.284671 1061.553873 1076.753482 1092.009820 1115.817148 1144.842403 1158.649095 1173.528104 1183.467589 1204.272537 1235.047873 1288.909290 1352.913471 1411.419312 1448.046209 1453.287815 1429.434639 1414.811896 1412.118042 1441.087748 1487.134055 1555.164277 1656.825579 1728.877575 1784.349371 1826.105295 1853.742505 1892.316703 1932.024709 1956.700879 -9999.0 -9999.0 -9999.0 -9999.0 -9999.0 -9999.0 -9999.0 -9999.0 -9999.0 -9999.0 -9999.0 -9999.0
-9999.0 -9999.0 -9999.0 -9999.0 -9999.0 -9999.0 402.373564 503.814195 584.693189 722.425582 851.959713 952.826580 1032.890398 1064.374827 1090.208156 1116.551134 1114.401639 1095.943042 1076.800029 1095.001281 1108.163769 1102.062983 1072.058474 1071.387748 1075.895655 1083.945487 1081.511830 1074.770874 1049.326833 1060.146554 1060.236676 1036.568604 1010.157278 995.926441 983.811724 993.209407 993.304416 979.671487 980.315206 1007.019906 1027.232253 1040.410246 1062.295210 1095.543625 1127.940583 1143.206347 1144.725119 1151.087059 1191.504264 1262.126572 1334.197864 1390.107929 1423.169101 1431.916649 1405.344083 1365.969996 1346.310883 1354.326010 1390.101365 1443.711746 1520.122869 1569.136452 1594.332435 1606.418244 1622.299235 1708.992571 -9999.0 -9999.0 -9999.0 -9999.0 -9999.0 -9999.0 -9999.0 -9999.0 -9999.0 -9999.0 -9999.0 -9999.0 -9999.0 -9999.0
-9999.0 -9999.0 -9999.0 -9999.0 -9999.0 -9999.0 -9999.0 -9999.0 -9999.0 -9999.0 -9999.0 -9999.0 -9999.0 -9999.0 -9999.0 -9999.0 -9999.0 -9999.0 -9999.0 -9999.0 -9999.0 -9999.0 -9999.0 -9999.0 -9999.0 -9999.0 -9999.0 -9999.0 -9999.0 -9999.0 -9999.0 -9999.0 -9999.0 -9999.0 -9999.0 -9999.0 -9999.0 -9999.0 -9999.0 -9999.0 -9999.0 -9999.0 -9999.0 -9999.0 -9999.0 -9999.0 -9999.0 -9999.0 -9999.0 -9999.0 -9999.0 -9999.0 -9999.0 -9999.0 -9999.0 -9999.0 -9999.0 -9999.0 -9999.0 -9999.0 -9999.0 -9999.0 -9999.0 -9999.0 -9999.0 -9999.0 -9999.0 -9999.0 -9999.0 -9999.0 -9999.0 -9999.0 -9999.0 -9999.0 -9999.0 -9999.0 -9999.0 -9999.0 -9999.0 -9999.0
-9999.0 -9999.0 -9999.0 -9999.0 -9999.0 -9999.0 -9999.0 -9999.0 -9999.0 -9999.0 -9999.0 -9999.0 -9999.0 -9999.0 -9999.0 -9999.0 -9999.0 -9999.0 -9999.0 -9999.0 -9999.0 -9999.0 -9999.0 -9999.0 -9999.0 -9999.0 -9999.0 -9999.0 -9999.0 -9999.0 -9999.0 -9999.0 -9999.0 -9999.0 -9999.0 -9999.0 -9999.0 -9999.0 -9999.0 -9999.0 -9999.0 -9999.0 -9999.0 -9999.0 -9999.0 -9999.0 -9999.0 -9999.0 -9999.0 -9999.0 -9999.0 -9999.0 -9999.0 -9999.0 -9999.0 -9999.0 -9999.0 -9999.0 -9999.0 -9999.0 -9999.0 -9999.0 -9999.0 -9999.0 -9999.0 -9999.0 -9999.0 -9999.0 -9999.0 -9999.0 -9999.0 -9999.0 -9999.0 -9999.0 -9999.0 -9999.0 -9999.0 -9999.0 -9999.0 -9999.0