Borden_/Borden1m_014/output_maps/psiliqL0018N0001.asc
ncols         80
nrows         18
xllcorner     620200.000000
yllcorner     5168000.000000
cellsize      1.000000
NODATA_value  -9999.0
-9999.0 -9999.0 -9999.0 -9999.0 -9999.0 -9999.0 -9999.0 -9999.0 -9999.0 -9999.0 -9999.0 -9999.0 -9999.0 -9999.0 -9999.0 -9999.0 -9999.0 -9999.0 -9999.0 -9999.0 -9999.0 -9999.0 -9999.0 -9999.0 -9999.0 -9999.0 -9999.0 -9999.0 -9999.0 -9999.0 -9999.0 -9999.0 -9999.0 -9999.0 -9999.0 -9999.0 -9999.0 -9999.0 -9999.0 -9999.0 -9999.0 -9999.0 -9999.0 -9999.0 -9999.0 -9999.0 -9999.0 -9999.0 -9999.0 -9999.0 -9999.0 -9999.0 -9999.0 -9999.0 -9999.0 -9999.0 -9999.0 -9999.0 -9999.0 -9999.0 -9999.0 -9999.0 -9999.0 -9999.0 -9999.0 -9999.0 -9999.0 -9999.0 -9999.0 -9999.0 -9999.0 -9999.0 -9999.0 -9999.0 -9999.0 -9999.0 -9999.0 -9999.0 -9999.0 -9999.0
-9999.0 -9999.0 -9999.0 -9999.0 -9999.0 -9999.0 -9999.0 -9999.0 -9999.0 -9999.0 -9999.0 -9999.0 -9999.0 -9999.0 -9999.0 -9999.0 -9999.0 -9999.0 -9999.0 -9999.0 -9999.0 -9999.0 -9999.0 -9999.0 -9999.0 -9999.0 -9999.0 -9999.0 -9999.0 -9999.0 -9999.0 -9999.0 -9999.0 -9999.0 -9999.0 -9999.0 -9999.0 -9999.0 -9999.0 -9999.0 -9999.0 -9999.0 -9999.0 -9999.0 -9999.0 -9999.0 -9999.0 -9999.0 -9999.0 -9999.0 -9999.0 -9999.0 -9999.0 -9999.0 -9999.0 -9999.0 -9999.0 -9999.0 -9999.0 -9999.0 -9999.0 -9999.0 -9999.0 -9999.0 -9999.0 -9999.0 -9999.0 -9999.0 -9999.0 -9999.0 -9999.0 -9999.0 -9999.0 -9999.0 -9999.0 -9999.0 -9999.0 -9999.0 -9999.0 -9999.0
-9999.0 -9999.0 -9999.0 -9999.0 -9999.0 -9999.0 -9999.0 -9999.0 -9999.0 -9999.0 -9999.0 -9999.0 -9999.0 -9999.0 -9999.0 -9999.0 -9999.0 -9999.0 -9999.0 -9999.0 1726.326490 1728.165560 1706.001625 1671.944288 1643.624095 1645.337510 1678.845366 1719.245881 1757.154956 1765.637490 1746.981097 1749.715907 1745.104827 1742.696459 1744.306262 1751.387763 1756.374486 1766.796176 1774.272040 1772.742488 1765.831097 1760.436407 1761.189991 1763.499118 1769.116382 1757.165874 1771.948609 1787.658398 1792.886584 1788.952362 1763.621554 1749.954547 1741.962927 1727.061679 1752.771463 1764.942315 1788.273487 1792.924964 1791.502666 1764.942716 1735.119760 -9999.0 -9999.0 -9999.0 -9999.0 -9999.0 -9999.0 -9999.0 -9999.0 -9999.0 -9999.0 -9999.0 -9999.0 -9999.0 -9999.0 -9999.0 -9999.0 -9999.0 -9999.0 -9999.0
-9999.0 -9999.0 -9999.0 -9999.0 -9999.0 -9999.0 -9999.0 -9999.0 -9999.0 -9999.0 -9999.0 -9999.0 -9999.0 -9999.0 1636.954783 1627.456937 1624.293794 1631.830668 1664.500563 1694.309751 1706.249997 1698.615064 1698.317988 1674.008505 1652.273736 1665.353190 1694.390953 1724.777174 1757.866103 1776.123870 1764.362841 1761.829177 1770.592238 1793.955552 1805.112238 1802.190606 1783.353266 1806.898139 1821.141373 1827.395116 1825.615489 1816.148929 1826.975550 1841.599300 1834.654221 1818.631424 1826.382715 1839.720379 1851.653754 1840.423547 1779.565799 1763.508789 1760.367774 1755.493855 1742.699919 1737.875985 1764.713850 1765.107746 1757.772312 1740.651743 1708.234678 1663.879589 1645.814744 1685.720091 1729.977356 1787.225987 -9999.0 -9999.0 -9999.0 -9999.0 -9999.0 -9999.0 -9999.0 -9999.0 -9999.0 -9999.0 -9999.0 -9999.0 -9999.0 -9999.0
-9999.0 -9999.0 -9999.0 -9999.0 -9999.0 -9999.0 -9999.0 -9999.0 -9999.0 1580.409759 1585.141907 1591.900432 1593.797448 1608.849395 1606.047930 1612.665707 1618.029614 1644.275689 1673.951650 1707.712995 1735.204422 1725.514444 1724.711485 1731.942720 1731.713752 1741.805477 1762.350569 1800.329300 1835.267508 1872.404559 1841.388024 1838.254719 1857.419945 1903.168412 1933.111046 1938.704566 1920.974155 1932.331988 1955.975346 1974.449006 1971.571094 1966.931134 1990.915979 2004.557151 2003.272827 1983.715457 1976.444175 1979.897111 2006.542613 1956.205113 1891.042636 1845.428664 1854.451889 1829.264794 1797.278205 1781.288848 1780.160009 1801.194777 1788.181420 1753.134665 1718.866947 1708.445159 1692.139248 1711.449184 1734.845063 1781.868650 1821.443648 1851.120556 1851.391276 1834.491061 -9999.0 -9999.0 -9999.0 -9999.0 -9999.0 -9999.0 -9999.0 -9999.0 -9999.0 -9999.0
-9999.0 -9999.0 -9999.0 -9999.0 -9999.0 -9999.0 1502.319946 1511.835333 1531.803093 1535.439189 1560.573355 1566.483011 1585.669270 1603.447665 1624.278429 1638.475907 1665.454473 1695.862382 1733.680919 1773.732575 1803.292606 1794.884718 1802.350068 1827.704459 1861.771011 1887.384959 1911.316245 1948.952388 2020.586179 2057.754736 2058.789179 2062.725552 2074.224556 2126.571141 2192.566919 2207.236586 2188.183755 2174.696782 2195.314687 2230.089756 2231.283251 2230.460269 2241.448286 2251.095287 2277.404573 2268.505392 2231.328995 2220.892499 2221.666967 2202.377732 2137.253564 2074.244789 2045.845711 1999.495765 1919.582024 1870.191823 1882.290175 1903.939639 1878.498853 1827.744087 1791.084687 1783.406686 1771.015788 1761.320118 1771.121918 1792.984709 1817.149123 1830.481745 1818.998599 1798.886166 1777.119846 1749.211246 1751.828144 1777.250343 -9999.0 -9999.0 -9999.0 -9999.0 -9999.0 -9999.0
-9999.0 -9999.0 -9999.0 -9999.0 1453.177781 1465.487037 1451.747163 1476.321348 1507.796823 1540.706009 1569.834485 1603.451519 1627.843872 1655.523783 1692.054825 1720.483703 1756.676206 1787.836317 1838.063629 1902.676266 1950.736481 1969.891842 1981.062100 2035.112744 2094.881331 2147.942169 2169.952090 2196.668207 2238.793038 2294.725453 2319.024880 2325.558269 2346.741617 2389.881593 2443.511600 2481.085666 2466.472325 2459.626909 2466.918430 2478.236006 2499.688956 2499.469356 2500.429274 2503.104775 2508.708819 2508.180186 2484.405740 2451.474249 2435.100369 2422.784832 2386.463516 2312.010775 2274.262539 2245.741249 2210.022641 2156.835041 2096.409621 2085.886781 2031.518638 1977.047680 1920.385192 1904.334087 1878.798264 1858.560026 1835.764034 1843.290042 1851.717956 1835.236588 1805.728553 1775.969055 1762.798338 1745.407489 1735.165887 1766.175782 1784.326177 1814.715196 -9999.0 -9999.0 -9999.0 -9999.0
-9999.0 -9999.0 1395.351182 1442.260605 1498.096750 1504.626211 1501.214072 1504.438323 1530.531571 1579.855978 1648.633581 1691.681872 1726.979105 1757.593904 1812.511415 1883.192170 1947.343311 1990.516153 2047.876835 2117.830005 2180.443545 2211.710115 2225.095445 2263.011691 2319.517044 2388.808364 2419.696788 2447.101185 2478.751747 2511.118310 2515.157402 2528.150673 2539.674812 2548.666520 2559.321399 2564.593078 2561.834442 2558.135777 2540.237044 2535.771927 2541.803378 2547.339026 2547.361585 2533.437832 2529.537211 2543.683627 2548.741797 2547.160420 2544.037133 2547.732431 2544.890930 2499.925916 2468.633098 2454.175080 2441.631342 2394.280210 2325.428945 2285.475446 2263.780050 2221.168554 2144.570434 2097.362151 2051.672799 2010.158892 1966.175581 1945.006980 1907.254887 1872.124474 1831.477792 1789.742026 1769.681036 1754.498591 1754.108151 1755.429274 1772.955751 1789.030784 1805.037646 1813.141969 -9999.0 -9999.0
-9999.0 1290.722650 1361.992943 1485.400997 1562.530314 1601.704860 1623.006271 1636.767353 1661.603277 1686.889987 1781.633878 1853.284478 1937.214961 1972.303511 2018.967182 2111.701790 2201.828847 2244.635630 2282.741500 2344.008424 2410.423719 2461.706688 2489.935508 2491.733495 2529.416677 2551.723829 2559.234334 2564.397476 2560.939702 2551.264911 2541.767101 2547.082286 2542.741646 2522.936403 2505.589696 2502.755017 2499.072554 2476.600080 2448.030442 2433.250179 2435.358609 2459.953611 2445.894333 2424.564923 2420.433367 2441.783593 2463.061191 2453.211982 2438.291348 2454.825477 2486.974946 2508.870799 2518.387494 2537.775628 2559.388228 2532.298998 2504.738519 2462.158769 2441.636535 2411.850200 2350.794243 2289.200247 2235.336636 2178.034908 2118.273458 2060.738578 2008.266070 1957.232447 1900.392017 1866.084043 1840.296502 1795.123390 1779.133577 1784.614948 1778.598147 1777.227150 1784.281007 1790.977425 -9999.0 -9999.0
-9999.0 1205.237230 1345.487500 1525.489035 1668.151745 1715.843923 1799.025773 1865.187510 1885.218709 1847.154855 1947.866332 2159.234942 2264.123421 2282.201878 2357.716494 2449.614662 2456.381986 2486.366263 2508.477713 2525.322935 2540.892533 2554.770822 2554.348312 2549.789415 2536.365813 2530.619054 2530.137360 2526.476402 2506.404144 2484.275354 2464.709624 2458.857097 2436.629894 2387.565619 2350.506269 2331.727650 2315.910614 2300.086236 2271.103859 2245.664399 2230.365280 2244.923378 2239.681720 2222.829261 2218.398214 2239.346594 2269.936350 2265.168339 2272.624944 2291.106829 2327.545786 2366.634235 2391.544598 2424.781266 2465.218985 2512.722506 2528.520319 2552.200688 2557.206290 2540.572367 2493.594088 2437.363439 2401.514164 2338.157613 2269.087205 2197.276977 2141.985067 2090.747413 2031.546627 1993.654389 1952.821612 1899.776485 1852.877230 1839.048329 1804.390161 1788.656753 -9999.0 -9999.0 -9999.0 -9999.0
-9999.0 1118.989630 1302.849716 1551.687025 1826.658875 1916.898911 2110.202188 2226.811199 2275.018819 2343.753753 2291.502751 2453.243879 2495.104617 2491.996795 2498.551701 2503.826200 2518.118513 2518.970161 2514.057416 2503.649128 2495.071298 2491.828633 2491.190574 2484.135788 2472.461613 2457.936699 2442.691784 2427.937850 2387.046554 2350.664757 2311.935811 2297.209868 2256.502514 2163.599138 2120.695643 2084.239351 2028.469373 2027.108170 2027.015673 2001.491297 1983.191233 1960.963382 1984.840203 1990.692379 1992.984677 1993.056642 2006.302871 2029.421906 2071.871818 2104.423866 2144.213264 2193.279673 2227.305786 2270.459042 2316.050865 2373.715908 2410.345676 2444.289116 2496.468105 2537.228267 2560.976881 2548.411118 2522.657951 2475.190630 2405.071004 2344.152121 2304.062709 2242.491442 2188.335753 2141.164469 2096.229882 2044.326308 1984.007024 1921.041379 1885.746542 -9999.0 -9999.0 -9999.0 -9999.0 -9999.0
-9999.0 926.250657 1190.872521 1468.009374 1762.846125 2084.140331 2218.072196 2328.439568 2393.711430 2366.008695 2377.767778 2393.266085 2434.496603 2443.303537 2423.393173 2413.241915 2399.094868 2397.286743 2408.367782 2379.603031 2347.832532 2333.664058 2333.516742 2322.304098 2299.372374 2283.499240 2272.483878 2251.923674 2203.852475 2152.659183 2071.366692 2041.950766 1968.031885 1919.452780 1879.329967 1832.674249 1786.062807 1788.634727 1809.369999 1797.386590 1776.512053 1758.990423 1786.246095 1804.536568 1816.485695 1802.978035 1810.066225 1843.388731 1888.964569 1928.271282 1972.348288 2021.079285 2062.886998 2105.971132 2133.965691 2181.431285 2229.388442 2276.137398 2350.701969 2432.240468 2472.832799 2509.491670 2543.214434 2562.245115 2515.107569 2475.178483 2435.622560 2388.292186 2321.602009 2277.875286 2246.482327 2187.898469 2128.508961 -9999.0 -9999.0 -9999.0 -9999.0 -9999.0 -9999.0 -9999.0
-9999.0 804.211175 1013.580488 1228.148391 1495.845367 1722.199044 1914.388475 2009.205912 2080.243496 2125.018744 2164.927997 2199.222156 2228.225844 2250.466760 2229.108817 2187.285175 2156.974210 2160.310740 2153.566247 2129.021486 2098.740609 2083.938266 2081.612665 2075.824467 2053.259369 2040.977398 2032.293667 2011.869050 1982.235310 1929.952042 1856.010310 1786.832088 1731.123746 1705.393857 1679.930520 1650.879436 1619.510564 1631.824606 1645.428265 1643.620091 1634.753698 1632.959145 1661.998938 1680.985802 1690.509292 1678.484181 1696.328984 1720.416885 1758.428707 1797.486560 1841.852034 1891.743205 1940.181450 1963.641381 1971.616621 1990.973844 2025.009662 2073.748971 2155.390952 2247.104676 2324.151079 2373.696025 2428.623256 2470.301237 2493.419753 2515.571774 2509.976120 2454.100011 2373.867856 2365.862974 2354.201465 -9999.0 -9999.0 -9999.0 -9999.0 -9999.0 -9999.0 -9999.0 -9999.0 -9999.0
-9999.0 -9999.0 782.438431 950.199949 1072.396927 1241.275922 1382.219913 1484.825478 1571.529599 1688.519213 1794.914821 1878.294526 1920.826907 1936.562314 1922.007028 1890.009466 1869.562665 1869.119246 1858.276155 1848.309276 1829.619180 1822.591872 1811.880444 1804.669488 1797.120397 1793.909589 1790.525615 1781.396778 1762.662646 1719.856061 1677.075544 1630.348075 1581.434519 1559.090069 1539.977202 1521.155144 1522.398472 1519.320787 1525.725510 1528.126527 1536.009500 1549.135103 1569.013539 1590.957486 1600.320351 1608.863539 1620.095611 1642.036822 1672.633097 1712.145920 1762.726063 1816.585451 1852.186507 1860.407215 1845.870557 1845.501420 1859.475491 1894.430790 1965.823490 2040.847393 2130.008696 2197.460367 2269.029465 2325.412827 2351.205223 2382.893279 2423.695956 2402.971161 2298.427302 2339.056047 -9999.0 -9999.0 -9999.0 -9999.0 -9999.0 -9999.0 -9999.0 -9999.0 -9999.0 -9999.0
-9999.0 -9999.0 -9999.0 -9999.0 806.290103 955.972732 1049.430410 1127.567977 1253.057109 1371.335993 1468.864365 1549.464788 1610.048960 1634.573904 1630.379782 1637.480961 1633.418127 1626.634595 1616.781751 1617.095869 1617.476013 1610.810377 1596.773907 1590.467912 1592.916691 1599.504240 1598.389537 1586.459841 1570.597008 1552.032540 1535.593693 1504.350152 1471.336426 1444.421321 1433.140986 1429.352260 1430.324877 1424.148822 1433.476704 1441.589491 1457.219560 1472.533520 1496.185964 1525.121256 1538.707087 1552.902997 1561.625783 1580.642350 1609.243849 1660.429707 1721.324759 1776.408579 1809.160952 1809.995505 1781.646430 1761.854447 1752.807943 1774.019082 1810.138033 1867.369716 1959.323415 2024.344048 2076.159905 2120.110481 2157.613637 2217.458672 2295.574230 2352.938077 -9999.0 -9999.0 -9999.0 -9999.0 -9999.0 -9999.0 -9999.0 -9999.0 -9999.0 -9999.0 -9999.0 -9999.0
-9999.0 -9999.0 -9999.0 -9999.0 -9999.0 -9999.0 765.190985 864.981932 939.311081 1076.426824 1205.609498 1304.496146 1382.491005 1413.005385 1439.406801 1466.048427 1464.363536 1445.714750 1426.401895 1445.923437 1461.056836 1455.632580 1425.905750 1426.620700 1432.743718 1441.994455 1441.027270 1436.248703 1413.095313 1427.482793 1430.886857 1409.794438 1385.813172 1373.898497 1363.567203 1374.446492 1375.658932 1362.726185 1363.611742 1391.001090 1411.626119 1424.792028 1446.393500 1479.403817 1511.426268 1526.193957 1526.747826 1531.615570 1569.724693 1637.938989 1707.537917 1760.737928 1790.569434 1795.492707 1764.846882 1720.971833 1695.985782 1697.166219 1724.499210 1768.122526 1834.026181 1874.103701 1892.544414 1901.701173 1919.354096 2013.543269 -9999.0 -9999.0 -9999.0 -9999.0 -9999.0 -9999.0 -9999.0 -9999.0 -9999.0 -9999.0 -9999.0 -9999.0 -9999.0 -9999.0
-9999.0 -9999.0 -9999.0 -9999.0 -9999.0 -9999.0 -9999.0 -9999.0 -9999.0 -9999.0 -9999.0 -9999.0 -9999.0 -9999.0 -9999.0 -9999.0 -9999.0 -9999.0 -9999.0 -9999.0 -9999.0 -9999.0 -9999.0 -9999.0 -9999.0 -9999.0 -9999.0 -9999.0 -9999.0 -9999.0 -9999.0 -9999.0 -9999.0 -9999.0 -9999.0 -9999.0 -9999.0 -9999.0 -9999.0 -9999.0 -9999.0 -9999.0 -9999.0 -9999.0 -9999.0 -9999.0 -9999.0 -9999.0 -9999.0 -9999.0 -9999.0 -9999.0 -9999.0 -9999.0 -9999.0 -9999.0 -9999.0 -9999.0 -9999.0 -9999.0 -9999.0 -9999.0 -9999.0 -9999.0 -9999.0 -9999.0 -9999.0 -9999.0 -9999.0 -9999.0 -9999.0 -9999.0 -9999.0 -9999.0 -9999.0 -9999.0 -9999.0 -9999.0 -9999.0 -9999.0
-9999.0 -9999.0 -9999.0 -9999.0 -9999.0 -9999.0 -9999.0 -9999.0 -9999.0 -9999.0 -9999.0 -9999.0 -9999.0 -9999.0 -9999.0 -9999.0 -9999.0 -9999.0 -9999.0 -9999.0 -9999.0 -9999.0 -9999.0 -9999.0 -9999.0 -9999.0 -9999.0 -9999.0 -9999.0 -9999.0 -9999.0 -9999.0 -9999.0 -9999.0 -9999.0 -9999.0 -9999.0 -9999.0 -9999.0 -9999.0 -9999.0 -9999.0 -9999.0 -9999.0 -9999.0 -9999.0 -9999.0 -9999.0 -9999.0 -9999.0 -9999.0 -9999.0 -9999.0 -9999.0 -9999.0 -9999.0 -9999.0 -9999.0 -9999.0 -9999.0 -9999.0 -9999.0 -9999.0 -9999.0 -9999.0 -9999.0 -9999.0 -9999.0 -9999.0 -9999.0 -9999.0 -9999.0 -9999.0 -9999.0 -9999.0 -9999.0 -9999.0 -9999.0 -9999.0 -9999.0