Borden_/Borden1m_014/output_maps/psiliqL0022N0012.asc
ncols         80
nrows         18
xllcorner     620200.000000
yllcorner     5168000.000000
cellsize      1.000000
NODATA_value  -9999.0
-9999.0 -9999.0 -9999.0 -9999.0 -9999.0 -9999.0 -9999.0 -9999.0 -9999.0 -9999.0 -9999.0 -9999.0 -9999.0 -9999.0 -9999.0 -9999.0 -9999.0 -9999.0 -9999.0 -9999.0 -9999.0 -9999.0 -9999.0 -9999.0 -9999.0 -9999.0 -9999.0 -9999.0 -9999.0 -9999.0 -9999.0 -9999.0 -9999.0 -9999.0 -9999.0 -9999.0 -9999.0 -9999.0 -9999.0 -9999.0 -9999.0 -9999.0 -9999.0 -9999.0 -9999.0 -9999.0 -9999.0 -9999.0 -9999.0 -9999.0 -9999.0 -9999.0 -9999.0 -9999.0 -9999.0 -9999.0 -9999.0 -9999.0 -9999.0 -9999.0 -9999.0 -9999.0 -9999.0 -9999.0 -9999.0 -9999.0 -9999.0 -9999.0 -9999.0 -9999.0 -9999.0 -9999.0 -9999.0 -9999.0 -9999.0 -9999.0 -9999.0 -9999.0 -9999.0 -9999.0
-9999.0 -9999.0 -9999.0 -9999.0 -9999.0 -9999.0 -9999.0 -9999.0 -9999.0 -9999.0 -9999.0 -9999.0 -9999.0 -9999.0 -9999.0 -9999.0 -9999.0 -9999.0 -9999.0 -9999.0 -9999.0 -9999.0 -9999.0 -9999.0 -9999.0 -9999.0 -9999.0 -9999.0 -9999.0 -9999.0 -9999.0 -9999.0 -9999.0 -9999.0 -9999.0 -9999.0 -9999.0 -9999.0 -9999.0 -9999.0 -9999.0 -9999.0 -9999.0 -9999.0 -9999.0 -9999.0 -9999.0 -9999.0 -9999.0 -9999.0 -9999.0 -9999.0 -9999.0 -9999.0 -9999.0 -9999.0 -9999.0 -9999.0 -9999.0 -9999.0 -9999.0 -9999.0 -9999.0 -9999.0 -9999.0 -9999.0 -9999.0 -9999.0 -9999.0 -9999.0 -9999.0 -9999.0 -9999.0 -9999.0 -9999.0 -9999.0 -9999.0 -9999.0 -9999.0 -9999.0
-9999.0 -9999.0 -9999.0 -9999.0 -9999.0 -9999.0 -9999.0 -9999.0 -9999.0 -9999.0 -9999.0 -9999.0 -9999.0 -9999.0 -9999.0 -9999.0 -9999.0 -9999.0 -9999.0 -9999.0 2554.904503 2557.413979 2537.222623 2505.353115 2479.665625 2484.172237 2519.901549 2562.418962 2602.615276 2612.469727 2595.859268 2601.945094 2600.769617 2600.625096 2605.173449 2615.880465 2624.810015 2635.961736 2644.126769 2642.752342 2635.807591 2630.545028 2632.010664 2633.785473 2639.628922 2626.369340 2641.661060 2656.942345 2660.185232 2653.900818 2625.649234 2608.574570 2596.090196 2576.756783 2599.252969 2607.970289 2626.998294 2628.247278 2623.933466 2595.852026 2564.941509 -9999.0 -9999.0 -9999.0 -9999.0 -9999.0 -9999.0 -9999.0 -9999.0 -9999.0 -9999.0 -9999.0 -9999.0 -9999.0 -9999.0 -9999.0 -9999.0 -9999.0 -9999.0 -9999.0
-9999.0 -9999.0 -9999.0 -9999.0 -9999.0 -9999.0 -9999.0 -9999.0 -9999.0 -9999.0 -9999.0 -9999.0 -9999.0 -9999.0 2459.276116 2451.451712 2450.429699 2460.166916 2495.068814 2526.999914 2539.216826 2533.413468 2535.233075 2513.344805 2494.206199 2510.365115 2542.422482 2574.261756 2608.975331 2628.570408 2619.516915 2620.042272 2631.749938 2659.049434 2673.192382 2673.389720 2656.990941 2683.585354 2698.458032 2704.216872 2702.358162 2692.411604 2701.506081 2715.466250 2708.354842 2692.937004 2702.815122 2716.644143 2726.332167 2713.256379 2647.738943 2628.569675 2620.311037 2611.566101 2594.831495 2587.554686 2611.750892 2607.288142 2596.769702 2577.407583 2542.938601 2497.421516 2476.656890 2514.273063 2555.822400 2610.096211 -9999.0 -9999.0 -9999.0 -9999.0 -9999.0 -9999.0 -9999.0 -9999.0 -9999.0 -9999.0 -9999.0 -9999.0 -9999.0 -9999.0
-9999.0 -9999.0 -9999.0 -9999.0 -9999.0 -9999.0 -9999.0 -9999.0 -9999.0 2398.075207 2404.387301 2412.920902 2417.167608 2434.166381 2432.128664 2440.921579 2448.203358 2477.833253 2510.287407 2546.798508 2576.080998 2570.247480 2571.359603 2580.106489 2581.380563 2594.845488 2619.186506 2660.853070 2693.372601 2731.086901 2701.176318 2700.787285 2724.342365 2774.213660 2806.107526 2813.693767 2798.236615 2814.383594 2838.978499 2856.260882 2852.859895 2846.821149 2869.280137 2883.061275 2879.160675 2859.246843 2857.798355 2863.733936 2890.524372 2836.445814 2764.975438 2716.166405 2722.400898 2696.013960 2662.668873 2642.817802 2638.319535 2655.136444 2638.579188 2599.713719 2563.743767 2549.577769 2529.373498 2545.915726 2565.997813 2609.035712 2646.484590 2673.250763 2670.348150 2651.402950 -9999.0 -9999.0 -9999.0 -9999.0 -9999.0 -9999.0 -9999.0 -9999.0 -9999.0 -9999.0
-9999.0 -9999.0 -9999.0 -9999.0 -9999.0 -9999.0 2317.848678 2329.299893 2351.464892 2355.843054 2383.580620 2391.258841 2413.120127 2433.495853 2457.603230 2474.493040 2504.236244 2538.204618 2578.260459 2621.417735 2656.254874 2649.555334 2661.616500 2686.530917 2722.778379 2751.544788 2780.215840 2821.377314 2794.465113 2830.549867 2826.783723 2828.409488 2837.013535 2886.805164 2950.723898 2962.900922 2942.781068 2929.460523 2951.736219 2988.110291 2987.933446 2987.027855 2985.186123 2995.251846 3021.801024 3012.134367 2989.850344 2982.316913 2986.569740 2966.147375 2900.241182 2841.901432 2820.032212 2876.181261 2791.578480 2739.752931 2751.491168 2770.314764 2741.676411 2688.972985 2647.709452 2635.865624 2618.549851 2604.950203 2611.471135 2629.223775 2648.603579 2657.728576 2642.042557 2618.285989 2594.268011 2563.697463 2563.962682 2587.555597 -9999.0 -9999.0 -9999.0 -9999.0 -9999.0 -9999.0
-9999.0 -9999.0 -9999.0 -9999.0 2266.298393 2280.766032 2268.635486 2296.627242 2331.181396 2367.260745 2398.419436 2435.115823 2462.997574 2494.393982 2532.941569 2562.979656 2602.355949 2637.693868 2692.534538 2762.541617 2815.750595 2837.630936 2852.582416 2804.941696 2861.269452 2909.467741 2928.502834 2954.044795 2983.879866 3039.352958 3061.933629 3065.379267 3082.168252 3122.546201 3175.538039 3208.761045 3191.648094 3183.189193 3191.821629 3204.855573 3226.962216 3227.080656 3228.099967 3231.536067 3238.235899 3237.115002 3212.042650 3179.314337 3167.602341 3158.175825 3123.563680 3053.691625 3022.115035 2995.239991 2970.409453 2917.767848 2865.701876 2862.410380 2809.051911 2853.625782 2794.040235 2774.110332 2742.930297 2717.100275 2691.047309 2693.110162 2695.588301 2672.862382 2636.828204 2601.585113 2584.429659 2563.132595 2548.998820 2577.354165 2592.861225 2621.207592 -9999.0 -9999.0 -9999.0 -9999.0
-9999.0 -9999.0 2203.836448 2251.809979 2311.203753 2321.150226 2320.155335 2327.383531 2357.958544 2411.814290 2483.040797 2527.664261 2565.065620 2601.320780 2662.910392 2735.087175 2804.372021 2852.135513 2817.373991 2885.317944 2944.442709 2972.232321 2982.434440 3003.759884 3056.454425 3121.953863 3148.673356 3174.074212 3203.136075 3237.474419 3235.205619 3246.797755 3257.939241 3267.611333 3279.718825 3285.311242 3280.981122 3276.498930 3258.261710 3253.592421 3260.178595 3267.182517 3266.942694 3252.681439 3248.739251 3263.306023 3268.834691 3267.223652 3265.253799 3270.794449 3268.821734 3223.759198 3200.361441 3186.066838 3176.995107 3132.311669 3067.606392 3034.052015 3014.386723 2988.581833 2915.484978 2874.800588 2833.548974 2797.026036 2840.342516 2812.581651 2766.498605 2724.099227 2675.278048 2625.778299 2598.277752 2577.921391 2572.650288 2568.946601 2583.335098 2596.303700 2610.204989 2617.257553 -9999.0 -9999.0
-9999.0 2095.271597 2167.678791 2293.002655 2374.938849 2419.793246 2441.775069 2456.430163 2488.033807 2524.369904 2621.082960 2689.766031 2779.702536 2823.500511 2874.807560 2867.540394 2958.784350 2988.904576 3024.986573 3084.409278 3146.700005 3191.242910 3216.725350 3205.082896 3241.789321 3265.419666 3271.532092 3277.072203 3275.575830 3267.215102 3260.103296 3267.005558 3264.355952 3245.809775 3230.336691 3228.817326 3225.557456 3202.803228 3176.741601 3161.922195 3163.997904 3187.202358 3175.576211 3154.534805 3150.236106 3171.419756 3190.715223 3180.399715 3168.503245 3183.830946 3217.598632 3240.756989 3244.563466 3262.344522 3283.282516 3255.437192 3232.105925 3189.993756 3174.714107 3149.809721 3094.671977 3040.099740 2992.898379 2956.318284 2902.391638 2850.649031 2801.529184 2825.263744 2758.619115 2714.148772 2680.206643 2627.057740 2603.730473 2602.649004 2591.278371 2586.378581 2589.901289 2595.226529 -9999.0 -9999.0
-9999.0 2004.358205 2145.469385 2328.081144 2478.300151 2532.651730 2615.029824 2687.182069 2712.739924 2672.469451 2783.562395 2910.321961 3010.949444 3025.304371 3096.658343 3185.048249 3177.632755 3207.238760 3228.716569 3248.307614 3264.178536 3276.313709 3274.029220 3268.237470 3252.199010 3244.298787 3243.544588 3241.591970 3224.722444 3206.241592 3189.796035 3187.153085 3171.178612 3124.638096 3092.479019 3076.219191 3059.657520 3045.501565 3017.536431 2992.657027 2991.242136 2989.969956 2986.493534 2985.584705 2981.207867 2986.378548 3017.007681 3013.161078 3022.554330 3041.643558 3076.863888 3113.561495 3132.405534 3160.758894 3194.619869 3240.302923 3250.781312 3272.745217 3276.246796 3263.307435 3218.614285 3169.601083 3140.808466 3086.714880 3027.406034 2978.072022 2928.219777 2882.144894 2826.179706 2790.349783 2807.230120 2741.873654 2685.436816 2662.641806 2620.367797 2600.394876 -9999.0 -9999.0 -9999.0 -9999.0
-9999.0 1909.970269 2093.238601 2341.281550 2637.001056 2732.224064 2886.749406 2993.384983 3032.741823 3096.473651 3006.792979 3187.237334 3231.816504 3224.709621 3232.835005 3234.771407 3248.129397 3247.954441 3242.917199 3232.239455 3223.116972 3218.905089 3217.697623 3209.874750 3197.458392 3183.084768 3172.544604 3161.640538 3126.204370 3095.240160 3058.504943 3046.712150 3006.193376 2928.642678 2889.255587 2852.468731 2794.492456 2795.319598 2799.632456 2871.616366 2854.676134 2827.272127 2854.930716 2867.179371 2871.340785 2867.254619 2879.698673 2805.050278 2850.002387 2883.662581 2922.929818 2970.326884 2986.988195 3025.393615 3065.403033 3116.841109 3146.819705 3175.118215 3220.993366 3257.524907 3279.819979 3267.011336 3246.657994 3204.259590 3146.060596 3097.334717 3069.357334 3020.325792 2985.632456 2940.713900 2893.622645 2840.015504 2826.598437 2749.982827 2705.640892 -9999.0 -9999.0 -9999.0 -9999.0 -9999.0
-9999.0 1701.527920 1967.509579 2243.246082 2536.540465 2841.717681 2988.588078 3086.505541 3146.648952 3120.799820 3135.859360 3144.404262 3179.683208 3185.618131 3164.879766 3152.241758 3136.240452 3135.149914 3148.068348 3121.535243 3092.341981 3079.581275 3080.354540 3069.634743 3046.519791 3031.615581 3022.254048 3004.996992 2975.006165 2925.742962 2843.808357 2812.540033 2829.744182 2782.180898 2737.341170 2683.964542 2631.890244 2633.800093 2657.154387 2647.622579 2627.308311 2610.085497 2639.120903 2661.785511 2675.412510 2660.954825 2668.969685 2703.343974 2754.234951 2801.658408 2853.985427 2808.663270 2849.367425 2889.700560 2913.149312 2954.867268 2983.090971 3023.740750 3092.331996 3167.804987 3200.742276 3234.084233 3264.350595 3285.600812 3243.619348 3216.129062 3193.386318 3171.701816 3126.678769 3082.056050 3041.602593 2979.111004 2924.418658 -9999.0 -9999.0 -9999.0 -9999.0 -9999.0 -9999.0 -9999.0
-9999.0 1584.521835 1787.006671 1992.843007 2257.829601 2497.795255 2722.228182 2830.101943 2829.199303 2886.792256 2933.440285 2968.874892 2983.859651 3004.494697 2981.734537 2950.093990 2918.873209 2923.166414 2915.695026 2893.789115 2865.853532 2852.656940 2850.479969 2845.471762 2823.911523 2813.040253 2806.147911 2882.568340 2854.504834 2796.471098 2715.629725 2634.781259 2576.160818 2549.011789 2520.295633 2488.384008 2457.474511 2468.490700 2479.909151 2480.185884 2472.973979 2472.460063 2501.675566 2520.556302 2530.481114 2519.829549 2539.142786 2564.763495 2605.668360 2651.706864 2702.570773 2756.974611 2811.913840 2841.347791 2855.055996 2878.969894 2805.466181 2849.921689 2927.163489 2998.794621 3072.601183 3116.483049 3165.960017 3203.392781 3229.789935 3257.706186 3277.679311 3268.885832 3244.455975 3212.078530 3155.852283 -9999.0 -9999.0 -9999.0 -9999.0 -9999.0 -9999.0 -9999.0 -9999.0 -9999.0
-9999.0 -9999.0 1558.733987 1720.540905 1833.201859 2003.924921 2152.515944 2265.835456 2369.259760 2509.995285 2632.739634 2729.491492 2776.242083 2794.914530 2783.831648 2758.033880 2740.166511 2738.463387 2723.881420 2710.761253 2688.298245 2676.622911 2659.649035 2650.056939 2642.934686 2640.174784 2636.808848 2629.033229 2609.530562 2563.650411 2519.096400 2469.562546 2417.332940 2391.942578 2370.256056 2349.892116 2350.947340 2345.727141 2350.977050 2353.719986 2362.730157 2376.642719 2396.498398 2419.447837 2429.475765 2439.610336 2451.739725 2475.179002 2507.873250 2550.294365 2605.146863 2665.403183 2706.907322 2720.833737 2711.765131 2716.694150 2734.214964 2776.496770 2855.380645 2819.229468 2907.408496 2972.157290 3024.438855 3078.802424 3104.463448 3140.697306 3207.535120 3255.342535 3294.665420 3272.456870 -9999.0 -9999.0 -9999.0 -9999.0 -9999.0 -9999.0 -9999.0 -9999.0 -9999.0 -9999.0
-9999.0 -9999.0 -9999.0 -9999.0 1581.665088 1732.526957 1831.508607 1914.819629 2050.358294 2181.276459 2289.291513 2377.429305 2445.723484 2474.614436 2475.699637 2489.700810 2487.573707 2478.271552 2465.316656 2464.531070 2463.377238 2453.477607 2435.672556 2427.961194 2430.278480 2437.013466 2435.110110 2422.198297 2403.919129 2385.571078 2368.354901 2334.918024 2300.278498 2271.068587 2257.700238 2252.926142 2252.452777 2244.725677 2253.225821 2261.804152 2277.734751 2293.107498 2316.801431 2346.115235 2360.642470 2375.661489 2385.136474 2405.061573 2435.777357 2489.546564 2553.777212 2612.409519 2650.796533 2656.634219 2633.916072 2619.215922 2615.675224 2643.645244 2688.799531 2753.686124 2857.487294 2810.476411 2858.048718 2899.129581 2936.018237 2984.445035 3075.053170 3154.128773 -9999.0 -9999.0 -9999.0 -9999.0 -9999.0 -9999.0 -9999.0 -9999.0 -9999.0 -9999.0 -9999.0 -9999.0
-9999.0 -9999.0 -9999.0 -9999.0 -9999.0 -9999.0 1553.638000 1659.329365 1733.552384 1883.932210 2026.497785 2134.150337 2218.251090 2253.999354 2286.533460 2316.408615 2315.991912 2295.333739 2272.538477 2290.638357 2305.158892 2296.680237 2263.919181 2263.926225 2269.862660 2277.927792 2275.772548 2269.921841 2245.154469 2259.524994 2261.856657 2238.314250 2212.181444 2198.519353 2186.429881 2195.842293 2195.748791 2181.538385 2181.092646 2208.778840 2229.759022 2242.885318 2264.292631 2297.558089 2330.152073 2345.911601 2347.337946 2353.037504 2391.540247 2461.804698 2534.611020 2591.428370 2625.445624 2634.869938 2610.399441 2571.647937 2552.916173 2561.140720 2596.322203 2648.344827 2726.286681 2777.695529 2805.824059 2822.999998 2846.393837 2797.215192 -9999.0 -9999.0 -9999.0 -9999.0 -9999.0 -9999.0 -9999.0 -9999.0 -9999.0 -9999.0 -9999.0 -9999.0 -9999.0 -9999.0
-9999.0 -9999.0 -9999.0 -9999.0 -9999.0 -9999.0 -9999.0 -9999.0 -9999.0 -9999.0 -9999.0 -9999.0 -9999.0 -9999.0 -9999.0 -9999.0 -9999.0 -9999.0 -9999.0 -9999.0 -9999.0 -9999.0 -9999.0 -9999.0 -9999.0 -9999.0 -9999.0 -9999.0 -9999.0 -9999.0 -9999.0 -9999.0 -9999.0 -9999.0 -9999.0 -9999.0 -9999.0 -9999.0 -9999.0 -9999.0 -9999.0 -9999.0 -9999.0 -9999.0 -9999.0 -9999.0 -9999.0 -9999.0 -9999.0 -9999.0 -9999.0 -9999.0 -9999.0 -9999.0 -9999.0 -9999.0 -9999.0 -9999.0 -9999.0 -9999.0 -9999.0 -9999.0 -9999.0 -9999.0 -9999.0 -9999.0 -9999.0 -9999.0 -9999.0 -9999.0 -9999.0 -9999.0 -9999.0 -9999.0 -9999.0 -9999.0 -9999.0 -9999.0 -9999.0 -9999.0
-9999.0 -9999.0 -9999.0 -9999.0 -9999.0 -9999.0 -9999.0 -9999.0 -9999.0 -9999.0 -9999.0 -9999.0 -9999.0 -9999.0 -9999.0 -9999.0 -9999.0 -9999.0 -9999.0 -9999.0 -9999.0 -9999.0 -9999.0 -9999.0 -9999.0 -9999.0 -9999.0 -9999.0 -9999.0 -9999.0 -9999.0 -9999.0 -9999.0 -9999.0 -9999.0 -9999.0 -9999.0 -9999.0 -9999.0 -9999.0 -9999.0 -9999.0 -9999.0 -9999.0 -9999.0 -9999.0 -9999.0 -9999.0 -9999.0 -9999.0 -9999.0 -9999.0 -9999.0 -9999.0 -9999.0 -9999.0 -9999.0 -9999.0 -9999.0 -9999.0 -9999.0 -9999.0 -9999.0 -9999.0 -9999.0 -9999.0 -9999.0 -9999.0 -9999.0 -9999.0 -9999.0 -9999.0 -9999.0 -9999.0 -9999.0 -9999.0 -9999.0 -9999.0 -9999.0 -9999.0