Borden_/Borden1m_014/output_maps/psiliqL0024N0034.asc
ncols         80
nrows         18
xllcorner     620200.000000
yllcorner     5168000.000000
cellsize      1.000000
NODATA_value  -9999.0
-9999.0 -9999.0 -9999.0 -9999.0 -9999.0 -9999.0 -9999.0 -9999.0 -9999.0 -9999.0 -9999.0 -9999.0 -9999.0 -9999.0 -9999.0 -9999.0 -9999.0 -9999.0 -9999.0 -9999.0 -9999.0 -9999.0 -9999.0 -9999.0 -9999.0 -9999.0 -9999.0 -9999.0 -9999.0 -9999.0 -9999.0 -9999.0 -9999.0 -9999.0 -9999.0 -9999.0 -9999.0 -9999.0 -9999.0 -9999.0 -9999.0 -9999.0 -9999.0 -9999.0 -9999.0 -9999.0 -9999.0 -9999.0 -9999.0 -9999.0 -9999.0 -9999.0 -9999.0 -9999.0 -9999.0 -9999.0 -9999.0 -9999.0 -9999.0 -9999.0 -9999.0 -9999.0 -9999.0 -9999.0 -9999.0 -9999.0 -9999.0 -9999.0 -9999.0 -9999.0 -9999.0 -9999.0 -9999.0 -9999.0 -9999.0 -9999.0 -9999.0 -9999.0 -9999.0 -9999.0
-9999.0 -9999.0 -9999.0 -9999.0 -9999.0 -9999.0 -9999.0 -9999.0 -9999.0 -9999.0 -9999.0 -9999.0 -9999.0 -9999.0 -9999.0 -9999.0 -9999.0 -9999.0 -9999.0 -9999.0 -9999.0 -9999.0 -9999.0 -9999.0 -9999.0 -9999.0 -9999.0 -9999.0 -9999.0 -9999.0 -9999.0 -9999.0 -9999.0 -9999.0 -9999.0 -9999.0 -9999.0 -9999.0 -9999.0 -9999.0 -9999.0 -9999.0 -9999.0 -9999.0 -9999.0 -9999.0 -9999.0 -9999.0 -9999.0 -9999.0 -9999.0 -9999.0 -9999.0 -9999.0 -9999.0 -9999.0 -9999.0 -9999.0 -9999.0 -9999.0 -9999.0 -9999.0 -9999.0 -9999.0 -9999.0 -9999.0 -9999.0 -9999.0 -9999.0 -9999.0 -9999.0 -9999.0 -9999.0 -9999.0 -9999.0 -9999.0 -9999.0 -9999.0 -9999.0 -9999.0
-9999.0 -9999.0 -9999.0 -9999.0 -9999.0 -9999.0 -9999.0 -9999.0 -9999.0 -9999.0 -9999.0 -9999.0 -9999.0 -9999.0 -9999.0 -9999.0 -9999.0 -9999.0 -9999.0 -9999.0 2933.307125 2934.694865 2913.221172 2879.519295 2851.695928 2853.946898 2887.443016 2928.393345 2967.388751 2975.486158 2956.953650 2960.901374 2956.754958 2952.760769 2953.546616 2961.391475 2968.160998 2977.911864 2985.162098 2983.268540 2976.250165 2971.330470 2973.573006 2975.376333 2981.435350 2967.456631 2982.861082 2983.332327 2988.046326 2985.359500 2974.939707 2962.082947 2953.398876 2937.313400 2963.045079 2974.277937 2988.399967 2993.025769 2991.418630 2971.774641 2941.724326 -9999.0 -9999.0 -9999.0 -9999.0 -9999.0 -9999.0 -9999.0 -9999.0 -9999.0 -9999.0 -9999.0 -9999.0 -9999.0 -9999.0 -9999.0 -9999.0 -9999.0 -9999.0 -9999.0
-9999.0 -9999.0 -9999.0 -9999.0 -9999.0 -9999.0 -9999.0 -9999.0 -9999.0 -9999.0 -9999.0 -9999.0 -9999.0 -9999.0 2842.176950 2833.477236 2830.875532 2838.597664 2871.444969 2901.809473 2913.494651 2906.218343 2906.268428 2881.987613 2859.801099 2872.904935 2902.532066 2932.883159 2966.434287 2984.343045 2973.566565 2971.345055 2978.846396 2984.269250 2992.455225 2988.998743 2987.418357 2994.906174 3007.954603 3012.629803 3010.582016 3000.756945 3009.882712 3023.951106 3016.917185 3001.586119 3011.924098 3026.460486 3037.666403 3029.320585 2986.297378 2972.950569 2969.204920 2964.453094 2951.015359 2946.876080 2974.489211 2973.450730 2965.796469 2948.560543 2915.373486 2870.383936 2851.456884 2891.599968 2935.103732 2985.930436 -9999.0 -9999.0 -9999.0 -9999.0 -9999.0 -9999.0 -9999.0 -9999.0 -9999.0 -9999.0 -9999.0 -9999.0 -9999.0 -9999.0
-9999.0 -9999.0 -9999.0 -9999.0 -9999.0 -9999.0 -9999.0 -9999.0 -9999.0 2799.515438 2790.081288 2797.107050 2799.541503 2814.930079 2811.885657 2818.984439 2823.657336 2851.016883 2880.818174 2914.589488 2941.502827 2932.814749 2931.499321 2936.407727 2932.394769 2941.061618 2961.655251 2984.084991 3015.356593 3050.585965 3017.314501 3012.443641 3029.811079 3071.254452 3095.258808 3097.633781 3079.225713 3094.396609 3117.736160 3133.846378 3130.377920 3124.592218 3149.971971 3164.791030 3159.690370 3138.682921 3136.362503 3143.207459 3172.114277 3122.004058 3057.141097 3017.972262 3032.927727 3011.555506 2985.029985 2987.286609 2987.329094 2995.327138 2983.733158 2960.263811 2927.019205 2915.344843 2898.279508 2918.520239 2941.459019 2981.420340 3021.409943 3051.396337 3051.228277 3034.200830 -9999.0 -9999.0 -9999.0 -9999.0 -9999.0 -9999.0 -9999.0 -9999.0 -9999.0 -9999.0
-9999.0 -9999.0 -9999.0 -9999.0 -9999.0 -9999.0 2717.662346 2729.499960 2752.151637 2756.763726 2785.291428 2792.630050 2790.826115 2808.259041 2830.058943 2843.530340 2869.373530 2899.755434 2936.016382 2974.278325 2989.611861 2992.183225 2983.308516 3003.068650 3030.629293 3050.195820 3072.372412 3109.218356 3176.858118 3212.741969 3206.625984 3207.519840 3215.643709 3265.375339 3328.951919 3340.254036 3319.729264 3306.450481 3329.319355 3366.114656 3364.847342 3363.698635 3375.465513 3385.950653 3412.633585 3402.291428 3367.160758 3360.995498 3366.755986 3345.373336 3278.286390 3221.163773 3201.480765 3159.587918 3077.806763 3034.486210 3056.389658 3083.344476 3061.478663 3012.817284 2993.158375 2986.839673 2974.884713 2966.774716 2978.111580 2992.519638 3016.761267 3030.796403 3019.271886 2998.934036 2980.802290 2952.356054 2954.625474 2979.452367 -9999.0 -9999.0 -9999.0 -9999.0 -9999.0 -9999.0
-9999.0 -9999.0 -9999.0 -9999.0 2665.306736 2679.717102 2667.355437 2695.807187 2730.664504 2767.150456 2797.491590 2806.813532 2830.198013 2857.501086 2891.319268 2915.140868 2948.654588 2978.960970 3011.499110 3072.341719 3116.399003 3130.522073 3138.777676 3185.640462 3241.469583 3288.479896 3306.858791 3332.187085 3375.892443 3431.833465 3454.162381 3457.197663 3474.039583 3515.995981 3570.781241 3605.376937 3587.969648 3579.196992 3588.637059 3602.372025 3624.497255 3624.586574 3625.676746 3629.503995 3636.737162 3635.258486 3609.329441 3576.219197 3563.476202 3553.688406 3517.198640 3446.162488 3415.432578 3387.376308 3347.687390 3294.658256 3245.821277 3245.529968 3191.923040 3141.719266 3091.386574 3082.385521 3061.596488 3045.289996 3027.310699 3038.790403 3050.236346 3035.120672 3005.563361 2981.155254 2967.611327 2949.485389 2937.907108 2968.607834 2984.308959 3013.979651 -9999.0 -9999.0 -9999.0 -9999.0
-9999.0 -9999.0 2602.940133 2650.035786 2709.102812 2718.030329 2715.482042 2722.281418 2752.847682 2806.371628 2844.089088 2881.994414 2912.767452 2943.498675 2980.441603 3043.076704 3103.127878 3145.065960 3198.037053 3266.137107 3324.631167 3351.456056 3360.515044 3394.787787 3448.508952 3515.944564 3543.355191 3569.318458 3600.257086 3635.770272 3630.268572 3641.356593 3653.204493 3664.585473 3678.274473 3684.717983 3680.086388 3675.536786 3657.116440 3652.165243 3658.695129 3666.264760 3665.602623 3651.111278 3647.152544 3661.958746 3667.879745 3666.006955 3663.555997 3668.740332 3665.358729 3618.460082 3598.293279 3583.481856 3572.580916 3527.098217 3461.319519 3428.493344 3407.856047 3368.525374 3295.838308 3257.615212 3218.117204 3183.176274 3148.420926 3134.001109 3100.789827 3068.346860 3029.415194 2988.710288 2974.515717 2959.233451 2958.168818 2958.151216 2975.348592 2989.020359 3004.923090 3012.994602 -9999.0 -9999.0
-9999.0 2493.312972 2565.113034 2689.006169 2769.262788 2796.026889 2808.046944 2814.081276 2839.928679 2871.744086 2959.952424 3000.408616 3082.390661 3118.269644 3158.768264 3244.260005 3336.602112 3378.260867 3415.881293 3477.518393 3541.609386 3587.848226 3613.777097 3597.000219 3635.217434 3662.118152 3669.308477 3675.641876 3674.965393 3666.521901 3659.748344 3666.522439 3663.694811 3644.787004 3628.970799 3627.318822 3623.977606 3600.901876 3573.646478 3558.462726 3560.138578 3584.711139 3571.883112 3550.637476 3546.269804 3567.735772 3588.564081 3578.034897 3565.059277 3581.465995 3615.705467 3639.833020 3642.185770 3660.377822 3681.412872 3652.911283 3630.667393 3587.590694 3571.030199 3545.847428 3489.795900 3435.141449 3387.522122 3339.761858 3287.416341 3237.985944 3190.497960 3145.943265 3092.291137 3059.287343 3034.770357 2991.530201 2982.476507 2984.292105 2981.432486 2979.425446 2984.266759 2990.847391 -9999.0 -9999.0
-9999.0 2399.393745 2539.319341 2719.488977 2853.256375 2896.091614 2963.295732 3011.677300 3025.696336 2988.564776 3072.961524 3283.293502 3399.076538 3414.975734 3488.413177 3580.685161 3567.936444 3598.464254 3620.844958 3643.729826 3662.184067 3675.470709 3673.482808 3668.021310 3651.735330 3643.777475 3642.953161 3640.914993 3623.753673 3605.010955 3588.368538 3585.445316 3568.018895 3519.914244 3487.211933 3470.320093 3452.475061 3438.730088 3411.173816 3385.598526 3370.409792 3381.108499 3378.548103 3365.235274 3360.807221 3378.602669 3409.370359 3406.638109 3417.282891 3436.636337 3471.949668 3509.394637 3528.448814 3557.176581 3592.366912 3639.267661 3648.833593 3671.046047 3674.244850 3662.628312 3616.950015 3566.191126 3537.117931 3482.407041 3423.026218 3362.116120 3313.708844 3269.275006 3214.556154 3180.372247 3142.902998 3089.359719 3045.549806 3036.285747 3002.572482 2988.858510 -9999.0 -9999.0 -9999.0 -9999.0
-9999.0 2300.668399 2481.646710 2724.548470 2999.897192 3074.399700 3270.882187 3382.989192 3421.749116 3487.356315 3381.816458 3576.159050 3625.066921 3619.065863 3631.187121 3633.783717 3647.625035 3647.205066 3642.146433 3631.291869 3621.925949 3617.525776 3616.395901 3608.525665 3596.000147 3581.497609 3569.821351 3558.651950 3522.585819 3491.137552 3453.120208 3440.994077 3398.253069 3308.219219 3269.672595 3232.343284 3173.366764 3175.256766 3181.091455 3160.994866 3141.925982 3115.167875 3143.484635 3153.047637 3156.826191 3153.277727 3163.665530 3186.994169 3233.285194 3266.954371 3305.559963 3352.813817 3381.999887 3420.718461 3460.533637 3512.343483 3542.902389 3571.462449 3619.326437 3656.101685 3678.618925 3665.166113 3645.744279 3602.162066 3542.535229 3493.557158 3465.161511 3415.492993 3372.787851 3329.283382 3283.099424 3230.604301 3171.103434 3115.674666 3081.310308 -9999.0 -9999.0 -9999.0 -9999.0 -9999.0
-9999.0 2084.338343 2348.864367 2618.887315 2887.409975 3217.028425 3377.700124 3473.403866 3535.071246 3513.647890 3532.890244 3540.265946 3576.779338 3583.388617 3561.953378 3548.680743 3531.852218 3530.763963 3543.756703 3516.812077 3487.080379 3474.023232 3474.864913 3464.162492 3440.683860 3425.810014 3416.507463 3398.533033 3356.411689 3307.204327 3224.815691 3192.525851 3119.455053 3079.331188 3042.683899 2996.536975 2967.270777 2971.816088 2981.302424 2985.785931 2965.186193 2948.089402 2976.951379 2983.506785 2996.245157 2980.651960 2987.350296 3021.244512 3067.315440 3107.134476 3150.695762 3194.578323 3235.501309 3274.642576 3296.177857 3336.025447 3376.868984 3417.888578 3487.143741 3564.029402 3598.888904 3632.868386 3662.433909 3684.013713 3641.585918 3614.711361 3591.488324 3568.693394 3523.181487 3478.218582 3437.719982 3374.225969 3315.056080 -9999.0 -9999.0 -9999.0 -9999.0 -9999.0 -9999.0 -9999.0
-9999.0 1969.973121 2167.144201 2364.513408 2620.754134 2835.665798 3042.747637 3133.408676 3200.237334 3264.040836 3313.920464 3349.880628 3375.066731 3396.151318 3373.455914 3329.212792 3297.635050 3302.427350 3294.361064 3273.160475 3245.603602 3232.749924 3230.669144 3225.918378 3204.716460 3194.373690 3187.692439 3173.489598 3147.906971 3095.956822 3024.895414 2968.140186 2914.461016 2893.294917 2869.744951 2842.174702 2814.774859 2827.601296 2839.809259 2839.908489 2833.041237 2832.909387 2861.915355 2880.960010 2890.552461 2879.705850 2898.137295 2921.866049 2959.456846 2987.018264 3031.142103 3080.544978 3128.512908 3148.981006 3151.989475 3164.599453 3188.560332 3231.656275 3307.546850 3391.983966 3467.643552 3512.250572 3562.338935 3601.483394 3628.756333 3655.135155 3676.337573 3668.488141 3643.302697 3610.435659 3552.816508 -9999.0 -9999.0 -9999.0 -9999.0 -9999.0 -9999.0 -9999.0 -9999.0 -9999.0
-9999.0 -9999.0 1940.368599 2096.580331 2199.978027 2365.291338 2510.234881 2620.299148 2723.982161 2828.269667 2947.389940 3023.688901 3068.633536 3083.643304 3069.643962 3040.697385 3022.984416 3022.683072 3011.341484 3004.565866 2989.703062 2984.582752 2990.494574 2983.064586 2978.122806 2976.825825 2974.276292 2966.237576 2949.068382 2907.217694 2868.895536 2824.670930 2810.444631 2786.634351 2766.341160 2747.360417 2749.640546 2744.004703 2748.791802 2751.239043 2760.332267 2774.243549 2793.766119 2793.996630 2803.459311 2813.478909 2824.618835 2846.560990 2876.746050 2916.801482 2968.349556 3012.954877 3048.177748 3054.991419 3037.600017 3033.229210 3042.055362 3071.668807 3135.642754 3200.614286 3288.753359 3353.175109 3418.819987 3473.939281 3500.083156 3536.429190 3605.338622 3653.268222 3694.184866 3671.871481 -9999.0 -9999.0 -9999.0 -9999.0 -9999.0 -9999.0 -9999.0 -9999.0 -9999.0 -9999.0
-9999.0 -9999.0 -9999.0 -9999.0 1957.297708 2105.613800 2203.449172 2284.208732 2418.593072 2549.368126 2657.476344 2746.235302 2816.300441 2803.334005 2803.381030 2818.704082 2817.414477 2808.765107 2798.086554 2802.096586 2806.139151 2800.394188 2827.199723 2820.435790 2823.359843 2830.193787 2827.627093 2813.998541 2795.138834 2778.596915 2763.449760 2731.447042 2698.615920 2670.318802 2657.672172 2653.788845 2653.499095 2645.452670 2653.620146 2662.229390 2678.020401 2693.150677 2716.663299 2745.850074 2760.726817 2775.989111 2785.535367 2805.264659 2814.047247 2865.356369 2927.256350 2983.552752 3008.856264 3009.183501 2991.998989 2971.752728 2961.274568 2980.789761 2995.418491 3046.883340 3135.928722 3193.547939 3239.294447 3278.468546 3314.647687 3377.864108 3470.554570 3550.828569 -9999.0 -9999.0 -9999.0 -9999.0 -9999.0 -9999.0 -9999.0 -9999.0 -9999.0 -9999.0 -9999.0 -9999.0
-9999.0 -9999.0 -9999.0 -9999.0 -9999.0 -9999.0 1932.084026 2037.751935 2107.615011 2259.858271 2404.728034 2513.597288 2598.561660 2635.295544 2669.858031 2700.829659 2701.583139 2681.715462 2660.132336 2681.266363 2699.439077 2692.846106 2661.108273 2662.139916 2668.607033 2676.209423 2673.407397 2667.115731 2642.149787 2657.754227 2661.292039 2638.416664 2612.999004 2600.036918 2588.448662 2598.158994 2598.104712 2583.624716 2582.623522 2610.302667 2631.250120 2644.143223 2665.283293 2698.561939 2731.323110 2747.421475 2749.035244 2754.728861 2792.551251 2841.900397 2912.672104 2967.585126 2991.023109 2995.672596 2975.085485 2931.540965 2906.925152 2907.797956 2934.221562 2976.053576 3019.548589 3055.978794 3068.188942 3070.466366 3083.307775 3176.134202 -9999.0 -9999.0 -9999.0 -9999.0 -9999.0 -9999.0 -9999.0 -9999.0 -9999.0 -9999.0 -9999.0 -9999.0 -9999.0 -9999.0
-9999.0 -9999.0 -9999.0 -9999.0 -9999.0 -9999.0 -9999.0 -9999.0 -9999.0 -9999.0 -9999.0 -9999.0 -9999.0 -9999.0 -9999.0 -9999.0 -9999.0 -9999.0 -9999.0 -9999.0 -9999.0 -9999.0 -9999.0 -9999.0 -9999.0 -9999.0 -9999.0 -9999.0 -9999.0 -9999.0 -9999.0 -9999.0 -9999.0 -9999.0 -9999.0 -9999.0 -9999.0 -9999.0 -9999.0 -9999.0 -9999.0 -9999.0 -9999.0 -9999.0 -9999.0 -9999.0 -9999.0 -9999.0 -9999.0 -9999.0 -9999.0 -9999.0 -9999.0 -9999.0 -9999.0 -9999.0 -9999.0 -9999.0 -9999.0 -9999.0 -9999.0 -9999.0 -9999.0 -9999.0 -9999.0 -9999.0 -9999.0 -9999.0 -9999.0 -9999.0 -9999.0 -9999.0 -9999.0 -9999.0 -9999.0 -9999.0 -9999.0 -9999.0 -9999.0 -9999.0
-9999.0 -9999.0 -9999.0 -9999.0 -9999.0 -9999.0 -9999.0 -9999.0 -9999.0 -9999.0 -9999.0 -9999.0 -9999.0 -9999.0 -9999.0 -9999.0 -9999.0 -9999.0 -9999.0 -9999.0 -9999.0 -9999.0 -9999.0 -9999.0 -9999.0 -9999.0 -9999.0 -9999.0 -9999.0 -9999.0 -9999.0 -9999.0 -9999.0 -9999.0 -9999.0 -9999.0 -9999.0 -9999.0 -9999.0 -9999.0 -9999.0 -9999.0 -9999.0 -9999.0 -9999.0 -9999.0 -9999.0 -9999.0 -9999.0 -9999.0 -9999.0 -9999.0 -9999.0 -9999.0 -9999.0 -9999.0 -9999.0 -9999.0 -9999.0 -9999.0 -9999.0 -9999.0 -9999.0 -9999.0 -9999.0 -9999.0 -9999.0 -9999.0 -9999.0 -9999.0 -9999.0 -9999.0 -9999.0 -9999.0 -9999.0 -9999.0 -9999.0 -9999.0 -9999.0 -9999.0