Borden_/Borden1m_014/output_maps/psiliqL0006N0014.asc
ncols         80
nrows         18
xllcorner     620200.000000
yllcorner     5168000.000000
cellsize      1.000000
NODATA_value  -9999.0
-9999.0 -9999.0 -9999.0 -9999.0 -9999.0 -9999.0 -9999.0 -9999.0 -9999.0 -9999.0 -9999.0 -9999.0 -9999.0 -9999.0 -9999.0 -9999.0 -9999.0 -9999.0 -9999.0 -9999.0 -9999.0 -9999.0 -9999.0 -9999.0 -9999.0 -9999.0 -9999.0 -9999.0 -9999.0 -9999.0 -9999.0 -9999.0 -9999.0 -9999.0 -9999.0 -9999.0 -9999.0 -9999.0 -9999.0 -9999.0 -9999.0 -9999.0 -9999.0 -9999.0 -9999.0 -9999.0 -9999.0 -9999.0 -9999.0 -9999.0 -9999.0 -9999.0 -9999.0 -9999.0 -9999.0 -9999.0 -9999.0 -9999.0 -9999.0 -9999.0 -9999.0 -9999.0 -9999.0 -9999.0 -9999.0 -9999.0 -9999.0 -9999.0 -9999.0 -9999.0 -9999.0 -9999.0 -9999.0 -9999.0 -9999.0 -9999.0 -9999.0 -9999.0 -9999.0 -9999.0
-9999.0 -9999.0 -9999.0 -9999.0 -9999.0 -9999.0 -9999.0 -9999.0 -9999.0 -9999.0 -9999.0 -9999.0 -9999.0 -9999.0 -9999.0 -9999.0 -9999.0 -9999.0 -9999.0 -9999.0 -9999.0 -9999.0 -9999.0 -9999.0 -9999.0 -9999.0 -9999.0 -9999.0 -9999.0 -9999.0 -9999.0 -9999.0 -9999.0 -9999.0 -9999.0 -9999.0 -9999.0 -9999.0 -9999.0 -9999.0 -9999.0 -9999.0 -9999.0 -9999.0 -9999.0 -9999.0 -9999.0 -9999.0 -9999.0 -9999.0 -9999.0 -9999.0 -9999.0 -9999.0 -9999.0 -9999.0 -9999.0 -9999.0 -9999.0 -9999.0 -9999.0 -9999.0 -9999.0 -9999.0 -9999.0 -9999.0 -9999.0 -9999.0 -9999.0 -9999.0 -9999.0 -9999.0 -9999.0 -9999.0 -9999.0 -9999.0 -9999.0 -9999.0 -9999.0 -9999.0
-9999.0 -9999.0 -9999.0 -9999.0 -9999.0 -9999.0 -9999.0 -9999.0 -9999.0 -9999.0 -9999.0 -9999.0 -9999.0 -9999.0 -9999.0 -9999.0 -9999.0 -9999.0 -9999.0 -9999.0 -648.910426 -645.849516 -668.879315 -703.009058 -731.617722 -730.266634 -696.017799 -655.952756 -619.255738 -609.112283 -627.367777 -626.609462 -632.199650 -632.387497 -629.528706 -624.052866 -621.955211 -610.570879 -602.276051 -602.575186 -608.765682 -614.649740 -616.468948 -612.906678 -608.057063 -616.117802 -602.791907 -587.443744 -580.630055 -585.339330 -611.976626 -627.283476 -634.624469 -648.154921 -623.352030 -610.150892 -586.728361 -581.878547 -582.432421 -608.883845 -638.478185 -9999.0 -9999.0 -9999.0 -9999.0 -9999.0 -9999.0 -9999.0 -9999.0 -9999.0 -9999.0 -9999.0 -9999.0 -9999.0 -9999.0 -9999.0 -9999.0 -9999.0 -9999.0 -9999.0
-9999.0 -9999.0 -9999.0 -9999.0 -9999.0 -9999.0 -9999.0 -9999.0 -9999.0 -9999.0 -9999.0 -9999.0 -9999.0 -9999.0 -737.342941 -747.937837 -751.457103 -743.448563 -710.391850 -681.219513 -668.789738 -676.783090 -677.341194 -701.201144 -721.585857 -708.210847 -680.065187 -649.916896 -617.077091 -597.311627 -610.646667 -613.892522 -603.707045 -576.216031 -561.578312 -564.527673 -586.173193 -564.050941 -547.944267 -538.326976 -539.507083 -548.299213 -533.413573 -517.013839 -523.681788 -541.266554 -538.268690 -526.672724 -511.437659 -526.355533 -590.572884 -611.129904 -612.993521 -618.543843 -630.613177 -636.496813 -611.441463 -609.565609 -617.005352 -634.049157 -665.268420 -708.510970 -725.543421 -686.994878 -642.153041 -583.776506 -9999.0 -9999.0 -9999.0 -9999.0 -9999.0 -9999.0 -9999.0 -9999.0 -9999.0 -9999.0 -9999.0 -9999.0 -9999.0 -9999.0
-9999.0 -9999.0 -9999.0 -9999.0 -9999.0 -9999.0 -9999.0 -9999.0 -9999.0 -792.545353 -789.567772 -783.000248 -781.887663 -766.865999 -768.826061 -762.544935 -755.002293 -730.134329 -700.134381 -666.120090 -638.103296 -648.970572 -649.432449 -637.593157 -630.664258 -618.523444 -599.082271 -559.943630 -518.526059 -477.256229 -506.175011 -508.549267 -489.059955 -433.946690 -386.636787 -374.081297 -394.877615 -392.592471 -363.568584 -334.082700 -335.416159 -337.682417 -309.867374 -294.116859 -285.384810 -307.526206 -328.838606 -331.701598 -301.352121 -362.229247 -435.874422 -496.560377 -495.842474 -526.752449 -567.844586 -590.101157 -592.492120 -569.296867 -583.528121 -619.763046 -655.132297 -663.248056 -678.710827 -662.115727 -638.779411 -591.112434 -552.245986 -522.954781 -521.774934 -538.478579 -9999.0 -9999.0 -9999.0 -9999.0 -9999.0 -9999.0 -9999.0 -9999.0 -9999.0 -9999.0
-9999.0 -9999.0 -9999.0 -9999.0 -9999.0 -9999.0 -870.034242 -861.881413 -842.914232 -837.549660 -814.282589 -807.305999 -787.593619 -769.041262 -749.804638 -733.643895 -703.688151 -672.654039 -632.481753 -589.586585 -558.273279 -563.098520 -554.009900 -520.036141 -474.726817 -436.655021 -409.193559 -366.190798 -274.277858 -209.555189 -181.508668 -166.088035 -117.879333 121.174577 199.081638 209.071437 200.863960 194.192102 201.207346 214.613618 214.985234 213.796417 216.330341 218.729445 230.846062 228.807038 213.725125 210.103289 209.820827 203.603560 138.567450 -114.358559 -226.539453 -295.514722 -387.491853 -454.121320 -461.406141 -446.507294 -477.353985 -529.769960 -571.455650 -580.898839 -594.175098 -607.460247 -601.318517 -580.941370 -556.345247 -543.881388 -555.059136 -574.458113 -596.760610 -624.751956 -622.574823 -596.725057 -9999.0 -9999.0 -9999.0 -9999.0 -9999.0 -9999.0
-9999.0 -9999.0 -9999.0 -9999.0 -919.068046 -907.252865 -918.969853 -896.512848 -865.539708 -833.559514 -802.025502 -765.733917 -739.978147 -711.766417 -671.255566 -633.907451 -591.762177 -558.763793 -504.666337 -432.049668 -370.419171 -337.642444 -320.395179 -234.980635 -50.038324 156.974884 191.286587 201.602232 214.025994 237.369549 247.481478 250.408332 262.527198 291.279410 311.756242 325.513256 318.296946 316.807140 317.646411 319.058461 330.380553 329.522029 329.994635 329.920134 331.430940 334.016194 323.243626 311.809003 308.933640 306.876080 295.895764 252.000091 230.099128 219.461619 209.948330 173.845953 -34.492796 -156.165927 -259.712194 -329.693953 -408.515951 -440.061695 -472.816598 -497.819194 -527.335538 -525.271573 -520.873391 -538.811016 -567.334280 -597.754782 -611.524944 -629.144911 -638.266276 -607.903002 -589.694071 -558.144273 -9999.0 -9999.0 -9999.0 -9999.0
-9999.0 -9999.0 -976.059503 -926.130064 -871.341862 -863.457880 -861.355492 -857.431970 -832.035249 -783.301518 -706.002591 -654.783707 -611.063858 -583.014514 -524.819295 -436.053382 -351.879555 -294.748794 -195.797974 107.897862 192.302737 207.671845 211.378872 227.155446 257.939958 294.663491 305.465074 312.814237 320.382266 333.690754 354.184248 369.049335 375.786269 372.001593 369.821765 368.226118 366.465492 364.304553 349.329361 347.091077 352.833138 354.157200 357.592514 346.483992 342.742925 354.685256 357.539216 360.185415 364.129461 371.675020 381.072062 351.541521 317.317899 314.042826 314.522914 297.212173 260.725918 236.279103 227.955121 211.556456 142.655235 -88.994549 -232.297428 -309.860525 -377.398294 -412.385521 -457.624387 -495.653896 -537.909623 -580.521906 -602.054099 -619.077215 -620.037378 -618.227187 -601.465682 -585.131195 -569.226222 -561.157181 -9999.0 -9999.0
-9999.0 -1072.989493 -1000.615803 -873.330647 -795.937125 -752.329218 -711.741189 -683.058277 -661.419301 -650.715702 -545.200103 -431.066460 -335.563626 -303.131650 -218.504961 102.228475 200.989164 221.259022 238.813110 277.855609 303.017755 317.983376 326.155462 352.509528 377.137289 373.269413 371.733565 369.473393 360.781859 352.777480 342.916235 350.978134 350.604630 337.580562 326.097879 324.079237 322.521834 314.859115 306.256548 302.736612 304.874877 314.430589 310.001068 302.292094 300.766745 308.423328 314.579771 311.194219 306.343074 313.661753 327.563488 336.283538 351.179062 364.367214 383.543404 360.333591 331.313577 314.874182 310.824821 303.632523 282.804650 246.736208 219.441250 175.207726 -23.691163 -236.926557 -326.645848 -391.913428 -454.656848 -490.600418 -519.069106 -568.995105 -590.759850 -587.602682 -595.832814 -597.446356 -590.097167 -583.351325 -9999.0 -9999.0
-9999.0 -1141.266173 -997.900472 -812.617176 -668.593733 -609.533395 -488.950127 -399.958994 -374.036865 -398.327251 -266.411716 164.124896 226.929224 229.164651 259.735818 310.319767 337.509100 360.035317 373.438377 368.602440 362.904369 362.936582 357.712550 349.026935 336.376134 330.874411 331.556894 331.719558 324.217076 317.956215 310.424866 310.857136 307.105781 294.720148 278.919415 256.577474 245.129598 237.664899 225.397951 216.293780 211.062277 220.713721 216.617945 209.425112 207.407611 216.134148 229.940248 226.263773 230.932410 246.362771 277.181619 293.370399 299.160534 308.138712 320.519870 337.921953 352.382869 372.058256 376.678269 354.944744 327.560537 309.461522 302.290310 282.489598 247.325780 205.120835 133.126285 -125.934206 -262.320135 -327.169997 -386.753083 -446.361038 -502.791201 -527.628092 -565.146306 -585.528287 -9999.0 -9999.0 -9999.0 -9999.0
-9999.0 -1202.104195 -1009.845015 -743.356873 -494.641767 -351.249013 106.644308 212.067910 233.355386 257.471377 271.370749 353.494982 364.666735 350.787322 327.869687 325.432711 335.454301 337.814585 333.163108 325.809750 321.885819 319.631846 318.696608 316.106153 312.632406 308.515636 305.728185 304.657681 293.278013 279.336889 249.086807 239.992618 227.098292 186.296371 123.264893 -96.862367 -226.364897 -240.556680 -258.631696 -297.352543 -318.673803 -333.864876 -314.477741 -317.334863 -318.139531 -307.789485 -281.577907 -259.287832 -192.561202 -87.913859 139.999801 202.512580 218.319658 240.752955 273.832956 296.386010 304.006253 312.171498 328.190632 354.561645 374.558160 367.458288 342.744256 325.343885 303.232737 284.635464 270.862574 231.096253 201.976673 145.019145 -66.954355 -241.111226 -343.461844 -438.373451 -477.666845 -9999.0 -9999.0 -9999.0 -9999.0 -9999.0
-9999.0 -1347.476370 -1079.840716 -782.011953 -446.298918 89.486404 208.098945 292.683746 339.042111 293.771305 286.700261 294.794303 309.367401 309.909323 301.789503 302.031235 299.818792 299.683827 306.175305 293.121445 271.305362 256.309456 254.696801 248.780967 237.844699 231.416583 228.129032 222.785320 201.719055 140.454724 -145.439939 -209.706154 -311.742123 -390.489218 -442.605575 -491.034600 -541.452897 -542.845616 -527.652061 -544.221440 -565.696631 -584.102675 -559.646486 -545.490620 -535.431261 -544.919763 -536.891059 -504.132049 -457.666424 -416.591363 -362.320942 -295.743575 -230.777433 -109.766071 127.709339 197.147944 217.833861 238.402154 281.913957 311.986118 321.547359 333.966911 366.007001 384.415634 347.106977 321.654965 310.005116 297.322318 275.327156 260.960658 238.563199 213.286558 185.438790 -9999.0 -9999.0 -9999.0 -9999.0 -9999.0 -9999.0 -9999.0
-9999.0 -1484.170159 -1247.232010 -992.772129 -691.920467 -462.981723 -280.104171 88.008970 180.976718 186.340832 195.086621 204.895125 215.027191 224.034094 215.164302 201.719775 191.421314 194.023798 191.894333 159.995119 22.034421 -104.382554 -115.193208 -137.257708 -197.259004 -226.984498 -244.137093 -275.885195 -322.394762 -386.244152 -474.165503 -538.074337 -596.860128 -631.581571 -660.660025 -692.693921 -731.347694 -720.503816 -705.376432 -710.222299 -723.035519 -728.096041 -698.942708 -681.327685 -671.700768 -685.604982 -668.160209 -642.288663 -602.172949 -563.203828 -518.855285 -468.411528 -418.741449 -389.054242 -369.369518 -330.012116 -273.758000 -158.529492 138.745147 225.626721 275.840178 294.334867 311.416662 323.580368 328.111220 345.189552 344.047414 310.923923 277.257796 286.612029 288.409298 -9999.0 -9999.0 -9999.0 -9999.0 -9999.0 -9999.0 -9999.0 -9999.0 -9999.0
-9999.0 -9999.0 -1485.292632 -1289.601706 -1121.618639 -936.310533 -791.844204 -692.890233 -628.488946 -551.128221 -466.112764 -391.630303 -349.850283 -332.792975 -354.585225 -401.660591 -432.277983 -432.462602 -442.195077 -459.379888 -486.621760 -495.958362 -504.068449 -510.963126 -524.490276 -531.732007 -536.423098 -546.506353 -568.022022 -613.094498 -665.298174 -715.987239 -769.283296 -793.349658 -814.749504 -837.354786 -841.465093 -842.398918 -835.202518 -834.167004 -829.508772 -818.335700 -797.704033 -777.036003 -768.079687 -761.985612 -749.884072 -727.011844 -694.906268 -655.819633 -605.932508 -553.253772 -518.082488 -508.470936 -519.416315 -514.755194 -494.091223 -450.882921 -354.959069 -225.652551 117.870224 203.649812 241.593407 280.873150 289.798289 295.952705 306.782424 289.318115 184.712730 258.649945 -9999.0 -9999.0 -9999.0 -9999.0 -9999.0 -9999.0 -9999.0 -9999.0 -9999.0 -9999.0
-9999.0 -9999.0 -9999.0 -9999.0 -1432.371970 -1274.130380 -1181.979587 -1101.189921 -986.119656 -885.247064 -799.642222 -729.490843 -682.514399 -661.262254 -674.746849 -683.569760 -692.595257 -695.135898 -702.869331 -709.345919 -715.797964 -723.083523 -732.747863 -739.897441 -740.859429 -737.686543 -739.239537 -751.458369 -765.913937 -793.749715 -818.249065 -853.013550 -889.805326 -918.477112 -931.197224 -938.420129 -937.958477 -942.898463 -933.167207 -927.296356 -912.745680 -897.424317 -873.588271 -845.870815 -833.970654 -820.238296 -810.789840 -790.276983 -761.185097 -709.933493 -649.686168 -596.270269 -565.144017 -563.805812 -592.129910 -609.940706 -615.181895 -590.103478 -546.201572 -479.996697 -375.275390 -283.262369 -156.245184 128.430235 193.704887 219.593697 265.807320 282.205327 -9999.0 -9999.0 -9999.0 -9999.0 -9999.0 -9999.0 -9999.0 -9999.0 -9999.0 -9999.0 -9999.0 -9999.0
-9999.0 -9999.0 -9999.0 -9999.0 -9999.0 -9999.0 -1492.475589 -1399.654730 -1309.804136 -1195.066842 -1090.014596 -1003.704412 -933.809394 -912.122307 -898.174413 -877.785713 -883.110110 -899.063147 -914.238824 -898.682388 -890.629068 -894.851658 -920.676941 -922.325090 -919.301731 -909.715122 -910.468797 -916.191466 -940.336947 -933.409572 -935.477298 -958.019792 -983.673989 -998.043246 -1009.357062 -999.340288 -998.309184 -1010.338092 -1007.299643 -981.755188 -962.470171 -949.062653 -926.520526 -893.756665 -862.273033 -848.594723 -847.966563 -841.990935 -800.627973 -731.634144 -663.478665 -612.506861 -584.109937 -578.741235 -609.187032 -652.081034 -675.988493 -672.265895 -641.630687 -593.053237 -521.939962 -477.042295 -446.922254 -421.261612 -385.401271 -266.680017 -9999.0 -9999.0 -9999.0 -9999.0 -9999.0 -9999.0 -9999.0 -9999.0 -9999.0 -9999.0 -9999.0 -9999.0 -9999.0 -9999.0
-9999.0 -9999.0 -9999.0 -9999.0 -9999.0 -9999.0 -9999.0 -9999.0 -9999.0 -9999.0 -9999.0 -9999.0 -9999.0 -9999.0 -9999.0 -9999.0 -9999.0 -9999.0 -9999.0 -9999.0 -9999.0 -9999.0 -9999.0 -9999.0 -9999.0 -9999.0 -9999.0 -9999.0 -9999.0 -9999.0 -9999.0 -9999.0 -9999.0 -9999.0 -9999.0 -9999.0 -9999.0 -9999.0 -9999.0 -9999.0 -9999.0 -9999.0 -9999.0 -9999.0 -9999.0 -9999.0 -9999.0 -9999.0 -9999.0 -9999.0 -9999.0 -9999.0 -9999.0 -9999.0 -9999.0 -9999.0 -9999.0 -9999.0 -9999.0 -9999.0 -9999.0 -9999.0 -9999.0 -9999.0 -9999.0 -9999.0 -9999.0 -9999.0 -9999.0 -9999.0 -9999.0 -9999.0 -9999.0 -9999.0 -9999.0 -9999.0 -9999.0 -9999.0 -9999.0 -9999.0
-9999.0 -9999.0 -9999.0 -9999.0 -9999.0 -9999.0 -9999.0 -9999.0 -9999.0 -9999.0 -9999.0 -9999.0 -9999.0 -9999.0 -9999.0 -9999.0 -9999.0 -9999.0 -9999.0 -9999.0 -9999.0 -9999.0 -9999.0 -9999.0 -9999.0 -9999.0 -9999.0 -9999.0 -9999.0 -9999.0 -9999.0 -9999.0 -9999.0 -9999.0 -9999.0 -9999.0 -9999.0 -9999.0 -9999.0 -9999.0 -9999.0 -9999.0 -9999.0 -9999.0 -9999.0 -9999.0 -9999.0 -9999.0 -9999.0 -9999.0 -9999.0 -9999.0 -9999.0 -9999.0 -9999.0 -9999.0 -9999.0 -9999.0 -9999.0 -9999.0 -9999.0 -9999.0 -9999.0 -9999.0 -9999.0 -9999.0 -9999.0 -9999.0 -9999.0 -9999.0 -9999.0 -9999.0 -9999.0 -9999.0 -9999.0 -9999.0 -9999.0 -9999.0 -9999.0 -9999.0