Borden_/Borden1m_014/output_maps/psiliqL0001N0010.asc
ncols         80
nrows         18
xllcorner     620200.000000
yllcorner     5168000.000000
cellsize      1.000000
NODATA_value  -9999.0
-9999.0 -9999.0 -9999.0 -9999.0 -9999.0 -9999.0 -9999.0 -9999.0 -9999.0 -9999.0 -9999.0 -9999.0 -9999.0 -9999.0 -9999.0 -9999.0 -9999.0 -9999.0 -9999.0 -9999.0 -9999.0 -9999.0 -9999.0 -9999.0 -9999.0 -9999.0 -9999.0 -9999.0 -9999.0 -9999.0 -9999.0 -9999.0 -9999.0 -9999.0 -9999.0 -9999.0 -9999.0 -9999.0 -9999.0 -9999.0 -9999.0 -9999.0 -9999.0 -9999.0 -9999.0 -9999.0 -9999.0 -9999.0 -9999.0 -9999.0 -9999.0 -9999.0 -9999.0 -9999.0 -9999.0 -9999.0 -9999.0 -9999.0 -9999.0 -9999.0 -9999.0 -9999.0 -9999.0 -9999.0 -9999.0 -9999.0 -9999.0 -9999.0 -9999.0 -9999.0 -9999.0 -9999.0 -9999.0 -9999.0 -9999.0 -9999.0 -9999.0 -9999.0 -9999.0 -9999.0
-9999.0 -9999.0 -9999.0 -9999.0 -9999.0 -9999.0 -9999.0 -9999.0 -9999.0 -9999.0 -9999.0 -9999.0 -9999.0 -9999.0 -9999.0 -9999.0 -9999.0 -9999.0 -9999.0 -9999.0 -9999.0 -9999.0 -9999.0 -9999.0 -9999.0 -9999.0 -9999.0 -9999.0 -9999.0 -9999.0 -9999.0 -9999.0 -9999.0 -9999.0 -9999.0 -9999.0 -9999.0 -9999.0 -9999.0 -9999.0 -9999.0 -9999.0 -9999.0 -9999.0 -9999.0 -9999.0 -9999.0 -9999.0 -9999.0 -9999.0 -9999.0 -9999.0 -9999.0 -9999.0 -9999.0 -9999.0 -9999.0 -9999.0 -9999.0 -9999.0 -9999.0 -9999.0 -9999.0 -9999.0 -9999.0 -9999.0 -9999.0 -9999.0 -9999.0 -9999.0 -9999.0 -9999.0 -9999.0 -9999.0 -9999.0 -9999.0 -9999.0 -9999.0 -9999.0 -9999.0
-9999.0 -9999.0 -9999.0 -9999.0 -9999.0 -9999.0 -9999.0 -9999.0 -9999.0 -9999.0 -9999.0 -9999.0 -9999.0 -9999.0 -9999.0 -9999.0 -9999.0 -9999.0 -9999.0 -9999.0 -492.703230 -491.446256 -493.412107 -495.494821 -497.425239 -497.831787 -495.790615 -493.735832 -491.297693 -491.076721 -493.562448 -492.699155 -493.783349 -494.612604 -494.871128 -494.178171 -493.775868 -493.074293 -492.725950 -493.153383 -493.849044 -494.235049 -494.794065 -494.809509 -493.870845 -495.097230 -493.475505 -492.117164 -491.798515 -491.434228 -492.856858 -493.240465 -493.319438 -495.388443 -491.714787 -491.059911 -488.900927 -488.899586 -488.165520 -490.557600 -492.933416 -9999.0 -9999.0 -9999.0 -9999.0 -9999.0 -9999.0 -9999.0 -9999.0 -9999.0 -9999.0 -9999.0 -9999.0 -9999.0 -9999.0 -9999.0 -9999.0 -9999.0 -9999.0 -9999.0
-9999.0 -9999.0 -9999.0 -9999.0 -9999.0 -9999.0 -9999.0 -9999.0 -9999.0 -9999.0 -9999.0 -9999.0 -9999.0 -9999.0 -494.837370 -496.156217 -496.817566 -497.544296 -495.702572 -494.524226 -494.999971 -496.371585 -494.933879 -497.314960 -499.534604 -498.249061 -496.834452 -496.168196 -494.520101 -493.131057 -494.740071 -495.149890 -494.499798 -491.778413 -490.820171 -491.590222 -495.565340 -491.924785 -490.606682 -489.765598 -489.884472 -491.702618 -489.540891 -486.976962 -488.493791 -491.222114 -490.462501 -489.063222 -486.590501 -487.063949 -495.545638 -495.392710 -494.553762 -493.896275 -495.052260 -496.043058 -492.417429 -493.281914 -493.636569 -493.525969 -494.876103 -497.806021 -499.298531 -495.843217 -493.563277 -488.104593 -9999.0 -9999.0 -9999.0 -9999.0 -9999.0 -9999.0 -9999.0 -9999.0 -9999.0 -9999.0 -9999.0 -9999.0 -9999.0 -9999.0
-9999.0 -9999.0 -9999.0 -9999.0 -9999.0 -9999.0 -9999.0 -9999.0 -9999.0 -496.074057 -496.583724 -496.290497 -497.394827 -496.354664 -498.712207 -498.326197 -498.995068 -497.738831 -497.182510 -495.796266 -493.386713 -495.643299 -496.003667 -494.684009 -494.966576 -495.014515 -494.536915 -491.117827 -487.818943 -481.126668 -488.005126 -488.354056 -486.098070 -476.668914 -462.288438 -459.151309 -464.395955 -464.908710 -458.253129 -450.729018 -451.556641 -452.416132 -445.076769 -441.411561 -438.557440 -444.475932 -450.316349 -451.670560 -442.196083 -457.990544 -476.084930 -487.627147 -484.493442 -488.384951 -492.590238 -493.773292 -494.700119 -490.578344 -491.667750 -494.510243 -496.811218 -495.091874 -496.783807 -495.155051 -494.700002 -490.749834 -487.520008 -484.125450 -483.969358 -486.272721 -9999.0 -9999.0 -9999.0 -9999.0 -9999.0 -9999.0 -9999.0 -9999.0 -9999.0 -9999.0
-9999.0 -9999.0 -9999.0 -9999.0 -9999.0 -9999.0 -497.459013 -497.777948 -497.188297 -500.208028 -498.613889 -500.206280 -499.168824 -499.000276 -498.540995 -499.041821 -497.590708 -496.643282 -494.849610 -492.477809 -490.015480 -492.337590 -491.867240 -488.311669 -482.063406 -474.534120 -467.711388 -459.096731 -435.395643 -419.148807 -411.604321 -408.750851 -402.665016 -321.456013 -16.260621 2.819346 2.698140 2.555750 2.699008 2.983361 2.980793 2.940676 2.983742 3.014023 3.295634 3.250269 2.931591 2.866395 2.837945 2.580261 -115.628751 -401.130616 -425.118741 -441.014403 -462.655528 -476.998623 -481.641199 -477.508297 -482.056236 -488.766582 -492.454002 -491.597867 -492.001839 -493.752489 -492.807641 -491.434686 -489.056080 -487.387555 -488.493359 -489.741850 -490.204651 -492.984418 -492.382555 -489.617778 -9999.0 -9999.0 -9999.0 -9999.0 -9999.0 -9999.0
-9999.0 -9999.0 -9999.0 -9999.0 -501.225128 -500.053394 -503.863267 -501.930461 -500.671162 -499.921329 -500.612372 -499.199776 -499.340534 -498.623166 -496.699771 -495.957157 -493.468036 -492.134647 -486.623241 -475.638818 -459.466890 -451.049852 -448.291533 -426.982229 -387.125593 -58.136768 2.399590 2.681745 2.889982 3.334871 3.513835 3.521118 3.681420 4.112229 4.915154 5.561888 5.178144 5.132147 5.175787 5.196467 5.653134 5.539269 5.596895 5.480361 5.592542 6.049210 5.321555 5.020027 4.960207 4.896149 4.536693 3.484741 3.170457 3.021412 2.827072 -39.013162 -384.443476 -408.790311 -433.847212 -449.976731 -472.451613 -477.368787 -482.054018 -484.526624 -488.846809 -487.499358 -485.717516 -487.784856 -490.268003 -492.650194 -492.280832 -493.236667 -495.017423 -491.111911 -490.355431 -486.599403 -9999.0 -9999.0 -9999.0 -9999.0
-9999.0 -9999.0 -500.853184 -501.301459 -498.433757 -500.811354 -502.226392 -504.204161 -503.903042 -501.514851 -497.325283 -496.837330 -494.841070 -494.303624 -488.744484 -475.157828 -453.214165 -440.537149 -419.347636 -356.779237 -37.836244 2.715575 2.838026 3.086412 3.559407 4.568132 4.863916 5.043938 5.210828 5.601386 28.135318 42.915602 47.172647 43.210448 40.599183 39.440908 37.577355 34.172789 17.523824 15.491175 22.448160 24.583352 27.933949 15.831435 12.092200 24.427739 26.505684 27.423904 29.623695 37.912182 47.780299 20.249009 5.083783 5.066096 5.125170 4.631891 3.608881 3.230500 3.153842 2.591886 -203.386443 -397.782923 -427.741924 -447.978841 -466.331885 -471.903891 -480.066067 -484.500833 -488.550065 -492.757970 -493.535966 -493.805232 -492.641297 -493.571284 -491.596704 -490.460583 -488.239641 -487.610944 -9999.0 -9999.0
-9999.0 -501.252247 -502.975212 -498.080458 -498.480687 -498.358474 -498.268968 -498.061502 -497.265395 -500.136801 -489.303691 -467.911319 -447.505818 -442.324684 -424.673764 -300.236853 -11.805732 2.971053 3.249657 3.770093 4.683424 5.140944 5.376805 26.452449 48.364031 43.949401 40.228230 39.365520 30.490466 23.072863 13.335334 21.046849 21.221616 6.038404 5.252325 5.396578 5.381262 5.106677 4.894429 4.806710 4.873131 5.245473 5.027376 4.820057 4.763239 4.965657 5.230847 5.010542 4.819892 4.977616 5.311299 5.616551 18.192349 32.034080 51.002045 30.139622 5.480294 5.035500 4.984073 4.784392 4.124019 3.364147 2.883673 -48.791444 -385.365180 -432.121616 -456.496256 -469.165532 -480.378648 -484.119359 -486.021248 -492.139212 -493.115713 -490.961763 -491.769853 -491.821027 -490.992013 -490.434234 -9999.0 -9999.0
-9999.0 -506.895566 -502.116541 -497.881953 -493.681740 -496.178331 -479.412326 -459.612644 -455.768746 -466.245159 -431.015112 -26.942251 3.229253 3.190718 3.740944 4.645822 12.933976 34.641308 47.379521 38.818185 32.007013 34.109044 29.405487 20.519317 7.416069 5.465317 5.673008 5.659514 5.301377 5.108865 4.926115 5.033903 4.887151 4.482698 3.767913 3.564219 3.497697 3.390060 3.154599 2.992118 2.881900 3.133675 3.019461 2.862773 2.810972 2.988569 3.293311 3.144956 3.161295 3.336450 3.780900 4.499828 4.687499 4.867877 5.104322 5.688967 19.908682 39.688596 45.494764 22.092416 5.323579 4.883999 4.769923 4.301921 3.251403 -31.788584 -341.233144 -405.999649 -435.374726 -454.370342 -467.245371 -477.535001 -486.084792 -486.589883 -490.969372 -490.482997 -9999.0 -9999.0 -9999.0 -9999.0
-9999.0 -507.084638 -502.623786 -494.166125 -476.083923 -451.792648 -76.236850 2.899334 3.351692 3.920444 4.350062 36.739366 43.558591 27.535734 5.840608 5.422740 5.814603 6.422940 5.585460 5.275539 5.188415 5.198995 5.241660 5.140177 5.051549 4.964811 4.908185 4.890673 4.585362 4.055635 3.475246 3.384632 3.088718 -54.479811 -357.972813 -395.719885 -424.580337 -426.410601 -431.357966 -441.981618 -446.828650 -450.588839 -445.407950 -447.157923 -447.852026 -444.812363 -437.814052 -433.641842 -418.028814 -398.840717 -333.301150 -26.301741 2.843382 3.232747 3.655289 4.540010 4.793346 4.963358 5.367122 22.667084 42.314543 35.332983 7.465520 5.252884 4.725239 4.293803 3.668737 3.043878 -5.451489 -213.254040 -391.381324 -428.993526 -456.947046 -474.516918 -479.718249 -9999.0 -9999.0 -9999.0 -9999.0 -9999.0
-9999.0 -514.847897 -502.154000 -495.621305 -461.298080 -83.915111 2.778102 4.388982 25.688329 4.817060 4.523062 4.692638 5.108544 5.121859 4.825896 4.848426 4.758651 4.707358 4.837714 4.071089 3.679653 3.553555 3.613973 3.518145 3.340714 3.244174 3.198117 3.083188 -2.319136 -225.830563 -410.365405 -418.225910 -443.648178 -463.640922 -476.307318 -483.143932 -490.120421 -489.491253 -486.242083 -488.465306 -490.778482 -493.715730 -490.316983 -489.037137 -487.559849 -489.686516 -489.677016 -485.706620 -479.346417 -473.568541 -463.869498 -444.618708 -429.022925 -403.216460 -361.772396 -39.403366 2.851674 3.259221 4.318665 4.966328 5.122599 5.521248 33.644084 51.654994 14.369386 5.169512 4.925665 4.717080 4.249623 3.696259 3.097790 -28.208855 -365.921011 -9999.0 -9999.0 -9999.0 -9999.0 -9999.0 -9999.0 -9999.0
-9999.0 -518.907839 -504.919126 -504.180132 -491.689650 -466.351081 -427.503041 -355.143149 -18.357638 2.437751 2.648006 2.820374 3.005438 3.214570 3.003987 2.728193 2.500871 2.483100 -29.912146 -319.357720 -381.274328 -395.978537 -395.480350 -400.200508 -416.166611 -423.472976 -427.409549 -435.455022 -447.502872 -465.195659 -481.331671 -488.852401 -494.044598 -495.199643 -496.146046 -497.274517 -500.789088 -498.367533 -496.782965 -497.112965 -498.220047 -499.224199 -496.500268 -495.875276 -495.091207 -497.938571 -496.279200 -495.395241 -492.816331 -490.501328 -487.038451 -481.341911 -473.314639 -468.417525 -465.496457 -452.839436 -438.335289 -412.498235 -69.477941 2.961516 3.735735 4.470002 4.904321 5.187494 5.335709 14.988535 24.087025 6.958297 4.530671 4.620611 4.577167 -9999.0 -9999.0 -9999.0 -9999.0 -9999.0 -9999.0 -9999.0 -9999.0 -9999.0
-9999.0 -9999.0 -521.923556 -516.542381 -512.083342 -508.146193 -502.703117 -497.844395 -490.437221 -482.338049 -470.913246 -458.051176 -450.102966 -446.407119 -451.618735 -462.981341 -470.300246 -469.780852 -471.960272 -477.869754 -482.641700 -483.323548 -484.256776 -484.785775 -486.622795 -487.304088 -487.454223 -487.880388 -489.153780 -492.943611 -495.825026 -497.682678 -500.338697 -499.554465 -499.755399 -500.767107 -499.433416 -499.737698 -499.471079 -499.691819 -499.407865 -498.917044 -498.517019 -497.826701 -497.991281 -497.800223 -497.721408 -497.140711 -496.305630 -495.335630 -492.847500 -488.822385 -485.903001 -485.429452 -487.684169 -487.184216 -484.938855 -479.859605 -459.565344 -428.200497 -354.313152 -33.091896 3.187454 3.792989 4.384595 4.623442 4.945392 5.685536 4.252019 4.364418 -9999.0 -9999.0 -9999.0 -9999.0 -9999.0 -9999.0 -9999.0 -9999.0 -9999.0 -9999.0
-9999.0 -9999.0 -9999.0 -9999.0 -524.495058 -516.724596 -509.383851 -510.593473 -505.609650 -503.141718 -501.225627 -498.873513 -496.991064 -495.572794 -497.788355 -497.919426 -498.116977 -497.616416 -497.950376 -498.422006 -498.442659 -498.625339 -498.792026 -499.224002 -498.888723 -498.314911 -498.082780 -498.846824 -498.456806 -499.839042 -499.528955 -500.105277 -500.717527 -501.719831 -501.277621 -501.327107 -500.719751 -501.325893 -500.435315 -501.083410 -500.491033 -500.341465 -499.746520 -498.655538 -499.425260 -498.797558 -498.945661 -498.233779 -498.489551 -496.895777 -494.150013 -490.945295 -488.834686 -489.147070 -492.610278 -493.734260 -494.776716 -492.980857 -490.503625 -483.971033 -465.932845 -441.833452 -413.271740 -361.353901 -45.392307 2.868949 4.042904 4.469161 -9999.0 -9999.0 -9999.0 -9999.0 -9999.0 -9999.0 -9999.0 -9999.0 -9999.0 -9999.0 -9999.0 -9999.0
-9999.0 -9999.0 -9999.0 -9999.0 -9999.0 -9999.0 -520.890413 -516.930464 -518.364877 -515.516027 -513.103550 -511.411104 -508.597411 -509.260616 -508.366433 -505.848958 -506.143820 -507.249082 -508.720019 -506.464321 -505.467369 -505.163966 -507.540534 -506.755979 -506.495837 -505.581467 -505.679093 -505.148432 -507.152103 -504.472057 -503.108870 -503.378128 -503.622415 -502.976345 -503.466215 -501.829453 -501.633063 -502.913263 -503.348621 -501.578527 -501.185850 -501.602517 -501.461847 -500.498404 -498.942054 -498.853345 -499.770172 -501.138881 -499.896553 -496.866833 -493.848584 -491.435177 -489.896167 -489.126596 -491.706711 -495.495668 -497.431090 -498.037322 -497.067955 -495.203720 -489.143761 -485.351702 -482.529880 -479.823831 -471.202634 -439.772200 -9999.0 -9999.0 -9999.0 -9999.0 -9999.0 -9999.0 -9999.0 -9999.0 -9999.0 -9999.0 -9999.0 -9999.0 -9999.0 -9999.0
-9999.0 -9999.0 -9999.0 -9999.0 -9999.0 -9999.0 -9999.0 -9999.0 -9999.0 -9999.0 -9999.0 -9999.0 -9999.0 -9999.0 -9999.0 -9999.0 -9999.0 -9999.0 -9999.0 -9999.0 -9999.0 -9999.0 -9999.0 -9999.0 -9999.0 -9999.0 -9999.0 -9999.0 -9999.0 -9999.0 -9999.0 -9999.0 -9999.0 -9999.0 -9999.0 -9999.0 -9999.0 -9999.0 -9999.0 -9999.0 -9999.0 -9999.0 -9999.0 -9999.0 -9999.0 -9999.0 -9999.0 -9999.0 -9999.0 -9999.0 -9999.0 -9999.0 -9999.0 -9999.0 -9999.0 -9999.0 -9999.0 -9999.0 -9999.0 -9999.0 -9999.0 -9999.0 -9999.0 -9999.0 -9999.0 -9999.0 -9999.0 -9999.0 -9999.0 -9999.0 -9999.0 -9999.0 -9999.0 -9999.0 -9999.0 -9999.0 -9999.0 -9999.0 -9999.0 -9999.0
-9999.0 -9999.0 -9999.0 -9999.0 -9999.0 -9999.0 -9999.0 -9999.0 -9999.0 -9999.0 -9999.0 -9999.0 -9999.0 -9999.0 -9999.0 -9999.0 -9999.0 -9999.0 -9999.0 -9999.0 -9999.0 -9999.0 -9999.0 -9999.0 -9999.0 -9999.0 -9999.0 -9999.0 -9999.0 -9999.0 -9999.0 -9999.0 -9999.0 -9999.0 -9999.0 -9999.0 -9999.0 -9999.0 -9999.0 -9999.0 -9999.0 -9999.0 -9999.0 -9999.0 -9999.0 -9999.0 -9999.0 -9999.0 -9999.0 -9999.0 -9999.0 -9999.0 -9999.0 -9999.0 -9999.0 -9999.0 -9999.0 -9999.0 -9999.0 -9999.0 -9999.0 -9999.0 -9999.0 -9999.0 -9999.0 -9999.0 -9999.0 -9999.0 -9999.0 -9999.0 -9999.0 -9999.0 -9999.0 -9999.0 -9999.0 -9999.0 -9999.0 -9999.0 -9999.0 -9999.0