Borden_/Borden1m_014/output_maps/psiliqL0010N0010.asc
ncols         80
nrows         18
xllcorner     620200.000000
yllcorner     5168000.000000
cellsize      1.000000
NODATA_value  -9999.0
-9999.0 -9999.0 -9999.0 -9999.0 -9999.0 -9999.0 -9999.0 -9999.0 -9999.0 -9999.0 -9999.0 -9999.0 -9999.0 -9999.0 -9999.0 -9999.0 -9999.0 -9999.0 -9999.0 -9999.0 -9999.0 -9999.0 -9999.0 -9999.0 -9999.0 -9999.0 -9999.0 -9999.0 -9999.0 -9999.0 -9999.0 -9999.0 -9999.0 -9999.0 -9999.0 -9999.0 -9999.0 -9999.0 -9999.0 -9999.0 -9999.0 -9999.0 -9999.0 -9999.0 -9999.0 -9999.0 -9999.0 -9999.0 -9999.0 -9999.0 -9999.0 -9999.0 -9999.0 -9999.0 -9999.0 -9999.0 -9999.0 -9999.0 -9999.0 -9999.0 -9999.0 -9999.0 -9999.0 -9999.0 -9999.0 -9999.0 -9999.0 -9999.0 -9999.0 -9999.0 -9999.0 -9999.0 -9999.0 -9999.0 -9999.0 -9999.0 -9999.0 -9999.0 -9999.0 -9999.0
-9999.0 -9999.0 -9999.0 -9999.0 -9999.0 -9999.0 -9999.0 -9999.0 -9999.0 -9999.0 -9999.0 -9999.0 -9999.0 -9999.0 -9999.0 -9999.0 -9999.0 -9999.0 -9999.0 -9999.0 -9999.0 -9999.0 -9999.0 -9999.0 -9999.0 -9999.0 -9999.0 -9999.0 -9999.0 -9999.0 -9999.0 -9999.0 -9999.0 -9999.0 -9999.0 -9999.0 -9999.0 -9999.0 -9999.0 -9999.0 -9999.0 -9999.0 -9999.0 -9999.0 -9999.0 -9999.0 -9999.0 -9999.0 -9999.0 -9999.0 -9999.0 -9999.0 -9999.0 -9999.0 -9999.0 -9999.0 -9999.0 -9999.0 -9999.0 -9999.0 -9999.0 -9999.0 -9999.0 -9999.0 -9999.0 -9999.0 -9999.0 -9999.0 -9999.0 -9999.0 -9999.0 -9999.0 -9999.0 -9999.0 -9999.0 -9999.0 -9999.0 -9999.0 -9999.0 -9999.0
-9999.0 -9999.0 -9999.0 -9999.0 -9999.0 -9999.0 -9999.0 -9999.0 -9999.0 -9999.0 -9999.0 -9999.0 -9999.0 -9999.0 -9999.0 -9999.0 -9999.0 -9999.0 -9999.0 -9999.0 133.484010 136.406043 113.917882 80.030157 51.893757 54.186324 89.488237 131.089110 169.398985 179.856175 162.088465 164.304061 160.174907 160.869144 165.153373 172.693354 176.858163 188.922701 197.683645 197.396237 191.109482 185.414022 184.534767 187.781616 192.824217 183.291525 196.978668 212.132335 217.617528 211.520957 182.988673 166.009247 156.727243 141.319613 165.373492 177.199471 199.590868 203.373378 201.596870 174.257712 143.948884 -9999.0 -9999.0 -9999.0 -9999.0 -9999.0 -9999.0 -9999.0 -9999.0 -9999.0 -9999.0 -9999.0 -9999.0 -9999.0 -9999.0 -9999.0 -9999.0 -9999.0 -9999.0 -9999.0
-9999.0 -9999.0 -9999.0 -9999.0 -9999.0 -9999.0 -9999.0 -9999.0 -9999.0 -9999.0 -9999.0 -9999.0 -9999.0 -9999.0 42.358306 32.407829 29.525505 38.128619 72.070606 102.434640 115.137453 107.754935 107.871612 84.425230 64.406476 79.146493 109.446606 141.543707 176.065242 196.473096 184.387087 182.417145 194.062094 223.467584 240.942025 240.666410 221.559753 245.353402 261.737094 270.718199 269.482751 260.556348 274.294738 290.192597 283.283581 266.015583 270.495907 282.401350 295.437737 279.030494 211.544735 188.191422 183.201024 175.835995 161.709497 154.436609 178.519119 178.499083 169.763696 151.423215 118.636852 74.160889 55.894783 94.406954 138.676738 196.396154 -9999.0 -9999.0 -9999.0 -9999.0 -9999.0 -9999.0 -9999.0 -9999.0 -9999.0 -9999.0 -9999.0 -9999.0 -9999.0 -9999.0
-9999.0 -9999.0 -9999.0 -9999.0 -9999.0 -9999.0 -9999.0 -9999.0 -9999.0 -14.598359 -10.716224 -3.603913 -1.709366 13.865828 11.946915 18.980685 26.731018 53.300107 84.771001 120.536380 150.118649 140.918942 141.638438 153.687683 160.774940 175.923145 199.444266 241.166122 282.616595 323.634861 295.138844 294.024635 316.954731 375.161237 425.291033 440.772082 426.035572 433.319030 458.706759 481.145725 478.988786 475.990898 499.372276 511.973662 515.425309 497.371553 484.137188 484.297569 508.567373 453.036594 377.040925 311.802703 309.420350 276.995240 235.670704 211.784314 205.784962 225.395630 209.169764 171.001854 133.696570 122.995867 105.667955 121.989908 144.364734 191.025829 229.518217 258.019701 258.012726 240.623032 -9999.0 -9999.0 -9999.0 -9999.0 -9999.0 -9999.0 -9999.0 -9999.0 -9999.0 -9999.0
-9999.0 -9999.0 -9999.0 -9999.0 -9999.0 -9999.0 -93.286724 -84.296993 -64.421643 -59.134805 -34.532750 -27.097726 -6.644901 12.634604 33.561556 50.670593 81.810858 115.133973 157.614080 203.516061 238.707720 235.903034 247.051773 281.711178 329.427774 373.791234 407.526271 449.724888 524.592742 564.312097 574.087227 580.938515 599.745862 679.851071 794.600869 828.057546 817.420167 806.831263 822.333821 849.528057 851.241729 849.467132 855.019807 860.884837 883.344690 878.603274 849.291990 839.759071 836.015138 815.607713 728.124085 610.641404 559.515810 509.213728 426.586498 361.976901 349.833761 359.818710 326.593792 270.651383 225.803289 212.621101 196.339084 181.445071 186.274263 205.065791 227.762180 238.897068 226.207856 205.424833 182.391194 153.520957 155.143337 180.443496 -9999.0 -9999.0 -9999.0 -9999.0 -9999.0 -9999.0
-9999.0 -9999.0 -9999.0 -9999.0 -143.037898 -130.611109 -142.533104 -118.590915 -86.402872 -52.882964 -20.559477 16.803075 44.042277 74.153488 116.239365 154.875003 200.149856 237.227188 295.616467 372.862599 438.722459 470.470745 487.055886 549.342991 630.398246 744.399435 789.883622 816.800090 846.291095 890.388944 908.917021 913.271914 930.882206 968.815690 1022.159771 1057.286411 1047.665884 1044.896715 1048.915018 1054.965518 1072.697163 1071.303470 1071.476035 1071.911478 1074.386186 1076.320672 1061.235061 1037.031184 1027.239952 1017.005994 985.187227 914.188332 878.546875 857.190041 831.600840 767.674862 639.409976 599.656233 537.635261 477.856471 402.877432 367.813312 331.022122 301.760682 268.183730 267.003841 268.696137 248.044763 216.634107 184.366236 169.156094 150.253325 139.701675 169.520868 187.136718 217.925866 -9999.0 -9999.0 -9999.0 -9999.0
-9999.0 -9999.0 -201.194650 -151.716242 -95.654132 -87.086466 -85.376054 -80.077244 -52.557987 -1.150842 77.459903 131.627549 176.901004 209.456308 271.780516 362.406252 446.367489 499.427960 565.003053 660.061524 775.517467 823.407455 838.492780 868.577386 917.154447 982.995399 1012.106860 1033.168502 1052.516912 1072.798794 1086.062565 1099.186476 1106.145392 1107.467717 1112.756211 1114.981993 1115.164496 1114.350782 1099.642029 1097.241884 1102.930904 1105.350389 1107.819663 1095.786543 1091.964020 1104.564449 1108.575415 1110.695117 1112.434086 1118.320375 1121.574291 1087.061764 1049.621789 1040.839863 1035.562386 994.072308 926.096468 886.399495 869.418015 828.099029 722.188903 625.604045 559.230045 500.205513 432.666640 392.581741 341.492816 298.017951 251.465695 205.316232 181.235381 162.387407 159.706396 159.906187 175.897591 191.439141 206.851178 214.670406 -9999.0 -9999.0
-9999.0 -301.179948 -228.658224 -101.448982 -22.086300 23.358731 62.597781 91.167400 117.708705 137.570296 248.346110 359.945561 452.775950 486.563498 543.749719 671.712625 800.683055 850.349996 883.730350 935.560420 997.969077 1039.833003 1060.718199 1078.422421 1106.888168 1114.572067 1117.096566 1118.661490 1111.508972 1101.651634 1090.815066 1097.254592 1095.440637 1079.194222 1065.014234 1063.527773 1062.316883 1047.157501 1028.629695 1020.128883 1024.003952 1043.085659 1034.061864 1017.784705 1014.541292 1030.639410 1044.382315 1036.984910 1026.639969 1040.045515 1067.137228 1084.372828 1098.364189 1113.402850 1131.912816 1106.601258 1076.519540 1044.139366 1031.662795 1009.020536 955.993003 896.724404 847.740077 776.429966 652.109079 557.501358 478.966000 412.445764 344.411138 301.794733 268.078854 214.823155 190.948947 191.862051 182.456476 179.716140 186.114491 192.509893 -9999.0 -9999.0
-9999.0 -375.286434 -232.071546 -46.244179 102.311850 167.910940 292.329337 380.447491 408.308163 386.543227 503.181102 771.160248 866.263319 877.114791 934.985466 1011.707240 1046.918635 1077.004455 1095.417777 1097.332130 1100.610694 1106.940933 1103.211658 1096.373532 1084.159574 1080.138131 1082.422360 1082.900956 1069.989584 1052.930031 1036.239087 1033.498943 1019.524556 980.473880 938.782367 918.771834 907.767551 895.104142 871.699029 853.688995 844.117684 860.984812 854.035122 839.776021 835.963918 853.328582 879.300551 872.646389 877.242948 896.666980 936.258973 980.377041 1001.999385 1025.020859 1052.360206 1086.705624 1101.445232 1121.870632 1126.462384 1105.725151 1070.140549 1030.733998 1008.406106 958.304029 884.730871 798.901735 689.511515 605.018432 528.044024 469.531334 409.402781 343.728843 281.633673 253.261251 213.150532 192.312954 -9999.0 -9999.0 -9999.0 -9999.0
-9999.0 -444.557212 -253.976511 10.673277 279.002850 423.379591 687.251037 821.504059 872.494129 928.991340 938.446573 1057.429824 1083.959703 1074.643382 1062.216004 1063.575763 1076.715283 1079.060756 1073.290307 1062.478765 1055.160358 1052.728579 1052.195106 1047.538142 1040.274312 1031.594636 1024.713914 1018.082850 987.305411 949.909180 908.860853 893.251569 859.958422 761.142899 665.264473 609.137103 548.754375 542.439104 535.455975 508.915384 491.487223 475.345245 494.703774 496.178870 496.889222 501.995064 519.870752 539.648964 583.215919 626.993839 697.539340 797.953120 843.274441 882.981227 926.487364 984.613984 1013.256616 1037.080523 1073.828098 1105.301570 1126.107010 1118.726805 1094.952860 1064.304534 1011.309041 960.283553 915.562622 854.253491 793.608472 707.520902 613.535719 530.950209 441.637402 344.510561 300.883888 -9999.0 -9999.0 -9999.0 -9999.0 -9999.0
-9999.0 -605.517432 -338.196361 -42.266806 294.963188 669.729634 805.328383 933.191884 1007.883965 973.945487 973.888940 992.582363 1024.597205 1028.656845 1012.725880 1009.015823 1001.112467 997.958432 1001.073688 962.693540 930.102786 916.994629 917.211165 908.696364 891.728625 880.582026 873.348480 858.384623 808.461184 721.446519 598.610075 561.255908 485.068598 417.627093 359.763507 305.419334 252.509077 251.005772 267.725129 252.484438 230.880996 212.622499 238.423785 254.451662 265.495336 254.995186 263.486734 298.195587 347.134926 391.819875 447.593643 513.676188 565.733558 623.090092 679.920657 785.252694 844.885650 889.587286 963.832437 1029.149901 1055.268458 1083.701598 1116.805150 1135.320473 1094.472375 1058.599020 1025.887032 988.595334 929.131897 888.714051 849.087530 768.328738 637.354952 -9999.0 -9999.0 -9999.0 -9999.0 -9999.0 -9999.0 -9999.0
-9999.0 -737.449916 -509.423048 -266.025229 32.521334 278.045673 463.151321 595.006147 728.780924 767.649059 796.474633 822.398218 845.829737 863.798484 846.022198 816.406623 792.602012 790.549861 766.644808 687.578491 630.079440 605.430965 601.994645 594.123571 568.096195 553.486672 543.512976 520.988951 482.701838 417.890829 327.348993 255.201614 192.721707 156.596077 124.086051 89.642429 51.179011 61.916006 76.508804 72.456824 60.676091 56.667244 86.379934 104.990375 114.963119 101.833044 120.190722 146.858060 188.358982 230.311692 279.055867 334.904414 388.799180 420.950970 443.006472 484.836400 534.640063 606.732693 753.836207 859.331151 931.579315 982.915742 1028.389412 1058.115822 1074.098221 1097.034392 1084.605205 1022.816201 929.476453 953.448321 958.428007 -9999.0 -9999.0 -9999.0 -9999.0 -9999.0 -9999.0 -9999.0 -9999.0 -9999.0
-9999.0 -9999.0 -745.326234 -558.701192 -404.963118 -220.157678 -69.379230 40.128369 126.833360 230.379875 329.226695 407.539671 447.890293 463.685684 447.430939 409.635097 383.104921 379.803291 363.576189 338.644698 308.700555 297.159883 286.890881 279.160191 267.022677 260.600555 255.633172 244.462675 221.170302 172.391152 118.531037 65.399067 10.721210 -14.754994 -37.049606 -59.668831 -62.736367 -64.695095 -57.813947 -56.364116 -50.607730 -38.637041 -17.938117 3.470586 12.810661 19.956050 32.237218 55.621418 88.528448 129.611321 182.166082 238.074802 276.304718 288.618458 280.550281 289.064759 313.597156 362.901252 461.205698 559.476851 679.713574 800.352926 882.389030 938.727993 971.112366 995.843961 1018.246850 960.426671 637.548937 882.347441 -9999.0 -9999.0 -9999.0 -9999.0 -9999.0 -9999.0 -9999.0 -9999.0 -9999.0 -9999.0
-9999.0 -9999.0 -9999.0 -9999.0 -701.953137 -546.405927 -453.389505 -372.067550 -248.605002 -136.390834 -40.935050 37.107816 91.757910 115.731534 105.410081 101.331013 92.780129 87.412509 76.882331 70.096517 63.961689 55.643739 43.726107 36.354974 36.199660 40.251806 38.389853 25.391277 9.180220 -17.311308 -40.878073 -76.119096 -113.116869 -142.292213 -155.241269 -161.810862 -161.455647 -166.999648 -157.409185 -150.770653 -135.733996 -120.229034 -96.151345 -67.687658 -54.990006 -40.848971 -31.331724 -10.808113 18.910380 71.393787 133.540742 189.301221 222.748840 225.768294 199.467995 183.475555 180.178408 208.872138 257.922723 330.580939 439.539801 527.276654 603.143459 681.971281 778.919308 849.204953 929.712559 962.986160 -9999.0 -9999.0 -9999.0 -9999.0 -9999.0 -9999.0 -9999.0 -9999.0 -9999.0 -9999.0 -9999.0 -9999.0
-9999.0 -9999.0 -9999.0 -9999.0 -9999.0 -9999.0 -755.920200 -660.856571 -575.995295 -453.214815 -337.695512 -243.348254 -168.122796 -142.235432 -123.461070 -100.500924 -105.112312 -122.924085 -140.459644 -123.863684 -113.794355 -118.913748 -146.814316 -147.918378 -143.943196 -134.448721 -135.522283 -141.421917 -166.085779 -157.212750 -158.126822 -181.015417 -206.849847 -220.931015 -232.303277 -222.166170 -221.229842 -233.727249 -231.425056 -205.153507 -185.310753 -171.863849 -149.424145 -116.261308 -84.262779 -69.982467 -69.169407 -63.209967 -22.219862 47.558928 117.553717 170.662777 200.900925 207.495448 178.356451 136.554072 114.146890 120.072999 154.389314 207.824965 285.585191 338.708234 374.588263 405.810178 449.902185 552.277140 -9999.0 -9999.0 -9999.0 -9999.0 -9999.0 -9999.0 -9999.0 -9999.0 -9999.0 -9999.0 -9999.0 -9999.0 -9999.0 -9999.0
-9999.0 -9999.0 -9999.0 -9999.0 -9999.0 -9999.0 -9999.0 -9999.0 -9999.0 -9999.0 -9999.0 -9999.0 -9999.0 -9999.0 -9999.0 -9999.0 -9999.0 -9999.0 -9999.0 -9999.0 -9999.0 -9999.0 -9999.0 -9999.0 -9999.0 -9999.0 -9999.0 -9999.0 -9999.0 -9999.0 -9999.0 -9999.0 -9999.0 -9999.0 -9999.0 -9999.0 -9999.0 -9999.0 -9999.0 -9999.0 -9999.0 -9999.0 -9999.0 -9999.0 -9999.0 -9999.0 -9999.0 -9999.0 -9999.0 -9999.0 -9999.0 -9999.0 -9999.0 -9999.0 -9999.0 -9999.0 -9999.0 -9999.0 -9999.0 -9999.0 -9999.0 -9999.0 -9999.0 -9999.0 -9999.0 -9999.0 -9999.0 -9999.0 -9999.0 -9999.0 -9999.0 -9999.0 -9999.0 -9999.0 -9999.0 -9999.0 -9999.0 -9999.0 -9999.0 -9999.0
-9999.0 -9999.0 -9999.0 -9999.0 -9999.0 -9999.0 -9999.0 -9999.0 -9999.0 -9999.0 -9999.0 -9999.0 -9999.0 -9999.0 -9999.0 -9999.0 -9999.0 -9999.0 -9999.0 -9999.0 -9999.0 -9999.0 -9999.0 -9999.0 -9999.0 -9999.0 -9999.0 -9999.0 -9999.0 -9999.0 -9999.0 -9999.0 -9999.0 -9999.0 -9999.0 -9999.0 -9999.0 -9999.0 -9999.0 -9999.0 -9999.0 -9999.0 -9999.0 -9999.0 -9999.0 -9999.0 -9999.0 -9999.0 -9999.0 -9999.0 -9999.0 -9999.0 -9999.0 -9999.0 -9999.0 -9999.0 -9999.0 -9999.0 -9999.0 -9999.0 -9999.0 -9999.0 -9999.0 -9999.0 -9999.0 -9999.0 -9999.0 -9999.0 -9999.0 -9999.0 -9999.0 -9999.0 -9999.0 -9999.0 -9999.0 -9999.0 -9999.0 -9999.0 -9999.0 -9999.0