Borden_/Borden1m_014/output_maps/psiliqL0017N0020.asc
ncols         80
nrows         18
xllcorner     620200.000000
yllcorner     5168000.000000
cellsize      1.000000
NODATA_value  -9999.0
-9999.0 -9999.0 -9999.0 -9999.0 -9999.0 -9999.0 -9999.0 -9999.0 -9999.0 -9999.0 -9999.0 -9999.0 -9999.0 -9999.0 -9999.0 -9999.0 -9999.0 -9999.0 -9999.0 -9999.0 -9999.0 -9999.0 -9999.0 -9999.0 -9999.0 -9999.0 -9999.0 -9999.0 -9999.0 -9999.0 -9999.0 -9999.0 -9999.0 -9999.0 -9999.0 -9999.0 -9999.0 -9999.0 -9999.0 -9999.0 -9999.0 -9999.0 -9999.0 -9999.0 -9999.0 -9999.0 -9999.0 -9999.0 -9999.0 -9999.0 -9999.0 -9999.0 -9999.0 -9999.0 -9999.0 -9999.0 -9999.0 -9999.0 -9999.0 -9999.0 -9999.0 -9999.0 -9999.0 -9999.0 -9999.0 -9999.0 -9999.0 -9999.0 -9999.0 -9999.0 -9999.0 -9999.0 -9999.0 -9999.0 -9999.0 -9999.0 -9999.0 -9999.0 -9999.0 -9999.0
-9999.0 -9999.0 -9999.0 -9999.0 -9999.0 -9999.0 -9999.0 -9999.0 -9999.0 -9999.0 -9999.0 -9999.0 -9999.0 -9999.0 -9999.0 -9999.0 -9999.0 -9999.0 -9999.0 -9999.0 -9999.0 -9999.0 -9999.0 -9999.0 -9999.0 -9999.0 -9999.0 -9999.0 -9999.0 -9999.0 -9999.0 -9999.0 -9999.0 -9999.0 -9999.0 -9999.0 -9999.0 -9999.0 -9999.0 -9999.0 -9999.0 -9999.0 -9999.0 -9999.0 -9999.0 -9999.0 -9999.0 -9999.0 -9999.0 -9999.0 -9999.0 -9999.0 -9999.0 -9999.0 -9999.0 -9999.0 -9999.0 -9999.0 -9999.0 -9999.0 -9999.0 -9999.0 -9999.0 -9999.0 -9999.0 -9999.0 -9999.0 -9999.0 -9999.0 -9999.0 -9999.0 -9999.0 -9999.0 -9999.0 -9999.0 -9999.0 -9999.0 -9999.0 -9999.0 -9999.0
-9999.0 -9999.0 -9999.0 -9999.0 -9999.0 -9999.0 -9999.0 -9999.0 -9999.0 -9999.0 -9999.0 -9999.0 -9999.0 -9999.0 -9999.0 -9999.0 -9999.0 -9999.0 -9999.0 -9999.0 1551.407114 1554.193492 1533.307523 1500.920057 1474.483093 1478.280422 1514.170405 1557.055555 1597.570969 1608.930481 1592.812944 1597.514570 1594.519034 1593.530120 1596.158448 1603.769166 1609.034634 1620.037493 1628.300421 1627.780548 1621.879782 1617.291896 1618.491870 1621.239809 1626.643898 1614.396243 1628.151736 1642.724652 1646.793686 1641.062477 1613.476511 1597.075678 1586.174102 1568.351680 1591.146924 1600.842295 1621.636349 1623.935618 1620.492641 1592.324064 1561.500375 -9999.0 -9999.0 -9999.0 -9999.0 -9999.0 -9999.0 -9999.0 -9999.0 -9999.0 -9999.0 -9999.0 -9999.0 -9999.0 -9999.0 -9999.0 -9999.0 -9999.0 -9999.0 -9999.0
-9999.0 -9999.0 -9999.0 -9999.0 -9999.0 -9999.0 -9999.0 -9999.0 -9999.0 -9999.0 -9999.0 -9999.0 -9999.0 -9999.0 1456.875800 1448.460624 1447.076295 1456.762841 1491.550440 1522.915520 1535.269676 1528.943630 1530.447055 1508.335524 1489.053642 1504.587994 1536.145787 1569.412141 1605.785609 1627.614933 1618.783547 1618.657174 1629.371250 1654.276767 1666.444373 1663.926908 1645.070184 1668.867912 1684.068891 1691.781882 1691.390584 1683.172552 1695.246514 1710.489682 1703.362519 1686.302375 1692.413462 1704.384552 1715.296107 1701.977982 1638.546965 1619.245874 1612.672685 1604.031737 1587.913660 1580.134437 1604.172551 1601.966725 1591.983745 1572.583091 1538.572710 1493.555174 1473.722115 1511.378863 1553.654555 1609.404076 -9999.0 -9999.0 -9999.0 -9999.0 -9999.0 -9999.0 -9999.0 -9999.0 -9999.0 -9999.0 -9999.0 -9999.0 -9999.0 -9999.0
-9999.0 -9999.0 -9999.0 -9999.0 -9999.0 -9999.0 -9999.0 -9999.0 -9999.0 1395.624307 1401.284380 1409.682734 1413.456356 1430.375792 1428.831771 1437.376416 1445.407121 1474.312782 1506.801868 1543.108231 1572.770168 1565.462516 1567.529749 1578.356298 1581.931573 1595.077284 1618.523176 1660.335515 1700.368409 1742.777579 1716.141722 1716.012502 1736.792363 1783.230597 1813.767823 1819.470999 1801.160778 1811.667965 1836.136828 1856.678904 1856.038008 1853.413811 1878.593900 1892.789950 1891.831213 1870.997754 1860.908442 1862.383340 1887.803452 1836.249275 1769.703549 1720.798208 1724.756201 1694.106580 1656.952279 1636.935627 1632.748246 1650.685075 1633.876845 1595.163897 1557.801928 1544.920751 1525.773030 1541.853069 1562.368254 1606.781576 1644.284344 1671.319056 1669.229744 1650.685180 -9999.0 -9999.0 -9999.0 -9999.0 -9999.0 -9999.0 -9999.0 -9999.0 -9999.0 -9999.0
-9999.0 -9999.0 -9999.0 -9999.0 -9999.0 -9999.0 1315.320296 1325.945368 1347.444925 1352.581051 1379.455824 1387.793470 1409.691405 1430.340936 1453.896510 1471.576620 1502.607177 1537.169094 1579.291031 1623.373659 1656.561689 1652.116141 1664.163299 1695.023021 1734.065397 1763.027793 1789.545215 1831.045437 1908.736212 1952.944802 1960.343502 1967.318695 1978.929702 2028.706993 2092.391930 2105.924363 2085.009590 2070.221418 2090.564356 2126.689939 2131.211434 2132.726645 2144.634810 2154.674733 2180.367677 2169.933027 2130.252844 2117.578387 2117.294538 2099.362909 2036.390468 1973.001279 1939.131177 1886.696594 1802.225087 1748.915995 1757.263841 1774.523534 1743.559359 1687.645548 1646.010368 1633.986058 1617.086948 1602.517006 1607.576719 1625.003254 1645.161279 1654.526492 1639.571793 1616.670094 1592.668990 1562.527343 1563.176923 1587.338413 -9999.0 -9999.0 -9999.0 -9999.0 -9999.0 -9999.0
-9999.0 -9999.0 -9999.0 -9999.0 1264.125335 1277.948569 1266.267964 1292.934035 1326.910770 1362.476500 1395.020298 1432.591562 1461.121261 1493.100373 1534.537719 1568.798323 1611.151500 1648.509456 1705.082538 1774.822952 1826.893945 1850.837756 1867.815215 1928.290610 1992.040950 2045.690176 2067.878565 2096.550679 2142.794512 2204.763726 2233.631510 2241.727182 2260.624220 2298.157771 2347.283891 2381.074983 2363.641485 2354.602827 2360.551154 2372.337437 2395.913967 2397.608719 2399.821578 2402.782868 2407.784052 2406.209731 2381.006041 2347.426642 2332.935581 2323.319534 2291.893199 2221.314242 2180.978475 2148.521242 2111.323166 2058.104213 1996.365786 1981.352731 1921.121817 1860.986237 1798.873821 1777.253451 1745.370261 1718.214974 1688.218902 1688.549817 1690.081382 1667.425920 1632.628435 1598.291990 1581.434625 1560.917559 1548.093154 1576.814645 1593.094175 1622.280311 -9999.0 -9999.0 -9999.0 -9999.0
-9999.0 -9999.0 1203.104794 1251.817388 1310.028038 1319.778792 1320.432314 1327.529728 1357.526450 1411.119632 1485.780219 1535.234800 1577.066587 1613.436163 1675.040383 1753.592988 1825.807621 1876.742968 1940.986490 2014.453186 2078.235351 2112.159959 2130.325864 2172.064040 2228.693689 2293.510739 2321.580838 2348.899249 2382.222533 2418.248731 2427.187274 2441.624395 2451.499372 2456.737592 2464.276078 2466.589272 2460.644794 2453.481457 2433.269171 2428.127225 2434.763036 2440.877040 2442.011697 2428.627212 2424.841684 2438.752361 2443.393640 2442.762184 2442.378267 2449.867600 2452.110912 2410.869038 2376.449921 2359.501531 2347.156549 2301.660304 2235.906266 2194.273423 2169.202379 2124.164270 2046.197197 1995.451554 1943.694934 1894.210530 1841.058281 1809.838868 1762.026025 1717.765332 1669.031778 1620.509451 1594.814259 1574.921869 1570.465215 1568.258712 1582.850911 1596.706354 1610.921175 1618.107964 -9999.0 -9999.0
-9999.0 1098.034635 1170.617398 1296.831755 1377.958598 1422.968240 1452.179747 1473.313305 1503.614719 1533.493387 1636.351447 1718.903635 1810.271383 1851.217150 1904.344064 2003.817044 2100.564746 2149.730950 2191.932252 2252.599927 2315.763860 2365.480067 2395.471913 2401.873384 2438.273100 2455.677064 2460.161871 2464.585329 2462.314342 2455.072691 2447.131076 2453.399136 2449.476102 2430.151049 2413.522925 2409.379704 2402.011851 2374.915480 2343.288859 2326.343933 2327.666576 2351.142000 2338.527182 2317.939608 2314.452707 2336.389455 2357.828797 2350.765178 2340.810861 2361.100501 2397.335168 2420.839407 2429.687191 2446.868885 2467.687866 2441.436909 2414.104959 2370.960678 2349.808537 2320.001798 2261.218517 2200.046417 2144.273800 2082.934199 2016.340603 1948.667815 1884.370350 1821.359321 1753.514744 1710.060074 1676.699574 1624.710245 1602.073114 1601.571419 1590.860722 1586.149936 1590.489482 1596.044800 -9999.0 -9999.0
-9999.0 1014.221700 1156.356138 1340.429576 1489.482190 1547.019384 1643.151366 1719.540580 1747.009725 1716.046825 1824.494823 2044.422971 2153.511676 2174.788569 2250.946279 2344.287089 2359.200084 2394.163528 2419.376084 2435.101691 2447.733147 2459.906507 2459.296408 2454.428679 2439.746648 2431.657546 2429.707892 2426.154644 2407.831910 2387.670191 2368.774757 2362.988554 2342.309557 2295.986967 2261.798568 2242.608266 2223.048681 2200.972091 2166.411957 2137.459785 2120.646168 2134.727994 2129.221084 2113.210499 2109.835744 2132.286758 2165.647985 2165.019025 2177.676916 2202.221894 2243.295432 2284.135181 2308.002083 2339.852612 2378.390435 2424.463930 2439.483942 2461.777782 2465.894600 2448.445668 2403.321763 2349.544002 2314.265494 2251.128718 2178.910884 2100.629038 2035.766576 1972.990909 1901.863255 1853.425523 1803.803506 1743.044581 1686.869544 1662.442448 1620.873706 1600.042567 -9999.0 -9999.0 -9999.0 -9999.0
-9999.0 930.334404 1116.922320 1371.973958 1653.445101 1759.086721 1965.834993 2093.863798 2149.573966 2219.406355 2179.603665 2340.952079 2385.568961 2384.353019 2389.838086 2397.120523 2415.261233 2420.558372 2419.242554 2411.401353 2404.057034 2400.602931 2398.934996 2390.305290 2376.398363 2359.652868 2344.115888 2329.617812 2290.602623 2256.173218 2217.567238 2200.495455 2158.209934 2065.255598 2022.107611 1983.701410 1923.303387 1915.441390 1909.065358 1879.193221 1858.504727 1835.771201 1859.083848 1865.302072 1868.679690 1871.365021 1888.654064 1916.669742 1965.698240 2005.270978 2051.010968 2104.556144 2141.512976 2186.941413 2233.800467 2290.473313 2325.041862 2358.079138 2408.084614 2447.891787 2471.650849 2459.726103 2433.240718 2385.770086 2314.346195 2248.875653 2200.697492 2129.021901 2064.748006 2010.223988 1960.045910 1902.998436 1832.967718 1751.352950 1707.592667 -9999.0 -9999.0 -9999.0 -9999.0 -9999.0
-9999.0 741.567814 1008.647865 1292.591834 1599.817271 1933.145336 2077.580646 2201.620675 2273.950097 2245.880496 2257.484296 2277.000824 2320.358044 2331.058916 2313.802406 2306.796172 2296.650157 2298.541840 2313.371127 2288.884616 2260.769003 2247.393134 2245.906374 2232.188269 2206.120474 2186.858368 2172.935008 2150.711969 2101.898876 2049.890236 1966.237125 1932.382700 1853.323237 1799.531220 1755.937855 1705.641864 1654.085086 1651.933416 1668.580722 1653.447019 1630.689324 1612.139241 1639.221209 1658.000830 1671.002276 1659.645705 1669.742921 1707.365562 1758.780134 1804.587183 1855.412856 1911.282529 1959.814770 2009.376780 2042.108570 2092.609251 2142.484804 2191.736948 2267.422939 2348.105450 2387.420764 2423.465357 2455.895493 2471.969340 2420.211473 2372.368060 2322.643053 2264.729372 2187.620987 2139.756581 2108.624051 2056.481847 1995.741879 -9999.0 -9999.0 -9999.0 -9999.0 -9999.0 -9999.0 -9999.0
-9999.0 618.130285 831.859300 1054.069569 1332.426231 1570.452582 1773.059371 1880.946976 1960.591644 2004.810775 2044.589823 2080.437313 2111.591393 2135.876051 2116.924916 2078.854522 2051.811921 2057.737701 2054.083382 2032.117660 2003.825489 1988.971491 1985.028288 1976.059900 1949.197736 1932.398754 1919.504841 1895.102073 1861.613195 1805.773909 1726.990206 1652.922628 1591.826529 1561.257758 1532.116467 1499.598568 1464.466189 1473.864538 1485.289027 1481.618357 1471.325895 1468.702430 1497.780506 1517.103945 1527.523563 1516.748881 1536.750395 1564.125243 1606.490148 1650.620185 1700.531679 1756.508827 1811.525444 1841.851468 1856.212315 1881.938045 1922.933124 1979.397118 2067.319722 2163.699814 2243.873642 2294.408591 2347.302213 2383.855464 2399.607313 2411.424409 2391.309193 2319.284653 2221.455541 2209.492263 2199.901291 -9999.0 -9999.0 -9999.0 -9999.0 -9999.0 -9999.0 -9999.0 -9999.0 -9999.0
-9999.0 -9999.0 600.036235 773.066370 904.146385 1081.623364 1231.716446 1342.854740 1434.939170 1553.776259 1661.899165 1747.167158 1791.801846 1809.845837 1797.254340 1766.769572 1747.678176 1748.727753 1739.235118 1729.816629 1710.903230 1702.863168 1690.440768 1680.612618 1669.343506 1662.390687 1655.545781 1643.048634 1620.702988 1574.101112 1526.676873 1475.628977 1422.559734 1396.922929 1374.972368 1353.492571 1352.213259 1347.527857 1352.564913 1353.854802 1360.827665 1373.497279 1393.496570 1415.711017 1425.737309 1435.164975 1448.077273 1472.327460 1505.952601 1548.918904 1603.528173 1662.042026 1702.830850 1716.587470 1707.809689 1713.676355 1735.065789 1779.032733 1860.653115 1946.319569 2044.139072 2117.653921 2191.837710 2247.005762 2266.190517 2284.885459 2306.865597 2263.617937 2113.863265 2168.329913 -9999.0 -9999.0 -9999.0 -9999.0 -9999.0 -9999.0 -9999.0 -9999.0 -9999.0 -9999.0
-9999.0 -9999.0 -9999.0 -9999.0 632.609378 786.607387 884.195603 967.683899 1097.560235 1219.148202 1319.795728 1403.004328 1465.341344 1491.996000 1488.964217 1496.314982 1492.985400 1487.279494 1477.973766 1477.778286 1477.194241 1469.506103 1454.363859 1446.068960 1445.982569 1449.876532 1446.240667 1431.722318 1413.282791 1391.129245 1371.152795 1336.792988 1300.833923 1271.448595 1258.056084 1252.260837 1251.716241 1244.409308 1252.810395 1260.063839 1275.199463 1290.355236 1314.096013 1343.216115 1357.216076 1372.234295 1382.242660 1403.045960 1433.866334 1487.711369 1551.643735 1610.078143 1646.737465 1651.979060 1628.311717 1613.787595 1611.173141 1640.303306 1686.299678 1754.776507 1858.073555 1933.764919 1994.382193 2042.188455 2077.348798 2127.391582 2187.652065 2228.421555 -9999.0 -9999.0 -9999.0 -9999.0 -9999.0 -9999.0 -9999.0 -9999.0 -9999.0 -9999.0 -9999.0 -9999.0
-9999.0 -9999.0 -9999.0 -9999.0 -9999.0 -9999.0 593.703119 695.773493 775.191680 914.567690 1045.626494 1146.854274 1227.026519 1259.083163 1286.262147 1313.771689 1312.677332 1294.692499 1275.829154 1294.900727 1308.982252 1302.793563 1272.184348 1271.198511 1275.326768 1282.716776 1279.746845 1272.747904 1247.247290 1258.715384 1259.342741 1235.847748 1209.598703 1195.574485 1183.523514 1192.926721 1192.926008 1179.076124 1179.379705 1206.081462 1226.286724 1239.371040 1261.146788 1294.423774 1326.911344 1342.343982 1343.947062 1350.290914 1390.461508 1461.003891 1533.120195 1589.068301 1622.155592 1630.940614 1604.633374 1565.488999 1546.115653 1554.316167 1590.224400 1644.033006 1721.295691 1772.590630 1801.119816 1817.011196 1837.356525 1930.019795 -9999.0 -9999.0 -9999.0 -9999.0 -9999.0 -9999.0 -9999.0 -9999.0 -9999.0 -9999.0 -9999.0 -9999.0 -9999.0 -9999.0
-9999.0 -9999.0 -9999.0 -9999.0 -9999.0 -9999.0 -9999.0 -9999.0 -9999.0 -9999.0 -9999.0 -9999.0 -9999.0 -9999.0 -9999.0 -9999.0 -9999.0 -9999.0 -9999.0 -9999.0 -9999.0 -9999.0 -9999.0 -9999.0 -9999.0 -9999.0 -9999.0 -9999.0 -9999.0 -9999.0 -9999.0 -9999.0 -9999.0 -9999.0 -9999.0 -9999.0 -9999.0 -9999.0 -9999.0 -9999.0 -9999.0 -9999.0 -9999.0 -9999.0 -9999.0 -9999.0 -9999.0 -9999.0 -9999.0 -9999.0 -9999.0 -9999.0 -9999.0 -9999.0 -9999.0 -9999.0 -9999.0 -9999.0 -9999.0 -9999.0 -9999.0 -9999.0 -9999.0 -9999.0 -9999.0 -9999.0 -9999.0 -9999.0 -9999.0 -9999.0 -9999.0 -9999.0 -9999.0 -9999.0 -9999.0 -9999.0 -9999.0 -9999.0 -9999.0 -9999.0
-9999.0 -9999.0 -9999.0 -9999.0 -9999.0 -9999.0 -9999.0 -9999.0 -9999.0 -9999.0 -9999.0 -9999.0 -9999.0 -9999.0 -9999.0 -9999.0 -9999.0 -9999.0 -9999.0 -9999.0 -9999.0 -9999.0 -9999.0 -9999.0 -9999.0 -9999.0 -9999.0 -9999.0 -9999.0 -9999.0 -9999.0 -9999.0 -9999.0 -9999.0 -9999.0 -9999.0 -9999.0 -9999.0 -9999.0 -9999.0 -9999.0 -9999.0 -9999.0 -9999.0 -9999.0 -9999.0 -9999.0 -9999.0 -9999.0 -9999.0 -9999.0 -9999.0 -9999.0 -9999.0 -9999.0 -9999.0 -9999.0 -9999.0 -9999.0 -9999.0 -9999.0 -9999.0 -9999.0 -9999.0 -9999.0 -9999.0 -9999.0 -9999.0 -9999.0 -9999.0 -9999.0 -9999.0 -9999.0 -9999.0 -9999.0 -9999.0 -9999.0 -9999.0 -9999.0 -9999.0