Borden_/Borden1m_014/output_maps/psiliqL0005N0007.asc
ncols         80
nrows         18
xllcorner     620200.000000
yllcorner     5168000.000000
cellsize      1.000000
NODATA_value  -9999.0
-9999.0 -9999.0 -9999.0 -9999.0 -9999.0 -9999.0 -9999.0 -9999.0 -9999.0 -9999.0 -9999.0 -9999.0 -9999.0 -9999.0 -9999.0 -9999.0 -9999.0 -9999.0 -9999.0 -9999.0 -9999.0 -9999.0 -9999.0 -9999.0 -9999.0 -9999.0 -9999.0 -9999.0 -9999.0 -9999.0 -9999.0 -9999.0 -9999.0 -9999.0 -9999.0 -9999.0 -9999.0 -9999.0 -9999.0 -9999.0 -9999.0 -9999.0 -9999.0 -9999.0 -9999.0 -9999.0 -9999.0 -9999.0 -9999.0 -9999.0 -9999.0 -9999.0 -9999.0 -9999.0 -9999.0 -9999.0 -9999.0 -9999.0 -9999.0 -9999.0 -9999.0 -9999.0 -9999.0 -9999.0 -9999.0 -9999.0 -9999.0 -9999.0 -9999.0 -9999.0 -9999.0 -9999.0 -9999.0 -9999.0 -9999.0 -9999.0 -9999.0 -9999.0 -9999.0 -9999.0
-9999.0 -9999.0 -9999.0 -9999.0 -9999.0 -9999.0 -9999.0 -9999.0 -9999.0 -9999.0 -9999.0 -9999.0 -9999.0 -9999.0 -9999.0 -9999.0 -9999.0 -9999.0 -9999.0 -9999.0 -9999.0 -9999.0 -9999.0 -9999.0 -9999.0 -9999.0 -9999.0 -9999.0 -9999.0 -9999.0 -9999.0 -9999.0 -9999.0 -9999.0 -9999.0 -9999.0 -9999.0 -9999.0 -9999.0 -9999.0 -9999.0 -9999.0 -9999.0 -9999.0 -9999.0 -9999.0 -9999.0 -9999.0 -9999.0 -9999.0 -9999.0 -9999.0 -9999.0 -9999.0 -9999.0 -9999.0 -9999.0 -9999.0 -9999.0 -9999.0 -9999.0 -9999.0 -9999.0 -9999.0 -9999.0 -9999.0 -9999.0 -9999.0 -9999.0 -9999.0 -9999.0 -9999.0 -9999.0 -9999.0 -9999.0 -9999.0 -9999.0 -9999.0 -9999.0 -9999.0
-9999.0 -9999.0 -9999.0 -9999.0 -9999.0 -9999.0 -9999.0 -9999.0 -9999.0 -9999.0 -9999.0 -9999.0 -9999.0 -9999.0 -9999.0 -9999.0 -9999.0 -9999.0 -9999.0 -9999.0 -773.986873 -770.865745 -793.905796 -827.996024 -856.590311 -855.250249 -820.991257 -781.026232 -744.530472 -734.363295 -752.524917 -751.875255 -757.492070 -757.562994 -754.658215 -749.302767 -747.372338 -736.030754 -727.782604 -728.041018 -734.158663 -740.031867 -741.993914 -738.413182 -733.649097 -741.425117 -728.281513 -713.082734 -706.230522 -710.887245 -737.343504 -752.625717 -759.885104 -773.285239 -748.606113 -735.386696 -712.034834 -707.171697 -707.650817 -733.996658 -763.504585 -9999.0 -9999.0 -9999.0 -9999.0 -9999.0 -9999.0 -9999.0 -9999.0 -9999.0 -9999.0 -9999.0 -9999.0 -9999.0 -9999.0 -9999.0 -9999.0 -9999.0 -9999.0 -9999.0
-9999.0 -9999.0 -9999.0 -9999.0 -9999.0 -9999.0 -9999.0 -9999.0 -9999.0 -9999.0 -9999.0 -9999.0 -9999.0 -9999.0 -862.288277 -872.934029 -876.465536 -868.428794 -835.365108 -806.254214 -793.818614 -801.815240 -802.381588 -826.175465 -846.451843 -833.063352 -805.013044 -774.989121 -742.369355 -722.717416 -736.045491 -739.312485 -729.159476 -701.848022 -687.474164 -690.505193 -711.942780 -690.259493 -674.537568 -665.184222 -666.391956 -675.003923 -660.424335 -644.513714 -651.038595 -668.123884 -665.295062 -653.982391 -638.921222 -653.212424 -716.153855 -736.578210 -738.311543 -743.810966 -755.738242 -761.631835 -736.764258 -734.804149 -742.199980 -759.167200 -790.245118 -833.372851 -850.343809 -811.901373 -767.083731 -708.750310 -9999.0 -9999.0 -9999.0 -9999.0 -9999.0 -9999.0 -9999.0 -9999.0 -9999.0 -9999.0 -9999.0 -9999.0 -9999.0 -9999.0
-9999.0 -9999.0 -9999.0 -9999.0 -9999.0 -9999.0 -9999.0 -9999.0 -9999.0 -917.420562 -914.531059 -907.967275 -906.887260 -891.860827 -893.771295 -887.500091 -879.834637 -855.042031 -825.046562 -791.078975 -763.124112 -774.019458 -774.468234 -762.457381 -755.229783 -743.151609 -724.087355 -685.700892 -645.461528 -605.884633 -634.045017 -636.517656 -618.460639 -570.094561 -531.785832 -521.964215 -540.615858 -539.409269 -514.992372 -489.860704 -490.923565 -492.887421 -470.016335 -457.328183 -449.062117 -466.718959 -485.848400 -489.056758 -464.188010 -512.480868 -572.954740 -625.662699 -624.076698 -653.650107 -693.798976 -715.744894 -718.036314 -694.872101 -708.937610 -744.925799 -780.176727 -788.139828 -803.526800 -787.105303 -763.813463 -716.210443 -677.478618 -648.265578 -646.987235 -663.598203 -9999.0 -9999.0 -9999.0 -9999.0 -9999.0 -9999.0 -9999.0 -9999.0 -9999.0 -9999.0
-9999.0 -9999.0 -9999.0 -9999.0 -9999.0 -9999.0 -994.881107 -986.794940 -967.873082 -962.410773 -939.232045 -932.185862 -912.430698 -893.821852 -874.656475 -858.383966 -828.296061 -797.301716 -757.206341 -714.602913 -683.861820 -688.737845 -679.994749 -647.042750 -604.555300 -572.907562 -551.425523 -516.558122 -443.254552 -398.197912 -381.761498 -375.561198 -363.661424 -286.938767 63.571098 111.851289 78.244792 -136.193529 78.131425 119.621294 122.281465 121.932438 123.570526 124.986477 133.204599 131.941501 121.831006 118.932032 115.645973 75.209775 -254.309623 -366.352495 -413.187242 -459.443142 -534.004027 -591.219903 -593.346391 -577.590347 -606.129698 -656.266181 -696.907058 -706.085856 -719.158197 -732.471168 -726.491568 -706.230760 -681.658445 -669.219945 -680.277306 -699.545316 -721.810489 -749.756628 -747.590240 -721.724844 -9999.0 -9999.0 -9999.0 -9999.0 -9999.0 -9999.0
-9999.0 -9999.0 -9999.0 -9999.0 -1043.913714 -1032.119601 -1043.722742 -1021.364507 -990.400510 -958.448387 -926.765103 -890.313880 -864.472592 -836.235491 -795.605248 -758.073033 -716.353239 -684.231517 -632.255987 -566.554622 -517.208190 -491.694236 -479.128257 -419.206080 -345.035218 -250.610936 -186.221070 69.128889 116.811116 133.967204 139.500783 139.934886 144.571810 155.732160 182.317561 195.065752 188.133595 177.878165 188.570192 192.746475 200.043660 199.405663 199.559397 199.338907 199.501644 200.874081 196.771392 188.912915 185.924470 180.629650 160.446888 138.049162 128.723149 122.204631 97.377713 -162.578014 -345.084026 -376.570838 -434.313236 -485.829310 -549.146850 -572.497174 -601.650053 -624.815847 -653.316679 -651.161232 -646.725260 -664.387704 -692.584818 -722.878792 -736.612560 -754.194391 -763.231111 -732.906249 -714.691508 -683.087470 -9999.0 -9999.0 -9999.0 -9999.0
-9999.0 -9999.0 -1100.866064 -1050.774877 -996.035876 -988.069180 -985.656569 -981.665801 -956.265863 -907.522898 -829.824221 -778.519049 -735.061628 -707.750124 -651.336378 -570.650811 -500.885259 -457.006466 -399.871694 -313.404429 -146.319630 87.555963 116.060219 125.514520 138.746628 155.934875 165.049384 183.410873 192.153885 197.933264 211.068836 224.690513 228.772795 224.767823 224.233277 222.974986 221.886818 218.971648 205.563775 205.479774 211.977265 213.649499 217.280004 205.839888 202.731322 213.724438 216.200732 218.161993 220.667732 227.563734 235.051938 208.250245 189.877514 188.419606 186.521830 163.446314 141.218434 130.508700 126.297732 85.643462 -257.145737 -359.298922 -419.987140 -468.678021 -515.999959 -544.120636 -585.843227 -622.172330 -663.514678 -705.691363 -727.120375 -744.137987 -745.083677 -743.219422 -726.487136 -710.130290 -694.222294 -686.149658 -9999.0 -9999.0
-9999.0 -1197.391963 -1124.958471 -997.463514 -920.046425 -876.192858 -834.628861 -805.405863 -784.109790 -774.193055 -670.628606 -566.783361 -484.541218 -460.644168 -409.742843 -273.829958 68.028077 120.345290 130.495012 144.730720 165.478853 187.845262 195.522334 208.954960 230.736681 226.529423 223.609857 223.551110 215.824433 207.801511 199.306602 205.503760 204.210842 196.424977 192.989401 193.836543 194.314946 189.905972 184.879590 183.181962 184.988800 191.673994 188.714202 183.524138 182.452522 187.397382 191.179319 188.347329 184.004558 187.392323 194.716878 198.284074 205.983503 219.412624 237.332206 214.908630 197.326370 188.458366 185.946424 178.066922 151.041032 131.308373 88.250092 -212.534057 -345.308342 -424.983809 -478.001287 -526.781574 -583.421479 -617.061565 -644.484506 -693.907451 -715.724403 -712.599491 -720.882203 -722.476706 -715.094111 -708.339143 -9999.0 -9999.0
-9999.0 -1264.762775 -1121.229704 -935.659937 -791.627143 -732.567722 -616.943858 -537.406037 -515.133236 -537.230619 -438.881077 61.949689 129.063962 129.947745 147.593480 171.247403 193.258032 214.409798 227.748550 220.013826 214.577047 217.415269 212.525754 204.165222 197.644061 196.343677 197.432736 198.210671 194.633497 189.641572 185.431227 185.706341 180.587997 157.910334 145.044084 140.926478 139.354703 136.151599 128.799435 123.504040 120.341997 127.323080 124.338962 119.386992 117.904052 123.582405 132.464684 128.673077 128.982719 133.494076 144.035498 158.300862 174.123301 182.363011 189.480420 198.695610 206.742295 226.541596 231.664691 208.918576 194.520590 183.091825 176.108798 149.078645 116.991637 -129.952018 -298.776011 -371.906259 -436.677293 -477.688980 -521.162476 -574.001725 -628.094221 -652.660234 -690.032719 -710.563243 -9999.0 -9999.0 -9999.0 -9999.0
-9999.0 -1324.262922 -1131.557169 -864.144228 -618.444769 -499.052135 -256.990669 98.367186 129.530704 147.946839 157.432239 213.672149 223.832352 209.284734 195.457829 192.634668 194.667826 194.913166 193.156189 191.358711 190.617400 190.930546 191.271125 190.201799 188.746481 186.484207 184.590276 183.237471 171.810387 149.795413 137.751365 133.889859 112.480263 -197.486983 -311.693491 -353.766641 -409.994168 -417.136726 -431.136500 -461.192795 -477.963769 -489.240872 -474.028126 -477.548081 -478.632455 -469.501923 -448.097959 -433.949210 -395.362448 -356.764627 -293.081410 -154.280334 89.812407 127.380938 140.587434 158.895315 177.243140 185.399230 195.111962 208.400999 227.900873 221.447631 201.199830 192.370794 176.204162 153.189464 139.750635 120.917877 59.533490 -258.570093 -350.911883 -421.585867 -483.946290 -564.557090 -602.710017 -9999.0 -9999.0 -9999.0 -9999.0 -9999.0
-9999.0 -1467.142439 -1199.342898 -900.492631 -570.211811 -134.190310 58.028782 151.592353 183.007627 156.819015 157.917644 173.775650 186.258242 186.735025 180.433032 175.697626 158.472909 155.640350 160.014777 151.424547 143.632816 141.086996 142.362422 140.072322 134.883309 131.655728 129.603604 123.540083 66.016022 -260.745887 -380.132420 -400.534294 -470.000291 -534.131971 -575.933109 -618.936704 -666.933606 -668.298697 -653.587696 -669.764769 -690.704086 -708.812622 -684.950997 -671.266144 -661.550451 -670.757680 -663.106664 -631.620315 -587.728190 -550.827067 -507.813982 -460.617059 -420.225244 -364.932248 -314.976332 -182.897881 89.371574 127.926733 151.092791 182.496202 189.733671 197.709542 220.428211 238.051502 202.787106 191.066349 184.090493 176.903636 159.085078 135.029185 113.321855 -102.304242 -319.799440 -9999.0 -9999.0 -9999.0 -9999.0 -9999.0 -9999.0 -9999.0
-9999.0 -1604.607924 -1366.214397 -1109.643393 -807.154911 -586.021834 -442.964890 -324.916882 -169.990468 -187.583801 -96.684859 96.548168 120.590054 127.673635 118.374498 65.175989 -219.903330 -221.600923 -223.453428 -282.621017 -332.354338 -353.186968 -353.133923 -361.917595 -392.843134 -410.404647 -421.609675 -444.103968 -479.550978 -528.158253 -603.471179 -663.523052 -720.683189 -755.064115 -783.973035 -815.988674 -854.934917 -844.194082 -829.022162 -834.016820 -847.017268 -852.245321 -823.138026 -805.640075 -796.038653 -810.007424 -792.645581 -766.814959 -726.903036 -688.460486 -645.188396 -596.932324 -550.673744 -525.117771 -512.296959 -486.137962 -447.512296 -389.388996 -245.202407 94.866639 141.734838 162.576813 182.351640 190.786963 194.488679 211.748203 215.225502 188.734430 166.708614 170.434827 169.205203 -9999.0 -9999.0 -9999.0 -9999.0 -9999.0 -9999.0 -9999.0 -9999.0 -9999.0
-9999.0 -9999.0 -1604.641172 -1407.473546 -1237.064657 -1051.013475 -907.331928 -810.818469 -749.210802 -675.811712 -598.598836 -534.319120 -499.413852 -485.187023 -504.130214 -544.718232 -570.599977 -569.837753 -577.516539 -591.294703 -614.919963 -623.191231 -630.693019 -637.132525 -650.205883 -657.242043 -661.691718 -671.297864 -692.170875 -736.485593 -788.672465 -839.390177 -892.868307 -917.033913 -938.567984 -961.384485 -965.786417 -966.614779 -959.382636 -958.422333 -953.936647 -942.869161 -922.201355 -901.604438 -892.671636 -886.707676 -874.564512 -851.657300 -819.510488 -780.540785 -730.924454 -678.786468 -644.265993 -635.032315 -645.949773 -641.712241 -622.275721 -582.913158 -504.680930 -421.886392 -310.656005 -62.993048 120.484683 143.791766 152.543602 172.312758 184.631164 176.013195 112.511501 156.091550 -9999.0 -9999.0 -9999.0 -9999.0 -9999.0 -9999.0 -9999.0 -9999.0 -9999.0 -9999.0
-9999.0 -9999.0 -9999.0 -9999.0 -1550.178567 -1391.471989 -1299.367554 -1218.406897 -1103.853851 -1003.875888 -918.962450 -849.586367 -803.588118 -782.660270 -796.463569 -805.875549 -815.020093 -817.319945 -824.906163 -831.704900 -838.488628 -845.799118 -855.224217 -862.414648 -863.558415 -860.577729 -862.163477 -874.398319 -888.783007 -917.110413 -942.043956 -977.004297 -1014.006067 -1042.780839 -1055.585403 -1062.995623 -1062.565491 -1067.443912 -1057.693878 -1051.942679 -1037.449940 -1022.129032 -998.283894 -970.631150 -958.819941 -945.112029 -935.625025 -915.034026 -885.920194 -834.690550 -774.568455 -721.426860 -690.594679 -689.310989 -717.514729 -735.161993 -740.235334 -715.333261 -672.251694 -609.426043 -518.584741 -454.037868 -385.908557 -314.141703 -216.030795 86.497941 154.866964 169.549265 -9999.0 -9999.0 -9999.0 -9999.0 -9999.0 -9999.0 -9999.0 -9999.0 -9999.0 -9999.0 -9999.0 -9999.0
-9999.0 -9999.0 -9999.0 -9999.0 -9999.0 -9999.0 -1611.272825 -1518.806077 -1428.121228 -1314.540486 -1210.735211 -1125.063573 -1055.574499 -1034.336801 -1021.034214 -1000.972052 -1006.490746 -1022.307728 -1037.273431 -1021.934835 -1014.263593 -1018.431249 -1044.058220 -1045.837723 -1042.985003 -1033.389334 -1034.141601 -1039.924643 -1064.133451 -1057.608801 -1059.973280 -1082.599549 -1108.348229 -1122.852309 -1134.222311 -1124.254141 -1123.235011 -1135.218265 -1132.067815 -1106.621101 -1087.407156 -1073.987324 -1051.395929 -1018.645153 -987.189919 -973.568816 -972.936169 -966.901448 -925.368017 -856.346697 -788.325861 -737.586456 -709.387682 -704.056929 -734.396720 -777.103428 -800.885092 -797.041391 -766.410565 -718.158653 -648.667882 -606.557459 -579.906782 -560.326552 -535.267933 -444.696860 -9999.0 -9999.0 -9999.0 -9999.0 -9999.0 -9999.0 -9999.0 -9999.0 -9999.0 -9999.0 -9999.0 -9999.0 -9999.0 -9999.0
-9999.0 -9999.0 -9999.0 -9999.0 -9999.0 -9999.0 -9999.0 -9999.0 -9999.0 -9999.0 -9999.0 -9999.0 -9999.0 -9999.0 -9999.0 -9999.0 -9999.0 -9999.0 -9999.0 -9999.0 -9999.0 -9999.0 -9999.0 -9999.0 -9999.0 -9999.0 -9999.0 -9999.0 -9999.0 -9999.0 -9999.0 -9999.0 -9999.0 -9999.0 -9999.0 -9999.0 -9999.0 -9999.0 -9999.0 -9999.0 -9999.0 -9999.0 -9999.0 -9999.0 -9999.0 -9999.0 -9999.0 -9999.0 -9999.0 -9999.0 -9999.0 -9999.0 -9999.0 -9999.0 -9999.0 -9999.0 -9999.0 -9999.0 -9999.0 -9999.0 -9999.0 -9999.0 -9999.0 -9999.0 -9999.0 -9999.0 -9999.0 -9999.0 -9999.0 -9999.0 -9999.0 -9999.0 -9999.0 -9999.0 -9999.0 -9999.0 -9999.0 -9999.0 -9999.0 -9999.0
-9999.0 -9999.0 -9999.0 -9999.0 -9999.0 -9999.0 -9999.0 -9999.0 -9999.0 -9999.0 -9999.0 -9999.0 -9999.0 -9999.0 -9999.0 -9999.0 -9999.0 -9999.0 -9999.0 -9999.0 -9999.0 -9999.0 -9999.0 -9999.0 -9999.0 -9999.0 -9999.0 -9999.0 -9999.0 -9999.0 -9999.0 -9999.0 -9999.0 -9999.0 -9999.0 -9999.0 -9999.0 -9999.0 -9999.0 -9999.0 -9999.0 -9999.0 -9999.0 -9999.0 -9999.0 -9999.0 -9999.0 -9999.0 -9999.0 -9999.0 -9999.0 -9999.0 -9999.0 -9999.0 -9999.0 -9999.0 -9999.0 -9999.0 -9999.0 -9999.0 -9999.0 -9999.0 -9999.0 -9999.0 -9999.0 -9999.0 -9999.0 -9999.0 -9999.0 -9999.0 -9999.0 -9999.0 -9999.0 -9999.0 -9999.0 -9999.0 -9999.0 -9999.0 -9999.0 -9999.0