Borden_/Borden1m_014/output_maps/psiliqL0014N0025.asc
ncols         80
nrows         18
xllcorner     620200.000000
yllcorner     5168000.000000
cellsize      1.000000
NODATA_value  -9999.0
-9999.0 -9999.0 -9999.0 -9999.0 -9999.0 -9999.0 -9999.0 -9999.0 -9999.0 -9999.0 -9999.0 -9999.0 -9999.0 -9999.0 -9999.0 -9999.0 -9999.0 -9999.0 -9999.0 -9999.0 -9999.0 -9999.0 -9999.0 -9999.0 -9999.0 -9999.0 -9999.0 -9999.0 -9999.0 -9999.0 -9999.0 -9999.0 -9999.0 -9999.0 -9999.0 -9999.0 -9999.0 -9999.0 -9999.0 -9999.0 -9999.0 -9999.0 -9999.0 -9999.0 -9999.0 -9999.0 -9999.0 -9999.0 -9999.0 -9999.0 -9999.0 -9999.0 -9999.0 -9999.0 -9999.0 -9999.0 -9999.0 -9999.0 -9999.0 -9999.0 -9999.0 -9999.0 -9999.0 -9999.0 -9999.0 -9999.0 -9999.0 -9999.0 -9999.0 -9999.0 -9999.0 -9999.0 -9999.0 -9999.0 -9999.0 -9999.0 -9999.0 -9999.0 -9999.0 -9999.0
-9999.0 -9999.0 -9999.0 -9999.0 -9999.0 -9999.0 -9999.0 -9999.0 -9999.0 -9999.0 -9999.0 -9999.0 -9999.0 -9999.0 -9999.0 -9999.0 -9999.0 -9999.0 -9999.0 -9999.0 -9999.0 -9999.0 -9999.0 -9999.0 -9999.0 -9999.0 -9999.0 -9999.0 -9999.0 -9999.0 -9999.0 -9999.0 -9999.0 -9999.0 -9999.0 -9999.0 -9999.0 -9999.0 -9999.0 -9999.0 -9999.0 -9999.0 -9999.0 -9999.0 -9999.0 -9999.0 -9999.0 -9999.0 -9999.0 -9999.0 -9999.0 -9999.0 -9999.0 -9999.0 -9999.0 -9999.0 -9999.0 -9999.0 -9999.0 -9999.0 -9999.0 -9999.0 -9999.0 -9999.0 -9999.0 -9999.0 -9999.0 -9999.0 -9999.0 -9999.0 -9999.0 -9999.0 -9999.0 -9999.0 -9999.0 -9999.0 -9999.0 -9999.0 -9999.0 -9999.0
-9999.0 -9999.0 -9999.0 -9999.0 -9999.0 -9999.0 -9999.0 -9999.0 -9999.0 -9999.0 -9999.0 -9999.0 -9999.0 -9999.0 -9999.0 -9999.0 -9999.0 -9999.0 -9999.0 -9999.0 945.881463 948.804004 927.416853 894.637160 867.709909 871.055294 906.862730 949.447367 989.400154 1000.782588 984.255888 987.995370 984.505287 984.116497 987.230285 994.600455 999.259041 1010.835542 1019.753931 1020.030190 1014.733904 1010.372310 1011.257083 1014.508234 1019.646406 1008.058827 1021.008683 1035.131018 1039.229989 1032.777085 1004.374964 987.406417 976.850692 959.683656 982.554058 992.848103 1014.181540 1017.014627 1014.140216 986.164458 955.475108 -9999.0 -9999.0 -9999.0 -9999.0 -9999.0 -9999.0 -9999.0 -9999.0 -9999.0 -9999.0 -9999.0 -9999.0 -9999.0 -9999.0 -9999.0 -9999.0 -9999.0 -9999.0 -9999.0
-9999.0 -9999.0 -9999.0 -9999.0 -9999.0 -9999.0 -9999.0 -9999.0 -9999.0 -9999.0 -9999.0 -9999.0 -9999.0 -9999.0 852.736003 843.808415 841.985003 851.417542 885.980681 916.964634 929.414421 922.804373 923.975039 901.632272 882.313050 897.645063 928.862932 962.136208 998.537632 1020.537546 1010.832894 1010.090307 1021.026536 1047.187436 1060.720480 1058.657839 1039.360250 1063.127081 1079.468124 1088.881149 1089.451306 1082.095622 1095.841095 1111.866780 1104.742437 1086.686399 1090.601045 1101.352994 1112.382205 1097.140059 1032.075091 1011.141275 1004.823380 996.028134 980.061890 972.059355 995.903290 994.527065 984.873555 965.667905 932.017364 887.246709 867.921667 905.623162 948.453671 1004.894181 -9999.0 -9999.0 -9999.0 -9999.0 -9999.0 -9999.0 -9999.0 -9999.0 -9999.0 -9999.0 -9999.0 -9999.0 -9999.0 -9999.0
-9999.0 -9999.0 -9999.0 -9999.0 -9999.0 -9999.0 -9999.0 -9999.0 -9999.0 792.530661 797.627318 805.760357 809.048830 825.684896 824.178716 832.354165 840.597177 868.817762 901.117906 937.325100 967.095576 959.386098 961.470066 973.338013 978.536386 992.177312 1015.626445 1058.328008 1100.954879 1144.520908 1118.269813 1117.981908 1138.688672 1186.675194 1220.473990 1228.288837 1209.973022 1218.629759 1244.504704 1268.223666 1269.819153 1269.178828 1295.388146 1309.970534 1310.877581 1289.294995 1274.285094 1272.741456 1296.485927 1243.329468 1175.858631 1123.940056 1125.326136 1092.654744 1052.335205 1030.257362 1025.640600 1044.261708 1027.327989 988.322568 950.531953 938.253275 919.582221 935.351628 956.263769 1001.336116 1039.006483 1066.371843 1064.914025 1046.692038 -9999.0 -9999.0 -9999.0 -9999.0 -9999.0 -9999.0 -9999.0 -9999.0 -9999.0 -9999.0
-9999.0 -9999.0 -9999.0 -9999.0 -9999.0 -9999.0 712.562062 722.636961 743.651297 749.115162 775.361114 783.772160 805.539630 826.108433 849.038410 867.020011 898.677358 933.302453 976.020672 1020.948857 1054.849790 1051.865224 1064.793118 1098.217915 1139.679778 1170.599491 1197.622211 1240.439569 1320.665816 1366.726976 1377.189829 1384.266899 1395.380854 1444.070514 1508.195566 1524.394366 1503.126878 1487.999403 1508.155264 1545.454057 1554.376370 1557.526403 1568.592920 1578.331266 1603.528457 1592.616266 1550.248109 1533.681081 1529.773521 1512.821698 1452.239397 1388.333640 1350.951071 1297.846896 1212.079807 1155.197348 1159.438947 1174.955138 1142.618650 1085.654225 1042.069621 1029.220719 1012.108248 996.778375 1001.088244 1018.497099 1039.192767 1048.813606 1034.415118 1012.103985 988.238110 958.498880 959.499319 984.119981 -9999.0 -9999.0 -9999.0 -9999.0 -9999.0 -9999.0
-9999.0 -9999.0 -9999.0 -9999.0 661.806753 675.213731 663.717738 689.518294 723.072381 758.224931 791.337548 829.574010 858.440361 890.522683 933.065304 969.935371 1014.473873 1052.959721 1110.660675 1181.584836 1235.424556 1262.670995 1281.982554 1344.064383 1407.591093 1460.916628 1482.815038 1511.788674 1557.622327 1620.894246 1650.167425 1658.384136 1676.466595 1711.178200 1758.133098 1791.268700 1774.271043 1766.194864 1771.784160 1783.728850 1808.746373 1811.262346 1813.735423 1816.172346 1820.128887 1818.295474 1792.792694 1758.466112 1743.694245 1733.986481 1705.072234 1636.134329 1593.091503 1560.588553 1526.076016 1474.156760 1409.255772 1390.771014 1330.505059 1269.518381 1203.499278 1178.614803 1144.964969 1116.225132 1084.048836 1082.811095 1083.416717 1060.693780 1026.609721 992.658632 976.176932 956.194692 944.281619 973.443496 990.325421 1020.226063 -9999.0 -9999.0 -9999.0 -9999.0
-9999.0 -9999.0 601.691030 650.886909 708.393910 718.021473 719.653673 726.620754 756.259296 809.759900 887.131035 939.534663 984.395275 1020.841712 1083.804824 1166.571806 1242.637169 1295.548338 1358.821552 1430.420361 1493.667887 1529.505427 1550.528742 1591.300447 1645.415396 1706.336863 1733.264952 1759.920707 1791.593581 1826.319657 1839.985526 1854.871415 1863.399640 1865.970575 1871.496335 1872.996085 1867.969401 1861.535046 1842.416831 1838.413620 1845.725593 1851.222750 1853.181322 1840.132229 1836.187515 1849.275285 1852.391538 1851.111214 1850.518008 1857.803812 1861.853089 1823.347199 1783.656679 1767.173912 1756.484145 1712.238352 1647.865960 1603.926190 1578.970343 1534.880728 1456.600524 1403.553480 1350.324571 1297.947262 1241.977497 1207.321380 1157.219888 1111.865020 1062.800802 1014.500905 989.104272 969.485728 965.709192 964.494352 979.669209 994.270874 1009.029643 1016.505989 -9999.0 -9999.0
-9999.0 498.731736 571.397385 698.241647 778.981684 824.745726 858.800949 883.975512 913.931456 940.898846 1048.445419 1141.600016 1235.198260 1275.388189 1330.080159 1429.727952 1525.766086 1573.251842 1612.757444 1668.864496 1728.517935 1775.991474 1805.706902 1819.728107 1853.406932 1865.537482 1868.377655 1871.595031 1867.932490 1860.845071 1852.439815 1858.896935 1855.398209 1836.702482 1820.909264 1817.493491 1810.775956 1784.605272 1754.494398 1738.522339 1740.565019 1762.880249 1751.273749 1731.002195 1727.475615 1748.640343 1767.925779 1760.100702 1749.478583 1768.448820 1803.798031 1826.210793 1837.243609 1853.667785 1874.231816 1848.970249 1819.866322 1777.775004 1757.359504 1727.431980 1668.344460 1606.231068 1550.529858 1488.646870 1420.844886 1350.533005 1284.084794 1219.635179 1150.363128 1106.516431 1072.909823 1020.535913 997.435322 997.391819 987.154013 983.232762 988.468071 994.399745 -9999.0 -9999.0
-9999.0 419.154948 561.885285 746.984592 896.184848 957.072037 1062.561490 1143.840199 1174.090534 1149.037455 1260.196559 1480.406955 1581.441238 1600.085526 1672.302148 1759.489984 1782.076827 1814.989038 1837.787146 1847.349111 1855.151240 1865.120059 1864.182155 1858.956752 1844.915784 1837.147186 1835.526428 1831.901915 1813.363583 1793.362462 1774.992696 1769.849384 1750.913400 1707.127915 1674.125833 1656.479205 1639.080760 1615.844919 1580.144660 1551.547794 1535.982163 1551.439106 1544.191588 1527.643268 1524.220268 1546.869071 1580.213308 1577.536749 1586.910124 1610.566710 1651.646913 1692.483702 1716.215763 1747.280358 1784.734009 1829.242099 1845.602551 1867.209309 1871.619711 1852.020293 1807.841394 1755.441233 1719.902569 1656.077564 1582.699309 1503.812546 1438.449372 1375.137671 1303.386822 1253.275695 1202.946025 1142.651173 1085.233699 1058.888741 1017.632363 996.616404 -9999.0 -9999.0 -9999.0 -9999.0
-9999.0 341.513428 530.088261 789.515962 1064.664145 1179.994849 1385.423624 1514.784424 1574.365575 1640.822776 1626.057153 1768.631200 1806.720871 1803.101966 1801.534899 1806.549481 1823.046173 1827.738441 1825.314855 1816.340074 1807.910927 1804.332508 1802.878003 1794.852400 1782.123940 1766.373961 1752.049676 1737.483228 1697.775046 1663.399755 1626.984668 1610.484075 1570.450567 1479.072601 1436.110895 1400.197895 1342.730196 1333.807313 1324.643788 1294.036693 1272.981980 1252.492460 1273.734574 1277.621366 1280.225852 1285.281658 1304.383922 1329.508622 1375.608928 1413.769593 1459.240213 1512.680433 1548.650697 1593.622919 1641.354930 1698.585585 1732.358530 1764.439241 1812.307620 1852.005545 1875.320496 1864.284576 1835.921914 1789.350898 1718.245277 1650.833758 1601.148210 1528.458136 1462.668508 1407.906032 1359.906570 1305.256953 1235.869318 1149.245069 1105.067058 -9999.0 -9999.0 -9999.0 -9999.0 -9999.0
-9999.0 164.488317 432.237497 721.395824 1038.254305 1366.374330 1498.033429 1630.028351 1702.483701 1665.846760 1669.255805 1691.108708 1733.181359 1742.214735 1724.198547 1717.224763 1707.495932 1708.486137 1722.092986 1696.581083 1667.059229 1653.596427 1652.585497 1639.873676 1615.621682 1597.190189 1583.145131 1561.070859 1511.682072 1460.186364 1378.893821 1347.598157 1269.839102 1210.423921 1164.857146 1114.933064 1063.206748 1060.453947 1075.909058 1059.597768 1036.430582 1017.554344 1043.872858 1061.362479 1073.724723 1063.392943 1073.595758 1110.644820 1161.430029 1206.825636 1258.544566 1315.703179 1364.727795 1415.107195 1449.213758 1501.350351 1550.380369 1598.944673 1674.030662 1753.781191 1791.460281 1826.675447 1859.800313 1874.622978 1822.857104 1772.470357 1720.695198 1658.915379 1574.742566 1527.488694 1500.404363 1456.139931 1398.503789 -9999.0 -9999.0 -9999.0 -9999.0 -9999.0 -9999.0 -9999.0
-9999.0 37.156017 257.599555 489.624665 776.718583 1015.724592 1210.333079 1321.769818 1401.635484 1431.113296 1462.164092 1495.588174 1526.808747 1550.099862 1529.657973 1492.544879 1465.606079 1470.435618 1467.333890 1443.951058 1414.678671 1399.711230 1396.951611 1388.858696 1362.721513 1346.246602 1333.415456 1308.442436 1271.838014 1214.557945 1133.893264 1061.190549 998.711631 965.040052 934.588772 901.367291 864.674965 874.196386 886.485995 882.160039 870.869926 867.430829 896.588386 915.566246 925.889551 914.432060 934.017187 961.431088 1003.846809 1047.539715 1097.521612 1154.012297 1209.358831 1240.854842 1257.246161 1286.219294 1329.556762 1387.187852 1475.358798 1571.391576 1649.690684 1700.027235 1751.680566 1785.739175 1799.547651 1812.474761 1787.871461 1705.433938 1582.383507 1582.972414 1581.436087 -9999.0 -9999.0 -9999.0 -9999.0 -9999.0 -9999.0 -9999.0 -9999.0 -9999.0
-9999.0 -9999.0 23.498334 203.203830 345.199219 526.884797 678.525576 789.354589 876.099728 984.395659 1085.684701 1167.292086 1211.197966 1229.050569 1214.518935 1180.406304 1158.675277 1159.024520 1149.382893 1138.140109 1117.281122 1108.855700 1097.754708 1088.871541 1077.090026 1069.932027 1063.198853 1050.287933 1026.523897 978.575119 928.318784 876.130266 821.921235 795.851821 773.474326 751.337089 749.091249 745.384535 751.012832 752.172633 758.449739 770.695717 790.925212 812.783521 822.575881 831.151806 843.958552 868.039652 901.599262 944.082840 998.246195 1056.195848 1096.549123 1110.303109 1102.233384 1109.469984 1132.867917 1178.914755 1264.269295 1352.994934 1449.990217 1522.868567 1595.852257 1649.205389 1667.287109 1685.030944 1701.084223 1632.209400 1282.859519 1511.682177 -9999.0 -9999.0 -9999.0 -9999.0 -9999.0 -9999.0 -9999.0 -9999.0 -9999.0 -9999.0
-9999.0 -9999.0 -9999.0 -9999.0 61.245484 217.135587 313.836636 397.763042 524.887283 641.974122 739.616598 820.571445 879.838002 905.536561 899.481303 901.860155 896.475495 891.254510 882.018141 879.731371 877.204757 869.438026 855.741806 847.813380 847.579870 851.321360 848.121437 833.798809 815.768487 791.275932 769.372001 734.337003 697.684735 668.160556 654.745952 648.458230 648.164543 641.520590 650.330896 657.237702 672.241484 687.473255 711.287841 740.080607 753.536978 768.229471 778.130687 798.961548 829.500624 882.971375 946.343084 1003.969690 1039.632535 1044.316469 1019.921874 1005.283405 1003.110064 1032.867979 1080.915055 1152.162945 1257.190304 1334.542034 1397.328932 1445.704991 1480.476725 1528.851192 1583.254356 1615.364192 -9999.0 -9999.0 -9999.0 -9999.0 -9999.0 -9999.0 -9999.0 -9999.0 -9999.0 -9999.0 -9999.0 -9999.0
-9999.0 -9999.0 -9999.0 -9999.0 -9999.0 -9999.0 15.592744 115.535396 198.513266 331.931636 456.850979 554.863790 633.057466 662.687127 686.254747 711.616350 709.091242 691.398192 673.303315 691.253560 703.558871 697.829994 668.471029 667.389054 671.378648 679.526560 677.195304 670.410197 644.998395 654.937456 654.544403 631.031292 604.705737 590.435483 578.507880 588.081093 588.388461 575.064043 576.173126 602.634892 622.650247 635.870619 657.907594 691.092114 723.327663 738.285089 739.631914 745.934820 786.599655 856.979793 928.316674 983.263377 1015.404003 1023.514284 996.255523 956.446492 936.411756 944.367656 980.479835 1035.355323 1113.890886 1166.433045 1197.399558 1216.317982 1240.185575 1333.901823 -9999.0 -9999.0 -9999.0 -9999.0 -9999.0 -9999.0 -9999.0 -9999.0 -9999.0 -9999.0 -9999.0 -9999.0 -9999.0 -9999.0
-9999.0 -9999.0 -9999.0 -9999.0 -9999.0 -9999.0 -9999.0 -9999.0 -9999.0 -9999.0 -9999.0 -9999.0 -9999.0 -9999.0 -9999.0 -9999.0 -9999.0 -9999.0 -9999.0 -9999.0 -9999.0 -9999.0 -9999.0 -9999.0 -9999.0 -9999.0 -9999.0 -9999.0 -9999.0 -9999.0 -9999.0 -9999.0 -9999.0 -9999.0 -9999.0 -9999.0 -9999.0 -9999.0 -9999.0 -9999.0 -9999.0 -9999.0 -9999.0 -9999.0 -9999.0 -9999.0 -9999.0 -9999.0 -9999.0 -9999.0 -9999.0 -9999.0 -9999.0 -9999.0 -9999.0 -9999.0 -9999.0 -9999.0 -9999.0 -9999.0 -9999.0 -9999.0 -9999.0 -9999.0 -9999.0 -9999.0 -9999.0 -9999.0 -9999.0 -9999.0 -9999.0 -9999.0 -9999.0 -9999.0 -9999.0 -9999.0 -9999.0 -9999.0 -9999.0 -9999.0
-9999.0 -9999.0 -9999.0 -9999.0 -9999.0 -9999.0 -9999.0 -9999.0 -9999.0 -9999.0 -9999.0 -9999.0 -9999.0 -9999.0 -9999.0 -9999.0 -9999.0 -9999.0 -9999.0 -9999.0 -9999.0 -9999.0 -9999.0 -9999.0 -9999.0 -9999.0 -9999.0 -9999.0 -9999.0 -9999.0 -9999.0 -9999.0 -9999.0 -9999.0 -9999.0 -9999.0 -9999.0 -9999.0 -9999.0 -9999.0 -9999.0 -9999.0 -9999.0 -9999.0 -9999.0 -9999.0 -9999.0 -9999.0 -9999.0 -9999.0 -9999.0 -9999.0 -9999.0 -9999.0 -9999.0 -9999.0 -9999.0 -9999.0 -9999.0 -9999.0 -9999.0 -9999.0 -9999.0 -9999.0 -9999.0 -9999.0 -9999.0 -9999.0 -9999.0 -9999.0 -9999.0 -9999.0 -9999.0 -9999.0 -9999.0 -9999.0 -9999.0 -9999.0 -9999.0 -9999.0