Borden_/Borden1m_014/output_maps/psiliqL0022N0001.asc
ncols         80
nrows         18
xllcorner     620200.000000
yllcorner     5168000.000000
cellsize      1.000000
NODATA_value  -9999.0
-9999.0 -9999.0 -9999.0 -9999.0 -9999.0 -9999.0 -9999.0 -9999.0 -9999.0 -9999.0 -9999.0 -9999.0 -9999.0 -9999.0 -9999.0 -9999.0 -9999.0 -9999.0 -9999.0 -9999.0 -9999.0 -9999.0 -9999.0 -9999.0 -9999.0 -9999.0 -9999.0 -9999.0 -9999.0 -9999.0 -9999.0 -9999.0 -9999.0 -9999.0 -9999.0 -9999.0 -9999.0 -9999.0 -9999.0 -9999.0 -9999.0 -9999.0 -9999.0 -9999.0 -9999.0 -9999.0 -9999.0 -9999.0 -9999.0 -9999.0 -9999.0 -9999.0 -9999.0 -9999.0 -9999.0 -9999.0 -9999.0 -9999.0 -9999.0 -9999.0 -9999.0 -9999.0 -9999.0 -9999.0 -9999.0 -9999.0 -9999.0 -9999.0 -9999.0 -9999.0 -9999.0 -9999.0 -9999.0 -9999.0 -9999.0 -9999.0 -9999.0 -9999.0 -9999.0 -9999.0
-9999.0 -9999.0 -9999.0 -9999.0 -9999.0 -9999.0 -9999.0 -9999.0 -9999.0 -9999.0 -9999.0 -9999.0 -9999.0 -9999.0 -9999.0 -9999.0 -9999.0 -9999.0 -9999.0 -9999.0 -9999.0 -9999.0 -9999.0 -9999.0 -9999.0 -9999.0 -9999.0 -9999.0 -9999.0 -9999.0 -9999.0 -9999.0 -9999.0 -9999.0 -9999.0 -9999.0 -9999.0 -9999.0 -9999.0 -9999.0 -9999.0 -9999.0 -9999.0 -9999.0 -9999.0 -9999.0 -9999.0 -9999.0 -9999.0 -9999.0 -9999.0 -9999.0 -9999.0 -9999.0 -9999.0 -9999.0 -9999.0 -9999.0 -9999.0 -9999.0 -9999.0 -9999.0 -9999.0 -9999.0 -9999.0 -9999.0 -9999.0 -9999.0 -9999.0 -9999.0 -9999.0 -9999.0 -9999.0 -9999.0 -9999.0 -9999.0 -9999.0 -9999.0 -9999.0 -9999.0
-9999.0 -9999.0 -9999.0 -9999.0 -9999.0 -9999.0 -9999.0 -9999.0 -9999.0 -9999.0 -9999.0 -9999.0 -9999.0 -9999.0 -9999.0 -9999.0 -9999.0 -9999.0 -9999.0 -9999.0 2526.267636 2527.679584 2505.767679 2471.686295 2443.408551 2445.180329 2478.372812 2518.820121 2557.106082 2564.986266 2546.105696 2549.414064 2544.972226 2541.547402 2542.566026 2550.094418 2556.094861 2566.046309 2573.215346 2571.252169 2564.076356 2558.828012 2560.438483 2562.335562 2568.238644 2554.990745 2570.371222 2586.482519 2591.306926 2587.747341 2562.898957 2549.968253 2541.894197 2526.625346 2552.759499 2564.700620 2588.073810 2592.707658 2591.031649 2564.445900 2534.558629 -9999.0 -9999.0 -9999.0 -9999.0 -9999.0 -9999.0 -9999.0 -9999.0 -9999.0 -9999.0 -9999.0 -9999.0 -9999.0 -9999.0 -9999.0 -9999.0 -9999.0 -9999.0 -9999.0
-9999.0 -9999.0 -9999.0 -9999.0 -9999.0 -9999.0 -9999.0 -9999.0 -9999.0 -9999.0 -9999.0 -9999.0 -9999.0 -9999.0 2436.603835 2427.453981 2424.379845 2431.717761 2464.209257 2494.184639 2505.929981 2498.370247 2498.079758 2473.518057 2451.203930 2464.036164 2493.213724 2523.422408 2556.470083 2574.148222 2562.753275 2560.247698 2568.218904 2590.278031 2600.120686 2597.003934 2578.505457 2602.921466 2616.655760 2621.888026 2619.916204 2610.156508 2619.701150 2633.885759 2626.819818 2611.196352 2620.656781 2634.769193 2645.880258 2635.883096 2575.716380 2561.546919 2558.314636 2553.916539 2541.067021 2536.883878 2564.565669 2564.503545 2557.290808 2540.247540 2507.496457 2462.793801 2444.430695 2484.847791 2528.963600 2585.876390 -9999.0 -9999.0 -9999.0 -9999.0 -9999.0 -9999.0 -9999.0 -9999.0 -9999.0 -9999.0 -9999.0 -9999.0 -9999.0 -9999.0
-9999.0 -9999.0 -9999.0 -9999.0 -9999.0 -9999.0 -9999.0 -9999.0 -9999.0 2379.653255 2384.955589 2391.743324 2393.868000 2408.884914 2405.764952 2412.439577 2417.001663 2443.625345 2473.061604 2506.586696 2533.661381 2524.291674 2523.052672 2528.464144 2525.492267 2534.491387 2555.056628 2592.955021 2625.388901 2661.475848 2629.271155 2625.481307 2644.228494 2688.252946 2715.112253 2719.089819 2701.101115 2715.441633 2739.019927 2755.945493 2752.635061 2747.090617 2771.225904 2785.493093 2781.593937 2761.058156 2757.617576 2763.117320 2790.819961 2739.802876 2673.624925 2631.314424 2643.559979 2620.767270 2591.864402 2577.829582 2577.606233 2598.529573 2586.117325 2551.450063 2517.850336 2506.837363 2490.378274 2510.722845 2534.246349 2581.134777 2621.014436 2650.875060 2650.848848 2633.869415 -9999.0 -9999.0 -9999.0 -9999.0 -9999.0 -9999.0 -9999.0 -9999.0 -9999.0 -9999.0
-9999.0 -9999.0 -9999.0 -9999.0 -9999.0 -9999.0 2301.385556 2311.337199 2331.606918 2334.623529 2360.326698 2365.772854 2384.719673 2402.113628 2423.307792 2436.671195 2462.479712 2492.461027 2529.057742 2567.794931 2596.832121 2586.550298 2593.549813 2615.388995 2645.878792 2668.483819 2692.302097 2730.431163 2784.177130 2820.131989 2815.984984 2817.244127 2825.394928 2874.586427 2937.893011 2949.806476 2929.404470 2915.832255 2937.829908 2973.925511 2973.524634 2972.461338 2983.899676 2994.007489 3020.552602 3010.839676 2975.253167 2967.951350 2972.421802 2952.613444 2887.557749 2830.101585 2808.693439 2779.592112 2698.251761 2651.820759 2669.457037 2693.898112 2670.116641 2620.192666 2585.066180 2578.435716 2566.688677 2558.495642 2569.818083 2592.428898 2616.579311 2630.280473 2618.716538 2598.365108 2576.771857 2548.884984 2551.647715 2576.927968 -9999.0 -9999.0 -9999.0 -9999.0 -9999.0 -9999.0
-9999.0 -9999.0 -9999.0 -9999.0 2252.220776 2264.671860 2250.210294 2275.426175 2306.966844 2340.041941 2368.141157 2400.718796 2424.406000 2451.537778 2486.127622 2511.119995 2545.089154 2575.342749 2624.294788 2687.592934 2734.311301 2750.971224 2761.277696 2794.084598 2849.927405 2897.237118 2915.418052 2940.258199 2982.965054 3038.446615 3060.994125 3064.417906 3081.189148 3121.548009 3174.522491 3208.659330 3191.550042 3183.090326 3191.720902 3204.752531 3226.857581 3226.974613 3228.050794 3231.486603 3238.186104 3237.065108 3211.935545 3179.204877 3166.535806 3157.137679 3122.564641 3052.734512 3021.201167 2993.973685 2956.444813 2904.644479 2853.562915 2851.166435 2798.321514 2759.401650 2705.508742 2692.905869 2669.483847 2651.063523 2631.003715 2640.710171 2650.722553 2634.844158 2605.061482 2575.538667 2562.599386 2545.285918 2534.660889 2565.888733 2584.017804 2614.017238 -9999.0 -9999.0 -9999.0 -9999.0
-9999.0 -9999.0 2194.131432 2240.009847 2296.164894 2302.159763 2296.742396 2299.487136 2325.480374 2374.570673 2440.144949 2479.880042 2511.844135 2542.494875 2596.266915 2662.278018 2724.523237 2767.187267 2806.785622 2873.962609 2932.059397 2959.128866 2968.584160 3002.810879 3055.502767 3120.950328 3147.623245 3172.984396 3203.080505 3237.422086 3235.152285 3246.744023 3257.885443 3267.557563 3279.665098 3285.262092 3280.932184 3276.450215 3258.208286 3253.539278 3260.125518 3267.134301 3266.889811 3252.628263 3248.685795 3263.252388 3268.785579 3267.174588 3265.195425 3270.741544 3268.769451 3223.707707 3200.310939 3186.012158 3175.915299 3131.271838 3066.614553 3033.109573 3013.428324 2974.648409 2902.686591 2863.279150 2823.320903 2787.611597 2756.912673 2739.207606 2703.569251 2669.571135 2629.552232 2588.169492 2568.624427 2554.071762 2553.862864 2555.009656 2572.784292 2588.767648 2604.804616 2612.918353 -9999.0 -9999.0
-9999.0 2086.913891 2157.800556 2279.869552 2356.813410 2394.327650 2408.746842 2416.842369 2441.913034 2471.124944 2561.686980 2622.665822 2706.413126 2743.684995 2788.201932 2856.307952 2946.782961 2987.745825 3024.108794 3083.467008 3145.703206 3191.138540 3216.619657 3205.031481 3241.736051 3265.364646 3271.475781 3277.014862 3275.522670 3267.161611 3260.049982 3266.952954 3264.299517 3245.754641 3230.282829 3228.764534 3225.505609 3202.747403 3175.663813 3160.854130 3162.885207 3187.144157 3174.530581 3153.431975 3149.127205 3170.357241 3190.660354 3180.344625 3167.400450 3183.774380 3217.546198 3240.703597 3244.509345 3262.289816 3283.227979 3255.383055 3232.052487 3189.936537 3173.626775 3148.713485 3093.642831 3039.133944 2991.979954 2943.660076 2891.084026 2840.853234 2793.273354 2750.117216 2694.402749 2660.445246 2635.344130 2591.605431 2577.505445 2583.741599 2578.447389 2577.139187 2584.084959 2590.761480 -9999.0 -9999.0
-9999.0 1995.628338 2134.805324 2312.952588 2455.004610 2498.570415 2570.230683 2631.339505 2648.745682 2602.107366 2704.594806 2899.600120 3009.910486 3024.196864 3095.465201 3184.958117 3177.541114 3207.191875 3228.667990 3248.256686 3264.125617 3276.263672 3273.978004 3268.185343 3252.146022 3244.245293 3243.485898 3241.533740 3224.664900 3206.185190 3189.741198 3187.095422 3170.114461 3123.572922 3091.465252 3075.244541 3058.712136 3044.578641 3016.616868 2991.356299 2976.410238 2988.728522 2985.236825 2970.826803 2966.375297 2985.088552 3015.769027 3012.250949 3021.601315 3040.675179 3075.855457 3112.503590 3131.350161 3159.663195 3194.562182 3240.248388 3250.725404 3272.688234 3276.189749 3263.250826 3218.553943 3168.472574 3139.744168 3085.695869 3026.442704 2965.142693 2917.295380 2873.113288 2818.882862 2784.386195 2744.372178 2691.328393 2646.787812 2636.415257 2602.623073 2588.418143 -9999.0 -9999.0 -9999.0 -9999.0
-9999.0 1900.817673 2081.811106 2324.568897 2608.639686 2688.969784 2881.321163 2992.765236 3031.981300 3095.571915 3005.783317 3187.152163 3231.775624 3224.665601 3232.784387 3234.723807 3248.080745 3247.904808 3242.866408 3232.187602 3223.064282 3218.851790 3217.643918 3209.820851 3197.404592 3183.026353 3171.427569 3160.550767 3125.105414 3094.195151 3057.517445 3045.784298 3004.943073 2915.542652 2877.082905 2841.070273 2783.627629 2784.765920 2788.941711 2781.923695 2763.507883 2737.303234 2764.098853 2773.393805 2776.705450 2773.607914 2784.950036 2793.928933 2838.723017 2871.751365 2910.161308 2956.886851 2986.061543 3024.449283 3064.406508 3115.775858 3145.741664 3173.986563 3220.932692 3257.467363 3279.766419 3266.952741 3246.600993 3204.200807 3145.001906 3096.343676 3068.530498 3019.651558 2976.840781 2933.336522 2887.332503 2835.013085 2773.868899 2716.457972 2682.078869 -9999.0 -9999.0 -9999.0 -9999.0 -9999.0
-9999.0 1692.124255 1955.689477 2225.733889 2508.888588 2837.898404 2988.089789 3085.850991 3146.073772 3120.124247 3135.097563 3143.569553 3179.639744 3185.571848 3163.950942 3151.263392 3135.268431 3134.181071 3147.099952 3120.566610 3091.373274 3078.613044 3079.388259 3068.673508 3045.568965 3030.681160 3021.326643 3003.728948 2961.318134 2913.024621 2832.182459 2801.634658 2741.627075 2698.375447 2659.752538 2612.572505 2566.299171 2570.418073 2593.648678 2583.248001 2562.572188 2545.286940 2573.664428 2593.919981 2606.593865 2591.598832 2598.386112 2631.693066 2677.652182 2717.602124 2761.702311 2798.547332 2838.874658 2878.204191 2900.546682 2941.101634 2982.137805 3022.748738 3091.263378 3166.713058 3200.682742 3234.027200 3264.292584 3285.548502 3243.564839 3216.080125 3193.344114 3171.095825 3126.247804 3081.676916 3041.219008 2978.790391 2919.358871 -9999.0 -9999.0 -9999.0 -9999.0 -9999.0 -9999.0 -9999.0
-9999.0 1575.025987 1775.081605 1976.105632 2232.360190 2459.715657 2667.666327 2760.995767 2821.057933 2877.357601 2922.785890 2957.255673 2982.827626 3003.459927 2980.618878 2937.086789 2906.130651 2910.731005 2903.590940 2882.044217 2854.428495 2841.465193 2839.448547 2834.563582 2813.142095 2802.465953 2795.558177 2791.798816 2764.559413 2711.658937 2638.692869 2566.759435 2512.518709 2490.165629 2466.273321 2438.504654 2409.900326 2422.825847 2435.877348 2435.311986 2427.838963 2427.166878 2456.173263 2475.494561 2484.961732 2473.529925 2491.482142 2514.923245 2552.236551 2591.608014 2636.106626 2685.833061 2734.413969 2756.592838 2762.211145 2778.216375 2794.207266 2837.601286 2913.388508 2997.812015 3071.580028 3115.369940 3164.844079 3203.334268 3229.737438 3257.658658 3277.646743 3268.870773 3244.466295 3212.079786 3155.485940 -9999.0 -9999.0 -9999.0 -9999.0 -9999.0 -9999.0 -9999.0 -9999.0 -9999.0
-9999.0 -9999.0 1546.289735 1704.595837 1811.233092 1974.250379 2113.558256 2217.008837 2310.705988 2440.690835 2555.596112 2645.244130 2689.683457 2705.687608 2691.873131 2662.593412 2643.894323 2643.312448 2631.821875 2623.590449 2607.061659 2600.777160 2588.745073 2581.429963 2575.791819 2574.014948 2571.327176 2563.208649 2545.738807 2503.880110 2464.468749 2419.408258 2372.099309 2350.545832 2332.370812 2314.943404 2318.080927 2314.328083 2320.486084 2323.386084 2332.376770 2346.170869 2365.800222 2388.212567 2397.709946 2407.067871 2417.990472 2439.593805 2469.649760 2509.200713 2559.965307 2614.347656 2650.106597 2657.743263 2641.680983 2639.269444 2650.299544 2682.778584 2750.713123 2807.207625 2894.030289 2957.576456 3023.405518 3077.778391 3103.420560 3139.763038 3207.500865 3255.342859 3294.724349 3272.495337 -9999.0 -9999.0 -9999.0 -9999.0 -9999.0 -9999.0 -9999.0 -9999.0 -9999.0 -9999.0
-9999.0 -9999.0 -9999.0 -9999.0 1560.294438 1706.977802 1800.668597 1877.575550 2006.155586 2129.912773 2231.192903 2314.917690 2379.810760 2405.461666 2404.289601 2416.730271 2414.380434 2406.273446 2395.845956 2398.639996 2401.523992 2395.217661 2379.805459 2373.866515 2377.538467 2385.369375 2384.532850 2372.891086 2356.738811 2341.457374 2327.864593 2297.930723 2266.310981 2240.060653 2229.317992 2226.722877 2227.893211 2221.316649 2230.518097 2239.396012 2255.395259 2270.708846 2294.296416 2323.623797 2337.771427 2352.118229 2360.588744 2379.090463 2407.537693 2458.678469 2519.771960 2575.364719 2608.723270 2609.308177 2580.670795 2559.919279 2549.220060 2568.702367 2602.214276 2656.354711 2747.609010 2798.081071 2844.773024 2884.657897 2920.733541 2983.507680 3074.295478 3153.560740 -9999.0 -9999.0 -9999.0 -9999.0 -9999.0 -9999.0 -9999.0 -9999.0 -9999.0 -9999.0 -9999.0 -9999.0
-9999.0 -9999.0 -9999.0 -9999.0 -9999.0 -9999.0 1525.572844 1627.613828 1696.586893 1841.084276 1978.214629 2081.177063 2161.736532 2195.088598 2225.691831 2254.451965 2254.029676 2234.526232 2213.884555 2234.812887 2252.405793 2246.650011 2215.713318 2217.272145 2224.474206 2233.650600 2232.662775 2228.267665 2205.515623 2222.472576 2227.767076 2207.205736 2183.825325 2172.749837 2162.770599 2173.955534 2175.239591 2162.009904 2162.176366 2190.197100 2211.276399 2224.361197 2245.644227 2278.732558 2310.933818 2326.065960 2326.591068 2331.078603 2368.076578 2436.030167 2506.113420 2560.059077 2590.385922 2595.129136 2564.325264 2519.955634 2494.424346 2494.506937 2520.351644 2561.899498 2626.285925 2664.732776 2679.733626 2684.890370 2699.682527 2783.157307 -9999.0 -9999.0 -9999.0 -9999.0 -9999.0 -9999.0 -9999.0 -9999.0 -9999.0 -9999.0 -9999.0 -9999.0 -9999.0 -9999.0
-9999.0 -9999.0 -9999.0 -9999.0 -9999.0 -9999.0 -9999.0 -9999.0 -9999.0 -9999.0 -9999.0 -9999.0 -9999.0 -9999.0 -9999.0 -9999.0 -9999.0 -9999.0 -9999.0 -9999.0 -9999.0 -9999.0 -9999.0 -9999.0 -9999.0 -9999.0 -9999.0 -9999.0 -9999.0 -9999.0 -9999.0 -9999.0 -9999.0 -9999.0 -9999.0 -9999.0 -9999.0 -9999.0 -9999.0 -9999.0 -9999.0 -9999.0 -9999.0 -9999.0 -9999.0 -9999.0 -9999.0 -9999.0 -9999.0 -9999.0 -9999.0 -9999.0 -9999.0 -9999.0 -9999.0 -9999.0 -9999.0 -9999.0 -9999.0 -9999.0 -9999.0 -9999.0 -9999.0 -9999.0 -9999.0 -9999.0 -9999.0 -9999.0 -9999.0 -9999.0 -9999.0 -9999.0 -9999.0 -9999.0 -9999.0 -9999.0 -9999.0 -9999.0 -9999.0 -9999.0
-9999.0 -9999.0 -9999.0 -9999.0 -9999.0 -9999.0 -9999.0 -9999.0 -9999.0 -9999.0 -9999.0 -9999.0 -9999.0 -9999.0 -9999.0 -9999.0 -9999.0 -9999.0 -9999.0 -9999.0 -9999.0 -9999.0 -9999.0 -9999.0 -9999.0 -9999.0 -9999.0 -9999.0 -9999.0 -9999.0 -9999.0 -9999.0 -9999.0 -9999.0 -9999.0 -9999.0 -9999.0 -9999.0 -9999.0 -9999.0 -9999.0 -9999.0 -9999.0 -9999.0 -9999.0 -9999.0 -9999.0 -9999.0 -9999.0 -9999.0 -9999.0 -9999.0 -9999.0 -9999.0 -9999.0 -9999.0 -9999.0 -9999.0 -9999.0 -9999.0 -9999.0 -9999.0 -9999.0 -9999.0 -9999.0 -9999.0 -9999.0 -9999.0 -9999.0 -9999.0 -9999.0 -9999.0 -9999.0 -9999.0 -9999.0 -9999.0 -9999.0 -9999.0 -9999.0 -9999.0