Borden_/Borden1m_014/output_maps/psiliqL0014N0019.asc
ncols         80
nrows         18
xllcorner     620200.000000
yllcorner     5168000.000000
cellsize      1.000000
NODATA_value  -9999.0
-9999.0 -9999.0 -9999.0 -9999.0 -9999.0 -9999.0 -9999.0 -9999.0 -9999.0 -9999.0 -9999.0 -9999.0 -9999.0 -9999.0 -9999.0 -9999.0 -9999.0 -9999.0 -9999.0 -9999.0 -9999.0 -9999.0 -9999.0 -9999.0 -9999.0 -9999.0 -9999.0 -9999.0 -9999.0 -9999.0 -9999.0 -9999.0 -9999.0 -9999.0 -9999.0 -9999.0 -9999.0 -9999.0 -9999.0 -9999.0 -9999.0 -9999.0 -9999.0 -9999.0 -9999.0 -9999.0 -9999.0 -9999.0 -9999.0 -9999.0 -9999.0 -9999.0 -9999.0 -9999.0 -9999.0 -9999.0 -9999.0 -9999.0 -9999.0 -9999.0 -9999.0 -9999.0 -9999.0 -9999.0 -9999.0 -9999.0 -9999.0 -9999.0 -9999.0 -9999.0 -9999.0 -9999.0 -9999.0 -9999.0 -9999.0 -9999.0 -9999.0 -9999.0 -9999.0 -9999.0
-9999.0 -9999.0 -9999.0 -9999.0 -9999.0 -9999.0 -9999.0 -9999.0 -9999.0 -9999.0 -9999.0 -9999.0 -9999.0 -9999.0 -9999.0 -9999.0 -9999.0 -9999.0 -9999.0 -9999.0 -9999.0 -9999.0 -9999.0 -9999.0 -9999.0 -9999.0 -9999.0 -9999.0 -9999.0 -9999.0 -9999.0 -9999.0 -9999.0 -9999.0 -9999.0 -9999.0 -9999.0 -9999.0 -9999.0 -9999.0 -9999.0 -9999.0 -9999.0 -9999.0 -9999.0 -9999.0 -9999.0 -9999.0 -9999.0 -9999.0 -9999.0 -9999.0 -9999.0 -9999.0 -9999.0 -9999.0 -9999.0 -9999.0 -9999.0 -9999.0 -9999.0 -9999.0 -9999.0 -9999.0 -9999.0 -9999.0 -9999.0 -9999.0 -9999.0 -9999.0 -9999.0 -9999.0 -9999.0 -9999.0 -9999.0 -9999.0 -9999.0 -9999.0 -9999.0 -9999.0
-9999.0 -9999.0 -9999.0 -9999.0 -9999.0 -9999.0 -9999.0 -9999.0 -9999.0 -9999.0 -9999.0 -9999.0 -9999.0 -9999.0 -9999.0 -9999.0 -9999.0 -9999.0 -9999.0 -9999.0 946.771299 949.721651 928.369065 895.631923 868.767868 872.178084 908.025658 950.597020 990.519236 1001.979465 985.671410 989.704986 986.487033 986.225753 989.306611 996.560788 1001.049590 1012.284420 1020.666611 1020.285321 1014.338891 1009.422376 1009.893353 1012.976972 1018.267563 1007.151116 1020.752894 1035.564503 1040.344811 1034.577824 1006.717393 989.966605 979.375852 962.137642 985.001715 995.288173 1016.547303 1019.272150 1016.306433 988.291001 957.583452 -9999.0 -9999.0 -9999.0 -9999.0 -9999.0 -9999.0 -9999.0 -9999.0 -9999.0 -9999.0 -9999.0 -9999.0 -9999.0 -9999.0 -9999.0 -9999.0 -9999.0 -9999.0 -9999.0
-9999.0 -9999.0 -9999.0 -9999.0 -9999.0 -9999.0 -9999.0 -9999.0 -9999.0 -9999.0 -9999.0 -9999.0 -9999.0 -9999.0 852.946267 844.048133 842.284633 851.825156 886.554596 917.710294 930.267949 923.701810 924.939098 902.725992 883.583963 899.026896 930.214480 963.314326 999.557380 1021.682954 1012.349205 1012.092487 1023.475382 1049.752732 1063.080380 1060.766754 1041.297382 1064.663125 1080.249791 1088.660128 1088.253491 1080.093147 1093.202861 1108.958234 1102.041239 1084.677816 1089.631137 1101.403786 1113.371439 1099.149830 1034.863670 1014.131276 1007.554930 998.567715 982.669467 974.772176 998.579987 997.045926 987.235273 967.967531 934.304754 889.536674 870.178558 907.896859 950.755298 1007.189952 -9999.0 -9999.0 -9999.0 -9999.0 -9999.0 -9999.0 -9999.0 -9999.0 -9999.0 -9999.0 -9999.0 -9999.0 -9999.0 -9999.0
-9999.0 -9999.0 -9999.0 -9999.0 -9999.0 -9999.0 -9999.0 -9999.0 -9999.0 792.904438 797.930488 805.975156 809.189085 825.792156 824.316656 832.528318 840.829423 869.186885 901.720009 938.132714 967.955624 960.224556 962.399316 974.658101 980.430759 994.288852 1017.486507 1059.609821 1101.803609 1145.809516 1120.415831 1121.165275 1142.916206 1191.066238 1224.207583 1231.422252 1212.975608 1221.151964 1245.819181 1267.784680 1267.744671 1265.871579 1291.063449 1305.229722 1306.447097 1285.937385 1272.726025 1272.836760 1298.010246 1246.567610 1180.416483 1128.506847 1128.757869 1095.384914 1055.344380 1033.697670 1029.124327 1047.396588 1030.057861 990.952140 953.240429 940.982956 922.227680 937.943286 958.839440 1003.900877 1041.643248 1069.023076 1067.556698 1049.323113 -9999.0 -9999.0 -9999.0 -9999.0 -9999.0 -9999.0 -9999.0 -9999.0 -9999.0 -9999.0
-9999.0 -9999.0 -9999.0 -9999.0 -9999.0 -9999.0 713.213938 723.257436 744.198167 749.530000 775.637733 783.905404 805.547401 826.066222 849.034656 867.058898 898.731359 933.542501 976.708806 1021.958335 1055.742423 1052.454738 1065.417490 1099.896122 1143.080257 1174.602691 1201.126781 1242.732492 1322.103834 1369.505794 1381.816440 1390.847758 1404.031081 1452.982450 1516.040478 1531.299444 1509.828576 1494.216896 1513.175056 1548.484173 1555.489300 1557.382446 1567.653273 1577.144515 1602.731001 1592.964584 1552.597822 1538.104667 1536.115238 1520.801227 1461.385674 1396.905798 1356.489233 1301.524688 1216.530784 1160.753040 1165.149067 1179.733186 1146.110891 1088.850868 1045.610953 1032.892158 1015.523913 999.964416 1004.195987 1021.560476 1042.258350 1051.882742 1037.464864 1015.127295 991.272286 961.353181 962.103979 986.521555 -9999.0 -9999.0 -9999.0 -9999.0 -9999.0 -9999.0
-9999.0 -9999.0 -9999.0 -9999.0 662.539093 675.981432 664.464051 690.218365 723.663921 758.624947 791.488929 829.465368 858.087180 890.114988 932.842779 969.803011 1014.069378 1052.753797 1111.722487 1183.679070 1237.216124 1263.562417 1282.660443 1347.118893 1414.514857 1469.201615 1490.703829 1518.340478 1562.779466 1625.979678 1655.995497 1665.298647 1684.818627 1719.939524 1766.247357 1798.584250 1781.055070 1772.127490 1777.129474 1788.000076 1811.890353 1813.616387 1815.656090 1818.023650 1822.316400 1821.307523 1797.146326 1764.323417 1751.398139 1742.627762 1714.393485 1645.212722 1601.003926 1568.121889 1534.812324 1484.228036 1419.583020 1399.291081 1335.878924 1274.295652 1209.314393 1184.670038 1149.993286 1120.471821 1088.144636 1086.801457 1087.389503 1064.684750 1030.544093 996.480960 979.811620 959.506603 947.197736 975.967344 992.482194 1022.106290 -9999.0 -9999.0 -9999.0 -9999.0
-9999.0 -9999.0 602.316975 651.611590 709.259716 719.022631 720.727591 727.599613 756.976192 810.092326 887.013342 938.982796 983.269579 1019.637014 1083.337582 1166.616193 1241.891266 1295.115682 1361.699229 1436.142563 1499.696326 1534.593867 1554.862418 1596.541214 1652.737846 1714.485380 1741.125070 1767.072286 1798.133116 1832.666109 1846.556791 1861.902612 1871.063716 1873.873753 1879.108375 1880.010414 1874.308828 1867.106115 1847.507491 1842.988534 1849.804511 1854.943120 1856.772519 1843.793259 1840.111753 1853.712870 1857.702279 1857.603518 1858.585155 1866.753444 1871.234899 1832.575696 1792.438060 1775.799960 1765.970716 1722.514275 1658.431420 1613.978325 1588.050355 1544.669511 1468.024448 1414.915901 1358.894158 1304.676139 1248.498392 1213.306373 1162.971010 1117.649933 1068.388581 1019.808129 994.014045 973.811323 969.355722 967.465916 982.060955 996.186278 1010.540441 1017.801949 -9999.0 -9999.0
-9999.0 499.269359 572.052052 699.104278 780.136021 826.244150 860.619006 885.579845 914.930924 941.206111 1047.895216 1140.484198 1233.044063 1273.418833 1330.642728 1432.530309 1528.197406 1575.824551 1617.193259 1675.200038 1735.595982 1783.013900 1812.393933 1826.579648 1860.810647 1873.190863 1875.935623 1878.979890 1875.171491 1868.022164 1859.580254 1866.127649 1862.842676 1844.410894 1828.499369 1824.435308 1816.669410 1789.485811 1758.905284 1742.806782 1744.828501 1767.106960 1755.613463 1735.546592 1732.199619 1753.556169 1773.371757 1766.672199 1758.081586 1778.187612 1813.973168 1836.109829 1846.842672 1863.191315 1884.060469 1859.021275 1830.022249 1787.904708 1767.480615 1738.435449 1680.879326 1619.415663 1563.335865 1501.678710 1433.873951 1361.466549 1293.805971 1229.254619 1159.200698 1114.670724 1080.298367 1026.759846 1002.397704 1001.160972 990.021487 985.411956 990.050610 995.720244 -9999.0 -9999.0
-9999.0 419.684099 562.603848 748.063187 897.867070 959.661937 1066.322358 1147.066050 1175.937080 1149.801110 1260.058437 1480.978518 1582.116440 1601.326306 1675.216593 1763.996308 1787.023725 1820.463398 1844.443774 1855.372749 1864.044308 1874.104004 1872.801833 1867.217140 1852.790989 1844.704384 1842.946262 1839.482653 1821.326504 1801.509002 1782.843718 1777.342925 1758.358268 1715.194802 1682.339417 1663.736320 1644.293522 1619.267928 1582.863797 1554.374647 1539.182332 1554.830602 1547.826592 1531.598676 1528.261099 1550.745529 1584.369165 1583.261721 1595.542454 1621.498375 1663.124009 1703.316493 1726.743155 1757.851225 1795.427612 1839.694569 1855.957210 1877.739582 1882.371188 1863.148092 1819.679356 1767.881292 1733.259618 1671.017875 1599.138450 1521.045000 1456.537442 1393.315991 1318.966746 1267.328654 1215.532222 1152.623066 1092.607428 1063.872822 1021.228630 999.292876 -9999.0 -9999.0 -9999.0 -9999.0
-9999.0 342.046163 530.858509 790.804387 1067.033123 1184.437135 1393.171157 1522.406016 1580.333544 1645.526635 1629.902277 1772.289439 1810.234632 1807.120814 1806.650704 1812.833320 1830.124929 1835.609557 1834.303159 1826.799923 1819.685034 1816.039572 1813.823205 1804.830046 1790.715108 1773.915070 1759.227301 1745.104694 1706.505141 1672.783007 1635.861989 1618.067728 1577.382918 1487.011747 1444.512493 1407.191337 1345.989917 1334.429032 1323.877249 1292.863419 1272.134013 1251.968641 1273.314767 1277.355053 1279.993035 1284.985377 1304.621054 1331.873181 1382.071958 1423.692943 1469.973568 1522.945647 1559.346459 1605.504564 1653.368396 1709.809474 1743.292955 1775.909570 1824.229523 1863.652738 1887.045812 1876.429390 1849.000328 1803.984203 1734.868160 1669.960396 1623.248949 1553.590055 1488.914468 1434.038252 1383.362171 1322.558661 1248.056139 1155.727811 1109.613072 -9999.0 -9999.0 -9999.0 -9999.0 -9999.0
-9999.0 164.913122 432.954715 722.793042 1041.199141 1372.568878 1506.453308 1638.958924 1710.597952 1673.505565 1676.421865 1697.417165 1738.666772 1748.091705 1731.125148 1725.396033 1716.712841 1718.653809 1733.475609 1709.773097 1682.230498 1668.610816 1666.302788 1651.518448 1624.543150 1604.002140 1589.024421 1567.282056 1519.338195 1468.892472 1386.877426 1352.984584 1272.960033 1213.927444 1168.770983 1118.097647 1064.590328 1060.559204 1075.351124 1058.886489 1035.896248 1017.223464 1043.632243 1061.213607 1073.639856 1063.385843 1073.981018 1112.114383 1164.687890 1211.463824 1263.347658 1320.522638 1371.620485 1425.326936 1460.326269 1511.824453 1560.802910 1610.986731 1687.223922 1766.214357 1803.704787 1839.153484 1873.093000 1889.352693 1839.442588 1791.681711 1744.105227 1688.471917 1609.207443 1563.693688 1533.637154 1482.315504 1420.940534 -9999.0 -9999.0 -9999.0 -9999.0 -9999.0 -9999.0 -9999.0
-9999.0 37.428360 258.149824 490.698980 778.697795 1019.196873 1215.160060 1329.436526 1409.468817 1439.524059 1470.674119 1503.182011 1533.337667 1556.507216 1537.082573 1501.529969 1475.930428 1481.733479 1479.678895 1457.683704 1429.684274 1414.586932 1410.485382 1399.778232 1369.908091 1350.355067 1335.670156 1310.033791 1274.207324 1218.084672 1137.593861 1063.914368 1000.632152 967.028137 936.609840 902.951575 865.536948 874.542821 886.568815 882.181863 870.956707 867.620395 896.880002 915.951833 926.362186 915.020668 934.878609 962.809361 1005.921067 1050.161021 1100.311684 1156.909303 1213.007473 1245.680742 1262.385110 1291.118753 1335.434404 1396.630220 1486.842137 1583.315520 1662.441333 1713.223545 1765.942013 1801.714098 1817.233125 1832.319492 1812.292823 1737.622388 1623.138697 1629.058072 1623.114923 -9999.0 -9999.0 -9999.0 -9999.0 -9999.0 -9999.0 -9999.0 -9999.0 -9999.0
-9999.0 -9999.0 23.811378 203.843431 346.274451 528.597579 680.979940 792.908214 880.243020 989.063970 1090.578479 1171.418193 1214.437794 1232.061680 1218.319186 1185.499908 1164.851473 1165.905168 1156.890046 1146.274760 1125.741987 1116.937631 1104.865414 1094.479876 1080.843924 1072.153790 1064.489167 1051.280786 1027.859724 980.448811 930.326750 877.798879 823.291440 797.158869 774.710581 752.359073 749.822774 745.889779 751.393777 752.520374 758.825219 771.124302 791.412916 813.335586 823.206064 831.891146 844.880938 869.248320 903.176753 946.005114 1000.376946 1058.475084 1099.144893 1113.333111 1105.488619 1112.833087 1136.813199 1184.287810 1270.711211 1361.496816 1461.336279 1535.749544 1611.140171 1666.977980 1686.875130 1705.983628 1727.099873 1666.164758 1319.080965 1567.117233 -9999.0 -9999.0 -9999.0 -9999.0 -9999.0 -9999.0 -9999.0 -9999.0 -9999.0 -9999.0
-9999.0 -9999.0 -9999.0 -9999.0 61.839544 218.038138 315.109831 399.388225 527.027679 644.552290 742.443613 823.266054 882.381973 908.123907 902.463929 905.429877 900.525877 895.607431 886.577484 884.445693 881.897585 873.814637 859.553305 850.890584 849.851935 852.922214 849.296664 834.822598 816.884480 792.569398 770.714991 735.557989 698.744752 669.106315 655.593261 649.179561 648.748570 641.992519 650.737127 657.622997 672.647227 687.926873 711.808950 740.679892 754.221692 769.015553 779.050093 800.055345 830.809645 884.529054 948.153961 1005.973738 1041.849476 1046.798534 1022.658788 1008.259096 1006.456936 1036.803082 1085.445625 1157.689569 1263.952401 1343.145626 1410.522490 1462.305286 1498.598990 1548.483248 1610.233878 1649.517676 -9999.0 -9999.0 -9999.0 -9999.0 -9999.0 -9999.0 -9999.0 -9999.0 -9999.0 -9999.0 -9999.0 -9999.0
-9999.0 -9999.0 -9999.0 -9999.0 -9999.0 -9999.0 16.100087 116.508806 199.670351 333.625615 458.783129 556.984303 635.165763 664.922218 688.776951 714.505030 712.218944 694.617297 676.557315 694.577297 706.832503 700.849677 671.069848 669.540589 673.086440 680.868932 678.286325 671.382191 645.956456 655.944958 655.559695 631.990917 605.594122 591.254595 579.250365 588.729999 588.944371 575.544808 576.601886 603.034320 623.051547 636.301237 658.394791 691.664606 724.000327 739.061664 740.526202 746.972268 787.805109 858.381709 929.972156 985.137926 1017.477685 1025.822713 998.833367 959.283392 939.549978 947.934804 984.549886 1040.021486 1119.386823 1173.364509 1206.952104 1227.792878 1252.079121 1345.391569 -9999.0 -9999.0 -9999.0 -9999.0 -9999.0 -9999.0 -9999.0 -9999.0 -9999.0 -9999.0 -9999.0 -9999.0 -9999.0 -9999.0
-9999.0 -9999.0 -9999.0 -9999.0 -9999.0 -9999.0 -9999.0 -9999.0 -9999.0 -9999.0 -9999.0 -9999.0 -9999.0 -9999.0 -9999.0 -9999.0 -9999.0 -9999.0 -9999.0 -9999.0 -9999.0 -9999.0 -9999.0 -9999.0 -9999.0 -9999.0 -9999.0 -9999.0 -9999.0 -9999.0 -9999.0 -9999.0 -9999.0 -9999.0 -9999.0 -9999.0 -9999.0 -9999.0 -9999.0 -9999.0 -9999.0 -9999.0 -9999.0 -9999.0 -9999.0 -9999.0 -9999.0 -9999.0 -9999.0 -9999.0 -9999.0 -9999.0 -9999.0 -9999.0 -9999.0 -9999.0 -9999.0 -9999.0 -9999.0 -9999.0 -9999.0 -9999.0 -9999.0 -9999.0 -9999.0 -9999.0 -9999.0 -9999.0 -9999.0 -9999.0 -9999.0 -9999.0 -9999.0 -9999.0 -9999.0 -9999.0 -9999.0 -9999.0 -9999.0 -9999.0
-9999.0 -9999.0 -9999.0 -9999.0 -9999.0 -9999.0 -9999.0 -9999.0 -9999.0 -9999.0 -9999.0 -9999.0 -9999.0 -9999.0 -9999.0 -9999.0 -9999.0 -9999.0 -9999.0 -9999.0 -9999.0 -9999.0 -9999.0 -9999.0 -9999.0 -9999.0 -9999.0 -9999.0 -9999.0 -9999.0 -9999.0 -9999.0 -9999.0 -9999.0 -9999.0 -9999.0 -9999.0 -9999.0 -9999.0 -9999.0 -9999.0 -9999.0 -9999.0 -9999.0 -9999.0 -9999.0 -9999.0 -9999.0 -9999.0 -9999.0 -9999.0 -9999.0 -9999.0 -9999.0 -9999.0 -9999.0 -9999.0 -9999.0 -9999.0 -9999.0 -9999.0 -9999.0 -9999.0 -9999.0 -9999.0 -9999.0 -9999.0 -9999.0 -9999.0 -9999.0 -9999.0 -9999.0 -9999.0 -9999.0 -9999.0 -9999.0 -9999.0 -9999.0 -9999.0 -9999.0