Borden_/Borden1m_014/output_maps/psiliqL0007N0034.asc
ncols         80
nrows         18
xllcorner     620200.000000
yllcorner     5168000.000000
cellsize      1.000000
NODATA_value  -9999.0
-9999.0 -9999.0 -9999.0 -9999.0 -9999.0 -9999.0 -9999.0 -9999.0 -9999.0 -9999.0 -9999.0 -9999.0 -9999.0 -9999.0 -9999.0 -9999.0 -9999.0 -9999.0 -9999.0 -9999.0 -9999.0 -9999.0 -9999.0 -9999.0 -9999.0 -9999.0 -9999.0 -9999.0 -9999.0 -9999.0 -9999.0 -9999.0 -9999.0 -9999.0 -9999.0 -9999.0 -9999.0 -9999.0 -9999.0 -9999.0 -9999.0 -9999.0 -9999.0 -9999.0 -9999.0 -9999.0 -9999.0 -9999.0 -9999.0 -9999.0 -9999.0 -9999.0 -9999.0 -9999.0 -9999.0 -9999.0 -9999.0 -9999.0 -9999.0 -9999.0 -9999.0 -9999.0 -9999.0 -9999.0 -9999.0 -9999.0 -9999.0 -9999.0 -9999.0 -9999.0 -9999.0 -9999.0 -9999.0 -9999.0 -9999.0 -9999.0 -9999.0 -9999.0 -9999.0 -9999.0
-9999.0 -9999.0 -9999.0 -9999.0 -9999.0 -9999.0 -9999.0 -9999.0 -9999.0 -9999.0 -9999.0 -9999.0 -9999.0 -9999.0 -9999.0 -9999.0 -9999.0 -9999.0 -9999.0 -9999.0 -9999.0 -9999.0 -9999.0 -9999.0 -9999.0 -9999.0 -9999.0 -9999.0 -9999.0 -9999.0 -9999.0 -9999.0 -9999.0 -9999.0 -9999.0 -9999.0 -9999.0 -9999.0 -9999.0 -9999.0 -9999.0 -9999.0 -9999.0 -9999.0 -9999.0 -9999.0 -9999.0 -9999.0 -9999.0 -9999.0 -9999.0 -9999.0 -9999.0 -9999.0 -9999.0 -9999.0 -9999.0 -9999.0 -9999.0 -9999.0 -9999.0 -9999.0 -9999.0 -9999.0 -9999.0 -9999.0 -9999.0 -9999.0 -9999.0 -9999.0 -9999.0 -9999.0 -9999.0 -9999.0 -9999.0 -9999.0 -9999.0 -9999.0 -9999.0 -9999.0
-9999.0 -9999.0 -9999.0 -9999.0 -9999.0 -9999.0 -9999.0 -9999.0 -9999.0 -9999.0 -9999.0 -9999.0 -9999.0 -9999.0 -9999.0 -9999.0 -9999.0 -9999.0 -9999.0 -9999.0 -470.966742 -467.878952 -490.878504 -525.130613 -553.818102 -552.161057 -517.230261 -476.257382 -438.486138 -427.819804 -446.043208 -444.795943 -449.991432 -449.841261 -446.557308 -440.564702 -438.069875 -426.221100 -417.421758 -417.449746 -423.598319 -429.426548 -430.806614 -427.022319 -422.043303 -430.874789 -417.349320 -401.759664 -395.153479 -400.707171 -428.852721 -445.141519 -453.310094 -467.679220 -443.007497 -430.124841 -406.760779 -402.227560 -403.236671 -430.330825 -460.429582 -9999.0 -9999.0 -9999.0 -9999.0 -9999.0 -9999.0 -9999.0 -9999.0 -9999.0 -9999.0 -9999.0 -9999.0 -9999.0 -9999.0 -9999.0 -9999.0 -9999.0 -9999.0 -9999.0
-9999.0 -9999.0 -9999.0 -9999.0 -9999.0 -9999.0 -9999.0 -9999.0 -9999.0 -9999.0 -9999.0 -9999.0 -9999.0 -9999.0 -560.805305 -571.286941 -574.638234 -566.357985 -532.745752 -502.987219 -490.358960 -498.191863 -498.494667 -522.306279 -542.658575 -528.682895 -499.533781 -468.147901 -433.644637 -412.454435 -425.465670 -428.150323 -416.842424 -387.316047 -370.898242 -373.146219 -395.429608 -372.075555 -354.296806 -343.032303 -343.331701 -351.912445 -335.283416 -317.277124 -324.276730 -343.847272 -341.872630 -330.270434 -314.777493 -332.803568 -401.798378 -424.811890 -428.257217 -435.178767 -448.593319 -455.229577 -430.259835 -428.937378 -437.028617 -454.813905 -486.815417 -530.709547 -548.241886 -509.519109 -464.612010 -405.986080 -9999.0 -9999.0 -9999.0 -9999.0 -9999.0 -9999.0 -9999.0 -9999.0 -9999.0 -9999.0 -9999.0 -9999.0 -9999.0 -9999.0
-9999.0 -9999.0 -9999.0 -9999.0 -9999.0 -9999.0 -9999.0 -9999.0 -9999.0 -616.841728 -613.635074 -606.890852 -605.560821 -590.267342 -592.182837 -585.621142 -577.869276 -552.229512 -521.389774 -486.383775 -457.430110 -467.766698 -467.542118 -454.750736 -446.738265 -432.928533 -411.213682 -368.156431 -320.576278 -273.090258 -301.636043 -302.482839 -279.209665 -219.005050 -167.904564 -152.988502 -177.169495 -173.172922 -138.308536 -102.450251 -96.596823 -95.883943 -65.081854 -48.747745 -42.097623 -65.320253 -93.596809 -99.547704 -72.286105 -138.084189 -222.602941 -289.134029 -293.280583 -330.198385 -376.831644 -401.940373 -405.738629 -383.334472 -399.389100 -437.678891 -474.524871 -483.638290 -499.915083 -483.483287 -460.364441 -412.655430 -373.551279 -344.227494 -343.554311 -360.851367 -9999.0 -9999.0 -9999.0 -9999.0 -9999.0 -9999.0 -9999.0 -9999.0 -9999.0 -9999.0
-9999.0 -9999.0 -9999.0 -9999.0 -9999.0 -9999.0 -694.865564 -686.531035 -667.325248 -661.977246 -638.293858 -631.153368 -611.070424 -592.082098 -572.090134 -555.268846 -524.309213 -491.800925 -449.514211 -403.504128 -368.701964 -371.433886 -359.013076 -318.858427 -266.623885 -225.272191 -193.018607 -138.985902 -40.399450 16.082288 35.369369 44.124317 55.075943 96.263674 157.027138 175.298540 154.380010 139.043739 159.793400 203.369228 242.946027 248.606308 256.793139 264.946482 290.156849 279.527876 209.977212 182.243690 173.044365 159.830718 107.155676 47.893381 -3.113082 -63.746107 -167.735037 -243.914728 -250.327990 -237.215560 -275.623946 -335.798103 -382.857162 -395.027406 -410.607149 -425.490542 -420.311265 -400.539993 -376.509606 -364.652653 -376.733226 -396.943841 -419.785960 -448.268881 -446.316637 -420.551234 -9999.0 -9999.0 -9999.0 -9999.0 -9999.0 -9999.0
-9999.0 -9999.0 -9999.0 -9999.0 -744.104629 -732.187542 -744.049600 -721.287009 -690.000311 -657.530562 -625.510511 -588.412457 -561.655544 -532.159701 -489.835958 -449.850390 -403.092525 -364.135828 -301.258550 -217.915934 -146.642981 -105.579591 -77.368404 -2.645537 63.106046 112.201547 131.394297 160.404656 209.672263 296.274147 324.533162 332.858906 350.941982 370.645620 418.101921 449.978260 433.917481 425.777742 432.848825 444.075976 471.842529 474.148706 475.954253 476.647480 478.948364 478.643838 453.142345 417.557723 407.103378 399.435034 377.279459 312.654746 242.751973 205.801652 176.335707 129.307554 62.843335 35.832109 -30.308875 -99.968138 -190.829295 -228.402703 -269.626312 -301.826164 -337.372385 -338.745774 -336.903509 -357.253824 -387.813862 -419.534056 -434.063937 -452.280923 -461.910669 -431.677689 -413.620847 -382.152896 -9999.0 -9999.0 -9999.0 -9999.0
-9999.0 -9999.0 -801.283747 -751.492629 -696.401368 -688.420644 -686.479291 -682.283988 -656.213797 -606.194745 -526.745095 -472.249253 -424.523190 -391.425065 -324.190853 -222.320207 -116.952376 -51.577874 17.575218 83.375722 142.993059 185.557228 231.613521 275.674788 323.543819 375.270486 397.114797 421.064304 448.525614 480.174916 503.231267 519.304955 525.116089 520.713468 521.414235 520.590600 517.477132 512.026168 495.932519 494.044541 502.058777 505.445765 508.666365 496.245083 492.339542 504.653265 505.948314 504.946244 506.837967 514.912272 523.594337 492.091806 439.557879 425.096280 418.322204 378.472304 314.897664 248.307691 220.187640 177.588326 98.641292 46.460898 -11.267448 -76.119597 -150.988823 -200.875460 -259.955800 -306.742766 -354.360757 -399.986672 -423.145864 -441.230454 -442.918099 -441.710904 -425.239915 -409.153074 -393.415495 -385.438187 -9999.0 -9999.0
-9999.0 -898.819598 -826.504727 -699.230434 -621.134512 -576.550305 -534.827576 -504.583712 -480.391725 -466.289084 -349.695743 -220.047113 -102.519406 -61.016836 3.335678 105.819743 225.213460 268.765432 299.885988 344.589096 394.365840 437.729547 466.695657 496.865933 523.110122 522.654827 520.889700 521.043462 513.636222 506.541065 496.243351 504.128276 502.251439 486.047354 472.480279 470.270130 464.435477 437.350550 411.527329 398.754773 403.162671 424.316378 414.014851 394.111380 390.433418 410.273446 426.129773 417.141190 406.907951 424.107935 457.060633 477.614223 493.279612 507.575331 527.752227 505.208892 472.309781 431.696346 413.137309 384.631636 307.076335 241.782761 187.112764 122.262054 57.625936 -17.301207 -95.655900 -175.580511 -256.117545 -300.863197 -334.589100 -388.188021 -411.944122 -410.130504 -419.141566 -421.288947 -414.317618 -407.708952 -9999.0 -9999.0
-9999.0 -968.368765 -825.201997 -639.591076 -493.090709 -428.292277 -298.473334 -197.375314 -157.170649 -181.958846 -39.500755 211.319842 291.632775 301.011079 360.859889 434.542955 475.276466 501.658735 517.952748 513.482151 509.979516 514.424562 511.416731 504.497788 490.941036 483.254537 482.431568 479.365827 459.604083 440.055351 416.252930 420.975954 406.266379 369.573840 337.455419 320.681504 298.151932 260.184453 222.132788 194.984021 182.066334 201.374312 191.296032 172.631785 168.870378 192.815530 225.870269 219.859196 225.168064 248.409900 292.756852 350.595968 374.716549 402.398294 437.589107 479.009548 497.624492 516.909981 522.322140 499.062796 456.551856 407.548471 374.208282 292.955581 216.765070 135.540411 75.452144 20.011891 -53.429020 -112.412614 -178.127795 -250.452636 -316.335197 -347.519794 -387.652392 -408.947644 -9999.0 -9999.0 -9999.0 -9999.0
-9999.0 -1031.080349 -839.401855 -572.470425 -312.013810 -150.324137 55.046118 195.068055 294.995180 322.068897 382.256570 482.326769 500.972921 489.330116 469.844733 468.897672 481.023947 484.045674 479.910259 469.351025 457.602972 453.280182 450.920423 444.323670 432.519223 417.611433 405.216388 390.459041 332.071062 295.223181 263.760651 249.052562 214.222479 126.336785 86.129365 57.192236 1.117742 -14.133791 -30.621781 -65.265373 -88.282676 -105.676255 -85.547810 -86.942171 -86.719181 -75.809385 -50.547721 -28.868465 17.480931 54.365081 96.338159 150.162840 185.298506 229.862884 281.685758 356.681766 388.532171 414.757057 459.238328 499.797028 521.569755 513.132843 483.405004 442.026326 374.976290 286.312463 231.420890 156.987553 94.892480 49.089492 11.328347 -42.783864 -126.176055 -248.913131 -297.058201 -9999.0 -9999.0 -9999.0 -9999.0 -9999.0
-9999.0 -1179.942860 -912.516433 -614.177895 -268.514550 63.000439 171.998796 362.896696 437.366561 369.988143 327.566284 371.295451 409.227001 413.690460 391.663042 382.971507 376.128121 375.807572 387.399803 355.614976 308.024199 290.929508 288.924754 276.977412 254.381648 235.848207 221.568127 199.775018 146.288098 98.674497 29.699341 1.593078 -81.288869 -169.105590 -229.738515 -285.686752 -343.271822 -347.162465 -332.553466 -351.413906 -375.172647 -394.903031 -368.830951 -353.471591 -342.482404 -351.779492 -341.689340 -304.526340 -250.141428 -197.846399 -131.291034 -59.517649 -4.220645 51.727793 85.828535 140.734612 188.578033 236.283965 311.930766 406.003263 440.186864 473.949013 509.803036 525.512018 480.498441 430.688182 374.319231 286.154481 186.680887 140.752948 122.209537 96.794704 49.643668 -9999.0 -9999.0 -9999.0 -9999.0 -9999.0 -9999.0 -9999.0
-9999.0 -1315.556370 -1080.654726 -829.009119 -525.938868 -278.790560 -73.578930 53.370567 162.686395 121.057656 120.025067 149.010833 180.458399 202.143193 178.645704 142.790381 117.442579 120.794668 120.236548 95.852437 65.945663 52.013687 50.749295 42.836811 14.404319 -5.532094 -20.066274 -47.790775 -94.426773 -167.264554 -267.780954 -341.597471 -408.003061 -446.744852 -478.306637 -512.236612 -552.181782 -541.563160 -526.572714 -531.585204 -544.537414 -549.535473 -519.869948 -501.765509 -491.855628 -505.571190 -487.433700 -460.443479 -418.197625 -375.776759 -325.957942 -267.101671 -205.518443 -164.235241 -138.196895 -94.086548 -38.879971 28.319773 112.265630 210.468350 286.381550 352.032562 404.283068 435.735860 450.232115 466.930423 451.788931 373.425335 207.341281 180.065275 178.576092 -9999.0 -9999.0 -9999.0 -9999.0 -9999.0 -9999.0 -9999.0 -9999.0 -9999.0
-9999.0 -9999.0 -1318.203984 -1124.580264 -959.821402 -773.048771 -625.415278 -519.824845 -446.344387 -360.071955 -268.611992 -183.641788 -133.002933 -112.671156 -136.253233 -189.489484 -222.777425 -223.285061 -233.954051 -251.451911 -280.226728 -291.430222 -301.537222 -310.318590 -326.132154 -335.263945 -341.738710 -354.397627 -379.501131 -428.963837 -484.141037 -537.037115 -592.094994 -617.121193 -639.088645 -661.988669 -665.937178 -667.122156 -659.951442 -658.844084 -653.928240 -642.500620 -621.665043 -600.621759 -591.463955 -585.035484 -572.687604 -549.325981 -516.482345 -476.157463 -424.314038 -368.655969 -330.025647 -317.417998 -326.281149 -318.060068 -291.327180 -236.314863 -121.702539 -10.338865 83.978089 155.849752 227.995510 277.221929 296.429529 332.509099 361.040420 268.579354 76.205232 126.707900 -9999.0 -9999.0 -9999.0 -9999.0 -9999.0 -9999.0 -9999.0 -9999.0 -9999.0 -9999.0
-9999.0 -9999.0 -9999.0 -9999.0 -1267.442216 -1109.848013 -1017.570069 -936.543609 -819.960491 -716.194387 -627.168084 -553.311782 -502.964348 -480.208894 -493.348422 -501.662535 -510.918732 -514.073100 -522.457266 -529.008207 -535.695176 -543.600502 -554.237758 -561.850250 -562.983329 -559.823176 -561.710360 -574.556181 -589.915131 -618.056569 -642.774283 -678.029502 -715.096207 -743.940655 -756.675365 -763.706170 -763.223897 -768.286537 -758.555875 -752.497865 -737.805789 -722.407659 -698.445102 -670.447533 -658.308136 -644.401389 -634.862587 -614.169920 -584.624878 -532.533642 -471.154664 -416.213297 -383.500879 -381.187381 -409.141948 -426.335818 -430.288324 -401.853281 -350.813248 -271.201700 -143.900273 -46.207002 30.290833 77.120049 108.886639 155.598321 197.921733 209.794658 -9999.0 -9999.0 -9999.0 -9999.0 -9999.0 -9999.0 -9999.0 -9999.0 -9999.0 -9999.0 -9999.0 -9999.0
-9999.0 -9999.0 -9999.0 -9999.0 -9999.0 -9999.0 -1326.158693 -1232.841865 -1144.158808 -1027.796533 -920.952420 -833.514346 -762.442107 -739.699603 -724.600149 -703.413354 -708.585874 -725.046572 -740.807912 -724.778477 -716.115467 -720.556289 -747.054642 -748.579022 -745.312137 -735.672786 -736.482663 -742.238143 -766.542078 -759.055569 -760.770826 -783.351472 -808.983522 -823.209927 -834.472034 -824.379994 -823.336462 -835.448142 -832.565863 -806.851960 -787.432409 -774.010406 -751.470093 -718.558501 -686.876108 -673.017170 -672.347959 -666.351766 -624.825047 -555.097661 -485.933512 -433.820433 -404.351180 -398.317607 -428.663168 -471.589683 -495.084060 -490.235601 -457.183402 -403.900547 -323.646051 -267.645825 -227.120954 -195.019745 -153.647291 -37.019291 -9999.0 -9999.0 -9999.0 -9999.0 -9999.0 -9999.0 -9999.0 -9999.0 -9999.0 -9999.0 -9999.0 -9999.0 -9999.0 -9999.0
-9999.0 -9999.0 -9999.0 -9999.0 -9999.0 -9999.0 -9999.0 -9999.0 -9999.0 -9999.0 -9999.0 -9999.0 -9999.0 -9999.0 -9999.0 -9999.0 -9999.0 -9999.0 -9999.0 -9999.0 -9999.0 -9999.0 -9999.0 -9999.0 -9999.0 -9999.0 -9999.0 -9999.0 -9999.0 -9999.0 -9999.0 -9999.0 -9999.0 -9999.0 -9999.0 -9999.0 -9999.0 -9999.0 -9999.0 -9999.0 -9999.0 -9999.0 -9999.0 -9999.0 -9999.0 -9999.0 -9999.0 -9999.0 -9999.0 -9999.0 -9999.0 -9999.0 -9999.0 -9999.0 -9999.0 -9999.0 -9999.0 -9999.0 -9999.0 -9999.0 -9999.0 -9999.0 -9999.0 -9999.0 -9999.0 -9999.0 -9999.0 -9999.0 -9999.0 -9999.0 -9999.0 -9999.0 -9999.0 -9999.0 -9999.0 -9999.0 -9999.0 -9999.0 -9999.0 -9999.0
-9999.0 -9999.0 -9999.0 -9999.0 -9999.0 -9999.0 -9999.0 -9999.0 -9999.0 -9999.0 -9999.0 -9999.0 -9999.0 -9999.0 -9999.0 -9999.0 -9999.0 -9999.0 -9999.0 -9999.0 -9999.0 -9999.0 -9999.0 -9999.0 -9999.0 -9999.0 -9999.0 -9999.0 -9999.0 -9999.0 -9999.0 -9999.0 -9999.0 -9999.0 -9999.0 -9999.0 -9999.0 -9999.0 -9999.0 -9999.0 -9999.0 -9999.0 -9999.0 -9999.0 -9999.0 -9999.0 -9999.0 -9999.0 -9999.0 -9999.0 -9999.0 -9999.0 -9999.0 -9999.0 -9999.0 -9999.0 -9999.0 -9999.0 -9999.0 -9999.0 -9999.0 -9999.0 -9999.0 -9999.0 -9999.0 -9999.0 -9999.0 -9999.0 -9999.0 -9999.0 -9999.0 -9999.0 -9999.0 -9999.0 -9999.0 -9999.0 -9999.0 -9999.0 -9999.0 -9999.0