Borden_/Borden1m_014/output_maps/psiliqL0025N0023.asc
ncols         80
nrows         18
xllcorner     620200.000000
yllcorner     5168000.000000
cellsize      1.000000
NODATA_value  -9999.0
-9999.0 -9999.0 -9999.0 -9999.0 -9999.0 -9999.0 -9999.0 -9999.0 -9999.0 -9999.0 -9999.0 -9999.0 -9999.0 -9999.0 -9999.0 -9999.0 -9999.0 -9999.0 -9999.0 -9999.0 -9999.0 -9999.0 -9999.0 -9999.0 -9999.0 -9999.0 -9999.0 -9999.0 -9999.0 -9999.0 -9999.0 -9999.0 -9999.0 -9999.0 -9999.0 -9999.0 -9999.0 -9999.0 -9999.0 -9999.0 -9999.0 -9999.0 -9999.0 -9999.0 -9999.0 -9999.0 -9999.0 -9999.0 -9999.0 -9999.0 -9999.0 -9999.0 -9999.0 -9999.0 -9999.0 -9999.0 -9999.0 -9999.0 -9999.0 -9999.0 -9999.0 -9999.0 -9999.0 -9999.0 -9999.0 -9999.0 -9999.0 -9999.0 -9999.0 -9999.0 -9999.0 -9999.0 -9999.0 -9999.0 -9999.0 -9999.0 -9999.0 -9999.0 -9999.0 -9999.0
-9999.0 -9999.0 -9999.0 -9999.0 -9999.0 -9999.0 -9999.0 -9999.0 -9999.0 -9999.0 -9999.0 -9999.0 -9999.0 -9999.0 -9999.0 -9999.0 -9999.0 -9999.0 -9999.0 -9999.0 -9999.0 -9999.0 -9999.0 -9999.0 -9999.0 -9999.0 -9999.0 -9999.0 -9999.0 -9999.0 -9999.0 -9999.0 -9999.0 -9999.0 -9999.0 -9999.0 -9999.0 -9999.0 -9999.0 -9999.0 -9999.0 -9999.0 -9999.0 -9999.0 -9999.0 -9999.0 -9999.0 -9999.0 -9999.0 -9999.0 -9999.0 -9999.0 -9999.0 -9999.0 -9999.0 -9999.0 -9999.0 -9999.0 -9999.0 -9999.0 -9999.0 -9999.0 -9999.0 -9999.0 -9999.0 -9999.0 -9999.0 -9999.0 -9999.0 -9999.0 -9999.0 -9999.0 -9999.0 -9999.0 -9999.0 -9999.0 -9999.0 -9999.0 -9999.0 -9999.0
-9999.0 -9999.0 -9999.0 -9999.0 -9999.0 -9999.0 -9999.0 -9999.0 -9999.0 -9999.0 -9999.0 -9999.0 -9999.0 -9999.0 -9999.0 -9999.0 -9999.0 -9999.0 -9999.0 -9999.0 3125.794384 3126.807958 3104.981733 3070.748258 3042.324712 3043.921026 3076.646730 3116.944466 3155.331333 3162.562093 3143.277718 3146.705218 3141.997738 3137.464590 3137.592397 3145.052860 3151.351097 3160.958878 3167.816784 3165.469738 3158.067017 3152.933250 3155.234704 3156.878497 3163.072380 3148.949745 3164.848267 3179.805212 3184.721056 3182.099680 3159.643806 3147.770467 3140.052322 3124.824796 3151.534610 3163.495943 3186.450995 3191.355568 3189.726437 3163.852924 3133.999568 -9999.0 -9999.0 -9999.0 -9999.0 -9999.0 -9999.0 -9999.0 -9999.0 -9999.0 -9999.0 -9999.0 -9999.0 -9999.0 -9999.0 -9999.0 -9999.0 -9999.0 -9999.0 -9999.0
-9999.0 -9999.0 -9999.0 -9999.0 -9999.0 -9999.0 -9999.0 -9999.0 -9999.0 -9999.0 -9999.0 -9999.0 -9999.0 -9999.0 3036.007288 3027.036888 3023.912265 3030.962154 3063.163123 3093.106195 3104.680478 3096.985620 3096.531462 3071.557252 3048.497072 3060.754622 3089.647873 3119.571022 3152.404483 3169.384365 3157.932611 3154.991234 3161.729493 3179.942921 3187.838725 3184.018800 3167.542814 3190.064212 3203.120777 3207.475845 3205.323929 3195.392601 3204.211164 3218.171318 3211.116986 3195.904463 3206.682739 3221.676137 3232.790728 3224.728695 3168.286766 3156.325254 3153.649194 3150.030070 3137.509841 3134.038724 3162.659760 3162.754839 3155.961878 3139.211258 3106.395660 3061.550989 3043.145033 3084.101999 3128.216147 3184.531558 -9999.0 -9999.0 -9999.0 -9999.0 -9999.0 -9999.0 -9999.0 -9999.0 -9999.0 -9999.0 -9999.0 -9999.0 -9999.0 -9999.0
-9999.0 -9999.0 -9999.0 -9999.0 -9999.0 -9999.0 -9999.0 -9999.0 -9999.0 2982.155048 2984.685262 2991.335977 2993.404269 3008.208249 3004.758017 3011.289348 3015.027846 3041.689687 3070.681752 3103.682369 3130.182107 3120.462374 3118.705037 3122.405281 3116.793868 3124.225279 3143.982343 3178.903139 3209.827591 3244.657321 3210.933719 3205.754886 3222.895495 3263.976803 3287.102262 3288.990934 3270.250610 3286.299077 3309.553736 3325.202534 3321.558471 3315.532400 3341.188527 3356.200779 3350.457832 3329.193409 3327.621965 3335.021872 3364.288169 3314.154789 3249.029128 3210.863003 3226.818601 3206.027791 3180.277392 3170.713353 3171.839771 3191.906917 3180.709931 3148.231357 3115.493980 3104.467063 3088.285033 3109.715105 3133.543620 3180.010507 3220.273797 3250.441699 3250.323201 3233.358712 -9999.0 -9999.0 -9999.0 -9999.0 -9999.0 -9999.0 -9999.0 -9999.0 -9999.0 -9999.0
-9999.0 -9999.0 -9999.0 -9999.0 -9999.0 -9999.0 2903.444158 2913.916793 2934.644143 2937.352303 2963.687338 2968.856967 2982.884913 2999.553131 3020.637745 3032.943349 3057.419593 3086.632278 3121.990121 3159.008874 3184.858688 3174.015017 3177.701693 3196.830572 3223.327546 3241.974711 3263.936642 3300.941903 3372.304125 3408.190237 3401.055934 3401.734117 3409.809280 3459.775326 3523.456145 3534.444094 3513.843340 3500.700119 3523.988754 3561.117356 3559.402637 3558.210103 3571.031941 3581.718747 3608.470554 3597.800717 3562.002107 3556.406001 3562.818478 3540.682235 3472.628696 3415.732573 3396.894772 3351.012783 3268.753697 3226.179610 3249.653170 3277.676700 3256.437776 3207.684724 3176.872771 3171.960910 3161.495697 3155.056290 3167.939668 3190.760331 3215.323285 3229.653833 3218.287842 3197.925470 3176.834339 3148.940298 3151.768136 3176.905910 -9999.0 -9999.0 -9999.0 -9999.0 -9999.0 -9999.0
-9999.0 -9999.0 -9999.0 -9999.0 2853.852535 2866.686726 2851.996353 2878.012492 2909.895165 2943.323132 2970.676114 2996.743865 3019.119720 3045.055570 3077.557821 3099.221663 3130.723369 3159.563641 3204.799304 3265.241969 3308.893311 3322.017862 3330.068901 3380.475219 3436.311701 3483.111768 3501.536902 3527.078921 3572.222588 3628.403734 3650.619925 3653.458052 3670.332307 3713.084039 3768.772829 3803.708484 3786.153576 3777.224226 3787.068624 3801.154813 3823.289877 3823.365256 3824.476706 3828.499797 3835.999754 3834.342046 3807.998915 3774.697310 3761.801789 3751.821228 3714.378006 3642.744482 3612.420946 3583.863883 3542.219334 3488.617051 3440.964580 3441.791453 3387.791394 3333.657041 3284.003358 3276.153703 3256.214189 3240.660126 3223.527984 3235.995268 3248.178535 3233.520866 3204.107602 3175.562196 3162.862522 3145.573806 3134.596029 3165.920842 3183.829500 3213.521415 -9999.0 -9999.0 -9999.0 -9999.0
-9999.0 -9999.0 2794.938798 2840.285356 2897.133138 2903.175121 2896.722927 2899.498311 2925.690768 2974.681218 3030.526005 3066.865508 3095.208444 3124.463479 3173.108517 3234.698873 3293.976821 3335.759454 3392.738238 3461.296292 3519.924176 3546.580299 3555.402324 3590.637939 3644.881431 3713.304519 3741.078391 3767.339645 3798.830933 3834.931628 3827.813852 3838.649933 3850.851012 3863.086354 3877.566034 3884.434471 3879.652041 3875.068596 3856.557200 3851.464910 3857.966542 3865.818488 3864.945836 3850.339443 3846.372532 3861.298588 3867.415168 3865.411442 3862.720997 3867.726413 3863.640247 3815.823352 3797.271719 3782.201725 3770.768081 3724.869301 3658.535978 3626.055353 3604.928907 3564.365005 3491.375848 3453.830866 3414.654893 3380.106736 3342.921165 3329.688508 3297.440198 3265.599942 3227.215447 3186.806457 3168.419502 3154.288775 3154.121543 3155.009218 3172.888719 3188.606162 3204.648108 3212.762128 -9999.0 -9999.0
-9999.0 2692.012105 2763.600841 2877.889223 2955.154224 2988.350628 2996.981757 2999.960676 3023.944863 3054.376023 3140.368662 3189.766419 3271.716927 3307.943958 3348.060732 3437.282128 3530.561339 3573.320939 3611.645713 3674.414939 3739.427537 3786.175581 3812.328893 3792.971803 3831.945121 3860.481504 3868.211118 3874.941473 3874.674621 3866.189925 3859.585465 3866.295243 3863.378908 3844.289796 3828.301670 3826.583094 3823.200899 3799.964710 3772.502962 3757.131101 3758.617318 3783.478091 3770.426383 3749.091559 3744.691721 3766.290216 3787.501047 3776.865479 3763.750551 3780.296886 3814.771863 3839.384270 3841.010428 3859.408135 3880.491675 3851.661898 3829.961522 3786.402843 3769.593988 3744.265504 3687.730862 3633.009717 3585.155749 3536.829957 3484.634951 3435.708598 3388.349495 3341.511105 3288.517227 3256.015603 3231.914183 3189.288766 3176.933082 3183.245072 3178.618879 3177.273309 3183.961130 3190.611983 -9999.0 -9999.0
-9999.0 2596.655414 2736.188830 2905.878137 3044.855788 3084.690272 3146.872219 3201.085441 3214.097696 3160.909162 3259.256436 3474.257753 3593.486482 3610.185269 3684.695906 3778.524191 3763.110570 3794.088266 3816.921410 3841.453872 3861.200356 3875.062651 3873.223432 3867.927433 3851.517950 3843.531389 3842.672681 3840.591570 3823.284097 3804.410158 3787.668898 3784.605579 3766.837262 3717.941924 3684.948440 3667.726492 3649.227460 3635.679698 3608.326162 3582.503463 3566.303552 3577.090558 3574.992252 3561.326493 3556.902591 3575.144286 3605.970383 3603.705613 3614.991466 3634.482584 3669.856606 3707.694084 3726.860438 3755.792752 3791.254036 3838.763601 3847.873816 3870.210862 3873.258349 3862.303021 3816.132378 3764.907067 3735.666566 3680.621067 3621.173850 3559.603179 3511.042052 3466.578926 3411.741295 3377.791443 3338.792288 3285.564640 3242.616720 3234.677477 3201.436574 3188.315814 -9999.0 -9999.0 -9999.0 -9999.0
-9999.0 2495.826806 2675.948914 2906.712458 3194.121125 3265.914660 3465.019964 3577.987430 3616.499648 3682.804245 3569.664218 3770.638962 3821.701779 3816.254599 3830.374909 3833.301634 3847.384911 3846.842802 3841.773854 3830.831257 3821.343932 3816.849854 3815.758907 3807.865041 3795.284867 3780.718347 3768.879469 3757.564491 3721.178960 3689.468166 3650.788569 3638.470425 3594.698077 3503.513522 3464.975774 3427.044788 3367.058444 3369.369272 3376.258653 3352.585952 3333.253374 3305.795604 3334.830996 3345.079581 3349.062923 3344.952089 3354.845962 3382.577307 3429.644157 3463.574371 3502.206926 3549.737492 3579.829104 3618.718593 3658.457571 3710.479867 3741.342969 3770.056597 3818.507499 3855.404674 3878.032699 3864.258403 3845.301796 3801.127274 3741.165612 3692.026209 3663.358947 3613.307975 3570.040443 3526.627564 3480.405500 3427.895395 3366.808048 3313.333560 3279.525631 -9999.0 -9999.0 -9999.0 -9999.0 -9999.0
-9999.0 2275.566930 2539.654612 2796.769070 3068.132512 3405.989663 3572.400167 3667.058429 3729.479001 3710.307652 3731.675704 3738.498733 3775.336884 3782.284203 3760.834460 3747.254268 3730.008710 3728.920087 3741.950208 3714.800872 3684.801302 3671.597042 3672.470929 3661.775945 3638.111807 3623.246744 3613.968637 3595.722391 3552.886090 3503.276663 3420.188011 3386.743456 3309.352618 3270.432675 3234.317699 3188.074599 3145.314810 3150.954420 3174.216058 3166.426130 3145.980888 3129.163119 3158.358130 3177.643683 3190.679327 3174.692559 3181.250034 3215.246176 3261.216132 3301.061842 3344.402629 3391.678376 3432.923305 3471.892993 3492.943108 3532.369014 3574.090973 3615.319025 3684.936602 3762.547673 3797.976415 3832.274759 3861.490244 3883.234032 3840.582887 3814.014507 3790.548853 3767.408589 3721.577573 3676.425137 3635.905368 3571.880684 3512.390628 -9999.0 -9999.0 -9999.0 -9999.0 -9999.0 -9999.0 -9999.0
-9999.0 2162.490516 2357.270327 2551.018914 2788.486247 3012.036635 3228.994347 3319.094372 3388.389306 3456.350553 3508.342794 3545.277947 3571.003794 3592.323367 3569.681021 3524.247054 3492.354546 3497.252344 3488.737281 3467.728952 3440.224964 3427.445774 3425.028706 3420.371662 3399.308806 3389.163523 3382.557124 3364.966537 3339.781830 3287.838026 3217.113764 3146.586819 3093.603635 3074.313078 3052.195074 3025.847745 2999.440373 3013.061669 3026.047646 3026.254302 3019.873196 3020.140554 3049.183254 3068.899138 3078.334520 3067.347035 3085.355345 3108.305332 3144.947192 3182.714214 3226.763449 3276.179316 3323.933127 3343.776207 3345.880758 3357.469796 3384.734590 3427.658338 3503.507811 3588.922429 3665.532232 3710.537463 3760.942940 3800.542488 3828.252480 3853.861340 3875.674784 3868.291511 3842.720551 3809.611185 3751.425396 -9999.0 -9999.0 -9999.0 -9999.0 -9999.0 -9999.0 -9999.0 -9999.0 -9999.0
-9999.0 -9999.0 2131.173800 2284.992417 2384.386514 2548.115379 2692.882407 2803.051406 2872.364172 3001.471283 3121.296043 3211.795460 3257.396007 3272.760955 3258.828982 3230.251535 3212.925292 3212.601320 3201.127001 3194.814692 3180.532742 3175.479268 3165.564640 3158.558112 3154.696608 3154.391425 3152.631028 3145.122897 3129.063662 3088.513764 3052.154198 3008.708506 2970.848816 2949.645575 2931.870987 2915.198974 2919.492780 2915.030473 2920.867983 2924.050014 2933.835402 2948.132421 2967.572583 2985.318722 2994.861277 3004.821533 3015.496180 3036.821893 3066.382633 3105.957416 3156.699760 3210.011561 3245.239234 3251.625070 3233.403586 3228.207073 3236.164499 3264.756539 3327.743987 3396.239182 3484.991645 3549.841051 3616.371467 3671.874418 3698.267848 3734.639944 3804.247339 3852.228513 3893.924494 3871.565382 -9999.0 -9999.0 -9999.0 -9999.0 -9999.0 -9999.0 -9999.0 -9999.0 -9999.0 -9999.0
-9999.0 -9999.0 -9999.0 -9999.0 2145.666279 2293.155149 2390.845650 2471.191236 2605.817901 2737.696118 2810.431855 2896.551323 2964.876532 2980.403344 2980.719162 2996.961909 2995.943749 2986.992955 2976.331839 2981.220258 2986.220613 2980.506629 2974.520220 2968.781046 2973.221891 2981.852253 2981.096250 2969.490815 2952.899294 2939.775665 2927.943357 2898.601881 2867.796465 2841.880055 2831.208587 2829.208282 2830.271805 2823.195258 2832.160099 2841.394203 2857.627546 2872.932190 2896.479994 2926.036237 2940.683269 2955.282924 2963.762742 2982.099073 3006.080417 3057.083490 3118.262227 3174.162884 3206.867690 3206.857728 3178.635866 3156.709278 3144.122816 3161.373972 3189.327254 3239.894958 3328.587265 3390.140301 3435.410986 3474.143667 3510.335992 3574.897290 3668.582156 3749.383509 -9999.0 -9999.0 -9999.0 -9999.0 -9999.0 -9999.0 -9999.0 -9999.0 -9999.0 -9999.0 -9999.0 -9999.0
-9999.0 -9999.0 -9999.0 -9999.0 -9999.0 -9999.0 2121.935506 2227.964356 2296.195496 2449.897964 2596.108380 2705.587433 2790.824716 2828.095429 2823.521802 2853.622741 2854.232242 2834.102236 2812.409569 2834.290545 2853.587817 2847.427468 2815.526130 2817.552177 2825.390411 2834.339822 2833.154666 2828.829435 2806.102263 2824.645889 2830.970080 2810.409003 2787.288774 2798.149554 2786.766837 2796.576217 2796.517498 2781.902832 2780.658499 2792.951672 2814.193347 2827.205352 2848.264188 2881.445891 2913.864159 2929.401974 2930.090093 2934.524673 2970.874956 3034.649425 3105.031088 3159.487111 3189.420727 3193.782993 3163.358574 3118.330857 3091.941011 3090.575797 3114.568076 3153.626575 3213.092781 3248.939042 3259.826846 3260.738177 3272.737930 3371.417564 -9999.0 -9999.0 -9999.0 -9999.0 -9999.0 -9999.0 -9999.0 -9999.0 -9999.0 -9999.0 -9999.0 -9999.0 -9999.0 -9999.0
-9999.0 -9999.0 -9999.0 -9999.0 -9999.0 -9999.0 -9999.0 -9999.0 -9999.0 -9999.0 -9999.0 -9999.0 -9999.0 -9999.0 -9999.0 -9999.0 -9999.0 -9999.0 -9999.0 -9999.0 -9999.0 -9999.0 -9999.0 -9999.0 -9999.0 -9999.0 -9999.0 -9999.0 -9999.0 -9999.0 -9999.0 -9999.0 -9999.0 -9999.0 -9999.0 -9999.0 -9999.0 -9999.0 -9999.0 -9999.0 -9999.0 -9999.0 -9999.0 -9999.0 -9999.0 -9999.0 -9999.0 -9999.0 -9999.0 -9999.0 -9999.0 -9999.0 -9999.0 -9999.0 -9999.0 -9999.0 -9999.0 -9999.0 -9999.0 -9999.0 -9999.0 -9999.0 -9999.0 -9999.0 -9999.0 -9999.0 -9999.0 -9999.0 -9999.0 -9999.0 -9999.0 -9999.0 -9999.0 -9999.0 -9999.0 -9999.0 -9999.0 -9999.0 -9999.0 -9999.0
-9999.0 -9999.0 -9999.0 -9999.0 -9999.0 -9999.0 -9999.0 -9999.0 -9999.0 -9999.0 -9999.0 -9999.0 -9999.0 -9999.0 -9999.0 -9999.0 -9999.0 -9999.0 -9999.0 -9999.0 -9999.0 -9999.0 -9999.0 -9999.0 -9999.0 -9999.0 -9999.0 -9999.0 -9999.0 -9999.0 -9999.0 -9999.0 -9999.0 -9999.0 -9999.0 -9999.0 -9999.0 -9999.0 -9999.0 -9999.0 -9999.0 -9999.0 -9999.0 -9999.0 -9999.0 -9999.0 -9999.0 -9999.0 -9999.0 -9999.0 -9999.0 -9999.0 -9999.0 -9999.0 -9999.0 -9999.0 -9999.0 -9999.0 -9999.0 -9999.0 -9999.0 -9999.0 -9999.0 -9999.0 -9999.0 -9999.0 -9999.0 -9999.0 -9999.0 -9999.0 -9999.0 -9999.0 -9999.0 -9999.0 -9999.0 -9999.0 -9999.0 -9999.0 -9999.0 -9999.0