Borden_/Borden1m_014/output_maps/psiliqL0016N0002.asc
ncols         80
nrows         18
xllcorner     620200.000000
yllcorner     5168000.000000
cellsize      1.000000
NODATA_value  -9999.0
-9999.0 -9999.0 -9999.0 -9999.0 -9999.0 -9999.0 -9999.0 -9999.0 -9999.0 -9999.0 -9999.0 -9999.0 -9999.0 -9999.0 -9999.0 -9999.0 -9999.0 -9999.0 -9999.0 -9999.0 -9999.0 -9999.0 -9999.0 -9999.0 -9999.0 -9999.0 -9999.0 -9999.0 -9999.0 -9999.0 -9999.0 -9999.0 -9999.0 -9999.0 -9999.0 -9999.0 -9999.0 -9999.0 -9999.0 -9999.0 -9999.0 -9999.0 -9999.0 -9999.0 -9999.0 -9999.0 -9999.0 -9999.0 -9999.0 -9999.0 -9999.0 -9999.0 -9999.0 -9999.0 -9999.0 -9999.0 -9999.0 -9999.0 -9999.0 -9999.0 -9999.0 -9999.0 -9999.0 -9999.0 -9999.0 -9999.0 -9999.0 -9999.0 -9999.0 -9999.0 -9999.0 -9999.0 -9999.0 -9999.0 -9999.0 -9999.0 -9999.0 -9999.0 -9999.0 -9999.0
-9999.0 -9999.0 -9999.0 -9999.0 -9999.0 -9999.0 -9999.0 -9999.0 -9999.0 -9999.0 -9999.0 -9999.0 -9999.0 -9999.0 -9999.0 -9999.0 -9999.0 -9999.0 -9999.0 -9999.0 -9999.0 -9999.0 -9999.0 -9999.0 -9999.0 -9999.0 -9999.0 -9999.0 -9999.0 -9999.0 -9999.0 -9999.0 -9999.0 -9999.0 -9999.0 -9999.0 -9999.0 -9999.0 -9999.0 -9999.0 -9999.0 -9999.0 -9999.0 -9999.0 -9999.0 -9999.0 -9999.0 -9999.0 -9999.0 -9999.0 -9999.0 -9999.0 -9999.0 -9999.0 -9999.0 -9999.0 -9999.0 -9999.0 -9999.0 -9999.0 -9999.0 -9999.0 -9999.0 -9999.0 -9999.0 -9999.0 -9999.0 -9999.0 -9999.0 -9999.0 -9999.0 -9999.0 -9999.0 -9999.0 -9999.0 -9999.0 -9999.0 -9999.0 -9999.0 -9999.0
-9999.0 -9999.0 -9999.0 -9999.0 -9999.0 -9999.0 -9999.0 -9999.0 -9999.0 -9999.0 -9999.0 -9999.0 -9999.0 -9999.0 -9999.0 -9999.0 -9999.0 -9999.0 -9999.0 -9999.0 1329.641298 1331.868129 1309.876769 1276.228487 1248.347772 1250.513736 1284.659402 1325.529703 1363.838296 1373.335841 1355.564786 1358.711346 1354.503158 1352.811396 1354.798698 1361.679782 1366.232718 1376.885436 1384.582271 1383.326880 1376.569426 1371.108057 1371.463352 1374.052490 1379.620781 1368.384376 1382.917589 1398.471414 1403.737916 1399.219401 1372.989835 1358.188430 1349.396632 1333.899998 1358.739925 1370.464855 1393.208752 1397.321580 1395.533230 1368.590171 1338.550485 -9999.0 -9999.0 -9999.0 -9999.0 -9999.0 -9999.0 -9999.0 -9999.0 -9999.0 -9999.0 -9999.0 -9999.0 -9999.0 -9999.0 -9999.0 -9999.0 -9999.0 -9999.0 -9999.0
-9999.0 -9999.0 -9999.0 -9999.0 -9999.0 -9999.0 -9999.0 -9999.0 -9999.0 -9999.0 -9999.0 -9999.0 -9999.0 -9999.0 1239.777145 1230.296765 1227.402859 1235.431933 1268.600542 1298.638307 1310.681562 1303.277694 1303.390047 1279.761639 1258.951344 1272.766617 1302.306608 1333.342368 1367.248515 1386.899332 1376.181415 1374.601924 1384.233087 1408.430924 1420.041358 1416.935683 1397.572532 1420.795237 1435.365855 1442.216769 1440.583750 1431.296196 1442.830934 1457.838835 1451.142740 1435.013106 1441.953251 1454.911236 1467.159654 1454.969387 1392.959644 1375.108187 1370.932727 1364.820759 1351.238370 1345.469554 1371.268522 1371.165039 1363.113744 1345.409529 1312.734392 1268.325230 1249.921055 1289.045787 1332.911777 1389.996996 -9999.0 -9999.0 -9999.0 -9999.0 -9999.0 -9999.0 -9999.0 -9999.0 -9999.0 -9999.0 -9999.0 -9999.0 -9999.0 -9999.0
-9999.0 -9999.0 -9999.0 -9999.0 -9999.0 -9999.0 -9999.0 -9999.0 -9999.0 1182.751315 1187.435217 1194.532040 1196.723723 1212.151385 1209.637672 1216.547435 1222.764950 1249.384015 1279.790640 1314.240314 1342.333717 1333.036068 1333.076996 1342.149420 1344.351874 1355.826510 1377.069060 1416.167729 1453.527394 1493.396784 1465.523300 1464.360379 1483.966623 1529.700513 1560.040061 1565.444601 1547.126148 1556.684349 1580.371572 1599.769527 1597.219991 1593.114865 1616.999677 1630.703156 1631.194088 1612.262760 1603.206154 1605.676993 1631.911914 1581.875024 1516.857646 1468.715902 1474.387043 1446.565369 1411.845957 1393.815017 1391.457777 1411.645118 1397.320632 1361.114037 1325.775094 1314.877338 1297.817286 1315.815465 1338.443525 1384.933895 1423.921008 1452.992445 1452.964075 1435.812410 -9999.0 -9999.0 -9999.0 -9999.0 -9999.0 -9999.0 -9999.0 -9999.0 -9999.0 -9999.0
-9999.0 -9999.0 -9999.0 -9999.0 -9999.0 -9999.0 1104.276848 1113.892718 1134.126053 1138.382145 1163.666497 1170.324385 1190.255929 1208.838660 1230.018154 1245.220952 1273.525965 1305.077068 1344.518280 1386.241671 1416.962710 1410.069612 1419.083630 1447.754524 1485.628812 1513.799583 1538.435618 1576.916724 1650.715629 1692.605999 1701.346096 1708.696342 1719.805988 1768.856629 1831.763030 1844.979128 1824.515049 1809.895338 1829.459592 1863.698230 1865.873235 1865.251203 1875.366604 1885.366551 1912.504740 1904.391859 1867.320171 1855.859375 1855.697005 1838.674887 1776.006530 1711.797113 1678.011419 1629.324921 1548.668280 1496.871914 1505.326434 1523.865955 1495.931505 1443.625798 1404.777211 1395.177871 1381.031241 1369.254704 1377.095793 1397.521402 1420.742916 1433.053835 1420.920007 1400.401598 1378.173094 1349.945293 1352.272384 1377.645475 -9999.0 -9999.0 -9999.0 -9999.0 -9999.0 -9999.0
-9999.0 -9999.0 -9999.0 -9999.0 1054.674217 1067.249185 1054.345449 1079.246339 1111.438077 1145.002567 1175.411505 1210.471411 1236.248669 1265.246159 1303.589076 1334.609853 1373.085663 1406.301600 1459.240603 1526.380120 1575.896416 1596.965714 1610.190963 1667.905853 1732.065083 1786.829929 1808.836031 1836.007967 1879.842782 1942.794158 1976.975359 1988.135029 2007.415812 2043.306970 2089.968085 2121.947366 2104.857798 2096.602303 2102.250090 2112.530201 2133.787786 2133.681928 2135.022743 2137.983809 2143.698067 2143.672024 2120.870001 2089.280114 2075.935253 2066.289395 2034.501581 1961.902184 1917.367617 1885.178584 1850.402372 1797.957957 1734.278738 1717.921904 1661.223433 1605.708430 1546.134772 1525.965052 1496.936491 1473.604033 1447.399955 1451.865036 1457.758582 1439.518271 1408.978420 1378.183208 1364.227383 1346.306629 1335.919276 1366.608297 1384.645102 1415.161444 -9999.0 -9999.0 -9999.0 -9999.0
-9999.0 -9999.0 996.444218 1044.109556 1100.221752 1107.690305 1106.257828 1110.997239 1138.552829 1189.292923 1261.018517 1307.086118 1345.812628 1378.196170 1435.276559 1509.205312 1575.995541 1621.925980 1682.336686 1755.100009 1817.938897 1849.649176 1865.149874 1906.958737 1969.356480 2037.175412 2066.160228 2092.777594 2124.331666 2160.035763 2172.965269 2189.242890 2199.346497 2203.585666 2209.523565 2210.471916 2204.455723 2197.602253 2178.078087 2172.996351 2178.632305 2183.460409 2184.447167 2171.377784 2167.894383 2181.782117 2186.509008 2186.204717 2185.883499 2193.059206 2195.488985 2154.006670 2116.329279 2099.522682 2088.444442 2043.410019 1976.124952 1929.615931 1904.637102 1861.823505 1784.279991 1731.463807 1681.102380 1635.203387 1586.492697 1560.296590 1518.492826 1480.380428 1437.492817 1394.066759 1372.546333 1356.170904 1355.080903 1356.103100 1373.281051 1389.280755 1405.207182 1413.279535 -9999.0 -9999.0
-9999.0 892.955825 964.584059 1089.043692 1166.980811 1208.232894 1234.895339 1254.071297 1281.545854 1306.875946 1405.396207 1484.653302 1571.762478 1608.914743 1657.888380 1751.369342 1841.612422 1886.895004 1929.912593 1994.703349 2058.539439 2105.674248 2132.826676 2141.749732 2181.348948 2200.720065 2206.821562 2211.871810 2209.458982 2202.130134 2193.813011 2200.025056 2196.559471 2177.943939 2161.535483 2156.784461 2148.361295 2120.111339 2088.798944 2072.550497 2074.108813 2096.907104 2084.587375 2064.166318 2060.399194 2081.273616 2100.973872 2092.473154 2081.375277 2101.500170 2139.135576 2162.436814 2171.242752 2187.818907 2209.109957 2184.060541 2155.916208 2111.704905 2091.312291 2062.584443 2002.879376 1935.566033 1877.294728 1816.197479 1749.852162 1685.715580 1627.866535 1572.505653 1512.179075 1475.310308 1447.082160 1399.538042 1381.456947 1385.843350 1379.067144 1377.454813 1384.446830 1391.115106 -9999.0 -9999.0
-9999.0 810.387530 951.389372 1132.863239 1276.957116 1328.758083 1421.164265 1495.188960 1521.999817 1490.228260 1591.909458 1803.741166 1907.629717 1929.530047 2004.302011 2091.922733 2104.712157 2136.593118 2162.490757 2180.353240 2193.463599 2204.251581 2201.633014 2195.706329 2182.491204 2176.863126 2177.451029 2176.132169 2159.405661 2138.596034 2116.744984 2109.143478 2088.757309 2043.822869 2010.325136 1991.050605 1970.470945 1944.559621 1908.255827 1880.116598 1864.846779 1880.023778 1873.716141 1857.080252 1852.863297 1873.945620 1905.278391 1900.897363 1909.924509 1934.799000 1980.523019 2022.569564 2045.719863 2077.058287 2116.957182 2164.851637 2181.376834 2203.808864 2209.453415 2192.586830 2148.004739 2092.228542 2055.635604 1991.336134 1914.482725 1835.935515 1773.115109 1715.364047 1651.973452 1609.977282 1564.945202 1508.739821 1458.541663 1441.661038 1405.912062 1389.077794 -9999.0 -9999.0 -9999.0 -9999.0
-9999.0 728.427933 913.977905 1166.527699 1438.482736 1536.607323 1733.168170 1858.543971 1917.775814 1987.948647 1951.850349 2099.709105 2139.132849 2137.973175 2142.194951 2147.485822 2162.550578 2166.060561 2164.949979 2159.095281 2153.178516 2149.425807 2145.624080 2134.201056 2118.512399 2102.578924 2089.637487 2078.051298 2041.381186 2005.464292 1961.602551 1941.677308 1900.072327 1808.314577 1765.714508 1728.716170 1670.349674 1662.678604 1656.872368 1629.318898 1610.559116 1589.835492 1612.316313 1616.979106 1618.935840 1620.459191 1635.053942 1657.411402 1700.567638 1736.826756 1782.417629 1834.672561 1869.108712 1913.926729 1964.587314 2026.187537 2062.966217 2097.621236 2150.113636 2191.207264 2215.700086 2204.073124 2177.708238 2131.919761 2060.854536 1996.293158 1947.483953 1878.150712 1818.737012 1766.775781 1715.437914 1657.323640 1593.387283 1525.193483 1488.547869 -9999.0 -9999.0 -9999.0 -9999.0 -9999.0
-9999.0 543.643262 809.056668 1090.421127 1392.596134 1711.775192 1841.271243 1963.369901 2035.813954 2007.887158 2016.977779 2033.335848 2073.272134 2082.832490 2065.512529 2057.810472 2046.343203 2046.749431 2060.972437 2037.283777 2010.098734 1996.336869 1992.233996 1973.910707 1943.231934 1923.233418 1911.097674 1891.899865 1845.492058 1793.745172 1709.207336 1677.529908 1602.935737 1550.937950 1509.372676 1461.484117 1412.204784 1411.663179 1429.693147 1416.100552 1394.741094 1376.944271 1403.713219 1421.398296 1433.123194 1420.430563 1427.898761 1461.610198 1508.306269 1549.607034 1596.673462 1647.770535 1690.987800 1736.859251 1769.675255 1822.011911 1872.222843 1923.339358 2004.377316 2086.941076 2128.378484 2165.502043 2199.782024 2218.964331 2171.627562 2128.436640 2083.464776 2031.422518 1959.893106 1913.922334 1874.022976 1804.775441 1740.089237 -9999.0 -9999.0 -9999.0 -9999.0 -9999.0 -9999.0 -9999.0
-9999.0 419.102015 633.348969 855.226819 1129.812100 1357.885624 1546.079455 1646.731328 1722.251400 1763.033726 1800.693913 1834.001474 1863.202195 1886.007622 1865.540735 1826.565884 1798.142826 1802.579015 1798.343324 1775.505791 1746.566482 1730.844024 1725.798772 1715.269276 1687.765366 1672.520285 1662.744277 1642.244040 1611.691420 1558.507080 1481.522842 1411.120660 1353.244144 1324.839261 1297.771728 1267.123973 1233.354117 1244.381239 1257.521674 1254.810952 1245.083384 1242.663421 1271.746484 1290.572200 1300.185372 1287.936017 1305.899161 1330.683835 1369.801374 1410.050629 1455.945553 1507.373864 1557.269728 1583.234452 1594.831731 1618.448660 1656.160073 1709.593568 1797.377071 1893.998783 1977.456459 2030.179752 2085.707737 2128.191351 2150.378713 2170.828273 2159.404767 2095.140641 2001.705641 2000.883703 1989.314711 -9999.0 -9999.0 -9999.0 -9999.0 -9999.0 -9999.0 -9999.0 -9999.0 -9999.0
-9999.0 -9999.0 400.980998 573.818137 704.462525 877.472877 1021.114988 1125.810021 1211.690344 1324.814306 1428.778100 1510.294708 1552.364392 1568.714475 1554.614192 1522.313709 1501.723122 1501.928268 1491.933993 1481.643282 1461.968470 1453.671304 1441.616679 1432.276080 1421.791137 1416.676375 1412.430055 1402.734206 1382.977429 1338.765129 1292.968838 1244.187495 1193.422486 1169.949861 1149.760206 1129.667301 1129.442339 1126.264366 1132.490305 1134.493325 1141.753072 1154.526061 1174.553813 1196.329735 1205.677815 1213.881762 1225.396397 1247.752353 1279.049234 1319.165229 1370.521042 1425.209314 1461.874085 1471.707175 1459.516207 1461.962248 1479.291594 1518.337498 1595.242516 1675.535957 1769.723756 1841.705792 1918.287990 1982.321453 2010.427374 2040.063325 2076.999178 2039.515251 1859.255984 1959.733014 -9999.0 -9999.0 -9999.0 -9999.0 -9999.0 -9999.0 -9999.0 -9999.0 -9999.0 -9999.0
-9999.0 -9999.0 -9999.0 -9999.0 430.439021 582.211059 676.353257 756.324726 881.775401 998.925627 1095.979963 1175.961957 1235.110583 1259.827905 1254.770041 1259.778310 1255.252868 1249.321318 1239.785116 1238.765158 1237.556382 1230.018869 1215.720282 1208.239183 1209.239583 1214.641905 1213.024527 1200.645608 1184.503360 1163.675270 1145.073880 1112.475002 1078.183198 1050.450544 1038.497350 1033.765993 1034.352030 1028.152496 1037.397975 1045.054380 1060.468267 1075.775123 1099.469173 1128.221034 1141.556837 1155.729662 1164.671182 1184.111497 1213.079504 1264.689302 1326.013669 1381.473832 1414.751315 1416.625800 1389.437008 1371.329786 1364.585999 1388.621425 1428.793312 1490.573135 1586.798473 1656.057709 1713.870330 1764.824662 1806.682065 1869.766014 1956.461614 2009.082340 -9999.0 -9999.0 -9999.0 -9999.0 -9999.0 -9999.0 -9999.0 -9999.0 -9999.0 -9999.0 -9999.0 -9999.0
-9999.0 -9999.0 -9999.0 -9999.0 -9999.0 -9999.0 386.724729 485.992959 563.927882 698.469568 824.781819 922.541193 1000.002929 1029.694216 1054.553605 1080.566402 1078.491117 1060.309966 1041.543757 1060.139737 1073.678655 1067.907994 1038.215628 1037.952964 1043.074457 1052.011755 1050.764894 1045.495684 1021.765691 1034.419691 1036.380236 1014.534654 989.823538 977.118142 966.313272 976.800132 977.784249 964.854542 966.009783 993.045858 1013.429096 1026.633995 1048.402551 1081.387037 1113.345323 1127.973289 1128.613394 1133.793670 1172.657416 1241.310818 1311.060484 1364.369911 1394.569082 1400.303804 1370.584305 1327.921955 1304.415069 1307.703752 1337.746126 1384.850534 1454.690710 1498.807021 1522.615771 1537.834379 1560.264319 1655.620349 -9999.0 -9999.0 -9999.0 -9999.0 -9999.0 -9999.0 -9999.0 -9999.0 -9999.0 -9999.0 -9999.0 -9999.0 -9999.0 -9999.0
-9999.0 -9999.0 -9999.0 -9999.0 -9999.0 -9999.0 -9999.0 -9999.0 -9999.0 -9999.0 -9999.0 -9999.0 -9999.0 -9999.0 -9999.0 -9999.0 -9999.0 -9999.0 -9999.0 -9999.0 -9999.0 -9999.0 -9999.0 -9999.0 -9999.0 -9999.0 -9999.0 -9999.0 -9999.0 -9999.0 -9999.0 -9999.0 -9999.0 -9999.0 -9999.0 -9999.0 -9999.0 -9999.0 -9999.0 -9999.0 -9999.0 -9999.0 -9999.0 -9999.0 -9999.0 -9999.0 -9999.0 -9999.0 -9999.0 -9999.0 -9999.0 -9999.0 -9999.0 -9999.0 -9999.0 -9999.0 -9999.0 -9999.0 -9999.0 -9999.0 -9999.0 -9999.0 -9999.0 -9999.0 -9999.0 -9999.0 -9999.0 -9999.0 -9999.0 -9999.0 -9999.0 -9999.0 -9999.0 -9999.0 -9999.0 -9999.0 -9999.0 -9999.0 -9999.0 -9999.0
-9999.0 -9999.0 -9999.0 -9999.0 -9999.0 -9999.0 -9999.0 -9999.0 -9999.0 -9999.0 -9999.0 -9999.0 -9999.0 -9999.0 -9999.0 -9999.0 -9999.0 -9999.0 -9999.0 -9999.0 -9999.0 -9999.0 -9999.0 -9999.0 -9999.0 -9999.0 -9999.0 -9999.0 -9999.0 -9999.0 -9999.0 -9999.0 -9999.0 -9999.0 -9999.0 -9999.0 -9999.0 -9999.0 -9999.0 -9999.0 -9999.0 -9999.0 -9999.0 -9999.0 -9999.0 -9999.0 -9999.0 -9999.0 -9999.0 -9999.0 -9999.0 -9999.0 -9999.0 -9999.0 -9999.0 -9999.0 -9999.0 -9999.0 -9999.0 -9999.0 -9999.0 -9999.0 -9999.0 -9999.0 -9999.0 -9999.0 -9999.0 -9999.0 -9999.0 -9999.0 -9999.0 -9999.0 -9999.0 -9999.0 -9999.0 -9999.0 -9999.0 -9999.0 -9999.0 -9999.0