Borden_/Borden1m_014/output_maps/psiliqL0025N0005.asc
ncols         80
nrows         18
xllcorner     620200.000000
yllcorner     5168000.000000
cellsize      1.000000
NODATA_value  -9999.0
-9999.0 -9999.0 -9999.0 -9999.0 -9999.0 -9999.0 -9999.0 -9999.0 -9999.0 -9999.0 -9999.0 -9999.0 -9999.0 -9999.0 -9999.0 -9999.0 -9999.0 -9999.0 -9999.0 -9999.0 -9999.0 -9999.0 -9999.0 -9999.0 -9999.0 -9999.0 -9999.0 -9999.0 -9999.0 -9999.0 -9999.0 -9999.0 -9999.0 -9999.0 -9999.0 -9999.0 -9999.0 -9999.0 -9999.0 -9999.0 -9999.0 -9999.0 -9999.0 -9999.0 -9999.0 -9999.0 -9999.0 -9999.0 -9999.0 -9999.0 -9999.0 -9999.0 -9999.0 -9999.0 -9999.0 -9999.0 -9999.0 -9999.0 -9999.0 -9999.0 -9999.0 -9999.0 -9999.0 -9999.0 -9999.0 -9999.0 -9999.0 -9999.0 -9999.0 -9999.0 -9999.0 -9999.0 -9999.0 -9999.0 -9999.0 -9999.0 -9999.0 -9999.0 -9999.0 -9999.0
-9999.0 -9999.0 -9999.0 -9999.0 -9999.0 -9999.0 -9999.0 -9999.0 -9999.0 -9999.0 -9999.0 -9999.0 -9999.0 -9999.0 -9999.0 -9999.0 -9999.0 -9999.0 -9999.0 -9999.0 -9999.0 -9999.0 -9999.0 -9999.0 -9999.0 -9999.0 -9999.0 -9999.0 -9999.0 -9999.0 -9999.0 -9999.0 -9999.0 -9999.0 -9999.0 -9999.0 -9999.0 -9999.0 -9999.0 -9999.0 -9999.0 -9999.0 -9999.0 -9999.0 -9999.0 -9999.0 -9999.0 -9999.0 -9999.0 -9999.0 -9999.0 -9999.0 -9999.0 -9999.0 -9999.0 -9999.0 -9999.0 -9999.0 -9999.0 -9999.0 -9999.0 -9999.0 -9999.0 -9999.0 -9999.0 -9999.0 -9999.0 -9999.0 -9999.0 -9999.0 -9999.0 -9999.0 -9999.0 -9999.0 -9999.0 -9999.0 -9999.0 -9999.0 -9999.0 -9999.0
-9999.0 -9999.0 -9999.0 -9999.0 -9999.0 -9999.0 -9999.0 -9999.0 -9999.0 -9999.0 -9999.0 -9999.0 -9999.0 -9999.0 -9999.0 -9999.0 -9999.0 -9999.0 -9999.0 -9999.0 3125.236211 3126.227816 3104.367603 3070.090719 3041.615969 3043.156081 3075.825161 3116.071247 3154.405758 3161.583209 3142.244400 3145.614828 3140.848690 3136.276983 3136.346428 3143.751630 3149.979064 3159.579426 3166.410224 3164.037840 3156.614697 3151.466473 3153.759384 3155.398877 3161.593872 3147.478734 3163.398339 3179.683867 3184.616204 3181.990375 3158.409475 3146.611033 3138.979880 3123.833025 3150.616078 3162.644144 3186.380108 3191.297914 3189.668925 3163.252745 3133.418172 -9999.0 -9999.0 -9999.0 -9999.0 -9999.0 -9999.0 -9999.0 -9999.0 -9999.0 -9999.0 -9999.0 -9999.0 -9999.0 -9999.0 -9999.0 -9999.0 -9999.0 -9999.0 -9999.0
-9999.0 -9999.0 -9999.0 -9999.0 -9999.0 -9999.0 -9999.0 -9999.0 -9999.0 -9999.0 -9999.0 -9999.0 -9999.0 -9999.0 3035.559578 3026.561586 3023.394088 3030.393939 3062.545189 3092.448721 3104.016662 3096.284852 3095.788196 3070.760362 3047.636459 3059.824595 3088.651511 3118.544833 3151.325408 3168.247030 3156.734955 3153.729285 3160.407818 3179.811776 3187.712151 3183.874174 3165.962806 3189.912064 3202.978356 3207.330382 3205.175934 3195.242874 3204.060828 3218.020346 3210.965941 3195.754104 3206.533672 3221.542208 3232.661829 3224.595134 3166.853471 3154.983671 3152.408199 3148.877585 3136.437730 3133.013048 3161.706732 3161.911991 3155.191986 3138.482817 3105.707242 3060.883262 3042.529080 3083.544298 3127.711814 3184.495749 -9999.0 -9999.0 -9999.0 -9999.0 -9999.0 -9999.0 -9999.0 -9999.0 -9999.0 -9999.0 -9999.0 -9999.0 -9999.0 -9999.0
-9999.0 -9999.0 -9999.0 -9999.0 -9999.0 -9999.0 -9999.0 -9999.0 -9999.0 2978.920179 2984.244085 2990.879491 2992.937982 3007.699318 3004.226945 3010.713213 3014.392914 3040.989479 3069.917249 3102.854350 3129.322964 3119.507638 3117.719314 3121.351423 3115.653865 3122.991441 3142.667278 3178.770920 3209.704026 3244.527406 3210.797359 3205.611844 3222.744895 3263.828808 3286.946856 3288.830197 3270.073368 3286.130919 3309.381945 3325.027088 3321.380115 3315.352416 3341.010813 3356.022599 3350.279340 3329.015186 3327.442054 3334.845192 3364.117000 3313.992390 3248.866467 3210.712607 3226.679246 3205.893903 3180.141439 3169.377993 3170.592493 3191.800221 3180.614411 3147.283081 3114.580022 3103.626428 3087.527253 3109.038670 3132.939790 3179.968394 3220.240373 3250.413010 3250.298815 3233.337196 -9999.0 -9999.0 -9999.0 -9999.0 -9999.0 -9999.0 -9999.0 -9999.0 -9999.0 -9999.0
-9999.0 -9999.0 -9999.0 -9999.0 -9999.0 -9999.0 2900.612762 2910.810705 2931.181283 2933.614252 2959.555372 2964.427086 2982.265145 2998.903091 3019.924585 3032.152758 3056.539777 3085.661007 3120.960242 3157.890089 3184.732455 3172.680295 3177.566459 3196.701941 3223.188304 3241.823501 3263.773615 3300.780521 3372.291198 3408.178042 3401.043186 3401.720851 3409.795476 3459.760944 3523.441212 3534.429020 3513.828001 3500.684609 3523.972930 3561.101194 3559.386184 3558.193504 3571.029381 3581.716304 3608.468099 3597.798149 3561.985420 3556.389569 3562.802292 3540.666755 3472.614104 3415.718990 3396.880687 3350.842520 3268.589365 3226.016549 3249.503050 3277.548342 3256.320094 3207.555163 3175.619130 3170.820852 3160.481812 3154.161111 3167.147685 3190.703026 3215.280137 3229.617926 3218.258241 3197.895163 3176.527334 3148.679817 3151.552473 3176.720111 -9999.0 -9999.0 -9999.0 -9999.0 -9999.0 -9999.0
-9999.0 -9999.0 -9999.0 -9999.0 2851.478375 2863.972560 2848.866593 2874.378459 2905.696524 2938.555716 2965.492947 2995.940809 3018.295649 3044.131500 3076.564346 3098.116748 3129.491242 3158.217245 3204.661766 3265.101557 3308.748341 3321.850189 3329.901665 3380.461579 3436.298482 3483.097508 3501.521628 3527.062910 3572.221539 3628.402780 3650.618938 3653.457040 3670.331273 3713.082975 3768.771753 3803.708292 3786.153396 3777.224040 3787.068435 3801.154619 3823.289681 3823.365056 3824.476644 3828.499733 3835.999696 3834.341981 3807.998716 3774.697101 3761.800667 3751.820127 3714.376952 3642.743477 3612.419972 3583.861377 3542.203300 3488.601900 3440.950554 3441.778537 3387.778118 3333.495468 3283.846064 3276.013790 3256.091425 3240.553038 3223.432319 3235.919603 3248.115907 3233.469655 3204.062964 3175.108336 3162.477137 3145.260981 3134.345454 3165.720425 3183.816955 3213.513562 -9999.0 -9999.0 -9999.0 -9999.0
-9999.0 -9999.0 2793.236330 2838.306733 2894.634301 2900.078842 2892.897435 2894.882188 2920.224886 2968.382026 3029.507027 3065.837864 3094.043531 3123.167896 3172.968683 3234.559633 3293.822176 3335.593425 3392.724771 3461.282975 3519.909721 3546.564962 3555.386166 3590.636851 3644.880428 3713.303453 3741.077277 3767.338489 3798.830867 3834.931571 3827.813797 3838.649870 3850.850951 3863.086294 3877.565972 3884.434424 3879.651988 3875.068543 3856.557138 3851.464853 3857.966477 3865.818442 3864.945776 3850.339382 3846.372475 3861.298525 3867.415115 3865.411389 3862.720926 3867.726356 3863.640189 3815.823295 3797.271662 3782.201654 3770.766944 3724.868198 3658.534935 3626.054365 3604.927816 3564.348958 3491.361075 3453.817661 3414.643259 3380.095258 3342.792580 3329.578685 3297.349804 3265.524274 3227.155008 3186.751719 3167.916255 3153.881097 3153.795159 3154.770149 3172.704421 3188.595473 3204.642295 3212.757523 -9999.0 -9999.0
-9999.0 2687.374061 2758.623425 2875.664911 2952.312517 2987.841399 2996.326998 2999.148955 3022.950628 3053.158610 3139.067055 3189.624614 3271.569974 3307.779769 3347.892525 3437.267785 3530.547214 3573.318596 3611.644774 3674.413945 3739.426479 3786.175385 3812.328695 3792.971743 3831.945065 3860.481441 3868.211054 3874.941408 3874.674564 3866.189873 3859.585409 3866.295187 3863.378848 3844.289732 3828.301609 3826.583033 3823.200843 3799.964648 3772.501911 3757.130052 3758.616146 3783.478010 3770.425359 3749.090399 3744.690550 3766.289177 3787.500977 3776.865414 3763.749484 3780.296820 3814.771807 3839.384209 3841.010367 3859.408071 3880.491615 3851.661840 3829.961463 3786.402777 3769.592928 3744.264345 3687.729776 3633.008692 3585.154717 3536.816465 3484.622107 3435.697486 3388.339575 3341.405508 3288.431675 3255.947988 3231.855706 3189.240483 3176.493123 3183.217061 3178.403331 3177.113422 3183.953718 3190.607231 -9999.0 -9999.0
-9999.0 2591.832923 2730.943005 2903.427322 3044.410982 3084.081035 3146.046549 3200.984917 3213.967655 3159.338529 3259.083640 3474.244243 3593.484405 3610.183055 3684.693542 3778.524015 3763.110399 3794.088205 3816.921357 3841.453817 3861.200296 3875.062597 3873.223378 3867.927383 3851.517896 3843.531334 3842.672615 3840.591508 3823.284031 3804.410093 3787.668837 3784.605508 3766.836216 3717.940796 3684.947364 3667.725461 3649.226412 3635.678678 3608.325190 3582.500879 3566.286675 3577.088087 3574.989766 3561.309792 3556.885779 3575.141766 3605.967995 3603.704654 3614.990467 3634.481565 3669.855539 3707.692968 3726.859408 3755.791685 3791.253969 3838.763538 3847.873753 3870.210796 3873.258283 3862.302957 3816.132308 3764.905967 3735.665518 3680.619995 3621.172760 3559.589404 3511.030477 3466.568891 3411.733343 3377.784608 3338.716856 3285.505059 3242.568659 3234.647601 3201.415152 3188.301432 -9999.0 -9999.0 -9999.0 -9999.0
-9999.0 2490.692497 2670.346625 2904.070230 3194.056379 3265.853222 3465.007161 3577.986114 3616.498009 3682.789853 3569.662084 3770.638790 3821.701726 3816.254544 3830.374843 3833.301581 3847.384856 3846.842749 3841.773795 3830.831196 3821.343872 3816.849796 3815.758850 3807.864980 3795.284804 3780.718280 3768.878383 3757.563415 3721.177802 3689.467062 3650.787536 3638.469387 3594.695582 3503.498078 3464.961358 3427.031223 3367.033620 3369.345378 3376.245156 3352.407614 3333.073026 3305.621428 3334.656726 3344.910565 3348.892173 3344.783248 3354.675113 3382.563619 3429.631290 3463.560744 3502.192283 3549.723136 3579.828051 3618.717596 3658.456517 3710.478736 3741.341917 3770.055491 3818.507428 3855.404610 3878.032644 3864.258338 3845.301732 3801.127209 3741.164575 3692.025168 3663.358080 3613.307218 3570.031691 3526.620288 3480.398846 3427.889785 3366.747739 3313.295325 3279.499119 -9999.0 -9999.0 -9999.0 -9999.0 -9999.0
-9999.0 2270.120183 2533.665767 2793.853069 3067.615071 3405.975442 3572.397976 3667.055806 3729.478039 3710.306810 3731.674832 3738.497851 3775.336825 3782.284145 3760.833542 3747.253223 3730.007672 3728.919048 3741.949170 3714.799842 3684.800271 3671.596016 3672.469851 3661.774880 3638.110759 3623.245712 3613.967602 3595.719879 3552.870244 3503.261879 3420.174369 3386.717902 3309.180428 3270.269577 3234.167827 3187.924482 3143.841721 3149.538899 3174.073133 3165.032105 3144.589115 3127.785947 3156.984399 3177.510710 3190.555968 3174.567790 3181.122425 3215.118355 3261.080813 3300.924910 3344.254810 3391.665979 3432.911432 3471.879883 3492.928636 3532.353217 3574.089878 3615.317970 3684.935473 3762.546606 3797.976344 3832.274698 3861.490177 3883.233975 3840.582825 3814.014447 3790.548804 3767.408008 3721.577122 3676.424734 3635.904968 3571.880311 3512.385304 -9999.0 -9999.0 -9999.0 -9999.0 -9999.0 -9999.0 -9999.0
-9999.0 2156.802928 2350.796026 2543.309436 2784.277756 3011.147746 3228.670079 3318.694989 3388.300967 3456.327995 3508.318694 3545.264503 3571.001366 3592.321314 3569.678791 3524.232179 3492.339827 3497.237873 3488.723062 3467.715006 3440.211316 3427.432280 3425.002273 3420.345720 3399.283465 3389.138884 3382.531935 3364.793390 3339.614103 3287.683236 3216.961754 3145.137391 3092.171080 3072.991257 3050.982402 3024.725949 2998.349780 3012.023096 3025.079668 3025.260708 3018.885075 3019.158875 3048.204317 3067.996065 3077.422251 3066.414812 3084.390825 3107.294711 3143.875655 3182.605914 3226.654180 3276.070619 3323.812787 3343.641796 3345.730523 3357.304362 3384.720675 3427.644117 3503.491906 3588.921302 3665.531148 3710.536285 3760.941847 3800.542419 3828.252421 3853.861285 3875.674751 3868.291491 3842.720554 3809.611184 3751.425046 -9999.0 -9999.0 -9999.0 -9999.0 -9999.0 -9999.0 -9999.0 -9999.0 -9999.0
-9999.0 -9999.0 2124.139562 2276.789917 2374.157054 2535.783680 2678.050585 2786.145749 2862.587831 2999.749635 3119.724041 3211.560746 3257.160957 3272.603065 3258.669182 3230.087557 3212.762842 3212.442016 3200.971588 3194.663719 3180.386403 3175.323818 3163.891586 3156.923205 3153.108540 3152.851394 3151.139472 3143.659800 3127.675859 3087.230122 3050.981371 3007.542337 2962.987868 2942.338820 2925.132806 2908.950883 2913.621517 2909.462606 2915.525511 2918.805699 2928.645341 2942.962565 2962.409076 2984.629018 2994.202146 3004.143647 3014.789929 3036.075749 3065.620369 3105.158875 3155.832202 3209.923907 3245.154700 3251.529748 3233.287737 3228.076929 3236.022006 3264.593585 3327.572110 3396.224177 3484.976099 3549.825339 3616.370286 3671.873329 3698.266736 3734.639038 3804.247296 3852.228509 3893.924555 3871.565419 -9999.0 -9999.0 -9999.0 -9999.0 -9999.0 -9999.0 -9999.0 -9999.0 -9999.0 -9999.0
-9999.0 -9999.0 -9999.0 -9999.0 2134.821613 2281.032976 2377.128698 2455.948364 2589.503311 2720.729369 2800.533860 2886.220111 2953.974357 2978.573944 2979.248941 2995.472876 2994.460171 2985.533089 2974.906888 2979.836871 2984.881532 2979.125351 2964.169409 2958.690527 2963.467001 2972.442783 2972.046419 2960.825795 2944.717335 2932.165821 2920.936802 2892.148162 2861.700731 2836.106111 2825.885054 2824.272978 2825.649209 2818.815762 2827.953654 2837.405403 2853.690756 2869.013291 2892.561382 2922.202605 2936.775110 2951.232884 2959.507404 2977.603773 3005.465069 3056.485566 3117.604676 3173.464284 3206.802325 3206.781353 3177.602613 3155.548809 3142.809376 3159.890039 3189.167728 3239.727367 3328.411325 3390.124772 3435.395541 3474.126797 3510.318288 3574.896199 3668.581427 3749.382971 -9999.0 -9999.0 -9999.0 -9999.0 -9999.0 -9999.0 -9999.0 -9999.0 -9999.0 -9999.0 -9999.0 -9999.0
-9999.0 -9999.0 -9999.0 -9999.0 -9999.0 -9999.0 2108.280960 2213.516899 2280.815217 2433.773153 2579.571444 2688.866522 2773.836211 2810.583541 2813.188631 2843.425639 2843.993652 2823.950019 2802.438292 2824.561950 2844.137402 2838.246078 2806.442563 2808.733196 2816.867140 2826.129011 2825.279885 2821.328772 2799.039617 2818.074542 2824.914352 2804.849714 2782.016931 2787.459341 2776.481959 2786.696637 2787.010881 2772.712444 2771.695380 2789.509970 2810.919969 2823.946750 2844.995703 2878.150707 2910.489301 2925.895588 2926.398223 2930.596900 2966.750807 3034.125727 3104.487100 3158.893100 3189.367669 3193.720488 3162.464791 3117.321440 3090.789643 3089.251113 3113.056423 3151.903524 3212.923294 3248.762559 3259.627723 3260.518886 3272.505760 3371.401285 -9999.0 -9999.0 -9999.0 -9999.0 -9999.0 -9999.0 -9999.0 -9999.0 -9999.0 -9999.0 -9999.0 -9999.0 -9999.0 -9999.0
-9999.0 -9999.0 -9999.0 -9999.0 -9999.0 -9999.0 -9999.0 -9999.0 -9999.0 -9999.0 -9999.0 -9999.0 -9999.0 -9999.0 -9999.0 -9999.0 -9999.0 -9999.0 -9999.0 -9999.0 -9999.0 -9999.0 -9999.0 -9999.0 -9999.0 -9999.0 -9999.0 -9999.0 -9999.0 -9999.0 -9999.0 -9999.0 -9999.0 -9999.0 -9999.0 -9999.0 -9999.0 -9999.0 -9999.0 -9999.0 -9999.0 -9999.0 -9999.0 -9999.0 -9999.0 -9999.0 -9999.0 -9999.0 -9999.0 -9999.0 -9999.0 -9999.0 -9999.0 -9999.0 -9999.0 -9999.0 -9999.0 -9999.0 -9999.0 -9999.0 -9999.0 -9999.0 -9999.0 -9999.0 -9999.0 -9999.0 -9999.0 -9999.0 -9999.0 -9999.0 -9999.0 -9999.0 -9999.0 -9999.0 -9999.0 -9999.0 -9999.0 -9999.0 -9999.0 -9999.0
-9999.0 -9999.0 -9999.0 -9999.0 -9999.0 -9999.0 -9999.0 -9999.0 -9999.0 -9999.0 -9999.0 -9999.0 -9999.0 -9999.0 -9999.0 -9999.0 -9999.0 -9999.0 -9999.0 -9999.0 -9999.0 -9999.0 -9999.0 -9999.0 -9999.0 -9999.0 -9999.0 -9999.0 -9999.0 -9999.0 -9999.0 -9999.0 -9999.0 -9999.0 -9999.0 -9999.0 -9999.0 -9999.0 -9999.0 -9999.0 -9999.0 -9999.0 -9999.0 -9999.0 -9999.0 -9999.0 -9999.0 -9999.0 -9999.0 -9999.0 -9999.0 -9999.0 -9999.0 -9999.0 -9999.0 -9999.0 -9999.0 -9999.0 -9999.0 -9999.0 -9999.0 -9999.0 -9999.0 -9999.0 -9999.0 -9999.0 -9999.0 -9999.0 -9999.0 -9999.0 -9999.0 -9999.0 -9999.0 -9999.0 -9999.0 -9999.0 -9999.0 -9999.0 -9999.0 -9999.0