Borden_/Borden1m_014/output_maps/psiliqL0006N0011.asc
ncols         80
nrows         18
xllcorner     620200.000000
yllcorner     5168000.000000
cellsize      1.000000
NODATA_value  -9999.0
-9999.0 -9999.0 -9999.0 -9999.0 -9999.0 -9999.0 -9999.0 -9999.0 -9999.0 -9999.0 -9999.0 -9999.0 -9999.0 -9999.0 -9999.0 -9999.0 -9999.0 -9999.0 -9999.0 -9999.0 -9999.0 -9999.0 -9999.0 -9999.0 -9999.0 -9999.0 -9999.0 -9999.0 -9999.0 -9999.0 -9999.0 -9999.0 -9999.0 -9999.0 -9999.0 -9999.0 -9999.0 -9999.0 -9999.0 -9999.0 -9999.0 -9999.0 -9999.0 -9999.0 -9999.0 -9999.0 -9999.0 -9999.0 -9999.0 -9999.0 -9999.0 -9999.0 -9999.0 -9999.0 -9999.0 -9999.0 -9999.0 -9999.0 -9999.0 -9999.0 -9999.0 -9999.0 -9999.0 -9999.0 -9999.0 -9999.0 -9999.0 -9999.0 -9999.0 -9999.0 -9999.0 -9999.0 -9999.0 -9999.0 -9999.0 -9999.0 -9999.0 -9999.0 -9999.0 -9999.0
-9999.0 -9999.0 -9999.0 -9999.0 -9999.0 -9999.0 -9999.0 -9999.0 -9999.0 -9999.0 -9999.0 -9999.0 -9999.0 -9999.0 -9999.0 -9999.0 -9999.0 -9999.0 -9999.0 -9999.0 -9999.0 -9999.0 -9999.0 -9999.0 -9999.0 -9999.0 -9999.0 -9999.0 -9999.0 -9999.0 -9999.0 -9999.0 -9999.0 -9999.0 -9999.0 -9999.0 -9999.0 -9999.0 -9999.0 -9999.0 -9999.0 -9999.0 -9999.0 -9999.0 -9999.0 -9999.0 -9999.0 -9999.0 -9999.0 -9999.0 -9999.0 -9999.0 -9999.0 -9999.0 -9999.0 -9999.0 -9999.0 -9999.0 -9999.0 -9999.0 -9999.0 -9999.0 -9999.0 -9999.0 -9999.0 -9999.0 -9999.0 -9999.0 -9999.0 -9999.0 -9999.0 -9999.0 -9999.0 -9999.0 -9999.0 -9999.0 -9999.0 -9999.0 -9999.0 -9999.0
-9999.0 -9999.0 -9999.0 -9999.0 -9999.0 -9999.0 -9999.0 -9999.0 -9999.0 -9999.0 -9999.0 -9999.0 -9999.0 -9999.0 -9999.0 -9999.0 -9999.0 -9999.0 -9999.0 -9999.0 -648.967215 -645.910446 -668.926387 -703.038302 -731.636775 -730.288324 -696.062058 -656.043674 -619.413157 -609.301716 -627.532960 -626.785411 -632.377589 -632.581443 -629.747548 -624.300480 -622.218936 -610.881796 -602.629250 -602.939860 -609.115498 -614.983248 -616.804597 -613.260790 -608.427185 -616.452407 -603.168174 -587.870354 -581.067136 -585.722678 -612.234539 -627.475561 -634.781999 -648.275879 -623.498594 -610.305227 -586.906984 -582.048910 -582.585002 -608.989279 -638.547398 -9999.0 -9999.0 -9999.0 -9999.0 -9999.0 -9999.0 -9999.0 -9999.0 -9999.0 -9999.0 -9999.0 -9999.0 -9999.0 -9999.0 -9999.0 -9999.0 -9999.0 -9999.0 -9999.0
-9999.0 -9999.0 -9999.0 -9999.0 -9999.0 -9999.0 -9999.0 -9999.0 -9999.0 -9999.0 -9999.0 -9999.0 -9999.0 -9999.0 -737.352920 -747.946620 -751.466204 -743.460557 -710.416509 -681.263704 -668.845447 -676.836274 -677.397644 -701.243652 -721.619120 -708.258018 -680.149883 -650.065587 -617.323991 -597.644477 -610.951427 -614.204798 -604.087774 -576.801954 -562.391821 -565.400258 -586.918170 -564.960053 -549.047114 -539.583244 -540.771366 -549.503453 -534.794924 -518.577980 -525.194883 -542.582969 -539.571348 -528.057553 -512.951826 -527.541262 -591.135968 -611.491800 -613.303129 -618.799199 -630.809281 -636.658859 -611.630730 -609.740162 -617.148865 -634.152625 -665.328941 -708.539149 -725.561822 -687.026637 -642.208251 -583.876029 -9999.0 -9999.0 -9999.0 -9999.0 -9999.0 -9999.0 -9999.0 -9999.0 -9999.0 -9999.0 -9999.0 -9999.0 -9999.0 -9999.0
-9999.0 -9999.0 -9999.0 -9999.0 -9999.0 -9999.0 -9999.0 -9999.0 -9999.0 -792.547847 -789.570719 -783.004087 -781.892150 -766.872755 -768.832961 -762.553646 -755.013863 -730.155942 -700.177226 -666.204458 -638.241997 -649.107478 -649.584299 -637.791801 -630.921202 -618.892945 -599.625388 -560.840076 -519.980303 -479.311931 -508.094034 -510.575371 -491.771758 -440.314353 -395.195245 -383.006135 -403.496445 -401.617621 -373.347307 -344.492911 -345.484668 -347.584161 -321.354781 -306.873230 -298.866472 -318.925783 -339.287479 -342.510427 -314.540556 -372.040576 -442.634316 -499.327561 -497.859099 -528.149934 -568.690034 -590.654946 -592.935241 -569.768936 -583.886376 -619.973813 -655.247889 -663.334636 -678.769842 -662.179863 -638.855514 -591.226873 -552.399237 -523.129245 -521.925461 -538.591755 -9999.0 -9999.0 -9999.0 -9999.0 -9999.0 -9999.0 -9999.0 -9999.0 -9999.0 -9999.0
-9999.0 -9999.0 -9999.0 -9999.0 -9999.0 -9999.0 -870.034636 -861.881924 -842.915121 -837.550770 -814.284812 -807.309082 -787.599168 -769.050709 -749.820836 -733.670176 -703.742085 -672.759464 -632.698427 -590.023981 -559.032370 -563.981869 -555.078914 -521.699381 -477.962230 -443.345674 -417.561236 -375.988242 -290.670285 -238.632226 -219.077367 -210.067774 -186.346607 -7.702241 183.143973 204.696721 198.171629 191.903985 199.018916 212.406011 212.634767 211.372125 213.694589 215.913852 227.869076 225.965388 211.298257 207.620891 206.920591 199.576573 121.547221 -179.167221 -253.172779 -309.190617 -395.822138 -460.371006 -465.190634 -449.470951 -479.354326 -530.959871 -572.100692 -581.350136 -594.491764 -607.684912 -601.511024 -581.136029 -556.548850 -544.067868 -555.194830 -574.548744 -596.819113 -624.785366 -622.601902 -596.756109 -9999.0 -9999.0 -9999.0 -9999.0 -9999.0 -9999.0
-9999.0 -9999.0 -9999.0 -9999.0 -919.068196 -907.253061 -918.970012 -896.513138 -865.540412 -833.561375 -802.030375 -765.747361 -740.006206 -711.822159 -671.384360 -634.199815 -592.396152 -559.801047 -506.651868 -437.478586 -379.636530 -348.184326 -332.154797 -261.070356 -145.383466 132.911102 186.567776 198.573524 210.386207 232.025405 240.838953 242.429215 251.586953 275.823676 305.696244 322.035361 315.819851 314.778314 315.777341 317.084380 326.234586 324.852158 324.847293 324.515428 324.942058 327.126350 320.834478 309.693522 306.594205 304.053996 291.298755 243.886986 225.066405 215.721776 204.862862 147.844040 -138.263914 -203.814786 -278.986764 -341.085137 -416.420940 -443.944641 -475.025110 -499.220858 -528.137735 -525.879226 -521.351268 -539.124381 -567.516623 -597.856565 -611.591117 -629.185173 -638.293128 -607.932738 -589.722817 -558.177590 -9999.0 -9999.0 -9999.0 -9999.0
-9999.0 -9999.0 -976.059607 -926.130195 -871.342215 -863.458415 -861.356281 -857.433286 -832.038461 -783.313086 -706.073166 -655.052627 -611.649537 -583.875979 -526.526815 -441.959908 -361.397817 -309.008313 -237.052352 -81.843105 155.114401 200.717976 207.138694 221.229825 246.989068 289.212192 302.375131 310.279057 317.391223 325.818183 345.441527 359.651424 364.408617 361.460551 361.076405 359.654197 358.605902 357.443588 342.482605 340.339541 345.908638 347.136165 350.683252 339.321063 335.477575 347.257248 350.358201 352.923952 356.201409 364.126228 372.056143 343.238999 313.891630 311.163710 311.178572 291.392659 249.112165 228.954593 223.406123 206.674610 123.052471 -164.356366 -259.267790 -324.035771 -383.796598 -415.530025 -459.255035 -496.524229 -538.352427 -580.737258 -602.177542 -619.148821 -620.086571 -618.262190 -601.495590 -585.157117 -569.248490 -561.176982 -9999.0 -9999.0
-9999.0 -1072.989584 -1000.615889 -873.330952 -795.939577 -752.340569 -711.802512 -683.269275 -661.744513 -651.107153 -546.632605 -436.512986 -344.283118 -315.323263 -251.325241 59.433610 192.583138 215.296943 229.531617 257.196821 294.122658 313.534112 322.056656 344.044949 367.356822 365.660903 363.242186 362.133675 353.300728 344.616788 334.498354 342.167655 341.210086 328.182687 319.520145 319.308790 319.228494 312.363102 304.152907 300.872872 303.113461 312.694643 308.268514 300.514457 298.916697 306.456147 312.421370 308.675990 303.128276 309.448667 322.198855 329.154199 344.671881 357.705251 376.089989 353.562473 326.058161 311.414265 307.905476 300.552164 278.115060 237.518014 211.405180 145.580619 -134.448448 -265.775424 -340.403383 -396.630021 -456.723406 -491.727544 -519.659604 -569.239486 -590.880855 -587.678583 -595.876689 -597.474179 -590.116080 -583.367079 -9999.0 -9999.0
-9999.0 -1141.266229 -997.900563 -812.618486 -668.644486 -609.934242 -492.761024 -406.104795 -380.715431 -404.649949 -284.593807 155.335342 223.593245 225.548749 254.065589 302.703644 327.832733 349.634809 363.692562 357.082133 352.221097 354.501295 349.109387 340.667885 328.309644 323.828079 325.307598 326.423815 321.625704 315.234584 307.161506 307.249434 302.316537 284.837304 257.145989 244.922832 239.320404 233.553420 222.125715 213.692440 208.779939 218.587787 214.402482 207.148599 205.048885 213.588758 226.913511 222.276749 224.456508 234.816723 259.257830 285.856683 294.522612 303.390969 314.602259 330.310474 345.262750 365.274346 370.235556 348.475721 324.072729 305.659614 298.097493 275.549950 231.739656 171.693445 -38.098978 -192.520844 -283.639359 -339.843408 -391.836764 -448.284404 -503.457711 -527.867958 -565.238494 -585.571832 -9999.0 -9999.0 -9999.0 -9999.0
-9999.0 -1202.104249 -1009.845105 -743.368854 -495.490228 -363.171697 97.756495 207.060757 229.583388 254.866865 268.110570 347.158682 359.088744 344.796316 322.162258 320.639780 326.773715 328.466183 323.999472 319.073757 315.769922 314.802344 314.555204 312.492973 309.533646 305.867637 303.373366 302.489121 291.087737 275.761419 242.310232 234.096659 218.758266 138.908397 -79.575719 -173.783898 -253.376083 -262.221110 -276.626212 -310.353392 -329.967885 -344.033805 -325.981064 -329.065304 -329.920612 -319.975411 -296.240305 -278.027872 -228.747455 -169.016329 -19.383544 175.802015 209.373775 228.738659 251.680481 287.197236 299.432156 308.570846 324.783261 347.983486 367.128135 360.417073 335.530203 320.904373 297.719285 276.360240 251.861693 220.289185 194.349022 120.513733 -154.808352 -268.923977 -353.506320 -439.368791 -477.993448 -9999.0 -9999.0 -9999.0 -9999.0 -9999.0
-9999.0 -1347.476397 -1079.840810 -782.061930 -449.700601 79.825515 200.920941 272.842822 325.921093 290.484132 284.769542 292.911460 307.525323 307.963909 299.715272 299.752486 296.809036 295.571356 298.678807 274.914518 252.578750 244.908178 245.408169 241.062420 232.206774 226.959262 224.310505 219.424167 197.721766 125.764956 -198.837592 -240.352705 -324.239000 -399.137622 -447.823812 -493.570096 -542.887653 -544.171347 -529.041467 -545.395714 -566.665339 -584.933011 -560.656601 -546.611222 -536.643490 -546.095073 -538.213880 -505.890255 -460.321552 -421.032492 -372.905507 -312.042187 -258.053561 -181.334162 -78.532979 157.015856 209.299351 231.150170 277.329212 307.675207 315.997227 328.195643 358.270061 376.219893 339.989946 317.490479 305.225413 293.442104 271.625107 254.469881 222.618218 164.379491 -104.428089 -9999.0 -9999.0 -9999.0 -9999.0 -9999.0 -9999.0 -9999.0
-9999.0 -1484.170177 -1247.232071 -992.772277 -692.005295 -466.659393 -302.046927 -109.263133 154.808915 181.413865 192.532893 202.713410 212.823480 221.716904 212.756569 199.119810 188.179402 188.448102 168.626151 13.222869 -134.416014 -174.857463 -176.958734 -189.981951 -230.822926 -252.118155 -265.310504 -291.903859 -334.615259 -394.933530 -477.078864 -539.567450 -597.618603 -631.987419 -660.871269 -692.801181 -731.396658 -720.557877 -705.443402 -710.280613 -723.080317 -728.136003 -699.009355 -681.417670 -671.806915 -685.695147 -668.282526 -642.476867 -602.504074 -563.765014 -519.880076 -470.293653 -421.798973 -393.970883 -378.308597 -342.840122 -292.415825 -207.286336 122.325340 216.385919 255.586272 285.313887 305.318639 317.228956 323.477206 341.845531 341.214521 308.526950 275.036068 283.567793 283.411135 -9999.0 -9999.0 -9999.0 -9999.0 -9999.0 -9999.0 -9999.0 -9999.0 -9999.0
-9999.0 -9999.0 -1485.292646 -1289.601729 -1121.618787 -936.404266 -792.461468 -695.157589 -631.115136 -554.560513 -472.045159 -399.642344 -359.098700 -342.797152 -364.022358 -410.123897 -440.163946 -440.223404 -449.227288 -464.918032 -489.697859 -498.321355 -506.215427 -512.917566 -526.113819 -533.188152 -537.761558 -547.642087 -568.844912 -613.523033 -665.464586 -716.047289 -769.301369 -793.358429 -814.754075 -837.357141 -841.467020 -842.400693 -835.204550 -834.169019 -829.510976 -818.338540 -797.708627 -777.043354 -768.088809 -761.996293 -749.898477 -727.036029 -694.953756 -655.918290 -606.144948 -553.681628 -518.773711 -509.357652 -520.416060 -516.087874 -496.051832 -454.515698 -366.193384 -260.204706 -69.287715 167.288645 227.504948 257.879499 280.183072 291.626588 304.204009 287.449092 183.562370 256.921151 -9999.0 -9999.0 -9999.0 -9999.0 -9999.0 -9999.0 -9999.0 -9999.0 -9999.0 -9999.0
-9999.0 -9999.0 -9999.0 -9999.0 -1432.371981 -1274.130407 -1181.979875 -1101.192498 -986.128223 -885.269162 -799.726046 -729.708330 -682.866334 -661.694244 -675.116856 -683.834439 -692.786094 -695.309940 -703.013797 -709.457094 -715.880830 -723.152555 -732.804325 -739.945798 -740.902765 -737.729106 -739.278196 -751.486710 -765.932089 -793.758149 -818.253053 -853.015018 -889.805848 -918.477364 -931.197416 -938.420294 -937.958642 -942.898611 -933.167377 -927.296533 -912.745903 -897.424610 -873.588756 -845.871748 -833.971920 -820.240103 -810.792199 -790.280968 -761.193271 -709.958304 -649.760354 -596.433906 -565.404953 -564.111583 -592.400367 -610.205521 -615.486709 -590.606212 -547.274506 -482.594130 -384.435329 -302.180554 -212.036882 -79.159150 149.910468 210.877844 262.699713 280.212390 -9999.0 -9999.0 -9999.0 -9999.0 -9999.0 -9999.0 -9999.0 -9999.0 -9999.0 -9999.0 -9999.0 -9999.0
-9999.0 -9999.0 -9999.0 -9999.0 -9999.0 -9999.0 -1492.475604 -1399.654752 -1309.804156 -1195.066870 -1090.014647 -1003.704572 -933.809911 -912.123220 -898.175358 -877.786988 -883.111163 -899.063838 -914.239278 -898.683008 -890.629815 -894.852303 -920.677264 -922.325394 -919.302052 -909.715514 -910.469163 -916.191767 -940.337110 -933.409759 -935.477477 -958.019915 -983.674084 -998.043337 -1009.357147 -999.340385 -998.309283 -1010.338179 -1007.299728 -981.755291 -962.470287 -949.062777 -926.520680 -893.756927 -862.273546 -848.595442 -847.967323 -841.991863 -800.630588 -731.646386 -663.523965 -612.609148 -584.270782 -578.934822 -609.347976 -652.191726 -676.081114 -672.385969 -641.862865 -593.576735 -523.274736 -479.564688 -451.018543 -428.860016 -396.855499 -286.553994 -9999.0 -9999.0 -9999.0 -9999.0 -9999.0 -9999.0 -9999.0 -9999.0 -9999.0 -9999.0 -9999.0 -9999.0 -9999.0 -9999.0
-9999.0 -9999.0 -9999.0 -9999.0 -9999.0 -9999.0 -9999.0 -9999.0 -9999.0 -9999.0 -9999.0 -9999.0 -9999.0 -9999.0 -9999.0 -9999.0 -9999.0 -9999.0 -9999.0 -9999.0 -9999.0 -9999.0 -9999.0 -9999.0 -9999.0 -9999.0 -9999.0 -9999.0 -9999.0 -9999.0 -9999.0 -9999.0 -9999.0 -9999.0 -9999.0 -9999.0 -9999.0 -9999.0 -9999.0 -9999.0 -9999.0 -9999.0 -9999.0 -9999.0 -9999.0 -9999.0 -9999.0 -9999.0 -9999.0 -9999.0 -9999.0 -9999.0 -9999.0 -9999.0 -9999.0 -9999.0 -9999.0 -9999.0 -9999.0 -9999.0 -9999.0 -9999.0 -9999.0 -9999.0 -9999.0 -9999.0 -9999.0 -9999.0 -9999.0 -9999.0 -9999.0 -9999.0 -9999.0 -9999.0 -9999.0 -9999.0 -9999.0 -9999.0 -9999.0 -9999.0
-9999.0 -9999.0 -9999.0 -9999.0 -9999.0 -9999.0 -9999.0 -9999.0 -9999.0 -9999.0 -9999.0 -9999.0 -9999.0 -9999.0 -9999.0 -9999.0 -9999.0 -9999.0 -9999.0 -9999.0 -9999.0 -9999.0 -9999.0 -9999.0 -9999.0 -9999.0 -9999.0 -9999.0 -9999.0 -9999.0 -9999.0 -9999.0 -9999.0 -9999.0 -9999.0 -9999.0 -9999.0 -9999.0 -9999.0 -9999.0 -9999.0 -9999.0 -9999.0 -9999.0 -9999.0 -9999.0 -9999.0 -9999.0 -9999.0 -9999.0 -9999.0 -9999.0 -9999.0 -9999.0 -9999.0 -9999.0 -9999.0 -9999.0 -9999.0 -9999.0 -9999.0 -9999.0 -9999.0 -9999.0 -9999.0 -9999.0 -9999.0 -9999.0 -9999.0 -9999.0 -9999.0 -9999.0 -9999.0 -9999.0 -9999.0 -9999.0 -9999.0 -9999.0 -9999.0 -9999.0