Borden_/Borden1m_014/output_maps/psiliqL0025N0031.asc
ncols         80
nrows         18
xllcorner     620200.000000
yllcorner     5168000.000000
cellsize      1.000000
NODATA_value  -9999.0
-9999.0 -9999.0 -9999.0 -9999.0 -9999.0 -9999.0 -9999.0 -9999.0 -9999.0 -9999.0 -9999.0 -9999.0 -9999.0 -9999.0 -9999.0 -9999.0 -9999.0 -9999.0 -9999.0 -9999.0 -9999.0 -9999.0 -9999.0 -9999.0 -9999.0 -9999.0 -9999.0 -9999.0 -9999.0 -9999.0 -9999.0 -9999.0 -9999.0 -9999.0 -9999.0 -9999.0 -9999.0 -9999.0 -9999.0 -9999.0 -9999.0 -9999.0 -9999.0 -9999.0 -9999.0 -9999.0 -9999.0 -9999.0 -9999.0 -9999.0 -9999.0 -9999.0 -9999.0 -9999.0 -9999.0 -9999.0 -9999.0 -9999.0 -9999.0 -9999.0 -9999.0 -9999.0 -9999.0 -9999.0 -9999.0 -9999.0 -9999.0 -9999.0 -9999.0 -9999.0 -9999.0 -9999.0 -9999.0 -9999.0 -9999.0 -9999.0 -9999.0 -9999.0 -9999.0 -9999.0
-9999.0 -9999.0 -9999.0 -9999.0 -9999.0 -9999.0 -9999.0 -9999.0 -9999.0 -9999.0 -9999.0 -9999.0 -9999.0 -9999.0 -9999.0 -9999.0 -9999.0 -9999.0 -9999.0 -9999.0 -9999.0 -9999.0 -9999.0 -9999.0 -9999.0 -9999.0 -9999.0 -9999.0 -9999.0 -9999.0 -9999.0 -9999.0 -9999.0 -9999.0 -9999.0 -9999.0 -9999.0 -9999.0 -9999.0 -9999.0 -9999.0 -9999.0 -9999.0 -9999.0 -9999.0 -9999.0 -9999.0 -9999.0 -9999.0 -9999.0 -9999.0 -9999.0 -9999.0 -9999.0 -9999.0 -9999.0 -9999.0 -9999.0 -9999.0 -9999.0 -9999.0 -9999.0 -9999.0 -9999.0 -9999.0 -9999.0 -9999.0 -9999.0 -9999.0 -9999.0 -9999.0 -9999.0 -9999.0 -9999.0 -9999.0 -9999.0 -9999.0 -9999.0 -9999.0 -9999.0
-9999.0 -9999.0 -9999.0 -9999.0 -9999.0 -9999.0 -9999.0 -9999.0 -9999.0 -9999.0 -9999.0 -9999.0 -9999.0 -9999.0 -9999.0 -9999.0 -9999.0 -9999.0 -9999.0 -9999.0 3126.276763 3127.307918 3105.509108 3071.310385 3042.927183 3044.567394 3077.337880 3117.678108 3156.109657 3163.386311 3144.147482 3147.619724 3142.954265 3138.439427 3138.602996 3146.097065 3152.446202 3162.050261 3168.925700 3166.597014 3159.210658 3154.089544 3156.398882 3158.045789 3164.236730 3150.104999 3165.979199 3179.984112 3184.877481 3182.263345 3160.629281 3148.707603 3140.924486 3125.634606 3152.287374 3164.194279 3186.560059 3191.445371 3189.816324 3164.360094 3134.494988 -9999.0 -9999.0 -9999.0 -9999.0 -9999.0 -9999.0 -9999.0 -9999.0 -9999.0 -9999.0 -9999.0 -9999.0 -9999.0 -9999.0 -9999.0 -9999.0 -9999.0 -9999.0 -9999.0
-9999.0 -9999.0 -9999.0 -9999.0 -9999.0 -9999.0 -9999.0 -9999.0 -9999.0 -9999.0 -9999.0 -9999.0 -9999.0 -9999.0 3036.395171 3027.448014 3024.358984 3031.449803 3063.690688 3093.664751 3105.243814 3097.577797 3097.157395 3072.225431 3049.214169 3061.524030 3090.467710 3120.412353 3153.291210 3170.321434 3158.920087 3156.028449 3162.803246 3180.138127 3188.027169 3184.232228 3168.761946 3190.287314 3203.329516 3207.687962 3205.538880 3195.609402 3204.428405 3218.389014 3211.334477 3196.120988 3206.897748 3221.870734 3232.979226 3224.924888 3169.405091 3157.386240 3154.636599 3150.949676 3138.368015 3134.866243 3163.430743 3163.440785 3156.593379 3139.817371 3106.972153 3062.112993 3043.668312 3084.580574 3128.650941 3184.590292 -9999.0 -9999.0 -9999.0 -9999.0 -9999.0 -9999.0 -9999.0 -9999.0 -9999.0 -9999.0 -9999.0 -9999.0 -9999.0 -9999.0
-9999.0 -9999.0 -9999.0 -9999.0 -9999.0 -9999.0 -9999.0 -9999.0 -9999.0 2983.286002 2985.054471 2991.718810 2993.798036 3008.638404 3005.209162 3011.778342 3015.564899 3042.279151 3071.321618 3104.370356 3130.889274 3121.245290 3119.508761 3123.261354 3117.713444 3125.211598 3145.021124 3179.096833 3210.008112 3244.846496 3211.132057 3205.962942 3223.114328 3264.191582 3287.326752 3289.222490 3270.504701 3286.539749 3309.798307 3325.451017 3321.810062 3315.785563 3341.438273 3356.450581 3350.707603 3329.442777 3327.873920 3335.270518 3364.530703 3314.386919 3249.263302 3211.080894 3227.021103 3206.223154 3180.475815 3171.749935 3172.816863 3192.065703 3180.853261 3148.991559 3116.237675 3105.158233 3088.915431 3110.284293 3134.054555 3180.078654 3220.328794 3250.489535 3250.364493 3233.395645 -9999.0 -9999.0 -9999.0 -9999.0 -9999.0 -9999.0 -9999.0 -9999.0 -9999.0 -9999.0
-9999.0 -9999.0 -9999.0 -9999.0 -9999.0 -9999.0 2904.372530 2914.942401 2935.802375 2938.627890 2965.106280 2970.379961 2983.394570 3000.090441 3021.227678 3033.596241 3058.143452 3087.427549 3122.825750 3159.904582 3185.044265 3175.060648 3177.899262 3197.018442 3223.530034 3242.193135 3264.170049 3301.170435 3372.333666 3408.217929 3401.084739 3401.764059 3409.840526 3459.807973 3523.490108 3534.478487 3513.878390 3500.735537 3524.024740 3561.153921 3559.439686 3558.247212 3571.038873 3581.725269 3608.477079 3597.807653 3562.039291 3556.442989 3562.855080 3540.717454 3472.662059 3415.763744 3396.927079 3351.252181 3268.986548 3226.412332 3249.869267 3277.862935 3256.609457 3207.874588 3177.851602 3172.866176 3162.311619 3155.785672 3168.588867 3190.850875 3215.392894 3229.712638 3218.337220 3197.976476 3177.101921 3149.172028 3151.963851 3177.077410 -9999.0 -9999.0 -9999.0 -9999.0 -9999.0 -9999.0
-9999.0 -9999.0 -9999.0 -9999.0 2854.597674 2867.537292 2852.988043 2879.174963 2911.255503 2944.889462 2972.385939 2997.384054 3019.780441 3045.796592 3078.353202 3100.104921 3131.704336 3160.626013 3204.998617 3265.444940 3309.101625 3322.256692 3330.305307 3380.506448 3436.341934 3483.144236 3501.571432 3527.114685 3572.226105 3628.406897 3650.623180 3653.461384 3670.335717 3713.087542 3768.776382 3803.709216 3786.154273 3777.224931 3787.069342 3801.155545 3823.290618 3823.366000 3824.476999 3828.500086 3836.000042 3834.342341 3807.999662 3774.698098 3761.805528 3751.824906 3714.381546 3642.747868 3612.424228 3583.870686 3542.255303 3488.651403 3440.996590 3441.821075 3387.821928 3333.885846 3284.229406 3276.357659 3256.395704 3240.820694 3223.673746 3236.112389 3248.276899 3233.602616 3204.180032 3175.938154 3163.190879 3145.845879 3134.819282 3166.103100 3183.852901 3213.536582 -9999.0 -9999.0 -9999.0 -9999.0
-9999.0 -9999.0 2795.471649 2840.897107 2897.894409 2904.104406 2897.871221 2900.899786 2927.376276 2976.637851 3031.314789 3067.661581 3096.109715 3125.462118 3173.307531 3234.897596 3294.196785 3335.993975 3392.768942 3461.326618 3519.956918 3546.614873 3555.438348 3590.641580 3644.884783 3713.308050 3741.082077 3767.343422 3798.831251 3834.931902 3827.814128 3838.650214 3850.851293 3863.086636 3877.566317 3884.434710 3879.652283 3875.068838 3856.557488 3851.465196 3857.966834 3865.818727 3864.946120 3850.339730 3846.372819 3861.298876 3867.415413 3865.411688 3862.721333 3867.726698 3863.640528 3815.823628 3797.271991 3782.202064 3770.771845 3724.872966 3658.539474 3626.058682 3604.932613 3564.401037 3491.409560 3453.861415 3414.682183 3380.134089 3343.110429 3329.853140 3297.577869 3265.717409 3227.311125 3186.894823 3168.829418 3154.630562 3154.404120 3155.222220 3173.057069 3188.626409 3204.659610 3212.771416 -9999.0 -9999.0
-9999.0 2692.226274 2763.836601 2878.553820 2955.969934 2988.758963 2997.495689 3000.584871 3024.700739 3055.296608 3141.342476 3189.963332 3271.920597 3308.170986 3348.293013 3437.314305 3530.592937 3573.327248 3611.648851 3674.418255 3739.431016 3786.176322 3812.329624 3792.972080 3831.945399 3860.481794 3868.211415 3874.941774 3874.674877 3866.190178 3859.585719 3866.295495 3863.379199 3844.290086 3828.301953 3826.583372 3823.201172 3799.965025 3772.506380 3757.134553 3758.621165 3783.478471 3770.429756 3749.095417 3744.695600 3766.293635 3787.501384 3776.865798 3763.754040 3780.297211 3814.772146 3839.384559 3841.010718 3859.408429 3880.491968 3851.662187 3829.961807 3786.403169 3769.597469 3744.269351 3687.734504 3633.013187 3585.159319 3536.860976 3484.665080 3435.735172 3388.373658 3341.669204 3288.648400 3256.121834 3232.008789 3189.369402 3177.297377 3183.294698 3178.812556 3177.420797 3183.975526 3190.621544 -9999.0 -9999.0
-9999.0 2596.858030 2736.401798 2906.581932 3045.214248 3085.166927 3147.498333 3201.229463 3214.279147 3162.051281 3259.491798 3474.287613 3593.492033 3610.191067 3684.702047 3778.524862 3763.111205 3794.088539 3816.921668 3841.454140 3861.200634 3875.062895 3873.223681 3867.927681 3851.518202 3843.531645 3842.672986 3840.591872 3823.284400 3804.410455 3787.669185 3784.605903 3766.840658 3717.945624 3684.951972 3667.729880 3649.230859 3635.683017 3608.329427 3582.510406 3566.340695 3577.097245 3574.999034 3561.363649 3556.939978 3575.151150 3605.976779 3603.708863 3614.994856 3634.486026 3669.860202 3707.697830 3726.863893 3755.796285 3791.254369 3838.763895 3847.874114 3870.211166 3873.258652 3862.303323 3816.132721 3764.910682 3735.670043 3680.624690 3621.177604 3559.634828 3511.069294 3466.603172 3411.761199 3377.809098 3338.910535 3285.661957 3242.698567 3234.730416 3201.475618 3188.342743 -9999.0 -9999.0 -9999.0 -9999.0
-9999.0 2496.009558 2676.134495 2907.454851 3194.207184 3266.007528 3465.044438 3577.991098 3616.504022 3682.825657 3569.669772 3770.639609 3821.702021 3816.254854 3830.375218 3833.301894 3847.385175 3846.843066 3841.774126 3830.831532 3821.344209 3816.850132 3815.759187 3807.865322 3795.285150 3780.718674 3768.882989 3757.568000 3721.182773 3689.471805 3650.792001 3638.473822 3594.704781 3503.547849 3465.008134 3427.075282 3367.103565 3369.412677 3376.289016 3352.830640 3333.501766 3306.036377 3335.072275 3345.313949 3349.299786 3345.186784 3355.082784 3382.608599 3429.673775 3463.605820 3502.240698 3549.770345 3579.832738 3618.722020 3658.461144 3710.483657 3741.346482 3770.060224 3818.507846 3855.404978 3878.032960 3864.258713 3845.302099 3801.127609 3741.169044 3692.029743 3663.361958 3613.310701 3570.061812 3526.645989 3480.422812 3427.910705 3366.909070 3313.400657 3279.573563 -9999.0 -9999.0 -9999.0 -9999.0 -9999.0
-9999.0 2275.732999 2539.813678 2797.589564 3068.546301 3406.015519 3572.404496 3667.063383 3729.481722 3710.310419 3731.678636 3738.501710 3775.337163 3782.284491 3760.837494 3747.257754 3730.012192 3728.923563 3741.953670 3714.804309 3684.804709 3671.600420 3672.474417 3661.779400 3638.115219 3623.250107 3613.972051 3595.729183 3552.921314 3503.309850 3420.218746 3386.790625 3309.592498 3270.662633 3234.530928 3188.288240 3146.448001 3152.038363 3174.417462 3167.469119 3147.020716 3130.189544 3159.376421 3177.832724 3190.855736 3174.871317 3181.433408 3215.430479 3261.412299 3301.261385 3344.617076 3391.707772 3432.951359 3471.923704 3492.976702 3532.405136 3574.094728 3615.322598 3684.940392 3762.551194 3797.976756 3832.275063 3861.490552 3883.234290 3840.583179 3814.014776 3790.549102 3767.410659 3721.579342 3676.426733 3635.906977 3571.882240 3512.405781 -9999.0 -9999.0 -9999.0 -9999.0 -9999.0 -9999.0 -9999.0
-9999.0 2162.647373 2357.415893 2551.131028 2789.636745 3012.661483 3229.203946 3319.347886 3388.475126 3456.391613 3508.387264 3545.308330 3571.010018 3592.328946 3569.687196 3524.280847 3492.388311 3497.285672 3488.770038 3467.760980 3440.256157 3427.476441 3425.077016 3420.418990 3399.354957 3389.208418 3382.603641 3365.207479 3340.017185 3288.056889 3217.329484 3147.693032 3094.707252 3075.341582 3053.149061 3026.737247 3000.308703 3013.885245 3026.807477 3027.028711 3020.638426 3020.898422 3049.938393 3069.596756 3079.041443 3068.073342 3086.111982 3109.104187 3145.794505 3182.876418 3226.927860 3276.342414 3324.112816 3343.975483 3346.101365 3357.709084 3384.767134 3427.691259 3503.544049 3588.926291 3665.535900 3710.541406 3760.946549 3800.542826 3828.252765 3853.861598 3875.674953 3868.291620 3842.720553 3809.611230 3751.426771 -9999.0 -9999.0 -9999.0 -9999.0 -9999.0 -9999.0 -9999.0 -9999.0 -9999.0
-9999.0 -9999.0 2131.317390 2285.114002 2384.468021 2548.122416 2692.786739 2802.889352 2874.891100 3002.627035 3122.451988 3212.071740 3257.667563 3272.983213 3259.055851 3230.486007 3213.159924 3212.833330 3201.354603 3195.036394 3180.747623 3175.705915 3166.882778 3159.847965 3155.942547 3155.592121 3153.787508 3146.251471 3130.134893 3089.510583 3053.073262 3009.628931 2973.311481 2951.980070 2934.059301 2917.261022 2921.450582 2916.890358 2922.639693 2925.763389 2935.506021 2949.777520 2969.195930 2985.868452 2995.391261 3005.369293 3016.070475 3037.432402 3067.011094 3106.615795 3157.411595 3210.146577 3245.369564 3251.771036 3233.579124 3228.402348 3236.375739 3264.995349 3327.992478 3396.274256 3485.027664 3549.876945 3616.375532 3671.878145 3698.271626 3734.643012 3804.247560 3852.228558 3893.924277 3871.565246 -9999.0 -9999.0 -9999.0 -9999.0 -9999.0 -9999.0 -9999.0 -9999.0 -9999.0 -9999.0
-9999.0 -9999.0 -9999.0 -9999.0 2145.787261 2293.267504 2390.988433 2471.365476 2606.116569 2738.225720 2813.018282 2899.246832 2967.715175 2981.609695 2981.835966 2998.103780 2997.095816 2988.141692 2977.467261 2982.334843 2987.308977 2981.629543 2977.808955 2972.042078 2976.392223 2984.906553 2984.014044 2972.257885 2955.495522 2942.192117 2930.186255 2900.691868 2869.801980 2843.795855 2833.000109 2830.890970 2831.861615 2824.704313 2833.601626 2842.752402 2858.951409 2874.236983 2897.777008 2927.300073 2941.973181 2956.623241 2965.174516 2983.583335 3006.599485 3057.593231 3118.822311 3174.752430 3206.970765 3206.977083 3179.488367 3157.661941 3145.190293 3162.561458 3189.565468 3240.143046 3328.844660 3390.177102 3435.447316 3474.183000 3510.376760 3574.901105 3668.584700 3749.385462 -9999.0 -9999.0 -9999.0 -9999.0 -9999.0 -9999.0 -9999.0 -9999.0 -9999.0 -9999.0 -9999.0 -9999.0
-9999.0 -9999.0 -9999.0 -9999.0 -9999.0 -9999.0 2122.204649 2228.280685 2296.632440 2450.561334 2597.052482 2706.893327 2792.390788 2829.758234 2826.371914 2856.488274 2857.152879 2837.056347 2815.380381 2837.264978 2856.554107 2850.379154 2818.512069 2820.485639 2828.241317 2837.084824 2835.773902 2831.306715 2808.423372 2826.805761 2832.972276 2812.265301 2789.059489 2799.193195 2787.792680 2797.604903 2797.578665 2783.023302 2781.849766 2794.145408 2815.323604 2828.320242 2849.375986 2882.564635 2915.010241 2930.594774 2931.348438 2935.864611 2972.267738 3035.102521 3105.503614 3159.999510 3189.505881 3193.882400 3164.112267 3119.178061 3092.897772 3091.664717 3115.792603 3155.000413 3213.346707 3249.201027 3260.119335 3261.056513 3273.069557 3371.455757 -9999.0 -9999.0 -9999.0 -9999.0 -9999.0 -9999.0 -9999.0 -9999.0 -9999.0 -9999.0 -9999.0 -9999.0 -9999.0 -9999.0
-9999.0 -9999.0 -9999.0 -9999.0 -9999.0 -9999.0 -9999.0 -9999.0 -9999.0 -9999.0 -9999.0 -9999.0 -9999.0 -9999.0 -9999.0 -9999.0 -9999.0 -9999.0 -9999.0 -9999.0 -9999.0 -9999.0 -9999.0 -9999.0 -9999.0 -9999.0 -9999.0 -9999.0 -9999.0 -9999.0 -9999.0 -9999.0 -9999.0 -9999.0 -9999.0 -9999.0 -9999.0 -9999.0 -9999.0 -9999.0 -9999.0 -9999.0 -9999.0 -9999.0 -9999.0 -9999.0 -9999.0 -9999.0 -9999.0 -9999.0 -9999.0 -9999.0 -9999.0 -9999.0 -9999.0 -9999.0 -9999.0 -9999.0 -9999.0 -9999.0 -9999.0 -9999.0 -9999.0 -9999.0 -9999.0 -9999.0 -9999.0 -9999.0 -9999.0 -9999.0 -9999.0 -9999.0 -9999.0 -9999.0 -9999.0 -9999.0 -9999.0 -9999.0 -9999.0 -9999.0
-9999.0 -9999.0 -9999.0 -9999.0 -9999.0 -9999.0 -9999.0 -9999.0 -9999.0 -9999.0 -9999.0 -9999.0 -9999.0 -9999.0 -9999.0 -9999.0 -9999.0 -9999.0 -9999.0 -9999.0 -9999.0 -9999.0 -9999.0 -9999.0 -9999.0 -9999.0 -9999.0 -9999.0 -9999.0 -9999.0 -9999.0 -9999.0 -9999.0 -9999.0 -9999.0 -9999.0 -9999.0 -9999.0 -9999.0 -9999.0 -9999.0 -9999.0 -9999.0 -9999.0 -9999.0 -9999.0 -9999.0 -9999.0 -9999.0 -9999.0 -9999.0 -9999.0 -9999.0 -9999.0 -9999.0 -9999.0 -9999.0 -9999.0 -9999.0 -9999.0 -9999.0 -9999.0 -9999.0 -9999.0 -9999.0 -9999.0 -9999.0 -9999.0 -9999.0 -9999.0 -9999.0 -9999.0 -9999.0 -9999.0 -9999.0 -9999.0 -9999.0 -9999.0 -9999.0 -9999.0