Borden_/Borden1m_014/output_maps/psiliqL0002N0009.asc
ncols         80
nrows         18
xllcorner     620200.000000
yllcorner     5168000.000000
cellsize      1.000000
NODATA_value  -9999.0
-9999.0 -9999.0 -9999.0 -9999.0 -9999.0 -9999.0 -9999.0 -9999.0 -9999.0 -9999.0 -9999.0 -9999.0 -9999.0 -9999.0 -9999.0 -9999.0 -9999.0 -9999.0 -9999.0 -9999.0 -9999.0 -9999.0 -9999.0 -9999.0 -9999.0 -9999.0 -9999.0 -9999.0 -9999.0 -9999.0 -9999.0 -9999.0 -9999.0 -9999.0 -9999.0 -9999.0 -9999.0 -9999.0 -9999.0 -9999.0 -9999.0 -9999.0 -9999.0 -9999.0 -9999.0 -9999.0 -9999.0 -9999.0 -9999.0 -9999.0 -9999.0 -9999.0 -9999.0 -9999.0 -9999.0 -9999.0 -9999.0 -9999.0 -9999.0 -9999.0 -9999.0 -9999.0 -9999.0 -9999.0 -9999.0 -9999.0 -9999.0 -9999.0 -9999.0 -9999.0 -9999.0 -9999.0 -9999.0 -9999.0 -9999.0 -9999.0 -9999.0 -9999.0 -9999.0 -9999.0
-9999.0 -9999.0 -9999.0 -9999.0 -9999.0 -9999.0 -9999.0 -9999.0 -9999.0 -9999.0 -9999.0 -9999.0 -9999.0 -9999.0 -9999.0 -9999.0 -9999.0 -9999.0 -9999.0 -9999.0 -9999.0 -9999.0 -9999.0 -9999.0 -9999.0 -9999.0 -9999.0 -9999.0 -9999.0 -9999.0 -9999.0 -9999.0 -9999.0 -9999.0 -9999.0 -9999.0 -9999.0 -9999.0 -9999.0 -9999.0 -9999.0 -9999.0 -9999.0 -9999.0 -9999.0 -9999.0 -9999.0 -9999.0 -9999.0 -9999.0 -9999.0 -9999.0 -9999.0 -9999.0 -9999.0 -9999.0 -9999.0 -9999.0 -9999.0 -9999.0 -9999.0 -9999.0 -9999.0 -9999.0 -9999.0 -9999.0 -9999.0 -9999.0 -9999.0 -9999.0 -9999.0 -9999.0 -9999.0 -9999.0 -9999.0 -9999.0 -9999.0 -9999.0 -9999.0 -9999.0
-9999.0 -9999.0 -9999.0 -9999.0 -9999.0 -9999.0 -9999.0 -9999.0 -9999.0 -9999.0 -9999.0 -9999.0 -9999.0 -9999.0 -9999.0 -9999.0 -9999.0 -9999.0 -9999.0 -9999.0 -527.204429 -525.747396 -528.353720 -531.220481 -533.781027 -534.224926 -531.452248 -528.486038 -525.033452 -524.560294 -527.726732 -526.747329 -528.069780 -528.999976 -529.229442 -528.337351 -527.839374 -526.803245 -526.217605 -526.698037 -527.619866 -528.185414 -528.843492 -528.778537 -527.620344 -529.177595 -527.057941 -525.161468 -524.625039 -524.354360 -526.592675 -527.360800 -527.603489 -530.185804 -525.583971 -524.564094 -521.604946 -521.472986 -520.682594 -523.980033 -527.257615 -9999.0 -9999.0 -9999.0 -9999.0 -9999.0 -9999.0 -9999.0 -9999.0 -9999.0 -9999.0 -9999.0 -9999.0 -9999.0 -9999.0 -9999.0 -9999.0 -9999.0 -9999.0 -9999.0
-9999.0 -9999.0 -9999.0 -9999.0 -9999.0 -9999.0 -9999.0 -9999.0 -9999.0 -9999.0 -9999.0 -9999.0 -9999.0 -9999.0 -530.924036 -532.535862 -533.323181 -534.059352 -531.557624 -529.799129 -530.129329 -531.804572 -530.194939 -533.246317 -536.046710 -534.403994 -532.375953 -531.089379 -528.553939 -526.535870 -528.643382 -529.176015 -528.209519 -524.486823 -523.058425 -523.993076 -529.003855 -524.360046 -522.401963 -521.149083 -521.316227 -523.595452 -520.729463 -517.345702 -519.230465 -522.821167 -521.901150 -519.971155 -516.719340 -517.788928 -529.048504 -529.378310 -528.497160 -527.895431 -529.452710 -530.681846 -526.089552 -527.006185 -527.573636 -527.822116 -529.926905 -533.910561 -535.836037 -531.374264 -528.031779 -520.652134 -9999.0 -9999.0 -9999.0 -9999.0 -9999.0 -9999.0 -9999.0 -9999.0 -9999.0 -9999.0 -9999.0 -9999.0 -9999.0 -9999.0
-9999.0 -9999.0 -9999.0 -9999.0 -9999.0 -9999.0 -9999.0 -9999.0 -9999.0 -532.892607 -533.442100 -533.046357 -534.292639 -532.960348 -535.668870 -535.159843 -535.846507 -534.119152 -533.082849 -530.975060 -527.752652 -530.483529 -530.896149 -529.189364 -529.367167 -529.175663 -528.218211 -523.340018 -518.309029 -509.395474 -518.028657 -518.511634 -515.312214 -503.306408 -487.019336 -482.789777 -489.944432 -491.044175 -481.827443 -471.528793 -472.295594 -473.289362 -464.069909 -459.298979 -455.580144 -462.882994 -470.640644 -472.610683 -461.335671 -481.398861 -504.112699 -517.317572 -513.827831 -519.232766 -525.186305 -527.121717 -528.144846 -522.953626 -524.554565 -528.603887 -531.907079 -530.132529 -532.301309 -530.180882 -529.226606 -523.745454 -519.076413 -514.379146 -514.163924 -517.256971 -9999.0 -9999.0 -9999.0 -9999.0 -9999.0 -9999.0 -9999.0 -9999.0 -9999.0 -9999.0
-9999.0 -9999.0 -9999.0 -9999.0 -9999.0 -9999.0 -535.047715 -535.358539 -534.552864 -537.984984 -535.968737 -537.740063 -536.376102 -536.004605 -535.266242 -535.646867 -533.603592 -532.044577 -529.269653 -525.623727 -522.076720 -524.768592 -523.959562 -518.902764 -510.441009 -503.044117 -495.493600 -482.879345 -452.487405 -432.610564 -424.098721 -420.973032 -414.894496 -350.920023 -18.277598 11.021505 10.654180 10.142687 10.681737 11.736957 11.720886 11.602319 11.760099 11.887023 12.882406 12.740297 11.562570 11.287153 11.039461 -4.323409 -305.093183 -415.075592 -439.758226 -459.237391 -487.011811 -506.727545 -509.494768 -504.117654 -510.388701 -519.746320 -525.096145 -524.409485 -525.208788 -527.475253 -526.271239 -524.218391 -520.880293 -518.653554 -520.223483 -522.176583 -523.288096 -527.021162 -526.303976 -522.643983 -9999.0 -9999.0 -9999.0 -9999.0 -9999.0 -9999.0
-9999.0 -9999.0 -9999.0 -9999.0 -539.655781 -538.238917 -542.715393 -540.347094 -538.706369 -537.618097 -538.162816 -536.201602 -536.073118 -534.889652 -532.090977 -530.559837 -526.832794 -524.397280 -516.478868 -501.806892 -483.687164 -472.374261 -468.225300 -442.058031 -401.599477 -300.062402 -27.658628 10.299867 11.367350 13.047324 13.671560 13.707105 14.284812 15.740562 18.898430 20.595822 19.897434 19.822700 19.905254 19.953186 20.911439 20.707793 20.749128 20.622780 20.702056 21.180806 20.304174 19.354265 19.080679 18.659299 16.467377 13.501992 12.419966 11.868557 11.101643 -37.184237 -399.428088 -421.524214 -450.026825 -470.749683 -498.444612 -503.726240 -510.178766 -513.901637 -519.657584 -518.114381 -516.020677 -518.910342 -522.540927 -526.005669 -525.937091 -527.391899 -529.571310 -524.560264 -523.272005 -518.260139 -9999.0 -9999.0 -9999.0 -9999.0
-9999.0 -9999.0 -539.483294 -539.792604 -536.179837 -538.868004 -540.498358 -542.757420 -542.218451 -539.038508 -533.365011 -532.015781 -528.835004 -527.497609 -519.545568 -501.889031 -475.025914 -458.342282 -433.167744 -375.326440 -37.361156 10.680295 11.184509 12.081857 13.698415 16.217150 18.398049 19.342774 19.931762 20.647019 40.256362 54.389660 59.558854 53.951031 53.498796 51.098927 50.256335 46.386597 30.484925 28.246795 35.161633 37.087939 40.551022 28.465742 24.818970 37.166477 39.291837 40.367265 42.427183 50.922297 60.072991 32.276082 19.522363 19.443905 19.575128 17.932943 14.037895 12.633393 12.268129 3.647289 -312.850111 -411.403994 -443.384578 -469.595306 -488.662788 -496.210472 -507.181588 -513.683510 -519.705176 -525.654301 -527.091584 -527.798375 -526.528196 -527.525080 -524.937149 -523.264033 -520.380141 -519.452181 -9999.0 -9999.0
-9999.0 -540.293423 -542.068184 -535.820582 -535.702217 -535.126683 -534.573877 -533.931219 -532.626638 -535.603393 -520.935331 -494.184613 -467.103193 -460.055412 -439.105650 -337.315895 -16.264149 11.565499 12.673119 14.547828 18.085610 19.710948 20.349872 37.720820 59.255952 55.626945 51.896529 51.209727 42.732205 35.417436 25.410200 33.270346 32.061551 20.615639 19.949962 20.134710 20.177927 19.555630 18.911914 18.669661 18.876455 19.792732 19.331037 18.687794 18.540949 19.161016 19.720243 19.282101 18.728048 19.190529 20.163272 20.744112 29.983677 43.910529 62.811263 41.764307 20.537218 19.337762 19.098352 18.343429 15.329697 13.020231 11.214701 -49.470553 -401.589291 -448.856151 -475.862271 -492.197760 -507.426258 -513.062302 -516.265420 -524.633956 -526.330190 -523.875685 -524.982925 -525.083022 -523.979381 -523.184201 -9999.0 -9999.0
-9999.0 -547.108391 -541.127430 -535.220867 -528.705374 -530.346731 -510.363223 -483.350494 -477.484685 -489.519342 -447.625047 -23.830628 12.589481 12.516377 14.550388 17.562026 23.686519 45.383274 57.797714 49.835021 43.261767 45.418861 40.387699 31.879421 20.625125 20.254590 20.551889 20.637268 20.051811 19.480914 18.957082 19.146571 18.782355 17.358812 14.554007 13.857956 13.627690 13.250803 12.387587 11.782311 11.391467 12.259337 11.875760 11.299006 11.118030 11.773407 12.841813 12.351074 12.408942 13.012373 14.538174 17.394605 18.133996 18.769223 19.559744 20.869510 31.726409 51.069873 56.941268 32.916808 20.105533 18.779741 18.377206 16.627332 12.569472 -33.477797 -364.879570 -418.778738 -452.494514 -474.528446 -489.859204 -503.913051 -515.648496 -517.192731 -523.235271 -523.294747 -9999.0 -9999.0 -9999.0 -9999.0
-9999.0 -547.552651 -541.867045 -530.420729 -504.742636 -475.931094 -292.761147 10.065795 12.988154 15.110593 16.323352 47.590166 54.281149 38.327701 20.591436 20.044167 20.518786 20.776876 20.149061 19.768544 19.638117 19.664756 19.719598 19.536135 19.324888 19.065798 18.869122 18.789578 17.610273 15.163408 13.487768 13.178902 12.063611 -54.404825 -376.963891 -407.801484 -438.733036 -441.097758 -447.275479 -460.477249 -466.805114 -471.166749 -464.941783 -467.366540 -468.235720 -463.981700 -454.938163 -449.801163 -431.696440 -411.353116 -360.003187 -27.942277 11.131592 12.615831 14.133017 17.562463 18.500149 19.073920 20.191668 33.389561 53.415720 46.542756 21.263654 20.021750 18.257616 16.625163 14.093752 11.754418 -20.406443 -313.312888 -404.569390 -444.976167 -476.534344 -500.159496 -507.704168 -9999.0 -9999.0 -9999.0 -9999.0 -9999.0
-9999.0 -557.134666 -541.700362 -532.646254 -488.294708 -84.009233 9.544258 16.320247 36.621069 18.292064 17.603661 18.155039 19.364212 19.335397 18.550398 18.497309 17.867820 16.709347 16.927657 15.306822 14.180581 13.812897 13.980826 13.685468 13.057520 12.698685 12.508634 11.957904 -15.401578 -317.362427 -424.221076 -432.006669 -462.541088 -489.948199 -503.059193 -512.227897 -521.628572 -520.995656 -516.943181 -519.937959 -523.149747 -526.903617 -522.454268 -520.607523 -518.659111 -521.285274 -520.989893 -515.458111 -506.593610 -498.412203 -485.809566 -464.410855 -444.770516 -415.749147 -380.264972 -39.209654 11.153902 12.611365 15.436034 18.906733 19.547126 20.598729 47.180288 64.856025 27.642041 19.750823 18.902234 18.159873 16.314267 13.750978 11.975928 -29.534960 -380.274856 -9999.0 -9999.0 -9999.0 -9999.0 -9999.0 -9999.0 -9999.0
-9999.0 -562.078956 -545.329638 -543.930841 -527.234443 -494.445257 -444.591523 -372.821937 -19.833711 9.569467 10.420347 11.089742 11.786449 12.482943 11.690978 10.324678 -17.965108 -189.573172 -235.361791 -350.977632 -393.990042 -407.880684 -407.349396 -412.252610 -429.497289 -437.918848 -442.676915 -452.530819 -468.368162 -489.409817 -509.547990 -520.149795 -527.617529 -529.741553 -531.319832 -533.125780 -537.647152 -534.750299 -532.752525 -533.188628 -534.608358 -535.807175 -532.319542 -531.340796 -530.298665 -533.728237 -531.562774 -530.086828 -526.317312 -522.685545 -517.397530 -509.181268 -498.101448 -491.328979 -487.641990 -475.127916 -456.113360 -428.437646 -291.123053 10.240690 14.309770 17.291691 18.884632 19.747500 20.190077 30.420846 38.990305 21.076085 17.167994 17.590173 17.523389 -9999.0 -9999.0 -9999.0 -9999.0 -9999.0 -9999.0 -9999.0 -9999.0 -9999.0
-9999.0 -9999.0 -565.799154 -559.213798 -553.726571 -548.444744 -541.025494 -534.467742 -527.433094 -516.805199 -500.531866 -482.564812 -471.458366 -466.457986 -473.470013 -489.002853 -500.645159 -500.099572 -502.098929 -505.750901 -511.567246 -512.615171 -513.946500 -514.776442 -517.246608 -518.242662 -518.570126 -519.374897 -521.448057 -526.770925 -531.037420 -533.924993 -537.583123 -536.922324 -537.334544 -538.664657 -537.146350 -537.509980 -537.153535 -537.395075 -537.024672 -536.368797 -535.740144 -534.756028 -534.852808 -534.564140 -534.344644 -533.412829 -532.025559 -530.276277 -526.436603 -520.534341 -516.128617 -515.241342 -518.114656 -517.472284 -514.227857 -506.924876 -483.339462 -443.949989 -373.858204 -33.471292 12.389159 14.551943 16.832415 17.860984 18.980296 18.963418 12.680558 16.133085 -9999.0 -9999.0 -9999.0 -9999.0 -9999.0 -9999.0 -9999.0 -9999.0 -9999.0 -9999.0
-9999.0 -9999.0 -9999.0 -9999.0 -568.982410 -559.446749 -550.554199 -551.786796 -545.569962 -542.121871 -539.192712 -535.668468 -532.788810 -530.804015 -533.531043 -533.818149 -534.183505 -533.658239 -534.145219 -534.715652 -534.810400 -535.116352 -535.442332 -536.022033 -535.645008 -534.946953 -534.701705 -535.715991 -535.436404 -537.268592 -537.105836 -538.019286 -538.945642 -540.254997 -539.802167 -539.882584 -539.176747 -539.904519 -538.830603 -539.543859 -538.782617 -538.527950 -537.703724 -536.264598 -537.057929 -536.231218 -536.326263 -535.336105 -535.340801 -532.905005 -528.833330 -524.096058 -520.918091 -521.219304 -525.821642 -527.513456 -528.798462 -526.184157 -522.184503 -512.594470 -488.600681 -460.623915 -426.579947 -380.659618 -51.549340 11.092371 15.753400 17.223546 -9999.0 -9999.0 -9999.0 -9999.0 -9999.0 -9999.0 -9999.0 -9999.0 -9999.0 -9999.0 -9999.0 -9999.0
-9999.0 -9999.0 -9999.0 -9999.0 -9999.0 -9999.0 -564.599597 -559.728440 -561.390975 -557.701912 -554.484808 -552.140588 -548.487230 -549.110908 -547.943076 -544.866827 -545.231936 -546.624323 -548.442466 -545.709523 -544.479466 -544.156587 -547.082129 -546.167961 -545.838198 -544.722828 -544.841322 -544.252081 -546.706927 -543.527023 -541.936892 -542.348129 -542.732583 -542.027353 -542.634073 -540.694241 -540.462159 -541.993873 -542.497112 -540.340867 -539.803588 -540.228570 -539.963471 -538.677977 -536.695270 -536.499170 -537.546994 -539.081174 -537.331928 -533.159462 -528.750918 -525.032389 -522.623851 -521.633296 -525.253318 -530.380156 -532.982549 -533.604704 -531.937544 -528.719210 -519.806876 -513.910862 -509.492475 -505.737516 -498.701587 -457.220916 -9999.0 -9999.0 -9999.0 -9999.0 -9999.0 -9999.0 -9999.0 -9999.0 -9999.0 -9999.0 -9999.0 -9999.0 -9999.0 -9999.0
-9999.0 -9999.0 -9999.0 -9999.0 -9999.0 -9999.0 -9999.0 -9999.0 -9999.0 -9999.0 -9999.0 -9999.0 -9999.0 -9999.0 -9999.0 -9999.0 -9999.0 -9999.0 -9999.0 -9999.0 -9999.0 -9999.0 -9999.0 -9999.0 -9999.0 -9999.0 -9999.0 -9999.0 -9999.0 -9999.0 -9999.0 -9999.0 -9999.0 -9999.0 -9999.0 -9999.0 -9999.0 -9999.0 -9999.0 -9999.0 -9999.0 -9999.0 -9999.0 -9999.0 -9999.0 -9999.0 -9999.0 -9999.0 -9999.0 -9999.0 -9999.0 -9999.0 -9999.0 -9999.0 -9999.0 -9999.0 -9999.0 -9999.0 -9999.0 -9999.0 -9999.0 -9999.0 -9999.0 -9999.0 -9999.0 -9999.0 -9999.0 -9999.0 -9999.0 -9999.0 -9999.0 -9999.0 -9999.0 -9999.0 -9999.0 -9999.0 -9999.0 -9999.0 -9999.0 -9999.0
-9999.0 -9999.0 -9999.0 -9999.0 -9999.0 -9999.0 -9999.0 -9999.0 -9999.0 -9999.0 -9999.0 -9999.0 -9999.0 -9999.0 -9999.0 -9999.0 -9999.0 -9999.0 -9999.0 -9999.0 -9999.0 -9999.0 -9999.0 -9999.0 -9999.0 -9999.0 -9999.0 -9999.0 -9999.0 -9999.0 -9999.0 -9999.0 -9999.0 -9999.0 -9999.0 -9999.0 -9999.0 -9999.0 -9999.0 -9999.0 -9999.0 -9999.0 -9999.0 -9999.0 -9999.0 -9999.0 -9999.0 -9999.0 -9999.0 -9999.0 -9999.0 -9999.0 -9999.0 -9999.0 -9999.0 -9999.0 -9999.0 -9999.0 -9999.0 -9999.0 -9999.0 -9999.0 -9999.0 -9999.0 -9999.0 -9999.0 -9999.0 -9999.0 -9999.0 -9999.0 -9999.0 -9999.0 -9999.0 -9999.0 -9999.0 -9999.0 -9999.0 -9999.0 -9999.0 -9999.0