Borden_/Borden1m_014/output_maps/psiliqL0003N0018.asc
ncols         80
nrows         18
xllcorner     620200.000000
yllcorner     5168000.000000
cellsize      1.000000
NODATA_value  -9999.0
-9999.0 -9999.0 -9999.0 -9999.0 -9999.0 -9999.0 -9999.0 -9999.0 -9999.0 -9999.0 -9999.0 -9999.0 -9999.0 -9999.0 -9999.0 -9999.0 -9999.0 -9999.0 -9999.0 -9999.0 -9999.0 -9999.0 -9999.0 -9999.0 -9999.0 -9999.0 -9999.0 -9999.0 -9999.0 -9999.0 -9999.0 -9999.0 -9999.0 -9999.0 -9999.0 -9999.0 -9999.0 -9999.0 -9999.0 -9999.0 -9999.0 -9999.0 -9999.0 -9999.0 -9999.0 -9999.0 -9999.0 -9999.0 -9999.0 -9999.0 -9999.0 -9999.0 -9999.0 -9999.0 -9999.0 -9999.0 -9999.0 -9999.0 -9999.0 -9999.0 -9999.0 -9999.0 -9999.0 -9999.0 -9999.0 -9999.0 -9999.0 -9999.0 -9999.0 -9999.0 -9999.0 -9999.0 -9999.0 -9999.0 -9999.0 -9999.0 -9999.0 -9999.0 -9999.0 -9999.0
-9999.0 -9999.0 -9999.0 -9999.0 -9999.0 -9999.0 -9999.0 -9999.0 -9999.0 -9999.0 -9999.0 -9999.0 -9999.0 -9999.0 -9999.0 -9999.0 -9999.0 -9999.0 -9999.0 -9999.0 -9999.0 -9999.0 -9999.0 -9999.0 -9999.0 -9999.0 -9999.0 -9999.0 -9999.0 -9999.0 -9999.0 -9999.0 -9999.0 -9999.0 -9999.0 -9999.0 -9999.0 -9999.0 -9999.0 -9999.0 -9999.0 -9999.0 -9999.0 -9999.0 -9999.0 -9999.0 -9999.0 -9999.0 -9999.0 -9999.0 -9999.0 -9999.0 -9999.0 -9999.0 -9999.0 -9999.0 -9999.0 -9999.0 -9999.0 -9999.0 -9999.0 -9999.0 -9999.0 -9999.0 -9999.0 -9999.0 -9999.0 -9999.0 -9999.0 -9999.0 -9999.0 -9999.0 -9999.0 -9999.0 -9999.0 -9999.0 -9999.0 -9999.0 -9999.0 -9999.0
-9999.0 -9999.0 -9999.0 -9999.0 -9999.0 -9999.0 -9999.0 -9999.0 -9999.0 -9999.0 -9999.0 -9999.0 -9999.0 -9999.0 -9999.0 -9999.0 -9999.0 -9999.0 -9999.0 -9999.0 -527.014819 -525.488810 -528.570856 -532.063614 -535.090669 -535.528426 -532.192808 -528.461043 -524.171657 -523.434316 -527.061325 -526.070171 -527.532007 -528.465126 -528.625177 -527.600953 -527.059099 -525.724407 -524.914519 -525.401651 -526.491829 -527.218921 -527.934316 -527.773082 -526.488780 -528.249424 -525.772550 -523.438072 -522.686608 -522.562405 -525.549994 -526.705501 -527.119927 -530.011630 -524.824734 -523.465425 -519.864209 -519.583400 -518.819343 -522.842252 -526.842476 -9999.0 -9999.0 -9999.0 -9999.0 -9999.0 -9999.0 -9999.0 -9999.0 -9999.0 -9999.0 -9999.0 -9999.0 -9999.0 -9999.0 -9999.0 -9999.0 -9999.0 -9999.0 -9999.0
-9999.0 -9999.0 -9999.0 -9999.0 -9999.0 -9999.0 -9999.0 -9999.0 -9999.0 -9999.0 -9999.0 -9999.0 -9999.0 -9999.0 -532.226171 -534.005008 -534.858248 -535.520469 -532.518853 -530.263190 -530.367375 -532.214276 -530.600377 -534.106263 -537.281814 -535.401445 -532.865894 -530.967857 -527.646069 -525.087129 -527.571849 -528.191423 -526.933963 -522.301442 -520.386779 -521.432224 -527.094241 -521.754120 -519.262692 -517.689049 -517.915257 -520.492654 -517.086636 -513.093772 -515.220598 -519.470647 -518.446268 -516.069486 -512.188407 -513.898237 -527.260273 -528.308983 -527.481771 -527.027234 -528.876851 -530.249722 -525.035413 -525.888324 -526.649847 -527.318712 -530.104101 -534.896220 -537.117476 -531.964597 -527.704060 -518.819392 -9999.0 -9999.0 -9999.0 -9999.0 -9999.0 -9999.0 -9999.0 -9999.0 -9999.0 -9999.0 -9999.0 -9999.0 -9999.0 -9999.0
-9999.0 -9999.0 -9999.0 -9999.0 -9999.0 -9999.0 -9999.0 -9999.0 -9999.0 -534.816222 -535.356503 -534.893543 -536.168536 -534.651357 -537.461312 -536.875969 -537.497715 -535.420067 -533.920971 -531.176700 -527.342770 -530.336004 -530.762293 -528.777341 -528.739137 -528.139433 -526.639790 -520.598989 -514.015045 -503.271477 -512.911992 -513.378074 -508.397467 -488.790964 -472.440623 -468.279498 -476.128930 -476.112516 -465.948465 -454.211478 -455.274397 -456.545505 -444.110702 -437.091663 -431.979471 -442.978572 -453.042476 -454.746935 -439.194055 -465.132022 -488.998613 -510.448979 -508.544746 -515.312080 -522.736814 -525.339000 -526.502840 -520.663418 -522.709679 -527.763929 -531.904510 -530.277676 -532.761962 -530.301148 -528.836424 -522.117126 -516.227338 -510.470438 -510.204338 -513.910627 -9999.0 -9999.0 -9999.0 -9999.0 -9999.0 -9999.0 -9999.0 -9999.0 -9999.0 -9999.0
-9999.0 -9999.0 -9999.0 -9999.0 -9999.0 -9999.0 -537.578141 -537.856578 -536.909411 -540.447426 -538.187980 -539.970187 -538.385042 -537.815221 -536.846186 -537.033975 -534.511128 -532.390400 -528.731098 -523.847877 -519.262917 -522.116113 -521.015137 -514.514365 -500.629053 -487.521706 -479.982609 -466.935508 -425.826387 -382.789947 -353.421368 -332.100231 -266.121034 -247.840641 -219.305249 -168.128986 -222.331728 -232.534585 -225.173253 -204.850128 -144.469345 -143.591811 -138.647810 -131.663441 -105.862137 -110.981226 -199.381280 -216.201161 -218.705922 -221.021192 -242.372761 -270.016401 -396.847657 -436.955366 -473.739002 -494.438159 -498.730111 -496.030125 -504.384679 -515.936778 -522.716839 -522.443178 -523.669524 -526.299950 -524.940608 -522.288927 -518.156790 -515.505098 -517.457938 -520.045471 -521.824981 -526.284128 -525.515122 -521.175267 -9999.0 -9999.0 -9999.0 -9999.0 -9999.0 -9999.0
-9999.0 -9999.0 -9999.0 -9999.0 -542.633601 -541.099207 -545.869486 -543.273275 -541.387666 -540.052268 -540.370058 -537.991166 -537.555614 -535.952196 -532.403490 -529.937327 -525.080933 -521.588858 -511.251256 -488.053743 -466.754359 -454.695484 -449.134745 -399.655095 -266.084643 -240.267773 -233.931272 -224.164405 -200.135171 -97.430298 -71.753200 -91.150525 -68.846266 -22.657419 13.873595 48.834674 31.909227 0.060563 27.042340 34.173079 57.413302 57.983070 58.764354 58.861620 61.000703 62.757261 43.258053 -12.805212 1.315608 -30.070612 -21.462714 -81.814437 -174.272087 -201.339127 -211.980904 -231.858481 -262.181562 -316.346973 -419.990199 -452.283138 -481.590438 -493.219679 -503.794051 -508.756043 -515.794916 -514.254167 -512.024276 -515.578676 -520.183500 -524.565185 -524.873762 -526.771718 -529.163661 -523.399164 -521.594677 -515.619577 -9999.0 -9999.0 -9999.0 -9999.0
-9999.0 -9999.0 -542.638373 -542.801044 -538.773979 -541.539974 -543.248891 -545.604095 -544.862591 -541.120436 -534.298021 -531.897925 -527.663335 -525.499665 -515.185540 -487.942508 -458.529569 -435.822150 -368.420934 -259.562895 -231.959899 -213.720378 -154.242628 -121.739897 -94.852288 -27.800287 -31.306630 14.675992 37.361000 63.427025 89.022989 101.610863 110.651951 102.162832 103.395275 99.603516 99.616034 93.849695 78.402379 75.887280 82.421738 85.093913 88.578074 76.188054 72.366105 85.105359 86.738983 86.956072 89.433246 97.609889 109.037739 79.465110 27.091679 15.492931 14.482946 -24.221918 -79.916207 -160.123639 -188.957604 -212.200715 -244.860629 -268.978880 -400.976295 -444.456501 -472.663561 -486.565263 -500.198080 -508.597773 -516.332444 -523.702418 -525.772468 -526.935436 -525.689917 -526.626046 -523.598522 -521.450079 -518.092460 -516.900512 -9999.0 -9999.0
-9999.0 -543.686536 -545.434972 -538.410497 -537.747697 -536.718275 -535.472910 -534.398185 -532.694917 -535.516491 -517.535203 -483.733893 -450.664932 -439.371460 -387.942684 -254.358713 -155.151982 -125.140745 -117.853590 -54.959513 -35.324460 30.017045 53.381190 85.772054 110.270642 103.520195 101.182105 101.024824 91.743249 84.609079 74.107316 83.111880 80.577283 66.379863 54.955488 53.609857 50.825138 25.763202 2.495082 -9.734868 -33.067429 15.256394 6.401165 -14.121926 -17.248819 2.271659 16.549575 -17.335878 -3.322659 0.027439 47.105154 59.603484 75.567742 89.099252 109.849095 87.054831 55.037563 18.735724 5.186043 -45.759548 -99.138320 -154.132433 -202.317089 -236.089303 -266.101566 -405.320747 -453.199723 -480.219584 -500.174952 -507.588048 -512.127306 -522.297162 -524.682242 -522.147927 -523.488310 -523.628889 -522.313389 -521.318165 -9999.0 -9999.0
-9999.0 -551.063529 -544.444365 -537.383370 -528.884446 -528.765631 -498.461503 -471.827603 -464.749609 -478.709442 -417.059149 -152.482440 -89.012402 -88.515609 -34.996076 32.501297 72.300332 93.822248 107.442164 99.773658 92.298766 95.697577 91.254021 82.076457 68.739769 61.182638 60.812866 60.055266 46.880168 26.321611 11.170133 11.768905 -2.417305 -34.055758 -60.919656 -73.077760 -84.938531 -160.929238 -194.654512 -211.484965 -217.641367 -203.500039 -210.843561 -221.409263 -223.564508 -210.814875 -188.764036 -193.268844 -182.429025 -151.309682 -102.301335 -51.273885 -33.393472 -9.319062 7.096104 59.716896 78.207429 96.773715 104.154957 79.012048 46.941952 -0.856564 -28.253645 -110.269029 -168.484966 -224.417399 -251.061907 -281.919920 -420.761278 -450.978341 -475.242411 -496.097824 -510.693129 -513.420934 -520.773810 -521.503823 -9999.0 -9999.0 -9999.0 -9999.0
-9999.0 -551.612202 -545.254989 -531.742994 -499.445266 -452.491461 -261.860424 -143.544640 -38.418570 -95.346939 16.668384 91.221058 100.849908 84.052193 58.706137 55.460111 64.949281 66.790668 62.018606 54.225168 48.343821 47.052020 46.464015 13.552095 20.272517 6.337705 -4.319621 -13.047483 -81.454037 -115.511829 -144.571020 -165.866246 -192.938612 -237.456531 -251.589264 -266.453070 -394.156416 -405.428471 -417.259530 -438.349443 -447.521521 -453.968466 -445.263317 -447.494846 -448.368237 -443.455178 -430.438333 -420.081177 -366.953236 -266.346376 -246.996117 -226.127402 -207.350346 -166.429079 -123.776514 -45.592343 -19.699153 -4.642478 47.624291 80.766624 100.021253 93.930602 65.253340 32.106917 -24.251065 -108.931983 -144.308766 -187.905177 -229.708939 -250.748554 -271.122772 -402.931294 -455.452422 -492.105226 -501.790546 -9999.0 -9999.0 -9999.0 -9999.0 -9999.0
-9999.0 -562.168519 -545.240643 -534.352241 -477.700132 -258.748429 -152.567526 38.512183 88.696711 20.009758 -88.222370 -20.760846 13.916260 13.619985 -9.098621 -16.574027 -23.787003 -24.863178 -12.786260 -35.572883 -68.419825 -98.459969 -105.259006 -127.544507 -159.699383 -180.237257 -191.358695 -202.977072 -228.485814 -248.230086 -306.953331 -380.742942 -442.595276 -473.014356 -489.362243 -504.542636 -518.066523 -517.562442 -513.023417 -516.645274 -520.586729 -524.927260 -519.698184 -517.356666 -515.065544 -518.023726 -517.421538 -510.602896 -499.392450 -486.615558 -466.168186 -439.231548 -403.703464 -269.159070 -251.853576 -230.779097 -208.021768 -165.784456 -82.637033 -0.447537 25.496747 55.521042 91.071526 109.886879 71.243659 35.873494 -12.252811 -37.085715 -133.032054 -175.517521 -194.668570 -225.669324 -252.152096 -9999.0 -9999.0 -9999.0 -9999.0 -9999.0 -9999.0 -9999.0
-9999.0 -567.681699 -549.313040 -547.449088 -527.575912 -484.431831 -412.111484 -248.011980 -149.596803 -231.414683 -235.921997 -225.767842 -211.241430 -199.358203 -212.911891 -227.981267 -237.923248 -235.325721 -233.225639 -242.684827 -252.488216 -257.698987 -259.906181 -286.387363 -369.681941 -396.432452 -407.988937 -426.315778 -447.814725 -471.462949 -502.552207 -516.410195 -525.988640 -528.990557 -531.291442 -533.804819 -539.049027 -535.924578 -533.650094 -534.172537 -535.814659 -537.116638 -533.116894 -531.820039 -530.592326 -534.326672 -531.813037 -529.777566 -524.990998 -520.156376 -513.167974 -502.707442 -488.945066 -478.765732 -469.425095 -453.737128 -428.801379 -328.701551 -245.924663 -189.573445 -121.154751 -49.217068 -3.914146 29.434402 48.500508 59.939243 67.273857 47.436242 9.036755 -102.095014 -137.602461 -9999.0 -9999.0 -9999.0 -9999.0 -9999.0 -9999.0 -9999.0 -9999.0 -9999.0
-9999.0 -9999.0 -571.874120 -564.466913 -558.337699 -552.025514 -542.915465 -530.321970 -521.099190 -508.026705 -489.781081 -469.231583 -455.707954 -449.224310 -457.991281 -475.198170 -484.812876 -483.959693 -486.568206 -491.705920 -501.183220 -505.119793 -507.565097 -509.396444 -512.957130 -514.363323 -514.907834 -516.125449 -518.922304 -525.558569 -531.188003 -535.010033 -539.447461 -539.002719 -539.611093 -541.163770 -539.609943 -539.992299 -539.569311 -539.815721 -539.397654 -538.634905 -537.811836 -536.603040 -536.613320 -536.255314 -535.892550 -534.649354 -532.757581 -530.264418 -525.222243 -517.718782 -512.013459 -510.716916 -513.930462 -513.039982 -508.943256 -498.944189 -462.992793 -397.175361 -259.367933 -223.244406 -166.960880 -113.694658 -68.224002 -52.689723 2.137022 42.540543 27.844319 -10.426602 -9999.0 -9999.0 -9999.0 -9999.0 -9999.0 -9999.0 -9999.0 -9999.0 -9999.0 -9999.0
-9999.0 -9999.0 -9999.0 -9999.0 -575.491072 -564.724692 -554.917179 -556.066488 -549.077559 -544.972363 -541.290638 -536.862164 -533.180144 -530.769458 -533.792010 -534.224836 -534.718716 -534.229138 -534.865742 -535.585398 -535.851803 -536.313297 -536.795472 -537.488081 -537.120820 -536.362221 -536.130751 -537.320120 -537.202450 -539.366423 -539.404398 -540.595618 -541.768527 -543.268839 -542.841361 -542.948231 -542.200916 -542.986794 -541.822509 -542.548788 -541.690781 -541.357206 -540.375893 -538.713249 -539.459305 -538.502738 -538.529634 -537.333687 -537.046461 -533.887327 -528.678474 -522.619509 -518.507442 -518.762566 -524.225805 -526.417951 -527.840066 -524.522876 -518.943458 -506.420966 -471.080881 -433.792312 -326.524785 -253.854472 -236.380133 -211.488071 -152.484295 -60.717502 -9999.0 -9999.0 -9999.0 -9999.0 -9999.0 -9999.0 -9999.0 -9999.0 -9999.0 -9999.0 -9999.0 -9999.0
-9999.0 -9999.0 -9999.0 -9999.0 -9999.0 -9999.0 -570.530085 -565.058819 -566.887266 -562.712193 -559.036321 -556.285840 -552.097659 -552.664070 -551.345122 -547.955281 -548.372633 -549.941247 -551.958029 -548.964162 -547.615488 -547.296550 -550.534225 -549.567335 -549.201379 -547.968887 -548.096439 -547.498411 -550.213719 -546.797455 -545.115302 -545.628174 -546.111318 -545.397961 -546.068100 -543.981752 -543.732126 -545.387875 -545.916099 -543.564032 -542.940874 -543.349504 -542.990277 -541.497073 -539.258164 -538.972682 -540.066125 -541.633565 -539.494062 -534.450080 -528.872409 -523.989421 -520.793932 -519.649441 -524.133027 -530.295650 -533.408098 -533.969518 -531.639330 -527.132140 -515.690944 -507.785022 -501.303083 -490.733147 -479.882650 -429.650593 -9999.0 -9999.0 -9999.0 -9999.0 -9999.0 -9999.0 -9999.0 -9999.0 -9999.0 -9999.0 -9999.0 -9999.0 -9999.0 -9999.0
-9999.0 -9999.0 -9999.0 -9999.0 -9999.0 -9999.0 -9999.0 -9999.0 -9999.0 -9999.0 -9999.0 -9999.0 -9999.0 -9999.0 -9999.0 -9999.0 -9999.0 -9999.0 -9999.0 -9999.0 -9999.0 -9999.0 -9999.0 -9999.0 -9999.0 -9999.0 -9999.0 -9999.0 -9999.0 -9999.0 -9999.0 -9999.0 -9999.0 -9999.0 -9999.0 -9999.0 -9999.0 -9999.0 -9999.0 -9999.0 -9999.0 -9999.0 -9999.0 -9999.0 -9999.0 -9999.0 -9999.0 -9999.0 -9999.0 -9999.0 -9999.0 -9999.0 -9999.0 -9999.0 -9999.0 -9999.0 -9999.0 -9999.0 -9999.0 -9999.0 -9999.0 -9999.0 -9999.0 -9999.0 -9999.0 -9999.0 -9999.0 -9999.0 -9999.0 -9999.0 -9999.0 -9999.0 -9999.0 -9999.0 -9999.0 -9999.0 -9999.0 -9999.0 -9999.0 -9999.0
-9999.0 -9999.0 -9999.0 -9999.0 -9999.0 -9999.0 -9999.0 -9999.0 -9999.0 -9999.0 -9999.0 -9999.0 -9999.0 -9999.0 -9999.0 -9999.0 -9999.0 -9999.0 -9999.0 -9999.0 -9999.0 -9999.0 -9999.0 -9999.0 -9999.0 -9999.0 -9999.0 -9999.0 -9999.0 -9999.0 -9999.0 -9999.0 -9999.0 -9999.0 -9999.0 -9999.0 -9999.0 -9999.0 -9999.0 -9999.0 -9999.0 -9999.0 -9999.0 -9999.0 -9999.0 -9999.0 -9999.0 -9999.0 -9999.0 -9999.0 -9999.0 -9999.0 -9999.0 -9999.0 -9999.0 -9999.0 -9999.0 -9999.0 -9999.0 -9999.0 -9999.0 -9999.0 -9999.0 -9999.0 -9999.0 -9999.0 -9999.0 -9999.0 -9999.0 -9999.0 -9999.0 -9999.0 -9999.0 -9999.0 -9999.0 -9999.0 -9999.0 -9999.0 -9999.0 -9999.0