Borden_/Borden1m_014/output_maps/psiliqL0024N0028.asc
ncols         80
nrows         18
xllcorner     620200.000000
yllcorner     5168000.000000
cellsize      1.000000
NODATA_value  -9999.0
-9999.0 -9999.0 -9999.0 -9999.0 -9999.0 -9999.0 -9999.0 -9999.0 -9999.0 -9999.0 -9999.0 -9999.0 -9999.0 -9999.0 -9999.0 -9999.0 -9999.0 -9999.0 -9999.0 -9999.0 -9999.0 -9999.0 -9999.0 -9999.0 -9999.0 -9999.0 -9999.0 -9999.0 -9999.0 -9999.0 -9999.0 -9999.0 -9999.0 -9999.0 -9999.0 -9999.0 -9999.0 -9999.0 -9999.0 -9999.0 -9999.0 -9999.0 -9999.0 -9999.0 -9999.0 -9999.0 -9999.0 -9999.0 -9999.0 -9999.0 -9999.0 -9999.0 -9999.0 -9999.0 -9999.0 -9999.0 -9999.0 -9999.0 -9999.0 -9999.0 -9999.0 -9999.0 -9999.0 -9999.0 -9999.0 -9999.0 -9999.0 -9999.0 -9999.0 -9999.0 -9999.0 -9999.0 -9999.0 -9999.0 -9999.0 -9999.0 -9999.0 -9999.0 -9999.0 -9999.0
-9999.0 -9999.0 -9999.0 -9999.0 -9999.0 -9999.0 -9999.0 -9999.0 -9999.0 -9999.0 -9999.0 -9999.0 -9999.0 -9999.0 -9999.0 -9999.0 -9999.0 -9999.0 -9999.0 -9999.0 -9999.0 -9999.0 -9999.0 -9999.0 -9999.0 -9999.0 -9999.0 -9999.0 -9999.0 -9999.0 -9999.0 -9999.0 -9999.0 -9999.0 -9999.0 -9999.0 -9999.0 -9999.0 -9999.0 -9999.0 -9999.0 -9999.0 -9999.0 -9999.0 -9999.0 -9999.0 -9999.0 -9999.0 -9999.0 -9999.0 -9999.0 -9999.0 -9999.0 -9999.0 -9999.0 -9999.0 -9999.0 -9999.0 -9999.0 -9999.0 -9999.0 -9999.0 -9999.0 -9999.0 -9999.0 -9999.0 -9999.0 -9999.0 -9999.0 -9999.0 -9999.0 -9999.0 -9999.0 -9999.0 -9999.0 -9999.0 -9999.0 -9999.0 -9999.0 -9999.0
-9999.0 -9999.0 -9999.0 -9999.0 -9999.0 -9999.0 -9999.0 -9999.0 -9999.0 -9999.0 -9999.0 -9999.0 -9999.0 -9999.0 -9999.0 -9999.0 -9999.0 -9999.0 -9999.0 -9999.0 2931.994281 2933.342333 2911.806868 2878.028201 2850.115930 2852.265869 2885.649377 2926.480896 2965.348191 2973.321297 2954.680882 2958.541850 2954.331367 2950.336698 2951.077088 2958.868556 2965.528463 2975.262156 2982.427150 2980.431852 2973.313047 2968.310190 2970.498545 2972.284179 2978.367355 2964.451217 2979.967996 2982.361835 2987.165875 2984.467302 2972.559377 2959.811690 2951.275920 2935.336928 2961.205938 2972.571022 2987.813579 2992.521907 2990.925543 2970.502743 2940.480242 -9999.0 -9999.0 -9999.0 -9999.0 -9999.0 -9999.0 -9999.0 -9999.0 -9999.0 -9999.0 -9999.0 -9999.0 -9999.0 -9999.0 -9999.0 -9999.0 -9999.0 -9999.0 -9999.0
-9999.0 -9999.0 -9999.0 -9999.0 -9999.0 -9999.0 -9999.0 -9999.0 -9999.0 -9999.0 -9999.0 -9999.0 -9999.0 -9999.0 2841.074474 2832.316710 2829.628656 2837.255427 2870.014213 2900.313751 2911.994330 2904.655275 2904.631704 2880.262758 2857.976871 2870.969347 2900.475265 2930.751081 2964.166182 2981.936615 2971.042145 2968.729516 2976.193393 2983.220400 2991.425944 2987.881609 2984.599107 2993.747966 3006.837113 3011.491014 3009.422881 2999.582533 3008.701574 3022.766704 3015.736908 3000.417210 3010.770544 3025.389227 3036.628737 3028.271877 2983.682676 2970.452878 2966.864968 2962.268033 2948.976368 2944.913897 2972.654837 2971.796834 2964.260775 2947.081589 2913.967651 2869.021403 2850.187566 2890.437996 2934.050142 2985.591365 -9999.0 -9999.0 -9999.0 -9999.0 -9999.0 -9999.0 -9999.0 -9999.0 -9999.0 -9999.0 -9999.0 -9999.0 -9999.0 -9999.0
-9999.0 -9999.0 -9999.0 -9999.0 -9999.0 -9999.0 -9999.0 -9999.0 -9999.0 2798.449977 2789.138822 2796.092018 2798.447758 2813.735590 2810.632556 2817.637103 2822.195511 2849.436543 2879.131024 2912.804559 2939.684246 2930.829520 2929.474347 2934.282889 2930.156836 2938.699560 2959.184757 2983.053871 3014.360431 3049.536914 3016.213154 3011.292848 3028.612319 3070.064092 3094.032052 3096.381642 3077.896574 3093.108892 3116.427815 3132.513300 3129.021337 3123.220116 3148.611311 3163.429138 3158.332817 3137.336165 3135.013979 3141.882561 3170.822082 3120.761415 3055.908465 3016.814661 3031.845826 3010.510815 2983.998434 2984.948017 2985.106386 2994.488516 2982.966889 2958.487263 2925.283965 2913.728589 2896.799088 2917.180125 2940.259603 2981.034000 3021.084594 3051.112927 3050.983151 3033.981217 -9999.0 -9999.0 -9999.0 -9999.0 -9999.0 -9999.0 -9999.0 -9999.0 -9999.0 -9999.0
-9999.0 -9999.0 -9999.0 -9999.0 -9999.0 -9999.0 2716.880812 2728.628338 2751.154693 2755.646114 2784.049839 2791.287695 2789.492354 2806.810128 2828.477259 2841.797832 2867.477677 2897.705913 2933.898217 2972.054053 2988.644964 2989.657871 2982.257217 3002.042945 3029.533991 3049.027567 3071.133987 3107.981340 3176.591924 3212.485428 3206.359019 3207.242502 3215.354984 3265.074807 3328.641231 3339.940735 3319.411666 3306.129982 3328.994868 3365.785827 3364.514462 3363.365874 3375.395353 3385.885064 3412.568039 3402.221384 3366.829502 3360.664757 3366.427477 3345.055091 3277.982943 3220.878443 3201.192271 3158.318372 3076.570215 3033.271629 3055.250359 3082.328767 3060.537378 3011.827427 2990.997112 2984.826738 2973.057100 2965.134451 2976.658227 2992.019169 3016.358734 3030.455662 3018.985358 2998.659529 2980.332788 2951.956440 2954.288198 2979.153219 -9999.0 -9999.0 -9999.0 -9999.0 -9999.0 -9999.0
-9999.0 -9999.0 -9999.0 -9999.0 2664.742210 2679.072129 2666.582585 2694.888472 2729.580366 2765.901578 2796.100254 2805.244914 2828.482338 2855.582867 2889.269663 2912.890948 2946.189391 2976.335108 3010.438409 3071.242852 3115.256869 3129.249973 3137.493653 3185.358939 3241.190791 3288.182666 3306.545217 3331.864333 3375.845755 3431.790470 3454.118260 3457.152541 3473.993392 3515.948568 3570.733241 3605.366697 3587.959968 3579.187236 3588.627160 3602.361977 3624.487123 3624.576428 3625.671521 3629.498823 3636.731974 3635.253220 3609.319240 3576.208338 3563.425971 3553.638746 3517.150615 3446.116378 3415.388050 3387.307092 3347.364680 3294.347613 3245.529457 3245.258045 3191.649352 3140.506897 3090.206430 3081.309410 3060.627935 3044.425333 3026.520609 3038.136459 3049.685301 3034.662662 3005.169748 2980.529519 2967.081125 2949.051623 2937.546328 2968.305022 2984.179342 3013.886236 -9999.0 -9999.0 -9999.0 -9999.0
-9999.0 -9999.0 2602.551702 2649.593732 2708.565678 2717.378518 2714.677783 2721.284432 2751.638565 2804.964988 2842.259058 2880.021438 2910.525107 2941.024766 2979.388609 3041.998312 3101.940386 3143.807981 3197.760950 3265.858224 3324.331982 3351.142401 3360.189561 3394.739414 3448.463303 3515.896726 3543.305489 3569.267871 3600.251275 3635.765152 3630.263407 3641.351398 3653.199271 3664.580220 3678.269197 3684.713371 3680.081782 3675.532166 3657.111085 3652.159884 3658.689741 3666.260122 3665.597314 3651.105908 3647.147157 3661.953383 3667.875049 3666.002241 3663.549847 3668.734963 3665.353436 3618.454869 3598.288139 3583.475839 3572.530357 3527.048721 3461.272064 3428.447965 3407.806715 3368.201753 3295.532591 3257.334988 3217.864057 3182.925952 3147.407282 3133.113129 3100.045525 3067.714049 3028.901273 2988.258959 2973.954674 2958.757773 2957.760568 2957.822279 2975.075015 2988.907473 3004.850795 3012.934986 -9999.0 -9999.0
-9999.0 2492.973770 2564.741990 2688.570714 2768.741811 2795.166322 2806.946558 2812.724538 2838.257901 2869.689063 2957.698451 2999.398323 3081.315716 3117.070739 3157.515051 3243.973424 3336.314715 3378.196615 3415.838643 3477.473278 3541.562404 3587.837925 3613.767082 3596.995070 3635.212203 3662.112768 3669.302974 3675.636296 3674.960527 3666.517043 3659.743513 3666.517653 3663.689379 3644.781630 3628.965531 3627.313650 3623.972498 3600.896089 3573.599895 3558.415650 3560.087449 3584.704506 3571.837050 3550.585941 3546.218032 3567.689105 3588.558107 3578.029031 3565.011551 3581.459980 3615.700122 3639.827589 3642.180304 3660.372305 3681.407374 3652.905843 3630.662022 3587.584679 3570.982404 3545.795686 3489.746544 3435.093981 3387.473785 3339.473112 3287.138627 3237.738500 3190.275920 3145.131902 3091.620198 3058.744622 3034.294430 2991.124917 2982.032474 2984.036864 2981.133458 2979.181982 2984.182268 2990.786242 -9999.0 -9999.0
-9999.0 2399.056852 2538.955076 2719.069497 2852.519316 2895.102848 2962.022924 3010.951459 3024.797001 2986.109928 3071.791719 3283.034288 3399.020560 3414.917892 3488.351753 3580.675986 3567.927654 3598.459364 3620.840105 3643.724782 3662.178865 3675.466056 3673.478080 3668.016552 3651.730505 3643.772593 3642.947509 3640.909361 3623.748075 3605.005469 3588.363196 3585.439424 3567.972615 3519.864631 3487.164350 3470.274386 3452.430315 3438.686375 3411.129879 3385.528816 3370.083668 3381.041422 3378.479734 3364.907014 3360.476869 3378.532990 3409.305910 3406.594100 3417.236654 3436.589375 3471.900676 3509.343650 3528.400807 3557.127767 3592.360761 3639.262137 3648.828007 3671.040379 3674.239199 3662.622664 3616.943707 3566.141463 3537.069811 3482.357588 3422.975619 3361.824725 3313.455453 3269.052439 3214.371620 3180.209903 3142.331297 3088.869639 3045.129839 3035.994621 3002.355273 2988.704122 -9999.0 -9999.0 -9999.0 -9999.0
-9999.0 2300.336158 2481.291598 2724.153599 2999.522578 3073.917702 3270.712278 3382.952076 3421.706148 3487.254367 3381.762457 3576.150229 3625.062587 3619.061296 3631.181685 3633.778862 3647.620086 3647.200066 3642.141359 3631.286738 3621.920781 3617.520587 3616.390688 3608.520436 3595.994906 3581.491636 3569.773505 3558.604210 3522.534923 3491.088814 3453.074028 3440.949495 3398.185102 3307.910363 3269.378354 3232.065746 3173.049187 3174.952237 3180.825938 3159.744209 3140.661606 3113.943533 3142.258341 3151.829302 3155.592770 3152.050414 3162.425141 3186.716650 3233.013956 3266.665496 3305.250335 3352.507482 3381.950582 3420.671167 3460.484726 3512.292015 3542.853715 3571.412596 3619.320072 3656.095984 3678.613902 3665.160325 3645.738590 3602.155847 3542.487940 3493.509169 3465.120153 3415.455672 3372.593342 3329.113012 3282.939238 3230.459540 3170.591537 3115.312939 3081.041154 -9999.0 -9999.0 -9999.0 -9999.0 -9999.0
-9999.0 2084.010980 2348.520056 2618.516980 2886.607718 3216.874763 3377.665512 3473.364162 3535.039720 3513.612298 3532.851580 3540.225792 3576.774404 3583.383469 3561.911662 3548.633667 3531.804940 3530.716652 3543.709540 3516.765269 3487.034087 3473.977477 3474.819006 3464.117071 3440.638992 3425.765757 3416.462561 3398.464294 3356.098194 3306.906383 3224.538821 3192.197024 3118.210609 3078.125064 3041.551810 2995.424214 2964.654227 2969.290404 2980.291162 2983.370919 2962.787666 2945.726764 2974.614825 2982.545556 2995.317617 2979.708388 2986.378373 3020.263049 3066.268799 3106.046149 3149.532271 3194.308908 3235.238421 3274.356770 3295.867976 3335.695974 3376.818482 3417.839678 3487.092350 3563.980806 3598.882628 3632.862655 3662.428144 3684.008764 3641.580454 3614.706327 3591.483626 3568.664241 3523.156488 3478.195713 3437.696644 3374.202771 3314.905846 -9999.0 -9999.0 -9999.0 -9999.0 -9999.0 -9999.0 -9999.0
-9999.0 1969.648150 2166.801898 2364.153898 2620.404928 2834.532536 3042.023896 3132.522877 3199.948556 3263.766213 3313.618590 3349.614524 3375.008230 3396.095404 3373.393139 3328.909392 3297.328817 3302.122837 3294.060091 3272.865091 3245.315387 3232.467943 3230.331914 3225.588787 3204.395613 3194.062029 3187.370731 3172.245324 3146.689381 3094.817027 3023.791898 2965.669399 2912.018943 2890.986570 2867.567172 2840.105679 2812.727407 2825.640362 2837.989159 2838.066073 2831.228866 2831.119944 2860.135382 2879.269797 2888.839998 2877.948240 2896.312691 2919.952398 2957.449461 2986.151284 3030.239153 3079.629517 3127.509148 3147.877102 3150.780516 3163.303676 3188.265532 3231.353402 3307.216870 3391.932129 3467.593457 3512.197059 3562.289108 3601.477152 3628.750964 3655.130286 3676.334239 3668.485925 3643.302415 3610.434561 3552.796706 -9999.0 -9999.0 -9999.0 -9999.0 -9999.0 -9999.0 -9999.0 -9999.0 -9999.0
-9999.0 -9999.0 1940.016847 2096.209910 2199.583654 2364.900126 2509.853996 2619.895826 2723.450939 2826.199948 2945.204999 3022.567346 3067.518489 3082.531308 3068.493987 3039.500211 3021.774435 3021.473720 3010.142327 3003.385496 2988.548368 2983.396107 2987.638104 2980.222159 2975.343372 2974.128891 2971.676244 2963.714256 2946.679641 2904.985335 2866.813533 2822.624039 2809.451154 2785.676095 2765.437691 2746.499227 2748.776054 2743.075641 2747.750096 2750.066374 2759.039979 2772.860572 2792.329427 2792.683601 2802.151569 2812.129463 2823.208875 2845.070197 2875.182332 2915.169230 2966.598700 3012.214220 3047.427070 3054.157018 3036.631690 3032.162469 3040.912262 3070.391757 3134.297339 3200.297090 3288.422267 3352.840734 3418.765229 3473.888375 3500.032012 3536.386719 3605.334483 3653.267141 3694.188374 3671.873642 -9999.0 -9999.0 -9999.0 -9999.0 -9999.0 -9999.0 -9999.0 -9999.0 -9999.0 -9999.0
-9999.0 -9999.0 -9999.0 -9999.0 1956.861669 2105.152488 2202.921846 2283.604488 2417.842102 2548.379786 2656.160470 2744.580740 2814.399787 2801.043062 2801.067531 2816.333208 2815.013786 2806.352180 2795.673075 2799.691313 2803.748209 2797.963665 2826.787787 2819.957886 2822.759575 2829.446210 2826.735673 2812.990889 2794.060297 2777.503696 2762.384001 2730.422181 2697.631154 2669.377343 2656.775539 2652.924392 2652.637552 2644.557954 2652.663117 2661.195333 2676.912349 2691.983685 2715.459888 2744.647141 2759.521127 2774.785676 2784.332149 2804.050515 2812.778521 2864.039114 2925.817482 2982.043737 3008.265216 3008.510526 2989.908166 2969.450474 2958.743896 2978.040314 2994.161400 3045.555236 3134.529755 3193.212960 3238.959389 3278.110629 3314.282838 3377.813237 3470.519183 3550.801243 -9999.0 -9999.0 -9999.0 -9999.0 -9999.0 -9999.0 -9999.0 -9999.0 -9999.0 -9999.0 -9999.0 -9999.0
-9999.0 -9999.0 -9999.0 -9999.0 -9999.0 -9999.0 1931.460548 2037.058822 2106.784059 2258.809906 2403.424042 2512.004356 2596.755895 2633.394035 2667.974619 2699.083430 2700.041918 2680.403227 2659.045240 2680.380289 2698.708208 2692.209108 2660.512121 2661.502301 2667.879972 2675.372014 2672.462282 2666.085534 2641.072202 2656.673225 2660.240657 2637.408412 2612.036234 2599.121829 2587.570372 2597.307152 2597.258972 2582.761560 2581.725219 2609.351164 2630.246668 2643.096417 2664.206463 2697.469708 2730.221641 2746.313315 2747.916637 2753.589023 2791.380122 2840.736406 2911.424458 2966.240647 2990.526869 2995.103418 2973.190200 2929.441821 2904.599770 2905.210755 2931.386211 2972.966807 3018.182110 3054.549614 3066.626190 3068.807286 3081.624448 3175.789640 -9999.0 -9999.0 -9999.0 -9999.0 -9999.0 -9999.0 -9999.0 -9999.0 -9999.0 -9999.0 -9999.0 -9999.0 -9999.0 -9999.0
-9999.0 -9999.0 -9999.0 -9999.0 -9999.0 -9999.0 -9999.0 -9999.0 -9999.0 -9999.0 -9999.0 -9999.0 -9999.0 -9999.0 -9999.0 -9999.0 -9999.0 -9999.0 -9999.0 -9999.0 -9999.0 -9999.0 -9999.0 -9999.0 -9999.0 -9999.0 -9999.0 -9999.0 -9999.0 -9999.0 -9999.0 -9999.0 -9999.0 -9999.0 -9999.0 -9999.0 -9999.0 -9999.0 -9999.0 -9999.0 -9999.0 -9999.0 -9999.0 -9999.0 -9999.0 -9999.0 -9999.0 -9999.0 -9999.0 -9999.0 -9999.0 -9999.0 -9999.0 -9999.0 -9999.0 -9999.0 -9999.0 -9999.0 -9999.0 -9999.0 -9999.0 -9999.0 -9999.0 -9999.0 -9999.0 -9999.0 -9999.0 -9999.0 -9999.0 -9999.0 -9999.0 -9999.0 -9999.0 -9999.0 -9999.0 -9999.0 -9999.0 -9999.0 -9999.0 -9999.0
-9999.0 -9999.0 -9999.0 -9999.0 -9999.0 -9999.0 -9999.0 -9999.0 -9999.0 -9999.0 -9999.0 -9999.0 -9999.0 -9999.0 -9999.0 -9999.0 -9999.0 -9999.0 -9999.0 -9999.0 -9999.0 -9999.0 -9999.0 -9999.0 -9999.0 -9999.0 -9999.0 -9999.0 -9999.0 -9999.0 -9999.0 -9999.0 -9999.0 -9999.0 -9999.0 -9999.0 -9999.0 -9999.0 -9999.0 -9999.0 -9999.0 -9999.0 -9999.0 -9999.0 -9999.0 -9999.0 -9999.0 -9999.0 -9999.0 -9999.0 -9999.0 -9999.0 -9999.0 -9999.0 -9999.0 -9999.0 -9999.0 -9999.0 -9999.0 -9999.0 -9999.0 -9999.0 -9999.0 -9999.0 -9999.0 -9999.0 -9999.0 -9999.0 -9999.0 -9999.0 -9999.0 -9999.0 -9999.0 -9999.0 -9999.0 -9999.0 -9999.0 -9999.0 -9999.0 -9999.0