Borden_/Borden1m_014/output_maps/psiliqL0003N0027.asc
ncols         80
nrows         18
xllcorner     620200.000000
yllcorner     5168000.000000
cellsize      1.000000
NODATA_value  -9999.0
-9999.0 -9999.0 -9999.0 -9999.0 -9999.0 -9999.0 -9999.0 -9999.0 -9999.0 -9999.0 -9999.0 -9999.0 -9999.0 -9999.0 -9999.0 -9999.0 -9999.0 -9999.0 -9999.0 -9999.0 -9999.0 -9999.0 -9999.0 -9999.0 -9999.0 -9999.0 -9999.0 -9999.0 -9999.0 -9999.0 -9999.0 -9999.0 -9999.0 -9999.0 -9999.0 -9999.0 -9999.0 -9999.0 -9999.0 -9999.0 -9999.0 -9999.0 -9999.0 -9999.0 -9999.0 -9999.0 -9999.0 -9999.0 -9999.0 -9999.0 -9999.0 -9999.0 -9999.0 -9999.0 -9999.0 -9999.0 -9999.0 -9999.0 -9999.0 -9999.0 -9999.0 -9999.0 -9999.0 -9999.0 -9999.0 -9999.0 -9999.0 -9999.0 -9999.0 -9999.0 -9999.0 -9999.0 -9999.0 -9999.0 -9999.0 -9999.0 -9999.0 -9999.0 -9999.0 -9999.0
-9999.0 -9999.0 -9999.0 -9999.0 -9999.0 -9999.0 -9999.0 -9999.0 -9999.0 -9999.0 -9999.0 -9999.0 -9999.0 -9999.0 -9999.0 -9999.0 -9999.0 -9999.0 -9999.0 -9999.0 -9999.0 -9999.0 -9999.0 -9999.0 -9999.0 -9999.0 -9999.0 -9999.0 -9999.0 -9999.0 -9999.0 -9999.0 -9999.0 -9999.0 -9999.0 -9999.0 -9999.0 -9999.0 -9999.0 -9999.0 -9999.0 -9999.0 -9999.0 -9999.0 -9999.0 -9999.0 -9999.0 -9999.0 -9999.0 -9999.0 -9999.0 -9999.0 -9999.0 -9999.0 -9999.0 -9999.0 -9999.0 -9999.0 -9999.0 -9999.0 -9999.0 -9999.0 -9999.0 -9999.0 -9999.0 -9999.0 -9999.0 -9999.0 -9999.0 -9999.0 -9999.0 -9999.0 -9999.0 -9999.0 -9999.0 -9999.0 -9999.0 -9999.0 -9999.0 -9999.0
-9999.0 -9999.0 -9999.0 -9999.0 -9999.0 -9999.0 -9999.0 -9999.0 -9999.0 -9999.0 -9999.0 -9999.0 -9999.0 -9999.0 -9999.0 -9999.0 -9999.0 -9999.0 -9999.0 -9999.0 -570.313667 -569.137438 -571.869065 -575.024213 -577.654396 -577.948950 -574.988635 -571.505992 -567.518918 -566.685473 -569.794584 -569.074433 -570.274849 -570.930324 -570.959094 -570.088121 -569.662299 -568.376747 -567.541628 -567.890854 -568.853357 -569.548932 -570.134346 -569.908764 -568.851838 -570.319198 -568.162849 -566.002160 -565.219111 -565.301117 -568.290350 -569.557429 -570.042160 -572.441429 -568.100282 -566.747784 -563.428904 -563.060692 -562.526089 -566.257402 -569.928685 -9999.0 -9999.0 -9999.0 -9999.0 -9999.0 -9999.0 -9999.0 -9999.0 -9999.0 -9999.0 -9999.0 -9999.0 -9999.0 -9999.0 -9999.0 -9999.0 -9999.0 -9999.0 -9999.0
-9999.0 -9999.0 -9999.0 -9999.0 -9999.0 -9999.0 -9999.0 -9999.0 -9999.0 -9999.0 -9999.0 -9999.0 -9999.0 -9999.0 -575.687483 -577.116771 -577.776279 -578.136527 -575.475691 -573.333557 -573.154222 -574.645187 -573.496933 -576.453329 -579.056124 -577.485450 -575.158387 -573.153183 -569.931402 -567.492583 -569.690371 -570.231027 -569.014209 -564.758210 -562.808060 -563.667872 -568.530059 -563.917393 -561.468199 -559.891449 -560.103209 -562.325815 -559.191351 -555.521888 -557.364796 -561.246251 -560.430749 -558.210307 -554.626861 -556.653158 -568.815662 -570.230521 -569.683848 -569.522905 -571.172852 -572.320647 -567.915637 -568.464410 -569.227511 -570.163711 -572.884076 -577.134420 -578.995716 -574.653070 -570.628622 -562.549895 -9999.0 -9999.0 -9999.0 -9999.0 -9999.0 -9999.0 -9999.0 -9999.0 -9999.0 -9999.0 -9999.0 -9999.0 -9999.0 -9999.0
-9999.0 -9999.0 -9999.0 -9999.0 -9999.0 -9999.0 -9999.0 -9999.0 -9999.0 -578.241228 -578.602038 -578.195648 -579.097178 -577.828064 -579.858736 -579.360329 -579.693162 -577.860066 -576.293312 -573.663323 -570.260627 -572.676447 -572.987332 -571.242175 -570.988333 -570.215607 -568.567774 -562.845459 -556.189616 -545.989515 -554.509282 -554.904421 -550.172197 -532.787587 -516.504153 -511.316937 -520.077852 -520.028407 -509.191888 -495.693434 -495.555652 -496.769553 -481.420932 -471.522800 -464.496461 -479.636092 -493.718212 -495.850817 -477.632286 -508.333486 -533.074158 -552.107928 -550.971617 -557.568213 -564.730754 -567.433370 -568.352072 -563.335893 -565.326305 -570.082555 -573.948914 -572.947020 -575.047888 -572.956614 -571.367061 -565.178012 -559.516554 -554.057822 -553.796901 -557.246513 -9999.0 -9999.0 -9999.0 -9999.0 -9999.0 -9999.0 -9999.0 -9999.0 -9999.0 -9999.0
-9999.0 -9999.0 -9999.0 -9999.0 -9999.0 -9999.0 -580.940454 -581.078705 -580.245335 -582.711039 -580.885441 -582.080391 -580.728708 -580.094409 -579.156917 -579.047147 -576.738905 -574.625024 -571.055774 -566.277813 -561.830146 -564.029896 -562.858435 -556.527502 -543.986106 -532.064995 -524.333653 -510.018644 -457.065277 -399.808766 -373.761409 -360.199282 -343.049622 -316.043951 -263.789954 -201.221118 -267.688757 -287.659918 -272.931944 -231.946020 -149.157172 -147.276068 -141.997292 -134.902307 -109.011438 -114.550712 -226.066876 -255.838669 -264.558709 -272.670152 -309.534062 -348.913727 -416.457778 -473.081830 -517.406002 -538.323809 -541.839608 -538.480142 -546.979241 -558.185419 -564.838468 -564.986995 -566.322757 -568.651077 -567.519241 -564.960379 -561.066821 -558.646163 -560.516421 -563.115709 -565.155990 -569.176870 -568.568501 -564.687534 -9999.0 -9999.0 -9999.0 -9999.0 -9999.0 -9999.0
-9999.0 -9999.0 -9999.0 -9999.0 -584.883864 -583.716323 -587.177017 -585.189660 -583.617249 -582.393669 -582.293877 -580.155063 -579.483125 -577.890583 -574.562522 -571.871882 -567.106370 -563.369315 -553.246316 -532.019499 -510.526852 -496.547982 -487.275697 -418.568038 -341.051485 -305.833133 -293.761124 -272.123055 -224.736776 -102.084655 -103.537464 -70.129302 -51.597200 -26.959800 12.510015 45.831298 27.010851 19.420751 22.237801 30.016142 53.858643 54.606720 55.365438 55.486983 57.549457 59.283418 39.189441 9.361487 -3.732687 -45.985876 -27.762148 -87.135414 -192.136976 -231.904114 -256.551865 -291.654948 -339.189838 -364.826439 -446.735603 -493.274580 -525.462697 -536.133944 -546.158867 -551.367622 -558.006280 -556.845037 -555.065900 -558.476434 -562.950406 -567.154402 -567.797552 -569.647990 -571.592069 -566.629439 -564.759613 -559.308591 -9999.0 -9999.0 -9999.0 -9999.0
-9999.0 -9999.0 -585.206033 -585.027336 -581.785972 -583.682033 -584.851966 -586.490057 -585.740992 -582.564848 -576.532002 -573.731901 -569.477266 -567.026750 -557.127678 -532.091594 -500.340195 -469.254550 -390.205872 -329.315686 -286.032212 -247.278309 -161.332533 -123.016888 -79.118207 -29.733103 -11.712219 10.907237 32.197516 59.565300 84.078878 99.370280 105.509557 98.740699 99.143310 96.034603 95.255941 90.537603 74.252465 72.194325 79.229450 81.586605 84.664244 72.707320 68.853512 81.445993 83.074826 84.087396 85.747974 93.378329 104.644758 75.649945 23.231449 12.263161 8.811738 -28.092137 -87.669892 -184.684138 -216.554557 -256.014007 -317.844018 -352.066166 -422.508055 -482.792345 -515.168145 -529.070111 -542.724362 -551.216342 -558.942837 -565.935718 -568.140791 -569.487473 -568.622525 -569.241675 -566.578751 -564.503171 -561.523316 -560.356658 -9999.0 -9999.0
-9999.0 -586.321978 -587.264672 -581.491469 -580.286576 -578.989869 -577.370001 -575.968639 -574.295412 -576.158668 -559.739542 -527.506822 -491.128424 -474.262042 -406.422887 -309.879464 -159.047074 -124.905814 -101.498852 -58.571703 -14.179199 26.017009 49.910140 82.168370 105.145925 101.697787 96.968019 97.151511 87.686477 80.886556 70.585713 78.633616 77.190272 62.404723 50.817450 49.948134 47.182535 23.014914 -1.958358 -13.704178 -8.662323 12.045659 0.978524 -17.801140 -21.623087 -1.949021 12.850568 4.910618 -8.164970 -21.172984 37.952986 55.473952 71.898627 85.672062 105.780258 83.719802 51.507886 15.385465 1.474486 -22.530201 -129.712681 -192.322452 -245.151686 -302.843336 -347.463217 -428.384814 -493.078674 -521.939102 -542.376510 -550.110886 -554.947276 -564.457475 -566.981641 -565.074231 -566.322465 -566.476422 -565.290405 -564.346810 -9999.0 -9999.0
-9999.0 -591.676823 -586.460130 -580.099544 -571.843070 -570.177989 -543.114426 -516.591226 -506.838718 -520.448395 -442.996058 -155.284806 -94.422023 -91.292591 -39.238699 27.993339 68.639588 90.928090 103.214236 96.092754 88.561936 91.699886 86.551706 77.986245 64.329701 58.211004 57.385201 56.131487 38.934294 22.375767 6.211653 6.664053 -7.172504 -39.553011 -69.536969 -82.296768 -104.408365 -171.550726 -215.091807 -244.470328 -257.397416 -238.242329 -248.554402 -266.064077 -269.484708 -246.640332 -212.960090 -218.478428 -212.330122 -188.154479 -143.430802 -58.047425 -38.002488 -12.990984 19.357606 56.254785 74.333085 93.552505 100.066375 75.740965 37.411784 -5.982628 -33.759020 -141.823659 -214.092091 -288.051751 -330.948170 -363.803899 -449.965778 -492.094711 -518.110202 -538.647795 -552.985513 -556.334152 -563.252514 -564.555087 -9999.0 -9999.0 -9999.0 -9999.0
-9999.0 -592.106017 -586.939876 -574.966895 -544.252021 -497.186336 -342.630846 -222.509987 -54.917852 -101.749945 15.139892 88.024348 96.818786 80.625476 54.892728 51.578125 60.965763 62.941670 58.205783 50.051826 39.517530 37.194843 34.825872 27.228539 15.371665 2.488075 -8.791569 -18.819345 -106.614006 -143.248423 -170.984038 -187.695386 -221.725986 -297.922261 -324.043757 -342.196012 -409.650623 -427.896895 -445.583417 -475.260807 -487.757133 -495.379772 -485.163991 -487.636961 -488.499495 -482.078704 -464.055836 -447.055699 -390.354686 -348.365272 -322.020243 -281.487424 -249.940953 -205.600130 -153.906261 -51.668504 -24.546928 0.635811 40.784757 76.680949 96.876649 89.776434 61.439361 26.565810 -29.763825 -144.310166 -194.051905 -255.910853 -306.243822 -339.070328 -363.237414 -430.177114 -497.506615 -535.287287 -545.131175 -9999.0 -9999.0 -9999.0 -9999.0 -9999.0
-9999.0 -599.616027 -587.034400 -577.113971 -524.333195 -331.163625 -245.542943 18.159406 72.683438 3.361285 -105.605056 -24.391902 7.968112 9.269528 -14.828435 -23.724048 -29.524825 -30.378623 -18.703398 -46.409064 -123.312267 -141.819990 -143.906987 -157.026682 -180.720906 -200.512792 -215.574031 -236.865345 -286.155654 -319.244021 -364.445270 -402.651394 -481.038881 -517.259368 -533.736413 -547.498292 -559.908723 -559.658524 -555.775024 -559.194582 -562.909485 -566.701202 -562.063135 -559.836759 -557.767745 -560.272033 -559.461523 -552.940358 -541.805940 -529.271386 -508.871590 -475.252346 -423.713676 -351.961492 -329.324509 -289.119330 -247.442857 -198.902066 -125.145340 -5.267045 21.945346 51.812344 87.520817 105.549850 67.287314 30.639214 -21.837412 -132.918161 -222.177476 -260.617101 -280.622853 -306.037774 -341.210739 -9999.0 -9999.0 -9999.0 -9999.0 -9999.0 -9999.0 -9999.0
-9999.0 -603.714787 -590.346238 -587.999479 -570.507791 -530.156249 -446.389706 -326.974328 -166.844414 -286.320954 -299.718090 -279.639676 -254.660028 -234.626261 -256.279676 -284.405434 -302.479242 -298.993299 -297.361265 -314.105321 -333.720865 -341.901870 -342.666559 -351.386982 -390.232637 -416.993717 -432.786936 -458.943446 -488.718998 -515.712179 -544.954944 -558.533524 -567.766267 -571.014756 -573.395209 -575.867327 -580.316093 -577.921591 -576.032553 -576.510501 -577.920037 -578.951432 -575.604342 -574.352949 -573.277632 -576.244346 -574.093318 -572.034240 -567.483338 -562.666853 -555.700433 -545.249999 -531.383391 -520.606177 -512.089435 -494.556299 -458.890077 -372.883117 -311.083506 -222.748443 -148.539711 -56.648892 -7.938998 23.400654 42.176096 53.568016 59.907532 29.520182 -193.721162 -221.191639 -228.103488 -9999.0 -9999.0 -9999.0 -9999.0 -9999.0 -9999.0 -9999.0 -9999.0 -9999.0
-9999.0 -9999.0 -606.592708 -601.017591 -596.127262 -590.739381 -582.913726 -572.549953 -564.084889 -552.573211 -535.250092 -514.304126 -499.049508 -491.297410 -501.508022 -519.876136 -529.646509 -529.015625 -531.594388 -536.581133 -545.054919 -548.134768 -550.215688 -551.874732 -555.346003 -556.806339 -557.444612 -558.802214 -561.727777 -568.022193 -573.435511 -577.161111 -581.129120 -581.109710 -581.785669 -583.131643 -582.090647 -582.361999 -581.990619 -582.165495 -581.841613 -581.200982 -580.395315 -579.301931 -579.202361 -578.882459 -578.457442 -577.229767 -575.327963 -572.749077 -567.833311 -560.600641 -554.904226 -553.462015 -556.312802 -555.401629 -551.267410 -540.920355 -505.204002 -419.960890 -332.217840 -274.944127 -204.724681 -156.553612 -133.916956 -63.479306 -10.020035 -138.032402 -261.521506 -249.727573 -9999.0 -9999.0 -9999.0 -9999.0 -9999.0 -9999.0 -9999.0 -9999.0 -9999.0 -9999.0
-9999.0 -9999.0 -9999.0 -9999.0 -608.979828 -601.133966 -594.018844 -594.579504 -589.222351 -585.747841 -582.377966 -578.322001 -574.909325 -572.740022 -575.263393 -575.855104 -576.418662 -576.092076 -576.681248 -577.347871 -577.684337 -578.133466 -578.609153 -579.215786 -578.988229 -578.419412 -578.281551 -579.308645 -579.415576 -581.343546 -581.673211 -582.862928 -584.007366 -585.278266 -585.062203 -585.198354 -584.667711 -585.250222 -584.363960 -584.854817 -584.158050 -583.817798 -582.943630 -581.537347 -581.971150 -581.161084 -581.082165 -580.000534 -579.440762 -576.423487 -571.498145 -565.702464 -561.675190 -561.801939 -566.725262 -568.830454 -569.970818 -566.790351 -561.079437 -548.493241 -514.053053 -466.007860 -370.513728 -330.722688 -306.364110 -263.770238 -216.080255 -202.434282 -9999.0 -9999.0 -9999.0 -9999.0 -9999.0 -9999.0 -9999.0 -9999.0 -9999.0 -9999.0 -9999.0 -9999.0
-9999.0 -9999.0 -9999.0 -9999.0 -9999.0 -9999.0 -605.606445 -601.679388 -602.786269 -599.720231 -596.937668 -594.712914 -591.411724 -591.721971 -590.751944 -588.222097 -588.578277 -589.795327 -591.311867 -589.097540 -588.117719 -587.915139 -590.371505 -589.705335 -589.442771 -588.503300 -588.599127 -588.216147 -590.300688 -587.868328 -586.713461 -587.213765 -587.697254 -587.271300 -587.803765 -586.282095 -586.101387 -587.326538 -587.677826 -585.897802 -585.363065 -585.579049 -585.186729 -583.910242 -582.079769 -581.767295 -582.540924 -583.600892 -581.655231 -577.169701 -571.949699 -567.183785 -564.006655 -562.995113 -567.194219 -572.723816 -575.459004 -575.764848 -573.378792 -568.732000 -557.623730 -549.373886 -542.196482 -532.923078 -521.564855 -458.414879 -9999.0 -9999.0 -9999.0 -9999.0 -9999.0 -9999.0 -9999.0 -9999.0 -9999.0 -9999.0 -9999.0 -9999.0 -9999.0 -9999.0
-9999.0 -9999.0 -9999.0 -9999.0 -9999.0 -9999.0 -9999.0 -9999.0 -9999.0 -9999.0 -9999.0 -9999.0 -9999.0 -9999.0 -9999.0 -9999.0 -9999.0 -9999.0 -9999.0 -9999.0 -9999.0 -9999.0 -9999.0 -9999.0 -9999.0 -9999.0 -9999.0 -9999.0 -9999.0 -9999.0 -9999.0 -9999.0 -9999.0 -9999.0 -9999.0 -9999.0 -9999.0 -9999.0 -9999.0 -9999.0 -9999.0 -9999.0 -9999.0 -9999.0 -9999.0 -9999.0 -9999.0 -9999.0 -9999.0 -9999.0 -9999.0 -9999.0 -9999.0 -9999.0 -9999.0 -9999.0 -9999.0 -9999.0 -9999.0 -9999.0 -9999.0 -9999.0 -9999.0 -9999.0 -9999.0 -9999.0 -9999.0 -9999.0 -9999.0 -9999.0 -9999.0 -9999.0 -9999.0 -9999.0 -9999.0 -9999.0 -9999.0 -9999.0 -9999.0 -9999.0
-9999.0 -9999.0 -9999.0 -9999.0 -9999.0 -9999.0 -9999.0 -9999.0 -9999.0 -9999.0 -9999.0 -9999.0 -9999.0 -9999.0 -9999.0 -9999.0 -9999.0 -9999.0 -9999.0 -9999.0 -9999.0 -9999.0 -9999.0 -9999.0 -9999.0 -9999.0 -9999.0 -9999.0 -9999.0 -9999.0 -9999.0 -9999.0 -9999.0 -9999.0 -9999.0 -9999.0 -9999.0 -9999.0 -9999.0 -9999.0 -9999.0 -9999.0 -9999.0 -9999.0 -9999.0 -9999.0 -9999.0 -9999.0 -9999.0 -9999.0 -9999.0 -9999.0 -9999.0 -9999.0 -9999.0 -9999.0 -9999.0 -9999.0 -9999.0 -9999.0 -9999.0 -9999.0 -9999.0 -9999.0 -9999.0 -9999.0 -9999.0 -9999.0 -9999.0 -9999.0 -9999.0 -9999.0 -9999.0 -9999.0 -9999.0 -9999.0 -9999.0 -9999.0 -9999.0 -9999.0