Borden_/Borden1m_014/output_maps/psiliqL0028N0036.asc
ncols         80
nrows         18
xllcorner     620200.000000
yllcorner     5168000.000000
cellsize      1.000000
NODATA_value  -9999.0
-9999.0 -9999.0 -9999.0 -9999.0 -9999.0 -9999.0 -9999.0 -9999.0 -9999.0 -9999.0 -9999.0 -9999.0 -9999.0 -9999.0 -9999.0 -9999.0 -9999.0 -9999.0 -9999.0 -9999.0 -9999.0 -9999.0 -9999.0 -9999.0 -9999.0 -9999.0 -9999.0 -9999.0 -9999.0 -9999.0 -9999.0 -9999.0 -9999.0 -9999.0 -9999.0 -9999.0 -9999.0 -9999.0 -9999.0 -9999.0 -9999.0 -9999.0 -9999.0 -9999.0 -9999.0 -9999.0 -9999.0 -9999.0 -9999.0 -9999.0 -9999.0 -9999.0 -9999.0 -9999.0 -9999.0 -9999.0 -9999.0 -9999.0 -9999.0 -9999.0 -9999.0 -9999.0 -9999.0 -9999.0 -9999.0 -9999.0 -9999.0 -9999.0 -9999.0 -9999.0 -9999.0 -9999.0 -9999.0 -9999.0 -9999.0 -9999.0 -9999.0 -9999.0 -9999.0 -9999.0
-9999.0 -9999.0 -9999.0 -9999.0 -9999.0 -9999.0 -9999.0 -9999.0 -9999.0 -9999.0 -9999.0 -9999.0 -9999.0 -9999.0 -9999.0 -9999.0 -9999.0 -9999.0 -9999.0 -9999.0 -9999.0 -9999.0 -9999.0 -9999.0 -9999.0 -9999.0 -9999.0 -9999.0 -9999.0 -9999.0 -9999.0 -9999.0 -9999.0 -9999.0 -9999.0 -9999.0 -9999.0 -9999.0 -9999.0 -9999.0 -9999.0 -9999.0 -9999.0 -9999.0 -9999.0 -9999.0 -9999.0 -9999.0 -9999.0 -9999.0 -9999.0 -9999.0 -9999.0 -9999.0 -9999.0 -9999.0 -9999.0 -9999.0 -9999.0 -9999.0 -9999.0 -9999.0 -9999.0 -9999.0 -9999.0 -9999.0 -9999.0 -9999.0 -9999.0 -9999.0 -9999.0 -9999.0 -9999.0 -9999.0 -9999.0 -9999.0 -9999.0 -9999.0 -9999.0 -9999.0
-9999.0 -9999.0 -9999.0 -9999.0 -9999.0 -9999.0 -9999.0 -9999.0 -9999.0 -9999.0 -9999.0 -9999.0 -9999.0 -9999.0 -9999.0 -9999.0 -9999.0 -9999.0 -9999.0 -9999.0 3725.109204 3725.772773 3704.093256 3669.786623 3641.329070 3642.898697 3675.321923 3715.610094 3754.226278 3760.942327 3741.420709 3745.208328 3740.571841 3735.307249 3734.939815 3742.659844 3749.547489 3758.880373 3765.493054 3762.795200 3755.170883 3750.133853 3753.081078 3754.421669 3760.836713 3745.746315 3762.093474 3778.572003 3783.209105 3780.895611 3757.735660 3746.474814 3738.788305 3723.374360 3750.482795 3762.328895 3786.137142 3791.063389 3789.257508 3762.822307 3732.937794 -9999.0 -9999.0 -9999.0 -9999.0 -9999.0 -9999.0 -9999.0 -9999.0 -9999.0 -9999.0 -9999.0 -9999.0 -9999.0 -9999.0 -9999.0 -9999.0 -9999.0 -9999.0 -9999.0
-9999.0 -9999.0 -9999.0 -9999.0 -9999.0 -9999.0 -9999.0 -9999.0 -9999.0 -9999.0 -9999.0 -9999.0 -9999.0 -9999.0 3635.222167 3626.477160 3623.364878 3630.204277 3662.214267 3692.239066 3703.673517 3695.981603 3695.494727 3670.275700 3646.712105 3658.713905 3687.658671 3717.530994 3750.334914 3766.834847 3755.599983 3752.632684 3758.775300 3776.991682 3783.897005 3779.934916 3762.533560 3786.863723 3799.522646 3803.106691 3800.806693 3790.669804 3798.603526 3812.265896 3805.130359 3790.203654 3802.205066 3817.782706 3828.297898 3821.185851 3764.213365 3753.661522 3750.958852 3747.733175 3735.216211 3732.172382 3761.456337 3761.393934 3754.779478 3738.111071 3705.075162 3659.990656 3641.424757 3682.837091 3726.905689 3783.457561 -9999.0 -9999.0 -9999.0 -9999.0 -9999.0 -9999.0 -9999.0 -9999.0 -9999.0 -9999.0 -9999.0 -9999.0 -9999.0 -9999.0
-9999.0 -9999.0 -9999.0 -9999.0 -9999.0 -9999.0 -9999.0 -9999.0 -9999.0 3578.026726 3584.049476 3590.695288 3592.903820 3607.623475 3603.910450 3610.428949 3613.494303 3640.367114 3669.129324 3701.906601 3728.145961 3718.494522 3716.499167 3718.840478 3711.152126 3717.757973 3737.525777 3773.307761 3802.815969 3836.925648 3802.336566 3796.736021 3813.736325 3853.755404 3874.719026 3875.481856 3856.585005 3874.871006 3898.084085 3912.569530 3908.586401 3901.945890 3928.271381 3943.870223 3936.186001 3914.101735 3914.876935 3923.748347 3953.766743 3903.021021 3836.937175 3800.954556 3819.121715 3799.677550 3776.134541 3767.064462 3768.820372 3789.751287 3779.008069 3746.068844 3713.758807 3702.346992 3686.140162 3708.436522 3732.432906 3779.381280 3819.890670 3850.211503 3849.883010 3832.867036 -9999.0 -9999.0 -9999.0 -9999.0 -9999.0 -9999.0 -9999.0 -9999.0 -9999.0 -9999.0
-9999.0 -9999.0 -9999.0 -9999.0 -9999.0 -9999.0 3499.657861 3510.137300 3530.673425 3532.595151 3558.896493 3563.381606 3581.438195 3597.771894 3619.077540 3630.681866 3654.189937 3683.020966 3717.581100 3753.636414 3779.903260 3766.719011 3771.041682 3788.060369 3812.113968 3828.804996 3850.885315 3888.411211 3960.497720 3996.321180 3986.204613 3986.308321 3994.319206 4045.077196 4109.149674 4119.218170 4098.423820 4085.711620 4110.291925 4148.454556 4145.427582 4144.108649 4158.162958 4169.428925 4196.387361 4184.760320 4148.888647 4144.988027 4153.335824 4128.858004 4057.790350 4001.438837 3985.158829 3938.095988 3854.019020 3813.412617 3840.760642 3870.691627 3850.562747 3801.994650 3771.370379 3767.248893 3757.333324 3752.091078 3766.158031 3790.232185 3814.810359 3829.440512 3818.034052 3797.502267 3776.270249 3748.438349 3751.420153 3776.480860 -9999.0 -9999.0 -9999.0 -9999.0 -9999.0 -9999.0
-9999.0 -9999.0 -9999.0 -9999.0 3450.580495 3463.135434 3447.425930 3473.340117 3504.616638 3537.517662 3563.646596 3593.810622 3615.627618 3641.091287 3672.261304 3691.352989 3721.134347 3749.338559 3794.976734 3854.667205 3897.597836 3909.066709 3916.679330 3966.942803 4022.785114 4069.092253 4087.780411 4114.041857 4161.478839 4218.359786 4240.244628 4242.497085 4259.474373 4304.619038 4363.022245 4398.757306 4380.756796 4371.357807 4382.416021 4397.556762 4419.721836 4419.755558 4420.902499 4425.512871 4433.813288 4431.618861 4404.061936 4370.189377 4357.066617 4346.503571 4306.190155 4232.753238 4203.639502 4173.752332 4128.109622 4072.687552 4028.445772 4032.481271 3977.312993 3921.705025 3873.666977 3868.145213 3849.609860 3835.233766 3819.858812 3833.935055 3847.325002 3833.141745 3803.548263 3774.795188 3762.334799 3745.175790 3733.971831 3765.508966 3783.588210 3812.991655 -9999.0 -9999.0 -9999.0 -9999.0
-9999.0 -9999.0 3392.222677 3436.488025 3492.997999 3497.971242 3489.199942 3490.737215 3515.913991 3563.821238 3623.228665 3657.254799 3683.112611 3712.514146 3761.341181 3820.071263 3878.138556 3920.230396 3978.767441 4048.724403 4107.905290 4134.163235 4142.368556 4178.463727 4234.259020 4305.657617 4334.532470 4361.693882 4394.581234 4432.441060 4420.475309 4430.555728 4443.816467 4458.615030 4475.466854 4483.606755 4478.371801 4473.686881 4454.905998 4449.390429 4455.807448 4464.502582 4463.001747 4448.050507 4444.059155 4459.344672 4466.044658 4463.648197 4460.246433 4464.711168 4458.510932 4407.938886 4394.232391 4378.391152 4365.619663 4318.465520 4250.456146 4218.999878 4196.427982 4154.183952 4080.144175 4044.441208 4006.030111 3972.629689 3936.578985 3925.581653 3894.779850 3863.636978 3825.721538 3785.589987 3767.149125 3753.574101 3753.621435 3754.460334 3772.580025 3788.400172 3804.468495 3812.590340 -9999.0 -9999.0
-9999.0 3281.189975 3351.467908 3471.372355 3547.822928 3582.301467 3585.694307 3584.450746 3608.633171 3641.955384 3725.154048 3767.896022 3850.374786 3888.879073 3928.431695 4018.361612 4114.463906 4158.894998 4199.181592 4265.361824 4333.150866 4381.212281 4408.037791 4380.912013 4422.154081 4455.598245 4464.946335 4472.867961 4473.826467 4465.218136 4459.120845 4465.637429 4462.458180 4442.824831 4426.320395 4424.401541 4420.896080 4397.181891 4369.341232 4353.407132 4354.348281 4379.811867 4366.321286 4344.749956 4340.255027 4362.222246 4384.341602 4373.386206 4360.099658 4376.819261 4411.997417 4438.064827 4437.511394 4456.526334 4477.755254 4447.940627 4427.870443 4382.869018 4365.560184 4339.816202 4281.817551 4226.884137 4178.330028 4130.071087 4078.233174 4030.594209 3983.438538 3936.592945 3884.119131 3851.801812 3828.218501 3786.648849 3775.293823 3782.574214 3778.293251 3777.050512 3783.807928 3790.445876 -9999.0 -9999.0
-9999.0 3181.201038 3318.718534 3493.880391 3634.565735 3671.249675 3725.010877 3776.632694 3788.414228 3728.677952 3830.074231 4048.996606 4177.061140 4196.172756 4273.926279 4372.089949 4348.679732 4380.984543 4405.174728 4434.650950 4458.274981 4473.861530 4472.468760 4467.669424 4450.889775 4442.817380 4441.859339 4439.649278 4421.903171 4402.635005 4385.596481 4382.115602 4363.559078 4312.309689 4278.430411 4260.207260 4239.741511 4226.779477 4200.034231 4173.648820 4156.333488 4165.450762 4164.745812 4151.954170 4147.557383 4165.198144 4196.170120 4195.159003 4208.380302 4228.288645 4263.856374 4302.883174 4322.369544 4351.921194 4387.945757 4437.278695 4445.022108 4467.733367 4470.326827 4461.355095 4413.710674 4361.340490 4331.587811 4275.544879 4215.903416 4154.133701 4104.827154 4060.050701 4004.580663 3971.170668 3932.616847 3879.289233 3838.058252 3832.696535 3800.100315 3788.127514 -9999.0 -9999.0 -9999.0 -9999.0
-9999.0 3073.916513 3250.189246 3483.610528 3780.599605 3845.294090 4048.717466 4163.207990 4201.016272 4270.009797 4133.543853 4354.125451 4411.627832 4407.843491 4427.965301 4431.879358 4446.688970 4445.780691 4440.681191 4429.474799 4419.623469 4414.847805 4413.873783 4405.909116 4393.165026 4378.410208 4366.330334 4354.577098 4317.251130 4284.739818 4244.058378 4231.155154 4184.451052 4091.587072 4052.957166 4013.098231 3950.537051 3954.015424 3963.635658 3940.097909 3920.118762 3890.158661 3921.376724 3933.599358 3938.340702 3932.445166 3941.009977 3971.279782 4020.622692 4055.457923 4094.319437 4142.667000 4173.595095 4212.986522 4252.507244 4305.182477 4336.943151 4366.125577 4416.082167 4453.341862 4476.298874 4461.563941 4444.002477 4398.053608 4337.328197 4287.707372 4258.186078 4206.962917 4163.189037 4119.865212 4073.441634 4020.755593 3959.253267 3909.896596 3876.765351 -9999.0 -9999.0 -9999.0 -9999.0 -9999.0
-9999.0 2843.500025 3103.329877 3362.030377 3627.363734 3974.065130 4156.706976 4248.262045 4312.882651 4300.489781 4328.252597 4333.426791 4371.033909 4378.996441 4357.717012 4343.243945 4324.747803 4323.657928 4336.799291 4309.033944 4278.228121 4264.579828 4265.552264 4254.877039 4230.653289 4215.810946 4206.609201 4187.713505 4144.546405 4093.606554 4008.259918 3971.884434 3891.580897 3855.767972 3820.413863 3773.631491 3730.094549 3736.878120 3762.954221 3754.976996 3734.609252 3718.007159 3748.028008 3769.634402 3783.192668 3766.161310 3772.549802 3806.937310 3853.238177 3893.578904 3937.075603 3984.840032 4027.009695 4065.631116 4085.403561 4123.719560 4166.042558 4207.887939 4278.608462 4358.381228 4395.269951 4430.522196 4458.687779 4480.919458 4437.600817 4411.948779 4387.753494 4363.719904 4316.905458 4271.171779 4230.590547 4164.970120 4105.404147 -9999.0 -9999.0 -9999.0 -9999.0 -9999.0 -9999.0 -9999.0
-9999.0 2741.206449 2920.521306 3098.504799 3336.559717 3564.641997 3794.413403 3884.459733 3955.597265 4035.364304 4093.930212 4133.369061 4159.177175 4181.184935 4158.741050 4111.503727 4078.671527 4083.864875 4073.972279 4053.497215 4026.099801 4013.500897 4010.653823 4006.221693 3985.513243 3975.893368 3969.581023 3951.963608 3927.661014 3874.897413 3804.755233 3731.067362 3678.736367 3661.895035 3640.950032 3615.581749 3591.140371 3605.266649 3618.000158 3618.977612 3613.621823 3614.742595 3643.778884 3663.924886 3673.324011 3662.771759 3680.841731 3703.294603 3739.362104 3778.156353 3822.327259 3871.933391 3919.936335 3938.938309 3939.443340 3948.963032 3975.306628 4017.779837 4093.715125 4180.031247 4259.483033 4305.703556 4357.040669 4397.750573 4426.767407 4450.063917 4473.702758 4467.712203 4440.974802 4407.142567 4347.363358 -9999.0 -9999.0 -9999.0 -9999.0 -9999.0 -9999.0 -9999.0 -9999.0 -9999.0
-9999.0 -9999.0 2704.711003 2840.286972 2924.644369 3074.207008 3209.557953 3313.803997 3417.400500 3565.283305 3691.876196 3788.169534 3835.688174 3851.484550 3838.106160 3811.056473 3794.933954 3794.446192 3782.384499 3777.192046 3764.324422 3759.745844 3747.667128 3740.614658 3738.216617 3738.999701 3737.708110 3730.553001 3715.319754 3675.469752 3641.674885 3599.355980 3555.178287 3535.163538 3518.711834 3503.624775 3509.749198 3505.131314 3511.062698 3514.731031 3525.418753 3540.252703 3559.519092 3582.501284 3592.173351 3602.726519 3613.142093 3634.177824 3663.321636 3702.947058 3753.781886 3808.188758 3843.530840 3849.467552 3830.098382 3823.435705 3829.619535 3856.561001 3917.418765 3985.319438 4076.020929 4142.195869 4209.335687 4265.968925 4293.113561 4329.515464 4400.993724 4449.114144 4493.124712 4470.635476 -9999.0 -9999.0 -9999.0 -9999.0 -9999.0 -9999.0 -9999.0 -9999.0 -9999.0 -9999.0
-9999.0 -9999.0 -9999.0 -9999.0 2711.912828 2839.765720 2934.639525 3003.326071 3136.049905 3265.854777 3371.731719 3459.817140 3530.816770 3557.166435 3560.102259 3580.268028 3580.505681 3570.558951 3559.465229 3566.200002 3573.065084 3567.547348 3550.386590 3545.215867 3550.963361 3560.931100 3560.791781 3549.799871 3533.505610 3523.464369 3514.424772 3486.656887 3457.264290 3432.208708 3422.447447 3421.780544 3423.346276 3416.249715 3425.324745 3435.379338 3451.957075 3467.291181 3490.800918 3520.762618 3535.755473 3550.315726 3558.383597 3576.070200 3604.132253 3655.120514 3716.392150 3772.669418 3806.403076 3806.181473 3776.836100 3754.101561 3740.179209 3756.052773 3783.235867 3831.926619 3920.428127 3982.234765 4026.093457 4063.680503 4099.989256 4166.284901 4262.866996 4345.203909 -9999.0 -9999.0 -9999.0 -9999.0 -9999.0 -9999.0 -9999.0 -9999.0 -9999.0 -9999.0 -9999.0 -9999.0
-9999.0 -9999.0 -9999.0 -9999.0 -9999.0 -9999.0 2693.534331 2800.855347 2841.002978 2988.504782 3137.273161 3244.190688 3328.274955 3365.675821 3401.935682 3433.737491 3435.224704 3414.526312 3392.010558 3415.186343 3436.607004 3430.467333 3397.713240 3400.664540 3409.659212 3418.926235 3418.123423 3414.517268 3392.589399 3413.615646 3421.936667 3402.326986 3379.981261 3370.461887 3361.104403 3372.816417 3374.258879 3360.622571 3359.734347 3388.608231 3410.379493 3423.354121 3444.170594 3477.390020 3509.860029 3525.530397 3525.996659 3529.891293 3565.197544 3632.654206 3703.375290 3758.344730 3789.177060 3793.379514 3761.969897 3716.449238 3689.491321 3687.121018 3709.872092 3747.267852 3807.020015 3841.907877 3850.373755 3848.442045 3858.530400 3959.692719 -9999.0 -9999.0 -9999.0 -9999.0 -9999.0 -9999.0 -9999.0 -9999.0 -9999.0 -9999.0 -9999.0 -9999.0 -9999.0 -9999.0
-9999.0 -9999.0 -9999.0 -9999.0 -9999.0 -9999.0 -9999.0 -9999.0 -9999.0 -9999.0 -9999.0 -9999.0 -9999.0 -9999.0 -9999.0 -9999.0 -9999.0 -9999.0 -9999.0 -9999.0 -9999.0 -9999.0 -9999.0 -9999.0 -9999.0 -9999.0 -9999.0 -9999.0 -9999.0 -9999.0 -9999.0 -9999.0 -9999.0 -9999.0 -9999.0 -9999.0 -9999.0 -9999.0 -9999.0 -9999.0 -9999.0 -9999.0 -9999.0 -9999.0 -9999.0 -9999.0 -9999.0 -9999.0 -9999.0 -9999.0 -9999.0 -9999.0 -9999.0 -9999.0 -9999.0 -9999.0 -9999.0 -9999.0 -9999.0 -9999.0 -9999.0 -9999.0 -9999.0 -9999.0 -9999.0 -9999.0 -9999.0 -9999.0 -9999.0 -9999.0 -9999.0 -9999.0 -9999.0 -9999.0 -9999.0 -9999.0 -9999.0 -9999.0 -9999.0 -9999.0
-9999.0 -9999.0 -9999.0 -9999.0 -9999.0 -9999.0 -9999.0 -9999.0 -9999.0 -9999.0 -9999.0 -9999.0 -9999.0 -9999.0 -9999.0 -9999.0 -9999.0 -9999.0 -9999.0 -9999.0 -9999.0 -9999.0 -9999.0 -9999.0 -9999.0 -9999.0 -9999.0 -9999.0 -9999.0 -9999.0 -9999.0 -9999.0 -9999.0 -9999.0 -9999.0 -9999.0 -9999.0 -9999.0 -9999.0 -9999.0 -9999.0 -9999.0 -9999.0 -9999.0 -9999.0 -9999.0 -9999.0 -9999.0 -9999.0 -9999.0 -9999.0 -9999.0 -9999.0 -9999.0 -9999.0 -9999.0 -9999.0 -9999.0 -9999.0 -9999.0 -9999.0 -9999.0 -9999.0 -9999.0 -9999.0 -9999.0 -9999.0 -9999.0 -9999.0 -9999.0 -9999.0 -9999.0 -9999.0 -9999.0 -9999.0 -9999.0 -9999.0 -9999.0 -9999.0 -9999.0