Borden_/Borden1m_014/output_maps/psiliqL0020N0022.asc
ncols         80
nrows         18
xllcorner     620200.000000
yllcorner     5168000.000000
cellsize      1.000000
NODATA_value  -9999.0
-9999.0 -9999.0 -9999.0 -9999.0 -9999.0 -9999.0 -9999.0 -9999.0 -9999.0 -9999.0 -9999.0 -9999.0 -9999.0 -9999.0 -9999.0 -9999.0 -9999.0 -9999.0 -9999.0 -9999.0 -9999.0 -9999.0 -9999.0 -9999.0 -9999.0 -9999.0 -9999.0 -9999.0 -9999.0 -9999.0 -9999.0 -9999.0 -9999.0 -9999.0 -9999.0 -9999.0 -9999.0 -9999.0 -9999.0 -9999.0 -9999.0 -9999.0 -9999.0 -9999.0 -9999.0 -9999.0 -9999.0 -9999.0 -9999.0 -9999.0 -9999.0 -9999.0 -9999.0 -9999.0 -9999.0 -9999.0 -9999.0 -9999.0 -9999.0 -9999.0 -9999.0 -9999.0 -9999.0 -9999.0 -9999.0 -9999.0 -9999.0 -9999.0 -9999.0 -9999.0 -9999.0 -9999.0 -9999.0 -9999.0 -9999.0 -9999.0 -9999.0 -9999.0 -9999.0 -9999.0
-9999.0 -9999.0 -9999.0 -9999.0 -9999.0 -9999.0 -9999.0 -9999.0 -9999.0 -9999.0 -9999.0 -9999.0 -9999.0 -9999.0 -9999.0 -9999.0 -9999.0 -9999.0 -9999.0 -9999.0 -9999.0 -9999.0 -9999.0 -9999.0 -9999.0 -9999.0 -9999.0 -9999.0 -9999.0 -9999.0 -9999.0 -9999.0 -9999.0 -9999.0 -9999.0 -9999.0 -9999.0 -9999.0 -9999.0 -9999.0 -9999.0 -9999.0 -9999.0 -9999.0 -9999.0 -9999.0 -9999.0 -9999.0 -9999.0 -9999.0 -9999.0 -9999.0 -9999.0 -9999.0 -9999.0 -9999.0 -9999.0 -9999.0 -9999.0 -9999.0 -9999.0 -9999.0 -9999.0 -9999.0 -9999.0 -9999.0 -9999.0 -9999.0 -9999.0 -9999.0 -9999.0 -9999.0 -9999.0 -9999.0 -9999.0 -9999.0 -9999.0 -9999.0 -9999.0 -9999.0
-9999.0 -9999.0 -9999.0 -9999.0 -9999.0 -9999.0 -9999.0 -9999.0 -9999.0 -9999.0 -9999.0 -9999.0 -9999.0 -9999.0 -9999.0 -9999.0 -9999.0 -9999.0 -9999.0 -9999.0 2154.174160 2156.723272 2136.157503 2103.923006 2077.705945 2081.722327 2117.519247 2160.540247 2201.444466 2212.454088 2196.254864 2201.416173 2198.502578 2196.640042 2198.820579 2206.859992 2213.076963 2223.850833 2232.081997 2231.505196 2225.698647 2221.471439 2223.444919 2225.900227 2231.434953 2218.048475 2231.987671 2246.303010 2249.639144 2243.876061 2216.567140 2200.599529 2189.509440 2171.275116 2194.219243 2203.579650 2223.935913 2225.952426 2222.190193 2194.064965 2163.212349 -9999.0 -9999.0 -9999.0 -9999.0 -9999.0 -9999.0 -9999.0 -9999.0 -9999.0 -9999.0 -9999.0 -9999.0 -9999.0 -9999.0 -9999.0 -9999.0 -9999.0 -9999.0 -9999.0
-9999.0 -9999.0 -9999.0 -9999.0 -9999.0 -9999.0 -9999.0 -9999.0 -9999.0 -9999.0 -9999.0 -9999.0 -9999.0 -9999.0 2059.314273 2051.271469 2050.102345 2059.756635 2094.452244 2125.924414 2138.040525 2131.854903 2133.416240 2111.177793 2091.547408 2107.007309 2138.752114 2171.839671 2208.061100 2229.338336 2220.710248 2220.522726 2230.550727 2254.379243 2265.534123 2262.894316 2244.564928 2269.077495 2284.107841 2291.301928 2291.026393 2282.801580 2293.927456 2308.782644 2301.472234 2284.618881 2291.858458 2304.025486 2313.885093 2301.205615 2238.153345 2220.207985 2213.663950 2205.531147 2189.400104 2182.095949 2206.655915 2203.833154 2193.838441 2174.505471 2140.281439 2095.011815 2074.826066 2112.648432 2154.591676 2209.687507 -9999.0 -9999.0 -9999.0 -9999.0 -9999.0 -9999.0 -9999.0 -9999.0 -9999.0 -9999.0 -9999.0 -9999.0 -9999.0 -9999.0
-9999.0 -9999.0 -9999.0 -9999.0 -9999.0 -9999.0 -9999.0 -9999.0 -9999.0 1997.186957 2003.375396 2011.995690 2016.193062 2033.289133 2031.576776 2040.286682 2047.837742 2077.067792 2109.288407 2145.317064 2174.556662 2167.603726 2169.150798 2178.301103 2179.607259 2191.928533 2215.442822 2257.094734 2294.632582 2335.560309 2307.581172 2306.631078 2326.862007 2372.018831 2400.255341 2404.675914 2386.450707 2399.477328 2424.119203 2443.647838 2442.743706 2439.481473 2464.369455 2478.842687 2475.827564 2454.389964 2447.559824 2450.350544 2476.147812 2423.844417 2356.297031 2309.865214 2316.866669 2288.860625 2254.494827 2235.905187 2232.364856 2250.279690 2234.101393 2195.774829 2159.125010 2145.816726 2126.467593 2143.178119 2163.633194 2207.526292 2244.965611 2271.862391 2269.314947 2250.556262 -9999.0 -9999.0 -9999.0 -9999.0 -9999.0 -9999.0 -9999.0 -9999.0 -9999.0 -9999.0
-9999.0 -9999.0 -9999.0 -9999.0 -9999.0 -9999.0 1916.299223 1927.430570 1949.399691 1954.274049 1981.784610 1989.953925 2011.933566 2032.496044 2056.389172 2073.482368 2103.608508 2137.617028 2178.298387 2221.091679 2253.896025 2247.946674 2259.232478 2286.417465 2321.999792 2348.613035 2375.131083 2416.700710 2493.825912 2536.570724 2539.987104 2545.698820 2556.723988 2607.225345 2671.221030 2682.251171 2661.454528 2647.561313 2669.622114 2707.038072 2710.191720 2711.713526 2726.729902 2737.510918 2763.300084 2751.677048 2710.263534 2699.168900 2701.696030 2681.078928 2614.673701 2552.016301 2522.032753 2469.261596 2385.006601 2333.979139 2346.283523 2365.983309 2337.129421 2282.664095 2242.344621 2231.198169 2214.913939 2201.602667 2207.935133 2225.818258 2245.746291 2255.128969 2239.859157 2216.552190 2192.532855 2162.332094 2163.018875 2187.033265 -9999.0 -9999.0 -9999.0 -9999.0 -9999.0 -9999.0
-9999.0 -9999.0 -9999.0 -9999.0 1864.653015 1878.729223 1866.741886 1894.156366 1928.490993 1964.451708 1996.376770 2033.385569 2061.577757 2093.192701 2132.936641 2164.275299 2204.502744 2240.344504 2295.001750 2363.159379 2414.132379 2435.875716 2451.331725 2509.982429 2572.329894 2625.078740 2647.647297 2676.954677 2725.655025 2787.651064 2815.711798 2822.981905 2841.801505 2881.723517 2933.649922 2848.089853 2830.439971 2822.442113 2830.408462 2842.877232 2865.089615 2865.373594 2866.521469 2869.681670 2875.893725 2875.101560 2850.758572 2819.396895 2920.833839 2910.180649 2875.365174 2802.929278 2764.538505 2731.238881 2689.822125 2634.638835 2576.182863 2565.289032 2505.650425 2445.422207 2385.712242 2366.869089 2337.161487 2312.131053 2284.881902 2287.141092 2289.905162 2267.634600 2232.458993 2198.043561 2181.284453 2160.777233 2147.642683 2176.517406 2192.685667 2221.544768 -9999.0 -9999.0 -9999.0 -9999.0
-9999.0 -9999.0 1803.055678 1851.073374 1909.660071 1919.134230 1918.441103 1925.429488 1955.706071 2009.436986 2081.757187 2128.472949 2167.602489 2203.758391 2263.978185 2338.083237 2407.694015 2456.483447 2521.563160 2595.520970 2659.504528 2691.370568 2708.083434 2752.355072 2810.245197 2877.906075 2907.275262 2935.601290 2843.897671 2876.433924 2877.673032 2889.944354 2900.548088 2908.689312 2919.334011 2923.009732 2918.914591 2914.434188 2897.472916 2893.037050 2899.642065 2904.985068 2906.338800 2892.374205 2888.544260 2903.004113 2907.158977 2905.975977 2906.874785 2911.533960 2910.760775 2867.174868 2840.052912 2826.719319 2933.400311 2886.362201 2818.735500 2778.773172 2754.332218 2705.917544 2627.110956 2578.554795 2528.899703 2482.882413 2431.104858 2403.388022 2357.881003 2315.028655 2267.025034 2218.781084 2193.319683 2174.068818 2169.952724 2167.691664 2182.579588 2196.312761 2210.536318 2217.728386 -9999.0 -9999.0
-9999.0 1696.018959 1768.301961 1893.505896 1974.422142 2018.113938 2041.944367 2058.827597 2089.658815 2122.873279 2221.975462 2295.504339 2385.764600 2427.864327 2478.685478 2577.194538 2675.568056 2728.060243 2771.834124 2835.496375 2901.121730 2830.779694 2855.820913 2850.379681 2886.512926 2907.640543 2913.227451 2918.340116 2915.095176 2906.796496 2899.129732 2905.809838 2904.047175 2885.382484 2869.731097 2867.780418 2864.075630 2842.379173 2934.079500 2916.811618 2917.327546 2827.651452 2928.198160 2907.154393 2903.616192 2926.125844 2830.589466 2821.063258 2930.332583 2825.679082 2858.329166 2880.999084 2886.616542 2904.143529 2924.815830 2897.394807 2872.595624 2832.043770 2936.990119 2906.568246 2846.209510 2786.072825 2729.902933 2666.970165 2601.663610 2537.374809 2474.637145 2411.729708 2345.692828 2303.145217 2270.907176 2220.525321 2199.752837 2200.356086 2190.349740 2185.902481 2190.137908 2195.672945 -9999.0 -9999.0
-9999.0 1607.897327 1749.126270 1931.580401 2079.754143 2133.194990 2219.299969 2291.423619 2317.208273 2280.675741 2389.265321 2611.114230 2730.656591 2754.269462 2832.693095 2821.366840 2820.227441 2850.537830 2872.434299 2889.817435 2903.955715 2914.525106 2912.447287 2906.785950 2891.396548 2883.828894 2884.394276 2882.389419 2865.446630 2846.624185 2829.537053 2827.304412 2931.454984 2882.451656 2847.154270 2827.225593 2806.601762 2786.320850 2754.443486 2725.127663 2705.451705 2717.901207 2715.181344 2698.379003 2694.950392 2718.478535 2750.378944 2750.437869 2765.265389 2788.220547 2828.994227 2870.862939 2895.258811 2927.603472 2837.454626 2881.310273 2893.177534 2915.195079 2918.997046 2904.550151 2861.611552 2936.395979 2900.511055 2836.081807 2764.385349 2684.224017 2619.632449 2557.201706 2487.055987 2440.332524 2391.664214 2332.217644 2279.456709 2259.235712 2219.000834 2199.592794 -9999.0 -9999.0 -9999.0 -9999.0
-9999.0 1517.677693 1701.902480 1951.821748 2239.056673 2334.835219 2543.054245 2672.677066 2727.125106 2799.981853 2735.899682 2827.650797 2868.660226 2862.238853 2868.820505 2870.406960 2884.277691 2885.140161 2880.714933 2870.610561 2861.942658 2858.004591 2856.751665 2848.995017 2836.672785 2823.474836 2934.340737 2919.424225 2879.171398 2843.749752 2803.257623 2786.169460 2742.813287 2646.226829 2603.022493 2563.207194 2501.617433 2496.304281 2493.587480 2463.713242 2443.584337 2417.489813 2442.933593 2452.151849 2456.263539 2455.961778 2471.085067 2501.347773 2551.192964 2590.290206 2635.626517 2689.505644 2728.639282 2773.937656 2819.167769 2876.381149 2912.147681 2945.348460 2864.231439 2900.146359 2921.522720 2910.633797 2888.788491 2847.422363 2899.279642 2833.779656 2784.799024 2711.582039 2646.863519 2593.092410 2542.608164 2486.686032 2418.448904 2345.486432 2303.889195 -9999.0 -9999.0 -9999.0 -9999.0 -9999.0
-9999.0 1317.140946 1583.173471 1861.105431 2157.825410 2496.534270 2655.701363 2774.558019 2848.343159 2827.621792 2846.129206 2863.572304 2813.853597 2820.565875 2903.487629 2894.775904 2882.876647 2884.305952 2898.713684 2873.030761 2843.790848 2830.268334 2829.512575 2816.700562 2791.107386 2772.770100 2760.910246 2738.092623 2686.899520 2633.613712 2548.007294 2512.249319 2431.092837 2382.455139 2340.242644 2289.932134 2239.332921 2239.161081 2258.208925 2244.693676 2222.350099 2203.922418 2231.768978 2252.110044 2265.666568 2253.027147 2262.479411 2299.220304 2349.865307 2395.250147 2445.331839 2501.474454 2548.532484 2596.161263 2626.932009 2675.870767 2727.984798 2777.028031 2852.121219 2934.517243 2844.005637 2876.606202 2907.972403 2927.160688 2885.147898 2853.756724 2826.961756 2849.262838 2776.155842 2725.545709 2690.963272 2637.809436 2577.168620 -9999.0 -9999.0 -9999.0 -9999.0 -9999.0 -9999.0 -9999.0
-9999.0 1197.631049 1404.293143 1615.926047 1884.652997 2121.352096 2333.320088 2437.869293 2518.837279 2575.539125 2622.555818 2660.983479 2692.909499 2718.157550 2700.689113 2659.173937 2630.629277 2636.461198 2631.011215 2609.089918 2580.601404 2566.091431 2562.271283 2554.559686 2529.458673 2514.404332 2502.643687 2478.133117 2447.132206 2391.052770 2313.323363 2237.850668 2178.861769 2151.406994 2123.641009 2092.350641 2059.788177 2069.876241 2080.851390 2078.337507 2069.140916 2067.289082 2096.204280 2115.576571 2125.897594 2115.536336 2135.496813 2162.071161 2203.500840 2247.713519 2297.317399 2352.388506 2406.625442 2435.204969 2447.380575 2470.161767 2508.935246 2563.127365 2649.466698 2747.727712 2829.105998 2880.375377 2934.130254 2846.336338 2869.487317 2895.552767 2906.377282 2885.770240 2848.363239 2820.861909 2785.070591 -9999.0 -9999.0 -9999.0 -9999.0 -9999.0 -9999.0 -9999.0 -9999.0 -9999.0
-9999.0 -9999.0 1174.702908 1340.547937 1459.864803 1632.192477 1779.941920 1890.477784 1987.217500 2116.049881 2230.814230 2320.853988 2366.636540 2385.002864 2373.269272 2345.332215 2327.532017 2328.312818 2318.079906 2309.617067 2292.081682 2284.657732 2271.569428 2262.299117 2253.276277 2248.086618 2242.270545 2230.966416 2209.835100 2164.025720 2119.275596 2069.859800 2018.252624 1993.334634 1972.084631 1951.664057 1951.876085 1946.671274 1951.432787 1953.070710 1960.816098 1973.908031 1993.638847 2016.164140 2026.287214 2036.348295 2049.035993 2072.985561 2106.095886 2148.838169 2203.400247 2262.309092 2303.088658 2316.250007 2306.244107 2310.291479 2328.641488 2369.614463 2447.281564 2530.343551 2628.373664 2701.866526 2777.014821 2831.609267 2851.121328 2871.940685 2836.186468 2865.626527 2872.006510 2859.674434 -9999.0 -9999.0 -9999.0 -9999.0 -9999.0 -9999.0 -9999.0 -9999.0 -9999.0 -9999.0
-9999.0 -9999.0 -9999.0 -9999.0 1200.831571 1352.425241 1450.201806 1532.483918 1664.341754 1789.878767 1893.320048 1978.810959 2044.321062 2071.904474 2071.303453 2082.825800 2080.828909 2074.120476 2064.337622 2065.926096 2067.211731 2059.952610 2044.148575 2036.473738 2037.609436 2042.639284 2039.311614 2025.052916 2006.319940 1986.484360 1968.530960 1935.155055 1900.288886 1871.341043 1858.242170 1853.234136 1852.747719 1845.042821 1853.237854 1860.965736 1876.284945 1891.352871 1914.953011 1944.252285 1958.647168 1973.803319 1983.662561 2004.103774 2034.878884 2088.680767 2152.723764 2211.399741 2248.709628 2253.940295 2230.329358 2215.121514 2211.144058 2238.576848 2282.016154 2346.938843 2448.208964 2522.753357 2579.191817 2624.443015 2659.460550 2710.872184 2772.585731 2817.973222 -9999.0 -9999.0 -9999.0 -9999.0 -9999.0 -9999.0 -9999.0 -9999.0 -9999.0 -9999.0 -9999.0 -9999.0
-9999.0 -9999.0 -9999.0 -9999.0 -9999.0 -9999.0 1167.984388 1271.607320 1346.932886 1491.692466 1628.591203 1732.842963 1814.935540 1849.139524 1879.526400 1908.695413 1908.613184 1890.048341 1870.221341 1890.323681 1906.267167 1899.973857 1868.756445 1868.586003 1873.607363 1880.934176 1877.869786 1871.021954 1845.626202 1858.768217 1860.580860 1837.317246 1811.386417 1797.823676 1785.892661 1795.379272 1795.302426 1781.115487 1780.771677 1807.824907 1828.272989 1841.214556 1862.674111 1895.935299 1928.536021 1944.269176 1945.904140 1952.005704 1991.337796 2061.739455 2134.250902 2190.730482 2224.302539 2233.237952 2207.415272 2168.127960 2148.551803 2155.984851 2190.569727 2242.159795 2317.458825 2366.318568 2390.719131 2402.507451 2420.017342 2513.989860 -9999.0 -9999.0 -9999.0 -9999.0 -9999.0 -9999.0 -9999.0 -9999.0 -9999.0 -9999.0 -9999.0 -9999.0 -9999.0 -9999.0
-9999.0 -9999.0 -9999.0 -9999.0 -9999.0 -9999.0 -9999.0 -9999.0 -9999.0 -9999.0 -9999.0 -9999.0 -9999.0 -9999.0 -9999.0 -9999.0 -9999.0 -9999.0 -9999.0 -9999.0 -9999.0 -9999.0 -9999.0 -9999.0 -9999.0 -9999.0 -9999.0 -9999.0 -9999.0 -9999.0 -9999.0 -9999.0 -9999.0 -9999.0 -9999.0 -9999.0 -9999.0 -9999.0 -9999.0 -9999.0 -9999.0 -9999.0 -9999.0 -9999.0 -9999.0 -9999.0 -9999.0 -9999.0 -9999.0 -9999.0 -9999.0 -9999.0 -9999.0 -9999.0 -9999.0 -9999.0 -9999.0 -9999.0 -9999.0 -9999.0 -9999.0 -9999.0 -9999.0 -9999.0 -9999.0 -9999.0 -9999.0 -9999.0 -9999.0 -9999.0 -9999.0 -9999.0 -9999.0 -9999.0 -9999.0 -9999.0 -9999.0 -9999.0 -9999.0 -9999.0
-9999.0 -9999.0 -9999.0 -9999.0 -9999.0 -9999.0 -9999.0 -9999.0 -9999.0 -9999.0 -9999.0 -9999.0 -9999.0 -9999.0 -9999.0 -9999.0 -9999.0 -9999.0 -9999.0 -9999.0 -9999.0 -9999.0 -9999.0 -9999.0 -9999.0 -9999.0 -9999.0 -9999.0 -9999.0 -9999.0 -9999.0 -9999.0 -9999.0 -9999.0 -9999.0 -9999.0 -9999.0 -9999.0 -9999.0 -9999.0 -9999.0 -9999.0 -9999.0 -9999.0 -9999.0 -9999.0 -9999.0 -9999.0 -9999.0 -9999.0 -9999.0 -9999.0 -9999.0 -9999.0 -9999.0 -9999.0 -9999.0 -9999.0 -9999.0 -9999.0 -9999.0 -9999.0 -9999.0 -9999.0 -9999.0 -9999.0 -9999.0 -9999.0 -9999.0 -9999.0 -9999.0 -9999.0 -9999.0 -9999.0 -9999.0 -9999.0 -9999.0 -9999.0 -9999.0 -9999.0