Borden_/Borden1m_014/output_maps/psiliqL0021N0015.asc
ncols         80
nrows         18
xllcorner     620200.000000
yllcorner     5168000.000000
cellsize      1.000000
NODATA_value  -9999.0
-9999.0 -9999.0 -9999.0 -9999.0 -9999.0 -9999.0 -9999.0 -9999.0 -9999.0 -9999.0 -9999.0 -9999.0 -9999.0 -9999.0 -9999.0 -9999.0 -9999.0 -9999.0 -9999.0 -9999.0 -9999.0 -9999.0 -9999.0 -9999.0 -9999.0 -9999.0 -9999.0 -9999.0 -9999.0 -9999.0 -9999.0 -9999.0 -9999.0 -9999.0 -9999.0 -9999.0 -9999.0 -9999.0 -9999.0 -9999.0 -9999.0 -9999.0 -9999.0 -9999.0 -9999.0 -9999.0 -9999.0 -9999.0 -9999.0 -9999.0 -9999.0 -9999.0 -9999.0 -9999.0 -9999.0 -9999.0 -9999.0 -9999.0 -9999.0 -9999.0 -9999.0 -9999.0 -9999.0 -9999.0 -9999.0 -9999.0 -9999.0 -9999.0 -9999.0 -9999.0 -9999.0 -9999.0 -9999.0 -9999.0 -9999.0 -9999.0 -9999.0 -9999.0 -9999.0 -9999.0
-9999.0 -9999.0 -9999.0 -9999.0 -9999.0 -9999.0 -9999.0 -9999.0 -9999.0 -9999.0 -9999.0 -9999.0 -9999.0 -9999.0 -9999.0 -9999.0 -9999.0 -9999.0 -9999.0 -9999.0 -9999.0 -9999.0 -9999.0 -9999.0 -9999.0 -9999.0 -9999.0 -9999.0 -9999.0 -9999.0 -9999.0 -9999.0 -9999.0 -9999.0 -9999.0 -9999.0 -9999.0 -9999.0 -9999.0 -9999.0 -9999.0 -9999.0 -9999.0 -9999.0 -9999.0 -9999.0 -9999.0 -9999.0 -9999.0 -9999.0 -9999.0 -9999.0 -9999.0 -9999.0 -9999.0 -9999.0 -9999.0 -9999.0 -9999.0 -9999.0 -9999.0 -9999.0 -9999.0 -9999.0 -9999.0 -9999.0 -9999.0 -9999.0 -9999.0 -9999.0 -9999.0 -9999.0 -9999.0 -9999.0 -9999.0 -9999.0 -9999.0 -9999.0 -9999.0 -9999.0
-9999.0 -9999.0 -9999.0 -9999.0 -9999.0 -9999.0 -9999.0 -9999.0 -9999.0 -9999.0 -9999.0 -9999.0 -9999.0 -9999.0 -9999.0 -9999.0 -9999.0 -9999.0 -9999.0 -9999.0 2358.526458 2361.145438 2340.942360 2309.174725 2283.577891 2288.148661 2324.069843 2366.821674 2407.307586 2417.813083 2401.779528 2408.140029 2407.122151 2407.247221 2411.555528 2421.593322 2429.534221 2440.544418 2448.471796 2446.987975 2439.989841 2434.657094 2435.940290 2437.886710 2443.736979 2430.889680 2446.148778 2461.562545 2465.144414 2458.999318 2430.680290 2413.369706 2400.793670 2381.389250 2403.644118 2412.251981 2431.401581 2432.438414 2427.915713 2399.509840 2368.474868 -9999.0 -9999.0 -9999.0 -9999.0 -9999.0 -9999.0 -9999.0 -9999.0 -9999.0 -9999.0 -9999.0 -9999.0 -9999.0 -9999.0 -9999.0 -9999.0 -9999.0 -9999.0 -9999.0
-9999.0 -9999.0 -9999.0 -9999.0 -9999.0 -9999.0 -9999.0 -9999.0 -9999.0 -9999.0 -9999.0 -9999.0 -9999.0 -9999.0 2262.075374 2254.426248 2253.781868 2264.028242 2299.388054 2331.490129 2343.614432 2337.753113 2339.666782 2318.010681 2299.172863 2315.437686 2347.522283 2379.885822 2415.076065 2435.439443 2426.955923 2428.017226 2440.257876 2467.381333 2481.245922 2480.775793 2463.848208 2489.483439 2504.113705 2509.902540 2507.983080 2498.099572 2507.578005 2521.741875 2514.744637 2499.307117 2508.889919 2522.753651 2532.961065 2519.932118 2454.875037 2435.193476 2426.775416 2417.673393 2400.802571 2393.086066 2416.873803 2412.447114 2401.494012 2381.678281 2347.101690 2301.759997 2281.049291 2318.472848 2359.930809 2414.358769 -9999.0 -9999.0 -9999.0 -9999.0 -9999.0 -9999.0 -9999.0 -9999.0 -9999.0 -9999.0 -9999.0 -9999.0 -9999.0 -9999.0
-9999.0 -9999.0 -9999.0 -9999.0 -9999.0 -9999.0 -9999.0 -9999.0 -9999.0 2199.813456 2206.148716 2214.896297 2219.375050 2236.730571 2235.128274 2244.350848 2252.394535 2282.583114 2315.748269 2352.752954 2382.428743 2376.292036 2377.966453 2387.570998 2389.872316 2403.566230 2427.796595 2469.157798 2503.511546 2542.386411 2513.709052 2514.213728 2538.097676 2587.878377 2619.555561 2626.459119 2610.182573 2624.921989 2649.086139 2666.488394 2663.084530 2657.293303 2679.391869 2693.139756 2689.983294 2670.391770 2668.579410 2674.313752 2701.370753 2648.067765 2577.488905 2528.179430 2533.370974 2505.402362 2471.256944 2451.551597 2446.702015 2462.910655 2445.404042 2406.028774 2369.197995 2355.039277 2334.781353 2350.963960 2370.827209 2413.914376 2451.224132 2477.631601 2474.456347 2455.292904 -9999.0 -9999.0 -9999.0 -9999.0 -9999.0 -9999.0 -9999.0 -9999.0 -9999.0 -9999.0
-9999.0 -9999.0 -9999.0 -9999.0 -9999.0 -9999.0 2119.542822 2130.948251 2153.120783 2157.734164 2185.487038 2193.652844 2215.912285 2236.840285 2261.431665 2279.214747 2310.103822 2345.241826 2387.019644 2431.420147 2466.105560 2460.056383 2472.144139 2499.350271 2537.163163 2566.188699 2594.074564 2634.842835 2708.684338 2748.173454 2749.344131 2756.624488 2772.619765 2830.212009 2899.553817 2913.648517 2895.308644 2882.864787 2904.817106 2940.310726 2939.928716 2938.842284 2809.165774 2818.547746 2845.060736 2836.246583 2942.464144 2935.056330 2939.874743 2917.682149 2846.673112 2779.035493 2746.421462 2690.886518 2607.315117 2555.673036 2566.628182 2583.839922 2553.289189 2498.589394 2456.942785 2444.561402 2426.914556 2412.778517 2418.605577 2435.732167 2454.615383 2463.065906 2446.853730 2422.759106 2398.508836 2367.589437 2367.473517 2390.815673 -9999.0 -9999.0 -9999.0 -9999.0 -9999.0 -9999.0
-9999.0 -9999.0 -9999.0 -9999.0 2067.976522 2082.539543 2070.697187 2098.656926 2133.329313 2169.552808 2201.376902 2238.587461 2267.112285 2299.290687 2339.438997 2371.371389 2412.560925 2449.812945 2507.088586 2578.717157 2632.018274 2653.843469 2669.203768 2729.787689 2797.090915 2854.394969 2879.036836 2907.439774 2807.099699 2862.263761 2885.327665 2889.339352 2906.589239 2946.810315 2999.458390 3012.839488 2995.795224 2987.516434 2995.774661 3008.487068 3030.601419 3030.749652 3031.147282 3034.396726 3040.836783 3039.895361 3015.841395 2983.395073 2992.538681 2982.822903 2948.388094 2878.233149 2845.398978 2818.344366 2926.196074 2869.107662 2808.129881 2793.737031 2730.883590 2669.035630 2608.430618 2587.822234 2556.139046 2529.900878 2502.357675 2503.100692 2504.154962 2480.231291 2443.358547 2407.465449 2389.651529 2367.865770 2353.315927 2381.018168 2396.060187 2424.036562 -9999.0 -9999.0 -9999.0 -9999.0
-9999.0 -9999.0 2005.310249 2053.718681 2113.302110 2123.744235 2123.589730 2131.218569 2162.039305 2216.234101 2288.434467 2334.673579 2373.549045 2410.697564 2473.057145 2548.232085 2619.535033 2669.278582 2740.684117 2820.957654 2888.517631 2920.432460 2935.717822 2828.108598 2880.783701 2946.319243 2973.541881 2999.246391 3006.557731 3040.228776 3039.594370 3051.443751 3062.233449 3071.055191 3082.378986 3087.441718 3083.266183 3078.822433 3060.803081 3056.276218 3062.891516 3069.493873 3069.586057 3055.446124 3051.519403 3065.973235 3071.192065 3069.712388 3068.215187 3073.791270 3072.499490 3028.330892 3003.291872 2989.333473 3002.105347 2957.120811 2892.050120 2857.248658 2837.998842 2944.470956 2864.127454 2812.915266 2760.576051 2714.649755 2658.635229 2628.365525 2579.962912 2535.043243 2484.692645 2434.162656 2406.133067 2384.846940 2378.629680 2373.921366 2387.139084 2399.256844 2412.377194 2419.019285 -9999.0 -9999.0
-9999.0 1897.275415 1969.961040 2095.949371 2178.534905 2224.326381 2248.661018 2265.349196 2297.107908 2332.356038 2430.929098 2502.870082 2593.093387 2637.057417 2689.938092 2794.248985 2896.406580 2811.818071 2848.428873 2907.970543 2970.347495 2995.342067 3020.589676 3011.004633 3047.012892 3069.060300 3074.674906 3079.849795 3077.844384 3069.528730 3062.235757 3069.176585 3066.700150 3048.294851 3032.957193 3031.476400 3028.238456 3005.754086 3001.189114 2986.535871 2989.262606 2990.520264 3000.150408 2979.839440 2975.662513 2996.242316 2993.787118 2983.605213 2993.938136 2987.076170 3020.505556 3043.207034 3047.764773 3065.354743 3086.233592 3058.700186 3034.803024 2993.263777 2999.926224 2975.028655 2919.342006 2863.835448 2815.802419 2914.235255 2846.678458 2779.573848 2711.734558 2642.051193 2573.011872 2527.415696 2492.418996 2438.325372 2413.435786 2410.069156 2396.620816 2390.031252 2392.267320 2397.048985 -9999.0 -9999.0
-9999.0 1807.874307 1949.536120 2133.211286 2284.425289 2341.022721 2427.992987 2501.248389 2527.459039 2489.451482 2600.116054 2826.485190 2832.538623 2847.075034 2918.433262 2989.303767 2984.595694 3013.334056 3034.434882 3052.446751 3067.085434 3078.584902 3076.190678 3070.266823 3054.382067 3046.531461 3045.944763 3044.026643 3027.281510 3008.893970 2992.495011 2990.044742 2995.100642 2949.039754 2916.217061 2899.462718 2882.983076 2868.342589 2840.343048 2815.750759 2942.501103 2813.391866 2809.782173 2937.744332 2934.193007 2809.911132 2839.824038 2836.346269 2845.997441 2865.370639 2901.405585 2938.686142 2957.736007 2986.513901 2997.845240 3042.841097 3053.813964 3075.682110 3079.336727 3065.722088 3021.611288 2995.641260 2966.058202 2911.313535 2850.828547 2941.028906 2872.940207 2805.500714 2732.690336 2682.210196 2626.204948 2560.389141 2501.744350 2474.129525 2428.394061 2405.517406 -9999.0 -9999.0 -9999.0 -9999.0
-9999.0 1715.698628 1900.072372 2150.602525 2445.090239 2544.993328 2762.944409 2809.006008 2850.586529 2915.203681 2834.881837 2994.747837 3036.715066 3029.152680 3035.454798 3037.015587 3050.167256 3050.145910 3045.148891 3034.585139 3025.606081 3021.507031 3020.276894 3012.491209 3000.137549 2985.950077 2997.265666 2986.173244 2950.911612 2919.220474 2881.980454 2869.211470 2829.002192 2877.013643 2829.998136 2783.791026 2717.302500 2711.787439 2711.515595 2682.666371 2665.493747 2638.134440 2664.996101 2677.052813 2681.353853 2678.278191 2692.467373 2725.861648 2779.393216 2823.648600 2874.468032 2932.119901 2810.029051 2848.909764 2889.867089 2942.220556 2972.390823 3001.351057 3024.003687 3060.342419 3082.432815 3070.073313 3049.213768 3007.442346 2971.187932 2921.135221 2890.516092 2838.928044 2912.203277 2856.532616 2799.379151 2733.374004 2653.239897 2565.984054 2517.114949 -9999.0 -9999.0 -9999.0 -9999.0 -9999.0
-9999.0 1511.268413 1777.963409 2056.456267 2354.734688 2704.945786 2802.561486 2903.983111 2966.082469 2939.942890 2954.510269 2964.989866 2982.754411 2988.436300 2986.925558 2975.320315 2959.758661 2958.597401 2971.294899 2944.669790 2915.392478 2902.478450 2903.021133 2892.180525 2869.161615 2854.138509 2844.829948 2827.426544 2922.516717 2866.335589 2774.739483 2733.702385 2647.904861 2600.315917 2555.561648 2501.131887 2447.206238 2446.787970 2467.610121 2456.218343 2435.241718 2417.609219 2446.319331 2468.170652 2481.966995 2468.526971 2477.661391 2514.301234 2566.953585 2615.965602 2669.814393 2731.108088 2779.846603 2831.510064 2866.747201 2918.056435 2807.049296 2848.486391 2917.991451 2993.469692 3003.817100 3036.789500 3067.436106 3088.374490 3046.653359 3018.678425 2995.955001 2988.359522 2940.457555 2895.143419 2854.795652 2791.685029 2838.156115 -9999.0 -9999.0 -9999.0 -9999.0 -9999.0 -9999.0 -9999.0
-9999.0 1393.005976 1598.225298 1808.345435 2077.785832 2320.125047 2542.865116 2653.400486 2742.511383 2808.221625 2860.912082 2901.719454 2804.693935 2825.232572 2803.545307 2902.008753 2873.332947 2878.709669 2871.108490 2846.017118 2811.953633 2790.331073 2780.672760 2769.897975 2743.951834 2729.765558 2719.638426 2695.529229 2667.117746 2609.383074 2528.506708 2448.889727 2389.243936 2361.464296 2332.288870 2299.244735 2266.113085 2275.787942 2286.639186 2285.548299 2277.508545 2276.477993 2305.685748 2324.982009 2335.243871 2324.932208 2344.966572 2371.803004 2414.239259 2461.170800 2513.224019 2569.766872 2626.374755 2657.983592 2673.388790 2698.137660 2739.157209 2797.172959 2888.572787 2823.514486 2897.515174 2942.631764 2992.187227 3006.473004 3032.267670 3060.788539 3079.680808 3069.842502 3044.996699 3013.143689 2968.287748 -9999.0 -9999.0 -9999.0 -9999.0 -9999.0 -9999.0 -9999.0 -9999.0 -9999.0
-9999.0 -9999.0 1369.335515 1534.088660 1651.690494 1825.461603 1976.332635 2090.962321 2193.144221 2329.689112 2449.787714 2543.890528 2589.620885 2608.389672 2597.569023 2572.322943 2555.167871 2555.167404 2542.960528 2531.816787 2510.273252 2497.750709 2479.552653 2468.006979 2458.634123 2454.079025 2449.450270 2440.079131 2419.882032 2373.608399 2328.104669 2277.778640 2225.264947 2199.591625 2177.479361 2156.284050 2156.177442 2150.436963 2155.170175 2157.327727 2165.766855 2179.359816 2199.253390 2222.091350 2232.300660 2242.594667 2255.335988 2279.579455 2313.300264 2356.943042 2412.841040 2473.775712 2516.509602 2531.880339 2524.092009 2529.866982 2549.132857 2593.094455 2674.939597 2764.726152 2871.303054 2951.474513 2849.827028 2904.062564 2929.700667 2964.099886 3009.996324 3056.667163 3093.353396 3071.801604 -9999.0 -9999.0 -9999.0 -9999.0 -9999.0 -9999.0 -9999.0 -9999.0 -9999.0 -9999.0
-9999.0 -9999.0 -9999.0 -9999.0 1395.917700 1548.223135 1647.833240 1732.087705 1867.162760 1996.672360 2103.434692 2190.944220 2258.234081 2286.863520 2287.581569 2300.891011 2299.206968 2291.363531 2279.880619 2279.736241 2278.595354 2268.173531 2249.465559 2240.379233 2241.186114 2246.594890 2243.842325 2230.296378 2211.749661 2192.388490 2174.338694 2140.451722 2105.275001 2075.795254 2062.118616 2056.741494 2055.815929 2047.768755 2055.928350 2064.021856 2079.662912 2094.935062 2118.647040 2148.034505 2162.604876 2177.860491 2187.788243 2208.366685 2239.692107 2294.195104 2359.146142 2418.714486 2457.723301 2464.540693 2442.644938 2428.879568 2426.539042 2456.422682 2503.975636 2573.092964 2680.584618 2763.721762 2826.778202 2880.676277 2922.606755 2808.728605 2895.350529 2970.149434 -9999.0 -9999.0 -9999.0 -9999.0 -9999.0 -9999.0 -9999.0 -9999.0 -9999.0 -9999.0 -9999.0 -9999.0
-9999.0 -9999.0 -9999.0 -9999.0 -9999.0 -9999.0 1366.565635 1471.977410 1547.707108 1696.266854 1836.876412 1943.489555 2027.060961 2062.430182 2094.285801 2124.176297 2124.154932 2104.567602 2083.031221 2101.583109 2115.851787 2107.172874 2073.896924 2072.771058 2077.526980 2084.817326 2082.039638 2075.637485 2050.472312 2064.028727 2065.785121 2042.028688 2015.658125 2001.704270 1989.345207 1998.443164 1998.040599 1983.600819 1983.061288 2010.370212 2031.085412 2044.155421 2065.642836 2098.974243 2131.674116 2147.573143 2149.328064 2155.546070 2194.900141 2265.814308 2339.136319 2396.503922 2431.197741 2441.417600 2417.422063 2379.527874 2361.784016 2371.623129 2409.341136 2464.754888 2545.967400 2600.923765 2632.255402 2651.410457 2674.308278 2772.217890 -9999.0 -9999.0 -9999.0 -9999.0 -9999.0 -9999.0 -9999.0 -9999.0 -9999.0 -9999.0 -9999.0 -9999.0 -9999.0 -9999.0
-9999.0 -9999.0 -9999.0 -9999.0 -9999.0 -9999.0 -9999.0 -9999.0 -9999.0 -9999.0 -9999.0 -9999.0 -9999.0 -9999.0 -9999.0 -9999.0 -9999.0 -9999.0 -9999.0 -9999.0 -9999.0 -9999.0 -9999.0 -9999.0 -9999.0 -9999.0 -9999.0 -9999.0 -9999.0 -9999.0 -9999.0 -9999.0 -9999.0 -9999.0 -9999.0 -9999.0 -9999.0 -9999.0 -9999.0 -9999.0 -9999.0 -9999.0 -9999.0 -9999.0 -9999.0 -9999.0 -9999.0 -9999.0 -9999.0 -9999.0 -9999.0 -9999.0 -9999.0 -9999.0 -9999.0 -9999.0 -9999.0 -9999.0 -9999.0 -9999.0 -9999.0 -9999.0 -9999.0 -9999.0 -9999.0 -9999.0 -9999.0 -9999.0 -9999.0 -9999.0 -9999.0 -9999.0 -9999.0 -9999.0 -9999.0 -9999.0 -9999.0 -9999.0 -9999.0 -9999.0
-9999.0 -9999.0 -9999.0 -9999.0 -9999.0 -9999.0 -9999.0 -9999.0 -9999.0 -9999.0 -9999.0 -9999.0 -9999.0 -9999.0 -9999.0 -9999.0 -9999.0 -9999.0 -9999.0 -9999.0 -9999.0 -9999.0 -9999.0 -9999.0 -9999.0 -9999.0 -9999.0 -9999.0 -9999.0 -9999.0 -9999.0 -9999.0 -9999.0 -9999.0 -9999.0 -9999.0 -9999.0 -9999.0 -9999.0 -9999.0 -9999.0 -9999.0 -9999.0 -9999.0 -9999.0 -9999.0 -9999.0 -9999.0 -9999.0 -9999.0 -9999.0 -9999.0 -9999.0 -9999.0 -9999.0 -9999.0 -9999.0 -9999.0 -9999.0 -9999.0 -9999.0 -9999.0 -9999.0 -9999.0 -9999.0 -9999.0 -9999.0 -9999.0 -9999.0 -9999.0 -9999.0 -9999.0 -9999.0 -9999.0 -9999.0 -9999.0 -9999.0 -9999.0 -9999.0 -9999.0