Borden_/Borden1m_014/output_maps/psiliqL0012N0034.asc
ncols         80
nrows         18
xllcorner     620200.000000
yllcorner     5168000.000000
cellsize      1.000000
NODATA_value  -9999.0
-9999.0 -9999.0 -9999.0 -9999.0 -9999.0 -9999.0 -9999.0 -9999.0 -9999.0 -9999.0 -9999.0 -9999.0 -9999.0 -9999.0 -9999.0 -9999.0 -9999.0 -9999.0 -9999.0 -9999.0 -9999.0 -9999.0 -9999.0 -9999.0 -9999.0 -9999.0 -9999.0 -9999.0 -9999.0 -9999.0 -9999.0 -9999.0 -9999.0 -9999.0 -9999.0 -9999.0 -9999.0 -9999.0 -9999.0 -9999.0 -9999.0 -9999.0 -9999.0 -9999.0 -9999.0 -9999.0 -9999.0 -9999.0 -9999.0 -9999.0 -9999.0 -9999.0 -9999.0 -9999.0 -9999.0 -9999.0 -9999.0 -9999.0 -9999.0 -9999.0 -9999.0 -9999.0 -9999.0 -9999.0 -9999.0 -9999.0 -9999.0 -9999.0 -9999.0 -9999.0 -9999.0 -9999.0 -9999.0 -9999.0 -9999.0 -9999.0 -9999.0 -9999.0 -9999.0 -9999.0
-9999.0 -9999.0 -9999.0 -9999.0 -9999.0 -9999.0 -9999.0 -9999.0 -9999.0 -9999.0 -9999.0 -9999.0 -9999.0 -9999.0 -9999.0 -9999.0 -9999.0 -9999.0 -9999.0 -9999.0 -9999.0 -9999.0 -9999.0 -9999.0 -9999.0 -9999.0 -9999.0 -9999.0 -9999.0 -9999.0 -9999.0 -9999.0 -9999.0 -9999.0 -9999.0 -9999.0 -9999.0 -9999.0 -9999.0 -9999.0 -9999.0 -9999.0 -9999.0 -9999.0 -9999.0 -9999.0 -9999.0 -9999.0 -9999.0 -9999.0 -9999.0 -9999.0 -9999.0 -9999.0 -9999.0 -9999.0 -9999.0 -9999.0 -9999.0 -9999.0 -9999.0 -9999.0 -9999.0 -9999.0 -9999.0 -9999.0 -9999.0 -9999.0 -9999.0 -9999.0 -9999.0 -9999.0 -9999.0 -9999.0 -9999.0 -9999.0 -9999.0 -9999.0 -9999.0 -9999.0
-9999.0 -9999.0 -9999.0 -9999.0 -9999.0 -9999.0 -9999.0 -9999.0 -9999.0 -9999.0 -9999.0 -9999.0 -9999.0 -9999.0 -9999.0 -9999.0 -9999.0 -9999.0 -9999.0 -9999.0 542.944120 545.951526 524.191677 491.109335 463.840620 466.890012 502.651510 545.033246 584.591457 595.959188 579.115459 582.238302 578.478073 578.573962 582.105569 589.398813 593.788456 605.901275 615.384732 616.202059 611.187610 606.766984 607.233847 610.698503 615.671024 604.684293 617.389806 631.465035 635.734838 628.816111 599.723490 582.253562 571.869894 555.125479 578.091144 588.806328 610.455166 613.590505 611.054766 583.179625 552.544326 -9999.0 -9999.0 -9999.0 -9999.0 -9999.0 -9999.0 -9999.0 -9999.0 -9999.0 -9999.0 -9999.0 -9999.0 -9999.0 -9999.0 -9999.0 -9999.0 -9999.0 -9999.0 -9999.0
-9999.0 -9999.0 -9999.0 -9999.0 -9999.0 -9999.0 -9999.0 -9999.0 -9999.0 -9999.0 -9999.0 -9999.0 -9999.0 -9999.0 450.436265 441.171196 439.067690 448.355880 482.818384 513.618492 526.188904 519.376836 520.266870 497.708936 478.358098 493.591381 524.604493 557.837092 594.138365 616.175560 605.757955 604.597300 615.839016 643.211902 657.956790 656.268658 636.822318 660.984708 678.542695 689.333288 690.500459 683.428174 697.974384 714.307784 707.131955 688.659165 691.516980 701.761444 712.995512 696.247430 629.361747 606.888220 600.647152 591.797949 575.981807 567.841050 591.560169 590.683775 581.201432 562.100211 528.650192 483.971610 464.948496 502.684728 545.914653 602.811926 -9999.0 -9999.0 -9999.0 -9999.0 -9999.0 -9999.0 -9999.0 -9999.0 -9999.0 -9999.0 -9999.0 -9999.0 -9999.0 -9999.0
-9999.0 -9999.0 -9999.0 -9999.0 -9999.0 -9999.0 -9999.0 -9999.0 -9999.0 390.957765 395.648669 403.570826 406.507777 422.941452 421.460857 429.395276 437.787554 465.563199 497.780968 534.042558 563.988829 555.984776 557.921877 570.365579 576.729113 590.925782 614.589407 658.048325 702.154422 746.382202 720.009285 719.514573 740.508235 790.479614 827.286968 836.489931 818.673410 827.047366 855.226440 882.021470 885.508797 885.870474 912.032559 926.216047 928.263448 906.835957 889.015699 885.586556 908.055317 853.124734 783.022310 727.702170 727.142953 693.277919 650.804133 627.017297 621.980894 641.070933 623.982935 584.730133 546.623101 534.704375 516.306676 531.878081 553.083822 598.580835 636.345019 663.925787 662.834117 644.756524 -9999.0 -9999.0 -9999.0 -9999.0 -9999.0 -9999.0 -9999.0 -9999.0 -9999.0 -9999.0
-9999.0 -9999.0 -9999.0 -9999.0 -9999.0 -9999.0 311.198191 320.907158 341.596617 347.251595 373.037221 381.436795 403.074250 423.544955 446.035716 464.243784 496.356206 530.989988 574.175888 620.080157 655.009839 653.051100 666.355522 701.183995 744.589664 777.660526 805.905297 850.352099 931.774907 978.608561 990.587969 997.331201 1007.913697 1055.599288 1119.021400 1135.200411 1115.791774 1102.236754 1123.953902 1163.336007 1176.562540 1180.760457 1191.009777 1200.171062 1225.061522 1214.138341 1169.052607 1149.542989 1143.318578 1126.656987 1066.560523 1001.756638 962.123174 909.201228 822.405458 761.813285 762.676792 776.918104 743.510359 685.867268 640.632422 627.000795 609.603024 593.761252 597.606861 614.994444 636.002728 645.723138 631.603948 609.620711 585.801984 556.336947 557.592868 582.545607 -9999.0 -9999.0 -9999.0 -9999.0 -9999.0 -9999.0
-9999.0 -9999.0 -9999.0 -9999.0 260.704318 273.831071 262.444247 287.654020 320.908420 355.731869 389.146878 427.801510 456.840678 488.884869 532.161171 571.073274 617.490217 656.623995 715.276712 788.244908 845.058428 875.283630 895.870087 957.919362 1020.590074 1073.814718 1095.836757 1125.432963 1171.120185 1235.942082 1264.990175 1272.875360 1290.536101 1322.836315 1367.282458 1399.368886 1383.541894 1377.016442 1384.079611 1397.076927 1423.518233 1426.535627 1429.002904 1430.927561 1434.229633 1432.448680 1406.670235 1371.560350 1357.148310 1347.460900 1319.550202 1251.232467 1205.345729 1172.884978 1139.996987 1088.181601 1020.500042 999.479318 939.837924 879.069426 809.366060 781.347732 746.026690 716.217781 682.497937 680.012806 679.763601 656.746117 622.952914 589.204919 573.021502 553.462028 542.220899 571.728067 589.013761 619.398805 -9999.0 -9999.0 -9999.0 -9999.0
-9999.0 -9999.0 201.158181 250.692306 307.751807 317.287892 319.536971 326.392713 355.748465 409.078900 488.260807 542.893276 589.992978 626.341596 690.455325 777.427166 858.195831 911.916945 973.610559 1043.723316 1107.238943 1145.022156 1168.703546 1209.104221 1261.297859 1319.701177 1345.441494 1371.806070 1402.594031 1436.384892 1452.865953 1467.865830 1475.358948 1475.746009 1479.171198 1479.630374 1475.414270 1470.029920 1452.786794 1450.373968 1458.607894 1463.910304 1466.417648 1453.538594 1449.460928 1462.034316 1464.123785 1462.306180 1462.072590 1469.375726 1474.324594 1437.494330 1394.147849 1378.107088 1368.233304 1324.443362 1260.092316 1213.347774 1188.586803 1145.115938 1065.700056 1010.798672 957.112348 903.608077 845.343477 807.546966 755.101709 708.312393 658.565491 610.373581 585.290144 566.025581 562.877951 562.440315 578.064236 593.163003 608.258824 615.912952 -9999.0 -9999.0
-9999.0 99.562630 172.317194 299.618428 380.147231 426.456242 463.779472 491.900809 521.758810 546.558043 657.648916 759.738813 856.356223 895.646303 950.513753 1050.645097 1148.231155 1194.520447 1231.127526 1283.801639 1341.058478 1387.898818 1417.607381 1436.616280 1468.263105 1476.818016 1478.434639 1480.879451 1476.170758 1468.998320 1460.012333 1466.693349 1463.322447 1444.814567 1428.944518 1425.365286 1418.706837 1393.376840 1365.333086 1351.182059 1354.541513 1376.835702 1365.800175 1345.642236 1341.943424 1362.423165 1380.187157 1371.426829 1360.648720 1379.039502 1413.639199 1435.438802 1447.914571 1463.785462 1484.172001 1459.476479 1428.809766 1386.862533 1366.602877 1336.464979 1275.513229 1212.208923 1156.590828 1093.758491 1024.926490 952.969173 885.185334 818.615709 747.491294 703.505553 669.999773 617.587933 594.475187 594.992895 585.165653 581.799491 587.601982 593.766322 -9999.0 -9999.0
-9999.0 22.802736 165.972413 351.831154 501.341291 564.868924 677.058543 763.340387 796.632697 774.680386 888.354577 1110.644952 1206.556357 1223.215448 1292.125900 1375.492872 1403.460641 1434.654546 1455.263230 1460.461283 1464.885379 1473.390000 1472.093701 1466.678675 1452.866116 1445.186673 1443.800224 1440.175903 1421.224383 1401.035405 1382.481768 1378.493064 1360.370949 1317.986312 1284.739163 1266.896557 1249.610033 1225.887049 1191.131529 1164.395516 1150.664700 1167.772205 1159.697097 1142.475989 1138.759758 1161.331652 1193.837048 1189.178351 1196.397331 1219.395498 1260.881459 1302.913358 1326.755695 1357.068253 1394.107569 1437.815006 1454.855895 1475.572924 1479.988084 1458.857885 1414.514469 1362.230793 1326.469935 1260.590212 1185.229063 1104.169076 1037.390277 972.899501 901.377256 851.764185 801.590741 741.948094 684.279619 657.025360 616.062105 594.867686 -9999.0 -9999.0 -9999.0 -9999.0
-9999.0 -50.683445 139.264948 401.791232 673.603350 797.115011 1001.113006 1133.087988 1197.407094 1260.483454 1263.230049 1394.192788 1427.701821 1422.406487 1415.817459 1419.065340 1434.308422 1438.344290 1434.865883 1424.811663 1415.233838 1411.158066 1409.528595 1402.345413 1390.111329 1374.843860 1361.152139 1346.523462 1305.252173 1270.304010 1235.038002 1219.458583 1181.457002 1090.494820 1046.598714 1011.421149 955.458721 946.246970 936.499130 907.034035 887.195201 868.791377 888.879834 891.302923 893.125849 898.993986 918.248765 940.792324 984.739935 1021.978334 1067.706418 1121.578026 1157.032240 1201.498989 1250.083255 1308.890814 1342.109081 1372.810091 1419.379335 1459.209362 1481.817320 1470.935837 1441.052371 1394.206307 1321.570365 1249.431044 1195.306382 1118.525188 1051.258203 998.398625 954.562512 904.793923 838.281934 748.971603 704.390144 -9999.0 -9999.0 -9999.0 -9999.0 -9999.0
-9999.0 -219.941999 48.332134 341.184391 665.404411 990.714042 1114.434928 1254.271154 1327.851331 1284.817580 1282.034309 1306.783037 1348.307098 1356.652762 1337.763328 1330.213880 1320.532869 1320.673232 1333.022110 1305.870319 1274.147648 1259.866166 1258.730649 1246.759120 1223.663246 1205.858713 1192.203207 1170.586926 1120.474156 1068.900364 988.923485 959.833499 883.806540 820.220138 771.828477 720.806274 668.198160 665.154125 680.441180 664.066097 641.229913 622.459305 648.515100 665.312198 677.181205 667.178714 677.103615 713.736057 764.727754 811.003431 864.671180 923.025938 971.728429 1022.232791 1057.370683 1111.060062 1159.520591 1207.073796 1281.704036 1361.661783 1398.188704 1432.505331 1465.466169 1478.480358 1425.209891 1370.263601 1312.394392 1241.117551 1150.234473 1104.277578 1083.104343 1049.905430 997.412786 -9999.0 -9999.0 -9999.0 -9999.0 -9999.0 -9999.0 -9999.0
-9999.0 -349.957430 -124.926755 113.721158 406.895778 647.339594 837.643487 951.975542 1033.969062 1052.098906 1077.114427 1110.189876 1142.349592 1165.460787 1143.886738 1106.367937 1078.779113 1082.485656 1079.317296 1054.323668 1023.677743 1008.123148 1005.786296 998.243191 972.772565 956.673054 944.302544 919.735198 882.011007 823.106683 739.490644 667.025004 603.737825 567.979759 536.294990 502.209173 464.283566 473.924663 486.975573 482.523283 470.829102 467.021915 496.364507 515.153555 525.390025 513.359951 532.596839 560.092344 602.831106 646.776023 697.426637 754.784035 811.100873 844.229794 862.618234 893.934383 937.926776 995.512652 1083.628530 1179.538805 1256.167064 1306.631704 1356.734768 1387.799584 1398.156832 1408.484895 1376.542902 1281.931503 1144.836720 1146.294830 1151.081261 -9999.0 -9999.0 -9999.0 -9999.0 -9999.0 -9999.0 -9999.0 -9999.0 -9999.0
-9999.0 -9999.0 -360.676013 -176.447618 -27.141911 157.311978 309.900647 420.453734 504.116974 605.730193 703.719185 785.030657 829.839897 848.021636 831.793956 793.960096 769.383388 768.840665 758.648671 745.554762 722.667184 713.458315 702.791342 694.283684 681.999683 674.655260 668.154569 655.399258 631.128262 582.233164 529.721805 476.641609 421.701988 395.388653 372.667316 349.981767 347.030423 343.974693 350.055958 351.239051 357.166504 369.227311 389.690339 411.365133 421.018434 429.019027 441.765221 465.786555 499.420068 541.752787 595.863677 653.771792 694.247401 708.342630 700.859450 708.941520 733.431344 781.300323 870.426120 960.657156 1056.308232 1128.012333 1198.820390 1248.614941 1262.975198 1277.063797 1283.474621 1196.563217 826.241727 1063.747819 -9999.0 -9999.0 -9999.0 -9999.0 -9999.0 -9999.0 -9999.0 -9999.0 -9999.0 -9999.0
-9999.0 -9999.0 -9999.0 -9999.0 -319.599553 -162.356198 -66.212394 17.916744 143.304967 257.564808 353.678689 433.706292 491.359342 516.628231 508.468989 507.240011 500.192425 495.133852 485.783483 481.912718 477.874519 469.865561 456.963937 449.121655 448.652080 452.216795 449.335905 435.293129 417.724370 391.763806 368.571670 333.076112 295.973586 266.367812 252.923906 246.269831 246.109629 239.887038 248.980607 255.689107 270.653286 285.987318 309.904756 338.524755 351.655190 366.163835 376.028366 396.931253 427.372092 480.701485 543.850880 601.104268 636.322249 640.770120 615.885787 601.054644 599.032838 629.275501 679.081569 752.472659 859.769432 937.732166 1000.035786 1046.447743 1077.864629 1120.029917 1160.216659 1178.130159 -9999.0 -9999.0 -9999.0 -9999.0 -9999.0 -9999.0 -9999.0 -9999.0 -9999.0 -9999.0 -9999.0 -9999.0
-9999.0 -9999.0 -9999.0 -9999.0 -9999.0 -9999.0 -369.665372 -271.102680 -185.727858 -56.122935 64.847424 160.991452 238.025846 266.081466 287.272555 311.220834 307.680088 290.100979 272.447960 289.602425 300.654687 295.140401 266.514707 265.254519 269.035796 277.610619 275.685107 269.092749 243.819894 252.831106 251.811301 228.305369 201.931999 187.490186 175.625920 185.293900 185.777072 172.771742 174.411968 200.733691 220.649339 233.990035 256.237368 289.404356 321.527068 336.215503 337.430568 343.752972 384.821084 455.199755 526.150087 580.569696 612.221266 619.991263 592.146583 551.801163 531.214578 538.948767 575.179632 630.756514 710.494971 763.717712 795.798529 815.981535 840.736580 932.561939 -9999.0 -9999.0 -9999.0 -9999.0 -9999.0 -9999.0 -9999.0 -9999.0 -9999.0 -9999.0 -9999.0 -9999.0 -9999.0 -9999.0
-9999.0 -9999.0 -9999.0 -9999.0 -9999.0 -9999.0 -9999.0 -9999.0 -9999.0 -9999.0 -9999.0 -9999.0 -9999.0 -9999.0 -9999.0 -9999.0 -9999.0 -9999.0 -9999.0 -9999.0 -9999.0 -9999.0 -9999.0 -9999.0 -9999.0 -9999.0 -9999.0 -9999.0 -9999.0 -9999.0 -9999.0 -9999.0 -9999.0 -9999.0 -9999.0 -9999.0 -9999.0 -9999.0 -9999.0 -9999.0 -9999.0 -9999.0 -9999.0 -9999.0 -9999.0 -9999.0 -9999.0 -9999.0 -9999.0 -9999.0 -9999.0 -9999.0 -9999.0 -9999.0 -9999.0 -9999.0 -9999.0 -9999.0 -9999.0 -9999.0 -9999.0 -9999.0 -9999.0 -9999.0 -9999.0 -9999.0 -9999.0 -9999.0 -9999.0 -9999.0 -9999.0 -9999.0 -9999.0 -9999.0 -9999.0 -9999.0 -9999.0 -9999.0 -9999.0 -9999.0
-9999.0 -9999.0 -9999.0 -9999.0 -9999.0 -9999.0 -9999.0 -9999.0 -9999.0 -9999.0 -9999.0 -9999.0 -9999.0 -9999.0 -9999.0 -9999.0 -9999.0 -9999.0 -9999.0 -9999.0 -9999.0 -9999.0 -9999.0 -9999.0 -9999.0 -9999.0 -9999.0 -9999.0 -9999.0 -9999.0 -9999.0 -9999.0 -9999.0 -9999.0 -9999.0 -9999.0 -9999.0 -9999.0 -9999.0 -9999.0 -9999.0 -9999.0 -9999.0 -9999.0 -9999.0 -9999.0 -9999.0 -9999.0 -9999.0 -9999.0 -9999.0 -9999.0 -9999.0 -9999.0 -9999.0 -9999.0 -9999.0 -9999.0 -9999.0 -9999.0 -9999.0 -9999.0 -9999.0 -9999.0 -9999.0 -9999.0 -9999.0 -9999.0 -9999.0 -9999.0 -9999.0 -9999.0 -9999.0 -9999.0 -9999.0 -9999.0 -9999.0 -9999.0 -9999.0 -9999.0