Borden_/Borden1m_014/output_maps/psiliqL0000N0017.asc
ncols         80
nrows         18
xllcorner     620200.000000
yllcorner     5168000.000000
cellsize      1.000000
NODATA_value  -9999.0
-9999.0 -9999.0 -9999.0 -9999.0 -9999.0 -9999.0 -9999.0 -9999.0 -9999.0 -9999.0 -9999.0 -9999.0 -9999.0 -9999.0 -9999.0 -9999.0 -9999.0 -9999.0 -9999.0 -9999.0 -9999.0 -9999.0 -9999.0 -9999.0 -9999.0 -9999.0 -9999.0 -9999.0 -9999.0 -9999.0 -9999.0 -9999.0 -9999.0 -9999.0 -9999.0 -9999.0 -9999.0 -9999.0 -9999.0 -9999.0 -9999.0 -9999.0 -9999.0 -9999.0 -9999.0 -9999.0 -9999.0 -9999.0 -9999.0 -9999.0 -9999.0 -9999.0 -9999.0 -9999.0 -9999.0 -9999.0 -9999.0 -9999.0 -9999.0 -9999.0 -9999.0 -9999.0 -9999.0 -9999.0 -9999.0 -9999.0 -9999.0 -9999.0 -9999.0 -9999.0 -9999.0 -9999.0 -9999.0 -9999.0 -9999.0 -9999.0 -9999.0 -9999.0 -9999.0 -9999.0
-9999.0 -9999.0 -9999.0 -9999.0 -9999.0 -9999.0 -9999.0 -9999.0 -9999.0 -9999.0 -9999.0 -9999.0 -9999.0 -9999.0 -9999.0 -9999.0 -9999.0 -9999.0 -9999.0 -9999.0 -9999.0 -9999.0 -9999.0 -9999.0 -9999.0 -9999.0 -9999.0 -9999.0 -9999.0 -9999.0 -9999.0 -9999.0 -9999.0 -9999.0 -9999.0 -9999.0 -9999.0 -9999.0 -9999.0 -9999.0 -9999.0 -9999.0 -9999.0 -9999.0 -9999.0 -9999.0 -9999.0 -9999.0 -9999.0 -9999.0 -9999.0 -9999.0 -9999.0 -9999.0 -9999.0 -9999.0 -9999.0 -9999.0 -9999.0 -9999.0 -9999.0 -9999.0 -9999.0 -9999.0 -9999.0 -9999.0 -9999.0 -9999.0 -9999.0 -9999.0 -9999.0 -9999.0 -9999.0 -9999.0 -9999.0 -9999.0 -9999.0 -9999.0 -9999.0 -9999.0
-9999.0 -9999.0 -9999.0 -9999.0 -9999.0 -9999.0 -9999.0 -9999.0 -9999.0 -9999.0 -9999.0 -9999.0 -9999.0 -9999.0 -9999.0 -9999.0 -9999.0 -9999.0 -9999.0 -9999.0 -495.667094 -494.555751 -496.351706 -498.266949 -500.017937 -500.369626 -498.501237 -496.586737 -494.325227 -494.069491 -496.309037 -495.571737 -496.542445 -497.240479 -497.439934 -496.824768 -496.488288 -495.815054 -495.465050 -495.829047 -496.459059 -496.828528 -497.344784 -497.331890 -496.500783 -497.572813 -496.111338 -494.853647 -494.525537 -494.243985 -495.633123 -496.054145 -496.152428 -497.992515 -494.708783 -494.069328 -492.069176 -492.038927 -491.399972 -493.620053 -495.816501 -9999.0 -9999.0 -9999.0 -9999.0 -9999.0 -9999.0 -9999.0 -9999.0 -9999.0 -9999.0 -9999.0 -9999.0 -9999.0 -9999.0 -9999.0 -9999.0 -9999.0 -9999.0 -9999.0
-9999.0 -9999.0 -9999.0 -9999.0 -9999.0 -9999.0 -9999.0 -9999.0 -9999.0 -9999.0 -9999.0 -9999.0 -9999.0 -9999.0 -497.769837 -498.946534 -499.532882 -500.145995 -498.466334 -497.363525 -497.730739 -498.950032 -497.707552 -499.842422 -501.813249 -500.656217 -499.348783 -498.663766 -497.094610 -495.775124 -497.250676 -497.621360 -496.973466 -494.320126 -493.402325 -494.104151 -497.693191 -494.397708 -493.141480 -492.332525 -492.450753 -494.091048 -492.062450 -489.682707 -491.054744 -493.594537 -492.946733 -491.645496 -489.309601 -489.900089 -497.671405 -497.792391 -497.090147 -496.557276 -497.608121 -498.502362 -495.263028 -495.991801 -496.337952 -496.321045 -497.608023 -500.276767 -501.611156 -498.515577 -496.370863 -491.333187 -9999.0 -9999.0 -9999.0 -9999.0 -9999.0 -9999.0 -9999.0 -9999.0 -9999.0 -9999.0 -9999.0 -9999.0 -9999.0 -9999.0
-9999.0 -9999.0 -9999.0 -9999.0 -9999.0 -9999.0 -9999.0 -9999.0 -9999.0 -498.925616 -499.377927 -499.116681 -500.081928 -499.154124 -501.203217 -500.861149 -501.412102 -500.279151 -499.714990 -498.397892 -496.194338 -498.204360 -498.513313 -497.280682 -497.373554 -497.264189 -496.782509 -493.603195 -490.339390 -483.932634 -490.043952 -490.213817 -486.849367 -473.599907 -463.490823 -460.927077 -465.938033 -466.017029 -459.635205 -452.080260 -453.025707 -454.002030 -445.608195 -441.045494 -437.361534 -444.964550 -451.650189 -452.761276 -441.704584 -459.115925 -473.658417 -487.863175 -487.093737 -490.955274 -495.000937 -496.181507 -497.033391 -493.373055 -494.426233 -497.093001 -499.246518 -497.772934 -499.289241 -497.841190 -497.355929 -493.693208 -490.649800 -487.469924 -487.315901 -489.456546 -9999.0 -9999.0 -9999.0 -9999.0 -9999.0 -9999.0 -9999.0 -9999.0 -9999.0 -9999.0
-9999.0 -9999.0 -9999.0 -9999.0 -9999.0 -9999.0 -500.196181 -500.478989 -499.959384 -502.579453 -501.182039 -502.552752 -501.618819 -501.434496 -501.011808 -501.394916 -500.036931 -499.112102 -497.372678 -494.976003 -492.626483 -494.668547 -494.188941 -490.532466 -480.579517 -472.261238 -467.975803 -460.284409 -432.748584 -403.330725 -381.659777 -365.280383 -260.144049 -242.795134 -219.672876 -204.523835 -222.649474 -229.541828 -223.514645 -208.363279 -184.280326 -184.524777 -179.855060 -173.017212 -147.447822 -151.571739 -205.727475 -213.362684 -213.849420 -215.677244 -236.304012 -261.405021 -412.753386 -440.402613 -464.603264 -477.238628 -479.909066 -479.883977 -484.942008 -491.343191 -494.822085 -494.244991 -494.728411 -496.347432 -495.532205 -494.240142 -492.014655 -490.482493 -491.520827 -492.726123 -493.259082 -495.809517 -495.281218 -492.744687 -9999.0 -9999.0 -9999.0 -9999.0 -9999.0 -9999.0
-9999.0 -9999.0 -9999.0 -9999.0 -503.513344 -502.489073 -505.815209 -504.129380 -503.011312 -502.337407 -502.883650 -501.578028 -501.636386 -500.937652 -499.101973 -498.130883 -495.752639 -494.363236 -488.680937 -473.130805 -459.780562 -452.143399 -448.933270 -413.598625 -258.195869 -233.036620 -227.898849 -221.511790 -206.706514 -139.866733 -114.187303 -124.839909 -74.857275 0.004949 0.044718 3.398963 0.080000 0.048630 0.072239 0.101251 11.421009 11.880342 12.627950 12.605391 14.849484 16.597851 0.264345 0.046606 0.046000 0.044216 0.010003 -120.442133 -180.062396 -199.537147 -207.497004 -225.295515 -254.934592 -348.065850 -429.249035 -450.753470 -469.331301 -476.984992 -484.713675 -487.317488 -491.462026 -490.393943 -488.841935 -490.795271 -493.142866 -495.392012 -495.144350 -496.057560 -497.629446 -494.106834 -493.348143 -489.877318 -9999.0 -9999.0 -9999.0 -9999.0
-9999.0 -9999.0 -503.189241 -503.551799 -501.032789 -503.095289 -504.294468 -506.014670 -505.728548 -503.580513 -499.698813 -498.988759 -497.003580 -496.372840 -490.724994 -472.856825 -454.443761 -439.722887 -391.917969 -253.674744 -227.669755 -215.875970 -193.931549 -178.501754 -115.809999 0.005868 0.030527 0.053184 0.134258 16.466451 41.444349 56.545161 64.727373 53.760554 57.148095 51.233317 53.005907 47.305288 31.155023 29.009501 35.975252 38.807499 41.154568 29.827062 25.379362 38.387064 39.980699 40.020591 44.047653 49.551676 62.651870 32.997062 0.080570 0.067039 0.081139 0.004001 -111.972812 -164.784398 -186.011044 -205.877953 -235.138422 -259.264965 -415.079786 -445.523693 -464.570908 -474.922582 -483.074104 -487.513630 -491.428743 -495.370272 -496.172680 -496.502520 -495.500598 -496.288107 -494.497850 -493.415436 -491.390309 -490.789517 -9999.0 -9999.0
-9999.0 -503.475582 -504.986064 -500.647604 -500.922194 -500.712778 -500.291095 -499.986534 -499.255444 -501.816342 -491.554113 -470.179620 -449.254452 -442.388660 -405.588374 -253.450394 -194.794229 -184.973398 -137.583282 -98.448298 0.011222 0.079977 7.380006 39.525792 62.174433 59.912354 52.351944 54.651827 43.368105 37.920703 26.394908 34.964980 32.694663 19.179463 7.676461 6.777870 4.329783 0.078464 0.027299 0.007688 0.019848 0.141484 0.048812 0.012900 -1.194443 0.034011 0.148673 0.050026 0.012582 0.047422 0.262383 12.308333 28.448619 41.997484 63.025821 39.407177 8.272526 0.067459 0.054179 0.020232 -83.297454 -142.600052 -194.345800 -226.656709 -256.728740 -417.985744 -451.939350 -470.985362 -483.206134 -486.914587 -488.947575 -494.717055 -495.734740 -493.861574 -494.621457 -494.672906 -493.908709 -493.384603 -9999.0 -9999.0
-9999.0 -508.312549 -504.100864 -500.270385 -496.293167 -497.806420 -478.276208 -462.393109 -458.529547 -468.565971 -424.367017 -208.971062 -129.055759 -129.858942 -77.822834 0.065069 27.112159 49.677569 59.729808 54.508445 44.661356 49.100965 42.738879 33.837327 20.801621 14.447873 13.810972 12.758695 0.292664 0.093671 0.051966 0.100597 0.040533 0.000133 -81.829419 -108.853649 -125.589375 -168.337711 -192.924215 -207.177686 -212.988145 -196.472675 -205.467175 -215.414111 -218.313609 -205.675143 -181.842331 -189.517417 -179.928069 -143.526028 -95.549820 -0.285584 0.014555 0.037726 0.086144 12.905822 30.479784 49.617291 56.989594 31.677811 0.220368 0.038584 0.015866 -92.160157 -153.092928 -213.949354 -242.655885 -290.840501 -429.516666 -449.971515 -466.298142 -480.376783 -488.756939 -489.616197 -493.710213 -493.443788 -9999.0 -9999.0 -9999.0 -9999.0
-9999.0 -508.297381 -504.321959 -496.604450 -479.490667 -448.315375 -256.692930 -146.957826 -73.051525 -79.464802 0.115715 48.036485 56.628687 38.627999 12.787259 8.903318 17.675359 19.807827 14.740526 7.131238 1.078817 0.273111 0.256320 0.135188 0.083179 0.056220 0.044903 0.034899 -22.883609 -96.539662 -140.308019 -161.672384 -188.135174 -229.401732 -244.109858 -258.486885 -410.416124 -418.694354 -426.918972 -441.471528 -447.500965 -451.791689 -445.893803 -447.531410 -448.243180 -444.992945 -436.031538 -429.390830 -392.162403 -257.393777 -237.117704 -217.242506 -198.566910 -153.752100 -107.553830 0.000531 0.021949 0.042030 0.688990 32.627358 52.644093 46.063479 17.527244 0.110471 0.015262 -85.363493 -123.908132 -172.796176 -216.777931 -237.248884 -259.032714 -415.230838 -452.442550 -477.861688 -483.100339 -9999.0 -9999.0 -9999.0 -9999.0 -9999.0
-9999.0 -514.819983 -503.617617 -497.554711 -463.345172 -254.265237 -150.449633 1.278480 48.672595 0.105406 -68.953895 0.000130 0.101739 0.112134 0.022853 0.024801 0.010897 0.003887 0.069175 0.006879 -65.391795 -82.847216 -54.327484 -123.148155 -160.559054 -178.962145 -186.829405 -196.783570 -220.124259 -242.206362 -336.143819 -401.089204 -443.817571 -463.309546 -473.094542 -482.825268 -492.166284 -491.759618 -488.891908 -491.031737 -493.206193 -495.895427 -492.795907 -491.606704 -490.263387 -492.165254 -492.080895 -488.330208 -481.990786 -473.259243 -459.790624 -442.236209 -418.103493 -259.841629 -242.742272 -222.897809 -203.115774 -168.085783 -98.810363 0.028791 0.083237 7.982919 43.349706 62.414890 24.183328 0.092516 0.049261 0.020590 -93.653940 -133.409691 -153.125776 -203.749694 -234.597293 -9999.0 -9999.0 -9999.0 -9999.0 -9999.0 -9999.0 -9999.0
-9999.0 -518.504887 -505.980426 -505.047479 -493.425392 -467.789237 -417.851082 -252.877406 -183.558232 -225.453789 -226.358773 -216.978867 -202.914112 -190.440622 -205.832790 -220.474812 -229.863678 -227.416384 -224.705814 -233.665644 -242.553630 -248.290307 -251.846277 -310.647235 -393.916960 -412.500695 -420.306722 -432.915196 -447.264320 -462.386331 -483.170076 -490.991588 -496.122930 -497.329668 -498.301649 -499.494874 -502.742693 -500.625711 -499.197107 -499.520970 -500.545697 -501.455588 -499.013020 -498.425241 -497.714542 -500.245755 -498.753971 -497.874745 -495.434089 -493.161335 -489.733447 -484.272459 -476.415958 -469.536882 -462.149683 -451.776378 -435.160607 -359.835645 -242.443351 -188.035536 -118.337952 -49.593018 0.032825 0.101223 2.006649 12.161177 21.416398 4.500935 0.079800 0.067802 0.058822 -9999.0 -9999.0 -9999.0 -9999.0 -9999.0 -9999.0 -9999.0 -9999.0 -9999.0
-9999.0 -9999.0 -521.054442 -516.103745 -511.870172 -508.176839 -502.948919 -494.297731 -489.910304 -482.664037 -472.218704 -459.998462 -451.817527 -447.557850 -453.355882 -464.383586 -470.207004 -469.412482 -470.948005 -473.940929 -479.901008 -482.826097 -484.818342 -486.465607 -488.860931 -489.681656 -489.906733 -490.415657 -491.701863 -495.240901 -498.160748 -499.975291 -502.434798 -501.803254 -502.022645 -502.957798 -501.837589 -502.088417 -501.842936 -502.046230 -501.817840 -501.393717 -501.014523 -500.393456 -500.526586 -500.369550 -500.272587 -499.713176 -498.895358 -497.927508 -495.554661 -491.758551 -488.954260 -488.425646 -490.360795 -489.832659 -487.617778 -481.932932 -457.636835 -411.825272 -252.281587 -217.674641 -162.972999 -101.343661 -67.880641 -10.314233 0.035486 2.443436 2.632684 0.187847 -9999.0 -9999.0 -9999.0 -9999.0 -9999.0 -9999.0 -9999.0 -9999.0 -9999.0 -9999.0
-9999.0 -9999.0 -9999.0 -9999.0 -523.166442 -516.201070 -509.716124 -510.676045 -506.358029 -504.259343 -502.584603 -500.485590 -498.814356 -497.532278 -499.566734 -499.804324 -500.005393 -499.544296 -499.842751 -500.309927 -500.450655 -500.684556 -500.841422 -501.249483 -500.995072 -500.515748 -500.323029 -501.015536 -500.698322 -502.008697 -501.828799 -502.389354 -502.975658 -503.875761 -503.503552 -503.571669 -503.042741 -503.567330 -502.783310 -503.364405 -502.849897 -502.714026 -502.181161 -501.218812 -501.892551 -501.336361 -501.451094 -500.797129 -500.970862 -499.473938 -496.901162 -493.886788 -491.882528 -492.141519 -495.315480 -496.366556 -497.263511 -495.531216 -492.911120 -486.293754 -463.026200 -438.482873 -358.788791 -246.993885 -227.616892 -201.775737 -131.631918 0.008123 -9999.0 -9999.0 -9999.0 -9999.0 -9999.0 -9999.0 -9999.0 -9999.0 -9999.0 -9999.0 -9999.0 -9999.0
-9999.0 -9999.0 -9999.0 -9999.0 -9999.0 -9999.0 -520.064429 -516.594819 -517.776186 -515.410941 -513.443976 -512.026819 -509.582557 -510.214545 -509.508122 -507.328363 -507.615812 -508.577990 -509.849572 -507.889592 -507.062134 -506.792719 -508.864827 -508.195084 -507.987742 -507.178896 -507.263649 -506.809884 -508.585807 -506.284075 -505.126735 -505.378334 -505.607921 -505.059038 -505.495894 -504.063325 -503.891721 -505.011248 -505.378507 -503.836479 -503.499792 -503.862921 -503.728702 -502.874714 -501.500638 -501.421887 -502.224442 -503.409299 -502.258469 -499.496646 -496.691061 -494.398657 -492.921211 -492.217685 -494.624944 -498.091832 -499.847206 -500.338291 -499.351961 -497.459530 -491.574090 -487.794292 -484.250433 -476.014037 -469.537049 -436.786648 -9999.0 -9999.0 -9999.0 -9999.0 -9999.0 -9999.0 -9999.0 -9999.0 -9999.0 -9999.0 -9999.0 -9999.0 -9999.0 -9999.0
-9999.0 -9999.0 -9999.0 -9999.0 -9999.0 -9999.0 -9999.0 -9999.0 -9999.0 -9999.0 -9999.0 -9999.0 -9999.0 -9999.0 -9999.0 -9999.0 -9999.0 -9999.0 -9999.0 -9999.0 -9999.0 -9999.0 -9999.0 -9999.0 -9999.0 -9999.0 -9999.0 -9999.0 -9999.0 -9999.0 -9999.0 -9999.0 -9999.0 -9999.0 -9999.0 -9999.0 -9999.0 -9999.0 -9999.0 -9999.0 -9999.0 -9999.0 -9999.0 -9999.0 -9999.0 -9999.0 -9999.0 -9999.0 -9999.0 -9999.0 -9999.0 -9999.0 -9999.0 -9999.0 -9999.0 -9999.0 -9999.0 -9999.0 -9999.0 -9999.0 -9999.0 -9999.0 -9999.0 -9999.0 -9999.0 -9999.0 -9999.0 -9999.0 -9999.0 -9999.0 -9999.0 -9999.0 -9999.0 -9999.0 -9999.0 -9999.0 -9999.0 -9999.0 -9999.0 -9999.0
-9999.0 -9999.0 -9999.0 -9999.0 -9999.0 -9999.0 -9999.0 -9999.0 -9999.0 -9999.0 -9999.0 -9999.0 -9999.0 -9999.0 -9999.0 -9999.0 -9999.0 -9999.0 -9999.0 -9999.0 -9999.0 -9999.0 -9999.0 -9999.0 -9999.0 -9999.0 -9999.0 -9999.0 -9999.0 -9999.0 -9999.0 -9999.0 -9999.0 -9999.0 -9999.0 -9999.0 -9999.0 -9999.0 -9999.0 -9999.0 -9999.0 -9999.0 -9999.0 -9999.0 -9999.0 -9999.0 -9999.0 -9999.0 -9999.0 -9999.0 -9999.0 -9999.0 -9999.0 -9999.0 -9999.0 -9999.0 -9999.0 -9999.0 -9999.0 -9999.0 -9999.0 -9999.0 -9999.0 -9999.0 -9999.0 -9999.0 -9999.0 -9999.0 -9999.0 -9999.0 -9999.0 -9999.0 -9999.0 -9999.0 -9999.0 -9999.0 -9999.0 -9999.0 -9999.0 -9999.0