Borden_/Borden1m_014/output_maps/psiliqL0018N0006.asc
ncols         80
nrows         18
xllcorner     620200.000000
yllcorner     5168000.000000
cellsize      1.000000
NODATA_value  -9999.0
-9999.0 -9999.0 -9999.0 -9999.0 -9999.0 -9999.0 -9999.0 -9999.0 -9999.0 -9999.0 -9999.0 -9999.0 -9999.0 -9999.0 -9999.0 -9999.0 -9999.0 -9999.0 -9999.0 -9999.0 -9999.0 -9999.0 -9999.0 -9999.0 -9999.0 -9999.0 -9999.0 -9999.0 -9999.0 -9999.0 -9999.0 -9999.0 -9999.0 -9999.0 -9999.0 -9999.0 -9999.0 -9999.0 -9999.0 -9999.0 -9999.0 -9999.0 -9999.0 -9999.0 -9999.0 -9999.0 -9999.0 -9999.0 -9999.0 -9999.0 -9999.0 -9999.0 -9999.0 -9999.0 -9999.0 -9999.0 -9999.0 -9999.0 -9999.0 -9999.0 -9999.0 -9999.0 -9999.0 -9999.0 -9999.0 -9999.0 -9999.0 -9999.0 -9999.0 -9999.0 -9999.0 -9999.0 -9999.0 -9999.0 -9999.0 -9999.0 -9999.0 -9999.0 -9999.0 -9999.0
-9999.0 -9999.0 -9999.0 -9999.0 -9999.0 -9999.0 -9999.0 -9999.0 -9999.0 -9999.0 -9999.0 -9999.0 -9999.0 -9999.0 -9999.0 -9999.0 -9999.0 -9999.0 -9999.0 -9999.0 -9999.0 -9999.0 -9999.0 -9999.0 -9999.0 -9999.0 -9999.0 -9999.0 -9999.0 -9999.0 -9999.0 -9999.0 -9999.0 -9999.0 -9999.0 -9999.0 -9999.0 -9999.0 -9999.0 -9999.0 -9999.0 -9999.0 -9999.0 -9999.0 -9999.0 -9999.0 -9999.0 -9999.0 -9999.0 -9999.0 -9999.0 -9999.0 -9999.0 -9999.0 -9999.0 -9999.0 -9999.0 -9999.0 -9999.0 -9999.0 -9999.0 -9999.0 -9999.0 -9999.0 -9999.0 -9999.0 -9999.0 -9999.0 -9999.0 -9999.0 -9999.0 -9999.0 -9999.0 -9999.0 -9999.0 -9999.0 -9999.0 -9999.0 -9999.0 -9999.0
-9999.0 -9999.0 -9999.0 -9999.0 -9999.0 -9999.0 -9999.0 -9999.0 -9999.0 -9999.0 -9999.0 -9999.0 -9999.0 -9999.0 -9999.0 -9999.0 -9999.0 -9999.0 -9999.0 -9999.0 1741.870856 1744.319754 1723.081111 1690.138604 1663.111287 1666.328939 1701.559833 1743.824850 1783.609906 1793.743680 1776.369290 1780.060774 1776.196372 1774.486027 1776.989175 1785.140837 1791.430235 1803.616382 1813.617580 1815.001624 1810.692329 1807.176528 1809.008240 1811.699111 1817.073507 1804.305228 1817.705851 1831.245396 1833.721761 1826.847711 1798.850843 1782.941659 1772.933598 1756.070152 1779.772467 1789.894278 1811.043076 1813.710815 1810.591403 1782.709538 1752.005691 -9999.0 -9999.0 -9999.0 -9999.0 -9999.0 -9999.0 -9999.0 -9999.0 -9999.0 -9999.0 -9999.0 -9999.0 -9999.0 -9999.0 -9999.0 -9999.0 -9999.0 -9999.0 -9999.0
-9999.0 -9999.0 -9999.0 -9999.0 -9999.0 -9999.0 -9999.0 -9999.0 -9999.0 -9999.0 -9999.0 -9999.0 -9999.0 -9999.0 1649.813650 1641.041432 1639.016390 1647.867397 1681.829365 1712.671636 1724.833673 1718.221838 1719.183914 1696.243523 1676.011853 1690.817762 1721.885531 1754.544259 1789.952767 1810.217470 1799.890702 1798.299267 1807.754784 1831.942232 1844.205121 1842.467724 1824.776344 1850.432787 1868.125409 1878.571043 1880.390305 1873.320990 1885.349112 1900.345147 1893.051663 1876.098690 1882.297562 1893.000421 1901.337543 1886.174976 1821.815973 1803.227760 1797.963031 1790.953567 1775.736414 1768.366171 1792.751535 1790.771943 1781.313237 1762.314526 1728.356059 1683.122709 1663.332039 1701.379465 1743.973222 1799.948340 -9999.0 -9999.0 -9999.0 -9999.0 -9999.0 -9999.0 -9999.0 -9999.0 -9999.0 -9999.0 -9999.0 -9999.0 -9999.0 -9999.0
-9999.0 -9999.0 -9999.0 -9999.0 -9999.0 -9999.0 -9999.0 -9999.0 -9999.0 1590.707593 1596.272813 1604.252061 1607.483183 1623.672116 1621.364158 1629.175722 1636.148397 1664.155119 1695.573577 1731.072738 1760.281765 1752.720270 1753.923273 1762.989021 1764.578110 1776.698124 1799.900941 1841.398432 1879.795835 1919.775257 1890.399811 1887.958039 1907.304527 1953.517809 1984.869231 1991.948875 1974.964832 1988.633615 2017.445667 2042.761497 2045.403486 2044.086192 2069.372149 2083.291300 2081.487202 2060.895356 2051.992761 2052.002489 2073.510816 2017.364859 1947.721136 1899.519391 1906.579008 1879.045208 1843.686756 1823.577323 1819.045250 1837.221264 1821.401166 1783.409599 1746.314181 1733.220479 1714.155480 1730.809741 1751.821264 1796.717607 1834.747978 1862.520675 1861.042221 1842.947788 -9999.0 -9999.0 -9999.0 -9999.0 -9999.0 -9999.0 -9999.0 -9999.0 -9999.0 -9999.0
-9999.0 -9999.0 -9999.0 -9999.0 -9999.0 -9999.0 1510.633484 1521.222444 1542.608978 1547.412823 1574.106669 1581.816914 1602.900040 1622.459806 1644.986634 1661.349729 1690.956912 1724.029298 1764.362101 1807.168539 1840.093368 1835.367742 1846.340903 1874.081419 1910.045614 1937.559593 1964.671988 2007.362079 2084.993612 2126.393969 2129.279830 2133.069025 2143.022366 2194.092161 2261.169762 2277.222384 2257.858011 2246.468919 2274.013264 2318.645159 2327.383210 2330.889724 2344.280128 2354.182995 2379.759513 2369.713594 2329.978294 2315.467859 2309.940966 2283.550796 2214.041466 2150.114647 2120.789438 2071.455700 1986.975846 1931.507673 1939.017333 1957.183650 1928.216733 1873.415530 1831.762266 1819.434426 1802.624265 1788.738225 1794.766696 1813.167552 1834.240480 1844.708569 1830.681675 1808.471410 1785.060638 1755.541209 1756.826523 1781.404775 -9999.0 -9999.0 -9999.0 -9999.0 -9999.0 -9999.0
-9999.0 -9999.0 -9999.0 -9999.0 1459.612270 1473.187940 1461.095989 1487.689370 1521.445656 1556.778953 1588.653455 1625.345373 1652.680078 1683.018750 1722.210063 1754.095366 1794.642997 1829.917408 1883.904661 1952.315435 2005.168331 2030.389624 2046.750871 2104.010863 2164.767750 2217.854453 2242.194556 2274.818112 2325.172727 2386.171883 2411.868382 2416.821493 2433.679801 2471.716072 2523.346994 2560.854231 2545.975667 2541.212494 2554.460788 2573.903969 2601.680834 2604.948382 2607.218400 2609.744198 2614.754996 2613.729872 2588.787619 2553.149517 2532.335273 2516.485366 2480.136581 2409.567543 2374.002382 2343.877168 2302.611263 2242.172031 2177.359266 2163.955633 2105.879171 2045.763016 1981.908028 1959.040157 1926.940762 1900.187217 1871.314146 1873.175970 1876.496903 1855.516209 1822.035988 1788.849521 1772.897073 1753.170734 1741.037338 1770.612569 1787.658497 1817.349424 -9999.0 -9999.0 -9999.0 -9999.0
-9999.0 -9999.0 1399.283218 1447.292379 1504.979102 1513.972757 1513.636058 1520.340103 1550.096468 1603.381862 1676.816233 1724.902949 1764.628046 1798.786553 1857.261045 1932.876591 2004.069842 2053.214670 2115.374816 2188.770776 2255.952048 2294.564701 2314.077933 2355.182677 2410.113206 2475.161982 2504.873119 2535.232144 2572.485255 2608.643298 2613.817265 2625.528849 2633.502474 2638.268781 2646.892616 2651.779704 2649.400555 2647.865371 2634.364157 2635.117104 2645.055467 2652.412623 2652.552240 2637.814668 2633.436948 2648.047705 2653.387370 2651.198203 2646.695874 2649.447325 2647.738470 2605.774345 2576.085835 2560.737202 2545.054872 2495.132101 2427.409724 2388.344443 2365.156624 2316.763826 2232.456654 2177.921857 2124.273364 2073.594023 2019.870196 1990.035571 1944.453010 1902.519943 1855.831370 1808.805651 1784.215008 1765.355133 1761.986475 1760.985509 1776.858017 1791.766261 1806.926586 1814.616124 -9999.0 -9999.0
-9999.0 1293.844415 1365.942500 1491.061979 1571.084046 1614.544328 1641.262728 1660.891316 1691.235010 1722.110419 1823.807761 1903.971520 1994.292964 2032.948489 2081.779106 2179.627796 2279.051174 2329.963676 2371.643177 2432.988039 2499.105401 2554.061730 2586.234705 2590.026198 2626.712429 2645.914755 2651.945902 2658.362856 2657.860168 2650.519138 2641.733982 2646.088770 2639.417017 2617.261062 2599.603620 2597.281354 2594.727443 2574.690819 2550.080199 2538.423388 2542.223176 2566.897010 2551.682562 2528.636594 2523.969628 2546.938213 2569.902795 2561.212875 2546.978986 2563.230026 2595.764211 2618.466756 2628.067256 2646.619436 2666.658741 2638.594814 2612.498157 2571.441723 2551.030371 2520.037506 2457.968058 2394.349942 2334.722283 2266.874451 2196.319161 2127.620053 2064.280381 2002.947250 1937.278690 1895.178391 1862.615646 1811.492061 1790.534572 1792.226155 1783.610982 1780.551191 1786.318993 1792.496459 -9999.0 -9999.0
-9999.0 1208.457304 1349.745980 1532.161257 1679.272094 1733.814163 1826.041956 1901.859310 1929.162457 1897.019081 2006.617512 2230.633070 2344.498984 2364.641742 2437.681685 2529.789889 2541.210328 2576.122298 2600.931392 2618.318806 2633.982031 2649.821898 2651.932793 2649.216190 2636.343575 2630.033944 2629.374066 2626.550746 2608.187599 2587.553779 2568.027106 2560.494745 2535.108073 2482.661089 2445.146162 2426.648875 2411.691370 2397.776699 2371.515585 2347.946200 2332.721508 2346.601079 2339.689445 2320.159120 2315.093905 2338.957613 2372.094512 2369.667977 2378.880496 2398.082840 2435.308858 2475.555567 2501.764192 2535.543192 2575.178569 2621.657379 2637.704840 2662.057377 2667.017183 2650.224526 2604.335126 2549.050433 2512.266159 2445.894883 2370.457894 2287.449979 2220.665490 2157.654577 2086.851092 2038.127805 1986.958446 1924.598005 1869.795745 1849.658539 1811.206799 1793.084508 -9999.0 -9999.0 -9999.0 -9999.0
-9999.0 1122.279368 1307.375991 1559.237654 1840.274146 1940.411969 2147.379472 2277.801658 2334.112501 2407.317521 2362.332017 2535.029280 2584.395474 2582.652707 2585.798359 2587.977156 2602.223417 2604.829910 2602.269510 2594.762768 2589.483785 2589.343663 2591.378936 2586.582640 2576.581504 2562.944761 2548.184279 2532.831947 2490.839010 2453.607857 2412.900884 2394.405548 2347.701188 2246.261674 2198.354342 2159.147085 2102.119776 2100.880579 2101.525681 2076.156509 2057.842941 2034.109831 2056.679743 2061.822928 2064.111778 2065.661748 2081.260761 2107.319269 2152.379772 2187.495803 2230.747557 2285.221902 2326.813565 2374.892560 2422.515038 2481.244602 2519.960647 2555.417589 2607.235587 2647.255914 2671.442080 2659.592899 2634.306754 2587.017511 2515.089244 2449.914115 2402.239642 2330.099261 2262.639827 2203.819351 2146.835259 2081.116314 2008.649227 1934.790693 1894.857700 -9999.0 -9999.0 -9999.0 -9999.0 -9999.0
-9999.0 929.482189 1195.396451 1475.668734 1776.820107 2109.230625 2257.093976 2378.365049 2451.619170 2430.350666 2450.754015 2476.425295 2525.456851 2536.060196 2512.769758 2497.068211 2479.270261 2476.576164 2489.231663 2464.510326 2438.121989 2427.977814 2430.597044 2421.651491 2400.524078 2385.456643 2373.678453 2349.253070 2294.026571 2236.712568 2149.907253 2114.943515 2034.406981 1979.337171 1934.101246 1883.990457 1835.251445 1837.074331 1857.895957 1845.984728 1824.797546 1806.433698 1833.023866 1851.226013 1863.548122 1851.180089 1859.911145 1895.032570 1942.935310 1985.137326 2033.059332 2087.520782 2135.766326 2185.157919 2218.895175 2272.960315 2329.928615 2382.494872 2459.526883 2542.467306 2584.195030 2621.376516 2655.184214 2674.075605 2625.536359 2582.434968 2536.637290 2480.220698 2404.702419 2354.252554 2313.767526 2237.222183 2164.459986 -9999.0 -9999.0 -9999.0 -9999.0 -9999.0 -9999.0 -9999.0
-9999.0 807.318478 1017.835707 1234.929744 1507.452329 1741.543192 1943.363672 2046.825561 2126.514852 2179.499144 2229.385980 2274.994315 2312.436899 2337.090902 2312.576509 2262.916335 2226.816422 2227.455416 2220.482556 2197.584797 2169.904011 2157.199758 2156.357430 2151.713799 2129.817890 2117.318994 2106.863517 2082.229443 2047.179282 1989.095832 1909.748273 1835.500248 1775.270737 1745.155481 1716.023798 1684.349982 1651.404272 1662.817886 1675.918559 1674.030755 1664.896630 1662.664844 1691.332928 1710.129732 1719.959402 1708.746943 1727.794817 1753.343106 1793.252019 1834.852079 1882.282779 1936.044891 1989.384165 2018.243937 2032.030662 2058.265571 2100.841308 2157.864156 2247.678435 2348.822284 2431.887284 2485.000072 2542.079086 2584.158899 2605.730460 2623.756746 2610.773489 2543.957595 2452.545778 2441.005908 2429.428679 -9999.0 -9999.0 -9999.0 -9999.0 -9999.0 -9999.0 -9999.0 -9999.0 -9999.0
-9999.0 -9999.0 786.613913 956.047539 1081.180226 1254.390931 1400.747313 1509.030211 1601.861596 1725.792736 1840.047540 1931.815759 1980.005811 1998.023161 1982.160348 1946.290992 1922.056514 1919.335543 1907.622581 1897.844811 1879.873068 1873.514131 1863.168933 1856.232919 1848.664269 1844.862535 1840.032144 1828.447113 1806.133025 1759.319510 1712.729628 1662.592403 1610.476424 1585.245763 1563.694713 1543.027107 1543.034383 1539.128326 1544.996898 1547.123181 1554.764961 1567.660787 1587.399292 1609.392695 1619.064893 1628.220477 1640.330886 1663.390946 1695.391605 1736.609692 1789.438261 1846.283041 1885.502756 1897.833936 1887.934803 1892.984004 1913.319847 1955.746375 2035.831057 2120.991833 2219.884411 2296.751414 2377.453836 2438.767978 2466.185017 2496.208765 2530.051445 2494.895963 2369.265240 2406.456296 -9999.0 -9999.0 -9999.0 -9999.0 -9999.0 -9999.0 -9999.0 -9999.0 -9999.0 -9999.0
-9999.0 -9999.0 -9999.0 -9999.0 814.006458 965.853969 1061.951587 1143.465646 1273.085640 1396.184874 1499.052806 1584.852635 1649.383954 1676.042703 1671.852783 1677.455340 1671.545690 1663.358787 1652.725661 1652.805784 1653.283401 1646.813282 1632.978963 1626.689193 1628.898854 1634.847705 1632.551772 1618.836064 1600.590321 1579.376997 1560.344603 1526.720811 1491.546132 1462.660005 1449.703740 1444.592325 1444.590316 1437.713175 1446.560829 1454.368136 1469.783731 1484.947837 1508.532566 1537.509962 1551.349495 1566.015728 1575.406522 1595.294927 1625.031907 1677.594817 1740.206071 1797.389449 1832.876506 1836.873254 1812.161605 1796.532484 1792.499271 1819.808475 1863.424548 1929.165127 2030.578423 2106.015665 2167.805724 2220.233150 2265.047979 2331.323866 2411.787970 2460.826818 -9999.0 -9999.0 -9999.0 -9999.0 -9999.0 -9999.0 -9999.0 -9999.0 -9999.0 -9999.0 -9999.0 -9999.0
-9999.0 -9999.0 -9999.0 -9999.0 -9999.0 -9999.0 775.416084 877.144996 954.423163 1095.230884 1228.458741 1331.281590 1412.396189 1444.738361 1471.674771 1497.822468 1495.174369 1475.599180 1455.654248 1474.899942 1489.990297 1484.628122 1455.002788 1455.659985 1461.488816 1470.122010 1468.128003 1461.891906 1436.899435 1449.284456 1450.683959 1427.697194 1401.982696 1388.498873 1376.846194 1386.659243 1387.043110 1373.487131 1373.933482 1401.030663 1421.461337 1434.509990 1456.079565 1489.165357 1521.426943 1536.599972 1537.717296 1543.314993 1582.355167 1651.781706 1722.861859 1777.825536 1809.876272 1817.502106 1790.114242 1749.817550 1729.152405 1735.622549 1769.346305 1820.444937 1895.059146 1944.475869 1972.431074 1990.522333 2016.332093 2116.864822 -9999.0 -9999.0 -9999.0 -9999.0 -9999.0 -9999.0 -9999.0 -9999.0 -9999.0 -9999.0 -9999.0 -9999.0 -9999.0 -9999.0
-9999.0 -9999.0 -9999.0 -9999.0 -9999.0 -9999.0 -9999.0 -9999.0 -9999.0 -9999.0 -9999.0 -9999.0 -9999.0 -9999.0 -9999.0 -9999.0 -9999.0 -9999.0 -9999.0 -9999.0 -9999.0 -9999.0 -9999.0 -9999.0 -9999.0 -9999.0 -9999.0 -9999.0 -9999.0 -9999.0 -9999.0 -9999.0 -9999.0 -9999.0 -9999.0 -9999.0 -9999.0 -9999.0 -9999.0 -9999.0 -9999.0 -9999.0 -9999.0 -9999.0 -9999.0 -9999.0 -9999.0 -9999.0 -9999.0 -9999.0 -9999.0 -9999.0 -9999.0 -9999.0 -9999.0 -9999.0 -9999.0 -9999.0 -9999.0 -9999.0 -9999.0 -9999.0 -9999.0 -9999.0 -9999.0 -9999.0 -9999.0 -9999.0 -9999.0 -9999.0 -9999.0 -9999.0 -9999.0 -9999.0 -9999.0 -9999.0 -9999.0 -9999.0 -9999.0 -9999.0
-9999.0 -9999.0 -9999.0 -9999.0 -9999.0 -9999.0 -9999.0 -9999.0 -9999.0 -9999.0 -9999.0 -9999.0 -9999.0 -9999.0 -9999.0 -9999.0 -9999.0 -9999.0 -9999.0 -9999.0 -9999.0 -9999.0 -9999.0 -9999.0 -9999.0 -9999.0 -9999.0 -9999.0 -9999.0 -9999.0 -9999.0 -9999.0 -9999.0 -9999.0 -9999.0 -9999.0 -9999.0 -9999.0 -9999.0 -9999.0 -9999.0 -9999.0 -9999.0 -9999.0 -9999.0 -9999.0 -9999.0 -9999.0 -9999.0 -9999.0 -9999.0 -9999.0 -9999.0 -9999.0 -9999.0 -9999.0 -9999.0 -9999.0 -9999.0 -9999.0 -9999.0 -9999.0 -9999.0 -9999.0 -9999.0 -9999.0 -9999.0 -9999.0 -9999.0 -9999.0 -9999.0 -9999.0 -9999.0 -9999.0 -9999.0 -9999.0 -9999.0 -9999.0 -9999.0 -9999.0