Borden_/Borden1m_014/output_maps/psiliqL0023N0027.asc
ncols         80
nrows         18
xllcorner     620200.000000
yllcorner     5168000.000000
cellsize      1.000000
NODATA_value  -9999.0
-9999.0 -9999.0 -9999.0 -9999.0 -9999.0 -9999.0 -9999.0 -9999.0 -9999.0 -9999.0 -9999.0 -9999.0 -9999.0 -9999.0 -9999.0 -9999.0 -9999.0 -9999.0 -9999.0 -9999.0 -9999.0 -9999.0 -9999.0 -9999.0 -9999.0 -9999.0 -9999.0 -9999.0 -9999.0 -9999.0 -9999.0 -9999.0 -9999.0 -9999.0 -9999.0 -9999.0 -9999.0 -9999.0 -9999.0 -9999.0 -9999.0 -9999.0 -9999.0 -9999.0 -9999.0 -9999.0 -9999.0 -9999.0 -9999.0 -9999.0 -9999.0 -9999.0 -9999.0 -9999.0 -9999.0 -9999.0 -9999.0 -9999.0 -9999.0 -9999.0 -9999.0 -9999.0 -9999.0 -9999.0 -9999.0 -9999.0 -9999.0 -9999.0 -9999.0 -9999.0 -9999.0 -9999.0 -9999.0 -9999.0 -9999.0 -9999.0 -9999.0 -9999.0 -9999.0 -9999.0
-9999.0 -9999.0 -9999.0 -9999.0 -9999.0 -9999.0 -9999.0 -9999.0 -9999.0 -9999.0 -9999.0 -9999.0 -9999.0 -9999.0 -9999.0 -9999.0 -9999.0 -9999.0 -9999.0 -9999.0 -9999.0 -9999.0 -9999.0 -9999.0 -9999.0 -9999.0 -9999.0 -9999.0 -9999.0 -9999.0 -9999.0 -9999.0 -9999.0 -9999.0 -9999.0 -9999.0 -9999.0 -9999.0 -9999.0 -9999.0 -9999.0 -9999.0 -9999.0 -9999.0 -9999.0 -9999.0 -9999.0 -9999.0 -9999.0 -9999.0 -9999.0 -9999.0 -9999.0 -9999.0 -9999.0 -9999.0 -9999.0 -9999.0 -9999.0 -9999.0 -9999.0 -9999.0 -9999.0 -9999.0 -9999.0 -9999.0 -9999.0 -9999.0 -9999.0 -9999.0 -9999.0 -9999.0 -9999.0 -9999.0 -9999.0 -9999.0 -9999.0 -9999.0 -9999.0 -9999.0
-9999.0 -9999.0 -9999.0 -9999.0 -9999.0 -9999.0 -9999.0 -9999.0 -9999.0 -9999.0 -9999.0 -9999.0 -9999.0 -9999.0 -9999.0 -9999.0 -9999.0 -9999.0 -9999.0 -9999.0 2756.131816 2758.381306 2738.023729 2705.800421 2679.663389 2683.793319 2719.426736 2762.497272 2803.703367 2814.242028 2797.833388 2803.387230 2800.570515 2797.556038 2799.444979 2808.136029 2815.917217 2826.317152 2834.751784 2834.334804 2828.775070 2825.006772 2827.834903 2830.032806 2835.692958 2821.130315 2835.288868 2796.477437 2800.571504 2797.526126 2818.546213 2803.030404 2791.698608 2773.056332 2796.205166 2805.480996 2795.820653 2799.633784 2797.741181 2794.987269 2764.168896 -9999.0 -9999.0 -9999.0 -9999.0 -9999.0 -9999.0 -9999.0 -9999.0 -9999.0 -9999.0 -9999.0 -9999.0 -9999.0 -9999.0 -9999.0 -9999.0 -9999.0 -9999.0 -9999.0
-9999.0 -9999.0 -9999.0 -9999.0 -9999.0 -9999.0 -9999.0 -9999.0 -9999.0 -9999.0 -9999.0 -9999.0 -9999.0 -9999.0 2661.113820 2653.379915 2652.336309 2661.876057 2696.432147 2727.996498 2739.862961 2733.771305 2735.255174 2712.772252 2692.687689 2707.993808 2739.840936 2772.054521 2808.088469 2828.737800 2820.198471 2819.899770 2829.203000 2798.696100 2807.445718 2804.771604 2842.586393 2810.951159 2824.050319 2829.228204 2827.445657 2817.841821 2827.315620 2841.518112 2834.475531 2818.943197 2828.740242 2842.493563 2853.474992 2844.488189 2836.282789 2819.682656 2813.014353 2805.269357 2789.137853 2782.968475 2808.424274 2804.482680 2794.513809 2775.490340 2741.072272 2695.483495 2674.970747 2713.057251 2754.889067 2790.682994 -9999.0 -9999.0 -9999.0 -9999.0 -9999.0 -9999.0 -9999.0 -9999.0 -9999.0 -9999.0 -9999.0 -9999.0 -9999.0 -9999.0
-9999.0 -9999.0 -9999.0 -9999.0 -9999.0 -9999.0 -9999.0 -9999.0 -9999.0 2598.402629 2604.989663 2613.762089 2618.305752 2635.496149 2633.568835 2642.369624 2649.357304 2678.849709 2710.759351 2746.485235 2774.627677 2768.604717 2768.756223 2776.205618 2775.254320 2786.721031 2810.043455 2799.282937 2831.033084 2867.193123 2834.905478 2830.871514 2849.016845 2891.261484 2916.601043 2919.754377 2902.007202 2916.360305 2939.988069 2956.773037 2953.673650 2948.245460 2973.198318 2987.829802 2983.342025 2962.519079 2959.529339 2965.630278 2993.868509 2943.248800 2878.043259 2837.053840 2850.202622 2827.757469 2799.897358 2832.978413 2830.480194 2806.872554 2794.221045 2794.417331 2759.352034 2745.634634 2726.102293 2743.510380 2764.143155 2786.672567 2825.987891 2855.364952 2854.751902 2837.393534 -9999.0 -9999.0 -9999.0 -9999.0 -9999.0 -9999.0 -9999.0 -9999.0 -9999.0 -9999.0
-9999.0 -9999.0 -9999.0 -9999.0 -9999.0 -9999.0 2516.908698 2528.526529 2550.948041 2555.566418 2583.730601 2591.374511 2613.443120 2633.832531 2657.973955 2674.439548 2703.638255 2737.091972 2775.617503 2816.922605 2803.340252 2842.056253 2799.156941 2819.845308 2849.246737 2870.532866 2893.680172 2930.911251 2983.594434 3019.475183 3014.465520 3015.663801 3023.938619 3073.551769 3137.122987 3148.768990 3128.357179 3114.975820 3137.460258 3173.958487 3173.170377 3172.080248 3180.321282 3190.584395 3217.198857 3207.205290 3175.212153 3168.456475 3173.544744 3152.823443 3086.562365 3029.047810 3008.452892 2982.067384 2900.258836 2855.497023 2875.012621 2899.958045 2876.639035 2827.732297 2836.699384 2826.671645 2810.977413 2798.919605 2806.746217 2799.310389 2822.488867 2835.590619 2823.337540 2802.642778 2791.290212 2761.279146 2762.171332 2786.167034 -9999.0 -9999.0 -9999.0 -9999.0 -9999.0 -9999.0
-9999.0 -9999.0 -9999.0 -9999.0 2464.830390 2479.113894 2466.780158 2494.896784 2529.538497 2565.806604 2596.672432 2633.449382 2661.298202 2692.476286 2729.726297 2758.222388 2796.459019 2830.863254 2828.626794 2890.774075 2936.115859 2952.211592 2961.381520 2993.121810 3049.016743 3096.406628 3114.887215 3140.108702 3179.877719 3235.566349 3258.016119 3261.255391 3278.072304 3319.241909 3373.129725 3407.096849 3389.834910 3381.219392 3390.255857 3403.640373 3425.756210 3425.859781 3426.905509 3430.536912 3437.503412 3436.203919 3410.712269 3377.795850 3365.508134 3355.906705 3320.358464 3249.906002 3218.756333 3191.309600 3155.981497 3103.391932 3053.196939 3051.612513 2998.324840 2963.094147 2911.177340 2899.903976 2877.117838 2858.959786 2839.279621 2848.604459 2858.237470 2841.686885 2811.156331 2795.848377 2779.706449 2759.483889 2746.304196 2775.637129 2786.055251 2815.452036 -9999.0 -9999.0 -9999.0 -9999.0
-9999.0 -9999.0 2402.745482 2450.037791 2508.927872 2517.969895 2515.816966 2522.565165 2552.965862 2606.560275 2677.166604 2720.693334 2757.267215 2792.950848 2798.033382 2862.510074 2924.494464 2967.474774 3005.600932 3073.368071 3131.916190 3159.033389 3168.457503 3199.264468 3252.458042 3318.922291 3345.983391 3371.657686 3401.715212 3436.638320 3432.753005 3444.093091 3455.587909 3466.114644 3479.013077 3485.028865 3480.548095 3476.032380 3457.706246 3452.896130 3459.454306 3466.738498 3466.289859 3451.913742 3447.963307 3462.649680 3468.372187 3466.630379 3464.425013 3469.784818 3467.107384 3421.126562 3399.344147 3384.794202 3374.754041 3329.677221 3264.438459 3231.251722 3211.116370 3175.523173 3102.951245 3063.820671 3023.757765 2988.309123 2965.162929 2948.085895 2912.364964 2878.069286 2837.320169 2795.324569 2789.207710 2771.297051 2768.136432 2766.118881 2781.830196 2790.532947 2805.979098 2813.869348 -9999.0 -9999.0
-9999.0 2293.782445 2365.699403 2489.862017 2570.320833 2612.962999 2631.557389 2643.857662 2675.164283 2712.362880 2807.196042 2821.077055 2904.149914 2940.979222 2983.012463 3053.605324 3145.124610 3183.586575 3220.414888 3280.939713 3344.124450 3389.572766 3415.276586 3401.057841 3438.519757 3463.785668 3470.437375 3476.374302 3475.285333 3466.883089 3459.940260 3466.778329 3464.042015 3445.314959 3429.670073 3428.084184 3424.783578 3401.871168 3375.137067 3360.141428 3362.025966 3385.978964 3373.681208 3352.549862 3348.216044 3369.527325 3389.659434 3379.236753 3366.725320 3382.668316 3416.669489 3440.312660 3443.392336 3461.378999 3482.365398 3454.191715 3431.403926 3388.811828 3372.821051 3347.796332 3292.210046 3237.606316 3190.215757 3145.307762 3092.608482 3042.390719 2994.494421 2959.702125 2903.771389 2868.838900 2842.918782 2798.099958 2795.347475 2787.869923 2788.754298 2785.219190 2785.426944 2791.741479 -9999.0 -9999.0
-9999.0 2201.315167 2341.562451 2522.286968 2669.800905 2719.587355 2795.765524 2829.643314 2846.244088 2847.232847 2898.529046 3094.498881 3205.004993 3220.121237 3292.512007 3382.891162 3372.807273 3402.867164 3424.796188 3446.034584 3463.197522 3475.906398 3473.770343 3468.143742 3451.981690 3444.052853 3443.266264 3441.270893 3424.255413 3405.643298 3389.098895 3386.317807 3369.542941 3322.238177 3289.811824 3273.236906 3256.035617 3242.086806 3214.329865 3189.117137 3177.402983 3185.533476 3182.517865 3172.033726 3167.618931 3182.485556 3213.171850 3209.880468 3219.899759 3239.121534 3274.388160 3311.456005 3330.389709 3358.922045 3393.513665 3439.803140 3449.825336 3471.913674 3475.263756 3462.985844 3417.802573 3367.844214 3338.923486 3284.543357 3225.222020 3167.294021 3118.674535 3073.928324 3018.986651 2984.330580 2953.943651 2898.950256 2853.170293 2841.188972 2806.053896 2791.042147 -9999.0 -9999.0 -9999.0 -9999.0
-9999.0 2104.719896 2286.501976 2531.012722 2808.914661 2888.016127 3077.991164 3188.209008 3227.254202 3292.318616 3194.295828 3381.722241 3428.455930 3421.902490 3432.028647 3434.293192 3447.893117 3447.595725 3442.547867 3431.781719 3422.537498 3418.231446 3417.062815 3409.216344 3396.745544 3382.310124 3371.120031 3360.091501 3324.355078 3293.153378 3255.779918 3243.827756 3202.219577 3115.613961 3076.905054 3040.017491 2982.038876 2983.411647 2988.109042 2982.589823 2963.817105 2937.339619 2964.971317 2974.198720 2977.947140 2974.896502 2986.055239 2993.714814 3039.262731 3072.827639 3111.590602 3158.651134 3184.502886 3223.048573 3262.953674 3314.570151 3344.819516 3373.238225 3420.180525 3456.831392 3479.235101 3466.107054 3446.219347 3403.231262 3344.256192 3295.429353 3267.257113 3217.932142 3177.369331 3133.531956 3087.229122 3034.548601 2981.545218 2922.159092 2886.125893 -9999.0 -9999.0 -9999.0 -9999.0 -9999.0
-9999.0 1892.344400 2157.256480 2429.211759 2715.871321 3029.034134 3183.185218 3279.978271 3340.867707 3317.227772 3334.370600 3342.318643 3378.248064 3384.520708 3363.380444 3350.440082 3334.028956 3332.940766 3345.894930 3319.152656 3289.685571 3276.772205 3277.578681 3266.866054 3243.569683 3228.683105 3219.357131 3201.760349 3162.683215 3113.718084 3031.827207 3000.703378 2942.690987 2900.814775 2862.818675 2816.051957 2822.577872 2824.626831 2797.919208 2834.937668 2813.219154 2795.216853 2823.863509 2798.803310 2811.319470 2796.286858 2803.420349 2837.414922 2884.298276 2924.937967 2969.693171 2999.687371 3040.329948 3079.846207 3102.081035 3142.549060 3179.985801 3220.800236 3289.713572 3365.870770 3399.836048 3433.494663 3463.410629 3484.822868 3442.620285 3415.436852 3392.453737 3370.195923 3324.961049 3280.172746 3239.697499 3176.722879 3119.038700 -9999.0 -9999.0 -9999.0 -9999.0 -9999.0 -9999.0 -9999.0
-9999.0 1776.699569 1976.238328 2177.187508 2436.495122 2672.576233 2863.158069 2956.284728 3013.246294 3073.779472 3121.777140 3156.805144 3179.472404 3200.323226 3177.608965 3136.835878 3105.571370 3110.235258 3102.580486 3081.132523 3053.455438 3040.459046 3038.784886 3033.878833 3012.476925 3001.872576 2995.134824 2995.130428 2968.762427 2915.973024 2843.698664 2820.986397 2764.280109 2739.600359 2713.080011 2682.981845 2653.820147 2664.713608 2674.704940 2674.354525 2666.469476 2665.551499 2694.377457 2712.976095 2723.081845 2713.015000 2732.803589 2758.520773 2798.761318 2799.809706 2844.750801 2894.700263 2943.863353 2966.063173 2971.139504 2985.879406 2994.813091 3038.249518 3114.452323 3195.393235 3270.106486 3314.342019 3364.103808 3402.458678 3429.290709 3456.436841 3477.020087 3468.696727 3443.884797 3411.264763 3354.356517 -9999.0 -9999.0 -9999.0 -9999.0 -9999.0 -9999.0 -9999.0 -9999.0 -9999.0
-9999.0 -9999.0 1748.762955 1907.365837 2014.744772 2181.829863 2327.237439 2437.296066 2538.819064 2678.308467 2799.609185 2845.698276 2890.259136 2906.210388 2892.564858 2863.737640 2845.757980 2845.455219 2834.115339 2826.646943 2810.887330 2805.441959 2850.681901 2841.922532 2834.973429 2831.504715 2826.819620 2817.138792 2797.157542 2752.104469 2710.000914 2662.859498 2612.141939 2588.033621 2567.533190 2548.222478 2550.017090 2544.447263 2549.124871 2551.305370 2559.977497 2573.611485 2593.146371 2616.250052 2626.441945 2637.052009 2649.409197 2672.964369 2705.476895 2747.283806 2801.499760 2823.090511 2858.990319 2867.133748 2851.638247 2849.118821 2859.724903 2891.811163 2958.230428 3007.598465 3095.358361 3159.524249 3221.636807 3276.360892 3302.258868 3338.534221 3406.452221 3454.312785 3494.422037 3472.163296 -9999.0 -9999.0 -9999.0 -9999.0 -9999.0 -9999.0 -9999.0 -9999.0 -9999.0 -9999.0
-9999.0 -9999.0 -9999.0 -9999.0 1767.979911 1917.097130 2014.899234 2095.952327 2229.646279 2359.034625 2465.626049 2553.092178 2621.875356 2650.751399 2652.342701 2667.593332 2666.584116 2658.595986 2648.112106 2651.318797 2654.346884 2647.447001 2631.312458 2624.325537 2626.774554 2633.104929 2630.288367 2616.469880 2597.596859 2580.204485 2564.359143 2532.054958 2498.612516 2470.180256 2457.444695 2453.296845 2452.958440 2444.971957 2453.098066 2461.429186 2477.043823 2492.108482 2515.607261 2544.902957 2559.653872 2574.890279 2584.514751 2604.445107 2635.298218 2689.011367 2753.122944 2811.315809 2816.733212 2818.152159 2831.013613 2814.730330 2809.308498 2834.598047 2813.792820 2867.563636 2958.576725 2999.688661 3046.040023 3085.875655 3122.149076 3181.171448 3272.790349 3352.478351 -9999.0 -9999.0 -9999.0 -9999.0 -9999.0 -9999.0 -9999.0 -9999.0 -9999.0 -9999.0 -9999.0 -9999.0
-9999.0 -9999.0 -9999.0 -9999.0 -9999.0 -9999.0 1740.790614 1845.914074 1917.055574 2067.267847 2210.015470 2317.486260 2401.580615 2437.707352 2471.211998 2501.823729 2502.503632 2483.115115 2462.123096 2483.135273 2500.863786 2494.434023 2462.823378 2463.568824 2469.648588 2477.132717 2474.206945 2467.722406 2442.606893 2457.573438 2460.680655 2437.725996 2412.202554 2399.131013 2387.450167 2397.111438 2397.048148 2382.622874 2381.749863 2409.236744 2430.014902 2442.881126 2464.070333 2497.324143 2530.033252 2546.034068 2547.645243 2553.423767 2591.678134 2661.961799 2734.855759 2791.664520 2797.532349 2803.131557 2809.503249 2769.611273 2749.597538 2756.021271 2788.713327 2837.460663 2839.980567 2878.532108 2893.691234 2898.598736 2912.945442 2983.820552 -9999.0 -9999.0 -9999.0 -9999.0 -9999.0 -9999.0 -9999.0 -9999.0 -9999.0 -9999.0 -9999.0 -9999.0 -9999.0 -9999.0
-9999.0 -9999.0 -9999.0 -9999.0 -9999.0 -9999.0 -9999.0 -9999.0 -9999.0 -9999.0 -9999.0 -9999.0 -9999.0 -9999.0 -9999.0 -9999.0 -9999.0 -9999.0 -9999.0 -9999.0 -9999.0 -9999.0 -9999.0 -9999.0 -9999.0 -9999.0 -9999.0 -9999.0 -9999.0 -9999.0 -9999.0 -9999.0 -9999.0 -9999.0 -9999.0 -9999.0 -9999.0 -9999.0 -9999.0 -9999.0 -9999.0 -9999.0 -9999.0 -9999.0 -9999.0 -9999.0 -9999.0 -9999.0 -9999.0 -9999.0 -9999.0 -9999.0 -9999.0 -9999.0 -9999.0 -9999.0 -9999.0 -9999.0 -9999.0 -9999.0 -9999.0 -9999.0 -9999.0 -9999.0 -9999.0 -9999.0 -9999.0 -9999.0 -9999.0 -9999.0 -9999.0 -9999.0 -9999.0 -9999.0 -9999.0 -9999.0 -9999.0 -9999.0 -9999.0 -9999.0
-9999.0 -9999.0 -9999.0 -9999.0 -9999.0 -9999.0 -9999.0 -9999.0 -9999.0 -9999.0 -9999.0 -9999.0 -9999.0 -9999.0 -9999.0 -9999.0 -9999.0 -9999.0 -9999.0 -9999.0 -9999.0 -9999.0 -9999.0 -9999.0 -9999.0 -9999.0 -9999.0 -9999.0 -9999.0 -9999.0 -9999.0 -9999.0 -9999.0 -9999.0 -9999.0 -9999.0 -9999.0 -9999.0 -9999.0 -9999.0 -9999.0 -9999.0 -9999.0 -9999.0 -9999.0 -9999.0 -9999.0 -9999.0 -9999.0 -9999.0 -9999.0 -9999.0 -9999.0 -9999.0 -9999.0 -9999.0 -9999.0 -9999.0 -9999.0 -9999.0 -9999.0 -9999.0 -9999.0 -9999.0 -9999.0 -9999.0 -9999.0 -9999.0 -9999.0 -9999.0 -9999.0 -9999.0 -9999.0 -9999.0 -9999.0 -9999.0 -9999.0 -9999.0 -9999.0 -9999.0