Borden_/Borden1m_014/output_maps/psiliqL0015N0001.asc
ncols         80
nrows         18
xllcorner     620200.000000
yllcorner     5168000.000000
cellsize      1.000000
NODATA_value  -9999.0
-9999.0 -9999.0 -9999.0 -9999.0 -9999.0 -9999.0 -9999.0 -9999.0 -9999.0 -9999.0 -9999.0 -9999.0 -9999.0 -9999.0 -9999.0 -9999.0 -9999.0 -9999.0 -9999.0 -9999.0 -9999.0 -9999.0 -9999.0 -9999.0 -9999.0 -9999.0 -9999.0 -9999.0 -9999.0 -9999.0 -9999.0 -9999.0 -9999.0 -9999.0 -9999.0 -9999.0 -9999.0 -9999.0 -9999.0 -9999.0 -9999.0 -9999.0 -9999.0 -9999.0 -9999.0 -9999.0 -9999.0 -9999.0 -9999.0 -9999.0 -9999.0 -9999.0 -9999.0 -9999.0 -9999.0 -9999.0 -9999.0 -9999.0 -9999.0 -9999.0 -9999.0 -9999.0 -9999.0 -9999.0 -9999.0 -9999.0 -9999.0 -9999.0 -9999.0 -9999.0 -9999.0 -9999.0 -9999.0 -9999.0 -9999.0 -9999.0 -9999.0 -9999.0 -9999.0 -9999.0
-9999.0 -9999.0 -9999.0 -9999.0 -9999.0 -9999.0 -9999.0 -9999.0 -9999.0 -9999.0 -9999.0 -9999.0 -9999.0 -9999.0 -9999.0 -9999.0 -9999.0 -9999.0 -9999.0 -9999.0 -9999.0 -9999.0 -9999.0 -9999.0 -9999.0 -9999.0 -9999.0 -9999.0 -9999.0 -9999.0 -9999.0 -9999.0 -9999.0 -9999.0 -9999.0 -9999.0 -9999.0 -9999.0 -9999.0 -9999.0 -9999.0 -9999.0 -9999.0 -9999.0 -9999.0 -9999.0 -9999.0 -9999.0 -9999.0 -9999.0 -9999.0 -9999.0 -9999.0 -9999.0 -9999.0 -9999.0 -9999.0 -9999.0 -9999.0 -9999.0 -9999.0 -9999.0 -9999.0 -9999.0 -9999.0 -9999.0 -9999.0 -9999.0 -9999.0 -9999.0 -9999.0 -9999.0 -9999.0 -9999.0 -9999.0 -9999.0 -9999.0 -9999.0 -9999.0 -9999.0
-9999.0 -9999.0 -9999.0 -9999.0 -9999.0 -9999.0 -9999.0 -9999.0 -9999.0 -9999.0 -9999.0 -9999.0 -9999.0 -9999.0 -9999.0 -9999.0 -9999.0 -9999.0 -9999.0 -9999.0 1126.282302 1128.433251 1106.065716 1072.007659 1043.631837 1045.275930 1078.994303 1119.326021 1156.928902 1165.840812 1147.324526 1149.593208 1144.801286 1143.036745 1145.025923 1151.735111 1156.006113 1166.680748 1174.366773 1173.156096 1166.438403 1160.932863 1161.050942 1163.677998 1169.089583 1158.121750 1172.482916 1188.024603 1193.603333 1189.434661 1163.759134 1149.613337 1141.732639 1127.146261 1152.573356 1164.963522 1188.278437 1192.965652 1191.755669 1165.233728 1135.475498 -9999.0 -9999.0 -9999.0 -9999.0 -9999.0 -9999.0 -9999.0 -9999.0 -9999.0 -9999.0 -9999.0 -9999.0 -9999.0 -9999.0 -9999.0 -9999.0 -9999.0 -9999.0 -9999.0
-9999.0 -9999.0 -9999.0 -9999.0 -9999.0 -9999.0 -9999.0 -9999.0 -9999.0 -9999.0 -9999.0 -9999.0 -9999.0 -9999.0 1037.145047 1027.375662 1024.130813 1031.799946 1064.585015 1094.250894 1106.326127 1098.621051 1098.284581 1074.131283 1052.792322 1066.014826 1094.893667 1125.279007 1158.344869 1177.003062 1164.922951 1162.309641 1171.581845 1196.091718 1208.199827 1205.367534 1185.995880 1209.105013 1223.742684 1230.768777 1229.130379 1219.881063 1231.667190 1246.638633 1239.797838 1223.480561 1229.984900 1242.787525 1255.391093 1243.269586 1181.698234 1164.313554 1161.319033 1156.164143 1143.475995 1138.305312 1164.591557 1165.313511 1157.923550 1140.801565 1108.671432 1064.591285 1046.771576 1086.314840 1130.698003 1188.203053 -9999.0 -9999.0 -9999.0 -9999.0 -9999.0 -9999.0 -9999.0 -9999.0 -9999.0 -9999.0 -9999.0 -9999.0 -9999.0 -9999.0
-9999.0 -9999.0 -9999.0 -9999.0 -9999.0 -9999.0 -9999.0 -9999.0 -9999.0 980.932185 985.225219 991.942172 993.648911 1008.705793 1006.131661 1012.685202 1018.625292 1044.558864 1074.369632 1108.257187 1135.947447 1126.035286 1125.406076 1133.917219 1135.671912 1146.507040 1166.932923 1205.176674 1241.631285 1279.508128 1249.343661 1246.668012 1266.167234 1313.303496 1345.562734 1352.340597 1334.727440 1343.831030 1367.546072 1387.213626 1384.653577 1380.653145 1404.181557 1417.345221 1418.068657 1399.296552 1389.527377 1391.538321 1417.446424 1367.650391 1303.203555 1254.991487 1261.628536 1235.012336 1200.768187 1183.126734 1181.441665 1202.770056 1189.365808 1153.983218 1119.361483 1109.445679 1093.302367 1111.877380 1135.217109 1182.360839 1221.723168 1251.278868 1251.784743 1234.951005 -9999.0 -9999.0 -9999.0 -9999.0 -9999.0 -9999.0 -9999.0 -9999.0 -9999.0 -9999.0
-9999.0 -9999.0 -9999.0 -9999.0 -9999.0 -9999.0 902.991471 912.167395 931.890531 935.973828 960.654180 966.858091 986.206192 1004.230689 1024.735389 1039.510227 1067.319430 1097.981207 1136.529153 1177.447203 1207.559657 1200.267850 1208.234187 1235.814663 1272.538177 1300.503476 1324.488545 1361.649233 1432.767351 1470.082076 1474.240726 1479.121421 1491.725187 1544.833903 1611.138980 1627.166088 1608.358725 1594.467795 1613.880588 1647.651678 1650.006573 1649.125293 1658.246737 1667.309277 1693.581863 1685.791843 1649.411959 1637.518476 1636.099469 1618.866797 1555.760904 1490.250525 1458.462293 1413.086588 1334.645009 1283.031401 1290.873728 1310.462518 1283.882222 1232.875865 1194.914131 1186.591082 1173.833199 1163.111762 1171.879208 1193.279577 1217.497459 1230.586613 1219.187615 1199.268623 1177.378527 1149.458680 1151.966644 1177.494800 -9999.0 -9999.0 -9999.0 -9999.0 -9999.0 -9999.0
-9999.0 -9999.0 -9999.0 -9999.0 853.875715 866.065724 852.847569 876.909188 908.293278 941.022009 970.833221 1005.209018 1030.066559 1058.070800 1095.873732 1126.768223 1164.536702 1196.234430 1247.317265 1312.904693 1362.073000 1383.079033 1394.714908 1449.197145 1509.905163 1565.418317 1588.008135 1614.098401 1653.607368 1708.902253 1733.873726 1741.883273 1765.576187 1809.914026 1861.543199 1896.583512 1882.281467 1876.087140 1882.333547 1892.491397 1913.535701 1913.127564 1913.970345 1916.154986 1921.031766 1921.096975 1898.995624 1867.480675 1853.271994 1841.371623 1806.110477 1728.749406 1687.955353 1660.431202 1628.704127 1576.508218 1510.754414 1496.105991 1442.574428 1389.266015 1330.542984 1311.954294 1284.967582 1263.516238 1238.981434 1244.978484 1252.300699 1235.440110 1206.186708 1176.268652 1162.947508 1145.504323 1135.549886 1166.394657 1184.560274 1215.240562 -9999.0 -9999.0 -9999.0 -9999.0
-9999.0 -9999.0 796.257655 843.933286 899.514173 906.410719 904.448479 907.952129 934.022260 983.416874 1054.589102 1099.922678 1137.586064 1168.049119 1224.254360 1298.083595 1363.544639 1406.574840 1462.634603 1532.260719 1596.139276 1628.769841 1642.805955 1679.494160 1736.502426 1807.716594 1839.186656 1865.465190 1893.519447 1923.393899 1931.939879 1945.759615 1957.211152 1965.043782 1973.416949 1977.013180 1974.761879 1971.587503 1954.650129 1950.806136 1956.681906 1961.019984 1961.881319 1948.636878 1944.838813 1958.358103 1962.651377 1961.762681 1959.848291 1963.680244 1962.075641 1918.622773 1882.704316 1869.447089 1859.567514 1812.249114 1740.600782 1697.562803 1676.410943 1635.366388 1557.932779 1507.715261 1460.706262 1417.488697 1372.172817 1348.701030 1309.576583 1273.870291 1232.862145 1190.914733 1170.480630 1154.835319 1154.303212 1155.752117 1173.087773 1189.230469 1205.213618 1213.310346 -9999.0 -9999.0
-9999.0 693.573356 765.124898 889.523403 966.753460 1007.138104 1033.526295 1051.413193 1075.990758 1098.401909 1196.080313 1275.717053 1359.516161 1393.206621 1442.327812 1535.257834 1622.598515 1663.083514 1699.786267 1760.198884 1827.839931 1877.168865 1904.156819 1913.214331 1949.177547 1968.511101 1975.253853 1979.218892 1974.066344 1964.209880 1954.155388 1959.699843 1956.058292 1936.802063 1918.661837 1915.286596 1911.694179 1890.303533 1864.074214 1850.335536 1852.873145 1875.350524 1863.114161 1842.656754 1838.687801 1859.047663 1877.766993 1868.306589 1854.829707 1869.783079 1900.757035 1921.542487 1934.543963 1953.719983 1974.969024 1948.613666 1918.380875 1877.126623 1858.458462 1828.102794 1764.294101 1700.140398 1645.589496 1586.822064 1525.489679 1465.916094 1413.095531 1362.161776 1304.866814 1270.395889 1244.079807 1197.805590 1180.380248 1185.283792 1178.720570 1177.296455 1184.429545 1191.140136 -9999.0 -9999.0
-9999.0 612.435326 753.479396 934.844702 1077.930215 1128.644880 1220.317829 1290.497066 1312.807462 1281.550788 1381.454083 1589.352790 1685.483515 1703.144263 1780.337931 1867.447823 1881.467959 1909.405536 1930.041913 1942.756602 1955.703481 1967.884270 1966.838477 1961.758826 1949.129060 1944.293386 1944.497493 1940.830495 1920.378560 1897.571145 1878.019730 1872.735182 1852.686554 1804.715050 1764.323966 1744.556375 1730.111283 1713.469206 1683.394508 1658.599837 1645.037687 1661.065569 1654.077214 1637.063236 1632.621316 1653.483587 1684.274199 1678.214769 1683.399210 1702.017422 1739.115994 1779.413472 1807.849348 1841.781102 1880.400340 1926.543394 1944.219445 1967.517802 1972.915421 1954.295488 1908.016038 1854.072950 1817.364580 1750.454143 1678.652773 1605.338466 1549.801231 1498.632373 1439.850369 1401.097069 1359.496825 1306.262935 1257.502444 1241.047228 1205.727443 1188.841741 -9999.0 -9999.0 -9999.0 -9999.0
-9999.0 532.606595 718.601045 971.952690 1240.103140 1337.715165 1527.781633 1645.243826 1697.352153 1768.573079 1740.863881 1880.930456 1915.650345 1911.804075 1914.804259 1919.640630 1932.878917 1933.652262 1928.372339 1917.637493 1908.253688 1904.637980 1903.690903 1896.780907 1885.610769 1871.933097 1858.720912 1843.863940 1801.492021 1762.203592 1723.894206 1709.235101 1670.761770 1579.148205 1534.559613 1499.151942 1445.665350 1443.049978 1440.182158 1414.572817 1396.801850 1377.272050 1398.931347 1402.624814 1404.155314 1406.207625 1420.881392 1441.388807 1481.494695 1513.300719 1553.282505 1602.565599 1636.856769 1680.526660 1728.097989 1788.560597 1827.093850 1861.245023 1910.789972 1951.886193 1975.227867 1964.061321 1936.989972 1890.249161 1821.064164 1756.539790 1715.471680 1654.446242 1599.687374 1550.926461 1505.280308 1452.251181 1391.767977 1324.519908 1288.515423 -9999.0 -9999.0 -9999.0 -9999.0 -9999.0
-9999.0 351.830979 617.228724 899.647028 1203.158548 1516.618935 1636.179654 1754.610815 1820.565049 1789.138044 1795.269882 1811.905238 1850.528137 1858.493190 1840.502884 1832.035855 1819.209536 1817.126039 1827.268703 1797.008440 1761.859828 1746.273344 1745.510827 1734.041240 1711.537792 1695.591032 1683.996911 1663.721388 1615.408216 1564.000642 1484.243994 1457.572353 1386.385904 1334.230348 1292.896512 1246.594764 1199.435992 1200.922509 1220.086818 1207.019652 1186.035125 1168.351176 1194.779211 1211.889613 1223.308236 1210.892406 1218.193413 1251.189994 1296.439222 1335.265637 1379.261031 1427.745518 1469.137698 1512.961750 1542.910045 1592.922492 1641.055936 1688.241417 1764.380781 1847.705298 1886.772905 1923.302068 1958.812832 1977.307749 1931.385177 1890.246804 1851.891281 1806.225314 1736.018617 1691.072700 1658.476183 1596.683599 1536.057372 -9999.0 -9999.0 -9999.0 -9999.0 -9999.0 -9999.0 -9999.0
-9999.0 226.085885 442.426071 667.113128 943.334311 1168.890327 1349.657836 1446.438550 1516.987069 1550.962157 1584.584612 1616.405456 1644.944729 1666.481217 1644.769085 1605.318517 1575.902176 1578.789268 1572.981746 1546.822160 1514.751618 1498.978482 1496.859680 1490.756488 1467.778775 1454.961040 1445.948172 1425.475207 1394.464932 1342.591969 1267.917122 1200.606363 1144.188789 1116.032565 1089.455073 1059.508986 1026.207255 1038.098504 1052.059323 1049.439487 1039.547260 1036.919459 1065.984541 1084.626202 1094.179074 1081.704194 1099.462919 1124.015116 1162.528396 1201.483058 1245.721531 1295.472913 1343.725164 1368.053453 1377.719330 1399.450665 1434.835762 1484.472191 1567.239517 1659.503263 1735.931578 1787.553798 1844.468269 1884.689113 1907.460089 1933.472959 1927.047735 1867.811099 1773.570711 1781.189139 1774.510771 -9999.0 -9999.0 -9999.0 -9999.0 -9999.0 -9999.0 -9999.0 -9999.0 -9999.0
-9999.0 -9999.0 209.521836 384.347358 518.153585 691.323888 833.370819 935.262983 1016.496791 1123.799172 1223.708585 1302.642619 1343.402250 1358.807458 1343.580201 1309.813652 1288.059277 1287.725195 1277.351037 1265.989148 1245.513171 1237.851099 1227.818393 1220.709958 1211.753899 1207.521832 1203.720563 1194.212736 1174.629811 1131.173177 1085.940021 1038.106930 987.980510 965.099928 945.332718 925.504541 925.362873 922.812835 929.412107 931.456321 938.516725 951.147065 971.218107 992.839516 1002.102136 1010.031943 1021.493034 1043.682479 1074.671896 1114.088408 1164.488315 1218.003480 1253.453868 1262.058424 1248.595515 1249.666695 1265.458658 1302.103885 1375.902220 1452.165162 1540.194196 1607.761134 1679.939149 1737.113285 1764.944716 1800.663238 1840.022285 1804.507288 1574.422215 1736.142366 -9999.0 -9999.0 -9999.0 -9999.0 -9999.0 -9999.0 -9999.0 -9999.0 -9999.0 -9999.0
-9999.0 -9999.0 -9999.0 -9999.0 240.696114 392.571166 485.771042 564.729759 687.789053 801.882009 896.570038 974.678638 1031.954495 1055.699923 1049.208028 1052.292131 1046.947458 1041.175185 1031.775564 1030.249948 1028.765855 1021.854264 1008.881130 1002.329797 1003.887786 1009.577483 1008.298850 996.215957 980.620528 959.639637 941.110126 908.931481 874.924384 847.537397 835.875000 831.207770 832.045071 826.178373 835.607908 843.152963 858.510228 873.827203 897.528704 926.159859 939.321929 953.402733 962.311889 981.710755 1010.439707 1061.649359 1122.378630 1177.024902 1209.341604 1210.327290 1182.085986 1162.916024 1154.988341 1177.326391 1215.477900 1274.667367 1366.935088 1432.035855 1485.911671 1531.833907 1570.714603 1631.584210 1712.169948 1771.882453 -9999.0 -9999.0 -9999.0 -9999.0 -9999.0 -9999.0 -9999.0 -9999.0 -9999.0 -9999.0 -9999.0 -9999.0
-9999.0 -9999.0 -9999.0 -9999.0 -9999.0 -9999.0 194.753027 292.806918 371.086032 502.617896 625.787053 721.579340 797.610104 825.944582 849.211064 874.266970 871.642346 853.646373 835.346405 853.839549 867.153946 862.004546 833.232936 833.336862 838.670093 847.999295 847.072068 842.032476 818.602897 831.089453 833.098377 811.626750 787.212933 774.674015 764.091504 774.751719 775.917809 763.213086 764.642721 791.565746 811.852716 825.080960 846.922104 879.872851 911.760723 926.254127 926.827810 931.977308 970.911336 1039.323837 1108.552571 1161.173824 1190.622874 1195.658715 1165.108406 1121.550619 1096.910472 1098.824077 1127.110978 1172.107028 1239.189502 1280.219216 1301.173441 1313.376724 1333.441474 1426.196110 -9999.0 -9999.0 -9999.0 -9999.0 -9999.0 -9999.0 -9999.0 -9999.0 -9999.0 -9999.0 -9999.0 -9999.0 -9999.0 -9999.0
-9999.0 -9999.0 -9999.0 -9999.0 -9999.0 -9999.0 -9999.0 -9999.0 -9999.0 -9999.0 -9999.0 -9999.0 -9999.0 -9999.0 -9999.0 -9999.0 -9999.0 -9999.0 -9999.0 -9999.0 -9999.0 -9999.0 -9999.0 -9999.0 -9999.0 -9999.0 -9999.0 -9999.0 -9999.0 -9999.0 -9999.0 -9999.0 -9999.0 -9999.0 -9999.0 -9999.0 -9999.0 -9999.0 -9999.0 -9999.0 -9999.0 -9999.0 -9999.0 -9999.0 -9999.0 -9999.0 -9999.0 -9999.0 -9999.0 -9999.0 -9999.0 -9999.0 -9999.0 -9999.0 -9999.0 -9999.0 -9999.0 -9999.0 -9999.0 -9999.0 -9999.0 -9999.0 -9999.0 -9999.0 -9999.0 -9999.0 -9999.0 -9999.0 -9999.0 -9999.0 -9999.0 -9999.0 -9999.0 -9999.0 -9999.0 -9999.0 -9999.0 -9999.0 -9999.0 -9999.0
-9999.0 -9999.0 -9999.0 -9999.0 -9999.0 -9999.0 -9999.0 -9999.0 -9999.0 -9999.0 -9999.0 -9999.0 -9999.0 -9999.0 -9999.0 -9999.0 -9999.0 -9999.0 -9999.0 -9999.0 -9999.0 -9999.0 -9999.0 -9999.0 -9999.0 -9999.0 -9999.0 -9999.0 -9999.0 -9999.0 -9999.0 -9999.0 -9999.0 -9999.0 -9999.0 -9999.0 -9999.0 -9999.0 -9999.0 -9999.0 -9999.0 -9999.0 -9999.0 -9999.0 -9999.0 -9999.0 -9999.0 -9999.0 -9999.0 -9999.0 -9999.0 -9999.0 -9999.0 -9999.0 -9999.0 -9999.0 -9999.0 -9999.0 -9999.0 -9999.0 -9999.0 -9999.0 -9999.0 -9999.0 -9999.0 -9999.0 -9999.0 -9999.0 -9999.0 -9999.0 -9999.0 -9999.0 -9999.0 -9999.0 -9999.0 -9999.0 -9999.0 -9999.0 -9999.0 -9999.0