Borden_/Borden1m_014/output_maps/psiliqL0020N0010.asc
ncols         80
nrows         18
xllcorner     620200.000000
yllcorner     5168000.000000
cellsize      1.000000
NODATA_value  -9999.0
-9999.0 -9999.0 -9999.0 -9999.0 -9999.0 -9999.0 -9999.0 -9999.0 -9999.0 -9999.0 -9999.0 -9999.0 -9999.0 -9999.0 -9999.0 -9999.0 -9999.0 -9999.0 -9999.0 -9999.0 -9999.0 -9999.0 -9999.0 -9999.0 -9999.0 -9999.0 -9999.0 -9999.0 -9999.0 -9999.0 -9999.0 -9999.0 -9999.0 -9999.0 -9999.0 -9999.0 -9999.0 -9999.0 -9999.0 -9999.0 -9999.0 -9999.0 -9999.0 -9999.0 -9999.0 -9999.0 -9999.0 -9999.0 -9999.0 -9999.0 -9999.0 -9999.0 -9999.0 -9999.0 -9999.0 -9999.0 -9999.0 -9999.0 -9999.0 -9999.0 -9999.0 -9999.0 -9999.0 -9999.0 -9999.0 -9999.0 -9999.0 -9999.0 -9999.0 -9999.0 -9999.0 -9999.0 -9999.0 -9999.0 -9999.0 -9999.0 -9999.0 -9999.0 -9999.0 -9999.0
-9999.0 -9999.0 -9999.0 -9999.0 -9999.0 -9999.0 -9999.0 -9999.0 -9999.0 -9999.0 -9999.0 -9999.0 -9999.0 -9999.0 -9999.0 -9999.0 -9999.0 -9999.0 -9999.0 -9999.0 -9999.0 -9999.0 -9999.0 -9999.0 -9999.0 -9999.0 -9999.0 -9999.0 -9999.0 -9999.0 -9999.0 -9999.0 -9999.0 -9999.0 -9999.0 -9999.0 -9999.0 -9999.0 -9999.0 -9999.0 -9999.0 -9999.0 -9999.0 -9999.0 -9999.0 -9999.0 -9999.0 -9999.0 -9999.0 -9999.0 -9999.0 -9999.0 -9999.0 -9999.0 -9999.0 -9999.0 -9999.0 -9999.0 -9999.0 -9999.0 -9999.0 -9999.0 -9999.0 -9999.0 -9999.0 -9999.0 -9999.0 -9999.0 -9999.0 -9999.0 -9999.0 -9999.0 -9999.0 -9999.0 -9999.0 -9999.0 -9999.0 -9999.0 -9999.0 -9999.0
-9999.0 -9999.0 -9999.0 -9999.0 -9999.0 -9999.0 -9999.0 -9999.0 -9999.0 -9999.0 -9999.0 -9999.0 -9999.0 -9999.0 -9999.0 -9999.0 -9999.0 -9999.0 -9999.0 -9999.0 2150.931030 2153.453908 2132.795447 2100.495177 2074.341393 2078.500123 2114.276436 2156.851983 2196.885481 2206.919081 2190.117199 2195.477295 2193.823351 2194.298029 2199.402672 2210.299984 2218.860454 2230.975148 2239.625649 2238.663651 2231.969669 2226.695365 2227.739071 2229.661483 2235.221559 2222.373173 2237.010829 2251.675214 2254.568041 2247.598331 2218.632643 2201.308603 2189.440843 2170.934686 2193.739819 2202.807444 2222.633099 2224.149507 2220.044119 2191.707307 2160.730798 -9999.0 -9999.0 -9999.0 -9999.0 -9999.0 -9999.0 -9999.0 -9999.0 -9999.0 -9999.0 -9999.0 -9999.0 -9999.0 -9999.0 -9999.0 -9999.0 -9999.0 -9999.0 -9999.0
-9999.0 -9999.0 -9999.0 -9999.0 -9999.0 -9999.0 -9999.0 -9999.0 -9999.0 -9999.0 -9999.0 -9999.0 -9999.0 -9999.0 2056.081301 2047.900949 2046.597737 2056.196871 2090.981113 2122.683056 2135.000177 2128.877393 2130.340330 2108.056701 2088.672576 2104.619230 2136.627616 2169.222303 2204.163838 2223.943274 2214.322136 2214.246155 2225.864891 2253.015155 2268.291662 2269.467729 2254.033395 2280.433600 2295.921391 2302.422025 2300.800616 2291.081211 2300.861676 2314.978639 2307.755976 2291.841082 2300.386558 2313.202403 2322.535049 2308.125203 2242.441219 2222.415696 2214.863506 2206.565891 2190.346895 2182.571841 2206.301684 2202.668428 2192.190526 2172.584759 2138.134607 2092.672560 2072.298706 2110.024455 2151.944120 2207.052225 -9999.0 -9999.0 -9999.0 -9999.0 -9999.0 -9999.0 -9999.0 -9999.0 -9999.0 -9999.0 -9999.0 -9999.0 -9999.0 -9999.0
-9999.0 -9999.0 -9999.0 -9999.0 -9999.0 -9999.0 -9999.0 -9999.0 -9999.0 1995.761645 2001.782096 2010.109444 2013.907284 2030.553698 2028.427756 2036.884254 2044.286643 2073.499187 2105.937834 2142.469897 2172.266034 2165.574278 2166.964551 2176.057911 2178.049207 2191.766382 2216.370876 2257.790592 2293.058958 2331.258139 2301.354753 2300.284053 2322.881469 2373.088137 2407.692552 2417.728368 2403.783267 2419.311849 2444.436922 2462.754246 2459.723057 2454.267348 2476.995605 2490.423291 2487.600731 2467.776710 2463.548048 2467.617751 2492.816931 2437.820192 2366.028809 2315.885409 2321.471418 2293.716228 2259.381865 2239.536446 2234.232304 2250.744652 2233.851500 2195.117125 2158.053027 2144.255312 2124.531913 2141.030589 2161.373456 2205.236123 2242.787686 2269.789221 2267.353023 2248.670443 -9999.0 -9999.0 -9999.0 -9999.0 -9999.0 -9999.0 -9999.0 -9999.0 -9999.0 -9999.0
-9999.0 -9999.0 -9999.0 -9999.0 -9999.0 -9999.0 1915.438244 1926.587141 1948.518914 1953.202031 1980.509600 1988.355834 2009.866389 2029.883397 2053.295848 2070.120179 2100.157522 2134.244351 2175.422645 2219.390956 2253.721292 2248.374782 2259.492973 2286.417955 2323.506751 2353.416682 2382.709337 2424.479268 2498.384132 2536.620435 2536.665721 2541.676428 2555.646456 2613.091495 2685.919930 2704.348441 2689.314244 2678.795298 2701.518339 2737.292515 2737.610041 2736.657138 2750.286372 2760.082645 2786.228932 2776.752782 2737.849527 2728.460081 2730.604735 2706.280767 2633.620704 2565.461923 2533.848426 2481.396141 2397.431238 2344.127205 2352.756497 2369.926988 2340.111839 2285.304024 2243.921667 2231.649053 2214.569277 2200.773768 2206.732368 2224.356369 2244.150344 2253.529326 2238.318079 2215.060916 2191.129624 2160.864543 2161.463750 2185.425272 -9999.0 -9999.0 -9999.0 -9999.0 -9999.0 -9999.0
-9999.0 -9999.0 -9999.0 -9999.0 1863.964880 1878.165667 1866.257773 1893.789888 1928.195791 1964.132202 1995.913991 2032.624425 2060.246201 2091.136744 2130.279164 2161.474328 2201.869733 2237.965322 2293.650293 2364.328745 2418.474342 2441.706344 2456.828229 2515.004401 2579.781283 2638.223906 2665.674781 2696.150051 2741.966090 2798.228483 2821.724836 2827.317104 2847.894891 2892.937218 2951.300977 2827.059534 2809.962434 2801.979236 2810.001832 2822.536308 2844.776311 2845.054672 2846.239585 2849.388086 2855.605482 2854.811702 2830.368223 2798.319260 2955.860082 2942.082543 2902.480774 2826.731200 2788.707644 2756.894953 2714.358219 2655.355412 2590.956875 2576.575041 2515.930476 2454.960385 2393.258275 2372.029499 2340.752836 2314.728782 2286.436195 2287.729068 2289.860288 2267.325412 2232.035249 2197.450943 2180.467829 2159.665903 2146.273684 2174.994511 2191.134303 2220.012544 -9999.0 -9999.0 -9999.0 -9999.0
-9999.0 -9999.0 1802.256075 1850.433043 1909.267668 1919.145458 1918.906047 1926.281281 1956.849600 2010.805442 2083.238238 2129.788394 2168.251489 2203.458686 2263.052358 2337.436851 2407.986608 2457.333129 2524.213110 2602.225580 2671.461319 2705.680655 2722.026156 2765.942289 2825.290220 2897.299512 2930.688015 2960.146521 2822.301168 2855.309508 2856.418715 2868.531729 2878.937198 2886.900683 2897.484837 2901.826883 2897.866099 2893.521615 2876.079661 2871.744791 2878.415027 2884.362922 2885.109896 2871.116583 2867.247674 2881.640285 2886.280520 2884.906408 2884.357264 2889.515877 2888.742861 2845.341428 2818.530143 2804.934891 2964.465691 2914.723781 2843.422131 2802.057922 2777.959974 2727.351960 2645.326532 2593.092302 2541.184725 2493.616524 2438.540570 2408.487101 2361.332984 2317.699814 2269.210915 2220.348895 2193.992000 2173.867696 2169.043156 2166.336286 2181.059874 2194.805437 2209.132461 2216.396980 -9999.0 -9999.0
-9999.0 1695.144469 1767.570259 1893.135867 1974.732985 2019.537643 2044.603051 2062.418178 2093.932972 2127.822711 2227.472519 2301.588562 2391.205895 2432.093698 2482.129900 2581.579429 2682.297039 2737.110712 2782.221841 2848.553874 2917.644223 2809.767237 2834.950162 2829.092927 2864.757287 2885.512076 2890.876796 2895.898728 2893.265255 2885.032911 2877.479936 2884.274911 2881.994895 2863.453413 2848.041491 2846.467725 2843.180153 2821.223838 2967.500802 2953.613096 2955.968959 2806.440441 2968.407243 2947.275544 2943.342294 2965.126275 2809.459150 2799.531509 2965.025305 2803.190136 2836.075856 2858.477175 2863.956981 2881.438736 2902.201156 2874.884006 2850.298082 2809.435762 2966.722272 2936.153810 2874.935456 2814.054090 2757.062364 2690.515544 2620.546451 2552.490804 2486.255865 2420.730043 2353.498789 2309.430067 2275.182496 2222.507808 2199.838819 2199.353121 2188.880402 2184.365750 2188.719990 2194.335347 -9999.0 -9999.0
-9999.0 1607.056895 1748.532063 1931.668458 2081.315135 2137.112219 2225.967442 2300.212321 2327.288447 2291.866079 2402.078143 2626.109663 2747.271472 2769.856728 2846.911529 2802.611715 2800.873109 2830.372121 2851.581897 2868.439001 2882.243119 2893.214265 2891.005983 2885.203122 2869.674960 2862.004124 2861.924575 2859.989949 2843.224373 2824.698325 2808.033383 2805.636108 2952.556573 2900.780143 2861.757668 2840.311583 2821.991597 2807.071447 2781.681646 2757.054361 2739.380864 2754.179370 2752.420751 2734.685563 2730.641247 2753.524896 2782.884721 2780.614335 2793.830375 2815.357573 2856.921266 2900.987341 2927.130422 2959.851095 2814.112001 2858.400025 2870.117037 2892.057762 2895.890236 2881.493587 2838.027097 2969.495298 2935.117385 2871.142154 2797.894291 2713.271819 2644.546803 2579.053627 2507.486130 2457.410236 2403.164400 2338.532388 2281.666247 2258.906378 2217.666054 2198.000384 -9999.0 -9999.0 -9999.0 -9999.0
-9999.0 1516.842957 1701.413565 1952.360558 2242.144695 2342.240338 2556.224193 2690.788876 2748.181250 2824.326315 2762.664281 2810.726498 2851.500271 2844.098043 2849.190474 2850.378946 2863.511652 2863.842117 2859.087014 2848.844245 2840.216529 2836.424257 2835.333751 2827.716320 2815.506509 2801.793159 2962.056000 2949.238396 2908.896708 2870.456678 2826.091499 2806.542969 2761.200423 2659.540383 2610.770679 2567.519717 2506.334393 2504.419154 2506.246668 2480.254217 2463.230798 2438.244118 2464.510217 2474.445472 2477.849262 2475.332350 2488.167071 2516.426842 2564.757759 2604.045443 2652.185091 2710.321052 2753.536616 2800.218800 2846.517538 2905.787168 2942.963886 2976.452904 2840.497674 2876.700706 2898.499018 2886.891437 2865.276749 2823.865554 2939.887821 2875.239213 2825.999469 2752.982089 2685.459312 2627.135878 2568.441134 2501.698609 2424.554853 2346.104850 2302.794949 -9999.0 -9999.0 -9999.0 -9999.0 -9999.0
-9999.0 1316.242824 1582.633033 1861.685601 2161.080375 2505.171078 2670.419310 2793.490683 2872.744983 2858.418535 2881.716263 2902.018514 2795.946882 2801.862892 2939.684197 2929.531857 2915.247347 2912.412625 2920.525927 2887.994603 2854.153863 2838.699036 2838.224120 2827.527853 2805.438766 2791.241564 2783.458391 2762.547348 2709.005347 2651.122696 2560.215896 2521.352759 2438.231620 2387.588334 2342.096016 2289.623071 2239.102757 2240.782209 2262.794368 2252.238360 2231.963491 2214.707879 2243.213670 2263.955479 2276.977106 2262.955835 2270.608985 2305.333031 2354.698056 2400.037623 2451.595595 2510.395797 2558.705180 2608.108344 2642.330867 2696.004566 2752.807467 2803.741987 2880.242199 2963.508359 2820.202192 2852.972774 2884.196952 2904.387603 2862.654157 2833.052795 2808.632379 2901.961295 2830.731317 2779.675130 2739.280615 2666.249847 2590.964663 -9999.0 -9999.0 -9999.0 -9999.0 -9999.0 -9999.0 -9999.0
-9999.0 1196.628250 1403.504595 1615.840008 1886.160721 2125.522673 2340.585437 2449.409352 2538.415223 2603.081357 2655.591177 2696.607747 2729.863752 2754.441533 2736.003182 2691.824000 2660.468052 2661.258506 2648.151299 2617.233286 2582.029765 2564.163081 2559.809923 2553.576563 2531.243783 2519.471101 2510.682927 2487.705596 2456.885723 2398.402583 2317.579377 2240.065102 2180.223404 2151.748608 2122.554152 2090.370951 2058.018658 2069.216580 2081.816779 2081.101142 2073.257531 2072.252113 2101.567468 2120.873108 2130.760451 2119.551185 2138.390410 2163.759970 2204.291071 2248.220497 2298.181424 2353.826933 2408.625108 2438.292280 2452.735628 2478.502223 2519.843689 2576.787162 2667.176284 2770.093225 2854.318077 2909.279749 2966.599357 2822.696832 2847.337826 2875.434523 2890.622142 2875.619182 2845.146568 2815.449182 2853.368766 -9999.0 -9999.0 -9999.0 -9999.0 -9999.0 -9999.0 -9999.0 -9999.0 -9999.0
-9999.0 -9999.0 1173.703316 1339.859551 1459.713981 1633.110825 1782.390188 1895.600379 1996.876337 2131.122490 2249.994759 2342.493283 2388.225789 2406.087774 2393.647879 2364.826110 2344.594639 2341.310002 2325.415201 2310.668225 2288.310300 2278.343365 2264.724504 2256.408214 2249.237489 2246.252875 2242.522235 2232.823367 2212.121371 2165.476193 2119.449779 2069.151280 2017.027760 1991.649521 1969.881879 1949.207625 1949.658118 1945.126861 1950.819540 1953.451436 1962.008156 1975.642616 1995.638050 2018.169215 2028.010338 2037.534655 2049.506461 2072.678875 2105.110162 2147.390801 2201.814703 2260.784869 2301.696924 2315.319068 2306.349620 2311.734579 2331.089097 2373.611870 2453.781797 2539.848638 2642.279716 2721.621577 2803.883101 2865.132026 2892.785534 2920.884514 2820.783753 2859.744196 2881.838672 2864.950384 -9999.0 -9999.0 -9999.0 -9999.0 -9999.0 -9999.0 -9999.0 -9999.0 -9999.0 -9999.0
-9999.0 -9999.0 -9999.0 -9999.0 1199.940765 1352.005700 1450.487604 1534.245030 1668.550020 1797.018293 1902.999612 1989.860239 2055.717848 2083.121412 2081.830484 2092.176462 2088.160168 2078.539253 2065.140808 2063.017939 2061.460580 2052.681803 2036.615246 2029.621391 2032.024078 2038.554607 2036.649889 2023.478204 2005.225299 1985.254979 1966.881206 1933.151565 1898.069110 1868.943975 1855.702934 1850.701059 1850.455435 1843.206877 1851.989049 1860.330954 1876.167205 1891.589842 1915.355014 1944.614889 1958.805113 1973.598696 1982.975688 2002.883701 2033.137296 2086.502780 2150.252137 2208.728832 2245.953437 2251.258378 2227.932279 2213.146438 2209.567290 2237.649624 2282.335160 2348.757485 2452.867412 2532.222375 2594.101899 2647.719067 2693.008494 2756.286087 2831.363652 2880.531682 -9999.0 -9999.0 -9999.0 -9999.0 -9999.0 -9999.0 -9999.0 -9999.0 -9999.0 -9999.0 -9999.0 -9999.0
-9999.0 -9999.0 -9999.0 -9999.0 -9999.0 -9999.0 1167.499451 1271.956070 1348.772677 1495.393450 1633.958419 1739.316722 1821.767176 1855.713352 1885.411116 1913.414177 1911.578896 1890.722018 1868.291217 1885.896679 1899.954810 1892.660615 1861.314737 1861.699811 1867.710487 1876.202349 1874.245817 1868.258673 1843.337511 1856.577378 1858.275059 1834.870708 1808.845775 1795.219633 1783.281954 1792.864617 1793.022507 1779.196524 1779.289920 1806.808460 1827.645767 1840.853952 1862.435203 1895.666310 1928.103128 1943.546463 1944.791957 1950.450703 1989.332387 2059.315887 2131.496690 2187.723102 2221.104611 2229.954937 2204.168784 2164.973810 2145.512253 2153.200197 2188.315321 2240.866709 2318.206133 2370.261888 2399.505685 2418.528645 2444.230293 2544.409167 -9999.0 -9999.0 -9999.0 -9999.0 -9999.0 -9999.0 -9999.0 -9999.0 -9999.0 -9999.0 -9999.0 -9999.0 -9999.0 -9999.0
-9999.0 -9999.0 -9999.0 -9999.0 -9999.0 -9999.0 -9999.0 -9999.0 -9999.0 -9999.0 -9999.0 -9999.0 -9999.0 -9999.0 -9999.0 -9999.0 -9999.0 -9999.0 -9999.0 -9999.0 -9999.0 -9999.0 -9999.0 -9999.0 -9999.0 -9999.0 -9999.0 -9999.0 -9999.0 -9999.0 -9999.0 -9999.0 -9999.0 -9999.0 -9999.0 -9999.0 -9999.0 -9999.0 -9999.0 -9999.0 -9999.0 -9999.0 -9999.0 -9999.0 -9999.0 -9999.0 -9999.0 -9999.0 -9999.0 -9999.0 -9999.0 -9999.0 -9999.0 -9999.0 -9999.0 -9999.0 -9999.0 -9999.0 -9999.0 -9999.0 -9999.0 -9999.0 -9999.0 -9999.0 -9999.0 -9999.0 -9999.0 -9999.0 -9999.0 -9999.0 -9999.0 -9999.0 -9999.0 -9999.0 -9999.0 -9999.0 -9999.0 -9999.0 -9999.0 -9999.0
-9999.0 -9999.0 -9999.0 -9999.0 -9999.0 -9999.0 -9999.0 -9999.0 -9999.0 -9999.0 -9999.0 -9999.0 -9999.0 -9999.0 -9999.0 -9999.0 -9999.0 -9999.0 -9999.0 -9999.0 -9999.0 -9999.0 -9999.0 -9999.0 -9999.0 -9999.0 -9999.0 -9999.0 -9999.0 -9999.0 -9999.0 -9999.0 -9999.0 -9999.0 -9999.0 -9999.0 -9999.0 -9999.0 -9999.0 -9999.0 -9999.0 -9999.0 -9999.0 -9999.0 -9999.0 -9999.0 -9999.0 -9999.0 -9999.0 -9999.0 -9999.0 -9999.0 -9999.0 -9999.0 -9999.0 -9999.0 -9999.0 -9999.0 -9999.0 -9999.0 -9999.0 -9999.0 -9999.0 -9999.0 -9999.0 -9999.0 -9999.0 -9999.0 -9999.0 -9999.0 -9999.0 -9999.0 -9999.0 -9999.0 -9999.0 -9999.0 -9999.0 -9999.0 -9999.0 -9999.0