Borden_/Borden1m_014/output_maps/psiliqL0014N0021.asc
ncols         80
nrows         18
xllcorner     620200.000000
yllcorner     5168000.000000
cellsize      1.000000
NODATA_value  -9999.0
-9999.0 -9999.0 -9999.0 -9999.0 -9999.0 -9999.0 -9999.0 -9999.0 -9999.0 -9999.0 -9999.0 -9999.0 -9999.0 -9999.0 -9999.0 -9999.0 -9999.0 -9999.0 -9999.0 -9999.0 -9999.0 -9999.0 -9999.0 -9999.0 -9999.0 -9999.0 -9999.0 -9999.0 -9999.0 -9999.0 -9999.0 -9999.0 -9999.0 -9999.0 -9999.0 -9999.0 -9999.0 -9999.0 -9999.0 -9999.0 -9999.0 -9999.0 -9999.0 -9999.0 -9999.0 -9999.0 -9999.0 -9999.0 -9999.0 -9999.0 -9999.0 -9999.0 -9999.0 -9999.0 -9999.0 -9999.0 -9999.0 -9999.0 -9999.0 -9999.0 -9999.0 -9999.0 -9999.0 -9999.0 -9999.0 -9999.0 -9999.0 -9999.0 -9999.0 -9999.0 -9999.0 -9999.0 -9999.0 -9999.0 -9999.0 -9999.0 -9999.0 -9999.0 -9999.0 -9999.0
-9999.0 -9999.0 -9999.0 -9999.0 -9999.0 -9999.0 -9999.0 -9999.0 -9999.0 -9999.0 -9999.0 -9999.0 -9999.0 -9999.0 -9999.0 -9999.0 -9999.0 -9999.0 -9999.0 -9999.0 -9999.0 -9999.0 -9999.0 -9999.0 -9999.0 -9999.0 -9999.0 -9999.0 -9999.0 -9999.0 -9999.0 -9999.0 -9999.0 -9999.0 -9999.0 -9999.0 -9999.0 -9999.0 -9999.0 -9999.0 -9999.0 -9999.0 -9999.0 -9999.0 -9999.0 -9999.0 -9999.0 -9999.0 -9999.0 -9999.0 -9999.0 -9999.0 -9999.0 -9999.0 -9999.0 -9999.0 -9999.0 -9999.0 -9999.0 -9999.0 -9999.0 -9999.0 -9999.0 -9999.0 -9999.0 -9999.0 -9999.0 -9999.0 -9999.0 -9999.0 -9999.0 -9999.0 -9999.0 -9999.0 -9999.0 -9999.0 -9999.0 -9999.0 -9999.0 -9999.0
-9999.0 -9999.0 -9999.0 -9999.0 -9999.0 -9999.0 -9999.0 -9999.0 -9999.0 -9999.0 -9999.0 -9999.0 -9999.0 -9999.0 -9999.0 -9999.0 -9999.0 -9999.0 -9999.0 -9999.0 945.644588 948.566031 927.177444 894.391641 867.458012 870.799450 906.595523 949.137669 989.041828 1000.443954 984.002161 987.832028 984.389008 983.950881 986.930938 994.131670 998.601398 1009.912015 1018.475730 1018.350576 1012.678888 1008.006744 1008.660626 1011.811866 1017.014099 1005.650580 1018.933051 1033.440011 1037.952731 1031.948680 1003.944991 987.225757 976.773731 959.662670 982.592508 992.942579 1014.299238 1017.141119 1014.281423 986.341952 955.687194 -9999.0 -9999.0 -9999.0 -9999.0 -9999.0 -9999.0 -9999.0 -9999.0 -9999.0 -9999.0 -9999.0 -9999.0 -9999.0 -9999.0 -9999.0 -9999.0 -9999.0 -9999.0 -9999.0
-9999.0 -9999.0 -9999.0 -9999.0 -9999.0 -9999.0 -9999.0 -9999.0 -9999.0 -9999.0 -9999.0 -9999.0 -9999.0 -9999.0 852.281677 843.344223 841.514861 850.962638 885.570157 916.600692 929.084703 922.471611 923.651651 901.345409 882.068630 897.405832 928.565214 961.718975 998.033890 1020.106636 1010.571357 1010.006240 1021.049899 1047.120967 1060.413720 1058.107173 1038.608393 1062.065292 1077.916194 1086.726954 1086.747041 1078.952843 1092.359494 1108.246631 1101.219386 1083.473560 1087.900148 1099.208002 1110.801124 1096.209206 1031.696169 1011.035013 1004.715838 995.898058 980.035590 972.160287 996.055432 994.672862 985.008597 965.835132 932.235076 887.487143 868.179296 905.924067 948.786329 1005.226554 -9999.0 -9999.0 -9999.0 -9999.0 -9999.0 -9999.0 -9999.0 -9999.0 -9999.0 -9999.0 -9999.0 -9999.0 -9999.0 -9999.0
-9999.0 -9999.0 -9999.0 -9999.0 -9999.0 -9999.0 -9999.0 -9999.0 -9999.0 792.271083 797.303675 805.352729 808.562320 825.147306 823.635324 831.791125 840.017021 868.257749 900.617590 936.855238 966.583198 958.816277 960.924550 972.973344 978.387197 992.044032 1015.305488 1057.712305 1100.208526 1144.102057 1118.294727 1118.444463 1139.500212 1187.333725 1220.614419 1228.006075 1209.474489 1217.730274 1242.832229 1265.529573 1266.252977 1264.974470 1290.686269 1305.111460 1306.180481 1285.004363 1270.823661 1270.171460 1294.783809 1242.666428 1176.083585 1124.425618 1125.385829 1092.348439 1052.207694 1030.439259 1025.949227 1044.492655 1027.428578 988.429736 950.754290 938.551983 919.900600 935.687741 956.623926 1001.714393 1039.440877 1066.866347 1065.461696 1047.276845 -9999.0 -9999.0 -9999.0 -9999.0 -9999.0 -9999.0 -9999.0 -9999.0 -9999.0 -9999.0
-9999.0 -9999.0 -9999.0 -9999.0 -9999.0 -9999.0 712.533233 722.562163 743.494516 748.847596 774.971004 783.253503 804.903338 825.402723 848.308201 866.245372 897.838327 932.488454 975.342837 1020.304254 1054.029749 1050.821564 1063.793396 1097.849711 1140.071212 1171.128801 1197.788942 1240.017543 1320.104051 1367.153605 1378.587716 1386.538425 1398.466938 1447.094981 1510.497862 1526.180475 1504.555966 1488.954593 1508.370043 1544.615421 1552.654593 1555.217305 1565.911272 1575.540655 1600.894900 1590.418341 1548.909601 1533.467033 1530.684430 1514.639797 1454.731154 1390.731370 1351.955514 1297.651924 1212.228863 1156.047451 1160.543024 1175.726709 1142.808628 1085.689130 1042.349296 1029.667748 1012.530348 997.147737 1001.484144 1018.944121 1039.715933 1049.422697 1035.096430 1012.847159 989.063610 959.325654 960.274923 984.836136 -9999.0 -9999.0 -9999.0 -9999.0 -9999.0 -9999.0
-9999.0 -9999.0 -9999.0 -9999.0 661.866156 675.255221 663.705270 689.430475 722.865047 757.847505 790.756294 828.773861 857.434535 889.440758 932.023384 968.813466 1013.094600 1051.626947 1109.895903 1181.121260 1234.616856 1261.327858 1280.709737 1344.437286 1409.791703 1463.618247 1485.130501 1513.484165 1558.807769 1622.306656 1652.002828 1660.742783 1679.419377 1714.369080 1760.760097 1793.419212 1775.972830 1767.235249 1772.462025 1783.852020 1808.340314 1810.476446 1812.736544 1815.123473 1819.201671 1817.705405 1792.900651 1759.567706 1745.877704 1736.543445 1707.715604 1638.650024 1594.975106 1562.053151 1528.119113 1477.079290 1412.554267 1393.313264 1331.424373 1269.893874 1204.457787 1179.862777 1145.878683 1116.774865 1084.609753 1083.448020 1084.165762 1061.585290 1027.595297 993.694834 977.224993 957.189104 945.170803 974.207624 990.972496 1020.785379 -9999.0 -9999.0 -9999.0 -9999.0
-9999.0 -9999.0 601.778071 650.985468 708.500033 718.120401 719.707717 726.535390 755.943145 809.156257 886.199402 938.215059 982.621769 1019.020082 1082.390249 1165.239431 1240.739786 1293.847318 1358.799770 1431.587428 1494.857959 1530.281416 1551.223412 1592.822440 1647.894436 1709.176037 1735.650751 1762.130411 1793.573490 1828.283569 1842.067427 1857.115303 1865.915689 1868.610178 1873.958926 1875.149386 1869.681399 1862.695904 1843.195055 1838.846740 1845.872084 1851.151934 1853.019100 1839.966882 1836.094423 1849.365176 1853.086455 1852.643332 1852.950703 1860.585578 1864.641135 1825.961818 1785.936915 1769.181294 1758.885237 1715.233941 1651.182717 1606.999113 1581.431760 1537.550087 1460.139595 1407.257708 1352.834367 1299.350489 1243.347178 1208.630174 1158.548614 1113.417626 1064.441907 1016.133206 990.658918 970.868233 966.863077 965.415035 980.395630 994.846689 1009.486487 1016.900895 -9999.0 -9999.0
-9999.0 498.825102 571.501545 698.380190 779.151639 824.951377 859.030601 883.944767 913.472119 939.993329 1046.996373 1139.565191 1232.317564 1272.786694 1329.120858 1429.803315 1525.601541 1573.167438 1613.316832 1670.115715 1730.181946 1777.850074 1807.665531 1821.984377 1855.914442 1868.075183 1870.770800 1873.933198 1870.233213 1863.114584 1854.646859 1861.035511 1857.613622 1839.137917 1823.389824 1819.737108 1812.484556 1785.600726 1754.979573 1738.728339 1740.637139 1762.851693 1751.243451 1731.021326 1727.489735 1748.623823 1768.530279 1761.627802 1752.050549 1771.595618 1806.969492 1829.148765 1839.950486 1856.194913 1876.876346 1851.886753 1822.931339 1780.784732 1760.219853 1730.607407 1672.153959 1610.474642 1554.764325 1493.016695 1425.407746 1354.322197 1287.232150 1222.964763 1153.550666 1109.472921 1075.587570 1022.737339 999.110219 998.597351 988.036533 983.891929 988.948615 994.803995 -9999.0 -9999.0
-9999.0 419.236265 562.005295 747.175100 896.502297 957.597645 1063.451098 1144.214778 1173.679489 1148.066420 1258.810021 1479.036554 1579.652551 1598.928516 1672.343176 1760.394334 1783.223890 1816.392314 1839.608535 1849.774995 1858.017711 1868.098568 1867.191558 1861.969453 1847.678921 1839.628260 1837.860032 1834.262226 1815.891934 1795.972900 1777.413060 1771.893475 1752.892866 1709.597423 1676.896830 1658.992565 1640.701213 1616.299607 1579.786816 1550.821530 1535.212067 1550.653977 1543.469190 1527.049592 1523.629476 1546.186609 1579.959439 1578.392262 1589.338974 1614.062282 1655.273919 1695.758820 1719.306722 1750.253025 1787.660403 1832.260539 1848.629212 1870.206135 1874.512414 1855.044865 1811.013436 1759.086467 1724.252171 1661.305269 1588.877994 1510.678685 1446.031702 1383.211365 1310.416289 1259.387520 1208.269700 1146.692027 1087.987144 1060.566213 1018.761043 997.427096 -9999.0 -9999.0 -9999.0 -9999.0
-9999.0 341.599988 530.225216 789.762291 1065.194954 1181.215367 1388.061590 1517.203205 1576.084819 1641.884358 1626.591813 1768.792431 1806.472660 1803.268307 1802.498404 1808.227159 1825.187358 1830.295851 1828.390209 1820.141748 1812.349859 1808.631894 1807.090449 1798.870233 1785.305197 1768.853871 1754.199681 1739.714015 1700.481684 1666.464311 1629.825600 1612.570211 1572.077376 1481.369975 1438.922328 1402.612627 1343.546731 1333.167933 1322.858613 1291.478439 1270.278379 1249.830228 1271.060739 1274.993863 1277.612029 1282.712945 1302.375694 1328.891199 1377.107687 1416.787356 1462.452869 1515.595638 1551.831200 1597.298087 1645.012930 1701.892528 1735.457859 1767.553287 1815.244613 1855.071855 1878.499934 1867.891683 1840.209768 1794.529813 1724.671592 1658.897264 1611.344892 1541.064920 1476.256100 1421.211129 1371.412419 1313.325348 1240.973105 1151.528444 1106.522496 -9999.0 -9999.0 -9999.0 -9999.0 -9999.0
-9999.0 164.534533 432.361800 721.692321 1039.056371 1368.485526 1501.013208 1633.305617 1705.447404 1668.467037 1671.366289 1692.432888 1733.662282 1743.030219 1725.788438 1719.622039 1710.527623 1712.053333 1726.296701 1701.717506 1673.167580 1659.611320 1658.133443 1644.592308 1618.967609 1599.368034 1584.647367 1562.487575 1513.717713 1462.891895 1381.455450 1348.882194 1269.722577 1210.569407 1165.432453 1115.388562 1062.917448 1059.483413 1074.417040 1057.784918 1034.551167 1015.698304 1042.018125 1059.526586 1071.911010 1061.644280 1072.126416 1109.783931 1161.390195 1207.260593 1258.863284 1316.026629 1366.271813 1418.134852 1452.490466 1504.169913 1553.075352 1602.186020 1677.413289 1757.118342 1794.789082 1830.487736 1864.290421 1880.041289 1829.580134 1781.126721 1732.665160 1675.860888 1595.243271 1548.351422 1518.146234 1468.916908 1408.846550 -9999.0 -9999.0 -9999.0 -9999.0 -9999.0 -9999.0 -9999.0
-9999.0 37.158382 257.676803 489.824556 777.168014 1016.673746 1211.854947 1324.594021 1404.510152 1434.074762 1464.886497 1497.511337 1527.849015 1551.039214 1531.262648 1495.122313 1468.996802 1474.404993 1471.905267 1449.317774 1420.779003 1405.823276 1402.518720 1393.291581 1365.408339 1347.405780 1333.444865 1307.749919 1271.282867 1214.705274 1134.369136 1061.293402 998.382033 964.820432 934.536999 901.240675 864.255758 873.514773 885.608832 881.163645 869.837056 866.404107 895.581606 914.582192 924.931783 913.526994 933.240672 960.877897 1003.549293 1047.373643 1097.284082 1153.709239 1209.356062 1241.245452 1257.588866 1286.314218 1330.202079 1389.518384 1478.429536 1574.800061 1653.502141 1704.259746 1756.688502 1791.905309 1807.110730 1821.924150 1801.367233 1725.863001 1610.107689 1613.461705 1605.865010 -9999.0 -9999.0 -9999.0 -9999.0 -9999.0 -9999.0 -9999.0 -9999.0 -9999.0
-9999.0 -9999.0 23.478763 203.251911 345.328561 527.156808 679.015937 790.290442 877.168229 985.583608 1086.715672 1167.647235 1210.827444 1228.453567 1214.404515 1181.098806 1160.024700 1160.809186 1151.563429 1140.745315 1120.183164 1111.666267 1100.155944 1090.594904 1077.935423 1070.012165 1062.728442 1049.523373 1025.854709 978.252502 928.224297 875.973840 821.658010 795.618381 773.291218 751.128109 748.780576 744.969131 750.514633 751.623903 757.881123 770.124094 790.358644 812.229062 822.041972 830.653318 843.525915 867.708112 901.381628 943.931550 998.066103 1055.966975 1096.362859 1110.188076 1102.082185 1109.247579 1132.850532 1179.442650 1265.145725 1355.048568 1453.265306 1526.894295 1601.289272 1656.264585 1675.955210 1695.255006 1716.177657 1655.248271 1309.578969 1553.035041 -9999.0 -9999.0 -9999.0 -9999.0 -9999.0 -9999.0 -9999.0 -9999.0 -9999.0 -9999.0
-9999.0 -9999.0 -9999.0 -9999.0 61.269314 217.183227 313.956521 397.957722 525.182002 642.373352 739.938334 820.654643 879.694288 905.330380 899.496671 902.236664 897.157881 892.143563 883.065792 880.920733 878.449377 870.572261 856.625108 848.359558 847.748008 851.161602 847.728726 833.296352 815.306630 790.954675 769.169560 734.163677 697.493770 667.964142 654.551304 648.244340 647.910829 641.223071 649.998287 656.882489 671.882204 687.123158 710.955324 739.767344 753.244014 767.959554 777.893011 798.763736 829.348122 882.867038 946.261071 1003.862325 1039.517194 1044.215939 1019.831895 1005.207848 1003.108317 1033.001665 1081.158222 1152.750522 1258.122547 1336.362678 1401.571777 1451.798276 1487.770918 1537.888317 1598.726037 1637.846109 -9999.0 -9999.0 -9999.0 -9999.0 -9999.0 -9999.0 -9999.0 -9999.0 -9999.0 -9999.0 -9999.0 -9999.0
-9999.0 -9999.0 -9999.0 -9999.0 -9999.0 -9999.0 15.471068 115.584329 198.510780 332.059801 456.975906 554.896757 632.991275 662.639566 686.349664 711.914774 709.544430 691.934503 673.892713 691.922363 704.244107 698.417403 668.862493 667.575085 671.361733 679.339879 676.884473 670.038508 644.630932 654.637091 654.307185 630.823467 604.513597 590.258188 578.338032 587.897532 588.183195 574.837524 575.922253 602.359699 622.366465 635.592867 657.649840 690.865680 723.132324 738.115739 739.488926 745.816166 786.495749 856.903046 928.278984 983.219609 1015.347696 1023.469649 996.250104 956.494942 936.513447 944.531611 980.680556 1035.621232 1114.318665 1167.380800 1199.535912 1219.376029 1243.633662 1337.611904 -9999.0 -9999.0 -9999.0 -9999.0 -9999.0 -9999.0 -9999.0 -9999.0 -9999.0 -9999.0 -9999.0 -9999.0 -9999.0 -9999.0
-9999.0 -9999.0 -9999.0 -9999.0 -9999.0 -9999.0 -9999.0 -9999.0 -9999.0 -9999.0 -9999.0 -9999.0 -9999.0 -9999.0 -9999.0 -9999.0 -9999.0 -9999.0 -9999.0 -9999.0 -9999.0 -9999.0 -9999.0 -9999.0 -9999.0 -9999.0 -9999.0 -9999.0 -9999.0 -9999.0 -9999.0 -9999.0 -9999.0 -9999.0 -9999.0 -9999.0 -9999.0 -9999.0 -9999.0 -9999.0 -9999.0 -9999.0 -9999.0 -9999.0 -9999.0 -9999.0 -9999.0 -9999.0 -9999.0 -9999.0 -9999.0 -9999.0 -9999.0 -9999.0 -9999.0 -9999.0 -9999.0 -9999.0 -9999.0 -9999.0 -9999.0 -9999.0 -9999.0 -9999.0 -9999.0 -9999.0 -9999.0 -9999.0 -9999.0 -9999.0 -9999.0 -9999.0 -9999.0 -9999.0 -9999.0 -9999.0 -9999.0 -9999.0 -9999.0 -9999.0
-9999.0 -9999.0 -9999.0 -9999.0 -9999.0 -9999.0 -9999.0 -9999.0 -9999.0 -9999.0 -9999.0 -9999.0 -9999.0 -9999.0 -9999.0 -9999.0 -9999.0 -9999.0 -9999.0 -9999.0 -9999.0 -9999.0 -9999.0 -9999.0 -9999.0 -9999.0 -9999.0 -9999.0 -9999.0 -9999.0 -9999.0 -9999.0 -9999.0 -9999.0 -9999.0 -9999.0 -9999.0 -9999.0 -9999.0 -9999.0 -9999.0 -9999.0 -9999.0 -9999.0 -9999.0 -9999.0 -9999.0 -9999.0 -9999.0 -9999.0 -9999.0 -9999.0 -9999.0 -9999.0 -9999.0 -9999.0 -9999.0 -9999.0 -9999.0 -9999.0 -9999.0 -9999.0 -9999.0 -9999.0 -9999.0 -9999.0 -9999.0 -9999.0 -9999.0 -9999.0 -9999.0 -9999.0 -9999.0 -9999.0 -9999.0 -9999.0 -9999.0 -9999.0 -9999.0 -9999.0