Borden_/Borden1m_014/output_maps/psiliqL0007N0006.asc
ncols         80
nrows         18
xllcorner     620200.000000
yllcorner     5168000.000000
cellsize      1.000000
NODATA_value  -9999.0
-9999.0 -9999.0 -9999.0 -9999.0 -9999.0 -9999.0 -9999.0 -9999.0 -9999.0 -9999.0 -9999.0 -9999.0 -9999.0 -9999.0 -9999.0 -9999.0 -9999.0 -9999.0 -9999.0 -9999.0 -9999.0 -9999.0 -9999.0 -9999.0 -9999.0 -9999.0 -9999.0 -9999.0 -9999.0 -9999.0 -9999.0 -9999.0 -9999.0 -9999.0 -9999.0 -9999.0 -9999.0 -9999.0 -9999.0 -9999.0 -9999.0 -9999.0 -9999.0 -9999.0 -9999.0 -9999.0 -9999.0 -9999.0 -9999.0 -9999.0 -9999.0 -9999.0 -9999.0 -9999.0 -9999.0 -9999.0 -9999.0 -9999.0 -9999.0 -9999.0 -9999.0 -9999.0 -9999.0 -9999.0 -9999.0 -9999.0 -9999.0 -9999.0 -9999.0 -9999.0 -9999.0 -9999.0 -9999.0 -9999.0 -9999.0 -9999.0 -9999.0 -9999.0 -9999.0 -9999.0
-9999.0 -9999.0 -9999.0 -9999.0 -9999.0 -9999.0 -9999.0 -9999.0 -9999.0 -9999.0 -9999.0 -9999.0 -9999.0 -9999.0 -9999.0 -9999.0 -9999.0 -9999.0 -9999.0 -9999.0 -9999.0 -9999.0 -9999.0 -9999.0 -9999.0 -9999.0 -9999.0 -9999.0 -9999.0 -9999.0 -9999.0 -9999.0 -9999.0 -9999.0 -9999.0 -9999.0 -9999.0 -9999.0 -9999.0 -9999.0 -9999.0 -9999.0 -9999.0 -9999.0 -9999.0 -9999.0 -9999.0 -9999.0 -9999.0 -9999.0 -9999.0 -9999.0 -9999.0 -9999.0 -9999.0 -9999.0 -9999.0 -9999.0 -9999.0 -9999.0 -9999.0 -9999.0 -9999.0 -9999.0 -9999.0 -9999.0 -9999.0 -9999.0 -9999.0 -9999.0 -9999.0 -9999.0 -9999.0 -9999.0 -9999.0 -9999.0 -9999.0 -9999.0 -9999.0 -9999.0
-9999.0 -9999.0 -9999.0 -9999.0 -9999.0 -9999.0 -9999.0 -9999.0 -9999.0 -9999.0 -9999.0 -9999.0 -9999.0 -9999.0 -9999.0 -9999.0 -9999.0 -9999.0 -9999.0 -9999.0 -473.939017 -470.972881 -493.946055 -528.079586 -556.680508 -555.317783 -521.137022 -481.055441 -444.259073 -434.231240 -452.540008 -451.654893 -457.208874 -457.603673 -454.882705 -449.326443 -447.045305 -435.747515 -427.521445 -427.913135 -434.156601 -440.001131 -441.619779 -438.131587 -433.205902 -441.558280 -428.115719 -412.728954 -406.011765 -410.627694 -437.133615 -452.287012 -459.650010 -473.264112 -448.371899 -435.225798 -411.783887 -406.933465 -407.544265 -434.005371 -463.615612 -9999.0 -9999.0 -9999.0 -9999.0 -9999.0 -9999.0 -9999.0 -9999.0 -9999.0 -9999.0 -9999.0 -9999.0 -9999.0 -9999.0 -9999.0 -9999.0 -9999.0 -9999.0 -9999.0
-9999.0 -9999.0 -9999.0 -9999.0 -9999.0 -9999.0 -9999.0 -9999.0 -9999.0 -9999.0 -9999.0 -9999.0 -9999.0 -9999.0 -562.430509 -572.950945 -576.452731 -568.488505 -535.470076 -506.261680 -493.871652 -501.850917 -502.402781 -526.312553 -546.820800 -533.494334 -505.308051 -475.154443 -442.274735 -422.584822 -435.824306 -439.049973 -429.015405 -401.919132 -387.728130 -390.803604 -412.281135 -390.085098 -374.143944 -364.708235 -365.839141 -374.647087 -359.940826 -343.465622 -350.159425 -367.768334 -364.504924 -352.874718 -337.971783 -352.485201 -416.307437 -436.430481 -438.340853 -443.819372 -455.926864 -461.706015 -436.477363 -434.683012 -442.101187 -459.142618 -490.440091 -533.755542 -550.851707 -512.193030 -467.388220 -409.087083 -9999.0 -9999.0 -9999.0 -9999.0 -9999.0 -9999.0 -9999.0 -9999.0 -9999.0 -9999.0 -9999.0 -9999.0 -9999.0 -9999.0
-9999.0 -9999.0 -9999.0 -9999.0 -9999.0 -9999.0 -9999.0 -9999.0 -9999.0 -617.718561 -614.617885 -608.045653 -606.887606 -591.875296 -593.904735 -587.611859 -580.245033 -555.290702 -525.332897 -491.359603 -463.405504 -474.220865 -474.732584 -463.250869 -456.891878 -444.983434 -425.545228 -386.520676 -345.395892 -303.818848 -333.210544 -335.765420 -316.570926 -265.415417 -224.313860 -211.791048 -233.827169 -231.510345 -203.056414 -169.921196 -168.370982 -169.611679 -144.993926 -131.426007 -124.670754 -143.376084 -162.246128 -166.660378 -144.546019 -201.825657 -269.115601 -324.832422 -322.810214 -353.477251 -393.995273 -415.715562 -417.909552 -394.785534 -408.915805 -445.069041 -480.339040 -488.595739 -504.095091 -487.278885 -463.921572 -416.285577 -377.356650 -348.033939 -346.924027 -363.642619 -9999.0 -9999.0 -9999.0 -9999.0 -9999.0 -9999.0 -9999.0 -9999.0 -9999.0 -9999.0
-9999.0 -9999.0 -9999.0 -9999.0 -9999.0 -9999.0 -695.246099 -686.999820 -667.968887 -662.741234 -639.350298 -632.471031 -612.819642 -594.350116 -575.023483 -559.037035 -529.327392 -498.363381 -458.380211 -415.729970 -384.683665 -389.908424 -380.915291 -347.489391 -303.521090 -270.088133 -245.719553 -204.935165 -121.194000 -75.219499 -61.497968 -56.150167 -45.059635 17.179508 149.094862 249.279364 144.205915 97.985174 158.538353 308.058452 331.878113 334.419639 338.505044 341.889380 357.615877 354.454885 333.098916 321.889905 291.558444 163.905988 39.841520 -44.589089 -86.829645 -135.271302 -219.599926 -287.501725 -289.598714 -273.081382 -303.563023 -356.327854 -397.628154 -406.863692 -420.040517 -433.029310 -426.581931 -406.064995 -381.479457 -368.942626 -380.142004 -399.592299 -421.853261 -449.835514 -447.626444 -421.811609 -9999.0 -9999.0 -9999.0 -9999.0 -9999.0 -9999.0
-9999.0 -9999.0 -9999.0 -9999.0 -744.282228 -732.437328 -744.314003 -721.718204 -690.731416 -658.710806 -627.385780 -591.326155 -565.711752 -537.589222 -497.423513 -460.803076 -419.195024 -386.293830 -332.356344 -262.451171 -208.222696 -174.788003 -156.974147 -94.701392 -27.146668 42.037698 79.427776 157.716298 300.889023 355.972166 370.733929 372.384220 381.014091 399.780732 432.691734 461.461080 441.220557 434.815028 445.680529 468.209428 487.223895 487.729663 488.218166 487.902150 488.471581 490.198279 480.701804 462.699311 450.508238 429.756778 407.266750 367.651373 348.935720 334.250441 292.517191 98.009753 -22.075140 -50.114774 -107.620921 -165.748680 -241.072916 -267.883807 -299.731028 -324.385507 -353.320993 -350.798303 -346.072492 -363.902968 -392.495913 -422.860655 -436.582876 -454.183662 -463.386818 -432.980360 -414.777878 -383.317944 -9999.0 -9999.0 -9999.0 -9999.0
-9999.0 -9999.0 -801.328488 -751.625506 -696.767897 -688.999598 -687.331024 -683.500849 -658.106617 -609.387908 -532.765478 -482.258455 -439.241060 -410.994057 -353.002445 -267.842882 -186.285941 -135.968222 -76.897111 0.473073 106.000823 281.830974 321.805764 342.572337 369.330448 401.599263 416.095136 437.391000 466.705281 484.232804 497.477739 510.065131 513.973674 510.101266 509.975366 509.544623 507.757021 506.535815 495.866296 498.717327 506.321950 508.339854 511.419939 499.369726 495.208271 505.937490 509.153050 511.275736 512.398335 516.702422 522.681808 495.831002 469.162998 464.839335 458.394813 415.246580 375.161718 353.493651 343.462511 289.144411 51.922398 -33.248750 -95.182420 -154.696093 -208.025126 -239.344751 -283.362038 -321.173648 -363.354521 -405.887989 -427.301774 -444.187504 -445.107372 -443.334354 -426.518765 -410.204570 -394.292591 -386.220880 -9999.0 -9999.0
-9999.0 -898.824110 -826.534450 -699.542354 -622.183002 -578.931499 -539.831694 -512.423184 -490.658020 -478.912929 -374.158864 -263.155104 -170.102310 -141.817599 -90.099729 30.246660 270.599333 331.714596 352.863413 381.241523 418.438411 461.235568 478.982658 494.399957 516.830050 514.363418 511.861315 512.460826 506.964707 499.848797 492.039711 496.786626 495.044173 483.713198 476.081562 477.036806 477.438767 468.505173 458.138042 454.575976 458.073001 470.737469 463.588016 450.654170 445.739615 459.359553 469.387670 464.528160 456.243769 463.145782 478.482640 486.875782 499.156408 512.477074 529.609945 505.105951 485.010605 466.792931 460.359726 442.811971 393.757113 354.031478 292.416790 81.474217 -21.297369 -106.609806 -166.856062 -220.533767 -281.449301 -317.109460 -345.277008 -394.829917 -416.155410 -412.824610 -420.887730 -422.481281 -415.152705 -408.410154 -9999.0 -9999.0
-9999.0 -968.369521 -825.237851 -640.355484 -496.466399 -438.491543 -323.471604 -233.707889 -207.517026 -231.100641 -118.651616 259.612411 347.742976 352.172943 388.008584 434.640715 471.238251 496.635910 511.655364 506.519679 503.407021 508.768788 505.062260 497.380819 489.298248 486.481797 487.645040 487.690640 478.556721 469.348072 461.164204 460.490163 448.189820 406.346324 382.741409 374.573954 370.990690 364.103347 349.128252 337.990587 331.534494 343.741844 336.109240 320.817064 305.707722 331.446522 353.622731 348.344018 349.480185 358.691011 378.950881 403.566959 432.601862 451.790225 468.237662 488.049945 500.008713 520.720788 525.463612 503.231433 479.986944 455.427625 438.189937 386.693403 322.331530 118.533910 16.998668 -49.246373 -121.980048 -169.965148 -217.492487 -274.338111 -329.477456 -353.316405 -390.577059 -410.603441 -9999.0 -9999.0 -9999.0 -9999.0
-9999.0 -1031.080488 -839.446354 -574.278050 -324.053165 -199.902228 28.610556 292.728400 346.241848 384.030774 399.795433 488.700000 506.175762 493.928089 478.599644 473.018214 478.977841 480.151353 477.520292 473.852490 472.053217 472.656065 473.481486 471.301828 467.859716 462.552397 457.194818 449.323114 413.224379 387.906226 367.545699 358.838244 318.136645 83.992649 3.658011 -34.506829 -87.244479 -93.379963 -104.881438 -135.138736 -153.454741 -167.390421 -151.249967 -155.909665 -158.054958 -145.799545 -123.095456 -105.999541 -66.139736 -30.266917 21.920300 109.674561 286.591519 343.774510 372.062256 406.742693 440.736598 459.658950 481.203911 502.016358 521.932007 515.595233 494.276839 474.222083 438.560359 392.023592 366.179374 314.470044 161.418476 36.644674 -36.365037 -113.380758 -182.904247 -265.083455 -303.654921 -9999.0 -9999.0 -9999.0 -9999.0 -9999.0
-9999.0 -1179.942876 -912.535929 -616.309557 -287.962433 65.977291 247.918612 383.703081 432.533878 396.522532 396.744519 429.064290 457.095325 458.948573 442.254684 419.645651 403.795795 400.928092 409.636978 394.695803 380.188988 375.339968 377.644807 373.072958 362.633561 355.360112 348.279205 320.473358 150.334583 42.209412 -54.081867 -77.609798 -151.484185 -225.704125 -273.083433 -320.033996 -370.239208 -371.378657 -355.760463 -372.186508 -393.757163 -412.126360 -387.482190 -373.058321 -362.818388 -372.510520 -364.415364 -331.303881 -284.451511 -244.260450 -197.904192 -145.353098 -94.738557 -37.996406 5.654117 96.332651 290.717074 347.341573 393.644741 451.861526 469.433810 486.138027 512.646452 530.594038 495.688434 472.276111 455.273361 433.667504 384.802309 351.627578 307.127449 104.422434 -22.814612 -9999.0 -9999.0 -9999.0 -9999.0 -9999.0 -9999.0 -9999.0
-9999.0 -1315.556379 -1080.654831 -829.151004 -530.845083 -306.192358 -144.545994 -32.741840 66.672874 69.847760 114.094260 279.122453 327.089981 340.633219 304.349449 140.531814 61.884736 60.094167 57.260744 19.717129 -17.436337 -34.484732 -34.613144 -41.620148 -68.316672 -84.357642 -95.938958 -121.419273 -165.870379 -221.477532 -302.541991 -367.138462 -425.809955 -459.785459 -488.512953 -520.285501 -558.386071 -547.416008 -532.391653 -537.012275 -549.532350 -554.347834 -525.200908 -507.487161 -497.869546 -511.633337 -494.158234 -468.413176 -428.426869 -389.411651 -345.040024 -294.704877 -245.327554 -217.173388 -202.449695 -172.128574 -122.850894 -59.477350 60.175242 301.910968 373.635944 407.278027 450.717484 471.126807 480.397072 504.426774 502.001657 461.591039 410.241175 420.531832 418.159104 -9999.0 -9999.0 -9999.0 -9999.0 -9999.0 -9999.0 -9999.0 -9999.0 -9999.0
-9999.0 -9999.0 -1318.203990 -1124.580343 -959.993419 -776.055901 -632.790340 -535.833513 -471.483104 -390.904024 -305.825916 -230.289121 -185.816437 -169.555933 -190.959524 -240.367998 -269.518149 -269.389116 -278.059642 -292.302683 -316.668667 -325.263979 -333.567364 -340.499049 -353.586257 -360.600003 -365.283196 -375.372220 -396.697938 -441.505928 -492.946080 -543.316080 -596.271381 -620.188229 -641.398013 -663.707871 -667.410290 -668.492223 -661.346206 -660.205731 -655.306192 -643.985759 -623.406490 -602.642941 -593.656741 -587.383068 -575.346689 -552.544508 -520.553602 -481.439673 -431.496809 -378.717182 -343.474230 -333.938014 -345.236564 -341.098507 -320.921695 -278.245214 -192.211847 -96.691505 8.261763 131.580736 327.712218 377.978638 395.928466 431.182221 456.127151 431.987421 276.253995 388.060184 -9999.0 -9999.0 -9999.0 -9999.0 -9999.0 -9999.0 -9999.0 -9999.0 -9999.0 -9999.0
-9999.0 -9999.0 -9999.0 -9999.0 -1267.442236 -1109.851379 -1017.636033 -937.092994 -821.317905 -719.228340 -632.850963 -562.104355 -514.240187 -492.795237 -505.567925 -513.089242 -521.666805 -524.493894 -532.346913 -538.269714 -544.172702 -551.390121 -561.362960 -568.439867 -569.136421 -565.695235 -567.197328 -579.374384 -593.910363 -621.043408 -644.931604 -679.422165 -715.921104 -744.449453 -757.051529 -764.012310 -763.506508 -768.532811 -758.827728 -752.789410 -738.157490 -722.835387 -699.011871 -671.203691 -659.179194 -645.412885 -636.018796 -615.617052 -586.562713 -535.318471 -475.030016 -421.488171 -390.238074 -388.946035 -417.309994 -435.314602 -440.886126 -416.119506 -372.828017 -307.120374 -208.402538 -135.549229 -59.635304 4.930956 79.066131 292.188474 394.485888 424.453959 -9999.0 -9999.0 -9999.0 -9999.0 -9999.0 -9999.0 -9999.0 -9999.0 -9999.0 -9999.0 -9999.0 -9999.0
-9999.0 -9999.0 -9999.0 -9999.0 -9999.0 -9999.0 -1326.158703 -1232.841937 -1144.159504 -1027.802961 -921.004868 -833.800617 -763.336614 -741.020031 -726.167601 -705.320311 -710.372682 -726.516940 -741.987288 -726.125180 -717.536572 -721.836391 -747.940473 -749.404816 -746.142558 -736.568464 -737.324261 -742.962603 -767.020017 -759.528610 -761.180857 -783.606320 -809.128392 -823.308873 -834.544092 -824.459105 -823.411223 -835.504186 -832.622586 -806.941107 -787.556529 -774.166272 -751.693047 -718.910659 -687.387059 -673.628689 -673.006876 -667.114094 -625.991116 -557.054731 -488.799008 -437.665029 -409.160402 -403.829189 -434.314622 -477.313619 -501.334573 -497.842070 -467.492360 -419.276311 -348.416230 -303.755409 -274.376599 -252.222318 -221.979754 -116.581833 -9999.0 -9999.0 -9999.0 -9999.0 -9999.0 -9999.0 -9999.0 -9999.0 -9999.0 -9999.0 -9999.0 -9999.0 -9999.0 -9999.0
-9999.0 -9999.0 -9999.0 -9999.0 -9999.0 -9999.0 -9999.0 -9999.0 -9999.0 -9999.0 -9999.0 -9999.0 -9999.0 -9999.0 -9999.0 -9999.0 -9999.0 -9999.0 -9999.0 -9999.0 -9999.0 -9999.0 -9999.0 -9999.0 -9999.0 -9999.0 -9999.0 -9999.0 -9999.0 -9999.0 -9999.0 -9999.0 -9999.0 -9999.0 -9999.0 -9999.0 -9999.0 -9999.0 -9999.0 -9999.0 -9999.0 -9999.0 -9999.0 -9999.0 -9999.0 -9999.0 -9999.0 -9999.0 -9999.0 -9999.0 -9999.0 -9999.0 -9999.0 -9999.0 -9999.0 -9999.0 -9999.0 -9999.0 -9999.0 -9999.0 -9999.0 -9999.0 -9999.0 -9999.0 -9999.0 -9999.0 -9999.0 -9999.0 -9999.0 -9999.0 -9999.0 -9999.0 -9999.0 -9999.0 -9999.0 -9999.0 -9999.0 -9999.0 -9999.0 -9999.0
-9999.0 -9999.0 -9999.0 -9999.0 -9999.0 -9999.0 -9999.0 -9999.0 -9999.0 -9999.0 -9999.0 -9999.0 -9999.0 -9999.0 -9999.0 -9999.0 -9999.0 -9999.0 -9999.0 -9999.0 -9999.0 -9999.0 -9999.0 -9999.0 -9999.0 -9999.0 -9999.0 -9999.0 -9999.0 -9999.0 -9999.0 -9999.0 -9999.0 -9999.0 -9999.0 -9999.0 -9999.0 -9999.0 -9999.0 -9999.0 -9999.0 -9999.0 -9999.0 -9999.0 -9999.0 -9999.0 -9999.0 -9999.0 -9999.0 -9999.0 -9999.0 -9999.0 -9999.0 -9999.0 -9999.0 -9999.0 -9999.0 -9999.0 -9999.0 -9999.0 -9999.0 -9999.0 -9999.0 -9999.0 -9999.0 -9999.0 -9999.0 -9999.0 -9999.0 -9999.0 -9999.0 -9999.0 -9999.0 -9999.0 -9999.0 -9999.0 -9999.0 -9999.0 -9999.0 -9999.0