Borden_/Borden1m_014/output_maps/psiliqL0007N0021.asc
ncols         80
nrows         18
xllcorner     620200.000000
yllcorner     5168000.000000
cellsize      1.000000
NODATA_value  -9999.0
-9999.0 -9999.0 -9999.0 -9999.0 -9999.0 -9999.0 -9999.0 -9999.0 -9999.0 -9999.0 -9999.0 -9999.0 -9999.0 -9999.0 -9999.0 -9999.0 -9999.0 -9999.0 -9999.0 -9999.0 -9999.0 -9999.0 -9999.0 -9999.0 -9999.0 -9999.0 -9999.0 -9999.0 -9999.0 -9999.0 -9999.0 -9999.0 -9999.0 -9999.0 -9999.0 -9999.0 -9999.0 -9999.0 -9999.0 -9999.0 -9999.0 -9999.0 -9999.0 -9999.0 -9999.0 -9999.0 -9999.0 -9999.0 -9999.0 -9999.0 -9999.0 -9999.0 -9999.0 -9999.0 -9999.0 -9999.0 -9999.0 -9999.0 -9999.0 -9999.0 -9999.0 -9999.0 -9999.0 -9999.0 -9999.0 -9999.0 -9999.0 -9999.0 -9999.0 -9999.0 -9999.0 -9999.0 -9999.0 -9999.0 -9999.0 -9999.0 -9999.0 -9999.0 -9999.0 -9999.0
-9999.0 -9999.0 -9999.0 -9999.0 -9999.0 -9999.0 -9999.0 -9999.0 -9999.0 -9999.0 -9999.0 -9999.0 -9999.0 -9999.0 -9999.0 -9999.0 -9999.0 -9999.0 -9999.0 -9999.0 -9999.0 -9999.0 -9999.0 -9999.0 -9999.0 -9999.0 -9999.0 -9999.0 -9999.0 -9999.0 -9999.0 -9999.0 -9999.0 -9999.0 -9999.0 -9999.0 -9999.0 -9999.0 -9999.0 -9999.0 -9999.0 -9999.0 -9999.0 -9999.0 -9999.0 -9999.0 -9999.0 -9999.0 -9999.0 -9999.0 -9999.0 -9999.0 -9999.0 -9999.0 -9999.0 -9999.0 -9999.0 -9999.0 -9999.0 -9999.0 -9999.0 -9999.0 -9999.0 -9999.0 -9999.0 -9999.0 -9999.0 -9999.0 -9999.0 -9999.0 -9999.0 -9999.0 -9999.0 -9999.0 -9999.0 -9999.0 -9999.0 -9999.0 -9999.0 -9999.0
-9999.0 -9999.0 -9999.0 -9999.0 -9999.0 -9999.0 -9999.0 -9999.0 -9999.0 -9999.0 -9999.0 -9999.0 -9999.0 -9999.0 -9999.0 -9999.0 -9999.0 -9999.0 -9999.0 -9999.0 -472.377163 -469.340803 -492.396699 -526.711048 -555.450629 -553.946171 -519.255383 -478.519007 -441.048624 -430.642717 -448.983904 -447.872875 -453.204385 -453.224252 -450.096033 -444.195970 -441.727524 -430.020603 -421.435454 -421.688744 -427.996644 -433.935198 -435.492251 -431.851976 -426.857151 -435.463155 -421.795345 -406.113146 -399.375748 -404.547515 -432.206259 -448.144343 -456.035488 -470.147610 -445.263470 -432.220527 -408.760408 -404.105640 -404.974957 -431.883506 -461.858284 -9999.0 -9999.0 -9999.0 -9999.0 -9999.0 -9999.0 -9999.0 -9999.0 -9999.0 -9999.0 -9999.0 -9999.0 -9999.0 -9999.0 -9999.0 -9999.0 -9999.0 -9999.0 -9999.0
-9999.0 -9999.0 -9999.0 -9999.0 -9999.0 -9999.0 -9999.0 -9999.0 -9999.0 -9999.0 -9999.0 -9999.0 -9999.0 -9999.0 -561.758376 -572.279791 -575.725439 -567.612196 -534.234517 -504.642608 -492.072081 -500.001999 -500.435363 -524.408544 -544.939126 -531.209938 -502.338571 -471.356177 -437.477374 -416.911094 -430.122805 -433.019675 -422.025507 -392.933421 -377.074580 -379.626551 -401.672888 -378.475613 -361.498588 -351.354153 -352.400905 -361.364592 -345.775308 -328.574291 -335.379470 -353.946801 -350.906556 -338.911258 -323.513316 -339.836175 -407.302653 -429.559217 -432.465740 -438.798044 -451.676113 -457.971292 -432.800809 -431.309449 -439.163774 -456.701167 -488.521897 -532.326950 -549.698754 -510.876383 -465.868997 -407.248020 -9999.0 -9999.0 -9999.0 -9999.0 -9999.0 -9999.0 -9999.0 -9999.0 -9999.0 -9999.0 -9999.0 -9999.0 -9999.0 -9999.0
-9999.0 -9999.0 -9999.0 -9999.0 -9999.0 -9999.0 -9999.0 -9999.0 -9999.0 -617.398172 -614.254387 -607.610677 -606.385929 -591.246350 -593.237065 -586.827491 -579.287985 -553.963885 -523.458669 -488.765230 -460.116578 -470.724094 -470.862247 -458.606840 -451.150534 -437.855973 -416.850495 -375.291218 -330.441890 -285.023640 -313.220212 -314.024688 -290.447521 -233.779466 -188.008608 -174.739110 -197.038057 -193.921770 -164.092621 -132.453754 -130.596708 -131.556609 -98.530793 -78.510001 -68.822757 -96.990084 -125.137448 -128.967508 -95.916907 -162.260909 -237.239329 -299.220587 -303.561844 -338.952241 -383.122608 -407.002377 -410.424294 -387.739344 -403.185987 -440.783819 -477.129787 -485.931381 -501.942224 -485.253777 -461.930240 -414.107512 -374.982041 -345.689808 -344.867333 -361.908148 -9999.0 -9999.0 -9999.0 -9999.0 -9999.0 -9999.0 -9999.0 -9999.0 -9999.0 -9999.0
-9999.0 -9999.0 -9999.0 -9999.0 -9999.0 -9999.0 -695.136598 -686.859481 -667.761986 -662.489240 -638.977113 -631.995716 -612.158103 -593.454877 -573.806453 -557.397174 -526.961530 -495.044257 -453.539447 -408.480647 -374.915175 -378.925618 -368.076382 -329.314191 -277.160520 -238.760759 -210.814391 -164.123539 -54.872629 18.904204 45.102549 59.789845 80.099046 117.729934 173.092165 209.584154 168.151198 149.466789 164.624653 201.071949 239.910721 244.923528 253.028501 261.677232 287.130154 275.915059 205.779356 182.840618 177.640445 168.413689 124.950557 71.174022 -0.165803 -83.454762 -188.998393 -255.955279 -261.520919 -249.699610 -286.158218 -343.390332 -388.295521 -399.526255 -414.376953 -428.585434 -422.836335 -402.660952 -378.315548 -366.178945 -377.946944 -397.904224 -420.559051 -448.898331 -446.849917 -421.049660 -9999.0 -9999.0 -9999.0 -9999.0 -9999.0 -9999.0
-9999.0 -9999.0 -9999.0 -9999.0 -744.239848 -732.374329 -744.248622 -721.600885 -690.507085 -658.308017 -626.687982 -590.133041 -563.942613 -535.063096 -493.574045 -454.807227 -410.262029 -373.686365 -312.211631 -233.396903 -170.559722 -134.564764 -107.325544 -3.751297 83.917155 130.350000 144.834041 167.332762 211.903465 299.842539 324.680509 340.690521 357.470517 387.326726 425.749649 460.625831 441.194339 431.229164 436.348354 446.018720 473.134209 475.115155 476.805830 477.624106 480.020046 479.754053 455.142812 423.399734 411.257289 403.555303 380.847521 318.860658 246.723823 207.387978 181.979162 144.575819 87.477011 55.495300 -37.139971 -124.248003 -208.210167 -241.091826 -279.825956 -310.012196 -343.092287 -343.033957 -340.050026 -359.472876 -389.408985 -420.724595 -434.991809 -453.027167 -462.517709 -432.189211 -414.078966 -382.634366 -9999.0 -9999.0 -9999.0 -9999.0
-9999.0 -9999.0 -801.319859 -751.595112 -696.664015 -688.827109 -687.070190 -683.111859 -657.444751 -608.114892 -529.853985 -476.849341 -431.336791 -400.355160 -335.285311 -239.394301 -148.086944 -75.632444 23.998843 100.728155 152.929879 187.902046 234.402070 278.788296 327.711724 380.780439 400.572824 425.100782 452.348021 484.194509 507.460105 523.700850 529.595402 526.687771 527.006268 526.262417 522.612514 516.598641 499.322996 496.725354 504.369476 507.336416 510.539986 498.214582 494.378580 506.461597 508.593846 508.757508 510.024595 518.889087 527.637596 496.344300 443.151982 427.383710 419.739785 384.329481 324.756915 258.445411 225.667084 185.636188 119.891396 73.149268 -6.160340 -96.187733 -172.329678 -216.730522 -269.131981 -311.530976 -357.106640 -401.910963 -424.565407 -442.303899 -443.735141 -442.332434 -425.734413 -409.577620 -393.793940 -385.792860 -9999.0 -9999.0
-9999.0 -898.823497 -826.529147 -699.456138 -621.801074 -577.921916 -537.318545 -508.199739 -485.102157 -471.957019 -359.636006 -239.166251 -134.142985 -88.406013 3.730519 115.309633 224.445977 268.119858 302.259169 346.947930 398.831033 441.360182 470.345179 500.905436 527.064386 526.782869 525.181340 525.040148 517.967921 510.878324 501.289758 507.875383 506.675704 490.783985 477.918259 476.297295 470.445449 442.988787 414.791024 401.124295 405.186439 425.770994 415.625301 396.127432 392.419373 411.056013 428.288947 420.634606 403.319842 428.548818 462.122402 482.227246 497.397416 511.339845 531.113358 509.681324 477.440221 437.011238 415.999499 390.145785 318.337706 256.710824 201.527795 142.054390 83.448071 -11.330529 -114.730346 -191.258862 -264.152831 -305.436618 -337.372975 -390.204755 -413.354275 -411.049127 -419.778851 -421.754599 -414.671452 -408.020534 -9999.0 -9999.0
-9999.0 -968.369442 -825.231421 -640.096730 -494.641573 -432.117910 -302.812636 -212.876016 -181.553739 -205.030371 -52.452839 208.138886 285.840768 298.729480 363.224378 438.312841 478.074709 504.779841 521.190998 517.624264 515.039850 519.086820 516.240429 509.105808 495.438668 487.416359 486.485149 483.685295 464.639007 446.007094 428.866906 418.064416 410.075508 375.832151 347.780880 334.112695 315.988140 267.049191 223.402573 194.525156 181.687756 199.239071 190.473545 174.360439 170.935873 191.855348 224.442478 221.960422 232.737123 260.542545 303.753009 357.528470 380.146651 407.215903 440.378965 483.356318 502.150410 521.755048 526.658777 503.503785 460.107032 414.011876 382.473243 307.039968 237.043057 161.712239 108.106875 56.558638 -46.338757 -123.811754 -189.016595 -257.217142 -320.021278 -349.251387 -388.623525 -409.552614 -9999.0 -9999.0 -9999.0 -9999.0
-9999.0 -1031.080478 -839.438023 -573.515944 -316.146669 -162.757101 78.059402 206.574467 305.312759 325.016237 384.043897 484.192110 501.966043 491.117171 472.815225 472.687333 485.020975 488.341282 484.690824 475.650420 466.752334 459.184125 458.468648 450.817817 438.066292 422.397160 409.663817 395.712453 340.075408 306.063165 275.391869 254.975842 217.861045 140.409029 108.660956 81.439937 7.143697 -15.567822 -40.187693 -88.643529 -116.043033 -134.473896 -112.671518 -114.504634 -114.530104 -102.087721 -69.226452 -37.456561 29.024777 80.052500 117.643438 163.074366 196.546032 243.240022 292.894736 363.479463 393.971320 422.209520 463.303670 504.464159 525.883100 518.425252 489.846950 450.076183 386.221019 307.437038 263.246660 204.287060 143.409060 97.081612 56.113525 -25.376149 -138.544775 -255.621319 -299.570725 -9999.0 -9999.0 -9999.0 -9999.0 -9999.0
-9999.0 -1179.942876 -912.532173 -615.392848 -273.160481 81.255130 189.904889 380.862928 453.518585 384.751966 336.539193 375.510636 409.054534 415.853284 395.761959 389.564251 382.616876 382.699560 395.609700 370.014685 329.178832 309.448418 306.385895 291.506615 263.778562 241.787277 225.927688 204.838498 158.311942 119.144689 53.277432 9.462700 -103.295687 -190.354745 -243.507264 -295.665985 -353.694350 -356.925925 -341.822270 -359.768532 -382.605951 -401.812783 -376.121861 -360.978869 -350.258615 -359.891987 -350.598957 -314.606652 -262.642091 -215.131884 -155.749431 -79.610244 -2.400514 76.318003 108.268284 153.580974 196.456032 247.355192 321.428571 411.853931 443.584463 479.584216 516.367237 533.269226 490.536525 445.284360 401.039700 357.660619 266.546601 210.748033 180.581468 142.088423 91.561684 -9999.0 -9999.0 -9999.0 -9999.0 -9999.0 -9999.0 -9999.0
-9999.0 -1315.556379 -1080.654824 -829.120293 -528.394408 -285.499836 -74.183693 75.989008 178.226347 138.105269 137.227188 159.429724 183.868100 203.091743 183.278695 154.612508 134.408582 138.745854 139.689503 120.725740 97.204867 85.008747 82.812739 70.180763 27.278630 -1.437567 -22.511045 -61.809569 -118.373747 -187.406804 -278.852552 -350.804803 -415.594677 -452.367184 -482.992441 -516.344171 -555.666109 -544.755732 -529.607951 -534.403300 -547.177507 -552.089603 -522.501501 -504.467921 -494.643296 -508.485125 -490.573800 -464.007029 -422.473537 -381.050014 -333.061723 -278.253224 -222.493919 -185.514281 -162.769013 -120.654218 -51.890767 45.470471 129.305147 221.595646 297.328876 361.527973 412.908352 445.917998 464.796545 484.582103 478.762531 433.786237 352.016417 292.312252 254.746339 -9999.0 -9999.0 -9999.0 -9999.0 -9999.0 -9999.0 -9999.0 -9999.0 -9999.0
-9999.0 -9999.0 -1318.203990 -1124.580335 -959.952781 -774.759668 -629.742334 -527.069960 -455.121032 -366.010357 -276.562684 -201.225372 -156.924183 -137.865841 -160.312653 -207.100691 -236.139121 -236.134289 -245.628262 -261.422378 -288.385600 -299.900576 -310.372974 -319.663156 -335.979202 -344.950491 -350.962745 -362.794571 -386.429959 -434.213854 -488.253935 -540.397939 -594.588771 -619.033469 -640.586871 -663.145199 -666.932730 -668.046950 -660.880293 -659.746068 -654.831861 -643.456516 -622.749855 -601.837801 -592.763768 -586.416011 -574.220290 -551.097596 -518.558359 -478.606435 -427.336894 -372.557432 -335.157125 -323.666267 -333.288997 -326.612208 -302.112936 -251.274285 -146.103324 -5.897859 103.299577 170.448316 245.424184 301.209431 334.865511 360.848821 402.921013 402.698982 255.374649 315.943206 -9999.0 -9999.0 -9999.0 -9999.0 -9999.0 -9999.0 -9999.0 -9999.0 -9999.0 -9999.0
-9999.0 -9999.0 -9999.0 -9999.0 -1267.442234 -1109.850651 -1017.622403 -936.961134 -820.926131 -718.164507 -630.433237 -557.808973 -508.155676 -485.793269 -498.851124 -506.823583 -515.931044 -519.054698 -527.372622 -533.792813 -540.260154 -547.941532 -558.321423 -565.679397 -566.552093 -563.186137 -564.843399 -577.356683 -592.294640 -619.920350 -644.179121 -678.986585 -715.692743 -744.321905 -756.961420 -763.940634 -763.440182 -768.475771 -758.762767 -752.718185 -738.067283 -722.719816 -698.845928 -670.961857 -658.890347 -645.065315 -635.613197 -615.084520 -585.793969 -534.035272 -472.950741 -418.418308 -386.166251 -384.220129 -412.456609 -430.086191 -434.755988 -407.569217 -358.978163 -283.638971 -167.686328 -60.505707 50.445166 105.863520 138.489969 186.194955 258.682508 330.654186 -9999.0 -9999.0 -9999.0 -9999.0 -9999.0 -9999.0 -9999.0 -9999.0 -9999.0 -9999.0 -9999.0 -9999.0
-9999.0 -9999.0 -9999.0 -9999.0 -9999.0 -9999.0 -1326.158703 -1232.841930 -1144.159402 -1027.801896 -920.995178 -833.739747 -763.114096 -740.667307 -725.737054 -704.766893 -709.869940 -726.130396 -741.695974 -725.777779 -717.159292 -721.501285 -747.726363 -749.204611 -745.937352 -736.339105 -737.108537 -742.780126 -766.908273 -759.415732 -761.083697 -783.549976 -809.098609 -823.289352 -834.530345 -824.443630 -823.396568 -835.493558 -832.611753 -806.922828 -787.529687 -774.131292 -751.639559 -718.816531 -687.235478 -673.439399 -672.803063 -666.874645 -625.581929 -556.224822 -487.325190 -435.488824 -406.325398 -400.540296 -431.039726 -474.195496 -498.083735 -493.823070 -461.687814 -409.994968 -332.305743 -280.444748 -242.824719 -213.111980 -175.557522 -46.309306 -9999.0 -9999.0 -9999.0 -9999.0 -9999.0 -9999.0 -9999.0 -9999.0 -9999.0 -9999.0 -9999.0 -9999.0 -9999.0 -9999.0
-9999.0 -9999.0 -9999.0 -9999.0 -9999.0 -9999.0 -9999.0 -9999.0 -9999.0 -9999.0 -9999.0 -9999.0 -9999.0 -9999.0 -9999.0 -9999.0 -9999.0 -9999.0 -9999.0 -9999.0 -9999.0 -9999.0 -9999.0 -9999.0 -9999.0 -9999.0 -9999.0 -9999.0 -9999.0 -9999.0 -9999.0 -9999.0 -9999.0 -9999.0 -9999.0 -9999.0 -9999.0 -9999.0 -9999.0 -9999.0 -9999.0 -9999.0 -9999.0 -9999.0 -9999.0 -9999.0 -9999.0 -9999.0 -9999.0 -9999.0 -9999.0 -9999.0 -9999.0 -9999.0 -9999.0 -9999.0 -9999.0 -9999.0 -9999.0 -9999.0 -9999.0 -9999.0 -9999.0 -9999.0 -9999.0 -9999.0 -9999.0 -9999.0 -9999.0 -9999.0 -9999.0 -9999.0 -9999.0 -9999.0 -9999.0 -9999.0 -9999.0 -9999.0 -9999.0 -9999.0
-9999.0 -9999.0 -9999.0 -9999.0 -9999.0 -9999.0 -9999.0 -9999.0 -9999.0 -9999.0 -9999.0 -9999.0 -9999.0 -9999.0 -9999.0 -9999.0 -9999.0 -9999.0 -9999.0 -9999.0 -9999.0 -9999.0 -9999.0 -9999.0 -9999.0 -9999.0 -9999.0 -9999.0 -9999.0 -9999.0 -9999.0 -9999.0 -9999.0 -9999.0 -9999.0 -9999.0 -9999.0 -9999.0 -9999.0 -9999.0 -9999.0 -9999.0 -9999.0 -9999.0 -9999.0 -9999.0 -9999.0 -9999.0 -9999.0 -9999.0 -9999.0 -9999.0 -9999.0 -9999.0 -9999.0 -9999.0 -9999.0 -9999.0 -9999.0 -9999.0 -9999.0 -9999.0 -9999.0 -9999.0 -9999.0 -9999.0 -9999.0 -9999.0 -9999.0 -9999.0 -9999.0 -9999.0 -9999.0 -9999.0 -9999.0 -9999.0 -9999.0 -9999.0 -9999.0 -9999.0