Borden_/Borden1m_014/output_maps/psiliqL0010N0024.asc
ncols         80
nrows         18
xllcorner     620200.000000
yllcorner     5168000.000000
cellsize      1.000000
NODATA_value  -9999.0
-9999.0 -9999.0 -9999.0 -9999.0 -9999.0 -9999.0 -9999.0 -9999.0 -9999.0 -9999.0 -9999.0 -9999.0 -9999.0 -9999.0 -9999.0 -9999.0 -9999.0 -9999.0 -9999.0 -9999.0 -9999.0 -9999.0 -9999.0 -9999.0 -9999.0 -9999.0 -9999.0 -9999.0 -9999.0 -9999.0 -9999.0 -9999.0 -9999.0 -9999.0 -9999.0 -9999.0 -9999.0 -9999.0 -9999.0 -9999.0 -9999.0 -9999.0 -9999.0 -9999.0 -9999.0 -9999.0 -9999.0 -9999.0 -9999.0 -9999.0 -9999.0 -9999.0 -9999.0 -9999.0 -9999.0 -9999.0 -9999.0 -9999.0 -9999.0 -9999.0 -9999.0 -9999.0 -9999.0 -9999.0 -9999.0 -9999.0 -9999.0 -9999.0 -9999.0 -9999.0 -9999.0 -9999.0 -9999.0 -9999.0 -9999.0 -9999.0 -9999.0 -9999.0 -9999.0 -9999.0
-9999.0 -9999.0 -9999.0 -9999.0 -9999.0 -9999.0 -9999.0 -9999.0 -9999.0 -9999.0 -9999.0 -9999.0 -9999.0 -9999.0 -9999.0 -9999.0 -9999.0 -9999.0 -9999.0 -9999.0 -9999.0 -9999.0 -9999.0 -9999.0 -9999.0 -9999.0 -9999.0 -9999.0 -9999.0 -9999.0 -9999.0 -9999.0 -9999.0 -9999.0 -9999.0 -9999.0 -9999.0 -9999.0 -9999.0 -9999.0 -9999.0 -9999.0 -9999.0 -9999.0 -9999.0 -9999.0 -9999.0 -9999.0 -9999.0 -9999.0 -9999.0 -9999.0 -9999.0 -9999.0 -9999.0 -9999.0 -9999.0 -9999.0 -9999.0 -9999.0 -9999.0 -9999.0 -9999.0 -9999.0 -9999.0 -9999.0 -9999.0 -9999.0 -9999.0 -9999.0 -9999.0 -9999.0 -9999.0 -9999.0 -9999.0 -9999.0 -9999.0 -9999.0 -9999.0 -9999.0
-9999.0 -9999.0 -9999.0 -9999.0 -9999.0 -9999.0 -9999.0 -9999.0 -9999.0 -9999.0 -9999.0 -9999.0 -9999.0 -9999.0 -9999.0 -9999.0 -9999.0 -9999.0 -9999.0 -9999.0 136.237115 139.249912 117.007440 83.439377 55.530208 57.991554 93.409668 135.133156 173.864329 184.939158 167.643763 170.032050 165.726149 165.804009 169.128799 175.729050 179.115882 190.788729 199.644328 199.825390 194.145444 189.047379 188.765309 192.392367 197.409358 187.383913 200.443862 215.262348 220.740482 214.676995 186.375763 169.642837 160.289644 144.620450 168.260838 179.911190 202.280155 206.052125 204.195538 176.766465 146.459678 -9999.0 -9999.0 -9999.0 -9999.0 -9999.0 -9999.0 -9999.0 -9999.0 -9999.0 -9999.0 -9999.0 -9999.0 -9999.0 -9999.0 -9999.0 -9999.0 -9999.0 -9999.0 -9999.0
-9999.0 -9999.0 -9999.0 -9999.0 -9999.0 -9999.0 -9999.0 -9999.0 -9999.0 -9999.0 -9999.0 -9999.0 -9999.0 -9999.0 44.774705 34.973385 32.317842 41.197357 75.360254 105.750214 118.352469 111.137987 111.550520 88.550487 68.828667 83.556136 113.765312 146.189594 181.823179 203.632163 192.467808 190.871609 202.182530 230.129347 245.226777 243.205549 222.495629 245.682726 262.601640 272.965208 273.255718 265.613951 280.895701 297.859486 291.035158 272.284688 274.678566 285.552066 298.703201 282.084933 215.532703 193.245658 188.025058 179.802064 164.931037 157.485512 181.701088 181.757152 172.874239 154.365182 121.613204 77.340254 58.968174 97.181959 141.102358 198.630812 -9999.0 -9999.0 -9999.0 -9999.0 -9999.0 -9999.0 -9999.0 -9999.0 -9999.0 -9999.0 -9999.0 -9999.0 -9999.0 -9999.0
-9999.0 -9999.0 -9999.0 -9999.0 -9999.0 -9999.0 -9999.0 -9999.0 -9999.0 -13.118620 -9.095788 -1.750302 0.441237 16.351958 14.691790 22.037806 30.157521 57.127173 88.874944 124.611682 154.052217 145.164861 146.576337 159.463875 166.722005 180.708056 203.397360 246.454440 292.181882 337.795464 311.997526 311.952827 333.652056 384.990001 424.136198 434.981095 414.884641 420.264646 447.814506 475.637972 479.107965 479.648799 508.167334 524.487711 528.941418 505.519196 483.284332 479.497749 504.918836 447.833963 377.811129 321.263732 318.648541 283.005574 238.869626 214.842725 210.421448 230.587570 213.806312 174.933872 137.425807 126.681674 109.204970 125.131097 147.123345 193.503614 231.846157 260.131778 259.874629 242.291035 -9999.0 -9999.0 -9999.0 -9999.0 -9999.0 -9999.0 -9999.0 -9999.0 -9999.0 -9999.0
-9999.0 -9999.0 -9999.0 -9999.0 -9999.0 -9999.0 -91.936915 -82.862711 -62.899008 -57.476565 -32.663783 -24.887116 -3.975377 15.862445 37.376446 55.062638 86.774440 120.736727 163.744690 209.515786 243.940482 241.758021 255.254274 293.130888 339.823819 374.335554 401.990847 447.428103 537.271228 591.295347 608.619119 617.745281 630.019668 675.809061 738.870546 760.737794 734.426571 717.211469 735.682463 774.125256 793.065935 797.960869 807.905786 817.299760 842.332373 830.579882 779.481726 758.247178 752.347185 738.560192 683.701746 621.307181 573.855735 513.285277 420.730032 358.251055 357.359945 370.430198 335.108964 276.507171 230.860674 217.891730 201.195541 185.628797 189.942855 208.297067 230.585199 241.292324 228.186838 207.075128 183.794620 154.780349 156.278510 181.479226 -9999.0 -9999.0 -9999.0 -9999.0 -9999.0 -9999.0
-9999.0 -9999.0 -9999.0 -9999.0 -141.784299 -129.198828 -140.891246 -116.771305 -84.476037 -50.774034 -18.018239 19.942024 48.049252 79.202019 122.306289 161.642070 208.067544 247.653295 308.300359 382.721131 440.435195 472.879207 497.736752 570.332897 638.825071 691.228157 710.907297 738.938475 785.928589 857.055141 888.502518 896.806862 914.084586 945.552702 989.008188 1022.269621 1004.373571 996.753363 1000.755971 1011.855085 1038.489436 1041.154597 1043.521177 1045.220860 1048.142869 1046.563929 1020.815173 986.697186 972.893747 964.262432 938.271214 873.275506 820.840364 785.265559 753.878674 706.300441 640.355375 615.541642 548.744879 480.465651 406.248363 376.715167 339.884501 308.739647 274.351873 272.249109 272.908154 251.285929 219.047754 186.230369 170.715147 151.648028 140.960880 170.609582 188.099822 218.809094 -9999.0 -9999.0 -9999.0 -9999.0
-9999.0 -9999.0 -200.341338 -150.645187 -94.401753 -85.540233 -83.469280 -77.836147 -50.038592 1.852279 81.288096 135.813806 183.019197 218.499439 284.078448 373.935575 458.360746 518.854019 588.664680 660.260379 721.452776 759.252107 789.098118 831.814673 883.539700 940.084065 963.687210 989.279407 1019.612226 1053.284811 1073.350887 1088.860170 1095.946494 1095.129748 1097.998547 1098.059344 1093.740937 1087.412922 1068.871005 1065.633167 1073.089926 1076.792994 1079.822644 1067.569145 1063.665492 1075.886507 1077.716424 1077.101870 1078.011468 1085.979202 1092.829557 1058.548183 1011.018701 994.627089 984.693735 944.221862 882.368995 830.961628 803.331940 759.503542 682.637759 628.652740 569.584872 507.073878 442.940034 402.392598 349.048046 303.357738 254.953651 207.747910 183.204415 164.125067 161.243866 161.201106 176.967861 192.332985 207.597398 215.340203 -9999.0 -9999.0
-9999.0 -300.358478 -227.768179 -100.326070 -20.759531 25.064829 64.464999 93.241178 120.550865 141.198057 254.202353 363.002714 462.140081 504.204938 567.670341 670.831549 771.006460 817.800395 854.405916 906.082366 961.386004 1006.175405 1035.938137 1060.197843 1090.325269 1095.199281 1095.512421 1096.811542 1091.408484 1084.388801 1075.151591 1082.016762 1079.276994 1062.238468 1047.959637 1045.199612 1038.440190 1011.590217 981.838986 966.570298 968.834827 988.301453 978.509112 959.758780 956.328566 975.841192 992.846121 986.477965 976.795627 995.525844 1029.960455 1051.905078 1065.813786 1081.050981 1101.369326 1077.875114 1046.771849 1005.275486 984.056525 955.011807 892.762858 829.799633 774.264091 711.029915 643.480800 567.039692 491.567079 422.148993 349.833129 305.283179 271.129211 217.582763 193.355875 193.663226 183.805040 180.739410 186.886156 193.180248 -9999.0 -9999.0
-9999.0 -374.420926 -231.080977 -45.074847 103.559511 168.213708 287.149634 374.728736 407.700980 387.136879 510.869039 740.543690 832.064330 847.122538 915.180210 996.023459 1029.584640 1059.770242 1079.778337 1081.761811 1083.700422 1090.202510 1088.227327 1082.405743 1068.605789 1060.789395 1059.455299 1055.771799 1036.669991 1016.894809 998.879875 994.534826 976.994192 938.175321 907.662530 891.622858 874.132420 843.187051 803.562978 773.951663 758.869535 775.452298 767.037279 750.194535 746.801367 769.800583 803.572371 800.785481 809.745543 834.436436 876.743055 921.250975 945.289116 975.099678 1011.789115 1054.659769 1072.750600 1093.241642 1097.907152 1075.731893 1032.077843 980.949249 947.302131 880.766476 807.889064 729.054921 666.061233 605.234924 528.503623 470.189325 413.589933 349.232758 286.964363 256.401321 215.105917 193.607587 -9999.0 -9999.0 -9999.0 -9999.0
-9999.0 -443.836251 -252.832624 11.905714 278.871422 412.995936 624.855003 759.043457 830.258525 883.749644 904.890500 1024.151093 1052.978046 1045.582870 1034.819967 1037.336190 1052.000426 1056.282822 1053.216571 1043.643413 1033.787688 1028.473375 1025.977980 1019.711662 1007.110321 991.528631 977.809459 962.778389 918.724429 884.166589 850.565253 833.286633 794.862439 706.677128 666.171917 633.590484 575.077358 560.817891 545.110822 509.510448 486.031866 467.291099 487.282404 488.472047 490.018879 498.903531 523.218894 548.800523 597.321110 637.404029 681.969919 735.111617 771.220271 817.037080 866.563948 927.499201 960.450463 991.174187 1035.599472 1076.144141 1099.058356 1089.791175 1060.639580 1016.079759 948.705054 878.911661 831.336676 763.376288 698.415616 643.741527 595.921854 535.178903 454.054055 350.218277 303.926698 -9999.0 -9999.0 -9999.0 -9999.0 -9999.0
-9999.0 -605.212445 -336.778668 -41.149143 290.344739 620.619180 741.574175 895.655001 970.270753 916.964039 901.373306 927.926533 968.559876 975.001160 955.818555 949.402627 941.188883 941.804437 954.835193 928.618133 894.653481 879.631558 877.789844 864.913860 840.123717 820.510183 805.448453 783.032313 732.445499 683.669137 607.267449 575.197191 491.075227 419.622120 370.201907 319.503884 265.228255 260.958491 274.808750 256.649408 232.985158 213.696686 239.483690 255.589476 267.098785 257.884829 268.478668 305.679222 357.554882 404.370648 459.632990 523.673924 579.260739 635.850570 671.375405 724.353740 772.923439 822.539906 897.129832 978.030823 1015.381754 1051.077816 1086.535924 1102.228516 1054.698928 1005.754330 958.503415 902.696843 817.105238 765.256271 735.052724 692.351279 634.951560 -9999.0 -9999.0 -9999.0 -9999.0 -9999.0 -9999.0 -9999.0
-9999.0 -737.393587 -508.658670 -264.133204 34.217618 276.802353 471.211140 594.872468 681.198335 682.132615 696.735492 725.242030 755.290151 776.994692 755.658508 721.104779 696.071714 700.544285 699.440398 676.252679 647.260054 632.611380 630.321237 621.020230 591.197182 571.368341 556.120323 527.394888 483.546597 421.735180 336.622424 264.328418 199.151965 161.852518 130.347851 96.376592 57.348734 67.113164 80.692153 75.754617 63.363844 58.994952 88.440064 106.946462 117.072193 104.533075 123.483878 150.949952 193.555708 236.741591 286.557754 343.700274 400.563028 435.319053 455.285341 490.680667 542.679006 608.960102 697.691556 795.047085 872.587426 926.973193 978.907900 1012.691314 1029.023058 1048.425358 1031.578166 961.720555 844.964982 829.374066 815.130580 -9999.0 -9999.0 -9999.0 -9999.0 -9999.0 -9999.0 -9999.0 -9999.0 -9999.0
-9999.0 -9999.0 -745.259881 -557.887196 -402.244117 -216.249354 -63.616055 47.088841 126.711843 221.408122 314.018035 391.477986 434.889208 452.934749 435.011368 395.259647 370.035832 370.095133 360.700023 347.291745 323.681706 314.199072 303.749444 294.718233 280.386154 271.665609 264.556942 251.201399 226.130317 177.138094 123.825251 70.644202 15.236935 -10.753555 -33.184153 -55.942376 -59.348186 -61.684401 -55.200899 -54.095367 -48.615438 -36.827337 -16.196481 5.251880 14.731274 22.134269 34.781403 58.629116 92.017204 133.508652 186.537090 243.272713 282.693842 296.060902 288.200285 296.527463 322.467899 372.776214 467.634031 570.375955 670.096907 743.951967 818.888276 873.289682 896.021453 920.797199 948.448410 900.872088 591.128974 777.609498 -9999.0 -9999.0 -9999.0 -9999.0 -9999.0 -9999.0 -9999.0 -9999.0 -9999.0 -9999.0
-9999.0 -9999.0 -9999.0 -9999.0 -701.675517 -544.892840 -450.252225 -366.664332 -243.851209 -132.554481 -39.356560 38.197052 92.728367 116.828404 106.852000 103.117412 95.519200 91.404016 82.598129 77.799668 72.762393 64.692494 52.474283 44.469135 43.479249 46.682680 44.016262 30.252200 13.396043 -13.482868 -37.263572 -72.651483 -109.774771 -139.137022 -152.315586 -159.105196 -158.971262 -164.718519 -155.306708 -148.811150 -133.900521 -118.500578 -94.541033 -66.172612 -53.441231 -39.185208 -29.456058 -8.632070 21.485321 74.370696 136.709151 192.823419 226.829713 230.338995 204.324067 188.681611 186.157121 215.919739 266.331591 342.189749 453.206642 541.068235 615.954957 668.241590 704.961723 757.215792 821.471461 866.318356 -9999.0 -9999.0 -9999.0 -9999.0 -9999.0 -9999.0 -9999.0 -9999.0 -9999.0 -9999.0 -9999.0 -9999.0
-9999.0 -9999.0 -9999.0 -9999.0 -9999.0 -9999.0 -755.741839 -660.138412 -574.143688 -449.274929 -332.397789 -239.376934 -164.021906 -137.877870 -118.974544 -96.033853 -100.124459 -117.234999 -134.201027 -117.384274 -107.255416 -112.440274 -140.511680 -141.999418 -138.443896 -129.398015 -130.881490 -137.172521 -162.172112 -153.636241 -154.850364 -178.052679 -204.211115 -218.550667 -230.120163 -220.151696 -219.366844 -232.003006 -229.810903 -203.609237 -183.793382 -170.349509 -147.893954 -114.755201 -82.804682 -68.467362 -67.493264 -61.328920 -20.099280 50.075587 120.269393 173.583490 204.178880 211.125422 182.293873 141.019304 119.374146 126.042108 161.114358 216.075181 295.992759 350.925264 387.541958 413.068372 445.278039 550.484136 -9999.0 -9999.0 -9999.0 -9999.0 -9999.0 -9999.0 -9999.0 -9999.0 -9999.0 -9999.0 -9999.0 -9999.0 -9999.0 -9999.0
-9999.0 -9999.0 -9999.0 -9999.0 -9999.0 -9999.0 -9999.0 -9999.0 -9999.0 -9999.0 -9999.0 -9999.0 -9999.0 -9999.0 -9999.0 -9999.0 -9999.0 -9999.0 -9999.0 -9999.0 -9999.0 -9999.0 -9999.0 -9999.0 -9999.0 -9999.0 -9999.0 -9999.0 -9999.0 -9999.0 -9999.0 -9999.0 -9999.0 -9999.0 -9999.0 -9999.0 -9999.0 -9999.0 -9999.0 -9999.0 -9999.0 -9999.0 -9999.0 -9999.0 -9999.0 -9999.0 -9999.0 -9999.0 -9999.0 -9999.0 -9999.0 -9999.0 -9999.0 -9999.0 -9999.0 -9999.0 -9999.0 -9999.0 -9999.0 -9999.0 -9999.0 -9999.0 -9999.0 -9999.0 -9999.0 -9999.0 -9999.0 -9999.0 -9999.0 -9999.0 -9999.0 -9999.0 -9999.0 -9999.0 -9999.0 -9999.0 -9999.0 -9999.0 -9999.0 -9999.0
-9999.0 -9999.0 -9999.0 -9999.0 -9999.0 -9999.0 -9999.0 -9999.0 -9999.0 -9999.0 -9999.0 -9999.0 -9999.0 -9999.0 -9999.0 -9999.0 -9999.0 -9999.0 -9999.0 -9999.0 -9999.0 -9999.0 -9999.0 -9999.0 -9999.0 -9999.0 -9999.0 -9999.0 -9999.0 -9999.0 -9999.0 -9999.0 -9999.0 -9999.0 -9999.0 -9999.0 -9999.0 -9999.0 -9999.0 -9999.0 -9999.0 -9999.0 -9999.0 -9999.0 -9999.0 -9999.0 -9999.0 -9999.0 -9999.0 -9999.0 -9999.0 -9999.0 -9999.0 -9999.0 -9999.0 -9999.0 -9999.0 -9999.0 -9999.0 -9999.0 -9999.0 -9999.0 -9999.0 -9999.0 -9999.0 -9999.0 -9999.0 -9999.0 -9999.0 -9999.0 -9999.0 -9999.0 -9999.0 -9999.0 -9999.0 -9999.0 -9999.0 -9999.0 -9999.0 -9999.0