Borden_/Borden1m_014/output_maps/psiliqL0001N0031.asc
ncols         80
nrows         18
xllcorner     620200.000000
yllcorner     5168000.000000
cellsize      1.000000
NODATA_value  -9999.0
-9999.0 -9999.0 -9999.0 -9999.0 -9999.0 -9999.0 -9999.0 -9999.0 -9999.0 -9999.0 -9999.0 -9999.0 -9999.0 -9999.0 -9999.0 -9999.0 -9999.0 -9999.0 -9999.0 -9999.0 -9999.0 -9999.0 -9999.0 -9999.0 -9999.0 -9999.0 -9999.0 -9999.0 -9999.0 -9999.0 -9999.0 -9999.0 -9999.0 -9999.0 -9999.0 -9999.0 -9999.0 -9999.0 -9999.0 -9999.0 -9999.0 -9999.0 -9999.0 -9999.0 -9999.0 -9999.0 -9999.0 -9999.0 -9999.0 -9999.0 -9999.0 -9999.0 -9999.0 -9999.0 -9999.0 -9999.0 -9999.0 -9999.0 -9999.0 -9999.0 -9999.0 -9999.0 -9999.0 -9999.0 -9999.0 -9999.0 -9999.0 -9999.0 -9999.0 -9999.0 -9999.0 -9999.0 -9999.0 -9999.0 -9999.0 -9999.0 -9999.0 -9999.0 -9999.0 -9999.0
-9999.0 -9999.0 -9999.0 -9999.0 -9999.0 -9999.0 -9999.0 -9999.0 -9999.0 -9999.0 -9999.0 -9999.0 -9999.0 -9999.0 -9999.0 -9999.0 -9999.0 -9999.0 -9999.0 -9999.0 -9999.0 -9999.0 -9999.0 -9999.0 -9999.0 -9999.0 -9999.0 -9999.0 -9999.0 -9999.0 -9999.0 -9999.0 -9999.0 -9999.0 -9999.0 -9999.0 -9999.0 -9999.0 -9999.0 -9999.0 -9999.0 -9999.0 -9999.0 -9999.0 -9999.0 -9999.0 -9999.0 -9999.0 -9999.0 -9999.0 -9999.0 -9999.0 -9999.0 -9999.0 -9999.0 -9999.0 -9999.0 -9999.0 -9999.0 -9999.0 -9999.0 -9999.0 -9999.0 -9999.0 -9999.0 -9999.0 -9999.0 -9999.0 -9999.0 -9999.0 -9999.0 -9999.0 -9999.0 -9999.0 -9999.0 -9999.0 -9999.0 -9999.0 -9999.0 -9999.0
-9999.0 -9999.0 -9999.0 -9999.0 -9999.0 -9999.0 -9999.0 -9999.0 -9999.0 -9999.0 -9999.0 -9999.0 -9999.0 -9999.0 -9999.0 -9999.0 -9999.0 -9999.0 -9999.0 -9999.0 -600.039551 -599.143541 -601.106878 -603.322714 -605.171898 -605.397307 -603.314263 -600.886326 -598.077054 -597.476054 -599.727285 -599.206200 -600.093970 -600.551295 -600.565354 -599.954533 -599.680269 -598.757468 -598.161255 -598.408246 -599.091062 -599.588934 -600.060276 -599.895158 -599.132984 -600.143698 -598.611189 -597.071348 -596.502496 -596.548720 -598.683775 -599.585439 -599.907751 -601.634930 -598.498724 -597.536665 -595.142390 -594.893447 -594.464584 -597.162725 -599.784625 -9999.0 -9999.0 -9999.0 -9999.0 -9999.0 -9999.0 -9999.0 -9999.0 -9999.0 -9999.0 -9999.0 -9999.0 -9999.0 -9999.0 -9999.0 -9999.0 -9999.0 -9999.0 -9999.0
-9999.0 -9999.0 -9999.0 -9999.0 -9999.0 -9999.0 -9999.0 -9999.0 -9999.0 -9999.0 -9999.0 -9999.0 -9999.0 -9999.0 -603.686809 -604.728503 -605.208785 -605.493898 -603.628679 -602.154868 -602.071736 -603.155729 -602.290569 -604.387142 -606.212861 -605.090215 -603.484523 -602.130391 -599.886177 -598.131371 -599.735002 -600.127275 -599.237192 -596.096852 -594.644066 -595.279027 -598.888804 -595.526364 -593.733429 -592.540043 -592.685918 -594.334160 -591.962337 -589.200271 -590.589254 -593.496354 -592.956475 -591.353370 -588.628559 -590.151755 -599.120562 -600.131080 -599.697089 -599.555796 -600.731663 -601.588241 -598.425636 -598.843837 -599.384136 -599.994348 -601.869220 -604.840528 -606.142519 -603.091061 -600.277397 -594.438927 -9999.0 -9999.0 -9999.0 -9999.0 -9999.0 -9999.0 -9999.0 -9999.0 -9999.0 -9999.0 -9999.0 -9999.0 -9999.0 -9999.0
-9999.0 -9999.0 -9999.0 -9999.0 -9999.0 -9999.0 -9999.0 -9999.0 -9999.0 -605.399699 -605.697851 -605.415568 -606.093542 -605.195823 -606.678167 -606.330593 -606.566299 -605.311215 -604.255188 -602.433860 -599.998482 -601.775662 -601.995816 -600.670507 -600.405926 -599.850529 -598.727944 -594.593482 -589.653017 -581.834057 -588.336480 -588.600592 -585.010866 -571.301672 -557.794916 -553.116581 -560.727190 -560.839081 -551.628349 -539.476231 -538.779010 -539.810238 -525.507153 -515.909708 -508.885156 -523.651470 -537.622800 -539.768798 -522.907584 -550.914090 -571.425370 -586.445571 -585.663343 -590.703952 -596.073177 -598.081529 -598.801862 -595.097030 -596.554017 -599.971487 -602.712037 -601.889739 -603.387051 -601.940873 -600.872725 -596.445417 -592.362500 -588.327119 -588.119119 -590.693693 -9999.0 -9999.0 -9999.0 -9999.0 -9999.0 -9999.0 -9999.0 -9999.0 -9999.0 -9999.0
-9999.0 -9999.0 -9999.0 -9999.0 -9999.0 -9999.0 -607.205360 -607.340231 -606.778713 -608.571656 -607.310989 -608.186406 -607.234019 -606.804630 -606.189794 -606.129977 -604.484206 -603.027981 -600.510785 -597.091275 -593.853133 -595.459428 -594.589440 -589.789493 -580.038056 -570.514960 -564.275073 -552.250781 -502.359868 -446.326635 -422.055776 -410.306708 -396.704872 -367.604412 -313.238088 -282.582764 -316.333087 -335.064012 -318.458653 -274.986639 -187.992138 -187.212664 -181.863103 -175.137487 -149.063535 -153.395122 -268.523409 -299.796498 -310.010408 -319.441757 -360.180383 -402.664038 -463.066690 -518.110149 -558.422606 -575.584853 -578.557844 -576.056324 -582.755817 -591.207019 -596.118068 -596.199957 -597.158652 -598.912841 -598.148945 -596.357934 -593.533268 -591.761983 -593.128932 -594.985863 -596.406619 -599.307070 -598.862412 -596.046892 -9999.0 -9999.0 -9999.0 -9999.0 -9999.0 -9999.0
-9999.0 -9999.0 -9999.0 -9999.0 -609.995265 -609.170447 -611.629618 -610.254980 -609.172259 -608.353633 -608.317277 -606.802955 -606.362302 -605.268527 -602.894469 -600.928024 -597.477678 -594.812555 -587.273872 -570.655025 -552.780313 -540.228287 -530.978779 -464.136085 -394.030664 -356.607651 -342.518652 -318.350310 -269.360159 -142.362176 -115.600767 -111.803798 -90.601967 -69.242672 -28.720344 -1.391122 -15.266134 -19.861210 -19.486615 -11.821832 11.227677 11.512346 12.450186 12.374543 14.400235 16.352597 -2.300830 -32.315290 -83.417690 -50.154691 -67.043945 -127.267309 -237.059494 -276.324141 -301.544692 -340.444082 -392.886759 -417.795261 -492.352063 -537.358604 -565.394565 -574.129725 -582.094480 -586.119045 -591.211654 -590.409032 -589.110633 -591.665027 -594.906466 -597.933616 -598.342217 -599.647252 -601.054418 -597.467439 -596.153555 -592.140691 -9999.0 -9999.0 -9999.0 -9999.0
-9999.0 -9999.0 -610.137969 -610.034750 -607.780102 -609.156770 -609.927790 -611.104784 -610.617036 -608.423985 -604.101604 -602.112252 -599.013892 -597.347593 -590.047214 -570.438803 -542.879074 -513.353204 -438.341037 -381.179157 -333.791307 -291.809727 -204.057698 -181.476309 -118.487725 -111.795435 -50.321663 -68.641838 -8.912243 15.909339 41.890462 54.850618 64.522880 54.434957 55.962317 52.133222 50.948487 48.188927 30.653482 28.909610 35.901932 37.848138 41.774034 29.056958 25.500333 37.751713 40.236019 40.657157 41.816058 50.952673 62.270333 32.881808 -19.124347 -65.919954 -31.175913 -109.963222 -130.263525 -231.642734 -261.908784 -302.272282 -370.094750 -407.102711 -469.593920 -527.797584 -557.017908 -568.770030 -579.723835 -586.232990 -591.976305 -597.075106 -598.633677 -599.574655 -598.915862 -599.393904 -597.476849 -595.991234 -593.801374 -592.956659 -9999.0 -9999.0
-9999.0 -610.737421 -611.471756 -607.411738 -606.692281 -605.794698 -604.454828 -603.308130 -602.179987 -603.811202 -591.801583 -565.817726 -534.192707 -518.021843 -452.288311 -357.936568 -196.971147 -184.356091 -138.807814 -139.078315 -96.889239 -16.203154 7.000420 38.848993 64.060321 55.310548 55.510908 51.537321 44.326926 37.182655 25.920737 34.825302 32.540861 18.633997 7.522977 6.819090 4.802185 -17.972366 -44.143167 -55.353652 -50.054140 -29.417033 -38.901236 -59.414424 -63.085314 -43.775835 -28.337672 -37.096280 -83.800537 -33.980081 -3.011366 12.426855 28.563752 41.922497 63.065463 39.748494 8.466340 -26.400019 -40.346028 -63.449489 -175.416118 -240.388749 -293.458508 -354.179835 -402.312653 -475.754636 -537.566970 -562.833975 -579.358876 -585.265383 -588.873348 -595.945107 -597.801533 -596.387077 -597.319821 -597.430040 -596.564889 -595.885250 -9999.0 -9999.0
-9999.0 -614.279777 -610.624102 -606.227808 -600.553456 -599.450676 -578.698003 -557.066832 -547.871370 -559.861898 -486.218716 -190.807268 -130.561639 -130.720068 -80.322004 -13.526936 26.690748 47.458555 62.933934 51.583888 45.083411 47.729043 43.711090 34.667707 21.095733 13.854305 13.479567 12.087529 -3.742360 -19.999543 -67.294714 -35.488985 -84.370434 -81.450443 -113.190063 -127.264885 -167.322090 -219.099699 -260.198677 -288.276946 -301.087037 -280.881644 -291.985800 -310.754887 -314.387378 -290.322556 -256.744908 -263.452220 -258.551060 -235.441742 -189.769625 -99.305288 -80.046013 -87.100380 -22.665780 13.029806 30.836007 50.683150 56.444474 32.090240 -4.560918 -47.871327 -74.876267 -189.164324 -264.021414 -340.460490 -386.338274 -420.558080 -496.674509 -536.811352 -559.579679 -576.280951 -587.429938 -589.991499 -595.116926 -596.028195 -9999.0 -9999.0 -9999.0 -9999.0
-9999.0 -614.194145 -610.524225 -602.008843 -579.963696 -540.629133 -396.197530 -269.579639 -94.508778 -145.606641 -20.968863 47.575930 56.076857 38.413221 12.190341 8.517924 17.862813 19.762104 15.931163 7.027986 -7.034073 -5.641036 -6.744049 -14.677332 -26.439060 -40.643552 -51.308909 -61.079271 -153.068893 -190.493081 -218.144425 -234.051662 -267.016395 -347.201725 -376.641290 -395.631065 -455.368357 -473.500597 -491.228218 -520.305458 -532.219704 -539.086779 -529.807711 -532.225277 -533.058910 -526.866246 -509.273023 -492.525576 -439.856278 -403.246777 -374.811931 -330.071422 -297.317387 -253.495209 -200.501661 -92.854173 -66.199408 -40.157462 -2.053607 33.100104 53.126996 46.260035 18.186889 -14.652239 -70.782554 -194.023355 -247.142968 -314.570298 -364.831270 -397.232120 -421.047367 -478.617531 -541.595552 -573.779918 -581.477574 -9999.0 -9999.0 -9999.0 -9999.0 -9999.0
-9999.0 -618.762505 -609.941525 -602.850806 -562.359583 -382.186464 -294.547558 -21.418758 29.157610 -38.646646 -150.135622 -63.761849 -30.700065 -31.618106 -56.424136 -66.725286 -70.700683 -71.542926 -58.933168 -90.539227 -171.936767 -190.474547 -192.588764 -204.730569 -227.495809 -246.599070 -261.210133 -282.521513 -334.671252 -371.539366 -418.319936 -450.628456 -525.434076 -558.267247 -571.781687 -582.530631 -591.969370 -591.828696 -588.993105 -591.612058 -594.340755 -597.143377 -593.787954 -592.228545 -590.719682 -592.544565 -591.966756 -587.133224 -578.620073 -568.673486 -551.541667 -520.539504 -470.472459 -406.997240 -382.831352 -337.923567 -293.646599 -245.488617 -169.978352 -46.585722 -20.769338 8.052729 43.335546 62.604722 24.566732 -10.196574 -64.724432 -188.283751 -286.640472 -325.273870 -341.351799 -363.111045 -398.374484 -9999.0 -9999.0 -9999.0 -9999.0 -9999.0 -9999.0 -9999.0
-9999.0 -621.769154 -612.088709 -610.019833 -597.330000 -566.747870 -491.529373 -377.840517 -205.249210 -335.077413 -349.779950 -327.191793 -299.337437 -278.486277 -301.410263 -332.398260 -352.555745 -349.150402 -347.667151 -366.437454 -388.348666 -397.246010 -397.825880 -405.537050 -438.883457 -463.530840 -478.818313 -504.434855 -533.234960 -557.077356 -580.761630 -590.900766 -597.661042 -600.048010 -601.747175 -603.500375 -606.754499 -605.049289 -603.686211 -604.067699 -605.122294 -605.914782 -603.542077 -602.703264 -601.939199 -604.122561 -602.599944 -601.160571 -597.917111 -594.491980 -589.423473 -581.559389 -570.647525 -561.673603 -554.368457 -538.687846 -504.186667 -425.362660 -362.017111 -269.832878 -195.817511 -100.912710 -85.688640 -17.622086 0.467452 8.398557 17.366325 -6.726586 -259.251886 -290.896170 -293.931478 -9999.0 -9999.0 -9999.0 -9999.0 -9999.0 -9999.0 -9999.0 -9999.0 -9999.0
-9999.0 -9999.0 -623.467052 -619.291332 -615.327863 -611.449145 -605.999942 -598.684550 -592.923571 -585.025229 -572.054356 -555.194009 -542.087394 -535.085884 -544.314052 -560.170841 -568.254124 -567.708273 -569.746264 -573.777831 -580.508864 -582.922975 -584.487608 -585.746426 -588.458555 -589.611315 -590.102317 -591.110197 -593.271916 -597.847985 -601.798019 -604.422696 -607.239669 -607.186910 -607.665137 -608.654062 -607.962025 -608.131142 -607.865502 -608.016285 -607.835937 -607.420824 -606.871245 -606.140889 -606.099803 -605.915968 -605.627996 -604.783579 -603.472244 -601.727366 -598.299175 -593.120829 -588.959631 -587.879513 -589.967886 -589.202601 -586.000669 -577.947509 -548.097263 -467.282009 -384.841641 -323.773525 -253.360141 -205.356007 -183.581101 -109.483110 -49.954084 -197.213238 -339.108847 -326.776572 -9999.0 -9999.0 -9999.0 -9999.0 -9999.0 -9999.0 -9999.0 -9999.0 -9999.0 -9999.0
-9999.0 -9999.0 -9999.0 -9999.0 -624.715619 -619.240435 -614.302500 -614.703314 -611.136280 -609.011413 -606.901657 -604.271049 -602.104347 -600.616361 -602.572027 -603.192437 -603.643059 -603.332009 -603.713705 -604.282464 -604.608645 -604.928376 -605.189197 -605.627459 -605.507422 -605.149283 -605.052623 -605.779999 -605.799691 -607.272497 -607.568874 -608.414563 -609.233961 -610.136268 -609.982730 -610.120877 -609.745390 -610.144559 -609.510632 -609.907724 -609.440017 -609.218413 -608.622239 -607.667056 -608.034678 -607.479157 -607.433895 -606.670713 -606.335821 -604.279582 -600.872018 -596.800799 -593.936554 -594.034199 -597.617129 -599.067075 -599.835842 -597.506580 -593.307632 -583.823154 -555.943766 -511.280078 -423.350516 -385.204244 -360.442828 -317.899265 -276.940514 -267.951573 -9999.0 -9999.0 -9999.0 -9999.0 -9999.0 -9999.0 -9999.0 -9999.0 -9999.0 -9999.0 -9999.0 -9999.0
-9999.0 -9999.0 -9999.0 -9999.0 -9999.0 -9999.0 -622.643086 -620.042900 -620.625752 -618.852502 -617.304835 -615.990963 -613.845258 -614.221733 -613.724242 -612.032481 -612.330943 -613.139882 -614.143842 -612.641686 -612.053531 -611.885293 -613.553115 -613.107516 -612.969970 -612.308501 -612.376094 -612.106874 -613.583112 -611.954385 -611.198700 -611.550433 -611.891023 -611.603280 -611.989512 -610.917200 -610.791284 -611.648999 -611.875422 -610.647516 -610.304229 -610.475377 -610.210983 -609.341617 -608.072565 -607.887173 -608.452751 -609.223254 -607.854461 -604.746622 -601.147578 -597.843683 -595.612688 -594.859712 -597.875396 -601.802896 -603.711281 -603.911314 -602.223156 -598.927804 -590.818433 -584.629080 -578.962346 -571.393941 -561.991267 -503.648348 -9999.0 -9999.0 -9999.0 -9999.0 -9999.0 -9999.0 -9999.0 -9999.0 -9999.0 -9999.0 -9999.0 -9999.0 -9999.0 -9999.0
-9999.0 -9999.0 -9999.0 -9999.0 -9999.0 -9999.0 -9999.0 -9999.0 -9999.0 -9999.0 -9999.0 -9999.0 -9999.0 -9999.0 -9999.0 -9999.0 -9999.0 -9999.0 -9999.0 -9999.0 -9999.0 -9999.0 -9999.0 -9999.0 -9999.0 -9999.0 -9999.0 -9999.0 -9999.0 -9999.0 -9999.0 -9999.0 -9999.0 -9999.0 -9999.0 -9999.0 -9999.0 -9999.0 -9999.0 -9999.0 -9999.0 -9999.0 -9999.0 -9999.0 -9999.0 -9999.0 -9999.0 -9999.0 -9999.0 -9999.0 -9999.0 -9999.0 -9999.0 -9999.0 -9999.0 -9999.0 -9999.0 -9999.0 -9999.0 -9999.0 -9999.0 -9999.0 -9999.0 -9999.0 -9999.0 -9999.0 -9999.0 -9999.0 -9999.0 -9999.0 -9999.0 -9999.0 -9999.0 -9999.0 -9999.0 -9999.0 -9999.0 -9999.0 -9999.0 -9999.0
-9999.0 -9999.0 -9999.0 -9999.0 -9999.0 -9999.0 -9999.0 -9999.0 -9999.0 -9999.0 -9999.0 -9999.0 -9999.0 -9999.0 -9999.0 -9999.0 -9999.0 -9999.0 -9999.0 -9999.0 -9999.0 -9999.0 -9999.0 -9999.0 -9999.0 -9999.0 -9999.0 -9999.0 -9999.0 -9999.0 -9999.0 -9999.0 -9999.0 -9999.0 -9999.0 -9999.0 -9999.0 -9999.0 -9999.0 -9999.0 -9999.0 -9999.0 -9999.0 -9999.0 -9999.0 -9999.0 -9999.0 -9999.0 -9999.0 -9999.0 -9999.0 -9999.0 -9999.0 -9999.0 -9999.0 -9999.0 -9999.0 -9999.0 -9999.0 -9999.0 -9999.0 -9999.0 -9999.0 -9999.0 -9999.0 -9999.0 -9999.0 -9999.0 -9999.0 -9999.0 -9999.0 -9999.0 -9999.0 -9999.0 -9999.0 -9999.0 -9999.0 -9999.0 -9999.0 -9999.0