Borden_/Borden1m_014/output_maps/psiliqL0001N0019.asc
ncols         80
nrows         18
xllcorner     620200.000000
yllcorner     5168000.000000
cellsize      1.000000
NODATA_value  -9999.0
-9999.0 -9999.0 -9999.0 -9999.0 -9999.0 -9999.0 -9999.0 -9999.0 -9999.0 -9999.0 -9999.0 -9999.0 -9999.0 -9999.0 -9999.0 -9999.0 -9999.0 -9999.0 -9999.0 -9999.0 -9999.0 -9999.0 -9999.0 -9999.0 -9999.0 -9999.0 -9999.0 -9999.0 -9999.0 -9999.0 -9999.0 -9999.0 -9999.0 -9999.0 -9999.0 -9999.0 -9999.0 -9999.0 -9999.0 -9999.0 -9999.0 -9999.0 -9999.0 -9999.0 -9999.0 -9999.0 -9999.0 -9999.0 -9999.0 -9999.0 -9999.0 -9999.0 -9999.0 -9999.0 -9999.0 -9999.0 -9999.0 -9999.0 -9999.0 -9999.0 -9999.0 -9999.0 -9999.0 -9999.0 -9999.0 -9999.0 -9999.0 -9999.0 -9999.0 -9999.0 -9999.0 -9999.0 -9999.0 -9999.0 -9999.0 -9999.0 -9999.0 -9999.0 -9999.0 -9999.0
-9999.0 -9999.0 -9999.0 -9999.0 -9999.0 -9999.0 -9999.0 -9999.0 -9999.0 -9999.0 -9999.0 -9999.0 -9999.0 -9999.0 -9999.0 -9999.0 -9999.0 -9999.0 -9999.0 -9999.0 -9999.0 -9999.0 -9999.0 -9999.0 -9999.0 -9999.0 -9999.0 -9999.0 -9999.0 -9999.0 -9999.0 -9999.0 -9999.0 -9999.0 -9999.0 -9999.0 -9999.0 -9999.0 -9999.0 -9999.0 -9999.0 -9999.0 -9999.0 -9999.0 -9999.0 -9999.0 -9999.0 -9999.0 -9999.0 -9999.0 -9999.0 -9999.0 -9999.0 -9999.0 -9999.0 -9999.0 -9999.0 -9999.0 -9999.0 -9999.0 -9999.0 -9999.0 -9999.0 -9999.0 -9999.0 -9999.0 -9999.0 -9999.0 -9999.0 -9999.0 -9999.0 -9999.0 -9999.0 -9999.0 -9999.0 -9999.0 -9999.0 -9999.0 -9999.0 -9999.0
-9999.0 -9999.0 -9999.0 -9999.0 -9999.0 -9999.0 -9999.0 -9999.0 -9999.0 -9999.0 -9999.0 -9999.0 -9999.0 -9999.0 -9999.0 -9999.0 -9999.0 -9999.0 -9999.0 -9999.0 -532.721187 -531.755021 -533.529590 -535.475198 -537.183342 -537.466789 -535.599913 -533.567127 -531.191522 -530.809721 -532.943310 -532.329066 -533.216960 -533.785816 -533.901765 -533.316700 -533.018647 -532.277623 -531.845193 -532.144816 -532.766362 -533.169726 -533.638512 -533.565347 -532.802297 -533.801820 -532.380734 -531.069173 -530.660669 -530.525759 -532.149057 -532.743624 -532.929388 -534.634651 -531.571386 -530.832550 -528.772124 -528.653793 -528.134540 -530.437426 -532.699065 -9999.0 -9999.0 -9999.0 -9999.0 -9999.0 -9999.0 -9999.0 -9999.0 -9999.0 -9999.0 -9999.0 -9999.0 -9999.0 -9999.0 -9999.0 -9999.0 -9999.0 -9999.0 -9999.0
-9999.0 -9999.0 -9999.0 -9999.0 -9999.0 -9999.0 -9999.0 -9999.0 -9999.0 -9999.0 -9999.0 -9999.0 -9999.0 -9999.0 -535.352991 -536.417076 -536.932261 -537.383917 -535.708707 -534.506587 -534.672124 -535.777123 -534.749043 -536.767553 -538.590224 -537.501616 -536.132097 -535.204410 -533.433525 -532.003373 -533.457183 -533.818646 -533.107654 -530.397788 -529.313352 -529.953458 -533.368063 -530.208392 -528.800726 -527.883321 -528.007396 -529.567419 -527.512947 -525.107961 -526.418119 -528.967362 -528.386522 -527.027131 -524.665286 -525.587079 -533.447039 -533.916122 -533.356435 -533.008567 -534.059867 -534.893109 -531.840900 -532.407290 -532.815450 -533.056821 -534.523817 -537.191760 -538.452466 -535.517281 -533.202293 -528.091084 -9999.0 -9999.0 -9999.0 -9999.0 -9999.0 -9999.0 -9999.0 -9999.0 -9999.0 -9999.0 -9999.0 -9999.0 -9999.0 -9999.0
-9999.0 -9999.0 -9999.0 -9999.0 -9999.0 -9999.0 -9999.0 -9999.0 -9999.0 -536.678831 -537.045489 -536.788299 -537.591128 -536.719883 -538.444250 -538.115737 -538.516205 -537.384282 -536.645913 -535.185113 -532.994633 -534.810259 -535.069017 -533.864952 -533.822624 -533.540421 -532.818636 -529.410386 -525.660185 -519.080221 -525.055052 -525.283218 -522.146519 -509.474221 -498.603048 -495.662152 -501.075064 -501.180505 -494.248692 -485.877584 -486.561019 -487.473491 -478.319455 -473.029459 -468.923718 -477.365949 -485.085113 -486.398012 -474.772147 -493.697684 -509.525415 -523.320060 -522.326082 -526.409163 -530.761839 -532.212772 -532.966415 -529.467517 -530.628733 -533.468762 -535.757963 -534.625060 -536.061578 -534.679417 -533.977469 -530.182885 -526.868564 -523.504134 -523.337215 -525.543473 -9999.0 -9999.0 -9999.0 -9999.0 -9999.0 -9999.0 -9999.0 -9999.0 -9999.0 -9999.0
-9999.0 -9999.0 -9999.0 -9999.0 -9999.0 -9999.0 -538.100662 -538.310012 -537.798064 -539.967516 -538.687813 -539.797594 -538.900361 -538.626771 -538.143806 -538.331774 -536.923241 -535.825064 -533.853720 -531.166269 -528.577664 -530.345735 -529.737643 -525.864857 -516.845710 -508.401987 -503.581343 -494.891173 -464.255587 -426.837064 -398.792571 -378.456374 -328.212483 -309.741139 -277.634127 -210.900213 -281.111429 -293.451541 -285.258393 -261.198750 -182.444979 -182.068494 -177.230678 -170.465807 -144.815004 -149.184816 -257.317202 -275.527815 -279.365895 -281.965870 -304.546167 -332.587468 -439.565070 -472.958055 -499.456961 -513.051847 -515.892621 -514.661072 -519.947672 -526.811874 -530.685291 -530.401030 -531.047398 -532.635761 -531.876253 -530.441622 -528.084225 -526.532078 -527.651239 -529.062291 -529.931672 -532.497869 -532.029581 -529.507050 -9999.0 -9999.0 -9999.0 -9999.0 -9999.0 -9999.0
-9999.0 -9999.0 -9999.0 -9999.0 -541.052373 -540.154253 -542.988285 -541.499589 -540.446788 -539.745734 -540.036328 -538.710068 -538.565037 -537.738267 -535.774146 -534.458777 -531.768319 -529.940986 -523.887975 -508.973150 -494.731169 -486.167241 -482.036736 -441.837015 -328.419501 -302.296800 -295.522436 -284.399986 -255.910683 -137.080175 -111.223770 -135.148189 -87.528584 -92.321470 -23.977346 6.426741 -9.423477 -49.829895 -14.523037 -7.987146 15.050415 15.455832 16.275093 16.256811 18.176593 20.099302 1.581059 -62.780309 -39.022715 -81.180985 -63.336549 -123.086632 -227.065299 -259.441674 -272.058252 -293.170142 -324.889168 -366.957433 -459.562038 -484.499892 -504.839354 -512.551938 -519.595559 -522.569774 -526.863669 -525.942546 -524.567485 -526.661702 -529.254908 -531.708583 -531.742004 -532.770594 -534.199236 -530.823696 -529.875810 -526.362828 -9999.0 -9999.0 -9999.0 -9999.0
-9999.0 -9999.0 -540.925946 -541.094226 -538.797380 -540.493601 -541.475402 -542.903419 -542.548144 -540.476057 -536.603575 -535.418393 -533.088423 -532.069711 -526.095950 -508.684236 -488.625765 -471.800241 -413.294638 -321.422827 -292.694767 -270.945416 -193.193054 -178.505278 -114.475152 -69.338556 -46.563257 -26.425884 -5.116642 20.367792 46.483972 57.962165 67.551528 58.301271 60.512533 55.707520 56.619185 50.655483 35.459848 32.493490 40.084811 41.373132 45.558900 32.953314 29.424258 41.632280 44.136649 43.829623 47.331744 53.734837 65.776648 36.641121 -15.175303 -58.761190 -27.835774 -65.534093 -122.017704 -213.834187 -245.779689 -271.959584 -308.533952 -332.801664 -443.392927 -478.876812 -499.152881 -508.937710 -517.665351 -522.687555 -527.136642 -531.349343 -532.419875 -532.981992 -532.170000 -532.792029 -531.037963 -529.845218 -527.856234 -527.186588 -9999.0 -9999.0
-9999.0 -541.326651 -542.469208 -538.450217 -538.316761 -537.845019 -537.099656 -536.483825 -535.621858 -537.661733 -527.234881 -505.599158 -482.646912 -474.366488 -431.033876 -313.673808 -192.346239 -183.092776 -135.060048 -127.760613 -48.850310 -12.685345 10.894863 42.989106 67.496802 59.698741 58.817421 57.568441 47.575012 41.401244 30.677496 40.074558 37.275177 23.511475 11.230669 10.429507 8.079466 -17.430863 -39.204943 -51.593164 -45.729676 -25.776394 -35.003023 -55.290901 -58.876164 -39.770072 -24.405491 -66.534139 -44.329109 -56.751050 0.583083 15.961140 32.538189 45.451962 66.196113 43.709045 11.881468 -24.253910 -36.307090 -59.526340 -154.011441 -212.529659 -261.995746 -299.705512 -330.181503 -447.388254 -485.513171 -504.650259 -517.630762 -521.993524 -524.548111 -530.541653 -531.844254 -530.250283 -531.040061 -531.112793 -530.346231 -529.785031 -9999.0 -9999.0
-9999.0 -545.462244 -541.663787 -537.796758 -533.320082 -533.722284 -514.846186 -497.469177 -492.483144 -502.301059 -455.692843 -186.830824 -126.164670 -126.700856 -75.074353 -8.823960 31.119938 51.088931 66.555381 54.845600 50.821016 50.898686 47.465941 38.700131 24.776283 17.576688 17.201791 15.996620 0.164244 -15.510190 -31.163131 -30.076752 -44.095481 -75.700358 -104.238984 -115.664083 -125.925720 -210.837261 -250.253053 -270.133365 -277.390377 -262.861921 -270.355708 -281.712703 -284.108232 -270.123248 -246.242218 -250.151160 -239.184060 -210.343875 -168.771076 -94.109477 -75.731595 -77.526727 -19.372433 16.393249 34.602523 53.482538 60.543827 35.691498 -0.361216 -44.702048 -70.437181 -166.192166 -228.661749 -287.793335 -315.644261 -343.144210 -460.324361 -483.778899 -500.933984 -514.880862 -523.869446 -525.349623 -529.651572 -529.875583 -9999.0 -9999.0 -9999.0 -9999.0
-9999.0 -545.451879 -541.788374 -534.138805 -515.858143 -483.836064 -324.784304 -235.513531 -72.491116 -139.289972 -16.879847 51.597127 59.848584 42.467015 16.275998 12.517579 21.505849 23.783095 19.034456 10.468134 5.134707 -2.280363 -2.816730 -10.460289 -22.392561 -36.106363 -46.677039 -55.624271 -138.024326 -170.437741 -198.930809 -220.136126 -249.904938 -299.321953 -314.314436 -328.768066 -436.662689 -447.100783 -457.294928 -474.080043 -480.933641 -485.549445 -479.224490 -481.001608 -481.703242 -477.963349 -467.864657 -459.665479 -412.222276 -330.150188 -311.112492 -288.106949 -267.354170 -225.461470 -178.743149 -87.978520 -62.203602 -50.656594 5.081587 36.723751 57.328578 49.344218 21.781403 -10.906697 -66.742432 -165.677260 -204.468155 -250.646715 -294.523490 -316.811060 -336.329648 -445.287942 -486.879824 -512.416311 -518.362154 -9999.0 -9999.0 -9999.0 -9999.0 -9999.0
-9999.0 -551.009035 -541.213587 -535.062656 -500.111015 -319.070785 -246.858045 1.007874 50.218986 -16.708445 -134.797007 -59.496895 -26.786069 -27.392318 -50.847106 -59.032689 -66.220312 -66.798245 -54.764098 -79.202524 -122.987971 -159.130155 -165.085802 -182.339448 -212.815687 -234.772842 -247.766836 -261.676799 -290.992702 -311.221794 -359.631733 -424.864166 -476.943590 -498.771174 -509.472824 -519.101641 -527.656671 -527.354478 -524.632599 -526.835731 -529.119564 -531.716070 -528.667934 -527.383391 -526.039687 -527.818214 -527.546063 -523.562381 -516.776057 -508.387665 -494.534752 -475.002582 -445.923138 -333.234591 -316.108597 -292.857030 -267.136431 -220.729859 -128.115931 -42.581271 -16.450846 11.698784 47.145446 66.225598 27.957214 -6.123827 -55.829189 -81.432438 -194.076254 -242.767124 -263.862757 -291.628261 -318.205063 -9999.0 -9999.0 -9999.0 -9999.0 -9999.0 -9999.0 -9999.0
-9999.0 -554.271905 -543.392998 -542.117970 -530.645836 -504.378301 -451.405769 -311.552080 -182.983653 -291.137089 -298.157481 -286.653241 -271.498389 -258.307425 -272.810567 -289.421659 -300.143165 -297.365548 -295.412993 -305.449550 -316.031307 -321.629345 -323.389347 -342.212863 -414.405433 -439.316092 -449.467931 -464.605734 -481.119046 -497.788897 -518.359844 -526.589799 -532.074904 -533.688575 -534.907113 -536.266135 -539.353811 -537.499062 -536.165390 -536.493243 -537.477194 -538.292616 -535.991934 -535.327212 -534.628733 -536.894896 -535.460010 -534.394836 -531.746851 -529.121157 -525.206331 -519.075088 -510.498045 -503.550898 -496.867656 -485.700538 -466.694759 -377.864961 -307.538308 -245.795408 -175.394303 -92.262767 -46.453158 -13.587678 6.020787 15.402886 24.476238 7.234918 -31.102782 -165.087184 -207.045518 -9999.0 -9999.0 -9999.0 -9999.0 -9999.0 -9999.0 -9999.0 -9999.0 -9999.0
-9999.0 -9999.0 -556.430271 -551.999713 -548.097049 -544.505525 -539.440756 -531.934698 -527.100257 -519.845441 -508.895976 -495.605936 -486.308124 -481.619254 -487.994736 -499.985662 -506.356714 -505.724363 -507.377312 -510.670376 -516.725664 -519.313335 -520.918674 -522.164045 -524.463810 -525.342004 -525.650619 -526.319453 -527.881155 -531.658670 -534.841029 -536.896012 -539.382865 -539.012137 -539.322452 -540.231014 -539.326401 -539.535415 -539.294270 -539.465199 -539.262366 -538.858975 -538.429930 -537.792170 -537.847975 -537.684213 -537.515291 -536.867154 -535.887886 -534.646716 -531.955357 -527.783579 -524.571859 -523.853380 -525.761572 -525.176290 -522.706599 -516.547371 -492.165224 -439.993409 -322.330693 -284.293063 -223.947943 -169.888037 -113.561602 -96.420807 -39.662726 5.460808 3.965986 -55.147385 -9999.0 -9999.0 -9999.0 -9999.0 -9999.0 -9999.0 -9999.0 -9999.0 -9999.0 -9999.0
-9999.0 -9999.0 -9999.0 -9999.0 -558.178914 -552.050302 -546.421314 -547.135929 -543.280110 -541.240038 -539.446881 -537.210867 -535.397044 -534.088231 -535.980867 -536.342340 -536.630063 -536.257426 -536.578468 -537.057307 -537.257771 -537.512061 -537.707636 -538.106664 -537.912785 -537.499813 -537.354102 -538.028241 -537.863811 -539.167728 -539.177078 -539.820902 -540.467350 -541.324034 -541.052774 -541.140629 -540.695743 -541.148000 -540.460118 -540.939148 -540.465885 -540.302763 -539.770272 -538.854707 -539.372759 -538.842237 -538.888385 -538.222909 -538.183364 -536.528010 -533.734900 -530.434018 -528.177834 -528.358616 -531.540028 -532.706189 -533.512650 -531.628264 -528.516338 -521.172425 -497.900986 -470.668707 -375.642725 -317.160330 -299.385748 -272.459646 -210.133724 -106.334289 -9999.0 -9999.0 -9999.0 -9999.0 -9999.0 -9999.0 -9999.0 -9999.0 -9999.0 -9999.0 -9999.0 -9999.0
-9999.0 -9999.0 -9999.0 -9999.0 -9999.0 -9999.0 -555.554010 -552.539380 -553.467304 -551.391040 -549.631858 -548.294100 -546.055963 -546.547190 -545.935700 -544.034169 -544.308661 -545.172609 -546.289969 -544.589259 -543.882690 -543.666721 -545.494392 -544.938983 -544.763701 -544.048484 -544.122747 -543.760581 -545.339261 -543.393769 -542.439105 -542.716169 -542.975982 -542.550483 -542.945840 -541.718761 -541.572669 -542.539159 -542.837487 -541.487457 -541.162723 -541.434450 -541.256993 -540.436728 -539.168405 -539.049801 -539.720539 -540.686753 -539.505063 -536.731675 -533.733868 -531.136988 -529.423628 -528.736654 -531.271772 -534.759663 -536.497011 -536.849965 -535.626982 -533.257872 -526.780032 -522.261041 -518.251449 -510.970800 -503.865045 -467.407996 -9999.0 -9999.0 -9999.0 -9999.0 -9999.0 -9999.0 -9999.0 -9999.0 -9999.0 -9999.0 -9999.0 -9999.0 -9999.0 -9999.0
-9999.0 -9999.0 -9999.0 -9999.0 -9999.0 -9999.0 -9999.0 -9999.0 -9999.0 -9999.0 -9999.0 -9999.0 -9999.0 -9999.0 -9999.0 -9999.0 -9999.0 -9999.0 -9999.0 -9999.0 -9999.0 -9999.0 -9999.0 -9999.0 -9999.0 -9999.0 -9999.0 -9999.0 -9999.0 -9999.0 -9999.0 -9999.0 -9999.0 -9999.0 -9999.0 -9999.0 -9999.0 -9999.0 -9999.0 -9999.0 -9999.0 -9999.0 -9999.0 -9999.0 -9999.0 -9999.0 -9999.0 -9999.0 -9999.0 -9999.0 -9999.0 -9999.0 -9999.0 -9999.0 -9999.0 -9999.0 -9999.0 -9999.0 -9999.0 -9999.0 -9999.0 -9999.0 -9999.0 -9999.0 -9999.0 -9999.0 -9999.0 -9999.0 -9999.0 -9999.0 -9999.0 -9999.0 -9999.0 -9999.0 -9999.0 -9999.0 -9999.0 -9999.0 -9999.0 -9999.0
-9999.0 -9999.0 -9999.0 -9999.0 -9999.0 -9999.0 -9999.0 -9999.0 -9999.0 -9999.0 -9999.0 -9999.0 -9999.0 -9999.0 -9999.0 -9999.0 -9999.0 -9999.0 -9999.0 -9999.0 -9999.0 -9999.0 -9999.0 -9999.0 -9999.0 -9999.0 -9999.0 -9999.0 -9999.0 -9999.0 -9999.0 -9999.0 -9999.0 -9999.0 -9999.0 -9999.0 -9999.0 -9999.0 -9999.0 -9999.0 -9999.0 -9999.0 -9999.0 -9999.0 -9999.0 -9999.0 -9999.0 -9999.0 -9999.0 -9999.0 -9999.0 -9999.0 -9999.0 -9999.0 -9999.0 -9999.0 -9999.0 -9999.0 -9999.0 -9999.0 -9999.0 -9999.0 -9999.0 -9999.0 -9999.0 -9999.0 -9999.0 -9999.0 -9999.0 -9999.0 -9999.0 -9999.0 -9999.0 -9999.0 -9999.0 -9999.0 -9999.0 -9999.0 -9999.0 -9999.0