Borden_/Borden1m_014/output_maps/psiliqL0021N0037.asc
ncols         80
nrows         18
xllcorner     620200.000000
yllcorner     5168000.000000
cellsize      1.000000
NODATA_value  -9999.0
-9999.0 -9999.0 -9999.0 -9999.0 -9999.0 -9999.0 -9999.0 -9999.0 -9999.0 -9999.0 -9999.0 -9999.0 -9999.0 -9999.0 -9999.0 -9999.0 -9999.0 -9999.0 -9999.0 -9999.0 -9999.0 -9999.0 -9999.0 -9999.0 -9999.0 -9999.0 -9999.0 -9999.0 -9999.0 -9999.0 -9999.0 -9999.0 -9999.0 -9999.0 -9999.0 -9999.0 -9999.0 -9999.0 -9999.0 -9999.0 -9999.0 -9999.0 -9999.0 -9999.0 -9999.0 -9999.0 -9999.0 -9999.0 -9999.0 -9999.0 -9999.0 -9999.0 -9999.0 -9999.0 -9999.0 -9999.0 -9999.0 -9999.0 -9999.0 -9999.0 -9999.0 -9999.0 -9999.0 -9999.0 -9999.0 -9999.0 -9999.0 -9999.0 -9999.0 -9999.0 -9999.0 -9999.0 -9999.0 -9999.0 -9999.0 -9999.0 -9999.0 -9999.0 -9999.0 -9999.0
-9999.0 -9999.0 -9999.0 -9999.0 -9999.0 -9999.0 -9999.0 -9999.0 -9999.0 -9999.0 -9999.0 -9999.0 -9999.0 -9999.0 -9999.0 -9999.0 -9999.0 -9999.0 -9999.0 -9999.0 -9999.0 -9999.0 -9999.0 -9999.0 -9999.0 -9999.0 -9999.0 -9999.0 -9999.0 -9999.0 -9999.0 -9999.0 -9999.0 -9999.0 -9999.0 -9999.0 -9999.0 -9999.0 -9999.0 -9999.0 -9999.0 -9999.0 -9999.0 -9999.0 -9999.0 -9999.0 -9999.0 -9999.0 -9999.0 -9999.0 -9999.0 -9999.0 -9999.0 -9999.0 -9999.0 -9999.0 -9999.0 -9999.0 -9999.0 -9999.0 -9999.0 -9999.0 -9999.0 -9999.0 -9999.0 -9999.0 -9999.0 -9999.0 -9999.0 -9999.0 -9999.0 -9999.0 -9999.0 -9999.0 -9999.0 -9999.0 -9999.0 -9999.0 -9999.0 -9999.0
-9999.0 -9999.0 -9999.0 -9999.0 -9999.0 -9999.0 -9999.0 -9999.0 -9999.0 -9999.0 -9999.0 -9999.0 -9999.0 -9999.0 -9999.0 -9999.0 -9999.0 -9999.0 -9999.0 -9999.0 2357.778983 2360.233894 2339.739388 2307.519402 2281.375938 2285.523529 2321.381457 2364.505732 2405.514074 2416.283307 2399.895620 2405.119920 2402.306041 2400.395510 2402.899614 2411.717098 2419.094448 2430.671542 2439.866955 2440.170854 2435.106239 2431.463438 2433.916642 2436.286300 2441.719595 2427.678466 2441.267167 2454.796864 2457.027627 2450.277066 2422.103953 2405.618921 2393.999189 2375.315993 2398.061888 2407.107879 2427.011254 2428.757140 2424.738063 2396.514766 2365.555387 -9999.0 -9999.0 -9999.0 -9999.0 -9999.0 -9999.0 -9999.0 -9999.0 -9999.0 -9999.0 -9999.0 -9999.0 -9999.0 -9999.0 -9999.0 -9999.0 -9999.0 -9999.0 -9999.0
-9999.0 -9999.0 -9999.0 -9999.0 -9999.0 -9999.0 -9999.0 -9999.0 -9999.0 -9999.0 -9999.0 -9999.0 -9999.0 -9999.0 2262.814460 2254.944256 2253.909372 2263.607979 2298.321318 2329.863897 2341.851582 2335.691258 2337.190389 2314.817471 2295.030356 2310.516863 2342.417948 2375.406223 2411.478436 2432.338703 2423.488929 2423.079043 2432.869487 2456.705895 2468.036746 2466.052769 2448.744977 2474.670684 2490.817650 2498.904506 2499.483963 2491.758495 2502.783835 2517.486552 2509.944797 2492.868970 2499.992860 2511.483622 2520.023791 2506.449588 2442.308743 2424.109105 2417.150102 2408.947709 2392.597337 2385.284787 2409.835270 2406.558772 2396.426156 2376.999955 2342.538600 2296.950044 2276.438905 2314.143074 2355.846365 2410.542468 -9999.0 -9999.0 -9999.0 -9999.0 -9999.0 -9999.0 -9999.0 -9999.0 -9999.0 -9999.0 -9999.0 -9999.0 -9999.0 -9999.0
-9999.0 -9999.0 -9999.0 -9999.0 -9999.0 -9999.0 -9999.0 -9999.0 -9999.0 2199.838121 2206.353547 2215.262382 2219.808681 2237.103704 2235.375403 2244.212438 2251.673144 2281.053296 2313.213961 2349.206723 2378.262550 2371.499562 2372.598794 2380.952449 2381.361146 2393.433654 2417.064517 2458.877968 2495.174038 2535.151796 2506.177147 2504.522743 2524.437815 2569.395553 2597.382389 2602.191054 2585.122544 2600.379184 2626.542703 2647.036028 2647.008614 2644.075801 2668.745927 2683.223645 2679.342369 2657.436872 2651.447282 2653.830652 2678.580034 2624.747979 2555.644117 2509.232418 2516.944450 2489.946165 2456.338821 2437.761463 2434.239173 2452.070916 2436.037170 2397.624797 2361.147954 2347.472680 2327.838581 2344.570332 2364.836847 2408.232631 2445.232040 2471.721611 2468.726545 2449.707532 -9999.0 -9999.0 -9999.0 -9999.0 -9999.0 -9999.0 -9999.0 -9999.0 -9999.0 -9999.0
-9999.0 -9999.0 -9999.0 -9999.0 -9999.0 -9999.0 2118.029096 2129.527949 2151.943923 2157.034731 2185.053327 2193.405445 2215.679579 2236.376660 2260.471098 2277.470896 2307.365088 2341.163866 2381.203010 2423.591954 2456.572195 2449.948154 2460.841857 2486.087471 2520.165722 2545.972021 2572.657471 2614.271978 2690.893605 2732.470792 2733.721975 2738.266085 2748.666630 2799.334595 2863.711555 2875.438230 2856.051607 2844.148965 2868.515048 2907.863969 2911.666313 2913.649783 2832.010136 2840.968927 2867.329105 2858.581123 2911.505177 2900.158189 2901.612423 2878.731675 2810.031594 2747.010940 2718.285178 2665.272746 2581.345394 2530.686323 2543.961017 2564.374407 2536.297084 2482.506844 2442.256524 2431.185296 2414.888359 2401.807871 2408.361912 2426.054377 2445.467262 2454.422619 2438.695381 2414.985352 2390.604635 2360.445704 2361.342135 2385.502902 -9999.0 -9999.0 -9999.0 -9999.0 -9999.0 -9999.0
-9999.0 -9999.0 -9999.0 -9999.0 2065.757326 2080.069913 2068.246347 2096.224900 2131.053803 2167.533481 2199.596783 2236.888188 2265.280104 2296.902390 2336.014473 2366.458408 2406.010629 2441.153567 2494.906639 2562.507573 2613.276557 2634.297534 2648.777516 2705.977051 2767.158726 2819.402449 2842.239898 2871.754849 2829.521598 2885.241126 2909.154033 2913.710106 2931.235469 2971.510559 3023.894177 3021.692050 3004.227410 2995.966364 3004.269404 3017.042847 3039.222814 3039.423043 3039.281896 3042.540677 3048.980105 3048.024478 3024.480432 2992.434567 3016.268168 3006.554245 2971.840048 2901.141031 2867.369407 2839.886896 2883.567854 2827.417786 2769.681266 2760.120968 2700.882476 2640.766196 2581.692144 2563.437240 2534.208883 2509.676047 2483.161634 2485.577182 2488.169488 2465.431542 2429.723701 2395.094016 2378.453473 2358.244842 2345.422228 2374.793957 2391.310041 2420.343374 -9999.0 -9999.0 -9999.0 -9999.0
-9999.0 -9999.0 2003.643055 2051.516862 2110.390639 2119.962969 2119.113435 2126.475443 2157.326313 2211.583954 2283.770250 2330.027634 2368.584736 2404.641651 2464.527157 2536.976763 2605.685225 2652.901718 2717.994272 2791.702132 2855.742605 2887.669464 2903.339727 2851.584080 2904.562095 2970.609902 2998.247602 3024.187620 3015.296465 3048.618393 3048.059923 3059.957674 3070.788935 3079.645354 3090.984115 3095.585130 3091.372350 3086.903341 3069.334427 3064.798256 3071.414117 3077.565046 3078.121449 3064.006672 3060.094779 3074.554342 3079.327689 3077.875353 3077.334992 3082.420178 3081.080238 3036.831404 3011.676245 2998.036346 3026.156780 2980.989491 2915.343983 2879.658760 2860.243230 2898.863971 2819.572968 2771.255660 2722.019617 2677.184675 2625.050914 2597.925212 2552.396605 2509.213959 2461.009193 2412.940245 2388.064022 2369.827267 2366.701442 2365.290589 2380.962860 2395.152123 2409.744327 2417.118318 -9999.0 -9999.0
-9999.0 1895.857083 1968.091392 2093.054047 2174.010358 2217.499007 2239.870437 2255.847616 2287.501738 2322.534797 2420.906441 2492.241407 2582.149533 2624.391037 2673.962342 2772.924329 2871.401409 2833.842656 2871.084448 2931.536808 2994.395879 3004.268625 3029.339014 3019.397970 3055.593405 3077.800074 3083.530030 3088.777017 3086.336084 3078.016416 3070.686483 3077.566560 3075.475522 3056.975587 3041.519603 3039.902001 3036.530956 3014.402163 3024.930045 3010.154889 3012.919766 2999.419501 3023.288454 3003.699387 2999.609204 3019.627099 3002.395555 2992.341182 3018.046875 2996.082197 3029.157760 3051.976947 3056.610930 3074.240856 3095.077773 3067.491970 3043.509486 3002.312193 3024.283523 2999.281840 2942.652291 2886.520818 2837.544676 2856.572632 2790.959738 2726.511094 2662.938663 2598.861106 2533.152689 2491.354032 2460.543596 2412.390524 2394.080752 2396.697133 2388.104173 2384.514037 2389.283221 2395.041789 -9999.0 -9999.0
-9999.0 1806.282781 1947.243468 2129.219558 2277.229452 2329.429555 2412.316308 2483.628019 2509.607488 2471.782340 2581.195024 2805.174412 2850.873666 2866.732213 2939.362149 2997.222033 2992.577719 3021.146649 3042.522725 3060.767347 3075.582968 3086.774288 3084.484858 3078.650933 3062.843041 3055.043629 3054.942242 3052.979801 3036.141675 3017.615381 3001.038552 2998.846297 3019.390287 2973.596132 2940.273439 2922.841933 2905.454649 2889.881531 2861.560242 2836.956005 2905.111053 2833.480629 2830.358140 2899.302357 2895.493480 2831.034123 2860.397702 2857.446262 2868.359898 2888.184970 2925.095686 2963.266519 2982.583863 3011.717627 3007.122480 3051.762700 3062.835503 3084.771061 3088.404543 3074.742020 3031.008219 3020.462562 2989.951220 2933.928049 2871.969681 2866.134193 2799.634862 2735.187352 2663.765801 2618.657786 2573.387773 2517.623146 2469.179689 2453.365950 2415.454426 2397.637323 -9999.0 -9999.0 -9999.0 -9999.0
-9999.0 1713.928677 1897.382584 2145.588358 2434.876047 2527.220485 2735.658844 2820.588483 2864.304683 2930.700768 2851.840975 3002.034666 3043.450071 3036.288286 3043.347089 3044.818172 3058.197562 3058.350537 3053.481467 3042.993476 3034.046220 3029.953810 3028.726438 3020.938375 3008.572728 2994.825522 3021.576009 3010.080727 2974.508223 2942.107267 2904.171609 2890.650569 2850.751059 2838.910003 2795.379763 2754.879888 2693.362745 2690.201008 2690.434297 2661.967668 2643.668083 2616.893930 2643.294932 2653.868435 2657.891093 2655.555664 2669.021139 2699.093857 2748.031804 2786.251188 2831.065938 2884.595384 2833.101046 2872.482563 2913.935125 2967.157500 2997.625657 3027.000480 3033.499819 3069.507701 3091.201757 3079.330303 3058.318761 3016.673825 2992.899229 2940.451148 2905.888632 2850.044848 2811.796956 2760.044955 2713.609122 2663.938317 2601.843482 2537.138552 2498.663908 -9999.0 -9999.0 -9999.0 -9999.0 -9999.0
-9999.0 1509.437571 1775.126987 2051.052752 2344.139135 2684.404602 2812.327774 2916.349263 2980.682945 2956.013487 2971.769025 2983.079138 2989.854471 2995.884915 3007.867184 2997.526973 2982.568422 2981.879925 2994.883188 2968.368023 2939.008245 2925.891808 2926.136463 2914.893561 2891.362510 2875.768372 2866.284389 2848.647172 2881.719045 2828.117138 2741.885587 2705.819709 2623.902600 2577.341870 2535.269085 2484.788069 2434.652732 2435.948999 2457.083262 2445.330883 2423.957337 2406.129563 2434.480406 2455.555817 2469.083903 2455.560977 2464.128120 2499.573133 2549.335712 2594.233459 2643.818120 2700.178006 2746.052161 2792.739899 2822.709350 2870.749717 2830.443584 2872.536839 2942.780708 3018.558914 3013.253144 3045.961484 3076.648832 3096.923819 3055.228856 3026.426302 3002.662632 2995.255416 2942.867027 2896.678451 2858.154770 2798.526108 2752.864251 -9999.0 -9999.0 -9999.0 -9999.0 -9999.0 -9999.0 -9999.0
-9999.0 1391.213550 1595.528654 1803.609968 2069.035559 2305.022724 2519.788048 2622.950194 2704.935263 2766.338289 2816.735783 2857.010596 2821.347911 2842.349821 2822.237524 2854.445058 2824.360106 2829.044441 2821.881537 2798.934249 2769.607491 2754.849377 2751.223165 2744.528098 2720.928863 2707.490881 2697.047772 2672.937228 2643.510866 2587.327381 2509.820186 2433.776522 2375.846456 2349.404627 2321.936165 2290.983309 2259.566262 2270.339619 2281.700963 2280.355862 2272.054247 2270.813442 2299.840160 2319.102821 2329.255194 2318.780275 2338.381673 2364.324913 2405.153075 2449.453103 2498.987150 2553.576616 2607.517094 2635.439050 2646.778275 2668.251742 2705.682933 2758.352486 2843.154809 2847.357959 2921.818631 2967.897667 3016.962422 3015.702913 3040.645956 3068.265812 3085.101180 3072.840467 3044.862831 3013.882672 2966.236249 -9999.0 -9999.0 -9999.0 -9999.0 -9999.0 -9999.0 -9999.0 -9999.0 -9999.0
-9999.0 -9999.0 1366.674229 1530.122109 1645.468908 1815.941039 1962.726934 2072.977640 2171.401585 2304.182005 2421.994135 2514.914421 2561.676084 2580.390977 2568.491000 2540.835710 2522.474188 2522.201291 2510.801836 2501.821071 2484.124048 2476.634589 2463.358877 2454.736344 2447.130137 2443.284279 2438.535214 2428.371670 2407.928063 2362.398115 2318.440233 2269.613899 2218.431025 2193.725638 2172.628298 2152.525339 2153.334082 2148.196052 2153.195992 2155.307425 2163.606729 2177.051117 2196.812951 2219.520030 2229.630071 2239.783928 2252.238127 2275.939781 2308.796374 2351.391127 2406.014532 2465.343511 2506.245544 2519.257264 2508.802331 2512.050831 2528.813135 2568.233482 2643.787944 2724.754116 2821.178934 2892.217707 2873.877456 2926.697301 2950.424481 2980.535599 3015.478768 3057.805556 3087.582638 3067.895825 -9999.0 -9999.0 -9999.0 -9999.0 -9999.0 -9999.0 -9999.0 -9999.0 -9999.0 -9999.0
-9999.0 -9999.0 -9999.0 -9999.0 1390.656694 1541.441172 1639.314781 1721.257816 1853.984686 1981.268081 2086.350770 2173.317660 2240.483743 2268.696306 2268.696313 2281.030914 2278.764338 2271.003234 2260.382874 2261.972623 2263.453405 2256.158762 2240.263670 2233.120972 2235.139120 2241.077255 2238.341141 2224.542818 2205.907303 2186.866398 2169.511798 2136.395299 2101.877610 2073.019686 2059.958549 2055.188522 2054.769803 2047.058595 2055.366281 2063.449986 2079.005862 2094.175397 2117.801989 2147.148498 2161.655806 2176.813449 2186.565536 2206.838734 2237.645192 2291.518267 2355.745849 2414.581200 2452.367322 2457.702734 2434.100667 2418.512488 2413.835624 2440.288688 2482.447355 2545.156314 2644.252595 2716.116840 2767.385454 2807.138633 2836.660339 2825.855007 2904.634800 2972.864526 -9999.0 -9999.0 -9999.0 -9999.0 -9999.0 -9999.0 -9999.0 -9999.0 -9999.0 -9999.0 -9999.0 -9999.0
-9999.0 -9999.0 -9999.0 -9999.0 -9999.0 -9999.0 1360.068907 1464.303365 1538.480354 1685.433169 1824.798442 1930.677118 2013.878908 2048.967515 2080.314131 2109.644625 2109.361440 2090.031819 2069.343636 2089.332623 2105.576099 2099.114485 2067.782579 2068.132369 2073.818618 2081.531366 2078.806142 2072.283865 2047.066324 2060.783047 2062.927450 2039.658451 2013.762395 2000.276544 1988.340823 1997.835702 1997.760679 1983.538908 1983.095850 2010.398216 2031.049877 2044.038329 2065.451600 2098.728509 2131.369248 2147.189569 2148.819117 2154.837451 2193.901612 2264.373382 2337.181595 2393.994678 2427.904618 2437.015925 2411.484807 2372.041212 2352.229432 2359.136357 2392.803710 2442.859098 2516.254642 2562.007858 2581.876050 2588.330843 2600.577126 2690.656465 -9999.0 -9999.0 -9999.0 -9999.0 -9999.0 -9999.0 -9999.0 -9999.0 -9999.0 -9999.0 -9999.0 -9999.0 -9999.0 -9999.0
-9999.0 -9999.0 -9999.0 -9999.0 -9999.0 -9999.0 -9999.0 -9999.0 -9999.0 -9999.0 -9999.0 -9999.0 -9999.0 -9999.0 -9999.0 -9999.0 -9999.0 -9999.0 -9999.0 -9999.0 -9999.0 -9999.0 -9999.0 -9999.0 -9999.0 -9999.0 -9999.0 -9999.0 -9999.0 -9999.0 -9999.0 -9999.0 -9999.0 -9999.0 -9999.0 -9999.0 -9999.0 -9999.0 -9999.0 -9999.0 -9999.0 -9999.0 -9999.0 -9999.0 -9999.0 -9999.0 -9999.0 -9999.0 -9999.0 -9999.0 -9999.0 -9999.0 -9999.0 -9999.0 -9999.0 -9999.0 -9999.0 -9999.0 -9999.0 -9999.0 -9999.0 -9999.0 -9999.0 -9999.0 -9999.0 -9999.0 -9999.0 -9999.0 -9999.0 -9999.0 -9999.0 -9999.0 -9999.0 -9999.0 -9999.0 -9999.0 -9999.0 -9999.0 -9999.0 -9999.0
-9999.0 -9999.0 -9999.0 -9999.0 -9999.0 -9999.0 -9999.0 -9999.0 -9999.0 -9999.0 -9999.0 -9999.0 -9999.0 -9999.0 -9999.0 -9999.0 -9999.0 -9999.0 -9999.0 -9999.0 -9999.0 -9999.0 -9999.0 -9999.0 -9999.0 -9999.0 -9999.0 -9999.0 -9999.0 -9999.0 -9999.0 -9999.0 -9999.0 -9999.0 -9999.0 -9999.0 -9999.0 -9999.0 -9999.0 -9999.0 -9999.0 -9999.0 -9999.0 -9999.0 -9999.0 -9999.0 -9999.0 -9999.0 -9999.0 -9999.0 -9999.0 -9999.0 -9999.0 -9999.0 -9999.0 -9999.0 -9999.0 -9999.0 -9999.0 -9999.0 -9999.0 -9999.0 -9999.0 -9999.0 -9999.0 -9999.0 -9999.0 -9999.0 -9999.0 -9999.0 -9999.0 -9999.0 -9999.0 -9999.0 -9999.0 -9999.0 -9999.0 -9999.0 -9999.0 -9999.0