Borden_/Borden1m_014/output_maps/psiliqL0021N0024.asc
ncols         80
nrows         18
xllcorner     620200.000000
yllcorner     5168000.000000
cellsize      1.000000
NODATA_value  -9999.0
-9999.0 -9999.0 -9999.0 -9999.0 -9999.0 -9999.0 -9999.0 -9999.0 -9999.0 -9999.0 -9999.0 -9999.0 -9999.0 -9999.0 -9999.0 -9999.0 -9999.0 -9999.0 -9999.0 -9999.0 -9999.0 -9999.0 -9999.0 -9999.0 -9999.0 -9999.0 -9999.0 -9999.0 -9999.0 -9999.0 -9999.0 -9999.0 -9999.0 -9999.0 -9999.0 -9999.0 -9999.0 -9999.0 -9999.0 -9999.0 -9999.0 -9999.0 -9999.0 -9999.0 -9999.0 -9999.0 -9999.0 -9999.0 -9999.0 -9999.0 -9999.0 -9999.0 -9999.0 -9999.0 -9999.0 -9999.0 -9999.0 -9999.0 -9999.0 -9999.0 -9999.0 -9999.0 -9999.0 -9999.0 -9999.0 -9999.0 -9999.0 -9999.0 -9999.0 -9999.0 -9999.0 -9999.0 -9999.0 -9999.0 -9999.0 -9999.0 -9999.0 -9999.0 -9999.0 -9999.0
-9999.0 -9999.0 -9999.0 -9999.0 -9999.0 -9999.0 -9999.0 -9999.0 -9999.0 -9999.0 -9999.0 -9999.0 -9999.0 -9999.0 -9999.0 -9999.0 -9999.0 -9999.0 -9999.0 -9999.0 -9999.0 -9999.0 -9999.0 -9999.0 -9999.0 -9999.0 -9999.0 -9999.0 -9999.0 -9999.0 -9999.0 -9999.0 -9999.0 -9999.0 -9999.0 -9999.0 -9999.0 -9999.0 -9999.0 -9999.0 -9999.0 -9999.0 -9999.0 -9999.0 -9999.0 -9999.0 -9999.0 -9999.0 -9999.0 -9999.0 -9999.0 -9999.0 -9999.0 -9999.0 -9999.0 -9999.0 -9999.0 -9999.0 -9999.0 -9999.0 -9999.0 -9999.0 -9999.0 -9999.0 -9999.0 -9999.0 -9999.0 -9999.0 -9999.0 -9999.0 -9999.0 -9999.0 -9999.0 -9999.0 -9999.0 -9999.0 -9999.0 -9999.0 -9999.0 -9999.0
-9999.0 -9999.0 -9999.0 -9999.0 -9999.0 -9999.0 -9999.0 -9999.0 -9999.0 -9999.0 -9999.0 -9999.0 -9999.0 -9999.0 -9999.0 -9999.0 -9999.0 -9999.0 -9999.0 -9999.0 2354.943982 2357.396024 2336.903525 2304.677502 2278.492721 2282.553951 2318.305074 2361.352965 2402.364304 2413.215743 2396.936890 2402.212742 2399.315441 2397.135764 2399.230164 2407.507146 2414.203005 2424.965041 2433.319225 2432.863666 2427.212826 2423.205650 2425.510600 2427.900359 2433.462921 2419.636590 2433.556721 2447.641415 2450.588347 2444.662788 2417.351555 2401.487467 2390.314469 2371.947406 2394.956924 2404.249463 2424.392172 2426.332275 2422.480306 2394.413785 2363.561615 -9999.0 -9999.0 -9999.0 -9999.0 -9999.0 -9999.0 -9999.0 -9999.0 -9999.0 -9999.0 -9999.0 -9999.0 -9999.0 -9999.0 -9999.0 -9999.0 -9999.0 -9999.0 -9999.0
-9999.0 -9999.0 -9999.0 -9999.0 -9999.0 -9999.0 -9999.0 -9999.0 -9999.0 -9999.0 -9999.0 -9999.0 -9999.0 -9999.0 2260.078406 2252.142458 2251.018283 2260.631448 2295.269567 2326.758586 2338.778903 2332.622567 2334.155737 2311.827385 2292.039030 2307.447734 2339.234715 2372.161783 2408.305058 2429.356498 2420.733563 2420.478348 2430.262926 2453.883126 2464.801417 2462.235389 2444.115570 2469.088554 2484.237783 2491.441882 2491.366955 2483.268778 2494.180897 2508.957765 2501.566367 2484.687686 2492.159808 2504.229250 2513.565394 2500.896345 2437.683092 2420.129360 2413.564572 2405.603420 2389.479811 2382.434150 2407.227974 2404.132203 2394.144661 2374.872017 2340.583461 2295.211541 2274.915147 2312.820399 2354.700389 2409.542305 -9999.0 -9999.0 -9999.0 -9999.0 -9999.0 -9999.0 -9999.0 -9999.0 -9999.0 -9999.0 -9999.0 -9999.0 -9999.0 -9999.0
-9999.0 -9999.0 -9999.0 -9999.0 -9999.0 -9999.0 -9999.0 -9999.0 -9999.0 2197.682610 2204.037675 2212.730430 2217.065493 2234.207752 2232.424546 2241.167771 2248.531436 2277.838606 2309.933546 2345.841684 2374.833008 2368.058421 2369.273556 2377.804751 2378.322787 2390.349250 2413.857151 2455.641526 2492.161805 2532.593384 2504.115316 2502.848461 2522.919076 2567.740730 2595.363494 2599.568215 2581.504161 2595.539796 2620.457493 2639.893886 2639.126973 2635.812168 2660.352228 2674.971835 2671.257022 2649.502527 2643.906608 2646.919075 2672.595523 2619.769911 2551.657929 2505.911207 2513.841531 2486.880428 2453.385664 2435.083549 2431.813767 2449.805175 2433.830348 2395.519159 2359.227375 2345.782853 2326.376115 2343.323434 2363.812366 2407.495263 2444.922619 2471.788981 2469.101586 2450.278549 -9999.0 -9999.0 -9999.0 -9999.0 -9999.0 -9999.0 -9999.0 -9999.0 -9999.0 -9999.0
-9999.0 -9999.0 -9999.0 -9999.0 -9999.0 -9999.0 2116.529810 2127.837983 2149.981038 2154.794954 2182.536209 2190.612860 2212.629764 2233.146672 2257.121348 2273.999122 2303.805429 2337.598364 2377.653306 2419.970459 2452.814797 2446.216877 2457.386100 2483.093759 2517.545160 2543.400721 2569.958535 2611.589281 2688.677920 2731.096596 2733.215025 2738.478381 2749.322854 2800.107347 2864.360036 2875.506446 2854.887397 2841.436836 2864.270781 2902.385466 2905.390382 2907.002320 2820.112585 2829.253576 2855.728963 2847.067338 2905.482260 2894.745929 2897.311163 2875.556239 2807.861437 2745.349083 2716.450553 2662.984307 2579.089688 2528.729412 2542.310898 2562.778143 2534.556144 2480.731040 2440.617438 2429.780112 2413.701330 2400.827582 2407.648869 2425.732413 2445.596945 2454.998033 2439.636225 2416.202089 2392.171411 2361.986022 2362.715313 2386.707675 -9999.0 -9999.0 -9999.0 -9999.0 -9999.0 -9999.0
-9999.0 -9999.0 -9999.0 -9999.0 2064.706975 2078.860231 2066.774336 2094.445882 2128.915600 2165.021393 2196.707974 2233.602969 2261.697170 2293.162742 2332.204137 2362.556772 2402.091396 2437.412542 2491.435355 2559.122001 2609.803160 2630.896131 2645.851660 2703.976990 2765.962577 2818.444596 2841.167616 2870.631617 2818.369025 2873.711660 2897.198876 2901.542831 2919.027322 2959.361005 3011.942348 3016.194460 2998.996046 2990.729880 2999.004064 3011.731508 3033.857071 3034.014608 3034.122144 3037.374456 3043.818939 3042.883102 3019.121517 2986.850967 3004.653720 2994.999917 2960.465782 2890.027902 2856.698417 2829.458533 2882.989343 2827.226592 2769.848810 2760.188909 2700.460451 2640.027390 2581.036589 2563.019817 2533.936508 2509.541366 2483.376459 2486.242221 2489.388522 2467.235749 2431.935936 2397.482170 2380.829720 2360.374793 2347.190708 2376.180297 2392.338264 2421.125678 -9999.0 -9999.0 -9999.0 -9999.0
-9999.0 -9999.0 2002.932638 2050.707104 2109.399400 2118.752010 2117.595190 2124.543069 2154.922303 2208.709876 2280.397821 2326.191294 2364.455789 2400.491504 2460.507729 2533.021372 2601.894618 2649.583769 2715.576606 2789.788227 2853.905070 2885.832375 2901.942613 2839.950234 2892.845843 2958.699225 2986.122056 3011.917265 3009.767026 3043.284112 3042.666790 3054.529969 3065.337777 3074.180247 3085.518465 3090.409720 3086.231692 3081.789280 3063.956512 3059.428447 3066.042155 3072.460724 3072.735765 3058.604894 3054.686331 3069.148226 3074.197515 3072.734073 3071.619710 3076.996761 3075.681206 3031.478547 3006.399572 2992.575798 3014.603465 2969.536929 2904.193438 2868.935195 2849.621552 2900.091854 2821.051661 2773.039941 2723.848902 2679.191876 2627.238150 2600.641016 2555.799386 2513.493491 2465.697214 2417.555081 2392.156779 2373.240838 2369.363047 2367.166679 2382.267511 2395.997816 2410.273697 2417.493161 -9999.0 -9999.0
-9999.0 1895.245947 1967.412929 2092.260793 2173.053978 2216.334557 2238.395111 2253.848033 2284.912571 2319.416018 2417.319004 2488.146972 2577.828638 2620.343513 2670.451847 2769.909408 2868.778793 2822.741905 2859.770745 2919.880584 2982.566902 2998.710535 3023.882399 3014.062862 3050.145275 3072.261204 3077.926213 3083.132014 3080.954043 3072.632075 3065.319240 3072.232941 3069.908211 3051.466437 3036.084022 3034.554903 3031.276485 3008.950883 3013.120036 2998.351042 3001.121541 2993.851958 3011.698494 2991.764675 2987.653145 3007.979922 2997.002821 2986.871365 3006.365469 2990.441444 3023.722421 3046.464496 3051.050550 3068.655815 3089.515867 3061.958837 3038.027729 2996.632075 3012.622397 2987.770824 2931.720927 2875.962525 2827.574472 2861.557299 2796.724701 2733.587867 2671.018012 2607.578890 2542.171266 2499.899857 2468.140745 2418.400117 2398.353720 2399.502684 2389.827608 2385.613975 2389.875859 2395.436589 -9999.0 -9999.0
-9999.0 1805.675776 1946.580590 2128.457575 2276.354594 2328.490062 2411.240535 2482.007767 2507.351044 2468.991034 2578.121602 2801.826797 2841.519743 2856.702319 2928.766604 2992.268623 2987.583691 3016.174845 3037.380005 3055.483731 3070.193136 3081.570038 3079.212722 3073.322108 3057.470885 3049.646993 3049.261189 3047.334750 3030.561226 3012.121077 2995.649789 2993.299301 3007.494910 2961.607356 2928.535416 2911.388143 2894.365786 2879.183015 2850.953039 2826.340661 2901.343375 2823.425767 2820.044051 2894.514573 2890.974910 2820.507180 2850.202667 2847.119623 2857.531028 2877.292447 2913.829959 2951.556598 2970.684862 2999.666599 3001.303520 3046.150552 3057.159258 3079.054225 3082.704284 3069.077020 3025.128742 3008.854419 2978.915531 2923.777101 2862.830369 2878.279558 2813.877204 2751.370711 2681.204969 2634.894392 2586.487892 2527.661831 2476.247154 2457.593693 2417.955621 2399.148662 -9999.0 -9999.0 -9999.0 -9999.0
-9999.0 1713.330499 1896.741075 2144.888030 2434.204318 2526.842259 2735.842454 2815.182770 2857.726122 2923.150863 2843.510153 2997.531971 3039.207493 3031.787635 3038.376005 3039.890584 3053.120160 3053.157382 3048.204221 3037.667852 3028.700927 3024.603746 3023.373703 3015.589488 3003.237876 2989.235719 3009.670219 2998.398274 2963.082815 2931.060535 2893.434708 2880.227893 2840.140877 2839.967913 2796.901619 2756.608467 2694.557352 2690.102421 2688.651429 2658.466578 2639.089623 2611.541979 2637.675193 2648.333575 2652.649949 2650.849344 2665.159532 2696.459886 2746.541122 2785.555642 2830.783203 2884.652542 2822.131021 2861.260584 2902.504179 2955.259332 2985.500648 3014.691000 3027.542839 3063.748119 3085.682702 3073.528059 3052.626473 3010.944714 2983.564808 2932.728711 2900.559009 2847.403475 2839.343028 2786.115069 2735.706688 2680.322148 2612.736915 2542.890021 2502.129047 -9999.0 -9999.0 -9999.0 -9999.0 -9999.0
-9999.0 1508.850655 1774.510572 2050.417643 2343.635759 2684.509226 2807.919474 2910.642737 2973.844223 2948.411968 2963.534423 2974.421990 2985.432418 2991.237249 2997.695021 2986.804930 2971.612707 2970.754226 2983.674566 2957.174365 2927.891872 2914.838867 2915.135741 2903.970623 2880.580843 2865.199843 2855.762644 2838.294833 2881.929098 2828.323078 2741.991648 2705.456742 2622.949862 2576.429584 2534.612152 2484.257138 2433.768368 2434.392156 2454.536032 2441.765128 2419.651075 2401.321892 2429.445286 2450.470468 2464.186030 2451.057113 2460.199839 2496.295170 2546.620681 2591.871845 2641.665315 2698.443848 2744.756501 2791.978063 2822.273180 2870.606601 2819.251146 2861.014849 2930.970418 3006.615627 3007.340520 3040.210431 3070.888953 3091.590784 3049.935662 3021.703508 2998.682421 2995.352340 2945.762242 2900.097615 2860.325661 2798.077259 2770.360364 -9999.0 -9999.0 -9999.0 -9999.0 -9999.0 -9999.0 -9999.0
-9999.0 1390.633587 1594.918150 1802.984118 2068.505953 2304.873822 2520.307388 2623.947239 2705.963333 2766.716138 2816.100115 2855.342996 2813.389386 2834.095636 2813.247451 2852.890874 2823.690711 2829.338992 2823.176516 2801.207198 2772.617075 2758.165794 2754.359789 2747.061183 2722.538908 2708.111911 2696.754876 2671.824634 2642.092690 2585.825360 2508.335044 2432.137767 2374.054242 2347.616559 2320.297685 2289.440557 2257.908476 2268.316734 2279.139767 2277.226931 2268.467662 2266.913545 2295.786425 2315.049798 2325.300835 2315.028195 2334.904094 2361.123838 2402.143103 2446.504611 2496.008573 2550.579451 2604.632518 2632.732863 2644.268335 2666.096119 2704.302658 2758.049626 2843.850332 2836.055430 2910.402883 2956.153514 3005.611012 3009.980723 3035.488066 3063.735356 3081.917760 3071.294763 3045.367434 3013.910170 2972.166970 -9999.0 -9999.0 -9999.0 -9999.0 -9999.0 -9999.0 -9999.0 -9999.0 -9999.0
-9999.0 -9999.0 1366.041649 1529.462271 1644.793308 1815.356411 1962.306294 2072.647853 2170.851511 2303.124921 2420.146043 2512.076505 2558.008073 2576.414830 2564.744394 2537.810969 2520.260911 2520.805203 2510.209131 2501.978843 2484.844688 2477.593558 2464.142664 2455.124494 2446.927396 2442.437434 2437.098576 2426.487947 2405.784452 2360.213871 2316.336518 2267.559545 2216.383529 2191.733348 2170.739927 2150.704105 2151.468782 2146.158469 2150.895904 2152.719439 2160.768454 2174.030665 2193.687907 2216.350167 2226.492198 2236.732025 2249.297813 2273.092112 2305.973105 2348.500776 2402.980721 2462.133000 2502.918690 2515.887806 2505.480810 2508.941937 2526.124516 2566.213835 2642.620690 2725.039430 2823.331535 2896.680934 2863.029349 2916.913476 2942.067947 2974.821623 3012.336555 3057.469925 3091.649806 3070.850454 -9999.0 -9999.0 -9999.0 -9999.0 -9999.0 -9999.0 -9999.0 -9999.0 -9999.0 -9999.0
-9999.0 -9999.0 -9999.0 -9999.0 1389.875911 1540.635615 1638.421558 1720.266544 1852.743047 1979.589662 2084.039312 2170.286297 2236.886723 2264.821541 2264.936362 2277.706687 2276.020538 2268.866128 2258.833018 2260.950252 2262.822377 2255.711446 2239.782755 2232.404121 2234.055783 2239.587381 2236.478508 2222.399077 2203.615343 2184.571875 2167.302894 2134.278879 2099.838006 2071.062229 2058.085976 2053.369788 2052.940946 2045.148206 2053.321439 2061.248570 2076.660042 2091.718462 2115.277822 2144.605560 2159.116963 2174.296942 2184.073904 2204.349114 2235.103113 2288.860158 2352.912484 2411.549654 2449.122581 2454.319548 2430.679601 2415.165642 2410.692691 2437.483501 2480.227949 2543.869435 2644.440770 2718.987588 2773.796595 2818.112482 2853.065280 2819.881715 2903.606370 2975.973926 -9999.0 -9999.0 -9999.0 -9999.0 -9999.0 -9999.0 -9999.0 -9999.0 -9999.0 -9999.0 -9999.0 -9999.0
-9999.0 -9999.0 -9999.0 -9999.0 -9999.0 -9999.0 1358.937567 1463.055983 1536.983566 1683.546791 1822.405873 1927.712840 2010.467037 2045.341178 2076.746124 2106.381465 2106.540154 2087.691732 2067.469978 2087.871512 2104.418416 2098.106957 2066.770126 2066.958672 2072.386182 2079.808599 2076.817692 2070.099970 2044.788447 2058.518299 2060.743806 2037.572974 2011.770911 1998.375945 1986.516594 1996.060359 1995.989910 1981.724898 1981.201930 2008.400744 2028.953281 2041.862200 2063.223236 2096.475467 2129.106375 2144.924550 2146.547411 2152.537559 2191.536621 2261.880163 2334.509337 2391.118500 2424.808498 2433.755270 2408.143257 2368.715196 2349.009110 2356.121749 2390.159163 2440.887765 2515.600561 2563.514461 2586.497316 2596.829117 2613.367195 2707.900819 -9999.0 -9999.0 -9999.0 -9999.0 -9999.0 -9999.0 -9999.0 -9999.0 -9999.0 -9999.0 -9999.0 -9999.0 -9999.0 -9999.0
-9999.0 -9999.0 -9999.0 -9999.0 -9999.0 -9999.0 -9999.0 -9999.0 -9999.0 -9999.0 -9999.0 -9999.0 -9999.0 -9999.0 -9999.0 -9999.0 -9999.0 -9999.0 -9999.0 -9999.0 -9999.0 -9999.0 -9999.0 -9999.0 -9999.0 -9999.0 -9999.0 -9999.0 -9999.0 -9999.0 -9999.0 -9999.0 -9999.0 -9999.0 -9999.0 -9999.0 -9999.0 -9999.0 -9999.0 -9999.0 -9999.0 -9999.0 -9999.0 -9999.0 -9999.0 -9999.0 -9999.0 -9999.0 -9999.0 -9999.0 -9999.0 -9999.0 -9999.0 -9999.0 -9999.0 -9999.0 -9999.0 -9999.0 -9999.0 -9999.0 -9999.0 -9999.0 -9999.0 -9999.0 -9999.0 -9999.0 -9999.0 -9999.0 -9999.0 -9999.0 -9999.0 -9999.0 -9999.0 -9999.0 -9999.0 -9999.0 -9999.0 -9999.0 -9999.0 -9999.0
-9999.0 -9999.0 -9999.0 -9999.0 -9999.0 -9999.0 -9999.0 -9999.0 -9999.0 -9999.0 -9999.0 -9999.0 -9999.0 -9999.0 -9999.0 -9999.0 -9999.0 -9999.0 -9999.0 -9999.0 -9999.0 -9999.0 -9999.0 -9999.0 -9999.0 -9999.0 -9999.0 -9999.0 -9999.0 -9999.0 -9999.0 -9999.0 -9999.0 -9999.0 -9999.0 -9999.0 -9999.0 -9999.0 -9999.0 -9999.0 -9999.0 -9999.0 -9999.0 -9999.0 -9999.0 -9999.0 -9999.0 -9999.0 -9999.0 -9999.0 -9999.0 -9999.0 -9999.0 -9999.0 -9999.0 -9999.0 -9999.0 -9999.0 -9999.0 -9999.0 -9999.0 -9999.0 -9999.0 -9999.0 -9999.0 -9999.0 -9999.0 -9999.0 -9999.0 -9999.0 -9999.0 -9999.0 -9999.0 -9999.0 -9999.0 -9999.0 -9999.0 -9999.0 -9999.0 -9999.0