Borden_/Borden1m_014/output_maps/psiliqL0007N0004.asc
ncols         80
nrows         18
xllcorner     620200.000000
yllcorner     5168000.000000
cellsize      1.000000
NODATA_value  -9999.0
-9999.0 -9999.0 -9999.0 -9999.0 -9999.0 -9999.0 -9999.0 -9999.0 -9999.0 -9999.0 -9999.0 -9999.0 -9999.0 -9999.0 -9999.0 -9999.0 -9999.0 -9999.0 -9999.0 -9999.0 -9999.0 -9999.0 -9999.0 -9999.0 -9999.0 -9999.0 -9999.0 -9999.0 -9999.0 -9999.0 -9999.0 -9999.0 -9999.0 -9999.0 -9999.0 -9999.0 -9999.0 -9999.0 -9999.0 -9999.0 -9999.0 -9999.0 -9999.0 -9999.0 -9999.0 -9999.0 -9999.0 -9999.0 -9999.0 -9999.0 -9999.0 -9999.0 -9999.0 -9999.0 -9999.0 -9999.0 -9999.0 -9999.0 -9999.0 -9999.0 -9999.0 -9999.0 -9999.0 -9999.0 -9999.0 -9999.0 -9999.0 -9999.0 -9999.0 -9999.0 -9999.0 -9999.0 -9999.0 -9999.0 -9999.0 -9999.0 -9999.0 -9999.0 -9999.0 -9999.0
-9999.0 -9999.0 -9999.0 -9999.0 -9999.0 -9999.0 -9999.0 -9999.0 -9999.0 -9999.0 -9999.0 -9999.0 -9999.0 -9999.0 -9999.0 -9999.0 -9999.0 -9999.0 -9999.0 -9999.0 -9999.0 -9999.0 -9999.0 -9999.0 -9999.0 -9999.0 -9999.0 -9999.0 -9999.0 -9999.0 -9999.0 -9999.0 -9999.0 -9999.0 -9999.0 -9999.0 -9999.0 -9999.0 -9999.0 -9999.0 -9999.0 -9999.0 -9999.0 -9999.0 -9999.0 -9999.0 -9999.0 -9999.0 -9999.0 -9999.0 -9999.0 -9999.0 -9999.0 -9999.0 -9999.0 -9999.0 -9999.0 -9999.0 -9999.0 -9999.0 -9999.0 -9999.0 -9999.0 -9999.0 -9999.0 -9999.0 -9999.0 -9999.0 -9999.0 -9999.0 -9999.0 -9999.0 -9999.0 -9999.0 -9999.0 -9999.0 -9999.0 -9999.0 -9999.0 -9999.0
-9999.0 -9999.0 -9999.0 -9999.0 -9999.0 -9999.0 -9999.0 -9999.0 -9999.0 -9999.0 -9999.0 -9999.0 -9999.0 -9999.0 -9999.0 -9999.0 -9999.0 -9999.0 -9999.0 -9999.0 -474.016911 -471.056511 -494.013991 -528.127706 -556.717538 -555.359936 -521.209632 -481.190773 -444.490740 -434.514739 -452.794082 -451.922809 -457.474518 -457.880515 -455.177574 -449.643884 -447.373554 -436.123148 -427.946497 -428.363485 -434.603309 -440.440543 -442.074483 -438.622388 -433.724991 -442.025144 -428.622502 -413.278016 -406.555336 -411.105936 -437.472303 -452.548779 -459.867886 -473.433078 -448.570940 -435.434092 -412.023782 -407.162877 -407.748664 -434.145918 -463.707410 -9999.0 -9999.0 -9999.0 -9999.0 -9999.0 -9999.0 -9999.0 -9999.0 -9999.0 -9999.0 -9999.0 -9999.0 -9999.0 -9999.0 -9999.0 -9999.0 -9999.0 -9999.0 -9999.0
-9999.0 -9999.0 -9999.0 -9999.0 -9999.0 -9999.0 -9999.0 -9999.0 -9999.0 -9999.0 -9999.0 -9999.0 -9999.0 -9999.0 -562.450100 -572.969425 -576.472457 -568.513417 -535.512595 -506.329080 -493.953045 -501.930394 -502.488403 -526.384271 -546.883800 -533.577654 -505.441215 -475.374881 -442.637720 -423.077786 -436.293015 -439.527450 -429.559898 -402.635141 -388.590902 -391.687945 -413.025535 -390.984385 -375.278129 -366.164487 -367.440142 -376.233170 -361.856535 -345.725705 -352.286296 -369.551165 -366.203121 -354.529472 -339.618778 -353.754142 -416.971443 -436.917725 -438.771057 -444.175973 -456.200067 -461.932569 -436.740014 -434.927478 -442.302063 -459.285857 -490.525385 -533.801126 -550.883784 -512.238539 -467.459824 -409.213090 -9999.0 -9999.0 -9999.0 -9999.0 -9999.0 -9999.0 -9999.0 -9999.0 -9999.0 -9999.0 -9999.0 -9999.0 -9999.0 -9999.0
-9999.0 -9999.0 -9999.0 -9999.0 -9999.0 -9999.0 -9999.0 -9999.0 -9999.0 -617.724993 -614.625597 -608.055633 -606.899583 -591.891952 -593.922078 -587.632939 -580.271830 -555.333678 -525.406116 -491.487603 -463.601551 -474.417422 -474.955172 -463.541738 -457.252659 -445.446639 -426.174015 -387.547501 -347.214653 -306.482066 -335.556699 -338.109580 -319.277286 -269.028271 -230.276523 -220.801904 -240.020650 -237.370436 -212.265596 -187.134184 -187.792135 -189.381752 -163.187088 -144.805410 -136.153806 -155.367777 -179.639426 -184.702912 -160.288303 -209.618945 -273.306337 -327.594338 -325.395489 -355.312162 -395.044854 -416.406622 -418.504876 -395.433943 -409.416339 -445.366053 -480.505859 -488.721338 -504.182521 -487.368451 -464.023364 -416.433472 -377.548882 -348.247083 -347.103690 -363.775165 -9999.0 -9999.0 -9999.0 -9999.0 -9999.0 -9999.0 -9999.0 -9999.0 -9999.0 -9999.0
-9999.0 -9999.0 -9999.0 -9999.0 -9999.0 -9999.0 -695.247184 -687.001391 -667.971749 -662.745042 -639.357419 -632.480999 -612.836053 -594.375297 -575.061482 -559.092233 -529.423379 -498.533384 -458.700716 -416.293436 -385.535636 -390.898984 -382.215434 -349.490679 -306.463777 -273.867390 -250.597503 -213.054341 -136.336506 -86.339373 -70.731501 -64.945104 -54.965740 -3.115321 77.811162 105.993603 73.289912 50.029627 75.168315 137.432026 161.845361 171.687454 239.133385 316.688747 342.811604 325.487854 186.794070 117.290738 99.181600 82.577203 13.027633 -57.574737 -100.204473 -152.262159 -232.967805 -292.676281 -293.347543 -276.753851 -306.391558 -357.844732 -398.433458 -407.456060 -420.461613 -433.329989 -426.839063 -406.319205 -381.738138 -369.174702 -380.307442 -399.699517 -421.919080 -449.870443 -447.652904 -421.841065 -9999.0 -9999.0 -9999.0 -9999.0 -9999.0 -9999.0
-9999.0 -9999.0 -9999.0 -9999.0 -744.282495 -732.437791 -744.314490 -721.719312 -690.734289 -658.717908 -627.401867 -591.361299 -565.775362 -537.698824 -497.635015 -461.198919 -419.973017 -387.606445 -334.659515 -266.110636 -214.471043 -188.585202 -173.504444 -107.853662 -40.275256 19.075077 43.114710 80.695774 170.856854 333.415581 363.101992 366.908506 375.330033 391.333820 415.899626 434.813081 422.379386 418.143461 422.102667 430.292507 446.479307 448.385064 458.543473 471.001091 475.045154 473.138316 447.148759 420.838146 412.519775 408.315098 395.306301 356.928685 324.149391 208.223545 123.667451 45.929490 -38.696171 -63.505705 -120.882342 -180.466743 -247.063998 -271.813383 -302.342975 -325.990573 -354.302496 -351.555917 -346.669772 -364.294121 -392.721910 -422.984288 -436.659071 -454.226864 -463.413656 -433.008493 -414.803913 -383.347050 -9999.0 -9999.0 -9999.0 -9999.0
-9999.0 -9999.0 -801.328520 -751.625673 -696.768818 -689.001409 -687.334124 -683.506325 -658.119233 -609.423174 -532.894568 -482.613508 -439.997338 -412.105051 -354.951493 -272.237087 -198.603210 -146.574595 -87.549536 -16.853396 53.506384 104.265909 154.139953 305.322732 357.830652 392.111173 404.310644 419.205338 442.512641 473.989998 488.885434 501.460640 505.502697 500.484119 498.958610 496.377246 494.782415 492.673743 481.303390 478.039015 482.675684 484.785233 489.509862 480.233285 478.224139 487.107863 490.251616 492.597357 495.656127 503.508331 511.409488 485.906114 455.944108 436.730970 425.478002 398.179311 365.079578 341.884825 309.842319 132.317475 14.902273 -50.876448 -112.854414 -162.639806 -212.610181 -242.263533 -285.209418 -322.246276 -363.885913 -406.144486 -427.446168 -444.266998 -445.158278 -443.368362 -426.546201 -410.227128 -394.310646 -386.236051 -9999.0 -9999.0
-9999.0 -898.824111 -826.534465 -699.543036 -622.189075 -578.954327 -539.911436 -512.649391 -491.040667 -479.440719 -375.913607 -271.838395 -178.104976 -149.748015 -99.951968 0.035748 129.537624 297.954266 342.673755 372.365821 402.779735 428.413373 447.119682 478.851895 505.907536 504.074802 501.392049 500.421799 494.857604 492.446978 486.999354 492.074373 490.357237 478.592171 470.735367 471.080399 470.582183 459.094013 441.300145 416.167125 412.083163 428.015644 418.431694 404.098548 402.998466 422.546015 451.603688 452.217514 446.172082 454.640354 470.497003 477.924661 486.972634 496.653154 514.099845 492.257710 476.242613 457.412579 446.069497 413.817091 376.492949 321.164264 137.816592 38.192093 -39.323313 -115.899149 -172.121029 -224.381699 -283.626408 -318.265858 -345.911364 -395.087492 -416.280028 -412.899956 -420.929245 -422.505992 -415.168124 -408.422196 -9999.0 -9999.0
-9999.0 -968.369521 -825.237870 -640.358661 -496.527003 -438.819542 -325.824391 -240.112635 -213.035828 -237.430516 -134.585423 136.346661 324.690168 342.953251 380.083453 422.951976 446.583413 482.285058 501.920767 497.851089 493.417757 496.178573 492.751219 489.495284 483.205123 480.283854 480.312247 478.321571 470.376071 463.453917 456.641611 456.200869 442.780240 398.729809 376.865515 369.150011 364.733319 353.347218 313.688487 163.429483 124.367270 175.972672 140.628458 98.982770 94.049411 157.512496 321.092535 335.310257 339.781082 350.019424 369.192892 388.039134 402.483496 436.062533 457.666392 478.223753 488.764810 507.655835 512.053026 490.898364 469.582767 441.587225 410.091993 370.570769 300.344018 74.046167 -3.329423 -64.439317 -131.804952 -174.836102 -220.503118 -275.910790 -330.042862 -353.539947 -390.664163 -410.643511 -9999.0 -9999.0 -9999.0 -9999.0
-9999.0 -1031.080488 -839.446384 -574.292249 -324.728671 -204.829219 6.937174 281.924956 340.554511 377.669166 388.411100 458.929977 487.256634 480.685902 467.728084 463.709983 469.743949 473.031399 471.901177 468.951701 467.143970 467.327693 468.109386 466.421345 462.861362 456.226630 446.444109 424.798274 396.509364 378.851202 361.728447 352.959778 304.842928 52.404493 -11.445414 -44.993026 -96.425104 -103.845230 -118.739212 -155.081211 -174.419648 -187.037807 -171.381862 -174.014882 -174.244479 -164.158645 -136.804447 -119.260975 -80.648698 -44.855460 1.041369 58.696577 116.563849 303.567384 357.707208 390.675770 411.571832 444.822750 470.676827 490.757397 510.373490 504.024338 483.558792 465.187745 429.159969 379.764468 353.789604 283.750933 88.839424 11.616789 -48.903211 -120.205580 -185.446576 -265.805106 -303.946033 -9999.0 -9999.0 -9999.0 -9999.0 -9999.0
-9999.0 -1179.942876 -912.535942 -616.324260 -289.769238 29.042527 229.403856 375.833319 421.950569 385.476952 378.901457 392.005720 422.865347 436.038901 412.250163 401.433399 392.672271 392.198626 402.237356 388.939716 375.397631 370.776829 372.999735 368.243038 357.103649 347.012613 324.296020 188.589623 80.404316 17.046179 -65.587313 -87.500317 -159.826499 -231.586522 -276.969723 -322.771645 -372.039375 -373.092106 -357.616392 -373.678804 -394.889705 -413.067885 -388.602684 -374.248102 -364.148809 -373.931139 -366.158322 -333.815756 -288.216697 -248.687789 -202.888743 -153.699644 -111.846397 -55.269307 -14.000547 48.574330 129.372021 309.729161 377.180634 431.589208 458.378619 477.034457 501.026464 519.748742 488.267872 464.543074 447.184379 422.796074 369.939505 341.642206 289.099047 59.834123 -35.114639 -9999.0 -9999.0 -9999.0 -9999.0 -9999.0 -9999.0 -9999.0
-9999.0 -1315.556379 -1080.654831 -829.151147 -530.898062 -308.346839 -150.875302 -44.979510 32.246427 33.816183 54.460192 95.001352 169.085287 270.540426 149.551472 70.519616 30.248277 32.810670 31.980549 3.080828 -28.719510 -44.258771 -44.464224 -51.593551 -78.647934 -95.832611 -109.127661 -137.745186 -175.100084 -226.426271 -305.783955 -368.970174 -426.774335 -460.302962 -488.818684 -520.466458 -558.488537 -547.520987 -532.506392 -537.110314 -549.610267 -554.418297 -525.300231 -507.611326 -498.013105 -511.764387 -494.334203 -468.679393 -428.887063 -390.155606 -346.268571 -296.783649 -248.561888 -221.408433 -207.327221 -179.997683 -139.347736 -76.542963 25.256366 210.188324 352.709671 393.183200 441.125008 463.452922 472.502311 493.729289 493.016182 454.423334 404.406985 415.424803 411.790199 -9999.0 -9999.0 -9999.0 -9999.0 -9999.0 -9999.0 -9999.0 -9999.0 -9999.0
-9999.0 -9999.0 -1318.203990 -1124.580343 -959.993634 -776.080637 -632.888714 -536.080366 -472.112869 -392.368663 -309.431221 -239.865280 -201.457640 -183.576399 -205.552163 -247.224553 -273.711311 -273.116012 -281.537085 -295.399575 -319.369419 -327.817441 -336.012467 -342.848837 -355.717121 -362.577597 -367.083314 -376.819539 -397.648009 -442.033504 -493.197034 -543.429595 -596.318954 -620.215465 -641.414306 -663.717418 -667.418113 -668.499239 -661.353640 -660.212824 -655.313559 -643.994529 -623.418871 -602.660173 -593.676948 -587.406083 -575.375870 -552.587924 -520.628117 -481.580964 -431.782581 -379.258402 -344.349566 -335.070213 -346.458077 -342.630873 -323.279029 -282.359979 -199.414645 -112.765300 -12.184363 81.825523 306.771645 367.420251 382.007595 405.133881 444.408625 425.338859 273.175356 384.628622 -9999.0 -9999.0 -9999.0 -9999.0 -9999.0 -9999.0 -9999.0 -9999.0 -9999.0 -9999.0
-9999.0 -9999.0 -9999.0 -9999.0 -1267.442236 -1109.851383 -1017.636169 -937.094205 -821.321745 -719.242821 -632.900446 -562.236673 -514.511514 -493.168541 -505.878513 -513.337419 -521.876007 -524.691579 -532.524771 -538.432338 -544.318563 -551.520265 -561.474311 -568.537855 -569.226715 -565.782081 -567.275076 -579.434117 -593.952845 -621.067939 -644.945373 -679.428232 -715.923495 -744.450544 -757.052233 -764.012842 -763.506993 -768.533203 -758.828187 -752.789917 -738.158176 -722.836337 -699.013466 -671.206558 -659.182964 -645.417970 -636.025244 -615.626958 -586.580021 -535.358149 -475.131253 -421.704385 -390.577311 -389.346114 -417.672406 -435.673812 -441.304354 -416.796502 -374.153882 -310.271647 -213.654838 -144.387033 -73.059715 -13.543834 36.888760 148.047495 366.657388 414.741566 -9999.0 -9999.0 -9999.0 -9999.0 -9999.0 -9999.0 -9999.0 -9999.0 -9999.0 -9999.0 -9999.0 -9999.0
-9999.0 -9999.0 -9999.0 -9999.0 -9999.0 -9999.0 -1326.158703 -1232.841937 -1144.159504 -1027.802965 -921.004914 -833.800982 -763.338390 -741.023297 -726.171725 -705.326318 -710.378095 -726.520822 -741.990037 -726.128829 -717.540838 -721.840092 -747.942472 -749.406631 -746.144405 -736.570581 -737.326182 -742.964132 -767.020813 -759.529441 -761.181561 -783.606671 -809.128546 -823.308963 -834.544148 -824.459173 -823.411286 -835.504226 -832.622628 -806.941191 -787.556667 -774.166464 -751.693378 -718.911368 -687.388488 -673.630687 -673.009056 -667.116831 -625.997725 -557.075672 -488.859571 -437.799109 -409.371312 -404.084313 -434.531849 -477.468842 -501.472343 -498.022477 -467.828948 -420.002172 -350.129194 -306.836859 -279.111104 -258.220660 -230.637392 -135.517350 -9999.0 -9999.0 -9999.0 -9999.0 -9999.0 -9999.0 -9999.0 -9999.0 -9999.0 -9999.0 -9999.0 -9999.0 -9999.0 -9999.0
-9999.0 -9999.0 -9999.0 -9999.0 -9999.0 -9999.0 -9999.0 -9999.0 -9999.0 -9999.0 -9999.0 -9999.0 -9999.0 -9999.0 -9999.0 -9999.0 -9999.0 -9999.0 -9999.0 -9999.0 -9999.0 -9999.0 -9999.0 -9999.0 -9999.0 -9999.0 -9999.0 -9999.0 -9999.0 -9999.0 -9999.0 -9999.0 -9999.0 -9999.0 -9999.0 -9999.0 -9999.0 -9999.0 -9999.0 -9999.0 -9999.0 -9999.0 -9999.0 -9999.0 -9999.0 -9999.0 -9999.0 -9999.0 -9999.0 -9999.0 -9999.0 -9999.0 -9999.0 -9999.0 -9999.0 -9999.0 -9999.0 -9999.0 -9999.0 -9999.0 -9999.0 -9999.0 -9999.0 -9999.0 -9999.0 -9999.0 -9999.0 -9999.0 -9999.0 -9999.0 -9999.0 -9999.0 -9999.0 -9999.0 -9999.0 -9999.0 -9999.0 -9999.0 -9999.0 -9999.0
-9999.0 -9999.0 -9999.0 -9999.0 -9999.0 -9999.0 -9999.0 -9999.0 -9999.0 -9999.0 -9999.0 -9999.0 -9999.0 -9999.0 -9999.0 -9999.0 -9999.0 -9999.0 -9999.0 -9999.0 -9999.0 -9999.0 -9999.0 -9999.0 -9999.0 -9999.0 -9999.0 -9999.0 -9999.0 -9999.0 -9999.0 -9999.0 -9999.0 -9999.0 -9999.0 -9999.0 -9999.0 -9999.0 -9999.0 -9999.0 -9999.0 -9999.0 -9999.0 -9999.0 -9999.0 -9999.0 -9999.0 -9999.0 -9999.0 -9999.0 -9999.0 -9999.0 -9999.0 -9999.0 -9999.0 -9999.0 -9999.0 -9999.0 -9999.0 -9999.0 -9999.0 -9999.0 -9999.0 -9999.0 -9999.0 -9999.0 -9999.0 -9999.0 -9999.0 -9999.0 -9999.0 -9999.0 -9999.0 -9999.0 -9999.0 -9999.0 -9999.0 -9999.0 -9999.0 -9999.0