Borden_/Borden1m_014/output_maps/psiliqL0029N0029.asc
ncols         80
nrows         18
xllcorner     620200.000000
yllcorner     5168000.000000
cellsize      1.000000
NODATA_value  -9999.0
-9999.0 -9999.0 -9999.0 -9999.0 -9999.0 -9999.0 -9999.0 -9999.0 -9999.0 -9999.0 -9999.0 -9999.0 -9999.0 -9999.0 -9999.0 -9999.0 -9999.0 -9999.0 -9999.0 -9999.0 -9999.0 -9999.0 -9999.0 -9999.0 -9999.0 -9999.0 -9999.0 -9999.0 -9999.0 -9999.0 -9999.0 -9999.0 -9999.0 -9999.0 -9999.0 -9999.0 -9999.0 -9999.0 -9999.0 -9999.0 -9999.0 -9999.0 -9999.0 -9999.0 -9999.0 -9999.0 -9999.0 -9999.0 -9999.0 -9999.0 -9999.0 -9999.0 -9999.0 -9999.0 -9999.0 -9999.0 -9999.0 -9999.0 -9999.0 -9999.0 -9999.0 -9999.0 -9999.0 -9999.0 -9999.0 -9999.0 -9999.0 -9999.0 -9999.0 -9999.0 -9999.0 -9999.0 -9999.0 -9999.0 -9999.0 -9999.0 -9999.0 -9999.0 -9999.0 -9999.0
-9999.0 -9999.0 -9999.0 -9999.0 -9999.0 -9999.0 -9999.0 -9999.0 -9999.0 -9999.0 -9999.0 -9999.0 -9999.0 -9999.0 -9999.0 -9999.0 -9999.0 -9999.0 -9999.0 -9999.0 -9999.0 -9999.0 -9999.0 -9999.0 -9999.0 -9999.0 -9999.0 -9999.0 -9999.0 -9999.0 -9999.0 -9999.0 -9999.0 -9999.0 -9999.0 -9999.0 -9999.0 -9999.0 -9999.0 -9999.0 -9999.0 -9999.0 -9999.0 -9999.0 -9999.0 -9999.0 -9999.0 -9999.0 -9999.0 -9999.0 -9999.0 -9999.0 -9999.0 -9999.0 -9999.0 -9999.0 -9999.0 -9999.0 -9999.0 -9999.0 -9999.0 -9999.0 -9999.0 -9999.0 -9999.0 -9999.0 -9999.0 -9999.0 -9999.0 -9999.0 -9999.0 -9999.0 -9999.0 -9999.0 -9999.0 -9999.0 -9999.0 -9999.0 -9999.0 -9999.0
-9999.0 -9999.0 -9999.0 -9999.0 -9999.0 -9999.0 -9999.0 -9999.0 -9999.0 -9999.0 -9999.0 -9999.0 -9999.0 -9999.0 -9999.0 -9999.0 -9999.0 -9999.0 -9999.0 -9999.0 3925.068024 3925.622332 3904.003186 3869.686817 3841.235216 3842.814921 3875.156455 3915.458903 3954.169273 3960.731845 3941.149614 3945.076587 3940.483537 3934.988054 3934.475079 3942.300105 3949.407910 3958.651558 3965.191523 3962.385189 3954.693830 3949.693907 3952.859290 3954.100316 3960.588763 3945.173263 3961.662923 3978.201206 3982.739940 3980.530528 3957.514605 3946.432591 3938.727268 3923.223964 3950.440576 3962.225813 3986.056017 3990.985116 3989.120257 3962.679906 3932.778640 -9999.0 -9999.0 -9999.0 -9999.0 -9999.0 -9999.0 -9999.0 -9999.0 -9999.0 -9999.0 -9999.0 -9999.0 -9999.0 -9999.0 -9999.0 -9999.0 -9999.0 -9999.0 -9999.0
-9999.0 -9999.0 -9999.0 -9999.0 -9999.0 -9999.0 -9999.0 -9999.0 -9999.0 -9999.0 -9999.0 -9999.0 -9999.0 -9999.0 3835.110692 3826.450095 3823.356352 3830.142429 3862.105501 3892.170850 3903.560797 3895.882337 3895.398909 3870.116405 3846.406561 3858.346587 3887.330979 3917.196540 3950.008592 3966.368391 3955.226377 3952.272251 3958.236578 3976.051473 3982.625136 3978.621625 3961.396390 3985.847392 3998.370561 4001.698604 3999.350089 3989.145247 3996.784228 4010.347547 4003.184966 3988.353301 4000.762007 4016.529386 4026.843108 4020.049244 3963.338184 3953.225163 3950.479611 3947.355157 3934.812117 3931.895013 3961.375475 3961.223429 3954.643835 3937.988756 3904.865879 3859.694420 3841.057741 3882.602220 3926.637684 3983.111430 -9999.0 -9999.0 -9999.0 -9999.0 -9999.0 -9999.0 -9999.0 -9999.0 -9999.0 -9999.0 -9999.0 -9999.0 -9999.0 -9999.0
-9999.0 -9999.0 -9999.0 -9999.0 -9999.0 -9999.0 -9999.0 -9999.0 -9999.0 3777.814727 3783.985365 3790.634862 3792.893636 3807.599575 3803.806378 3810.335779 3813.196557 3840.161693 3868.868967 3901.593229 3927.756335 3918.159934 3916.095792 3918.007226 3909.655780 3916.018267 3935.817300 3971.486534 4000.519809 4034.391589 3999.516153 3993.777271 4010.733319 4050.397487 4070.642956 4071.032278 4052.088704 4071.117553 4094.317986 4108.416851 4104.321666 4097.476879 4124.024733 4139.819264 4131.488055 4109.130418 4110.688392 4120.049232 4150.316503 4099.363746 4032.960566 3997.701693 4016.602367 3997.605266 3974.798708 3966.298026 3968.233952 3989.068139 3978.472470 3945.666837 3913.487490 3901.922568 3885.679461 3908.237120 3932.264999 3979.185503 4019.774045 4050.144284 4049.744368 4032.710276 -9999.0 -9999.0 -9999.0 -9999.0 -9999.0 -9999.0 -9999.0 -9999.0 -9999.0 -9999.0
-9999.0 -9999.0 -9999.0 -9999.0 -9999.0 -9999.0 3699.406833 3709.991684 3730.598317 3732.361713 3758.800567 3763.171074 3781.164347 3797.396974 3818.797619 3830.194305 3853.409762 3882.144469 3916.458548 3952.222856 3978.293332 3964.737448 3968.866577 3985.179707 4008.422377 4024.465342 4046.589056 4084.287986 4156.566532 4192.368866 4181.258400 4181.170779 4189.160423 4240.182582 4304.385801 4314.147853 4293.289061 4280.720595 4305.731554 4344.238977 4340.774681 4339.413666 4353.874142 4365.333127 4392.360436 4380.414369 4344.523024 4341.187483 4350.180298 4324.921722 4252.849063 4196.678760 4181.251515 4133.846997 4049.162084 4009.211131 4037.846334 4068.405929 4048.643503 4000.140960 3969.958422 3966.061794 3956.286693 3951.403333 3965.829962 3990.075142 4014.653701 4029.381318 4017.959274 3997.371236 3976.184566 3948.357785 3951.375925 3976.400973 -9999.0 -9999.0 -9999.0 -9999.0 -9999.0 -9999.0
-9999.0 -9999.0 -9999.0 -9999.0 3650.329045 3662.916678 3647.023218 3673.093689 3704.382105 3737.323291 3763.204166 3793.103148 3814.741484 3840.081687 3870.831149 3889.103099 3918.354026 3946.384997 3991.748222 4051.188942 4093.880881 4104.805388 4112.271759 4162.436514 4218.280628 4264.423809 4283.199973 4309.701477 4357.897935 4415.012116 4436.786523 4438.843766 4455.855406 4501.797721 4561.105741 4597.106976 4578.957932 4569.402394 4580.865215 4596.357476 4618.532553 4618.552390 4619.711117 4624.517248 4633.084488 4630.711154 4602.749677 4568.686799 4555.488599 4544.731381 4503.461222 4429.423157 4400.712672 4370.382639 4323.411701 4267.382738 4224.277481 4229.382154 4173.824586 4117.774732 4070.273774 4065.522184 4047.449189 4033.460529 4018.667512 4033.273433 4047.061275 4033.032365 4003.376614 3974.691132 3962.287447 3945.147353 3933.847180 3965.438339 3983.511934 4012.817669 -9999.0 -9999.0 -9999.0 -9999.0
-9999.0 -9999.0 3591.910441 3635.916458 3692.503505 3697.341788 3688.070935 3689.496361 3714.660161 3762.527414 3821.139719 3854.398318 3879.474460 3908.969405 3957.465191 4015.241680 4072.910535 4115.109239 4174.114966 4244.538184 4303.903784 4330.029298 4338.029317 4374.406015 4430.718550 4503.109002 4532.350868 4559.812342 4593.164690 4631.610891 4618.029150 4627.857677 4641.471638 4657.124609 4674.767147 4683.330870 4677.945070 4673.226324 4654.355617 4648.698957 4655.087768 4664.063966 4662.353737 4647.287549 4643.288052 4658.693384 4665.587838 4663.060464 4659.421601 4663.706108 4656.801179 4605.310751 4593.219300 4577.120987 4563.903900 4516.331286 4447.763214 4416.648381 4393.594703 4350.795581 4276.405176 4241.315700 4203.159032 4170.141142 4134.507647 4124.249183 4093.923083 4063.007773 4025.243621 3985.202640 3966.893658 3953.471799 3953.563431 3954.356926 3972.538412 3988.335048 4004.410549 4012.534603 -9999.0 -9999.0
-9999.0 3480.195100 3550.371690 3669.980642 3746.386873 3780.455670 3782.151756 3779.554058 3803.864658 3838.226414 3920.522896 3960.653001 4043.309591 4082.578709 4121.944651 4212.059524 4309.102773 4354.087124 4395.027193 4462.344452 4531.058989 4579.557911 4606.607488 4576.892101 4618.890422 4653.970511 4663.858094 4672.176811 4673.543766 4664.894227 4658.965989 4665.418174 4662.151294 4642.336529 4625.659990 4623.674375 4620.127827 4596.254310 4568.287667 4552.166157 4552.925654 4578.589820 4564.953256 4543.303142 4538.776516 4560.866598 4583.288479 4572.226471 4558.883046 4575.660077 4611.072622 4637.625032 4636.345069 4655.565752 4676.843134 4646.700225 4627.173437 4581.691101 4564.215934 4538.333485 4479.846807 4424.842611 4376.055134 4327.822601 4276.103501 4228.893091 4181.804837 4134.988624 4082.681492 4050.419643 4027.005989 3985.784874 3974.894018 3982.359865 3978.256402 3977.029397 3983.759315 3990.392079 -9999.0 -9999.0
-9999.0 3378.749592 3515.997471 3690.741588 3831.284538 3866.973953 3918.001558 3968.515155 3979.896259 3918.466390 4020.404261 4240.580692 4371.586713 4391.502651 4470.337180 4569.945263 4543.869508 4576.616653 4601.259186 4632.383330 4657.299876 4673.461172 4672.217219 4667.583440 4650.680402 4642.579395 4641.588246 4639.335204 4621.442882 4602.043306 4584.905695 4581.285631 4562.466698 4510.432652 4476.258089 4457.701187 4436.579874 4423.813071 4397.270578 4370.698123 4353.015730 4361.571640 4361.331157 4348.835593 4344.447882 4361.883594 4392.904159 4392.310450 4406.176911 4426.224333 4461.856646 4501.279904 4520.872924 4550.631029 4586.843022 4636.783746 4644.071559 4666.907555 4669.349672 4661.039140 4612.903465 4560.151997 4530.228570 4473.853171 4414.146965 4352.315110 4302.759353 4257.877947 4202.196420 4168.966003 4130.583389 4077.217183 4036.554686 4032.046122 3999.661991 3988.069511 -9999.0 -9999.0 -9999.0 -9999.0
-9999.0 3268.971774 3444.866884 3676.836118 3976.113856 4038.440954 4243.287535 4358.281944 4395.855685 4465.749738 4321.504435 4548.621003 4608.269867 4605.039806 4627.162122 4631.405285 4646.457009 4645.426674 4640.316987 4629.022664 4619.050000 4614.180476 4613.245430 4605.257160 4592.458430 4577.640852 4565.480983 4553.581653 4515.942239 4483.164066 4441.815326 4428.717075 4381.036199 4287.616705 4248.955741 4208.453872 4145.038133 4148.905377 4159.432464 4135.994495 4115.800486 4085.004223 4116.949865 4129.828806 4134.823396 4128.332314 4136.454774 4167.518470 4217.619801 4252.756955 4291.695128 4340.314930 4371.517437 4411.076161 4450.524148 4503.417051 4535.476898 4564.815602 4615.273747 4652.654280 4675.720950 4660.665809 4643.569391 4597.029079 4536.049398 4486.268107 4456.462077 4404.848146 4360.908131 4317.613506 4271.122544 4218.377520 4156.755004 4108.763616 4075.854044 -9999.0 -9999.0 -9999.0 -9999.0 -9999.0
-9999.0 3032.624043 3294.021756 3551.451802 3813.946357 4163.428175 4351.476611 4441.997427 4507.350847 4497.217432 4527.111853 4531.736437 4569.599604 4577.900542 4556.678162 4541.907516 4522.994514 4521.904219 4535.082662 4507.111979 4476.037400 4462.241094 4463.246399 4452.577758 4428.167466 4413.332686 4404.156398 4385.044709 4341.771756 4290.388083 4204.288401 4166.939875 4085.714217 4050.933946 4015.829053 3968.866982 3925.519240 3932.664364 3959.247700 3951.630916 3931.287941 3914.752609 3945.047566 3967.008779 3980.738077 3963.358996 3969.692100 4004.210138 4050.623796 4091.130094 4134.682383 4182.564689 4225.042425 4263.548162 4282.895175 4320.841640 4363.360113 4405.411256 4476.499457 4556.992767 4594.367820 4629.938032 4657.753644 4680.147949 4636.606814 4611.260220 4586.821726 4562.490535 4515.348240 4469.420790 4428.819078 4362.666720 4303.077081 -9999.0 -9999.0 -9999.0 -9999.0 -9999.0 -9999.0 -9999.0
-9999.0 2926.092905 3107.960318 3284.800100 3520.638961 3749.124529 3982.996031 4073.051571 4144.695706 4228.376316 4289.133982 4329.403883 4355.235767 4377.472800 4355.095131 4307.260879 4274.115394 4279.407180 4269.055325 4248.757920 4221.395935 4208.857076 4205.870933 4201.513609 4180.923097 4171.478125 4165.263977 4147.686829 4123.676473 4070.635298 4000.686198 3926.383732 3874.264005 3858.201598 3837.610678 3812.537995 3788.741298 3803.018175 3815.643503 3816.886316 3811.870299 3813.273255 3842.306421 3862.570432 3871.960565 3861.560093 3879.661489 3901.964176 3937.860822 3976.672995 4020.884803 4070.554190 4118.644047 4137.370334 4137.347460 4146.182432 4172.168582 4214.491716 4290.456164 4377.067894 4457.466992 4504.092642 4555.740272 4596.819958 4626.272403 4648.798127 4673.045427 4667.519106 4640.392881 4606.319697 4546.009459 -9999.0 -9999.0 -9999.0 -9999.0 -9999.0 -9999.0 -9999.0 -9999.0 -9999.0
-9999.0 -9999.0 2885.765077 3025.026308 3104.380790 3256.248628 3392.232227 3496.878036 3602.581384 3753.802720 3882.598683 3980.372161 4028.530320 4044.444828 4031.251639 4004.712598 3988.990824 3988.447420 3976.188643 3971.368004 3958.970276 3954.552988 3942.266581 3935.185556 3933.259194 3934.388481 3933.236520 3926.189360 3911.205946 3871.554058 3838.576682 3796.630825 3752.844538 3733.015999 3716.792115 3702.050205 3708.643677 3703.858328 3709.732625 3713.521644 3724.485214 3739.486671 3758.690945 3781.793290 3791.498404 3802.255499 3812.594228 3833.546708 3862.557138 3902.211674 3953.100620 4007.610227 4042.989445 4048.780036 4029.035104 4021.888457 4027.485193 4053.883278 4114.034148 4181.684492 4273.035837 4339.652685 4406.990820 4464.000789 4491.395835 4527.807607 4599.909200 4648.076022 4692.858101 4670.325494 -9999.0 -9999.0 -9999.0 -9999.0 -9999.0 -9999.0 -9999.0 -9999.0 -9999.0 -9999.0
-9999.0 -9999.0 -9999.0 -9999.0 2884.241607 3021.398750 3115.382068 3189.011598 3322.607012 3455.317360 3562.369146 3651.310895 3723.420292 3750.040720 3753.724508 3775.204574 3775.859168 3765.572635 3754.323089 3761.659421 3769.131187 3763.692765 3746.159287 3741.078799 3747.133535 3757.412874 3757.339011 3746.403628 3730.026144 3720.799548 3712.468357 3685.021945 3655.968503 3631.077874 3621.453453 3621.087612 3622.704885 3615.510568 3624.556203 3634.803785 3651.474387 3666.809169 3690.304042 3720.368798 3735.502879 3750.100637 3758.104874 3775.661825 3803.688756 3854.666542 3915.989191 3972.405856 4006.269888 4005.981383 3976.583185 3953.622212 3939.306239 3954.778336 3981.258337 4029.326149 4117.766879 4179.604725 4222.992727 4260.198366 4296.546210 4363.414467 4460.962185 4543.810885 -9999.0 -9999.0 -9999.0 -9999.0 -9999.0 -9999.0 -9999.0 -9999.0 -9999.0 -9999.0 -9999.0 -9999.0
-9999.0 -9999.0 -9999.0 -9999.0 -9999.0 -9999.0 2862.099810 2968.379745 3021.774695 3177.820508 3328.515535 3438.072536 3522.809887 3560.920785 3598.476873 3630.804165 3632.602828 3611.687911 3588.837257 3612.362148 3634.394714 3628.168117 3595.097153 3598.259414 3607.527901 3616.781270 3615.977282 3612.469111 3590.644068 3612.316466 3621.114105 3601.640090 3579.445092 3570.017940 3560.759274 3572.558910 3574.028500 3560.325119 3559.262788 3588.384935 3610.271454 3623.226361 3643.963955 3677.204173 3709.719092 3725.480188 3725.938547 3729.737412 3764.766564 3832.164290 3903.005476 3958.162885 3989.113429 3993.265750 3961.806791 3916.160740 3889.061328 3886.414475 3908.815000 3945.728028 4005.052021 4039.622784 4047.288875 4044.416199 4053.871701 4155.789827 -9999.0 -9999.0 -9999.0 -9999.0 -9999.0 -9999.0 -9999.0 -9999.0 -9999.0 -9999.0 -9999.0 -9999.0 -9999.0 -9999.0
-9999.0 -9999.0 -9999.0 -9999.0 -9999.0 -9999.0 -9999.0 -9999.0 -9999.0 -9999.0 -9999.0 -9999.0 -9999.0 -9999.0 -9999.0 -9999.0 -9999.0 -9999.0 -9999.0 -9999.0 -9999.0 -9999.0 -9999.0 -9999.0 -9999.0 -9999.0 -9999.0 -9999.0 -9999.0 -9999.0 -9999.0 -9999.0 -9999.0 -9999.0 -9999.0 -9999.0 -9999.0 -9999.0 -9999.0 -9999.0 -9999.0 -9999.0 -9999.0 -9999.0 -9999.0 -9999.0 -9999.0 -9999.0 -9999.0 -9999.0 -9999.0 -9999.0 -9999.0 -9999.0 -9999.0 -9999.0 -9999.0 -9999.0 -9999.0 -9999.0 -9999.0 -9999.0 -9999.0 -9999.0 -9999.0 -9999.0 -9999.0 -9999.0 -9999.0 -9999.0 -9999.0 -9999.0 -9999.0 -9999.0 -9999.0 -9999.0 -9999.0 -9999.0 -9999.0 -9999.0
-9999.0 -9999.0 -9999.0 -9999.0 -9999.0 -9999.0 -9999.0 -9999.0 -9999.0 -9999.0 -9999.0 -9999.0 -9999.0 -9999.0 -9999.0 -9999.0 -9999.0 -9999.0 -9999.0 -9999.0 -9999.0 -9999.0 -9999.0 -9999.0 -9999.0 -9999.0 -9999.0 -9999.0 -9999.0 -9999.0 -9999.0 -9999.0 -9999.0 -9999.0 -9999.0 -9999.0 -9999.0 -9999.0 -9999.0 -9999.0 -9999.0 -9999.0 -9999.0 -9999.0 -9999.0 -9999.0 -9999.0 -9999.0 -9999.0 -9999.0 -9999.0 -9999.0 -9999.0 -9999.0 -9999.0 -9999.0 -9999.0 -9999.0 -9999.0 -9999.0 -9999.0 -9999.0 -9999.0 -9999.0 -9999.0 -9999.0 -9999.0 -9999.0 -9999.0 -9999.0 -9999.0 -9999.0 -9999.0 -9999.0 -9999.0 -9999.0 -9999.0 -9999.0 -9999.0 -9999.0