Borden_/Borden1m_014/output_maps/psiliqL0025N0015.asc
ncols         80
nrows         18
xllcorner     620200.000000
yllcorner     5168000.000000
cellsize      1.000000
NODATA_value  -9999.0
-9999.0 -9999.0 -9999.0 -9999.0 -9999.0 -9999.0 -9999.0 -9999.0 -9999.0 -9999.0 -9999.0 -9999.0 -9999.0 -9999.0 -9999.0 -9999.0 -9999.0 -9999.0 -9999.0 -9999.0 -9999.0 -9999.0 -9999.0 -9999.0 -9999.0 -9999.0 -9999.0 -9999.0 -9999.0 -9999.0 -9999.0 -9999.0 -9999.0 -9999.0 -9999.0 -9999.0 -9999.0 -9999.0 -9999.0 -9999.0 -9999.0 -9999.0 -9999.0 -9999.0 -9999.0 -9999.0 -9999.0 -9999.0 -9999.0 -9999.0 -9999.0 -9999.0 -9999.0 -9999.0 -9999.0 -9999.0 -9999.0 -9999.0 -9999.0 -9999.0 -9999.0 -9999.0 -9999.0 -9999.0 -9999.0 -9999.0 -9999.0 -9999.0 -9999.0 -9999.0 -9999.0 -9999.0 -9999.0 -9999.0 -9999.0 -9999.0 -9999.0 -9999.0 -9999.0 -9999.0
-9999.0 -9999.0 -9999.0 -9999.0 -9999.0 -9999.0 -9999.0 -9999.0 -9999.0 -9999.0 -9999.0 -9999.0 -9999.0 -9999.0 -9999.0 -9999.0 -9999.0 -9999.0 -9999.0 -9999.0 -9999.0 -9999.0 -9999.0 -9999.0 -9999.0 -9999.0 -9999.0 -9999.0 -9999.0 -9999.0 -9999.0 -9999.0 -9999.0 -9999.0 -9999.0 -9999.0 -9999.0 -9999.0 -9999.0 -9999.0 -9999.0 -9999.0 -9999.0 -9999.0 -9999.0 -9999.0 -9999.0 -9999.0 -9999.0 -9999.0 -9999.0 -9999.0 -9999.0 -9999.0 -9999.0 -9999.0 -9999.0 -9999.0 -9999.0 -9999.0 -9999.0 -9999.0 -9999.0 -9999.0 -9999.0 -9999.0 -9999.0 -9999.0 -9999.0 -9999.0 -9999.0 -9999.0 -9999.0 -9999.0 -9999.0 -9999.0 -9999.0 -9999.0 -9999.0 -9999.0
-9999.0 -9999.0 -9999.0 -9999.0 -9999.0 -9999.0 -9999.0 -9999.0 -9999.0 -9999.0 -9999.0 -9999.0 -9999.0 -9999.0 -9999.0 -9999.0 -9999.0 -9999.0 -9999.0 -9999.0 3125.426816 3126.426312 3104.578205 3070.316752 3041.860403 3043.421196 3076.111712 3116.377813 3154.732551 3161.930055 3142.610866 3146.001093 3141.254988 3136.696899 3136.787392 3144.213234 3150.466933 3160.072686 3166.916310 3164.556719 3157.144548 3152.004603 3154.302866 3155.945310 3162.140172 3148.021267 3163.932161 3179.711971 3184.640234 3182.015323 3158.849075 3147.021379 3139.358392 3124.182271 3150.938523 3162.942555 3186.395993 3191.310718 3189.681636 3163.457972 3133.615691 -9999.0 -9999.0 -9999.0 -9999.0 -9999.0 -9999.0 -9999.0 -9999.0 -9999.0 -9999.0 -9999.0 -9999.0 -9999.0 -9999.0 -9999.0 -9999.0 -9999.0 -9999.0 -9999.0
-9999.0 -9999.0 -9999.0 -9999.0 -9999.0 -9999.0 -9999.0 -9999.0 -9999.0 -9999.0 -9999.0 -9999.0 -9999.0 -9999.0 3035.714462 3026.725967 3023.573341 3030.590602 3062.759194 3092.676615 3104.246573 3096.528274 3096.046943 3071.038277 3047.937389 3060.151352 3089.003940 3118.910704 3151.712435 3168.656509 3157.166492 3154.183291 3160.883278 3179.842535 3187.741561 3183.907688 3166.535638 3189.947245 3203.011352 3207.364315 3205.210702 3195.278277 3204.096554 3218.056371 3211.002039 3195.789959 3206.569035 3221.573719 3232.691933 3224.626186 3167.371375 3155.465456 3152.852945 3149.289991 3136.820145 3133.376941 3162.043845 3162.208587 3155.461286 3138.735115 3105.943875 3061.111077 3042.737026 3083.730420 3127.878644 3184.503249 -9999.0 -9999.0 -9999.0 -9999.0 -9999.0 -9999.0 -9999.0 -9999.0 -9999.0 -9999.0 -9999.0 -9999.0 -9999.0 -9999.0
-9999.0 -9999.0 -9999.0 -9999.0 -9999.0 -9999.0 -9999.0 -9999.0 -9999.0 2980.718543 2984.399516 2991.040915 2993.102729 3007.879085 3004.413588 3010.915425 3014.615815 3041.235437 3070.185928 3103.145928 3129.626759 3119.846683 3118.070394 3121.727068 3116.060892 3123.433977 3143.143282 3178.802349 3209.733708 3244.558945 3210.830656 3205.646761 3222.781471 3263.864479 3286.984064 3288.868443 3270.115397 3286.170800 3309.422878 3325.069198 3321.423240 3315.396211 3341.054221 3356.066317 3350.323222 3329.058893 3327.485957 3334.887949 3364.158111 3314.031148 3248.905138 3210.748325 3226.712309 3205.925558 3180.173483 3169.863305 3171.043097 3191.825013 3180.636435 3147.619551 3114.900572 3103.918022 3087.786932 3109.267563 3133.142071 3179.977322 3220.247324 3250.418865 3250.303683 3233.341410 -9999.0 -9999.0 -9999.0 -9999.0 -9999.0 -9999.0 -9999.0 -9999.0 -9999.0 -9999.0
-9999.0 -9999.0 -9999.0 -9999.0 -9999.0 -9999.0 2902.182134 2912.542390 2933.122745 2935.714144 2961.886215 2966.932486 2982.488225 2999.136710 3020.180332 3032.435950 3056.855109 3086.009352 3121.329895 3158.293349 3184.762269 3173.168087 3177.598685 3196.732659 3223.221640 3241.859807 3263.813021 3300.820016 3372.293289 3408.180044 3401.045299 3401.723062 3409.797767 3459.763313 3523.443646 3534.431451 3513.830456 3500.687083 3523.975459 3561.103786 3559.388834 3558.196195 3571.029734 3581.716645 3608.468446 3597.798504 3561.988136 3556.392216 3562.804897 3540.669239 3472.616446 3415.721165 3396.882935 3350.884114 3268.629227 3226.055821 3249.539032 3277.578988 3256.348026 3207.585654 3176.070073 3171.225257 3160.836821 3154.470379 3167.418350 3190.715456 3215.289282 3229.625377 3218.264227 3197.901147 3176.620289 3148.756535 3151.614253 3176.772207 -9999.0 -9999.0 -9999.0 -9999.0 -9999.0 -9999.0
-9999.0 -9999.0 -9999.0 -9999.0 2852.782353 2865.478153 2850.618685 2876.431232 2908.085683 2941.282503 2968.472416 2996.235315 3018.598470 3044.471154 3076.928710 3098.521228 3129.942774 3158.712253 3204.694918 3265.135398 3308.783406 3321.891002 3329.942763 3380.463784 3436.300632 3483.099834 3501.524133 3527.065560 3572.221654 3628.402887 3650.619049 3653.457153 3670.331389 3713.083097 3768.771874 3803.708311 3786.153412 3777.224058 3787.068453 3801.154638 3823.289700 3823.365076 3824.476648 3828.499739 3835.999699 3834.341987 3807.998735 3774.697123 3761.800790 3751.820249 3714.377067 3642.743586 3612.420079 3583.861726 3542.205917 3488.604355 3440.952817 3441.780610 3387.780234 3333.534697 3283.883684 3276.046807 3256.119978 3240.577564 3223.453865 3235.936358 3248.129511 3233.480528 3204.072180 3175.252201 3162.595392 3145.354109 3134.417752 3165.776747 3183.819093 3213.514856 -9999.0 -9999.0 -9999.0 -9999.0
-9999.0 -9999.0 2794.147746 2839.382085 2896.016978 2901.821709 2895.079989 2897.542644 2923.399223 2972.067479 3029.886222 3066.222853 3094.481844 3123.656546 3173.003136 3234.593807 3293.860211 3335.634476 3392.726965 3461.285150 3519.912087 3546.567476 3555.388846 3590.636971 3644.880539 3713.303573 3741.077401 3767.338621 3798.830871 3834.931575 3827.813799 3838.649876 3850.850957 3863.086298 3877.565977 3884.434426 3879.651993 3875.068548 3856.557143 3851.464855 3857.966484 3865.818443 3864.945781 3850.339387 3846.372477 3861.298531 3867.415120 3865.411394 3862.720931 3867.726359 3863.640193 3815.823299 3797.271667 3782.201658 3770.767070 3724.868322 3658.535049 3626.054472 3604.927932 3564.351582 3491.363455 3453.819757 3414.645080 3380.097019 3342.822404 3329.603669 3297.369949 3265.540715 3227.167757 3186.762869 3168.073489 3154.004294 3153.890289 3154.837678 3172.755030 3188.597252 3204.643224 3212.758243 -9999.0 -9999.0
-9999.0 2694.229657 2766.263320 2876.885836 2953.912240 2988.015323 2996.557252 2999.442863 3023.318436 3053.615470 3139.561839 3189.659960 3271.606876 3307.821239 3347.935130 3437.270163 3530.549561 3573.318929 3611.644879 3674.414054 3739.426600 3786.175404 3812.328715 3792.971748 3831.945068 3860.481447 3868.211060 3874.941413 3874.674569 3866.189875 3859.585414 3866.295192 3863.378851 3844.289738 3828.301614 3826.583039 3823.200847 3799.964650 3772.502031 3757.130169 3758.616277 3783.478016 3770.425474 3749.090525 3744.690679 3766.289293 3787.500981 3776.865418 3763.749604 3780.296824 3814.771810 3839.384214 3841.010372 3859.408077 3880.491619 3851.661843 3829.961467 3786.402781 3769.593047 3744.264473 3687.729895 3633.008805 3585.154824 3536.818619 3484.624112 3435.699184 3388.341051 3341.429057 3288.450116 3255.962031 3231.867373 3189.249719 3176.623067 3183.222047 3178.462649 3177.156456 3183.954919 3190.607976 -9999.0 -9999.0
-9999.0 2599.044668 2739.185329 2904.787156 3044.559587 3084.290926 3146.340254 3201.008689 3213.999513 3159.940176 3259.127196 3474.246485 3593.484701 3610.183378 3684.693892 3778.524031 3763.110417 3794.088210 3816.921361 3841.453820 3861.200301 3875.062602 3873.223383 3867.927385 3851.517900 3843.531338 3842.672620 3840.591511 3823.284037 3804.410099 3787.668841 3784.605514 3766.836335 3717.940923 3684.947486 3667.725578 3649.226532 3635.678794 3608.325294 3582.501240 3566.289446 3577.088428 3574.990103 3561.312501 3556.888509 3575.142112 3605.968327 3603.704757 3614.990574 3634.481676 3669.855656 3707.693091 3726.859519 3755.791803 3791.253973 3838.763543 3847.873758 3870.210802 3873.258289 3862.302962 3816.132312 3764.906090 3735.665636 3680.620112 3621.172876 3559.591595 3511.032266 3466.570382 3411.734463 3377.785527 3338.732132 3285.516596 3242.577521 3234.652894 3201.418835 3188.303844 -9999.0 -9999.0 -9999.0 -9999.0
-9999.0 2498.402031 2679.262394 2905.541954 3194.072279 3265.866585 3465.009597 3577.986292 3616.498242 3682.793317 3569.662396 3770.638808 3821.701730 3816.254548 3830.374847 3833.301585 3847.384860 3846.842752 3841.773800 3830.831202 3821.343877 3816.849800 3815.758853 3807.864985 3795.284810 3780.718284 3768.878506 3757.563537 3721.177930 3689.467186 3650.787649 3638.469504 3594.695937 3503.500659 3464.963753 3427.033474 3367.038766 3369.350309 3376.247340 3352.451882 3333.117449 3305.663995 3334.699165 3344.951726 3348.933802 3344.824460 3354.717043 3382.565790 3429.633330 3463.562908 3502.194613 3549.725438 3579.828163 3618.717702 3658.456632 3710.478861 3741.342031 3770.055616 3818.507432 3855.404615 3878.032648 3864.258343 3845.301737 3801.127211 3741.164691 3692.025279 3663.358170 3613.307293 3570.032934 3526.621271 3480.399722 3427.890482 3366.758854 3313.302106 3279.503696 -9999.0 -9999.0 -9999.0 -9999.0 -9999.0
-9999.0 2278.262662 2543.088035 2795.471683 3067.785930 3405.978196 3572.398450 3667.056396 3729.478178 3710.306906 3731.674926 3738.497946 3775.336829 3782.284148 3760.833646 3747.253339 3730.007786 3728.919164 3741.949287 3714.799956 3684.800388 3671.596133 3672.469975 3661.775001 3638.110876 3623.245829 3613.967717 3595.720229 3552.872857 3503.264300 3420.176603 3386.723085 3309.223296 3270.309856 3234.204669 3187.961436 3144.394262 3150.072008 3174.108083 3165.559992 3145.114541 3128.304540 3157.501685 3177.542315 3190.585231 3174.597438 3181.152800 3215.148772 3261.112933 3300.957304 3344.289823 3391.667892 3432.913273 3471.881939 3492.930929 3532.355757 3574.089996 3615.318086 3684.935596 3762.546725 3797.976349 3832.274701 3861.490183 3883.233981 3840.582830 3814.014454 3790.548807 3767.408065 3721.577157 3676.424768 3635.904999 3571.880342 3512.385931 -9999.0 -9999.0 -9999.0 -9999.0 -9999.0 -9999.0 -9999.0
-9999.0 2165.243072 2360.846232 2556.150363 2786.646498 3011.480711 3228.818235 3318.880403 3388.329448 3456.332528 3508.323419 3545.266647 3571.001727 3592.321595 3569.679092 3524.234574 3492.342193 3497.240205 3488.725369 3467.717292 3440.213571 3427.434521 3425.007774 3420.351113 3399.288717 3389.143960 3382.537030 3364.836210 3339.655221 3287.720969 3216.998788 3145.677093 3092.701704 3073.477537 3051.425942 3025.135770 2998.749267 3012.404964 3025.436636 3025.627474 3019.249580 3019.520270 3048.563895 3068.327031 3077.755950 3066.754975 3084.741374 3107.659648 3144.260789 3182.630842 3226.679244 3276.095609 3323.840598 3343.673089 3345.765805 3357.343704 3384.722855 3427.646376 3503.494476 3588.921422 3665.531265 3710.536415 3760.941970 3800.542423 3828.252425 3853.861290 3875.674753 3868.291492 3842.720555 3809.611182 3751.425075 -9999.0 -9999.0 -9999.0 -9999.0 -9999.0 -9999.0 -9999.0 -9999.0 -9999.0
-9999.0 -9999.0 2134.975692 2290.020503 2391.362471 2557.620764 2705.812704 2819.348022 2868.352658 3000.429293 3120.295162 3211.626419 3257.228013 3272.640728 3258.707091 3230.126339 3212.801068 3212.479449 3201.008232 3194.699591 3180.421525 3175.361584 3164.504967 3157.526193 3153.698103 3153.425038 3151.694901 3144.203431 3128.188545 3087.701192 3051.409515 3007.966782 2967.451351 2946.452265 2928.898952 2912.430184 2916.899942 2912.597484 2918.568539 2921.830706 2931.667815 2945.990554 2965.444443 2984.876107 2994.437157 3004.384644 3015.039941 3036.338382 3065.886825 3105.436543 3156.133701 3209.943542 3245.173694 3251.551314 3233.314165 3228.106901 3236.055186 3264.631968 3327.613128 3396.226536 3484.978572 3549.827874 3616.370411 3671.873445 3698.266856 3734.639134 3804.247299 3852.228509 3893.924547 3871.565416 -9999.0 -9999.0 -9999.0 -9999.0 -9999.0 -9999.0 -9999.0 -9999.0 -9999.0 -9999.0
-9999.0 -9999.0 -9999.0 -9999.0 2152.479976 2301.346994 2400.641732 2483.198359 2619.803974 2753.995792 2806.442425 2892.439325 2960.568707 2979.318581 2979.778764 2996.005183 2994.985362 2986.045735 2975.405045 2980.320447 2985.351640 2979.615372 2969.777352 2964.191563 2968.847748 2977.699327 2977.157880 2965.756513 2949.382195 2936.490131 2924.892623 2895.766911 2865.095074 2839.303331 2828.815846 2826.982580 2828.192371 2821.241127 2830.305495 2839.656838 2855.931743 2871.255483 2894.806549 2924.393625 2938.997499 2953.519224 2961.888621 2980.102037 3005.675807 3056.688770 3117.827754 3173.701992 3206.816664 3206.798257 3177.959757 3155.952222 3143.269679 3160.415163 3189.204629 3239.766439 3328.452766 3390.127178 3435.397951 3474.129447 3510.321087 3574.896311 3668.581500 3749.383021 -9999.0 -9999.0 -9999.0 -9999.0 -9999.0 -9999.0 -9999.0 -9999.0 -9999.0 -9999.0 -9999.0 -9999.0
-9999.0 -9999.0 -9999.0 -9999.0 -9999.0 -9999.0 2130.761912 2237.915428 2307.804439 2463.362055 2611.020036 2721.901534 2807.970077 2845.538823 2819.268645 2849.349517 2849.857260 2829.669257 2807.959878 2829.863037 2849.222915 2843.156203 2811.303489 2813.485837 2821.509341 2830.652743 2829.661950 2825.530557 2803.004396 2821.755235 2828.288633 2807.927879 2784.921145 2801.742405 2789.882664 2799.241040 2798.848468 2784.060667 2782.796823 2791.426859 2812.754741 2825.781807 2846.838568 2880.004282 2912.378721 2927.845243 2928.434241 2932.745111 2968.995488 3034.301440 3104.669003 3159.092271 3189.379103 3193.734081 3162.769357 3117.667195 3091.187062 3089.711730 3113.586077 3152.511936 3212.962345 3248.803499 3259.674218 3260.570393 3272.560756 3371.403796 -9999.0 -9999.0 -9999.0 -9999.0 -9999.0 -9999.0 -9999.0 -9999.0 -9999.0 -9999.0 -9999.0 -9999.0 -9999.0 -9999.0
-9999.0 -9999.0 -9999.0 -9999.0 -9999.0 -9999.0 -9999.0 -9999.0 -9999.0 -9999.0 -9999.0 -9999.0 -9999.0 -9999.0 -9999.0 -9999.0 -9999.0 -9999.0 -9999.0 -9999.0 -9999.0 -9999.0 -9999.0 -9999.0 -9999.0 -9999.0 -9999.0 -9999.0 -9999.0 -9999.0 -9999.0 -9999.0 -9999.0 -9999.0 -9999.0 -9999.0 -9999.0 -9999.0 -9999.0 -9999.0 -9999.0 -9999.0 -9999.0 -9999.0 -9999.0 -9999.0 -9999.0 -9999.0 -9999.0 -9999.0 -9999.0 -9999.0 -9999.0 -9999.0 -9999.0 -9999.0 -9999.0 -9999.0 -9999.0 -9999.0 -9999.0 -9999.0 -9999.0 -9999.0 -9999.0 -9999.0 -9999.0 -9999.0 -9999.0 -9999.0 -9999.0 -9999.0 -9999.0 -9999.0 -9999.0 -9999.0 -9999.0 -9999.0 -9999.0 -9999.0
-9999.0 -9999.0 -9999.0 -9999.0 -9999.0 -9999.0 -9999.0 -9999.0 -9999.0 -9999.0 -9999.0 -9999.0 -9999.0 -9999.0 -9999.0 -9999.0 -9999.0 -9999.0 -9999.0 -9999.0 -9999.0 -9999.0 -9999.0 -9999.0 -9999.0 -9999.0 -9999.0 -9999.0 -9999.0 -9999.0 -9999.0 -9999.0 -9999.0 -9999.0 -9999.0 -9999.0 -9999.0 -9999.0 -9999.0 -9999.0 -9999.0 -9999.0 -9999.0 -9999.0 -9999.0 -9999.0 -9999.0 -9999.0 -9999.0 -9999.0 -9999.0 -9999.0 -9999.0 -9999.0 -9999.0 -9999.0 -9999.0 -9999.0 -9999.0 -9999.0 -9999.0 -9999.0 -9999.0 -9999.0 -9999.0 -9999.0 -9999.0 -9999.0 -9999.0 -9999.0 -9999.0 -9999.0 -9999.0 -9999.0 -9999.0 -9999.0 -9999.0 -9999.0 -9999.0 -9999.0