Borden_/Borden1m_014/output_maps/psiliqL0004N0040.asc
ncols         80
nrows         18
xllcorner     620200.000000
yllcorner     5168000.000000
cellsize      1.000000
NODATA_value  -9999.0
-9999.0 -9999.0 -9999.0 -9999.0 -9999.0 -9999.0 -9999.0 -9999.0 -9999.0 -9999.0 -9999.0 -9999.0 -9999.0 -9999.0 -9999.0 -9999.0 -9999.0 -9999.0 -9999.0 -9999.0 -9999.0 -9999.0 -9999.0 -9999.0 -9999.0 -9999.0 -9999.0 -9999.0 -9999.0 -9999.0 -9999.0 -9999.0 -9999.0 -9999.0 -9999.0 -9999.0 -9999.0 -9999.0 -9999.0 -9999.0 -9999.0 -9999.0 -9999.0 -9999.0 -9999.0 -9999.0 -9999.0 -9999.0 -9999.0 -9999.0 -9999.0 -9999.0 -9999.0 -9999.0 -9999.0 -9999.0 -9999.0 -9999.0 -9999.0 -9999.0 -9999.0 -9999.0 -9999.0 -9999.0 -9999.0 -9999.0 -9999.0 -9999.0 -9999.0 -9999.0 -9999.0 -9999.0 -9999.0 -9999.0 -9999.0 -9999.0 -9999.0 -9999.0 -9999.0 -9999.0
-9999.0 -9999.0 -9999.0 -9999.0 -9999.0 -9999.0 -9999.0 -9999.0 -9999.0 -9999.0 -9999.0 -9999.0 -9999.0 -9999.0 -9999.0 -9999.0 -9999.0 -9999.0 -9999.0 -9999.0 -9999.0 -9999.0 -9999.0 -9999.0 -9999.0 -9999.0 -9999.0 -9999.0 -9999.0 -9999.0 -9999.0 -9999.0 -9999.0 -9999.0 -9999.0 -9999.0 -9999.0 -9999.0 -9999.0 -9999.0 -9999.0 -9999.0 -9999.0 -9999.0 -9999.0 -9999.0 -9999.0 -9999.0 -9999.0 -9999.0 -9999.0 -9999.0 -9999.0 -9999.0 -9999.0 -9999.0 -9999.0 -9999.0 -9999.0 -9999.0 -9999.0 -9999.0 -9999.0 -9999.0 -9999.0 -9999.0 -9999.0 -9999.0 -9999.0 -9999.0 -9999.0 -9999.0 -9999.0 -9999.0 -9999.0 -9999.0 -9999.0 -9999.0 -9999.0 -9999.0
-9999.0 -9999.0 -9999.0 -9999.0 -9999.0 -9999.0 -9999.0 -9999.0 -9999.0 -9999.0 -9999.0 -9999.0 -9999.0 -9999.0 -9999.0 -9999.0 -9999.0 -9999.0 -9999.0 -9999.0 -607.040036 -605.254146 -610.581665 -617.107099 -622.413150 -622.760589 -616.639168 -609.173996 -600.966070 -598.989859 -604.637223 -603.627711 -605.672623 -606.561630 -606.364489 -604.747571 -604.003884 -601.315364 -599.466104 -599.946021 -601.773530 -603.218344 -604.139645 -603.522784 -601.702537 -604.359202 -600.320137 -596.045562 -594.347399 -594.938239 -601.327756 -604.315375 -605.563716 -609.834453 -602.072743 -599.157567 -592.703175 -591.744565 -591.138646 -598.407763 -605.719368 -9999.0 -9999.0 -9999.0 -9999.0 -9999.0 -9999.0 -9999.0 -9999.0 -9999.0 -9999.0 -9999.0 -9999.0 -9999.0 -9999.0 -9999.0 -9999.0 -9999.0 -9999.0 -9999.0
-9999.0 -9999.0 -9999.0 -9999.0 -9999.0 -9999.0 -9999.0 -9999.0 -9999.0 -9999.0 -9999.0 -9999.0 -9999.0 -9999.0 -619.909431 -622.456077 -623.569465 -623.702714 -618.170101 -613.407771 -612.318525 -614.907558 -613.376255 -618.995982 -623.877549 -620.881229 -615.852857 -610.937092 -603.919333 -598.913273 -603.021696 -604.026366 -601.499508 -593.311167 -589.233228 -590.611037 -599.103103 -590.902323 -585.953588 -582.765701 -583.165583 -586.951931 -581.171426 -574.546449 -577.576770 -584.633770 -583.387781 -579.228513 -572.781447 -577.438500 -599.940539 -603.775527 -603.231907 -603.523713 -606.734649 -608.742560 -600.784115 -601.314480 -602.979423 -605.672559 -611.711687 -620.399498 -624.017503 -615.607414 -606.943633 -591.303653 -9999.0 -9999.0 -9999.0 -9999.0 -9999.0 -9999.0 -9999.0 -9999.0 -9999.0 -9999.0 -9999.0 -9999.0 -9999.0 -9999.0
-9999.0 -9999.0 -9999.0 -9999.0 -9999.0 -9999.0 -9999.0 -9999.0 -9999.0 -626.005464 -626.405966 -625.554256 -626.821379 -624.344408 -627.387174 -626.380840 -626.527582 -622.635554 -618.712561 -612.833246 -606.146033 -610.222362 -610.678710 -607.426462 -606.543344 -604.471110 -600.489740 -589.065331 -575.411444 -556.941266 -570.990513 -571.633462 -562.879725 -533.794235 -505.198665 -495.792852 -511.295573 -510.659230 -490.201759 -464.871676 -461.915280 -462.921020 -436.404768 -421.536143 -413.236182 -434.331983 -459.728113 -464.089441 -437.791077 -488.872907 -534.691357 -566.443655 -565.797113 -578.297636 -592.327127 -598.144322 -599.539310 -590.770260 -594.778169 -604.357486 -612.405842 -611.663446 -615.614227 -611.579645 -607.648160 -595.334742 -584.105355 -573.934861 -573.467722 -579.693396 -9999.0 -9999.0 -9999.0 -9999.0 -9999.0 -9999.0 -9999.0 -9999.0 -9999.0 -9999.0
-9999.0 -9999.0 -9999.0 -9999.0 -9999.0 -9999.0 -632.486728 -632.467566 -630.664155 -634.228662 -630.698853 -632.238042 -629.474602 -627.763249 -625.501185 -624.536260 -619.586721 -614.639987 -606.766848 -596.621843 -587.621490 -590.797479 -588.199305 -575.742499 -553.827700 -533.873983 -519.433641 -490.847840 -409.143523 -352.680783 -331.649198 -322.864937 -312.853969 -277.116621 -219.519909 -201.929539 -221.168163 -235.656520 -215.499010 -171.029348 -103.792802 -100.585113 -94.130685 -86.973499 -60.583214 -66.938585 -164.088672 -194.381271 -205.855103 -217.901724 -266.726564 -318.927139 -371.131618 -429.588976 -505.987222 -544.199276 -548.961277 -542.549068 -558.519142 -579.574956 -592.879614 -594.090682 -597.131683 -601.375292 -599.324288 -594.017728 -586.470323 -582.045257 -585.640841 -591.014244 -595.853250 -603.579818 -602.597696 -595.252444 -9999.0 -9999.0 -9999.0 -9999.0 -9999.0 -9999.0
-9999.0 -9999.0 -9999.0 -9999.0 -639.719388 -637.642198 -643.332441 -639.683521 -636.448048 -633.621820 -632.376479 -627.731284 -625.521288 -621.703155 -614.486696 -608.009337 -597.806400 -589.255895 -569.427451 -532.515858 -493.702088 -466.569300 -445.637933 -369.857510 -307.194857 -262.744958 -244.647239 -216.679558 -167.639844 -54.143585 -26.199269 -21.587687 -30.037176 19.747484 31.943401 87.184327 48.365643 70.182910 73.286097 81.273763 106.273346 107.107031 108.214589 108.357656 110.461195 111.869542 91.097583 60.095109 48.638354 40.594593 -6.793782 -39.309527 -135.811390 -173.310852 -199.523885 -244.085058 -307.767704 -333.939960 -399.068301 -460.808099 -520.183608 -538.654558 -556.560544 -567.002745 -579.130256 -577.521579 -574.853343 -581.221699 -590.037095 -598.492099 -600.619214 -604.572549 -607.896823 -598.782658 -594.646624 -584.529539 -9999.0 -9999.0 -9999.0 -9999.0
-9999.0 -9999.0 -641.292526 -640.125063 -633.833858 -636.523304 -638.308974 -640.723064 -638.745342 -632.093464 -619.523908 -612.200068 -602.706986 -596.595995 -577.046563 -533.306138 -472.809774 -419.486023 -348.411413 -290.126705 -233.768586 -190.979441 -130.547181 -77.601642 -52.360644 15.249854 10.299793 57.970511 84.844268 112.111621 136.737101 151.685179 157.494440 151.093580 151.159517 148.392111 147.162226 143.219154 127.226618 124.931358 132.486577 134.592624 138.255746 125.896986 122.126339 134.450877 136.574244 136.529378 138.781532 146.457087 156.662015 127.687812 74.793575 62.662827 31.682957 20.868402 -49.186035 -133.738871 -161.260265 -201.365854 -278.646026 -324.749733 -379.233926 -442.896660 -499.625140 -525.659638 -550.713381 -566.735358 -581.670109 -595.194946 -600.175386 -603.492317 -602.451085 -603.091229 -598.108709 -593.858861 -588.470943 -586.140197 -9999.0 -9999.0
-9999.0 -644.390455 -645.032257 -633.530292 -629.245974 -625.501173 -621.134700 -617.402569 -613.508297 -615.181441 -583.065244 -526.009582 -457.614064 -426.374975 -359.780063 -261.898872 -112.825007 -77.514241 -67.755189 -12.223259 37.529732 75.545310 101.838461 133.647926 157.496656 152.231939 150.670382 148.844420 141.656406 133.887508 124.005094 131.801285 130.129640 115.070397 103.039546 102.011389 83.561072 73.868402 49.169277 37.107238 42.554919 63.155326 53.385157 33.283875 29.456872 48.981792 64.445332 55.526646 42.675641 59.201443 89.032001 108.281959 124.607692 138.184354 158.146065 136.325519 103.857954 66.258567 25.595001 26.421478 -75.706266 -141.470854 -195.187557 -260.054927 -317.792437 -386.104961 -459.109609 -511.912921 -549.397004 -564.528632 -574.417302 -592.081119 -597.572746 -594.839150 -597.235052 -597.587016 -595.354041 -593.477235 -9999.0 -9999.0
-9999.0 -653.978347 -643.892012 -629.745514 -610.707520 -603.525362 -555.877955 -509.688258 -489.132305 -510.300800 -392.947178 -111.589821 -69.659269 -43.696641 8.265275 77.726884 119.283637 141.581050 156.055336 146.807051 141.910288 143.889407 139.256279 131.850093 118.066252 110.789692 110.842149 108.645258 91.452251 73.843526 58.488158 57.713264 42.478859 9.318102 -38.843042 -55.625591 -96.543155 -123.974073 -159.407686 -184.892728 -196.336431 -175.577258 -186.772691 -206.084807 -209.992529 -185.943948 -153.531198 -160.694969 -157.667862 -135.646827 -89.738845 -9.838038 12.585603 36.503090 69.558239 109.104271 127.562100 146.921048 151.927043 128.228542 69.255636 44.658788 15.283753 -89.980163 -167.390692 -248.373964 -302.245279 -345.206263 -411.223885 -462.794639 -507.387763 -543.615902 -569.643014 -577.204630 -590.138635 -593.967973 -9999.0 -9999.0 -9999.0 -9999.0
-9999.0 -655.402010 -645.121528 -619.687634 -558.702959 -477.795119 -311.695535 -174.289343 -31.255302 -47.617001 58.937462 136.939775 146.305950 131.497053 106.550202 103.526302 113.338980 115.546556 111.294496 102.121371 91.314680 85.786982 62.691727 78.567194 66.871459 52.181905 41.639870 29.021870 -51.712325 -89.723780 -118.561508 -133.251890 -165.472293 -250.539764 -288.160017 -311.893325 -364.506260 -380.754759 -398.337552 -432.143864 -451.778636 -464.945909 -448.467723 -451.470309 -452.277334 -442.008998 -417.872425 -398.411734 -352.113467 -319.438315 -283.544925 -231.420642 -197.292151 -154.001157 -100.676704 -3.130525 26.680970 51.451717 72.571189 129.019735 149.690036 142.603719 114.057856 77.537853 18.428715 -97.597654 -154.913451 -228.669908 -285.065475 -321.859832 -349.400812 -397.265007 -471.859667 -539.165351 -557.067152 -9999.0 -9999.0 -9999.0 -9999.0 -9999.0
-9999.0 -669.543366 -646.551413 -624.832817 -528.703332 -296.224589 -201.372925 39.827479 101.818473 29.957433 -50.694532 22.908857 23.346458 58.248376 33.319732 18.879644 19.289486 18.859530 29.843892 -21.597218 -77.714216 -93.993347 -95.708215 -106.723962 -128.530190 -146.604649 -160.481678 -181.536692 -235.721756 -280.018068 -337.157189 -362.695867 -441.642074 -506.292569 -536.500962 -560.427437 -582.591065 -582.596359 -576.140332 -582.530976 -589.695707 -596.486099 -587.937388 -583.547981 -579.813711 -583.956053 -581.822901 -569.504224 -548.612832 -525.710025 -487.919073 -430.696669 -377.163943 -323.007664 -293.218664 -239.449068 -192.660927 -145.884657 -70.592735 44.665491 65.949157 103.976178 140.026517 157.281092 117.997217 77.306760 13.891953 -99.793436 -202.555536 -246.893260 -262.918405 -282.559309 -320.959465 -9999.0 -9999.0 -9999.0 -9999.0 -9999.0 -9999.0 -9999.0
-9999.0 -677.118629 -653.354216 -647.441290 -611.252797 -537.154821 -410.908653 -295.265659 -146.417745 -242.893538 -254.408683 -226.034073 -195.254904 -174.030706 -198.045994 -233.159414 -257.176128 -254.099864 -253.851780 -278.066359 -305.202155 -316.705826 -317.272745 -324.248856 -351.522449 -372.281209 -386.768211 -413.496796 -454.743616 -504.079387 -554.780137 -580.510717 -599.065754 -606.712224 -612.230128 -617.824366 -626.362387 -622.331930 -618.797145 -619.739027 -622.438960 -624.167499 -617.755718 -614.885931 -612.761569 -617.769918 -613.612363 -608.878876 -599.406079 -589.263608 -575.252234 -555.251749 -529.495605 -509.094168 -493.646545 -460.895603 -410.127251 -341.303463 -267.575379 -170.664557 -97.403015 -17.564048 41.592653 46.870017 89.827489 93.504812 99.315547 47.778040 -175.459577 -211.509341 -214.080516 -9999.0 -9999.0 -9999.0 -9999.0 -9999.0 -9999.0 -9999.0 -9999.0 -9999.0
-9999.0 -9999.0 -682.563915 -672.106740 -662.844795 -651.105371 -633.952605 -613.022557 -595.815258 -574.646101 -543.439868 -505.132536 -476.258592 -462.244071 -479.998786 -513.112535 -530.520791 -529.854596 -534.555697 -543.110505 -557.091033 -561.984834 -565.623405 -568.627302 -574.862297 -577.713735 -579.178761 -582.237300 -588.531508 -601.179148 -612.612616 -621.033557 -629.438902 -630.424678 -632.219916 -634.983858 -633.498926 -633.952823 -633.168258 -633.388137 -632.723218 -631.370955 -629.425248 -626.977956 -626.443651 -625.691234 -624.516249 -621.601677 -617.077167 -610.860910 -600.180897 -585.573467 -574.287284 -571.228380 -576.061602 -574.240334 -566.114175 -545.834615 -480.474740 -377.715991 -294.460167 -226.713282 -156.061016 -110.643766 -95.877537 -73.702120 15.476867 -111.443434 -267.353863 -255.697863 -9999.0 -9999.0 -9999.0 -9999.0 -9999.0 -9999.0 -9999.0 -9999.0 -9999.0 -9999.0
-9999.0 -9999.0 -9999.0 -9999.0 -687.089714 -672.331477 -659.440125 -659.673420 -649.160533 -641.285485 -633.187235 -623.831754 -615.989093 -611.438125 -615.876484 -617.307314 -618.684325 -618.417437 -619.741944 -621.033372 -621.849195 -622.892747 -624.130864 -625.370792 -625.072902 -624.069576 -623.949048 -626.035119 -626.885729 -630.831566 -632.181266 -635.070917 -637.792068 -640.414636 -640.330450 -640.654354 -639.806826 -640.827895 -639.252996 -639.880084 -638.474884 -637.598583 -635.658767 -632.729680 -632.999316 -631.325574 -630.882623 -628.520400 -626.462139 -619.494071 -608.699985 -596.517691 -588.237104 -588.246290 -597.410093 -601.842127 -603.821613 -597.335642 -585.232852 -560.253718 -497.230675 -418.372351 -340.136282 -299.710808 -272.342702 -231.718312 -189.514429 -180.808561 -9999.0 -9999.0 -9999.0 -9999.0 -9999.0 -9999.0 -9999.0 -9999.0 -9999.0 -9999.0 -9999.0 -9999.0
-9999.0 -9999.0 -9999.0 -9999.0 -9999.0 -9999.0 -680.901777 -673.496512 -675.248514 -668.898259 -662.857133 -657.765646 -650.912690 -650.809135 -648.792340 -644.184132 -644.862515 -647.236300 -650.074532 -646.120900 -644.303774 -644.106041 -648.670113 -647.624913 -647.107554 -645.389984 -645.559382 -645.081065 -648.929996 -644.834609 -642.998425 -644.213305 -645.410613 -644.926869 -645.936510 -643.341072 -643.034722 -645.178971 -645.721167 -642.471549 -641.292821 -641.396870 -640.346357 -637.624018 -633.999171 -633.124588 -634.279972 -635.715116 -631.373341 -621.753365 -610.327531 -599.929073 -593.152569 -591.338450 -599.646440 -610.523499 -615.994061 -616.168933 -610.616526 -600.113376 -577.971164 -561.148360 -546.213810 -530.252869 -507.615807 -409.518547 -9999.0 -9999.0 -9999.0 -9999.0 -9999.0 -9999.0 -9999.0 -9999.0 -9999.0 -9999.0 -9999.0 -9999.0 -9999.0 -9999.0
-9999.0 -9999.0 -9999.0 -9999.0 -9999.0 -9999.0 -9999.0 -9999.0 -9999.0 -9999.0 -9999.0 -9999.0 -9999.0 -9999.0 -9999.0 -9999.0 -9999.0 -9999.0 -9999.0 -9999.0 -9999.0 -9999.0 -9999.0 -9999.0 -9999.0 -9999.0 -9999.0 -9999.0 -9999.0 -9999.0 -9999.0 -9999.0 -9999.0 -9999.0 -9999.0 -9999.0 -9999.0 -9999.0 -9999.0 -9999.0 -9999.0 -9999.0 -9999.0 -9999.0 -9999.0 -9999.0 -9999.0 -9999.0 -9999.0 -9999.0 -9999.0 -9999.0 -9999.0 -9999.0 -9999.0 -9999.0 -9999.0 -9999.0 -9999.0 -9999.0 -9999.0 -9999.0 -9999.0 -9999.0 -9999.0 -9999.0 -9999.0 -9999.0 -9999.0 -9999.0 -9999.0 -9999.0 -9999.0 -9999.0 -9999.0 -9999.0 -9999.0 -9999.0 -9999.0 -9999.0
-9999.0 -9999.0 -9999.0 -9999.0 -9999.0 -9999.0 -9999.0 -9999.0 -9999.0 -9999.0 -9999.0 -9999.0 -9999.0 -9999.0 -9999.0 -9999.0 -9999.0 -9999.0 -9999.0 -9999.0 -9999.0 -9999.0 -9999.0 -9999.0 -9999.0 -9999.0 -9999.0 -9999.0 -9999.0 -9999.0 -9999.0 -9999.0 -9999.0 -9999.0 -9999.0 -9999.0 -9999.0 -9999.0 -9999.0 -9999.0 -9999.0 -9999.0 -9999.0 -9999.0 -9999.0 -9999.0 -9999.0 -9999.0 -9999.0 -9999.0 -9999.0 -9999.0 -9999.0 -9999.0 -9999.0 -9999.0 -9999.0 -9999.0 -9999.0 -9999.0 -9999.0 -9999.0 -9999.0 -9999.0 -9999.0 -9999.0 -9999.0 -9999.0 -9999.0 -9999.0 -9999.0 -9999.0 -9999.0 -9999.0 -9999.0 -9999.0 -9999.0 -9999.0 -9999.0 -9999.0