Borden_/Borden1m_014/output_maps/psiliqL0028N0033.asc
ncols         80
nrows         18
xllcorner     620200.000000
yllcorner     5168000.000000
cellsize      1.000000
NODATA_value  -9999.0
-9999.0 -9999.0 -9999.0 -9999.0 -9999.0 -9999.0 -9999.0 -9999.0 -9999.0 -9999.0 -9999.0 -9999.0 -9999.0 -9999.0 -9999.0 -9999.0 -9999.0 -9999.0 -9999.0 -9999.0 -9999.0 -9999.0 -9999.0 -9999.0 -9999.0 -9999.0 -9999.0 -9999.0 -9999.0 -9999.0 -9999.0 -9999.0 -9999.0 -9999.0 -9999.0 -9999.0 -9999.0 -9999.0 -9999.0 -9999.0 -9999.0 -9999.0 -9999.0 -9999.0 -9999.0 -9999.0 -9999.0 -9999.0 -9999.0 -9999.0 -9999.0 -9999.0 -9999.0 -9999.0 -9999.0 -9999.0 -9999.0 -9999.0 -9999.0 -9999.0 -9999.0 -9999.0 -9999.0 -9999.0 -9999.0 -9999.0 -9999.0 -9999.0 -9999.0 -9999.0 -9999.0 -9999.0 -9999.0 -9999.0 -9999.0 -9999.0 -9999.0 -9999.0 -9999.0 -9999.0
-9999.0 -9999.0 -9999.0 -9999.0 -9999.0 -9999.0 -9999.0 -9999.0 -9999.0 -9999.0 -9999.0 -9999.0 -9999.0 -9999.0 -9999.0 -9999.0 -9999.0 -9999.0 -9999.0 -9999.0 -9999.0 -9999.0 -9999.0 -9999.0 -9999.0 -9999.0 -9999.0 -9999.0 -9999.0 -9999.0 -9999.0 -9999.0 -9999.0 -9999.0 -9999.0 -9999.0 -9999.0 -9999.0 -9999.0 -9999.0 -9999.0 -9999.0 -9999.0 -9999.0 -9999.0 -9999.0 -9999.0 -9999.0 -9999.0 -9999.0 -9999.0 -9999.0 -9999.0 -9999.0 -9999.0 -9999.0 -9999.0 -9999.0 -9999.0 -9999.0 -9999.0 -9999.0 -9999.0 -9999.0 -9999.0 -9999.0 -9999.0 -9999.0 -9999.0 -9999.0 -9999.0 -9999.0 -9999.0 -9999.0 -9999.0 -9999.0 -9999.0 -9999.0 -9999.0 -9999.0
-9999.0 -9999.0 -9999.0 -9999.0 -9999.0 -9999.0 -9999.0 -9999.0 -9999.0 -9999.0 -9999.0 -9999.0 -9999.0 -9999.0 -9999.0 -9999.0 -9999.0 -9999.0 -9999.0 -9999.0 3725.108805 3725.772358 3704.092817 3669.786153 3641.328563 3642.898148 3675.321334 3715.609465 3754.225610 3760.941619 3741.419961 3745.207539 3740.571012 3735.306400 3734.938928 3742.658919 3749.546506 3758.879393 3765.492055 3762.794182 3755.169848 3750.132807 3753.080024 3754.420610 3760.835656 3745.745263 3762.092447 3778.571909 3783.209029 3780.895525 3757.734783 3746.473984 3738.787537 3723.373650 3750.482139 3762.328290 3786.137080 3791.063343 3789.257458 3762.821883 3732.937381 -9999.0 -9999.0 -9999.0 -9999.0 -9999.0 -9999.0 -9999.0 -9999.0 -9999.0 -9999.0 -9999.0 -9999.0 -9999.0 -9999.0 -9999.0 -9999.0 -9999.0 -9999.0 -9999.0
-9999.0 -9999.0 -9999.0 -9999.0 -9999.0 -9999.0 -9999.0 -9999.0 -9999.0 -9999.0 -9999.0 -9999.0 -9999.0 -9999.0 3635.221846 3626.476818 3623.364506 3630.203869 3662.213824 3692.238595 3703.673041 3695.981101 3695.494194 3670.275128 3646.711488 3658.713236 3687.657954 3717.530262 3750.334141 3766.834030 3755.599123 3752.631776 3758.774359 3776.991574 3783.896907 3779.934796 3762.532453 3786.863597 3799.522536 3803.106579 3800.806579 3790.669688 3798.603410 3812.265780 3805.130242 3790.203537 3802.204952 3817.782610 3828.297806 3821.185747 3764.212353 3753.660568 3750.957970 3747.732356 3735.215449 3732.171648 3761.455659 3761.393341 3754.778937 3738.110552 3705.074672 3659.990180 3641.424320 3682.836696 3726.905336 3783.457532 -9999.0 -9999.0 -9999.0 -9999.0 -9999.0 -9999.0 -9999.0 -9999.0 -9999.0 -9999.0 -9999.0 -9999.0 -9999.0 -9999.0
-9999.0 -9999.0 -9999.0 -9999.0 -9999.0 -9999.0 -9999.0 -9999.0 -9999.0 3578.023946 3584.049095 3590.694920 3592.903483 3607.623108 3603.910066 3610.428534 3613.493845 3640.366610 3669.128774 3701.906005 3728.145349 3718.493835 3716.498464 3718.839726 3711.151312 3717.757092 3737.524844 3773.307653 3802.815874 3836.925549 3802.336461 3796.735912 3813.736209 3853.755299 3874.718915 3875.481742 3856.584871 3874.870886 3898.083964 3912.569406 3908.586275 3901.945762 3928.271255 3943.870097 3936.185875 3914.101609 3914.876807 3923.748221 3953.766622 3903.020905 3836.937052 3800.954441 3819.121608 3799.677447 3776.134429 3767.063519 3768.819491 3789.751198 3779.007991 3746.068177 3713.758153 3702.346393 3686.139623 3708.436042 3732.432482 3779.381247 3819.890645 3850.211482 3849.882992 3832.867020 -9999.0 -9999.0 -9999.0 -9999.0 -9999.0 -9999.0 -9999.0 -9999.0 -9999.0 -9999.0
-9999.0 -9999.0 -9999.0 -9999.0 -9999.0 -9999.0 3499.655449 3510.134625 3530.670409 3532.591870 3558.892867 3563.377785 3581.437709 3597.771422 3619.077024 3630.681294 3654.189300 3683.020264 3717.580364 3753.635620 3779.903150 3766.718070 3771.041571 3788.060272 3812.113862 3828.804881 3850.885191 3888.411097 3960.497709 3996.321170 3986.204604 3986.308309 3994.319195 4045.077184 4109.149662 4119.218158 4098.423808 4085.711608 4110.291912 4148.454543 4145.427568 4144.108636 4158.162955 4169.428923 4196.387357 4184.760317 4148.888634 4144.988014 4153.335810 4128.857991 4057.790337 4001.438826 3985.158818 3938.095868 3854.018902 3813.412494 3840.760528 3870.691536 3850.562663 3801.994545 3771.369496 3767.248085 3757.332607 3752.090447 3766.157478 3790.232140 3814.810327 3829.440487 3818.034031 3797.502241 3776.270039 3748.438170 3751.420006 3776.480734 -9999.0 -9999.0 -9999.0 -9999.0 -9999.0 -9999.0
-9999.0 -9999.0 -9999.0 -9999.0 3450.578520 3463.133147 3447.423247 3473.336951 3504.612924 3537.513398 3563.642028 3593.809955 3615.627017 3641.090615 3672.260589 3691.352193 3721.133461 3749.337598 3794.976623 3854.667098 3897.597733 3909.066582 3916.679212 3966.942791 4022.785102 4069.092242 4087.780399 4114.041845 4161.478838 4218.359784 4240.244627 4242.497084 4259.474372 4304.619037 4363.022244 4398.757305 4380.756796 4371.357806 4382.416020 4397.556762 4419.721836 4419.755557 4420.902499 4425.512871 4433.813288 4431.618861 4404.061936 4370.189376 4357.066616 4346.503570 4306.190154 4232.753237 4203.639500 4173.752328 4128.109610 4072.687540 4028.445760 4032.481260 3977.312981 3921.704911 3873.666859 3868.145106 3849.609768 3835.233684 3819.858739 3833.935000 3847.324956 3833.141708 3803.548228 3774.794881 3762.334534 3745.175576 3733.971661 3765.508830 3783.588200 3812.991649 -9999.0 -9999.0 -9999.0 -9999.0
-9999.0 -9999.0 3392.221167 3436.486407 3492.995920 3497.968641 3489.196661 3490.733175 3515.909124 3563.815612 3623.227824 3657.254055 3683.111768 3712.513215 3761.341068 3820.071158 3878.138438 3920.230271 3978.767429 4048.724392 4107.905278 4134.163223 4142.368542 4178.463726 4234.259019 4305.657616 4334.532470 4361.693881 4394.581234 4432.441060 4420.475310 4430.555728 4443.816467 4458.615030 4475.466854 4483.606756 4478.371801 4473.686880 4454.905998 4449.390429 4455.807448 4464.502582 4463.001747 4448.050507 4444.059155 4459.344671 4466.044658 4463.648197 4460.246433 4464.711168 4458.510932 4407.938886 4394.232391 4378.391152 4365.619662 4318.465518 4250.456145 4218.999878 4196.427981 4154.183939 4080.144163 4044.441198 4006.030101 3972.629679 3936.578895 3925.581576 3894.779786 3863.636924 3825.721494 3785.589944 3767.148785 3753.573825 3753.621213 3754.460174 3772.579902 3788.400163 3804.468491 3812.590336 -9999.0 -9999.0
-9999.0 3281.180142 3351.456968 3471.370399 3547.820603 3582.301059 3585.693809 3584.450129 3608.632409 3641.954443 3725.153112 3767.895908 3850.374675 3888.878949 3928.431575 4018.361600 4114.463894 4158.894995 4199.181590 4265.361824 4333.150864 4381.212280 4408.037790 4380.912013 4422.154081 4455.598245 4464.946335 4472.867961 4473.826466 4465.218137 4459.120845 4465.637429 4462.458181 4442.824831 4426.320395 4424.401541 4420.896080 4397.181892 4369.341231 4353.407131 4354.348280 4379.811867 4366.321284 4344.749956 4340.255026 4362.222245 4384.341602 4373.386206 4360.099657 4376.819262 4411.997417 4438.064827 4437.511394 4456.526333 4477.755254 4447.940627 4427.870443 4382.869018 4365.560183 4339.816201 4281.817550 4226.884135 4178.330028 4130.071077 4078.233163 4030.594200 3983.438529 3936.592872 3884.119070 3851.801764 3828.218456 3786.648811 3775.293532 3782.574190 3778.293108 3777.050407 3783.807922 3790.445872 -9999.0 -9999.0
-9999.0 3181.189673 3318.706768 3493.878261 3634.565384 3671.249247 3725.010300 3776.632614 3788.414121 3728.676831 3830.074093 4048.996593 4177.061138 4196.172753 4273.926275 4372.089949 4348.679732 4380.984542 4405.174728 4434.650951 4458.274981 4473.861530 4472.468760 4467.669425 4450.889775 4442.817380 4441.859338 4439.649278 4421.903170 4402.635004 4385.596481 4382.115602 4363.559078 4312.309688 4278.430410 4260.207258 4239.741510 4226.779475 4200.034230 4173.648816 4156.333476 4165.450758 4164.745809 4151.954156 4147.557369 4165.198141 4196.170118 4195.159002 4208.380301 4228.288644 4263.856372 4302.883173 4322.369543 4351.921193 4387.945758 4437.278695 4445.022108 4467.733367 4470.326826 4461.355095 4413.710675 4361.340489 4331.587810 4275.544878 4215.903415 4154.133691 4104.827144 4060.050693 4004.580657 3971.170662 3932.616795 3879.289190 3838.058215 3832.696513 3800.100298 3788.127503 -9999.0 -9999.0 -9999.0 -9999.0
-9999.0 3073.853192 3250.174250 3483.608188 3780.599529 3845.294043 4048.717453 4163.207988 4201.016269 4270.009778 4133.543850 4354.125451 4411.627832 4407.843491 4427.965301 4431.879358 4446.688970 4445.780691 4440.681190 4429.474799 4419.623469 4414.847806 4413.873784 4405.909116 4393.165025 4378.410208 4366.330333 4354.577096 4317.251129 4284.739817 4244.058377 4231.155153 4184.451049 4091.587060 4052.957155 4013.098219 3950.537025 3954.015398 3963.635647 3940.097776 3920.118626 3890.158531 3921.376592 3933.599239 3938.340582 3932.445046 3941.009857 3971.279769 4020.622682 4055.457912 4094.319426 4142.666989 4173.595093 4212.986521 4252.507243 4305.182475 4336.943151 4366.125576 4416.082167 4453.341862 4476.298874 4461.563941 4444.002477 4398.053609 4337.328195 4287.707372 4258.186077 4206.962916 4163.189029 4119.865207 4073.441628 4020.755589 3959.253225 3909.896568 3876.765332 -9999.0 -9999.0 -9999.0 -9999.0 -9999.0
-9999.0 2843.318128 3103.249766 3362.024396 3627.363170 3974.065080 4156.706966 4248.262035 4312.882648 4300.489779 4328.252597 4333.426791 4371.033909 4378.996442 4357.717010 4343.243944 4324.747803 4323.657927 4336.799290 4309.033943 4278.228120 4264.579827 4265.552263 4254.877038 4230.653289 4215.810945 4206.609200 4187.713502 4144.546392 4093.606542 4008.259906 3971.884406 3891.580767 3855.767849 3820.413749 3773.631370 3730.093492 3736.877106 3762.954097 3754.976002 3734.608255 3718.006173 3748.027034 3769.634294 3783.192574 3766.161216 3772.549705 3806.937214 3853.238075 3893.578808 3937.075499 3984.840022 4027.009685 4065.631104 4085.403550 4123.719547 4166.042557 4207.887937 4278.608461 4358.381227 4395.269951 4430.522197 4458.687779 4480.919457 4437.600817 4411.948779 4387.753494 4363.719904 4316.905458 4271.171778 4230.590548 4164.970119 4105.404142 -9999.0 -9999.0 -9999.0 -9999.0 -9999.0 -9999.0 -9999.0
-9999.0 2741.013911 2920.299339 3098.397224 3336.544099 3564.637850 3794.412411 3884.458719 3955.597069 4035.364269 4093.930184 4133.369049 4159.177171 4181.184932 4158.741048 4111.503715 4078.671514 4083.864863 4073.972268 4053.497203 4026.099790 4013.500886 4010.653793 4006.221663 3985.513214 3975.893340 3969.580993 3951.963478 3927.660888 3874.897295 3804.755110 3731.066326 3678.735271 3661.894022 3640.949104 3615.580890 3591.139528 3605.265847 3617.999418 3618.976850 3613.621066 3614.741844 3643.778137 3663.924242 3673.323364 3662.771097 3680.841045 3703.293885 3739.361350 3778.156264 3822.327175 3871.933314 3919.936249 3938.938213 3939.443234 3948.962915 3975.306616 4017.779826 4093.715112 4180.031246 4259.483032 4305.703555 4357.040668 4397.750573 4426.767407 4450.063917 4473.702758 4467.712203 4440.974802 4407.142567 4347.363357 -9999.0 -9999.0 -9999.0 -9999.0 -9999.0 -9999.0 -9999.0 -9999.0 -9999.0
-9999.0 -9999.0 2704.500476 2840.000562 2924.286114 3074.019520 3209.498270 3313.747772 3417.386400 3565.281108 3691.874946 3788.169262 3835.687905 3851.484420 3838.106038 3811.056348 3794.933831 3794.446070 3782.384380 3777.191931 3764.324309 3759.745714 3747.665844 3740.613392 3738.215387 3738.998510 3737.706960 3730.551876 3715.318689 3675.468768 3641.673985 3599.355014 3555.171370 3535.157072 3518.705897 3503.619285 3509.744046 3505.126433 3511.058021 3514.726451 3525.414231 3540.248210 3559.514653 3582.500716 3592.172847 3602.726001 3613.141552 3634.177255 3663.321091 3702.946494 3753.781280 3808.188686 3843.530779 3849.467484 3830.098293 3823.435605 3829.619426 3856.560878 3917.418643 3985.319425 4076.020916 4142.195857 4209.335686 4265.968924 4293.113560 4329.515464 4400.993724 4449.114144 4493.124713 4470.635476 -9999.0 -9999.0 -9999.0 -9999.0 -9999.0 -9999.0 -9999.0 -9999.0 -9999.0 -9999.0
-9999.0 -9999.0 -9999.0 -9999.0 2711.649913 2839.323034 2934.135457 3003.062667 3135.783553 3265.789938 3371.716551 3459.807218 3530.806419 3557.164079 3560.101112 3580.266887 3580.504543 3570.557830 3559.464133 3566.198936 3573.064047 3567.546193 3550.377530 3545.206931 3550.954704 3560.922747 3560.783757 3549.792205 3533.498398 3523.457687 3514.418642 3486.651257 3457.258913 3432.203228 3422.442403 3421.775879 3423.341912 3416.245587 3425.320790 3435.375873 3451.953668 3467.287798 3490.797545 3520.759369 3535.752170 3550.312310 3558.380016 3576.066459 3604.131746 3655.120088 3716.391683 3772.668931 3806.403025 3806.181411 3776.835377 3754.100740 3740.178279 3756.051728 3783.235735 3831.926490 3920.428003 3982.234751 4026.093444 4063.680488 4099.989242 4166.284900 4262.866996 4345.203908 -9999.0 -9999.0 -9999.0 -9999.0 -9999.0 -9999.0 -9999.0 -9999.0 -9999.0 -9999.0 -9999.0 -9999.0
-9999.0 -9999.0 -9999.0 -9999.0 -9999.0 -9999.0 2693.174751 2800.467300 2840.396925 2988.230106 3136.991370 3244.124971 3328.210244 3365.609563 3401.925791 3433.728609 3435.215823 3414.517530 3392.001946 3415.177943 3436.598833 3430.459370 3397.705244 3400.656752 3409.651670 3418.918966 3418.116458 3414.510648 3392.583184 3413.609882 3421.931377 3402.322139 3379.976265 3370.429582 3361.073987 3372.788172 3374.232443 3360.597550 3359.710600 3388.604983 3410.376698 3423.351345 3444.167818 3477.387229 3509.857178 3525.527442 3525.993554 3529.887997 3565.194159 3632.653802 3703.374904 3758.344313 3789.177017 3793.379464 3761.969265 3716.448519 3689.490499 3687.120071 3709.871021 3747.266639 3807.019884 3841.907751 3850.373613 3848.441890 3858.530236 3959.692705 -9999.0 -9999.0 -9999.0 -9999.0 -9999.0 -9999.0 -9999.0 -9999.0 -9999.0 -9999.0 -9999.0 -9999.0 -9999.0 -9999.0
-9999.0 -9999.0 -9999.0 -9999.0 -9999.0 -9999.0 -9999.0 -9999.0 -9999.0 -9999.0 -9999.0 -9999.0 -9999.0 -9999.0 -9999.0 -9999.0 -9999.0 -9999.0 -9999.0 -9999.0 -9999.0 -9999.0 -9999.0 -9999.0 -9999.0 -9999.0 -9999.0 -9999.0 -9999.0 -9999.0 -9999.0 -9999.0 -9999.0 -9999.0 -9999.0 -9999.0 -9999.0 -9999.0 -9999.0 -9999.0 -9999.0 -9999.0 -9999.0 -9999.0 -9999.0 -9999.0 -9999.0 -9999.0 -9999.0 -9999.0 -9999.0 -9999.0 -9999.0 -9999.0 -9999.0 -9999.0 -9999.0 -9999.0 -9999.0 -9999.0 -9999.0 -9999.0 -9999.0 -9999.0 -9999.0 -9999.0 -9999.0 -9999.0 -9999.0 -9999.0 -9999.0 -9999.0 -9999.0 -9999.0 -9999.0 -9999.0 -9999.0 -9999.0 -9999.0 -9999.0
-9999.0 -9999.0 -9999.0 -9999.0 -9999.0 -9999.0 -9999.0 -9999.0 -9999.0 -9999.0 -9999.0 -9999.0 -9999.0 -9999.0 -9999.0 -9999.0 -9999.0 -9999.0 -9999.0 -9999.0 -9999.0 -9999.0 -9999.0 -9999.0 -9999.0 -9999.0 -9999.0 -9999.0 -9999.0 -9999.0 -9999.0 -9999.0 -9999.0 -9999.0 -9999.0 -9999.0 -9999.0 -9999.0 -9999.0 -9999.0 -9999.0 -9999.0 -9999.0 -9999.0 -9999.0 -9999.0 -9999.0 -9999.0 -9999.0 -9999.0 -9999.0 -9999.0 -9999.0 -9999.0 -9999.0 -9999.0 -9999.0 -9999.0 -9999.0 -9999.0 -9999.0 -9999.0 -9999.0 -9999.0 -9999.0 -9999.0 -9999.0 -9999.0 -9999.0 -9999.0 -9999.0 -9999.0 -9999.0 -9999.0 -9999.0 -9999.0 -9999.0 -9999.0 -9999.0 -9999.0