Borden_/Borden1m_014/output_maps/psiliqL0010N0005.asc
ncols         80
nrows         18
xllcorner     620200.000000
yllcorner     5168000.000000
cellsize      1.000000
NODATA_value  -9999.0
-9999.0 -9999.0 -9999.0 -9999.0 -9999.0 -9999.0 -9999.0 -9999.0 -9999.0 -9999.0 -9999.0 -9999.0 -9999.0 -9999.0 -9999.0 -9999.0 -9999.0 -9999.0 -9999.0 -9999.0 -9999.0 -9999.0 -9999.0 -9999.0 -9999.0 -9999.0 -9999.0 -9999.0 -9999.0 -9999.0 -9999.0 -9999.0 -9999.0 -9999.0 -9999.0 -9999.0 -9999.0 -9999.0 -9999.0 -9999.0 -9999.0 -9999.0 -9999.0 -9999.0 -9999.0 -9999.0 -9999.0 -9999.0 -9999.0 -9999.0 -9999.0 -9999.0 -9999.0 -9999.0 -9999.0 -9999.0 -9999.0 -9999.0 -9999.0 -9999.0 -9999.0 -9999.0 -9999.0 -9999.0 -9999.0 -9999.0 -9999.0 -9999.0 -9999.0 -9999.0 -9999.0 -9999.0 -9999.0 -9999.0 -9999.0 -9999.0 -9999.0 -9999.0 -9999.0 -9999.0
-9999.0 -9999.0 -9999.0 -9999.0 -9999.0 -9999.0 -9999.0 -9999.0 -9999.0 -9999.0 -9999.0 -9999.0 -9999.0 -9999.0 -9999.0 -9999.0 -9999.0 -9999.0 -9999.0 -9999.0 -9999.0 -9999.0 -9999.0 -9999.0 -9999.0 -9999.0 -9999.0 -9999.0 -9999.0 -9999.0 -9999.0 -9999.0 -9999.0 -9999.0 -9999.0 -9999.0 -9999.0 -9999.0 -9999.0 -9999.0 -9999.0 -9999.0 -9999.0 -9999.0 -9999.0 -9999.0 -9999.0 -9999.0 -9999.0 -9999.0 -9999.0 -9999.0 -9999.0 -9999.0 -9999.0 -9999.0 -9999.0 -9999.0 -9999.0 -9999.0 -9999.0 -9999.0 -9999.0 -9999.0 -9999.0 -9999.0 -9999.0 -9999.0 -9999.0 -9999.0 -9999.0 -9999.0 -9999.0 -9999.0 -9999.0 -9999.0 -9999.0 -9999.0 -9999.0 -9999.0
-9999.0 -9999.0 -9999.0 -9999.0 -9999.0 -9999.0 -9999.0 -9999.0 -9999.0 -9999.0 -9999.0 -9999.0 -9999.0 -9999.0 -9999.0 -9999.0 -9999.0 -9999.0 -9999.0 -9999.0 129.984930 132.797096 110.206774 76.250371 47.955939 49.852167 84.571068 125.697942 163.828222 174.193329 156.191185 157.892228 152.812846 152.084073 154.711170 160.851768 164.019797 175.490330 184.230481 184.494278 178.958652 173.953487 173.595701 177.176560 182.342025 172.595560 185.800841 200.395905 205.785900 200.446737 173.294048 157.671643 149.379032 134.643759 159.184664 171.505532 194.437308 198.729530 197.370546 170.348744 140.250576 -9999.0 -9999.0 -9999.0 -9999.0 -9999.0 -9999.0 -9999.0 -9999.0 -9999.0 -9999.0 -9999.0 -9999.0 -9999.0 -9999.0 -9999.0 -9999.0 -9999.0 -9999.0 -9999.0
-9999.0 -9999.0 -9999.0 -9999.0 -9999.0 -9999.0 -9999.0 -9999.0 -9999.0 -9999.0 -9999.0 -9999.0 -9999.0 -9999.0 40.209696 30.123481 26.994729 35.232776 68.647234 98.469223 110.904461 103.293772 103.204703 79.552359 59.124415 73.057257 102.473162 134.056668 168.594097 189.111664 176.908444 174.259313 184.297053 210.742914 224.548803 221.821833 201.191640 224.178621 241.152351 252.332247 253.188312 245.732193 260.282098 276.510828 269.690978 251.948803 254.878102 264.462739 276.456348 261.409635 197.213817 176.970512 173.722551 167.239169 153.628633 147.011682 171.980431 172.729871 164.575922 146.671860 114.291422 70.174075 52.274542 90.939646 135.363746 193.242105 -9999.0 -9999.0 -9999.0 -9999.0 -9999.0 -9999.0 -9999.0 -9999.0 -9999.0 -9999.0 -9999.0 -9999.0 -9999.0 -9999.0
-9999.0 -9999.0 -9999.0 -9999.0 -9999.0 -9999.0 -9999.0 -9999.0 -9999.0 -16.236704 -12.468434 -5.523515 -3.820871 11.537992 9.454884 16.188061 23.523233 49.518322 80.197981 114.979696 143.628658 133.887405 134.311091 145.781808 151.445677 164.085327 185.480597 226.656651 269.245554 311.118403 282.891179 280.620166 299.683730 348.709482 386.213480 395.770048 376.654142 382.411998 411.972155 446.653956 452.240057 453.008648 478.045522 491.288927 494.660524 474.868232 455.913995 444.918332 463.507252 410.589157 344.333427 291.290551 293.784003 262.924708 221.727666 198.828401 195.273393 216.616686 201.468284 163.963850 127.372662 117.379110 100.657360 117.426609 140.234919 187.280534 226.010898 254.863944 255.227295 238.111417 -9999.0 -9999.0 -9999.0 -9999.0 -9999.0 -9999.0 -9999.0 -9999.0 -9999.0 -9999.0
-9999.0 -9999.0 -9999.0 -9999.0 -9999.0 -9999.0 -94.644280 -85.823112 -66.174333 -61.060406 -36.679445 -29.515123 -9.354113 9.542013 29.933852 46.305079 76.542062 108.903570 149.996412 193.577560 225.817968 221.988779 233.513247 266.975226 309.221028 341.348814 367.503142 410.921728 495.905685 541.133860 551.938720 556.543675 566.058044 616.963563 691.322228 715.322523 688.460630 671.666257 707.336014 794.711890 820.494025 826.488722 834.758992 841.405135 863.133841 853.919449 807.637673 751.634315 725.726764 702.435780 634.851236 567.927691 531.616254 482.421059 394.109176 329.376907 327.875543 343.436765 312.558057 257.522643 214.338971 203.018659 187.922604 174.050604 180.000329 199.723901 223.177091 234.992779 222.901488 202.596976 179.925476 151.446656 153.397407 178.902331 -9999.0 -9999.0 -9999.0 -9999.0 -9999.0 -9999.0
-9999.0 -9999.0 -9999.0 -9999.0 -144.108072 -131.901629 -144.027143 -120.441744 -88.684320 -55.580008 -23.750257 12.994861 39.639642 68.934266 109.677598 146.359130 189.871740 225.814428 280.918591 350.215226 403.854596 434.386585 458.487575 520.622544 583.430377 639.734333 666.313412 711.062968 798.461022 865.429576 889.086419 892.925194 905.694944 932.041941 970.664594 999.292350 983.472666 979.063520 991.059387 1016.202534 1044.237884 1047.490598 1049.376441 1050.021558 1052.172419 1052.115088 1030.141412 990.885473 972.910461 962.326101 938.834731 883.155051 851.743462 820.637148 756.981648 671.963793 590.389346 568.610301 510.702894 446.868705 375.037807 347.324524 313.478098 286.572603 256.523204 257.783457 261.387491 242.230344 211.932716 180.521653 165.991605 147.682091 137.636750 167.843047 185.767039 216.767849 -9999.0 -9999.0 -9999.0 -9999.0
-9999.0 -9999.0 -201.828413 -152.631491 -97.052411 -89.039203 -87.965118 -83.273427 -56.360924 -5.697328 71.537265 124.034633 168.606554 199.935764 258.872813 342.152626 421.392284 476.181275 535.965964 606.344328 676.771165 732.776930 793.954866 839.784885 885.189171 934.416187 956.353081 983.433169 1021.049286 1050.783352 1065.207658 1077.653861 1082.143877 1079.326828 1080.125604 1079.594522 1077.571867 1076.154120 1064.087121 1065.722077 1073.079525 1077.668517 1079.814798 1065.511260 1061.997722 1076.659110 1080.846296 1080.165823 1079.843320 1085.593384 1090.783328 1059.640917 1023.999940 1011.264591 994.348759 947.938100 893.743929 859.412322 834.169440 756.184152 646.420393 580.084259 517.682865 461.307945 406.935295 373.747258 327.943119 287.951068 243.566169 199.088275 176.327057 158.539293 156.768539 157.728594 174.284880 190.235661 205.960622 213.938229 -9999.0 -9999.0
-9999.0 -301.556965 -229.305141 -102.732655 -24.397092 19.446003 56.490797 83.944043 109.615449 128.210173 236.506951 344.163516 436.734245 468.483436 517.495791 619.462406 744.869976 818.943283 857.294270 902.185112 951.849422 996.151279 1030.702902 1053.127873 1081.806076 1085.906630 1085.995903 1088.593026 1085.780604 1079.920442 1071.455408 1076.992100 1072.866061 1054.425819 1040.777422 1039.856128 1038.479248 1022.532866 1002.630239 990.398542 986.746291 1009.914122 996.918497 967.871018 965.323387 997.059488 1019.075296 1014.056216 1003.624312 1015.747812 1040.429681 1054.741963 1067.573268 1083.111274 1100.197584 1074.741558 1050.157957 1020.048219 1004.288261 970.624691 914.347106 851.767304 765.249474 673.220876 594.361037 513.887214 450.498725 392.735223 328.429917 289.397821 258.903252 207.929699 186.040004 188.602352 180.280817 178.250319 185.165023 191.764462 -9999.0 -9999.0
-9999.0 -375.523441 -232.825857 -48.242717 97.519262 157.301732 271.649560 361.986530 390.861129 367.872342 480.205773 747.751078 846.405850 857.480339 911.930491 979.426144 1011.128781 1046.796824 1068.389384 1070.428064 1072.324813 1080.209781 1080.555833 1076.434859 1066.407010 1061.944644 1062.548271 1060.973458 1046.190160 1031.335398 1017.817218 1014.515676 994.384261 942.904842 909.570239 896.021289 887.838337 874.787620 847.921503 818.984619 781.580319 818.200672 800.976117 740.386716 736.212332 805.731537 852.337840 850.995829 855.228341 870.278534 899.761964 930.397418 953.747038 990.222286 1021.744614 1055.234036 1071.102815 1094.372455 1099.438444 1077.263876 1042.109831 999.390197 964.522639 905.246288 828.602487 705.208913 628.693919 564.471465 489.461851 439.318560 389.126474 328.422229 271.731542 247.885733 209.964064 190.329634 -9999.0 -9999.0 -9999.0 -9999.0
-9999.0 -444.690955 -254.814464 7.589203 268.505367 390.004628 605.449641 779.850093 841.593610 898.484913 906.889892 1025.722815 1056.699451 1049.247277 1036.041132 1030.911764 1040.431231 1044.204501 1042.536105 1037.244947 1033.792649 1034.132985 1035.882626 1032.791943 1026.406521 1016.950918 1006.963614 992.614709 947.789254 915.191171 885.355967 870.851592 822.755827 677.421941 615.924143 579.174830 527.304672 522.115135 513.353060 482.884213 459.197132 445.448709 461.237436 453.781766 455.126295 471.532066 495.756332 516.787345 557.131784 590.760303 634.264726 691.191642 745.174935 832.316193 884.706092 934.094696 967.646078 1004.648172 1045.035928 1077.999090 1099.773662 1091.430967 1065.804783 1032.832270 976.914612 915.830995 876.510877 806.258259 703.181951 629.408131 566.893616 490.653106 417.476755 335.602517 296.093028 -9999.0 -9999.0 -9999.0 -9999.0 -9999.0
-9999.0 -605.540311 -338.752835 -45.839314 278.242432 602.831548 744.736168 888.190663 952.237086 912.890581 913.768193 941.356632 990.386273 999.540730 976.630213 952.965291 935.491831 933.096488 945.606121 925.771527 905.099490 897.794462 900.697398 893.747503 877.648642 865.514376 853.179299 819.693618 719.566835 649.578780 564.839488 538.084048 462.396871 389.568728 339.945562 291.308138 241.278428 240.175976 256.082224 239.614274 216.635581 198.113490 222.865449 237.458950 248.756645 240.409747 250.387699 285.047819 332.286203 372.957269 419.708752 472.186788 520.414549 579.321366 619.136887 680.888111 755.455381 841.688771 918.879244 997.321184 1028.284306 1056.028800 1088.618427 1107.402989 1067.392004 1031.626432 1000.309363 959.288770 887.573201 846.043330 797.610350 666.607583 573.881167 -9999.0 -9999.0 -9999.0 -9999.0 -9999.0 -9999.0 -9999.0
-9999.0 -737.451839 -509.519951 -267.497481 25.899698 257.641920 432.701720 539.965746 617.701683 636.452439 668.955214 720.777475 797.953451 828.999374 792.717613 700.761158 652.395767 651.246897 648.089530 622.066154 592.642308 578.729500 578.774354 573.265145 549.759797 535.497157 523.788886 496.626702 450.439734 392.038294 311.273684 243.586446 182.567502 146.604304 115.841985 82.921861 45.402589 56.199735 70.436753 65.983187 53.854506 49.587645 78.788311 96.979182 106.955157 94.280216 112.838948 139.336643 180.197302 220.595743 266.354162 318.127188 369.343654 399.432071 415.234506 445.056234 492.029565 559.237484 664.453516 811.166597 893.640217 940.305082 996.246781 1029.695802 1045.670449 1071.791969 1062.997205 1002.637788 908.499648 930.494938 930.287040 -9999.0 -9999.0 -9999.0 -9999.0 -9999.0 -9999.0 -9999.0 -9999.0 -9999.0
-9999.0 -9999.0 -745.328492 -558.782930 -405.667551 -223.880442 -77.316606 25.686942 100.563410 195.089432 289.084319 369.014517 418.857154 437.523415 416.306862 367.548666 337.973580 336.559979 327.144437 314.380899 292.254675 284.430983 275.791965 268.968524 257.476240 251.105049 245.680899 233.683562 209.694797 162.551424 110.925442 59.476194 5.824831 -19.148153 -40.934170 -63.160031 -65.985464 -67.915237 -61.145225 -59.864681 -54.282885 -42.476239 -21.960065 -0.692666 8.605941 15.808667 28.078315 51.250267 83.640742 123.865532 175.239470 229.647841 266.467753 277.444446 267.337888 272.771749 294.934772 340.385755 427.841319 523.577330 623.533388 712.443096 834.439579 898.184627 923.345302 960.634083 994.232602 942.861710 627.120194 868.136260 -9999.0 -9999.0 -9999.0 -9999.0 -9999.0 -9999.0 -9999.0 -9999.0 -9999.0 -9999.0
-9999.0 -9999.0 -9999.0 -9999.0 -701.967701 -546.581822 -454.017282 -373.808918 -253.390628 -144.454877 -52.084291 24.541105 79.044976 102.807166 91.758982 86.564561 78.081903 73.675871 65.028314 60.726838 56.499731 49.362627 38.134889 31.111402 31.084559 35.093916 33.141285 20.109133 4.044155 -21.921020 -44.852142 -79.525270 -115.974248 -144.700391 -157.349857 -163.723435 -163.271099 -168.774718 -159.242946 -152.694064 -137.793216 -122.439851 -98.551590 -70.257920 -57.646578 -43.550833 -34.086263 -13.688107 15.742370 67.651757 128.999825 183.981301 216.642362 218.882011 191.688318 174.571802 170.093870 197.076242 242.819460 311.462833 412.144564 487.791724 561.441459 620.668904 677.176658 790.718065 898.533014 942.074780 -9999.0 -9999.0 -9999.0 -9999.0 -9999.0 -9999.0 -9999.0 -9999.0 -9999.0 -9999.0 -9999.0 -9999.0
-9999.0 -9999.0 -9999.0 -9999.0 -9999.0 -9999.0 -755.928669 -660.906958 -576.202189 -454.108944 -340.451966 -248.138050 -173.849189 -148.511394 -130.165617 -107.546184 -111.885738 -129.038287 -145.787196 -128.717703 -118.193893 -122.879318 -150.329584 -151.293288 -147.309344 -137.881043 -138.934086 -144.710900 -169.077230 -159.985915 -160.597308 -183.113902 -208.655324 -222.541801 -233.778445 -223.530844 -222.535086 -235.015088 -232.723806 -206.496442 -186.734576 -173.378055 -151.069572 -118.092657 -86.264668 -72.078698 -71.335588 -65.500266 -24.733040 44.618110 113.954883 166.469431 196.137516 202.150069 172.398700 129.921130 106.772838 111.555463 144.103798 195.204721 268.957566 316.849228 348.357799 371.312341 402.744925 507.352224 -9999.0 -9999.0 -9999.0 -9999.0 -9999.0 -9999.0 -9999.0 -9999.0 -9999.0 -9999.0 -9999.0 -9999.0 -9999.0 -9999.0
-9999.0 -9999.0 -9999.0 -9999.0 -9999.0 -9999.0 -9999.0 -9999.0 -9999.0 -9999.0 -9999.0 -9999.0 -9999.0 -9999.0 -9999.0 -9999.0 -9999.0 -9999.0 -9999.0 -9999.0 -9999.0 -9999.0 -9999.0 -9999.0 -9999.0 -9999.0 -9999.0 -9999.0 -9999.0 -9999.0 -9999.0 -9999.0 -9999.0 -9999.0 -9999.0 -9999.0 -9999.0 -9999.0 -9999.0 -9999.0 -9999.0 -9999.0 -9999.0 -9999.0 -9999.0 -9999.0 -9999.0 -9999.0 -9999.0 -9999.0 -9999.0 -9999.0 -9999.0 -9999.0 -9999.0 -9999.0 -9999.0 -9999.0 -9999.0 -9999.0 -9999.0 -9999.0 -9999.0 -9999.0 -9999.0 -9999.0 -9999.0 -9999.0 -9999.0 -9999.0 -9999.0 -9999.0 -9999.0 -9999.0 -9999.0 -9999.0 -9999.0 -9999.0 -9999.0 -9999.0
-9999.0 -9999.0 -9999.0 -9999.0 -9999.0 -9999.0 -9999.0 -9999.0 -9999.0 -9999.0 -9999.0 -9999.0 -9999.0 -9999.0 -9999.0 -9999.0 -9999.0 -9999.0 -9999.0 -9999.0 -9999.0 -9999.0 -9999.0 -9999.0 -9999.0 -9999.0 -9999.0 -9999.0 -9999.0 -9999.0 -9999.0 -9999.0 -9999.0 -9999.0 -9999.0 -9999.0 -9999.0 -9999.0 -9999.0 -9999.0 -9999.0 -9999.0 -9999.0 -9999.0 -9999.0 -9999.0 -9999.0 -9999.0 -9999.0 -9999.0 -9999.0 -9999.0 -9999.0 -9999.0 -9999.0 -9999.0 -9999.0 -9999.0 -9999.0 -9999.0 -9999.0 -9999.0 -9999.0 -9999.0 -9999.0 -9999.0 -9999.0 -9999.0 -9999.0 -9999.0 -9999.0 -9999.0 -9999.0 -9999.0 -9999.0 -9999.0 -9999.0 -9999.0 -9999.0 -9999.0