Borden_/Borden1m_014/output_maps/psiliqL0012N0009.asc
ncols         80
nrows         18
xllcorner     620200.000000
yllcorner     5168000.000000
cellsize      1.000000
NODATA_value  -9999.0
-9999.0 -9999.0 -9999.0 -9999.0 -9999.0 -9999.0 -9999.0 -9999.0 -9999.0 -9999.0 -9999.0 -9999.0 -9999.0 -9999.0 -9999.0 -9999.0 -9999.0 -9999.0 -9999.0 -9999.0 -9999.0 -9999.0 -9999.0 -9999.0 -9999.0 -9999.0 -9999.0 -9999.0 -9999.0 -9999.0 -9999.0 -9999.0 -9999.0 -9999.0 -9999.0 -9999.0 -9999.0 -9999.0 -9999.0 -9999.0 -9999.0 -9999.0 -9999.0 -9999.0 -9999.0 -9999.0 -9999.0 -9999.0 -9999.0 -9999.0 -9999.0 -9999.0 -9999.0 -9999.0 -9999.0 -9999.0 -9999.0 -9999.0 -9999.0 -9999.0 -9999.0 -9999.0 -9999.0 -9999.0 -9999.0 -9999.0 -9999.0 -9999.0 -9999.0 -9999.0 -9999.0 -9999.0 -9999.0 -9999.0 -9999.0 -9999.0 -9999.0 -9999.0 -9999.0 -9999.0
-9999.0 -9999.0 -9999.0 -9999.0 -9999.0 -9999.0 -9999.0 -9999.0 -9999.0 -9999.0 -9999.0 -9999.0 -9999.0 -9999.0 -9999.0 -9999.0 -9999.0 -9999.0 -9999.0 -9999.0 -9999.0 -9999.0 -9999.0 -9999.0 -9999.0 -9999.0 -9999.0 -9999.0 -9999.0 -9999.0 -9999.0 -9999.0 -9999.0 -9999.0 -9999.0 -9999.0 -9999.0 -9999.0 -9999.0 -9999.0 -9999.0 -9999.0 -9999.0 -9999.0 -9999.0 -9999.0 -9999.0 -9999.0 -9999.0 -9999.0 -9999.0 -9999.0 -9999.0 -9999.0 -9999.0 -9999.0 -9999.0 -9999.0 -9999.0 -9999.0 -9999.0 -9999.0 -9999.0 -9999.0 -9999.0 -9999.0 -9999.0 -9999.0 -9999.0 -9999.0 -9999.0 -9999.0 -9999.0 -9999.0 -9999.0 -9999.0 -9999.0 -9999.0 -9999.0 -9999.0
-9999.0 -9999.0 -9999.0 -9999.0 -9999.0 -9999.0 -9999.0 -9999.0 -9999.0 -9999.0 -9999.0 -9999.0 -9999.0 -9999.0 -9999.0 -9999.0 -9999.0 -9999.0 -9999.0 -9999.0 537.427764 540.278992 518.211867 484.738063 457.117115 459.888769 495.374685 537.288639 576.069943 586.581284 569.164739 572.126345 568.697211 569.675223 574.508450 583.032804 588.284846 600.575615 609.480696 609.202387 602.966455 597.469920 597.053222 600.062838 605.201008 594.999109 608.742158 623.576375 628.199641 621.474611 592.389567 574.977746 564.945327 548.763015 572.320981 583.369600 605.125212 608.345795 605.980611 578.313971 547.797592 -9999.0 -9999.0 -9999.0 -9999.0 -9999.0 -9999.0 -9999.0 -9999.0 -9999.0 -9999.0 -9999.0 -9999.0 -9999.0 -9999.0 -9999.0 -9999.0 -9999.0 -9999.0 -9999.0
-9999.0 -9999.0 -9999.0 -9999.0 -9999.0 -9999.0 -9999.0 -9999.0 -9999.0 -9999.0 -9999.0 -9999.0 -9999.0 -9999.0 445.561854 436.029878 433.552540 442.451609 476.623706 507.311123 519.960602 512.914447 513.375848 490.292349 470.559479 485.681873 516.593269 549.139238 584.000296 604.431581 593.022723 591.593320 603.469563 632.704600 650.397591 651.108370 633.350760 657.814062 674.099631 682.613300 681.394124 672.444225 685.376904 700.825553 693.876065 676.970993 682.139229 693.910767 705.570427 688.857329 621.176063 598.181484 592.408436 584.620802 569.819260 562.062674 585.648571 584.697752 575.420945 556.619380 523.334285 478.619572 459.809193 497.938054 541.568059 598.720603 -9999.0 -9999.0 -9999.0 -9999.0 -9999.0 -9999.0 -9999.0 -9999.0 -9999.0 -9999.0 -9999.0 -9999.0 -9999.0 -9999.0
-9999.0 -9999.0 -9999.0 -9999.0 -9999.0 -9999.0 -9999.0 -9999.0 -9999.0 387.780326 392.180524 399.644023 402.022471 417.882578 415.981019 423.410666 431.249492 458.502084 490.347800 526.469328 556.370752 547.914594 548.992685 560.525742 566.588020 581.494825 606.077996 648.418155 689.067151 729.442902 700.876497 699.865599 722.692560 778.684833 825.617640 841.108110 827.504607 836.797156 862.047083 883.405048 881.118563 877.711776 900.919942 913.493496 915.649017 897.461790 885.827207 886.329846 909.402677 852.663737 776.341993 716.749244 716.536222 685.089648 645.019578 621.522626 614.889977 633.192586 616.451108 577.863454 540.153884 528.467721 510.404334 526.470512 548.204263 594.190444 632.412956 660.530484 659.988358 642.317479 -9999.0 -9999.0 -9999.0 -9999.0 -9999.0 -9999.0 -9999.0 -9999.0 -9999.0 -9999.0
-9999.0 -9999.0 -9999.0 -9999.0 -9999.0 -9999.0 308.652902 318.149074 338.533944 343.833395 369.130785 376.873988 397.700994 417.283461 438.889144 456.202471 487.417572 521.220682 563.861991 609.854156 645.390549 642.734504 653.985550 686.784651 730.721812 768.662445 803.716578 847.959017 922.617114 961.258372 968.464867 974.369152 990.368577 1057.344848 1153.637635 1185.064590 1173.736613 1163.021391 1180.930783 1211.358066 1213.452770 1211.937981 1218.805417 1225.849766 1250.079874 1244.184625 1211.662049 1200.367244 1194.892829 1168.661089 1081.064329 997.654226 956.845770 908.252782 825.862655 763.505247 755.699771 766.464891 733.563279 677.204343 632.390561 618.822485 601.897014 586.750201 591.358454 609.604630 631.516528 642.158151 628.872789 607.524180 584.234590 555.018090 556.379522 581.369860 -9999.0 -9999.0 -9999.0 -9999.0 -9999.0 -9999.0
-9999.0 -9999.0 -9999.0 -9999.0 258.540469 271.417568 259.685676 284.519473 317.334440 351.588064 384.181848 421.793345 449.437006 479.955192 521.713146 559.243931 604.152576 641.686398 699.750148 775.356090 838.363190 868.838173 885.002502 943.816040 1011.812880 1084.396290 1133.590555 1169.805569 1206.693210 1256.269704 1277.036728 1281.928512 1300.554616 1340.044154 1395.884244 1434.615728 1424.914039 1421.838817 1427.390008 1435.521617 1455.150952 1454.228225 1454.659203 1455.678820 1459.087249 1460.397871 1442.247643 1414.285586 1401.346313 1387.305347 1350.331169 1280.379469 1243.945239 1219.804744 1190.013836 1127.782846 1027.657275 996.474884 936.050025 875.540143 802.563412 771.625282 736.035086 706.828425 673.715846 672.568556 673.980468 652.684592 620.301932 587.420996 571.678502 552.268393 541.051851 570.570268 587.875103 618.269751 -9999.0 -9999.0 -9999.0 -9999.0
-9999.0 -9999.0 199.575764 248.858635 305.572040 314.667465 316.397430 322.650528 351.257694 403.674420 481.562887 534.890015 579.341182 612.756270 674.222378 760.468436 841.148977 893.911775 957.940601 1042.679788 1136.045557 1181.115238 1197.663887 1230.611705 1280.555237 1343.476478 1378.248706 1405.743712 1430.385100 1454.964229 1465.829912 1478.588429 1486.381290 1489.491953 1497.102626 1501.323229 1501.780780 1500.970420 1486.059645 1483.578686 1489.763458 1493.207935 1495.202274 1482.670202 1478.845373 1491.926843 1496.098494 1496.959639 1497.001782 1501.518787 1502.562044 1466.009464 1429.176346 1418.265008 1410.489457 1364.962319 1295.106220 1252.719882 1231.806782 1185.171694 1084.994069 1014.315631 955.388401 899.083470 836.050611 798.233190 747.652912 703.674620 656.332446 609.272610 584.488543 565.115202 561.765968 561.245043 576.885901 592.049050 607.238741 614.946365 -9999.0 -9999.0
-9999.0 98.155197 170.724281 297.694059 377.763926 423.530392 460.464607 487.990480 516.500964 540.138416 649.374894 752.250291 844.425573 879.336212 932.581434 1042.695805 1156.832271 1208.121121 1245.819380 1302.359342 1367.932728 1414.775064 1439.310360 1453.698559 1484.203092 1494.839172 1500.015463 1503.903878 1498.223457 1488.282478 1477.322885 1483.111333 1480.235539 1462.698924 1447.453325 1445.999438 1444.677216 1427.636858 1406.618301 1396.603356 1400.611308 1421.771616 1411.685028 1393.536062 1389.964310 1408.056367 1423.870062 1415.495502 1403.929400 1418.495309 1448.380462 1468.274036 1481.427261 1497.401883 1516.407195 1489.997862 1459.501183 1422.479727 1406.429018 1378.842493 1319.929971 1259.371888 1206.232011 1136.437668 1039.799091 956.127886 882.207871 816.777741 748.497242 704.898325 670.718744 617.278400 593.275482 593.560113 583.799074 580.599886 586.573076 592.809862 -9999.0 -9999.0
-9999.0 21.322273 164.282238 349.759414 498.857088 562.605642 677.168532 764.700865 794.856162 772.391770 885.742072 1127.211200 1226.225175 1239.787274 1303.169897 1383.964138 1413.584123 1445.507897 1466.527900 1473.694529 1481.524265 1490.985376 1488.884712 1483.021540 1470.728554 1466.337404 1468.563039 1468.405164 1452.936110 1433.129773 1414.682985 1410.461684 1393.342212 1349.425007 1308.245292 1288.428778 1276.556506 1262.927888 1237.451796 1217.307575 1206.623864 1223.906662 1217.109991 1201.763029 1197.711139 1216.663701 1244.877626 1238.455752 1243.726449 1263.991033 1304.449194 1349.174436 1373.337151 1400.265561 1431.874387 1470.764516 1485.590161 1506.121843 1510.098599 1489.630171 1450.033796 1405.248750 1377.592131 1320.782334 1245.573469 1160.342851 1070.930023 997.173602 922.508279 865.742436 809.108813 744.080801 682.621611 654.798656 614.176823 593.443045 -9999.0 -9999.0 -9999.0 -9999.0
-9999.0 -52.209412 137.464456 399.679672 672.013529 801.294020 1022.556123 1167.114551 1227.803649 1293.328062 1291.949977 1423.454172 1455.584521 1447.848084 1438.923942 1439.473765 1451.467508 1452.363548 1447.574481 1439.176339 1433.650480 1432.472039 1432.792206 1427.897018 1419.625383 1409.487825 1400.922772 1391.588586 1355.461801 1315.505027 1275.423653 1258.944855 1221.270993 1121.764058 1048.245123 1000.471609 943.401183 938.884122 934.286299 908.954306 891.856760 874.618335 895.127349 897.920147 899.131175 902.857447 919.332813 939.779327 982.505554 1022.209953 1080.398425 1160.668829 1204.769617 1247.863295 1294.102935 1353.661405 1385.612546 1412.672842 1453.340470 1488.577307 1511.047954 1502.984280 1478.730449 1442.287534 1382.254590 1324.849930 1277.662097 1210.669745 1144.077175 1066.704909 996.672511 922.856721 838.433020 745.334328 701.439597 -9999.0 -9999.0 -9999.0 -9999.0 -9999.0
-9999.0 -221.588824 46.437283 339.414653 667.775269 1016.727508 1148.739996 1283.517584 1362.576123 1333.395297 1338.799568 1359.476802 1395.595549 1400.473848 1381.036060 1371.369326 1355.124375 1345.922535 1352.036084 1323.432405 1295.745609 1284.698123 1286.063788 1277.365025 1259.018895 1246.615275 1237.884687 1219.550304 1165.345411 1088.475926 989.207600 955.251660 879.332218 815.030914 760.337356 706.821871 655.098829 654.393113 672.149688 658.028499 636.852560 618.963789 645.201275 661.938422 673.307900 662.175396 670.438706 705.082569 753.713796 798.077322 852.290040 915.685129 966.705283 1020.098617 1066.813793 1148.248645 1205.416418 1251.269765 1323.035444 1399.480759 1433.513262 1466.763552 1501.004051 1519.497631 1476.145905 1436.879135 1398.474380 1353.023369 1283.293550 1239.046592 1201.640134 1122.608253 1018.594330 -9999.0 -9999.0 -9999.0 -9999.0 -9999.0 -9999.0 -9999.0
-9999.0 -351.659009 -126.943638 111.260991 404.687968 647.730055 836.228046 957.556955 1068.272655 1111.275765 1146.219749 1176.913588 1203.392668 1222.383701 1200.365056 1160.642365 1121.822125 1105.524683 1088.478297 1049.863029 1012.393145 994.769959 992.981553 986.827118 963.372504 950.227692 940.738679 918.197003 880.151358 816.227228 729.570058 656.895944 594.665552 559.468673 527.070763 492.821197 455.549057 466.309191 480.531343 477.116703 466.189033 462.839190 492.389394 511.165577 521.118940 508.459308 526.868976 553.270372 594.576975 636.902060 686.110965 742.391457 796.720750 828.372377 848.795185 886.686149 933.415880 994.779125 1099.245694 1214.305013 1296.858945 1351.708752 1402.571351 1436.332226 1454.196246 1476.675879 1462.421682 1393.514870 1284.827059 1310.151361 1315.507529 -9999.0 -9999.0 -9999.0 -9999.0 -9999.0 -9999.0 -9999.0 -9999.0 -9999.0
-9999.0 -9999.0 -362.921471 -179.268126 -30.779110 152.838431 303.980726 415.284696 505.768089 616.126082 718.584272 799.016425 840.255465 855.734040 838.895547 800.105498 770.626173 763.127318 747.857829 730.640581 705.952332 696.525653 686.575775 679.270435 668.585785 663.041755 658.233821 646.897955 623.429958 574.339222 521.708860 468.859801 414.476106 388.638281 366.131296 343.723128 341.240499 338.745955 345.399021 347.087257 353.407229 365.715870 386.274354 407.898443 417.347933 424.978659 437.200888 460.546494 493.369556 534.788027 587.866181 644.534679 683.481147 696.319405 688.574341 697.110977 720.970676 767.710023 857.730503 954.171535 1064.713280 1164.605846 1246.277419 1304.422479 1334.377248 1362.194072 1387.309324 1320.559104 932.223764 1231.383884 -9999.0 -9999.0 -9999.0 -9999.0 -9999.0 -9999.0 -9999.0 -9999.0 -9999.0 -9999.0
-9999.0 -9999.0 -9999.0 -9999.0 -323.595041 -166.925209 -71.434526 12.068162 138.499895 254.701360 352.352233 432.402650 489.139174 513.378434 504.363472 502.116438 493.101372 485.788605 474.730117 469.747553 465.343186 457.491986 445.089598 437.994645 438.445151 442.983591 441.020541 427.787003 410.844843 385.274474 362.396066 327.196109 290.397020 261.088403 247.931740 241.577253 241.751381 235.868373 245.286715 252.271235 267.454361 282.934074 306.929603 335.548037 348.557179 362.830025 372.333791 392.752732 422.590350 475.257526 537.732747 594.153443 628.412121 632.043007 606.648567 591.353942 588.451705 617.327594 665.525561 737.849026 845.585211 929.778803 1000.036239 1065.296627 1134.855850 1205.429779 1287.250823 1324.371293 -9999.0 -9999.0 -9999.0 -9999.0 -9999.0 -9999.0 -9999.0 -9999.0 -9999.0 -9999.0 -9999.0 -9999.0
-9999.0 -9999.0 -9999.0 -9999.0 -9999.0 -9999.0 -374.637084 -276.499312 -191.629877 -61.521615 59.840763 156.353298 233.020108 260.472380 281.077857 304.386941 299.816601 281.138865 262.680525 279.506837 290.543498 285.206943 256.876293 256.129772 260.520586 269.747720 268.429839 262.389458 237.572512 247.010651 246.361317 223.203488 197.186407 183.068867 171.489429 181.422167 182.166918 169.415134 171.279032 197.779539 217.817218 231.225955 253.491745 286.644289 318.695530 333.204946 334.128623 340.063499 380.648293 450.441996 520.834970 574.611862 605.537784 612.653749 584.284535 543.333811 521.903512 528.584373 563.559413 617.609331 695.767706 749.076357 783.334294 810.766025 848.953814 950.627135 -9999.0 -9999.0 -9999.0 -9999.0 -9999.0 -9999.0 -9999.0 -9999.0 -9999.0 -9999.0 -9999.0 -9999.0 -9999.0 -9999.0
-9999.0 -9999.0 -9999.0 -9999.0 -9999.0 -9999.0 -9999.0 -9999.0 -9999.0 -9999.0 -9999.0 -9999.0 -9999.0 -9999.0 -9999.0 -9999.0 -9999.0 -9999.0 -9999.0 -9999.0 -9999.0 -9999.0 -9999.0 -9999.0 -9999.0 -9999.0 -9999.0 -9999.0 -9999.0 -9999.0 -9999.0 -9999.0 -9999.0 -9999.0 -9999.0 -9999.0 -9999.0 -9999.0 -9999.0 -9999.0 -9999.0 -9999.0 -9999.0 -9999.0 -9999.0 -9999.0 -9999.0 -9999.0 -9999.0 -9999.0 -9999.0 -9999.0 -9999.0 -9999.0 -9999.0 -9999.0 -9999.0 -9999.0 -9999.0 -9999.0 -9999.0 -9999.0 -9999.0 -9999.0 -9999.0 -9999.0 -9999.0 -9999.0 -9999.0 -9999.0 -9999.0 -9999.0 -9999.0 -9999.0 -9999.0 -9999.0 -9999.0 -9999.0 -9999.0 -9999.0
-9999.0 -9999.0 -9999.0 -9999.0 -9999.0 -9999.0 -9999.0 -9999.0 -9999.0 -9999.0 -9999.0 -9999.0 -9999.0 -9999.0 -9999.0 -9999.0 -9999.0 -9999.0 -9999.0 -9999.0 -9999.0 -9999.0 -9999.0 -9999.0 -9999.0 -9999.0 -9999.0 -9999.0 -9999.0 -9999.0 -9999.0 -9999.0 -9999.0 -9999.0 -9999.0 -9999.0 -9999.0 -9999.0 -9999.0 -9999.0 -9999.0 -9999.0 -9999.0 -9999.0 -9999.0 -9999.0 -9999.0 -9999.0 -9999.0 -9999.0 -9999.0 -9999.0 -9999.0 -9999.0 -9999.0 -9999.0 -9999.0 -9999.0 -9999.0 -9999.0 -9999.0 -9999.0 -9999.0 -9999.0 -9999.0 -9999.0 -9999.0 -9999.0 -9999.0 -9999.0 -9999.0 -9999.0 -9999.0 -9999.0 -9999.0 -9999.0 -9999.0 -9999.0 -9999.0 -9999.0