Borden_/Borden1m_014/output_maps/psiliqL0020N0015.asc
ncols         80
nrows         18
xllcorner     620200.000000
yllcorner     5168000.000000
cellsize      1.000000
NODATA_value  -9999.0
-9999.0 -9999.0 -9999.0 -9999.0 -9999.0 -9999.0 -9999.0 -9999.0 -9999.0 -9999.0 -9999.0 -9999.0 -9999.0 -9999.0 -9999.0 -9999.0 -9999.0 -9999.0 -9999.0 -9999.0 -9999.0 -9999.0 -9999.0 -9999.0 -9999.0 -9999.0 -9999.0 -9999.0 -9999.0 -9999.0 -9999.0 -9999.0 -9999.0 -9999.0 -9999.0 -9999.0 -9999.0 -9999.0 -9999.0 -9999.0 -9999.0 -9999.0 -9999.0 -9999.0 -9999.0 -9999.0 -9999.0 -9999.0 -9999.0 -9999.0 -9999.0 -9999.0 -9999.0 -9999.0 -9999.0 -9999.0 -9999.0 -9999.0 -9999.0 -9999.0 -9999.0 -9999.0 -9999.0 -9999.0 -9999.0 -9999.0 -9999.0 -9999.0 -9999.0 -9999.0 -9999.0 -9999.0 -9999.0 -9999.0 -9999.0 -9999.0 -9999.0 -9999.0 -9999.0 -9999.0
-9999.0 -9999.0 -9999.0 -9999.0 -9999.0 -9999.0 -9999.0 -9999.0 -9999.0 -9999.0 -9999.0 -9999.0 -9999.0 -9999.0 -9999.0 -9999.0 -9999.0 -9999.0 -9999.0 -9999.0 -9999.0 -9999.0 -9999.0 -9999.0 -9999.0 -9999.0 -9999.0 -9999.0 -9999.0 -9999.0 -9999.0 -9999.0 -9999.0 -9999.0 -9999.0 -9999.0 -9999.0 -9999.0 -9999.0 -9999.0 -9999.0 -9999.0 -9999.0 -9999.0 -9999.0 -9999.0 -9999.0 -9999.0 -9999.0 -9999.0 -9999.0 -9999.0 -9999.0 -9999.0 -9999.0 -9999.0 -9999.0 -9999.0 -9999.0 -9999.0 -9999.0 -9999.0 -9999.0 -9999.0 -9999.0 -9999.0 -9999.0 -9999.0 -9999.0 -9999.0 -9999.0 -9999.0 -9999.0 -9999.0 -9999.0 -9999.0 -9999.0 -9999.0 -9999.0 -9999.0
-9999.0 -9999.0 -9999.0 -9999.0 -9999.0 -9999.0 -9999.0 -9999.0 -9999.0 -9999.0 -9999.0 -9999.0 -9999.0 -9999.0 -9999.0 -9999.0 -9999.0 -9999.0 -9999.0 -9999.0 2157.733195 2160.433192 2140.130250 2108.318826 2082.658331 2087.170319 2123.147460 2165.902611 2206.286969 2216.914022 2200.892152 2207.068118 2206.002672 2206.488400 2210.941142 2220.816878 2228.350713 2239.589970 2247.611634 2246.236914 2239.304142 2233.938647 2235.018433 2237.075488 2242.854043 2230.326722 2245.436868 2260.801415 2264.503936 2258.269356 2229.718802 2212.169377 2199.635600 2180.364527 2202.554600 2211.210509 2230.631350 2231.766981 2227.341157 2198.842144 2167.788469 -9999.0 -9999.0 -9999.0 -9999.0 -9999.0 -9999.0 -9999.0 -9999.0 -9999.0 -9999.0 -9999.0 -9999.0 -9999.0 -9999.0 -9999.0 -9999.0 -9999.0 -9999.0 -9999.0
-9999.0 -9999.0 -9999.0 -9999.0 -9999.0 -9999.0 -9999.0 -9999.0 -9999.0 -9999.0 -9999.0 -9999.0 -9999.0 -9999.0 2061.471304 2053.701907 2052.986155 2063.234487 2098.608782 2130.661076 2142.863377 2136.942816 2138.853786 2117.240973 2098.525314 2114.833846 2146.900955 2179.508960 2214.774662 2235.282912 2226.685781 2227.733327 2240.239491 2267.547855 2281.733227 2281.304215 2264.380146 2289.685095 2304.432431 2310.475022 2308.605546 2298.810039 2308.661682 2322.952943 2315.980325 2300.424340 2309.542415 2323.221369 2333.651245 2320.331379 2255.281675 2235.015995 2226.566301 2217.302180 2200.423529 2192.366145 2215.876709 2211.786153 2200.846490 2180.949300 2146.405093 2101.127285 2080.520223 2117.868762 2159.400356 2214.134367 -9999.0 -9999.0 -9999.0 -9999.0 -9999.0 -9999.0 -9999.0 -9999.0 -9999.0 -9999.0 -9999.0 -9999.0 -9999.0 -9999.0
-9999.0 -9999.0 -9999.0 -9999.0 -9999.0 -9999.0 -9999.0 -9999.0 -9999.0 1999.363189 2005.578608 2014.299196 2018.672806 2035.994101 2034.453929 2043.626431 2051.826913 2081.893414 2115.145294 2152.255076 2182.212884 2175.825723 2177.831905 2188.008596 2191.089498 2205.112967 2229.381042 2270.535217 2306.008294 2345.211424 2316.831686 2317.516777 2341.584273 2391.905328 2424.397833 2431.687233 2415.469727 2429.446786 2453.611563 2471.381144 2468.079939 2462.564908 2485.406970 2499.061479 2496.538567 2477.129045 2473.617654 2478.839668 2505.685597 2452.557547 2382.197423 2331.918911 2336.133975 2307.040697 2272.033113 2252.125538 2246.907137 2262.950612 2245.269422 2205.941805 2168.650925 2154.585062 2134.376970 2150.334117 2170.167436 2213.500379 2250.791949 2277.209203 2274.159380 2255.050404 -9999.0 -9999.0 -9999.0 -9999.0 -9999.0 -9999.0 -9999.0 -9999.0 -9999.0 -9999.0
-9999.0 -9999.0 -9999.0 -9999.0 -9999.0 -9999.0 1919.166125 1930.424755 1952.477594 1957.227344 1984.815119 1993.147318 2015.411974 2036.398104 2060.904841 2078.892119 2110.069653 2145.377608 2187.802375 2232.726739 2267.286746 2261.938125 2273.974569 2302.693161 2341.677484 2371.555746 2399.473215 2440.125838 2514.025813 2553.539232 2555.676797 2563.154919 2579.267590 2636.779934 2706.067160 2720.223789 2701.968124 2689.377699 2710.877565 2745.990083 2746.011095 2744.998018 2758.759126 2768.810599 2795.299889 2786.309963 2748.314278 2740.353226 2744.813768 2723.403069 2653.352420 2585.369137 2551.828240 2497.476595 2413.264753 2360.883344 2370.424504 2386.748642 2355.580075 2300.089452 2258.318016 2245.537934 2227.649102 2213.080669 2218.383478 2235.237835 2254.158705 2262.568396 2246.434077 2222.451695 2198.137543 2167.221291 2167.117133 2190.533584 -9999.0 -9999.0 -9999.0 -9999.0 -9999.0 -9999.0
-9999.0 -9999.0 -9999.0 -9999.0 1867.697606 1882.191424 1870.482242 1898.229540 1932.832753 1968.999665 2001.177887 2038.588480 2067.266304 2099.605604 2140.492030 2173.447178 2215.318493 2253.068437 2310.931421 2383.131610 2436.796148 2459.234910 2474.946854 2535.833824 2603.415670 2661.003625 2685.536539 2713.713732 2758.738754 2815.910389 2841.284103 2849.149937 2871.655763 2916.741626 2972.281584 2837.137768 2819.877990 2811.977453 2820.012601 2832.502732 2854.681739 2854.917778 2856.064702 2859.202554 2865.422718 2864.667662 2840.322515 2808.675731 2970.699319 2959.734089 2922.652718 2847.196454 2807.668900 2774.724720 2732.923959 2676.343059 2614.195144 2598.538309 2535.940290 2474.308603 2412.893156 2391.275570 2358.897804 2332.022374 2303.145503 2303.199977 2303.823733 2279.722135 2242.961323 2207.141294 2189.206145 2167.423243 2153.007386 2180.695271 2195.881233 2224.012012 -9999.0 -9999.0 -9999.0 -9999.0
-9999.0 -9999.0 1805.220403 1853.853013 1913.322306 1923.899555 1924.248047 1931.988170 1962.794344 2017.040565 2089.997035 2137.376098 2177.212672 2214.478574 2276.919912 2353.869897 2425.933616 2476.977405 2546.996542 2626.994977 2694.448715 2726.198303 2741.912810 2787.533775 2848.803499 2919.840159 2950.501173 2977.769230 2832.580457 2865.211947 2866.275156 2878.413579 2888.927179 2897.040509 2907.728137 2911.814320 2907.891954 2903.591707 2886.489840 2882.148300 2888.790097 2894.404929 2895.464544 2881.478780 2877.626621 2892.056744 2896.446235 2895.165785 2895.340126 2900.183424 2899.349815 2855.822471 2828.884854 2815.465605 2983.914652 2936.304508 2866.936266 2824.876832 2799.879872 2750.060677 2669.820701 2617.893952 2565.095279 2517.431282 2461.984804 2430.339301 2381.101099 2335.266008 2284.657390 2234.079963 2206.182806 2184.640676 2178.266332 2173.700824 2186.809038 2199.104401 2212.284709 2218.954786 -9999.0 -9999.0
-9999.0 1697.830854 1770.627325 1896.949851 1979.663030 2025.834722 2052.010810 2070.297448 2101.936506 2135.985071 2236.039829 2311.002589 2402.155885 2445.612483 2499.101825 2602.115428 2703.796037 2759.867689 2807.137088 2874.884190 2942.371785 2819.676204 2844.725578 2839.039105 2874.942790 2895.949152 2901.489915 2906.582970 2903.614950 2895.291572 2887.623210 2894.329694 2892.308343 2873.709840 2858.181321 2856.455320 2853.065823 2831.408271 2977.905100 2962.736586 2964.289353 2816.992011 2976.235419 2955.341170 2951.920163 2974.530593 2819.870130 2810.082917 2981.773624 2814.089967 2846.804811 2869.319285 2874.864300 2892.359778 2913.050953 2885.642412 2860.926064 2820.263205 2988.217770 2958.957905 2899.776561 2839.852964 2783.552616 2718.871569 2650.757247 2581.757324 2513.565988 2444.704476 2374.867829 2329.021244 2293.381215 2238.856331 2213.627912 2209.935387 2196.470366 2189.749697 2192.150682 2196.978468 -9999.0 -9999.0
-9999.0 1609.865718 1751.849532 1936.099137 2087.573296 2145.579700 2236.253713 2311.135293 2337.931127 2302.069695 2412.342702 2636.804766 2759.226575 2784.060286 2864.104999 2811.550217 2810.062967 2839.910384 2861.386432 2878.451227 2892.385936 2903.120950 2900.953502 2895.226632 2879.815867 2872.277274 2872.613561 2870.712718 2853.893558 2835.202725 2818.283866 2815.951026 2973.978492 2924.347238 2886.507097 2862.646817 2840.025660 2821.206898 2792.917096 2766.453383 2747.688469 2761.985853 2760.148062 2742.666350 2739.163503 2763.226067 2794.581337 2795.402080 2812.638069 2838.576081 2882.451012 2925.740967 2950.738611 2983.277962 2825.346724 2869.379016 2881.151425 2903.131108 2906.963555 2892.560885 2849.389692 2994.008109 2960.817282 2899.324865 2828.831337 2745.200745 2676.635830 2608.966550 2535.442281 2484.657948 2429.285711 2363.041739 2303.210839 2274.440560 2228.480027 2205.271669 -9999.0 -9999.0 -9999.0 -9999.0
-9999.0 1519.795849 1704.992686 1957.352010 2249.702128 2353.027188 2570.180371 2706.138215 2762.352453 2836.788659 2774.124828 2819.116456 2859.939472 2852.963490 2858.755803 2860.086642 2873.524297 2874.030851 2869.328552 2859.038797 2850.293466 2846.375824 2845.207820 2837.582577 2825.423669 2812.105076 2978.044525 2965.808921 2927.191019 2890.682379 2846.728373 2826.992608 2782.540832 2683.164652 2635.893147 2590.118618 2524.333128 2518.402369 2517.313688 2489.275512 2471.203528 2445.673790 2471.848883 2482.069546 2486.100456 2484.737232 2499.504127 2531.170452 2584.003620 2628.076381 2678.978870 2736.631052 2779.388799 2826.972037 2874.118922 2931.563837 2966.677347 2999.195148 2851.917144 2887.941057 2909.506578 2898.279926 2876.601826 2835.323271 2967.979474 2904.605583 2856.374451 2782.776627 2715.870350 2659.800965 2603.051953 2537.185612 2457.394451 2367.010158 2317.642281 -9999.0 -9999.0 -9999.0 -9999.0 -9999.0
-9999.0 1319.281343 1586.358115 1866.924723 2168.944565 2516.981234 2686.685268 2811.895129 2889.377672 2872.195161 2893.570198 2913.083523 2804.980863 2811.239597 2954.077463 2946.275783 2935.092603 2936.498031 2950.047970 2922.452061 2889.437407 2870.420020 2865.190432 2850.207794 2824.702131 2808.224671 2799.489479 2779.118476 2727.482061 2671.479736 2580.420173 2540.300165 2456.404478 2406.432018 2361.190819 2306.714531 2252.879150 2251.863397 2271.783483 2259.748890 2238.635808 2220.950701 2249.383906 2270.394860 2283.976382 2270.946840 2280.223168 2317.420876 2370.162912 2419.204267 2473.434665 2533.635762 2583.360196 2635.327020 2671.124561 2723.121122 2777.948731 2828.410199 2905.424286 2989.410851 2831.655252 2864.315117 2895.632004 2915.387739 2873.665799 2843.358830 2818.005680 2927.797304 2858.395814 2811.469745 2776.545158 2712.413648 2642.104672 -9999.0 -9999.0 -9999.0 -9999.0 -9999.0 -9999.0 -9999.0
-9999.0 1199.696914 1407.272190 1620.969994 1893.674280 2136.534962 2355.856598 2467.491806 2555.064097 2616.827939 2667.335070 2707.491269 2740.761971 2766.230606 2749.500909 2707.877890 2679.642598 2684.983081 2677.889297 2652.657099 2618.495401 2596.634488 2587.054734 2576.177534 2550.094301 2535.745791 2525.616111 2502.400127 2472.416632 2414.697106 2333.362154 2254.568579 2193.942266 2165.172487 2135.536430 2102.040180 2067.899157 2077.390094 2088.579149 2086.921338 2078.484215 2077.172090 2106.429546 2125.891705 2136.200387 2125.734984 2145.744548 2172.803478 2215.533655 2262.110857 2314.234634 2371.419769 2428.146200 2460.221942 2476.386520 2502.171615 2543.696474 2601.959419 2693.982190 2799.060753 2885.387092 2939.987609 2996.416985 2834.194208 2858.222672 2885.512024 2898.768110 2881.354696 2847.825305 2819.297851 2884.653631 -9999.0 -9999.0 -9999.0 -9999.0 -9999.0 -9999.0 -9999.0 -9999.0 -9999.0
-9999.0 -9999.0 1177.604694 1344.750502 1466.297288 1641.880585 1793.630654 1908.611062 2009.535086 2142.667894 2260.659017 2352.802349 2398.776871 2417.482169 2406.446698 2379.653606 2362.031530 2362.088635 2350.081850 2338.544203 2316.420959 2303.595084 2285.978227 2274.326918 2264.416009 2259.477270 2254.623816 2244.577400 2223.963664 2177.373289 2130.877315 2079.824773 2026.949178 2001.039513 1978.691800 1957.140116 1956.535934 1950.981688 1955.819773 1957.838705 1966.000057 1979.431098 1999.396069 2022.071636 2032.237379 2042.310324 2055.107664 2079.422324 2113.292474 2157.145155 2213.117975 2273.696523 2316.347566 2331.860083 2324.467652 2330.820625 2351.376364 2396.161456 2479.370583 2569.597529 2675.748441 2755.854774 2838.089915 2898.846254 2922.741073 2946.231064 2828.961079 2863.583586 2878.477027 2863.782196 -9999.0 -9999.0 -9999.0 -9999.0 -9999.0 -9999.0 -9999.0 -9999.0 -9999.0 -9999.0
-9999.0 -9999.0 -9999.0 -9999.0 1206.256892 1359.382230 1458.949960 1543.638167 1678.156604 1806.429024 1912.231739 1999.139143 2065.405357 2093.617755 2093.524036 2105.441442 2103.310231 2095.795917 2084.469075 2083.722322 2081.942285 2071.367668 2052.875694 2043.639437 2044.142334 2049.259826 2046.452886 2032.815400 2014.346717 1994.169023 1975.394479 1941.135489 1905.530176 1875.904822 1862.137303 1856.508318 1855.574710 1847.667418 1855.893230 1863.815936 1879.377892 1894.661353 1918.411085 1947.773858 1962.211383 1977.414140 1987.383615 2008.081237 2039.360343 2093.865252 2158.781602 2218.415308 2257.076014 2263.874029 2241.973441 2228.485829 2226.579365 2257.068163 2305.142384 2375.602646 2483.835527 2566.299313 2630.747291 2685.203699 2726.924496 2784.096874 2852.555844 2898.408405 -9999.0 -9999.0 -9999.0 -9999.0 -9999.0 -9999.0 -9999.0 -9999.0 -9999.0 -9999.0 -9999.0 -9999.0
-9999.0 -9999.0 -9999.0 -9999.0 -9999.0 -9999.0 1174.814180 1279.713720 1356.833214 1503.604337 1642.302184 1747.913313 1830.857980 1865.570345 1896.345768 1925.675937 1925.316126 1905.933261 1884.741466 1902.976878 1916.660853 1908.061188 1875.001526 1873.673368 1878.200269 1885.555558 1882.824366 1876.361189 1851.136493 1864.101761 1865.436988 1841.591361 1815.107126 1801.015979 1788.611552 1797.686975 1797.317025 1782.992908 1782.664168 1809.848323 1830.467725 1843.569215 1865.148037 1898.479038 1931.131906 1946.921693 1948.657265 1954.952662 1994.614144 2065.544080 2138.718189 2195.951479 2230.504677 2240.660319 2216.324446 2178.514540 2160.812528 2170.880208 2209.090259 2265.338799 2346.869635 2402.535427 2434.922264 2455.318109 2479.039664 2576.251391 -9999.0 -9999.0 -9999.0 -9999.0 -9999.0 -9999.0 -9999.0 -9999.0 -9999.0 -9999.0 -9999.0 -9999.0 -9999.0 -9999.0
-9999.0 -9999.0 -9999.0 -9999.0 -9999.0 -9999.0 -9999.0 -9999.0 -9999.0 -9999.0 -9999.0 -9999.0 -9999.0 -9999.0 -9999.0 -9999.0 -9999.0 -9999.0 -9999.0 -9999.0 -9999.0 -9999.0 -9999.0 -9999.0 -9999.0 -9999.0 -9999.0 -9999.0 -9999.0 -9999.0 -9999.0 -9999.0 -9999.0 -9999.0 -9999.0 -9999.0 -9999.0 -9999.0 -9999.0 -9999.0 -9999.0 -9999.0 -9999.0 -9999.0 -9999.0 -9999.0 -9999.0 -9999.0 -9999.0 -9999.0 -9999.0 -9999.0 -9999.0 -9999.0 -9999.0 -9999.0 -9999.0 -9999.0 -9999.0 -9999.0 -9999.0 -9999.0 -9999.0 -9999.0 -9999.0 -9999.0 -9999.0 -9999.0 -9999.0 -9999.0 -9999.0 -9999.0 -9999.0 -9999.0 -9999.0 -9999.0 -9999.0 -9999.0 -9999.0 -9999.0
-9999.0 -9999.0 -9999.0 -9999.0 -9999.0 -9999.0 -9999.0 -9999.0 -9999.0 -9999.0 -9999.0 -9999.0 -9999.0 -9999.0 -9999.0 -9999.0 -9999.0 -9999.0 -9999.0 -9999.0 -9999.0 -9999.0 -9999.0 -9999.0 -9999.0 -9999.0 -9999.0 -9999.0 -9999.0 -9999.0 -9999.0 -9999.0 -9999.0 -9999.0 -9999.0 -9999.0 -9999.0 -9999.0 -9999.0 -9999.0 -9999.0 -9999.0 -9999.0 -9999.0 -9999.0 -9999.0 -9999.0 -9999.0 -9999.0 -9999.0 -9999.0 -9999.0 -9999.0 -9999.0 -9999.0 -9999.0 -9999.0 -9999.0 -9999.0 -9999.0 -9999.0 -9999.0 -9999.0 -9999.0 -9999.0 -9999.0 -9999.0 -9999.0 -9999.0 -9999.0 -9999.0 -9999.0 -9999.0 -9999.0 -9999.0 -9999.0 -9999.0 -9999.0 -9999.0 -9999.0