Borden_/Borden1m_014/output_maps/psiliqL0008N0028.asc
ncols         80
nrows         18
xllcorner     620200.000000
yllcorner     5168000.000000
cellsize      1.000000
NODATA_value  -9999.0
-9999.0 -9999.0 -9999.0 -9999.0 -9999.0 -9999.0 -9999.0 -9999.0 -9999.0 -9999.0 -9999.0 -9999.0 -9999.0 -9999.0 -9999.0 -9999.0 -9999.0 -9999.0 -9999.0 -9999.0 -9999.0 -9999.0 -9999.0 -9999.0 -9999.0 -9999.0 -9999.0 -9999.0 -9999.0 -9999.0 -9999.0 -9999.0 -9999.0 -9999.0 -9999.0 -9999.0 -9999.0 -9999.0 -9999.0 -9999.0 -9999.0 -9999.0 -9999.0 -9999.0 -9999.0 -9999.0 -9999.0 -9999.0 -9999.0 -9999.0 -9999.0 -9999.0 -9999.0 -9999.0 -9999.0 -9999.0 -9999.0 -9999.0 -9999.0 -9999.0 -9999.0 -9999.0 -9999.0 -9999.0 -9999.0 -9999.0 -9999.0 -9999.0 -9999.0 -9999.0 -9999.0 -9999.0 -9999.0 -9999.0 -9999.0 -9999.0 -9999.0 -9999.0 -9999.0 -9999.0
-9999.0 -9999.0 -9999.0 -9999.0 -9999.0 -9999.0 -9999.0 -9999.0 -9999.0 -9999.0 -9999.0 -9999.0 -9999.0 -9999.0 -9999.0 -9999.0 -9999.0 -9999.0 -9999.0 -9999.0 -9999.0 -9999.0 -9999.0 -9999.0 -9999.0 -9999.0 -9999.0 -9999.0 -9999.0 -9999.0 -9999.0 -9999.0 -9999.0 -9999.0 -9999.0 -9999.0 -9999.0 -9999.0 -9999.0 -9999.0 -9999.0 -9999.0 -9999.0 -9999.0 -9999.0 -9999.0 -9999.0 -9999.0 -9999.0 -9999.0 -9999.0 -9999.0 -9999.0 -9999.0 -9999.0 -9999.0 -9999.0 -9999.0 -9999.0 -9999.0 -9999.0 -9999.0 -9999.0 -9999.0 -9999.0 -9999.0 -9999.0 -9999.0 -9999.0 -9999.0 -9999.0 -9999.0 -9999.0 -9999.0 -9999.0 -9999.0 -9999.0 -9999.0 -9999.0 -9999.0
-9999.0 -9999.0 -9999.0 -9999.0 -9999.0 -9999.0 -9999.0 -9999.0 -9999.0 -9999.0 -9999.0 -9999.0 -9999.0 -9999.0 -9999.0 -9999.0 -9999.0 -9999.0 -9999.0 -9999.0 -268.816300 -265.768913 -288.522937 -322.574214 -351.079101 -349.158874 -314.019100 -272.804022 -234.733474 -223.952924 -241.865352 -240.263665 -245.151741 -244.994250 -241.661092 -235.448383 -232.650476 -220.848420 -212.001355 -211.916682 -217.874550 -223.438059 -224.425740 -220.682464 -215.703503 -224.929115 -211.603975 -196.315969 -190.113746 -195.881817 -224.095008 -240.564031 -249.131395 -263.913018 -239.598413 -227.118447 -204.098602 -199.803922 -201.086141 -228.246794 -258.392778 -9999.0 -9999.0 -9999.0 -9999.0 -9999.0 -9999.0 -9999.0 -9999.0 -9999.0 -9999.0 -9999.0 -9999.0 -9999.0 -9999.0 -9999.0 -9999.0 -9999.0 -9999.0 -9999.0
-9999.0 -9999.0 -9999.0 -9999.0 -9999.0 -9999.0 -9999.0 -9999.0 -9999.0 -9999.0 -9999.0 -9999.0 -9999.0 -9999.0 -359.252085 -369.550022 -372.703843 -364.208695 -330.336904 -300.346381 -287.715668 -295.345180 -295.430301 -318.980554 -339.145173 -324.896497 -295.384036 -263.625898 -228.719859 -207.359383 -219.729723 -222.051869 -210.734021 -181.757636 -165.774786 -167.869482 -189.502576 -166.301431 -148.866777 -137.917595 -137.952451 -146.079133 -130.009396 -112.511440 -119.351831 -138.490429 -136.478699 -125.274223 -110.775225 -128.268512 -196.116182 -218.945477 -223.045989 -230.425659 -244.350057 -251.269556 -226.580362 -225.661422 -234.004022 -252.029771 -284.273396 -328.276044 -346.095358 -307.514523 -262.942769 -204.727600 -9999.0 -9999.0 -9999.0 -9999.0 -9999.0 -9999.0 -9999.0 -9999.0 -9999.0 -9999.0 -9999.0 -9999.0 -9999.0 -9999.0
-9999.0 -9999.0 -9999.0 -9999.0 -9999.0 -9999.0 -9999.0 -9999.0 -9999.0 -415.940067 -412.482989 -405.567036 -403.990915 -388.487867 -390.335915 -383.517348 -375.628673 -349.459149 -318.240433 -282.962548 -253.830597 -263.654824 -263.017648 -250.175222 -242.390138 -228.489879 -206.410625 -163.422466 -116.663898 -70.412989 -97.474562 -97.996923 -75.606710 -19.987735 25.330563 38.991515 16.378511 20.530688 51.856935 85.099913 90.116784 90.962648 122.348634 139.789237 146.099033 121.548416 94.132813 88.812610 116.454345 52.243749 -24.781276 -86.192611 -89.879489 -126.080676 -171.709229 -196.461371 -200.510391 -178.969206 -195.234734 -233.686759 -270.778810 -280.461274 -297.120938 -280.864411 -258.116048 -210.878919 -172.099802 -143.236147 -142.859902 -160.150699 -9999.0 -9999.0 -9999.0 -9999.0 -9999.0 -9999.0 -9999.0 -9999.0 -9999.0 -9999.0
-9999.0 -9999.0 -9999.0 -9999.0 -9999.0 -9999.0 -494.272914 -485.719922 -466.287122 -460.945709 -436.902969 -429.591632 -409.234390 -389.933071 -369.362411 -352.173076 -320.862455 -287.791197 -245.198617 -199.264696 -164.644980 -167.042846 -154.221226 -115.048903 -65.517737 -27.691246 1.862209 51.728514 150.433338 207.493297 226.986355 236.509107 248.086894 291.169226 353.888813 381.249519 350.134796 332.295838 351.176486 392.612906 423.814280 429.635183 438.743255 447.639232 472.706737 460.978911 398.871164 373.563977 365.400669 352.097867 299.565305 240.073551 188.850850 126.011521 24.251973 -44.881896 -49.114965 -36.392288 -72.978076 -132.003647 -178.419617 -190.925462 -206.890805 -222.001984 -217.148949 -197.895229 -174.503625 -163.060885 -175.428762 -195.880902 -218.828406 -247.434681 -245.615921 -220.051013 -9999.0 -9999.0 -9999.0 -9999.0 -9999.0 -9999.0
-9999.0 -9999.0 -9999.0 -9999.0 -543.701981 -531.603622 -543.494396 -520.322712 -488.731092 -455.870244 -423.569205 -386.068475 -358.763583 -328.600312 -285.891771 -245.989028 -199.239033 -160.099634 -98.436459 -20.116432 44.055210 82.331696 110.644599 187.637392 255.860357 305.915300 324.442425 352.807593 401.781811 482.049602 513.544431 521.657021 533.447514 565.056281 606.401608 642.314597 622.088649 617.427249 621.497673 632.545836 660.215159 662.825833 664.903627 666.046290 668.540469 667.641881 642.057620 608.106583 592.222202 584.832386 557.300682 497.499573 435.848732 398.788508 367.949864 322.032822 256.740122 230.057108 161.573220 89.341217 4.930965 -28.672856 -67.452922 -98.939897 -133.851219 -135.553391 -134.173141 -154.856820 -185.886285 -217.902093 -232.724201 -251.177009 -261.117789 -231.085426 -213.209788 -182.020498 -9999.0 -9999.0 -9999.0 -9999.0
-9999.0 -9999.0 -601.272343 -551.526910 -496.067757 -487.858114 -485.943606 -481.346666 -454.747285 -403.984036 -324.195749 -269.469606 -221.735094 -187.790011 -121.465923 -25.830356 69.669979 136.081563 207.546891 276.446174 335.659750 376.424475 416.688476 459.394928 505.499737 561.228173 582.366849 608.530422 637.986277 670.978129 693.582627 709.270201 714.617168 712.455631 713.661626 713.646573 709.680484 704.510481 686.947566 684.487367 692.224430 695.639370 698.963049 686.671471 682.765016 695.146672 696.683308 695.927014 696.046272 703.639398 711.986354 680.288119 629.287222 613.523395 601.457900 565.474085 503.869027 443.547127 414.448127 371.365347 294.370152 241.941758 181.978787 115.231906 42.676198 -2.823520 -58.441206 -104.190628 -151.727746 -197.760936 -221.334120 -239.697746 -241.749679 -240.919326 -224.666566 -208.807649 -193.215404 -185.303979 -9999.0 -9999.0
-9999.0 -699.666864 -627.265174 -499.884869 -421.235820 -376.095214 -335.006580 -305.258300 -279.964459 -263.506605 -148.199669 -28.318058 81.042744 124.671476 190.975139 294.234280 404.179653 449.315227 479.896478 530.271882 581.711495 626.375215 656.008703 684.354481 711.612339 713.295479 711.755780 712.810352 706.120773 699.325532 689.875736 696.917153 694.698857 678.256057 664.501039 662.372018 655.967780 629.790910 601.293553 587.233218 590.514738 610.681499 601.124139 581.679624 578.165102 598.279127 614.959953 606.747785 593.480765 608.098223 645.958520 668.476975 683.827133 698.465218 718.241230 695.674688 663.417400 621.865683 597.929471 572.559377 503.092461 439.405759 384.153367 320.014133 254.279989 176.884308 96.379439 19.960261 -55.639061 -99.683109 -133.254689 -186.582410 -210.430148 -209.109379 -218.349737 -220.764076 -214.036754 -207.517344 -9999.0 -9999.0
-9999.0 -770.732430 -627.532953 -441.633694 -294.208189 -229.226413 -103.801771 -10.235706 26.108133 4.263440 142.203232 383.738519 469.136024 480.934134 544.495715 620.801111 659.428504 687.184983 704.342995 702.608510 700.733904 706.354396 703.429051 696.198613 682.987841 675.760755 674.565040 671.303630 651.566308 632.401275 615.422756 611.940028 596.016283 558.608093 528.181616 512.887613 493.444691 457.293333 416.984273 387.854835 373.504131 391.372203 382.291461 364.497261 360.995823 384.815461 418.668167 414.088355 420.563462 444.043098 487.994262 539.887014 564.131631 592.832940 628.427120 670.524394 688.975203 708.768321 713.395393 690.496455 647.492952 598.852013 564.506397 489.886768 415.417677 335.472196 274.296327 216.358064 139.534372 78.123140 15.621011 -52.101686 -115.764119 -146.600829 -186.986145 -208.289859 -9999.0 -9999.0 -9999.0 -9999.0
-9999.0 -835.613097 -644.291965 -377.764258 -115.588130 33.597028 246.281474 383.837402 471.247049 509.355179 553.928553 660.869055 683.738408 673.779521 657.529914 657.952220 671.042213 674.492066 670.494295 660.582547 649.352921 645.112398 641.716527 630.462233 622.490762 608.383612 595.357172 580.346334 528.368122 492.619373 461.199993 444.640286 407.988503 320.381058 281.059854 251.237087 193.287067 177.703866 160.645029 123.896695 99.283222 80.721348 101.483893 100.949162 101.679761 112.638033 139.083619 163.029492 211.141959 250.096454 292.813257 346.005146 381.557722 426.919213 477.694409 545.957639 578.276757 607.506834 651.542043 691.625338 713.656484 705.211169 675.349013 632.037153 564.390567 484.728537 432.866157 361.102406 298.202424 249.422419 208.025502 149.755562 63.706899 -51.027703 -97.640353 -9999.0 -9999.0 -9999.0 -9999.0 -9999.0
-9999.0 -988.475600 -721.111601 -423.424191 -83.808883 249.480060 363.851292 539.517662 615.132580 551.727623 518.975615 553.215437 593.609089 598.928116 578.393626 571.180423 563.443115 563.395613 575.487596 547.656747 505.711024 489.383079 487.055768 473.908753 450.818976 431.786830 416.992796 394.739520 342.373847 294.901927 223.548927 192.709055 106.351419 23.022021 -31.790605 -84.571468 -140.401504 -144.447209 -130.225566 -148.705156 -172.296075 -191.772521 -165.929351 -150.418998 -139.357184 -148.514966 -138.306428 -101.488253 -48.938177 -0.030507 61.028433 132.283201 189.767511 247.699246 282.285323 335.769954 383.812360 432.820695 508.059117 595.945186 630.777261 665.814970 701.429940 716.392227 670.054137 619.512025 565.605893 488.177201 395.492354 351.038211 330.234298 299.177723 247.848479 -9999.0 -9999.0 -9999.0 -9999.0 -9999.0 -9999.0 -9999.0
-9999.0 -1122.854892 -890.275067 -641.340567 -339.077906 -94.763978 107.239523 235.319471 333.468832 309.088266 312.994213 340.350602 370.830799 392.576188 370.115583 335.509195 310.845454 314.714732 314.205615 290.951330 261.817907 247.766910 246.092519 237.289716 207.276623 186.787367 171.613243 142.498479 94.404365 24.881676 -67.288217 -139.690574 -205.484108 -243.871841 -275.534812 -309.531892 -349.326425 -338.961511 -324.382990 -329.359897 -342.134275 -346.909380 -317.267586 -299.013135 -289.033203 -302.353053 -283.937372 -256.769283 -214.414748 -171.794273 -122.233152 -64.670729 -6.323892 31.422913 54.803351 96.518716 153.433827 222.466111 308.357593 406.296822 482.636002 543.237232 594.307821 622.451492 640.264615 659.043806 639.516698 556.772691 410.716556 394.007188 393.136388 -9999.0 -9999.0 -9999.0 -9999.0 -9999.0 -9999.0 -9999.0 -9999.0 -9999.0
-9999.0 -9999.0 -1127.245524 -935.980246 -774.695914 -589.743899 -439.625757 -330.427399 -254.901786 -166.048452 -75.751143 3.799448 51.043301 70.884985 48.863368 1.590861 -27.691809 -28.038313 -37.953819 -53.527679 -79.837695 -90.225878 -100.289566 -109.047121 -124.209793 -133.137879 -139.779576 -152.614096 -177.665986 -226.973362 -281.620164 -334.712329 -390.196461 -415.682755 -437.886603 -460.806564 -464.569974 -466.082064 -459.062290 -457.907422 -452.762222 -441.166593 -420.317137 -399.063568 -389.773083 -383.017771 -370.539645 -346.953012 -313.885865 -273.160868 -220.912450 -164.992537 -126.326455 -113.574831 -121.954433 -113.706190 -87.442830 -35.061925 70.150565 182.320153 280.200386 352.848601 426.050151 476.140635 495.881693 527.877956 548.609134 466.021752 241.356447 336.622287 -9999.0 -9999.0 -9999.0 -9999.0 -9999.0 -9999.0 -9999.0 -9999.0 -9999.0 -9999.0
-9999.0 -9999.0 -9999.0 -9999.0 -1078.950684 -922.076241 -829.380428 -748.021916 -629.790221 -523.140411 -432.041374 -356.309480 -304.463024 -281.224832 -293.360908 -300.197855 -308.922422 -312.432384 -320.975442 -326.974693 -333.163885 -341.212140 -352.488896 -360.316008 -361.407111 -358.185244 -360.312267 -373.507722 -389.418599 -417.240842 -441.722899 -477.102048 -514.235408 -543.261718 -556.117891 -563.029836 -562.606424 -567.860913 -558.173150 -551.925456 -537.111462 -521.673325 -497.668824 -469.507794 -457.160104 -443.132729 -433.536259 -412.771429 -382.949298 -330.472458 -268.777640 -213.477750 -180.404173 -177.708299 -204.951044 -221.607779 -225.060567 -196.178428 -145.465041 -67.917076 50.486566 147.380887 225.862216 275.020216 308.059466 356.506655 402.582181 418.803451 -9999.0 -9999.0 -9999.0 -9999.0 -9999.0 -9999.0 -9999.0 -9999.0 -9999.0 -9999.0 -9999.0 -9999.0
-9999.0 -9999.0 -9999.0 -9999.0 -9999.0 -9999.0 -1136.082104 -1042.197254 -954.833919 -836.485181 -726.990123 -637.267553 -564.378607 -540.443894 -524.021298 -502.183265 -507.069033 -523.887448 -540.188306 -523.836203 -514.655123 -519.370534 -546.498419 -547.970253 -544.523060 -534.965247 -535.919696 -541.789132 -566.327273 -558.368879 -559.833433 -582.609696 -608.409700 -622.625659 -633.942807 -623.794682 -622.779866 -635.051445 -632.359870 -606.405238 -586.804314 -573.348064 -550.800964 -517.771010 -485.970541 -471.952640 -471.210062 -465.182683 -423.697713 -353.636386 -284.100391 -231.613352 -201.817325 -195.522362 -225.355837 -267.747815 -290.648434 -285.206288 -251.448605 -197.575017 -117.821675 -62.835950 -24.590670 4.056326 41.147139 156.638556 -9999.0 -9999.0 -9999.0 -9999.0 -9999.0 -9999.0 -9999.0 -9999.0 -9999.0 -9999.0 -9999.0 -9999.0 -9999.0 -9999.0
-9999.0 -9999.0 -9999.0 -9999.0 -9999.0 -9999.0 -9999.0 -9999.0 -9999.0 -9999.0 -9999.0 -9999.0 -9999.0 -9999.0 -9999.0 -9999.0 -9999.0 -9999.0 -9999.0 -9999.0 -9999.0 -9999.0 -9999.0 -9999.0 -9999.0 -9999.0 -9999.0 -9999.0 -9999.0 -9999.0 -9999.0 -9999.0 -9999.0 -9999.0 -9999.0 -9999.0 -9999.0 -9999.0 -9999.0 -9999.0 -9999.0 -9999.0 -9999.0 -9999.0 -9999.0 -9999.0 -9999.0 -9999.0 -9999.0 -9999.0 -9999.0 -9999.0 -9999.0 -9999.0 -9999.0 -9999.0 -9999.0 -9999.0 -9999.0 -9999.0 -9999.0 -9999.0 -9999.0 -9999.0 -9999.0 -9999.0 -9999.0 -9999.0 -9999.0 -9999.0 -9999.0 -9999.0 -9999.0 -9999.0 -9999.0 -9999.0 -9999.0 -9999.0 -9999.0 -9999.0
-9999.0 -9999.0 -9999.0 -9999.0 -9999.0 -9999.0 -9999.0 -9999.0 -9999.0 -9999.0 -9999.0 -9999.0 -9999.0 -9999.0 -9999.0 -9999.0 -9999.0 -9999.0 -9999.0 -9999.0 -9999.0 -9999.0 -9999.0 -9999.0 -9999.0 -9999.0 -9999.0 -9999.0 -9999.0 -9999.0 -9999.0 -9999.0 -9999.0 -9999.0 -9999.0 -9999.0 -9999.0 -9999.0 -9999.0 -9999.0 -9999.0 -9999.0 -9999.0 -9999.0 -9999.0 -9999.0 -9999.0 -9999.0 -9999.0 -9999.0 -9999.0 -9999.0 -9999.0 -9999.0 -9999.0 -9999.0 -9999.0 -9999.0 -9999.0 -9999.0 -9999.0 -9999.0 -9999.0 -9999.0 -9999.0 -9999.0 -9999.0 -9999.0 -9999.0 -9999.0 -9999.0 -9999.0 -9999.0 -9999.0 -9999.0 -9999.0 -9999.0 -9999.0 -9999.0 -9999.0