Borden_/Borden1m_014/output_maps/psiliqL0006N0023.asc
ncols         80
nrows         18
xllcorner     620200.000000
yllcorner     5168000.000000
cellsize      1.000000
NODATA_value  -9999.0
-9999.0 -9999.0 -9999.0 -9999.0 -9999.0 -9999.0 -9999.0 -9999.0 -9999.0 -9999.0 -9999.0 -9999.0 -9999.0 -9999.0 -9999.0 -9999.0 -9999.0 -9999.0 -9999.0 -9999.0 -9999.0 -9999.0 -9999.0 -9999.0 -9999.0 -9999.0 -9999.0 -9999.0 -9999.0 -9999.0 -9999.0 -9999.0 -9999.0 -9999.0 -9999.0 -9999.0 -9999.0 -9999.0 -9999.0 -9999.0 -9999.0 -9999.0 -9999.0 -9999.0 -9999.0 -9999.0 -9999.0 -9999.0 -9999.0 -9999.0 -9999.0 -9999.0 -9999.0 -9999.0 -9999.0 -9999.0 -9999.0 -9999.0 -9999.0 -9999.0 -9999.0 -9999.0 -9999.0 -9999.0 -9999.0 -9999.0 -9999.0 -9999.0 -9999.0 -9999.0 -9999.0 -9999.0 -9999.0 -9999.0 -9999.0 -9999.0 -9999.0 -9999.0 -9999.0 -9999.0
-9999.0 -9999.0 -9999.0 -9999.0 -9999.0 -9999.0 -9999.0 -9999.0 -9999.0 -9999.0 -9999.0 -9999.0 -9999.0 -9999.0 -9999.0 -9999.0 -9999.0 -9999.0 -9999.0 -9999.0 -9999.0 -9999.0 -9999.0 -9999.0 -9999.0 -9999.0 -9999.0 -9999.0 -9999.0 -9999.0 -9999.0 -9999.0 -9999.0 -9999.0 -9999.0 -9999.0 -9999.0 -9999.0 -9999.0 -9999.0 -9999.0 -9999.0 -9999.0 -9999.0 -9999.0 -9999.0 -9999.0 -9999.0 -9999.0 -9999.0 -9999.0 -9999.0 -9999.0 -9999.0 -9999.0 -9999.0 -9999.0 -9999.0 -9999.0 -9999.0 -9999.0 -9999.0 -9999.0 -9999.0 -9999.0 -9999.0 -9999.0 -9999.0 -9999.0 -9999.0 -9999.0 -9999.0 -9999.0 -9999.0 -9999.0 -9999.0 -9999.0 -9999.0 -9999.0 -9999.0
-9999.0 -9999.0 -9999.0 -9999.0 -9999.0 -9999.0 -9999.0 -9999.0 -9999.0 -9999.0 -9999.0 -9999.0 -9999.0 -9999.0 -9999.0 -9999.0 -9999.0 -9999.0 -9999.0 -9999.0 -648.528514 -645.442539 -668.541895 -702.770154 -731.443642 -730.074616 -695.685264 -655.378662 -618.380908 -608.094618 -626.443815 -625.622183 -631.185558 -631.283431 -628.305826 -622.705943 -620.543685 -608.973471 -600.520198 -600.780009 -607.031132 -612.981298 -614.789157 -611.153248 -606.246689 -614.445851 -600.962151 -585.421043 -578.558322 -583.474283 -610.614558 -626.212710 -633.721167 -647.430989 -622.525805 -609.302792 -585.786463 -580.978737 -581.609083 -608.269830 -638.033499 -9999.0 -9999.0 -9999.0 -9999.0 -9999.0 -9999.0 -9999.0 -9999.0 -9999.0 -9999.0 -9999.0 -9999.0 -9999.0 -9999.0 -9999.0 -9999.0 -9999.0 -9999.0 -9999.0
-9999.0 -9999.0 -9999.0 -9999.0 -9999.0 -9999.0 -9999.0 -9999.0 -9999.0 -9999.0 -9999.0 -9999.0 -9999.0 -9999.0 -737.231216 -747.836315 -751.353939 -743.326091 -710.183650 -680.896027 -668.406601 -676.412216 -676.946382 -700.879973 -721.317447 -707.851234 -679.494547 -649.036850 -615.761143 -595.608566 -609.033977 -612.210805 -601.665449 -573.241188 -557.790806 -560.548049 -582.641347 -559.973525 -543.244426 -533.122126 -534.262017 -543.212568 -527.663358 -510.615178 -517.372051 -535.700706 -532.890817 -521.063834 -505.313202 -521.384477 -587.715403 -609.190012 -611.352774 -617.183272 -629.531747 -635.577135 -610.418248 -608.620176 -616.205660 -633.430911 -664.855846 -708.278905 -725.376164 -686.741292 -641.774354 -583.176180 -9999.0 -9999.0 -9999.0 -9999.0 -9999.0 -9999.0 -9999.0 -9999.0 -9999.0 -9999.0 -9999.0 -9999.0 -9999.0 -9999.0
-9999.0 -9999.0 -9999.0 -9999.0 -9999.0 -9999.0 -9999.0 -9999.0 -9999.0 -792.488696 -789.509010 -782.934320 -781.819311 -766.779161 -768.742456 -762.447062 -754.884725 -729.946484 -699.814400 -665.570939 -637.287430 -648.155801 -648.533225 -636.437292 -629.142663 -616.434958 -596.287663 -555.830033 -512.058737 -467.795192 -496.914148 -498.527199 -476.180237 -416.137310 -365.705087 -351.042249 -375.187200 -372.613757 -340.015626 -303.898804 -302.540174 -304.101559 -265.849655 -243.148147 -231.344564 -262.986340 -296.038242 -300.726405 -261.552912 -337.824961 -418.582824 -484.209033 -486.825969 -520.681857 -563.993304 -587.344264 -590.186422 -566.963386 -581.735938 -618.611814 -654.416744 -662.678517 -678.293048 -661.675950 -638.287883 -590.442318 -551.394418 -521.984832 -520.900101 -537.789099 -9999.0 -9999.0 -9999.0 -9999.0 -9999.0 -9999.0 -9999.0 -9999.0 -9999.0 -9999.0
-9999.0 -9999.0 -9999.0 -9999.0 -9999.0 -9999.0 -869.993134 -861.840772 -842.870110 -837.511125 -814.232710 -807.252851 -787.520459 -768.939751 -749.654862 -733.425826 -703.298208 -671.979243 -631.235623 -587.263762 -554.689402 -559.003476 -549.047230 -512.005946 -460.642928 -419.412601 -390.073480 -340.623534 -217.825618 -144.621157 -118.258721 -104.461851 -85.095359 -51.442896 3.456676 49.926069 -1.187998 -20.430881 -5.583968 32.765263 85.528703 90.351193 97.758559 106.054464 131.679916 121.419865 37.854848 12.022878 5.455821 -3.374979 -44.327015 -92.727670 -163.614700 -248.480600 -366.309410 -437.985581 -445.735919 -432.968906 -468.724562 -524.542550 -568.257822 -578.542419 -592.479028 -606.208631 -600.241617 -579.880999 -555.260736 -542.874012 -554.280433 -573.891021 -596.350826 -624.483351 -622.340377 -596.456477 -9999.0 -9999.0 -9999.0 -9999.0 -9999.0 -9999.0
-9999.0 -9999.0 -9999.0 -9999.0 -919.035233 -907.217513 -918.942992 -896.481948 -865.504078 -833.514135 -801.959079 -765.604279 -739.753187 -711.371621 -670.448425 -632.232074 -588.602702 -553.727337 -495.215105 -414.694697 -346.807691 -306.467076 -277.039097 -166.411531 -81.759069 -39.334841 -25.997564 -4.433080 42.551313 141.355110 171.191278 166.264332 192.670563 209.245065 262.133923 297.604833 277.678966 270.798350 273.735746 282.860375 309.679153 311.416626 312.813821 313.376132 315.657705 316.040080 292.140272 260.099018 244.443779 239.086442 205.921814 157.907290 76.993552 36.776096 10.868447 -25.171802 -78.851009 -108.851030 -200.355431 -295.318216 -388.504210 -423.924234 -462.868111 -491.481863 -523.397246 -522.339638 -518.574029 -537.220922 -566.323938 -597.124584 -611.071258 -628.831900 -638.035676 -607.645424 -589.437159 -557.832494 -9999.0 -9999.0 -9999.0 -9999.0
-9999.0 -9999.0 -976.019718 -926.097093 -871.303706 -863.424091 -861.322172 -857.397531 -831.985386 -783.186723 -705.517456 -653.322808 -608.207585 -578.845512 -516.824731 -419.685244 -321.044112 -239.786937 -138.220973 -66.665084 -17.800530 18.771577 77.889773 120.306376 157.090706 217.426795 235.677628 246.369871 286.923858 318.343142 342.628556 357.583274 362.822530 359.291796 359.656715 359.092332 355.778774 350.665564 333.688340 331.315407 338.798850 341.612875 344.891565 332.577467 328.783552 341.059673 342.830956 342.992219 343.902036 352.625430 361.509301 332.222202 278.749945 264.381305 244.749833 221.101731 162.355928 86.964665 53.634987 13.917788 -50.482065 -93.135759 -170.336482 -265.520135 -351.379922 -397.991765 -450.306661 -491.567854 -535.682896 -579.298236 -601.276393 -618.573295 -619.658983 -617.938656 -601.204545 -584.888874 -568.991244 -560.929087 -9999.0 -9999.0
-9999.0 -1072.933767 -1000.580158 -873.292048 -795.883945 -752.203710 -711.260768 -681.850859 -659.686980 -648.686114 -538.914434 -415.747222 -301.507453 -252.167567 -156.647034 -49.292150 71.732200 112.777853 141.580992 173.477333 233.313135 276.588801 305.987171 337.689268 361.956907 360.465608 357.902296 357.024951 350.150985 343.202047 333.300700 340.242117 339.288204 323.985049 311.231787 309.943734 304.971682 276.667242 251.282389 238.252123 242.571632 263.289517 253.188570 233.528055 229.928852 249.402701 265.354179 257.466095 243.865344 262.946559 295.788604 315.722649 331.539472 345.659748 364.639196 343.412871 311.182365 271.186414 240.142721 226.559644 146.041250 82.923335 28.275707 -30.640870 -84.692474 -176.217545 -287.654089 -371.346013 -445.490394 -485.365259 -515.978616 -567.517157 -589.938222 -587.053154 -595.481040 -597.196405 -589.900525 -583.170612 -9999.0 -9999.0
-9999.0 -1141.224255 -997.862868 -812.572183 -668.198302 -607.263052 -478.921266 -384.239180 -352.095525 -378.721459 -207.736947 62.347623 122.939453 144.704367 205.312380 277.386024 318.438332 343.204852 358.067498 352.289642 348.169106 351.343557 348.181682 340.305763 327.423415 319.669982 319.207870 316.469538 297.803014 279.673117 262.695695 257.700767 246.023172 212.670039 184.103966 171.064403 153.839470 97.827617 53.443255 23.884481 10.849707 28.868986 19.688111 3.194149 -0.157074 21.538156 54.557524 51.182863 60.286254 86.349675 130.538092 193.617456 215.965629 243.064026 276.729329 316.921186 335.410497 354.746577 359.423353 336.943132 296.564102 249.794797 218.250691 133.498442 62.184781 -12.662217 -62.634681 -108.160426 -208.575785 -293.717837 -366.022534 -436.792490 -498.810497 -526.128339 -564.493981 -585.172477 -9999.0 -9999.0 -9999.0 -9999.0
-9999.0 -1202.051700 -1009.808286 -743.214372 -490.951574 -327.877486 -85.852766 40.772319 160.048742 160.923116 237.343071 328.605742 341.975856 330.938096 309.671883 308.278475 319.615438 322.522511 318.483269 308.916263 297.137325 281.034036 287.847204 271.745226 271.515726 257.173594 245.454466 231.744855 166.777432 131.819587 102.253922 83.097240 46.611935 -29.979447 -59.668114 -83.566570 -155.687679 -177.138739 -201.195682 -253.258134 -284.064774 -304.372599 -279.484717 -282.864443 -283.540966 -268.595439 -231.431087 -200.130885 -135.521185 -87.328261 -53.415703 -9.404108 23.317402 69.357382 120.315609 199.699076 229.554466 256.809864 296.611760 337.698175 359.149734 351.494758 322.710037 284.346066 221.493631 133.249778 87.550074 28.737274 -30.057449 -72.779532 -108.494722 -186.553164 -309.665397 -432.835695 -475.686770 -9999.0 -9999.0 -9999.0 -9999.0 -9999.0
-9999.0 -1347.435879 -1079.792040 -781.650025 -438.271707 -79.245298 21.952694 234.754776 304.470740 232.599514 164.895013 210.634423 230.680264 254.516615 233.932437 226.927702 220.221463 220.053873 232.530836 205.306693 150.806489 132.601325 130.668283 116.595576 91.255764 70.366363 54.760649 33.357840 -14.389688 -51.382028 -110.381490 -152.577952 -269.069176 -368.046388 -424.963958 -478.688701 -534.267533 -536.602336 -521.537374 -539.156104 -561.438550 -580.361425 -555.262730 -540.751850 -530.401993 -539.892514 -531.144781 -496.552320 -445.747107 -397.429754 -333.469883 -247.417815 -168.054556 -90.944775 -62.089419 -18.378162 23.951251 74.082295 148.579164 247.654401 279.229546 312.838429 349.151276 366.492918 324.746024 281.265411 235.223386 188.875759 90.336711 31.724917 2.483847 -31.627198 -77.255287 -9999.0 -9999.0 -9999.0 -9999.0 -9999.0 -9999.0 -9999.0
-9999.0 -1484.123925 -1247.155011 -992.742864 -691.275783 -452.375451 -224.600238 -79.465681 38.442122 -26.184363 -32.882356 -12.061862 12.174696 32.482501 12.136071 -16.173034 -35.582357 -31.598504 -30.447744 -48.768441 -71.575029 -82.268165 -83.688529 -94.707715 -136.515404 -164.339786 -183.981658 -223.347849 -287.185620 -364.486478 -461.694037 -530.893848 -593.047545 -629.318897 -659.288703 -691.938301 -730.974530 -720.106353 -704.907241 -709.804216 -722.697040 -727.787990 -698.479095 -680.742184 -671.033853 -685.015190 -667.407362 -641.213262 -600.416241 -560.345373 -514.044030 -460.376692 -404.803412 -366.659874 -341.736789 -293.788689 -216.878660 -118.673522 -41.884447 49.332674 125.074756 196.885741 247.601972 280.821922 299.356810 317.070757 315.196186 277.325210 195.912094 111.123449 72.608212 -9999.0 -9999.0 -9999.0 -9999.0 -9999.0 -9999.0 -9999.0 -9999.0 -9999.0
-9999.0 -9999.0 -1485.261465 -1289.576557 -1121.596782 -935.632211 -787.558502 -686.464659 -621.582977 -541.402633 -452.231920 -373.489229 -325.511949 -304.056497 -330.431050 -382.917604 -414.768305 -414.765888 -424.863147 -442.572568 -471.918224 -483.434314 -492.972097 -501.201980 -516.576502 -524.849779 -530.225383 -541.293313 -564.124792 -610.773560 -664.242170 -715.539163 -769.115900 -793.248558 -814.681169 -837.306086 -841.417305 -842.353109 -835.154316 -834.119374 -829.459120 -818.280249 -797.634662 -776.945089 -767.976369 -761.870860 -749.743142 -726.804654 -694.555248 -655.189370 -604.755615 -551.153010 -514.878230 -504.323270 -514.672121 -508.788160 -485.592509 -435.954581 -322.810058 -169.708294 -66.212714 -2.331725 71.460711 126.160405 162.884138 194.842270 242.132748 257.139235 159.086600 137.675197 -9999.0 -9999.0 -9999.0 -9999.0 -9999.0 -9999.0 -9999.0 -9999.0 -9999.0 -9999.0
-9999.0 -9999.0 -9999.0 -9999.0 -1432.354304 -1274.107397 -1181.942153 -1101.141713 -986.037264 -885.056643 -799.043033 -728.207238 -680.568036 -658.932066 -672.679699 -681.935938 -691.272985 -693.889331 -701.787180 -708.456229 -715.122924 -722.531854 -732.294467 -739.508892 -740.513788 -737.349884 -738.928876 -751.216565 -765.741265 -793.650900 -818.184704 -852.970271 -889.769882 -918.444609 -931.163120 -938.385676 -937.922352 -942.863763 -933.130760 -927.262168 -912.710740 -897.389575 -873.551956 -845.829552 -833.928835 -820.191158 -810.738790 -790.212007 -761.089129 -709.722572 -649.200189 -595.360897 -563.803239 -562.250982 -590.688140 -608.487665 -613.502883 -587.468677 -541.013575 -468.485857 -347.641936 -227.757119 -114.871277 -64.513842 -34.276771 12.952322 84.116265 158.379766 -9999.0 -9999.0 -9999.0 -9999.0 -9999.0 -9999.0 -9999.0 -9999.0 -9999.0 -9999.0 -9999.0 -9999.0
-9999.0 -9999.0 -9999.0 -9999.0 -9999.0 -9999.0 -1492.439397 -1399.615276 -1309.781717 -1195.046919 -1089.996508 -1003.686727 -933.786726 -912.097105 -898.147536 -877.752172 -883.079011 -899.036993 -914.216886 -898.656101 -890.600342 -894.823442 -920.654821 -922.301901 -919.278053 -909.689621 -910.443683 -916.165835 -940.315064 -933.382811 -935.447457 -957.989318 -983.641956 -998.007669 -1009.321644 -999.300619 -998.268951 -1010.300716 -1007.264159 -981.717064 -962.433065 -949.028218 -926.487575 -893.722871 -862.235236 -848.555662 -847.929222 -841.955164 -800.576831 -731.506752 -663.150005 -611.893771 -583.225725 -577.701154 -608.272348 -651.379728 -675.360107 -671.472756 -640.250597 -590.272501 -515.682172 -466.189483 -429.793271 -398.554696 -358.493633 -212.034851 -9999.0 -9999.0 -9999.0 -9999.0 -9999.0 -9999.0 -9999.0 -9999.0 -9999.0 -9999.0 -9999.0 -9999.0 -9999.0 -9999.0
-9999.0 -9999.0 -9999.0 -9999.0 -9999.0 -9999.0 -9999.0 -9999.0 -9999.0 -9999.0 -9999.0 -9999.0 -9999.0 -9999.0 -9999.0 -9999.0 -9999.0 -9999.0 -9999.0 -9999.0 -9999.0 -9999.0 -9999.0 -9999.0 -9999.0 -9999.0 -9999.0 -9999.0 -9999.0 -9999.0 -9999.0 -9999.0 -9999.0 -9999.0 -9999.0 -9999.0 -9999.0 -9999.0 -9999.0 -9999.0 -9999.0 -9999.0 -9999.0 -9999.0 -9999.0 -9999.0 -9999.0 -9999.0 -9999.0 -9999.0 -9999.0 -9999.0 -9999.0 -9999.0 -9999.0 -9999.0 -9999.0 -9999.0 -9999.0 -9999.0 -9999.0 -9999.0 -9999.0 -9999.0 -9999.0 -9999.0 -9999.0 -9999.0 -9999.0 -9999.0 -9999.0 -9999.0 -9999.0 -9999.0 -9999.0 -9999.0 -9999.0 -9999.0 -9999.0 -9999.0
-9999.0 -9999.0 -9999.0 -9999.0 -9999.0 -9999.0 -9999.0 -9999.0 -9999.0 -9999.0 -9999.0 -9999.0 -9999.0 -9999.0 -9999.0 -9999.0 -9999.0 -9999.0 -9999.0 -9999.0 -9999.0 -9999.0 -9999.0 -9999.0 -9999.0 -9999.0 -9999.0 -9999.0 -9999.0 -9999.0 -9999.0 -9999.0 -9999.0 -9999.0 -9999.0 -9999.0 -9999.0 -9999.0 -9999.0 -9999.0 -9999.0 -9999.0 -9999.0 -9999.0 -9999.0 -9999.0 -9999.0 -9999.0 -9999.0 -9999.0 -9999.0 -9999.0 -9999.0 -9999.0 -9999.0 -9999.0 -9999.0 -9999.0 -9999.0 -9999.0 -9999.0 -9999.0 -9999.0 -9999.0 -9999.0 -9999.0 -9999.0 -9999.0 -9999.0 -9999.0 -9999.0 -9999.0 -9999.0 -9999.0 -9999.0 -9999.0 -9999.0 -9999.0 -9999.0 -9999.0