Borden_/Borden1m_014/output_maps/psiliqL0030N0037.asc
ncols         80
nrows         18
xllcorner     620200.000000
yllcorner     5168000.000000
cellsize      1.000000
NODATA_value  -9999.0
-9999.0 -9999.0 -9999.0 -9999.0 -9999.0 -9999.0 -9999.0 -9999.0 -9999.0 -9999.0 -9999.0 -9999.0 -9999.0 -9999.0 -9999.0 -9999.0 -9999.0 -9999.0 -9999.0 -9999.0 -9999.0 -9999.0 -9999.0 -9999.0 -9999.0 -9999.0 -9999.0 -9999.0 -9999.0 -9999.0 -9999.0 -9999.0 -9999.0 -9999.0 -9999.0 -9999.0 -9999.0 -9999.0 -9999.0 -9999.0 -9999.0 -9999.0 -9999.0 -9999.0 -9999.0 -9999.0 -9999.0 -9999.0 -9999.0 -9999.0 -9999.0 -9999.0 -9999.0 -9999.0 -9999.0 -9999.0 -9999.0 -9999.0 -9999.0 -9999.0 -9999.0 -9999.0 -9999.0 -9999.0 -9999.0 -9999.0 -9999.0 -9999.0 -9999.0 -9999.0 -9999.0 -9999.0 -9999.0 -9999.0 -9999.0 -9999.0 -9999.0 -9999.0 -9999.0 -9999.0
-9999.0 -9999.0 -9999.0 -9999.0 -9999.0 -9999.0 -9999.0 -9999.0 -9999.0 -9999.0 -9999.0 -9999.0 -9999.0 -9999.0 -9999.0 -9999.0 -9999.0 -9999.0 -9999.0 -9999.0 -9999.0 -9999.0 -9999.0 -9999.0 -9999.0 -9999.0 -9999.0 -9999.0 -9999.0 -9999.0 -9999.0 -9999.0 -9999.0 -9999.0 -9999.0 -9999.0 -9999.0 -9999.0 -9999.0 -9999.0 -9999.0 -9999.0 -9999.0 -9999.0 -9999.0 -9999.0 -9999.0 -9999.0 -9999.0 -9999.0 -9999.0 -9999.0 -9999.0 -9999.0 -9999.0 -9999.0 -9999.0 -9999.0 -9999.0 -9999.0 -9999.0 -9999.0 -9999.0 -9999.0 -9999.0 -9999.0 -9999.0 -9999.0 -9999.0 -9999.0 -9999.0 -9999.0 -9999.0 -9999.0 -9999.0 -9999.0 -9999.0 -9999.0 -9999.0 -9999.0
-9999.0 -9999.0 -9999.0 -9999.0 -9999.0 -9999.0 -9999.0 -9999.0 -9999.0 -9999.0 -9999.0 -9999.0 -9999.0 -9999.0 -9999.0 -9999.0 -9999.0 -9999.0 -9999.0 -9999.0 4125.027934 4125.473026 4103.914316 4069.588301 4041.142754 4042.732655 4074.992609 4115.309447 4154.114112 4160.523321 4140.880590 4144.947030 4140.397529 4134.671212 4134.012803 4141.942932 4149.271057 4158.425464 4164.892770 4161.978011 4154.219663 4149.256880 4152.640447 4153.781924 4160.343767 4144.603151 4161.235246 4177.830638 4182.270958 4180.165653 4157.295981 4146.392663 4138.668354 4123.075526 4150.400165 4162.124398 4185.975042 4190.906953 4188.983126 4162.538664 4132.620611 -9999.0 -9999.0 -9999.0 -9999.0 -9999.0 -9999.0 -9999.0 -9999.0 -9999.0 -9999.0 -9999.0 -9999.0 -9999.0 -9999.0 -9999.0 -9999.0 -9999.0 -9999.0 -9999.0
-9999.0 -9999.0 -9999.0 -9999.0 -9999.0 -9999.0 -9999.0 -9999.0 -9999.0 -9999.0 -9999.0 -9999.0 -9999.0 -9999.0 4035.000096 4026.423966 4023.348847 4030.081701 4061.997950 4092.103930 4103.449384 4095.784450 4095.304558 4069.958687 4046.102721 4057.981117 4087.005273 4116.864120 4149.684420 4165.904214 4154.855168 4151.914351 4157.700486 4175.111525 4181.353504 4177.308626 4160.262320 4184.831365 4197.218743 4200.290792 4197.893760 4187.620973 4194.965211 4208.429482 4201.239857 4186.503235 4199.319223 4215.276301 4225.388543 4218.912890 4162.465830 4152.791461 4150.002824 4146.979414 4134.410140 4131.619676 4161.296493 4161.054562 4154.509684 4137.867865 4104.657940 4059.399485 4040.691913 4082.368423 4126.370637 4182.765367 -9999.0 -9999.0 -9999.0 -9999.0 -9999.0 -9999.0 -9999.0 -9999.0 -9999.0 -9999.0 -9999.0 -9999.0 -9999.0 -9999.0
-9999.0 -9999.0 -9999.0 -9999.0 -9999.0 -9999.0 -9999.0 -9999.0 -9999.0 3977.611866 3983.922303 3990.575449 3992.884381 4007.576686 4003.703365 4010.243751 4012.900072 4039.957665 4068.610129 4101.281505 4127.368402 4117.827252 4115.694370 4117.176067 4108.161703 4114.281021 4134.111437 4169.665569 4198.223880 4231.857771 4196.696000 4190.818788 4207.730596 4247.039827 4266.567158 4266.582978 4247.592731 4267.364395 4290.552181 4304.264478 4300.057241 4293.008182 4319.778396 4335.768614 4326.790419 4304.159411 4306.500164 4316.350426 4346.866556 4295.706753 4228.984254 4194.449112 4214.083280 4195.533231 4173.463148 4165.534230 4167.649994 4188.385207 4177.937061 4145.266682 4113.217981 4101.499791 4085.220240 4108.039030 4132.098247 4178.989803 4219.657480 4250.077115 4249.605765 4232.553554 -9999.0 -9999.0 -9999.0 -9999.0 -9999.0 -9999.0 -9999.0 -9999.0 -9999.0 -9999.0
-9999.0 -9999.0 -9999.0 -9999.0 -9999.0 -9999.0 3899.163678 3909.854836 3930.533138 3932.139099 3958.716665 3962.973286 3980.891850 3997.023366 4018.519128 4029.708332 4052.631356 4081.269925 4115.338049 4150.811517 4176.683674 4162.758529 4166.691743 4182.299281 4204.731045 4220.125970 4242.293101 4280.165042 4352.635369 4388.416575 4376.312207 4376.033265 4384.001663 4435.287996 4499.621952 4509.077566 4488.154330 4475.729596 4501.171215 4540.023427 4536.121810 4534.718710 4549.585332 4561.237333 4588.333521 4576.068424 4540.157429 4537.386966 4547.024804 4520.985467 4447.907807 4391.918705 4377.344225 4329.598299 4244.305438 4205.009944 4234.932305 4266.120450 4246.724465 4198.287525 4168.548932 4164.876941 4155.242047 4150.717327 4165.503414 4189.918207 4214.497115 4229.322184 4217.884545 4197.240265 4176.099441 4148.277693 4151.332083 4176.321412 -9999.0 -9999.0 -9999.0 -9999.0 -9999.0 -9999.0
-9999.0 -9999.0 -9999.0 -9999.0 3850.083990 3862.705367 3846.629300 3872.857705 3904.159887 3937.143122 3962.777052 3992.397539 4013.857032 4039.073967 4069.403002 4086.855443 4115.576192 4143.434141 4188.519980 4247.710941 4290.164178 4300.544376 4307.864478 4357.930251 4413.776168 4459.755388 4478.619564 4505.361123 4554.317035 4611.664450 4633.328419 4635.190448 4652.236439 4698.976407 4759.189238 4795.456647 4777.159066 4767.446983 4779.314410 4795.158190 4817.343272 4817.349223 4818.519735 4823.521627 4832.355686 4829.803447 4801.437417 4767.184224 4753.910582 4742.959195 4700.732289 4626.093077 4597.785848 4567.012955 4518.713805 4462.077951 4420.109216 4426.283061 4370.336206 4313.844718 4266.880858 4262.899415 4245.288738 4231.687491 4217.476384 4232.611946 4246.797657 4232.923071 4203.205048 4174.587903 4162.240798 4145.119482 4133.722975 4165.368068 4183.435681 4212.643697 -9999.0 -9999.0 -9999.0 -9999.0
-9999.0 -9999.0 3791.603027 3835.350090 3892.015754 3896.720863 3886.952784 3888.268978 3913.422664 3961.252599 4019.053140 4051.543936 4075.838693 4105.427308 4153.589477 4210.412352 4267.682805 4309.988388 4369.462519 4440.351990 4499.902304 4525.895386 4533.690110 4570.348306 4627.178080 4700.560389 4730.169266 4757.930806 4791.748145 4830.780721 4815.582988 4825.159630 4839.126810 4855.634188 4874.067441 4883.054981 4877.518341 4872.765770 4853.805237 4848.007482 4854.368091 4863.625346 4861.705727 4846.524590 4842.516945 4858.042099 4865.131019 4862.472733 4858.596770 4862.701045 4855.091427 4802.682614 4792.206209 4775.850820 4762.188139 4714.197059 4645.070284 4614.296885 4590.761424 4547.407241 4472.666205 4438.190213 4400.287978 4367.652615 4332.436530 4322.916898 4293.066470 4262.378697 4224.765807 4184.815394 4166.639107 4153.370233 4153.506011 4154.253937 4172.497119 4188.269943 4204.352614 4212.478874 -9999.0 -9999.0
-9999.0 3679.240184 3749.320541 3868.595233 3944.958422 3978.610994 3978.610583 3974.659094 3999.098290 4034.500102 4115.894405 4153.410259 4236.244670 4276.278649 4315.457905 4405.757462 4503.741667 4549.279256 4590.872798 4659.327078 4728.967116 4777.903543 4805.177186 4772.872191 4815.626761 4852.342779 4862.769855 4871.485662 4873.261066 4864.570315 4858.811134 4865.198921 4861.844405 4841.848228 4824.999586 4822.947210 4819.359572 4795.326725 4767.234106 4750.925183 4751.503032 4777.367773 4763.585230 4741.856327 4737.298007 4759.510954 4782.235354 4771.066735 4757.666437 4774.500891 4810.147826 4837.185237 4835.178745 4854.605173 4875.931014 4845.459821 4826.476430 4780.513181 4762.871685 4736.850770 4677.876065 4622.801091 4573.780237 4525.574138 4473.973852 4427.191995 4380.171154 4333.384479 4281.243998 4249.037590 4225.793583 4184.920986 4174.494984 4182.145572 4178.219925 4177.008556 4183.710715 4190.338292 -9999.0 -9999.0
-9999.0 3576.344431 3713.324814 3887.609676 4028.004296 4062.699410 4110.993849 4160.397810 4171.378554 4108.258032 4210.734631 4432.164808 4566.112290 4586.832550 4666.748090 4767.800574 4739.059286 4772.248766 4797.343643 4830.115708 4856.324771 4873.060817 4871.965680 4867.497455 4850.471028 4842.341410 4841.317154 4839.021127 4820.982595 4801.451610 4784.214910 4780.455662 4761.374318 4708.555616 4674.085770 4655.195119 4633.418239 4620.846670 4594.506925 4567.747435 4549.697998 4557.692529 4557.916505 4545.717047 4541.338412 4558.569052 4589.638200 4589.461899 4603.973522 4624.160025 4659.856923 4699.676638 4719.376303 4749.340865 4785.740285 4836.288798 4843.121011 4866.081745 4868.372520 4860.723186 4812.096254 4758.963504 4728.869333 4672.161465 4612.390516 4550.496539 4500.691575 4455.705213 4399.812190 4366.761352 4328.550053 4275.145235 4235.051206 4231.395760 4199.223705 4188.011533 -9999.0 -9999.0 -9999.0 -9999.0
-9999.0 3464.406911 3639.606330 3870.069273 4171.628302 4231.587930 4437.857634 4553.355901 4590.695105 4661.489724 4509.465023 4743.116556 4804.911902 4802.236122 4826.358941 4830.931211 4846.225047 4845.072655 4839.952785 4828.570532 4818.476532 4813.513146 4812.617075 4804.605205 4791.751837 4776.871495 4764.631633 4752.586213 4714.633348 4681.588317 4639.572274 4626.278997 4577.621354 4483.646366 4444.954340 4403.809538 4339.539278 4343.795392 4355.229294 4331.891411 4311.482545 4279.850103 4312.523332 4326.058546 4331.306383 4324.219757 4331.899869 4363.757185 4414.616932 4450.056011 4489.070842 4537.962881 4569.439784 4609.165802 4648.541056 4701.651631 4734.010643 4763.505630 4814.465327 4851.966697 4875.143027 4859.767676 4843.136306 4796.004546 4734.770604 4684.828842 4654.738076 4602.733379 4558.627241 4515.361811 4468.803469 4415.999453 4354.256837 4307.630698 4274.942781 -9999.0 -9999.0 -9999.0 -9999.0 -9999.0
-9999.0 3223.858310 3485.199921 3740.895610 4000.530655 4352.791362 4546.246272 4635.732837 4701.819050 4693.945088 4725.971108 4730.046083 4768.165298 4776.804641 4755.639318 4740.571089 4721.241224 4720.150511 4733.366035 4705.190013 4673.846683 4659.902364 4660.940536 4650.278478 4625.681643 4610.854430 4601.703597 4582.375916 4538.997138 4487.169638 4400.316913 4361.995383 4279.847860 4246.100221 4211.244527 4164.102771 4120.946926 4128.453482 4155.541483 4148.287650 4127.969443 4111.500840 4142.069873 4164.383418 4178.283718 4160.556911 4166.834634 4201.483199 4248.009665 4288.681518 4332.289420 4380.289368 4423.075176 4461.465235 4480.386812 4517.963750 4560.677672 4602.934578 4674.390453 4755.604307 4793.465689 4829.353865 4856.819511 4879.376443 4835.612811 4810.571663 4785.889956 4761.261167 4713.791019 4667.669804 4627.047605 4560.363322 4500.750025 -9999.0 -9999.0 -9999.0 -9999.0 -9999.0 -9999.0 -9999.0
-9999.0 3117.085873 3298.031542 3471.757826 3704.795337 3933.623259 4171.581903 4261.646654 4333.794702 4421.388412 4484.337819 4525.438732 4551.294368 4573.760672 4551.449216 4503.018058 4469.559289 4474.949510 4464.138394 4444.018652 4416.692094 4404.213278 4401.088116 4396.805598 4376.333021 4367.062950 4360.947002 4343.410373 4319.692242 4266.373473 4196.617463 4121.703030 4069.794733 4054.511009 4034.273928 4009.496649 3986.344584 4000.771943 4013.288919 4014.797152 4010.120890 4011.806012 4040.836045 4061.217776 4070.598924 4060.350275 4078.483158 4100.635751 4136.361642 4175.189852 4219.442549 4269.175175 4317.351967 4335.802591 4335.251838 4343.402117 4369.030561 4411.203618 4487.197233 4574.104542 4655.450953 4702.481732 4754.439879 4795.889343 4825.777398 4847.532337 4872.388096 4867.326010 4839.810963 4805.496825 4744.655563 -9999.0 -9999.0 -9999.0 -9999.0 -9999.0 -9999.0 -9999.0 -9999.0 -9999.0
-9999.0 -9999.0 3074.504556 3213.230389 3288.579011 3439.464113 3575.181388 3680.193789 3787.813728 3942.328821 4073.324695 4172.575506 4221.373180 4237.405427 4224.397414 4198.369031 4183.047993 4182.448944 4169.993078 4165.544242 4153.616406 4149.360448 4136.869653 4129.760020 4128.305233 4129.780613 4128.768166 4121.828881 4107.095130 4067.641120 4035.480997 3993.908367 3950.534003 3930.890063 3914.892183 3900.493902 3907.555291 3902.601578 3908.418112 3912.327509 3923.566739 3938.735605 3957.877607 3981.086866 3990.824850 4001.785908 4012.047855 4032.917158 4061.794140 4101.477842 4152.421025 4207.031870 4242.448195 4248.092683 4227.972041 4220.341450 4225.351117 4251.205854 4310.649830 4378.049574 4470.050775 4537.109525 4604.645953 4662.032654 4689.678109 4726.099748 4798.824676 4847.037900 4892.591487 4870.015513 -9999.0 -9999.0 -9999.0 -9999.0 -9999.0 -9999.0 -9999.0 -9999.0 -9999.0 -9999.0
-9999.0 -9999.0 -9999.0 -9999.0 3068.986662 3208.512263 3302.460541 3376.418110 3510.861182 3645.060113 3753.062437 3842.837947 3916.058713 3942.922228 3947.349959 3970.144301 3971.215824 3960.589435 3949.183994 3957.121799 3965.200172 3959.841401 3941.962260 3936.971564 3943.332638 3953.922581 3953.913079 3943.033016 3926.570766 3918.157003 3910.532338 3883.405702 3854.690504 3829.965140 3820.476080 3820.410028 3822.077848 3814.784994 3823.800671 3834.239627 3851.002911 3866.338282 3889.818255 3919.985664 3935.261140 3949.896760 3957.837889 3975.265726 4003.246643 4054.213731 4115.587506 4172.143627 4206.136821 4205.781443 4176.332263 4153.145128 4138.435840 4153.506805 4179.281124 4226.725993 4315.105933 4376.974716 4419.892027 4456.716261 4493.103194 4560.544033 4659.057374 4742.417864 -9999.0 -9999.0 -9999.0 -9999.0 -9999.0 -9999.0 -9999.0 -9999.0 -9999.0 -9999.0 -9999.0 -9999.0
-9999.0 -9999.0 -9999.0 -9999.0 -9999.0 -9999.0 3047.142051 3153.607326 3210.175430 3368.876237 3521.564000 3632.238360 3717.624911 3756.453511 3795.051120 3827.900434 3830.010478 3808.878634 3785.692461 3809.565726 3832.209430 3825.895232 3792.507492 3795.880053 3805.421572 3814.660395 3813.854229 3810.442887 3788.719308 3811.036335 3820.308992 3800.969153 3778.925356 3769.709968 3760.541467 3772.419374 3773.908400 3760.132020 3758.890584 3788.172260 3810.172541 3823.107670 3843.766376 3877.027426 3909.587441 3925.439595 3925.890523 3929.594230 3964.346603 4031.675471 4102.636710 4157.982175 4189.049900 4193.152103 4161.645417 4115.874211 4088.633591 4085.710541 4107.760872 4144.191574 4203.084345 4237.337993 4244.204342 4240.390728 4249.213404 4351.886965 -9999.0 -9999.0 -9999.0 -9999.0 -9999.0 -9999.0 -9999.0 -9999.0 -9999.0 -9999.0 -9999.0 -9999.0 -9999.0 -9999.0
-9999.0 -9999.0 -9999.0 -9999.0 -9999.0 -9999.0 -9999.0 -9999.0 -9999.0 -9999.0 -9999.0 -9999.0 -9999.0 -9999.0 -9999.0 -9999.0 -9999.0 -9999.0 -9999.0 -9999.0 -9999.0 -9999.0 -9999.0 -9999.0 -9999.0 -9999.0 -9999.0 -9999.0 -9999.0 -9999.0 -9999.0 -9999.0 -9999.0 -9999.0 -9999.0 -9999.0 -9999.0 -9999.0 -9999.0 -9999.0 -9999.0 -9999.0 -9999.0 -9999.0 -9999.0 -9999.0 -9999.0 -9999.0 -9999.0 -9999.0 -9999.0 -9999.0 -9999.0 -9999.0 -9999.0 -9999.0 -9999.0 -9999.0 -9999.0 -9999.0 -9999.0 -9999.0 -9999.0 -9999.0 -9999.0 -9999.0 -9999.0 -9999.0 -9999.0 -9999.0 -9999.0 -9999.0 -9999.0 -9999.0 -9999.0 -9999.0 -9999.0 -9999.0 -9999.0 -9999.0
-9999.0 -9999.0 -9999.0 -9999.0 -9999.0 -9999.0 -9999.0 -9999.0 -9999.0 -9999.0 -9999.0 -9999.0 -9999.0 -9999.0 -9999.0 -9999.0 -9999.0 -9999.0 -9999.0 -9999.0 -9999.0 -9999.0 -9999.0 -9999.0 -9999.0 -9999.0 -9999.0 -9999.0 -9999.0 -9999.0 -9999.0 -9999.0 -9999.0 -9999.0 -9999.0 -9999.0 -9999.0 -9999.0 -9999.0 -9999.0 -9999.0 -9999.0 -9999.0 -9999.0 -9999.0 -9999.0 -9999.0 -9999.0 -9999.0 -9999.0 -9999.0 -9999.0 -9999.0 -9999.0 -9999.0 -9999.0 -9999.0 -9999.0 -9999.0 -9999.0 -9999.0 -9999.0 -9999.0 -9999.0 -9999.0 -9999.0 -9999.0 -9999.0 -9999.0 -9999.0 -9999.0 -9999.0 -9999.0 -9999.0 -9999.0 -9999.0 -9999.0 -9999.0 -9999.0 -9999.0