Borden_/Borden1m_014/output_maps/psiliqL0015N0023.asc
ncols         80
nrows         18
xllcorner     620200.000000
yllcorner     5168000.000000
cellsize      1.000000
NODATA_value  -9999.0
-9999.0 -9999.0 -9999.0 -9999.0 -9999.0 -9999.0 -9999.0 -9999.0 -9999.0 -9999.0 -9999.0 -9999.0 -9999.0 -9999.0 -9999.0 -9999.0 -9999.0 -9999.0 -9999.0 -9999.0 -9999.0 -9999.0 -9999.0 -9999.0 -9999.0 -9999.0 -9999.0 -9999.0 -9999.0 -9999.0 -9999.0 -9999.0 -9999.0 -9999.0 -9999.0 -9999.0 -9999.0 -9999.0 -9999.0 -9999.0 -9999.0 -9999.0 -9999.0 -9999.0 -9999.0 -9999.0 -9999.0 -9999.0 -9999.0 -9999.0 -9999.0 -9999.0 -9999.0 -9999.0 -9999.0 -9999.0 -9999.0 -9999.0 -9999.0 -9999.0 -9999.0 -9999.0 -9999.0 -9999.0 -9999.0 -9999.0 -9999.0 -9999.0 -9999.0 -9999.0 -9999.0 -9999.0 -9999.0 -9999.0 -9999.0 -9999.0 -9999.0 -9999.0 -9999.0 -9999.0
-9999.0 -9999.0 -9999.0 -9999.0 -9999.0 -9999.0 -9999.0 -9999.0 -9999.0 -9999.0 -9999.0 -9999.0 -9999.0 -9999.0 -9999.0 -9999.0 -9999.0 -9999.0 -9999.0 -9999.0 -9999.0 -9999.0 -9999.0 -9999.0 -9999.0 -9999.0 -9999.0 -9999.0 -9999.0 -9999.0 -9999.0 -9999.0 -9999.0 -9999.0 -9999.0 -9999.0 -9999.0 -9999.0 -9999.0 -9999.0 -9999.0 -9999.0 -9999.0 -9999.0 -9999.0 -9999.0 -9999.0 -9999.0 -9999.0 -9999.0 -9999.0 -9999.0 -9999.0 -9999.0 -9999.0 -9999.0 -9999.0 -9999.0 -9999.0 -9999.0 -9999.0 -9999.0 -9999.0 -9999.0 -9999.0 -9999.0 -9999.0 -9999.0 -9999.0 -9999.0 -9999.0 -9999.0 -9999.0 -9999.0 -9999.0 -9999.0 -9999.0 -9999.0 -9999.0 -9999.0
-9999.0 -9999.0 -9999.0 -9999.0 -9999.0 -9999.0 -9999.0 -9999.0 -9999.0 -9999.0 -9999.0 -9999.0 -9999.0 -9999.0 -9999.0 -9999.0 -9999.0 -9999.0 -9999.0 -9999.0 1147.575522 1150.454011 1129.240282 1096.597179 1069.836432 1073.334661 1109.174957 1151.869665 1192.018889 1203.402215 1187.016184 1191.064730 1187.717213 1187.099363 1190.015885 1197.436317 1202.277213 1213.658597 1222.360847 1222.386610 1216.919786 1212.520311 1213.538512 1216.632889 1221.846231 1210.000108 1223.162566 1237.384995 1241.437192 1235.212311 1207.084396 1190.313383 1179.646873 1162.257104 1185.087331 1195.169818 1216.333667 1218.999337 1215.941346 1187.900265 1157.169471 -9999.0 -9999.0 -9999.0 -9999.0 -9999.0 -9999.0 -9999.0 -9999.0 -9999.0 -9999.0 -9999.0 -9999.0 -9999.0 -9999.0 -9999.0 -9999.0 -9999.0 -9999.0 -9999.0
-9999.0 -9999.0 -9999.0 -9999.0 -9999.0 -9999.0 -9999.0 -9999.0 -9999.0 -9999.0 -9999.0 -9999.0 -9999.0 -9999.0 1054.027602 1045.270699 1043.591060 1053.101872 1087.729117 1118.827758 1131.235418 1124.721579 1126.015565 1103.761126 1084.456890 1099.855161 1131.193462 1164.485523 1200.903015 1222.866372 1213.468452 1212.922207 1223.746119 1249.405322 1262.401391 1260.138195 1240.986119 1264.737320 1280.670448 1289.499066 1289.767218 1282.164690 1295.375804 1311.148161 1304.010269 1286.243725 1290.833082 1301.936363 1312.888303 1298.329812 1233.894228 1213.556559 1207.165202 1198.406613 1182.375188 1174.430661 1198.331274 1196.690242 1186.934421 1167.664415 1133.895463 1089.045138 1069.550367 1107.231020 1149.867235 1206.079833 -9999.0 -9999.0 -9999.0 -9999.0 -9999.0 -9999.0 -9999.0 -9999.0 -9999.0 -9999.0 -9999.0 -9999.0 -9999.0 -9999.0
-9999.0 -9999.0 -9999.0 -9999.0 -9999.0 -9999.0 -9999.0 -9999.0 -9999.0 993.448500 998.742363 1006.975602 1010.436948 1027.176176 1025.660659 1033.960489 1042.130721 1070.573659 1102.926553 1139.148798 1168.871600 1161.298419 1163.409393 1174.957387 1179.607990 1193.057379 1216.485635 1258.869902 1300.654917 1343.857571 1317.509319 1317.262739 1337.934236 1385.246607 1417.756538 1424.738275 1406.445193 1415.680467 1440.989600 1463.524631 1464.321472 1463.042053 1488.908285 1503.359625 1503.622904 1482.254156 1468.884292 1468.325349 1492.590874 1440.155643 1373.229036 1322.476635 1324.770972 1292.756386 1253.517635 1232.164358 1227.697075 1246.087184 1229.203732 1190.303485 1152.653784 1140.173936 1121.343692 1137.208236 1157.975360 1202.827570 1240.436901 1267.690298 1266.023866 1247.696739 -9999.0 -9999.0 -9999.0 -9999.0 -9999.0 -9999.0 -9999.0 -9999.0 -9999.0 -9999.0
-9999.0 -9999.0 -9999.0 -9999.0 -9999.0 -9999.0 913.363669 923.624697 944.804782 950.166566 976.633575 985.037825 1006.863333 1027.475833 1050.627907 1068.510234 1099.949977 1134.546468 1177.048708 1221.637377 1255.222101 1251.741586 1264.395346 1297.020706 1337.638590 1367.802612 1394.539753 1436.797201 1516.047466 1561.463255 1570.901549 1577.900276 1589.196894 1638.217078 1702.037943 1717.184810 1696.079223 1681.025660 1701.250417 1738.080895 1745.362097 1747.961419 1759.271124 1769.116838 1794.455853 1783.685468 1742.408015 1727.178316 1724.423398 1707.149848 1645.820852 1582.171899 1546.075697 1493.274772 1408.116123 1352.568836 1358.238940 1374.359355 1342.506214 1285.899467 1243.034402 1230.490021 1213.462573 1198.378420 1202.924148 1220.332270 1240.846425 1250.383893 1235.803398 1213.296385 1189.382234 1159.516239 1160.412141 1184.889288 -9999.0 -9999.0 -9999.0 -9999.0 -9999.0 -9999.0
-9999.0 -9999.0 -9999.0 -9999.0 862.459309 876.007290 864.455767 890.553025 924.257986 959.562638 992.504713 1030.528682 1059.295558 1091.373761 1133.572460 1169.545109 1213.278752 1251.336508 1308.574900 1378.938721 1431.976256 1457.993105 1476.490802 1538.087530 1601.702374 1655.070798 1676.913333 1705.754240 1751.674360 1814.389876 1843.491798 1851.515369 1869.980197 1905.724860 1953.276442 1986.386666 1969.145505 1960.614687 1966.459972 1978.427947 2002.970444 2005.249818 2007.658693 2010.272347 2014.550757 2012.763233 1987.356931 1953.256645 1938.585398 1928.775011 1898.980330 1829.657760 1787.777404 1755.390453 1720.082318 1667.740014 1603.898937 1586.614169 1526.390058 1465.784306 1401.308001 1377.643009 1344.653064 1316.454288 1285.031995 1284.344958 1285.279550 1262.598049 1228.288453 1194.211169 1177.598491 1157.442138 1145.236721 1174.268133 1190.978481 1220.662601 -9999.0 -9999.0 -9999.0 -9999.0
-9999.0 -9999.0 802.048237 851.079062 908.818395 918.490747 919.808621 926.835058 956.609932 1010.161395 1086.624347 1138.010082 1181.812153 1218.257030 1280.751703 1361.974208 1436.415734 1488.457521 1551.873098 1624.010330 1687.377672 1722.628258 1742.651318 1783.770925 1838.744816 1900.853781 1927.821566 1954.743280 1987.043731 2022.256880 2034.355339 2049.039644 2058.058747 2061.586006 2067.740320 2069.450395 2064.039375 2057.281110 2037.874634 2033.543421 2040.643670 2046.365638 2048.060479 2034.884311 2030.979486 2044.339361 2047.953798 2046.843812 2046.244020 2053.447472 2056.834921 2017.475692 1979.632667 1963.033399 1951.916179 1907.178117 1842.373209 1799.347680 1774.358037 1730.095679 1652.065930 1599.828680 1547.126520 1495.749597 1440.963769 1407.604979 1358.374881 1313.475277 1264.570740 1216.200661 1190.699138 1170.979117 1166.975009 1165.446441 1180.450984 1194.837645 1209.449303 1216.847710 -9999.0 -9999.0
-9999.0 698.393965 771.025596 897.652264 978.513129 1024.014103 1056.454535 1080.276482 1110.346924 1138.299145 1244.169754 1333.499192 1426.037011 1466.467153 1520.721200 1620.247865 1716.175280 1763.916652 1804.084222 1861.602205 1922.434661 1970.778138 2000.763749 2012.414182 2047.038063 2060.854341 2064.123942 2067.777743 2064.654935 2057.543378 2049.237405 2055.563527 2051.958453 2033.156689 2017.118386 2013.483357 2006.553738 1980.049002 1949.535006 1933.222245 1934.987027 1957.603839 1945.722187 1925.327539 1921.818971 1943.282592 1963.254711 1955.644588 1945.208326 1964.411029 2000.004081 2022.762060 2033.084257 2049.758792 2070.385307 2044.724472 2016.190955 1973.757906 1953.153098 1923.344349 1864.579449 1802.823515 1747.174196 1685.654150 1618.339097 1548.989798 1483.436956 1419.786598 1351.140798 1307.434421 1273.883433 1221.613422 1198.656076 1198.468138 1188.101680 1183.946909 1188.927444 1194.755132 -9999.0 -9999.0
-9999.0 617.404612 759.929861 944.674140 1093.788799 1153.483259 1255.772628 1335.246412 1364.431954 1337.436947 1447.270598 1666.843532 1770.216291 1789.959325 1863.722373 1952.904013 1972.850076 2006.351022 2029.813505 2041.366814 2050.749544 2061.565158 2060.950685 2056.086619 2041.873052 2033.952035 2032.189304 2028.594513 2010.177196 1990.098784 1971.394427 1965.912068 1946.526394 1902.124874 1868.872108 1850.830695 1832.850696 1810.077439 1774.672795 1745.878478 1729.895396 1744.860297 1738.105478 1721.769208 1718.374682 1740.942095 1774.394350 1772.400859 1782.766950 1806.629256 1847.593584 1888.251643 1911.974290 1943.281638 1980.985519 2025.917343 2041.772648 2063.531370 2067.770561 2048.974951 2004.606970 1951.871408 1916.512416 1853.157490 1780.314968 1701.934304 1636.971066 1574.120683 1502.699127 1453.098335 1402.968348 1342.442662 1285.393255 1259.714074 1218.389303 1197.473827 -9999.0 -9999.0 -9999.0 -9999.0
-9999.0 537.683813 725.587791 983.528853 1260.659251 1372.449921 1578.095515 1706.619610 1764.531074 1832.185859 1808.725796 1956.995726 1997.143124 1994.703420 1995.794225 2001.701350 2018.776102 2023.638643 2021.491731 2012.824026 2004.699033 2001.149715 1999.882729 1992.054209 1978.986559 1962.873212 1948.206861 1933.677577 1894.368974 1860.027612 1822.811091 1806.047479 1765.247849 1673.609723 1630.734394 1594.109582 1535.781781 1527.234673 1518.901567 1488.434764 1467.399705 1446.170563 1468.021165 1472.625323 1475.499888 1479.831882 1498.397920 1524.489063 1571.504657 1610.040159 1655.501717 1708.858032 1745.048789 1790.119808 1837.482901 1894.307387 1928.217393 1960.475044 2008.842540 2048.721450 2072.329501 2061.080889 2033.427856 1986.681915 1915.745709 1849.457095 1800.929401 1729.416992 1664.523213 1609.504939 1560.120500 1504.075441 1434.302829 1349.492121 1305.525843 -9999.0 -9999.0 -9999.0 -9999.0 -9999.0
-9999.0 356.753419 624.264578 911.651155 1225.162070 1554.698997 1690.224322 1819.017662 1891.146832 1857.367486 1863.303785 1883.664262 1925.969158 1936.170113 1918.882823 1912.125221 1902.325425 1903.612434 1917.573922 1892.384745 1863.413706 1850.118314 1849.184113 1836.411602 1811.634029 1792.939569 1778.859370 1756.706885 1707.630949 1656.018650 1573.926069 1541.777196 1463.664755 1406.365151 1361.677866 1311.802705 1260.256130 1257.701337 1273.465631 1257.442028 1234.331409 1215.526906 1242.051251 1259.929368 1272.507136 1261.872239 1272.080558 1309.335774 1360.248643 1405.616342 1456.809716 1513.284900 1562.116141 1612.155920 1645.720157 1697.177971 1746.301654 1794.966104 1870.160198 1950.196110 1988.443726 2024.014613 2057.020549 2072.370460 2020.832941 1971.857961 1921.969004 1863.458843 1782.792641 1734.917991 1704.872872 1656.233962 1596.956635 -9999.0 -9999.0 -9999.0 -9999.0 -9999.0 -9999.0 -9999.0
-9999.0 230.730884 448.918980 677.655819 961.782275 1200.281902 1397.148304 1507.132938 1586.557407 1621.104206 1654.972632 1688.825154 1719.876018 1743.738611 1724.015757 1686.819742 1659.936670 1665.145934 1661.838116 1638.909100 1609.991434 1595.157874 1592.154686 1583.922961 1557.633530 1541.104002 1528.226076 1503.391426 1467.809483 1411.204416 1331.358647 1258.285902 1196.268681 1163.681095 1133.735343 1100.809539 1064.666150 1074.143424 1086.116987 1081.947739 1070.941341 1067.741996 1096.849319 1115.937573 1126.294898 1115.078570 1134.811545 1162.204840 1204.561205 1248.312043 1298.177217 1354.412015 1409.560367 1440.528686 1456.084936 1483.790805 1526.212622 1583.365125 1671.405878 1767.451272 1846.422730 1896.795424 1948.980837 1984.020859 1998.797801 2012.053139 1990.560514 1914.548488 1803.357798 1799.660874 1791.907520 -9999.0 -9999.0 -9999.0 -9999.0 -9999.0 -9999.0 -9999.0 -9999.0 -9999.0
-9999.0 -9999.0 215.593433 393.057578 531.405943 711.674606 862.761668 973.649196 1062.077329 1173.802179 1277.180886 1359.696889 1403.662787 1421.586531 1407.877596 1375.168908 1354.436710 1355.051830 1345.476981 1334.876831 1314.733745 1306.525960 1295.101709 1285.998244 1274.458948 1267.408094 1260.618406 1247.766689 1224.421358 1176.947346 1127.680207 1075.878908 1022.048379 996.125873 973.908309 952.013869 950.102950 946.071151 951.490448 952.668670 959.152287 971.517811 991.653062 1013.617428 1023.481591 1032.339015 1045.175891 1069.301207 1102.861714 1145.481694 1199.756608 1257.842023 1298.287539 1311.979860 1303.614658 1310.341905 1333.043088 1378.289286 1462.166505 1549.701699 1646.942255 1720.037194 1793.529909 1847.822372 1866.742649 1885.397333 1905.555322 1849.343585 1595.884484 1744.143315 -9999.0 -9999.0 -9999.0 -9999.0 -9999.0 -9999.0 -9999.0 -9999.0 -9999.0 -9999.0
-9999.0 -9999.0 -9999.0 -9999.0 251.629059 406.865798 503.856472 587.632927 715.646893 834.184474 932.741185 1014.351379 1074.583857 1100.593973 1095.598295 1099.692024 1095.028476 1089.656627 1080.401709 1078.822934 1076.969612 1069.268408 1055.137260 1047.138112 1046.998953 1050.817935 1047.469768 1033.049054 1014.845701 991.116185 969.853132 935.042122 898.615221 869.136209 855.735159 849.622228 849.253687 842.393406 851.064074 858.077337 873.113065 888.307500 912.086448 940.979442 954.607500 969.398601 979.325127 1000.133205 1030.744956 1084.318417 1147.851760 1205.722702 1241.678155 1246.511321 1222.329577 1207.718752 1205.393274 1234.912663 1282.191921 1352.436656 1456.688940 1533.279623 1595.427248 1643.871989 1679.183180 1728.901786 1787.670397 1825.664794 -9999.0 -9999.0 -9999.0 -9999.0 -9999.0 -9999.0 -9999.0 -9999.0 -9999.0 -9999.0 -9999.0 -9999.0
-9999.0 -9999.0 -9999.0 -9999.0 -9999.0 -9999.0 208.201154 308.853736 390.618969 525.991311 652.911930 751.948387 830.773403 861.217652 886.003536 912.092095 910.052474 892.265775 873.916178 892.242962 905.151984 899.290935 869.541968 868.526864 872.596791 880.514595 877.975300 871.105239 845.643421 856.071465 856.007201 832.496857 806.196295 792.010687 780.047304 789.569718 789.781880 776.288960 777.129750 803.666198 823.737406 836.904284 858.845285 892.051484 924.359794 939.463652 940.884397 947.187633 987.669514 1058.079591 1129.651203 1184.905579 1217.332471 1225.634136 1198.654991 1159.062898 1139.246151 1147.274502 1183.303866 1237.809381 1315.843932 1367.912428 1398.073331 1416.039172 1438.822888 1532.236536 -9999.0 -9999.0 -9999.0 -9999.0 -9999.0 -9999.0 -9999.0 -9999.0 -9999.0 -9999.0 -9999.0 -9999.0 -9999.0 -9999.0
-9999.0 -9999.0 -9999.0 -9999.0 -9999.0 -9999.0 -9999.0 -9999.0 -9999.0 -9999.0 -9999.0 -9999.0 -9999.0 -9999.0 -9999.0 -9999.0 -9999.0 -9999.0 -9999.0 -9999.0 -9999.0 -9999.0 -9999.0 -9999.0 -9999.0 -9999.0 -9999.0 -9999.0 -9999.0 -9999.0 -9999.0 -9999.0 -9999.0 -9999.0 -9999.0 -9999.0 -9999.0 -9999.0 -9999.0 -9999.0 -9999.0 -9999.0 -9999.0 -9999.0 -9999.0 -9999.0 -9999.0 -9999.0 -9999.0 -9999.0 -9999.0 -9999.0 -9999.0 -9999.0 -9999.0 -9999.0 -9999.0 -9999.0 -9999.0 -9999.0 -9999.0 -9999.0 -9999.0 -9999.0 -9999.0 -9999.0 -9999.0 -9999.0 -9999.0 -9999.0 -9999.0 -9999.0 -9999.0 -9999.0 -9999.0 -9999.0 -9999.0 -9999.0 -9999.0 -9999.0
-9999.0 -9999.0 -9999.0 -9999.0 -9999.0 -9999.0 -9999.0 -9999.0 -9999.0 -9999.0 -9999.0 -9999.0 -9999.0 -9999.0 -9999.0 -9999.0 -9999.0 -9999.0 -9999.0 -9999.0 -9999.0 -9999.0 -9999.0 -9999.0 -9999.0 -9999.0 -9999.0 -9999.0 -9999.0 -9999.0 -9999.0 -9999.0 -9999.0 -9999.0 -9999.0 -9999.0 -9999.0 -9999.0 -9999.0 -9999.0 -9999.0 -9999.0 -9999.0 -9999.0 -9999.0 -9999.0 -9999.0 -9999.0 -9999.0 -9999.0 -9999.0 -9999.0 -9999.0 -9999.0 -9999.0 -9999.0 -9999.0 -9999.0 -9999.0 -9999.0 -9999.0 -9999.0 -9999.0 -9999.0 -9999.0 -9999.0 -9999.0 -9999.0 -9999.0 -9999.0 -9999.0 -9999.0 -9999.0 -9999.0 -9999.0 -9999.0 -9999.0 -9999.0 -9999.0 -9999.0