Borden_/Borden1m_014/output_maps/psiliqL0025N0030.asc
ncols         80
nrows         18
xllcorner     620200.000000
yllcorner     5168000.000000
cellsize      1.000000
NODATA_value  -9999.0
-9999.0 -9999.0 -9999.0 -9999.0 -9999.0 -9999.0 -9999.0 -9999.0 -9999.0 -9999.0 -9999.0 -9999.0 -9999.0 -9999.0 -9999.0 -9999.0 -9999.0 -9999.0 -9999.0 -9999.0 -9999.0 -9999.0 -9999.0 -9999.0 -9999.0 -9999.0 -9999.0 -9999.0 -9999.0 -9999.0 -9999.0 -9999.0 -9999.0 -9999.0 -9999.0 -9999.0 -9999.0 -9999.0 -9999.0 -9999.0 -9999.0 -9999.0 -9999.0 -9999.0 -9999.0 -9999.0 -9999.0 -9999.0 -9999.0 -9999.0 -9999.0 -9999.0 -9999.0 -9999.0 -9999.0 -9999.0 -9999.0 -9999.0 -9999.0 -9999.0 -9999.0 -9999.0 -9999.0 -9999.0 -9999.0 -9999.0 -9999.0 -9999.0 -9999.0 -9999.0 -9999.0 -9999.0 -9999.0 -9999.0 -9999.0 -9999.0 -9999.0 -9999.0 -9999.0 -9999.0
-9999.0 -9999.0 -9999.0 -9999.0 -9999.0 -9999.0 -9999.0 -9999.0 -9999.0 -9999.0 -9999.0 -9999.0 -9999.0 -9999.0 -9999.0 -9999.0 -9999.0 -9999.0 -9999.0 -9999.0 -9999.0 -9999.0 -9999.0 -9999.0 -9999.0 -9999.0 -9999.0 -9999.0 -9999.0 -9999.0 -9999.0 -9999.0 -9999.0 -9999.0 -9999.0 -9999.0 -9999.0 -9999.0 -9999.0 -9999.0 -9999.0 -9999.0 -9999.0 -9999.0 -9999.0 -9999.0 -9999.0 -9999.0 -9999.0 -9999.0 -9999.0 -9999.0 -9999.0 -9999.0 -9999.0 -9999.0 -9999.0 -9999.0 -9999.0 -9999.0 -9999.0 -9999.0 -9999.0 -9999.0 -9999.0 -9999.0 -9999.0 -9999.0 -9999.0 -9999.0 -9999.0 -9999.0 -9999.0 -9999.0 -9999.0 -9999.0 -9999.0 -9999.0 -9999.0 -9999.0
-9999.0 -9999.0 -9999.0 -9999.0 -9999.0 -9999.0 -9999.0 -9999.0 -9999.0 -9999.0 -9999.0 -9999.0 -9999.0 -9999.0 -9999.0 -9999.0 -9999.0 -9999.0 -9999.0 -9999.0 3126.211801 3127.240636 3105.438207 3071.234908 3042.846399 3044.480810 3077.245311 3117.579774 3156.005225 3163.275658 3144.030765 3147.497195 3142.826425 3138.309658 3138.468820 3145.958680 3152.301056 3161.905703 3168.778614 3166.447166 3159.058262 3153.935125 3156.243174 3157.889588 3164.081028 3149.950780 3165.828744 3179.956925 3184.853661 3182.238434 3160.498812 3148.583285 3140.808698 3125.527050 3152.187378 3164.101603 3186.543372 3191.431585 3189.802525 3164.292560 3134.428921 -9999.0 -9999.0 -9999.0 -9999.0 -9999.0 -9999.0 -9999.0 -9999.0 -9999.0 -9999.0 -9999.0 -9999.0 -9999.0 -9999.0 -9999.0 -9999.0 -9999.0 -9999.0 -9999.0
-9999.0 -9999.0 -9999.0 -9999.0 -9999.0 -9999.0 -9999.0 -9999.0 -9999.0 -9999.0 -9999.0 -9999.0 -9999.0 -9999.0 3036.342644 3027.392386 3024.298625 3031.384032 3063.619670 3093.589687 3105.168164 3097.498354 3097.073513 3072.136020 3049.118381 3061.421393 3090.358381 3120.300146 3153.172771 3170.196156 3158.788108 3155.890050 3162.660521 3180.108368 3187.998477 3184.199859 3168.601667 3190.253550 3203.297888 3207.655821 3205.506292 3195.576514 3204.395431 3218.355969 3211.301479 3196.088165 3206.865190 3221.841245 3232.950654 3224.895157 3169.257795 3157.246159 3154.506101 3150.828094 3138.254548 3134.756695 3163.328730 3163.350004 3156.509712 3139.736831 3106.895537 3062.038338 3043.598782 3084.516964 3128.593222 3184.581213 -9999.0 -9999.0 -9999.0 -9999.0 -9999.0 -9999.0 -9999.0 -9999.0 -9999.0 -9999.0 -9999.0 -9999.0 -9999.0 -9999.0
-9999.0 -9999.0 -9999.0 -9999.0 -9999.0 -9999.0 -9999.0 -9999.0 -9999.0 2983.147908 2985.004858 2991.667261 2993.744883 3008.580341 3005.148253 3011.712385 3015.492567 3042.199910 3071.235789 3104.278273 3130.794860 3121.140795 3119.401703 3123.147517 3117.591447 3125.081003 3144.883862 3179.067394 3209.980633 3244.817677 3211.101830 3205.931252 3223.081061 3264.158994 3287.292791 3289.187528 3270.466432 3286.503500 3309.761491 3325.413606 3321.772159 3315.747395 3341.400592 3356.412889 3350.669937 3329.405211 3327.836017 3335.233133 3364.494225 3314.351954 3249.227985 3211.047963 3226.990462 3206.193557 3180.445784 3171.613851 3172.688434 3192.041568 3180.831436 3148.891319 3116.139354 3105.066809 3088.831987 3110.208913 3133.986977 3180.068158 3220.320302 3250.482143 3250.358104 3233.389923 -9999.0 -9999.0 -9999.0 -9999.0 -9999.0 -9999.0 -9999.0 -9999.0 -9999.0 -9999.0
-9999.0 -9999.0 -9999.0 -9999.0 -9999.0 -9999.0 2904.260090 2914.818012 2935.661629 2938.472535 2964.933468 2970.194693 2983.326121 3000.018178 3021.148390 3033.508596 3058.046431 3087.321168 3122.714365 3159.785655 3185.016063 3174.922428 3177.869252 3196.989910 3223.499337 3242.160096 3264.134809 3301.135974 3372.328617 3408.213193 3401.079814 3401.758940 3409.835185 3459.802398 3523.484316 3534.472625 3513.872420 3500.729510 3524.018622 3561.147710 3559.433396 3558.240922 3571.037628 3581.724102 3608.475913 3597.806408 3562.032996 3556.436714 3562.848865 3540.711462 3472.656372 3415.758423 3396.921567 3351.216223 3268.951516 3226.377291 3249.836660 3277.834760 3256.583454 3207.845842 3177.723347 3172.747297 3162.204359 3155.689726 3168.503589 3190.837006 3215.382196 3229.703591 3218.329612 3197.968641 3177.067426 3149.142142 3151.938600 3177.055254 -9999.0 -9999.0 -9999.0 -9999.0 -9999.0 -9999.0
-9999.0 -9999.0 -9999.0 -9999.0 2854.508035 2867.434891 2852.868374 2879.034419 2911.090739 2944.699490 2972.178611 2997.298622 3019.692013 3045.697452 3078.246981 3099.987123 3131.573708 3160.484983 3204.968375 3265.414181 3309.070099 3322.220626 3330.269643 3380.501110 3436.336767 3483.138697 3501.565552 3527.108614 3572.225438 3628.406298 3650.622565 3653.460754 3670.335072 3713.086880 3768.775710 3803.709072 3786.154136 3777.224793 3787.069201 3801.155402 3823.290473 3823.365854 3824.476938 3828.500026 3835.999982 3834.342280 3807.999516 3774.697944 3761.804822 3751.824210 3714.380875 3642.747226 3612.423605 3583.869464 3542.249202 3488.645558 3440.991132 3441.816017 3387.816715 3333.851463 3284.195359 3276.326861 3256.368227 3240.796335 3223.651572 3236.094527 3248.261880 3233.590120 3204.168966 3175.890070 3163.148795 3145.811021 3134.790634 3166.079679 3183.849266 3213.534204 -9999.0 -9999.0 -9999.0 -9999.0
-9999.0 -9999.0 2795.407752 2840.823731 2897.803118 2903.993007 2897.733417 2900.731255 2927.173217 2976.402055 3031.210266 3067.555820 3095.989923 3125.329577 3173.277370 3234.867482 3294.163488 3335.958554 3392.763696 3461.321439 3519.951337 3546.608988 3555.432232 3590.640890 3644.884148 3713.307382 3741.081380 3767.342710 3798.831185 3834.931845 3827.814071 3838.650156 3850.851235 3863.086577 3877.566258 3884.434660 3879.652233 3875.068788 3856.557428 3851.465136 3857.966773 3865.818677 3864.946061 3850.339670 3846.372759 3861.298816 3867.415362 3865.411637 3862.721263 3867.726638 3863.640470 3815.823570 3797.271934 3782.201993 3770.771134 3724.872273 3658.538811 3626.058050 3604.931909 3564.394924 3491.403818 3453.856196 3414.677506 3380.129387 3343.081890 3329.828241 3297.557019 3265.699590 3227.296598 3186.881417 3168.777681 3154.587290 3154.368182 3155.195025 3173.035503 3188.623258 3204.657799 3212.769947 -9999.0 -9999.0
-9999.0 2692.169928 2763.775099 2878.474417 2955.872715 2988.705446 2997.428341 3000.503055 3024.601473 3055.175433 3141.214318 3189.933706 3271.889920 3308.136792 3348.258044 3437.308826 3530.587562 3573.326113 3611.648256 3674.417627 3739.430359 3786.176176 3812.329481 3792.972022 3831.945341 3860.481734 3868.211353 3874.941711 3874.674824 3866.190126 3859.585667 3866.295443 3863.379138 3844.290026 3828.301894 3826.583314 3823.201115 3799.964960 3772.505737 3757.133902 3758.620441 3783.478393 3770.429120 3749.094690 3744.694868 3766.292991 3787.501314 3776.865731 3763.753384 3780.297143 3814.772087 3839.384499 3841.010658 3859.408368 3880.491907 3851.662127 3829.961748 3786.403101 3769.596813 3744.268624 3687.733814 3633.012528 3585.158639 3536.855689 3484.659924 3435.730606 3388.369496 3341.645487 3288.628687 3256.105849 3231.994510 3189.357179 3177.251773 3183.287096 3178.787875 3177.401909 3183.973272 3190.620034 -9999.0 -9999.0
-9999.0 2596.802135 2736.341411 2906.498236 3045.167449 3085.104873 3147.417134 3201.207836 3214.251963 3161.902384 3259.456625 3474.282559 3593.491037 3610.190032 3684.700952 3778.524730 3763.111080 3794.088482 3816.921614 3841.454084 3861.200576 3875.062844 3873.223629 3867.927630 3851.518150 3843.531592 3842.672923 3840.591809 3823.284337 3804.410393 3787.669126 3784.605836 3766.840019 3717.944926 3684.951305 3667.729240 3649.230219 3635.682392 3608.328809 3582.509162 3566.334433 3577.096046 3574.997817 3561.357371 3556.933661 3575.149917 3605.975635 3603.708247 3614.994213 3634.485373 3669.859520 3707.697120 3726.863238 3755.795618 3791.254299 3838.763834 3847.874052 3870.211103 3873.258589 3862.303261 3816.132649 3764.910000 3735.669386 3680.624003 3621.176889 3559.629445 3511.064640 3466.599016 3411.757770 3377.806044 3338.892907 3285.647320 3242.686153 3234.722306 3201.469600 3188.338564 -9999.0 -9999.0 -9999.0 -9999.0
-9999.0 2495.954630 2676.075730 2907.366943 3194.194487 3265.993536 3465.040452 3577.990436 3616.503240 3682.822349 3569.668783 3770.639482 3821.701971 3816.254801 3830.375154 3833.301840 3847.385120 3846.843011 3841.774069 3830.831475 3821.344151 3816.850074 3815.759128 3807.865264 3795.285091 3780.718606 3768.882327 3757.567339 3721.182054 3689.471118 3650.791352 3638.473182 3594.703577 3503.542024 3465.002624 3427.070085 3367.096229 3369.405624 3376.283857 3352.794041 3333.464605 3306.000362 3335.036191 3345.278873 3349.264328 3345.151622 3355.047323 3382.603270 3429.668719 3463.600448 3502.234932 3549.764746 3579.832045 3618.721367 3658.460465 3710.482938 3741.345818 3770.059540 3818.507773 3855.404915 3878.032905 3864.258648 3845.302036 3801.127539 3741.168396 3692.029073 3663.361385 3613.310178 3570.058170 3526.642828 3480.419825 3427.908035 3366.893870 3313.390421 3279.566193 -9999.0 -9999.0 -9999.0 -9999.0 -9999.0
-9999.0 2275.678958 2539.756950 2797.492680 3068.492629 3406.011381 3572.403752 3667.062540 3729.481221 3710.309897 3731.678082 3738.501146 3775.337105 3782.284431 3760.836921 3747.257094 3730.011532 3728.922904 3741.953014 3714.803657 3684.804064 3671.599781 3672.473760 3661.778749 3638.114577 3623.249473 3613.971407 3595.727964 3552.915350 3503.304214 3420.213518 3386.782946 3309.556471 3270.627987 3234.498721 3188.255949 3146.298587 3151.895329 3174.387116 3167.331824 3146.883832 3130.054524 3159.242711 3177.804283 3190.829141 3174.844346 3181.405713 3215.402636 3261.382647 3301.231200 3344.584706 3391.702720 3432.946541 3471.918440 3492.970956 3532.398981 3574.094013 3615.321918 3684.939674 3762.550529 3797.976685 3832.275000 3861.490488 3883.234236 3840.583118 3814.014720 3790.549050 3767.410264 3721.578999 3676.426423 3635.906663 3571.881933 3512.403119 -9999.0 -9999.0 -9999.0 -9999.0 -9999.0 -9999.0 -9999.0
-9999.0 2162.593748 2357.359452 2551.071467 2789.502046 3012.580970 3229.174695 3319.312593 3388.462948 3456.384982 3508.380077 3545.303187 3571.008914 3592.327947 3569.686084 3524.275107 3492.382557 3497.279982 3488.764438 3467.755501 3440.250820 3427.471197 3425.069154 3420.411290 3399.347453 3389.201122 3382.596065 3365.171323 3339.981819 3288.023951 3217.296988 3147.547836 3094.562074 3075.206043 3053.023071 3026.619484 3000.193406 3013.775800 3026.706626 3026.925962 3020.537013 3020.798069 3049.838460 3069.504448 3078.947905 3067.977215 3086.011836 3108.998497 3145.682670 3182.851740 3226.902822 3276.317596 3324.085505 3343.945244 3346.067959 3357.672976 3384.761559 3427.685629 3503.537876 3588.925556 3665.535203 3710.540659 3760.945867 3800.542755 3828.252705 3853.861544 3875.674918 3868.291597 3842.720552 3809.611219 3751.426505 -9999.0 -9999.0 -9999.0 -9999.0 -9999.0 -9999.0 -9999.0 -9999.0 -9999.0
-9999.0 -9999.0 2131.259440 2285.052711 2384.401721 2548.054018 2692.714565 2802.805223 2874.596823 3002.478380 3122.302864 3212.031715 3257.628299 3272.949983 3259.021869 3230.450827 3213.124641 3212.798360 3201.320220 3195.002831 3180.715028 3175.671538 3166.709669 3159.678052 3155.778224 3155.433699 3153.634973 3146.102764 3129.993835 3089.379277 3052.952015 3009.507330 2973.019842 2951.703095 2933.799498 2917.015935 2921.217289 2916.667716 2922.426295 2925.555701 2935.302392 2949.576222 2968.997035 2985.795371 2995.320693 3005.296354 3015.994005 3037.351147 3066.927423 3106.528319 3157.317232 3210.125921 3245.349600 3251.748711 3233.552352 3228.372623 3236.343675 3264.959192 3327.954968 3396.268247 3485.021505 3549.870828 3616.374757 3671.877436 3698.270909 3734.642431 3804.247514 3852.228547 3893.924320 3871.565273 -9999.0 -9999.0 -9999.0 -9999.0 -9999.0 -9999.0 -9999.0 -9999.0 -9999.0 -9999.0
-9999.0 -9999.0 -9999.0 -9999.0 2145.714594 2293.189049 2390.896001 2471.255058 2605.974946 2738.034947 2812.711095 2898.924790 2967.375046 2981.453596 2981.690355 2997.954834 2996.945398 2987.991492 2977.318518 2982.188495 2987.165693 2981.481529 2977.427841 2971.662818 2976.022028 2984.548223 2983.670103 2971.930363 2955.187280 2941.904724 2929.919281 2900.442906 2869.562737 2843.567267 2832.786121 2830.689675 2831.670930 2824.522585 2833.427156 2842.587014 2858.789463 2874.076846 2897.617578 2927.144802 2941.815001 2956.459396 2965.002601 2983.403375 3006.530190 3057.525047 3118.747467 3174.673899 3206.954906 3206.958758 3179.375341 3157.535689 3145.049111 3162.405001 3189.529270 3240.105434 3328.805756 3390.170780 3435.441088 3474.176278 3510.369825 3574.900377 3668.584217 3749.385089 -9999.0 -9999.0 -9999.0 -9999.0 -9999.0 -9999.0 -9999.0 -9999.0 -9999.0 -9999.0 -9999.0 -9999.0
-9999.0 -9999.0 -9999.0 -9999.0 -9999.0 -9999.0 2122.097573 2228.159799 2296.484481 2450.370296 2596.814881 2706.602195 2792.065198 2829.420974 2826.030328 2856.146154 2856.806086 2836.707479 2815.031277 2836.916912 2856.208017 2850.035198 2818.163713 2820.142621 2827.906757 2836.761321 2835.463884 2831.012365 2808.146761 2826.547888 2832.732969 2812.043231 2788.847656 2799.041315 2787.647643 2797.464749 2797.439510 2782.880845 2781.701093 2793.999840 2815.185057 2828.183192 2849.239129 2882.426949 2914.869421 2930.448621 2931.194775 2935.701539 2972.098919 3035.041798 3105.440247 3159.930947 3189.492730 3193.867080 3164.011890 3119.065283 3092.770674 3091.520425 3115.630998 3154.819926 3213.308124 3249.161335 3260.075186 3261.008669 3273.019990 3371.449235 -9999.0 -9999.0 -9999.0 -9999.0 -9999.0 -9999.0 -9999.0 -9999.0 -9999.0 -9999.0 -9999.0 -9999.0 -9999.0 -9999.0
-9999.0 -9999.0 -9999.0 -9999.0 -9999.0 -9999.0 -9999.0 -9999.0 -9999.0 -9999.0 -9999.0 -9999.0 -9999.0 -9999.0 -9999.0 -9999.0 -9999.0 -9999.0 -9999.0 -9999.0 -9999.0 -9999.0 -9999.0 -9999.0 -9999.0 -9999.0 -9999.0 -9999.0 -9999.0 -9999.0 -9999.0 -9999.0 -9999.0 -9999.0 -9999.0 -9999.0 -9999.0 -9999.0 -9999.0 -9999.0 -9999.0 -9999.0 -9999.0 -9999.0 -9999.0 -9999.0 -9999.0 -9999.0 -9999.0 -9999.0 -9999.0 -9999.0 -9999.0 -9999.0 -9999.0 -9999.0 -9999.0 -9999.0 -9999.0 -9999.0 -9999.0 -9999.0 -9999.0 -9999.0 -9999.0 -9999.0 -9999.0 -9999.0 -9999.0 -9999.0 -9999.0 -9999.0 -9999.0 -9999.0 -9999.0 -9999.0 -9999.0 -9999.0 -9999.0 -9999.0
-9999.0 -9999.0 -9999.0 -9999.0 -9999.0 -9999.0 -9999.0 -9999.0 -9999.0 -9999.0 -9999.0 -9999.0 -9999.0 -9999.0 -9999.0 -9999.0 -9999.0 -9999.0 -9999.0 -9999.0 -9999.0 -9999.0 -9999.0 -9999.0 -9999.0 -9999.0 -9999.0 -9999.0 -9999.0 -9999.0 -9999.0 -9999.0 -9999.0 -9999.0 -9999.0 -9999.0 -9999.0 -9999.0 -9999.0 -9999.0 -9999.0 -9999.0 -9999.0 -9999.0 -9999.0 -9999.0 -9999.0 -9999.0 -9999.0 -9999.0 -9999.0 -9999.0 -9999.0 -9999.0 -9999.0 -9999.0 -9999.0 -9999.0 -9999.0 -9999.0 -9999.0 -9999.0 -9999.0 -9999.0 -9999.0 -9999.0 -9999.0 -9999.0 -9999.0 -9999.0 -9999.0 -9999.0 -9999.0 -9999.0 -9999.0 -9999.0 -9999.0 -9999.0 -9999.0 -9999.0