Borden_/Borden1m_014/output_maps/psiliqL0020N0040.asc
ncols         80
nrows         18
xllcorner     620200.000000
yllcorner     5168000.000000
cellsize      1.000000
NODATA_value  -9999.0
-9999.0 -9999.0 -9999.0 -9999.0 -9999.0 -9999.0 -9999.0 -9999.0 -9999.0 -9999.0 -9999.0 -9999.0 -9999.0 -9999.0 -9999.0 -9999.0 -9999.0 -9999.0 -9999.0 -9999.0 -9999.0 -9999.0 -9999.0 -9999.0 -9999.0 -9999.0 -9999.0 -9999.0 -9999.0 -9999.0 -9999.0 -9999.0 -9999.0 -9999.0 -9999.0 -9999.0 -9999.0 -9999.0 -9999.0 -9999.0 -9999.0 -9999.0 -9999.0 -9999.0 -9999.0 -9999.0 -9999.0 -9999.0 -9999.0 -9999.0 -9999.0 -9999.0 -9999.0 -9999.0 -9999.0 -9999.0 -9999.0 -9999.0 -9999.0 -9999.0 -9999.0 -9999.0 -9999.0 -9999.0 -9999.0 -9999.0 -9999.0 -9999.0 -9999.0 -9999.0 -9999.0 -9999.0 -9999.0 -9999.0 -9999.0 -9999.0 -9999.0 -9999.0 -9999.0 -9999.0
-9999.0 -9999.0 -9999.0 -9999.0 -9999.0 -9999.0 -9999.0 -9999.0 -9999.0 -9999.0 -9999.0 -9999.0 -9999.0 -9999.0 -9999.0 -9999.0 -9999.0 -9999.0 -9999.0 -9999.0 -9999.0 -9999.0 -9999.0 -9999.0 -9999.0 -9999.0 -9999.0 -9999.0 -9999.0 -9999.0 -9999.0 -9999.0 -9999.0 -9999.0 -9999.0 -9999.0 -9999.0 -9999.0 -9999.0 -9999.0 -9999.0 -9999.0 -9999.0 -9999.0 -9999.0 -9999.0 -9999.0 -9999.0 -9999.0 -9999.0 -9999.0 -9999.0 -9999.0 -9999.0 -9999.0 -9999.0 -9999.0 -9999.0 -9999.0 -9999.0 -9999.0 -9999.0 -9999.0 -9999.0 -9999.0 -9999.0 -9999.0 -9999.0 -9999.0 -9999.0 -9999.0 -9999.0 -9999.0 -9999.0 -9999.0 -9999.0 -9999.0 -9999.0 -9999.0 -9999.0
-9999.0 -9999.0 -9999.0 -9999.0 -9999.0 -9999.0 -9999.0 -9999.0 -9999.0 -9999.0 -9999.0 -9999.0 -9999.0 -9999.0 -9999.0 -9999.0 -9999.0 -9999.0 -9999.0 -9999.0 2157.720400 2160.268986 2139.697922 2107.470819 2081.309925 2085.447162 2121.403217 2164.558934 2205.499015 2216.429123 2200.100822 2205.205122 2202.420505 2200.941050 2203.695410 2212.457990 2219.555277 2231.367400 2240.688006 2241.120221 2236.120762 2232.425134 2234.645694 2237.100089 2242.442379 2228.701892 2242.099960 2255.595258 2257.909961 2250.999929 2222.529316 2205.719858 2194.058861 2175.432731 2198.045256 2207.088905 2227.154256 2228.932924 2224.960776 2196.629868 2165.631475 -9999.0 -9999.0 -9999.0 -9999.0 -9999.0 -9999.0 -9999.0 -9999.0 -9999.0 -9999.0 -9999.0 -9999.0 -9999.0 -9999.0 -9999.0 -9999.0 -9999.0 -9999.0 -9999.0
-9999.0 -9999.0 -9999.0 -9999.0 -9999.0 -9999.0 -9999.0 -9999.0 -9999.0 -9999.0 -9999.0 -9999.0 -9999.0 -9999.0 2062.856297 2054.892077 2053.825922 2063.569965 2098.334726 2129.848512 2141.901886 2135.699542 2137.210519 2114.907313 2095.274677 2110.844387 2142.765312 2175.978945 2212.149683 2233.194921 2224.268655 2223.878664 2233.939351 2258.121013 2269.888959 2268.042535 2250.742826 2276.463909 2292.776243 2301.142992 2301.777758 2294.114519 2305.459079 2320.252390 2312.716130 2295.511177 2302.161683 2313.442172 2322.158661 2308.218019 2243.909413 2225.094481 2218.073512 2209.669700 2193.256459 2185.601504 2209.848498 2206.805911 2196.637373 2177.108463 2142.658070 2097.115739 2076.666919 2114.247872 2155.984083 2210.921380 -9999.0 -9999.0 -9999.0 -9999.0 -9999.0 -9999.0 -9999.0 -9999.0 -9999.0 -9999.0 -9999.0 -9999.0 -9999.0 -9999.0
-9999.0 -9999.0 -9999.0 -9999.0 -9999.0 -9999.0 -9999.0 -9999.0 -9999.0 1999.948660 2006.364121 2015.285197 2019.770769 2037.068645 2035.417998 2044.241094 2051.905411 2081.206706 2113.478410 2149.585577 2178.891348 2171.933565 2173.317191 2182.206655 2183.343705 2195.729205 2219.440077 2261.179922 2298.453837 2338.776345 2310.115827 2308.635925 2328.681164 2374.118905 2402.966649 2408.243010 2391.284968 2405.836063 2432.061258 2452.989737 2453.120251 2450.446007 2475.544465 2489.866453 2486.596165 2464.850376 2457.370716 2459.173382 2483.637294 2429.938062 2361.037048 2313.749561 2320.571438 2292.631628 2258.139175 2239.163798 2235.275314 2253.018047 2236.800695 2198.359215 2161.465536 2147.859370 2128.232281 2144.689104 2164.884252 2208.455842 2245.400617 2271.846551 2268.914278 2249.899505 -9999.0 -9999.0 -9999.0 -9999.0 -9999.0 -9999.0 -9999.0 -9999.0 -9999.0 -9999.0
-9999.0 -9999.0 -9999.0 -9999.0 -9999.0 -9999.0 1918.146813 1929.537554 1951.883957 1957.149465 1985.053515 1993.616759 2015.949329 2036.749727 2060.789838 2078.033553 2108.264618 2142.250383 2182.855553 2225.693379 2258.633245 2252.628262 2263.510556 2290.006415 2325.024617 2351.556122 2378.271619 2419.859013 2496.383938 2537.996908 2540.238104 2544.983936 2555.452138 2605.956904 2670.331849 2682.260208 2663.004084 2650.993050 2674.931236 2713.929912 2718.167330 2720.249465 2735.241929 2745.841768 2771.395548 2759.533234 2717.715502 2705.652869 2706.625981 2684.507247 2616.753473 2553.484992 2523.895079 2471.840726 2387.617594 2336.139156 2348.011018 2367.704185 2339.144508 2284.796172 2244.294560 2232.839163 2216.301297 2202.767518 2208.796365 2226.243136 2245.642203 2254.484004 2238.750843 2215.073690 2190.588913 2160.380336 2161.251918 2185.467017 -9999.0 -9999.0 -9999.0 -9999.0 -9999.0 -9999.0
-9999.0 -9999.0 -9999.0 -9999.0 1865.899740 1880.183279 1868.546771 1896.381110 1931.219862 1967.720187 2000.199783 2037.771014 2066.380875 2098.195000 2138.004619 2169.445289 2209.689221 2245.238611 2299.410464 2367.341562 2418.359735 2439.954977 2454.690375 2512.002784 2573.194944 2625.588574 2648.310290 2677.708592 2725.900908 2786.881415 2813.850835 2820.142311 2838.264208 2877.876516 2929.753356 2865.783277 2847.679407 2839.667100 2847.790537 2860.588256 2883.233835 2883.874074 2885.110209 2888.326350 2894.408589 2893.277363 2868.564096 2837.054910 2922.769749 2910.919085 2874.986252 2802.140910 2764.178924 2731.478323 2689.979337 2634.190213 2575.225240 2564.566969 2505.741949 2446.033105 2386.212567 2367.060432 2337.237106 2312.129470 2284.548634 2286.309896 2288.431299 2265.459289 2229.769114 2195.102737 2178.322777 2158.086833 2145.383370 2174.729087 2191.333361 2220.500056 -9999.0 -9999.0 -9999.0 -9999.0
-9999.0 -9999.0 1803.868334 1852.007142 1910.821426 1920.574923 1920.289576 1927.854810 1958.814507 2013.252881 2086.315143 2133.721464 2173.271157 2209.406731 2269.345079 2343.286064 2412.659177 2460.694247 2524.434823 2597.540810 2661.287647 2693.070582 2709.096813 2751.982308 2808.849408 2876.175573 2905.640939 2934.045866 2862.626358 2895.371864 2896.985261 2909.396834 2919.962441 2927.959013 2938.432320 2941.558402 2937.219085 2932.531552 2915.826371 2911.427111 2918.173448 2923.331999 2925.132645 2911.192658 2907.307928 2921.627842 2925.210325 2923.823195 2925.280276 2929.538338 2928.765273 2885.097204 2857.666799 2844.243724 2931.314562 2883.706306 2815.533731 2775.691728 2751.747108 2703.722758 2624.535732 2575.574811 2525.968779 2479.947718 2428.020816 2399.750144 2353.494729 2309.702446 2261.217081 2213.041415 2188.150760 2169.728725 2166.563922 2165.275428 2180.896457 2195.192110 2209.811718 2217.198221 -9999.0 -9999.0
-9999.0 1696.704366 1769.070480 1894.409896 1975.519646 2019.455892 2043.684155 2061.304523 2093.018454 2127.074236 2226.936319 2301.213478 2391.759686 2433.356817 2483.207707 2580.937903 2678.724873 2729.994786 2772.298917 2834.887110 2900.007684 2848.987607 2874.314712 2869.254732 2905.670023 2926.906567 2932.559052 2937.752846 2934.257920 2926.075378 2918.454208 2925.063290 2923.474998 2904.565204 2888.643760 2886.363446 2882.238805 2860.449181 2933.633391 2918.240279 2920.190249 2845.380368 2932.407453 2911.209403 2907.284177 2929.199513 2848.103670 2838.642201 2929.353542 2843.601158 2876.209630 2899.190393 2904.974897 2922.557128 2943.215837 2915.769089 2890.809844 2850.206769 2932.744162 2902.127429 2841.039756 2779.995337 2723.255599 2659.829527 2593.562001 2527.937680 2464.158219 2400.504333 2334.177551 2292.261169 2261.307823 2212.895045 2194.273904 2196.764226 2188.112394 2184.474250 2189.334977 2195.117380 -9999.0 -9999.0
-9999.0 1608.576330 1749.869827 1932.431492 2080.703442 2134.150090 2220.350346 2293.192504 2319.955167 2284.331264 2393.485155 2615.822762 2735.267987 2758.091208 2835.272927 2838.046880 2837.451121 2868.326441 2890.678296 2908.326633 2922.679826 2933.171486 2931.400532 2925.973476 2910.659330 2903.023333 2903.758321 2901.470621 2884.190363 2865.089122 2847.757882 2845.583215 2927.720087 2878.136517 2841.993386 2821.829868 2802.192908 2784.208231 2754.937616 2727.956211 2710.056430 2723.552199 2721.022170 2704.113824 2700.291458 2722.934698 2753.621552 2751.916476 2764.832400 2786.395289 2826.433224 2867.964764 2892.032717 2924.079384 2855.963683 2899.850186 2911.967271 2934.053489 2937.731764 2923.010110 2879.892946 2928.658866 2891.489693 2825.182390 2750.721289 2668.000126 2600.814537 2536.104424 2464.918724 2419.726624 2374.674918 2319.182526 2270.335426 2253.825335 2215.805894 2197.645389 -9999.0 -9999.0 -9999.0 -9999.0
-9999.0 1518.343756 1702.613862 1952.578827 2239.689946 2334.900855 2542.196667 2671.513520 2726.625681 2800.612638 2737.556255 2841.531768 2883.190443 2877.743130 2885.401839 2887.321057 2901.759097 2903.051684 2898.870875 2888.834008 2880.151395 2876.236927 2875.048700 2867.308399 2854.891002 2841.805600 2930.893144 2916.351166 2876.172578 2840.650383 2800.313189 2783.837367 2740.911126 2644.215841 2600.428640 2560.523859 2499.932925 2496.518783 2496.056727 2468.332258 2449.592909 2424.413935 2450.147535 2459.241264 2462.965964 2461.942463 2475.875827 2504.416056 2552.532529 2590.381156 2635.081609 2688.488221 2726.747521 2771.366881 2816.333315 2873.361159 2908.687822 2941.274357 2883.129474 2918.977693 2940.036969 2929.154640 2906.489357 2863.870264 2881.229313 2811.126744 2756.560237 2677.557732 2611.618837 2559.463463 2513.792372 2465.136424 2403.906365 2338.064441 2299.482702 -9999.0 -9999.0 -9999.0 -9999.0 -9999.0
-9999.0 1317.794089 1583.850811 1861.768360 2158.205150 2495.897638 2653.531266 2771.605035 2845.699939 2826.148382 2846.157066 2864.775159 2827.719331 2835.269849 2904.247522 2894.279252 2881.029398 2881.020852 2893.825809 2866.569931 2836.370584 2822.625944 2822.316406 2810.522850 2786.317773 2769.401649 2758.663883 2736.651686 2685.903918 2632.582274 2547.128971 2512.129428 2431.903708 2383.337867 2340.812062 2290.426121 2240.432082 2241.299874 2261.702733 2249.495158 2228.082785 2210.252076 2238.354400 2258.721350 2272.034712 2258.883573 2267.551581 2303.345585 2353.107522 2397.904553 2447.643435 2503.213400 2549.526602 2596.320944 2626.640422 2675.228737 2726.343379 2774.219670 2848.261953 2929.439118 2862.511289 2894.918797 2925.849284 2943.514856 2899.559887 2864.759920 2833.051773 2803.012442 2726.045339 2675.915320 2646.881423 2606.562849 2553.751259 -9999.0 -9999.0 -9999.0 -9999.0 -9999.0 -9999.0 -9999.0
-9999.0 1198.277679 1404.967220 1616.592091 1885.126628 2121.188420 2332.100649 2435.857732 2516.818855 2574.457319 2622.936529 2662.862719 2695.986447 2721.411349 2703.079622 2660.288507 2630.398884 2634.804494 2627.849711 2604.474744 2574.997937 2560.191464 2556.789940 2550.123822 2526.511453 2513.004828 2502.616071 2479.221049 2448.664276 2392.647711 2314.884770 2239.686788 2181.023377 2153.609161 2125.662320 2094.293825 2061.970148 2072.597155 2084.291465 2082.496358 2073.856611 2072.371370 2101.460702 2120.833963 2131.027112 2120.400128 2139.983704 2166.152222 2207.270575 2251.352644 2300.974494 2356.032026 2410.050818 2438.307883 2450.190810 2472.494000 2510.215271 2562.910071 2647.829315 2744.005985 2823.206738 2871.736025 2922.062744 2862.336871 2883.003527 2905.244918 2909.860731 2880.443220 2833.795562 2806.463286 2725.965145 -9999.0 -9999.0 -9999.0 -9999.0 -9999.0 -9999.0 -9999.0 -9999.0 -9999.0
-9999.0 -9999.0 1175.411858 1341.275497 1460.580965 1632.729326 1780.164053 1890.474400 1987.454812 2116.967775 2232.848474 2324.252856 2371.111275 2389.802046 2377.633829 2348.648501 2329.671222 2329.272746 2317.867173 2308.315426 2290.019240 2282.352164 2269.608913 2261.047162 2253.013954 2248.861235 2243.956817 2233.317727 2212.523735 2166.726642 2121.845054 2072.388380 2020.811266 1995.840402 1974.466332 1953.982517 1954.288717 1949.335835 1954.447050 1956.448704 1964.497344 1977.802386 1997.651479 2020.219296 2030.297031 2040.244031 2052.778027 2076.588146 2109.641853 2152.455462 2207.203055 2266.334148 2307.244815 2320.425884 2310.334621 2314.095900 2331.850444 2371.879587 2448.330648 2529.381263 2624.872454 2695.179291 2765.361565 2813.804427 2825.501931 2836.704847 2837.229007 2854.946034 2844.138049 2834.143350 -9999.0 -9999.0 -9999.0 -9999.0 -9999.0 -9999.0 -9999.0 -9999.0 -9999.0 -9999.0
-9999.0 -9999.0 -9999.0 -9999.0 1201.699983 1353.303771 1451.157904 1533.523285 1665.675751 1791.762553 1896.038030 1982.488090 2048.740057 2076.637171 2075.817555 2086.698830 2083.880856 2076.324839 2065.719738 2066.575170 2067.347994 2059.902875 2044.244808 2036.998836 2038.740689 2044.411770 2041.646580 2027.788734 2009.242618 1989.382901 1971.295771 1937.798058 1902.842167 1873.796878 1860.597440 1855.534581 1855.079179 1847.492603 1855.864497 1863.787645 1879.279231 1894.474679 1918.148954 1947.468446 1961.852892 1976.975311 1986.795747 2007.225086 2038.055102 2091.997645 2156.266755 2215.209953 2252.784032 2258.173478 2234.589852 2219.272143 2215.014575 2241.984207 2284.656953 2348.304173 2447.560518 2518.622459 2570.350995 2609.792162 2637.886433 2677.939378 2721.813856 2755.214945 -9999.0 -9999.0 -9999.0 -9999.0 -9999.0 -9999.0 -9999.0 -9999.0 -9999.0 -9999.0 -9999.0 -9999.0
-9999.0 -9999.0 -9999.0 -9999.0 -9999.0 -9999.0 1169.281753 1273.028814 1348.657202 1493.892054 1631.432974 1736.418952 1819.080137 1853.533723 1883.801026 1912.531004 1911.840537 1892.624586 1872.168574 1891.718045 1907.276451 1900.834192 1869.702741 1869.829694 1875.274234 1883.050838 1880.379933 1873.805807 1848.527140 1861.633296 1863.324350 1839.927838 1813.876847 1800.200709 1788.176507 1797.609968 1797.538462 1783.415549 1783.178288 1810.361219 1830.927556 1843.959284 1865.474050 1898.757689 1931.363466 1947.093549 1948.731824 1954.865009 1994.279229 2064.840424 2137.580554 2194.331032 2228.183890 2237.314440 2211.566482 2172.242584 2152.522058 2159.691301 2193.810311 2244.531881 2318.168051 2364.224091 2384.593282 2391.491544 2403.630615 2492.191523 -9999.0 -9999.0 -9999.0 -9999.0 -9999.0 -9999.0 -9999.0 -9999.0 -9999.0 -9999.0 -9999.0 -9999.0 -9999.0 -9999.0
-9999.0 -9999.0 -9999.0 -9999.0 -9999.0 -9999.0 -9999.0 -9999.0 -9999.0 -9999.0 -9999.0 -9999.0 -9999.0 -9999.0 -9999.0 -9999.0 -9999.0 -9999.0 -9999.0 -9999.0 -9999.0 -9999.0 -9999.0 -9999.0 -9999.0 -9999.0 -9999.0 -9999.0 -9999.0 -9999.0 -9999.0 -9999.0 -9999.0 -9999.0 -9999.0 -9999.0 -9999.0 -9999.0 -9999.0 -9999.0 -9999.0 -9999.0 -9999.0 -9999.0 -9999.0 -9999.0 -9999.0 -9999.0 -9999.0 -9999.0 -9999.0 -9999.0 -9999.0 -9999.0 -9999.0 -9999.0 -9999.0 -9999.0 -9999.0 -9999.0 -9999.0 -9999.0 -9999.0 -9999.0 -9999.0 -9999.0 -9999.0 -9999.0 -9999.0 -9999.0 -9999.0 -9999.0 -9999.0 -9999.0 -9999.0 -9999.0 -9999.0 -9999.0 -9999.0 -9999.0
-9999.0 -9999.0 -9999.0 -9999.0 -9999.0 -9999.0 -9999.0 -9999.0 -9999.0 -9999.0 -9999.0 -9999.0 -9999.0 -9999.0 -9999.0 -9999.0 -9999.0 -9999.0 -9999.0 -9999.0 -9999.0 -9999.0 -9999.0 -9999.0 -9999.0 -9999.0 -9999.0 -9999.0 -9999.0 -9999.0 -9999.0 -9999.0 -9999.0 -9999.0 -9999.0 -9999.0 -9999.0 -9999.0 -9999.0 -9999.0 -9999.0 -9999.0 -9999.0 -9999.0 -9999.0 -9999.0 -9999.0 -9999.0 -9999.0 -9999.0 -9999.0 -9999.0 -9999.0 -9999.0 -9999.0 -9999.0 -9999.0 -9999.0 -9999.0 -9999.0 -9999.0 -9999.0 -9999.0 -9999.0 -9999.0 -9999.0 -9999.0 -9999.0 -9999.0 -9999.0 -9999.0 -9999.0 -9999.0 -9999.0 -9999.0 -9999.0 -9999.0 -9999.0 -9999.0 -9999.0