Borden_/Borden1m_014/output_maps/psiliqL0013N0034.asc
ncols         80
nrows         18
xllcorner     620200.000000
yllcorner     5168000.000000
cellsize      1.000000
NODATA_value  -9999.0
-9999.0 -9999.0 -9999.0 -9999.0 -9999.0 -9999.0 -9999.0 -9999.0 -9999.0 -9999.0 -9999.0 -9999.0 -9999.0 -9999.0 -9999.0 -9999.0 -9999.0 -9999.0 -9999.0 -9999.0 -9999.0 -9999.0 -9999.0 -9999.0 -9999.0 -9999.0 -9999.0 -9999.0 -9999.0 -9999.0 -9999.0 -9999.0 -9999.0 -9999.0 -9999.0 -9999.0 -9999.0 -9999.0 -9999.0 -9999.0 -9999.0 -9999.0 -9999.0 -9999.0 -9999.0 -9999.0 -9999.0 -9999.0 -9999.0 -9999.0 -9999.0 -9999.0 -9999.0 -9999.0 -9999.0 -9999.0 -9999.0 -9999.0 -9999.0 -9999.0 -9999.0 -9999.0 -9999.0 -9999.0 -9999.0 -9999.0 -9999.0 -9999.0 -9999.0 -9999.0 -9999.0 -9999.0 -9999.0 -9999.0 -9999.0 -9999.0 -9999.0 -9999.0 -9999.0 -9999.0
-9999.0 -9999.0 -9999.0 -9999.0 -9999.0 -9999.0 -9999.0 -9999.0 -9999.0 -9999.0 -9999.0 -9999.0 -9999.0 -9999.0 -9999.0 -9999.0 -9999.0 -9999.0 -9999.0 -9999.0 -9999.0 -9999.0 -9999.0 -9999.0 -9999.0 -9999.0 -9999.0 -9999.0 -9999.0 -9999.0 -9999.0 -9999.0 -9999.0 -9999.0 -9999.0 -9999.0 -9999.0 -9999.0 -9999.0 -9999.0 -9999.0 -9999.0 -9999.0 -9999.0 -9999.0 -9999.0 -9999.0 -9999.0 -9999.0 -9999.0 -9999.0 -9999.0 -9999.0 -9999.0 -9999.0 -9999.0 -9999.0 -9999.0 -9999.0 -9999.0 -9999.0 -9999.0 -9999.0 -9999.0 -9999.0 -9999.0 -9999.0 -9999.0 -9999.0 -9999.0 -9999.0 -9999.0 -9999.0 -9999.0 -9999.0 -9999.0 -9999.0 -9999.0 -9999.0 -9999.0
-9999.0 -9999.0 -9999.0 -9999.0 -9999.0 -9999.0 -9999.0 -9999.0 -9999.0 -9999.0 -9999.0 -9999.0 -9999.0 -9999.0 -9999.0 -9999.0 -9999.0 -9999.0 -9999.0 -9999.0 745.350633 748.328547 726.771596 693.865557 666.811436 670.065087 705.916884 748.478112 788.290265 799.688197 783.001905 786.437310 782.856119 782.809997 786.271515 793.765165 798.504916 810.623375 820.134120 820.972229 816.044861 811.794299 812.525817 815.874882 820.879378 809.518230 822.220551 836.127473 840.051733 833.058389 803.976040 786.480854 775.825652 758.737750 781.537139 791.929224 813.326583 816.233659 813.456246 785.460121 754.743032 -9999.0 -9999.0 -9999.0 -9999.0 -9999.0 -9999.0 -9999.0 -9999.0 -9999.0 -9999.0 -9999.0 -9999.0 -9999.0 -9999.0 -9999.0 -9999.0 -9999.0 -9999.0 -9999.0
-9999.0 -9999.0 -9999.0 -9999.0 -9999.0 -9999.0 -9999.0 -9999.0 -9999.0 -9999.0 -9999.0 -9999.0 -9999.0 -9999.0 652.446676 643.387838 641.476005 650.886393 685.443693 716.381231 728.901784 722.220475 723.271838 700.838889 681.544378 696.901339 728.123648 761.483914 797.876143 819.876460 809.766641 808.777026 819.884916 846.757684 861.050260 859.343089 840.275192 864.615419 881.994860 892.485289 893.650493 886.593725 900.731863 916.827653 909.598224 891.306157 894.594748 904.856348 915.628270 899.281728 832.878530 810.833964 804.382028 795.461192 779.449980 771.226447 794.880668 793.666053 784.021807 764.783864 731.140605 686.335928 667.074664 704.704357 747.662608 804.281174 -9999.0 -9999.0 -9999.0 -9999.0 -9999.0 -9999.0 -9999.0 -9999.0 -9999.0 -9999.0 -9999.0 -9999.0 -9999.0 -9999.0
-9999.0 -9999.0 -9999.0 -9999.0 -9999.0 -9999.0 -9999.0 -9999.0 -9999.0 592.399705 597.355211 605.467861 608.667108 625.270214 623.811078 631.930382 640.322615 668.383247 700.707942 737.040225 767.009064 759.233179 761.259902 773.372528 779.150939 793.177398 816.911328 860.111581 903.347959 947.016440 920.493614 919.920601 940.673467 989.707208 1025.069643 1033.618085 1016.121776 1025.270001 1052.922529 1078.655009 1081.530674 1081.520165 1107.469512 1121.558530 1122.893210 1101.553891 1085.251031 1082.486950 1105.031983 1050.733024 981.449547 927.458354 927.877804 894.750143 853.344774 830.200301 825.184947 843.942648 826.885797 787.685794 749.598384 737.352277 718.692962 734.254300 755.206676 800.379949 837.960864 865.302966 863.914235 845.687671 -9999.0 -9999.0 -9999.0 -9999.0 -9999.0 -9999.0 -9999.0 -9999.0 -9999.0 -9999.0
-9999.0 -9999.0 -9999.0 -9999.0 -9999.0 -9999.0 512.341138 522.299807 543.249108 548.907717 575.037519 583.572135 605.396400 626.016418 648.819687 667.039749 699.053738 733.754026 776.763237 822.331146 856.967900 854.632912 867.657487 901.434159 943.613117 975.677978 1003.534974 1047.184743 1127.253437 1172.912540 1183.564069 1190.019271 1200.560015 1248.714316 1312.268213 1328.057037 1308.764444 1295.418019 1317.255395 1356.194680 1367.376554 1371.148200 1381.724088 1391.032898 1415.995878 1405.160891 1361.670803 1343.389399 1337.890220 1320.609697 1259.570563 1194.840460 1156.874274 1104.686858 1018.884912 959.927033 962.202251 977.057744 944.372467 887.193525 842.652615 829.195477 811.787826 796.085500 800.011042 817.221348 837.869880 847.346221 832.927826 810.665275 786.712473 757.092869 758.250483 783.074785 -9999.0 -9999.0 -9999.0 -9999.0 -9999.0 -9999.0
-9999.0 -9999.0 -9999.0 -9999.0 461.599152 474.927354 463.580462 489.206964 522.761190 557.915934 591.370911 630.031559 659.177638 691.368785 734.393654 772.491731 818.162048 856.884878 914.825773 986.795809 1042.369420 1071.169734 1090.646216 1151.588555 1213.919986 1267.180160 1289.369392 1318.864282 1364.332363 1427.762495 1456.515570 1464.221643 1481.895978 1515.237576 1560.477090 1592.792569 1576.969051 1570.413424 1577.612985 1590.727550 1616.786569 1619.729009 1622.233918 1624.366381 1627.931191 1626.063698 1600.309173 1565.293495 1550.555435 1540.552993 1511.673437 1442.852148 1398.841607 1366.821595 1333.181627 1280.836996 1214.053910 1194.450500 1135.296639 1075.189483 1007.416098 980.754670 946.258843 917.055428 884.017553 881.910602 881.789118 858.612583 824.441554 790.470632 774.099101 754.364591 742.866081 772.289140 789.451358 819.651966 -9999.0 -9999.0 -9999.0 -9999.0
-9999.0 -9999.0 401.660515 451.067578 508.431098 518.124410 520.218910 527.351442 557.100184 610.764277 689.317779 743.189193 789.440718 825.876819 889.306464 974.262135 1052.667183 1105.263624 1166.669518 1237.138231 1300.741050 1337.712132 1359.648490 1399.733829 1452.535397 1512.140938 1538.444796 1565.094270 1596.240518 1630.288974 1645.169269 1659.932056 1667.750198 1668.989613 1673.128168 1673.954586 1669.618637 1664.265610 1646.816894 1644.211324 1652.377543 1657.999435 1660.313386 1647.323633 1643.235530 1655.943418 1658.319643 1656.442563 1655.858849 1662.928937 1667.135610 1629.343705 1587.939258 1571.823927 1561.535318 1517.187508 1452.510818 1407.336586 1382.867615 1339.283694 1260.084961 1205.802769 1152.749705 1100.484940 1043.683147 1007.373301 955.878568 909.438090 859.748493 811.427312 786.256579 766.972255 763.703824 763.059357 778.595896 793.543632 808.541619 816.142849 -9999.0 -9999.0
-9999.0 299.342278 372.094902 499.236125 579.993183 626.188253 662.074994 689.100958 719.414239 745.617233 855.141038 953.020290 1048.154119 1087.458226 1141.398304 1240.928929 1337.501931 1383.934098 1421.285314 1475.317334 1533.749017 1581.018886 1610.683212 1627.107720 1659.662753 1669.982012 1672.221473 1675.111346 1670.884167 1663.651156 1654.849972 1661.377977 1657.794058 1638.950060 1622.788917 1619.101273 1612.555146 1587.394936 1559.143007 1544.780189 1547.964930 1570.537931 1559.316626 1539.060673 1535.340776 1555.980092 1574.155127 1565.401208 1554.461753 1572.877636 1607.612021 1629.611337 1641.367000 1657.517122 1677.952065 1652.834978 1622.762017 1580.668628 1560.379230 1530.244780 1469.985892 1406.972417 1351.290724 1288.871322 1220.250088 1149.100557 1082.216498 1016.600869 946.355596 902.682126 869.515492 817.600928 794.972142 795.593979 785.798062 782.294171 787.918083 794.010243 -9999.0 -9999.0
-9999.0 221.187501 364.185770 549.766581 699.282581 761.615032 870.449619 954.656907 986.880656 963.651935 1075.480482 1296.285234 1394.637668 1412.117611 1482.254336 1567.213550 1592.311720 1624.085802 1645.375178 1652.455974 1658.428645 1667.665588 1666.584622 1661.380638 1647.492266 1639.812123 1638.374358 1634.781478 1616.006865 1595.800589 1577.270825 1572.864675 1554.299020 1510.955833 1477.388859 1459.351045 1442.188208 1419.662515 1385.488066 1358.767483 1344.790086 1361.437325 1353.815174 1336.850844 1333.134284 1355.474002 1387.905349 1383.563472 1391.235170 1414.141066 1455.245286 1496.516431 1520.215403 1550.793321 1588.007581 1632.083588 1648.683775 1669.685189 1673.953679 1653.408038 1608.798496 1556.087897 1520.144167 1454.869488 1379.673172 1298.779975 1231.682631 1166.894690 1095.541183 1046.790473 997.830164 939.226665 882.925658 857.069472 816.368518 795.439146 -9999.0 -9999.0 -9999.0 -9999.0
-9999.0 145.635065 334.949717 596.049496 869.642962 988.653339 1192.479637 1323.025995 1384.933425 1450.334264 1444.368062 1581.189480 1617.040913 1612.591287 1608.304467 1612.162831 1627.799442 1631.889706 1628.579801 1618.712805 1609.494743 1605.575560 1604.103032 1596.842453 1584.533020 1569.194425 1555.367881 1540.877761 1500.502105 1465.709323 1429.811630 1414.136502 1375.459541 1284.131585 1240.190665 1204.388829 1148.082582 1139.789363 1131.277278 1102.310083 1082.642913 1063.613656 1084.262275 1087.360228 1089.427969 1094.507667 1112.988115 1135.995944 1180.181099 1217.400021 1263.002028 1316.614612 1352.042454 1396.445608 1444.541286 1502.488994 1535.859815 1566.969348 1613.941742 1653.529193 1676.178994 1664.811208 1635.149440 1587.588221 1514.456389 1443.052149 1388.966685 1312.043104 1244.761208 1191.661687 1147.542569 1098.205835 1033.087622 947.797377 904.126283 -9999.0 -9999.0 -9999.0 -9999.0 -9999.0
-9999.0 -27.496199 240.549180 531.658056 852.138537 1178.034122 1304.849116 1440.010685 1513.030906 1473.763127 1474.838900 1498.449336 1540.451637 1549.310297 1530.726168 1523.122407 1513.067994 1513.293144 1525.852749 1499.059344 1468.243683 1454.266030 1453.292363 1441.339456 1418.123652 1400.440245 1386.952031 1365.389154 1315.738923 1263.963941 1183.150822 1153.533888 1077.621042 1016.516059 969.311988 918.642195 866.607056 863.996278 879.758135 863.865394 841.202251 822.571780 848.798392 865.932781 877.981892 867.652108 877.445783 913.997481 964.656998 1010.427308 1063.083771 1120.358912 1168.480211 1218.304693 1252.888296 1305.878052 1354.328995 1401.845626 1476.353911 1555.800410 1592.484649 1626.734142 1659.046228 1671.820576 1617.628133 1562.569297 1504.445090 1434.239702 1344.827465 1298.839167 1277.232344 1242.838908 1190.127937 -9999.0 -9999.0 -9999.0 -9999.0 -9999.0 -9999.0 -9999.0
-9999.0 -156.175297 66.592234 302.027935 592.225119 831.674060 1023.156363 1135.317181 1216.047331 1240.541603 1269.286605 1303.204695 1335.387943 1358.788670 1337.581485 1299.770072 1271.979687 1275.831067 1272.251847 1247.517778 1217.113406 1201.633563 1199.160751 1191.731261 1166.580981 1150.909440 1138.850341 1114.678438 1078.046935 1020.087774 937.809852 865.302311 802.647785 767.935269 736.678105 702.873754 665.560023 675.219739 688.029502 683.800586 672.439056 668.900467 698.188421 717.085078 727.346697 715.549486 734.886907 762.288786 804.877623 848.808034 899.295597 956.285740 1012.070839 1044.307476 1061.683589 1091.553318 1134.369660 1190.997272 1278.725807 1374.108712 1450.930998 1500.508720 1550.370704 1581.457882 1591.447140 1600.170635 1567.527890 1473.869156 1340.471793 1342.384747 1346.766552 -9999.0 -9999.0 -9999.0 -9999.0 -9999.0 -9999.0 -9999.0 -9999.0 -9999.0
-9999.0 -9999.0 -168.295762 13.732659 159.491649 342.645920 494.725616 605.313091 690.624571 795.774445 895.851301 977.897820 1022.684408 1040.842584 1025.390745 989.075869 965.502767 965.059533 954.821918 942.316914 920.171607 911.230903 900.392201 891.894609 880.175990 873.217989 866.847987 854.236065 830.350732 781.861100 730.291591 677.558267 622.964728 596.706018 574.052929 551.560832 548.935010 545.572840 551.477660 552.710726 558.867844 571.061955 591.432853 613.210720 622.932322 631.207896 643.969607 668.022231 701.661911 744.177125 798.474550 856.568678 897.136746 911.191062 903.515902 911.169024 934.914448 981.586118 1068.353899 1156.613898 1251.993604 1323.280613 1393.723829 1443.485073 1457.215144 1469.564556 1475.185074 1390.743344 1016.763830 1261.059497 -9999.0 -9999.0 -9999.0 -9999.0 -9999.0 -9999.0 -9999.0 -9999.0 -9999.0 -9999.0
-9999.0 -9999.0 -9999.0 -9999.0 -128.707787 27.930787 124.456986 208.573656 334.964692 450.765450 547.926039 628.773896 687.533534 713.148973 705.984697 706.338897 699.867665 694.513998 685.029580 681.767759 678.343547 670.394855 657.117428 649.311910 649.072414 652.831187 649.878205 635.755453 617.961077 592.662899 570.002451 534.647284 497.706202 468.082562 454.595334 448.079872 447.830660 441.399499 450.367158 457.199202 472.206952 487.511074 511.394581 540.114459 553.416672 568.022518 577.913910 598.800744 629.331002 682.799868 746.172811 803.750453 839.326978 844.011291 819.465193 804.792097 802.723580 832.758454 881.673723 953.693112 1059.276072 1135.514551 1196.129386 1241.718412 1272.521472 1313.967172 1354.084987 1373.402201 -9999.0 -9999.0 -9999.0 -9999.0 -9999.0 -9999.0 -9999.0 -9999.0 -9999.0 -9999.0 -9999.0 -9999.0
-9999.0 -9999.0 -9999.0 -9999.0 -9999.0 -9999.0 -176.387022 -77.063990 7.229740 138.867077 261.953795 359.274507 437.053276 465.979230 488.333831 512.876637 509.701387 491.934630 473.945804 491.378367 502.968198 497.310144 468.338296 467.204510 471.136751 479.540923 477.448502 470.776336 445.423949 454.837566 454.055566 430.483634 404.080972 389.674108 377.733213 387.317381 387.692861 374.525034 375.906355 402.308907 422.287430 435.580523 457.731675 490.915363 523.104719 537.939346 539.236688 545.577417 586.485873 656.918185 728.146405 782.942188 814.951114 822.986104 795.505530 755.485684 735.231270 743.158996 779.428231 834.675473 913.663121 965.925282 996.376563 1014.629376 1037.145056 1127.365550 -9999.0 -9999.0 -9999.0 -9999.0 -9999.0 -9999.0 -9999.0 -9999.0 -9999.0 -9999.0 -9999.0 -9999.0 -9999.0 -9999.0
-9999.0 -9999.0 -9999.0 -9999.0 -9999.0 -9999.0 -9999.0 -9999.0 -9999.0 -9999.0 -9999.0 -9999.0 -9999.0 -9999.0 -9999.0 -9999.0 -9999.0 -9999.0 -9999.0 -9999.0 -9999.0 -9999.0 -9999.0 -9999.0 -9999.0 -9999.0 -9999.0 -9999.0 -9999.0 -9999.0 -9999.0 -9999.0 -9999.0 -9999.0 -9999.0 -9999.0 -9999.0 -9999.0 -9999.0 -9999.0 -9999.0 -9999.0 -9999.0 -9999.0 -9999.0 -9999.0 -9999.0 -9999.0 -9999.0 -9999.0 -9999.0 -9999.0 -9999.0 -9999.0 -9999.0 -9999.0 -9999.0 -9999.0 -9999.0 -9999.0 -9999.0 -9999.0 -9999.0 -9999.0 -9999.0 -9999.0 -9999.0 -9999.0 -9999.0 -9999.0 -9999.0 -9999.0 -9999.0 -9999.0 -9999.0 -9999.0 -9999.0 -9999.0 -9999.0 -9999.0
-9999.0 -9999.0 -9999.0 -9999.0 -9999.0 -9999.0 -9999.0 -9999.0 -9999.0 -9999.0 -9999.0 -9999.0 -9999.0 -9999.0 -9999.0 -9999.0 -9999.0 -9999.0 -9999.0 -9999.0 -9999.0 -9999.0 -9999.0 -9999.0 -9999.0 -9999.0 -9999.0 -9999.0 -9999.0 -9999.0 -9999.0 -9999.0 -9999.0 -9999.0 -9999.0 -9999.0 -9999.0 -9999.0 -9999.0 -9999.0 -9999.0 -9999.0 -9999.0 -9999.0 -9999.0 -9999.0 -9999.0 -9999.0 -9999.0 -9999.0 -9999.0 -9999.0 -9999.0 -9999.0 -9999.0 -9999.0 -9999.0 -9999.0 -9999.0 -9999.0 -9999.0 -9999.0 -9999.0 -9999.0 -9999.0 -9999.0 -9999.0 -9999.0 -9999.0 -9999.0 -9999.0 -9999.0 -9999.0 -9999.0 -9999.0 -9999.0 -9999.0 -9999.0 -9999.0 -9999.0