Borden_/Borden1m_014/output_maps/psiliqL0019N0035.asc
ncols         80
nrows         18
xllcorner     620200.000000
yllcorner     5168000.000000
cellsize      1.000000
NODATA_value  -9999.0
-9999.0 -9999.0 -9999.0 -9999.0 -9999.0 -9999.0 -9999.0 -9999.0 -9999.0 -9999.0 -9999.0 -9999.0 -9999.0 -9999.0 -9999.0 -9999.0 -9999.0 -9999.0 -9999.0 -9999.0 -9999.0 -9999.0 -9999.0 -9999.0 -9999.0 -9999.0 -9999.0 -9999.0 -9999.0 -9999.0 -9999.0 -9999.0 -9999.0 -9999.0 -9999.0 -9999.0 -9999.0 -9999.0 -9999.0 -9999.0 -9999.0 -9999.0 -9999.0 -9999.0 -9999.0 -9999.0 -9999.0 -9999.0 -9999.0 -9999.0 -9999.0 -9999.0 -9999.0 -9999.0 -9999.0 -9999.0 -9999.0 -9999.0 -9999.0 -9999.0 -9999.0 -9999.0 -9999.0 -9999.0 -9999.0 -9999.0 -9999.0 -9999.0 -9999.0 -9999.0 -9999.0 -9999.0 -9999.0 -9999.0 -9999.0 -9999.0 -9999.0 -9999.0 -9999.0 -9999.0
-9999.0 -9999.0 -9999.0 -9999.0 -9999.0 -9999.0 -9999.0 -9999.0 -9999.0 -9999.0 -9999.0 -9999.0 -9999.0 -9999.0 -9999.0 -9999.0 -9999.0 -9999.0 -9999.0 -9999.0 -9999.0 -9999.0 -9999.0 -9999.0 -9999.0 -9999.0 -9999.0 -9999.0 -9999.0 -9999.0 -9999.0 -9999.0 -9999.0 -9999.0 -9999.0 -9999.0 -9999.0 -9999.0 -9999.0 -9999.0 -9999.0 -9999.0 -9999.0 -9999.0 -9999.0 -9999.0 -9999.0 -9999.0 -9999.0 -9999.0 -9999.0 -9999.0 -9999.0 -9999.0 -9999.0 -9999.0 -9999.0 -9999.0 -9999.0 -9999.0 -9999.0 -9999.0 -9999.0 -9999.0 -9999.0 -9999.0 -9999.0 -9999.0 -9999.0 -9999.0 -9999.0 -9999.0 -9999.0 -9999.0 -9999.0 -9999.0 -9999.0 -9999.0 -9999.0 -9999.0
-9999.0 -9999.0 -9999.0 -9999.0 -9999.0 -9999.0 -9999.0 -9999.0 -9999.0 -9999.0 -9999.0 -9999.0 -9999.0 -9999.0 -9999.0 -9999.0 -9999.0 -9999.0 -9999.0 -9999.0 1955.753644 1958.381461 1937.699643 1905.404819 1879.137263 1883.156617 1919.103576 1962.197150 2003.000215 2014.030063 1997.688652 2002.562367 1999.635457 1998.321857 2001.082918 2009.565527 2016.209819 2028.035251 2037.342126 2037.823881 2032.863267 2029.138015 2031.188674 2033.799517 2039.108408 2025.708466 2038.972245 2052.516406 2055.064150 2048.194874 2019.707595 2002.835566 1991.342752 1972.938599 1995.557622 2004.751311 2025.061375 2027.002690 2023.196430 1994.884588 1963.919416 -9999.0 -9999.0 -9999.0 -9999.0 -9999.0 -9999.0 -9999.0 -9999.0 -9999.0 -9999.0 -9999.0 -9999.0 -9999.0 -9999.0 -9999.0 -9999.0 -9999.0 -9999.0 -9999.0
-9999.0 -9999.0 -9999.0 -9999.0 -9999.0 -9999.0 -9999.0 -9999.0 -9999.0 -9999.0 -9999.0 -9999.0 -9999.0 -9999.0 1861.151029 1853.042446 1851.872804 1861.586222 1896.334449 1927.778580 1939.915603 1933.672737 1935.171425 1912.887771 1893.322840 1908.866727 1940.704671 1974.023509 2010.272849 2031.494110 2022.459295 2022.004722 2032.166558 2056.516173 2068.469206 2066.524795 2048.957941 2074.338073 2090.703339 2099.314069 2100.022529 2092.489105 2104.265189 2119.257003 2111.784203 2094.451624 2100.624528 2111.749469 2120.763542 2106.606660 2042.274009 2023.093962 2016.192202 2007.710651 1991.340563 1983.528397 2007.638014 2004.899470 1994.803805 1975.293300 1940.947634 1895.537587 1875.258416 1912.822315 1954.690505 2009.894931 -9999.0 -9999.0 -9999.0 -9999.0 -9999.0 -9999.0 -9999.0 -9999.0 -9999.0 -9999.0 -9999.0 -9999.0 -9999.0 -9999.0
-9999.0 -9999.0 -9999.0 -9999.0 -9999.0 -9999.0 -9999.0 -9999.0 -9999.0 1798.647480 1804.868436 1813.684076 1817.993139 1835.202371 1833.587377 1842.328934 1850.122977 1879.276135 1911.590622 1947.759514 1977.249976 1970.184045 1971.804243 1981.211555 1983.007261 1995.600483 2019.302706 2061.109677 2099.345526 2140.140213 2111.861806 2110.541661 2130.588657 2176.268393 2205.725835 2211.266708 2194.184523 2207.837859 2234.052379 2255.455973 2255.840480 2253.553545 2278.988173 2293.294247 2290.690717 2269.055911 2260.248653 2261.453759 2285.682742 2232.176650 2163.614982 2115.628063 2121.649528 2092.909854 2057.512070 2038.119709 2034.034204 2051.846670 2035.511813 1997.030959 1959.876861 1946.442769 1926.938023 1943.233529 1963.475964 2007.288087 2044.309355 2070.866975 2068.161357 2049.277264 -9999.0 -9999.0 -9999.0 -9999.0 -9999.0 -9999.0 -9999.0 -9999.0 -9999.0 -9999.0
-9999.0 -9999.0 -9999.0 -9999.0 -9999.0 -9999.0 1717.161379 1728.339236 1750.473162 1755.780322 1783.431738 1792.033125 1814.301717 1835.103031 1859.005024 1876.417476 1906.934842 1941.077706 1982.143020 2025.381266 2058.432838 2053.091542 2064.230710 2091.903735 2127.853619 2155.042602 2181.785203 2223.502317 2300.289011 2342.289469 2345.730729 2350.769595 2361.240249 2411.338127 2475.464682 2488.197989 2468.859727 2456.493448 2479.894064 2518.574468 2523.375016 2525.628016 2539.572183 2550.021222 2575.522761 2563.935475 2522.723200 2509.916525 2509.711123 2488.422388 2421.787777 2358.405808 2327.868635 2276.284676 2191.889224 2139.608444 2150.207920 2169.233107 2140.140250 2085.308418 2044.408133 2032.657049 2015.984426 2002.103647 2007.738640 2025.083424 2044.627408 2053.547014 2038.011459 2014.563619 1990.209211 1960.066117 1960.948564 1985.219405 -9999.0 -9999.0 -9999.0 -9999.0 -9999.0 -9999.0
-9999.0 -9999.0 -9999.0 -9999.0 1665.184883 1679.334814 1667.731669 1695.247729 1729.901151 1766.219240 1798.881529 1836.582885 1865.290475 1897.216129 1937.594190 1969.992863 2010.972388 2047.012996 2101.679774 2170.031185 2221.495915 2244.026842 2259.369003 2317.043996 2378.331840 2430.844925 2453.465276 2482.875021 2530.419381 2591.407512 2618.619987 2625.213368 2643.318807 2682.015583 2732.908912 2768.814797 2752.684882 2745.364062 2754.236828 2768.536573 2793.389367 2795.886039 2798.536249 2801.869003 2807.106485 2804.633054 2777.682322 2742.265972 2724.891203 2713.304986 2678.524198 2606.368242 2567.938136 2535.584263 2495.486368 2440.247036 2380.236534 2368.426782 2309.709378 2250.108551 2189.375159 2169.294126 2138.905457 2113.250662 2084.789450 2085.985340 2087.791790 2064.799532 2029.340399 1994.796365 1978.029563 1957.811944 1945.215100 1974.498770 1991.138726 2020.413507 -9999.0 -9999.0 -9999.0 -9999.0
-9999.0 -9999.0 1603.472022 1651.795371 1710.412614 1720.183894 1720.262996 1727.790074 1758.597143 1812.946389 1886.704914 1935.029270 1975.525994 2011.746130 2071.959539 2147.372177 2217.669077 2266.516841 2329.562864 2402.297814 2466.061104 2498.960564 2515.694554 2557.505364 2613.784366 2680.018862 2709.036752 2737.301339 2772.882559 2809.556946 2814.558205 2827.839542 2837.802747 2844.198470 2853.051158 2856.573580 2851.550922 2846.140096 2827.663983 2823.893769 2831.614951 2839.088713 2840.043062 2826.333694 2822.239904 2835.889509 2840.040854 2837.710035 2835.214485 2840.964830 2840.721635 2797.290532 2766.476216 2749.284380 2734.419806 2687.288366 2619.856047 2579.617897 2555.353711 2508.521713 2429.360647 2379.684705 2329.678115 2282.713772 2230.602689 2201.285537 2154.418588 2110.283566 2061.661354 2013.448907 1988.484277 1969.812457 1966.494437 1965.174198 1980.664743 1994.998332 2009.628217 2017.023481 -9999.0 -9999.0
-9999.0 1497.002671 1569.437016 1695.050177 1776.153836 1820.407535 1846.304499 1865.273781 1896.763241 1929.634827 2030.727873 2107.914504 2199.010230 2240.202734 2290.583861 2388.487183 2485.799253 2535.803234 2577.584041 2639.093216 2703.526993 2755.411902 2785.718530 2786.542528 2823.972050 2844.477834 2850.167002 2855.580367 2854.153805 2846.609213 2838.823290 2844.759537 2840.215881 2819.878057 2802.434440 2798.376946 2792.154535 2766.789571 2736.153043 2720.503504 2722.410119 2748.065051 2734.323151 2713.247060 2709.402669 2731.266862 2753.354471 2744.341668 2731.548944 2751.170621 2786.882206 2810.941312 2818.321564 2835.889438 2856.574032 2829.239745 2802.668852 2758.609462 2736.011454 2705.370060 2644.704719 2583.170276 2526.703911 2464.174281 2397.544596 2331.137850 2267.180705 2203.695358 2136.843530 2094.672296 2063.339793 2014.299436 1994.934973 1996.937990 1987.976025 1984.227259 1989.138970 1994.939610 -9999.0 -9999.0
-9999.0 1410.313337 1551.872808 1734.901676 1883.334534 1937.983508 2027.362468 2101.537883 2128.846155 2095.079282 2203.990298 2425.490856 2541.237118 2563.327557 2639.800021 2736.017395 2744.588889 2779.335219 2803.977393 2821.656442 2836.142150 2849.465321 2849.414900 2845.239860 2830.698839 2822.913639 2821.111520 2817.566614 2798.827732 2778.263274 2759.354966 2753.548622 2731.043695 2682.362489 2646.866982 2627.251534 2608.103719 2589.339949 2558.576178 2531.251772 2514.098421 2527.855378 2524.073534 2507.620001 2503.881824 2526.117362 2557.606584 2555.629375 2567.491044 2589.595249 2629.648688 2670.815531 2694.721797 2726.656972 2766.327472 2813.487573 2827.409503 2849.686154 2853.140605 2836.343826 2789.162014 2732.088947 2695.129043 2629.421227 2554.960520 2473.360085 2406.075203 2341.344325 2270.297844 2224.588424 2178.944395 2122.918456 2072.827534 2054.738379 2016.133919 1997.455004 -9999.0 -9999.0 -9999.0 -9999.0
-9999.0 1322.194125 1507.212448 1758.811067 2043.788433 2142.033759 2348.525056 2477.033694 2532.464710 2605.365575 2550.325598 2726.405915 2775.837301 2775.307110 2783.554642 2790.203959 2807.619360 2811.409581 2808.595042 2799.088872 2790.515585 2786.861856 2785.971591 2778.434387 2765.716830 2749.852270 2733.606353 2719.042481 2679.149762 2643.896538 2604.253080 2587.940760 2545.285109 2450.034072 2406.344743 2367.181188 2307.285875 2303.052104 2301.181944 2273.277287 2253.937226 2229.780455 2254.691181 2262.607328 2266.134696 2266.328237 2280.983898 2308.503768 2356.011846 2393.715817 2438.486286 2491.868236 2529.201396 2573.800695 2619.466043 2676.387433 2711.439503 2744.086601 2795.296612 2834.646900 2857.677259 2843.583737 2815.921635 2764.169487 2686.641695 2616.619876 2562.458963 2484.288815 2418.176653 2365.421750 2319.681263 2270.634170 2208.677309 2139.894553 2100.434539 -9999.0 -9999.0 -9999.0 -9999.0 -9999.0
-9999.0 1125.582103 1391.941699 1671.765457 1971.521561 2307.058115 2459.434197 2579.028084 2652.502457 2630.359118 2647.864238 2667.210740 2713.387117 2724.760894 2705.701864 2696.376046 2683.826623 2684.187017 2697.426198 2670.811943 2640.994530 2627.337852 2626.894121 2614.963877 2590.797318 2573.671157 2561.985459 2539.996621 2490.010760 2436.879625 2352.092118 2317.983694 2238.872950 2188.525755 2145.620339 2095.424424 2045.358238 2045.580411 2064.985871 2051.992821 2030.232602 2012.194620 2039.942020 2059.675824 2072.820235 2060.147729 2069.039308 2105.110977 2154.931015 2199.689585 2249.644480 2304.929831 2351.607426 2398.772403 2429.714271 2479.016047 2529.341219 2577.304180 2651.746565 2732.619113 2772.740584 2807.664856 2836.813791 2849.377914 2791.759683 2737.487741 2678.098179 2610.051104 2530.684297 2481.119084 2453.779697 2413.154216 2359.723496 -9999.0 -9999.0 -9999.0 -9999.0 -9999.0 -9999.0 -9999.0
-9999.0 1004.772243 1213.774170 1428.856486 1700.483841 1936.823658 2144.397549 2249.013022 2329.229726 2382.522648 2428.351907 2467.314550 2500.090637 2525.215206 2506.231202 2464.779673 2435.425324 2440.030117 2433.907709 2410.704457 2381.340727 2366.490124 2363.184885 2356.320875 2332.410325 2318.520416 2307.823792 2284.518704 2252.848796 2196.741292 2118.599131 2044.050476 1984.745933 1956.330192 1927.979509 1896.300858 1863.173434 1873.563046 1885.343471 1882.976420 1873.827539 1871.971337 1901.046516 1920.419597 1930.648977 1919.893227 1939.476736 1965.851089 2007.176891 2051.056300 2100.702568 2156.040852 2210.167482 2238.867972 2251.488385 2274.877572 2313.305015 2366.558748 2452.056613 2547.681490 2626.994336 2675.734356 2726.214470 2759.513248 2769.814709 2771.635189 2740.950720 2658.619533 2557.493062 2535.768942 2532.114520 -9999.0 -9999.0 -9999.0 -9999.0 -9999.0 -9999.0 -9999.0 -9999.0 -9999.0
-9999.0 -9999.0 983.494934 1151.706211 1274.878588 1448.692118 1596.836759 1707.207934 1802.494910 1928.397798 2041.813646 2131.375026 2177.873887 2196.434189 2183.953834 2153.992792 2134.630762 2134.463957 2123.500346 2113.815705 2095.193575 2087.449718 2075.102400 2066.507351 2057.889524 2053.248205 2048.008932 2036.848826 2015.529223 1969.350504 1923.534874 1873.546428 1821.563184 1796.383918 1774.818774 1754.040033 1753.889556 1749.103582 1754.255955 1756.059423 1763.768309 1776.862191 1796.748817 1819.165472 1829.191550 1838.913542 1851.494798 1875.348276 1908.487893 1951.309886 2005.990271 2064.833551 2105.624504 2118.924831 2109.245745 2113.665248 2132.498297 2173.471474 2251.273307 2333.212156 2428.803653 2499.526053 2569.941592 2619.670414 2632.463405 2643.462004 2652.193722 2601.930052 2481.525511 2491.267939 -9999.0 -9999.0 -9999.0 -9999.0 -9999.0 -9999.0 -9999.0 -9999.0 -9999.0 -9999.0
-9999.0 -9999.0 -9999.0 -9999.0 1011.852095 1164.223329 1261.956954 1344.635141 1475.990629 1600.547543 1703.647283 1789.171349 1854.259064 1881.748840 1880.073708 1889.560848 1886.362263 1879.269621 1868.991387 1869.420385 1869.716463 1862.256396 1846.917554 1839.550717 1840.948705 1846.263332 1843.374886 1829.373880 1810.853542 1790.158977 1771.377821 1737.570372 1702.274312 1673.119708 1659.863113 1654.579156 1654.131087 1646.676861 1655.089996 1662.810476 1678.190279 1693.367805 1717.052175 1746.296391 1760.526921 1775.578058 1785.413504 1805.912939 1836.666497 1890.521976 1954.645329 2013.433395 2050.647732 2055.960766 2032.335169 2017.270667 2013.483806 2041.050763 2084.596771 2149.565493 2249.715636 2321.430000 2374.967393 2415.981268 2444.963806 2486.117095 2530.199622 2561.730347 -9999.0 -9999.0 -9999.0 -9999.0 -9999.0 -9999.0 -9999.0 -9999.0 -9999.0 -9999.0 -9999.0 -9999.0
-9999.0 -9999.0 -9999.0 -9999.0 -9999.0 -9999.0 977.320281 1080.466174 1157.345766 1300.586971 1435.976089 1539.765218 1621.655725 1655.318767 1684.466387 1712.646426 1711.687198 1692.789145 1672.806918 1692.158241 1707.228559 1700.939217 1670.100053 1670.016486 1675.191812 1682.986115 1680.319572 1673.653290 1648.296351 1660.811506 1662.103257 1638.651955 1612.526779 1598.735963 1586.704402 1596.142431 1596.117917 1582.110991 1582.074912 1609.113919 1629.564549 1642.607917 1664.194516 1697.454923 1729.993878 1745.592611 1747.181649 1753.345542 1792.979250 1863.483349 1935.974142 1992.447340 2026.031870 2035.025918 2009.027905 1969.751176 1950.101636 1957.548819 1992.190366 2043.801172 2118.311974 2165.562726 2187.760571 2196.761281 2210.708880 2299.589714 -9999.0 -9999.0 -9999.0 -9999.0 -9999.0 -9999.0 -9999.0 -9999.0 -9999.0 -9999.0 -9999.0 -9999.0 -9999.0 -9999.0
-9999.0 -9999.0 -9999.0 -9999.0 -9999.0 -9999.0 -9999.0 -9999.0 -9999.0 -9999.0 -9999.0 -9999.0 -9999.0 -9999.0 -9999.0 -9999.0 -9999.0 -9999.0 -9999.0 -9999.0 -9999.0 -9999.0 -9999.0 -9999.0 -9999.0 -9999.0 -9999.0 -9999.0 -9999.0 -9999.0 -9999.0 -9999.0 -9999.0 -9999.0 -9999.0 -9999.0 -9999.0 -9999.0 -9999.0 -9999.0 -9999.0 -9999.0 -9999.0 -9999.0 -9999.0 -9999.0 -9999.0 -9999.0 -9999.0 -9999.0 -9999.0 -9999.0 -9999.0 -9999.0 -9999.0 -9999.0 -9999.0 -9999.0 -9999.0 -9999.0 -9999.0 -9999.0 -9999.0 -9999.0 -9999.0 -9999.0 -9999.0 -9999.0 -9999.0 -9999.0 -9999.0 -9999.0 -9999.0 -9999.0 -9999.0 -9999.0 -9999.0 -9999.0 -9999.0 -9999.0
-9999.0 -9999.0 -9999.0 -9999.0 -9999.0 -9999.0 -9999.0 -9999.0 -9999.0 -9999.0 -9999.0 -9999.0 -9999.0 -9999.0 -9999.0 -9999.0 -9999.0 -9999.0 -9999.0 -9999.0 -9999.0 -9999.0 -9999.0 -9999.0 -9999.0 -9999.0 -9999.0 -9999.0 -9999.0 -9999.0 -9999.0 -9999.0 -9999.0 -9999.0 -9999.0 -9999.0 -9999.0 -9999.0 -9999.0 -9999.0 -9999.0 -9999.0 -9999.0 -9999.0 -9999.0 -9999.0 -9999.0 -9999.0 -9999.0 -9999.0 -9999.0 -9999.0 -9999.0 -9999.0 -9999.0 -9999.0 -9999.0 -9999.0 -9999.0 -9999.0 -9999.0 -9999.0 -9999.0 -9999.0 -9999.0 -9999.0 -9999.0 -9999.0 -9999.0 -9999.0 -9999.0 -9999.0 -9999.0 -9999.0 -9999.0 -9999.0 -9999.0 -9999.0 -9999.0 -9999.0