Borden_/Borden1m_014/output_maps/psiliqL0004N0039.asc
ncols         80
nrows         18
xllcorner     620200.000000
yllcorner     5168000.000000
cellsize      1.000000
NODATA_value  -9999.0
-9999.0 -9999.0 -9999.0 -9999.0 -9999.0 -9999.0 -9999.0 -9999.0 -9999.0 -9999.0 -9999.0 -9999.0 -9999.0 -9999.0 -9999.0 -9999.0 -9999.0 -9999.0 -9999.0 -9999.0 -9999.0 -9999.0 -9999.0 -9999.0 -9999.0 -9999.0 -9999.0 -9999.0 -9999.0 -9999.0 -9999.0 -9999.0 -9999.0 -9999.0 -9999.0 -9999.0 -9999.0 -9999.0 -9999.0 -9999.0 -9999.0 -9999.0 -9999.0 -9999.0 -9999.0 -9999.0 -9999.0 -9999.0 -9999.0 -9999.0 -9999.0 -9999.0 -9999.0 -9999.0 -9999.0 -9999.0 -9999.0 -9999.0 -9999.0 -9999.0 -9999.0 -9999.0 -9999.0 -9999.0 -9999.0 -9999.0 -9999.0 -9999.0 -9999.0 -9999.0 -9999.0 -9999.0 -9999.0 -9999.0 -9999.0 -9999.0 -9999.0 -9999.0 -9999.0 -9999.0
-9999.0 -9999.0 -9999.0 -9999.0 -9999.0 -9999.0 -9999.0 -9999.0 -9999.0 -9999.0 -9999.0 -9999.0 -9999.0 -9999.0 -9999.0 -9999.0 -9999.0 -9999.0 -9999.0 -9999.0 -9999.0 -9999.0 -9999.0 -9999.0 -9999.0 -9999.0 -9999.0 -9999.0 -9999.0 -9999.0 -9999.0 -9999.0 -9999.0 -9999.0 -9999.0 -9999.0 -9999.0 -9999.0 -9999.0 -9999.0 -9999.0 -9999.0 -9999.0 -9999.0 -9999.0 -9999.0 -9999.0 -9999.0 -9999.0 -9999.0 -9999.0 -9999.0 -9999.0 -9999.0 -9999.0 -9999.0 -9999.0 -9999.0 -9999.0 -9999.0 -9999.0 -9999.0 -9999.0 -9999.0 -9999.0 -9999.0 -9999.0 -9999.0 -9999.0 -9999.0 -9999.0 -9999.0 -9999.0 -9999.0 -9999.0 -9999.0 -9999.0 -9999.0 -9999.0 -9999.0
-9999.0 -9999.0 -9999.0 -9999.0 -9999.0 -9999.0 -9999.0 -9999.0 -9999.0 -9999.0 -9999.0 -9999.0 -9999.0 -9999.0 -9999.0 -9999.0 -9999.0 -9999.0 -9999.0 -9999.0 -606.439096 -604.633740 -609.996015 -616.562846 -621.908394 -622.262485 -616.098465 -608.591151 -600.338872 -598.358604 -604.046885 -603.023501 -605.086127 -605.989212 -605.796305 -604.167067 -603.415942 -600.715064 -598.859664 -599.346611 -601.186041 -602.637736 -603.567476 -602.950677 -601.114676 -603.793015 -599.725831 -595.428556 -593.725296 -594.310557 -600.724054 -603.719343 -604.970186 -609.276748 -601.452402 -598.525484 -592.037111 -591.077901 -590.461951 -597.767907 -605.120389 -9999.0 -9999.0 -9999.0 -9999.0 -9999.0 -9999.0 -9999.0 -9999.0 -9999.0 -9999.0 -9999.0 -9999.0 -9999.0 -9999.0 -9999.0 -9999.0 -9999.0 -9999.0 -9999.0
-9999.0 -9999.0 -9999.0 -9999.0 -9999.0 -9999.0 -9999.0 -9999.0 -9999.0 -9999.0 -9999.0 -9999.0 -9999.0 -9999.0 -619.362538 -621.933438 -623.058868 -623.202754 -617.631039 -612.842589 -611.758531 -614.371948 -612.817040 -618.482265 -623.408223 -620.386185 -615.326832 -610.393470 -603.342835 -598.313086 -602.448259 -603.460085 -600.922114 -592.691462 -588.605123 -589.996512 -598.546888 -590.289279 -585.327290 -582.136883 -582.540288 -586.351237 -580.552144 -573.904816 -576.953782 -584.036374 -582.771087 -578.593227 -572.126458 -576.768089 -599.379555 -603.213082 -602.656262 -602.937905 -606.169210 -608.193744 -600.172691 -600.716148 -602.387594 -605.081976 -611.149163 -619.896445 -623.545061 -615.065664 -606.355438 -590.626442 -9999.0 -9999.0 -9999.0 -9999.0 -9999.0 -9999.0 -9999.0 -9999.0 -9999.0 -9999.0 -9999.0 -9999.0 -9999.0 -9999.0
-9999.0 -9999.0 -9999.0 -9999.0 -9999.0 -9999.0 -9999.0 -9999.0 -9999.0 -625.493174 -625.901111 -625.042786 -626.328288 -623.829895 -626.914056 -625.899386 -626.056761 -622.136236 -618.196691 -612.286564 -605.555259 -609.669864 -610.132621 -606.858068 -605.980418 -603.907835 -599.918243 -588.446781 -574.781751 -556.292668 -570.395305 -571.044653 -562.282503 -533.202066 -504.775176 -495.448385 -510.843673 -510.231293 -489.993974 -464.896504 -462.155568 -463.228899 -436.696056 -421.739006 -413.366368 -434.570994 -459.838559 -464.117870 -437.638530 -488.639828 -534.088296 -565.846681 -565.156148 -577.665761 -591.725772 -597.555358 -598.963547 -590.131028 -594.154250 -603.781309 -611.873756 -611.104963 -615.087265 -611.021102 -607.077209 -594.695179 -583.417680 -573.205489 -572.736508 -578.989067 -9999.0 -9999.0 -9999.0 -9999.0 -9999.0 -9999.0 -9999.0 -9999.0 -9999.0 -9999.0
-9999.0 -9999.0 -9999.0 -9999.0 -9999.0 -9999.0 -632.017445 -632.001537 -630.183091 -633.800103 -630.235496 -631.801768 -629.015005 -627.296336 -625.021039 -624.061750 -619.080594 -614.111045 -606.201090 -596.014317 -586.984304 -590.202466 -587.606963 -575.135651 -553.183795 -533.246801 -518.909967 -490.667836 -408.926388 -352.208357 -330.981151 -321.976023 -311.779299 -276.480295 -219.431006 -201.631901 -221.014208 -235.704662 -215.686393 -171.127011 -103.243105 -99.813755 -93.832496 -86.645746 -60.383007 -66.738615 -164.233727 -194.654324 -206.280534 -218.201174 -266.370426 -317.860868 -370.561833 -429.429450 -505.609201 -543.557830 -548.341268 -541.932414 -557.857500 -578.935768 -592.272025 -593.468550 -596.515391 -600.786018 -598.718028 -593.387405 -585.804024 -581.355831 -584.965937 -590.357947 -595.206049 -602.978579 -601.986662 -594.596679 -9999.0 -9999.0 -9999.0 -9999.0 -9999.0 -9999.0
-9999.0 -9999.0 -9999.0 -9999.0 -639.329181 -637.227759 -642.992613 -639.301191 -636.034912 -633.187023 -631.947165 -627.268289 -625.055150 -621.217882 -613.960357 -607.465757 -597.229886 -588.676547 -568.814310 -531.926089 -493.417233 -466.569270 -445.860563 -369.489904 -306.342135 -262.371850 -244.530558 -216.764510 -167.556549 -53.810082 -26.086427 -17.843291 -4.244672 23.616578 58.401121 91.346661 74.351161 70.141709 73.559843 81.552936 106.480431 107.462679 108.381932 108.537329 110.608840 112.039609 90.940687 60.222863 46.275031 9.961589 21.092440 -38.590273 -135.779370 -173.644133 -199.619478 -243.862760 -306.673844 -332.775390 -398.683342 -460.731953 -519.676194 -538.047983 -555.913436 -566.328128 -578.476298 -576.842517 -574.148388 -580.538893 -589.388286 -597.881427 -600.004917 -603.975943 -607.330435 -598.150089 -594.000354 -583.829265 -9999.0 -9999.0 -9999.0 -9999.0
-9999.0 -9999.0 -640.907925 -639.739011 -633.382791 -636.113737 -637.926953 -640.378479 -638.388661 -631.679180 -619.018023 -611.678720 -602.160169 -596.048696 -576.447979 -532.723032 -472.919796 -419.601895 -347.763356 -289.547247 -233.892789 -190.889281 -128.756346 -75.331283 -30.504423 -11.958083 38.059032 33.571399 84.864664 112.380280 136.808489 153.779850 157.239427 152.796222 150.280616 150.275452 147.341740 143.072082 127.559748 125.232585 132.396297 135.030840 138.348123 126.197966 122.396742 134.710102 136.360922 136.869577 138.941582 145.135587 157.598012 127.960360 74.828929 62.885371 58.955928 21.528542 -47.238493 -132.979028 -160.572971 -201.184233 -277.996558 -323.508998 -378.536575 -442.745596 -499.323120 -525.088826 -550.021016 -566.031898 -581.000164 -594.585072 -599.579744 -602.903121 -601.843789 -602.497908 -597.482215 -593.213372 -587.792735 -585.452906 -9999.0 -9999.0
-9999.0 -644.032739 -644.695206 -633.076273 -628.780271 -625.023664 -620.650908 -616.915284 -613.005093 -614.721910 -582.463162 -525.517169 -457.752096 -426.558868 -359.364415 -261.711452 -112.699391 -76.401278 -53.050544 -8.899611 35.346890 65.798785 101.979122 133.647211 158.779115 151.741658 151.699781 148.636437 142.105507 134.175627 124.208154 131.790127 130.409004 115.395399 103.629900 102.428884 94.510730 73.709798 49.484439 37.405258 42.448039 63.574914 53.458647 33.574433 29.723159 49.230651 64.235377 55.873605 42.471461 34.262237 90.816845 108.563024 124.882692 138.381154 159.288507 136.532356 104.130355 66.671692 53.265318 27.183414 -74.401368 -141.335358 -194.796695 -259.423420 -316.618234 -385.338217 -458.950457 -511.451988 -548.733533 -563.836903 -573.723032 -591.462627 -596.969298 -594.202236 -596.610352 -596.963106 -594.716864 -592.831071 -9999.0 -9999.0
-9999.0 -653.747420 -643.543645 -629.278876 -610.135683 -602.992983 -555.136370 -509.085547 -488.919428 -509.989960 -392.892869 -110.635394 -47.752335 -43.200465 8.639781 77.808338 119.354549 142.804176 154.731726 148.756081 141.632505 142.757276 140.406912 131.577639 117.920782 111.833134 110.986900 109.475017 92.007128 74.155269 58.703339 57.699539 44.269097 9.984790 -30.974870 -52.434270 -95.832545 -123.575405 -159.181683 -184.855114 -196.458364 -175.771144 -187.025875 -206.242813 -210.127110 -186.061313 -153.526967 -160.653876 -157.779849 -136.118873 -89.654531 -9.332624 12.991194 38.070993 71.874877 109.367245 127.774849 146.757894 153.833586 128.847798 90.439747 44.954534 15.303241 -89.619920 -166.796131 -247.479807 -300.887913 -343.424033 -410.287846 -462.330674 -506.840066 -542.932136 -568.962170 -576.507962 -589.499733 -593.323094 -9999.0 -9999.0 -9999.0 -9999.0
-9999.0 -655.190114 -644.794480 -619.152652 -557.920176 -477.186056 -310.640993 -173.656910 -29.464354 -47.102872 59.757780 137.772651 146.921493 131.670919 106.768509 103.698306 113.583986 115.679533 110.902516 102.380800 90.141996 63.814788 86.303615 78.741105 66.723064 53.571502 41.837115 30.439746 -51.389210 -89.484188 -118.354503 -133.246643 -165.318536 -250.208440 -287.181883 -310.627370 -363.756497 -380.242731 -397.950356 -432.025325 -451.747495 -464.919604 -448.401869 -451.434464 -452.261146 -441.962663 -417.666297 -398.071095 -351.204584 -318.267328 -282.825861 -231.105453 -197.030987 -153.717348 -100.404381 -2.777544 26.903649 51.606712 93.516861 129.892719 150.499817 142.743721 114.099644 78.759727 18.911154 -96.844990 -153.682468 -227.214405 -283.301032 -319.880031 -347.341174 -395.999467 -471.423079 -538.416468 -556.304836 -9999.0 -9999.0 -9999.0 -9999.0 -9999.0
-9999.0 -669.532247 -646.238817 -624.343888 -527.858428 -295.457601 -200.624791 41.740052 103.280185 31.699159 -50.201203 24.228871 55.852241 58.921381 33.723374 19.862237 19.611446 19.006103 29.527023 -16.394027 -76.693686 -94.245329 -95.049249 -106.908490 -128.525373 -146.300455 -160.213082 -181.290594 -235.460909 -279.344718 -335.867138 -361.884834 -441.527879 -505.906567 -535.882647 -559.781609 -582.006464 -581.994341 -575.492589 -581.897028 -589.085678 -595.916502 -587.320690 -582.913441 -579.161167 -583.334365 -581.210303 -568.862264 -547.984868 -525.195451 -487.755470 -430.579251 -376.629782 -321.851682 -292.410780 -239.185945 -192.502120 -145.731081 -69.389442 45.267354 73.635049 104.324001 139.959080 158.130907 118.445487 77.927902 16.495429 -97.781086 -200.887505 -244.972467 -260.965850 -280.787491 -319.143673 -9999.0 -9999.0 -9999.0 -9999.0 -9999.0 -9999.0 -9999.0
-9999.0 -677.210153 -653.118570 -647.167302 -610.691069 -536.376966 -410.061187 -294.196310 -144.562631 -242.267102 -254.087676 -226.135131 -195.581406 -174.227327 -198.144256 -233.031294 -256.873703 -253.747290 -253.359201 -276.956381 -303.928761 -315.306118 -315.883262 -322.918929 -350.584751 -371.645766 -386.251302 -413.157952 -454.597849 -503.657258 -554.147865 -579.906262 -598.512298 -606.163140 -611.698370 -617.317926 -625.925838 -621.848471 -618.282921 -619.230604 -621.951716 -623.698320 -617.232098 -614.347457 -612.208077 -617.267183 -613.077337 -608.324431 -598.804894 -588.626731 -574.582583 -554.578608 -528.925863 -508.723928 -493.446197 -460.920125 -409.897840 -340.208588 -267.084673 -170.326386 -96.838041 -15.702847 41.692792 72.875333 90.780518 95.411335 100.832547 52.411480 -173.553363 -209.598198 -212.208407 -9999.0 -9999.0 -9999.0 -9999.0 -9999.0 -9999.0 -9999.0 -9999.0 -9999.0
-9999.0 -9999.0 -682.737996 -672.140869 -662.767490 -650.912957 -633.625393 -612.555020 -595.249303 -573.948903 -542.701639 -504.603061 -475.998134 -462.061200 -479.744367 -512.590592 -529.893942 -529.219144 -533.898440 -542.433369 -556.421446 -561.328342 -564.971309 -567.983049 -574.237036 -577.088811 -578.548853 -581.601994 -587.897857 -600.590918 -612.075737 -620.538445 -629.002987 -629.979823 -631.783345 -634.570238 -633.060489 -633.520609 -632.729711 -632.952835 -632.280695 -630.916258 -628.958461 -626.493518 -625.959691 -625.201746 -624.022608 -621.092686 -616.546810 -610.305829 -599.577151 -584.907545 -573.590099 -570.533864 -575.397517 -573.585348 -565.468957 -545.258294 -480.399414 -377.048501 -293.692638 -226.151334 -155.782643 -109.943926 -95.052589 -72.086941 19.176898 -109.197385 -265.304780 -253.399239 -9999.0 -9999.0 -9999.0 -9999.0 -9999.0 -9999.0 -9999.0 -9999.0 -9999.0 -9999.0
-9999.0 -9999.0 -9999.0 -9999.0 -687.336393 -672.371452 -659.301598 -659.550529 -648.908172 -640.957004 -632.798327 -623.380697 -615.494238 -610.917757 -615.390986 -616.817882 -618.197618 -617.923421 -619.255642 -620.554804 -621.371054 -622.419651 -623.663980 -624.913182 -624.608446 -623.593138 -623.468643 -625.571116 -626.418406 -630.393554 -631.741517 -634.649178 -637.389295 -640.036612 -639.946545 -640.271950 -639.412896 -640.446545 -638.853167 -639.490267 -638.070544 -637.187928 -635.231674 -632.275973 -632.555879 -630.867381 -630.424862 -628.045284 -625.984383 -618.976138 -608.123080 -595.882276 -587.569008 -587.583062 -596.799696 -601.252603 -603.251012 -596.735822 -584.610001 -559.636667 -497.011326 -418.165501 -338.934503 -298.568832 -271.221517 -229.984026 -187.775986 -179.176287 -9999.0 -9999.0 -9999.0 -9999.0 -9999.0 -9999.0 -9999.0 -9999.0 -9999.0 -9999.0 -9999.0 -9999.0
-9999.0 -9999.0 -9999.0 -9999.0 -9999.0 -9999.0 -681.053479 -673.542270 -675.326389 -668.887894 -662.768415 -657.619728 -650.689362 -650.592279 -648.549623 -643.883192 -644.567590 -646.968367 -649.841794 -645.836871 -643.995624 -643.793180 -648.412338 -647.350762 -646.826411 -645.088342 -645.259854 -644.771967 -648.666192 -644.513373 -642.649509 -643.873935 -645.080723 -644.586602 -645.607463 -642.978624 -642.668306 -644.839386 -645.390024 -642.101211 -640.910825 -641.019866 -639.962053 -637.214302 -633.553722 -632.673906 -633.845536 -635.304458 -630.930552 -621.240159 -609.748403 -599.302742 -592.499973 -590.674954 -599.023982 -609.968875 -615.477719 -615.663324 -610.089243 -599.549567 -577.333046 -560.533970 -545.685611 -529.798645 -507.416547 -409.175550 -9999.0 -9999.0 -9999.0 -9999.0 -9999.0 -9999.0 -9999.0 -9999.0 -9999.0 -9999.0 -9999.0 -9999.0 -9999.0 -9999.0
-9999.0 -9999.0 -9999.0 -9999.0 -9999.0 -9999.0 -9999.0 -9999.0 -9999.0 -9999.0 -9999.0 -9999.0 -9999.0 -9999.0 -9999.0 -9999.0 -9999.0 -9999.0 -9999.0 -9999.0 -9999.0 -9999.0 -9999.0 -9999.0 -9999.0 -9999.0 -9999.0 -9999.0 -9999.0 -9999.0 -9999.0 -9999.0 -9999.0 -9999.0 -9999.0 -9999.0 -9999.0 -9999.0 -9999.0 -9999.0 -9999.0 -9999.0 -9999.0 -9999.0 -9999.0 -9999.0 -9999.0 -9999.0 -9999.0 -9999.0 -9999.0 -9999.0 -9999.0 -9999.0 -9999.0 -9999.0 -9999.0 -9999.0 -9999.0 -9999.0 -9999.0 -9999.0 -9999.0 -9999.0 -9999.0 -9999.0 -9999.0 -9999.0 -9999.0 -9999.0 -9999.0 -9999.0 -9999.0 -9999.0 -9999.0 -9999.0 -9999.0 -9999.0 -9999.0 -9999.0
-9999.0 -9999.0 -9999.0 -9999.0 -9999.0 -9999.0 -9999.0 -9999.0 -9999.0 -9999.0 -9999.0 -9999.0 -9999.0 -9999.0 -9999.0 -9999.0 -9999.0 -9999.0 -9999.0 -9999.0 -9999.0 -9999.0 -9999.0 -9999.0 -9999.0 -9999.0 -9999.0 -9999.0 -9999.0 -9999.0 -9999.0 -9999.0 -9999.0 -9999.0 -9999.0 -9999.0 -9999.0 -9999.0 -9999.0 -9999.0 -9999.0 -9999.0 -9999.0 -9999.0 -9999.0 -9999.0 -9999.0 -9999.0 -9999.0 -9999.0 -9999.0 -9999.0 -9999.0 -9999.0 -9999.0 -9999.0 -9999.0 -9999.0 -9999.0 -9999.0 -9999.0 -9999.0 -9999.0 -9999.0 -9999.0 -9999.0 -9999.0 -9999.0 -9999.0 -9999.0 -9999.0 -9999.0 -9999.0 -9999.0 -9999.0 -9999.0 -9999.0 -9999.0 -9999.0 -9999.0