Borden_/Borden1m_014/output_maps/psiliqL0021N0018.asc
ncols         80
nrows         18
xllcorner     620200.000000
yllcorner     5168000.000000
cellsize      1.000000
NODATA_value  -9999.0
-9999.0 -9999.0 -9999.0 -9999.0 -9999.0 -9999.0 -9999.0 -9999.0 -9999.0 -9999.0 -9999.0 -9999.0 -9999.0 -9999.0 -9999.0 -9999.0 -9999.0 -9999.0 -9999.0 -9999.0 -9999.0 -9999.0 -9999.0 -9999.0 -9999.0 -9999.0 -9999.0 -9999.0 -9999.0 -9999.0 -9999.0 -9999.0 -9999.0 -9999.0 -9999.0 -9999.0 -9999.0 -9999.0 -9999.0 -9999.0 -9999.0 -9999.0 -9999.0 -9999.0 -9999.0 -9999.0 -9999.0 -9999.0 -9999.0 -9999.0 -9999.0 -9999.0 -9999.0 -9999.0 -9999.0 -9999.0 -9999.0 -9999.0 -9999.0 -9999.0 -9999.0 -9999.0 -9999.0 -9999.0 -9999.0 -9999.0 -9999.0 -9999.0 -9999.0 -9999.0 -9999.0 -9999.0 -9999.0 -9999.0 -9999.0 -9999.0 -9999.0 -9999.0 -9999.0 -9999.0
-9999.0 -9999.0 -9999.0 -9999.0 -9999.0 -9999.0 -9999.0 -9999.0 -9999.0 -9999.0 -9999.0 -9999.0 -9999.0 -9999.0 -9999.0 -9999.0 -9999.0 -9999.0 -9999.0 -9999.0 -9999.0 -9999.0 -9999.0 -9999.0 -9999.0 -9999.0 -9999.0 -9999.0 -9999.0 -9999.0 -9999.0 -9999.0 -9999.0 -9999.0 -9999.0 -9999.0 -9999.0 -9999.0 -9999.0 -9999.0 -9999.0 -9999.0 -9999.0 -9999.0 -9999.0 -9999.0 -9999.0 -9999.0 -9999.0 -9999.0 -9999.0 -9999.0 -9999.0 -9999.0 -9999.0 -9999.0 -9999.0 -9999.0 -9999.0 -9999.0 -9999.0 -9999.0 -9999.0 -9999.0 -9999.0 -9999.0 -9999.0 -9999.0 -9999.0 -9999.0 -9999.0 -9999.0 -9999.0 -9999.0 -9999.0 -9999.0 -9999.0 -9999.0 -9999.0 -9999.0
-9999.0 -9999.0 -9999.0 -9999.0 -9999.0 -9999.0 -9999.0 -9999.0 -9999.0 -9999.0 -9999.0 -9999.0 -9999.0 -9999.0 -9999.0 -9999.0 -9999.0 -9999.0 -9999.0 -9999.0 2359.569740 2362.210655 2342.016536 2310.174306 2284.397962 2288.782755 2324.689571 2367.736162 2408.761756 2419.830478 2404.061468 2410.093546 2408.029476 2406.550335 2409.175286 2417.789510 2424.626201 2435.093936 2442.831841 2441.497690 2434.872435 2429.992415 2431.700151 2433.927328 2439.836670 2426.810454 2441.762302 2456.904507 2460.804372 2455.573735 2428.691106 2412.604561 2400.900914 2381.974301 2404.512860 2413.374659 2432.843332 2434.210314 2429.924905 2401.692323 2370.739311 -9999.0 -9999.0 -9999.0 -9999.0 -9999.0 -9999.0 -9999.0 -9999.0 -9999.0 -9999.0 -9999.0 -9999.0 -9999.0 -9999.0 -9999.0 -9999.0 -9999.0 -9999.0 -9999.0
-9999.0 -9999.0 -9999.0 -9999.0 -9999.0 -9999.0 -9999.0 -9999.0 -9999.0 -9999.0 -9999.0 -9999.0 -9999.0 -9999.0 2262.879076 2255.171942 2254.427218 2264.527961 2299.698772 2331.645422 2343.884657 2338.023566 2339.922676 2318.088163 2298.849935 2314.674700 2346.600316 2379.365327 2415.376079 2436.614908 2428.588447 2429.249423 2440.022459 2464.486155 2475.912127 2473.612513 2455.609010 2480.216016 2494.603337 2500.698624 2499.398880 2490.213240 2500.359250 2514.922548 2507.969375 2492.147485 2501.072932 2514.578432 2525.119310 2513.288979 2450.410976 2432.526165 2425.283054 2416.710450 2400.157903 2392.801445 2417.118815 2413.325216 2402.782506 2383.210315 2348.813214 2303.584427 2283.068485 2320.632529 2362.165987 2416.603475 -9999.0 -9999.0 -9999.0 -9999.0 -9999.0 -9999.0 -9999.0 -9999.0 -9999.0 -9999.0 -9999.0 -9999.0 -9999.0 -9999.0
-9999.0 -9999.0 -9999.0 -9999.0 -9999.0 -9999.0 -9999.0 -9999.0 -9999.0 2200.299286 2206.620313 2215.343929 2219.781230 2237.095229 2235.498127 2244.571296 2252.392714 2282.283063 2315.040958 2351.567109 2380.973103 2374.638007 2376.273912 2385.494681 2386.871861 2399.524341 2423.189171 2464.666810 2500.644551 2541.189325 2513.491330 2513.495494 2534.944762 2580.750730 2608.804899 2613.130754 2595.078761 2608.733219 2632.700798 2650.699907 2648.348273 2643.652900 2667.110782 2681.455383 2678.312051 2657.973487 2654.514087 2659.454575 2686.732553 2634.984566 2567.209545 2520.918242 2527.840592 2500.259545 2466.456181 2447.840901 2444.080497 2461.287375 2444.567070 2405.825582 2369.404678 2355.740645 2335.911976 2352.378790 2372.428485 2415.632181 2453.007242 2479.563658 2476.503302 2457.403407 -9999.0 -9999.0 -9999.0 -9999.0 -9999.0 -9999.0 -9999.0 -9999.0 -9999.0 -9999.0
-9999.0 -9999.0 -9999.0 -9999.0 -9999.0 -9999.0 2119.608634 2130.985765 2153.148537 2157.829022 2185.534610 2193.617688 2215.731650 2236.483761 2260.809256 2278.161100 2308.545373 2343.080159 2384.027092 2427.246471 2460.769379 2454.596599 2466.281252 2492.889716 2528.750134 2555.615329 2582.376964 2623.510692 2699.525881 2741.930284 2745.020530 2751.947205 2764.564234 2816.404822 2880.899955 2891.860043 2871.165639 2857.312011 2879.080591 2915.523786 2916.695913 2916.863563 2813.767104 2823.021011 2849.538595 2840.868943 2919.138394 2910.574284 2915.227288 2894.786995 2827.441315 2764.118274 2733.726747 2679.376814 2595.607146 2545.130594 2558.154161 2577.598718 2548.375733 2494.246130 2453.846155 2442.588611 2425.823836 2412.252102 2418.509693 2436.027767 2455.416820 2464.305054 2448.402195 2424.506350 2400.316521 2369.442935 2369.343668 2392.691474 -9999.0 -9999.0 -9999.0 -9999.0 -9999.0 -9999.0
-9999.0 -9999.0 -9999.0 -9999.0 2067.785055 2082.183749 2070.267767 2098.108064 2132.666876 2168.760948 2200.392693 2237.281634 2265.499989 2297.291979 2336.845465 2367.848298 2408.076702 2444.310034 2499.721802 2568.872316 2620.421339 2641.849695 2657.203952 2716.447963 2780.496630 2834.435181 2857.492225 2886.399046 2811.891227 2867.002929 2890.183398 2894.340199 2911.748895 2952.094876 3004.775641 3013.899029 2996.811642 2988.539896 2996.804516 3009.520898 3031.635984 3031.784875 3032.047868 3035.298157 3041.739978 3040.801216 3016.887066 2984.498219 2997.941486 2988.253743 2953.756176 2883.450242 2850.405944 2823.315793 2903.829992 2848.132701 2790.176325 2779.263735 2718.282487 2657.734456 2598.677854 2580.159965 2550.055009 2524.742193 2498.029522 2500.128438 2502.518506 2479.653881 2443.542201 2408.245015 2390.749258 2369.190363 2354.795702 2382.611714 2397.611371 2425.572033 -9999.0 -9999.0 -9999.0 -9999.0
-9999.0 -9999.0 2005.352935 2053.501000 2112.715958 2122.641433 2121.988500 2129.256193 2159.772258 2213.570757 2285.167746 2330.857745 2369.217434 2405.695192 2466.579271 2539.992763 2609.672672 2658.334559 2726.489829 2802.901683 2868.155078 2900.145567 2916.313173 2833.177123 2885.974130 2951.682207 2978.988972 3004.701246 3007.524262 3041.145125 3040.513507 3052.365536 3063.160411 3071.989530 3083.319571 3088.331712 3084.158440 3079.718192 3061.759805 3057.234064 3063.849351 3070.393744 3070.543332 3056.406027 3052.481878 3066.938464 3072.104164 3070.628890 3069.249762 3074.761364 3073.460222 3029.280339 3004.230085 2990.314605 3007.691184 2962.664088 2897.467964 2862.466385 2843.219594 2922.740235 2844.105361 2795.741296 2745.341336 2700.020766 2647.026602 2619.467765 2573.675194 2530.716391 2481.830258 2432.376441 2405.367209 2384.748504 2379.059986 2374.895257 2388.403045 2400.633072 2413.714538 2420.310877 -9999.0 -9999.0
-9999.0 1897.431884 1969.899460 2095.348521 2177.018756 2221.417420 2244.446516 2260.357798 2291.520855 2325.976587 2423.626543 2494.213223 2583.869389 2627.027144 2678.367091 2779.262402 2879.101815 2816.425731 2853.241817 2913.074654 2975.611429 2996.402682 3021.626955 3011.920703 3047.952137 3070.022179 3075.653956 3080.839519 3078.780747 3070.462316 3063.161994 3070.093359 3067.663207 3049.245940 3033.894340 3032.399926 3029.152692 3006.722568 3006.355223 2991.685969 2994.483634 2991.539735 3005.238194 2985.102344 2980.956846 3001.422515 2994.767781 2984.599531 2999.487581 2988.096236 3021.477361 3044.190716 3048.757411 3066.352183 3087.224730 3059.683114 3035.775024 2994.281387 3005.572159 2980.759508 2924.980529 2869.393533 2821.267398 2888.404036 2823.140463 2759.535578 2696.006526 2631.233040 2564.505989 2520.616800 2487.061618 2434.609547 2411.448525 2409.549797 2397.257176 2391.162452 2393.555561 2398.330170 -9999.0 -9999.0
-9999.0 1807.956345 1949.258841 2131.991508 2281.314988 2335.242873 2419.588969 2491.088162 2516.369935 2477.684640 2586.494985 2810.045561 2836.362471 2851.138310 2922.793210 2990.231555 2985.532346 3014.184294 3035.315951 3053.355499 3068.016059 3079.477854 3077.095176 3071.182194 3055.309236 3047.468726 3046.946483 3045.027283 3028.274223 3009.870041 2993.447741 2991.027602 3000.442977 2954.468772 2921.520176 2904.557028 2887.826440 2872.994122 2844.954841 2820.430499 2915.148674 2817.916566 2814.403001 2909.390099 2906.164991 2814.668614 2844.477847 2841.187378 2851.185702 2870.785323 2907.057095 2944.515444 2963.554523 2992.413478 2998.890066 3043.839318 3054.823333 3076.700100 3080.353755 3066.735404 3022.675419 3001.614600 2971.945998 2917.158159 2856.579170 2910.808786 2846.380655 2783.426458 2712.707782 2664.692754 2612.955700 2550.203048 2494.465986 2470.908682 2427.680224 2406.179092 -9999.0 -9999.0 -9999.0 -9999.0
-9999.0 1715.727449 1899.614254 2148.819634 2440.150638 2535.421554 2747.417860 2811.901993 2853.843384 2918.783148 2838.737491 2995.629589 3037.471708 3029.951424 3036.339906 3037.883302 3051.056133 3051.050160 3046.064287 3035.507180 3026.530844 3022.432323 3021.203159 3013.420081 3001.070040 2986.943499 3002.633243 2991.513213 2956.298011 2924.470650 2887.031005 2874.050368 2833.886731 2856.781819 2812.855191 2770.794418 2706.399829 2700.278811 2698.193740 2668.256027 2649.481943 2622.093213 2648.566838 2659.808536 2664.466178 2662.894879 2678.065501 2711.337868 2764.343719 2806.226309 2853.265218 2908.056888 2815.536065 2854.508076 2895.599564 2948.089964 2978.222469 3007.255560 3025.073304 3061.370408 3083.412390 3071.117054 3050.245598 3008.504798 2977.060059 2926.825515 2895.674851 2843.591895 2879.722265 2825.796121 2772.417740 2711.324396 2637.246424 2559.405201 2514.580573 -9999.0 -9999.0 -9999.0 -9999.0 -9999.0
-9999.0 1511.318508 1777.504665 2054.562730 2349.768243 2693.823816 2805.135068 2907.107881 2969.680100 2943.866619 2958.691606 2969.366155 2983.573861 2989.291948 2991.783285 2980.494754 2965.085880 2964.045161 2976.826307 2950.239055 2920.928096 2907.896784 2908.269605 2897.244529 2874.057146 2858.908878 2849.586941 2832.228729 2899.784207 2846.099582 2758.685095 2720.429646 2636.507427 2589.485449 2546.796853 2495.025052 2442.837273 2442.331629 2461.892778 2449.304203 2427.492974 2409.428918 2437.810768 2459.147129 2473.177545 2460.470556 2470.423314 2507.846807 2560.216646 2607.583435 2658.911046 2717.057199 2764.623968 2813.746082 2845.226058 2893.995183 2812.537202 2854.075231 2923.783430 2999.316072 3004.881208 3037.821947 3068.479717 3089.347078 3047.651122 3019.602111 2996.794544 2992.527638 2944.170531 2898.823066 2858.679795 2795.679101 2805.040749 -9999.0 -9999.0 -9999.0 -9999.0 -9999.0 -9999.0 -9999.0
-9999.0 1393.125369 1597.957921 1807.042104 2074.251260 2312.903347 2530.877375 2636.658807 2720.218788 2782.065838 2832.223714 2871.814185 2808.803318 2829.373432 2808.044995 2872.456665 2844.319753 2850.944441 2845.717085 2824.627662 2796.533631 2781.642916 2776.257188 2766.406950 2738.962772 2722.212707 2709.633476 2684.529950 2655.323562 2599.025446 2520.784829 2443.374451 2384.433785 2357.293981 2329.190182 2297.353733 2264.849573 2274.479621 2284.846413 2282.969392 2274.373788 2273.012250 2302.067050 2321.466562 2331.976096 2322.109965 2342.657597 2369.891251 2412.236337 2458.143608 2508.891431 2564.425768 2619.844279 2649.520717 2662.255696 2684.875453 2723.959687 2779.673388 2867.419752 2829.142518 2903.331708 2948.751765 2998.286697 3007.536047 3033.246661 3061.690295 3080.370610 3070.300971 3045.130808 3013.404727 2971.814843 -9999.0 -9999.0 -9999.0 -9999.0 -9999.0 -9999.0 -9999.0 -9999.0 -9999.0
-9999.0 -9999.0 1369.212556 1533.392649 1649.980319 1822.027690 1970.628154 2082.584817 2182.118083 2315.695881 2433.715508 2526.195887 2572.290163 2591.124706 2580.247535 2554.469054 2537.796073 2538.993777 2528.874977 2520.923194 2503.682179 2495.697474 2480.744222 2469.892923 2459.678111 2453.527014 2447.200906 2436.336567 2415.620737 2369.885904 2325.508997 2276.066050 2224.166593 2198.897408 2177.265556 2156.542744 2156.660746 2150.845267 2155.288941 2157.052774 2165.167550 2178.550574 2198.347009 2221.175828 2231.554548 2242.147090 2255.241103 2279.776076 2313.577895 2357.033534 2412.458293 2472.649243 2514.603982 2528.830321 2519.547061 2523.980250 2542.231259 2584.138350 2662.606978 2747.453318 2848.858270 2925.160302 2855.915340 2910.104728 2935.658620 2969.467038 3010.724163 3056.930668 3092.854573 3071.537733 -9999.0 -9999.0 -9999.0 -9999.0 -9999.0 -9999.0 -9999.0 -9999.0 -9999.0 -9999.0
-9999.0 -9999.0 -9999.0 -9999.0 1395.001934 1546.586961 1645.389460 1728.356969 1861.986353 1989.959388 2095.395440 2182.295852 2249.360193 2277.721467 2278.411588 2291.848667 2290.705677 2283.898272 2274.018641 2276.078179 2277.601400 2269.779450 2252.840824 2244.153804 2244.402215 2248.745109 2244.838929 2230.348202 2211.339898 2192.040823 2174.366889 2140.836613 2105.891278 2076.603342 2063.116374 2057.893829 2057.007619 2048.861071 2056.818787 2064.667013 2080.100745 2095.239589 2118.907807 2148.358468 2163.073852 2178.552049 2188.743733 2209.560613 2241.015816 2295.540883 2360.389588 2419.779329 2458.324539 2464.590712 2442.109892 2427.631375 2424.409503 2452.817108 2497.613571 2563.637201 2667.140028 2745.267283 2804.053143 2851.973356 2889.200438 2814.339505 2899.942327 2973.890333 -9999.0 -9999.0 -9999.0 -9999.0 -9999.0 -9999.0 -9999.0 -9999.0 -9999.0 -9999.0 -9999.0 -9999.0
-9999.0 -9999.0 -9999.0 -9999.0 -9999.0 -9999.0 1365.453122 1470.270468 1545.150112 1692.762446 1832.573446 1938.636636 2021.963080 2057.285740 2089.124905 2119.234395 2119.759363 2101.098183 2080.881243 2101.100686 2117.228756 2110.240804 2078.035248 2077.147911 2081.462076 2087.928632 2084.249238 2077.099626 2051.496083 2064.939946 2066.798864 2043.191181 2016.937584 2003.094568 1990.806363 1999.935582 1999.497436 1984.947193 1984.241628 2011.347197 2031.901460 2044.872269 2066.333569 2099.720160 2132.547322 2148.638115 2150.624890 2157.074161 2196.614219 2267.625778 2340.981215 2398.306527 2432.791295 2442.725966 2418.365891 2380.000767 2361.565750 2370.278730 2406.259163 2459.295511 2536.960081 2588.399247 2615.346707 2629.083244 2647.598487 2742.409568 -9999.0 -9999.0 -9999.0 -9999.0 -9999.0 -9999.0 -9999.0 -9999.0 -9999.0 -9999.0 -9999.0 -9999.0 -9999.0 -9999.0
-9999.0 -9999.0 -9999.0 -9999.0 -9999.0 -9999.0 -9999.0 -9999.0 -9999.0 -9999.0 -9999.0 -9999.0 -9999.0 -9999.0 -9999.0 -9999.0 -9999.0 -9999.0 -9999.0 -9999.0 -9999.0 -9999.0 -9999.0 -9999.0 -9999.0 -9999.0 -9999.0 -9999.0 -9999.0 -9999.0 -9999.0 -9999.0 -9999.0 -9999.0 -9999.0 -9999.0 -9999.0 -9999.0 -9999.0 -9999.0 -9999.0 -9999.0 -9999.0 -9999.0 -9999.0 -9999.0 -9999.0 -9999.0 -9999.0 -9999.0 -9999.0 -9999.0 -9999.0 -9999.0 -9999.0 -9999.0 -9999.0 -9999.0 -9999.0 -9999.0 -9999.0 -9999.0 -9999.0 -9999.0 -9999.0 -9999.0 -9999.0 -9999.0 -9999.0 -9999.0 -9999.0 -9999.0 -9999.0 -9999.0 -9999.0 -9999.0 -9999.0 -9999.0 -9999.0 -9999.0
-9999.0 -9999.0 -9999.0 -9999.0 -9999.0 -9999.0 -9999.0 -9999.0 -9999.0 -9999.0 -9999.0 -9999.0 -9999.0 -9999.0 -9999.0 -9999.0 -9999.0 -9999.0 -9999.0 -9999.0 -9999.0 -9999.0 -9999.0 -9999.0 -9999.0 -9999.0 -9999.0 -9999.0 -9999.0 -9999.0 -9999.0 -9999.0 -9999.0 -9999.0 -9999.0 -9999.0 -9999.0 -9999.0 -9999.0 -9999.0 -9999.0 -9999.0 -9999.0 -9999.0 -9999.0 -9999.0 -9999.0 -9999.0 -9999.0 -9999.0 -9999.0 -9999.0 -9999.0 -9999.0 -9999.0 -9999.0 -9999.0 -9999.0 -9999.0 -9999.0 -9999.0 -9999.0 -9999.0 -9999.0 -9999.0 -9999.0 -9999.0 -9999.0 -9999.0 -9999.0 -9999.0 -9999.0 -9999.0 -9999.0 -9999.0 -9999.0 -9999.0 -9999.0 -9999.0 -9999.0