Borden_/Borden1m_014/output_maps/psiliqL0017N0006.asc
ncols         80
nrows         18
xllcorner     620200.000000
yllcorner     5168000.000000
cellsize      1.000000
NODATA_value  -9999.0
-9999.0 -9999.0 -9999.0 -9999.0 -9999.0 -9999.0 -9999.0 -9999.0 -9999.0 -9999.0 -9999.0 -9999.0 -9999.0 -9999.0 -9999.0 -9999.0 -9999.0 -9999.0 -9999.0 -9999.0 -9999.0 -9999.0 -9999.0 -9999.0 -9999.0 -9999.0 -9999.0 -9999.0 -9999.0 -9999.0 -9999.0 -9999.0 -9999.0 -9999.0 -9999.0 -9999.0 -9999.0 -9999.0 -9999.0 -9999.0 -9999.0 -9999.0 -9999.0 -9999.0 -9999.0 -9999.0 -9999.0 -9999.0 -9999.0 -9999.0 -9999.0 -9999.0 -9999.0 -9999.0 -9999.0 -9999.0 -9999.0 -9999.0 -9999.0 -9999.0 -9999.0 -9999.0 -9999.0 -9999.0 -9999.0 -9999.0 -9999.0 -9999.0 -9999.0 -9999.0 -9999.0 -9999.0 -9999.0 -9999.0 -9999.0 -9999.0 -9999.0 -9999.0 -9999.0 -9999.0
-9999.0 -9999.0 -9999.0 -9999.0 -9999.0 -9999.0 -9999.0 -9999.0 -9999.0 -9999.0 -9999.0 -9999.0 -9999.0 -9999.0 -9999.0 -9999.0 -9999.0 -9999.0 -9999.0 -9999.0 -9999.0 -9999.0 -9999.0 -9999.0 -9999.0 -9999.0 -9999.0 -9999.0 -9999.0 -9999.0 -9999.0 -9999.0 -9999.0 -9999.0 -9999.0 -9999.0 -9999.0 -9999.0 -9999.0 -9999.0 -9999.0 -9999.0 -9999.0 -9999.0 -9999.0 -9999.0 -9999.0 -9999.0 -9999.0 -9999.0 -9999.0 -9999.0 -9999.0 -9999.0 -9999.0 -9999.0 -9999.0 -9999.0 -9999.0 -9999.0 -9999.0 -9999.0 -9999.0 -9999.0 -9999.0 -9999.0 -9999.0 -9999.0 -9999.0 -9999.0 -9999.0 -9999.0 -9999.0 -9999.0 -9999.0 -9999.0 -9999.0 -9999.0 -9999.0 -9999.0
-9999.0 -9999.0 -9999.0 -9999.0 -9999.0 -9999.0 -9999.0 -9999.0 -9999.0 -9999.0 -9999.0 -9999.0 -9999.0 -9999.0 -9999.0 -9999.0 -9999.0 -9999.0 -9999.0 -9999.0 1540.938565 1543.458547 1522.098647 1489.086694 1461.964867 1465.087317 1500.330899 1542.538488 1582.187564 1592.415860 1575.031561 1578.524575 1574.579935 1573.098326 1575.728763 1583.725860 1589.689294 1601.903273 1611.909602 1613.333707 1609.012209 1605.393390 1606.980188 1609.769464 1615.085494 1602.668785 1615.971701 1629.537669 1632.206700 1625.311489 1597.231604 1581.202080 1571.295099 1554.604845 1578.288311 1588.557127 1609.846563 1612.641523 1609.667375 1581.820029 1551.147791 -9999.0 -9999.0 -9999.0 -9999.0 -9999.0 -9999.0 -9999.0 -9999.0 -9999.0 -9999.0 -9999.0 -9999.0 -9999.0 -9999.0 -9999.0 -9999.0 -9999.0 -9999.0 -9999.0
-9999.0 -9999.0 -9999.0 -9999.0 -9999.0 -9999.0 -9999.0 -9999.0 -9999.0 -9999.0 -9999.0 -9999.0 -9999.0 -9999.0 1449.060218 1440.159965 1438.051321 1446.888338 1480.843998 1511.615059 1523.837792 1517.163748 1518.070954 1495.125092 1474.956910 1489.747153 1520.726414 1553.404012 1588.832860 1609.214830 1598.734847 1597.075574 1606.680634 1631.241640 1643.880658 1642.208819 1624.265237 1649.663346 1667.467056 1678.208952 1680.061348 1673.031089 1685.386933 1700.501041 1693.243090 1676.203315 1681.997767 1692.552010 1701.099035 1685.587321 1620.998999 1601.986492 1596.817124 1589.738975 1574.576869 1567.093227 1591.354615 1589.610803 1580.217793 1561.255149 1527.403600 1482.266963 1462.630535 1500.658390 1543.395110 1599.569960 -9999.0 -9999.0 -9999.0 -9999.0 -9999.0 -9999.0 -9999.0 -9999.0 -9999.0 -9999.0 -9999.0 -9999.0 -9999.0 -9999.0
-9999.0 -9999.0 -9999.0 -9999.0 -9999.0 -9999.0 -9999.0 -9999.0 -9999.0 1390.177017 1395.563511 1403.473851 1406.574217 1422.711406 1420.465338 1428.211056 1435.320040 1463.172109 1494.608047 1530.133620 1559.418321 1551.740657 1553.011445 1562.498116 1564.704420 1577.024723 1600.191674 1641.823670 1680.958486 1721.254899 1692.125304 1689.777060 1709.184808 1755.904501 1788.309921 1796.037703 1778.868296 1791.625244 1820.659863 1846.826874 1849.783070 1848.744002 1874.034106 1887.801179 1886.629618 1866.282961 1856.436718 1855.874675 1876.827460 1820.376851 1750.680897 1701.612099 1707.918192 1679.811365 1643.590258 1622.877637 1618.131852 1636.438546 1620.546664 1582.494253 1545.251908 1532.357277 1513.428326 1529.939670 1551.033220 1596.105434 1634.156001 1661.984921 1660.670261 1642.655382 -9999.0 -9999.0 -9999.0 -9999.0 -9999.0 -9999.0 -9999.0 -9999.0 -9999.0 -9999.0
-9999.0 -9999.0 -9999.0 -9999.0 -9999.0 -9999.0 1310.250686 1320.664484 1341.893361 1346.796349 1373.281158 1381.034703 1402.095425 1421.672279 1444.053371 1460.576143 1490.441743 1523.596521 1564.216967 1607.329546 1640.426386 1636.207613 1647.372832 1675.963194 1712.768712 1740.971637 1768.188551 1811.112766 1889.129418 1930.760781 1934.618791 1938.546175 1948.554224 1999.685821 2067.453962 2084.762415 2064.951968 2053.100185 2080.760204 2126.178139 2135.802103 2139.367227 2151.766365 2161.327274 2186.774316 2177.198590 2138.208441 2123.102502 2116.008862 2089.152326 2019.755333 1955.353021 1925.203485 1876.331488 1791.833895 1735.039677 1740.956678 1758.453656 1729.089751 1674.038959 1631.900382 1619.330564 1602.435916 1588.258177 1593.991806 1612.333781 1633.540396 1644.044478 1630.155299 1608.103727 1584.717946 1555.261689 1556.577061 1581.236902 -9999.0 -9999.0 -9999.0 -9999.0 -9999.0 -9999.0
-9999.0 -9999.0 -9999.0 -9999.0 1259.374637 1272.839899 1260.829453 1287.151606 1320.773353 1355.961412 1388.011442 1424.898570 1452.329753 1482.723530 1522.344461 1555.132201 1596.369882 1631.957282 1686.267880 1755.045979 1808.472473 1834.870284 1851.688507 1909.070165 1969.817621 2023.156279 2047.716690 2080.923056 2131.356114 2192.339907 2218.032211 2223.040703 2239.748979 2276.957776 2327.804663 2364.459947 2349.457789 2344.741209 2357.783848 2377.248049 2405.112933 2408.362511 2410.539141 2412.826420 2417.542911 2416.753898 2392.417334 2357.161805 2337.087365 2321.019895 2285.432682 2215.648994 2180.000362 2150.457551 2110.193613 2048.910744 1982.227194 1967.614662 1909.802726 1849.827677 1784.765238 1760.813284 1728.122533 1700.825730 1671.271074 1672.651582 1675.702508 1654.708362 1621.442687 1588.343001 1572.439420 1552.786251 1540.832592 1570.425468 1587.546164 1617.377103 -9999.0 -9999.0 -9999.0 -9999.0
-9999.0 -9999.0 1199.280082 1247.488059 1304.998563 1314.013206 1314.055563 1320.749506 1350.376933 1403.579296 1477.786574 1526.786632 1567.376461 1601.434305 1660.207367 1737.218637 1809.548171 1859.134410 1920.701535 1993.814346 2061.604822 2102.015719 2122.285472 2162.368466 2216.391893 2280.182301 2309.438675 2339.665810 2375.900350 2411.392210 2418.076842 2429.980151 2437.583551 2441.505543 2449.372348 2453.798421 2451.528776 2450.059243 2436.806409 2437.837207 2447.809243 2454.791317 2455.176324 2440.560968 2436.161074 2450.641241 2455.773291 2453.792001 2449.638705 2452.433895 2451.359406 2410.414972 2379.349473 2364.437388 2349.864244 2300.006181 2232.881079 2193.690549 2170.787311 2123.029194 2037.619996 1981.728644 1927.346009 1875.486893 1821.184734 1790.355816 1744.261452 1702.137093 1655.406387 1608.442847 1583.888461 1564.975818 1561.656092 1560.797577 1576.681604 1591.679356 1606.880130 1614.590594 -9999.0 -9999.0
-9999.0 1094.524691 1166.687193 1292.075929 1372.052536 1415.827025 1444.221591 1465.235239 1495.366376 1525.114778 1628.032283 1711.499753 1802.150701 1840.152689 1889.292115 1987.619016 2087.527912 2137.869097 2178.729666 2238.754720 2304.017452 2358.004764 2389.889266 2396.019741 2431.769490 2449.222170 2454.665284 2460.697913 2459.769537 2452.482980 2443.558109 2448.015811 2441.538031 2419.601353 2402.188764 2399.997249 2397.563333 2377.876950 2354.050645 2342.852393 2346.916288 2370.733394 2356.256668 2333.367186 2328.623664 2351.387035 2373.397599 2364.822005 2351.089632 2366.709875 2398.794483 2420.943115 2431.326459 2449.667072 2469.564984 2441.718149 2415.189118 2374.884715 2355.465260 2324.724518 2262.887091 2199.020305 2139.244017 2070.668307 1999.015377 1928.934247 1865.200144 1803.976329 1738.034726 1695.885118 1663.205240 1611.801993 1590.488034 1592.092594 1583.403715 1580.391264 1586.255012 1592.466275 -9999.0 -9999.0
-9999.0 1010.575421 1152.108138 1334.939498 1482.154319 1537.819222 1633.258121 1710.749347 1738.620627 1708.279516 1817.962782 2042.292342 2153.177907 2172.400170 2244.121108 2333.891059 2348.166548 2382.672465 2406.951121 2422.590713 2436.896387 2452.074116 2453.963653 2451.004795 2438.253795 2432.016365 2431.485526 2428.750084 2410.572252 2390.162493 2370.871937 2363.622663 2339.153275 2287.216549 2249.916000 2231.819042 2217.637676 2203.690591 2177.174624 2154.041075 2139.758869 2153.976533 2146.246411 2126.749899 2121.421620 2145.191030 2178.601445 2175.727415 2183.961352 2203.128828 2240.148689 2280.037636 2306.380865 2339.936374 2378.535934 2424.126298 2440.577997 2464.800466 2469.878161 2452.436549 2407.203388 2353.209817 2316.761906 2250.593526 2174.660794 2091.148881 2023.828142 1960.557462 1889.385995 1840.177018 1788.845387 1726.316624 1670.859690 1649.903131 1611.332545 1592.915066 -9999.0 -9999.0 -9999.0 -9999.0
-9999.0 926.517633 1112.319924 1365.704073 1644.570649 1747.705921 1954.461475 2085.474946 2142.329413 2214.543959 2177.481098 2343.312672 2390.416907 2388.020655 2389.086427 2390.678009 2404.584274 2407.261506 2404.678743 2397.265750 2392.125882 2392.078448 2394.068153 2389.329617 2379.486904 2366.089956 2352.121261 2336.932554 2295.089787 2258.036763 2218.078407 2199.771436 2153.389268 2051.686575 2003.045299 1964.256821 1908.064193 1906.503637 1906.323553 1881.120786 1862.844338 1840.149193 1861.901124 1865.974372 1867.889948 1870.424008 1886.625119 1911.681710 1955.940811 1990.808889 2034.186721 2089.070687 2131.124506 2179.492440 2227.389196 2285.843143 2324.379534 2359.596221 2410.065525 2449.740894 2473.709036 2462.289338 2436.687135 2390.258807 2319.604803 2254.571919 2207.180954 2135.248402 2067.303356 2007.649505 1950.300392 1883.810452 1811.023500 1735.531029 1695.392144 -9999.0 -9999.0 -9999.0 -9999.0 -9999.0
-9999.0 737.673313 1003.847777 1285.931687 1590.276039 1920.854423 2064.388382 2187.496463 2260.198287 2236.743845 2255.245950 2281.936783 2329.972915 2340.113110 2317.133295 2301.333637 2283.660714 2280.884211 2293.490764 2269.033515 2243.002356 2233.072919 2235.712052 2226.854484 2206.054574 2191.070200 2178.941655 2154.390281 2098.659844 2040.901304 1954.495250 1920.430821 1840.698031 1783.707669 1737.795194 1687.761141 1638.920023 1640.405463 1660.650985 1648.315322 1627.039653 1608.633194 1634.919602 1652.571770 1664.667881 1652.730335 1661.590414 1696.735564 1744.570018 1786.625384 1834.608439 1889.110329 1937.845106 1987.748454 2022.190530 2077.323405 2134.739801 2187.478116 2264.384846 2346.682707 2387.126143 2423.806489 2457.916060 2476.666832 2428.625832 2385.525157 2340.379547 2284.946626 2208.546642 2159.023516 2118.742960 2040.859851 1967.135203 -9999.0 -9999.0 -9999.0 -9999.0 -9999.0 -9999.0 -9999.0
-9999.0 614.235828 827.049088 1047.513753 1322.977743 1557.154139 1755.519826 1859.554245 1938.870436 1988.110496 2036.416538 2082.482509 2120.071201 2144.347786 2118.984906 2069.049678 2032.402178 2032.668440 2026.058559 2002.880216 1975.091760 1962.305733 1961.626154 1956.937728 1934.956395 1922.313901 1911.734238 1887.031107 1850.867686 1792.573817 1712.862199 1639.264527 1578.643582 1547.533469 1517.964731 1485.983991 1452.371603 1463.672934 1476.944092 1474.719166 1465.221083 1462.722898 1491.425678 1510.153560 1519.996026 1508.631295 1527.647806 1553.365550 1593.434019 1634.921618 1682.320740 1736.181463 1789.616077 1818.828220 1833.218196 1860.485118 1903.965658 1961.575999 2052.139936 2153.692857 2236.437406 2289.270381 2346.121746 2387.183113 2408.311858 2427.267803 2413.842235 2345.894808 2251.205940 2244.181094 2234.698501 -9999.0 -9999.0 -9999.0 -9999.0 -9999.0 -9999.0 -9999.0 -9999.0 -9999.0
-9999.0 -9999.0 595.147648 766.894113 895.818922 1070.495667 1217.288603 1325.344362 1416.375718 1537.043423 1649.360225 1740.086350 1788.102177 1805.988025 1789.527030 1752.269467 1727.164930 1724.357615 1712.795849 1702.596750 1684.111671 1677.590002 1667.540758 1660.659617 1652.637312 1648.508241 1643.515710 1631.657604 1608.892480 1561.785507 1514.361634 1463.848324 1411.366493 1385.977495 1364.250376 1343.293802 1342.874554 1339.185010 1345.157395 1347.167194 1354.542803 1367.289807 1387.110659 1409.000659 1418.633230 1427.565755 1439.726994 1462.844676 1494.953393 1536.145122 1588.900591 1645.571850 1684.684120 1697.060799 1687.431246 1692.958240 1714.077859 1757.193258 1838.374210 1924.405876 2023.233985 2100.513742 2181.677681 2243.159040 2270.529371 2300.566221 2333.412250 2293.763185 2142.740953 2203.822169 -9999.0 -9999.0 -9999.0 -9999.0 -9999.0 -9999.0 -9999.0 -9999.0 -9999.0 -9999.0
-9999.0 -9999.0 -9999.0 -9999.0 624.641337 777.189951 873.107611 954.822456 1083.579991 1205.216122 1307.113730 1392.171969 1455.665015 1481.990565 1476.896036 1480.958833 1474.515512 1466.644606 1456.170317 1455.648978 1455.511069 1448.943517 1435.421925 1429.039860 1430.963604 1436.639827 1434.318934 1420.566021 1402.435989 1380.471578 1360.808587 1326.929212 1291.475658 1262.502726 1249.494771 1244.160152 1244.169362 1237.440548 1246.358339 1253.999521 1269.343376 1284.527157 1308.149138 1337.049839 1350.748450 1365.359281 1374.784682 1394.768506 1424.502630 1477.042866 1539.570743 1596.587426 1631.820389 1635.738906 1610.913803 1595.375690 1591.625305 1619.240877 1663.474963 1730.042507 1831.738585 1907.347877 1970.321968 2023.630387 2069.256620 2136.284139 2217.112074 2264.394812 -9999.0 -9999.0 -9999.0 -9999.0 -9999.0 -9999.0 -9999.0 -9999.0 -9999.0 -9999.0 -9999.0 -9999.0
-9999.0 -9999.0 -9999.0 -9999.0 -9999.0 -9999.0 584.075677 685.164409 763.661146 902.507004 1033.647456 1135.383971 1215.804625 1247.375607 1273.214236 1298.797927 1295.829379 1276.483745 1256.893360 1275.813134 1290.299953 1285.005707 1255.644258 1256.082410 1261.662453 1270.359201 1268.431428 1262.173155 1237.169689 1249.022066 1250.060241 1227.039948 1201.265806 1187.663976 1176.005999 1185.818704 1186.245941 1172.809984 1173.472634 1200.443804 1220.783952 1233.870674 1255.535645 1288.615204 1320.830330 1335.894818 1336.990666 1342.652645 1381.944252 1451.398375 1522.316565 1577.052181 1608.892457 1616.416513 1588.843966 1548.480009 1527.747411 1534.292936 1568.218739 1619.734633 1694.647651 1744.403479 1773.293855 1792.507882 1819.471865 1920.087369 -9999.0 -9999.0 -9999.0 -9999.0 -9999.0 -9999.0 -9999.0 -9999.0 -9999.0 -9999.0 -9999.0 -9999.0 -9999.0 -9999.0
-9999.0 -9999.0 -9999.0 -9999.0 -9999.0 -9999.0 -9999.0 -9999.0 -9999.0 -9999.0 -9999.0 -9999.0 -9999.0 -9999.0 -9999.0 -9999.0 -9999.0 -9999.0 -9999.0 -9999.0 -9999.0 -9999.0 -9999.0 -9999.0 -9999.0 -9999.0 -9999.0 -9999.0 -9999.0 -9999.0 -9999.0 -9999.0 -9999.0 -9999.0 -9999.0 -9999.0 -9999.0 -9999.0 -9999.0 -9999.0 -9999.0 -9999.0 -9999.0 -9999.0 -9999.0 -9999.0 -9999.0 -9999.0 -9999.0 -9999.0 -9999.0 -9999.0 -9999.0 -9999.0 -9999.0 -9999.0 -9999.0 -9999.0 -9999.0 -9999.0 -9999.0 -9999.0 -9999.0 -9999.0 -9999.0 -9999.0 -9999.0 -9999.0 -9999.0 -9999.0 -9999.0 -9999.0 -9999.0 -9999.0 -9999.0 -9999.0 -9999.0 -9999.0 -9999.0 -9999.0
-9999.0 -9999.0 -9999.0 -9999.0 -9999.0 -9999.0 -9999.0 -9999.0 -9999.0 -9999.0 -9999.0 -9999.0 -9999.0 -9999.0 -9999.0 -9999.0 -9999.0 -9999.0 -9999.0 -9999.0 -9999.0 -9999.0 -9999.0 -9999.0 -9999.0 -9999.0 -9999.0 -9999.0 -9999.0 -9999.0 -9999.0 -9999.0 -9999.0 -9999.0 -9999.0 -9999.0 -9999.0 -9999.0 -9999.0 -9999.0 -9999.0 -9999.0 -9999.0 -9999.0 -9999.0 -9999.0 -9999.0 -9999.0 -9999.0 -9999.0 -9999.0 -9999.0 -9999.0 -9999.0 -9999.0 -9999.0 -9999.0 -9999.0 -9999.0 -9999.0 -9999.0 -9999.0 -9999.0 -9999.0 -9999.0 -9999.0 -9999.0 -9999.0 -9999.0 -9999.0 -9999.0 -9999.0 -9999.0 -9999.0 -9999.0 -9999.0 -9999.0 -9999.0 -9999.0 -9999.0