Borden_/Borden1m_014/output_maps/psiliqL0008N0009.asc
ncols         80
nrows         18
xllcorner     620200.000000
yllcorner     5168000.000000
cellsize      1.000000
NODATA_value  -9999.0
-9999.0 -9999.0 -9999.0 -9999.0 -9999.0 -9999.0 -9999.0 -9999.0 -9999.0 -9999.0 -9999.0 -9999.0 -9999.0 -9999.0 -9999.0 -9999.0 -9999.0 -9999.0 -9999.0 -9999.0 -9999.0 -9999.0 -9999.0 -9999.0 -9999.0 -9999.0 -9999.0 -9999.0 -9999.0 -9999.0 -9999.0 -9999.0 -9999.0 -9999.0 -9999.0 -9999.0 -9999.0 -9999.0 -9999.0 -9999.0 -9999.0 -9999.0 -9999.0 -9999.0 -9999.0 -9999.0 -9999.0 -9999.0 -9999.0 -9999.0 -9999.0 -9999.0 -9999.0 -9999.0 -9999.0 -9999.0 -9999.0 -9999.0 -9999.0 -9999.0 -9999.0 -9999.0 -9999.0 -9999.0 -9999.0 -9999.0 -9999.0 -9999.0 -9999.0 -9999.0 -9999.0 -9999.0 -9999.0 -9999.0 -9999.0 -9999.0 -9999.0 -9999.0 -9999.0 -9999.0
-9999.0 -9999.0 -9999.0 -9999.0 -9999.0 -9999.0 -9999.0 -9999.0 -9999.0 -9999.0 -9999.0 -9999.0 -9999.0 -9999.0 -9999.0 -9999.0 -9999.0 -9999.0 -9999.0 -9999.0 -9999.0 -9999.0 -9999.0 -9999.0 -9999.0 -9999.0 -9999.0 -9999.0 -9999.0 -9999.0 -9999.0 -9999.0 -9999.0 -9999.0 -9999.0 -9999.0 -9999.0 -9999.0 -9999.0 -9999.0 -9999.0 -9999.0 -9999.0 -9999.0 -9999.0 -9999.0 -9999.0 -9999.0 -9999.0 -9999.0 -9999.0 -9999.0 -9999.0 -9999.0 -9999.0 -9999.0 -9999.0 -9999.0 -9999.0 -9999.0 -9999.0 -9999.0 -9999.0 -9999.0 -9999.0 -9999.0 -9999.0 -9999.0 -9999.0 -9999.0 -9999.0 -9999.0 -9999.0 -9999.0 -9999.0 -9999.0 -9999.0 -9999.0 -9999.0 -9999.0
-9999.0 -9999.0 -9999.0 -9999.0 -9999.0 -9999.0 -9999.0 -9999.0 -9999.0 -9999.0 -9999.0 -9999.0 -9999.0 -9999.0 -9999.0 -9999.0 -9999.0 -9999.0 -9999.0 -9999.0 -271.925567 -268.976512 -292.025750 -326.492245 -355.324171 -353.778352 -318.925523 -277.777183 -239.994359 -229.688627 -247.982044 -246.693799 -251.907722 -252.024327 -248.788292 -242.513376 -239.604501 -227.770343 -219.088161 -219.316173 -225.568148 -231.377768 -232.685812 -229.158782 -224.122294 -233.017462 -219.335843 -203.889097 -197.591023 -202.918002 -230.588836 -246.605904 -254.695645 -269.071980 -244.130165 -231.288330 -208.027568 -203.500909 -204.516634 -231.407858 -261.455989 -9999.0 -9999.0 -9999.0 -9999.0 -9999.0 -9999.0 -9999.0 -9999.0 -9999.0 -9999.0 -9999.0 -9999.0 -9999.0 -9999.0 -9999.0 -9999.0 -9999.0 -9999.0 -9999.0
-9999.0 -9999.0 -9999.0 -9999.0 -9999.0 -9999.0 -9999.0 -9999.0 -9999.0 -9999.0 -9999.0 -9999.0 -9999.0 -9999.0 -361.728330 -372.176752 -375.598074 -367.507029 -334.045748 -304.230106 -291.608563 -299.520514 -299.917864 -324.082062 -344.872206 -331.080373 -301.791206 -270.320313 -236.220675 -215.955726 -228.928319 -231.791459 -221.086453 -192.682355 -176.593702 -178.448095 -199.411459 -176.236193 -159.660230 -150.056061 -151.159772 -160.039090 -145.399752 -128.911561 -135.759022 -153.485811 -149.809853 -137.983027 -123.703354 -139.687357 -206.336065 -228.098488 -231.085274 -237.328050 -250.355391 -256.768917 -231.627544 -230.389450 -238.308786 -255.964167 -288.120940 -332.319639 -349.881045 -310.826571 -265.765405 -207.359933 -9999.0 -9999.0 -9999.0 -9999.0 -9999.0 -9999.0 -9999.0 -9999.0 -9999.0 -9999.0 -9999.0 -9999.0 -9999.0 -9999.0
-9999.0 -9999.0 -9999.0 -9999.0 -9999.0 -9999.0 -9999.0 -9999.0 -9999.0 -417.546432 -414.250281 -407.583274 -406.290903 -391.135420 -393.206896 -386.765357 -379.394520 -353.865943 -323.197684 -288.225253 -259.350436 -269.758834 -269.861985 -258.048603 -251.473323 -238.418304 -216.831236 -175.532185 -133.253698 -91.472002 -120.556750 -122.566676 -101.487928 -45.033129 7.027275 22.073572 5.100813 9.922637 36.571679 61.370109 59.833575 57.436645 81.564433 94.631851 99.816550 81.457375 65.498173 64.149659 88.805620 31.867269 -46.636126 -108.612940 -108.643917 -140.452715 -182.152185 -205.534496 -209.429006 -187.401766 -202.475714 -239.783093 -276.327111 -285.548748 -301.831919 -284.907845 -261.587305 -213.973248 -175.053192 -145.945113 -145.221710 -162.204814 -9999.0 -9999.0 -9999.0 -9999.0 -9999.0 -9999.0 -9999.0 -9999.0 -9999.0 -9999.0
-9999.0 -9999.0 -9999.0 -9999.0 -9999.0 -9999.0 -495.359645 -486.969284 -467.787829 -462.657235 -438.979814 -432.083229 -412.275518 -393.618695 -373.799420 -357.491136 -327.040559 -294.788363 -253.261100 -208.748791 -175.323277 -179.301097 -169.256313 -134.878750 -89.059405 -50.277223 -15.401542 29.708846 107.942119 150.087806 162.322561 168.821084 186.301323 275.770288 443.939190 485.110409 477.442656 468.387160 480.724104 502.869994 504.010261 502.309541 506.427714 510.703883 529.585691 526.085494 501.919350 494.101150 488.835279 458.664594 311.127661 191.031604 141.322066 91.856460 8.835058 -58.755914 -70.682502 -58.035978 -90.142215 -145.040076 -188.884658 -199.929365 -214.480540 -228.377270 -222.468032 -202.400949 -178.351725 -166.268852 -178.020729 -197.986334 -220.578951 -248.932630 -246.891271 -221.176291 -9999.0 -9999.0 -9999.0 -9999.0 -9999.0 -9999.0
-9999.0 -9999.0 -9999.0 -9999.0 -544.470550 -532.566432 -544.613356 -521.794910 -490.665908 -458.385924 -426.946611 -390.534434 -364.313936 -335.245496 -293.720424 -255.568312 -211.488947 -176.279828 -119.627360 -44.552058 21.782924 54.093111 70.067231 132.275869 209.748519 316.392964 428.967313 472.119633 497.952874 534.074721 548.483832 551.138144 564.699536 595.697068 645.990791 676.494327 668.557428 666.812874 669.467041 673.247269 687.911203 686.316936 686.368385 686.313933 687.675341 689.893384 678.618873 659.159344 651.136659 640.367687 606.375207 549.574083 522.927759 507.533641 487.672228 419.569109 227.436836 181.886555 119.546877 59.405203 -19.484231 -51.725420 -86.294127 -113.695293 -145.192334 -144.224757 -140.717202 -159.697049 -189.432213 -220.602664 -234.891475 -252.983252 -262.628580 -232.297389 -214.235463 -182.953291 -9999.0 -9999.0 -9999.0 -9999.0
-9999.0 -9999.0 -601.620586 -552.151527 -497.140676 -489.425396 -488.144262 -484.256179 -458.533953 -409.086645 -330.970665 -277.669902 -232.612521 -202.295120 -141.750268 -51.888003 33.838630 86.390568 150.795501 253.075082 425.275282 480.400942 492.738693 515.136885 551.456932 601.213314 634.497732 655.208456 670.577768 685.658008 700.385603 713.465443 719.166486 717.789316 721.395698 722.144044 722.754703 722.104910 707.851103 705.765765 711.229398 712.859881 715.924488 704.404478 700.615788 712.611337 716.079810 718.704250 720.879592 726.559078 730.385724 700.145214 666.739460 661.359094 658.865611 624.311426 561.435622 528.758976 515.579898 471.609478 310.814667 204.398904 137.673538 77.432331 11.140242 -25.322467 -73.195550 -113.692258 -157.931079 -202.132334 -224.643883 -242.297964 -243.778394 -242.467937 -225.845335 -209.737451 -193.961855 -185.962061 -9999.0 -9999.0
-9999.0 -699.775800 -627.573111 -500.835531 -423.231037 -379.742762 -340.828304 -312.372444 -288.251445 -273.187337 -163.211822 -46.161183 46.394208 77.085980 133.115150 273.181558 448.279138 500.560297 527.430296 569.488120 627.251974 662.179882 677.861482 696.153557 720.346886 722.226405 723.748915 724.767027 717.011645 707.592996 697.007484 704.037033 702.996970 688.861558 677.506589 677.223193 677.235018 665.765339 651.642132 645.585120 649.113222 664.779960 657.528894 644.477259 641.812386 654.521265 664.899329 658.545982 649.319962 659.273186 680.137452 693.476264 707.367781 721.423570 739.393466 715.395247 687.441886 662.099938 652.980661 633.722207 583.238418 535.390346 495.327948 418.031332 233.094659 133.735446 56.551959 -5.166501 -69.916615 -109.391604 -140.151012 -191.497058 -213.938494 -211.413097 -219.919467 -221.863044 -214.802359 -208.156976 -9999.0 -9999.0
-9999.0 -770.772821 -627.895911 -443.241908 -297.773158 -236.432615 -114.727470 -21.721766 5.892063 -16.104879 102.547648 428.455054 517.480419 523.679154 568.828648 630.331658 667.330909 695.144611 711.668364 709.888608 710.426965 715.051902 710.466305 702.752185 690.964417 687.714412 690.142510 691.151801 681.147221 667.484983 655.036509 654.428449 644.427256 612.507944 571.326584 555.104844 547.750162 538.346125 519.676567 505.600695 497.900806 512.887903 506.584070 494.697369 491.388034 505.504235 526.811173 519.941324 522.504678 537.151532 569.709662 612.673213 630.802218 647.982879 668.378598 695.289446 708.536916 728.026162 732.098665 710.289060 680.321396 650.133327 634.467636 593.614769 526.230858 441.028372 278.677486 187.632821 110.757402 51.135639 -4.351084 -65.820496 -124.957726 -150.982135 -189.401049 -209.748471 -9999.0 -9999.0 -9999.0 -9999.0
-9999.0 -835.624675 -644.691222 -380.409113 -121.826935 19.082353 281.346696 471.038520 523.170983 569.648414 585.385774 687.296220 706.532079 694.395604 677.239429 674.879243 683.053434 682.978292 678.396542 672.181053 668.699218 668.175595 668.376840 665.102825 659.939685 653.555757 648.502181 643.792375 617.294674 579.543226 546.562790 535.886839 509.462824 409.250933 256.113086 196.186720 136.143966 129.696651 120.425200 92.077999 74.162617 59.232903 77.498945 77.028189 77.034685 84.031108 103.712902 121.928354 164.392000 207.753571 286.262022 442.674870 493.841464 526.441998 561.650526 616.033354 638.966967 655.759674 682.427626 709.311982 729.618299 723.292166 700.137068 677.403724 636.097439 595.879011 554.697167 503.966813 441.107471 303.071095 201.272399 118.773855 31.199450 -60.973771 -101.926512 -9999.0 -9999.0 -9999.0 -9999.0 -9999.0
-9999.0 -988.475993 -721.325381 -426.357210 -87.602586 333.728973 457.946760 577.107030 649.305878 616.118472 612.342783 626.843237 651.651125 653.093993 638.512891 633.379014 620.306324 606.893552 609.617561 583.685441 561.303210 553.053448 554.691607 548.419265 535.084791 526.492694 520.917447 507.711720 451.955980 311.154825 179.762355 147.327611 72.117346 0.465153 -56.788038 -107.937270 -159.881789 -161.157687 -144.964493 -161.151473 -183.027858 -201.611102 -176.235128 -161.042017 -150.396691 -160.457609 -152.064862 -117.913421 -69.829002 -27.441977 25.309743 91.406775 143.154283 201.801199 265.318157 430.117184 494.222936 528.301456 585.155905 647.110128 668.425425 691.374615 722.276724 740.334261 702.279982 673.195444 649.330388 623.422552 576.764325 536.602411 502.849363 422.082332 229.753414 -9999.0 -9999.0 -9999.0 -9999.0 -9999.0 -9999.0 -9999.0
-9999.0 -1122.854894 -890.280802 -642.125523 -344.706052 -104.755050 69.868314 208.072160 400.472986 441.504905 463.701134 483.116690 500.938947 514.734513 498.052179 468.371955 426.199651 369.015885 337.539730 267.556463 215.038047 192.807005 191.335132 183.403424 155.599540 139.905484 129.287428 105.749515 65.112246 -1.024963 -88.616182 -157.016774 -218.300812 -254.372079 -285.224615 -318.564242 -357.471948 -346.271069 -331.077136 -335.653360 -348.227494 -352.903341 -322.998984 -304.600041 -294.641384 -308.485141 -290.268176 -263.621735 -222.499768 -181.998044 -135.397770 -81.852269 -29.871951 0.365680 19.975193 62.188677 111.151100 178.515321 325.220300 491.883764 563.191254 612.470062 649.280948 671.341180 683.507941 706.861719 699.886491 651.458020 584.946470 600.616850 603.110588 -9999.0 -9999.0 -9999.0 -9999.0 -9999.0 -9999.0 -9999.0 -9999.0 -9999.0
-9999.0 -9999.0 -1127.245526 -935.984441 -775.253190 -592.583976 -448.582804 -347.447775 -272.201212 -175.900546 -81.018958 -2.501776 37.379546 52.634752 33.683138 -9.730018 -43.299204 -48.919731 -61.374582 -79.236675 -105.364658 -114.798789 -123.629148 -130.809638 -143.700644 -150.605294 -155.520094 -166.337867 -189.098725 -236.577236 -290.072295 -342.451223 -396.589817 -420.954146 -442.330358 -464.566839 -467.894053 -469.185820 -462.083410 -460.836861 -455.650987 -444.105114 -423.444683 -402.395575 -393.267014 -386.692937 -374.529027 -351.381261 -318.751797 -278.456386 -227.035756 -172.646245 -135.961586 -125.225015 -135.185084 -128.794470 -106.241034 -60.446564 32.227487 135.785110 265.760977 441.232286 522.836586 568.858823 600.744940 624.108908 645.870354 608.633946 392.275415 551.498364 -9999.0 -9999.0 -9999.0 -9999.0 -9999.0 -9999.0 -9999.0 -9999.0 -9999.0 -9999.0
-9999.0 -9999.0 -9999.0 -9999.0 -1078.951094 -922.103490 -829.801781 -749.481293 -632.780970 -528.885913 -440.389539 -366.377882 -314.407298 -291.149506 -303.914192 -311.121825 -320.418952 -324.140234 -332.696416 -338.404136 -344.024020 -351.473821 -362.154398 -369.388731 -369.876956 -366.147509 -367.775389 -380.361032 -395.494095 -422.388085 -445.972022 -480.489939 -516.880565 -545.361243 -557.877130 -564.564529 -564.018458 -569.157217 -559.476221 -553.242194 -538.500264 -523.153817 -499.295996 -471.307773 -459.091035 -445.221474 -435.825027 -415.410655 -386.131613 -334.222797 -272.734364 -218.002876 -185.802498 -183.896347 -211.753511 -229.252069 -234.060582 -207.514085 -161.297479 -90.958145 14.739105 101.702965 178.095564 261.491171 413.479121 494.625648 574.192813 604.033275 -9999.0 -9999.0 -9999.0 -9999.0 -9999.0 -9999.0 -9999.0 -9999.0 -9999.0 -9999.0 -9999.0 -9999.0
-9999.0 -9999.0 -9999.0 -9999.0 -9999.0 -9999.0 -1136.082244 -1042.198702 -954.851093 -836.641434 -727.827643 -639.512592 -568.200143 -545.029156 -529.052428 -507.564550 -512.356584 -528.828562 -544.721892 -528.447958 -519.208814 -523.633072 -550.180863 -551.452356 -547.915534 -538.336624 -539.118054 -544.704981 -568.747652 -560.618624 -561.821200 -584.166860 -609.578194 -623.562197 -634.719669 -624.555260 -623.490919 -635.665137 -632.963247 -607.114357 -587.605774 -574.226536 -551.813413 -518.971220 -487.346804 -473.458314 -472.827122 -466.990018 -425.963253 -356.595519 -287.296435 -235.122677 -205.880731 -200.112221 -230.373737 -273.539143 -297.595801 -293.366151 -261.018117 -209.920102 -135.238669 -86.015584 -53.303250 -26.411886 14.346443 121.121888 -9999.0 -9999.0 -9999.0 -9999.0 -9999.0 -9999.0 -9999.0 -9999.0 -9999.0 -9999.0 -9999.0 -9999.0 -9999.0 -9999.0
-9999.0 -9999.0 -9999.0 -9999.0 -9999.0 -9999.0 -9999.0 -9999.0 -9999.0 -9999.0 -9999.0 -9999.0 -9999.0 -9999.0 -9999.0 -9999.0 -9999.0 -9999.0 -9999.0 -9999.0 -9999.0 -9999.0 -9999.0 -9999.0 -9999.0 -9999.0 -9999.0 -9999.0 -9999.0 -9999.0 -9999.0 -9999.0 -9999.0 -9999.0 -9999.0 -9999.0 -9999.0 -9999.0 -9999.0 -9999.0 -9999.0 -9999.0 -9999.0 -9999.0 -9999.0 -9999.0 -9999.0 -9999.0 -9999.0 -9999.0 -9999.0 -9999.0 -9999.0 -9999.0 -9999.0 -9999.0 -9999.0 -9999.0 -9999.0 -9999.0 -9999.0 -9999.0 -9999.0 -9999.0 -9999.0 -9999.0 -9999.0 -9999.0 -9999.0 -9999.0 -9999.0 -9999.0 -9999.0 -9999.0 -9999.0 -9999.0 -9999.0 -9999.0 -9999.0 -9999.0
-9999.0 -9999.0 -9999.0 -9999.0 -9999.0 -9999.0 -9999.0 -9999.0 -9999.0 -9999.0 -9999.0 -9999.0 -9999.0 -9999.0 -9999.0 -9999.0 -9999.0 -9999.0 -9999.0 -9999.0 -9999.0 -9999.0 -9999.0 -9999.0 -9999.0 -9999.0 -9999.0 -9999.0 -9999.0 -9999.0 -9999.0 -9999.0 -9999.0 -9999.0 -9999.0 -9999.0 -9999.0 -9999.0 -9999.0 -9999.0 -9999.0 -9999.0 -9999.0 -9999.0 -9999.0 -9999.0 -9999.0 -9999.0 -9999.0 -9999.0 -9999.0 -9999.0 -9999.0 -9999.0 -9999.0 -9999.0 -9999.0 -9999.0 -9999.0 -9999.0 -9999.0 -9999.0 -9999.0 -9999.0 -9999.0 -9999.0 -9999.0 -9999.0 -9999.0 -9999.0 -9999.0 -9999.0 -9999.0 -9999.0 -9999.0 -9999.0 -9999.0 -9999.0 -9999.0 -9999.0