Borden_/Borden1m_014/output_maps/psiliqL0020N0028.asc
ncols         80
nrows         18
xllcorner     620200.000000
yllcorner     5168000.000000
cellsize      1.000000
NODATA_value  -9999.0
-9999.0 -9999.0 -9999.0 -9999.0 -9999.0 -9999.0 -9999.0 -9999.0 -9999.0 -9999.0 -9999.0 -9999.0 -9999.0 -9999.0 -9999.0 -9999.0 -9999.0 -9999.0 -9999.0 -9999.0 -9999.0 -9999.0 -9999.0 -9999.0 -9999.0 -9999.0 -9999.0 -9999.0 -9999.0 -9999.0 -9999.0 -9999.0 -9999.0 -9999.0 -9999.0 -9999.0 -9999.0 -9999.0 -9999.0 -9999.0 -9999.0 -9999.0 -9999.0 -9999.0 -9999.0 -9999.0 -9999.0 -9999.0 -9999.0 -9999.0 -9999.0 -9999.0 -9999.0 -9999.0 -9999.0 -9999.0 -9999.0 -9999.0 -9999.0 -9999.0 -9999.0 -9999.0 -9999.0 -9999.0 -9999.0 -9999.0 -9999.0 -9999.0 -9999.0 -9999.0 -9999.0 -9999.0 -9999.0 -9999.0 -9999.0 -9999.0 -9999.0 -9999.0 -9999.0 -9999.0
-9999.0 -9999.0 -9999.0 -9999.0 -9999.0 -9999.0 -9999.0 -9999.0 -9999.0 -9999.0 -9999.0 -9999.0 -9999.0 -9999.0 -9999.0 -9999.0 -9999.0 -9999.0 -9999.0 -9999.0 -9999.0 -9999.0 -9999.0 -9999.0 -9999.0 -9999.0 -9999.0 -9999.0 -9999.0 -9999.0 -9999.0 -9999.0 -9999.0 -9999.0 -9999.0 -9999.0 -9999.0 -9999.0 -9999.0 -9999.0 -9999.0 -9999.0 -9999.0 -9999.0 -9999.0 -9999.0 -9999.0 -9999.0 -9999.0 -9999.0 -9999.0 -9999.0 -9999.0 -9999.0 -9999.0 -9999.0 -9999.0 -9999.0 -9999.0 -9999.0 -9999.0 -9999.0 -9999.0 -9999.0 -9999.0 -9999.0 -9999.0 -9999.0 -9999.0 -9999.0 -9999.0 -9999.0 -9999.0 -9999.0 -9999.0 -9999.0 -9999.0 -9999.0 -9999.0 -9999.0
-9999.0 -9999.0 -9999.0 -9999.0 -9999.0 -9999.0 -9999.0 -9999.0 -9999.0 -9999.0 -9999.0 -9999.0 -9999.0 -9999.0 -9999.0 -9999.0 -9999.0 -9999.0 -9999.0 -9999.0 2155.072589 2157.612341 2137.023758 2104.757640 2078.520325 2082.546630 2118.384619 2161.454359 2202.367537 2213.319436 2197.023888 2202.110464 2199.205469 2197.480408 2199.904598 2208.261690 2214.862837 2226.115457 2234.904006 2234.907019 2229.621244 2225.794244 2228.013431 2230.538454 2235.968654 2222.318316 2235.851968 2249.609380 2252.317245 2245.908221 2218.014672 2201.681122 2190.383685 2172.024000 2194.855316 2204.105512 2224.377229 2226.335773 2222.524552 2194.337770 2163.436923 -9999.0 -9999.0 -9999.0 -9999.0 -9999.0 -9999.0 -9999.0 -9999.0 -9999.0 -9999.0 -9999.0 -9999.0 -9999.0 -9999.0 -9999.0 -9999.0 -9999.0 -9999.0 -9999.0
-9999.0 -9999.0 -9999.0 -9999.0 -9999.0 -9999.0 -9999.0 -9999.0 -9999.0 -9999.0 -9999.0 -9999.0 -9999.0 -9999.0 2060.407572 2052.375556 2051.212844 2060.855655 2095.525563 2126.973051 2139.049981 2132.849455 2134.367346 2112.053417 2092.359581 2107.814973 2139.615312 2172.770843 2208.985272 2230.142554 2221.339028 2221.005128 2230.993924 2254.954357 2266.396074 2264.125212 2246.235016 2271.295645 2286.988283 2294.880160 2295.220225 2287.453995 2298.853618 2313.772180 2306.332944 2289.176335 2295.924080 2307.450343 2316.579171 2303.152509 2239.450626 2221.132858 2214.441453 2206.243424 2190.006104 2182.559205 2207.012695 2204.144513 2194.124998 2174.741477 2140.437001 2095.057443 2074.784608 2112.528463 2154.400080 2209.440719 -9999.0 -9999.0 -9999.0 -9999.0 -9999.0 -9999.0 -9999.0 -9999.0 -9999.0 -9999.0 -9999.0 -9999.0 -9999.0 -9999.0
-9999.0 -9999.0 -9999.0 -9999.0 -9999.0 -9999.0 -9999.0 -9999.0 -9999.0 1997.968019 2004.257643 2013.007507 2017.323300 2034.491150 2032.783246 2041.509415 2049.067165 2078.271713 2110.447779 2146.460509 2175.720556 2168.778012 2170.241349 2179.206343 2180.336617 2192.612452 2216.205480 2257.958748 2295.451839 2336.106416 2307.771981 2306.517444 2326.603241 2371.883905 2400.467326 2405.332712 2387.633678 2401.320446 2426.777867 2447.167309 2446.998846 2444.260589 2469.465601 2483.983930 2480.810050 2459.030656 2451.589330 2453.611015 2478.520269 2425.334234 2357.057540 2310.276603 2317.304736 2289.393604 2254.945109 2236.158383 2232.482499 2250.378746 2234.249948 2195.911020 2159.163926 2145.744413 2126.310639 2142.944325 2163.303950 2207.061424 2244.259911 2270.968731 2268.287622 2249.454681 -9999.0 -9999.0 -9999.0 -9999.0 -9999.0 -9999.0 -9999.0 -9999.0 -9999.0 -9999.0
-9999.0 -9999.0 -9999.0 -9999.0 -9999.0 -9999.0 1916.656770 1927.887971 1950.013888 1955.069026 1982.756214 1991.100847 2013.233010 2033.881507 2057.802652 2074.918787 2105.048826 2138.985995 2179.544300 2222.292722 2255.172348 2249.274683 2260.413987 2287.191221 2322.356915 2348.823335 2375.438654 2417.149577 2494.178578 2536.441305 2539.276497 2544.491945 2555.211437 2605.756862 2670.085928 2681.639264 2661.463339 2648.326375 2671.291420 2709.635601 2713.547592 2715.566798 2730.822716 2741.621155 2767.233839 2755.253959 2713.241653 2701.343705 2702.841814 2681.299163 2614.199975 2551.357076 2521.709264 2469.311758 2384.966113 2333.651134 2345.765610 2365.531232 2336.889406 2282.493281 2242.070279 2230.798434 2214.452374 2201.086556 2207.294325 2224.977454 2244.667682 2253.832098 2238.410736 2215.012043 2190.857053 2160.745551 2161.603049 2185.767680 -9999.0 -9999.0 -9999.0 -9999.0 -9999.0 -9999.0
-9999.0 -9999.0 -9999.0 -9999.0 1864.784105 1878.918685 1867.052706 1894.623085 1929.163570 1965.361828 1997.539350 2034.808484 2063.198552 2094.887331 2134.607567 2165.939358 2206.152605 2241.814740 2296.125612 2364.088717 2415.140823 2436.997546 2452.249899 2510.202885 2571.814308 2624.260467 2646.896300 2676.388180 2725.063006 2786.669734 2814.226867 2821.060008 2839.557277 2879.420133 2931.528353 2854.828886 2836.947908 2828.883457 2836.848436 2849.393795 2871.739524 2872.143121 2873.329355 2876.514485 2882.682476 2881.767244 2857.286864 2825.898567 2920.632080 2909.253552 2873.894837 2801.390783 2763.330689 2730.319200 2688.718362 2633.161923 2574.472951 2563.746199 2504.539539 2444.494152 2384.637231 2365.645495 2335.955764 2310.936229 2283.505578 2285.501775 2287.957628 2265.383521 2230.046716 2195.633601 2178.990718 2158.740117 2145.924984 2175.116447 2191.569658 2220.629238 -9999.0 -9999.0 -9999.0 -9999.0
-9999.0 -9999.0 1803.080251 1851.111274 1909.739728 1919.273981 1918.700332 1925.900774 1956.462799 2010.512933 2083.185143 2130.242881 2169.615023 2205.770257 2265.790552 2339.752620 2409.277534 2457.717407 2522.035129 2595.475460 2659.410247 2691.463593 2708.057056 2751.687107 2808.955290 2876.358420 2905.752571 2934.215985 2850.958261 2883.580414 2884.981412 2897.324260 2907.929575 2916.031654 2926.625524 2930.078239 2925.862632 2921.250858 2904.339363 2899.866323 2906.489850 2911.735641 2913.258374 2899.304464 2895.460677 2909.879411 2913.827873 2912.591146 2913.748488 2918.273152 2917.523841 2873.917404 2846.675549 2833.313535 2931.463815 2884.087328 2816.181924 2776.240379 2751.981269 2703.617993 2624.522645 2575.781174 2526.233912 2480.223993 2428.265914 2400.185899 2354.251291 2310.907364 2262.742433 2214.684276 2189.694843 2171.033845 2167.545820 2165.896847 2181.247313 2195.346578 2209.838962 2217.165373 -9999.0 -9999.0
-9999.0 1696.013731 1768.302856 1893.506833 1974.425196 2018.128641 2042.046345 2059.208908 2090.432521 2124.054289 2223.554852 2297.482145 2387.984923 2429.903448 2480.192892 2578.241776 2676.359978 2728.318690 2771.305291 2834.385604 2899.811917 2837.627433 2862.776960 2857.502718 2893.752745 2914.921788 2920.527854 2925.669202 2922.321820 2914.077026 2906.436953 2913.097836 2911.426228 2892.686453 2876.954122 2874.888000 2871.003570 2849.226765 2934.312651 2917.690918 2918.659970 2834.174372 2929.971435 2908.849012 2905.115296 2927.319629 2837.072985 2827.609878 2928.999220 2832.421730 2865.064002 2887.860194 2893.543328 2911.092719 2931.763342 2904.343602 2879.494623 2838.940179 2933.883933 2903.266093 2842.463346 2781.887366 2725.453096 2662.189399 2596.245615 2531.103913 2467.647916 2404.214324 2338.049147 2295.988792 2264.640003 2215.534643 2196.094580 2197.826497 2188.646487 2184.722971 2189.386084 2195.092874 -9999.0 -9999.0
-9999.0 1607.882463 1749.100550 1931.522132 2079.622738 2132.946892 2218.991982 2291.406424 2317.671685 2281.613335 2390.550334 2612.658716 2732.233099 2755.533455 2833.333390 2827.571220 2826.649646 2857.207141 2879.306780 2896.815755 2911.051113 2921.587303 2919.629522 2914.055784 2898.689790 2891.086888 2891.721217 2889.603640 2872.535040 2853.612878 2836.436271 2834.237838 2929.361916 2880.268511 2844.916370 2825.259445 2805.347418 2786.092347 2755.215272 2726.715064 2707.589468 2720.334701 2717.645755 2700.768270 2697.162524 2720.297699 2751.557635 2750.567399 2764.188681 2786.246356 2826.618462 2868.405529 2892.705832 2924.934965 2844.465202 2888.324244 2900.294282 2922.346198 2926.109845 2911.575300 2868.615189 2931.543481 2894.966452 2829.423299 2756.050490 2674.218264 2607.876390 2543.866532 2473.043415 2427.349928 2381.027257 2324.087008 2273.686561 2255.593763 2216.655902 2198.046479 -9999.0 -9999.0 -9999.0 -9999.0
-9999.0 1517.648705 1701.847589 1951.692628 2238.731051 2334.138128 2541.863139 2671.389298 2726.229426 2799.634923 2736.020906 2832.780880 2874.017563 2867.973560 2874.995140 2876.728101 2890.840957 2891.895691 2887.596126 2877.549317 2868.897722 2864.978146 2863.746598 2855.981922 2843.602976 2830.439451 2932.466596 2917.614576 2877.200526 2841.584251 2801.146711 2784.429091 2741.389896 2644.830579 2601.564903 2562.020830 2501.174868 2496.830360 2495.093613 2466.035593 2446.358679 2420.531350 2446.043246 2455.179269 2459.113778 2458.477153 2472.967233 2502.197255 2550.909930 2589.165173 2634.124148 2687.814360 2726.541643 2771.487788 2816.602070 2873.807182 2909.419226 2942.323694 2871.420444 2907.320571 2928.593359 2917.767336 2895.668993 2853.937699 2888.513679 2820.033924 2767.222199 2689.886807 2624.348032 2571.861095 2524.788786 2473.656791 2409.650613 2340.654133 2300.741218 -9999.0 -9999.0 -9999.0 -9999.0 -9999.0
-9999.0 1317.104548 1583.098913 1860.926892 2157.383896 2495.522766 2653.986645 2772.535264 2846.487345 2826.203963 2845.227613 2863.012400 2818.972470 2826.001952 2902.667714 2893.327052 2880.767309 2881.564762 2895.339576 2869.044751 2839.354947 2825.713875 2825.223696 2813.057780 2788.351783 2770.862809 2759.585735 2737.043162 2685.817091 2632.336707 2546.776460 2511.468097 2430.832592 2382.244871 2339.989512 2289.843397 2239.725537 2240.132160 2259.814646 2246.827518 2224.803324 2206.550716 2234.459272 2254.784824 2268.214868 2255.313629 2264.312888 2300.421615 2350.412525 2395.331333 2445.188940 2501.062119 2547.684678 2594.822769 2625.388396 2674.261882 2726.003942 2774.487977 2849.085802 2930.959602 2851.105767 2883.672500 2914.950558 2933.648510 2891.077524 2858.599962 2830.241561 2818.731316 2742.902970 2693.175486 2663.137228 2619.038370 2563.455853 -9999.0 -9999.0 -9999.0 -9999.0 -9999.0 -9999.0 -9999.0
-9999.0 1197.594267 1404.222226 1615.770524 1884.302991 2120.635377 2332.111696 2436.246060 2517.125474 2574.054259 2621.506004 2660.450081 2692.867811 2718.200991 2700.296615 2658.087800 2628.877880 2634.080741 2628.032560 2605.552094 2576.664790 2562.084854 2558.591074 2551.576411 2527.422284 2513.296832 2502.280494 2478.243603 2447.278968 2391.039845 2313.238273 2237.951879 2179.180629 2151.776036 2123.997083 2092.794516 2060.474150 2070.886375 2082.206234 2079.995260 2070.997829 2069.255273 2098.206185 2117.545960 2127.780933 2117.258181 2136.966350 2163.219854 2204.340628 2248.335522 2297.849563 2352.838506 2406.863980 2435.212498 2447.274212 2469.931492 2508.275344 2561.711145 2647.356067 2744.679860 2825.042461 2874.980685 2926.869918 2852.781113 2875.161283 2900.036302 2908.798476 2885.229936 2844.534046 2817.208123 2746.529238 -9999.0 -9999.0 -9999.0 -9999.0 -9999.0 -9999.0 -9999.0 -9999.0 -9999.0
-9999.0 -9999.0 1174.645517 1340.441291 1459.668626 1631.842549 1779.385999 1889.722781 1986.440599 2115.391050 2230.466100 2320.989841 2367.224203 2385.713803 2373.692242 2345.168757 2326.779889 2327.041459 2316.347457 2307.486089 2289.698130 2282.277750 2269.504680 2260.742397 2252.371457 2247.822027 2242.522418 2231.535037 2210.480127 2164.575973 2119.731501 2070.330213 2018.788616 1993.887908 1972.637033 1952.263953 1952.596490 1947.557673 1952.496359 1954.291343 1962.147771 1975.303459 1995.057177 2017.572993 2027.645395 2037.613733 2050.166427 2073.956159 2106.921424 2149.575717 2204.116370 2263.018532 2303.744769 2316.835657 2306.778544 2310.723852 2328.795621 2369.274973 2446.343809 2528.442511 2625.231107 2697.125515 2769.568796 2820.549247 2835.299373 2849.787927 2837.904895 2863.237618 2863.235305 2852.017008 -9999.0 -9999.0 -9999.0 -9999.0 -9999.0 -9999.0 -9999.0 -9999.0 -9999.0 -9999.0
-9999.0 -9999.0 -9999.0 -9999.0 1200.700761 1352.250549 1449.990387 1532.216986 1664.085279 1789.713660 1893.373365 1979.178557 2044.956176 2072.626184 2071.847506 2083.004659 2080.606237 2073.536454 2063.444394 2064.787044 2065.939137 2058.712880 2043.113215 2035.778881 2037.335255 2042.777108 2039.783035 2025.732483 2007.062615 1987.179588 1969.155103 1935.746305 1900.876957 1871.925348 1858.826941 1853.846416 1853.423692 1845.807470 1854.098677 1861.913924 1877.296504 1892.399878 1916.008458 1945.290228 1959.650470 1974.753355 1984.542551 2004.908115 2035.618193 2089.383547 2153.427808 2212.126690 2249.452421 2254.675429 2231.031422 2215.748183 2211.599138 2238.749395 2281.762710 2346.014049 2446.257893 2519.014233 2572.816941 2614.714690 2645.607177 2689.603660 2738.068848 2773.697607 -9999.0 -9999.0 -9999.0 -9999.0 -9999.0 -9999.0 -9999.0 -9999.0 -9999.0 -9999.0 -9999.0 -9999.0
-9999.0 -9999.0 -9999.0 -9999.0 -9999.0 -9999.0 1167.924658 1271.530523 1346.889826 1491.726695 1628.778708 1733.248576 1815.515889 1849.765136 1880.029179 1908.945717 1908.573157 1889.741079 1869.688644 1889.617963 1905.479787 1899.228807 1868.173114 1868.262300 1873.593084 1881.220618 1878.400473 1871.707367 1846.365725 1859.481621 1861.240942 1837.937179 1811.983366 1798.405474 1786.471246 1795.975241 1795.938569 1781.808099 1781.527297 1808.642047 1829.134373 1842.099076 1863.560769 1896.805603 1929.378344 1945.073503 1946.662957 1952.719334 1992.016083 2062.401132 2134.920417 2191.429850 2225.036080 2233.980277 2208.126885 2168.773899 2149.070879 2156.301938 2190.577794 2241.655435 2316.034640 2363.362105 2385.496110 2394.534262 2409.062932 2499.969953 -9999.0 -9999.0 -9999.0 -9999.0 -9999.0 -9999.0 -9999.0 -9999.0 -9999.0 -9999.0 -9999.0 -9999.0 -9999.0 -9999.0
-9999.0 -9999.0 -9999.0 -9999.0 -9999.0 -9999.0 -9999.0 -9999.0 -9999.0 -9999.0 -9999.0 -9999.0 -9999.0 -9999.0 -9999.0 -9999.0 -9999.0 -9999.0 -9999.0 -9999.0 -9999.0 -9999.0 -9999.0 -9999.0 -9999.0 -9999.0 -9999.0 -9999.0 -9999.0 -9999.0 -9999.0 -9999.0 -9999.0 -9999.0 -9999.0 -9999.0 -9999.0 -9999.0 -9999.0 -9999.0 -9999.0 -9999.0 -9999.0 -9999.0 -9999.0 -9999.0 -9999.0 -9999.0 -9999.0 -9999.0 -9999.0 -9999.0 -9999.0 -9999.0 -9999.0 -9999.0 -9999.0 -9999.0 -9999.0 -9999.0 -9999.0 -9999.0 -9999.0 -9999.0 -9999.0 -9999.0 -9999.0 -9999.0 -9999.0 -9999.0 -9999.0 -9999.0 -9999.0 -9999.0 -9999.0 -9999.0 -9999.0 -9999.0 -9999.0 -9999.0
-9999.0 -9999.0 -9999.0 -9999.0 -9999.0 -9999.0 -9999.0 -9999.0 -9999.0 -9999.0 -9999.0 -9999.0 -9999.0 -9999.0 -9999.0 -9999.0 -9999.0 -9999.0 -9999.0 -9999.0 -9999.0 -9999.0 -9999.0 -9999.0 -9999.0 -9999.0 -9999.0 -9999.0 -9999.0 -9999.0 -9999.0 -9999.0 -9999.0 -9999.0 -9999.0 -9999.0 -9999.0 -9999.0 -9999.0 -9999.0 -9999.0 -9999.0 -9999.0 -9999.0 -9999.0 -9999.0 -9999.0 -9999.0 -9999.0 -9999.0 -9999.0 -9999.0 -9999.0 -9999.0 -9999.0 -9999.0 -9999.0 -9999.0 -9999.0 -9999.0 -9999.0 -9999.0 -9999.0 -9999.0 -9999.0 -9999.0 -9999.0 -9999.0 -9999.0 -9999.0 -9999.0 -9999.0 -9999.0 -9999.0 -9999.0 -9999.0 -9999.0 -9999.0 -9999.0 -9999.0