Borden_/Borden1m_014/output_maps/psiliqL0008N0021.asc
ncols         80
nrows         18
xllcorner     620200.000000
yllcorner     5168000.000000
cellsize      1.000000
NODATA_value  -9999.0
-9999.0 -9999.0 -9999.0 -9999.0 -9999.0 -9999.0 -9999.0 -9999.0 -9999.0 -9999.0 -9999.0 -9999.0 -9999.0 -9999.0 -9999.0 -9999.0 -9999.0 -9999.0 -9999.0 -9999.0 -9999.0 -9999.0 -9999.0 -9999.0 -9999.0 -9999.0 -9999.0 -9999.0 -9999.0 -9999.0 -9999.0 -9999.0 -9999.0 -9999.0 -9999.0 -9999.0 -9999.0 -9999.0 -9999.0 -9999.0 -9999.0 -9999.0 -9999.0 -9999.0 -9999.0 -9999.0 -9999.0 -9999.0 -9999.0 -9999.0 -9999.0 -9999.0 -9999.0 -9999.0 -9999.0 -9999.0 -9999.0 -9999.0 -9999.0 -9999.0 -9999.0 -9999.0 -9999.0 -9999.0 -9999.0 -9999.0 -9999.0 -9999.0 -9999.0 -9999.0 -9999.0 -9999.0 -9999.0 -9999.0 -9999.0 -9999.0 -9999.0 -9999.0 -9999.0 -9999.0
-9999.0 -9999.0 -9999.0 -9999.0 -9999.0 -9999.0 -9999.0 -9999.0 -9999.0 -9999.0 -9999.0 -9999.0 -9999.0 -9999.0 -9999.0 -9999.0 -9999.0 -9999.0 -9999.0 -9999.0 -9999.0 -9999.0 -9999.0 -9999.0 -9999.0 -9999.0 -9999.0 -9999.0 -9999.0 -9999.0 -9999.0 -9999.0 -9999.0 -9999.0 -9999.0 -9999.0 -9999.0 -9999.0 -9999.0 -9999.0 -9999.0 -9999.0 -9999.0 -9999.0 -9999.0 -9999.0 -9999.0 -9999.0 -9999.0 -9999.0 -9999.0 -9999.0 -9999.0 -9999.0 -9999.0 -9999.0 -9999.0 -9999.0 -9999.0 -9999.0 -9999.0 -9999.0 -9999.0 -9999.0 -9999.0 -9999.0 -9999.0 -9999.0 -9999.0 -9999.0 -9999.0 -9999.0 -9999.0 -9999.0 -9999.0 -9999.0 -9999.0 -9999.0 -9999.0 -9999.0
-9999.0 -9999.0 -9999.0 -9999.0 -9999.0 -9999.0 -9999.0 -9999.0 -9999.0 -9999.0 -9999.0 -9999.0 -9999.0 -9999.0 -9999.0 -9999.0 -9999.0 -9999.0 -9999.0 -9999.0 -269.420072 -266.401122 -289.187603 -323.389601 -352.093978 -350.237863 -314.980628 -273.798518 -235.982137 -225.355190 -243.256584 -241.683347 -246.580309 -246.491144 -243.271719 -237.174957 -234.442357 -222.835360 -214.230953 -214.382442 -220.513867 -226.204314 -227.348752 -223.721744 -218.728350 -227.745687 -214.286547 -198.869490 -192.496016 -197.934796 -225.713700 -241.853939 -250.235999 -264.835090 -240.513136 -227.995055 -204.981149 -200.634236 -201.840130 -228.861250 -258.876098 -9999.0 -9999.0 -9999.0 -9999.0 -9999.0 -9999.0 -9999.0 -9999.0 -9999.0 -9999.0 -9999.0 -9999.0 -9999.0 -9999.0 -9999.0 -9999.0 -9999.0 -9999.0 -9999.0
-9999.0 -9999.0 -9999.0 -9999.0 -9999.0 -9999.0 -9999.0 -9999.0 -9999.0 -9999.0 -9999.0 -9999.0 -9999.0 -9999.0 -359.925391 -370.287093 -373.519007 -365.094498 -331.172196 -301.106088 -288.457970 -296.137300 -296.292198 -320.002379 -340.363435 -326.081687 -296.554126 -265.096894 -230.679718 -209.617078 -222.006144 -224.343791 -213.117262 -184.415440 -168.795846 -171.128532 -192.687943 -169.629029 -152.721173 -142.528244 -143.139406 -151.642988 -136.130748 -118.977101 -125.697742 -144.359633 -141.640723 -129.993103 -115.262859 -131.762966 -198.773138 -221.078576 -224.980173 -232.101198 -245.655873 -252.329563 -227.661988 -226.683470 -234.896386 -252.732874 -284.838089 -328.988316 -346.858637 -307.996292 -263.309215 -205.192793 -9999.0 -9999.0 -9999.0 -9999.0 -9999.0 -9999.0 -9999.0 -9999.0 -9999.0 -9999.0 -9999.0 -9999.0 -9999.0 -9999.0
-9999.0 -9999.0 -9999.0 -9999.0 -9999.0 -9999.0 -9999.0 -9999.0 -9999.0 -416.436083 -413.027572 -406.183598 -404.697615 -389.273943 -391.193012 -384.463497 -376.687133 -350.557424 -319.282529 -284.007583 -255.102095 -265.049508 -264.592970 -251.954512 -244.272201 -230.684854 -209.144041 -167.036157 -121.405139 -75.414344 -102.187826 -102.380675 -79.282733 -25.088710 17.526013 29.828927 8.456038 12.217332 40.627367 70.080587 72.649200 72.306082 102.812905 121.069810 128.653504 102.891329 77.363844 73.777539 103.241090 42.061632 -29.940665 -89.477224 -93.984045 -130.237457 -174.757642 -198.735796 -202.549719 -180.959996 -197.025292 -235.055225 -271.682874 -281.209659 -297.791690 -281.407046 -258.596117 -211.421305 -172.612180 -143.676230 -143.209328 -160.414796 -9999.0 -9999.0 -9999.0 -9999.0 -9999.0 -9999.0 -9999.0 -9999.0 -9999.0 -9999.0
-9999.0 -9999.0 -9999.0 -9999.0 -9999.0 -9999.0 -494.672264 -486.166334 -466.796449 -461.521272 -437.572539 -430.390415 -410.177615 -391.026047 -370.584158 -353.521891 -322.304557 -289.403889 -247.161327 -201.762541 -167.851234 -171.055273 -158.940633 -119.566933 -68.915434 -32.176631 -4.685004 41.100005 141.391955 208.051900 231.579359 244.753909 262.195278 303.491211 361.925441 391.239289 356.886612 338.394705 354.698101 391.613371 420.898536 425.959635 434.698067 443.647645 468.951617 457.361809 396.474126 374.516448 369.323451 358.718871 310.966338 252.724893 189.788848 114.943640 15.832055 -48.809623 -52.395545 -40.535246 -77.313831 -135.559906 -180.911091 -192.877735 -208.526933 -223.328802 -218.205914 -198.765087 -175.181614 -163.553519 -175.763927 -196.083359 -218.898114 -247.396829 -245.566319 -220.040871 -9999.0 -9999.0 -9999.0 -9999.0 -9999.0 -9999.0
-9999.0 -9999.0 -9999.0 -9999.0 -544.026386 -531.993749 -543.958136 -520.891040 -489.412738 -456.695777 -424.614461 -387.333857 -360.261564 -330.277914 -287.772626 -248.552144 -203.208231 -165.037051 -103.032008 -25.914258 34.158948 68.226962 94.963874 186.271764 267.363393 317.104282 333.506122 357.963481 403.322287 483.678690 512.091886 525.206955 542.707234 573.065904 613.159345 647.087780 627.988880 618.273039 623.190284 633.387670 660.458784 662.747529 664.650968 665.746485 668.320633 667.577007 642.629267 610.330670 597.866263 589.783220 566.383859 502.652622 438.576046 400.143411 372.836780 331.939549 270.664973 240.317033 157.181266 77.911095 -1.214381 -32.582313 -71.074956 -102.407204 -136.339101 -137.340934 -135.354961 -155.582586 -186.313916 -218.097643 -232.759159 -251.110644 -261.027407 -231.052129 -213.211451 -182.062780 -9999.0 -9999.0 -9999.0 -9999.0
-9999.0 -9999.0 -601.441561 -551.796553 -496.453003 -488.396781 -486.686267 -482.310708 -455.937800 -405.432458 -325.810256 -271.841471 -225.676280 -192.705019 -126.611610 -32.934824 54.947615 122.226451 210.246964 285.900881 342.137991 378.164441 416.776970 461.437786 512.274787 566.445876 587.519683 612.319266 640.697851 673.441073 695.835026 711.942271 718.437430 716.249711 717.360891 716.860519 712.715499 706.299734 688.576105 685.747264 693.411298 696.781797 699.853444 687.435051 683.557805 695.713681 697.962233 698.024002 699.254718 707.902855 716.080496 683.548502 631.719148 615.175773 607.228603 570.294896 510.065626 450.216700 418.789512 377.254520 307.213119 256.764705 184.691934 105.445671 34.716918 -8.503687 -61.804821 -105.670939 -152.429985 -198.121744 -221.447328 -239.664213 -241.686018 -240.862987 -224.649529 -208.819978 -193.248449 -185.349139 -9999.0 -9999.0
-9999.0 -699.729974 -627.421352 -500.228835 -421.768580 -376.839768 -335.796163 -306.430468 -281.951609 -266.243136 -153.147299 -36.757732 64.549625 108.824501 189.887415 299.298935 403.470662 448.728637 484.683232 531.767163 584.902853 628.663665 658.255492 687.062458 714.755284 716.214198 715.192090 715.565436 709.018381 702.030068 692.553975 699.148476 697.459673 681.234622 667.866419 665.793210 659.279002 631.591491 602.601372 588.322996 591.939780 612.696046 602.391293 582.841723 579.147553 598.082460 615.824354 608.595464 594.959193 617.389464 651.540944 672.122786 686.724624 700.895552 720.891187 699.018190 667.127756 626.046424 604.712070 577.508166 511.161565 449.352978 393.632734 332.097877 268.988334 180.679881 88.879542 15.706726 -57.399507 -100.464257 -133.507350 -186.797680 -210.556917 -209.162682 -218.360890 -220.762425 -214.046251 -207.537377 -9999.0 -9999.0
-9999.0 -770.758091 -627.715928 -442.093158 -294.584900 -230.580434 -104.402959 -15.627682 16.257168 -5.384786 133.946384 381.030806 463.767464 478.391687 545.324740 623.036829 661.062473 689.176255 707.009591 705.476540 704.443670 709.454269 707.087371 700.307223 686.482072 678.483027 677.352828 674.182702 655.060400 636.026034 618.477040 610.351254 598.211523 562.632766 533.961279 519.348433 500.860548 459.235073 416.675986 387.340981 373.765936 391.293489 382.543862 365.993862 362.504634 384.234004 417.528825 415.293317 426.055809 453.374383 496.289920 544.953414 568.069147 595.994043 630.340998 673.629074 692.308850 712.155519 716.865719 694.060058 650.526278 603.062871 570.528717 500.084552 429.246686 352.294094 294.411973 238.205286 145.306516 75.617190 14.259396 -52.778396 -116.346625 -146.862664 -187.103500 -208.317843 -9999.0 -9999.0 -9999.0 -9999.0
-9999.0 -835.620918 -644.495034 -378.301327 -116.908938 29.634947 258.931977 391.012820 476.039920 511.152865 555.079719 662.368917 683.824059 674.646776 659.322767 660.415796 673.743989 677.526341 674.146295 665.167090 656.083444 649.343321 648.277463 640.431961 627.324971 611.454557 598.193995 583.727706 534.067516 500.154183 468.352074 448.515901 410.583953 329.039244 293.876394 264.046459 195.555062 174.960477 152.943531 109.638877 84.035900 65.948801 86.473238 85.866958 86.457354 97.402695 126.810366 156.747383 216.907780 264.456576 305.470502 354.130215 389.048967 435.883505 485.398630 550.875295 582.179850 611.334845 653.921285 695.048463 716.986984 709.155549 680.433639 639.372336 573.841363 500.187553 455.469614 393.752834 330.850746 280.484197 235.554533 161.099716 60.832135 -52.712191 -98.067408 -9999.0 -9999.0 -9999.0 -9999.0 -9999.0
-9999.0 -988.475883 -721.230536 -424.125329 -84.621190 259.578077 374.430818 549.387961 623.554395 559.665116 525.744933 558.040238 593.279186 600.468225 581.215233 575.362462 568.160682 568.565180 581.652438 556.346014 519.872938 501.898766 499.078038 484.359475 457.038492 435.358478 419.457277 397.766697 349.776062 306.900927 236.068017 196.242983 94.862617 14.784067 -36.384009 -87.804807 -144.855253 -149.049974 -134.882379 -153.270481 -176.537706 -195.774977 -170.067895 -154.612291 -143.639550 -152.982091 -142.955157 -106.141146 -53.643134 -6.192990 50.997220 121.462095 190.462969 261.167337 295.363816 343.940515 389.172622 440.117663 514.633167 600.509096 633.993164 670.181692 706.810949 723.437872 678.960289 632.255247 588.138253 541.552803 454.794810 400.747207 369.634868 328.131462 273.505525 -9999.0 -9999.0 -9999.0 -9999.0 -9999.0 -9999.0 -9999.0
-9999.0 -1122.854894 -890.279028 -641.725792 -339.779374 -96.331754 106.180340 247.453235 341.804366 319.477092 324.067085 348.284171 374.370396 394.491508 374.269018 343.639988 321.720917 326.289665 326.716287 306.215631 280.627630 267.217767 264.733143 252.660115 214.154905 188.123352 168.600168 133.143104 82.206285 17.216112 -71.004153 -143.448947 -209.219602 -246.415764 -277.267531 -311.259995 -351.380631 -340.791420 -325.986484 -330.822734 -343.526601 -348.246122 -318.459517 -300.198883 -290.275496 -303.642485 -285.349185 -258.415340 -216.468849 -174.326841 -125.585490 -69.667370 -13.044791 23.447848 44.942505 83.883391 145.763267 231.164024 318.523311 413.785908 490.315963 549.711576 601.698004 635.368026 653.279217 673.794225 664.050245 610.542071 517.987617 478.854761 447.761381 -9999.0 -9999.0 -9999.0 -9999.0 -9999.0 -9999.0 -9999.0 -9999.0 -9999.0
-9999.0 -9999.0 -1127.245526 -935.983103 -774.960614 -590.948996 -442.407644 -332.330848 -257.317454 -167.618553 -77.689480 -2.415217 40.613057 58.810214 38.627834 -4.666791 -31.858196 -31.777227 -41.057227 -55.689874 -81.116109 -91.841415 -102.419531 -111.886302 -127.955904 -137.279880 -144.045278 -156.818082 -181.273963 -229.500885 -283.205248 -336.382084 -391.954296 -417.230788 -439.284642 -462.082935 -465.722262 -467.155497 -460.077000 -458.871094 -453.687334 -442.073423 -421.225734 -399.969129 -390.695352 -383.975757 -371.532977 -347.931296 -314.780531 -274.126319 -222.365533 -166.949782 -128.747735 -116.420232 -125.246097 -117.759703 -92.170821 -40.629111 60.272073 184.688559 291.261455 362.183396 438.205613 494.089308 523.240184 548.424989 585.394336 568.226611 363.919403 477.887508 -9999.0 -9999.0 -9999.0 -9999.0 -9999.0 -9999.0 -9999.0 -9999.0 -9999.0 -9999.0
-9999.0 -9999.0 -9999.0 -9999.0 -1078.950952 -922.093268 -829.616080 -748.727019 -631.121809 -525.177413 -434.146612 -358.089177 -306.164386 -283.288082 -295.146163 -301.639074 -310.252836 -313.813394 -322.510336 -328.679743 -335.081777 -343.367384 -354.824946 -362.696296 -363.696796 -360.321573 -362.304764 -375.368811 -391.095824 -418.751086 -443.065334 -478.285861 -515.257853 -544.139411 -556.880577 -563.707975 -563.229923 -568.437357 -558.737813 -552.483880 -537.675953 -522.247610 -498.257596 -470.112554 -457.789463 -443.794823 -434.249804 -413.553528 -383.792784 -331.202602 -269.475086 -214.525464 -181.707525 -179.192540 -206.562999 -223.377274 -227.123344 -198.849592 -149.217328 -72.749154 41.167250 139.978427 237.210188 293.047727 328.038780 378.067130 449.627227 512.621413 -9999.0 -9999.0 -9999.0 -9999.0 -9999.0 -9999.0 -9999.0 -9999.0 -9999.0 -9999.0 -9999.0 -9999.0
-9999.0 -9999.0 -9999.0 -9999.0 -9999.0 -9999.0 -1136.082201 -1042.198215 -954.844925 -836.580502 -727.453997 -638.339162 -565.956218 -542.219635 -525.883021 -504.054323 -508.961264 -525.783878 -542.043398 -525.671519 -516.448722 -521.092697 -548.092575 -549.479672 -545.973269 -536.365688 -537.240757 -543.002964 -567.386962 -559.338926 -560.696694 -583.321021 -608.969767 -623.086114 -634.332283 -624.170993 -623.131095 -635.359572 -632.660860 -606.744015 -587.173546 -573.741646 -551.231959 -518.239163 -486.462578 -472.472353 -471.769202 -465.800295 -424.397150 -354.317333 -284.622728 -232.336743 -202.747384 -196.575058 -226.408749 -268.697983 -291.712908 -286.462546 -253.244879 -200.403371 -121.681168 -67.977352 -29.557430 -1.065728 34.574124 152.355696 -9999.0 -9999.0 -9999.0 -9999.0 -9999.0 -9999.0 -9999.0 -9999.0 -9999.0 -9999.0 -9999.0 -9999.0 -9999.0 -9999.0
-9999.0 -9999.0 -9999.0 -9999.0 -9999.0 -9999.0 -9999.0 -9999.0 -9999.0 -9999.0 -9999.0 -9999.0 -9999.0 -9999.0 -9999.0 -9999.0 -9999.0 -9999.0 -9999.0 -9999.0 -9999.0 -9999.0 -9999.0 -9999.0 -9999.0 -9999.0 -9999.0 -9999.0 -9999.0 -9999.0 -9999.0 -9999.0 -9999.0 -9999.0 -9999.0 -9999.0 -9999.0 -9999.0 -9999.0 -9999.0 -9999.0 -9999.0 -9999.0 -9999.0 -9999.0 -9999.0 -9999.0 -9999.0 -9999.0 -9999.0 -9999.0 -9999.0 -9999.0 -9999.0 -9999.0 -9999.0 -9999.0 -9999.0 -9999.0 -9999.0 -9999.0 -9999.0 -9999.0 -9999.0 -9999.0 -9999.0 -9999.0 -9999.0 -9999.0 -9999.0 -9999.0 -9999.0 -9999.0 -9999.0 -9999.0 -9999.0 -9999.0 -9999.0 -9999.0 -9999.0
-9999.0 -9999.0 -9999.0 -9999.0 -9999.0 -9999.0 -9999.0 -9999.0 -9999.0 -9999.0 -9999.0 -9999.0 -9999.0 -9999.0 -9999.0 -9999.0 -9999.0 -9999.0 -9999.0 -9999.0 -9999.0 -9999.0 -9999.0 -9999.0 -9999.0 -9999.0 -9999.0 -9999.0 -9999.0 -9999.0 -9999.0 -9999.0 -9999.0 -9999.0 -9999.0 -9999.0 -9999.0 -9999.0 -9999.0 -9999.0 -9999.0 -9999.0 -9999.0 -9999.0 -9999.0 -9999.0 -9999.0 -9999.0 -9999.0 -9999.0 -9999.0 -9999.0 -9999.0 -9999.0 -9999.0 -9999.0 -9999.0 -9999.0 -9999.0 -9999.0 -9999.0 -9999.0 -9999.0 -9999.0 -9999.0 -9999.0 -9999.0 -9999.0 -9999.0 -9999.0 -9999.0 -9999.0 -9999.0 -9999.0 -9999.0 -9999.0 -9999.0 -9999.0 -9999.0 -9999.0