Borden_/Borden1m_014/output_maps/psiliqL0020N0033.asc
ncols         80
nrows         18
xllcorner     620200.000000
yllcorner     5168000.000000
cellsize      1.000000
NODATA_value  -9999.0
-9999.0 -9999.0 -9999.0 -9999.0 -9999.0 -9999.0 -9999.0 -9999.0 -9999.0 -9999.0 -9999.0 -9999.0 -9999.0 -9999.0 -9999.0 -9999.0 -9999.0 -9999.0 -9999.0 -9999.0 -9999.0 -9999.0 -9999.0 -9999.0 -9999.0 -9999.0 -9999.0 -9999.0 -9999.0 -9999.0 -9999.0 -9999.0 -9999.0 -9999.0 -9999.0 -9999.0 -9999.0 -9999.0 -9999.0 -9999.0 -9999.0 -9999.0 -9999.0 -9999.0 -9999.0 -9999.0 -9999.0 -9999.0 -9999.0 -9999.0 -9999.0 -9999.0 -9999.0 -9999.0 -9999.0 -9999.0 -9999.0 -9999.0 -9999.0 -9999.0 -9999.0 -9999.0 -9999.0 -9999.0 -9999.0 -9999.0 -9999.0 -9999.0 -9999.0 -9999.0 -9999.0 -9999.0 -9999.0 -9999.0 -9999.0 -9999.0 -9999.0 -9999.0 -9999.0 -9999.0
-9999.0 -9999.0 -9999.0 -9999.0 -9999.0 -9999.0 -9999.0 -9999.0 -9999.0 -9999.0 -9999.0 -9999.0 -9999.0 -9999.0 -9999.0 -9999.0 -9999.0 -9999.0 -9999.0 -9999.0 -9999.0 -9999.0 -9999.0 -9999.0 -9999.0 -9999.0 -9999.0 -9999.0 -9999.0 -9999.0 -9999.0 -9999.0 -9999.0 -9999.0 -9999.0 -9999.0 -9999.0 -9999.0 -9999.0 -9999.0 -9999.0 -9999.0 -9999.0 -9999.0 -9999.0 -9999.0 -9999.0 -9999.0 -9999.0 -9999.0 -9999.0 -9999.0 -9999.0 -9999.0 -9999.0 -9999.0 -9999.0 -9999.0 -9999.0 -9999.0 -9999.0 -9999.0 -9999.0 -9999.0 -9999.0 -9999.0 -9999.0 -9999.0 -9999.0 -9999.0 -9999.0 -9999.0 -9999.0 -9999.0 -9999.0 -9999.0 -9999.0 -9999.0 -9999.0 -9999.0
-9999.0 -9999.0 -9999.0 -9999.0 -9999.0 -9999.0 -9999.0 -9999.0 -9999.0 -9999.0 -9999.0 -9999.0 -9999.0 -9999.0 -9999.0 -9999.0 -9999.0 -9999.0 -9999.0 -9999.0 2156.204516 2158.744479 2138.153293 2105.887755 2079.665539 2083.724532 2119.602061 2162.697068 2203.601467 2214.510977 2198.156214 2203.195599 2200.285552 2198.619283 2201.163896 2209.718645 2216.613042 2228.230867 2237.389417 2237.710552 2232.654486 2228.954940 2231.211044 2233.715077 2239.100100 2225.392552 2238.836159 2252.428792 2254.899105 2248.197038 2219.982657 2203.399612 2191.922260 2173.435753 2196.162223 2205.312407 2225.485698 2227.361563 2223.479039 2195.228032 2164.282004 -9999.0 -9999.0 -9999.0 -9999.0 -9999.0 -9999.0 -9999.0 -9999.0 -9999.0 -9999.0 -9999.0 -9999.0 -9999.0 -9999.0 -9999.0 -9999.0 -9999.0 -9999.0 -9999.0
-9999.0 -9999.0 -9999.0 -9999.0 -9999.0 -9999.0 -9999.0 -9999.0 -9999.0 -9999.0 -9999.0 -9999.0 -9999.0 -9999.0 2061.473024 2053.469921 2052.348248 2062.033039 2096.742212 2128.218859 2140.284611 2134.080983 2135.582729 2113.249762 2093.557247 2109.044570 2140.889164 2174.063190 2210.238371 2231.307788 2222.394280 2221.963482 2231.904301 2255.882712 2267.418418 2265.348653 2247.827385 2273.340894 2289.487871 2297.755593 2298.353135 2290.712609 2302.125155 2316.995064 2309.504542 2292.311207 2298.986499 2310.352149 2319.222769 2305.475257 2241.412763 2222.822615 2215.964957 2207.669429 2191.345271 2183.794422 2208.147797 2205.199352 2195.114615 2175.665351 2141.288457 2095.821971 2075.457397 2113.115655 2154.913614 2209.896182 -9999.0 -9999.0 -9999.0 -9999.0 -9999.0 -9999.0 -9999.0 -9999.0 -9999.0 -9999.0 -9999.0 -9999.0 -9999.0 -9999.0
-9999.0 -9999.0 -9999.0 -9999.0 -9999.0 -9999.0 -9999.0 -9999.0 -9999.0 1998.826759 2005.175862 2014.005901 2018.399968 2035.625365 2033.939218 2042.707685 2050.313010 2079.558733 2111.775047 2147.833614 2177.123696 2170.179254 2171.589070 2180.479974 2181.570927 2193.872141 2217.518118 2259.275023 2296.655186 2337.114179 2308.557158 2307.093214 2327.034728 2372.257820 2400.851954 2405.890347 2388.689284 2403.010640 2429.066062 2449.917292 2450.042971 2447.427629 2472.622321 2487.054350 2483.827141 2462.053335 2454.573177 2456.446519 2481.070084 2427.531937 2358.846068 2311.763043 2318.679555 2290.756663 2256.277060 2237.385995 2233.603628 2251.430127 2235.266192 2196.879083 2160.051586 2146.529307 2126.992737 2143.532382 2163.800751 2207.450944 2244.500258 2271.069560 2268.268154 2249.354718 -9999.0 -9999.0 -9999.0 -9999.0 -9999.0 -9999.0 -9999.0 -9999.0 -9999.0 -9999.0
-9999.0 -9999.0 -9999.0 -9999.0 -9999.0 -9999.0 1917.277023 1928.583654 1950.814997 1955.971887 1983.762516 1992.211162 2014.438228 2035.155978 2059.129401 2076.306079 2106.488713 2140.449114 2181.025510 2223.824009 2256.759973 2250.831970 2261.835806 2288.414577 2323.440087 2349.903259 2376.581839 2418.276926 2495.083945 2537.003356 2539.471028 2544.316564 2554.739685 2605.068658 2669.200806 2680.857107 2661.358728 2649.092074 2672.816178 2711.709833 2715.946769 2718.094958 2733.281010 2743.990428 2769.567226 2757.637114 2715.695992 2703.691958 2704.884792 2682.951288 2615.403044 2552.275193 2522.635148 2470.395359 2386.090221 2334.674969 2346.666441 2366.400813 2337.805181 2283.426919 2242.934781 2231.546856 2215.091667 2201.632081 2207.735351 2225.280667 2244.808695 2253.807229 2238.239694 2214.721616 2190.429148 2160.296573 2161.185308 2185.391257 -9999.0 -9999.0 -9999.0 -9999.0 -9999.0 -9999.0
-9999.0 -9999.0 -9999.0 -9999.0 1865.231214 1879.432513 1867.672365 1895.367065 1930.050097 1966.392925 1998.714960 2036.131193 2064.631932 2096.381161 2136.141405 2167.533859 2207.785467 2243.406477 2297.651730 2365.616211 2416.701353 2438.477506 2453.475980 2511.035296 2572.341520 2624.715421 2647.420539 2676.935236 2725.428666 2786.722358 2813.916074 2820.320398 2838.453021 2877.989944 2929.713991 2859.744376 2841.743243 2833.680343 2841.695006 2854.338585 2876.810652 2877.317230 2878.529607 2881.729958 2887.859351 2886.845098 2862.255211 2830.818749 2922.031346 2910.321996 2874.543262 2801.767857 2763.706002 2730.818400 2689.258026 2633.589968 2574.775153 2564.083401 2505.057266 2445.145155 2385.244248 2366.122472 2336.339216 2311.255709 2283.718933 2285.564773 2287.830825 2265.048901 2229.543788 2195.025630 2178.341877 2158.128674 2145.398058 2174.691713 2191.245560 2220.377470 -9999.0 -9999.0 -9999.0 -9999.0
-9999.0 -9999.0 1803.386642 1851.462393 1910.170418 1919.801490 1919.359833 1926.733912 1957.488322 2011.724595 2084.584585 2131.818897 2171.296870 2207.451339 2267.432149 2341.404275 2410.911685 2459.192078 2523.250344 2596.548891 2660.439546 2692.397135 2708.714441 2751.909986 2808.868169 2876.181444 2905.642987 2934.154613 2856.164994 2888.846335 2890.350247 2902.730427 2913.324410 2921.387626 2931.936858 2935.242386 2930.963687 2926.297854 2909.461066 2905.001639 2911.667383 2916.862994 2918.510793 2904.562578 2900.701022 2915.076722 2918.860367 2917.561657 2918.870203 2923.281390 2922.529945 2878.899810 2851.572336 2838.184393 2931.423751 2883.985239 2815.988641 2776.088645 2751.954719 2703.690162 2624.477547 2575.563414 2525.943726 2479.890226 2427.881945 2399.652425 2353.516833 2309.917601 2261.584724 2213.482268 2188.568849 2170.060022 2166.768031 2165.332870 2180.849470 2195.079364 2209.665939 2217.039092 -9999.0 -9999.0
-9999.0 1696.278257 1768.599063 1893.858411 1974.857335 2018.662974 2042.723730 2060.111310 2091.579972 2125.411773 2225.088316 2299.202672 2389.769849 2431.552230 2481.626071 2579.540139 2677.559968 2729.254749 2771.963085 2834.842855 2900.158359 2842.693992 2867.926071 2862.756433 2899.081924 2920.279124 2925.903178 2931.067267 2927.651003 2919.437861 2911.809757 2918.450866 2916.828477 2898.023438 2882.220802 2880.069241 2876.073527 2854.273512 2934.181536 2918.229471 2919.746172 2839.130899 2931.520696 2910.319017 2906.473134 2928.543909 2841.955373 2832.504184 2929.581389 2837.404567 2870.033709 2892.915975 2898.645665 2916.210213 2936.876581 2909.448981 2884.554909 2843.984351 2933.537385 2902.878658 2841.879294 2781.004715 2724.339770 2660.906123 2594.728620 2529.284340 2465.602172 2401.978592 2335.690428 2293.696495 2262.560320 2213.837687 2194.851300 2197.002565 2188.127099 2184.387088 2189.195299 2194.960668 -9999.0 -9999.0
-9999.0 1608.147096 1749.394767 1931.871570 2080.041794 2133.419886 2219.539492 2292.181928 2318.712139 2282.863477 2391.906470 2614.142016 2733.702043 2756.789257 2834.289510 2832.215212 2831.444076 2862.157218 2884.380871 2901.961322 2916.255550 2926.771645 2924.901302 2919.394576 2904.049935 2896.427837 2897.108568 2894.911056 2877.746299 2858.744372 2841.499086 2839.317487 2928.738383 2879.378363 2843.639597 2823.724340 2803.933247 2785.340029 2755.299729 2727.595170 2709.109157 2722.253009 2719.615604 2702.675679 2698.943306 2721.836254 2752.806509 2751.460037 2764.735189 2786.501276 2826.659585 2868.276704 2892.441799 2924.584929 2849.605034 2893.474564 2905.514694 2927.584873 2931.312002 2916.697059 2873.679914 2930.303800 2893.348013 2827.341850 2753.352002 2670.971995 2604.105671 2539.617962 2468.515485 2423.036481 2377.359258 2321.191553 2271.623853 2254.365769 2215.928164 2197.595484 -9999.0 -9999.0 -9999.0 -9999.0
-9999.0 1517.911711 1702.136744 1952.025221 2239.085710 2334.404962 2541.938294 2671.414766 2726.427811 2800.109710 2736.754242 2836.639062 2878.060763 2872.289428 2879.608882 2881.432056 2895.700648 2896.873401 2892.640317 2882.610784 2873.952860 2870.039102 2868.827683 2861.071971 2848.670004 2835.539346 2931.788639 2917.087607 2876.779952 2841.203522 2800.814088 2784.233953 2741.260734 2644.599214 2601.075955 2561.362859 2500.653419 2496.796396 2495.724180 2467.358309 2448.170612 2422.667293 2448.272633 2457.366011 2461.172736 2460.315400 2474.495186 2503.346060 2551.723906 2589.744484 2634.560300 2688.104195 2726.604330 2771.402523 2816.481113 2873.669026 2909.222317 2942.039216 2876.664605 2912.543363 2933.724445 2922.891258 2900.552926 2858.450513 2885.013416 2815.638147 2761.782752 2683.374381 2617.412918 2565.002947 2518.650936 2468.868426 2406.343141 2338.973722 2299.750505 -9999.0 -9999.0 -9999.0 -9999.0 -9999.0
-9999.0 1317.363145 1583.378292 1861.233297 2157.664131 2495.592626 2653.692341 2772.066404 2846.120573 2826.175029 2845.655273 2863.856449 2822.822470 2830.087573 2903.392944 2893.726873 2880.819771 2881.260711 2894.648311 2867.961980 2837.990155 2824.233460 2823.795749 2811.817454 2787.364462 2770.166868 2759.168020 2736.880144 2685.851168 2632.413407 2546.890957 2511.751977 2431.329070 2382.740689 2340.348130 2290.098285 2240.064045 2240.722497 2260.787527 2248.210670 2226.502475 2208.459283 2236.453394 2256.783933 2270.134134 2257.079938 2265.875827 2301.779184 2351.614575 2396.450036 2446.249647 2501.975763 2548.429998 2595.405113 2625.891482 2674.690260 2726.208637 2774.451998 2848.811471 2930.374340 2856.227834 2888.734255 2919.876729 2938.131305 2894.982233 2861.504893 2831.693780 2810.559175 2733.791388 2683.643719 2654.107042 2612.153221 2558.096007 -9999.0 -9999.0 -9999.0 -9999.0 -9999.0 -9999.0 -9999.0
-9999.0 1197.848967 1404.497308 1616.068034 1884.585354 2120.786214 2332.013428 2435.988303 2516.918786 2574.158678 2622.075988 2661.501008 2694.286163 2719.666864 2701.526784 2658.972479 2629.395808 2634.218829 2627.778280 2604.908552 2575.719744 2560.997779 2557.542417 2550.722057 2526.867824 2513.077827 2502.393000 2478.674421 2447.891312 2391.719214 2313.910947 2238.673961 2179.971649 2152.565944 2124.711280 2093.444784 2061.146299 2071.684549 2083.205230 2081.214709 2072.401227 2070.784947 2099.795726 2119.136478 2129.331520 2118.732397 2138.346817 2164.520041 2205.603372 2249.614085 2299.165931 2354.171057 2408.178665 2436.492874 2448.507673 2471.041951 2509.118309 2562.214142 2647.534071 2744.350619 2824.199656 2873.527446 2924.726164 2857.146145 2878.796248 2902.542115 2909.485132 2883.345395 2840.018541 2812.722464 2735.009208 -9999.0 -9999.0 -9999.0 -9999.0 -9999.0 -9999.0 -9999.0 -9999.0 -9999.0
-9999.0 -9999.0 1174.928975 1340.746775 1459.997194 1632.151829 1779.644121 1889.966397 1986.800177 2115.994438 2231.436932 2322.395236 2368.957147 2387.548527 2375.416931 2346.604131 2327.881055 2327.811659 2316.792885 2307.622984 2289.594264 2282.054270 2269.309013 2260.672456 2252.501103 2248.177173 2243.094681 2232.290195 2211.356391 2165.483528 2120.608171 2071.185237 2019.639479 1994.715021 1973.415956 1953.004825 1953.342251 1948.360744 1953.395675 1955.300782 1963.255568 1976.483511 1996.278072 2018.808604 2028.868586 2038.806718 2051.325195 2075.095391 2108.073025 2150.776536 2205.393341 2264.381136 2305.177141 2318.311528 2308.257490 2312.136765 2330.063599 2370.333612 2447.125373 2528.740505 2624.948342 2696.150796 2767.624071 2817.554036 2831.078162 2844.103166 2837.841868 2859.793475 2854.976878 2844.352910 -9999.0 -9999.0 -9999.0 -9999.0 -9999.0 -9999.0 -9999.0 -9999.0 -9999.0 -9999.0
-9999.0 -9999.0 -9999.0 -9999.0 1201.067465 1352.638001 1450.425972 1532.709928 1664.700187 1790.527075 1894.465685 1980.579253 2046.592534 2074.366481 2073.535614 2084.511936 2081.874284 2074.556964 2064.225329 2065.349508 2066.332596 2059.015121 2043.408310 2036.143061 2037.817971 2043.396814 2040.533640 2026.588293 2007.979877 1988.102499 1970.045027 1936.598646 1901.697918 1872.712414 1859.577430 1854.570602 1854.145572 1846.555324 1854.894544 1862.768224 1878.206324 1893.353329 1916.989055 1946.280586 1960.640807 1975.737758 1985.522840 2005.896718 2036.638962 2090.462977 2154.589145 2213.379728 2250.802400 2256.096021 2232.483116 2217.187100 2212.982961 2240.042565 2282.896332 2346.864114 2446.667230 2518.673041 2571.557996 2612.422290 2642.159555 2684.360708 2730.282524 2764.430530 -9999.0 -9999.0 -9999.0 -9999.0 -9999.0 -9999.0 -9999.0 -9999.0 -9999.0 -9999.0 -9999.0 -9999.0
-9999.0 -9999.0 -9999.0 -9999.0 -9999.0 -9999.0 1168.446282 1272.111218 1347.585773 1492.595212 1629.865539 1734.575579 1817.027534 1851.362302 1881.600617 1910.393035 1909.840598 1890.812944 1870.570717 1890.330061 1906.061497 1899.736672 1868.666620 1868.798401 1874.208561 1881.929801 1879.198735 1872.574056 1847.267342 1860.378916 1862.106954 1838.764482 1812.773279 1799.159019 1787.192846 1796.674698 1796.632541 1782.515333 1782.262850 1809.415475 1829.945454 1842.941294 1864.424269 1897.680481 1930.259081 1945.957892 1947.554391 1953.628307 1992.959364 2063.403465 2136.002487 2192.602235 2226.303886 2235.323944 2209.515618 2170.172533 2150.452511 2157.642896 2191.834407 2242.738132 2316.778420 2363.533613 2384.892338 2393.038576 2406.596814 2496.515778 -9999.0 -9999.0 -9999.0 -9999.0 -9999.0 -9999.0 -9999.0 -9999.0 -9999.0 -9999.0 -9999.0 -9999.0 -9999.0 -9999.0
-9999.0 -9999.0 -9999.0 -9999.0 -9999.0 -9999.0 -9999.0 -9999.0 -9999.0 -9999.0 -9999.0 -9999.0 -9999.0 -9999.0 -9999.0 -9999.0 -9999.0 -9999.0 -9999.0 -9999.0 -9999.0 -9999.0 -9999.0 -9999.0 -9999.0 -9999.0 -9999.0 -9999.0 -9999.0 -9999.0 -9999.0 -9999.0 -9999.0 -9999.0 -9999.0 -9999.0 -9999.0 -9999.0 -9999.0 -9999.0 -9999.0 -9999.0 -9999.0 -9999.0 -9999.0 -9999.0 -9999.0 -9999.0 -9999.0 -9999.0 -9999.0 -9999.0 -9999.0 -9999.0 -9999.0 -9999.0 -9999.0 -9999.0 -9999.0 -9999.0 -9999.0 -9999.0 -9999.0 -9999.0 -9999.0 -9999.0 -9999.0 -9999.0 -9999.0 -9999.0 -9999.0 -9999.0 -9999.0 -9999.0 -9999.0 -9999.0 -9999.0 -9999.0 -9999.0 -9999.0
-9999.0 -9999.0 -9999.0 -9999.0 -9999.0 -9999.0 -9999.0 -9999.0 -9999.0 -9999.0 -9999.0 -9999.0 -9999.0 -9999.0 -9999.0 -9999.0 -9999.0 -9999.0 -9999.0 -9999.0 -9999.0 -9999.0 -9999.0 -9999.0 -9999.0 -9999.0 -9999.0 -9999.0 -9999.0 -9999.0 -9999.0 -9999.0 -9999.0 -9999.0 -9999.0 -9999.0 -9999.0 -9999.0 -9999.0 -9999.0 -9999.0 -9999.0 -9999.0 -9999.0 -9999.0 -9999.0 -9999.0 -9999.0 -9999.0 -9999.0 -9999.0 -9999.0 -9999.0 -9999.0 -9999.0 -9999.0 -9999.0 -9999.0 -9999.0 -9999.0 -9999.0 -9999.0 -9999.0 -9999.0 -9999.0 -9999.0 -9999.0 -9999.0 -9999.0 -9999.0 -9999.0 -9999.0 -9999.0 -9999.0 -9999.0 -9999.0 -9999.0 -9999.0 -9999.0 -9999.0