Borden_/Borden1m_014/output_maps/psiliqL0012N0023.asc
ncols         80
nrows         18
xllcorner     620200.000000
yllcorner     5168000.000000
cellsize      1.000000
NODATA_value  -9999.0
-9999.0 -9999.0 -9999.0 -9999.0 -9999.0 -9999.0 -9999.0 -9999.0 -9999.0 -9999.0 -9999.0 -9999.0 -9999.0 -9999.0 -9999.0 -9999.0 -9999.0 -9999.0 -9999.0 -9999.0 -9999.0 -9999.0 -9999.0 -9999.0 -9999.0 -9999.0 -9999.0 -9999.0 -9999.0 -9999.0 -9999.0 -9999.0 -9999.0 -9999.0 -9999.0 -9999.0 -9999.0 -9999.0 -9999.0 -9999.0 -9999.0 -9999.0 -9999.0 -9999.0 -9999.0 -9999.0 -9999.0 -9999.0 -9999.0 -9999.0 -9999.0 -9999.0 -9999.0 -9999.0 -9999.0 -9999.0 -9999.0 -9999.0 -9999.0 -9999.0 -9999.0 -9999.0 -9999.0 -9999.0 -9999.0 -9999.0 -9999.0 -9999.0 -9999.0 -9999.0 -9999.0 -9999.0 -9999.0 -9999.0 -9999.0 -9999.0 -9999.0 -9999.0 -9999.0 -9999.0
-9999.0 -9999.0 -9999.0 -9999.0 -9999.0 -9999.0 -9999.0 -9999.0 -9999.0 -9999.0 -9999.0 -9999.0 -9999.0 -9999.0 -9999.0 -9999.0 -9999.0 -9999.0 -9999.0 -9999.0 -9999.0 -9999.0 -9999.0 -9999.0 -9999.0 -9999.0 -9999.0 -9999.0 -9999.0 -9999.0 -9999.0 -9999.0 -9999.0 -9999.0 -9999.0 -9999.0 -9999.0 -9999.0 -9999.0 -9999.0 -9999.0 -9999.0 -9999.0 -9999.0 -9999.0 -9999.0 -9999.0 -9999.0 -9999.0 -9999.0 -9999.0 -9999.0 -9999.0 -9999.0 -9999.0 -9999.0 -9999.0 -9999.0 -9999.0 -9999.0 -9999.0 -9999.0 -9999.0 -9999.0 -9999.0 -9999.0 -9999.0 -9999.0 -9999.0 -9999.0 -9999.0 -9999.0 -9999.0 -9999.0 -9999.0 -9999.0 -9999.0 -9999.0 -9999.0 -9999.0
-9999.0 -9999.0 -9999.0 -9999.0 -9999.0 -9999.0 -9999.0 -9999.0 -9999.0 -9999.0 -9999.0 -9999.0 -9999.0 -9999.0 -9999.0 -9999.0 -9999.0 -9999.0 -9999.0 -9999.0 541.184330 544.164000 522.378240 489.243667 461.875170 464.816897 500.455598 542.646603 582.029450 593.327548 576.512697 579.646582 575.810110 575.680849 578.889699 585.837134 589.808279 601.358315 610.166043 610.324551 604.787289 600.027981 600.315688 603.753529 608.838212 598.059170 611.072784 625.582294 630.432173 624.239778 595.952149 579.100095 569.093038 552.612422 575.790961 586.713385 608.523859 611.799645 609.406746 581.693430 551.194341 -9999.0 -9999.0 -9999.0 -9999.0 -9999.0 -9999.0 -9999.0 -9999.0 -9999.0 -9999.0 -9999.0 -9999.0 -9999.0 -9999.0 -9999.0 -9999.0 -9999.0 -9999.0 -9999.0
-9999.0 -9999.0 -9999.0 -9999.0 -9999.0 -9999.0 -9999.0 -9999.0 -9999.0 -9999.0 -9999.0 -9999.0 -9999.0 -9999.0 448.771530 439.430852 437.225676 446.424484 480.826116 511.553423 524.099310 517.225204 518.073011 495.488010 476.059137 491.144618 521.909790 554.828999 590.951277 612.997616 602.746033 601.712519 612.907569 639.894557 654.104109 652.003303 631.998887 655.345295 671.816684 681.550042 681.913935 674.404289 688.840678 705.292410 698.346467 680.008061 683.199883 694.057063 706.172385 690.446989 624.884935 603.308596 597.389507 588.708247 573.179872 565.389787 589.345892 588.625035 579.294201 560.387773 527.158784 482.634429 463.762695 501.676363 545.019519 601.969479 -9999.0 -9999.0 -9999.0 -9999.0 -9999.0 -9999.0 -9999.0 -9999.0 -9999.0 -9999.0 -9999.0 -9999.0 -9999.0 -9999.0
-9999.0 -9999.0 -9999.0 -9999.0 -9999.0 -9999.0 -9999.0 -9999.0 -9999.0 389.719052 394.281884 402.027852 404.784434 421.075598 419.526851 427.329699 435.568486 463.229885 495.339444 531.386277 561.041727 552.834248 554.731035 567.313717 573.716941 587.602122 610.697787 653.589191 697.837550 742.624331 716.990780 717.063555 738.301862 787.531534 823.363259 832.310190 813.303137 820.159508 846.321388 871.360015 873.576927 873.436859 900.209488 915.337607 917.912794 895.822664 877.886780 875.454012 899.741654 845.875695 778.178766 724.359957 723.537347 689.117817 646.846233 623.791379 619.211814 638.429979 621.412351 582.360238 544.636252 533.050123 514.900864 530.667982 552.050842 597.717729 635.698235 663.495244 662.624275 644.719154 -9999.0 -9999.0 -9999.0 -9999.0 -9999.0 -9999.0 -9999.0 -9999.0 -9999.0 -9999.0
-9999.0 -9999.0 -9999.0 -9999.0 -9999.0 -9999.0 310.386023 319.966152 340.455266 345.898042 371.434591 379.557872 400.928491 421.187390 443.490178 461.421670 493.215945 527.678794 570.731166 616.157403 650.301531 647.827572 661.285690 697.235406 741.420264 773.965891 801.017750 844.566777 928.256684 978.028777 992.109542 1000.365036 1012.307955 1059.842551 1123.375062 1141.367014 1118.290009 1102.004073 1121.179828 1158.494861 1170.843785 1174.648038 1185.013555 1194.548151 1219.663158 1208.546048 1163.466772 1145.153819 1140.308307 1125.220390 1067.614578 1003.969165 961.695096 905.221991 817.419480 758.396459 760.196421 774.256651 740.219321 682.313432 637.701464 624.703708 607.650002 592.018830 596.171228 613.923113 635.322679 645.427994 631.641662 609.908501 586.328889 556.925994 558.136410 583.011139 -9999.0 -9999.0 -9999.0 -9999.0 -9999.0 -9999.0
-9999.0 -9999.0 -9999.0 -9999.0 260.107486 273.128337 261.566507 286.550347 319.495777 353.948441 386.932188 425.087286 453.657496 485.424393 528.454265 566.723386 612.299041 651.533923 710.862587 783.283909 838.385308 867.697631 889.498764 956.336493 1022.521707 1075.816879 1096.607901 1124.938737 1171.006505 1237.211831 1267.594439 1275.744217 1294.099497 1327.122646 1372.530272 1405.315106 1387.681572 1379.276082 1384.260667 1395.770254 1421.410650 1424.032401 1426.403551 1428.440365 1431.889609 1430.263591 1404.967849 1370.994708 1356.396883 1347.367414 1320.675389 1253.348661 1206.503421 1172.666114 1140.062777 1090.281033 1024.351852 1002.419367 939.022030 875.213837 806.225528 779.313242 744.019757 713.832091 680.396905 678.523975 678.978020 656.691799 623.441114 589.980316 573.908415 554.311513 542.936860 572.270945 589.405670 619.672471 -9999.0 -9999.0 -9999.0 -9999.0
-9999.0 -9999.0 200.741044 250.214341 307.140108 316.477477 318.444135 324.843303 353.630095 406.383759 484.873243 538.450606 584.543642 620.765008 685.243819 771.294034 850.434462 906.230821 972.360352 1044.231499 1106.700024 1143.501498 1167.900255 1209.866180 1263.252940 1321.808928 1346.817916 1372.547388 1404.043251 1438.489570 1455.511502 1470.703500 1478.647417 1479.741154 1483.845196 1484.544709 1479.490653 1472.769965 1453.946120 1450.300475 1457.734021 1462.604131 1464.964403 1452.155016 1448.246798 1461.096259 1463.786259 1462.907966 1462.841147 1470.572705 1476.259007 1439.829077 1396.202457 1379.716289 1369.865174 1327.253120 1264.114186 1217.149039 1190.857624 1147.102188 1069.756106 1015.848668 959.659614 902.734742 843.607232 806.257154 754.557881 708.962447 660.068126 612.131929 586.987951 567.466723 563.966843 563.191691 578.557449 593.472205 608.436756 616.023319 -9999.0 -9999.0
-9999.0 99.241380 171.903516 299.100523 379.387470 425.392494 462.359983 489.497395 518.253975 542.252615 652.417654 752.679712 847.741540 888.606439 947.498308 1049.066353 1145.840567 1192.869312 1231.296704 1284.834507 1342.349974 1389.263315 1419.322123 1438.797211 1470.807780 1479.343121 1480.720320 1483.007673 1478.578847 1471.661383 1462.783502 1469.264470 1466.305558 1448.585166 1433.511799 1430.332022 1423.283614 1396.451334 1366.443088 1350.751829 1353.115548 1374.864955 1363.724230 1343.736010 1340.275708 1361.110483 1379.737461 1372.300588 1361.833601 1380.887950 1416.234096 1438.224537 1450.644840 1466.486376 1486.916102 1462.525419 1432.336001 1390.482080 1369.684879 1340.247704 1280.974998 1218.731462 1162.906583 1100.334171 1032.267303 958.912820 888.842180 822.744184 752.115150 707.685905 673.548154 620.292493 596.273244 596.070384 585.818468 582.201994 587.813624 593.896459 -9999.0 -9999.0
-9999.0 22.437835 165.521720 351.198985 500.372582 563.514920 675.820916 759.927918 791.188261 768.781887 883.918052 1106.759459 1202.339494 1220.288322 1291.258724 1375.742417 1403.908282 1435.632437 1457.130042 1463.110170 1467.914444 1476.449330 1475.263338 1469.779341 1455.879434 1448.007528 1446.428397 1442.797595 1424.129067 1404.215200 1385.612473 1380.307959 1362.483417 1321.488111 1289.849329 1272.952187 1255.451494 1228.771134 1190.976643 1161.796246 1146.591401 1162.904608 1154.899529 1138.068658 1134.677768 1157.662839 1191.451898 1188.897206 1198.251654 1222.713860 1264.476853 1306.153115 1329.998813 1360.616424 1397.580878 1441.102475 1458.229527 1479.214044 1483.692689 1463.120965 1419.894116 1368.613560 1333.556086 1269.409020 1196.444943 1117.808881 1053.530393 991.185100 917.161766 863.429808 810.360467 747.923003 687.597310 658.516201 616.866803 595.407333 -9999.0 -9999.0 -9999.0 -9999.0
-9999.0 -51.068871 138.785885 401.045408 672.328827 796.303300 1004.423055 1135.803913 1199.143175 1260.637629 1262.543593 1392.657194 1425.911477 1421.434985 1416.002961 1420.239838 1436.092745 1440.768175 1438.117120 1429.048183 1420.006336 1415.570207 1414.044836 1406.255473 1393.669811 1377.864177 1363.735090 1349.049748 1308.301611 1274.099595 1238.813695 1221.555130 1182.315345 1092.729179 1050.895545 1016.349334 958.291828 946.405279 933.629939 900.656193 878.643369 859.299430 879.554484 882.107315 884.242088 891.143459 912.740802 938.303089 985.759849 1025.180302 1070.620267 1123.925030 1160.108505 1205.693727 1254.159046 1312.197011 1345.325193 1376.723384 1423.282866 1463.571221 1486.955352 1476.973076 1448.271168 1403.462846 1333.940607 1266.700364 1219.066757 1149.622148 1084.443357 1029.091825 979.894310 921.234634 846.203778 750.830880 705.171407 -9999.0 -9999.0 -9999.0 -9999.0 -9999.0
-9999.0 -220.368936 47.878050 340.496096 664.683276 992.973589 1119.097547 1259.972418 1333.059231 1288.625976 1283.427169 1305.380404 1346.004481 1355.528222 1337.923241 1331.782352 1323.066969 1324.062259 1337.535658 1312.096842 1281.448704 1267.437636 1266.064869 1252.966106 1228.147286 1208.803291 1193.995744 1171.725914 1122.067866 1071.893525 992.447209 960.649026 880.307464 816.123963 769.224417 719.119266 666.058539 662.182191 676.436954 658.977405 635.461398 616.372581 642.337081 659.110618 671.077411 661.441668 672.043338 709.433075 760.958146 807.004157 859.916141 919.495842 971.508970 1024.994514 1060.155846 1112.755358 1161.523884 1210.706001 1285.882088 1366.166114 1403.451986 1438.764489 1473.249503 1488.744415 1439.153773 1390.104665 1342.157331 1285.705366 1202.509940 1153.813154 1123.502795 1077.304320 1018.300385 -9999.0 -9999.0 -9999.0 -9999.0 -9999.0 -9999.0 -9999.0
-9999.0 -350.364937 -125.367912 113.080003 406.109091 646.963230 839.710295 956.832552 1038.517028 1055.742219 1079.023022 1109.299860 1139.565094 1162.522492 1142.121737 1106.701633 1080.910173 1085.744087 1083.786287 1060.567795 1031.507656 1016.603736 1013.947039 1004.933604 976.702655 958.272344 943.925021 917.060171 877.523721 819.085053 736.903871 664.373838 600.338053 564.746451 533.712833 500.022036 462.019531 471.460290 484.222056 479.460644 467.546431 463.614515 492.895073 511.649441 521.906098 509.988683 529.371578 556.973290 599.649423 643.205837 693.151010 749.987282 806.130776 839.183414 857.138695 888.694235 935.671952 997.390313 1086.614010 1183.653871 1261.691678 1313.424413 1365.603824 1400.092080 1415.148153 1432.117818 1412.383355 1337.260024 1216.044442 1217.454920 1207.841111 -9999.0 -9999.0 -9999.0 -9999.0 -9999.0 -9999.0 -9999.0 -9999.0 -9999.0
-9999.0 -9999.0 -361.238954 -177.117678 -28.059715 156.194698 308.847589 419.932451 503.230106 604.579586 701.143309 779.878982 822.801494 840.540011 824.935466 788.887447 765.915324 766.288938 756.962145 744.895579 722.922443 714.035911 703.188745 694.037433 680.733432 672.508526 665.298428 651.912670 627.371919 578.934852 527.139704 474.299906 419.340473 393.188796 370.718015 348.210418 345.295423 342.196248 348.186281 349.268007 355.110894 367.107842 387.526291 409.177048 418.828489 426.850949 439.627332 463.661000 497.226338 539.317953 592.995863 650.411891 690.414456 704.112947 696.288476 704.208285 729.120621 777.462625 866.867188 961.418649 1060.100991 1133.921958 1208.504508 1263.087860 1283.769028 1304.964642 1327.507369 1265.433913 890.445348 1155.019414 -9999.0 -9999.0 -9999.0 -9999.0 -9999.0 -9999.0 -9999.0 -9999.0 -9999.0 -9999.0
-9999.0 -9999.0 -9999.0 -9999.0 -320.430685 -163.397016 -67.498436 16.486501 141.632585 255.812461 351.246358 430.386610 487.262300 512.202775 504.317880 503.778744 497.390046 492.774482 483.796140 480.294814 476.531890 468.577699 455.538267 447.447617 446.676129 449.983199 446.900397 432.726400 415.178570 389.442150 366.549815 331.267170 294.292856 264.788830 251.449257 244.874866 244.754922 238.533054 247.612722 254.294556 269.236747 284.549139 308.440425 337.028287 350.134803 364.623512 374.465482 395.325978 425.693064 478.910605 541.820874 598.735489 633.621347 637.800161 612.719177 597.741087 595.630925 625.675332 675.150623 748.902582 856.458199 938.062359 1006.821974 1058.112167 1094.678088 1145.755261 1207.746306 1248.258989 -9999.0 -9999.0 -9999.0 -9999.0 -9999.0 -9999.0 -9999.0 -9999.0 -9999.0 -9999.0 -9999.0 -9999.0
-9999.0 -9999.0 -9999.0 -9999.0 -9999.0 -9999.0 -370.981947 -272.424944 -187.327480 -57.874862 62.953746 158.534709 235.264376 263.212198 284.509796 308.705935 305.441514 288.067954 270.562794 287.927914 299.118348 293.609125 264.844189 263.469320 267.148037 275.649196 273.662458 267.048198 241.801365 250.965832 250.110369 226.721535 200.450996 186.113224 174.341533 184.075271 184.598802 171.611750 173.248759 199.554683 219.458131 232.790365 255.038409 288.205256 320.307555 334.968252 336.151483 342.415292 383.383689 453.670490 524.468839 578.628686 610.023227 617.592716 589.625461 549.209638 528.527297 536.051317 571.924739 627.197267 706.711323 760.845537 795.154361 817.669814 845.552033 943.333050 -9999.0 -9999.0 -9999.0 -9999.0 -9999.0 -9999.0 -9999.0 -9999.0 -9999.0 -9999.0 -9999.0 -9999.0 -9999.0 -9999.0
-9999.0 -9999.0 -9999.0 -9999.0 -9999.0 -9999.0 -9999.0 -9999.0 -9999.0 -9999.0 -9999.0 -9999.0 -9999.0 -9999.0 -9999.0 -9999.0 -9999.0 -9999.0 -9999.0 -9999.0 -9999.0 -9999.0 -9999.0 -9999.0 -9999.0 -9999.0 -9999.0 -9999.0 -9999.0 -9999.0 -9999.0 -9999.0 -9999.0 -9999.0 -9999.0 -9999.0 -9999.0 -9999.0 -9999.0 -9999.0 -9999.0 -9999.0 -9999.0 -9999.0 -9999.0 -9999.0 -9999.0 -9999.0 -9999.0 -9999.0 -9999.0 -9999.0 -9999.0 -9999.0 -9999.0 -9999.0 -9999.0 -9999.0 -9999.0 -9999.0 -9999.0 -9999.0 -9999.0 -9999.0 -9999.0 -9999.0 -9999.0 -9999.0 -9999.0 -9999.0 -9999.0 -9999.0 -9999.0 -9999.0 -9999.0 -9999.0 -9999.0 -9999.0 -9999.0 -9999.0
-9999.0 -9999.0 -9999.0 -9999.0 -9999.0 -9999.0 -9999.0 -9999.0 -9999.0 -9999.0 -9999.0 -9999.0 -9999.0 -9999.0 -9999.0 -9999.0 -9999.0 -9999.0 -9999.0 -9999.0 -9999.0 -9999.0 -9999.0 -9999.0 -9999.0 -9999.0 -9999.0 -9999.0 -9999.0 -9999.0 -9999.0 -9999.0 -9999.0 -9999.0 -9999.0 -9999.0 -9999.0 -9999.0 -9999.0 -9999.0 -9999.0 -9999.0 -9999.0 -9999.0 -9999.0 -9999.0 -9999.0 -9999.0 -9999.0 -9999.0 -9999.0 -9999.0 -9999.0 -9999.0 -9999.0 -9999.0 -9999.0 -9999.0 -9999.0 -9999.0 -9999.0 -9999.0 -9999.0 -9999.0 -9999.0 -9999.0 -9999.0 -9999.0 -9999.0 -9999.0 -9999.0 -9999.0 -9999.0 -9999.0 -9999.0 -9999.0 -9999.0 -9999.0 -9999.0 -9999.0