Borden_/Borden1m_014/output_maps/psiliqL0010N0016.asc
ncols         80
nrows         18
xllcorner     620200.000000
yllcorner     5168000.000000
cellsize      1.000000
NODATA_value  -9999.0
-9999.0 -9999.0 -9999.0 -9999.0 -9999.0 -9999.0 -9999.0 -9999.0 -9999.0 -9999.0 -9999.0 -9999.0 -9999.0 -9999.0 -9999.0 -9999.0 -9999.0 -9999.0 -9999.0 -9999.0 -9999.0 -9999.0 -9999.0 -9999.0 -9999.0 -9999.0 -9999.0 -9999.0 -9999.0 -9999.0 -9999.0 -9999.0 -9999.0 -9999.0 -9999.0 -9999.0 -9999.0 -9999.0 -9999.0 -9999.0 -9999.0 -9999.0 -9999.0 -9999.0 -9999.0 -9999.0 -9999.0 -9999.0 -9999.0 -9999.0 -9999.0 -9999.0 -9999.0 -9999.0 -9999.0 -9999.0 -9999.0 -9999.0 -9999.0 -9999.0 -9999.0 -9999.0 -9999.0 -9999.0 -9999.0 -9999.0 -9999.0 -9999.0 -9999.0 -9999.0 -9999.0 -9999.0 -9999.0 -9999.0 -9999.0 -9999.0 -9999.0 -9999.0 -9999.0 -9999.0
-9999.0 -9999.0 -9999.0 -9999.0 -9999.0 -9999.0 -9999.0 -9999.0 -9999.0 -9999.0 -9999.0 -9999.0 -9999.0 -9999.0 -9999.0 -9999.0 -9999.0 -9999.0 -9999.0 -9999.0 -9999.0 -9999.0 -9999.0 -9999.0 -9999.0 -9999.0 -9999.0 -9999.0 -9999.0 -9999.0 -9999.0 -9999.0 -9999.0 -9999.0 -9999.0 -9999.0 -9999.0 -9999.0 -9999.0 -9999.0 -9999.0 -9999.0 -9999.0 -9999.0 -9999.0 -9999.0 -9999.0 -9999.0 -9999.0 -9999.0 -9999.0 -9999.0 -9999.0 -9999.0 -9999.0 -9999.0 -9999.0 -9999.0 -9999.0 -9999.0 -9999.0 -9999.0 -9999.0 -9999.0 -9999.0 -9999.0 -9999.0 -9999.0 -9999.0 -9999.0 -9999.0 -9999.0 -9999.0 -9999.0 -9999.0 -9999.0 -9999.0 -9999.0 -9999.0 -9999.0
-9999.0 -9999.0 -9999.0 -9999.0 -9999.0 -9999.0 -9999.0 -9999.0 -9999.0 -9999.0 -9999.0 -9999.0 -9999.0 -9999.0 -9999.0 -9999.0 -9999.0 -9999.0 -9999.0 -9999.0 136.604316 139.643199 117.365170 83.721925 55.811271 58.362323 93.941926 135.741968 174.308588 185.148078 167.804981 170.524554 166.910705 167.914138 171.994771 179.126301 182.905018 194.703211 203.308391 202.920021 196.550286 190.825439 190.017045 193.367661 198.488207 189.008391 202.874798 218.357148 224.199156 218.262576 189.639752 172.258299 162.379822 146.430422 170.071323 181.654614 203.871476 207.403481 205.340619 177.749132 147.300586 -9999.0 -9999.0 -9999.0 -9999.0 -9999.0 -9999.0 -9999.0 -9999.0 -9999.0 -9999.0 -9999.0 -9999.0 -9999.0 -9999.0 -9999.0 -9999.0 -9999.0 -9999.0 -9999.0
-9999.0 -9999.0 -9999.0 -9999.0 -9999.0 -9999.0 -9999.0 -9999.0 -9999.0 -9999.0 -9999.0 -9999.0 -9999.0 -9999.0 44.524137 34.734083 32.114557 41.081786 75.472038 106.182750 118.941210 111.751611 112.217345 89.285551 69.826862 84.946780 115.409937 147.656522 182.632251 203.819240 192.538880 191.571458 204.508897 234.833339 251.260303 249.809764 229.850467 253.350945 269.681654 278.655315 277.336152 268.410192 282.474282 298.701150 291.915771 274.496726 279.083760 291.498559 305.307550 289.221353 221.878229 197.672903 191.193358 182.640396 167.826561 160.297186 184.232952 183.787989 174.523650 155.776162 122.769881 78.219470 59.677899 98.005686 142.097494 199.722870 -9999.0 -9999.0 -9999.0 -9999.0 -9999.0 -9999.0 -9999.0 -9999.0 -9999.0 -9999.0 -9999.0 -9999.0 -9999.0 -9999.0
-9999.0 -9999.0 -9999.0 -9999.0 -9999.0 -9999.0 -9999.0 -9999.0 -9999.0 -13.202693 -9.212456 -1.912466 0.229951 16.115335 14.452560 21.844283 30.034324 57.196206 89.398551 125.844106 155.724253 146.855746 148.350242 161.974038 171.184983 186.697214 209.590003 251.382727 294.375945 338.014782 311.963038 313.861755 341.708345 403.437388 445.913059 456.615042 439.598470 446.132345 471.518692 494.221843 491.981684 489.143121 513.740903 527.481069 531.437848 512.313986 498.552160 499.593404 526.262675 471.902613 399.976132 333.759906 325.427376 289.004651 245.861899 221.969814 216.442660 234.795256 216.947219 177.733308 139.947058 128.813026 110.877728 126.704071 148.702899 195.095362 233.482810 261.678756 261.304238 243.634343 -9999.0 -9999.0 -9999.0 -9999.0 -9999.0 -9999.0 -9999.0 -9999.0 -9999.0 -9999.0
-9999.0 -9999.0 -9999.0 -9999.0 -9999.0 -9999.0 -91.962849 -82.879374 -62.897888 -57.526707 -32.743509 -25.025027 -4.173102 15.644941 37.263889 55.195104 87.154204 121.583539 165.833529 213.792423 249.126806 246.528767 259.623658 300.138201 358.049707 399.380368 427.595563 468.364206 548.291808 597.806869 616.352427 632.734883 669.560553 756.769391 828.228133 844.583412 828.634472 816.216932 831.077355 858.177059 860.133330 858.610631 864.682719 871.058735 893.841424 888.921813 859.398259 850.913182 850.314599 838.112298 774.645941 672.092057 596.281006 532.355197 445.346343 384.180327 378.667194 382.117658 342.321930 283.471836 238.030759 223.952139 205.544159 189.221401 193.171814 211.116991 233.102680 243.535524 230.190636 208.895804 185.518496 156.234709 157.496733 182.561830 -9999.0 -9999.0 -9999.0 -9999.0 -9999.0 -9999.0
-9999.0 -9999.0 -9999.0 -9999.0 -141.838046 -129.217270 -140.972258 -116.805415 -84.416740 -50.678724 -17.955982 19.995758 48.005787 79.235622 123.029571 163.811572 210.287520 250.028733 314.704686 400.527493 461.579727 490.991629 511.610200 594.117237 720.265723 793.765310 814.280101 833.584690 863.043988 910.759532 933.263831 941.935364 965.401414 1004.369492 1044.729040 1072.168713 1058.776585 1054.097847 1057.227610 1063.171309 1081.988121 1081.066905 1081.611674 1082.413651 1085.353568 1087.312888 1070.966847 1047.461380 1040.040350 1034.529433 1011.201363 943.786977 900.625411 875.097996 852.583716 809.231169 729.244720 658.338937 571.163794 504.083433 433.235165 398.720473 351.745068 317.651811 282.080022 278.096064 277.687561 255.279787 222.471994 189.224197 173.300648 153.734447 142.588992 171.916728 189.142215 219.642650 -9999.0 -9999.0 -9999.0 -9999.0
-9999.0 -9999.0 -200.429173 -150.659619 -94.175196 -85.110613 -82.867717 -77.193096 -49.395456 2.471746 82.080255 137.314441 184.007138 219.212509 287.089341 385.482484 468.303129 526.767394 613.302955 738.814367 814.758774 845.219812 858.585119 895.890246 956.667624 1012.087639 1031.547366 1048.356897 1067.239857 1090.420133 1106.095385 1121.098599 1130.213416 1131.641678 1133.921209 1132.528504 1129.768931 1126.700332 1110.756866 1107.729527 1113.384856 1115.885938 1118.448392 1106.679760 1103.177322 1116.145701 1120.455379 1123.821035 1127.861264 1136.804862 1142.936084 1108.363116 1066.870794 1056.633175 1053.402448 1019.688921 964.719246 917.379779 894.516205 861.100622 794.098159 723.067471 608.881647 535.435865 468.066565 416.920681 359.642118 311.531518 261.621826 213.548484 188.120334 167.934194 164.079352 163.191058 178.343478 193.263884 208.201308 215.778159 -9999.0 -9999.0
-9999.0 -300.618517 -227.863473 -100.069601 -19.841937 26.959677 67.888404 97.109912 123.883423 144.331502 257.281318 370.956569 466.775898 506.863504 580.999280 730.883611 832.179037 874.390002 912.887922 972.352129 1024.008955 1059.239867 1079.480780 1100.269154 1131.206052 1136.553587 1135.647498 1135.387920 1127.690235 1119.087112 1109.282027 1116.695696 1116.179620 1101.859053 1088.375713 1084.233868 1077.837404 1058.994262 1038.349563 1028.584210 1031.820703 1050.648776 1041.633990 1025.553554 1022.686487 1039.467260 1054.435189 1049.333707 1042.892163 1061.201013 1089.734195 1105.266787 1117.263555 1131.782344 1151.260935 1127.645292 1098.974146 1064.152558 1050.836946 1032.356044 991.533807 940.031610 883.455260 826.791012 745.811836 612.770402 521.642089 442.623296 364.962699 318.752644 282.553042 225.677741 198.986516 197.172910 185.942106 182.016199 187.569650 193.640559 -9999.0 -9999.0
-9999.0 -374.836035 -231.153128 -44.299302 106.371968 175.777562 305.175540 393.199352 420.433781 398.984797 521.260648 785.642251 878.607266 891.614273 955.550896 1039.408159 1070.936566 1099.691874 1120.147598 1124.072223 1125.227495 1128.801374 1123.695213 1116.445166 1103.640017 1097.698757 1098.325709 1097.890718 1084.700681 1069.672071 1053.570323 1050.872828 1039.081403 1008.276171 980.575585 957.730941 931.717032 911.652251 884.458488 863.964578 853.051441 869.318781 862.457774 848.454604 845.131912 863.553544 891.806851 889.768882 904.166693 939.390917 978.470921 1008.150731 1023.476201 1046.378581 1074.624624 1107.933134 1121.658491 1141.009867 1145.492315 1126.164846 1092.224792 1054.611565 1032.496260 989.080243 931.257552 852.479215 779.089070 675.209019 571.711579 509.858056 447.650395 369.465341 300.012356 262.869499 218.587227 195.539546 -9999.0 -9999.0 -9999.0 -9999.0
-9999.0 -444.245597 -252.935377 13.362693 286.034576 439.790919 707.774900 839.318519 886.493997 940.077045 949.908721 1069.651027 1096.223313 1087.747993 1076.936513 1080.647977 1095.718956 1100.160999 1097.619167 1090.517233 1083.655396 1078.551051 1074.614299 1067.046308 1057.196685 1046.421189 1038.439770 1032.303693 1005.282148 976.727899 935.746580 916.420919 884.627410 807.470194 763.096572 701.122002 592.255762 570.630255 557.039582 525.476398 505.532618 488.260655 508.191364 510.062462 511.330551 517.902595 539.644204 567.836979 634.850263 729.980124 794.919749 844.224323 874.983197 919.734191 967.078212 1012.185513 1033.806101 1055.852177 1092.072046 1125.284467 1147.055081 1140.115666 1116.510845 1086.363197 1037.261987 990.436572 956.434617 893.219973 837.288823 788.320484 719.430921 595.014573 493.575611 362.019326 309.521615 -9999.0 -9999.0 -9999.0 -9999.0 -9999.0
-9999.0 -605.429693 -337.281065 -39.412532 303.285801 686.011087 827.943146 964.744922 1029.909814 986.470527 983.365444 1001.505704 1033.634838 1038.324983 1023.460819 1021.403733 1016.025083 1017.428996 1030.573156 1010.152798 984.423641 964.940453 955.357004 939.029930 915.142983 899.636608 890.355661 876.197433 835.534938 777.723169 652.614518 598.723015 509.963639 442.977978 391.916207 332.524834 269.103092 262.992695 277.498350 260.646785 238.061751 219.337045 245.341738 261.674449 273.119010 263.302702 273.386551 311.460843 367.672735 424.974613 485.453593 548.050216 609.299056 697.048294 772.285928 830.789252 872.336980 916.003339 986.419174 1050.723498 1078.015593 1105.606573 1138.607449 1156.900401 1115.606393 1078.469562 1047.352212 1010.804694 955.949354 930.381932 906.644018 848.453550 786.702242 -9999.0 -9999.0 -9999.0 -9999.0 -9999.0 -9999.0 -9999.0
-9999.0 -737.438425 -509.142811 -264.239594 37.804238 291.794003 496.464362 668.762518 760.888572 782.360050 806.633640 831.475279 855.055389 873.642545 856.719479 828.566802 807.764939 812.923746 811.713164 789.056013 752.658672 709.350863 678.582392 652.460003 609.322585 585.031352 569.872330 543.576452 504.588105 442.806217 347.965068 270.284685 204.060469 167.119537 134.648002 98.575856 57.900767 67.396147 81.265421 76.706397 64.600623 60.449889 90.220970 108.943182 119.107261 106.366783 125.358863 153.236692 196.974826 242.204595 293.525468 351.010551 409.182674 450.144994 478.760732 515.269726 567.459058 653.864315 788.163934 891.020697 970.009356 1012.066959 1053.407814 1082.049611 1094.252017 1113.813421 1099.820996 1037.606886 945.622823 975.524216 988.478753 -9999.0 -9999.0 -9999.0 -9999.0 -9999.0 -9999.0 -9999.0 -9999.0 -9999.0
-9999.0 -9999.0 -745.312811 -558.436185 -403.569851 -215.956052 -60.411337 56.529804 141.748178 243.156790 341.743752 419.538459 460.669470 477.357715 461.534745 424.688837 400.873058 400.987359 390.866050 375.670135 347.090553 329.694181 312.793239 299.923351 283.215261 273.901955 267.238424 254.915710 231.045566 182.003780 126.756890 72.060708 16.126239 -9.962153 -32.672608 -55.876581 -59.536885 -61.919181 -55.324003 -54.068446 -48.435847 -36.518433 -15.780842 5.734484 15.224615 22.600086 35.265839 59.275990 93.101801 135.341280 189.093115 246.278926 286.330263 301.113271 295.017757 304.027432 330.756409 385.839125 490.752592 607.741462 762.584867 848.884446 922.315763 981.067150 999.378877 1014.703022 1031.993150 971.665224 645.588743 895.207883 -9999.0 -9999.0 -9999.0 -9999.0 -9999.0 -9999.0 -9999.0 -9999.0 -9999.0 -9999.0
-9999.0 -9999.0 -9999.0 -9999.0 -701.886498 -545.888926 -452.006243 -368.949612 -243.780733 -130.450339 -34.716445 43.903674 99.176430 123.600744 113.898933 110.566166 102.935256 98.492656 89.013374 83.309194 76.868641 67.046983 53.431045 44.624791 43.292768 46.527572 44.095955 30.646117 14.070947 -12.791353 -36.879288 -72.653541 -110.093986 -139.634627 -152.880115 -159.715080 -159.584231 -165.314650 -155.828450 -149.252090 -134.234251 -118.724645 -94.632387 -66.150282 -53.379571 -39.109532 -29.374724 -8.505032 21.734038 74.929055 137.799255 194.338996 228.725534 232.746465 207.282367 192.028312 190.021130 221.211470 274.305775 354.767513 476.927474 570.255648 669.297506 775.072794 827.051644 875.548253 944.660076 974.303272 -9999.0 -9999.0 -9999.0 -9999.0 -9999.0 -9999.0 -9999.0 -9999.0 -9999.0 -9999.0 -9999.0 -9999.0
-9999.0 -9999.0 -9999.0 -9999.0 -9999.0 -9999.0 -755.880095 -660.662205 -575.376086 -451.393187 -334.091863 -239.414295 -163.556453 -137.110277 -117.861164 -94.455641 -98.708555 -116.358497 -133.871508 -117.150332 -107.311848 -113.026885 -141.685387 -143.329320 -139.755973 -130.549769 -131.875778 -138.016130 -162.973976 -154.293445 -155.474872 -178.718877 -204.881179 -219.201917 -230.761981 -220.756831 -219.948462 -232.567327 -230.334639 -204.076015 -184.217198 -170.737394 -148.227005 -114.982026 -82.924418 -68.551720 -67.584142 -61.402252 -20.070238 50.270473 120.861184 174.552999 205.444025 212.703211 184.157462 143.008146 121.556962 128.985686 165.612928 222.757177 306.112963 364.616388 409.515888 449.906636 487.311592 588.429682 -9999.0 -9999.0 -9999.0 -9999.0 -9999.0 -9999.0 -9999.0 -9999.0 -9999.0 -9999.0 -9999.0 -9999.0 -9999.0 -9999.0
-9999.0 -9999.0 -9999.0 -9999.0 -9999.0 -9999.0 -9999.0 -9999.0 -9999.0 -9999.0 -9999.0 -9999.0 -9999.0 -9999.0 -9999.0 -9999.0 -9999.0 -9999.0 -9999.0 -9999.0 -9999.0 -9999.0 -9999.0 -9999.0 -9999.0 -9999.0 -9999.0 -9999.0 -9999.0 -9999.0 -9999.0 -9999.0 -9999.0 -9999.0 -9999.0 -9999.0 -9999.0 -9999.0 -9999.0 -9999.0 -9999.0 -9999.0 -9999.0 -9999.0 -9999.0 -9999.0 -9999.0 -9999.0 -9999.0 -9999.0 -9999.0 -9999.0 -9999.0 -9999.0 -9999.0 -9999.0 -9999.0 -9999.0 -9999.0 -9999.0 -9999.0 -9999.0 -9999.0 -9999.0 -9999.0 -9999.0 -9999.0 -9999.0 -9999.0 -9999.0 -9999.0 -9999.0 -9999.0 -9999.0 -9999.0 -9999.0 -9999.0 -9999.0 -9999.0 -9999.0
-9999.0 -9999.0 -9999.0 -9999.0 -9999.0 -9999.0 -9999.0 -9999.0 -9999.0 -9999.0 -9999.0 -9999.0 -9999.0 -9999.0 -9999.0 -9999.0 -9999.0 -9999.0 -9999.0 -9999.0 -9999.0 -9999.0 -9999.0 -9999.0 -9999.0 -9999.0 -9999.0 -9999.0 -9999.0 -9999.0 -9999.0 -9999.0 -9999.0 -9999.0 -9999.0 -9999.0 -9999.0 -9999.0 -9999.0 -9999.0 -9999.0 -9999.0 -9999.0 -9999.0 -9999.0 -9999.0 -9999.0 -9999.0 -9999.0 -9999.0 -9999.0 -9999.0 -9999.0 -9999.0 -9999.0 -9999.0 -9999.0 -9999.0 -9999.0 -9999.0 -9999.0 -9999.0 -9999.0 -9999.0 -9999.0 -9999.0 -9999.0 -9999.0 -9999.0 -9999.0 -9999.0 -9999.0 -9999.0 -9999.0 -9999.0 -9999.0 -9999.0 -9999.0 -9999.0 -9999.0