Borden_/Borden1m_014/output_maps/psiliqL0021N0032.asc
ncols         80
nrows         18
xllcorner     620200.000000
yllcorner     5168000.000000
cellsize      1.000000
NODATA_value  -9999.0
-9999.0 -9999.0 -9999.0 -9999.0 -9999.0 -9999.0 -9999.0 -9999.0 -9999.0 -9999.0 -9999.0 -9999.0 -9999.0 -9999.0 -9999.0 -9999.0 -9999.0 -9999.0 -9999.0 -9999.0 -9999.0 -9999.0 -9999.0 -9999.0 -9999.0 -9999.0 -9999.0 -9999.0 -9999.0 -9999.0 -9999.0 -9999.0 -9999.0 -9999.0 -9999.0 -9999.0 -9999.0 -9999.0 -9999.0 -9999.0 -9999.0 -9999.0 -9999.0 -9999.0 -9999.0 -9999.0 -9999.0 -9999.0 -9999.0 -9999.0 -9999.0 -9999.0 -9999.0 -9999.0 -9999.0 -9999.0 -9999.0 -9999.0 -9999.0 -9999.0 -9999.0 -9999.0 -9999.0 -9999.0 -9999.0 -9999.0 -9999.0 -9999.0 -9999.0 -9999.0 -9999.0 -9999.0 -9999.0 -9999.0 -9999.0 -9999.0 -9999.0 -9999.0 -9999.0 -9999.0
-9999.0 -9999.0 -9999.0 -9999.0 -9999.0 -9999.0 -9999.0 -9999.0 -9999.0 -9999.0 -9999.0 -9999.0 -9999.0 -9999.0 -9999.0 -9999.0 -9999.0 -9999.0 -9999.0 -9999.0 -9999.0 -9999.0 -9999.0 -9999.0 -9999.0 -9999.0 -9999.0 -9999.0 -9999.0 -9999.0 -9999.0 -9999.0 -9999.0 -9999.0 -9999.0 -9999.0 -9999.0 -9999.0 -9999.0 -9999.0 -9999.0 -9999.0 -9999.0 -9999.0 -9999.0 -9999.0 -9999.0 -9999.0 -9999.0 -9999.0 -9999.0 -9999.0 -9999.0 -9999.0 -9999.0 -9999.0 -9999.0 -9999.0 -9999.0 -9999.0 -9999.0 -9999.0 -9999.0 -9999.0 -9999.0 -9999.0 -9999.0 -9999.0 -9999.0 -9999.0 -9999.0 -9999.0 -9999.0 -9999.0 -9999.0 -9999.0 -9999.0 -9999.0 -9999.0 -9999.0
-9999.0 -9999.0 -9999.0 -9999.0 -9999.0 -9999.0 -9999.0 -9999.0 -9999.0 -9999.0 -9999.0 -9999.0 -9999.0 -9999.0 -9999.0 -9999.0 -9999.0 -9999.0 -9999.0 -9999.0 2356.635163 2359.083137 2338.575882 2306.332940 2280.151678 2284.250085 2320.060943 2363.156783 2404.162476 2414.946324 2398.572626 2403.785413 2400.914866 2398.895322 2401.259973 2409.916125 2417.110417 2428.488380 2437.499563 2437.658805 2432.500762 2428.817719 2431.272677 2433.662982 2439.114869 2425.086755 2438.703033 2452.313375 2454.686763 2448.132196 2420.194140 2403.898488 2392.427756 2373.854646 2396.689760 2405.818978 2425.811052 2427.635077 2423.685773 2395.522864 2364.601592 -9999.0 -9999.0 -9999.0 -9999.0 -9999.0 -9999.0 -9999.0 -9999.0 -9999.0 -9999.0 -9999.0 -9999.0 -9999.0 -9999.0 -9999.0 -9999.0 -9999.0 -9999.0 -9999.0
-9999.0 -9999.0 -9999.0 -9999.0 -9999.0 -9999.0 -9999.0 -9999.0 -9999.0 -9999.0 -9999.0 -9999.0 -9999.0 -9999.0 2261.785315 2253.884271 2252.805363 2262.456820 2297.124950 2328.634661 2340.626869 2334.461926 2335.956502 2313.569310 2293.747445 2309.181308 2341.034203 2374.007378 2410.106669 2431.018005 2422.216869 2421.821968 2431.571677 2455.303413 2466.489137 2464.333039 2446.815833 2472.517484 2488.458971 2496.393800 2496.883741 2489.132261 2500.179698 2514.920306 2507.394415 2490.307698 2497.436221 2508.995577 2517.685769 2504.317627 2440.425491 2422.423003 2415.599928 2407.484142 2391.204119 2383.972875 2408.607737 2405.408046 2395.342206 2375.977584 2341.572321 2296.042560 2275.595596 2313.359130 2355.111279 2409.846491 -9999.0 -9999.0 -9999.0 -9999.0 -9999.0 -9999.0 -9999.0 -9999.0 -9999.0 -9999.0 -9999.0 -9999.0 -9999.0 -9999.0
-9999.0 -9999.0 -9999.0 -9999.0 -9999.0 -9999.0 -9999.0 -9999.0 -9999.0 2199.010500 2205.477738 2214.319596 2218.797240 2236.036349 2234.278074 2243.071025 2250.484020 2279.819207 2311.934092 2347.882343 2376.914714 2370.149477 2371.269853 2379.636484 2380.024335 2392.040342 2415.621267 2457.444581 2493.839250 2533.958463 2505.113992 2503.536598 2523.443730 2568.311978 2596.161536 2600.791771 2583.479448 2598.465090 2624.387100 2644.716395 2644.604983 2641.661977 2666.354700 2680.887941 2677.012384 2655.054800 2649.043314 2651.477628 2676.395219 2622.787268 2553.948456 2507.742812 2515.544623 2488.568686 2454.975508 2436.464062 2433.022847 2450.926618 2434.940145 2396.575325 2360.152263 2346.542368 2326.976757 2343.771351 2364.095405 2407.558478 2444.648729 2471.239335 2468.344910 2449.400622 -9999.0 -9999.0 -9999.0 -9999.0 -9999.0 -9999.0 -9999.0 -9999.0 -9999.0 -9999.0
-9999.0 -9999.0 -9999.0 -9999.0 -9999.0 -9999.0 2117.391866 2128.827739 2151.157986 2156.168606 2184.105298 2192.376062 2214.571418 2235.204352 2259.244725 2276.188851 2306.040059 2339.814232 2379.825467 2422.169787 2455.113763 2448.521476 2459.498380 2484.822222 2518.924750 2544.677661 2571.311348 2612.973673 2689.814138 2731.676489 2733.178524 2737.895384 2748.358805 2799.003131 2863.300028 2874.843145 2855.181172 2842.947115 2867.003578 2906.143615 2909.849781 2911.820871 2827.684396 2836.709909 2863.112338 2854.394194 2909.524334 2898.208775 2899.888288 2877.304173 2808.916424 2746.073224 2717.327462 2664.169834 2580.202017 2529.586301 2542.947906 2563.405023 2535.318388 2481.524783 2441.296074 2430.281487 2414.047519 2401.023379 2407.637402 2425.414093 2444.934723 2454.015421 2438.414376 2414.821213 2390.581509 2360.470502 2361.372642 2385.521677 -9999.0 -9999.0 -9999.0 -9999.0 -9999.0 -9999.0
-9999.0 -9999.0 -9999.0 -9999.0 2065.272927 2079.524495 2067.608213 2095.482685 2130.196978 2166.564276 2198.519763 2235.702259 2264.014323 2295.582595 2334.648994 2365.044588 2404.585540 2439.766257 2493.556063 2561.150168 2611.910518 2633.011713 2647.665486 2705.079148 2766.377399 2818.588921 2841.361458 2870.896570 2825.562332 2881.161856 2904.940742 2909.435939 2926.958127 2967.262983 3019.729098 3019.525127 3002.162784 2993.898585 3002.187597 3014.939307 3037.093747 3037.274410 3037.217961 3040.474112 3046.917125 3045.972813 3022.358604 2990.231983 3012.106467 3002.425116 2967.791076 2897.193150 2863.574543 2836.170940 2882.996577 2826.899787 2769.253451 2759.686891 2700.329044 2640.089141 2580.981534 2562.761800 2533.566781 2509.056670 2482.594604 2485.090664 2487.806721 2465.223729 2429.659814 2395.142307 2378.569854 2358.371096 2345.520506 2374.845412 2391.314055 2420.314514 -9999.0 -9999.0 -9999.0 -9999.0
-9999.0 -9999.0 2003.296777 2051.125285 2109.921642 2119.403916 2118.438485 2125.658689 2156.360348 2210.479296 2282.531632 2328.680422 2367.185475 2403.238763 2463.130784 2535.570815 2604.341267 2651.697842 2717.010010 2790.813446 2854.878732 2886.874026 2902.739644 2847.460848 2900.415541 2966.396356 2993.956187 3019.850266 3013.098683 3046.490931 3045.907072 3057.790908 3068.614353 3077.467874 3088.809036 3093.523281 3089.325987 3084.868238 3067.198580 3062.664177 3069.277345 3075.528595 3075.976612 3061.855439 3057.941999 3072.404812 3077.286831 3075.833106 3075.076144 3080.272972 3078.942327 3034.711025 3009.586572 2995.879068 3022.072617 2976.943865 2911.412891 2875.877727 2856.493157 2898.768126 2819.467795 2771.191176 2721.943310 2677.104457 2624.929885 2597.866558 2552.457963 2509.461838 2461.389701 2413.383701 2388.487504 2370.181823 2366.956006 2365.422726 2381.007174 2395.132911 2409.688855 2417.046815 -9999.0 -9999.0
-9999.0 1895.551452 1967.754263 2092.660653 2173.538390 2216.930075 2239.175329 2254.975514 2286.450233 2321.336584 2419.603427 2490.853159 2580.770542 2623.106539 2672.788225 2771.848027 2870.447348 2829.880216 2867.061894 2927.403003 2990.209260 3002.071049 3027.178138 3017.270941 3053.423314 3075.596552 3081.302434 3086.533991 3084.193256 3075.871754 3068.547322 3075.439800 3073.260186 3054.783579 3039.357068 3037.775028 3034.441670 3012.240461 3020.754247 3005.947723 3008.699427 2997.215976 3019.116699 2999.404038 2995.310269 3015.445971 3000.261267 2990.179545 3013.900318 2993.856365 3027.008702 3049.796804 3054.411770 3072.032098 3092.877407 3065.302374 3041.340017 3000.069926 3020.182949 2995.236798 2938.820407 2882.829620 2834.076741 2857.226058 2791.700079 2727.448190 2663.997962 2599.985986 2534.350487 2492.526753 2461.616472 2413.231742 2394.633835 2396.985374 2388.206022 2384.524902 2389.234869 2394.972697 -9999.0 -9999.0
-9999.0 1805.976131 1946.906405 2128.825487 2276.763205 2328.907077 2411.719251 2482.853137 2508.653197 2470.689818 2580.075411 2804.069841 2847.494914 2863.122440 2935.570337 2995.256222 2990.595162 3019.161527 3040.471987 3058.663541 3073.439155 3084.700837 3082.383834 3076.527051 3060.702884 3052.895261 3052.687440 3050.741191 3033.930512 3015.438411 2998.901844 2996.649075 3015.212528 2969.396280 2936.177516 2918.857136 2901.592745 2886.127598 2857.795504 2833.151532 2904.252866 2829.832142 2826.608772 2897.926568 2894.148666 2827.226958 2856.725584 2853.750635 2864.503024 2884.323761 2921.111037 2959.130432 2978.380977 3007.469409 3004.826419 3049.542802 3060.590010 3082.510225 3086.151466 3072.505060 3028.695259 3016.422833 2986.124203 2930.440282 2868.876148 2868.153815 2801.943612 2737.744234 2666.514604 2621.255087 2575.515005 2519.264198 2470.292696 2453.909212 2415.664530 2397.692444 -9999.0 -9999.0 -9999.0 -9999.0
-9999.0 1713.621644 1897.047083 2145.204823 2434.458096 2526.862856 2735.450930 2818.668626 2861.959421 2927.996989 2848.852743 3000.261653 3041.763716 3034.498433 3041.374322 3042.860032 3056.179780 3056.286732 3051.385013 3040.879245 3031.925382 3027.831197 3026.601934 3018.814816 3006.454985 2992.612434 3017.390036 3005.962469 2970.482197 2938.215551 2900.389374 2886.973454 2847.002858 2839.128888 2795.883114 2755.636951 2694.108743 2690.571095 2690.240925 2661.175134 2642.495265 2615.428604 2641.699400 2652.252361 2656.318421 2654.089125 2667.729424 2698.056531 2747.220925 2785.605041 2830.533568 2884.185045 2829.215973 2868.511204 2909.897395 2962.958657 2993.348338 3022.670066 3031.150067 3067.232877 3089.019610 3077.045584 3056.083766 3014.441436 2989.769379 2937.943966 2904.282720 2849.460402 2816.138253 2764.288224 2717.387160 2666.879013 2603.789449 2537.978202 2499.015261 -9999.0 -9999.0 -9999.0 -9999.0 -9999.0
-9999.0 1509.132276 1774.796486 2050.685360 2343.771142 2684.191895 2810.778855 2914.345531 2978.274780 2953.318118 2968.828348 2979.977688 2988.111966 2994.051406 3004.229847 2993.709101 2978.684768 2977.954175 2990.947560 2964.456870 2935.137902 2922.050093 2922.311764 2911.087816 2887.592826 2872.057930 2862.571931 2844.984326 2881.592978 2827.918004 2741.635128 2705.463756 2623.417374 2576.903788 2534.976086 2484.635620 2434.480415 2435.603747 2456.438632 2444.354769 2422.724803 2404.708695 2432.957489 2453.985600 2467.533991 2454.083188 2462.755098 2498.303261 2548.145096 2593.089990 2642.724851 2699.211599 2745.180561 2791.990436 2822.055941 2870.213905 2826.479462 2868.465879 2938.624781 3014.369620 3010.925264 3043.697020 3074.388426 3094.837352 3053.181435 3024.626655 3001.195809 2995.715078 2944.368836 2898.371254 2859.371802 2798.710239 2756.290715 -9999.0 -9999.0 -9999.0 -9999.0 -9999.0 -9999.0 -9999.0
-9999.0 1390.909899 1595.199757 1803.249878 2068.670382 2304.751337 2519.721112 2623.019706 2704.991969 2766.135530 2816.178748 2856.151247 2818.459740 2839.351842 2818.988776 2853.462100 2823.587349 2828.543422 2821.695606 2799.063015 2769.958083 2755.304024 2751.681875 2744.910464 2721.150586 2707.505426 2696.837258 2672.473511 2642.904006 2586.624378 2509.093876 2433.026029 2375.083180 2348.668234 2321.284235 2290.418170 2259.024735 2269.716447 2280.918326 2279.397222 2270.940665 2269.582826 2298.539005 2317.774372 2327.927685 2317.477546 2337.112092 2363.075808 2403.897328 2448.159076 2497.652033 2552.206849 2606.140478 2634.090859 2645.499501 2667.104746 2704.752791 2757.666303 2842.685603 2843.380869 2917.825176 2963.819397 3013.053592 3013.478922 3038.658729 3066.553823 3083.948069 3072.386000 3045.252740 3014.110141 2968.897465 -9999.0 -9999.0 -9999.0 -9999.0 -9999.0 -9999.0 -9999.0 -9999.0 -9999.0
-9999.0 -9999.0 1366.335930 1529.756061 1645.069511 1815.546971 1962.364380 2072.614469 2170.928691 2303.492554 2421.013284 2513.621565 2560.145262 2578.754374 2566.861585 2539.346642 2521.177567 2521.136555 2509.994153 2501.267494 2483.767877 2476.388740 2463.125427 2454.460137 2446.757186 2442.783670 2437.899196 2427.614699 2407.071664 2361.493796 2317.545432 2268.746804 2217.590441 2192.923754 2171.885175 2151.836901 2152.665861 2147.496967 2152.425718 2154.449881 2162.665678 2176.042263 2195.757067 2218.431766 2228.529401 2238.681349 2251.132710 2274.817124 2307.631634 2350.160044 2404.700280 2463.932137 2504.755984 2517.728337 2507.285026 2510.598707 2527.456214 2567.013137 2642.753540 2724.064573 2820.946108 2892.537274 2870.146590 2923.398494 2947.706408 2978.830125 3014.376577 3057.849770 3089.391535 3069.290804 -9999.0 -9999.0 -9999.0 -9999.0 -9999.0 -9999.0 -9999.0 -9999.0 -9999.0 -9999.0
-9999.0 -9999.0 -9999.0 -9999.0 1390.220863 1540.982754 1638.806973 1720.690224 1853.299978 1980.397608 2085.238903 2171.959104 2238.941969 2267.049269 2267.038452 2279.452732 2277.328540 2269.744507 2259.317498 2261.095492 2262.729874 2255.534500 2239.684452 2232.528900 2234.494696 2240.358545 2237.542866 2223.674424 2204.990707 2185.937624 2168.605771 2135.527132 2101.049921 2072.236020 2059.221964 2054.491800 2054.092077 2046.372000 2054.647257 2062.685370 2078.193509 2093.320983 2116.915619 2146.241758 2160.732785 2175.875371 2185.607515 2205.848298 2236.599028 2290.395463 2354.529345 2413.265564 2450.944699 2456.208654 2432.577918 2416.994303 2412.341102 2438.836491 2481.091000 2543.981696 2643.404785 2715.884745 2767.886186 2808.561428 2839.138375 2824.058106 2904.719723 2974.507463 -9999.0 -9999.0 -9999.0 -9999.0 -9999.0 -9999.0 -9999.0 -9999.0 -9999.0 -9999.0 -9999.0 -9999.0
-9999.0 -9999.0 -9999.0 -9999.0 -9999.0 -9999.0 1359.483976 1463.659841 1537.725401 1684.512962 1823.679232 1929.350120 2012.391507 2047.388008 2078.714953 2108.100776 2107.929444 2088.744123 2068.213327 2088.354517 2104.724986 2098.351299 2067.066352 2067.417394 2073.072743 2080.737049 2077.959467 2071.393270 2046.151001 2059.870139 2062.041283 2038.811516 2012.958627 1999.517445 1987.622752 1997.151168 1997.094729 1982.872900 1982.413450 2009.687424 2030.306727 2043.264479 2064.651948 2097.908498 2130.530664 2146.331166 2147.934999 2153.916587 2192.928639 2263.322925 2336.037339 2392.750919 2426.555807 2435.586374 2410.004732 2370.539944 2350.718367 2357.625606 2391.322163 2441.476369 2515.118193 2561.308526 2581.809416 2589.062856 2602.209412 2693.187155 -9999.0 -9999.0 -9999.0 -9999.0 -9999.0 -9999.0 -9999.0 -9999.0 -9999.0 -9999.0 -9999.0 -9999.0 -9999.0 -9999.0
-9999.0 -9999.0 -9999.0 -9999.0 -9999.0 -9999.0 -9999.0 -9999.0 -9999.0 -9999.0 -9999.0 -9999.0 -9999.0 -9999.0 -9999.0 -9999.0 -9999.0 -9999.0 -9999.0 -9999.0 -9999.0 -9999.0 -9999.0 -9999.0 -9999.0 -9999.0 -9999.0 -9999.0 -9999.0 -9999.0 -9999.0 -9999.0 -9999.0 -9999.0 -9999.0 -9999.0 -9999.0 -9999.0 -9999.0 -9999.0 -9999.0 -9999.0 -9999.0 -9999.0 -9999.0 -9999.0 -9999.0 -9999.0 -9999.0 -9999.0 -9999.0 -9999.0 -9999.0 -9999.0 -9999.0 -9999.0 -9999.0 -9999.0 -9999.0 -9999.0 -9999.0 -9999.0 -9999.0 -9999.0 -9999.0 -9999.0 -9999.0 -9999.0 -9999.0 -9999.0 -9999.0 -9999.0 -9999.0 -9999.0 -9999.0 -9999.0 -9999.0 -9999.0 -9999.0 -9999.0
-9999.0 -9999.0 -9999.0 -9999.0 -9999.0 -9999.0 -9999.0 -9999.0 -9999.0 -9999.0 -9999.0 -9999.0 -9999.0 -9999.0 -9999.0 -9999.0 -9999.0 -9999.0 -9999.0 -9999.0 -9999.0 -9999.0 -9999.0 -9999.0 -9999.0 -9999.0 -9999.0 -9999.0 -9999.0 -9999.0 -9999.0 -9999.0 -9999.0 -9999.0 -9999.0 -9999.0 -9999.0 -9999.0 -9999.0 -9999.0 -9999.0 -9999.0 -9999.0 -9999.0 -9999.0 -9999.0 -9999.0 -9999.0 -9999.0 -9999.0 -9999.0 -9999.0 -9999.0 -9999.0 -9999.0 -9999.0 -9999.0 -9999.0 -9999.0 -9999.0 -9999.0 -9999.0 -9999.0 -9999.0 -9999.0 -9999.0 -9999.0 -9999.0 -9999.0 -9999.0 -9999.0 -9999.0 -9999.0 -9999.0 -9999.0 -9999.0 -9999.0 -9999.0 -9999.0 -9999.0