Borden_/Borden1m_014/output_maps/psiliqL0017N0028.asc
ncols         80
nrows         18
xllcorner     620200.000000
yllcorner     5168000.000000
cellsize      1.000000
NODATA_value  -9999.0
-9999.0 -9999.0 -9999.0 -9999.0 -9999.0 -9999.0 -9999.0 -9999.0 -9999.0 -9999.0 -9999.0 -9999.0 -9999.0 -9999.0 -9999.0 -9999.0 -9999.0 -9999.0 -9999.0 -9999.0 -9999.0 -9999.0 -9999.0 -9999.0 -9999.0 -9999.0 -9999.0 -9999.0 -9999.0 -9999.0 -9999.0 -9999.0 -9999.0 -9999.0 -9999.0 -9999.0 -9999.0 -9999.0 -9999.0 -9999.0 -9999.0 -9999.0 -9999.0 -9999.0 -9999.0 -9999.0 -9999.0 -9999.0 -9999.0 -9999.0 -9999.0 -9999.0 -9999.0 -9999.0 -9999.0 -9999.0 -9999.0 -9999.0 -9999.0 -9999.0 -9999.0 -9999.0 -9999.0 -9999.0 -9999.0 -9999.0 -9999.0 -9999.0 -9999.0 -9999.0 -9999.0 -9999.0 -9999.0 -9999.0 -9999.0 -9999.0 -9999.0 -9999.0 -9999.0 -9999.0
-9999.0 -9999.0 -9999.0 -9999.0 -9999.0 -9999.0 -9999.0 -9999.0 -9999.0 -9999.0 -9999.0 -9999.0 -9999.0 -9999.0 -9999.0 -9999.0 -9999.0 -9999.0 -9999.0 -9999.0 -9999.0 -9999.0 -9999.0 -9999.0 -9999.0 -9999.0 -9999.0 -9999.0 -9999.0 -9999.0 -9999.0 -9999.0 -9999.0 -9999.0 -9999.0 -9999.0 -9999.0 -9999.0 -9999.0 -9999.0 -9999.0 -9999.0 -9999.0 -9999.0 -9999.0 -9999.0 -9999.0 -9999.0 -9999.0 -9999.0 -9999.0 -9999.0 -9999.0 -9999.0 -9999.0 -9999.0 -9999.0 -9999.0 -9999.0 -9999.0 -9999.0 -9999.0 -9999.0 -9999.0 -9999.0 -9999.0 -9999.0 -9999.0 -9999.0 -9999.0 -9999.0 -9999.0 -9999.0 -9999.0 -9999.0 -9999.0 -9999.0 -9999.0 -9999.0 -9999.0
-9999.0 -9999.0 -9999.0 -9999.0 -9999.0 -9999.0 -9999.0 -9999.0 -9999.0 -9999.0 -9999.0 -9999.0 -9999.0 -9999.0 -9999.0 -9999.0 -9999.0 -9999.0 -9999.0 -9999.0 1551.722166 1554.491374 1533.571027 1501.134488 1474.652646 1478.436796 1514.360203 1557.311637 1597.851919 1609.114954 1592.800780 1597.298909 1594.194935 1593.279167 1596.146027 1604.094918 1609.786576 1621.374487 1630.385414 1630.691246 1625.560683 1621.590514 1623.200074 1626.086163 1631.328506 1618.637829 1631.730694 1645.494088 1648.680338 1642.047680 1613.680945 1596.813028 1585.712783 1567.792992 1590.480891 1600.071902 1620.821385 1623.116736 1619.668231 1591.456807 1560.587405 -9999.0 -9999.0 -9999.0 -9999.0 -9999.0 -9999.0 -9999.0 -9999.0 -9999.0 -9999.0 -9999.0 -9999.0 -9999.0 -9999.0 -9999.0 -9999.0 -9999.0 -9999.0 -9999.0
-9999.0 -9999.0 -9999.0 -9999.0 -9999.0 -9999.0 -9999.0 -9999.0 -9999.0 -9999.0 -9999.0 -9999.0 -9999.0 -9999.0 1457.673384 1449.255104 1447.848517 1457.472737 1492.162703 1523.437509 1535.716769 1529.365548 1530.806618 1508.570319 1489.160016 1504.657328 1536.298967 1569.711926 1606.129357 1627.767580 1618.594129 1618.121194 1628.628549 1653.621896 1666.130336 1664.041344 1645.671218 1670.155167 1686.300148 1695.089441 1695.686127 1688.236103 1700.814061 1716.213586 1708.875926 1691.266216 1696.514969 1707.463871 1717.281401 1702.836771 1638.459038 1618.680092 1612.048901 1603.424912 1587.178366 1579.214246 1603.164074 1600.982765 1591.046498 1571.624231 1537.533684 1492.404570 1472.504571 1510.093431 1552.308158 1608.023947 -9999.0 -9999.0 -9999.0 -9999.0 -9999.0 -9999.0 -9999.0 -9999.0 -9999.0 -9999.0 -9999.0 -9999.0 -9999.0 -9999.0
-9999.0 -9999.0 -9999.0 -9999.0 -9999.0 -9999.0 -9999.0 -9999.0 -9999.0 1396.053292 1401.841230 1410.402836 1414.322767 1431.325536 1429.772834 1438.318081 1446.328447 1475.146690 1507.496293 1543.717354 1573.398869 1566.127301 1568.086455 1578.577666 1581.777420 1594.813264 1618.447675 1660.570399 1700.652177 1742.581149 1715.239317 1714.425448 1734.732382 1781.250670 1812.309616 1818.593775 1800.880740 1812.243631 1837.985058 1860.014024 1860.690017 1859.030939 1884.819212 1899.160786 1897.919087 1876.412044 1865.170384 1865.286855 1889.268290 1836.240026 1768.481839 1719.170663 1723.512262 1693.236921 1655.929840 1635.552409 1631.202066 1649.262590 1632.674454 1594.007873 1556.519709 1543.514604 1524.317032 1540.357830 1560.804690 1605.115147 1642.385354 1669.249074 1667.041499 1648.431113 -9999.0 -9999.0 -9999.0 -9999.0 -9999.0 -9999.0 -9999.0 -9999.0 -9999.0 -9999.0
-9999.0 -9999.0 -9999.0 -9999.0 -9999.0 -9999.0 1315.233521 1325.964526 1347.643632 1353.008012 1380.112437 1388.683994 1410.782021 1431.537146 1455.107811 1472.800047 1503.827615 1538.230494 1580.047506 1623.978503 1657.310469 1653.057881 1664.930867 1694.976121 1733.053217 1761.672343 1788.465889 1830.493800 1908.210582 1951.478701 1957.680319 1963.567848 1974.335444 2024.055162 2088.275068 2102.436894 2082.278180 2068.483640 2090.223262 2127.945117 2133.830031 2136.280768 2148.732271 2158.879611 2184.260933 2173.093681 2132.186850 2118.007222 2116.129824 2096.672315 2032.547005 1969.093404 1936.351981 1884.877330 1800.188567 1746.221719 1754.296428 1771.939954 1741.652164 1685.981377 1644.134696 1631.928700 1615.061031 1600.547912 1605.540941 1622.822049 1642.772441 1651.940983 1636.853705 1613.873201 1589.746126 1559.743724 1560.641540 1585.021148 -9999.0 -9999.0 -9999.0 -9999.0 -9999.0 -9999.0
-9999.0 -9999.0 -9999.0 -9999.0 1263.801978 1277.661933 1266.098434 1292.931567 1327.154599 1363.032108 1395.925866 1433.857152 1462.683213 1494.760938 1536.116181 1570.356690 1612.766569 1649.781833 1705.512031 1774.733635 1827.021505 1851.404704 1868.174595 1927.161896 1989.124229 2042.009902 2064.360246 2093.665581 2140.231072 2201.725023 2229.769454 2237.111688 2255.338962 2292.678765 2342.097857 2376.423275 2359.721523 2351.707281 2358.879802 2371.898134 2396.488719 2398.866651 2401.457279 2404.462535 2409.188922 2406.990610 2380.750694 2345.851082 2330.011913 2319.181508 2286.853843 2216.258838 2176.605500 2144.599353 2106.919913 2052.863702 1990.768076 1976.450532 1917.558820 1857.925753 1795.391485 1773.530374 1741.980701 1715.166519 1685.135040 1685.288274 1686.564124 1663.636927 1628.711382 1594.410777 1577.724226 1557.555015 1545.172644 1574.340504 1591.026949 1620.509671 -9999.0 -9999.0 -9999.0 -9999.0
-9999.0 -9999.0 1202.738532 1251.419477 1309.611729 1319.361984 1320.098899 1327.443400 1357.826601 1411.879439 1487.048436 1537.025418 1579.308873 1615.682240 1676.813053 1755.072040 1827.346848 1877.582157 1939.993645 2012.134819 2075.811531 2110.224009 2128.474253 2169.371291 2224.830902 2289.002375 2317.060039 2344.794124 2378.293281 2414.115593 2422.663110 2436.712718 2446.236821 2451.299804 2458.992651 2461.768088 2456.573064 2450.419649 2431.299794 2427.092974 2434.373104 2440.877711 2442.244924 2428.838688 2424.829226 2438.280923 2442.066903 2440.204883 2438.516453 2444.886684 2446.452368 2405.172537 2371.063507 2354.289105 2341.573874 2295.438206 2229.253467 2187.841723 2163.320145 2118.174863 2039.442231 1988.484680 1937.541799 1888.759156 1835.620471 1804.273308 1756.209328 1711.568439 1662.767759 1614.521984 1589.379054 1570.250673 1566.644089 1565.255679 1580.510596 1594.884551 1609.510841 1616.909792 -9999.0 -9999.0
-9999.0 1097.670653 1170.217129 1296.350054 1377.366908 1422.253929 1451.436012 1472.932040 1503.839637 1534.347484 1637.834765 1720.967052 1812.854940 1853.490487 1905.288871 2003.672855 2100.099761 2148.491677 2189.187711 2248.657997 2311.410872 2361.241316 2391.403549 2397.650555 2433.723977 2450.926996 2455.410538 2459.959055 2457.631208 2450.244061 2442.225710 2448.411489 2444.357063 2424.838624 2408.248181 2404.578800 2398.148956 2372.301966 2341.903382 2325.762038 2327.450134 2351.075868 2338.604684 2317.920349 2314.259186 2335.909216 2356.561998 2348.105605 2336.551215 2355.527224 2391.121541 2414.605433 2423.564729 2440.729973 2461.318355 2434.731118 2407.110810 2363.868269 2342.666019 2312.424574 2252.769299 2191.010477 2135.092752 2073.416258 2006.256357 1938.404016 1873.881409 1810.420263 1742.744776 1700.052924 1667.893802 1617.525273 1596.584477 1597.599303 1587.986103 1584.040318 1589.002774 1594.821202 -9999.0 -9999.0
-9999.0 1013.846320 1155.904127 1339.813952 1488.576983 1545.678302 1641.369492 1718.184370 1746.509070 1716.273155 1825.145340 2045.096080 2154.210671 2175.071139 2250.123027 2342.292461 2356.511205 2390.643384 2414.687606 2429.341372 2441.375560 2453.576364 2453.303373 2448.853392 2434.588763 2426.786401 2424.974103 2421.348373 2402.711564 2382.329087 2363.594379 2358.061534 2337.500262 2290.890763 2256.594638 2237.979140 2219.767659 2199.374400 2166.213307 2138.146730 2121.709777 2135.916968 2130.387790 2114.217625 2110.673272 2132.845945 2165.400736 2163.109916 2173.630307 2196.465790 2236.855652 2277.687915 2301.459327 2333.066724 2371.436550 2417.447246 2432.316894 2454.287409 2458.072058 2440.213789 2394.416140 2339.897248 2303.634619 2238.986556 2164.865933 2084.715567 2017.872733 1953.533742 1882.676462 1835.814311 1788.791797 1731.380449 1678.471786 1656.987459 1617.151768 1597.403421 -9999.0 -9999.0 -9999.0 -9999.0
-9999.0 929.940563 1116.417837 1371.209523 1652.118291 1756.707097 1962.044763 2089.951089 2146.325288 2216.877362 2177.571613 2339.133097 2383.911908 2382.507380 2387.245939 2393.562080 2410.839377 2415.212310 2412.779778 2403.753550 2395.539100 2392.101103 2391.033438 2383.419347 2370.706537 2354.824831 2339.723765 2325.123823 2285.557793 2250.688562 2212.313732 2196.018389 2154.314235 2061.105978 2017.750927 1980.028042 1921.400477 1915.391289 1910.539496 1881.703757 1861.437390 1838.833670 1862.133371 1868.222703 1871.424492 1873.763060 1890.127469 1916.338994 1962.977452 2000.682538 2045.748311 2099.135227 2135.489428 2180.120903 2226.707877 2283.518183 2317.963050 2350.363128 2399.785150 2439.284821 2462.534548 2449.803650 2421.917987 2372.237311 2297.800642 2228.581341 2175.759838 2099.523678 2033.706313 1980.511122 1934.518164 1883.965314 1819.711444 1744.198622 1702.783796 -9999.0 -9999.0 -9999.0 -9999.0 -9999.0
-9999.0 741.192089 1008.129359 1291.736396 1598.192960 1930.009681 2073.051847 2196.439382 2268.956059 2241.278590 2253.322749 2273.294589 2317.235786 2328.040232 2310.171523 2302.188379 2291.027546 2291.899200 2305.563949 2279.736044 2250.508554 2237.158207 2236.561256 2224.409069 2200.261995 2182.580442 2169.585112 2147.544531 2098.204654 2045.598399 1962.129622 1929.451860 1851.621092 1797.885638 1754.130637 1704.230962 1653.732613 1652.671574 1670.230039 1655.703735 1633.210840 1614.738299 1641.816299 1660.526054 1673.385845 1661.741310 1671.219628 1707.788328 1757.915272 1802.783901 1853.276296 1908.757590 1956.112492 2004.250940 2036.455985 2086.981985 2136.401803 2184.463696 2259.229904 2339.457418 2378.133689 2413.221277 2443.961753 2457.277072 2401.663526 2348.452258 2291.303429 2225.301300 2143.724690 2096.189767 2070.851111 2029.460321 1974.509483 -9999.0 -9999.0 -9999.0 -9999.0 -9999.0 -9999.0 -9999.0
-9999.0 617.789786 831.390076 1053.332090 1331.169473 1568.303413 1769.833248 1876.483436 1955.837817 2000.049933 2040.147772 2076.710376 2108.677341 2133.233634 2113.683127 2074.475866 2046.293304 2051.204735 2046.507663 2023.415049 1994.255327 1979.437989 1976.400230 1969.113138 1944.440948 1929.582531 1918.055083 1894.349853 1860.720694 1804.323380 1725.349040 1651.763082 1591.221739 1560.723323 1531.548877 1499.260094 1464.640547 1474.576075 1486.450493 1483.086906 1472.943423 1470.364270 1499.425893 1518.687700 1528.996421 1518.022647 1537.672773 1564.529086 1606.320110 1650.038264 1699.795252 1755.601747 1810.086633 1839.761617 1853.846928 1879.398376 1919.458654 1974.071516 2060.620406 2155.894147 2234.853680 2284.000278 2334.704235 2367.766829 2378.908392 2384.304525 2354.481149 2271.335865 2166.176300 2151.385693 2149.128357 -9999.0 -9999.0 -9999.0 -9999.0 -9999.0 -9999.0 -9999.0 -9999.0 -9999.0
-9999.0 -9999.0 599.635735 772.500681 903.324741 1080.409271 1229.988824 1340.498334 1432.306856 1551.032489 1659.392328 1745.361992 1790.746015 1809.040203 1795.944900 1764.464852 1744.399372 1744.651645 1734.432600 1724.334311 1705.001674 1697.105642 1685.387655 1676.691998 1666.807549 1661.098904 1655.146849 1643.103766 1620.718707 1573.794491 1526.172462 1475.235361 1422.353918 1396.769100 1374.843102 1353.491315 1352.450615 1348.023137 1353.280324 1354.723780 1361.776717 1374.470865 1394.456776 1416.627836 1426.573033 1435.868913 1448.579199 1472.561270 1505.903662 1548.660689 1603.176537 1661.615767 1702.211992 1715.716568 1706.769844 1712.433307 1733.233902 1776.159818 1856.721565 1940.745257 2036.624379 2108.046258 2179.008127 2230.018298 2244.130970 2255.884588 2265.888757 2210.522626 2056.004462 2099.364902 -9999.0 -9999.0 -9999.0 -9999.0 -9999.0 -9999.0 -9999.0 -9999.0 -9999.0 -9999.0
-9999.0 -9999.0 -9999.0 -9999.0 631.961981 785.811856 883.227287 966.481801 1096.177717 1217.660928 1318.433161 1401.994534 1464.678354 1491.422723 1488.075515 1494.840767 1490.921257 1484.732038 1475.025497 1474.507853 1473.787605 1466.269596 1451.589603 1443.965437 1444.647219 1449.235008 1446.105856 1431.850751 1413.422369 1391.125464 1371.029220 1336.665764 1300.760068 1271.414165 1258.062966 1252.349983 1251.928754 1244.755155 1253.272373 1260.609666 1275.786915 1290.947213 1314.663197 1343.735383 1357.666479 1372.591346 1382.476688 1403.133740 1433.802105 1487.513547 1551.356541 1609.739230 1646.316315 1651.425754 1627.600425 1612.876580 1609.909870 1638.509803 1683.857550 1751.317202 1853.197390 1926.546258 1983.323976 2026.935978 2057.471999 2100.217387 2145.461119 2174.470729 -9999.0 -9999.0 -9999.0 -9999.0 -9999.0 -9999.0 -9999.0 -9999.0 -9999.0 -9999.0 -9999.0 -9999.0
-9999.0 -9999.0 -9999.0 -9999.0 -9999.0 -9999.0 593.082188 694.982146 774.329842 913.592024 1044.686291 1146.081196 1226.420775 1258.476540 1285.428395 1312.556912 1311.083509 1292.796154 1273.695794 1292.579675 1306.613667 1300.587565 1270.333525 1269.812195 1274.443901 1282.286580 1279.655527 1272.844727 1247.383545 1258.786561 1259.343056 1235.824914 1209.583067 1195.574330 1183.554483 1193.017969 1193.098647 1179.335090 1179.718727 1206.485171 1226.722918 1239.807113 1261.553271 1294.776253 1327.194695 1342.546136 1344.054319 1350.295105 1390.364703 1460.808253 1532.835350 1588.729766 1621.760782 1630.439450 1603.966513 1564.622102 1544.977611 1552.812046 1588.255885 1641.375392 1717.524443 1766.891673 1792.445991 1805.151251 1822.436438 1912.114292 -9999.0 -9999.0 -9999.0 -9999.0 -9999.0 -9999.0 -9999.0 -9999.0 -9999.0 -9999.0 -9999.0 -9999.0 -9999.0 -9999.0
-9999.0 -9999.0 -9999.0 -9999.0 -9999.0 -9999.0 -9999.0 -9999.0 -9999.0 -9999.0 -9999.0 -9999.0 -9999.0 -9999.0 -9999.0 -9999.0 -9999.0 -9999.0 -9999.0 -9999.0 -9999.0 -9999.0 -9999.0 -9999.0 -9999.0 -9999.0 -9999.0 -9999.0 -9999.0 -9999.0 -9999.0 -9999.0 -9999.0 -9999.0 -9999.0 -9999.0 -9999.0 -9999.0 -9999.0 -9999.0 -9999.0 -9999.0 -9999.0 -9999.0 -9999.0 -9999.0 -9999.0 -9999.0 -9999.0 -9999.0 -9999.0 -9999.0 -9999.0 -9999.0 -9999.0 -9999.0 -9999.0 -9999.0 -9999.0 -9999.0 -9999.0 -9999.0 -9999.0 -9999.0 -9999.0 -9999.0 -9999.0 -9999.0 -9999.0 -9999.0 -9999.0 -9999.0 -9999.0 -9999.0 -9999.0 -9999.0 -9999.0 -9999.0 -9999.0 -9999.0
-9999.0 -9999.0 -9999.0 -9999.0 -9999.0 -9999.0 -9999.0 -9999.0 -9999.0 -9999.0 -9999.0 -9999.0 -9999.0 -9999.0 -9999.0 -9999.0 -9999.0 -9999.0 -9999.0 -9999.0 -9999.0 -9999.0 -9999.0 -9999.0 -9999.0 -9999.0 -9999.0 -9999.0 -9999.0 -9999.0 -9999.0 -9999.0 -9999.0 -9999.0 -9999.0 -9999.0 -9999.0 -9999.0 -9999.0 -9999.0 -9999.0 -9999.0 -9999.0 -9999.0 -9999.0 -9999.0 -9999.0 -9999.0 -9999.0 -9999.0 -9999.0 -9999.0 -9999.0 -9999.0 -9999.0 -9999.0 -9999.0 -9999.0 -9999.0 -9999.0 -9999.0 -9999.0 -9999.0 -9999.0 -9999.0 -9999.0 -9999.0 -9999.0 -9999.0 -9999.0 -9999.0 -9999.0 -9999.0 -9999.0 -9999.0 -9999.0 -9999.0 -9999.0 -9999.0 -9999.0