Borden_/Borden1m_014/output_maps/psiliqL0008N0003.asc
ncols         80
nrows         18
xllcorner     620200.000000
yllcorner     5168000.000000
cellsize      1.000000
NODATA_value  -9999.0
-9999.0 -9999.0 -9999.0 -9999.0 -9999.0 -9999.0 -9999.0 -9999.0 -9999.0 -9999.0 -9999.0 -9999.0 -9999.0 -9999.0 -9999.0 -9999.0 -9999.0 -9999.0 -9999.0 -9999.0 -9999.0 -9999.0 -9999.0 -9999.0 -9999.0 -9999.0 -9999.0 -9999.0 -9999.0 -9999.0 -9999.0 -9999.0 -9999.0 -9999.0 -9999.0 -9999.0 -9999.0 -9999.0 -9999.0 -9999.0 -9999.0 -9999.0 -9999.0 -9999.0 -9999.0 -9999.0 -9999.0 -9999.0 -9999.0 -9999.0 -9999.0 -9999.0 -9999.0 -9999.0 -9999.0 -9999.0 -9999.0 -9999.0 -9999.0 -9999.0 -9999.0 -9999.0 -9999.0 -9999.0 -9999.0 -9999.0 -9999.0 -9999.0 -9999.0 -9999.0 -9999.0 -9999.0 -9999.0 -9999.0 -9999.0 -9999.0 -9999.0 -9999.0 -9999.0 -9999.0
-9999.0 -9999.0 -9999.0 -9999.0 -9999.0 -9999.0 -9999.0 -9999.0 -9999.0 -9999.0 -9999.0 -9999.0 -9999.0 -9999.0 -9999.0 -9999.0 -9999.0 -9999.0 -9999.0 -9999.0 -9999.0 -9999.0 -9999.0 -9999.0 -9999.0 -9999.0 -9999.0 -9999.0 -9999.0 -9999.0 -9999.0 -9999.0 -9999.0 -9999.0 -9999.0 -9999.0 -9999.0 -9999.0 -9999.0 -9999.0 -9999.0 -9999.0 -9999.0 -9999.0 -9999.0 -9999.0 -9999.0 -9999.0 -9999.0 -9999.0 -9999.0 -9999.0 -9999.0 -9999.0 -9999.0 -9999.0 -9999.0 -9999.0 -9999.0 -9999.0 -9999.0 -9999.0 -9999.0 -9999.0 -9999.0 -9999.0 -9999.0 -9999.0 -9999.0 -9999.0 -9999.0 -9999.0 -9999.0 -9999.0 -9999.0 -9999.0 -9999.0 -9999.0 -9999.0 -9999.0
-9999.0 -9999.0 -9999.0 -9999.0 -9999.0 -9999.0 -9999.0 -9999.0 -9999.0 -9999.0 -9999.0 -9999.0 -9999.0 -9999.0 -9999.0 -9999.0 -9999.0 -9999.0 -9999.0 -9999.0 -273.749878 -270.871622 -293.826810 -328.028115 -356.656953 -355.264687 -321.059653 -280.750487 -243.530266 -233.462183 -251.902506 -250.790343 -256.273002 -256.821686 -254.154622 -248.393128 -245.845815 -234.473437 -226.208092 -226.709168 -233.097386 -238.981962 -240.391950 -236.944565 -231.869116 -240.648394 -226.925569 -211.354612 -204.728344 -209.372435 -236.133410 -251.415733 -258.984265 -272.870724 -247.793481 -234.701875 -211.201709 -206.409784 -207.164433 -233.777099 -263.533420 -9999.0 -9999.0 -9999.0 -9999.0 -9999.0 -9999.0 -9999.0 -9999.0 -9999.0 -9999.0 -9999.0 -9999.0 -9999.0 -9999.0 -9999.0 -9999.0 -9999.0 -9999.0 -9999.0
-9999.0 -9999.0 -9999.0 -9999.0 -9999.0 -9999.0 -9999.0 -9999.0 -9999.0 -9999.0 -9999.0 -9999.0 -9999.0 -9999.0 -362.488419 -372.927193 -376.405726 -368.476783 -335.444735 -306.109625 -293.717491 -301.686433 -302.208287 -326.224202 -346.904144 -333.557339 -305.138364 -274.662217 -241.250926 -221.222588 -234.318601 -237.406525 -227.224965 -200.107237 -186.122378 -189.229097 -210.586968 -188.204478 -172.483788 -163.526680 -164.802076 -173.611645 -159.389970 -143.120653 -149.219646 -166.550114 -163.218816 -151.595371 -137.106073 -151.125534 -214.788612 -235.038899 -237.321302 -242.983164 -255.395049 -261.211626 -235.700067 -234.087192 -241.625407 -258.837479 -290.399090 -333.920704 -351.131013 -312.307910 -267.479601 -209.160135 -9999.0 -9999.0 -9999.0 -9999.0 -9999.0 -9999.0 -9999.0 -9999.0 -9999.0 -9999.0 -9999.0 -9999.0 -9999.0 -9999.0
-9999.0 -9999.0 -9999.0 -9999.0 -9999.0 -9999.0 -9999.0 -9999.0 -9999.0 -417.907657 -414.663733 -408.081126 -406.866289 -391.851912 -393.958216 -387.640880 -380.458289 -355.353627 -325.338590 -291.205985 -263.060284 -273.818238 -274.302299 -262.978274 -256.971425 -244.873759 -224.824787 -185.268447 -144.412933 -103.108839 -131.336106 -133.624467 -114.850271 -65.734135 -28.359505 -19.522387 -38.414525 -35.013659 -10.335756 13.477751 12.262007 10.092650 33.853190 49.372351 63.114532 44.477909 20.351944 16.463284 40.901793 -7.814081 -71.053391 -124.363902 -122.651118 -152.838113 -192.626286 -214.157774 -216.471596 -193.661678 -207.974619 -244.485897 -280.054205 -288.613224 -304.285011 -287.213785 -263.808274 -216.118489 -177.120406 -147.855313 -146.887617 -163.653475 -9999.0 -9999.0 -9999.0 -9999.0 -9999.0 -9999.0 -9999.0 -9999.0 -9999.0 -9999.0
-9999.0 -9999.0 -9999.0 -9999.0 -9999.0 -9999.0 -495.486595 -487.132758 -468.027098 -462.954408 -439.416062 -432.641916 -413.044078 -394.642631 -375.169947 -359.325309 -329.757953 -298.612914 -258.265302 -215.067433 -183.789837 -189.130217 -180.029008 -147.052802 -104.059504 -71.927795 -48.431862 -10.631246 65.651629 117.269075 133.225754 139.319611 149.056760 197.984127 266.300659 285.734909 261.544684 243.235459 262.767911 303.986056 313.680047 314.697951 327.676025 358.195762 468.071003 458.832475 329.040465 292.283019 282.743466 270.237480 210.761296 142.545355 96.252892 46.233599 -31.929748 -89.908232 -90.069177 -74.210245 -103.956002 -155.751663 -196.748685 -206.245176 -219.737084 -232.739247 -226.116662 -205.531129 -181.079191 -168.600467 -179.937840 -199.547356 -221.840632 -249.873036 -247.645605 -221.870529 -9999.0 -9999.0 -9999.0 -9999.0 -9999.0 -9999.0
-9999.0 -9999.0 -9999.0 -9999.0 -544.526329 -532.647049 -544.705922 -521.950151 -490.944559 -458.869677 -427.762360 -391.913994 -366.369778 -338.173411 -297.985292 -261.522085 -219.523948 -185.952251 -131.871521 -63.719450 -12.620111 12.320751 26.476476 88.755901 159.751337 217.446055 239.023764 269.214987 331.174394 485.215303 523.904780 529.798649 540.343763 560.007659 588.528861 610.155589 596.432114 591.357468 594.479399 601.045763 617.298278 616.766137 619.628933 626.954449 645.120498 645.350622 614.597048 587.729126 579.532778 575.519082 558.934263 501.500504 406.579838 332.061369 294.334571 238.119203 161.492221 133.605381 73.500117 19.488482 -44.829153 -69.400390 -100.225619 -124.267216 -152.738014 -150.134927 -145.383220 -163.292127 -192.185821 -222.707557 -236.496673 -254.150332 -263.481596 -233.027847 -214.839743 -183.484191 -9999.0 -9999.0 -9999.0 -9999.0
-9999.0 -9999.0 -601.635683 -552.191237 -497.253296 -489.615559 -488.439838 -484.711024 -459.303591 -410.535662 -334.351448 -283.886986 -240.168830 -210.340517 -152.267194 -70.977219 0.666610 49.332272 113.414758 184.408030 247.590372 284.717239 310.803012 394.044763 503.904633 556.417767 573.576908 591.213466 616.493650 655.618988 674.228254 686.394065 690.219586 686.229307 685.158868 682.896342 680.508180 677.112655 662.002154 658.124376 662.025985 663.574210 667.051900 657.565189 657.086461 666.566154 667.043743 668.291280 671.715734 682.450381 691.704355 662.551744 617.060558 598.954549 592.824850 562.336647 514.659456 451.175303 359.603833 296.648955 211.128732 148.879632 88.569091 39.422174 -10.912884 -40.407847 -83.303730 -120.757018 -162.913723 -205.703793 -227.263998 -244.154917 -245.096325 -243.402545 -226.540314 -210.259822 -194.347738 -186.277253 -9999.0 -9999.0
-9999.0 -699.777842 -627.584161 -500.925988 -423.597127 -380.713608 -343.154244 -316.763496 -294.173701 -280.597655 -174.375302 -71.856514 23.643140 54.240590 102.498396 196.353686 292.933428 370.565934 481.219852 532.270228 571.297377 600.514871 618.690023 645.836608 683.043157 686.383179 685.044674 685.662291 682.208834 680.958809 674.937316 679.516159 675.284650 662.623583 653.605989 653.613163 651.221490 631.867117 596.618531 578.289649 577.421646 593.821524 584.762035 569.620607 567.467422 583.589157 599.568906 593.576050 589.310554 617.633944 645.924009 657.820024 666.143687 675.620917 695.459041 674.853914 652.948622 619.788511 596.799008 574.539213 532.771864 461.578346 313.295704 233.399864 155.083666 85.953348 30.381758 -22.925528 -82.444055 -117.706198 -145.845729 -195.280316 -216.364302 -212.947850 -220.885948 -222.486865 -215.197043 -208.463456 -9999.0 -9999.0
-9999.0 -770.773280 -627.908938 -443.480308 -299.590348 -242.035611 -129.317398 -43.816827 -14.192702 -37.793318 63.782198 298.528309 474.818868 498.877642 544.823719 596.202766 617.173553 645.237973 677.622805 679.974501 678.269010 681.644613 677.943841 673.823556 665.928747 660.261274 659.655559 659.736602 651.904911 643.684751 633.901398 628.219787 599.559682 563.130090 540.841971 531.642830 523.008766 493.753355 376.099261 316.291846 296.686325 323.088323 307.490298 282.210983 277.390662 309.255684 362.839001 349.524857 364.524213 470.555536 521.620879 549.621966 563.854337 589.313630 628.810011 658.864824 670.519203 686.771181 691.545199 673.444502 647.151272 609.651467 572.451043 513.493368 366.256072 259.635773 195.620579 130.555115 67.763161 25.206307 -21.075162 -76.742334 -130.757636 -153.814204 -190.933994 -210.630750 -9999.0 -9999.0 -9999.0 -9999.0
-9999.0 -835.624758 -644.704814 -381.018119 -128.272602 -11.176350 188.846807 409.401614 488.309919 538.469205 548.649980 629.634130 662.810907 658.731848 646.908139 643.708954 650.735801 653.464735 654.176163 651.560765 649.369904 649.085233 649.053788 644.703947 634.519137 611.637644 594.786365 585.018873 560.807726 541.810487 518.731112 493.227645 370.408373 240.134277 191.044294 158.988186 107.527057 97.887812 77.046004 44.422686 25.989821 12.269947 28.696033 27.204335 27.048099 34.629236 55.294008 71.189780 110.376681 152.778834 201.449514 253.651635 291.821840 365.861251 498.435082 551.883472 574.757539 602.296043 644.885778 673.643593 695.252898 688.212341 665.383452 638.135201 581.700926 535.737880 494.000138 348.090246 265.170206 205.005870 142.501127 76.658447 12.354129 -66.514273 -104.589696 -9999.0 -9999.0 -9999.0 -9999.0 -9999.0
-9999.0 -988.475995 -721.330317 -426.859046 -102.289194 202.068080 326.649813 518.535503 584.246955 547.883142 541.636966 554.879031 585.676787 592.097797 575.781588 568.871470 560.366464 560.205270 572.410033 557.046612 540.675204 534.513382 535.830062 526.460170 497.968712 416.042408 362.595840 327.180726 269.086443 218.095221 138.586948 113.727336 35.932340 -30.031145 -74.579880 -120.283987 -169.676732 -171.184330 -156.332468 -172.759891 -194.428125 -212.846867 -187.933834 -173.173517 -162.852386 -172.838591 -164.868229 -132.198592 -86.450962 -46.498631 -0.231694 49.005676 89.786011 140.285635 186.479143 244.073664 300.308947 388.180427 523.171018 594.287966 633.289335 657.947467 684.299990 703.588102 669.640833 641.945544 616.361625 573.128057 520.581839 479.237447 371.588004 236.761552 159.674442 -9999.0 -9999.0 -9999.0 -9999.0 -9999.0 -9999.0 -9999.0
-9999.0 -1122.854894 -890.280839 -642.155039 -346.587102 -122.083082 35.785077 143.185620 216.473955 224.470207 244.890379 275.143985 313.501796 344.431192 306.812245 259.503314 227.975558 231.064815 230.217602 204.901046 175.302646 160.314249 159.443943 151.331194 122.282511 98.294383 82.839858 59.918735 25.953351 -24.846980 -103.099360 -167.546117 -227.482035 -261.728807 -290.750737 -322.671017 -360.426022 -349.300110 -334.353790 -338.757853 -351.001866 -355.557212 -326.297174 -308.365965 -298.693454 -312.376571 -294.742787 -268.888551 -228.552445 -188.990030 -144.376705 -94.556823 -46.245763 -19.046104 -4.363924 22.682696 61.805870 119.415990 219.396376 343.816234 504.232295 553.630287 597.771128 636.754362 652.508258 676.275639 673.211323 626.222511 560.501794 571.980767 555.131468 -9999.0 -9999.0 -9999.0 -9999.0 -9999.0 -9999.0 -9999.0 -9999.0 -9999.0
-9999.0 -9999.0 -1127.245526 -935.984472 -775.278549 -592.795294 -449.880082 -352.080009 -284.571229 -198.586005 -112.956173 -42.712777 -4.878073 10.588136 -7.891367 -47.537510 -73.087242 -72.580090 -81.020597 -94.213533 -117.294413 -125.566445 -134.070492 -141.253001 -154.285686 -161.866075 -166.961642 -177.098356 -198.271128 -243.641305 -295.192045 -345.671828 -398.440182 -422.234521 -443.250547 -465.235752 -468.475442 -469.728238 -462.638992 -461.378726 -456.202418 -444.710190 -424.181397 -403.294411 -394.265979 -387.780424 -375.803111 -353.040975 -321.086418 -281.723129 -231.246312 -177.939585 -142.564190 -132.972734 -144.102772 -140.110924 -120.585547 -79.471624 3.023876 87.813564 188.510101 266.080136 380.581805 512.018120 543.079793 570.700980 616.308615 588.933747 380.912957 535.425737 -9999.0 -9999.0 -9999.0 -9999.0 -9999.0 -9999.0 -9999.0 -9999.0 -9999.0 -9999.0
-9999.0 -9999.0 -9999.0 -9999.0 -1078.951099 -922.103918 -829.814420 -749.549305 -632.959401 -529.459313 -442.077429 -370.265748 -320.920184 -298.947658 -311.056882 -317.293043 -325.528666 -328.733954 -336.827379 -342.211782 -347.574466 -354.792866 -365.201552 -372.252872 -372.674743 -368.935606 -370.398998 -382.572636 -397.243108 -423.618660 -446.830547 -481.020960 -517.190682 -545.557348 -558.025439 -564.687144 -564.131077 -569.256278 -559.580995 -553.351203 -538.626128 -523.302783 -499.492718 -471.579131 -459.411296 -445.604257 -436.270275 -415.989079 -386.960715 -335.661504 -275.137888 -221.120322 -189.493896 -188.092775 -216.418981 -234.590298 -240.337173 -215.204966 -171.671102 -107.083338 -10.541015 57.973272 123.183532 186.930201 235.396490 323.118651 522.874990 579.615350 -9999.0 -9999.0 -9999.0 -9999.0 -9999.0 -9999.0 -9999.0 -9999.0 -9999.0 -9999.0 -9999.0 -9999.0
-9999.0 -9999.0 -9999.0 -9999.0 -9999.0 -9999.0 -1136.082245 -1042.198720 -954.851326 -836.644173 -727.850555 -639.623041 -568.504189 -545.464798 -529.575557 -508.199885 -512.942400 -529.308504 -545.118379 -528.905486 -519.704700 -524.094468 -550.520682 -551.775657 -548.240552 -538.680513 -539.439239 -544.982100 -568.940520 -560.804674 -561.982567 -584.275192 -609.646887 -623.611883 -634.757427 -624.594451 -623.527420 -635.693687 -632.991349 -607.153119 -587.654612 -574.283954 -551.889227 -519.085203 -487.515236 -473.664857 -473.050189 -467.251598 -426.397734 -357.493350 -289.012147 -237.491505 -208.676665 -203.273454 -233.841981 -277.128417 -301.330966 -297.962140 -267.411215 -218.404063 -147.087732 -103.153117 -75.371401 -54.232880 -26.620548 68.087195 -9999.0 -9999.0 -9999.0 -9999.0 -9999.0 -9999.0 -9999.0 -9999.0 -9999.0 -9999.0 -9999.0 -9999.0 -9999.0 -9999.0
-9999.0 -9999.0 -9999.0 -9999.0 -9999.0 -9999.0 -9999.0 -9999.0 -9999.0 -9999.0 -9999.0 -9999.0 -9999.0 -9999.0 -9999.0 -9999.0 -9999.0 -9999.0 -9999.0 -9999.0 -9999.0 -9999.0 -9999.0 -9999.0 -9999.0 -9999.0 -9999.0 -9999.0 -9999.0 -9999.0 -9999.0 -9999.0 -9999.0 -9999.0 -9999.0 -9999.0 -9999.0 -9999.0 -9999.0 -9999.0 -9999.0 -9999.0 -9999.0 -9999.0 -9999.0 -9999.0 -9999.0 -9999.0 -9999.0 -9999.0 -9999.0 -9999.0 -9999.0 -9999.0 -9999.0 -9999.0 -9999.0 -9999.0 -9999.0 -9999.0 -9999.0 -9999.0 -9999.0 -9999.0 -9999.0 -9999.0 -9999.0 -9999.0 -9999.0 -9999.0 -9999.0 -9999.0 -9999.0 -9999.0 -9999.0 -9999.0 -9999.0 -9999.0 -9999.0 -9999.0
-9999.0 -9999.0 -9999.0 -9999.0 -9999.0 -9999.0 -9999.0 -9999.0 -9999.0 -9999.0 -9999.0 -9999.0 -9999.0 -9999.0 -9999.0 -9999.0 -9999.0 -9999.0 -9999.0 -9999.0 -9999.0 -9999.0 -9999.0 -9999.0 -9999.0 -9999.0 -9999.0 -9999.0 -9999.0 -9999.0 -9999.0 -9999.0 -9999.0 -9999.0 -9999.0 -9999.0 -9999.0 -9999.0 -9999.0 -9999.0 -9999.0 -9999.0 -9999.0 -9999.0 -9999.0 -9999.0 -9999.0 -9999.0 -9999.0 -9999.0 -9999.0 -9999.0 -9999.0 -9999.0 -9999.0 -9999.0 -9999.0 -9999.0 -9999.0 -9999.0 -9999.0 -9999.0 -9999.0 -9999.0 -9999.0 -9999.0 -9999.0 -9999.0 -9999.0 -9999.0 -9999.0 -9999.0 -9999.0 -9999.0 -9999.0 -9999.0 -9999.0 -9999.0 -9999.0 -9999.0