Borden_/Borden1m_014/output_maps/psiliqL0007N0014.asc
ncols         80
nrows         18
xllcorner     620200.000000
yllcorner     5168000.000000
cellsize      1.000000
NODATA_value  -9999.0
-9999.0 -9999.0 -9999.0 -9999.0 -9999.0 -9999.0 -9999.0 -9999.0 -9999.0 -9999.0 -9999.0 -9999.0 -9999.0 -9999.0 -9999.0 -9999.0 -9999.0 -9999.0 -9999.0 -9999.0 -9999.0 -9999.0 -9999.0 -9999.0 -9999.0 -9999.0 -9999.0 -9999.0 -9999.0 -9999.0 -9999.0 -9999.0 -9999.0 -9999.0 -9999.0 -9999.0 -9999.0 -9999.0 -9999.0 -9999.0 -9999.0 -9999.0 -9999.0 -9999.0 -9999.0 -9999.0 -9999.0 -9999.0 -9999.0 -9999.0 -9999.0 -9999.0 -9999.0 -9999.0 -9999.0 -9999.0 -9999.0 -9999.0 -9999.0 -9999.0 -9999.0 -9999.0 -9999.0 -9999.0 -9999.0 -9999.0 -9999.0 -9999.0 -9999.0 -9999.0 -9999.0 -9999.0 -9999.0 -9999.0 -9999.0 -9999.0 -9999.0 -9999.0 -9999.0 -9999.0
-9999.0 -9999.0 -9999.0 -9999.0 -9999.0 -9999.0 -9999.0 -9999.0 -9999.0 -9999.0 -9999.0 -9999.0 -9999.0 -9999.0 -9999.0 -9999.0 -9999.0 -9999.0 -9999.0 -9999.0 -9999.0 -9999.0 -9999.0 -9999.0 -9999.0 -9999.0 -9999.0 -9999.0 -9999.0 -9999.0 -9999.0 -9999.0 -9999.0 -9999.0 -9999.0 -9999.0 -9999.0 -9999.0 -9999.0 -9999.0 -9999.0 -9999.0 -9999.0 -9999.0 -9999.0 -9999.0 -9999.0 -9999.0 -9999.0 -9999.0 -9999.0 -9999.0 -9999.0 -9999.0 -9999.0 -9999.0 -9999.0 -9999.0 -9999.0 -9999.0 -9999.0 -9999.0 -9999.0 -9999.0 -9999.0 -9999.0 -9999.0 -9999.0 -9999.0 -9999.0 -9999.0 -9999.0 -9999.0 -9999.0 -9999.0 -9999.0 -9999.0 -9999.0 -9999.0 -9999.0
-9999.0 -9999.0 -9999.0 -9999.0 -9999.0 -9999.0 -9999.0 -9999.0 -9999.0 -9999.0 -9999.0 -9999.0 -9999.0 -9999.0 -9999.0 -9999.0 -9999.0 -9999.0 -9999.0 -9999.0 -473.245912 -470.244472 -493.286622 -527.540582 -556.224361 -554.805803 -520.373512 -479.916448 -442.712285 -432.483327 -450.860330 -449.874188 -455.338051 -455.541073 -452.576128 -446.786360 -444.365955 -432.770770 -424.282506 -424.582280 -430.882370 -436.801804 -438.399274 -434.819004 -429.835954 -438.360923 -424.731241 -409.114975 -402.383060 -407.371882 -434.653563 -450.281677 -457.929324 -471.817461 -446.864682 -433.744427 -410.249542 -405.497882 -406.248594 -432.985174 -462.818703 -9999.0 -9999.0 -9999.0 -9999.0 -9999.0 -9999.0 -9999.0 -9999.0 -9999.0 -9999.0 -9999.0 -9999.0 -9999.0 -9999.0 -9999.0 -9999.0 -9999.0 -9999.0 -9999.0
-9999.0 -9999.0 -9999.0 -9999.0 -9999.0 -9999.0 -9999.0 -9999.0 -9999.0 -9999.0 -9999.0 -9999.0 -9999.0 -9999.0 -562.180638 -572.706582 -576.189941 -568.167833 -534.987597 -505.586165 -493.096473 -501.065173 -501.568344 -525.549434 -546.102926 -532.594537 -504.041753 -473.399172 -439.933847 -419.786295 -433.098687 -436.206409 -425.682196 -397.291965 -381.753404 -384.403063 -406.365856 -383.267513 -366.416725 -356.433602 -357.607665 -366.708110 -351.402269 -334.393866 -341.336743 -359.592010 -356.188377 -344.045515 -328.664822 -344.609948 -411.597492 -433.063912 -435.442623 -441.332937 -453.857512 -459.924661 -434.673882 -433.033950 -440.683702 -458.004498 -489.611054 -533.203258 -550.427302 -511.670259 -466.728574 -408.208391 -9999.0 -9999.0 -9999.0 -9999.0 -9999.0 -9999.0 -9999.0 -9999.0 -9999.0 -9999.0 -9999.0 -9999.0 -9999.0 -9999.0
-9999.0 -9999.0 -9999.0 -9999.0 -9999.0 -9999.0 -9999.0 -9999.0 -9999.0 -617.610422 -614.493468 -607.893963 -606.711655 -591.649152 -593.667202 -587.330668 -579.897911 -554.786327 -524.574943 -490.227837 -461.871641 -472.605605 -472.950369 -461.112369 -454.280897 -441.566716 -421.057473 -380.237252 -336.969304 -293.932731 -323.390941 -325.277191 -302.754691 -239.074970 -191.268829 -179.049229 -198.380853 -194.732812 -166.946203 -139.949468 -141.584219 -143.915527 -117.529598 -102.749368 -95.777082 -116.473529 -135.057030 -136.534448 -107.924747 -166.285840 -241.042361 -310.287919 -311.961783 -345.034044 -387.883142 -411.140506 -414.189777 -391.176665 -405.992564 -442.990045 -478.897879 -487.440587 -503.202158 -486.417102 -463.041558 -415.250427 -376.162654 -346.806041 -345.857760 -362.779334 -9999.0 -9999.0 -9999.0 -9999.0 -9999.0 -9999.0 -9999.0 -9999.0 -9999.0 -9999.0
-9999.0 -9999.0 -9999.0 -9999.0 -9999.0 -9999.0 -695.216462 -686.960333 -667.906640 -662.663122 -639.226877 -632.310228 -612.586613 -594.025182 -574.568864 -558.408477 -528.357098 -496.911685 -456.141073 -412.128066 -379.290868 -383.826634 -373.908268 -337.954607 -287.732919 -242.435553 -212.563066 -169.859618 -83.150782 -25.863711 -2.167480 12.722938 57.386720 244.976610 325.460153 338.825074 327.946642 319.137640 328.748937 346.846311 347.595727 346.104975 349.618270 353.124734 369.182176 366.353839 346.187303 340.970184 340.393963 331.641187 262.525624 60.152262 -37.197749 -102.714405 -192.453991 -259.863033 -271.755371 -259.805154 -293.333541 -348.819314 -392.698922 -403.205958 -417.280076 -430.915837 -424.801708 -404.404911 -379.883301 -367.530065 -379.055679 -398.798859 -421.281984 -449.454607 -447.318301 -421.499382 -9999.0 -9999.0 -9999.0 -9999.0 -9999.0 -9999.0
-9999.0 -9999.0 -9999.0 -9999.0 -744.272465 -732.422107 -744.298215 -721.687490 -690.666274 -658.581808 -627.144661 -590.881336 -565.013600 -536.540105 -495.719864 -457.967749 -414.584510 -379.716443 -321.496302 -238.654437 -174.820610 -143.479295 -125.939176 -44.420611 110.700653 279.188585 314.702715 329.063044 346.646162 378.035822 391.859875 396.188045 412.480922 448.360529 476.556642 495.253941 485.922303 483.665445 485.056787 487.501543 501.185168 500.027538 500.438139 500.464124 502.145134 504.760942 492.905441 477.441192 473.184908 469.933090 454.167934 398.239022 368.923606 353.965859 340.123680 296.285464 124.016484 25.590162 -67.515849 -134.948873 -212.336420 -250.423730 -288.073956 -315.997905 -347.847455 -346.615722 -342.793060 -361.588853 -390.978364 -421.882419 -435.891613 -453.714185 -463.051845 -432.664078 -414.495283 -383.030737 -9999.0 -9999.0 -9999.0 -9999.0
-9999.0 -9999.0 -801.326813 -751.618834 -696.741128 -688.953038 -687.258290 -683.386107 -657.892479 -608.927153 -531.522178 -479.603990 -435.139182 -405.483991 -343.523217 -244.839023 -159.825876 -102.896049 -7.643443 231.360549 316.368099 337.202500 343.055585 364.708913 405.000089 452.393924 467.656296 478.269868 489.105648 504.630754 523.534763 538.304235 545.380840 543.380415 542.244590 540.311566 538.734945 536.807081 521.931437 519.595429 525.092847 526.446991 529.784876 518.633490 514.982844 526.992757 530.179873 533.361467 537.363116 545.187877 553.434168 522.811537 485.859954 480.825356 480.481472 456.326053 409.116553 377.074204 365.351984 342.718991 267.382743 83.738103 -39.278996 -113.298519 -184.131992 -225.302810 -274.424017 -315.646527 -360.061173 -403.984319 -426.079682 -443.399867 -444.554782 -442.940664 -426.207751 -409.953855 -394.092793 -386.050490 -9999.0 -9999.0
-9999.0 -898.824019 -826.533484 -699.520957 -622.066181 -578.587906 -538.868967 -510.527371 -487.993604 -475.459752 -365.902641 -244.550657 -148.800729 -114.355333 -32.290783 225.826335 328.342087 356.048974 380.433450 429.603218 464.132011 485.263983 496.559766 521.026653 546.606980 545.323433 544.055278 542.306504 533.770981 525.472389 515.596785 523.488900 523.356365 510.346127 498.256358 495.276163 492.904739 482.257910 470.195992 465.060680 467.822209 480.646151 474.689412 464.152196 462.103539 472.638355 481.303743 476.898372 470.699809 480.979815 500.142188 510.699954 524.925235 538.284924 557.094992 533.584840 504.484980 482.589637 476.363525 465.710560 436.648569 390.354268 353.807815 301.165792 136.439837 -39.485084 -128.303412 -201.540436 -270.399188 -310.034616 -341.077121 -392.703998 -414.968975 -412.081978 -420.441167 -422.195938 -414.966265 -408.260487 -9999.0 -9999.0
-9999.0 -968.369511 -825.236683 -640.281936 -495.726054 -435.377589 -306.731389 -214.753333 -188.861245 -211.982582 -81.750374 286.882354 362.656066 367.376666 409.188815 474.036871 503.779362 527.287630 542.264236 539.314629 534.811933 535.312188 529.684022 521.410303 508.850041 503.469731 504.593829 505.004863 496.294667 487.331914 476.745770 476.662886 470.899629 452.850787 431.299964 404.230882 389.227866 378.661554 361.872215 349.359590 342.374044 354.936318 349.612937 339.913595 337.282630 349.197105 367.755713 363.400742 369.769571 390.196837 428.860604 451.291283 460.061991 473.088654 490.607125 512.590846 526.348742 545.858789 550.434041 529.356783 500.383991 475.324099 464.140612 436.045218 389.720289 334.502135 259.177934 54.731926 -68.138369 -132.560682 -197.395177 -263.810782 -324.657201 -351.398927 -389.741431 -410.177585 -9999.0 -9999.0 -9999.0 -9999.0
-9999.0 -1031.080487 -839.444798 -574.025833 -318.753186 -162.742630 223.391905 341.224192 371.066248 404.549710 420.985925 515.672370 530.661140 517.837629 497.553982 496.596840 507.714403 510.351066 505.855581 498.215729 492.709587 489.383270 487.915014 484.238219 479.236797 473.424087 469.424197 467.384635 451.221802 431.740786 394.319529 381.729928 363.379150 308.587414 245.896304 74.871458 -39.203129 -54.339097 -69.875712 -104.998290 -125.427720 -141.011443 -121.818085 -123.086933 -123.312312 -114.514077 -90.648627 -67.698085 -5.139789 86.890066 265.558787 330.656184 352.383837 382.559699 424.209498 455.238345 466.780490 478.850266 501.314601 528.885420 548.927620 541.940083 517.860847 497.193201 466.253943 439.420725 419.271578 368.335410 328.821208 268.175458 98.495712 -47.907747 -145.951729 -259.273338 -301.480723 -9999.0 -9999.0 -9999.0 -9999.0 -9999.0
-9999.0 -1179.942876 -912.535218 -615.989775 -273.797514 204.252376 334.946145 443.719644 495.471964 449.017294 441.319073 452.738012 472.856220 474.154233 463.377318 463.164817 459.927488 459.874262 468.149098 450.440033 422.591222 403.977541 401.394944 393.352898 378.889995 370.100109 365.413011 357.715205 329.345658 265.417069 36.244604 -25.044973 -119.778179 -194.456738 -250.066734 -307.430200 -362.125061 -363.820860 -347.842906 -364.877932 -387.245178 -406.221746 -380.715572 -365.645113 -354.977888 -364.958744 -356.360685 -321.549312 -271.881953 -225.625816 -164.196406 -98.271229 -35.978729 71.096547 253.389956 323.555321 351.794421 380.104187 435.882633 477.651541 492.293177 509.023060 540.710336 558.956886 521.163396 492.616020 475.547596 456.179507 424.202259 404.244107 376.560334 341.842208 303.806431 -9999.0 -9999.0 -9999.0 -9999.0 -9999.0 -9999.0 -9999.0
-9999.0 -1315.556379 -1080.654830 -829.144761 -529.934063 -289.451653 -95.379506 200.038032 296.251649 305.422924 318.443347 332.639202 346.927458 359.088703 347.186301 328.764827 314.705456 317.909990 314.837238 280.066013 167.290215 68.631731 55.581847 35.958285 -14.478282 -40.835458 -56.451378 -85.291167 -128.411235 -192.069112 -288.325788 -358.723348 -420.627115 -456.237734 -486.130747 -518.687024 -557.327223 -546.337736 -531.214896 -535.915147 -548.569120 -553.435145 -524.033727 -506.125868 -496.384024 -510.234728 -492.512046 -466.319736 -425.504144 -385.161301 -338.263012 -284.374593 -231.506010 -197.441762 -170.451231 -131.215059 -76.921142 27.678013 266.418369 362.953194 426.899398 453.188625 477.618851 495.038889 501.858316 520.858355 515.758809 474.661124 425.247226 439.405791 442.871202 -9999.0 -9999.0 -9999.0 -9999.0 -9999.0 -9999.0 -9999.0 -9999.0 -9999.0
-9999.0 -9999.0 -1318.203990 -1124.580342 -959.984744 -775.586798 -631.743724 -532.568184 -463.304875 -374.683880 -277.679045 -200.927897 -159.860302 -143.354096 -163.122186 -207.016765 -236.035835 -236.611088 -247.701535 -267.813054 -301.487073 -313.526652 -322.990284 -330.743222 -344.940595 -352.508020 -357.578146 -368.403814 -391.079378 -437.882572 -490.875326 -542.152818 -595.663228 -619.793742 -641.134289 -663.532611 -667.261573 -668.353603 -661.199035 -660.060680 -655.155282 -643.813423 -623.183719 -602.358532 -593.335995 -587.031990 -574.929277 -551.986418 -519.736352 -480.191790 -429.502687 -375.486867 -338.870768 -328.231100 -338.563705 -332.622775 -309.646545 -261.014552 -156.549048 -29.368473 244.254483 333.203923 384.219119 433.803421 446.517876 455.744134 469.955575 441.965560 282.778430 397.933921 -9999.0 -9999.0 -9999.0 -9999.0 -9999.0 -9999.0 -9999.0 -9999.0 -9999.0 -9999.0
-9999.0 -9999.0 -9999.0 -9999.0 -1267.442236 -1109.851228 -1017.632956 -937.065424 -821.219848 -718.919382 -631.991825 -560.357624 -511.485252 -489.471456 -502.499732 -510.362510 -519.330303 -522.348301 -530.457364 -536.629058 -542.756179 -550.124927 -560.239660 -567.409694 -568.153977 -564.725369 -566.288233 -578.616240 -593.326735 -620.662322 -644.689086 -679.292378 -715.859003 -744.417137 -757.029378 -763.994952 -763.490440 -768.519193 -758.811992 -752.772037 -738.134885 -722.805484 -698.966319 -671.132302 -659.091250 -645.303559 -635.888789 -615.440059 -586.294721 -534.824265 -474.114831 -420.002680 -388.168096 -386.539986 -414.934073 -432.800961 -437.949827 -411.877844 -365.375639 -292.853902 -175.651494 -83.282191 33.349267 254.646520 319.500763 354.479121 413.431243 435.425045 -9999.0 -9999.0 -9999.0 -9999.0 -9999.0 -9999.0 -9999.0 -9999.0 -9999.0 -9999.0 -9999.0 -9999.0
-9999.0 -9999.0 -9999.0 -9999.0 -9999.0 -9999.0 -1326.158703 -1232.841936 -1144.159488 -1027.802777 -921.002987 -833.787379 -763.282590 -740.929918 -726.056837 -705.173601 -710.242317 -726.420486 -741.916522 -726.036986 -717.437133 -721.747511 -747.886143 -749.353845 -746.089843 -736.508492 -737.268279 -742.916187 -766.993180 -759.501191 -761.157358 -783.593320 -809.121870 -823.304733 -834.541256 -824.455849 -823.408143 -835.502026 -832.620388 -806.937203 -787.550599 -774.158378 -751.680455 -718.886751 -687.345217 -673.574447 -672.948390 -667.044352 -625.860813 -556.754066 -488.176155 -436.647709 -407.769642 -402.198693 -432.761100 -475.938098 -499.968047 -496.131997 -464.855492 -414.729422 -339.394365 -289.333462 -253.633264 -217.810718 -178.521661 -66.770064 -9999.0 -9999.0 -9999.0 -9999.0 -9999.0 -9999.0 -9999.0 -9999.0 -9999.0 -9999.0 -9999.0 -9999.0 -9999.0 -9999.0
-9999.0 -9999.0 -9999.0 -9999.0 -9999.0 -9999.0 -9999.0 -9999.0 -9999.0 -9999.0 -9999.0 -9999.0 -9999.0 -9999.0 -9999.0 -9999.0 -9999.0 -9999.0 -9999.0 -9999.0 -9999.0 -9999.0 -9999.0 -9999.0 -9999.0 -9999.0 -9999.0 -9999.0 -9999.0 -9999.0 -9999.0 -9999.0 -9999.0 -9999.0 -9999.0 -9999.0 -9999.0 -9999.0 -9999.0 -9999.0 -9999.0 -9999.0 -9999.0 -9999.0 -9999.0 -9999.0 -9999.0 -9999.0 -9999.0 -9999.0 -9999.0 -9999.0 -9999.0 -9999.0 -9999.0 -9999.0 -9999.0 -9999.0 -9999.0 -9999.0 -9999.0 -9999.0 -9999.0 -9999.0 -9999.0 -9999.0 -9999.0 -9999.0 -9999.0 -9999.0 -9999.0 -9999.0 -9999.0 -9999.0 -9999.0 -9999.0 -9999.0 -9999.0 -9999.0 -9999.0
-9999.0 -9999.0 -9999.0 -9999.0 -9999.0 -9999.0 -9999.0 -9999.0 -9999.0 -9999.0 -9999.0 -9999.0 -9999.0 -9999.0 -9999.0 -9999.0 -9999.0 -9999.0 -9999.0 -9999.0 -9999.0 -9999.0 -9999.0 -9999.0 -9999.0 -9999.0 -9999.0 -9999.0 -9999.0 -9999.0 -9999.0 -9999.0 -9999.0 -9999.0 -9999.0 -9999.0 -9999.0 -9999.0 -9999.0 -9999.0 -9999.0 -9999.0 -9999.0 -9999.0 -9999.0 -9999.0 -9999.0 -9999.0 -9999.0 -9999.0 -9999.0 -9999.0 -9999.0 -9999.0 -9999.0 -9999.0 -9999.0 -9999.0 -9999.0 -9999.0 -9999.0 -9999.0 -9999.0 -9999.0 -9999.0 -9999.0 -9999.0 -9999.0 -9999.0 -9999.0 -9999.0 -9999.0 -9999.0 -9999.0 -9999.0 -9999.0 -9999.0 -9999.0 -9999.0 -9999.0