Borden_/Borden1m_014/output_maps/psiliqL0008N0034.asc
ncols         80
nrows         18
xllcorner     620200.000000
yllcorner     5168000.000000
cellsize      1.000000
NODATA_value  -9999.0
-9999.0 -9999.0 -9999.0 -9999.0 -9999.0 -9999.0 -9999.0 -9999.0 -9999.0 -9999.0 -9999.0 -9999.0 -9999.0 -9999.0 -9999.0 -9999.0 -9999.0 -9999.0 -9999.0 -9999.0 -9999.0 -9999.0 -9999.0 -9999.0 -9999.0 -9999.0 -9999.0 -9999.0 -9999.0 -9999.0 -9999.0 -9999.0 -9999.0 -9999.0 -9999.0 -9999.0 -9999.0 -9999.0 -9999.0 -9999.0 -9999.0 -9999.0 -9999.0 -9999.0 -9999.0 -9999.0 -9999.0 -9999.0 -9999.0 -9999.0 -9999.0 -9999.0 -9999.0 -9999.0 -9999.0 -9999.0 -9999.0 -9999.0 -9999.0 -9999.0 -9999.0 -9999.0 -9999.0 -9999.0 -9999.0 -9999.0 -9999.0 -9999.0 -9999.0 -9999.0 -9999.0 -9999.0 -9999.0 -9999.0 -9999.0 -9999.0 -9999.0 -9999.0 -9999.0 -9999.0
-9999.0 -9999.0 -9999.0 -9999.0 -9999.0 -9999.0 -9999.0 -9999.0 -9999.0 -9999.0 -9999.0 -9999.0 -9999.0 -9999.0 -9999.0 -9999.0 -9999.0 -9999.0 -9999.0 -9999.0 -9999.0 -9999.0 -9999.0 -9999.0 -9999.0 -9999.0 -9999.0 -9999.0 -9999.0 -9999.0 -9999.0 -9999.0 -9999.0 -9999.0 -9999.0 -9999.0 -9999.0 -9999.0 -9999.0 -9999.0 -9999.0 -9999.0 -9999.0 -9999.0 -9999.0 -9999.0 -9999.0 -9999.0 -9999.0 -9999.0 -9999.0 -9999.0 -9999.0 -9999.0 -9999.0 -9999.0 -9999.0 -9999.0 -9999.0 -9999.0 -9999.0 -9999.0 -9999.0 -9999.0 -9999.0 -9999.0 -9999.0 -9999.0 -9999.0 -9999.0 -9999.0 -9999.0 -9999.0 -9999.0 -9999.0 -9999.0 -9999.0 -9999.0 -9999.0 -9999.0
-9999.0 -9999.0 -9999.0 -9999.0 -9999.0 -9999.0 -9999.0 -9999.0 -9999.0 -9999.0 -9999.0 -9999.0 -9999.0 -9999.0 -9999.0 -9999.0 -9999.0 -9999.0 -9999.0 -9999.0 -268.090264 -265.019845 -287.764766 -321.792564 -350.219894 -348.238250 -313.042855 -271.682356 -233.457521 -222.568594 -240.445796 -238.796033 -243.622525 -243.366022 -239.923949 -233.628978 -230.759354 -218.817458 -209.785097 -209.525231 -215.358307 -220.844626 -221.755096 -217.965885 -213.013842 -222.335534 -209.088024 -193.868175 -187.778939 -193.786763 -222.327112 -239.030814 -247.760640 -262.685981 -238.462188 -226.062881 -203.087019 -198.851930 -200.206918 -227.474430 -257.702879 -9999.0 -9999.0 -9999.0 -9999.0 -9999.0 -9999.0 -9999.0 -9999.0 -9999.0 -9999.0 -9999.0 -9999.0 -9999.0 -9999.0 -9999.0 -9999.0 -9999.0 -9999.0 -9999.0
-9999.0 -9999.0 -9999.0 -9999.0 -9999.0 -9999.0 -9999.0 -9999.0 -9999.0 -9999.0 -9999.0 -9999.0 -9999.0 -9999.0 -358.673711 -368.927994 -372.021687 -363.466642 -329.562552 -299.511970 -286.845291 -294.436476 -294.467081 -317.963938 -338.039612 -323.706527 -294.033754 -262.030809 -226.866717 -205.289633 -217.628223 -219.901748 -208.458976 -179.191934 -162.863350 -164.834846 -186.435694 -162.958707 -145.007322 -133.562404 -133.258972 -141.251104 -125.009918 -107.419324 -114.408415 -133.722170 -131.892295 -120.822295 -106.522980 -124.551007 -193.369099 -216.700656 -221.039938 -228.647157 -242.813322 -249.923377 -225.329046 -224.493695 -232.950703 -251.108838 -283.485775 -327.569180 -345.437218 -306.939755 -262.377897 -204.128705 -9999.0 -9999.0 -9999.0 -9999.0 -9999.0 -9999.0 -9999.0 -9999.0 -9999.0 -9999.0 -9999.0 -9999.0 -9999.0 -9999.0
-9999.0 -9999.0 -9999.0 -9999.0 -9999.0 -9999.0 -9999.0 -9999.0 -9999.0 -415.522749 -412.023283 -405.045417 -403.394679 -387.825592 -389.621381 -382.729953 -374.748550 -348.506037 -317.197674 -281.750188 -252.426104 -262.115892 -261.338995 -248.341285 -240.362649 -226.180202 -203.691024 -160.051054 -112.794362 -66.051752 -93.472233 -94.098790 -71.463509 -14.567269 32.066269 45.282511 23.513466 28.487681 61.095268 94.350902 100.180443 101.229367 130.245119 145.825046 151.318959 128.729959 102.983231 97.339170 122.327988 60.473970 -18.840224 -82.082649 -85.926795 -122.421141 -168.677461 -194.066839 -198.360130 -176.911106 -193.426282 -232.181512 -269.557493 -279.426247 -296.241681 -280.083607 -257.408336 -210.199200 -171.405034 -142.501925 -142.208871 -159.650439 -9999.0 -9999.0 -9999.0 -9999.0 -9999.0 -9999.0 -9999.0 -9999.0 -9999.0 -9999.0
-9999.0 -9999.0 -9999.0 -9999.0 -9999.0 -9999.0 -493.950798 -485.357969 -465.868466 -460.466084 -436.338977 -428.917361 -408.440468 -389.019153 -368.331086 -350.986518 -319.460651 -286.138308 -243.237872 -196.805024 -161.505750 -163.454665 -150.293022 -111.102247 -61.216041 -22.297679 8.747429 59.705916 152.605991 206.698736 224.383362 232.596823 243.423748 286.916362 348.802753 366.620746 346.118875 331.253004 352.430575 395.022588 425.512902 431.276734 440.057043 448.520275 473.516646 462.368240 401.528971 375.664529 367.003306 352.953920 298.058789 236.175010 187.936904 129.475323 31.655435 -39.771067 -44.654131 -31.772596 -68.877816 -128.592504 -175.852005 -188.862682 -205.182064 -220.571540 -215.965355 -196.894719 -173.642680 -162.338527 -174.889912 -195.501018 -218.577894 -247.271527 -245.482121 -219.903683 -9999.0 -9999.0 -9999.0 -9999.0 -9999.0 -9999.0
-9999.0 -9999.0 -9999.0 -9999.0 -543.434590 -531.286821 -543.111620 -519.860860 -488.172910 -455.180904 -422.692621 -384.981886 -357.432612 -327.039886 -284.003253 -243.487925 -195.801840 -156.174149 -94.137556 -14.057981 52.420922 90.600925 117.174763 187.796604 252.689468 303.602574 323.786321 353.302210 401.677349 480.459206 509.430853 517.737564 535.715525 560.207833 604.840781 636.719743 620.632380 613.094653 620.223076 632.182776 660.061804 662.772775 664.804216 665.786778 668.234107 667.372172 641.440378 605.686475 594.064933 585.966116 562.399158 496.712451 435.039573 399.186160 368.868512 320.342281 252.263871 226.021751 161.985013 95.155791 11.166853 -23.924439 -63.568454 -95.510431 -131.138109 -133.438906 -132.599432 -153.819190 -185.244703 -217.502988 -232.462873 -251.003035 -260.988415 -230.947461 -213.060487 -181.830777 -9999.0 -9999.0 -9999.0 -9999.0
-9999.0 -9999.0 -601.117393 -551.303821 -495.764913 -487.434915 -485.359174 -480.571034 -453.759039 -402.760452 -322.590289 -267.055282 -218.411399 -183.957928 -117.127228 -19.196361 78.598551 140.476267 206.784775 274.192631 335.517187 377.180661 415.610196 458.769265 507.783558 560.939200 583.700027 608.407285 637.029904 669.538126 691.566206 707.414250 713.611141 710.284843 711.377115 710.752258 707.295430 701.769393 685.481680 683.584976 691.776333 695.602124 698.719020 686.220708 682.257273 694.550860 695.858125 694.525788 695.964080 704.000310 711.921250 679.256905 628.203184 613.049800 605.271405 564.473965 500.887088 441.089439 413.831239 370.820420 291.079358 236.864637 180.120671 118.607367 49.210900 2.744223 -54.659617 -101.973504 -150.608458 -197.125157 -220.941115 -239.446425 -241.562193 -240.766632 -224.520960 -208.657365 -193.065793 -185.157748 -9999.0 -9999.0
-9999.0 -699.597672 -627.116723 -499.615973 -420.811499 -375.449364 -334.061065 -303.628247 -277.618160 -260.681768 -144.085455 -21.007146 89.193260 129.929195 191.246099 293.849885 405.079107 450.028998 482.667089 529.188908 580.685710 625.196106 654.746262 683.140721 710.606020 711.959263 710.915207 711.530547 704.708601 697.657715 687.670118 695.255084 693.005365 676.235183 662.031115 659.392049 652.944813 626.220310 599.705721 586.581109 590.723829 612.061909 601.632172 581.718728 578.054545 598.007885 614.247438 605.268538 595.042845 612.780705 646.319813 667.379168 682.509437 697.144747 717.338178 694.404113 661.741510 620.477111 601.068124 571.720292 500.681433 435.814918 380.777493 316.075367 249.164700 174.466191 99.605117 24.367339 -53.179011 -98.090205 -132.245936 -185.996585 -210.033154 -208.829935 -218.153228 -220.614370 -213.907456 -207.394883 -9999.0 -9999.0
-9999.0 -770.699815 -627.360047 -441.270186 -293.505082 -227.628170 -101.485928 -4.343878 34.316161 12.237313 144.663217 385.189759 469.856923 481.496288 543.856193 619.883624 658.656354 686.402058 703.703567 701.179013 699.224731 704.560639 702.022847 695.480755 681.883510 674.192097 673.186539 669.821994 649.994221 630.112407 609.002952 610.031754 594.362329 556.368617 524.206235 507.177564 486.590652 453.339545 415.922964 388.861483 375.796743 394.655694 384.966367 366.604163 362.859051 386.529323 419.466956 413.708700 419.413102 442.677257 486.353561 538.163022 562.517010 591.021068 626.865831 669.041787 687.499898 706.983711 712.173690 689.184234 645.964413 595.918396 561.666475 486.511280 410.412252 328.914957 266.265480 207.125511 134.347241 78.371755 17.902800 -50.299893 -114.465722 -145.838346 -186.591503 -208.084906 -9999.0 -9999.0 -9999.0 -9999.0
-9999.0 -835.601938 -644.097222 -377.278222 -113.594081 36.806701 242.245976 381.443541 468.360217 508.813075 553.817362 661.161686 683.467083 673.486034 656.775277 656.844911 669.831958 673.178027 669.070475 658.426983 646.981825 642.504297 640.207917 633.507546 621.618515 606.633581 593.790807 578.719753 526.732108 490.374343 458.024438 443.074698 407.583299 318.610101 276.765706 245.783207 190.052946 176.183384 161.101586 128.053705 106.140563 89.033082 108.455283 107.989006 108.636601 118.283603 141.874806 163.502801 208.589898 245.728277 289.674055 344.123321 379.545331 424.192851 475.296427 544.179062 576.574096 604.055272 649.152420 689.985620 712.086732 703.176539 673.178775 630.141222 561.069235 478.943983 424.266894 348.962021 284.670908 236.063280 195.813472 142.864927 64.945553 -48.423007 -96.321443 -9999.0 -9999.0 -9999.0 -9999.0 -9999.0
-9999.0 -988.475125 -720.983763 -422.849192 -81.796487 246.756524 359.579555 533.891986 609.661379 547.369152 517.896390 554.257128 593.239129 598.828040 577.718757 569.535613 561.843768 561.620217 573.214903 542.894987 501.125569 484.735889 482.882848 470.908191 448.210603 429.823151 415.621134 393.772648 340.937683 291.690531 218.713244 190.755257 110.493702 30.187870 -26.646480 -80.935999 -137.102224 -141.163442 -126.794285 -145.157218 -168.776482 -188.298412 -162.362217 -146.739415 -135.587969 -144.809394 -134.614441 -97.541300 -44.134871 6.258307 68.476165 135.854015 189.168484 243.625357 278.945592 334.392489 382.631801 430.355988 505.833082 594.342503 629.618423 663.904344 699.353163 714.271082 666.933518 614.887661 558.289961 476.630372 379.185835 332.624476 313.226958 285.907904 236.564480 -9999.0 -9999.0 -9999.0 -9999.0 -9999.0 -9999.0 -9999.0
-9999.0 -1122.854889 -890.269093 -640.980638 -338.223081 -92.336176 105.107219 230.196852 328.727347 305.744504 310.988071 340.897212 372.710738 394.687837 371.512158 335.099920 308.942611 312.296914 311.096354 286.077508 255.385138 240.627692 239.072136 231.163243 203.604146 184.801145 170.801861 143.904055 99.688173 31.675700 -63.071612 -136.446272 -202.387538 -241.268937 -273.462491 -307.803820 -347.665131 -337.411819 -322.897457 -327.927086 -340.753993 -345.561610 -315.884546 -297.571101 -287.544554 -300.854939 -282.353153 -255.024124 -212.358212 -169.204642 -118.705960 -59.912648 0.101947 38.967837 62.919459 103.212318 155.051778 219.226954 305.831847 404.032579 480.210175 540.288887 592.083327 623.394520 636.756900 653.229030 632.197210 545.995745 393.456783 372.703315 372.744235 -9999.0 -9999.0 -9999.0 -9999.0 -9999.0 -9999.0 -9999.0 -9999.0 -9999.0
-9999.0 -9999.0 -1127.245520 -935.975987 -774.434025 -588.688395 -437.555534 -328.515043 -252.262247 -163.715458 -71.873711 10.752750 58.968333 78.402617 57.016372 8.616456 -22.142040 -22.852521 -33.267736 -49.552379 -76.637514 -87.295076 -97.457620 -106.143428 -121.100721 -129.928992 -136.557504 -149.413412 -174.644246 -224.492560 -279.776453 -333.193936 -388.766484 -414.424573 -436.762145 -459.781862 -463.634273 -465.202449 -458.223347 -457.102951 -451.983533 -440.398160 -419.542361 -398.281434 -388.973099 -382.192406 -369.678779 -346.050176 -312.884142 -271.936824 -219.354150 -162.947833 -123.613683 -110.310218 -118.374762 -109.695871 -83.006839 -29.461663 76.852701 181.520162 277.170558 349.854869 422.008455 471.545971 489.679865 518.661399 539.295570 452.584293 224.044963 311.782469 -9999.0 -9999.0 -9999.0 -9999.0 -9999.0 -9999.0 -9999.0 -9999.0 -9999.0 -9999.0
-9999.0 -9999.0 -9999.0 -9999.0 -1078.950306 -922.053636 -829.116756 -747.341063 -628.579652 -521.571559 -430.334518 -354.403317 -302.023317 -278.496324 -290.749632 -297.918316 -306.893146 -310.490178 -319.118069 -325.193548 -331.440715 -339.476360 -350.710094 -358.517928 -359.645991 -356.497305 -358.699372 -371.978602 -388.026143 -416.002544 -440.638892 -476.147219 -513.398797 -542.521674 -555.460324 -562.435973 -562.057900 -567.348495 -557.677905 -551.440867 -536.630997 -521.191668 -497.178561 -469.001922 -456.633291 -442.579353 -432.944024 -412.128305 -382.253104 -329.735756 -267.859704 -212.321222 -178.987500 -176.101543 -203.238530 -219.727366 -222.913377 -193.501945 -141.767564 -62.950538 57.731524 149.090892 221.546125 269.329947 301.892396 348.071662 390.124583 403.541099 -9999.0 -9999.0 -9999.0 -9999.0 -9999.0 -9999.0 -9999.0 -9999.0 -9999.0 -9999.0 -9999.0 -9999.0
-9999.0 -9999.0 -9999.0 -9999.0 -9999.0 -9999.0 -1136.081950 -1042.195863 -954.818720 -836.365942 -726.488200 -636.269093 -563.058887 -539.003947 -522.545561 -500.724375 -505.605464 -522.408575 -538.709494 -522.396195 -513.253873 -518.005000 -545.171069 -546.697607 -543.299630 -533.794333 -534.811701 -540.762339 -565.401319 -557.532231 -559.087115 -581.970091 -607.882575 -622.180981 -633.559121 -623.428192 -622.437503 -634.745446 -632.062291 -606.083119 -586.464319 -572.994311 -550.427869 -517.380647 -485.563905 -471.523400 -470.750372 -464.676398 -423.126019 -353.038336 -283.398856 -230.738678 -200.774816 -194.354985 -224.135808 -266.468693 -289.256323 -283.553498 -249.322640 -194.737208 -113.684625 -57.581878 -18.657087 10.657952 47.858818 155.964055 -9999.0 -9999.0 -9999.0 -9999.0 -9999.0 -9999.0 -9999.0 -9999.0 -9999.0 -9999.0 -9999.0 -9999.0 -9999.0 -9999.0
-9999.0 -9999.0 -9999.0 -9999.0 -9999.0 -9999.0 -9999.0 -9999.0 -9999.0 -9999.0 -9999.0 -9999.0 -9999.0 -9999.0 -9999.0 -9999.0 -9999.0 -9999.0 -9999.0 -9999.0 -9999.0 -9999.0 -9999.0 -9999.0 -9999.0 -9999.0 -9999.0 -9999.0 -9999.0 -9999.0 -9999.0 -9999.0 -9999.0 -9999.0 -9999.0 -9999.0 -9999.0 -9999.0 -9999.0 -9999.0 -9999.0 -9999.0 -9999.0 -9999.0 -9999.0 -9999.0 -9999.0 -9999.0 -9999.0 -9999.0 -9999.0 -9999.0 -9999.0 -9999.0 -9999.0 -9999.0 -9999.0 -9999.0 -9999.0 -9999.0 -9999.0 -9999.0 -9999.0 -9999.0 -9999.0 -9999.0 -9999.0 -9999.0 -9999.0 -9999.0 -9999.0 -9999.0 -9999.0 -9999.0 -9999.0 -9999.0 -9999.0 -9999.0 -9999.0 -9999.0
-9999.0 -9999.0 -9999.0 -9999.0 -9999.0 -9999.0 -9999.0 -9999.0 -9999.0 -9999.0 -9999.0 -9999.0 -9999.0 -9999.0 -9999.0 -9999.0 -9999.0 -9999.0 -9999.0 -9999.0 -9999.0 -9999.0 -9999.0 -9999.0 -9999.0 -9999.0 -9999.0 -9999.0 -9999.0 -9999.0 -9999.0 -9999.0 -9999.0 -9999.0 -9999.0 -9999.0 -9999.0 -9999.0 -9999.0 -9999.0 -9999.0 -9999.0 -9999.0 -9999.0 -9999.0 -9999.0 -9999.0 -9999.0 -9999.0 -9999.0 -9999.0 -9999.0 -9999.0 -9999.0 -9999.0 -9999.0 -9999.0 -9999.0 -9999.0 -9999.0 -9999.0 -9999.0 -9999.0 -9999.0 -9999.0 -9999.0 -9999.0 -9999.0 -9999.0 -9999.0 -9999.0 -9999.0 -9999.0 -9999.0 -9999.0 -9999.0 -9999.0 -9999.0 -9999.0 -9999.0