Borden_/Borden1m_014/output_maps/psiliqL0011N0021.asc
ncols         80
nrows         18
xllcorner     620200.000000
yllcorner     5168000.000000
cellsize      1.000000
NODATA_value  -9999.0
-9999.0 -9999.0 -9999.0 -9999.0 -9999.0 -9999.0 -9999.0 -9999.0 -9999.0 -9999.0 -9999.0 -9999.0 -9999.0 -9999.0 -9999.0 -9999.0 -9999.0 -9999.0 -9999.0 -9999.0 -9999.0 -9999.0 -9999.0 -9999.0 -9999.0 -9999.0 -9999.0 -9999.0 -9999.0 -9999.0 -9999.0 -9999.0 -9999.0 -9999.0 -9999.0 -9999.0 -9999.0 -9999.0 -9999.0 -9999.0 -9999.0 -9999.0 -9999.0 -9999.0 -9999.0 -9999.0 -9999.0 -9999.0 -9999.0 -9999.0 -9999.0 -9999.0 -9999.0 -9999.0 -9999.0 -9999.0 -9999.0 -9999.0 -9999.0 -9999.0 -9999.0 -9999.0 -9999.0 -9999.0 -9999.0 -9999.0 -9999.0 -9999.0 -9999.0 -9999.0 -9999.0 -9999.0 -9999.0 -9999.0 -9999.0 -9999.0 -9999.0 -9999.0 -9999.0 -9999.0
-9999.0 -9999.0 -9999.0 -9999.0 -9999.0 -9999.0 -9999.0 -9999.0 -9999.0 -9999.0 -9999.0 -9999.0 -9999.0 -9999.0 -9999.0 -9999.0 -9999.0 -9999.0 -9999.0 -9999.0 -9999.0 -9999.0 -9999.0 -9999.0 -9999.0 -9999.0 -9999.0 -9999.0 -9999.0 -9999.0 -9999.0 -9999.0 -9999.0 -9999.0 -9999.0 -9999.0 -9999.0 -9999.0 -9999.0 -9999.0 -9999.0 -9999.0 -9999.0 -9999.0 -9999.0 -9999.0 -9999.0 -9999.0 -9999.0 -9999.0 -9999.0 -9999.0 -9999.0 -9999.0 -9999.0 -9999.0 -9999.0 -9999.0 -9999.0 -9999.0 -9999.0 -9999.0 -9999.0 -9999.0 -9999.0 -9999.0 -9999.0 -9999.0 -9999.0 -9999.0 -9999.0 -9999.0 -9999.0 -9999.0 -9999.0 -9999.0 -9999.0 -9999.0 -9999.0 -9999.0
-9999.0 -9999.0 -9999.0 -9999.0 -9999.0 -9999.0 -9999.0 -9999.0 -9999.0 -9999.0 -9999.0 -9999.0 -9999.0 -9999.0 -9999.0 -9999.0 -9999.0 -9999.0 -9999.0 -9999.0 338.679982 341.672813 319.649047 286.269285 258.610253 261.317170 296.875826 338.843050 377.860012 389.045746 372.049882 374.865323 370.843372 370.820155 374.044480 380.754710 384.367493 395.856470 404.523191 404.513005 398.745219 393.684454 393.572250 397.041560 402.114916 391.840773 405.022756 419.843008 425.174761 419.254538 391.165462 374.489896 364.835548 348.771980 372.179415 383.468099 405.537452 409.053978 406.932515 379.389947 349.010207 -9999.0 -9999.0 -9999.0 -9999.0 -9999.0 -9999.0 -9999.0 -9999.0 -9999.0 -9999.0 -9999.0 -9999.0 -9999.0 -9999.0 -9999.0 -9999.0 -9999.0 -9999.0 -9999.0
-9999.0 -9999.0 -9999.0 -9999.0 -9999.0 -9999.0 -9999.0 -9999.0 -9999.0 -9999.0 -9999.0 -9999.0 -9999.0 -9999.0 246.591468 237.016395 234.584410 243.635221 277.957690 308.570316 321.172876 314.128280 314.758501 291.969426 272.411239 287.342610 317.837450 350.452224 386.245248 408.201208 397.610450 396.416472 407.756809 435.158609 449.662226 447.489494 427.106228 450.232540 466.649963 476.329379 476.347884 468.535249 483.129864 499.697997 492.867093 474.555578 477.704084 488.873449 501.739867 485.994461 420.307199 398.517109 392.865803 384.356859 369.218047 361.662989 385.731381 385.372719 376.252369 357.563615 324.583628 280.145697 261.507852 299.614239 343.281156 400.494492 -9999.0 -9999.0 -9999.0 -9999.0 -9999.0 -9999.0 -9999.0 -9999.0 -9999.0 -9999.0 -9999.0 -9999.0 -9999.0 -9999.0
-9999.0 -9999.0 -9999.0 -9999.0 -9999.0 -9999.0 -9999.0 -9999.0 -9999.0 188.218448 192.485352 199.995327 202.435907 218.508812 216.902552 224.469307 232.645514 259.983812 291.978917 327.927376 357.458298 348.890127 350.558422 363.409501 370.409372 384.342899 407.085736 449.792445 494.564788 540.034794 514.701487 515.102259 536.944545 586.940454 623.728869 633.214141 613.816765 619.744312 645.821580 671.095853 673.150807 672.846559 699.684378 715.060056 718.658227 696.416146 677.461974 675.097763 700.230415 646.190980 578.542194 523.668831 521.355604 485.913891 442.933694 419.653684 415.211617 434.785955 417.772456 378.831662 341.292947 330.136525 312.298574 328.147989 349.838162 395.830048 433.990008 462.045900 461.501749 443.775325 -9999.0 -9999.0 -9999.0 -9999.0 -9999.0 -9999.0 -9999.0 -9999.0 -9999.0 -9999.0
-9999.0 -9999.0 -9999.0 -9999.0 -9999.0 -9999.0 109.231004 118.551324 138.758115 144.154393 169.273800 177.171482 198.253771 218.268851 240.174538 257.978466 289.718294 323.979606 367.127148 412.731051 446.848917 444.320910 457.767006 495.187702 541.356222 574.841114 601.715497 645.239522 731.056213 784.434945 801.230440 811.137892 824.481546 871.134335 933.506427 952.741036 928.218775 911.278759 929.497904 966.124449 980.392072 984.248320 994.061332 1003.401673 1028.573835 1017.556935 970.913628 952.424596 947.988159 934.344739 878.822932 815.305589 768.094394 707.781913 618.870232 559.244583 559.953058 573.074061 537.789345 479.453213 434.572857 421.693178 404.760736 389.100806 393.320628 411.359927 433.212045 443.643519 430.225931 408.836736 385.454327 356.258389 357.586488 382.587583 -9999.0 -9999.0 -9999.0 -9999.0 -9999.0 -9999.0
-9999.0 -9999.0 -9999.0 -9999.0 59.175555 71.982819 60.343422 84.892233 117.496394 151.510897 184.288547 222.251434 250.495355 281.941892 325.091797 363.853830 409.558962 448.929215 509.469799 583.017630 638.663254 668.525333 691.408473 763.049582 833.074791 886.563792 906.532190 933.889320 979.238180 1047.459879 1078.181401 1088.071552 1106.556785 1139.017736 1182.613902 1215.177461 1197.196394 1188.275836 1192.934682 1203.878843 1229.616758 1232.059642 1234.269763 1236.062982 1239.315118 1237.964274 1213.140067 1180.109381 1166.956742 1158.180607 1132.287513 1065.119644 1014.917350 979.860542 948.905701 901.380589 835.765820 811.205177 743.452669 677.071283 606.797496 579.037018 542.601774 511.549351 477.675738 475.701862 476.294856 454.396162 421.684951 388.580570 372.806872 353.461953 342.382290 371.807094 389.059239 419.500499 -9999.0 -9999.0 -9999.0 -9999.0
-9999.0 -9999.0 0.217422 49.813056 106.435680 115.563991 117.605191 123.600293 151.803077 203.975547 282.812691 336.701069 382.952351 418.727630 484.124549 571.966259 652.288902 709.967765 780.541380 854.025808 915.764561 952.188451 978.354388 1021.393614 1075.163082 1132.922030 1157.266454 1182.783319 1212.985033 1246.880539 1265.448251 1281.114630 1288.882901 1289.101732 1292.341217 1292.573288 1287.554661 1280.645829 1261.840646 1258.237176 1265.642539 1270.044315 1272.576097 1259.868804 1255.958016 1268.600664 1271.478745 1271.297923 1272.236537 1280.333387 1286.534690 1250.712704 1204.633153 1187.690040 1178.787071 1137.793461 1075.564154 1026.463965 998.829997 955.546737 879.760340 825.827861 765.923492 704.592854 643.570109 604.708084 552.286592 506.848305 458.221324 410.650411 385.799292 366.443262 363.152710 362.635826 378.107345 393.174603 408.233411 415.869130 -9999.0 -9999.0
-9999.0 -100.539520 -27.896655 99.464663 179.431423 225.407746 263.721360 291.598490 319.414519 341.527776 452.614178 556.461251 651.820042 693.153922 756.641290 860.533923 957.742191 1004.647504 1043.287837 1096.017003 1152.732177 1198.756400 1228.616023 1250.677995 1281.914512 1288.771883 1289.609058 1291.404559 1286.314709 1279.354005 1270.377043 1276.924901 1274.177811 1256.786421 1242.110460 1239.038765 1231.769496 1204.456589 1174.306453 1158.796317 1161.411494 1182.825234 1171.918426 1152.079594 1148.478249 1168.608241 1187.425426 1180.694268 1170.824613 1190.618602 1225.546709 1246.878680 1259.632861 1274.830018 1295.296293 1271.810383 1241.275943 1199.597196 1178.678082 1149.520158 1089.936783 1028.019693 972.068059 909.405564 841.640987 764.784865 690.912934 623.748756 552.248749 507.688010 473.506923 419.923134 395.575158 395.414353 385.220695 381.781907 387.580766 393.733844 -9999.0 -9999.0
-9999.0 -176.002823 -32.733847 153.188543 302.250038 366.362032 482.469599 567.530035 598.718994 577.026515 695.247941 921.705675 1014.544243 1031.963054 1102.820066 1186.290557 1217.176311 1248.346160 1269.374022 1273.867018 1277.541150 1285.243880 1283.758221 1277.866782 1263.795774 1255.773227 1254.230261 1250.648337 1231.966209 1212.328101 1194.118364 1188.446694 1171.225786 1131.489044 1100.648455 1084.032821 1065.809012 1036.174106 996.977901 967.655937 952.893065 969.616121 961.370071 944.575603 941.096059 963.711443 997.628729 995.719216 1006.294881 1032.052612 1074.008929 1115.954234 1139.463391 1169.307081 1205.742315 1249.394374 1267.077815 1287.828742 1292.306991 1270.975623 1227.537711 1177.319931 1143.206434 1079.068899 1006.946644 928.610939 865.248521 803.395931 725.421065 668.749473 614.232450 550.439039 488.535346 458.206869 416.493269 394.879810 -9999.0 -9999.0 -9999.0 -9999.0
-9999.0 -247.435873 -56.959574 206.632221 476.004134 605.275452 817.477339 949.536536 1015.250297 1072.788560 1083.719556 1208.488643 1238.931042 1233.313152 1225.816891 1229.690963 1245.219383 1249.944792 1247.417909 1238.808985 1230.333021 1225.598227 1223.970258 1215.811394 1202.302804 1186.042803 1171.890327 1157.258634 1115.872989 1082.069528 1047.505566 1029.296667 990.078764 902.198891 861.641637 827.570543 766.963493 752.302550 736.870880 701.965734 679.532524 660.842138 680.719020 682.612692 684.405051 692.033975 715.158769 742.084457 792.835686 834.687106 879.811714 932.250267 968.454340 1014.648219 1063.337756 1121.963954 1154.637225 1185.718149 1231.406599 1271.666321 1294.592177 1285.366953 1256.872204 1213.236441 1144.995415 1077.866807 1031.602551 964.250058 899.348831 844.521805 795.172958 732.362517 652.240514 551.462662 505.191998 -9999.0 -9999.0 -9999.0 -9999.0 -9999.0
-9999.0 -413.010559 -144.431150 149.877963 478.174959 809.041324 933.172916 1079.935661 1153.297575 1104.608100 1094.886555 1118.651449 1157.612795 1165.702095 1147.860426 1142.188260 1134.115196 1135.228383 1148.946545 1124.227906 1093.943655 1079.126201 1077.035122 1062.931163 1036.722991 1016.166193 1000.700055 978.501039 929.484219 880.888601 802.574885 768.757655 684.512018 617.765995 570.407222 520.058522 465.687878 461.101132 474.800960 456.846563 433.321152 414.222424 440.061839 456.499625 468.224589 458.779637 469.481151 507.164477 559.495908 606.123666 659.532117 720.558021 776.046570 833.537477 869.235798 921.245950 969.417490 1019.391643 1094.473344 1174.817127 1211.104343 1246.908941 1282.280702 1298.297078 1250.125165 1201.866775 1155.756875 1102.421340 1020.016423 971.278750 940.339280 893.668920 834.280031 -9999.0 -9999.0 -9999.0 -9999.0 -9999.0 -9999.0 -9999.0
-9999.0 -544.318367 -316.997217 -75.405222 220.504195 462.577762 655.577299 778.262258 861.494719 871.857803 891.304515 920.147577 949.106135 971.009967 950.715227 916.662352 891.926353 896.948379 895.850219 873.410373 845.289880 830.431559 827.413718 816.984061 785.856773 765.034308 748.953034 720.217096 679.067454 620.349160 537.442767 464.656372 399.652437 363.396707 332.288828 298.354753 259.596230 269.058238 282.155298 277.272682 265.123597 260.994740 290.389413 309.043578 319.243585 307.026955 326.246037 353.886988 396.646509 440.061345 489.819952 546.605454 603.221619 637.375497 656.058964 688.749934 738.424078 805.125471 895.147393 992.309679 1070.062738 1122.782384 1175.219142 1209.914866 1225.814414 1244.290052 1226.779941 1156.036567 1040.285561 1038.933720 1025.072509 -9999.0 -9999.0 -9999.0 -9999.0 -9999.0 -9999.0 -9999.0 -9999.0 -9999.0
-9999.0 -9999.0 -553.824794 -367.644783 -215.156162 -29.860848 123.030826 234.410632 316.028298 414.210709 508.795281 586.037512 628.178759 645.575771 629.425828 592.528266 569.065189 569.541865 560.467144 548.115969 525.626391 516.304891 505.311401 495.689837 481.193800 472.175025 464.631562 451.049499 426.384060 378.025839 325.676225 272.528361 217.232985 191.183836 168.776783 146.136132 142.913692 140.152002 146.361766 147.447539 153.108488 164.997584 185.512791 207.057988 216.626552 224.346638 237.081015 261.071856 294.630542 336.490872 389.805886 446.814479 486.544617 500.139868 492.273932 500.296172 525.830866 575.584628 667.299323 767.021869 867.973564 942.043558 1017.793301 1073.292278 1095.547334 1117.445978 1142.882133 1087.995286 739.983346 987.437007 -9999.0 -9999.0 -9999.0 -9999.0 -9999.0 -9999.0 -9999.0 -9999.0 -9999.0 -9999.0
-9999.0 -9999.0 -9999.0 -9999.0 -512.057655 -354.289268 -258.779599 -175.055876 -50.862280 62.008650 156.346183 234.567282 290.212400 314.688445 305.901395 303.968731 297.102964 292.785591 283.911823 279.790768 275.373751 267.248639 254.453138 246.222913 245.152470 248.256338 245.279995 231.267682 214.102013 187.894228 164.636618 129.308419 92.209853 62.740750 49.471637 42.779243 42.772863 36.779950 46.022997 52.615122 67.554534 82.930103 106.879522 135.373027 148.300151 162.673407 172.463409 193.307488 223.561500 276.656781 339.336096 395.819354 430.249938 434.113431 408.602577 393.330758 391.075033 421.056182 470.986070 545.968954 654.857870 739.422052 814.331000 867.927920 904.834746 956.023930 1021.601042 1066.980970 -9999.0 -9999.0 -9999.0 -9999.0 -9999.0 -9999.0 -9999.0 -9999.0 -9999.0 -9999.0 -9999.0 -9999.0
-9999.0 -9999.0 -9999.0 -9999.0 -9999.0 -9999.0 -564.631355 -467.405197 -381.158436 -253.433591 -134.617312 -40.273051 35.677048 62.778789 82.978168 106.659651 103.008113 85.717231 68.426057 85.551818 96.211135 90.782664 62.225831 60.710383 64.265282 73.000810 71.236212 64.767708 39.644008 48.523853 47.510932 24.222302 -1.976231 -16.297406 -27.953075 -18.117028 -17.468039 -30.270288 -28.359890 -2.128868 17.725201 31.119317 53.487077 86.670663 118.726051 133.239963 134.331025 140.556306 181.641074 251.872436 322.435620 376.174916 407.151597 414.419935 386.075924 345.305455 324.180785 331.339874 366.846720 421.933504 501.625887 556.331109 592.633144 616.996526 646.501790 746.451476 -9999.0 -9999.0 -9999.0 -9999.0 -9999.0 -9999.0 -9999.0 -9999.0 -9999.0 -9999.0 -9999.0 -9999.0 -9999.0 -9999.0
-9999.0 -9999.0 -9999.0 -9999.0 -9999.0 -9999.0 -9999.0 -9999.0 -9999.0 -9999.0 -9999.0 -9999.0 -9999.0 -9999.0 -9999.0 -9999.0 -9999.0 -9999.0 -9999.0 -9999.0 -9999.0 -9999.0 -9999.0 -9999.0 -9999.0 -9999.0 -9999.0 -9999.0 -9999.0 -9999.0 -9999.0 -9999.0 -9999.0 -9999.0 -9999.0 -9999.0 -9999.0 -9999.0 -9999.0 -9999.0 -9999.0 -9999.0 -9999.0 -9999.0 -9999.0 -9999.0 -9999.0 -9999.0 -9999.0 -9999.0 -9999.0 -9999.0 -9999.0 -9999.0 -9999.0 -9999.0 -9999.0 -9999.0 -9999.0 -9999.0 -9999.0 -9999.0 -9999.0 -9999.0 -9999.0 -9999.0 -9999.0 -9999.0 -9999.0 -9999.0 -9999.0 -9999.0 -9999.0 -9999.0 -9999.0 -9999.0 -9999.0 -9999.0 -9999.0 -9999.0
-9999.0 -9999.0 -9999.0 -9999.0 -9999.0 -9999.0 -9999.0 -9999.0 -9999.0 -9999.0 -9999.0 -9999.0 -9999.0 -9999.0 -9999.0 -9999.0 -9999.0 -9999.0 -9999.0 -9999.0 -9999.0 -9999.0 -9999.0 -9999.0 -9999.0 -9999.0 -9999.0 -9999.0 -9999.0 -9999.0 -9999.0 -9999.0 -9999.0 -9999.0 -9999.0 -9999.0 -9999.0 -9999.0 -9999.0 -9999.0 -9999.0 -9999.0 -9999.0 -9999.0 -9999.0 -9999.0 -9999.0 -9999.0 -9999.0 -9999.0 -9999.0 -9999.0 -9999.0 -9999.0 -9999.0 -9999.0 -9999.0 -9999.0 -9999.0 -9999.0 -9999.0 -9999.0 -9999.0 -9999.0 -9999.0 -9999.0 -9999.0 -9999.0 -9999.0 -9999.0 -9999.0 -9999.0 -9999.0 -9999.0 -9999.0 -9999.0 -9999.0 -9999.0 -9999.0 -9999.0