Borden_/Borden1m_014/output_maps/psiliqL0015N0020.asc
ncols         80
nrows         18
xllcorner     620200.000000
yllcorner     5168000.000000
cellsize      1.000000
NODATA_value  -9999.0
-9999.0 -9999.0 -9999.0 -9999.0 -9999.0 -9999.0 -9999.0 -9999.0 -9999.0 -9999.0 -9999.0 -9999.0 -9999.0 -9999.0 -9999.0 -9999.0 -9999.0 -9999.0 -9999.0 -9999.0 -9999.0 -9999.0 -9999.0 -9999.0 -9999.0 -9999.0 -9999.0 -9999.0 -9999.0 -9999.0 -9999.0 -9999.0 -9999.0 -9999.0 -9999.0 -9999.0 -9999.0 -9999.0 -9999.0 -9999.0 -9999.0 -9999.0 -9999.0 -9999.0 -9999.0 -9999.0 -9999.0 -9999.0 -9999.0 -9999.0 -9999.0 -9999.0 -9999.0 -9999.0 -9999.0 -9999.0 -9999.0 -9999.0 -9999.0 -9999.0 -9999.0 -9999.0 -9999.0 -9999.0 -9999.0 -9999.0 -9999.0 -9999.0 -9999.0 -9999.0 -9999.0 -9999.0 -9999.0 -9999.0 -9999.0 -9999.0 -9999.0 -9999.0 -9999.0 -9999.0
-9999.0 -9999.0 -9999.0 -9999.0 -9999.0 -9999.0 -9999.0 -9999.0 -9999.0 -9999.0 -9999.0 -9999.0 -9999.0 -9999.0 -9999.0 -9999.0 -9999.0 -9999.0 -9999.0 -9999.0 -9999.0 -9999.0 -9999.0 -9999.0 -9999.0 -9999.0 -9999.0 -9999.0 -9999.0 -9999.0 -9999.0 -9999.0 -9999.0 -9999.0 -9999.0 -9999.0 -9999.0 -9999.0 -9999.0 -9999.0 -9999.0 -9999.0 -9999.0 -9999.0 -9999.0 -9999.0 -9999.0 -9999.0 -9999.0 -9999.0 -9999.0 -9999.0 -9999.0 -9999.0 -9999.0 -9999.0 -9999.0 -9999.0 -9999.0 -9999.0 -9999.0 -9999.0 -9999.0 -9999.0 -9999.0 -9999.0 -9999.0 -9999.0 -9999.0 -9999.0 -9999.0 -9999.0 -9999.0 -9999.0 -9999.0 -9999.0 -9999.0 -9999.0 -9999.0 -9999.0
-9999.0 -9999.0 -9999.0 -9999.0 -9999.0 -9999.0 -9999.0 -9999.0 -9999.0 -9999.0 -9999.0 -9999.0 -9999.0 -9999.0 -9999.0 -9999.0 -9999.0 -9999.0 -9999.0 -9999.0 1147.981164 1150.870307 1129.670086 1097.046150 1070.315064 1073.842305 1109.697953 1152.384169 1192.522925 1203.957525 1187.692453 1191.887918 1188.664020 1188.091469 1190.972108 1198.310095 1203.033413 1214.212510 1222.618315 1222.289490 1216.471271 1211.767032 1212.554038 1215.547466 1220.833542 1209.234928 1222.745572 1237.343554 1241.772468 1235.929747 1208.113148 1191.490329 1180.838499 1163.436892 1186.281007 1196.373887 1217.509911 1220.129870 1217.035021 1188.984270 1158.251224 -9999.0 -9999.0 -9999.0 -9999.0 -9999.0 -9999.0 -9999.0 -9999.0 -9999.0 -9999.0 -9999.0 -9999.0 -9999.0 -9999.0 -9999.0 -9999.0 -9999.0 -9999.0 -9999.0
-9999.0 -9999.0 -9999.0 -9999.0 -9999.0 -9999.0 -9999.0 -9999.0 -9999.0 -9999.0 -9999.0 -9999.0 -9999.0 -9999.0 1054.081577 1045.338720 1043.689967 1053.258324 1087.971865 1119.156569 1131.617830 1125.122178 1126.444207 1104.251230 1085.030925 1100.478185 1131.797283 1165.007301 1201.361239 1223.410232 1214.211255 1213.899126 1224.918478 1250.618937 1263.513742 1261.117185 1241.841239 1265.361529 1280.895913 1289.211224 1288.974201 1280.943091 1293.812013 1309.427714 1302.386410 1284.978482 1290.102276 1301.738705 1313.186614 1299.164166 1235.140380 1214.936502 1208.452705 1199.620285 1183.637877 1175.761094 1199.655518 1197.944849 1188.117321 1168.823238 1135.053547 1090.205016 1070.695089 1108.381864 1151.027698 1207.229854 -9999.0 -9999.0 -9999.0 -9999.0 -9999.0 -9999.0 -9999.0 -9999.0 -9999.0 -9999.0 -9999.0 -9999.0 -9999.0 -9999.0
-9999.0 -9999.0 -9999.0 -9999.0 -9999.0 -9999.0 -9999.0 -9999.0 -9999.0 993.627151 998.876959 1007.053896 1010.465418 1027.178867 1025.675161 1033.992302 1042.194792 1070.712493 1103.185867 1139.508849 1169.254588 1161.664279 1163.812203 1175.541421 1180.453145 1194.003374 1217.320318 1259.449629 1301.062704 1344.514908 1318.598877 1318.818742 1339.908805 1387.281269 1419.534464 1426.266901 1407.852743 1416.814054 1441.511134 1463.209948 1463.216636 1461.310944 1486.655759 1500.869226 1501.269174 1480.443985 1467.944409 1468.195621 1493.161672 1441.572748 1375.283593 1324.572793 1326.398716 1294.075476 1254.969257 1233.830246 1229.399338 1247.632618 1230.555527 1191.605763 1153.994923 1141.526968 1122.658958 1138.495727 1159.250256 1204.087568 1241.722167 1268.985890 1267.325010 1249.002516 -9999.0 -9999.0 -9999.0 -9999.0 -9999.0 -9999.0 -9999.0 -9999.0 -9999.0 -9999.0
-9999.0 -9999.0 -9999.0 -9999.0 -9999.0 -9999.0 913.708103 923.947833 945.082145 950.366755 976.752346 985.072165 1006.822735 1027.401207 1050.568633 1068.472896 1099.931368 1134.635402 1177.367260 1222.114360 1255.650169 1252.020017 1264.679978 1297.769487 1339.123431 1369.581470 1396.132915 1437.875306 1516.774702 1562.811010 1573.103456 1580.900092 1592.918981 1642.047645 1705.490309 1720.302826 1699.057207 1683.727376 1703.240028 1739.111254 1745.497510 1747.470552 1758.363347 1768.061839 1793.576843 1783.356752 1743.003349 1728.743729 1726.851849 1710.457822 1649.766879 1585.890862 1548.614497 1495.048811 1410.211317 1355.160079 1360.927689 1376.647237 1344.222752 1287.473419 1244.749382 1232.261578 1215.120513 1199.924343 1204.424926 1221.804103 1242.315521 1251.859022 1237.281545 1214.782084 1190.900590 1160.974951 1161.767861 1186.154152 -9999.0 -9999.0 -9999.0 -9999.0 -9999.0 -9999.0
-9999.0 -9999.0 -9999.0 -9999.0 862.858990 876.419027 864.849799 890.914521 924.553374 959.749671 992.557104 1030.444079 1059.084310 1091.127513 1133.410972 1169.432472 1213.086535 1251.287734 1309.132032 1379.961061 1432.886959 1458.495457 1476.869384 1539.393967 1604.520145 1658.573857 1680.352267 1708.600387 1753.941331 1816.756380 1846.354410 1854.851384 1873.714597 1909.603044 1956.909948 1989.743409 1972.301147 1963.414002 1968.616044 1979.977385 2003.959362 2005.830575 2008.011301 2010.586915 2015.016417 2013.607054 1988.842072 1955.507956 1941.560652 1932.453297 1903.216003 1833.746810 1791.299880 1758.670778 1723.812157 1672.080651 1608.407964 1590.401098 1528.937642 1468.092455 1404.020642 1380.455505 1347.049770 1318.497950 1286.985427 1286.235668 1287.150792 1264.475114 1230.149036 1196.044255 1179.377001 1159.099486 1146.727308 1175.581099 1192.116396 1221.668915 -9999.0 -9999.0 -9999.0 -9999.0
-9999.0 -9999.0 802.411405 851.485502 909.283315 919.012161 920.354039 927.322793 956.959278 1010.313992 1086.557105 1137.738899 1181.287678 1217.693144 1280.519975 1361.982231 1436.200261 1488.465891 1553.290124 1626.584829 1690.063144 1724.849782 1744.488985 1785.907633 1841.743567 1904.458464 1931.532438 1958.062972 1989.993506 2025.136762 2037.407492 2052.324510 2061.521689 2065.103442 2071.154477 2072.624551 2066.924699 2059.767683 2039.843080 2035.108397 2041.963021 2047.495701 2049.114066 2036.006116 2032.204692 2045.724652 2049.733337 2049.302923 2049.426495 2057.238940 2061.005090 2021.603374 1983.521062 1966.761123 1955.877460 1911.561634 1847.050105 1803.815453 1778.418231 1734.391516 1656.986980 1604.748623 1551.037366 1498.922612 1444.008394 1410.406248 1361.045841 1316.136009 1267.142073 1218.669889 1193.026414 1173.076220 1168.783722 1166.953464 1181.691682 1195.856720 1210.279758 1217.578270 -9999.0 -9999.0
-9999.0 698.723839 771.406844 898.125112 979.114097 1024.765183 1057.332469 1081.043125 1110.834827 1138.463417 1243.970114 1333.085335 1425.241646 1465.729736 1520.991392 1621.401818 1717.312027 1765.265913 1806.366919 1864.760262 1925.853972 1974.046985 2003.740944 2015.336717 2050.190635 2064.237140 2067.555673 2071.070125 2067.866876 2060.718904 2052.417379 2058.859033 2055.294338 2036.567198 2020.485962 2016.545999 2009.106500 1982.029410 1950.941706 1934.390754 1936.239152 1958.851865 1946.969756 1926.776364 1923.310725 1944.659678 1964.847796 1958.022954 1948.492452 1968.424456 2004.323297 2027.077478 2037.299330 2053.927937 2074.665890 2049.192072 2020.773743 1978.309580 1957.779741 1928.239563 1870.008055 1808.524992 1752.781571 1691.321222 1623.990616 1553.880337 1487.821404 1424.056542 1355.067555 1311.107499 1277.280483 1224.546068 1201.049661 1200.327886 1189.551105 1185.082470 1189.790194 1195.497185 -9999.0 -9999.0
-9999.0 617.736439 760.345902 945.250908 1094.634763 1154.719822 1257.464481 1336.714806 1365.358230 1337.909165 1447.419072 1667.336567 1770.789056 1790.680152 1865.099157 1954.954823 1975.183577 2009.047460 2033.182810 2045.404663 2055.219018 2065.956334 2064.947437 2059.679453 2045.204321 2037.206198 2035.416249 2031.877485 2013.639224 1993.637947 1974.839574 1969.400262 1949.890462 1905.665025 1872.441740 1853.930083 1834.992455 1811.322173 1775.389448 1746.510756 1730.708144 1745.778725 1739.137816 1722.979747 1719.592371 1741.998882 1775.566716 1774.412050 1786.118184 1811.097912 1852.396082 1892.894646 1916.538898 1947.872785 1985.636057 2030.592017 2046.461136 2068.394412 2072.792634 2054.011691 2009.750761 1957.252281 1922.362700 1859.647119 1787.416873 1709.307285 1644.566193 1581.630940 1509.241863 1459.146052 1408.529762 1347.011388 1288.880284 1262.131180 1220.169256 1198.831297 -9999.0 -9999.0 -9999.0 -9999.0
-9999.0 538.024347 726.033819 984.207805 1261.817101 1374.465009 1581.305995 1709.808474 1767.178188 1834.431675 1810.817020 1959.293542 1999.410976 1996.901570 1998.292411 2004.660613 2022.132621 2027.455735 2025.964206 2018.094353 2010.701184 2007.054971 2005.085732 1996.372896 1982.507120 1966.013653 1951.210049 1936.871051 1898.049135 1864.010277 1826.617404 1809.401850 1768.281385 1676.977514 1634.246076 1596.989472 1537.123739 1527.356650 1518.302859 1487.616519 1466.743001 1445.677162 1467.595994 1472.284622 1475.154890 1479.409949 1498.189105 1525.270407 1574.064615 1614.069326 1659.936184 1713.181228 1749.621687 1795.216547 1842.699810 1899.272000 1933.064662 1965.784028 2014.494798 2054.094535 2077.535034 2066.385423 2039.112578 1992.981183 1922.915392 1857.528626 1809.943065 1739.286373 1674.723658 1619.903064 1569.827593 1511.681087 1439.903263 1352.600683 1307.746349 -9999.0 -9999.0 -9999.0 -9999.0 -9999.0
-9999.0 357.053869 624.693626 912.380822 1226.543849 1557.320952 1693.711200 1822.840375 1894.799343 1861.005468 1867.097170 1887.644495 1929.610558 1939.413602 1922.263546 1915.947000 1906.627955 1908.431056 1923.087320 1898.873239 1870.924429 1857.383509 1855.549924 1841.536072 1815.415993 1795.755781 1781.215953 1759.182356 1710.748270 1659.630720 1577.307024 1544.180256 1465.160679 1407.977867 1363.424349 1313.189787 1260.825625 1257.623383 1273.015200 1256.889948 1233.861369 1215.160031 1241.741143 1259.668838 1272.268366 1261.652830 1272.042255 1309.833033 1361.595751 1407.613788 1458.940658 1515.471579 1565.174991 1616.520251 1650.504939 1701.778975 1750.958050 1800.424118 1876.095277 1955.804635 1993.789521 2029.381237 2062.647659 2078.640699 2027.863746 1979.751616 1931.027373 1874.068842 1794.879282 1748.251177 1718.003874 1667.309956 1606.708999 -9999.0 -9999.0 -9999.0 -9999.0 -9999.0 -9999.0 -9999.0
-9999.0 230.970255 449.280710 678.253954 962.777185 1201.894042 1399.323710 1510.443769 1590.096462 1624.978748 1659.076730 1692.817682 1723.430961 1746.972157 1727.491987 1690.883517 1664.586463 1670.297019 1667.565200 1645.367162 1617.085218 1602.072212 1598.284305 1588.752419 1560.799329 1542.886881 1529.139696 1504.011582 1468.831570 1412.770599 1333.032255 1259.558055 1197.176700 1164.601886 1134.662390 1101.524208 1065.019574 1074.213927 1086.027577 1081.812251 1070.835462 1067.689611 1096.850102 1115.985555 1126.382315 1115.217837 1135.082444 1162.735173 1205.437487 1249.462617 1299.428628 1355.739616 1411.259811 1442.771352 1458.519865 1486.186955 1529.059078 1587.677584 1676.566572 1772.795956 1851.954113 1902.363184 1954.791700 1990.625974 2006.056725 2019.880090 1999.381238 1924.895350 1815.698476 1814.692899 1807.293262 -9999.0 -9999.0 -9999.0 -9999.0 -9999.0 -9999.0 -9999.0 -9999.0 -9999.0
-9999.0 -9999.0 215.867349 393.478737 532.028408 712.578839 864.000221 975.390894 1064.120560 1176.122599 1279.659528 1361.951485 1405.555144 1423.299529 1409.854274 1377.658914 1357.403101 1358.379212 1349.152967 1338.906486 1318.955902 1310.533727 1298.570797 1288.685002 1276.228014 1268.407025 1261.130889 1248.122420 1224.960357 1177.767427 1128.599956 1076.665321 1022.697081 996.743201 974.492693 952.491069 950.425689 946.265722 951.608833 952.762183 959.257130 971.649680 991.815887 1013.813635 1023.716773 1032.627514 1045.555169 1069.823470 1103.565021 1146.350630 1200.724635 1258.887951 1299.499789 1313.416877 1305.188534 1312.004946 1335.008766 1380.925135 1465.314786 1553.648916 1651.867760 1725.486178 1799.840559 1855.094053 1874.524631 1893.349186 1914.369937 1859.198085 1606.334200 1759.923169 -9999.0 -9999.0 -9999.0 -9999.0 -9999.0 -9999.0 -9999.0 -9999.0 -9999.0 -9999.0
-9999.0 -9999.0 -9999.0 -9999.0 252.075251 407.444186 504.606413 588.565289 716.810889 835.557583 934.227361 1015.791459 1075.944303 1101.946403 1097.110827 1101.467047 1097.038656 1091.836843 1082.716889 1081.247048 1079.401476 1071.530118 1057.081745 1048.674348 1048.095329 1051.543675 1047.955712 1033.450042 1015.303996 991.685579 970.475875 935.627043 899.133302 869.605873 856.159519 849.981539 849.537334 842.612741 851.242507 858.239403 873.282675 888.501132 912.315222 941.249480 954.922349 969.764898 979.757711 1000.650793 1031.365665 1085.055618 1148.703469 1206.661342 1242.721163 1247.692051 1223.650715 1209.176445 1207.049747 1236.865341 1284.432871 1355.094240 1459.827771 1537.125623 1600.998856 1650.706129 1686.397102 1736.261958 1796.789325 1835.968312 -9999.0 -9999.0 -9999.0 -9999.0 -9999.0 -9999.0 -9999.0 -9999.0 -9999.0 -9999.0 -9999.0 -9999.0
-9999.0 -9999.0 -9999.0 -9999.0 -9999.0 -9999.0 208.649234 309.511766 391.363888 526.967401 653.985483 753.080948 831.886159 862.375205 887.289570 913.552790 911.641846 893.923218 875.616988 893.992792 906.881503 900.883902 870.902777 869.628442 873.439115 881.140817 878.454040 871.518205 846.059714 856.530251 856.490245 832.968388 806.643381 792.431758 780.434564 789.908035 790.069278 776.534480 777.343307 803.858177 823.927190 837.109475 859.081523 892.333308 924.694642 939.853120 941.334120 947.707142 988.265559 1058.764474 1130.450513 1185.801681 1218.320004 1226.740492 1199.907495 1160.460347 1140.804376 1149.041984 1185.294184 1240.042191 1318.412808 1371.070533 1402.296576 1420.978177 1443.749599 1536.733013 -9999.0 -9999.0 -9999.0 -9999.0 -9999.0 -9999.0 -9999.0 -9999.0 -9999.0 -9999.0 -9999.0 -9999.0 -9999.0 -9999.0
-9999.0 -9999.0 -9999.0 -9999.0 -9999.0 -9999.0 -9999.0 -9999.0 -9999.0 -9999.0 -9999.0 -9999.0 -9999.0 -9999.0 -9999.0 -9999.0 -9999.0 -9999.0 -9999.0 -9999.0 -9999.0 -9999.0 -9999.0 -9999.0 -9999.0 -9999.0 -9999.0 -9999.0 -9999.0 -9999.0 -9999.0 -9999.0 -9999.0 -9999.0 -9999.0 -9999.0 -9999.0 -9999.0 -9999.0 -9999.0 -9999.0 -9999.0 -9999.0 -9999.0 -9999.0 -9999.0 -9999.0 -9999.0 -9999.0 -9999.0 -9999.0 -9999.0 -9999.0 -9999.0 -9999.0 -9999.0 -9999.0 -9999.0 -9999.0 -9999.0 -9999.0 -9999.0 -9999.0 -9999.0 -9999.0 -9999.0 -9999.0 -9999.0 -9999.0 -9999.0 -9999.0 -9999.0 -9999.0 -9999.0 -9999.0 -9999.0 -9999.0 -9999.0 -9999.0 -9999.0
-9999.0 -9999.0 -9999.0 -9999.0 -9999.0 -9999.0 -9999.0 -9999.0 -9999.0 -9999.0 -9999.0 -9999.0 -9999.0 -9999.0 -9999.0 -9999.0 -9999.0 -9999.0 -9999.0 -9999.0 -9999.0 -9999.0 -9999.0 -9999.0 -9999.0 -9999.0 -9999.0 -9999.0 -9999.0 -9999.0 -9999.0 -9999.0 -9999.0 -9999.0 -9999.0 -9999.0 -9999.0 -9999.0 -9999.0 -9999.0 -9999.0 -9999.0 -9999.0 -9999.0 -9999.0 -9999.0 -9999.0 -9999.0 -9999.0 -9999.0 -9999.0 -9999.0 -9999.0 -9999.0 -9999.0 -9999.0 -9999.0 -9999.0 -9999.0 -9999.0 -9999.0 -9999.0 -9999.0 -9999.0 -9999.0 -9999.0 -9999.0 -9999.0 -9999.0 -9999.0 -9999.0 -9999.0 -9999.0 -9999.0 -9999.0 -9999.0 -9999.0 -9999.0 -9999.0 -9999.0