Borden_/Borden1m_014/output_maps/psiliqL0025N0029.asc
ncols         80
nrows         18
xllcorner     620200.000000
yllcorner     5168000.000000
cellsize      1.000000
NODATA_value  -9999.0
-9999.0 -9999.0 -9999.0 -9999.0 -9999.0 -9999.0 -9999.0 -9999.0 -9999.0 -9999.0 -9999.0 -9999.0 -9999.0 -9999.0 -9999.0 -9999.0 -9999.0 -9999.0 -9999.0 -9999.0 -9999.0 -9999.0 -9999.0 -9999.0 -9999.0 -9999.0 -9999.0 -9999.0 -9999.0 -9999.0 -9999.0 -9999.0 -9999.0 -9999.0 -9999.0 -9999.0 -9999.0 -9999.0 -9999.0 -9999.0 -9999.0 -9999.0 -9999.0 -9999.0 -9999.0 -9999.0 -9999.0 -9999.0 -9999.0 -9999.0 -9999.0 -9999.0 -9999.0 -9999.0 -9999.0 -9999.0 -9999.0 -9999.0 -9999.0 -9999.0 -9999.0 -9999.0 -9999.0 -9999.0 -9999.0 -9999.0 -9999.0 -9999.0 -9999.0 -9999.0 -9999.0 -9999.0 -9999.0 -9999.0 -9999.0 -9999.0 -9999.0 -9999.0 -9999.0 -9999.0
-9999.0 -9999.0 -9999.0 -9999.0 -9999.0 -9999.0 -9999.0 -9999.0 -9999.0 -9999.0 -9999.0 -9999.0 -9999.0 -9999.0 -9999.0 -9999.0 -9999.0 -9999.0 -9999.0 -9999.0 -9999.0 -9999.0 -9999.0 -9999.0 -9999.0 -9999.0 -9999.0 -9999.0 -9999.0 -9999.0 -9999.0 -9999.0 -9999.0 -9999.0 -9999.0 -9999.0 -9999.0 -9999.0 -9999.0 -9999.0 -9999.0 -9999.0 -9999.0 -9999.0 -9999.0 -9999.0 -9999.0 -9999.0 -9999.0 -9999.0 -9999.0 -9999.0 -9999.0 -9999.0 -9999.0 -9999.0 -9999.0 -9999.0 -9999.0 -9999.0 -9999.0 -9999.0 -9999.0 -9999.0 -9999.0 -9999.0 -9999.0 -9999.0 -9999.0 -9999.0 -9999.0 -9999.0 -9999.0 -9999.0 -9999.0 -9999.0 -9999.0 -9999.0 -9999.0 -9999.0
-9999.0 -9999.0 -9999.0 -9999.0 -9999.0 -9999.0 -9999.0 -9999.0 -9999.0 -9999.0 -9999.0 -9999.0 -9999.0 -9999.0 -9999.0 -9999.0 -9999.0 -9999.0 -9999.0 -9999.0 3126.148074 3127.174618 3105.368617 3071.160799 3042.767049 3044.395738 3077.154354 3117.483166 3155.902647 3163.166978 3143.916111 3147.376782 3142.700714 3138.181925 3138.336671 3145.822336 3152.158074 3161.763294 3168.633786 3166.299714 3158.908407 3153.783370 3156.090212 3157.736159 3163.928063 3149.799203 3165.680730 3179.931122 3184.831065 3182.214797 3160.370256 3148.460848 3140.694680 3125.421148 3152.088922 3164.010327 3186.527557 3191.418533 3189.789459 3164.226098 3134.363929 -9999.0 -9999.0 -9999.0 -9999.0 -9999.0 -9999.0 -9999.0 -9999.0 -9999.0 -9999.0 -9999.0 -9999.0 -9999.0 -9999.0 -9999.0 -9999.0 -9999.0 -9999.0 -9999.0
-9999.0 -9999.0 -9999.0 -9999.0 -9999.0 -9999.0 -9999.0 -9999.0 -9999.0 -9999.0 -9999.0 -9999.0 -9999.0 -9999.0 3036.291196 3027.337888 3024.239468 3031.319537 3063.549994 3093.516008 3105.093895 3097.420337 3096.991111 3072.048147 3049.024193 3061.320434 3090.250827 3120.189757 3153.056287 3170.072967 3158.658311 3155.753877 3162.519951 3180.080141 3187.971252 3184.169110 3168.443419 3190.221458 3203.267842 3207.625289 3205.475345 3195.545288 3204.364131 3218.324603 3211.270152 3196.056994 3206.834259 3221.813235 3232.923513 3224.866909 3169.112448 3157.108011 3154.377433 3150.708228 3138.142684 3134.648727 3163.228170 3163.260517 3156.427261 3139.657524 3106.820094 3061.964812 3043.530304 3084.454319 3128.536354 3184.572631 -9999.0 -9999.0 -9999.0 -9999.0 -9999.0 -9999.0 -9999.0 -9999.0 -9999.0 -9999.0 -9999.0 -9999.0 -9999.0 -9999.0
-9999.0 -9999.0 -9999.0 -9999.0 -9999.0 -9999.0 -9999.0 -9999.0 -9999.0 2983.009122 2984.956167 2991.616698 2993.692780 3008.523422 3005.088546 3011.647711 3015.421612 3042.122136 3071.151499 3104.187787 3130.702022 3121.038033 3119.296357 3123.035443 3117.471260 3124.952278 3144.748489 3179.039448 3209.954562 3244.790339 3211.073160 3205.901189 3223.049482 3264.128042 3287.260507 3289.154273 3270.430006 3286.468999 3309.726448 3325.378002 3321.736097 3315.711092 3341.364761 3356.377049 3350.634115 3329.369472 3327.799939 3335.197540 3364.459494 3314.318677 3249.194381 3211.016647 3226.961335 3206.165432 3180.417238 3171.479419 3172.561599 3192.018653 3180.810724 3148.792404 3116.042400 3104.976664 3088.749720 3110.134602 3133.920328 3180.058225 3220.312272 3250.475152 3250.352064 3233.384515 -9999.0 -9999.0 -9999.0 -9999.0 -9999.0 -9999.0 -9999.0 -9999.0 -9999.0 -9999.0
-9999.0 -9999.0 -9999.0 -9999.0 -9999.0 -9999.0 2904.146909 2914.692841 2935.520054 2938.316326 2964.759678 2970.008288 2983.258931 2999.947268 3021.070570 3033.422543 3057.951128 3087.216612 3122.604785 3159.668532 3184.989289 3174.786138 3177.840759 3196.962818 3223.470174 3242.128686 3264.101289 3301.103186 3372.323992 3408.208856 3401.075303 3401.754251 3409.830292 3459.797288 3523.479004 3534.467249 3513.866943 3500.723978 3524.013005 3561.142007 3559.427621 3558.235143 3571.036506 3581.723049 3608.474859 3597.805286 3562.027211 3556.430951 3562.843157 3540.705964 3472.651156 3415.753544 3396.916513 3351.181970 3268.918159 3226.343932 3249.805635 3277.807974 3256.558740 3207.818517 3177.596564 3172.629846 3162.098411 3155.594964 3168.419324 3190.823861 3215.372065 3229.695024 3218.322409 3197.961214 3177.033119 3149.112419 3151.913485 3177.033225 -9999.0 -9999.0 -9999.0 -9999.0 -9999.0 -9999.0
-9999.0 -9999.0 -9999.0 -9999.0 2854.417671 2867.331675 2852.747815 2878.892893 2910.924889 2944.508312 2971.969923 2997.214618 3019.605129 3045.600028 3078.142540 3099.871254 3131.445161 3160.346076 3204.939653 3265.384957 3309.040136 3322.186327 3330.235716 3380.496220 3436.332032 3483.133618 3501.560158 3527.103038 3572.224848 3628.405768 3650.622019 3653.460195 3670.334501 3713.086292 3768.775115 3803.708945 3786.154016 3777.224672 3787.069078 3801.155276 3823.290346 3823.365727 3824.476886 3828.499975 3835.999931 3834.342228 3807.999388 3774.697808 3761.804195 3751.823593 3714.380281 3642.746657 3612.423054 3583.868362 3542.243597 3488.640194 3440.986126 3441.811381 3387.811936 3333.818709 3284.162944 3276.297560 3256.342101 3240.773187 3223.630516 3236.077576 3248.247629 3233.578265 3204.158462 3175.842152 3163.106872 3145.776287 3134.762099 3166.056358 3183.845828 3213.531962 -9999.0 -9999.0 -9999.0 -9999.0
-9999.0 -9999.0 2795.343305 2840.749720 2897.711019 2903.880607 2897.594409 2900.561339 2926.968585 2976.164448 3031.107292 3067.451700 3095.871999 3125.199039 3173.248722 3234.838875 3294.131848 3335.924871 3392.758889 3461.316693 3519.946219 3546.603589 3555.426616 3590.640278 3644.883585 3713.306790 3741.080763 3767.342078 3798.831128 3834.931796 3827.814021 3838.650106 3850.851185 3863.086527 3877.566208 3884.434617 3879.652190 3875.068745 3856.557376 3851.465085 3857.966721 3865.818634 3864.946010 3850.339619 3846.372708 3861.298765 3867.415318 3865.411593 3862.721203 3867.726587 3863.640419 3815.823521 3797.271886 3782.201933 3770.770504 3724.871658 3658.538225 3626.057491 3604.931286 3564.389308 3491.398549 3453.851411 3414.673223 3380.125085 3343.054718 3329.804552 3297.537188 3265.682645 3227.282784 3186.868660 3168.725916 3154.544027 3154.332295 3155.167895 3173.014008 3188.620280 3204.656093 3212.768566 -9999.0 -9999.0
-9999.0 2692.118713 2763.719756 2878.394248 2955.774491 2988.652562 2997.361787 3000.422213 3024.503440 3055.055835 3141.087821 3189.905507 3271.860732 3308.104256 3348.224764 3437.303801 3530.582630 3573.325091 3611.647729 3674.417070 3739.429776 3786.176048 3812.329355 3792.971973 3831.945292 3860.481682 3868.211300 3874.941658 3874.674778 3866.190080 3859.585622 3866.295398 3863.379086 3844.289974 3828.301844 3826.583265 3823.201067 3799.964903 3772.505166 3757.133325 3758.619798 3783.478325 3770.428556 3749.094044 3744.694219 3766.292419 3787.501254 3776.865674 3763.752800 3780.297085 3814.772036 3839.384447 3841.010606 3859.408315 3880.491855 3851.662075 3829.961697 3786.403042 3769.596230 3744.267980 3687.733203 3633.011944 3585.158037 3536.850839 3484.655199 3435.726426 3388.365688 3341.622856 3288.609881 3256.090600 3231.980897 3189.345539 3177.206029 3183.279877 3178.763241 3177.383082 3183.971146 3190.618612 -9999.0 -9999.0
-9999.0 2596.751460 2736.287334 2906.413635 3045.121153 3085.043440 3147.336661 3201.187229 3214.226047 3161.755031 3259.423076 3474.277914 3593.490139 3610.189097 3684.699963 3778.524615 3763.110971 3794.088434 3816.921568 3841.454036 3861.200527 3875.062801 3873.223585 3867.927586 3851.518105 3843.531546 3842.672868 3840.591756 3823.284283 3804.410340 3787.669074 3784.605778 3766.839452 3717.944307 3684.950713 3667.728672 3649.229651 3635.681838 3608.328261 3582.508039 3566.328670 3577.094965 3574.996719 3561.351597 3556.927850 3575.148805 3605.974603 3603.707701 3614.993643 3634.484794 3669.858916 3707.696491 3726.862658 3755.795026 3791.254240 3838.763781 3847.873999 3870.211049 3873.258535 3862.303207 3816.132588 3764.909395 3735.668802 3680.623394 3621.176257 3559.624502 3511.060371 3466.595207 3411.754631 3377.803251 3338.876035 3285.633347 3242.674331 3234.714606 3201.463896 3188.334611 -9999.0 -9999.0 -9999.0 -9999.0
-9999.0 2495.905026 2676.023437 2907.277980 3194.182333 3265.980211 3465.036746 3577.989840 3616.502533 3682.819228 3569.667890 3770.639371 3821.701928 3816.254755 3830.375099 3833.301793 3847.385073 3846.842964 3841.774021 3830.831426 3821.344102 3816.850024 3815.759079 3807.865214 3795.285041 3780.718548 3768.881740 3757.566752 3721.181416 3689.470509 3650.790777 3638.472614 3594.702492 3503.536674 3464.997570 3427.065319 3367.089408 3369.399066 3376.279122 3352.759142 3333.429174 3305.966021 3335.001782 3345.245433 3349.230526 3345.118108 3355.013518 3382.598381 3429.664084 3463.595524 3502.229646 3549.759610 3579.831432 3618.720790 3658.459864 3710.482302 3741.345228 3770.058933 3818.507712 3855.404861 3878.032859 3864.258593 3845.301982 3801.127479 3741.167821 3692.028479 3663.360877 3613.309717 3570.054822 3526.639929 3480.417089 3427.905598 3366.879358 3313.380690 3279.559202 -9999.0 -9999.0 -9999.0 -9999.0 -9999.0
-9999.0 2275.630386 2539.706806 2797.394551 3068.439431 3406.007513 3572.403073 3667.061768 3729.480774 3710.309434 3731.677590 3738.500647 3775.337055 3782.284380 3760.836413 3747.256509 3730.010947 3728.922320 3741.952432 3714.803080 3684.803492 3671.599215 3672.473177 3661.778172 3638.114007 3623.248911 3613.970836 3595.726864 3552.909868 3503.299039 3420.208720 3386.775807 3309.522150 3270.595013 3234.468090 3188.225245 3146.151106 3151.754190 3174.358239 3167.196321 3146.748757 3129.921277 3159.110700 3177.777209 3190.803839 3174.818693 3181.379376 3215.376159 3261.354451 3301.202502 3344.553909 3391.698098 3432.942132 3471.913619 3492.965690 3532.393334 3574.093380 3615.321317 3684.939038 3762.549939 3797.976624 3832.274945 3861.490433 3883.234190 3840.583066 3814.014671 3790.549005 3767.409915 3721.578698 3676.426150 3635.906388 3571.881663 3512.400693 -9999.0 -9999.0 -9999.0 -9999.0 -9999.0 -9999.0 -9999.0
-9999.0 2162.545739 2357.310005 2551.021302 2789.365264 3012.501036 3229.146320 3319.278333 3388.451199 3456.378801 3508.373379 3545.298459 3571.007916 3592.327044 3569.685082 3524.269836 3492.377278 3497.274764 3488.759306 3467.750481 3440.245931 3427.466392 3425.061846 3420.404132 3399.340476 3389.194337 3382.589024 3365.136873 3339.948134 3287.992592 3217.266056 3147.404364 3094.418709 3075.072260 3052.898782 3026.503385 3000.079828 3013.668022 3026.607295 3026.824772 3020.437123 3020.699211 3049.740005 3069.413502 3078.855743 3067.882499 3085.913151 3108.894324 3145.572360 3182.828316 3226.879063 3276.294039 3324.059573 3343.916518 3346.036206 3357.638620 3384.756452 3427.680469 3503.532213 3588.924906 3665.534587 3710.539997 3760.945262 3800.542695 3828.252654 3853.861498 3875.674887 3868.291577 3842.720551 3809.611210 3751.426271 -9999.0 -9999.0 -9999.0 -9999.0 -9999.0 -9999.0 -9999.0 -9999.0 -9999.0
-9999.0 -9999.0 2131.209135 2285.001333 2384.349319 2548.004122 2692.666729 2802.750812 2874.297665 3002.330757 3122.154874 3211.993220 3257.590521 3272.918282 3258.989467 3230.417298 3213.091033 3212.765071 3201.287510 3194.970919 3180.684057 3175.638872 3166.538566 3159.510252 3155.616009 3155.277342 3153.484428 3145.955977 3129.854584 3089.249668 3052.832383 3009.387391 2972.724021 2951.422243 2933.536056 2916.767429 2920.980840 2916.442299 2922.210575 2925.346108 2935.097207 2949.373606 2968.796913 2985.723459 2995.251280 3005.224605 3015.918775 3037.271191 3066.845093 3106.442193 3157.224264 3210.106344 3245.330687 3251.727553 3233.526958 3228.344413 3236.313219 3264.924821 3327.919280 3396.262743 3485.015860 3549.865216 3616.374072 3671.876809 3698.270274 3734.641916 3804.247474 3852.228538 3893.924357 3871.565296 -9999.0 -9999.0 -9999.0 -9999.0 -9999.0 -9999.0 -9999.0 -9999.0 -9999.0 -9999.0
-9999.0 -9999.0 -9999.0 -9999.0 2145.656869 2293.128664 2390.825937 2471.171120 2605.862935 2737.876048 2812.400603 2898.599770 2967.031975 2981.298893 2981.546289 2997.807471 2996.796598 2987.842944 2977.171468 2982.043881 2987.024192 2981.335388 2977.039349 2971.276461 2975.645190 2984.183824 2983.320716 2971.598000 2954.874762 2941.613525 2929.648866 2900.190794 2869.320542 2843.335850 2832.569519 2830.485968 2831.478059 2824.338945 2833.251072 2842.420363 2858.626484 2873.915836 2897.457355 2926.988755 2941.655969 2956.294550 2964.829484 2983.221979 3006.462057 3057.458040 3118.673894 3174.596633 3206.939902 3206.941410 3179.263984 3157.411283 3144.909909 3162.250570 3189.494895 3240.069692 3328.768752 3390.164993 3435.435384 3474.170116 3510.363456 3574.899734 3668.583788 3749.384759 -9999.0 -9999.0 -9999.0 -9999.0 -9999.0 -9999.0 -9999.0 -9999.0 -9999.0 -9999.0 -9999.0 -9999.0
-9999.0 -9999.0 -9999.0 -9999.0 -9999.0 -9999.0 2122.013473 2228.064215 2296.364299 2450.208185 2596.605438 2706.335730 2791.759698 2829.100275 2825.685731 2855.800635 2856.455306 2836.354040 2814.677070 2836.563296 2855.856059 2849.685210 2817.809249 2819.793701 2827.566670 2836.432767 2835.149334 2830.713999 2807.866606 2826.286867 2832.490836 2811.818602 2788.633380 2798.890838 2787.501159 2797.320634 2797.294546 2782.731485 2781.545116 2793.853246 2815.045729 2828.045481 2849.101675 2882.288670 2914.727951 2930.301704 2931.040195 2935.537375 2971.928824 3034.982155 3105.378016 3159.863573 3189.480300 3193.852592 3163.913118 3118.954291 3092.645511 3091.378224 3115.471548 3154.641612 3213.271480 3249.123603 3260.033167 3260.963070 3272.972666 3371.443252 -9999.0 -9999.0 -9999.0 -9999.0 -9999.0 -9999.0 -9999.0 -9999.0 -9999.0 -9999.0 -9999.0 -9999.0 -9999.0 -9999.0
-9999.0 -9999.0 -9999.0 -9999.0 -9999.0 -9999.0 -9999.0 -9999.0 -9999.0 -9999.0 -9999.0 -9999.0 -9999.0 -9999.0 -9999.0 -9999.0 -9999.0 -9999.0 -9999.0 -9999.0 -9999.0 -9999.0 -9999.0 -9999.0 -9999.0 -9999.0 -9999.0 -9999.0 -9999.0 -9999.0 -9999.0 -9999.0 -9999.0 -9999.0 -9999.0 -9999.0 -9999.0 -9999.0 -9999.0 -9999.0 -9999.0 -9999.0 -9999.0 -9999.0 -9999.0 -9999.0 -9999.0 -9999.0 -9999.0 -9999.0 -9999.0 -9999.0 -9999.0 -9999.0 -9999.0 -9999.0 -9999.0 -9999.0 -9999.0 -9999.0 -9999.0 -9999.0 -9999.0 -9999.0 -9999.0 -9999.0 -9999.0 -9999.0 -9999.0 -9999.0 -9999.0 -9999.0 -9999.0 -9999.0 -9999.0 -9999.0 -9999.0 -9999.0 -9999.0 -9999.0
-9999.0 -9999.0 -9999.0 -9999.0 -9999.0 -9999.0 -9999.0 -9999.0 -9999.0 -9999.0 -9999.0 -9999.0 -9999.0 -9999.0 -9999.0 -9999.0 -9999.0 -9999.0 -9999.0 -9999.0 -9999.0 -9999.0 -9999.0 -9999.0 -9999.0 -9999.0 -9999.0 -9999.0 -9999.0 -9999.0 -9999.0 -9999.0 -9999.0 -9999.0 -9999.0 -9999.0 -9999.0 -9999.0 -9999.0 -9999.0 -9999.0 -9999.0 -9999.0 -9999.0 -9999.0 -9999.0 -9999.0 -9999.0 -9999.0 -9999.0 -9999.0 -9999.0 -9999.0 -9999.0 -9999.0 -9999.0 -9999.0 -9999.0 -9999.0 -9999.0 -9999.0 -9999.0 -9999.0 -9999.0 -9999.0 -9999.0 -9999.0 -9999.0 -9999.0 -9999.0 -9999.0 -9999.0 -9999.0 -9999.0 -9999.0 -9999.0 -9999.0 -9999.0 -9999.0 -9999.0