Borden_/Borden1m_014/output_maps/psiliqL0026N0007.asc
ncols         80
nrows         18
xllcorner     620200.000000
yllcorner     5168000.000000
cellsize      1.000000
NODATA_value  -9999.0
-9999.0 -9999.0 -9999.0 -9999.0 -9999.0 -9999.0 -9999.0 -9999.0 -9999.0 -9999.0 -9999.0 -9999.0 -9999.0 -9999.0 -9999.0 -9999.0 -9999.0 -9999.0 -9999.0 -9999.0 -9999.0 -9999.0 -9999.0 -9999.0 -9999.0 -9999.0 -9999.0 -9999.0 -9999.0 -9999.0 -9999.0 -9999.0 -9999.0 -9999.0 -9999.0 -9999.0 -9999.0 -9999.0 -9999.0 -9999.0 -9999.0 -9999.0 -9999.0 -9999.0 -9999.0 -9999.0 -9999.0 -9999.0 -9999.0 -9999.0 -9999.0 -9999.0 -9999.0 -9999.0 -9999.0 -9999.0 -9999.0 -9999.0 -9999.0 -9999.0 -9999.0 -9999.0 -9999.0 -9999.0 -9999.0 -9999.0 -9999.0 -9999.0 -9999.0 -9999.0 -9999.0 -9999.0 -9999.0 -9999.0 -9999.0 -9999.0 -9999.0 -9999.0 -9999.0 -9999.0
-9999.0 -9999.0 -9999.0 -9999.0 -9999.0 -9999.0 -9999.0 -9999.0 -9999.0 -9999.0 -9999.0 -9999.0 -9999.0 -9999.0 -9999.0 -9999.0 -9999.0 -9999.0 -9999.0 -9999.0 -9999.0 -9999.0 -9999.0 -9999.0 -9999.0 -9999.0 -9999.0 -9999.0 -9999.0 -9999.0 -9999.0 -9999.0 -9999.0 -9999.0 -9999.0 -9999.0 -9999.0 -9999.0 -9999.0 -9999.0 -9999.0 -9999.0 -9999.0 -9999.0 -9999.0 -9999.0 -9999.0 -9999.0 -9999.0 -9999.0 -9999.0 -9999.0 -9999.0 -9999.0 -9999.0 -9999.0 -9999.0 -9999.0 -9999.0 -9999.0 -9999.0 -9999.0 -9999.0 -9999.0 -9999.0 -9999.0 -9999.0 -9999.0 -9999.0 -9999.0 -9999.0 -9999.0 -9999.0 -9999.0 -9999.0 -9999.0 -9999.0 -9999.0 -9999.0 -9999.0
-9999.0 -9999.0 -9999.0 -9999.0 -9999.0 -9999.0 -9999.0 -9999.0 -9999.0 -9999.0 -9999.0 -9999.0 -9999.0 -9999.0 -9999.0 -9999.0 -9999.0 -9999.0 -9999.0 -9999.0 3325.188687 3326.070668 3304.270244 3269.982862 3241.513150 3243.062328 3275.648660 3315.908000 3354.335553 3361.358286 3341.957624 3345.466260 3340.742612 3335.939654 3335.863012 3343.372758 3349.819648 3359.331007 3366.088964 3363.607922 3356.117550 3351.006224 3353.517071 3355.056761 3361.325022 3346.884867 3362.947200 3379.312929 3384.146903 3381.625171 3358.171497 3346.553314 3338.904865 3323.670048 3350.562507 3362.530696 3386.298952 3391.219612 3389.531659 3363.104031 3333.253101 -9999.0 -9999.0 -9999.0 -9999.0 -9999.0 -9999.0 -9999.0 -9999.0 -9999.0 -9999.0 -9999.0 -9999.0 -9999.0 -9999.0 -9999.0 -9999.0 -9999.0 -9999.0 -9999.0
-9999.0 -9999.0 -9999.0 -9999.0 -9999.0 -9999.0 -9999.0 -9999.0 -9999.0 -9999.0 -9999.0 -9999.0 -9999.0 -9999.0 3235.442808 3226.528836 3223.379258 3230.325048 3262.428631 3292.372123 3303.895550 3296.176549 3295.682559 3270.590216 3247.318812 3259.443802 3288.308986 3318.194732 3350.982116 3367.762025 3356.341194 3353.347224 3359.846192 3378.871342 3386.440054 3382.560650 3364.800095 3388.895497 3401.826040 3405.922067 3403.719100 3393.718092 3402.241304 3416.101769 3409.020319 3393.903525 3405.090383 3420.288664 3431.206824 3423.458328 3365.956541 3354.527455 3351.911049 3348.483366 3336.018941 3332.721864 3361.613196 3361.730693 3355.046869 3338.351961 3305.490183 3260.579686 3242.155630 3283.303959 3327.439127 3384.149620 -9999.0 -9999.0 -9999.0 -9999.0 -9999.0 -9999.0 -9999.0 -9999.0 -9999.0 -9999.0 -9999.0 -9999.0 -9999.0 -9999.0
-9999.0 -9999.0 -9999.0 -9999.0 -9999.0 -9999.0 -9999.0 -9999.0 -9999.0 3178.437719 3184.174895 3190.813464 3192.921773 3207.668653 3204.115849 3210.612333 3214.086537 3240.774366 3269.646130 3302.529116 3328.920881 3319.158832 3317.300952 3320.501684 3314.139102 3321.231216 3340.936218 3376.949454 3407.407619 3441.993069 3407.976640 3402.652753 3419.741521 3460.470501 3482.870384 3484.380213 3465.576658 3482.377063 3505.615438 3520.874006 3517.114978 3510.883004 3536.763779 3551.971249 3545.580999 3524.043475 3523.253110 3531.145685 3560.666377 3510.334757 3444.889532 3407.459463 3424.159654 3403.821397 3378.805411 3368.590659 3369.986970 3391.116950 3380.078712 3346.868094 3314.296748 3303.191541 3287.057674 3308.831855 3332.765648 3379.772608 3420.123744 3450.345792 3450.160177 3433.180445 -9999.0 -9999.0 -9999.0 -9999.0 -9999.0 -9999.0 -9999.0 -9999.0 -9999.0 -9999.0
-9999.0 -9999.0 -9999.0 -9999.0 -9999.0 -9999.0 3100.147720 3110.415541 3130.809678 3133.047356 3159.072911 3163.787309 3181.982397 3198.518387 3219.633744 3231.652955 3255.745804 3284.769025 3319.821035 3356.457966 3383.122332 3370.675564 3375.391106 3393.821011 3419.496404 3437.483490 3459.476955 3496.656856 3568.360023 3604.225739 3596.096981 3596.583322 3604.636702 3654.866341 3718.677348 3729.358716 3708.693253 3695.693594 3719.412574 3756.885628 3754.733296 3753.498533 3766.740570 3777.620509 3804.441181 3793.452203 3757.619809 3752.589037 3759.646781 3736.730485 3667.672832 3610.958924 3592.973385 3546.593124 3463.732055 3421.814724 3446.588449 3475.262389 3454.400636 3405.701286 3374.188039 3369.617341 3359.421463 3353.462046 3366.810188 3390.545954 3415.123460 3429.558724 3418.183464 3397.764150 3376.440059 3348.598148 3351.507512 3376.639701 -9999.0 -9999.0 -9999.0 -9999.0 -9999.0 -9999.0
-9999.0 -9999.0 -9999.0 -9999.0 3051.072500 3063.560931 3048.218095 3073.818380 3105.069715 3137.889070 3164.514177 3195.220768 3217.395663 3243.105796 3275.116627 3295.847223 3326.688829 3355.239014 3401.432974 3461.622974 3505.031021 3517.588458 3525.493641 3575.955303 3631.794008 3678.429073 3696.941202 3722.722540 3768.640638 3825.055114 3847.160834 3849.803722 3866.712307 3910.261661 3966.855250 4002.057963 3984.354531 3975.268628 3985.517630 3999.955333 4022.100399 4022.161889 4023.285262 4027.504111 4035.270895 4033.434274 4006.686457 3973.194525 3960.222650 3950.047940 3911.648020 3839.413398 3809.493146 3780.491690 3737.505390 3683.297098 3636.782276 3638.679433 3584.289727 3529.564806 3480.452552 3473.390516 3453.930561 3438.779660 3422.240909 3435.257906 3447.852133 3433.360250 3403.891315 3375.001035 3362.427550 3345.231077 3334.219869 3365.649202 3383.740695 3413.339586 -9999.0 -9999.0 -9999.0 -9999.0
-9999.0 -9999.0 2992.837570 3037.621697 3093.975577 3099.216980 3091.442752 3093.201943 3118.403010 3166.389282 3227.400545 3262.962568 3290.383064 3319.597207 3369.092361 3429.729694 3488.593760 3530.471830 3588.072310 3657.096767 3715.908226 3742.431035 3751.046941 3786.579142 3841.339959 3910.754840 3938.895676 3965.456952 3997.414323 4034.101401 4025.367636 4035.951821 4048.506123 4061.595872 4076.866266 4084.158537 4079.225257 4074.607988 4056.006758 4050.773379 4057.246799 4065.379824 4064.297766 4049.576424 4045.601370 4060.647239 4066.958296 4064.823657 4061.896094 4066.721294 4061.930437 4013.195159 3996.258572 3980.931488 3969.051183 3922.733969 3855.842005 3823.702869 3802.094537 3760.960602 3687.622090 3650.692163 3611.772194 3577.606724 3540.721021 3528.246055 3496.492934 3464.895011 3426.677068 3386.364382 3367.657535 3353.776651 3353.735794 3354.665957 3372.662332 3388.530363 3404.584356 3412.701792 -9999.0 -9999.0
-9999.0 2883.220784 2953.720340 3074.144024 3150.682612 3185.990064 3192.775813 3194.239713 3218.164805 3249.406719 3334.409882 3382.381258 3464.504389 3501.478927 3541.404932 3630.965709 3725.186093 3768.510727 3807.490378 3871.396573 3937.334606 3984.521017 4010.898392 3988.951832 4028.681405 4058.853708 4067.122814 4074.250259 4074.391864 4065.865962 4059.430554 4066.075934 4063.071961 4043.801431 4027.641204 4025.855868 4022.432590 3999.037065 3971.448349 3955.889079 3957.193523 3982.255963 3969.057332 3947.643585 3943.212041 3964.933532 3986.447852 3975.705678 3962.532874 3979.137635 4013.847011 4038.944414 4039.844043 4058.447490 4079.579495 4050.421437 4029.264457 3985.224859 3968.248679 3942.781630 3885.759033 3830.967171 3782.879822 3734.567990 3682.492447 3633.996381 3586.705886 3539.801072 3486.993985 3454.565809 3430.643211 3388.376537 3376.091269 3383.002744 3378.365885 3377.091954 3383.905115 3390.553441 -9999.0 -9999.0
-9999.0 2786.137383 2924.221453 3100.145247 3241.125545 3279.798029 3339.025395 3392.867208 3405.449403 3349.093395 3449.413195 3665.828344 3788.009981 3805.512953 3881.104449 3976.379328 3958.300176 3989.720316 4013.005814 4039.186196 4060.225191 4074.662240 4072.971838 4067.841397 4051.308522 4043.293349 4042.401523 4040.277432 4022.823744 4003.818396 3986.978051 3983.775539 3965.743836 3916.063761 3882.775045 3865.219392 3846.064777 3832.712275 3805.561537 3779.550189 3762.968928 3773.208973 3771.575114 3758.191230 3753.776292 3771.827221 3802.702037 3800.856103 3812.787078 3832.417256 3867.855814 3906.089702 3925.362787 3954.501521 3990.151233 4038.268590 4046.923204 4069.384985 4072.281130 4061.987003 4015.325098 3963.717475 3934.306280 3878.928289 3819.416311 3757.770823 3708.962689 3664.396150 3609.349110 3575.579955 3536.683404 3483.433031 3441.065126 3433.997211 3400.976849 3388.243445 -9999.0 -9999.0 -9999.0 -9999.0
-9999.0 2687.627668 2860.877544 3097.145029 3389.570535 3459.000034 3659.577237 3773.060071 3811.337427 3878.529781 3757.622671 3965.134343 4018.343761 4013.450860 4029.571663 4032.827508 4047.152894 4046.488731 4041.409592 4030.379063 4020.770404 4016.182467 4015.130496 4007.213025 3994.578210 3979.948923 3968.029033 3956.567973 3919.868912 3887.891312 3848.544485 3836.031309 3791.280735 3699.527723 3660.959944 3622.386876 3561.534704 3564.235335 3572.041975 3548.303786 3528.754345 3500.466615 3530.229499 3541.139621 3545.374471 3540.670018 3550.119525 3578.802323 3626.628411 3660.859788 3699.567986 3747.371075 3777.750397 3816.807237 3856.473424 3908.713314 3939.875663 3968.745518 4017.699008 4054.717028 4077.454721 4063.360206 4044.868647 4000.102678 3939.885779 3890.585903 3861.634079 3811.192450 3767.750798 3724.368592 3678.079768 3625.511719 3564.249505 3512.162371 3478.587834 -9999.0 -9999.0 -9999.0 -9999.0 -9999.0
-9999.0 2463.166314 2726.612511 2983.147781 3254.193707 3595.338623 3767.167627 3860.791200 3923.946240 3907.034464 3930.534087 3936.807498 3973.902520 3981.188245 3959.794695 3945.916796 3928.254383 3927.165340 3940.232543 3912.877877 3882.609553 3869.257285 3870.163988 3859.475600 3835.624936 3820.767455 3811.514801 3793.051087 3750.095610 3700.043420 3616.202868 3581.773353 3503.313327 3465.435155 3429.582664 3383.159647 3339.237851 3345.298570 3370.366377 3361.662130 3341.244802 3324.509236 3353.981956 3374.884884 3388.101176 3371.765273 3378.264519 3412.390977 3458.466212 3498.475847 3541.861301 3589.390650 3630.944174 3669.796944 3690.420262 3729.475312 3771.407436 3812.841291 3882.826469 3961.158146 3997.074212 4031.690532 4060.556044 4082.462468 4039.588822 4013.325890 3989.617035 3966.178640 3920.019902 3874.673747 3834.133497 3769.576913 3710.058247 -9999.0 -9999.0 -9999.0 -9999.0 -9999.0 -9999.0 -9999.0
-9999.0 2351.159564 2543.053647 2732.587359 2968.192114 3195.649335 3417.239939 3507.268498 3577.398823 3649.340030 3703.522476 3741.299339 3767.059965 3788.609184 3766.032875 3719.989343 3687.783707 3692.780189 3683.806118 3662.975724 3635.507461 3622.788470 3620.219389 3615.637645 3594.693330 3584.723653 3578.214905 3560.516233 3535.629201 3483.420802 3412.892434 3340.427389 3287.673356 3269.274759 3247.622189 3221.663184 3195.932542 3209.757890 3222.708165 3223.154714 3217.119400 3217.675830 3246.718384 3266.629153 3276.046247 3265.190325 3283.197289 3305.950304 3342.359278 3381.122439 3425.211582 3474.691252 3522.520305 3542.073585 3543.634353 3554.523411 3581.582644 3624.356008 3700.232960 3785.957950 3863.515108 3908.925373 3959.641453 3999.611804 4027.757416 4052.595495 4075.017420 4068.098394 4042.138634 4008.788313 3950.071149 -9999.0 -9999.0 -9999.0 -9999.0 -9999.0 -9999.0 -9999.0 -9999.0 -9999.0
-9999.0 -9999.0 2317.180000 2467.869286 2561.937030 2722.851455 2844.338493 2948.180413 3046.967412 3188.228162 3310.422155 3403.762247 3450.001867 3465.563061 3451.814345 3423.743334 3406.819349 3406.442879 3394.775369 3388.839321 3375.031918 3370.130639 3358.459268 3351.463984 3348.122797 3348.213703 3346.643103 3339.272263 3323.539763 3283.294116 3247.864861 3204.799331 3159.820363 3139.433999 3122.528260 3106.752270 3111.939545 3107.657092 3113.702744 3117.129456 3127.265127 3141.763715 3161.154488 3183.913081 3193.519553 3203.664770 3214.233867 3235.435914 3264.846700 3304.413768 3355.140068 3409.345308 3444.613206 3450.842109 3432.224313 3426.529498 3433.887446 3461.915579 3524.187134 3592.589247 3681.991023 3747.282166 3814.025420 3869.905194 3896.549011 3932.931181 4003.162772 4051.190387 4093.657942 4071.255438 -9999.0 -9999.0 -9999.0 -9999.0 -9999.0 -9999.0 -9999.0 -9999.0 -9999.0 -9999.0
-9999.0 -9999.0 -9999.0 -9999.0 2326.656508 2472.619694 2569.386371 2649.023970 2784.510486 2887.502541 2990.381391 3076.782160 3145.562174 3171.400658 3172.849492 3190.386774 3189.790600 3180.523636 3169.741763 3175.273655 3180.925573 3175.248275 3158.810126 3153.458432 3158.591684 3167.936363 3167.666356 3156.561940 3140.435276 3128.766456 3118.312047 3089.903126 3059.832914 3034.445047 3024.411773 3023.144219 3024.607939 3017.707629 3026.841843 3036.513447 3052.905361 3068.237937 3091.777214 3121.533347 3136.243434 3150.728153 3158.922564 3176.867942 3205.015505 3256.025366 3317.194689 3373.193024 3406.669097 3406.581214 3377.336742 3355.054383 3341.918518 3358.594217 3387.190000 3437.126644 3525.749748 3587.494752 3632.294829 3670.644678 3706.875259 3772.025766 3866.676617 3947.989949 -9999.0 -9999.0 -9999.0 -9999.0 -9999.0 -9999.0 -9999.0 -9999.0 -9999.0 -9999.0 -9999.0 -9999.0
-9999.0 -9999.0 -9999.0 -9999.0 -9999.0 -9999.0 2303.101325 2409.421478 2476.393877 2632.674380 2781.728955 2857.117859 2940.014590 2976.053154 3008.806050 3039.565424 3040.430421 3020.166212 2998.321754 3020.800992 3040.999432 3035.034859 3002.914298 3005.444243 3013.891671 3023.186372 3022.386382 3018.585043 2996.452728 3016.188277 3023.557948 3003.678699 2981.029135 2971.756073 2962.159307 2973.661602 2975.021301 2961.495912 2960.940988 2989.037026 3010.580791 3023.594712 3044.568783 3077.746415 3110.126248 3125.614627 3126.095977 3130.181236 3166.041539 3233.631063 3304.112107 3358.705386 3389.304023 3393.606698 3362.291545 3317.021060 3290.345414 3288.527329 3311.978637 3350.338883 3410.955077 3446.477184 3456.542509 3456.492650 3467.846635 3567.498412 -9999.0 -9999.0 -9999.0 -9999.0 -9999.0 -9999.0 -9999.0 -9999.0 -9999.0 -9999.0 -9999.0 -9999.0 -9999.0 -9999.0
-9999.0 -9999.0 -9999.0 -9999.0 -9999.0 -9999.0 -9999.0 -9999.0 -9999.0 -9999.0 -9999.0 -9999.0 -9999.0 -9999.0 -9999.0 -9999.0 -9999.0 -9999.0 -9999.0 -9999.0 -9999.0 -9999.0 -9999.0 -9999.0 -9999.0 -9999.0 -9999.0 -9999.0 -9999.0 -9999.0 -9999.0 -9999.0 -9999.0 -9999.0 -9999.0 -9999.0 -9999.0 -9999.0 -9999.0 -9999.0 -9999.0 -9999.0 -9999.0 -9999.0 -9999.0 -9999.0 -9999.0 -9999.0 -9999.0 -9999.0 -9999.0 -9999.0 -9999.0 -9999.0 -9999.0 -9999.0 -9999.0 -9999.0 -9999.0 -9999.0 -9999.0 -9999.0 -9999.0 -9999.0 -9999.0 -9999.0 -9999.0 -9999.0 -9999.0 -9999.0 -9999.0 -9999.0 -9999.0 -9999.0 -9999.0 -9999.0 -9999.0 -9999.0 -9999.0 -9999.0
-9999.0 -9999.0 -9999.0 -9999.0 -9999.0 -9999.0 -9999.0 -9999.0 -9999.0 -9999.0 -9999.0 -9999.0 -9999.0 -9999.0 -9999.0 -9999.0 -9999.0 -9999.0 -9999.0 -9999.0 -9999.0 -9999.0 -9999.0 -9999.0 -9999.0 -9999.0 -9999.0 -9999.0 -9999.0 -9999.0 -9999.0 -9999.0 -9999.0 -9999.0 -9999.0 -9999.0 -9999.0 -9999.0 -9999.0 -9999.0 -9999.0 -9999.0 -9999.0 -9999.0 -9999.0 -9999.0 -9999.0 -9999.0 -9999.0 -9999.0 -9999.0 -9999.0 -9999.0 -9999.0 -9999.0 -9999.0 -9999.0 -9999.0 -9999.0 -9999.0 -9999.0 -9999.0 -9999.0 -9999.0 -9999.0 -9999.0 -9999.0 -9999.0 -9999.0 -9999.0 -9999.0 -9999.0 -9999.0 -9999.0 -9999.0 -9999.0 -9999.0 -9999.0 -9999.0 -9999.0