Borden_/Borden1m_014/output_maps/psiliqL0000N0037.asc
ncols         80
nrows         18
xllcorner     620200.000000
yllcorner     5168000.000000
cellsize      1.000000
NODATA_value  -9999.0
-9999.0 -9999.0 -9999.0 -9999.0 -9999.0 -9999.0 -9999.0 -9999.0 -9999.0 -9999.0 -9999.0 -9999.0 -9999.0 -9999.0 -9999.0 -9999.0 -9999.0 -9999.0 -9999.0 -9999.0 -9999.0 -9999.0 -9999.0 -9999.0 -9999.0 -9999.0 -9999.0 -9999.0 -9999.0 -9999.0 -9999.0 -9999.0 -9999.0 -9999.0 -9999.0 -9999.0 -9999.0 -9999.0 -9999.0 -9999.0 -9999.0 -9999.0 -9999.0 -9999.0 -9999.0 -9999.0 -9999.0 -9999.0 -9999.0 -9999.0 -9999.0 -9999.0 -9999.0 -9999.0 -9999.0 -9999.0 -9999.0 -9999.0 -9999.0 -9999.0 -9999.0 -9999.0 -9999.0 -9999.0 -9999.0 -9999.0 -9999.0 -9999.0 -9999.0 -9999.0 -9999.0 -9999.0 -9999.0 -9999.0 -9999.0 -9999.0 -9999.0 -9999.0 -9999.0 -9999.0
-9999.0 -9999.0 -9999.0 -9999.0 -9999.0 -9999.0 -9999.0 -9999.0 -9999.0 -9999.0 -9999.0 -9999.0 -9999.0 -9999.0 -9999.0 -9999.0 -9999.0 -9999.0 -9999.0 -9999.0 -9999.0 -9999.0 -9999.0 -9999.0 -9999.0 -9999.0 -9999.0 -9999.0 -9999.0 -9999.0 -9999.0 -9999.0 -9999.0 -9999.0 -9999.0 -9999.0 -9999.0 -9999.0 -9999.0 -9999.0 -9999.0 -9999.0 -9999.0 -9999.0 -9999.0 -9999.0 -9999.0 -9999.0 -9999.0 -9999.0 -9999.0 -9999.0 -9999.0 -9999.0 -9999.0 -9999.0 -9999.0 -9999.0 -9999.0 -9999.0 -9999.0 -9999.0 -9999.0 -9999.0 -9999.0 -9999.0 -9999.0 -9999.0 -9999.0 -9999.0 -9999.0 -9999.0 -9999.0 -9999.0 -9999.0 -9999.0 -9999.0 -9999.0 -9999.0 -9999.0
-9999.0 -9999.0 -9999.0 -9999.0 -9999.0 -9999.0 -9999.0 -9999.0 -9999.0 -9999.0 -9999.0 -9999.0 -9999.0 -9999.0 -9999.0 -9999.0 -9999.0 -9999.0 -9999.0 -9999.0 -620.476826 -619.579319 -621.623373 -623.944820 -625.864255 -626.080261 -623.902717 -621.336416 -618.379424 -617.713657 -620.028598 -619.523686 -620.427878 -620.861525 -620.848579 -620.223719 -619.955770 -618.972972 -618.327248 -618.563578 -619.270347 -619.799472 -620.285051 -620.093415 -619.320141 -620.342827 -618.761997 -617.145914 -616.528751 -616.619735 -618.910945 -619.903507 -620.262739 -622.023400 -618.818177 -617.786823 -615.278057 -614.995386 -614.579415 -617.410751 -620.160000 -9999.0 -9999.0 -9999.0 -9999.0 -9999.0 -9999.0 -9999.0 -9999.0 -9999.0 -9999.0 -9999.0 -9999.0 -9999.0 -9999.0 -9999.0 -9999.0 -9999.0 -9999.0 -9999.0
-9999.0 -9999.0 -9999.0 -9999.0 -9999.0 -9999.0 -9999.0 -9999.0 -9999.0 -9999.0 -9999.0 -9999.0 -9999.0 -9999.0 -624.433603 -625.492303 -625.974112 -626.222967 -624.273955 -622.708013 -622.562999 -623.662424 -622.820145 -624.973472 -626.832319 -625.677882 -623.985905 -622.506056 -620.112395 -618.249341 -619.916975 -620.323341 -619.371868 -616.068349 -614.497986 -615.139318 -618.859282 -615.397771 -613.483361 -612.197671 -612.348773 -614.041365 -611.545253 -608.651919 -610.075407 -613.120018 -612.598691 -610.921824 -608.060820 -609.766768 -619.137931 -620.303238 -619.890165 -619.796824 -621.021305 -621.901748 -618.663679 -619.052417 -619.633226 -620.339903 -622.341961 -625.439419 -626.775416 -623.640029 -620.656481 -614.552413 -9999.0 -9999.0 -9999.0 -9999.0 -9999.0 -9999.0 -9999.0 -9999.0 -9999.0 -9999.0 -9999.0 -9999.0 -9999.0 -9999.0
-9999.0 -9999.0 -9999.0 -9999.0 -9999.0 -9999.0 -9999.0 -9999.0 -9999.0 -626.273775 -626.564265 -626.270142 -626.932346 -626.009507 -627.460695 -627.101630 -627.297006 -625.988833 -624.834138 -622.891385 -620.352981 -622.154053 -622.367458 -620.979721 -620.640780 -620.004388 -618.770332 -614.397535 -609.072943 -600.817418 -607.523430 -607.786868 -603.997362 -589.716603 -575.131206 -569.988255 -578.289844 -578.389484 -568.013421 -553.824939 -552.324242 -553.349608 -536.171784 -524.717488 -516.888073 -534.027563 -551.352516 -554.026215 -534.924818 -567.255972 -589.865821 -605.507463 -604.848109 -610.222616 -615.944105 -618.128725 -618.859332 -615.046826 -616.598775 -620.209026 -623.106416 -622.338632 -623.877169 -622.395211 -621.222696 -616.574482 -612.257122 -608.016829 -607.795157 -610.486479 -9999.0 -9999.0 -9999.0 -9999.0 -9999.0 -9999.0 -9999.0 -9999.0 -9999.0 -9999.0
-9999.0 -9999.0 -9999.0 -9999.0 -9999.0 -9999.0 -628.211045 -628.332842 -627.748787 -629.483184 -628.203521 -629.036725 -628.048943 -627.569864 -626.912340 -626.786051 -625.043885 -623.472413 -620.775594 -617.119191 -613.672343 -615.252831 -614.298474 -609.158357 -598.958095 -588.989859 -582.225554 -568.569836 -511.233230 -455.508147 -433.264516 -423.476559 -412.708002 -380.328829 -325.183308 -307.299792 -326.958387 -342.328665 -323.154200 -278.617163 -195.566192 -194.291786 -188.599498 -181.896985 -155.661207 -159.810120 -271.698947 -302.827353 -314.298690 -325.283569 -371.127407 -418.686302 -472.880136 -528.762430 -575.686073 -594.300152 -597.326619 -594.597271 -601.806298 -610.774121 -616.017111 -616.192183 -617.243230 -619.073312 -618.304684 -616.407486 -613.433736 -611.589846 -613.032054 -615.016384 -616.586313 -619.611771 -619.165975 -616.235772 -9999.0 -9999.0 -9999.0 -9999.0 -9999.0 -9999.0
-9999.0 -9999.0 -9999.0 -9999.0 -631.021635 -630.197560 -632.614199 -631.240883 -630.127204 -629.262539 -629.138523 -627.539848 -627.013687 -625.830740 -623.303563 -621.125895 -617.421338 -614.500949 -606.459328 -589.022121 -569.467903 -554.748850 -542.563905 -472.482258 -408.610768 -367.316206 -350.664273 -323.767845 -274.732868 -148.171443 -154.056172 -114.886938 -98.900569 -76.492875 -34.092158 -8.259260 -21.013611 -26.386763 -25.577752 -18.365892 4.831385 5.147150 6.176973 5.943478 7.931774 9.943278 -8.444220 -39.211772 -48.624516 -97.610903 -73.315920 -133.397111 -243.272785 -281.296633 -306.556867 -349.288236 -408.476114 -433.737435 -501.170724 -551.334333 -583.316360 -592.597961 -601.041152 -605.418639 -610.797105 -610.028952 -608.741703 -611.439314 -614.873249 -618.080482 -618.583281 -619.974890 -621.399273 -617.703560 -616.284139 -612.094908 -9999.0 -9999.0 -9999.0 -9999.0
-9999.0 -9999.0 -631.231793 -631.054184 -628.762718 -630.086897 -630.811245 -631.948931 -631.417082 -629.146213 -624.608565 -622.368920 -619.009837 -617.159348 -609.397718 -588.804580 -557.409409 -521.787323 -449.611277 -393.674034 -340.613333 -297.258485 -219.052982 -168.426334 -127.011273 -77.813069 -56.153325 -73.948674 -15.181687 9.702048 34.370719 51.387488 54.881390 50.900437 47.698863 46.158304 44.423496 41.199221 24.709245 22.196255 29.307996 31.547970 34.866609 22.874660 19.008895 31.501347 33.456516 33.888394 35.696446 45.189144 54.955067 27.056587 -25.218702 -71.650425 -37.383642 -75.923000 -140.869322 -239.916666 -268.417851 -308.517651 -382.715138 -424.481304 -480.209274 -539.921750 -573.890327 -586.844123 -598.626847 -605.588420 -611.708581 -617.087292 -618.785794 -619.833542 -619.200047 -619.651656 -617.666646 -616.089545 -613.820649 -612.923789 -9999.0 -9999.0
-9999.0 -631.875889 -632.527189 -628.361286 -627.480328 -626.450000 -624.897208 -623.569425 -622.358553 -623.952860 -611.314384 -583.342861 -547.389815 -527.163277 -461.287878 -366.319740 -202.095011 -190.092377 -145.002955 -142.826046 -58.595720 -33.210702 1.039287 33.286422 54.824718 50.411648 47.439923 46.859817 37.513209 29.953024 20.028930 27.766893 27.505378 12.278505 1.608793 0.951011 -4.892729 -24.640920 -50.293746 -61.876391 -55.927756 -36.072720 -45.254409 -65.773891 -69.148037 -50.332685 -34.388884 -44.069307 -54.005547 -73.711035 -9.554461 5.843835 21.894725 36.361728 55.565370 34.170646 1.968723 -32.134275 -48.299674 -68.434240 -182.715188 -249.083344 -302.064421 -365.650155 -418.993858 -486.792425 -551.349607 -580.255705 -598.131397 -604.512544 -608.424387 -615.854122 -617.877809 -616.485993 -617.470753 -617.591701 -616.689303 -615.971742 -9999.0 -9999.0
-9999.0 -635.320923 -631.613887 -626.981950 -620.903719 -619.391222 -597.769404 -574.662152 -563.497331 -576.600099 -493.063330 -196.756365 -136.002765 -136.895792 -86.734643 -19.139794 20.740550 41.488806 54.492911 46.467009 38.365762 41.228145 36.731773 28.062236 15.352233 7.343977 7.590794 5.658466 -10.247756 -26.431931 -41.027168 -75.784067 -54.516921 -86.923345 -126.921536 -144.493370 -201.601769 -231.138287 -266.886671 -292.869232 -304.660233 -283.838426 -295.102528 -314.569009 -318.410433 -293.961381 -261.170379 -268.570418 -265.333602 -243.499442 -197.261363 -106.283234 -85.901199 -93.428134 -29.146192 6.353252 24.792881 44.182979 49.617131 26.243132 -9.853015 -88.598794 -80.760703 -197.308909 -273.976463 -353.376376 -403.538854 -441.170873 -508.229928 -551.390743 -576.995832 -594.914869 -606.774445 -609.648288 -615.038200 -616.128835 -9999.0 -9999.0 -9999.0 -9999.0
-9999.0 -635.165105 -631.398364 -622.457354 -599.266742 -556.786109 -411.824726 -278.458784 -109.301410 -152.851166 -26.963745 41.790045 48.812785 32.455350 5.823508 2.230297 11.077432 12.997504 9.925244 0.912001 -7.614434 -43.363652 -13.303810 -22.325891 -33.613174 -47.609140 -57.672117 -67.638554 -159.837189 -197.837185 -225.838367 -240.675336 -272.795976 -356.248122 -390.448317 -411.506398 -464.921900 -482.287903 -500.145643 -531.255497 -545.390945 -553.458082 -542.734184 -545.404841 -546.274025 -538.905975 -518.871298 -500.999619 -452.803228 -420.097454 -387.930970 -338.442856 -304.812952 -261.498404 -208.114011 -99.450582 -72.601411 -45.810896 -8.860118 26.732056 46.698001 39.600207 11.372414 -21.145021 -76.771733 -203.869206 -259.743279 -331.784466 -385.154730 -418.813232 -443.307031 -492.473975 -556.902844 -592.463894 -600.680585 -9999.0 -9999.0 -9999.0 -9999.0 -9999.0
-9999.0 -639.504715 -630.719832 -623.206879 -580.756463 -395.545534 -305.214889 -36.296097 15.235024 -53.463053 -158.075309 -70.110093 -36.957396 -37.959660 -62.903650 -77.095342 -77.511532 -77.479135 -65.628621 -106.798451 -182.233393 -200.500011 -201.474409 -214.119933 -235.501362 -253.805363 -267.920301 -288.960421 -342.780881 -384.275695 -435.513936 -462.470306 -537.292544 -575.592717 -590.284812 -601.546059 -611.419016 -611.331511 -608.447705 -611.224460 -614.103806 -617.004275 -613.526684 -611.890501 -610.326211 -612.177196 -611.509829 -606.402854 -597.322459 -586.675229 -567.740694 -531.216729 -480.069794 -423.935907 -396.954817 -346.279481 -300.229791 -253.118863 -177.528416 -53.239213 -26.357066 1.997136 37.457425 55.405241 18.685940 -16.198622 -75.553615 -202.738765 -305.621418 -347.919198 -363.317219 -382.698465 -418.686626 -9999.0 -9999.0 -9999.0 -9999.0 -9999.0 -9999.0 -9999.0
-9999.0 -642.541775 -632.884081 -630.504704 -617.192419 -585.127861 -503.222105 -392.061651 -220.015761 -345.337909 -359.612831 -333.387799 -303.403554 -282.127133 -305.901057 -339.685958 -362.423491 -359.233418 -358.255155 -380.075141 -405.108520 -415.293011 -415.772928 -422.760772 -451.377624 -473.452592 -488.144785 -514.095260 -546.863499 -574.388677 -599.576235 -610.333704 -617.529781 -620.167514 -622.020285 -623.908895 -627.282704 -625.583309 -624.184130 -624.592157 -625.692216 -626.501343 -624.065037 -623.171438 -622.377501 -624.585476 -623.014383 -621.457429 -618.016188 -614.352729 -608.943380 -600.553012 -588.834060 -578.937954 -570.908372 -552.610914 -512.884092 -440.993626 -372.986103 -277.552453 -203.978835 -110.783783 -92.772506 -24.058663 -5.610821 0.070709 8.051343 -18.931571 -278.152904 -313.785215 -316.242309 -9999.0 -9999.0 -9999.0 -9999.0 -9999.0 -9999.0 -9999.0 -9999.0 -9999.0
-9999.0 -9999.0 -644.124650 -639.867860 -635.714762 -631.641256 -625.943481 -618.425316 -612.414117 -604.365843 -590.811358 -572.613403 -557.720453 -549.511896 -560.162809 -577.872716 -586.608546 -586.073030 -588.251382 -592.520590 -599.523302 -601.977377 -603.586262 -604.898469 -607.772998 -609.019875 -609.570000 -610.685582 -613.038917 -617.885820 -622.108584 -624.927912 -627.891224 -627.920081 -628.455053 -629.492782 -628.849219 -629.008285 -628.729496 -628.881215 -628.708741 -628.285652 -627.693174 -626.927153 -626.862091 -626.674236 -626.349493 -625.438507 -624.018677 -622.122557 -618.465060 -612.978985 -608.544686 -607.361105 -609.503910 -608.664633 -605.208372 -596.486839 -563.613356 -478.295230 -398.203192 -332.917836 -262.542279 -215.350965 -199.256385 -166.258855 -61.757266 -213.211702 -365.667362 -355.071659 -9999.0 -9999.0 -9999.0 -9999.0 -9999.0 -9999.0 -9999.0 -9999.0 -9999.0 -9999.0
-9999.0 -9999.0 -9999.0 -9999.0 -645.220874 -639.771596 -634.894993 -635.220043 -631.661802 -629.499043 -627.285902 -624.522902 -622.252200 -620.697582 -622.724895 -623.452526 -623.960968 -623.650819 -624.051021 -624.666360 -625.044359 -625.389381 -625.663913 -626.122779 -626.025737 -625.680952 -625.595828 -626.351979 -626.415542 -627.978547 -628.368229 -629.289357 -630.177099 -631.114186 -630.989372 -631.149591 -630.784006 -631.176754 -630.541475 -630.931401 -630.456878 -630.216009 -629.590734 -628.607412 -628.948649 -628.375950 -628.305663 -627.499486 -627.083745 -624.888808 -621.273130 -616.957774 -613.913347 -613.991789 -617.721008 -619.254534 -620.018152 -617.537220 -612.997103 -602.803216 -572.662136 -520.567151 -439.492812 -401.189318 -374.972670 -332.880081 -292.303807 -284.525250 -9999.0 -9999.0 -9999.0 -9999.0 -9999.0 -9999.0 -9999.0 -9999.0 -9999.0 -9999.0 -9999.0 -9999.0
-9999.0 -9999.0 -9999.0 -9999.0 -9999.0 -9999.0 -643.275285 -640.732723 -641.215084 -639.519255 -638.033644 -636.717827 -634.560135 -634.931856 -634.474576 -632.808943 -633.127050 -633.935670 -634.926507 -633.447935 -632.889811 -632.727921 -634.386350 -633.962931 -633.837776 -633.174490 -633.241871 -632.992102 -634.478418 -632.906416 -632.193907 -632.575034 -632.946515 -632.690875 -633.085484 -632.028745 -631.905367 -632.754001 -632.963940 -631.742168 -631.389446 -631.539367 -631.245987 -630.345799 -629.049953 -628.846041 -629.397576 -630.133946 -628.683089 -625.428074 -621.619684 -618.097834 -615.714719 -614.933719 -618.106726 -622.201215 -624.181745 -624.342820 -622.506170 -618.928377 -610.303493 -603.594614 -597.325545 -589.337310 -578.853917 -512.222329 -9999.0 -9999.0 -9999.0 -9999.0 -9999.0 -9999.0 -9999.0 -9999.0 -9999.0 -9999.0 -9999.0 -9999.0 -9999.0 -9999.0
-9999.0 -9999.0 -9999.0 -9999.0 -9999.0 -9999.0 -9999.0 -9999.0 -9999.0 -9999.0 -9999.0 -9999.0 -9999.0 -9999.0 -9999.0 -9999.0 -9999.0 -9999.0 -9999.0 -9999.0 -9999.0 -9999.0 -9999.0 -9999.0 -9999.0 -9999.0 -9999.0 -9999.0 -9999.0 -9999.0 -9999.0 -9999.0 -9999.0 -9999.0 -9999.0 -9999.0 -9999.0 -9999.0 -9999.0 -9999.0 -9999.0 -9999.0 -9999.0 -9999.0 -9999.0 -9999.0 -9999.0 -9999.0 -9999.0 -9999.0 -9999.0 -9999.0 -9999.0 -9999.0 -9999.0 -9999.0 -9999.0 -9999.0 -9999.0 -9999.0 -9999.0 -9999.0 -9999.0 -9999.0 -9999.0 -9999.0 -9999.0 -9999.0 -9999.0 -9999.0 -9999.0 -9999.0 -9999.0 -9999.0 -9999.0 -9999.0 -9999.0 -9999.0 -9999.0 -9999.0
-9999.0 -9999.0 -9999.0 -9999.0 -9999.0 -9999.0 -9999.0 -9999.0 -9999.0 -9999.0 -9999.0 -9999.0 -9999.0 -9999.0 -9999.0 -9999.0 -9999.0 -9999.0 -9999.0 -9999.0 -9999.0 -9999.0 -9999.0 -9999.0 -9999.0 -9999.0 -9999.0 -9999.0 -9999.0 -9999.0 -9999.0 -9999.0 -9999.0 -9999.0 -9999.0 -9999.0 -9999.0 -9999.0 -9999.0 -9999.0 -9999.0 -9999.0 -9999.0 -9999.0 -9999.0 -9999.0 -9999.0 -9999.0 -9999.0 -9999.0 -9999.0 -9999.0 -9999.0 -9999.0 -9999.0 -9999.0 -9999.0 -9999.0 -9999.0 -9999.0 -9999.0 -9999.0 -9999.0 -9999.0 -9999.0 -9999.0 -9999.0 -9999.0 -9999.0 -9999.0 -9999.0 -9999.0 -9999.0 -9999.0 -9999.0 -9999.0 -9999.0 -9999.0 -9999.0 -9999.0