Borden_/Borden1m_014/output_maps/psiliqL0009N0025.asc
ncols         80
nrows         18
xllcorner     620200.000000
yllcorner     5168000.000000
cellsize      1.000000
NODATA_value  -9999.0
-9999.0 -9999.0 -9999.0 -9999.0 -9999.0 -9999.0 -9999.0 -9999.0 -9999.0 -9999.0 -9999.0 -9999.0 -9999.0 -9999.0 -9999.0 -9999.0 -9999.0 -9999.0 -9999.0 -9999.0 -9999.0 -9999.0 -9999.0 -9999.0 -9999.0 -9999.0 -9999.0 -9999.0 -9999.0 -9999.0 -9999.0 -9999.0 -9999.0 -9999.0 -9999.0 -9999.0 -9999.0 -9999.0 -9999.0 -9999.0 -9999.0 -9999.0 -9999.0 -9999.0 -9999.0 -9999.0 -9999.0 -9999.0 -9999.0 -9999.0 -9999.0 -9999.0 -9999.0 -9999.0 -9999.0 -9999.0 -9999.0 -9999.0 -9999.0 -9999.0 -9999.0 -9999.0 -9999.0 -9999.0 -9999.0 -9999.0 -9999.0 -9999.0 -9999.0 -9999.0 -9999.0 -9999.0 -9999.0 -9999.0 -9999.0 -9999.0 -9999.0 -9999.0 -9999.0 -9999.0
-9999.0 -9999.0 -9999.0 -9999.0 -9999.0 -9999.0 -9999.0 -9999.0 -9999.0 -9999.0 -9999.0 -9999.0 -9999.0 -9999.0 -9999.0 -9999.0 -9999.0 -9999.0 -9999.0 -9999.0 -9999.0 -9999.0 -9999.0 -9999.0 -9999.0 -9999.0 -9999.0 -9999.0 -9999.0 -9999.0 -9999.0 -9999.0 -9999.0 -9999.0 -9999.0 -9999.0 -9999.0 -9999.0 -9999.0 -9999.0 -9999.0 -9999.0 -9999.0 -9999.0 -9999.0 -9999.0 -9999.0 -9999.0 -9999.0 -9999.0 -9999.0 -9999.0 -9999.0 -9999.0 -9999.0 -9999.0 -9999.0 -9999.0 -9999.0 -9999.0 -9999.0 -9999.0 -9999.0 -9999.0 -9999.0 -9999.0 -9999.0 -9999.0 -9999.0 -9999.0 -9999.0 -9999.0 -9999.0 -9999.0 -9999.0 -9999.0 -9999.0 -9999.0 -9999.0 -9999.0
-9999.0 -9999.0 -9999.0 -9999.0 -9999.0 -9999.0 -9999.0 -9999.0 -9999.0 -9999.0 -9999.0 -9999.0 -9999.0 -9999.0 -9999.0 -9999.0 -9999.0 -9999.0 -9999.0 -9999.0 -66.352313 -63.326732 -85.817630 -119.626415 -147.840741 -145.648756 -110.362510 -68.905975 -30.526637 -19.604007 -37.196185 -35.205789 -39.792935 -39.662687 -36.323628 -29.916713 -26.827767 -15.098588 -6.250151 -6.112253 -11.922804 -17.244428 -17.866351 -14.174417 -9.179293 -18.799727 -5.628798 9.411257 15.251412 9.327317 -18.923633 -35.528549 -44.490948 -59.707122 -35.753952 -23.692941 -1.004910 3.032653 1.465739 -25.815872 -56.027910 -9999.0 -9999.0 -9999.0 -9999.0 -9999.0 -9999.0 -9999.0 -9999.0 -9999.0 -9999.0 -9999.0 -9999.0 -9999.0 -9999.0 -9999.0 -9999.0 -9999.0 -9999.0 -9999.0
-9999.0 -9999.0 -9999.0 -9999.0 -9999.0 -9999.0 -9999.0 -9999.0 -9999.0 -9999.0 -9999.0 -9999.0 -9999.0 -9999.0 -157.300357 -167.351702 -170.257984 -161.567459 -127.542203 -97.346599 -84.729071 -92.144630 -91.982112 -115.247349 -135.183475 -120.683910 -90.816941 -58.730414 -23.454361 -1.865022 -13.602721 -15.548342 -4.227625 24.211762 39.745292 37.710012 16.573468 39.725372 56.861785 67.489207 67.627170 59.785363 75.451188 92.662855 85.873386 66.952258 69.109299 80.118857 93.910100 76.881687 9.784909 -12.777724 -17.482893 -25.318217 -39.734980 -46.925221 -22.496603 -22.009298 -30.622389 -48.887993 -81.372379 -125.507480 -143.608314 -105.204851 -60.967763 -3.111480 -9999.0 -9999.0 -9999.0 -9999.0 -9999.0 -9999.0 -9999.0 -9999.0 -9999.0 -9999.0 -9999.0 -9999.0 -9999.0 -9999.0
-9999.0 -9999.0 -9999.0 -9999.0 -9999.0 -9999.0 -9999.0 -9999.0 -9999.0 -214.587389 -210.848563 -203.721154 -201.838671 -186.134174 -187.882734 -180.799048 -172.788613 -146.209096 -114.705492 -79.191572 -49.913572 -59.244181 -58.197151 -45.304132 -37.754254 -23.803526 -1.413404 41.594517 87.870038 133.767025 107.535231 107.329981 129.333046 182.273676 223.845805 235.941813 214.852039 219.521141 248.326654 278.250376 282.359644 283.096408 313.077619 330.226476 335.753088 311.443741 286.596825 282.151316 308.763895 248.645585 176.311091 117.864488 114.576652 78.574019 33.677254 9.286043 5.033998 25.832790 9.291907 -29.376735 -66.676329 -76.902936 -93.972485 -77.894954 -55.536562 -8.739077 29.819415 58.385599 58.452538 41.032182 -9999.0 -9999.0 -9999.0 -9999.0 -9999.0 -9999.0 -9999.0 -9999.0 -9999.0 -9999.0
-9999.0 -9999.0 -9999.0 -9999.0 -9999.0 -9999.0 -293.148986 -284.341524 -264.654740 -259.272473 -234.846771 -227.297217 -206.659057 -187.083322 -166.029766 -148.566680 -117.022265 -83.473854 -40.648510 5.199797 39.691552 37.445410 50.678355 89.291021 137.284989 173.082148 201.358330 248.315667 342.763530 399.002834 417.717988 427.467253 439.907409 483.976582 547.146730 572.447204 542.971283 525.077866 543.332238 582.770990 606.884908 612.356392 621.966345 631.212415 656.268637 644.358871 588.567678 565.645410 558.855095 545.564010 492.626157 431.236988 381.037703 318.239412 221.610470 156.655310 154.250313 167.009725 131.119337 72.333918 26.321460 13.551633 -2.804503 -18.170513 -13.613644 5.173696 28.005648 39.080646 26.353720 5.578344 -17.533393 -46.341422 -44.683413 -19.303682 -9999.0 -9999.0 -9999.0 -9999.0 -9999.0 -9999.0
-9999.0 -9999.0 -9999.0 -9999.0 -342.780839 -330.433220 -342.231483 -318.578110 -286.650520 -253.378093 -220.829861 -183.071801 -155.330929 -124.638174 -81.693529 -42.043976 4.566781 44.027425 105.238560 181.091616 240.999701 275.716363 302.393240 378.411065 447.691169 498.783144 518.365932 546.033651 593.792184 668.753289 700.071921 709.296503 726.138835 753.355282 798.492677 832.639999 814.245130 806.923613 810.675714 821.603276 848.837150 851.630977 853.818443 855.212661 857.917558 856.671717 831.020716 797.152471 782.754613 774.767397 751.497382 685.568793 628.547316 591.923953 561.085807 514.727850 449.241431 423.174160 354.522390 283.352244 205.131326 173.987976 136.345724 104.972692 70.325604 68.379855 69.371612 48.226157 16.595421 -15.827524 -31.006187 -49.771203 -60.086516 -30.251924 -12.570326 18.372304 -9999.0 -9999.0 -9999.0 -9999.0
-9999.0 -9999.0 -400.903136 -351.116852 -295.253442 -286.710890 -284.703204 -279.581161 -252.389428 -201.037270 -121.340995 -66.648569 -19.148979 15.639824 81.600669 173.777388 262.276583 326.126984 398.314349 469.066593 529.025056 567.689746 601.981125 644.839482 695.037158 747.729713 774.591868 799.094292 828.498076 861.909734 883.282330 899.065702 905.659135 903.584502 905.955441 906.003412 901.874283 895.882900 877.721774 874.775745 882.553224 886.540039 889.452241 876.946519 873.024832 885.447126 887.240052 886.529295 886.969201 895.192517 903.046731 869.447633 819.879030 803.756677 794.498813 754.834647 693.094469 637.968647 609.488414 565.805788 489.424129 436.133828 375.659322 309.900418 241.973962 199.452159 145.273949 99.695467 51.747176 5.091926 -19.007014 -37.759836 -40.247277 -39.864648 -23.860991 -8.252031 7.172815 14.997922 -9999.0 -9999.0
-9999.0 -500.204419 -427.642721 -300.114510 -221.011606 -175.475676 -135.131757 -105.808128 -79.481751 -60.852080 53.331542 166.980313 269.732982 312.867641 378.877166 482.562116 586.287471 633.019981 669.723957 718.694985 771.966504 816.095170 845.761198 872.029376 900.833744 903.808843 904.008118 904.811094 898.658973 891.803973 882.567601 889.523282 887.125015 870.124569 856.182483 853.842217 847.266637 820.516438 791.189907 776.407780 779.572687 800.704334 790.108807 770.363358 766.856032 787.072518 804.320284 796.713674 785.804524 804.444953 838.993954 860.336798 874.747947 889.710668 909.823499 886.815284 855.081908 813.683704 792.714903 763.886435 699.324709 636.170029 580.299785 516.615542 449.832960 372.056948 293.093507 220.878833 147.420862 103.074910 69.156244 15.657030 -8.459166 -7.704679 -17.275766 -20.023383 -13.589002 -7.183299 -9999.0 -9999.0
-9999.0 -572.810292 -429.438493 -243.365503 -95.251014 -30.305629 91.855214 181.583704 215.662372 195.131514 325.697677 560.780267 649.509887 663.106993 729.248494 807.956487 844.109280 873.353294 892.550425 892.398140 892.448367 898.405840 896.068086 889.228911 875.701016 868.170526 867.006934 863.515222 844.105819 824.607508 807.191108 802.885923 786.553796 748.133763 717.875450 702.475352 684.751771 650.766692 610.316317 580.643335 565.959473 583.446116 574.506627 557.112692 553.679377 577.131814 611.119529 607.682705 615.789153 640.474318 683.434944 730.448783 754.558757 784.047519 820.103922 862.504164 880.810094 901.040345 906.070402 883.613664 841.030498 791.294788 756.447363 686.955521 613.385115 534.255401 472.264384 412.763496 334.727056 273.723407 214.522663 148.852479 85.830366 54.971018 14.073107 -7.348858 -9999.0 -9999.0 -9999.0 -9999.0
-9999.0 -639.955108 -448.737818 -182.906606 81.638416 222.111228 436.051194 571.681396 649.523093 696.557556 728.844830 842.466906 868.244672 859.480404 845.906755 847.407477 861.304892 865.242579 861.839875 852.112868 841.718303 837.497474 835.198095 825.934642 814.603940 799.691773 786.301016 771.289912 724.120494 689.267047 656.821894 639.514801 601.696749 513.996609 474.325381 443.076409 384.276074 368.960730 352.056337 315.062881 290.672919 272.057577 292.344476 292.662563 293.836734 303.941588 329.856533 355.268802 404.279503 444.474204 488.168528 541.068248 576.995120 622.863337 672.867727 736.423636 769.040253 799.235021 844.509899 884.605694 907.220000 898.364436 868.740470 825.699130 757.462867 684.266409 635.731812 567.289352 502.682538 449.850144 404.265044 343.202279 258.258221 149.464168 103.087996 -9999.0 -9999.0 -9999.0 -9999.0 -9999.0
-9999.0 -796.983946 -529.258460 -232.259548 103.009147 435.305437 553.459535 716.953514 792.319040 734.093890 711.427901 741.466308 781.224160 786.631336 766.649109 759.956214 751.923730 752.235868 764.910757 738.182793 701.169074 685.808782 683.874364 670.260594 646.009169 626.518372 611.450855 589.048292 537.827050 490.003238 415.951601 383.774117 297.251485 220.500150 169.115131 117.781912 62.796991 58.556763 72.479001 54.111513 30.467272 11.099473 36.871335 52.651183 63.921263 54.803224 65.262157 102.267646 154.331263 201.800934 259.102814 326.615884 384.178274 442.319944 477.502738 530.414611 578.687340 628.407753 703.853063 788.089534 824.233756 859.102419 894.677535 910.260813 863.348573 813.986640 765.024847 703.684681 614.869786 564.604363 537.548566 498.927673 443.576730 -9999.0 -9999.0 -9999.0 -9999.0 -9999.0 -9999.0 -9999.0
-9999.0 -930.152656 -699.750415 -452.995110 -152.284276 91.044235 288.635288 415.529512 506.311560 496.208767 505.838808 533.613872 563.381095 584.671690 562.819822 528.595699 503.966012 508.207838 507.495617 484.464246 455.609190 441.313336 439.302007 429.902137 399.393391 378.911009 363.377034 333.831199 287.276421 222.426035 134.847536 62.631165 -2.933060 -40.854222 -72.450573 -106.451264 -145.907881 -135.862775 -121.789003 -126.750296 -139.335760 -143.905479 -114.363754 -95.990244 -85.944431 -98.850237 -80.169979 -52.852022 -10.373348 32.523340 82.167914 139.382140 196.671781 232.533701 253.821032 291.922068 347.096919 415.880000 503.754833 601.661942 678.875841 735.538025 787.384904 819.522686 836.425274 855.984051 838.681420 764.989657 637.935275 619.782188 611.388778 -9999.0 -9999.0 -9999.0 -9999.0 -9999.0 -9999.0 -9999.0 -9999.0 -9999.0
-9999.0 -9999.0 -936.286229 -747.267954 -589.247626 -403.215568 -251.294529 -141.107742 -63.517123 28.153053 119.219166 196.838219 241.305226 259.948055 240.270734 197.688652 170.895474 170.777643 161.236522 146.945364 122.245321 112.384851 102.137150 93.201476 78.406276 69.537421 62.618535 49.464192 24.334810 -24.818426 -78.783405 -131.965965 -187.472385 -213.252160 -235.588186 -258.430680 -262.025595 -263.950119 -257.196044 -256.062675 -250.747785 -239.051674 -218.304505 -196.948760 -187.561402 -180.481463 -167.916529 -144.189933 -110.945836 -69.836675 -17.212692 39.095614 78.112478 91.169508 83.097557 91.416276 117.582611 168.786518 267.671893 376.049177 475.837132 549.331561 624.115597 677.441575 700.433212 727.468836 753.742416 698.173070 417.662039 561.043062 -9999.0 -9999.0 -9999.0 -9999.0 -9999.0 -9999.0 -9999.0 -9999.0 -9999.0 -9999.0
-9999.0 -9999.0 -9999.0 -9999.0 -890.448239 -734.022262 -640.666479 -558.814723 -437.478861 -327.619918 -235.620291 -158.882579 -105.648855 -82.011589 -93.052172 -98.348692 -106.519537 -110.350358 -119.042573 -124.464692 -130.109697 -138.202451 -149.977732 -157.907803 -158.955261 -155.744266 -158.143037 -171.631541 -188.039213 -215.412216 -239.562281 -274.945851 -312.074874 -341.313359 -354.371710 -361.245357 -360.963689 -366.470362 -356.883408 -350.483738 -335.587756 -320.147957 -296.159474 -267.899563 -255.359908 -241.220278 -231.557603 -210.762577 -180.787142 -128.089570 -66.081158 -10.398354 23.125266 26.228715 -0.372131 -16.495355 -19.441647 9.919388 60.513356 137.197686 250.875696 343.381391 421.570758 473.350021 509.194069 560.966152 621.257519 657.087386 -9999.0 -9999.0 -9999.0 -9999.0 -9999.0 -9999.0 -9999.0 -9999.0 -9999.0 -9999.0 -9999.0 -9999.0
-9999.0 -9999.0 -9999.0 -9999.0 -9999.0 -9999.0 -946.000344 -851.511020 -765.216278 -643.999079 -530.883978 -438.948262 -364.289860 -339.123676 -321.424771 -299.070110 -303.552737 -320.516890 -337.206555 -320.615100 -310.979007 -315.965706 -343.688610 -345.202403 -341.686458 -332.341403 -333.552644 -339.642645 -364.495194 -356.196247 -357.532223 -380.608317 -406.683439 -420.992419 -432.445282 -422.334239 -421.410314 -433.875097 -431.407028 -405.252417 -385.484117 -371.992678 -349.438015 -316.316182 -284.441587 -270.268305 -269.410709 -263.315237 -221.959633 -151.833206 -81.965130 -29.089210 1.089650 7.699509 -21.624183 -63.428892 -85.674044 -79.600157 -45.169711 9.302054 89.142542 144.134310 181.643400 208.674749 243.275998 354.134309 -9999.0 -9999.0 -9999.0 -9999.0 -9999.0 -9999.0 -9999.0 -9999.0 -9999.0 -9999.0 -9999.0 -9999.0 -9999.0 -9999.0
-9999.0 -9999.0 -9999.0 -9999.0 -9999.0 -9999.0 -9999.0 -9999.0 -9999.0 -9999.0 -9999.0 -9999.0 -9999.0 -9999.0 -9999.0 -9999.0 -9999.0 -9999.0 -9999.0 -9999.0 -9999.0 -9999.0 -9999.0 -9999.0 -9999.0 -9999.0 -9999.0 -9999.0 -9999.0 -9999.0 -9999.0 -9999.0 -9999.0 -9999.0 -9999.0 -9999.0 -9999.0 -9999.0 -9999.0 -9999.0 -9999.0 -9999.0 -9999.0 -9999.0 -9999.0 -9999.0 -9999.0 -9999.0 -9999.0 -9999.0 -9999.0 -9999.0 -9999.0 -9999.0 -9999.0 -9999.0 -9999.0 -9999.0 -9999.0 -9999.0 -9999.0 -9999.0 -9999.0 -9999.0 -9999.0 -9999.0 -9999.0 -9999.0 -9999.0 -9999.0 -9999.0 -9999.0 -9999.0 -9999.0 -9999.0 -9999.0 -9999.0 -9999.0 -9999.0 -9999.0
-9999.0 -9999.0 -9999.0 -9999.0 -9999.0 -9999.0 -9999.0 -9999.0 -9999.0 -9999.0 -9999.0 -9999.0 -9999.0 -9999.0 -9999.0 -9999.0 -9999.0 -9999.0 -9999.0 -9999.0 -9999.0 -9999.0 -9999.0 -9999.0 -9999.0 -9999.0 -9999.0 -9999.0 -9999.0 -9999.0 -9999.0 -9999.0 -9999.0 -9999.0 -9999.0 -9999.0 -9999.0 -9999.0 -9999.0 -9999.0 -9999.0 -9999.0 -9999.0 -9999.0 -9999.0 -9999.0 -9999.0 -9999.0 -9999.0 -9999.0 -9999.0 -9999.0 -9999.0 -9999.0 -9999.0 -9999.0 -9999.0 -9999.0 -9999.0 -9999.0 -9999.0 -9999.0 -9999.0 -9999.0 -9999.0 -9999.0 -9999.0 -9999.0 -9999.0 -9999.0 -9999.0 -9999.0 -9999.0 -9999.0 -9999.0 -9999.0 -9999.0 -9999.0 -9999.0 -9999.0