Borden_/Borden1m_014/output_maps/psiliqL0016N0030.asc
ncols         80
nrows         18
xllcorner     620200.000000
yllcorner     5168000.000000
cellsize      1.000000
NODATA_value  -9999.0
-9999.0 -9999.0 -9999.0 -9999.0 -9999.0 -9999.0 -9999.0 -9999.0 -9999.0 -9999.0 -9999.0 -9999.0 -9999.0 -9999.0 -9999.0 -9999.0 -9999.0 -9999.0 -9999.0 -9999.0 -9999.0 -9999.0 -9999.0 -9999.0 -9999.0 -9999.0 -9999.0 -9999.0 -9999.0 -9999.0 -9999.0 -9999.0 -9999.0 -9999.0 -9999.0 -9999.0 -9999.0 -9999.0 -9999.0 -9999.0 -9999.0 -9999.0 -9999.0 -9999.0 -9999.0 -9999.0 -9999.0 -9999.0 -9999.0 -9999.0 -9999.0 -9999.0 -9999.0 -9999.0 -9999.0 -9999.0 -9999.0 -9999.0 -9999.0 -9999.0 -9999.0 -9999.0 -9999.0 -9999.0 -9999.0 -9999.0 -9999.0 -9999.0 -9999.0 -9999.0 -9999.0 -9999.0 -9999.0 -9999.0 -9999.0 -9999.0 -9999.0 -9999.0 -9999.0 -9999.0
-9999.0 -9999.0 -9999.0 -9999.0 -9999.0 -9999.0 -9999.0 -9999.0 -9999.0 -9999.0 -9999.0 -9999.0 -9999.0 -9999.0 -9999.0 -9999.0 -9999.0 -9999.0 -9999.0 -9999.0 -9999.0 -9999.0 -9999.0 -9999.0 -9999.0 -9999.0 -9999.0 -9999.0 -9999.0 -9999.0 -9999.0 -9999.0 -9999.0 -9999.0 -9999.0 -9999.0 -9999.0 -9999.0 -9999.0 -9999.0 -9999.0 -9999.0 -9999.0 -9999.0 -9999.0 -9999.0 -9999.0 -9999.0 -9999.0 -9999.0 -9999.0 -9999.0 -9999.0 -9999.0 -9999.0 -9999.0 -9999.0 -9999.0 -9999.0 -9999.0 -9999.0 -9999.0 -9999.0 -9999.0 -9999.0 -9999.0 -9999.0 -9999.0 -9999.0 -9999.0 -9999.0 -9999.0 -9999.0 -9999.0 -9999.0 -9999.0 -9999.0 -9999.0 -9999.0 -9999.0
-9999.0 -9999.0 -9999.0 -9999.0 -9999.0 -9999.0 -9999.0 -9999.0 -9999.0 -9999.0 -9999.0 -9999.0 -9999.0 -9999.0 -9999.0 -9999.0 -9999.0 -9999.0 -9999.0 -9999.0 1350.570620 1353.402692 1332.343331 1299.815023 1273.219670 1276.901027 1312.837570 1355.726564 1396.112582 1407.432589 1391.053858 1395.313999 1392.129119 1391.481267 1394.545240 1402.433326 1407.947515 1419.746313 1428.962625 1429.484610 1424.481329 1420.498531 1421.915358 1424.917372 1430.084385 1417.697203 1430.628972 1444.343540 1447.614588 1440.800312 1412.174543 1395.068875 1384.007300 1366.230134 1388.877148 1398.601343 1419.469239 1421.875600 1418.554429 1390.357405 1359.501500 -9999.0 -9999.0 -9999.0 -9999.0 -9999.0 -9999.0 -9999.0 -9999.0 -9999.0 -9999.0 -9999.0 -9999.0 -9999.0 -9999.0 -9999.0 -9999.0 -9999.0 -9999.0 -9999.0
-9999.0 -9999.0 -9999.0 -9999.0 -9999.0 -9999.0 -9999.0 -9999.0 -9999.0 -9999.0 -9999.0 -9999.0 -9999.0 -9999.0 1256.761967 1248.206510 1246.705973 1256.309619 1290.994276 1322.205311 1334.544982 1328.128988 1329.499123 1307.239405 1287.883733 1303.374032 1334.948299 1368.393978 1404.833114 1426.571069 1417.189438 1416.610133 1427.284605 1452.735974 1465.692569 1463.746216 1445.304306 1469.818433 1486.333810 1495.614220 1496.422419 1489.130270 1502.108602 1517.661632 1510.335459 1492.543612 1497.252917 1507.935191 1517.868684 1502.895382 1438.022952 1417.643990 1411.001971 1402.245291 1385.998767 1377.898447 1401.704752 1399.721175 1389.816189 1370.395819 1336.375146 1291.299766 1271.514310 1309.057787 1351.404469 1407.316668 -9999.0 -9999.0 -9999.0 -9999.0 -9999.0 -9999.0 -9999.0 -9999.0 -9999.0 -9999.0 -9999.0 -9999.0 -9999.0 -9999.0
-9999.0 -9999.0 -9999.0 -9999.0 -9999.0 -9999.0 -9999.0 -9999.0 -9999.0 1195.430649 1201.042743 1209.535950 1213.320061 1230.260202 1228.752108 1237.227996 1245.377895 1274.049780 1306.434146 1342.716356 1372.503568 1365.135285 1367.149525 1378.055674 1381.889378 1395.169814 1418.840194 1461.203919 1502.045681 1544.335743 1517.200171 1516.443308 1536.830281 1583.882745 1615.892721 1622.740247 1605.220855 1616.124648 1642.337278 1665.263295 1666.468824 1665.252598 1691.082867 1705.325462 1704.699451 1683.250617 1670.774564 1670.109087 1693.582726 1640.283933 1572.326281 1521.962355 1525.362454 1494.385179 1456.079534 1435.028860 1430.457504 1448.622316 1431.887020 1393.064180 1355.364447 1342.485078 1323.359187 1339.211329 1359.710544 1404.174772 1441.448380 1468.357760 1466.302151 1447.760270 -9999.0 -9999.0 -9999.0 -9999.0 -9999.0 -9999.0 -9999.0 -9999.0 -9999.0 -9999.0
-9999.0 -9999.0 -9999.0 -9999.0 -9999.0 -9999.0 1114.733840 1125.301322 1146.838877 1152.317512 1179.230781 1187.859279 1209.949015 1230.727855 1254.162706 1272.046165 1303.378203 1337.910600 1380.068339 1424.406881 1458.030741 1454.280862 1466.400933 1497.298817 1536.253440 1565.607397 1592.576444 1634.863282 1712.923908 1756.543996 1763.745287 1769.729612 1780.447610 1829.874387 1893.947803 1908.634383 1888.817834 1875.281302 1897.069742 1935.024788 1941.982921 1944.718199 1956.582579 1966.485166 1991.740788 1980.722834 1939.554373 1924.384630 1921.375847 1902.340114 1838.986363 1775.250127 1741.397624 1689.980244 1605.222864 1550.208408 1556.860990 1573.794893 1542.962990 1486.940540 1444.449647 1431.881126 1414.818705 1399.933463 1404.559642 1421.718919 1441.744538 1450.902137 1435.916720 1413.069990 1388.944109 1359.016176 1359.972755 1384.462572 -9999.0 -9999.0 -9999.0 -9999.0 -9999.0 -9999.0
-9999.0 -9999.0 -9999.0 -9999.0 1063.429977 1077.190773 1065.727217 1092.314585 1126.434730 1162.204072 1195.322565 1233.516993 1262.507601 1294.693372 1336.534961 1371.780458 1415.007145 1452.450633 1508.643124 1578.375635 1631.275977 1656.621728 1673.868477 1733.039314 1794.879310 1847.772909 1870.087795 1899.442714 1945.571202 2007.197784 2035.321064 2042.716342 2060.778072 2097.256352 2145.567102 2179.271171 2162.923630 2155.519686 2162.713683 2175.773374 2200.708429 2203.240822 2205.782342 2208.544914 2212.950329 2210.820469 2184.776402 2149.851651 2134.143240 2123.298288 2091.869866 2021.871352 1981.470971 1949.600189 1913.087820 1859.581409 1796.337781 1780.788463 1721.980860 1662.404707 1598.759885 1575.762146 1543.509209 1516.085564 1485.239880 1484.737865 1485.567465 1462.481463 1427.668760 1393.399909 1376.752177 1356.676085 1344.514290 1373.751639 1390.570069 1420.240293 -9999.0 -9999.0 -9999.0 -9999.0
-9999.0 -9999.0 1002.590441 1051.478650 1109.509103 1119.308234 1120.463746 1127.848806 1158.171974 1212.225393 1288.310636 1339.329339 1382.665610 1419.098805 1480.730161 1560.506029 1633.985184 1684.657678 1746.583382 1818.213639 1881.842682 1916.832931 1935.661289 1975.923135 2030.484639 2093.340475 2120.986312 2148.540766 2181.414763 2216.754404 2226.862519 2241.074662 2250.195422 2254.386312 2261.172375 2263.454737 2258.548595 2252.776213 2234.147379 2230.408985 2237.975619 2244.286573 2245.831933 2232.489984 2228.416843 2241.627927 2245.052667 2243.148374 2241.553689 2247.958173 2250.211302 2209.829978 2173.896225 2157.157543 2145.274556 2099.822315 2034.219826 1992.169881 1967.759564 1923.182543 1844.385583 1792.521183 1741.058563 1691.464138 1637.571657 1605.028594 1556.123582 1510.986269 1461.916510 1413.618730 1388.465001 1369.305184 1365.800102 1364.620056 1379.960479 1394.495187 1409.228594 1416.685250 -9999.0 -9999.0
-9999.0 898.192664 970.813215 1097.238520 1178.255864 1223.541364 1254.477426 1277.440371 1308.291678 1337.821708 1442.756467 1529.331539 1621.849126 1662.070823 1714.291829 1812.810007 1908.882744 1956.507002 1996.288595 2054.338041 2116.067272 2165.049006 2194.974098 2203.639273 2238.717418 2254.118224 2258.067172 2262.277478 2259.577782 2252.264070 2244.043958 2250.280680 2246.360227 2227.050898 2210.563583 2206.882083 2200.500677 2175.055894 2145.397069 2129.784604 2131.947284 2155.243182 2143.077008 2122.464703 2118.736587 2140.046789 2159.967892 2151.433200 2139.942469 2158.580343 2193.999762 2217.038743 2226.604960 2243.393778 2263.990910 2237.944257 2209.853241 2167.046857 2146.272101 2116.072318 2056.440306 1994.265091 1938.393565 1876.685494 1809.058087 1740.284040 1675.200235 1611.327198 1543.087610 1500.208229 1467.885880 1417.250207 1395.991317 1396.975358 1387.359711 1383.542222 1388.690627 1394.586317 -9999.0 -9999.0
-9999.0 815.795861 958.116108 1142.495953 1291.493887 1349.897189 1448.810829 1527.298383 1556.491022 1528.141359 1637.346420 1857.034270 1963.329737 1983.344814 2057.202760 2147.380653 2164.243188 2197.762112 2221.097226 2233.819469 2244.337593 2255.778719 2255.331888 2250.640704 2236.416386 2228.625150 2226.934243 2223.375310 2204.828890 2184.546445 2165.887286 2160.544605 2140.595818 2094.879159 2060.812743 2042.371782 2024.603587 2003.993343 1970.676435 1943.082782 1927.462121 1942.317735 1936.115618 1919.792628 1916.166516 1938.223329 1970.773352 1967.890075 1977.476998 2000.277395 2040.768954 2081.430879 2105.006207 2136.226588 2174.232986 2219.842105 2235.249183 2257.066275 2261.002959 2242.420405 2196.902156 2142.804454 2106.571573 2041.918438 1967.403705 1887.054519 1819.913115 1755.255065 1684.243886 1637.041646 1589.868426 1532.542765 1479.106006 1456.775809 1416.831473 1396.836210 -9999.0 -9999.0 -9999.0 -9999.0
-9999.0 733.988900 921.204753 1177.616865 1456.608910 1564.435322 1769.120710 1897.186852 1954.478355 2023.999804 1992.860257 2147.975732 2190.579103 2188.547976 2191.146103 2196.895796 2213.775280 2218.075106 2215.399868 2206.139657 2197.692485 2194.144686 2193.105565 2185.522439 2172.901772 2157.189286 2142.580030 2128.104750 2088.632667 2053.887332 2016.137324 2000.000797 1959.070512 1866.524385 1823.042741 1785.810751 1727.891387 1721.488957 1715.862844 1687.194104 1667.150990 1645.552718 1668.133417 1673.393158 1676.282044 1679.296358 1696.117238 1721.350913 1767.186773 1804.670715 1849.822212 1903.130639 1939.016377 1983.470996 2030.426493 2087.371126 2121.539951 2153.688948 2202.404675 2241.786746 2264.774098 2252.201636 2223.710421 2174.445469 2100.264765 2030.411764 1977.046069 1900.461307 1834.129734 1780.890054 1735.560105 1685.741728 1621.840551 1544.627442 1502.896984 -9999.0 -9999.0 -9999.0 -9999.0 -9999.0
-9999.0 549.158712 816.391935 1101.905924 1411.736245 1741.678764 1880.139263 2005.705284 2078.040238 2047.728272 2057.345996 2078.140707 2121.484351 2131.960414 2114.158869 2106.381167 2095.490436 2096.177552 2109.552460 2083.539189 2054.073048 2040.628804 2040.035545 2027.963907 2004.105876 1986.485153 1973.349458 1951.518639 1902.342563 1849.978884 1767.156692 1735.349653 1658.252389 1602.875764 1558.427721 1508.455640 1457.705163 1456.303803 1473.429241 1458.618548 1436.130820 1417.659074 1444.499974 1462.765325 1475.401790 1464.080221 1473.606459 1510.123755 1560.258746 1605.190652 1656.022822 1711.684847 1759.091801 1807.532696 1840.325313 1891.440176 1940.472536 1988.350631 2063.015903 2142.748944 2180.633252 2215.228204 2246.086070 2258.984447 2203.419750 2149.408266 2091.675465 2024.567929 1940.788876 1893.751056 1869.751991 1830.569863 1776.476393 -9999.0 -9999.0 -9999.0 -9999.0 -9999.0 -9999.0 -9999.0
-9999.0 424.447716 640.354477 865.722248 1146.652228 1384.143477 1582.638515 1690.284827 1769.556113 1809.279418 1846.820243 1882.743821 1914.774201 1939.145962 1919.218974 1880.496036 1852.412518 1857.019808 1852.558946 1829.019834 1799.536323 1784.536505 1781.680737 1774.411722 1749.712214 1734.752925 1723.176919 1699.492602 1665.185015 1608.580188 1529.005120 1455.834532 1394.820165 1363.285521 1333.588529 1300.911796 1265.607244 1275.469192 1287.592169 1284.013136 1273.579663 1270.774346 1299.892579 1319.073236 1329.372593 1318.197573 1337.768341 1364.761529 1406.742381 1450.476765 1500.384393 1556.434726 1611.123359 1641.310156 1656.142541 1682.680046 1723.288956 1778.250711 1865.014957 1959.993513 2038.217338 2086.999680 2137.053391 2169.183454 2179.740258 2185.526535 2154.284627 2068.048620 1956.281591 1945.659719 1945.250600 -9999.0 -9999.0 -9999.0 -9999.0 -9999.0 -9999.0 -9999.0 -9999.0 -9999.0
-9999.0 -9999.0 407.852251 583.044122 717.672014 896.331849 1046.545912 1157.067603 1247.223998 1362.582757 1468.831311 1553.667443 1598.878327 1617.181449 1603.595248 1571.010443 1550.130616 1550.187751 1539.947418 1529.249991 1509.236485 1501.095967 1489.655319 1481.057912 1470.779234 1464.808688 1458.775353 1446.581720 1423.819119 1376.517009 1327.915882 1276.506173 1223.181040 1197.391969 1175.247469 1153.580891 1152.120394 1147.948042 1153.367088 1154.759150 1161.593261 1174.167195 1194.250303 1216.322377 1226.214505 1235.260722 1247.991223 1272.004732 1305.445759 1348.186239 1402.687497 1461.049348 1501.638194 1515.294503 1506.708281 1512.901983 1534.446652 1578.176181 1659.966985 1744.686925 1840.193600 1911.256864 1981.661607 2032.085958 2045.705158 2056.742323 2064.809629 2002.076749 1807.950981 1886.000190 -9999.0 -9999.0 -9999.0 -9999.0 -9999.0 -9999.0 -9999.0 -9999.0 -9999.0 -9999.0
-9999.0 -9999.0 -9999.0 -9999.0 442.142975 596.727303 693.983844 777.528736 906.462386 1026.567856 1126.470415 1209.392143 1271.148409 1297.650557 1293.379317 1298.543512 1293.968831 1287.952875 1278.268142 1277.033824 1275.615351 1267.974998 1253.643015 1245.983876 1246.452447 1250.843264 1247.756920 1233.518012 1215.221296 1192.138513 1171.359379 1136.703988 1100.497971 1071.046750 1057.629946 1051.691323 1051.295390 1044.299436 1052.926154 1060.137768 1075.274768 1090.474191 1114.235526 1143.226250 1157.005757 1171.857424 1181.755090 1202.486079 1233.139114 1286.821588 1350.588777 1408.821305 1445.179339 1450.232019 1426.295290 1411.662860 1408.989484 1437.980717 1484.151819 1552.598120 1655.024768 1728.624150 1785.991788 1829.810697 1860.006039 1901.784732 1944.839456 1970.852200 -9999.0 -9999.0 -9999.0 -9999.0 -9999.0 -9999.0 -9999.0 -9999.0 -9999.0 -9999.0 -9999.0 -9999.0
-9999.0 -9999.0 -9999.0 -9999.0 -9999.0 -9999.0 401.168487 502.469397 583.121150 720.529510 849.671683 950.110011 1029.861426 1061.181008 1086.992856 1113.452791 1111.525163 1093.337988 1074.484892 1092.966587 1106.356611 1100.401032 1070.456452 1069.779489 1074.237712 1082.218613 1079.715495 1072.923265 1047.465356 1058.329168 1058.507114 1034.938060 1008.623226 994.486565 982.460087 991.930560 992.070606 978.450545 979.080473 1005.753761 1025.927048 1039.065773 1060.915341 1094.131487 1126.496119 1141.725079 1143.192783 1149.477275 1189.780122 1260.242567 1332.102523 1387.767979 1420.587552 1429.152068 1402.473033 1363.035833 1343.315296 1351.250268 1386.968121 1440.640025 1517.362945 1567.238444 1593.712590 1607.430519 1625.513812 1714.710456 -9999.0 -9999.0 -9999.0 -9999.0 -9999.0 -9999.0 -9999.0 -9999.0 -9999.0 -9999.0 -9999.0 -9999.0 -9999.0 -9999.0
-9999.0 -9999.0 -9999.0 -9999.0 -9999.0 -9999.0 -9999.0 -9999.0 -9999.0 -9999.0 -9999.0 -9999.0 -9999.0 -9999.0 -9999.0 -9999.0 -9999.0 -9999.0 -9999.0 -9999.0 -9999.0 -9999.0 -9999.0 -9999.0 -9999.0 -9999.0 -9999.0 -9999.0 -9999.0 -9999.0 -9999.0 -9999.0 -9999.0 -9999.0 -9999.0 -9999.0 -9999.0 -9999.0 -9999.0 -9999.0 -9999.0 -9999.0 -9999.0 -9999.0 -9999.0 -9999.0 -9999.0 -9999.0 -9999.0 -9999.0 -9999.0 -9999.0 -9999.0 -9999.0 -9999.0 -9999.0 -9999.0 -9999.0 -9999.0 -9999.0 -9999.0 -9999.0 -9999.0 -9999.0 -9999.0 -9999.0 -9999.0 -9999.0 -9999.0 -9999.0 -9999.0 -9999.0 -9999.0 -9999.0 -9999.0 -9999.0 -9999.0 -9999.0 -9999.0 -9999.0
-9999.0 -9999.0 -9999.0 -9999.0 -9999.0 -9999.0 -9999.0 -9999.0 -9999.0 -9999.0 -9999.0 -9999.0 -9999.0 -9999.0 -9999.0 -9999.0 -9999.0 -9999.0 -9999.0 -9999.0 -9999.0 -9999.0 -9999.0 -9999.0 -9999.0 -9999.0 -9999.0 -9999.0 -9999.0 -9999.0 -9999.0 -9999.0 -9999.0 -9999.0 -9999.0 -9999.0 -9999.0 -9999.0 -9999.0 -9999.0 -9999.0 -9999.0 -9999.0 -9999.0 -9999.0 -9999.0 -9999.0 -9999.0 -9999.0 -9999.0 -9999.0 -9999.0 -9999.0 -9999.0 -9999.0 -9999.0 -9999.0 -9999.0 -9999.0 -9999.0 -9999.0 -9999.0 -9999.0 -9999.0 -9999.0 -9999.0 -9999.0 -9999.0 -9999.0 -9999.0 -9999.0 -9999.0 -9999.0 -9999.0 -9999.0 -9999.0 -9999.0 -9999.0 -9999.0 -9999.0