Borden_/Borden1m_014/output_maps/psiliqL0003N0009.asc
ncols         80
nrows         18
xllcorner     620200.000000
yllcorner     5168000.000000
cellsize      1.000000
NODATA_value  -9999.0
-9999.0 -9999.0 -9999.0 -9999.0 -9999.0 -9999.0 -9999.0 -9999.0 -9999.0 -9999.0 -9999.0 -9999.0 -9999.0 -9999.0 -9999.0 -9999.0 -9999.0 -9999.0 -9999.0 -9999.0 -9999.0 -9999.0 -9999.0 -9999.0 -9999.0 -9999.0 -9999.0 -9999.0 -9999.0 -9999.0 -9999.0 -9999.0 -9999.0 -9999.0 -9999.0 -9999.0 -9999.0 -9999.0 -9999.0 -9999.0 -9999.0 -9999.0 -9999.0 -9999.0 -9999.0 -9999.0 -9999.0 -9999.0 -9999.0 -9999.0 -9999.0 -9999.0 -9999.0 -9999.0 -9999.0 -9999.0 -9999.0 -9999.0 -9999.0 -9999.0 -9999.0 -9999.0 -9999.0 -9999.0 -9999.0 -9999.0 -9999.0 -9999.0 -9999.0 -9999.0 -9999.0 -9999.0 -9999.0 -9999.0 -9999.0 -9999.0 -9999.0 -9999.0 -9999.0 -9999.0
-9999.0 -9999.0 -9999.0 -9999.0 -9999.0 -9999.0 -9999.0 -9999.0 -9999.0 -9999.0 -9999.0 -9999.0 -9999.0 -9999.0 -9999.0 -9999.0 -9999.0 -9999.0 -9999.0 -9999.0 -9999.0 -9999.0 -9999.0 -9999.0 -9999.0 -9999.0 -9999.0 -9999.0 -9999.0 -9999.0 -9999.0 -9999.0 -9999.0 -9999.0 -9999.0 -9999.0 -9999.0 -9999.0 -9999.0 -9999.0 -9999.0 -9999.0 -9999.0 -9999.0 -9999.0 -9999.0 -9999.0 -9999.0 -9999.0 -9999.0 -9999.0 -9999.0 -9999.0 -9999.0 -9999.0 -9999.0 -9999.0 -9999.0 -9999.0 -9999.0 -9999.0 -9999.0 -9999.0 -9999.0 -9999.0 -9999.0 -9999.0 -9999.0 -9999.0 -9999.0 -9999.0 -9999.0 -9999.0 -9999.0 -9999.0 -9999.0 -9999.0 -9999.0 -9999.0 -9999.0
-9999.0 -9999.0 -9999.0 -9999.0 -9999.0 -9999.0 -9999.0 -9999.0 -9999.0 -9999.0 -9999.0 -9999.0 -9999.0 -9999.0 -9999.0 -9999.0 -9999.0 -9999.0 -9999.0 -9999.0 -607.569991 -605.236408 -610.562422 -616.827975 -622.191214 -622.808029 -616.792094 -609.922592 -602.267334 -600.780732 -606.775130 -605.300835 -607.641362 -609.007530 -609.124004 -607.405697 -606.524490 -604.114860 -602.578508 -603.287554 -605.133283 -606.436013 -607.539461 -607.150127 -605.078045 -607.988441 -603.820323 -599.762097 -598.364480 -598.426479 -603.921655 -606.241428 -607.140912 -611.897873 -603.372852 -600.868410 -594.694425 -594.066367 -593.015107 -599.927194 -606.911807 -9999.0 -9999.0 -9999.0 -9999.0 -9999.0 -9999.0 -9999.0 -9999.0 -9999.0 -9999.0 -9999.0 -9999.0 -9999.0 -9999.0 -9999.0 -9999.0 -9999.0 -9999.0 -9999.0
-9999.0 -9999.0 -9999.0 -9999.0 -9999.0 -9999.0 -9999.0 -9999.0 -9999.0 -9999.0 -9999.0 -9999.0 -9999.0 -9999.0 -618.093221 -621.033673 -622.398806 -623.176435 -617.730536 -613.457905 -613.188637 -616.192981 -613.814435 -619.796280 -625.180123 -621.942707 -617.242774 -613.347014 -607.153190 -602.578886 -606.752050 -607.796019 -605.534717 -597.735757 -594.356860 -595.970218 -605.161793 -596.435481 -592.053595 -589.279663 -589.641469 -593.726874 -588.139761 -581.677186 -584.974078 -591.857591 -590.299669 -586.354977 -580.158726 -583.359877 -605.557069 -607.854733 -606.735906 -606.319736 -609.531572 -611.780965 -603.150516 -604.307292 -605.733407 -607.409006 -612.657700 -621.211557 -625.063486 -616.155078 -608.297356 -593.078394 -9999.0 -9999.0 -9999.0 -9999.0 -9999.0 -9999.0 -9999.0 -9999.0 -9999.0 -9999.0 -9999.0 -9999.0 -9999.0 -9999.0
-9999.0 -9999.0 -9999.0 -9999.0 -9999.0 -9999.0 -9999.0 -9999.0 -9999.0 -623.381511 -624.121638 -623.260125 -625.153463 -622.490504 -626.782185 -625.722916 -626.471107 -622.637023 -619.487194 -614.269927 -607.598485 -612.383309 -613.025395 -609.648723 -609.370506 -608.134414 -605.139124 -594.554132 -583.069242 -566.195383 -581.159737 -582.119649 -575.466689 -553.328936 -529.454505 -522.683295 -534.685043 -536.147575 -520.816725 -503.999000 -504.847428 -506.249120 -492.104590 -484.630206 -478.983137 -489.842123 -502.113778 -505.240129 -488.738193 -519.632767 -554.916824 -579.084804 -574.391117 -585.320027 -597.968959 -602.816376 -604.440982 -594.908873 -598.514536 -607.435282 -614.922771 -612.824970 -617.048285 -612.826473 -609.802833 -598.061801 -587.816818 -578.249623 -577.813651 -583.844827 -9999.0 -9999.0 -9999.0 -9999.0 -9999.0 -9999.0 -9999.0 -9999.0 -9999.0 -9999.0
-9999.0 -9999.0 -9999.0 -9999.0 -9999.0 -9999.0 -629.180165 -629.447203 -627.627984 -632.916862 -628.953017 -631.518680 -628.638447 -627.319290 -625.330462 -625.164380 -620.471608 -616.275663 -609.374413 -600.551949 -592.607171 -596.856850 -594.784019 -584.033992 -567.299878 -553.593508 -542.823160 -522.236328 -475.208212 -446.248916 -434.629201 -430.368251 -422.188432 -345.763566 -3.504600 27.745695 26.864266 25.642326 26.956668 29.509385 29.475850 29.206119 29.595664 29.921559 32.293084 31.956164 29.114375 28.428782 27.833058 10.571816 -294.311667 -423.203724 -456.426002 -485.140350 -529.331940 -563.163748 -564.483531 -555.357413 -567.486456 -586.324354 -598.090130 -598.038240 -600.381054 -604.776949 -602.535547 -597.790526 -590.708401 -586.342129 -589.669123 -594.310765 -597.914353 -605.536429 -604.331807 -597.005850 -9999.0 -9999.0 -9999.0 -9999.0 -9999.0 -9999.0
-9999.0 -9999.0 -9999.0 -9999.0 -637.780509 -635.212122 -642.789884 -638.367758 -634.896567 -632.199665 -631.999681 -627.486491 -626.131163 -622.875015 -616.244931 -611.349591 -602.497650 -595.838924 -578.902017 -550.847309 -523.296849 -505.653740 -498.417181 -459.818532 -405.921374 -288.868914 -13.022189 26.028704 28.661130 32.741684 34.252172 34.360588 35.772793 39.334210 46.891679 50.637726 49.289241 49.148531 49.312850 49.429169 51.413221 51.035444 51.065435 50.893717 50.953248 51.650749 50.214142 48.005221 47.328724 46.295796 41.069853 33.897318 31.226302 29.851638 27.949094 -22.825052 -405.069295 -431.532695 -470.793791 -502.554317 -544.086671 -554.035461 -566.544878 -574.552017 -585.779250 -583.480017 -580.188214 -586.130487 -594.116843 -601.845506 -602.922510 -606.408006 -610.270055 -600.655989 -597.262520 -587.307651 -9999.0 -9999.0 -9999.0 -9999.0
-9999.0 -9999.0 -638.653998 -638.175638 -631.020446 -635.109793 -637.694717 -641.250418 -639.568221 -632.682827 -620.230981 -615.086607 -607.024396 -602.584064 -585.383750 -551.737526 -509.804067 -483.457308 -447.207409 -375.061069 -22.610390 26.956156 28.196822 30.412215 34.367069 40.469560 45.684972 47.955745 49.354095 50.864394 70.112654 84.179149 89.265997 83.779258 83.401709 81.055313 80.343231 76.782990 61.065270 58.865210 65.577791 67.380935 70.869672 58.908708 55.256761 67.488722 69.702098 71.035636 73.226014 81.531376 90.374236 62.810651 48.422566 48.195068 48.446156 44.573061 35.208004 31.765108 30.821051 18.743090 -302.675498 -418.510913 -461.598015 -497.656328 -526.502535 -540.277374 -560.352793 -573.916090 -587.079366 -599.743023 -603.761131 -606.206350 -604.450622 -605.746840 -600.647326 -596.832930 -591.316266 -589.238043 -9999.0 -9999.0
-9999.0 -641.490197 -643.372091 -630.538715 -627.915109 -625.238723 -622.396103 -619.793213 -616.390469 -620.084146 -589.656546 -542.650301 -497.318118 -485.517316 -454.659441 -330.049783 -1.316307 29.127107 31.851332 36.442014 44.939043 48.818900 50.299526 67.803493 89.230738 85.620898 82.115288 81.389341 72.889687 65.424405 55.422816 63.255430 62.167664 50.715996 49.378078 49.642750 49.769952 48.444157 46.949611 46.397784 46.873593 48.853908 47.910309 46.417959 46.095154 47.529278 48.679075 47.811803 46.563633 47.631059 49.875449 51.125486 60.791238 74.603976 93.342918 72.189296 50.712467 47.966196 47.355936 45.556609 38.337862 32.706358 28.305006 -34.585558 -406.989950 -468.302822 -505.181406 -532.478004 -560.278593 -572.384816 -580.203508 -597.136566 -601.650801 -597.908131 -600.218669 -600.504876 -598.289276 -596.553218 -9999.0 -9999.0
-9999.0 -653.828694 -641.863566 -627.805274 -611.010373 -609.011130 -569.417448 -524.620154 -513.639624 -530.430448 -469.145364 -9.655702 31.555477 31.459358 36.405029 43.681513 53.153479 75.027194 87.574504 79.708510 73.336023 75.427225 70.310421 61.794796 50.541203 49.967990 50.460547 50.695133 49.593456 48.277486 47.058241 47.395337 46.590032 43.184957 36.456258 34.731836 34.129953 33.213111 31.122652 29.641118 28.703557 30.748003 29.853646 28.462354 28.032993 29.620041 32.172110 31.041301 31.207411 32.690710 36.419308 43.260620 45.066274 46.602167 48.494571 51.400827 62.302087 81.633329 87.306455 63.503982 49.761268 46.644292 45.645346 41.405245 31.624589 -18.173192 -362.018031 -427.751750 -473.940248 -503.771768 -528.766628 -554.460552 -577.227909 -582.449453 -594.812298 -596.910342 -9999.0 -9999.0 -9999.0 -9999.0
-9999.0 -655.326894 -643.425322 -617.681839 -562.191134 -510.841254 -282.801149 25.480202 32.521543 37.604629 40.372578 77.209421 84.180479 68.401448 50.350401 49.382820 50.321386 50.538902 49.584538 48.872142 48.598258 48.634591 48.706387 48.341732 47.868074 47.260265 46.791129 46.591136 43.782496 37.918023 33.824534 33.034989 30.308445 -39.652290 -376.653128 -413.552073 -454.534178 -458.319875 -467.409351 -486.897026 -496.889963 -503.256866 -494.005160 -497.662974 -498.890532 -492.131728 -478.303380 -470.529738 -445.185252 -417.916807 -356.229544 -12.819533 28.091887 31.713322 35.433679 43.668015 45.944883 47.341687 49.959909 63.816565 83.732387 76.982183 51.998349 49.587844 45.385747 41.409874 35.308115 29.611650 -5.367721 -303.071299 -409.562453 -463.115101 -506.832310 -548.440309 -563.631137 -9999.0 -9999.0 -9999.0 -9999.0 -9999.0
-9999.0 -673.506041 -644.395998 -622.866285 -536.930180 -71.743631 24.238317 40.443392 65.254646 45.220207 43.773162 45.097776 47.868409 47.785962 46.049770 45.900960 44.404712 41.673124 42.071141 38.253968 35.523322 34.627296 34.982349 34.284588 32.761107 31.879185 31.403860 30.059795 -0.317615 -307.641767 -434.970189 -446.242922 -490.315985 -532.942630 -553.846788 -571.604520 -590.075470 -589.396379 -582.263585 -588.168950 -594.829983 -601.886907 -593.263828 -589.250463 -585.513813 -590.100133 -588.795334 -577.513236 -559.963304 -544.022318 -521.905835 -491.521996 -463.140230 -423.663113 -380.623399 -24.230369 28.136113 31.712565 38.602090 46.920827 48.468280 50.844090 77.503723 95.173355 58.221586 48.942183 46.883635 45.061903 40.588666 34.447039 30.123743 -14.951215 -379.228017 -9999.0 -9999.0 -9999.0 -9999.0 -9999.0 -9999.0 -9999.0
-9999.0 -683.114249 -652.245958 -646.969053 -610.287763 -546.527972 -466.463573 -374.258951 -6.762487 24.126453 26.226458 27.896827 29.612913 31.268756 29.380303 26.071246 -3.742474 -174.105263 -220.569267 -344.811052 -395.981653 -413.470317 -412.931396 -419.449080 -442.347139 -454.082115 -460.978202 -475.314860 -499.298145 -529.931472 -565.991155 -587.703985 -604.024848 -609.963463 -614.370025 -619.104276 -628.162672 -623.123359 -619.266940 -620.194101 -623.037907 -625.142944 -618.255981 -615.755767 -613.602744 -619.614446 -615.262202 -611.296462 -602.644153 -593.876472 -581.774124 -564.581698 -543.664754 -531.227884 -524.734031 -507.821090 -479.997310 -441.125583 -278.847939 26.047408 35.854335 43.036656 46.875386 48.900635 49.949891 61.359323 68.849339 49.425951 42.451244 43.548609 43.435345 -9999.0 -9999.0 -9999.0 -9999.0 -9999.0 -9999.0 -9999.0 -9999.0 -9999.0
-9999.0 -9999.0 -690.175163 -677.088265 -665.853591 -653.477343 -636.601159 -621.485366 -609.443618 -587.775881 -556.921757 -524.661750 -505.465010 -497.246252 -508.669255 -534.246415 -551.052523 -549.816659 -553.372244 -559.576221 -570.207960 -572.685450 -575.413968 -577.338294 -582.229128 -584.414646 -585.387563 -587.578231 -592.630742 -604.146500 -614.261901 -621.622512 -629.825514 -629.749761 -631.173394 -634.032386 -631.722494 -632.337331 -631.547888 -631.895853 -631.149668 -629.738112 -628.026972 -625.696740 -625.484408 -624.775972 -623.910777 -621.401452 -617.587533 -612.538259 -603.159114 -589.918697 -580.017823 -577.667031 -582.817716 -581.454464 -574.659937 -559.587219 -518.853644 -462.505164 -373.220036 -18.263467 31.165782 36.428067 41.908144 44.423522 47.062945 45.547347 29.580239 39.689745 -9999.0 -9999.0 -9999.0 -9999.0 -9999.0 -9999.0 -9999.0 -9999.0 -9999.0 -9999.0
-9999.0 -9999.0 -9999.0 -9999.0 -696.115709 -677.453068 -660.831717 -662.020176 -649.550347 -641.407596 -633.826808 -625.133636 -618.049960 -613.684000 -618.679664 -619.671103 -620.713756 -620.060866 -621.249077 -622.476282 -622.969754 -623.825490 -624.823822 -626.073104 -625.532963 -624.298476 -623.994888 -626.138498 -626.344912 -630.325126 -630.933540 -633.482783 -635.969288 -638.778849 -638.318942 -638.589358 -637.428375 -638.721465 -636.772046 -637.793982 -636.227876 -635.452582 -633.516710 -630.433494 -631.325177 -629.569959 -629.402444 -627.108883 -625.950781 -619.750977 -609.997780 -599.017799 -591.685827 -591.966791 -601.098518 -605.055759 -607.336068 -601.404123 -591.421249 -570.712113 -527.081633 -486.199891 -438.267045 -380.495080 -36.879903 28.023604 39.313269 42.792577 -9999.0 -9999.0 -9999.0 -9999.0 -9999.0 -9999.0 -9999.0 -9999.0 -9999.0 -9999.0 -9999.0 -9999.0
-9999.0 -9999.0 -9999.0 -9999.0 -9999.0 -9999.0 -688.034513 -678.585273 -681.146847 -673.361456 -666.269876 -660.725035 -652.987201 -653.466047 -651.088538 -645.388613 -646.126923 -648.880918 -652.335375 -647.351230 -645.072625 -644.656479 -650.186714 -648.687611 -648.051028 -645.965004 -646.180491 -645.339720 -649.981973 -644.500918 -641.899650 -643.037927 -644.151434 -643.222091 -644.409399 -641.032319 -640.631840 -643.362078 -644.157872 -640.154369 -638.913134 -639.346500 -638.443546 -635.592047 -631.582243 -630.875208 -632.526115 -634.803805 -630.635931 -621.240377 -610.798983 -601.715478 -595.869729 -593.994115 -601.765376 -612.451823 -617.910706 -618.610570 -613.999365 -605.283663 -585.390809 -571.925099 -562.139576 -554.225311 -542.255738 -480.393963 -9999.0 -9999.0 -9999.0 -9999.0 -9999.0 -9999.0 -9999.0 -9999.0 -9999.0 -9999.0 -9999.0 -9999.0 -9999.0 -9999.0
-9999.0 -9999.0 -9999.0 -9999.0 -9999.0 -9999.0 -9999.0 -9999.0 -9999.0 -9999.0 -9999.0 -9999.0 -9999.0 -9999.0 -9999.0 -9999.0 -9999.0 -9999.0 -9999.0 -9999.0 -9999.0 -9999.0 -9999.0 -9999.0 -9999.0 -9999.0 -9999.0 -9999.0 -9999.0 -9999.0 -9999.0 -9999.0 -9999.0 -9999.0 -9999.0 -9999.0 -9999.0 -9999.0 -9999.0 -9999.0 -9999.0 -9999.0 -9999.0 -9999.0 -9999.0 -9999.0 -9999.0 -9999.0 -9999.0 -9999.0 -9999.0 -9999.0 -9999.0 -9999.0 -9999.0 -9999.0 -9999.0 -9999.0 -9999.0 -9999.0 -9999.0 -9999.0 -9999.0 -9999.0 -9999.0 -9999.0 -9999.0 -9999.0 -9999.0 -9999.0 -9999.0 -9999.0 -9999.0 -9999.0 -9999.0 -9999.0 -9999.0 -9999.0 -9999.0 -9999.0
-9999.0 -9999.0 -9999.0 -9999.0 -9999.0 -9999.0 -9999.0 -9999.0 -9999.0 -9999.0 -9999.0 -9999.0 -9999.0 -9999.0 -9999.0 -9999.0 -9999.0 -9999.0 -9999.0 -9999.0 -9999.0 -9999.0 -9999.0 -9999.0 -9999.0 -9999.0 -9999.0 -9999.0 -9999.0 -9999.0 -9999.0 -9999.0 -9999.0 -9999.0 -9999.0 -9999.0 -9999.0 -9999.0 -9999.0 -9999.0 -9999.0 -9999.0 -9999.0 -9999.0 -9999.0 -9999.0 -9999.0 -9999.0 -9999.0 -9999.0 -9999.0 -9999.0 -9999.0 -9999.0 -9999.0 -9999.0 -9999.0 -9999.0 -9999.0 -9999.0 -9999.0 -9999.0 -9999.0 -9999.0 -9999.0 -9999.0 -9999.0 -9999.0 -9999.0 -9999.0 -9999.0 -9999.0 -9999.0 -9999.0 -9999.0 -9999.0 -9999.0 -9999.0 -9999.0 -9999.0