Borden_/Borden1m_014/output_maps/psiliqL0005N0034.asc
ncols         80
nrows         18
xllcorner     620200.000000
yllcorner     5168000.000000
cellsize      1.000000
NODATA_value  -9999.0
-9999.0 -9999.0 -9999.0 -9999.0 -9999.0 -9999.0 -9999.0 -9999.0 -9999.0 -9999.0 -9999.0 -9999.0 -9999.0 -9999.0 -9999.0 -9999.0 -9999.0 -9999.0 -9999.0 -9999.0 -9999.0 -9999.0 -9999.0 -9999.0 -9999.0 -9999.0 -9999.0 -9999.0 -9999.0 -9999.0 -9999.0 -9999.0 -9999.0 -9999.0 -9999.0 -9999.0 -9999.0 -9999.0 -9999.0 -9999.0 -9999.0 -9999.0 -9999.0 -9999.0 -9999.0 -9999.0 -9999.0 -9999.0 -9999.0 -9999.0 -9999.0 -9999.0 -9999.0 -9999.0 -9999.0 -9999.0 -9999.0 -9999.0 -9999.0 -9999.0 -9999.0 -9999.0 -9999.0 -9999.0 -9999.0 -9999.0 -9999.0 -9999.0 -9999.0 -9999.0 -9999.0 -9999.0 -9999.0 -9999.0 -9999.0 -9999.0 -9999.0 -9999.0 -9999.0 -9999.0
-9999.0 -9999.0 -9999.0 -9999.0 -9999.0 -9999.0 -9999.0 -9999.0 -9999.0 -9999.0 -9999.0 -9999.0 -9999.0 -9999.0 -9999.0 -9999.0 -9999.0 -9999.0 -9999.0 -9999.0 -9999.0 -9999.0 -9999.0 -9999.0 -9999.0 -9999.0 -9999.0 -9999.0 -9999.0 -9999.0 -9999.0 -9999.0 -9999.0 -9999.0 -9999.0 -9999.0 -9999.0 -9999.0 -9999.0 -9999.0 -9999.0 -9999.0 -9999.0 -9999.0 -9999.0 -9999.0 -9999.0 -9999.0 -9999.0 -9999.0 -9999.0 -9999.0 -9999.0 -9999.0 -9999.0 -9999.0 -9999.0 -9999.0 -9999.0 -9999.0 -9999.0 -9999.0 -9999.0 -9999.0 -9999.0 -9999.0 -9999.0 -9999.0 -9999.0 -9999.0 -9999.0 -9999.0 -9999.0 -9999.0 -9999.0 -9999.0 -9999.0 -9999.0 -9999.0 -9999.0
-9999.0 -9999.0 -9999.0 -9999.0 -9999.0 -9999.0 -9999.0 -9999.0 -9999.0 -9999.0 -9999.0 -9999.0 -9999.0 -9999.0 -9999.0 -9999.0 -9999.0 -9999.0 -9999.0 -9999.0 -695.894500 -691.851865 -708.773538 -731.412729 -749.981837 -750.274578 -728.376111 -701.939983 -675.283872 -668.338172 -684.054867 -682.225969 -687.550186 -688.981295 -687.544144 -682.934428 -681.000651 -672.414617 -666.316843 -667.124617 -672.330380 -676.872279 -678.989237 -676.604271 -671.967493 -679.126988 -667.755062 -655.232612 -649.934977 -652.769916 -672.982444 -683.554887 -688.301812 -700.162633 -678.556437 -668.982340 -650.125938 -646.762885 -646.112180 -667.329507 -689.949929 -9999.0 -9999.0 -9999.0 -9999.0 -9999.0 -9999.0 -9999.0 -9999.0 -9999.0 -9999.0 -9999.0 -9999.0 -9999.0 -9999.0 -9999.0 -9999.0 -9999.0 -9999.0 -9999.0
-9999.0 -9999.0 -9999.0 -9999.0 -9999.0 -9999.0 -9999.0 -9999.0 -9999.0 -9999.0 -9999.0 -9999.0 -9999.0 -9999.0 -746.511294 -754.447139 -757.644863 -755.821765 -735.632614 -717.809649 -711.728464 -718.923762 -716.471805 -734.315469 -749.787691 -740.004593 -721.690591 -702.586158 -678.862454 -663.409603 -674.900399 -677.719650 -669.798110 -646.562507 -634.506149 -637.545548 -658.584746 -637.893648 -624.041821 -615.293069 -616.312586 -625.061700 -610.550718 -594.668339 -601.224356 -618.363882 -615.949371 -605.542010 -590.235550 -603.484082 -661.820380 -676.195548 -676.182085 -678.884600 -688.530952 -693.921075 -671.936797 -671.930711 -677.410337 -688.218475 -709.459180 -739.210818 -751.273758 -723.590061 -693.255207 -646.847075 -9999.0 -9999.0 -9999.0 -9999.0 -9999.0 -9999.0 -9999.0 -9999.0 -9999.0 -9999.0 -9999.0 -9999.0 -9999.0 -9999.0
-9999.0 -9999.0 -9999.0 -9999.0 -9999.0 -9999.0 -9999.0 -9999.0 -9999.0 -772.298106 -772.586606 -769.285410 -771.850351 -763.031738 -770.005304 -766.313341 -764.666146 -749.992671 -733.456934 -711.654216 -690.506832 -701.087115 -701.991640 -692.314788 -688.199537 -680.152325 -666.189197 -633.341741 -595.934302 -554.354629 -583.371650 -584.981198 -565.495942 -507.324431 -455.772055 -440.369790 -465.965905 -464.304026 -430.394186 -393.294343 -389.975193 -391.047979 -356.721558 -339.076865 -330.253415 -354.597404 -385.673006 -391.254183 -358.247575 -428.265305 -509.283638 -573.052844 -573.288722 -603.697373 -641.359358 -659.251159 -662.183174 -640.114467 -651.731948 -680.582951 -706.901419 -708.665448 -720.785786 -708.123442 -693.102232 -655.634042 -623.677982 -597.651157 -596.521343 -611.840551 -9999.0 -9999.0 -9999.0 -9999.0 -9999.0 -9999.0 -9999.0 -9999.0 -9999.0 -9999.0
-9999.0 -9999.0 -9999.0 -9999.0 -9999.0 -9999.0 -801.149168 -799.912408 -792.463286 -800.224327 -787.430590 -789.541679 -778.992513 -770.865188 -761.180985 -754.714208 -736.180768 -716.999532 -689.275549 -656.799380 -630.767766 -636.618128 -628.759498 -596.031751 -548.425864 -508.730819 -480.787578 -431.101346 -325.376438 -266.171848 -244.181197 -234.337101 -223.038591 -187.380047 -130.225980 -111.170966 -132.718565 -148.821101 -129.468166 -84.983701 -23.243556 -19.264807 -12.452531 -5.075736 20.671822 12.640588 -78.315368 -108.596378 -118.847461 -130.288831 -177.889917 -229.523193 -284.895262 -348.428881 -456.651764 -528.202409 -536.849745 -523.501379 -556.848410 -607.185124 -643.738474 -649.600655 -659.479868 -671.109277 -665.612878 -649.512207 -628.608753 -617.315388 -626.928676 -642.557627 -658.690468 -681.353004 -679.001275 -657.790278 -9999.0 -9999.0 -9999.0 -9999.0 -9999.0 -9999.0
-9999.0 -9999.0 -9999.0 -9999.0 -826.614931 -819.577058 -836.269129 -823.494112 -810.501193 -798.021866 -788.710156 -769.969285 -758.486751 -742.642510 -716.223071 -691.647407 -658.703238 -631.579819 -580.970340 -505.026959 -436.529421 -395.645296 -367.785179 -284.550783 -217.594714 -173.665079 -156.688303 -129.466875 -79.530843 26.466395 53.047884 61.428489 78.850059 84.296258 143.266495 174.537633 159.008954 150.631995 156.169318 165.450349 191.542421 192.809994 194.169993 194.359975 196.480575 197.447445 174.121235 140.720710 131.381015 124.232360 104.762110 42.598137 -47.141125 -85.350446 -112.682826 -156.270724 -217.256625 -243.883748 -314.096376 -387.260701 -480.801226 -515.707856 -552.023015 -576.939007 -605.945823 -603.194114 -597.937889 -614.021533 -638.169126 -662.896909 -671.660484 -684.593460 -693.264502 -667.463803 -654.040457 -626.734798 -9999.0 -9999.0 -9999.0 -9999.0
-9999.0 -9999.0 -837.023500 -828.618752 -804.804247 -810.400880 -814.504848 -819.684602 -809.830798 -783.657039 -736.772118 -706.286125 -673.446014 -652.104758 -599.467122 -507.742209 -406.778229 -337.613984 -261.823835 -200.793823 -146.052768 -102.803015 -38.442055 6.479080 52.119667 101.639564 122.141471 144.361246 169.053725 197.855012 222.100559 238.662526 243.655426 237.651032 237.777256 236.599472 234.186089 229.207259 213.153248 211.179781 218.705824 221.399724 224.731121 212.405643 208.634792 221.038485 222.509512 222.390874 224.847427 232.764650 242.650085 213.001990 159.708872 147.089950 142.785416 104.365672 40.690538 -42.333218 -71.513604 -112.843463 -188.121795 -233.669241 -292.762973 -363.221710 -444.111648 -489.748947 -539.674466 -576.409573 -614.162578 -650.884953 -667.093842 -678.968980 -677.788664 -678.011950 -663.871943 -651.014869 -636.821082 -630.206591 -9999.0 -9999.0
-9999.0 -853.093617 -850.057218 -804.398380 -780.418699 -761.881269 -741.542056 -725.065549 -710.441630 -708.988712 -616.852395 -498.261202 -386.423661 -345.938263 -274.971992 -175.574766 -35.863648 2.812673 30.809128 72.413177 119.645513 160.205074 186.858866 218.743338 243.035932 239.911027 236.960241 236.455590 228.188626 220.904827 210.329468 218.514862 217.272414 202.051439 189.800902 188.408828 184.688470 157.896449 133.078553 120.986400 125.921702 146.896857 136.765676 116.797354 113.077231 132.745354 147.934555 139.194074 128.528547 144.353267 175.947767 194.591865 210.863116 224.596958 244.828105 222.720213 189.947455 151.824577 135.569539 109.857417 15.162033 -50.576032 -104.351990 -168.265199 -225.781693 -299.325929 -383.451809 -464.595938 -535.935523 -570.925456 -596.324326 -641.516619 -658.572647 -653.434433 -660.285078 -661.456381 -655.206125 -649.727205 -9999.0 -9999.0
-9999.0 -886.598844 -846.752728 -785.093867 -708.742835 -674.014705 -557.212598 -467.178695 -434.741063 -465.696621 -312.580888 -38.130868 31.847081 36.223397 90.817760 160.419071 202.194757 225.989179 240.615317 233.229098 227.575440 230.563148 226.668331 219.185061 205.690622 198.041608 197.591916 195.281974 176.745857 158.395411 125.068591 141.313663 128.293872 93.751291 61.099636 44.758309 17.892761 -31.090094 -69.698148 -96.854567 -109.457192 -89.358113 -100.140898 -119.238015 -123.015925 -98.737087 -65.598541 -72.030247 -67.523267 -44.408704 0.852690 74.255652 96.873895 122.774509 156.434651 195.519583 214.055185 233.387790 238.973249 215.580362 175.495819 129.006686 98.268890 0.927935 -75.116484 -154.878631 -208.443929 -253.550724 -327.291850 -389.647864 -457.956575 -525.299316 -582.573101 -603.746920 -637.237341 -651.343246 -9999.0 -9999.0 -9999.0 -9999.0
-9999.0 -894.078478 -851.755769 -747.743086 -565.405187 -415.090636 -222.015589 -85.448277 48.459994 40.430048 133.082305 217.607226 229.770032 215.180627 191.446895 188.832529 199.269760 201.659850 197.804347 187.840060 176.464900 172.824721 170.699432 164.123176 152.419895 137.637596 126.284887 113.295104 38.665881 1.255320 -28.649820 -43.131176 -76.796947 -161.617044 -197.246659 -221.222766 -277.925909 -295.142504 -313.527426 -350.999522 -375.514485 -393.450395 -371.610634 -374.895441 -375.649823 -362.869997 -334.883811 -313.262292 -263.723921 -227.946828 -192.071911 -141.303874 -107.122696 -62.947876 -10.210667 80.547249 110.570841 135.459645 177.541120 216.000220 237.042176 229.281121 200.284866 163.018709 101.432777 -4.706182 -59.718829 -131.910464 -188.322011 -226.967342 -257.526357 -312.356838 -402.908545 -518.060935 -556.686403 -9999.0 -9999.0 -9999.0 -9999.0 -9999.0
-9999.0 -946.466318 -861.355638 -768.008215 -507.762807 -209.280959 -110.742326 119.479870 185.242602 113.691208 39.633988 103.700095 139.042034 141.040725 117.183671 107.132079 102.258510 101.719197 113.820574 78.977676 16.837839 -1.196774 -3.359576 -15.230018 -37.604681 -56.284241 -70.608818 -92.104743 -145.881960 -189.006890 -247.294657 -276.240166 -363.589566 -457.721217 -513.964599 -563.406538 -613.765490 -614.985470 -600.702775 -616.839114 -636.001806 -653.336587 -631.010904 -619.147701 -609.962165 -619.180894 -612.339836 -581.997161 -535.659069 -490.342561 -425.573076 -348.381925 -289.980898 -231.386936 -201.615166 -149.944079 -103.387662 -55.900611 19.699931 128.398035 159.054921 190.672299 226.687446 243.886471 203.257658 160.175078 103.810676 -2.080153 -103.804365 -146.990834 -163.669298 -185.867110 -226.880465 -9999.0 -9999.0 -9999.0 -9999.0 -9999.0 -9999.0 -9999.0
-9999.0 -975.610916 -889.617289 -857.899871 -716.760353 -523.080302 -332.026409 -209.075172 -70.475903 -155.270887 -165.782238 -139.133954 -108.919589 -87.682311 -111.331662 -145.474127 -168.724411 -165.347977 -164.781442 -186.995587 -213.775898 -225.347089 -226.102216 -233.766248 -263.837130 -286.041805 -301.348464 -330.136426 -379.455035 -453.951640 -549.643009 -609.701346 -661.721486 -688.489747 -708.543210 -729.345030 -757.486310 -746.536985 -735.250623 -738.508456 -747.517100 -752.340839 -731.315989 -720.416069 -713.457840 -726.880588 -713.656257 -696.352734 -666.044294 -635.288107 -597.196418 -549.436331 -496.802925 -459.934581 -434.403709 -386.308231 -325.592866 -251.865626 -177.147473 -80.766596 -5.722463 74.029706 126.580287 158.409201 175.027373 188.164718 185.844568 131.239079 -76.857491 -110.403798 -113.127686 -9999.0 -9999.0 -9999.0 -9999.0 -9999.0 -9999.0 -9999.0 -9999.0 -9999.0
-9999.0 -9999.0 -995.375371 -953.824589 -915.182486 -860.898069 -787.448978 -712.868885 -660.797102 -604.730906 -532.413782 -458.627667 -411.897737 -391.801292 -417.185132 -470.976790 -503.156846 -502.415585 -511.770233 -528.791623 -557.026377 -567.252858 -575.237490 -582.110317 -596.418474 -603.719296 -607.994286 -616.932798 -635.424187 -672.750103 -710.865642 -742.693546 -774.494217 -782.490019 -791.174817 -802.104142 -799.242744 -800.522555 -797.342284 -797.663700 -795.187028 -789.842209 -781.155738 -771.122850 -767.839201 -764.737359 -759.198639 -747.081728 -728.795751 -704.633127 -668.746682 -626.113204 -595.975316 -587.762868 -598.539401 -593.765985 -573.549865 -528.740361 -414.541350 -291.745188 -203.394663 -135.530312 -64.155157 -15.665093 4.843253 56.837441 104.213600 -13.104371 -171.862178 -153.879648 -9999.0 -9999.0 -9999.0 -9999.0 -9999.0 -9999.0 -9999.0 -9999.0 -9999.0 -9999.0
-9999.0 -9999.0 -9999.0 -9999.0 -1010.692972 -954.097506 -907.555895 -903.608163 -861.835810 -826.749283 -790.248237 -751.898916 -721.894356 -706.361465 -718.960035 -725.104813 -730.728348 -731.112302 -736.041876 -740.540752 -744.127263 -748.348896 -753.613646 -758.132764 -757.828094 -754.951783 -755.156580 -762.731107 -768.278315 -783.490508 -791.790343 -805.128901 -817.736833 -828.515887 -829.822479 -831.502015 -829.117445 -832.479605 -827.076988 -828.090505 -822.523258 -818.207812 -809.794737 -798.057792 -796.620714 -790.067349 -787.172816 -777.484844 -766.146835 -737.975260 -698.869104 -659.484429 -634.858734 -634.302199 -659.058246 -672.864233 -677.896567 -658.071071 -622.052421 -559.236942 -440.262906 -334.394064 -250.123736 -207.484176 -178.952172 -133.570397 -91.969726 -82.744103 -9999.0 -9999.0 -9999.0 -9999.0 -9999.0 -9999.0 -9999.0 -9999.0 -9999.0 -9999.0 -9999.0 -9999.0
-9999.0 -9999.0 -9999.0 -9999.0 -9999.0 -9999.0 -989.742725 -961.567662 -965.174607 -938.315233 -911.583623 -887.551356 -859.015967 -855.044222 -847.345302 -832.098855 -834.731461 -843.546854 -853.429956 -840.658715 -834.630046 -834.846089 -850.818634 -848.322179 -846.474667 -840.519977 -841.078168 -840.685278 -854.376791 -842.341668 -837.572173 -843.509466 -849.500867 -849.390420 -853.269729 -844.881359 -843.906115 -851.135833 -852.497428 -840.879039 -835.714061 -834.634218 -829.207389 -817.735852 -803.832073 -799.453844 -802.184579 -804.605282 -786.145421 -748.680281 -706.478692 -671.031789 -649.667941 -644.887366 -669.317487 -702.729520 -720.484018 -719.414346 -698.803610 -663.129737 -602.016494 -559.761638 -526.997035 -496.335644 -454.600485 -323.772207 -9999.0 -9999.0 -9999.0 -9999.0 -9999.0 -9999.0 -9999.0 -9999.0 -9999.0 -9999.0 -9999.0 -9999.0 -9999.0 -9999.0
-9999.0 -9999.0 -9999.0 -9999.0 -9999.0 -9999.0 -9999.0 -9999.0 -9999.0 -9999.0 -9999.0 -9999.0 -9999.0 -9999.0 -9999.0 -9999.0 -9999.0 -9999.0 -9999.0 -9999.0 -9999.0 -9999.0 -9999.0 -9999.0 -9999.0 -9999.0 -9999.0 -9999.0 -9999.0 -9999.0 -9999.0 -9999.0 -9999.0 -9999.0 -9999.0 -9999.0 -9999.0 -9999.0 -9999.0 -9999.0 -9999.0 -9999.0 -9999.0 -9999.0 -9999.0 -9999.0 -9999.0 -9999.0 -9999.0 -9999.0 -9999.0 -9999.0 -9999.0 -9999.0 -9999.0 -9999.0 -9999.0 -9999.0 -9999.0 -9999.0 -9999.0 -9999.0 -9999.0 -9999.0 -9999.0 -9999.0 -9999.0 -9999.0 -9999.0 -9999.0 -9999.0 -9999.0 -9999.0 -9999.0 -9999.0 -9999.0 -9999.0 -9999.0 -9999.0 -9999.0
-9999.0 -9999.0 -9999.0 -9999.0 -9999.0 -9999.0 -9999.0 -9999.0 -9999.0 -9999.0 -9999.0 -9999.0 -9999.0 -9999.0 -9999.0 -9999.0 -9999.0 -9999.0 -9999.0 -9999.0 -9999.0 -9999.0 -9999.0 -9999.0 -9999.0 -9999.0 -9999.0 -9999.0 -9999.0 -9999.0 -9999.0 -9999.0 -9999.0 -9999.0 -9999.0 -9999.0 -9999.0 -9999.0 -9999.0 -9999.0 -9999.0 -9999.0 -9999.0 -9999.0 -9999.0 -9999.0 -9999.0 -9999.0 -9999.0 -9999.0 -9999.0 -9999.0 -9999.0 -9999.0 -9999.0 -9999.0 -9999.0 -9999.0 -9999.0 -9999.0 -9999.0 -9999.0 -9999.0 -9999.0 -9999.0 -9999.0 -9999.0 -9999.0 -9999.0 -9999.0 -9999.0 -9999.0 -9999.0 -9999.0 -9999.0 -9999.0 -9999.0 -9999.0 -9999.0 -9999.0