Borden_/Borden1m_014/output_maps/psiliqL0023N0039.asc
ncols         80
nrows         18
xllcorner     620200.000000
yllcorner     5168000.000000
cellsize      1.000000
NODATA_value  -9999.0
-9999.0 -9999.0 -9999.0 -9999.0 -9999.0 -9999.0 -9999.0 -9999.0 -9999.0 -9999.0 -9999.0 -9999.0 -9999.0 -9999.0 -9999.0 -9999.0 -9999.0 -9999.0 -9999.0 -9999.0 -9999.0 -9999.0 -9999.0 -9999.0 -9999.0 -9999.0 -9999.0 -9999.0 -9999.0 -9999.0 -9999.0 -9999.0 -9999.0 -9999.0 -9999.0 -9999.0 -9999.0 -9999.0 -9999.0 -9999.0 -9999.0 -9999.0 -9999.0 -9999.0 -9999.0 -9999.0 -9999.0 -9999.0 -9999.0 -9999.0 -9999.0 -9999.0 -9999.0 -9999.0 -9999.0 -9999.0 -9999.0 -9999.0 -9999.0 -9999.0 -9999.0 -9999.0 -9999.0 -9999.0 -9999.0 -9999.0 -9999.0 -9999.0 -9999.0 -9999.0 -9999.0 -9999.0 -9999.0 -9999.0 -9999.0 -9999.0 -9999.0 -9999.0 -9999.0 -9999.0
-9999.0 -9999.0 -9999.0 -9999.0 -9999.0 -9999.0 -9999.0 -9999.0 -9999.0 -9999.0 -9999.0 -9999.0 -9999.0 -9999.0 -9999.0 -9999.0 -9999.0 -9999.0 -9999.0 -9999.0 -9999.0 -9999.0 -9999.0 -9999.0 -9999.0 -9999.0 -9999.0 -9999.0 -9999.0 -9999.0 -9999.0 -9999.0 -9999.0 -9999.0 -9999.0 -9999.0 -9999.0 -9999.0 -9999.0 -9999.0 -9999.0 -9999.0 -9999.0 -9999.0 -9999.0 -9999.0 -9999.0 -9999.0 -9999.0 -9999.0 -9999.0 -9999.0 -9999.0 -9999.0 -9999.0 -9999.0 -9999.0 -9999.0 -9999.0 -9999.0 -9999.0 -9999.0 -9999.0 -9999.0 -9999.0 -9999.0 -9999.0 -9999.0 -9999.0 -9999.0 -9999.0 -9999.0 -9999.0 -9999.0 -9999.0 -9999.0 -9999.0 -9999.0 -9999.0 -9999.0
-9999.0 -9999.0 -9999.0 -9999.0 -9999.0 -9999.0 -9999.0 -9999.0 -9999.0 -9999.0 -9999.0 -9999.0 -9999.0 -9999.0 -9999.0 -9999.0 -9999.0 -9999.0 -9999.0 -9999.0 2758.821643 2761.075667 2740.726112 2708.526765 2682.446886 2686.667380 2722.398880 2765.535443 2806.748671 2817.246917 2800.793085 2806.357813 2803.661001 2800.921489 2803.170418 2812.311399 2820.627002 2831.646571 2840.666304 2840.732419 2835.507449 2831.909954 2834.767074 2836.904965 2842.468413 2827.787013 2841.782195 2802.221152 2805.894647 2802.680393 2823.010282 2807.046805 2795.348326 2776.434348 2799.359360 2808.434935 2799.081872 2802.566956 2800.540679 2797.207577 2766.299115 -9999.0 -9999.0 -9999.0 -9999.0 -9999.0 -9999.0 -9999.0 -9999.0 -9999.0 -9999.0 -9999.0 -9999.0 -9999.0 -9999.0 -9999.0 -9999.0 -9999.0 -9999.0 -9999.0
-9999.0 -9999.0 -9999.0 -9999.0 -9999.0 -9999.0 -9999.0 -9999.0 -9999.0 -9999.0 -9999.0 -9999.0 -9999.0 -9999.0 2663.624157 2655.953566 2654.999500 2664.631976 2699.273776 2730.896251 2742.736240 2736.637506 2738.101610 2715.609003 2695.558315 2710.949416 2742.891413 2775.147203 2811.133785 2831.668645 2823.009239 2822.657358 2832.019030 2804.456374 2813.176613 2810.731681 2847.117653 2817.186789 2830.367475 2835.799729 2834.269191 2824.865448 2834.454012 2848.692794 2841.586372 2825.896039 2835.474989 2848.813117 2859.502728 2850.323088 2840.659375 2823.604373 2816.601470 2808.633887 2792.311688 2785.925280 2811.173712 2807.058194 2796.936625 2777.760953 2743.191314 2697.420599 2676.718924 2714.629900 2756.318653 2792.616763 -9999.0 -9999.0 -9999.0 -9999.0 -9999.0 -9999.0 -9999.0 -9999.0 -9999.0 -9999.0 -9999.0 -9999.0 -9999.0 -9999.0
-9999.0 -9999.0 -9999.0 -9999.0 -9999.0 -9999.0 -9999.0 -9999.0 -9999.0 2600.435330 2607.147069 2616.093218 2620.809991 2638.129149 2636.254328 2645.141916 2652.223339 2681.798311 2713.787164 2749.589739 2777.755653 2771.723461 2771.783452 2779.143650 2778.168026 2789.701617 2813.109523 2804.948930 2836.764951 2873.259565 2841.247219 2837.405446 2855.673011 2897.872300 2923.269419 2926.478446 2908.949635 2923.328990 2947.195752 2964.283662 2961.488377 2956.289304 2981.287719 2995.946713 2991.381685 2970.374071 2967.196281 2972.999356 3000.932580 2949.983206 2884.559309 2843.229656 2856.028923 2833.379258 2805.273523 2835.840833 2833.158404 2811.317723 2798.343079 2796.704888 2761.481704 2747.570985 2727.838331 2745.059225 2765.522897 2788.792865 2827.803258 2856.904550 2856.045050 2838.523483 -9999.0 -9999.0 -9999.0 -9999.0 -9999.0 -9999.0 -9999.0 -9999.0 -9999.0 -9999.0
-9999.0 -9999.0 -9999.0 -9999.0 -9999.0 -9999.0 2518.422124 2530.203583 2552.852821 2557.691312 2586.078935 2593.923817 2616.202344 2636.737719 2660.981871 2677.551982 2706.828526 2740.311894 2778.861621 2820.229125 2808.592740 2845.329695 2804.947282 2825.595600 2855.241612 2876.795752 2900.263766 2937.670593 2986.603905 3022.479908 3017.599748 3018.910010 3027.287924 3076.995059 3140.637006 3152.280962 3131.893227 3118.539621 3141.069479 3177.628405 3176.906443 3175.828858 3181.328241 3191.530235 3218.142963 3208.206532 3178.889775 3172.115442 3177.175339 3156.356290 3089.957841 3032.270951 3011.633456 2988.697478 2906.693047 2861.682624 2880.882524 2905.405262 2881.739174 2832.797889 2838.685725 2828.475730 2812.584056 2800.343018 2807.981315 2801.921101 2824.631201 2837.348121 2824.758593 2803.837226 2790.590579 2760.535416 2761.484783 2785.562697 -9999.0 -9999.0 -9999.0 -9999.0 -9999.0 -9999.0
-9999.0 -9999.0 -9999.0 -9999.0 2465.948168 2480.380002 2468.279872 2496.662136 2531.605187 2568.175747 2599.321700 2636.425073 2664.490887 2695.782416 2733.085317 2761.655902 2799.903962 2834.214886 2834.508266 2896.897320 2942.521771 2959.126723 2968.482063 2996.290270 3052.214721 3099.775772 3118.410471 3143.724211 3180.705006 3236.352138 3258.822653 3262.079982 3278.915055 3320.103849 3373.997957 3407.298400 3390.024187 3381.409765 3390.448361 3403.835142 3425.952442 3426.056369 3427.036067 3430.666719 3437.633499 3436.335110 3410.909298 3378.006581 3366.403820 3356.796414 3321.223433 3250.739831 3219.559161 3192.298358 3159.534507 3106.837331 3056.465653 3054.683821 3001.337850 2969.248526 2917.038226 2905.283535 2882.005678 2863.341804 2843.247764 2851.926900 2860.963475 2843.852937 2812.860019 2794.798678 2778.542669 2758.389367 2745.378243 2774.915920 2786.564376 2815.874040 -9999.0 -9999.0 -9999.0 -9999.0
-9999.0 -9999.0 2403.532580 2450.927279 2509.996437 2519.250574 2517.377801 2524.480242 2555.271711 2609.242706 2680.279615 2724.132484 2760.884035 2796.566745 2803.958785 2868.689517 2931.206111 2974.478750 3008.717721 3076.569246 3135.317190 3162.576593 3172.129497 3200.123196 3253.289361 3319.788420 3346.878544 3372.564664 3401.860511 3436.769971 3432.885706 3444.226480 3455.722055 3466.249567 3479.148485 3485.150476 3480.669405 3476.153892 3457.842737 3453.032705 3459.591222 3466.860372 3466.425688 3452.050677 3448.100640 3462.786675 3468.495375 3466.754118 3464.578444 3469.922414 3467.243379 3421.260793 3399.476574 3384.941656 3375.656716 3330.565462 3265.294135 3232.072181 3211.984306 3179.074384 3106.326106 3066.943289 3026.605177 2991.066918 2969.991236 2952.249721 2915.728189 2880.727313 2839.313614 2796.852758 2787.124598 2769.502090 2766.677849 2765.137204 2781.153403 2790.982289 2806.320417 2814.164396 -9999.0 -9999.0
-9999.0 2294.475743 2366.457756 2490.742869 2571.368466 2614.235708 2633.132016 2645.893463 2677.696638 2715.350789 2810.573829 2826.566702 2910.179713 2947.663056 2990.073402 3056.820347 3148.415724 3184.519641 3221.192965 3281.761255 3344.974392 3389.775363 3415.472121 3401.189887 3438.654362 3463.923658 3470.578010 3476.516537 3475.413094 3467.010634 3460.067083 3466.904086 3464.180913 3445.452358 3429.805113 3428.216873 3424.914517 3402.015686 3375.986364 3360.997768 3362.930593 3386.137843 3374.519311 3353.463871 3349.134009 3370.375861 3389.805698 3379.383453 3367.595164 3382.819057 3416.806902 3440.452081 3443.532794 3461.520489 3482.506232 3454.331302 3431.541925 3388.962725 3373.695364 3348.719625 3293.094939 3238.463218 3191.073247 3148.536858 3095.656799 3045.105700 2996.859935 2962.556033 2905.884192 2870.365603 2844.136804 2799.160976 2792.982340 2788.664234 2787.906053 2784.685604 2785.793467 2792.041612 -9999.0 -9999.0
-9999.0 2202.006683 2342.311633 2523.147401 2670.818654 2720.734225 2797.103535 2833.176660 2850.665002 2850.129477 2904.444257 3097.321885 3205.810413 3220.953473 3293.395526 3383.070001 3372.981305 3402.990461 3424.921806 3446.164677 3463.331139 3476.028860 3473.894561 3468.269043 3452.108520 3444.180997 3443.410123 3441.414271 3424.397645 3405.782929 3389.235173 3386.464820 3370.389951 3323.129125 3290.670969 3274.064298 3256.836819 3242.867318 3215.117149 3190.108307 3180.946320 3186.483030 3183.489380 3175.608157 3171.216886 3183.479377 3214.093929 3210.669775 3220.733821 3239.968914 3275.271128 3312.374396 3331.274740 3359.819169 3393.668261 3439.944933 3449.968683 3472.058719 3475.408368 3463.130138 3417.960315 3368.751005 3339.804894 3285.429772 3226.109919 3170.430693 3121.378016 3076.206349 3020.828046 2985.894427 2954.830301 2899.936352 2854.197520 2842.094999 2806.814049 2791.640382 -9999.0 -9999.0 -9999.0 -9999.0
-9999.0 2105.406762 2287.238460 2531.830938 2810.623991 2890.267374 3079.566756 3188.739758 3227.863520 3293.129010 3195.056095 3381.892975 3428.564367 3422.016913 3432.161766 3434.417353 3448.020101 3447.724575 3442.678612 3431.913774 3422.670321 3418.364602 3417.196316 3409.350087 3396.879450 3382.458941 3371.990929 3360.959455 3325.258736 3294.021948 3256.607031 3244.619059 3203.196385 3119.060532 3080.229174 3043.174568 2985.159773 2986.397610 2991.017600 2989.105641 2970.391438 2943.730707 2971.369552 2980.673090 2984.493175 2981.417075 2992.608207 2996.756673 3042.322815 3076.079150 3115.057306 3162.142194 3185.382816 3223.910056 3263.839345 3315.496820 3345.715923 3374.152156 3420.339730 3456.977432 3479.367410 3466.255062 3446.365078 3403.386969 3345.112756 3296.275246 3267.984478 3218.570027 3179.157534 3135.083666 3088.699560 3035.939584 2982.517641 2923.173397 2887.036306 -9999.0 -9999.0 -9999.0 -9999.0 -9999.0
-9999.0 1893.024770 2157.976694 2429.988052 2716.625944 3030.297688 3183.657430 3280.533500 3341.420416 3317.852170 3335.051852 3343.031481 3378.368880 3384.647125 3364.142343 3351.282250 3334.879589 3333.795653 3346.749574 3320.002135 3290.525776 3277.601847 3278.400678 3267.677961 3244.370456 3229.472104 3220.154741 3202.742580 3166.115391 3117.008457 3034.911823 3003.836098 2949.039439 2907.045937 2868.762000 2821.828700 2823.492753 2825.942268 2803.166081 2837.766114 2816.588020 2798.989778 2827.828948 2803.921448 2816.410123 2801.459356 2808.720436 2842.736647 2889.890934 2930.796424 2975.868984 3002.708154 3043.347907 3083.100143 3105.573926 3146.225021 3180.881967 3221.686213 3290.637688 3366.763734 3399.993555 3433.641367 3463.558167 3484.953039 3442.759664 3415.564838 3392.571160 3370.700902 3325.373811 3280.550199 3240.093314 3177.134425 3120.550504 -9999.0 -9999.0 -9999.0 -9999.0 -9999.0 -9999.0 -9999.0
-9999.0 1777.376541 1976.956000 2177.947218 2437.235663 2673.093522 2866.343083 2960.188255 3015.642745 3076.343444 3124.565798 3159.642561 3180.284798 3201.115536 3178.500860 3140.144330 3108.941350 3113.613419 3105.945051 3084.459085 3056.723362 3043.663575 3042.054183 3037.075668 3015.590601 3004.894772 2998.195399 3001.463967 2974.947521 2921.807180 2849.276561 2822.634537 2765.988121 2741.305765 2714.672864 2684.470472 2655.315605 2666.450955 2676.849537 2676.934562 2669.418511 2668.766469 2697.730921 2716.320962 2726.370486 2716.183500 2735.824302 2761.422830 2801.617052 2804.503028 2849.738948 2899.864818 2949.461280 2972.114913 2977.644134 2992.732174 2998.089299 3041.669665 3118.133178 3196.311477 3271.010980 3315.302563 3365.015691 3402.614893 3429.427551 3456.560729 3477.107394 3468.753145 3443.892723 3411.291311 3354.673222 -9999.0 -9999.0 -9999.0 -9999.0 -9999.0 -9999.0 -9999.0 -9999.0 -9999.0
-9999.0 -9999.0 1749.501218 1908.146479 2015.575060 2182.639362 2328.005749 2438.088643 2539.874323 2679.898753 2801.904991 2850.706161 2895.462230 2911.651275 2898.213592 2869.598006 2851.683844 2851.402786 2840.056288 2832.557551 2816.751190 2811.368973 2850.713570 2842.159199 2835.561529 2832.507906 2828.224769 2818.854270 2799.102620 2754.138633 2712.007977 2664.806057 2614.060715 2589.899453 2569.308184 2549.922780 2551.718891 2546.256351 2551.123558 2553.524743 2562.399942 2576.190517 2595.822700 2618.997831 2629.185694 2639.756771 2652.070009 2675.613184 2708.177327 2750.100384 2804.480195 2827.263602 2863.411680 2871.977604 2857.021230 2854.947946 2865.874040 2898.505555 2965.272371 3011.101956 3099.061885 3163.305255 3222.603246 3277.270292 3303.159239 3339.291981 3406.554157 3454.340686 3494.337209 3472.110521 -9999.0 -9999.0 -9999.0 -9999.0 -9999.0 -9999.0 -9999.0 -9999.0 -9999.0 -9999.0
-9999.0 -9999.0 -9999.0 -9999.0 1768.894977 1918.055493 2015.972445 2097.162394 2231.130977 2360.967966 2468.161743 2556.247800 2625.480923 2654.620666 2656.164222 2671.123751 2669.683480 2661.203170 2650.211050 2652.941353 2655.593161 2648.468945 2632.249548 2625.367125 2628.028830 2634.620468 2632.059645 2618.446700 2599.700892 2582.336588 2566.441335 2534.059986 2500.540959 2472.028479 2459.209379 2454.998116 2454.645787 2446.707479 2454.932626 2463.389633 2479.128133 2494.294663 2517.860968 2547.176025 2561.942391 2577.187477 2586.827836 2606.799336 2637.757170 2691.623210 2755.930300 2814.315594 2820.268632 2822.087956 2834.442341 2818.101111 2812.538359 2837.615968 2820.303884 2874.436093 2965.767344 3003.373765 3049.746688 3089.730707 3125.954033 3182.038895 3273.403965 3352.934269 -9999.0 -9999.0 -9999.0 -9999.0 -9999.0 -9999.0 -9999.0 -9999.0 -9999.0 -9999.0 -9999.0 -9999.0
-9999.0 -9999.0 -9999.0 -9999.0 -9999.0 -9999.0 1742.052617 1847.306047 1918.706512 2069.320615 2212.549956 2320.546087 2405.035937 2441.363999 2474.871796 2505.280142 2505.623015 2485.833285 2464.425556 2485.051040 2502.470699 2495.844434 2464.144640 2464.947030 2471.174516 2478.846993 2476.106195 2469.766960 2444.731017 2459.699551 2462.748640 2439.709710 2414.096860 2400.933872 2389.177156 2398.781298 2398.696773 2384.292633 2383.475201 2411.047397 2431.913061 2444.855507 2466.101395 2499.390288 2532.126053 2548.152094 2549.798762 2555.636070 2593.977895 2664.423423 2737.516668 2794.528367 2800.579773 2806.546751 2812.864577 2772.967494 2752.888083 2759.180099 2791.639253 2839.975512 2846.998543 2885.735882 2901.051010 2905.769977 2919.552930 2987.425259 -9999.0 -9999.0 -9999.0 -9999.0 -9999.0 -9999.0 -9999.0 -9999.0 -9999.0 -9999.0 -9999.0 -9999.0 -9999.0 -9999.0
-9999.0 -9999.0 -9999.0 -9999.0 -9999.0 -9999.0 -9999.0 -9999.0 -9999.0 -9999.0 -9999.0 -9999.0 -9999.0 -9999.0 -9999.0 -9999.0 -9999.0 -9999.0 -9999.0 -9999.0 -9999.0 -9999.0 -9999.0 -9999.0 -9999.0 -9999.0 -9999.0 -9999.0 -9999.0 -9999.0 -9999.0 -9999.0 -9999.0 -9999.0 -9999.0 -9999.0 -9999.0 -9999.0 -9999.0 -9999.0 -9999.0 -9999.0 -9999.0 -9999.0 -9999.0 -9999.0 -9999.0 -9999.0 -9999.0 -9999.0 -9999.0 -9999.0 -9999.0 -9999.0 -9999.0 -9999.0 -9999.0 -9999.0 -9999.0 -9999.0 -9999.0 -9999.0 -9999.0 -9999.0 -9999.0 -9999.0 -9999.0 -9999.0 -9999.0 -9999.0 -9999.0 -9999.0 -9999.0 -9999.0 -9999.0 -9999.0 -9999.0 -9999.0 -9999.0 -9999.0
-9999.0 -9999.0 -9999.0 -9999.0 -9999.0 -9999.0 -9999.0 -9999.0 -9999.0 -9999.0 -9999.0 -9999.0 -9999.0 -9999.0 -9999.0 -9999.0 -9999.0 -9999.0 -9999.0 -9999.0 -9999.0 -9999.0 -9999.0 -9999.0 -9999.0 -9999.0 -9999.0 -9999.0 -9999.0 -9999.0 -9999.0 -9999.0 -9999.0 -9999.0 -9999.0 -9999.0 -9999.0 -9999.0 -9999.0 -9999.0 -9999.0 -9999.0 -9999.0 -9999.0 -9999.0 -9999.0 -9999.0 -9999.0 -9999.0 -9999.0 -9999.0 -9999.0 -9999.0 -9999.0 -9999.0 -9999.0 -9999.0 -9999.0 -9999.0 -9999.0 -9999.0 -9999.0 -9999.0 -9999.0 -9999.0 -9999.0 -9999.0 -9999.0 -9999.0 -9999.0 -9999.0 -9999.0 -9999.0 -9999.0 -9999.0 -9999.0 -9999.0 -9999.0 -9999.0 -9999.0