Borden_/Borden1m_014/output_maps/psiliqL0023N0003.asc
ncols         80
nrows         18
xllcorner     620200.000000
yllcorner     5168000.000000
cellsize      1.000000
NODATA_value  -9999.0
-9999.0 -9999.0 -9999.0 -9999.0 -9999.0 -9999.0 -9999.0 -9999.0 -9999.0 -9999.0 -9999.0 -9999.0 -9999.0 -9999.0 -9999.0 -9999.0 -9999.0 -9999.0 -9999.0 -9999.0 -9999.0 -9999.0 -9999.0 -9999.0 -9999.0 -9999.0 -9999.0 -9999.0 -9999.0 -9999.0 -9999.0 -9999.0 -9999.0 -9999.0 -9999.0 -9999.0 -9999.0 -9999.0 -9999.0 -9999.0 -9999.0 -9999.0 -9999.0 -9999.0 -9999.0 -9999.0 -9999.0 -9999.0 -9999.0 -9999.0 -9999.0 -9999.0 -9999.0 -9999.0 -9999.0 -9999.0 -9999.0 -9999.0 -9999.0 -9999.0 -9999.0 -9999.0 -9999.0 -9999.0 -9999.0 -9999.0 -9999.0 -9999.0 -9999.0 -9999.0 -9999.0 -9999.0 -9999.0 -9999.0 -9999.0 -9999.0 -9999.0 -9999.0 -9999.0 -9999.0
-9999.0 -9999.0 -9999.0 -9999.0 -9999.0 -9999.0 -9999.0 -9999.0 -9999.0 -9999.0 -9999.0 -9999.0 -9999.0 -9999.0 -9999.0 -9999.0 -9999.0 -9999.0 -9999.0 -9999.0 -9999.0 -9999.0 -9999.0 -9999.0 -9999.0 -9999.0 -9999.0 -9999.0 -9999.0 -9999.0 -9999.0 -9999.0 -9999.0 -9999.0 -9999.0 -9999.0 -9999.0 -9999.0 -9999.0 -9999.0 -9999.0 -9999.0 -9999.0 -9999.0 -9999.0 -9999.0 -9999.0 -9999.0 -9999.0 -9999.0 -9999.0 -9999.0 -9999.0 -9999.0 -9999.0 -9999.0 -9999.0 -9999.0 -9999.0 -9999.0 -9999.0 -9999.0 -9999.0 -9999.0 -9999.0 -9999.0 -9999.0 -9999.0 -9999.0 -9999.0 -9999.0 -9999.0 -9999.0 -9999.0 -9999.0 -9999.0 -9999.0 -9999.0 -9999.0 -9999.0
-9999.0 -9999.0 -9999.0 -9999.0 -9999.0 -9999.0 -9999.0 -9999.0 -9999.0 -9999.0 -9999.0 -9999.0 -9999.0 -9999.0 -9999.0 -9999.0 -9999.0 -9999.0 -9999.0 -9999.0 2735.266256 2736.965836 2715.781147 2682.574622 2655.342795 2658.261260 2692.583565 2734.327241 2774.197229 2783.499779 2765.963958 2770.434354 2766.543691 2762.590860 2763.311217 2770.793487 2777.177575 2786.568135 2793.576039 2791.536335 2784.394708 2779.359215 2781.464968 2783.632152 2789.929567 2776.447555 2791.856121 2780.893171 2785.988274 2783.142017 2782.838342 2769.052475 2759.577792 2742.787999 2767.714777 2778.521981 2786.751758 2791.629031 2790.101672 2773.660477 2743.340264 -9999.0 -9999.0 -9999.0 -9999.0 -9999.0 -9999.0 -9999.0 -9999.0 -9999.0 -9999.0 -9999.0 -9999.0 -9999.0 -9999.0 -9999.0 -9999.0 -9999.0 -9999.0 -9999.0
-9999.0 -9999.0 -9999.0 -9999.0 -9999.0 -9999.0 -9999.0 -9999.0 -9999.0 -9999.0 -9999.0 -9999.0 -9999.0 -9999.0 2644.114894 2635.481041 2633.136806 2641.274658 2674.541810 2705.136082 2716.781909 2709.831235 2710.349185 2686.803939 2665.599779 2679.694214 2710.257383 2741.451761 2776.213290 2795.685512 2786.070083 2784.692294 2792.908782 2782.288149 2790.856361 2787.135234 2801.041812 2792.594813 2805.917665 2810.786170 2808.731263 2798.934556 2808.338906 2822.498588 2815.500235 2800.097166 2810.060588 2824.661701 2836.163521 2827.443221 2797.992340 2783.197596 2778.401694 2772.529109 2758.230799 2753.404432 2780.231410 2778.190516 2769.672265 2751.733709 2718.162273 2672.982700 2653.564746 2692.996042 2736.108216 2785.271241 -9999.0 -9999.0 -9999.0 -9999.0 -9999.0 -9999.0 -9999.0 -9999.0 -9999.0 -9999.0 -9999.0 -9999.0 -9999.0 -9999.0
-9999.0 -9999.0 -9999.0 -9999.0 -9999.0 -9999.0 -9999.0 -9999.0 -9999.0 2585.602206 2591.552025 2599.168780 2602.286410 2618.032262 2615.016173 2622.348837 2627.659803 2655.495780 2685.936187 2720.329900 2747.616137 2739.780443 2739.088408 2745.443098 2743.423620 2753.769818 2775.898926 2783.027049 2814.913905 2850.269682 2817.173254 2812.322459 2829.596897 2871.416565 2895.999232 2898.638973 2880.001888 2894.559368 2917.842159 2934.265327 2930.844833 2925.224008 2950.411317 2965.034201 2960.590513 2939.874397 2936.755407 2943.167257 2971.918825 2922.162275 2857.625633 2817.945385 2832.368949 2810.646632 2783.385445 2799.009947 2797.777844 2793.577272 2782.042524 2766.602267 2732.450364 2719.990382 2701.970870 2721.050085 2743.295081 2780.467919 2820.559001 2850.612873 2850.624474 2833.688181 -9999.0 -9999.0 -9999.0 -9999.0 -9999.0 -9999.0 -9999.0 -9999.0 -9999.0 -9999.0
-9999.0 -9999.0 -9999.0 -9999.0 -9999.0 -9999.0 2505.959064 2516.797743 2538.158556 2541.807497 2568.719946 2575.054408 2595.350985 2613.814256 2635.956422 2650.176043 2677.100212 2708.578959 2745.861647 2785.572180 2788.487086 2806.543936 2782.547038 2803.115008 2831.305264 2851.324497 2873.270564 2909.987070 2980.167515 3016.096890 3010.951072 3012.012657 3020.131080 3069.569453 3132.989128 3144.589692 3124.117727 3110.686986 3133.114094 3169.552864 3168.712564 3167.604193 3179.608075 3189.908945 3216.522986 3206.491103 3170.737158 3164.010680 3169.133253 3148.558208 3082.513977 3025.254538 3004.709684 2960.270817 2879.186819 2835.241424 2856.069929 2882.760268 2860.724226 2811.807872 2804.457264 2796.087095 2782.260745 2772.277532 2782.143543 2791.188938 2815.719487 2829.828917 2818.473106 2798.205949 2779.915864 2751.219387 2753.335959 2778.168984 -9999.0 -9999.0 -9999.0 -9999.0 -9999.0 -9999.0
-9999.0 -9999.0 -9999.0 -9999.0 2455.378530 2468.701550 2455.220214 2482.042819 2515.234746 2549.966787 2579.271798 2613.866334 2639.465701 2668.163410 2702.918354 2728.384666 2763.736060 2796.008007 2811.792699 2872.806871 2917.005549 2931.291284 2939.699731 2989.489282 3045.323722 3092.452818 3110.702793 3135.765442 3179.383596 3235.098361 3257.535407 3260.763953 3277.569502 3318.725922 3372.605094 3407.008975 3389.751150 3381.134888 3390.170070 3403.553216 3425.668270 3425.771416 3426.859411 3430.490980 3437.457301 3436.157399 3410.623260 3377.702279 3364.957024 3355.364808 3319.835100 3249.403891 3218.273856 3190.601801 3151.618869 3099.229568 3049.303138 3047.990801 2994.767998 2942.223989 2891.405125 2881.914045 2860.954862 2844.543910 2826.186263 2837.527097 2848.856065 2833.841379 2804.513254 2781.264242 2766.944056 2748.383167 2736.690700 2767.306512 2783.977118 2813.865991 -9999.0 -9999.0 -9999.0 -9999.0
-9999.0 -9999.0 2395.637197 2441.889651 2499.217636 2506.552302 2502.595556 2507.569803 2536.110082 2587.701834 2655.700765 2697.011631 2731.104099 2764.054178 2781.465923 2845.002713 2905.149237 2946.782612 3002.044807 3069.671986 3127.931402 3154.852714 3164.086109 3198.752540 3251.961643 3318.400989 3345.440818 3371.101922 3401.663959 3436.591914 3432.706122 3444.045971 3455.540612 3466.067140 3478.965389 3484.986202 3480.505451 3475.989657 3457.657903 3452.847803 3459.405838 3466.695680 3466.241799 3451.865302 3447.914688 3462.601100 3468.328758 3466.586855 3464.370592 3469.736481 3467.059697 3421.079570 3399.297847 3384.741990 3374.198784 3329.136952 3263.921061 3230.757596 3210.594612 3171.144933 3098.855788 3060.082710 3020.396894 2985.082347 2947.536376 2932.715929 2899.414287 2867.039561 2828.284394 2787.643348 2774.626457 2758.423629 2756.862971 2756.809911 2773.996547 2788.731334 2804.760841 2812.870633 -9999.0 -9999.0
-9999.0 2287.327083 2358.516156 2481.158946 2559.509706 2599.212207 2615.195001 2625.508487 2654.680851 2689.281220 2781.729593 2804.866274 2886.557457 2921.385799 2961.988758 3049.889868 3141.288264 3182.935400 3219.953810 3280.448967 3343.610538 3389.484146 3415.189325 3401.011568 3438.472388 3463.736911 3470.387538 3476.323711 3475.239968 3466.837698 3459.895124 3466.733698 3463.992627 3445.266338 3429.622422 3428.037367 3424.737354 3401.819818 3374.609370 3359.612328 3361.461740 3385.922109 3373.161734 3351.984365 3347.647907 3369.000788 3389.607229 3379.184888 3366.183030 3382.615194 3416.621401 3440.263801 3443.343019 3461.329235 3482.315858 3454.142650 3431.355479 3388.758617 3372.281743 3347.230087 3291.671536 3237.091977 3189.704721 3141.328865 3088.894146 3039.109640 2991.614317 2945.015438 2891.577775 2858.887166 2834.397976 2791.043544 2781.566470 2783.672097 2779.951353 2778.104353 2784.054325 2790.716588 -9999.0 -9999.0
-9999.0 2194.629315 2333.985265 2512.760328 2656.945868 2702.921172 2776.068408 2817.675776 2831.662670 2821.064539 2879.421674 3091.091887 3204.434168 3219.524342 3291.872991 3382.813411 3372.730867 3402.823985 3424.752445 3445.989063 3463.150510 3475.863313 3473.726461 3468.099356 3451.936646 3444.007306 3443.214804 3441.219662 3424.204610 3405.593491 3389.050411 3386.265451 3369.021295 3321.695184 3289.292295 3272.737871 3255.549946 3241.611732 3213.852732 3188.403356 3172.943882 3184.847341 3181.820105 3167.568108 3163.125994 3181.771904 3212.500941 3209.401978 3219.397478 3238.610418 3273.855240 3310.899779 3329.852933 3358.372322 3393.459445 3439.753438 3449.774853 3471.862421 3475.212594 3462.934869 3417.746732 3367.283282 3338.384285 3284.003665 3224.685883 3163.241862 3115.177151 3070.921665 3016.505815 2982.196194 2942.951307 2889.758977 2845.644110 2835.984610 2802.311688 2788.428050 -9999.0 -9999.0 -9999.0 -9999.0
-9999.0 2097.706654 2278.467393 2520.803006 2803.141334 2879.766108 3075.881266 3187.838650 3226.819832 3291.337643 3193.741923 3381.647703 3428.417659 3421.861915 3431.981206 3434.249732 3447.848782 3447.550788 3442.502203 3431.735467 3422.490812 3418.184459 3417.015562 3409.168894 3396.697996 3382.256996 3370.577419 3359.554616 3323.795895 3292.618845 3255.273895 3243.345785 3201.526318 3111.458407 3072.982076 3036.336233 2978.069477 2979.600802 2984.665326 2961.565772 2942.655290 2916.820804 2944.398663 2953.363612 2956.845700 2953.901326 2964.688580 2990.099429 3035.650201 3068.976814 3107.456587 3154.444203 3183.983573 3222.538538 3262.422954 3314.009868 3344.274727 3372.675771 3420.124271 3456.779779 3479.188494 3466.054606 3446.167906 3403.176275 3343.722451 3294.903938 3266.806248 3217.536845 3174.597253 3131.125659 3085.038682 3032.647157 2971.837964 2915.609886 2881.349752 -9999.0 -9999.0 -9999.0 -9999.0 -9999.0
-9999.0 1885.039303 2148.827271 2418.296143 2700.781390 3027.261082 3182.858980 3279.585491 3340.541778 3316.851691 3333.956529 3341.878784 3378.205438 3384.475948 3362.911507 3349.926375 3333.514550 3332.426763 3345.382724 3318.644062 3289.181987 3276.273748 3277.081847 3266.373700 3243.082653 3228.202466 3218.873441 3201.058466 3158.438601 3109.715951 3028.132545 2996.642142 2921.870234 2880.840994 2844.163769 2798.225985 2791.326496 2793.621560 2782.108341 2802.602787 2780.625956 2762.458436 2790.751710 2783.334125 2796.025873 2780.733909 2787.407614 2821.140447 2866.917080 2906.481067 2949.778231 2996.227699 3036.857457 3076.059074 3097.960929 3138.127140 3179.454994 3220.271581 3289.153769 3365.323839 3399.780609 3433.443033 3463.358448 3484.776993 3442.570835 3415.391566 3392.412344 3369.866798 3324.691503 3279.926654 3239.447899 3176.487113 3117.040487 -9999.0 -9999.0 -9999.0 -9999.0 -9999.0 -9999.0 -9999.0
-9999.0 1769.189809 1967.428751 2166.086509 2421.479616 2652.303101 2851.808271 2941.981105 3010.123161 3070.331743 3117.944417 3153.209732 3178.884939 3199.746388 3176.971507 3132.736717 3101.470926 3106.172007 3098.575440 3077.211505 3049.636172 3036.736202 3034.608040 3029.799512 3008.499038 2998.002458 2991.197924 2974.246410 2948.450560 2896.998684 2825.822107 2790.419497 2734.520446 2710.882093 2685.552295 2656.569965 2627.911028 2639.350839 2649.952041 2649.062168 2641.097247 2640.124502 2668.807081 2687.601325 2697.154232 2686.214742 2704.825283 2729.106986 2767.698687 2785.983905 2829.989815 2879.310197 2926.946333 2947.415055 2950.666853 2963.726090 2991.009967 3034.235473 3110.027995 3194.848245 3269.563484 3313.758405 3363.542946 3402.403652 3429.242432 3456.392868 3476.989413 3468.677682 3443.884388 3411.256923 3354.132788 -9999.0 -9999.0 -9999.0 -9999.0 -9999.0 -9999.0 -9999.0 -9999.0 -9999.0
-9999.0 -9999.0 1739.374197 1896.128419 2000.362363 2163.955954 2305.619815 2412.430494 2511.414612 2648.779188 2768.711051 2827.843137 2872.178217 2887.433024 2873.172106 2843.624816 2825.512310 2825.303021 2814.218000 2807.148365 2791.902519 2786.501801 2816.658732 2807.733183 2800.400019 2796.625280 2792.198327 2783.374216 2765.217970 2722.324045 2682.216109 2636.465214 2587.319532 2564.460717 2545.191409 2526.974073 2529.614486 2524.693093 2529.822894 2532.189061 2540.973267 2554.625265 2574.047669 2596.702343 2606.360373 2616.192327 2627.504003 2649.747235 2680.696131 2721.129912 2773.369624 2811.382695 2846.572347 2853.297669 2835.887024 2831.724993 2840.919224 2870.705336 2935.232033 3003.508130 3090.962547 3154.930178 3221.060257 3275.809834 3301.702428 3338.054949 3406.416344 3454.304749 3494.457768 3472.185374 -9999.0 -9999.0 -9999.0 -9999.0 -9999.0 -9999.0 -9999.0 -9999.0 -9999.0 -9999.0
-9999.0 -9999.0 -9999.0 -9999.0 1753.241935 1900.381911 1995.816857 2074.520609 2206.149782 2333.710494 2438.451072 2524.431496 2591.788667 2619.321932 2620.060592 2634.809351 2633.613338 2625.712408 2615.551125 2619.240367 2622.775787 2616.229804 2600.014998 2593.057123 2595.561602 2602.134861 2599.974361 2587.305269 2570.042199 2554.463148 2540.374371 2509.601259 2477.380033 2450.191940 2438.600726 2435.455110 2435.937155 2428.589963 2437.180245 2445.817720 2461.604390 2476.721166 2500.169031 2529.422271 2543.767212 2558.344365 2567.081590 2585.937903 2615.240518 2667.309857 2729.561308 2786.158058 2807.277550 2807.432340 2797.684386 2778.915803 2770.645383 2793.060200 2793.758779 2845.662454 2934.594717 2995.398120 3041.611270 3081.107082 3117.221447 3180.637224 3272.391117 3352.168961 -9999.0 -9999.0 -9999.0 -9999.0 -9999.0 -9999.0 -9999.0 -9999.0 -9999.0 -9999.0 -9999.0 -9999.0
-9999.0 -9999.0 -9999.0 -9999.0 -9999.0 -9999.0 1722.442481 1826.228741 1895.620535 2043.995093 2185.002705 2290.761460 2373.379551 2408.455213 2441.175586 2471.305158 2471.789987 2452.445097 2431.676483 2453.016450 2471.091265 2464.917654 2433.344083 2434.218059 2440.525475 2448.447178 2446.300548 2440.980022 2417.350314 2433.948894 2438.672578 2417.209202 2393.007729 2381.143233 2370.483756 2381.068274 2381.783618 2367.978253 2367.567882 2395.444833 2416.422132 2429.348004 2450.472448 2483.541998 2515.852209 2531.240458 2532.032474 2536.814304 2573.994499 2642.722287 2713.866526 2768.960136 2789.644670 2794.129813 2778.794156 2736.359422 2713.372265 2716.520465 2745.797032 2791.184030 2817.559442 2854.134085 2866.729218 2869.623725 2882.963546 2979.220263 -9999.0 -9999.0 -9999.0 -9999.0 -9999.0 -9999.0 -9999.0 -9999.0 -9999.0 -9999.0 -9999.0 -9999.0 -9999.0 -9999.0
-9999.0 -9999.0 -9999.0 -9999.0 -9999.0 -9999.0 -9999.0 -9999.0 -9999.0 -9999.0 -9999.0 -9999.0 -9999.0 -9999.0 -9999.0 -9999.0 -9999.0 -9999.0 -9999.0 -9999.0 -9999.0 -9999.0 -9999.0 -9999.0 -9999.0 -9999.0 -9999.0 -9999.0 -9999.0 -9999.0 -9999.0 -9999.0 -9999.0 -9999.0 -9999.0 -9999.0 -9999.0 -9999.0 -9999.0 -9999.0 -9999.0 -9999.0 -9999.0 -9999.0 -9999.0 -9999.0 -9999.0 -9999.0 -9999.0 -9999.0 -9999.0 -9999.0 -9999.0 -9999.0 -9999.0 -9999.0 -9999.0 -9999.0 -9999.0 -9999.0 -9999.0 -9999.0 -9999.0 -9999.0 -9999.0 -9999.0 -9999.0 -9999.0 -9999.0 -9999.0 -9999.0 -9999.0 -9999.0 -9999.0 -9999.0 -9999.0 -9999.0 -9999.0 -9999.0 -9999.0
-9999.0 -9999.0 -9999.0 -9999.0 -9999.0 -9999.0 -9999.0 -9999.0 -9999.0 -9999.0 -9999.0 -9999.0 -9999.0 -9999.0 -9999.0 -9999.0 -9999.0 -9999.0 -9999.0 -9999.0 -9999.0 -9999.0 -9999.0 -9999.0 -9999.0 -9999.0 -9999.0 -9999.0 -9999.0 -9999.0 -9999.0 -9999.0 -9999.0 -9999.0 -9999.0 -9999.0 -9999.0 -9999.0 -9999.0 -9999.0 -9999.0 -9999.0 -9999.0 -9999.0 -9999.0 -9999.0 -9999.0 -9999.0 -9999.0 -9999.0 -9999.0 -9999.0 -9999.0 -9999.0 -9999.0 -9999.0 -9999.0 -9999.0 -9999.0 -9999.0 -9999.0 -9999.0 -9999.0 -9999.0 -9999.0 -9999.0 -9999.0 -9999.0 -9999.0 -9999.0 -9999.0 -9999.0 -9999.0 -9999.0 -9999.0 -9999.0 -9999.0 -9999.0 -9999.0 -9999.0