Borden_/Borden1m_014/output_maps/psiliqL0026N0017.asc
ncols         80
nrows         18
xllcorner     620200.000000
yllcorner     5168000.000000
cellsize      1.000000
NODATA_value  -9999.0
-9999.0 -9999.0 -9999.0 -9999.0 -9999.0 -9999.0 -9999.0 -9999.0 -9999.0 -9999.0 -9999.0 -9999.0 -9999.0 -9999.0 -9999.0 -9999.0 -9999.0 -9999.0 -9999.0 -9999.0 -9999.0 -9999.0 -9999.0 -9999.0 -9999.0 -9999.0 -9999.0 -9999.0 -9999.0 -9999.0 -9999.0 -9999.0 -9999.0 -9999.0 -9999.0 -9999.0 -9999.0 -9999.0 -9999.0 -9999.0 -9999.0 -9999.0 -9999.0 -9999.0 -9999.0 -9999.0 -9999.0 -9999.0 -9999.0 -9999.0 -9999.0 -9999.0 -9999.0 -9999.0 -9999.0 -9999.0 -9999.0 -9999.0 -9999.0 -9999.0 -9999.0 -9999.0 -9999.0 -9999.0 -9999.0 -9999.0 -9999.0 -9999.0 -9999.0 -9999.0 -9999.0 -9999.0 -9999.0 -9999.0 -9999.0 -9999.0 -9999.0 -9999.0 -9999.0 -9999.0
-9999.0 -9999.0 -9999.0 -9999.0 -9999.0 -9999.0 -9999.0 -9999.0 -9999.0 -9999.0 -9999.0 -9999.0 -9999.0 -9999.0 -9999.0 -9999.0 -9999.0 -9999.0 -9999.0 -9999.0 -9999.0 -9999.0 -9999.0 -9999.0 -9999.0 -9999.0 -9999.0 -9999.0 -9999.0 -9999.0 -9999.0 -9999.0 -9999.0 -9999.0 -9999.0 -9999.0 -9999.0 -9999.0 -9999.0 -9999.0 -9999.0 -9999.0 -9999.0 -9999.0 -9999.0 -9999.0 -9999.0 -9999.0 -9999.0 -9999.0 -9999.0 -9999.0 -9999.0 -9999.0 -9999.0 -9999.0 -9999.0 -9999.0 -9999.0 -9999.0 -9999.0 -9999.0 -9999.0 -9999.0 -9999.0 -9999.0 -9999.0 -9999.0 -9999.0 -9999.0 -9999.0 -9999.0 -9999.0 -9999.0 -9999.0 -9999.0 -9999.0 -9999.0 -9999.0 -9999.0
-9999.0 -9999.0 -9999.0 -9999.0 -9999.0 -9999.0 -9999.0 -9999.0 -9999.0 -9999.0 -9999.0 -9999.0 -9999.0 -9999.0 -9999.0 -9999.0 -9999.0 -9999.0 -9999.0 -9999.0 3325.202422 3326.084987 3304.285462 3269.999231 3241.530888 3243.081609 3275.669547 3315.930410 3354.359524 3361.383818 3341.984668 3345.494784 3340.772572 3335.970451 3335.895224 3343.406360 3349.855139 3359.366763 3366.125635 3363.645544 3356.156017 3351.045349 3353.556650 3355.096610 3361.364888 3346.924447 3362.986062 3379.314820 3384.148467 3381.626847 3358.203435 3346.583150 3338.932362 3323.695382 3350.585860 3362.552261 3386.300056 3391.220474 3389.532535 3363.118728 3333.267238 -9999.0 -9999.0 -9999.0 -9999.0 -9999.0 -9999.0 -9999.0 -9999.0 -9999.0 -9999.0 -9999.0 -9999.0 -9999.0 -9999.0 -9999.0 -9999.0 -9999.0 -9999.0 -9999.0
-9999.0 -9999.0 -9999.0 -9999.0 -9999.0 -9999.0 -9999.0 -9999.0 -9999.0 -9999.0 -9999.0 -9999.0 -9999.0 -9999.0 3235.454023 3226.540747 3223.392261 3230.339328 3262.444180 3292.388687 3303.912241 3296.194242 3295.701402 3270.610500 3247.340819 3259.467746 3288.334864 3318.221612 3351.010658 3367.792350 3356.373246 3353.380983 3359.881465 3378.873476 3386.442041 3382.562971 3364.841893 3388.897926 3401.828257 3405.924346 3403.721433 3393.720471 3402.243703 3416.104190 3409.022746 3393.905938 3405.092756 3420.290727 3431.208794 3423.460422 3365.994383 3354.562691 3351.943542 3348.513449 3336.046793 3332.748393 3361.637729 3361.752177 3355.066327 3338.370189 3305.507237 3260.596073 3242.170532 3283.317244 3327.450973 3384.150120 -9999.0 -9999.0 -9999.0 -9999.0 -9999.0 -9999.0 -9999.0 -9999.0 -9999.0 -9999.0 -9999.0 -9999.0 -9999.0 -9999.0
-9999.0 -9999.0 -9999.0 -9999.0 -9999.0 -9999.0 -9999.0 -9999.0 -9999.0 3178.601156 3184.186956 3190.825701 3192.933783 3207.681781 3204.129475 3210.627103 3214.102836 3240.792373 3269.665813 3302.550491 3328.943108 3319.183745 3317.326738 3320.529338 3314.169131 3321.263917 3340.971413 3376.951628 3407.409625 3441.995204 3407.978904 3402.655126 3419.744008 3460.472867 3482.872849 3484.382738 3465.579494 3482.379691 3505.618128 3520.876776 3517.117813 3510.885886 3536.766635 3551.974125 3545.583888 3524.046351 3523.256001 3531.148499 3560.669078 3510.337308 3444.892134 3407.461870 3424.161879 3403.823523 3378.807618 3368.626311 3370.020041 3391.118662 3380.080221 3346.892582 3314.320091 3303.212692 3287.076430 3308.848308 3332.780106 3379.773203 3420.124191 3450.346167 3450.160485 3433.180712 -9999.0 -9999.0 -9999.0 -9999.0 -9999.0 -9999.0 -9999.0 -9999.0 -9999.0 -9999.0
-9999.0 -9999.0 -9999.0 -9999.0 -9999.0 -9999.0 3100.286960 3110.571106 3130.986521 3133.240584 3159.289215 3164.020386 3181.999294 3198.535616 3219.652620 3231.673874 3255.769119 3284.794811 3319.848354 3356.487756 3383.124441 3370.711649 3375.393335 3393.823082 3419.498657 3437.485949 3459.479626 3496.659475 3568.360159 3604.225867 3596.097113 3596.583465 3604.636848 3654.866494 3718.677502 3729.358873 3708.693411 3695.693750 3719.412736 3756.885792 3754.733464 3753.498702 3766.740596 3777.620533 3804.441209 3793.452229 3757.619981 3752.589202 3759.646948 3736.730643 3667.672984 3610.959061 3592.973530 3546.595868 3463.734689 3421.817368 3446.590873 3475.264403 3454.402473 3405.703380 3374.221124 3369.646928 3359.447310 3353.484443 3366.829675 3390.546788 3415.124048 3429.559201 3418.183844 3397.764554 3376.446445 3348.603383 3351.511692 3376.643201 -9999.0 -9999.0 -9999.0 -9999.0 -9999.0 -9999.0
-9999.0 -9999.0 -9999.0 -9999.0 3051.184503 3063.692299 3048.374081 3074.004772 3105.290519 3138.144576 3164.794781 3195.243670 3217.418196 3243.131136 3275.143779 3295.877374 3326.722511 3355.275948 3401.435270 3461.625264 3505.033344 3517.591219 3525.496365 3575.955447 3631.794147 3678.429219 3696.941363 3722.722707 3768.640645 3825.055122 3847.160841 3849.803728 3866.712312 3910.261670 3966.855257 4002.057965 3984.354530 3975.268630 3985.517631 3999.955335 4022.100400 4022.161891 4023.285262 4027.504113 4035.270893 4033.434275 4006.686457 3973.194528 3960.222657 3950.047949 3911.648026 3839.413403 3809.493155 3780.491718 3737.505553 3683.297255 3636.782420 3638.679565 3584.289865 3529.567394 3480.455082 3473.392735 3453.932470 3438.781299 3422.242343 3435.258999 3447.853016 3433.360950 3403.891921 3375.011039 3362.435724 3345.237453 3334.224772 3365.652991 3383.740835 3413.339666 -9999.0 -9999.0 -9999.0 -9999.0
-9999.0 -9999.0 2992.915526 3037.711943 3094.094150 3099.369585 3091.638600 3093.446538 3118.700942 3166.739839 3227.430158 3262.991344 3290.415960 3319.633968 3369.094757 3429.732011 3488.596344 3530.474615 3588.072454 3657.096906 3715.908376 3742.431193 3751.047113 3786.579150 3841.339965 3910.754848 3938.895682 3965.456961 3997.414323 4034.101401 4025.367634 4035.951823 4048.506124 4061.595873 4076.866267 4084.158534 4079.225259 4074.607989 4056.006759 4050.773378 4057.246802 4065.379821 4064.297767 4049.576424 4045.601368 4060.647241 4066.958297 4064.823658 4061.896095 4066.721293 4061.930437 4013.195159 3996.258572 3980.931487 3969.051191 3922.733979 3855.842012 3823.702875 3802.094544 3760.960770 3687.622242 3650.692294 3611.772313 3577.606836 3540.722974 3528.247684 3496.494244 3464.896074 3426.677888 3386.365123 3367.668417 3353.785107 3353.742270 3354.670504 3372.665713 3388.530480 3404.584414 3412.701835 -9999.0 -9999.0
-9999.0 2884.103483 2954.729270 3074.249119 3150.819329 3186.003083 3192.792922 3194.261804 3218.192746 3249.441719 3334.447039 3382.383708 3464.506896 3501.481753 3541.407782 3630.965864 3725.186243 3768.510752 3807.490386 3871.396577 3937.334615 3984.521018 4010.898395 3988.951833 4028.681404 4058.853709 4067.122815 4074.250259 4074.391865 4065.865960 4059.430555 4066.075935 4063.071959 4043.801432 4027.641205 4025.855869 4022.432589 3999.037062 3971.448358 3955.889085 3957.193532 3982.255963 3969.057341 3947.643592 3943.212050 3964.933539 3986.447852 3975.705678 3962.532882 3979.137634 4013.847010 4038.944415 4039.844043 4058.447492 4079.579494 4050.421436 4029.264457 3985.224857 3968.248686 3942.781638 3885.759041 3830.967180 3782.879826 3734.568124 3682.492575 3633.996489 3586.705980 3539.802598 3486.995173 3454.566708 3430.643970 3388.377145 3376.100101 3383.003080 3378.369847 3377.094810 3383.905192 3390.553488 -9999.0 -9999.0
-9999.0 2787.095377 2925.303149 3100.261600 3241.136525 3279.813072 3339.046714 3392.868837 3405.451631 3349.138746 3449.416224 3665.828494 3788.010002 3805.512976 3881.104477 3976.379327 3958.300178 3989.720318 4013.005814 4039.186195 4060.225192 4074.662242 4072.971839 4067.841396 4051.308522 4043.293349 4042.401523 4040.277431 4022.823745 4003.818397 3986.978052 3983.775540 3965.743843 3916.063767 3882.775053 3865.219401 3846.064786 3832.712284 3805.561542 3779.550216 3762.969101 3773.209001 3771.575136 3758.191402 3753.776466 3771.827248 3802.702058 3800.856110 3812.787085 3832.417264 3867.855824 3906.089711 3925.362792 3954.501528 3990.151232 4038.268591 4046.923205 4069.384987 4072.281132 4061.987003 4015.325097 3963.717481 3934.306289 3878.928296 3819.416318 3757.770957 3708.962801 3664.396245 3609.349179 3575.580014 3536.684371 3483.433762 3441.065698 3433.997543 3400.977084 3388.243599 -9999.0 -9999.0 -9999.0 -9999.0
-9999.0 2694.635801 2862.111486 3097.270695 3389.571875 3459.000921 3659.577426 3773.060084 3811.337445 3878.530082 3757.622695 3965.134345 4018.343762 4013.450860 4029.571663 4032.827507 4047.152894 4046.488730 4041.409594 4030.379064 4020.770405 4016.182466 4015.130495 4007.213026 3994.578212 3979.948922 3968.029040 3956.567982 3919.868918 3887.891321 3848.544489 3836.031316 3791.280762 3699.527888 3660.960095 3622.387019 3561.535104 3564.235720 3572.042116 3548.306768 3528.757335 3500.469472 3530.232350 3541.142327 3545.377206 3540.672731 3550.122284 3578.802465 3626.628538 3660.859925 3699.568132 3747.371217 3777.750405 3816.807244 3856.473433 3908.713323 3939.875667 3968.745526 4017.699007 4054.717028 4077.454721 4063.360206 4044.868647 4000.102675 3939.885789 3890.585908 3861.634084 3811.192455 3767.750875 3724.368650 3678.079825 3625.511760 3564.250202 3512.162795 3478.588120 -9999.0 -9999.0 -9999.0 -9999.0 -9999.0
-9999.0 2470.620443 2735.109456 2983.390332 3254.206952 3595.339137 3767.167707 3860.791299 3923.946255 3907.034473 3930.534092 3936.807503 3973.902520 3981.188244 3959.794704 3945.916804 3928.254388 3927.165348 3940.232551 3912.877882 3882.609561 3869.257293 3870.163996 3859.475606 3835.624942 3820.767464 3811.514808 3793.051110 3750.095778 3700.043573 3616.203012 3581.773757 3503.316238 3465.437888 3429.585169 3383.162216 3339.279375 3345.338485 3370.368851 3361.701194 3341.283575 3324.547381 3354.019892 3374.887050 3388.103133 3371.767252 3378.266550 3412.393009 3458.468364 3498.477973 3541.863602 3589.390773 3630.944289 3669.797076 3690.420406 3729.475474 3771.407445 3812.841300 3882.826475 3961.158153 3997.074213 4031.690531 4060.556045 4082.462470 4039.588823 4013.325892 3989.617034 3966.178643 3920.019902 3874.673751 3834.133496 3769.576916 3710.058287 -9999.0 -9999.0 -9999.0 -9999.0 -9999.0 -9999.0 -9999.0
-9999.0 2358.935308 2552.204194 2744.058349 2968.534884 3195.775396 3417.263569 3507.297593 3577.402320 3649.340449 3703.522849 3741.299480 3767.059996 3788.609206 3766.032897 3719.989495 3687.783860 3692.780338 3683.806263 3662.975871 3635.507605 3622.788613 3620.219826 3615.638074 3594.693745 3584.724054 3578.215308 3560.519127 3535.631978 3483.423353 3412.894995 3340.467696 3287.713876 3269.311862 3247.655999 3221.694392 3195.962957 3209.786850 3222.735048 3223.182241 3217.146650 3217.702768 3246.745133 3266.653187 3276.070476 3265.215054 3283.222813 3305.976915 3342.387361 3381.124145 3425.213256 3474.692885 3522.522126 3542.075639 3543.636672 3554.526000 3581.582784 3624.356151 3700.233123 3785.957957 3863.515116 3908.925382 3959.641461 3999.611804 4027.757416 4052.595496 4075.017420 4068.098395 4042.138637 4008.788311 3950.071151 -9999.0 -9999.0 -9999.0 -9999.0 -9999.0 -9999.0 -9999.0 -9999.0 -9999.0
-9999.0 -9999.0 2327.150573 2479.920686 2577.345212 2742.030785 2848.521443 2953.207696 3047.649726 3188.297452 3310.465418 3403.767991 3450.007752 3465.565680 3451.816897 3423.745954 3406.821935 3406.445419 3394.777862 3388.841762 3375.034311 3370.133288 3358.506621 3351.510485 3348.168103 3348.257599 3346.685422 3339.313539 3323.578598 3283.329754 3247.897251 3204.832346 3160.243465 3139.823334 3122.883749 3107.080092 3112.247783 3107.950433 3113.985368 3117.408221 3127.541632 3142.039093 3161.429082 3183.931823 3193.536868 3203.682541 3214.252332 3235.455330 3264.865982 3304.433825 3355.161841 3409.346648 3444.614444 3450.843516 3432.226082 3426.531509 3433.889676 3461.918161 3524.189838 3592.589400 3681.991182 3747.282321 3814.025427 3869.905200 3896.549018 3932.931185 4003.162772 4051.190387 4093.657940 4071.255438 -9999.0 -9999.0 -9999.0 -9999.0 -9999.0 -9999.0 -9999.0 -9999.0 -9999.0 -9999.0
-9999.0 -9999.0 -9999.0 -9999.0 2342.714284 2490.819701 2589.938037 2672.244933 2809.481099 2893.020088 2991.109290 3077.361769 3146.179424 3171.478667 3172.889375 3190.426777 3189.830163 3180.562366 3169.779541 3175.310482 3180.961511 3175.286908 3159.350731 3153.990097 3159.110322 3168.440066 3168.152433 3157.027267 3140.872616 3129.170035 3118.680374 3090.239708 3060.149337 3034.750771 3024.691389 3023.402139 3024.849318 3017.936766 3027.062642 3036.717541 3053.107167 3068.438752 3091.977469 3121.727544 3136.440216 3150.930696 3159.133731 3177.089371 3205.031419 3256.039926 3317.210689 3373.210039 3406.670051 3406.582354 3377.362555 3355.083666 3341.952055 3358.632585 3387.192542 3437.129280 3525.752470 3587.494908 3632.294983 3670.644849 3706.875435 3772.025772 3866.676621 3947.989953 -9999.0 -9999.0 -9999.0 -9999.0 -9999.0 -9999.0 -9999.0 -9999.0 -9999.0 -9999.0 -9999.0 -9999.0
-9999.0 -9999.0 -9999.0 -9999.0 -9999.0 -9999.0 2323.006831 2430.536173 2498.988997 2656.374983 2805.971795 2862.856378 2945.947413 2982.166746 3009.375093 3040.101849 3040.961866 3020.686225 2998.826981 3021.290521 3041.474024 3035.497550 3003.376879 3005.897445 3014.333433 3023.614682 3022.798494 3018.977453 2996.820741 3016.528398 3023.868872 3003.961848 2981.304423 2974.474510 2964.686522 2976.004778 2977.216884 2963.583547 2962.955089 2989.214680 3010.743808 3023.756924 3044.731036 3077.909136 3110.291927 3125.785610 3126.274668 3130.369926 3166.238001 3233.643948 3304.125062 3358.719575 3389.304783 3393.607609 3362.313460 3317.046040 3290.374233 3288.560867 3312.017283 3350.383372 3410.957708 3446.479867 3456.545563 3456.496033 3467.850248 3567.498572 -9999.0 -9999.0 -9999.0 -9999.0 -9999.0 -9999.0 -9999.0 -9999.0 -9999.0 -9999.0 -9999.0 -9999.0 -9999.0 -9999.0
-9999.0 -9999.0 -9999.0 -9999.0 -9999.0 -9999.0 -9999.0 -9999.0 -9999.0 -9999.0 -9999.0 -9999.0 -9999.0 -9999.0 -9999.0 -9999.0 -9999.0 -9999.0 -9999.0 -9999.0 -9999.0 -9999.0 -9999.0 -9999.0 -9999.0 -9999.0 -9999.0 -9999.0 -9999.0 -9999.0 -9999.0 -9999.0 -9999.0 -9999.0 -9999.0 -9999.0 -9999.0 -9999.0 -9999.0 -9999.0 -9999.0 -9999.0 -9999.0 -9999.0 -9999.0 -9999.0 -9999.0 -9999.0 -9999.0 -9999.0 -9999.0 -9999.0 -9999.0 -9999.0 -9999.0 -9999.0 -9999.0 -9999.0 -9999.0 -9999.0 -9999.0 -9999.0 -9999.0 -9999.0 -9999.0 -9999.0 -9999.0 -9999.0 -9999.0 -9999.0 -9999.0 -9999.0 -9999.0 -9999.0 -9999.0 -9999.0 -9999.0 -9999.0 -9999.0 -9999.0
-9999.0 -9999.0 -9999.0 -9999.0 -9999.0 -9999.0 -9999.0 -9999.0 -9999.0 -9999.0 -9999.0 -9999.0 -9999.0 -9999.0 -9999.0 -9999.0 -9999.0 -9999.0 -9999.0 -9999.0 -9999.0 -9999.0 -9999.0 -9999.0 -9999.0 -9999.0 -9999.0 -9999.0 -9999.0 -9999.0 -9999.0 -9999.0 -9999.0 -9999.0 -9999.0 -9999.0 -9999.0 -9999.0 -9999.0 -9999.0 -9999.0 -9999.0 -9999.0 -9999.0 -9999.0 -9999.0 -9999.0 -9999.0 -9999.0 -9999.0 -9999.0 -9999.0 -9999.0 -9999.0 -9999.0 -9999.0 -9999.0 -9999.0 -9999.0 -9999.0 -9999.0 -9999.0 -9999.0 -9999.0 -9999.0 -9999.0 -9999.0 -9999.0 -9999.0 -9999.0 -9999.0 -9999.0 -9999.0 -9999.0 -9999.0 -9999.0 -9999.0 -9999.0 -9999.0 -9999.0