Borden_/Borden1m_014/output_maps/psiliqL0007N0016.asc
ncols         80
nrows         18
xllcorner     620200.000000
yllcorner     5168000.000000
cellsize      1.000000
NODATA_value  -9999.0
-9999.0 -9999.0 -9999.0 -9999.0 -9999.0 -9999.0 -9999.0 -9999.0 -9999.0 -9999.0 -9999.0 -9999.0 -9999.0 -9999.0 -9999.0 -9999.0 -9999.0 -9999.0 -9999.0 -9999.0 -9999.0 -9999.0 -9999.0 -9999.0 -9999.0 -9999.0 -9999.0 -9999.0 -9999.0 -9999.0 -9999.0 -9999.0 -9999.0 -9999.0 -9999.0 -9999.0 -9999.0 -9999.0 -9999.0 -9999.0 -9999.0 -9999.0 -9999.0 -9999.0 -9999.0 -9999.0 -9999.0 -9999.0 -9999.0 -9999.0 -9999.0 -9999.0 -9999.0 -9999.0 -9999.0 -9999.0 -9999.0 -9999.0 -9999.0 -9999.0 -9999.0 -9999.0 -9999.0 -9999.0 -9999.0 -9999.0 -9999.0 -9999.0 -9999.0 -9999.0 -9999.0 -9999.0 -9999.0 -9999.0 -9999.0 -9999.0 -9999.0 -9999.0 -9999.0 -9999.0
-9999.0 -9999.0 -9999.0 -9999.0 -9999.0 -9999.0 -9999.0 -9999.0 -9999.0 -9999.0 -9999.0 -9999.0 -9999.0 -9999.0 -9999.0 -9999.0 -9999.0 -9999.0 -9999.0 -9999.0 -9999.0 -9999.0 -9999.0 -9999.0 -9999.0 -9999.0 -9999.0 -9999.0 -9999.0 -9999.0 -9999.0 -9999.0 -9999.0 -9999.0 -9999.0 -9999.0 -9999.0 -9999.0 -9999.0 -9999.0 -9999.0 -9999.0 -9999.0 -9999.0 -9999.0 -9999.0 -9999.0 -9999.0 -9999.0 -9999.0 -9999.0 -9999.0 -9999.0 -9999.0 -9999.0 -9999.0 -9999.0 -9999.0 -9999.0 -9999.0 -9999.0 -9999.0 -9999.0 -9999.0 -9999.0 -9999.0 -9999.0 -9999.0 -9999.0 -9999.0 -9999.0 -9999.0 -9999.0 -9999.0 -9999.0 -9999.0 -9999.0 -9999.0 -9999.0 -9999.0
-9999.0 -9999.0 -9999.0 -9999.0 -9999.0 -9999.0 -9999.0 -9999.0 -9999.0 -9999.0 -9999.0 -9999.0 -9999.0 -9999.0 -9999.0 -9999.0 -9999.0 -9999.0 -9999.0 -9999.0 -473.007513 -469.995800 -493.048456 -527.327979 -556.032591 -554.591520 -520.080751 -479.530358 -442.235549 -431.954943 -450.334393 -449.310602 -454.732334 -454.868260 -451.838212 -445.998055 -443.551383 -431.902072 -423.371761 -423.662489 -429.980282 -435.918926 -437.511846 -433.913737 -428.922301 -437.476188 -423.810372 -408.145292 -401.400731 -406.460939 -433.907192 -449.655168 -457.384710 -471.346397 -446.400621 -433.297641 -409.802001 -405.080255 -405.869397 -432.669684 -462.553874 -9999.0 -9999.0 -9999.0 -9999.0 -9999.0 -9999.0 -9999.0 -9999.0 -9999.0 -9999.0 -9999.0 -9999.0 -9999.0 -9999.0 -9999.0 -9999.0 -9999.0 -9999.0 -9999.0
-9999.0 -9999.0 -9999.0 -9999.0 -9999.0 -9999.0 -9999.0 -9999.0 -9999.0 -9999.0 -9999.0 -9999.0 -9999.0 -9999.0 -562.076339 -572.602373 -576.076998 -568.031662 -534.795667 -505.335634 -492.819153 -500.779912 -501.265282 -525.254079 -545.809315 -532.235897 -503.577970 -472.819548 -439.220885 -418.954275 -432.260319 -435.308844 -424.612149 -395.851549 -380.092562 -382.697706 -404.735040 -381.497550 -364.536684 -354.501990 -355.699425 -364.830222 -349.432429 -332.351732 -339.294115 -357.645212 -354.242234 -342.028980 -326.559203 -342.700405 -410.180940 -432.013786 -434.561347 -440.582544 -453.219336 -459.361387 -434.122915 -432.531006 -440.246319 -457.638006 -489.317589 -532.981211 -550.247713 -511.466042 -466.495716 -407.926912 -9999.0 -9999.0 -9999.0 -9999.0 -9999.0 -9999.0 -9999.0 -9999.0 -9999.0 -9999.0 -9999.0 -9999.0 -9999.0 -9999.0
-9999.0 -9999.0 -9999.0 -9999.0 -9999.0 -9999.0 -9999.0 -9999.0 -9999.0 -617.560375 -614.436767 -607.826238 -606.633679 -591.551525 -593.563556 -587.208857 -579.749228 -554.580222 -524.284128 -489.825676 -461.365143 -472.070664 -472.361623 -460.403481 -453.375706 -440.408061 -419.670291 -378.516644 -334.760077 -291.010021 -320.264006 -321.728174 -297.816771 -233.214416 -185.610306 -173.466791 -193.153701 -189.364014 -161.025311 -133.214235 -134.930414 -137.261909 -109.305960 -93.226161 -85.569944 -108.107849 -127.909074 -129.303303 -98.811837 -159.788813 -235.445395 -305.571993 -308.907456 -342.852655 -386.228367 -409.777101 -413.013171 -390.095101 -405.131254 -442.344091 -478.406115 -487.031272 -502.869565 -486.104907 -462.735404 -414.913430 -375.789138 -346.432438 -345.528214 -362.501427 -9999.0 -9999.0 -9999.0 -9999.0 -9999.0 -9999.0 -9999.0 -9999.0 -9999.0 -9999.0
-9999.0 -9999.0 -9999.0 -9999.0 -9999.0 -9999.0 -695.199489 -686.938504 -667.874328 -662.623758 -639.168658 -632.236228 -612.483882 -593.886329 -574.379948 -558.153220 -527.990491 -496.402184 -455.389581 -410.930826 -377.721692 -382.134489 -371.946614 -334.876292 -280.266831 -235.628324 -206.602640 -163.062591 -69.751412 -1.660555 29.229278 51.037534 116.442986 262.744754 329.896469 341.298667 329.946581 321.019095 330.675958 348.938277 349.970674 348.604316 352.368109 356.085949 372.210362 369.091571 348.527422 343.356488 343.341257 336.308769 281.124697 121.966644 -12.766108 -91.355193 -186.088140 -253.500111 -263.152532 -254.500173 -290.430544 -346.809194 -391.206901 -402.050798 -416.404021 -430.225180 -424.214590 -403.866772 -379.377136 -367.085017 -378.702440 -398.527646 -421.074100 -449.304908 -447.193817 -421.375567 -9999.0 -9999.0 -9999.0 -9999.0 -9999.0 -9999.0
-9999.0 -9999.0 -9999.0 -9999.0 -744.266065 -732.412515 -744.288280 -721.669434 -690.631358 -658.518948 -627.035920 -590.695745 -564.740088 -536.151843 -495.129149 -457.020413 -413.214951 -377.774799 -317.901850 -232.434442 -168.440588 -135.952692 -115.719351 -14.337181 224.192878 307.274423 321.193350 332.628923 350.802175 384.079746 399.375021 404.981764 423.342163 453.917216 479.681691 497.753279 487.867176 485.363623 486.713011 489.412059 505.067460 504.227757 504.692435 504.770880 506.425422 508.743399 494.993490 479.365073 475.390481 472.926729 459.751569 409.032816 375.289334 358.450379 346.015740 317.582391 233.330032 75.323689 -49.162975 -125.672079 -205.052961 -243.091247 -284.436553 -313.496326 -346.027624 -345.290945 -341.774473 -360.854939 -390.474322 -421.536511 -435.634084 -453.527583 -462.911727 -432.534532 -414.379259 -382.914950 -9999.0 -9999.0 -9999.0 -9999.0
-9999.0 -9999.0 -801.325558 -751.614280 -696.725066 -688.926238 -687.217712 -683.325461 -657.789115 -608.728632 -531.073729 -478.793588 -433.984988 -403.915990 -340.692267 -240.049999 -153.186603 -91.217638 21.013499 241.027384 320.088700 340.614394 347.804780 373.687305 423.963407 461.194817 471.743581 481.207856 492.110492 509.986168 529.654719 543.987853 551.511185 548.544801 548.212962 544.831947 543.520966 540.825274 525.836889 523.429900 529.021395 530.633920 533.824699 522.760948 519.108950 531.145009 533.997646 537.519888 541.684477 550.275362 558.658734 528.778902 489.435524 484.016026 484.508707 464.172458 427.908683 388.583131 372.091456 351.456665 305.442306 223.351588 -7.941252 -99.118757 -171.403174 -219.780327 -271.558368 -313.896426 -358.996839 -403.316437 -425.622385 -443.087107 -444.325729 -442.773764 -426.076281 -409.848515 -394.009267 -385.979381 -9999.0 -9999.0
-9999.0 -898.823937 -826.532725 -699.507661 -622.005426 -578.424901 -538.453823 -509.861014 -487.148446 -474.417958 -363.791801 -240.796634 -142.514643 -104.730417 -10.283816 233.592218 331.988346 360.107430 386.521387 433.550938 467.207587 488.549741 502.069719 528.134441 553.796051 552.998322 549.043372 547.676430 538.324143 530.588015 520.898822 528.923764 528.771809 515.907068 504.285040 501.730643 497.162305 484.888186 472.300148 466.883410 469.517094 482.320450 476.343873 465.839409 463.838796 474.495241 483.387106 479.501097 474.363481 486.290819 504.452120 515.920787 529.876998 543.169777 562.063413 539.910928 511.921414 487.428046 480.269719 470.451241 446.653093 412.770289 366.074449 326.354989 241.131570 -8.668182 -116.128844 -194.309125 -266.934231 -307.740595 -339.515770 -391.862463 -414.461017 -411.762857 -420.247942 -422.072507 -414.886237 -408.196489 -9999.0 -9999.0
-9999.0 -968.369501 -825.235763 -640.240906 -495.420429 -434.271026 -302.784880 -210.734618 -184.454464 -207.503746 -68.837533 292.586317 365.513669 370.448596 413.661486 477.282806 508.617089 532.048829 548.462369 544.597397 540.531858 541.170696 535.591682 527.483075 514.891536 508.988544 509.607190 509.560262 498.881655 490.015466 479.942299 479.742306 473.885627 456.804221 439.922817 422.725681 397.079929 383.576221 365.575143 352.140586 344.694759 357.050497 351.817842 342.163996 339.625176 351.825317 371.106617 368.321904 379.334187 412.111542 438.783815 455.954611 463.747794 477.033685 494.187745 517.746669 531.848868 550.839164 555.305180 534.427671 504.855141 481.388709 469.776498 444.490175 407.939013 345.218037 277.949819 106.790057 -48.480591 -120.023978 -185.207592 -259.239414 -322.400175 -350.545434 -389.372210 -409.991810 -9999.0 -9999.0 -9999.0 -9999.0
-9999.0 -1031.080485 -839.443595 -573.900486 -317.363846 -155.921603 227.717667 343.307664 373.161579 406.368421 423.757628 519.224466 534.487667 521.269455 501.367876 500.453149 512.270969 515.359447 511.551979 504.456465 499.193365 496.033102 493.561255 488.960681 483.148182 476.688191 472.217037 469.873604 453.691328 435.819594 402.054080 387.632718 367.571425 315.635581 280.886245 198.910929 -9.820795 -35.541309 -55.256554 -95.178150 -117.587342 -134.160128 -113.934458 -115.182486 -115.330932 -105.676231 -78.989843 -50.951161 33.696841 230.279040 305.673646 339.957086 359.563868 393.567221 429.999590 458.807158 469.994034 482.172354 504.493797 533.603320 553.554861 547.411194 523.381840 501.597355 471.681602 443.979853 425.232344 378.797945 339.563902 305.326810 224.800863 -15.911467 -134.222527 -256.495560 -300.519455 -9999.0 -9999.0 -9999.0 -9999.0 -9999.0
-9999.0 -1179.942876 -912.534666 -615.836048 -271.281270 209.190310 338.703420 446.305436 500.306803 450.656655 442.646771 454.152091 474.340879 475.667486 464.994411 464.910137 462.005713 462.562848 472.352706 459.165438 442.372132 426.450591 416.742802 404.347804 386.445983 375.768491 369.998218 361.509568 333.656754 278.550487 78.805469 0.678118 -109.527646 -187.855408 -242.699917 -302.162051 -359.550989 -361.680426 -345.812326 -363.079088 -385.620939 -404.712091 -379.061018 -363.891164 -353.160602 -363.119749 -354.337555 -319.019348 -267.757343 -217.061528 -154.443760 -85.470490 -11.436410 133.858373 272.970317 329.349574 356.791260 387.339835 440.202890 480.920120 495.315323 513.790177 545.781693 563.649386 525.977050 495.537196 478.516252 459.992881 429.156890 414.572609 398.126313 352.796597 310.191333 -9999.0 -9999.0 -9999.0 -9999.0 -9999.0 -9999.0 -9999.0
-9999.0 -1315.556379 -1080.654829 -829.140184 -529.519217 -285.658348 -80.018234 206.011602 298.711120 307.085870 320.001666 334.284371 348.737339 361.028573 349.122561 330.722661 316.928239 320.928325 321.072555 305.371375 271.383189 197.309690 127.122200 84.518120 15.593905 -19.009048 -38.879881 -72.676181 -119.915425 -185.799639 -283.897834 -356.139564 -419.061440 -455.060223 -485.249347 -518.084872 -556.912653 -545.931588 -530.788878 -535.511819 -548.201470 -553.080823 -523.612958 -505.658754 -495.888539 -509.749333 -491.968427 -465.660671 -424.604174 -383.826934 -336.233243 -281.605753 -227.183700 -189.906365 -162.092838 -121.727860 -61.353685 65.551751 279.381641 369.265366 430.626563 456.383624 480.984270 497.956733 504.735832 523.309910 518.089337 477.154808 427.935279 443.593479 449.646133 -9999.0 -9999.0 -9999.0 -9999.0 -9999.0 -9999.0 -9999.0 -9999.0 -9999.0
-9999.0 -9999.0 -1318.203990 -1124.580341 -959.978587 -775.366866 -631.240036 -530.856137 -460.436915 -370.324609 -273.198763 -196.039948 -153.931427 -136.706353 -157.139899 -201.823144 -230.842363 -231.129475 -241.565203 -259.866889 -292.906394 -307.957416 -318.689917 -327.205828 -342.214241 -350.173516 -355.459264 -366.529124 -389.501946 -436.728817 -490.150927 -541.702767 -595.402643 -619.614758 -641.009143 -663.445978 -667.187832 -668.284514 -661.126353 -659.988623 -655.080656 -643.729976 -623.080073 -602.231460 -593.195264 -586.880099 -574.753079 -551.761271 -519.428311 -479.756761 -428.856528 -374.521126 -337.543438 -326.505532 -336.483953 -330.217658 -306.571699 -255.850640 -147.635355 -6.317248 253.572222 338.749904 391.875402 438.157738 449.242513 457.936481 471.693846 443.640833 284.098516 400.087032 -9999.0 -9999.0 -9999.0 -9999.0 -9999.0 -9999.0 -9999.0 -9999.0 -9999.0 -9999.0
-9999.0 -9999.0 -9999.0 -9999.0 -1267.442236 -1109.851119 -1017.630970 -937.045552 -821.157654 -718.745180 -631.593334 -559.664932 -510.520979 -488.375652 -501.430894 -509.339529 -518.373523 -521.437660 -529.630627 -535.898707 -542.146457 -549.605056 -559.784641 -566.995439 -567.763515 -564.343404 -565.926828 -578.303472 -593.074513 -620.486984 -644.572139 -679.224942 -715.823921 -744.397748 -757.015753 -763.984134 -763.480408 -768.510563 -758.802104 -752.761146 -738.120983 -722.787535 -698.940305 -671.094171 -659.045705 -645.248874 -635.825194 -615.356852 -586.174787 -534.624398 -473.795483 -419.531386 -387.537247 -385.799982 -414.171924 -431.985734 -436.998280 -410.529748 -363.088754 -288.450907 -167.746327 -67.778560 73.330272 267.843269 324.184375 358.391363 415.279635 436.861188 -9999.0 -9999.0 -9999.0 -9999.0 -9999.0 -9999.0 -9999.0 -9999.0 -9999.0 -9999.0 -9999.0 -9999.0
-9999.0 -9999.0 -9999.0 -9999.0 -9999.0 -9999.0 -1326.158703 -1232.841935 -1144.159474 -1027.802626 -921.001576 -833.778311 -763.248692 -740.875734 -725.990531 -705.087955 -710.165094 -726.361861 -741.872854 -725.984795 -717.380358 -721.697060 -747.854033 -749.323691 -746.058765 -736.473531 -737.235331 -742.888346 -766.976289 -759.484091 -761.142656 -783.584872 -809.117449 -823.301853 -834.539237 -824.453567 -823.405979 -835.500463 -832.618791 -806.934477 -787.546561 -774.153084 -751.672276 -718.872134 -687.321426 -673.544702 -672.916448 -667.006927 -625.796962 -556.624459 -487.949176 -436.316116 -407.335547 -401.692113 -432.256881 -475.456324 -499.462275 -495.505759 -463.946762 -413.234292 -336.579691 -285.045094 -246.629846 -209.047718 -169.607718 -51.460204 -9999.0 -9999.0 -9999.0 -9999.0 -9999.0 -9999.0 -9999.0 -9999.0 -9999.0 -9999.0 -9999.0 -9999.0 -9999.0 -9999.0
-9999.0 -9999.0 -9999.0 -9999.0 -9999.0 -9999.0 -9999.0 -9999.0 -9999.0 -9999.0 -9999.0 -9999.0 -9999.0 -9999.0 -9999.0 -9999.0 -9999.0 -9999.0 -9999.0 -9999.0 -9999.0 -9999.0 -9999.0 -9999.0 -9999.0 -9999.0 -9999.0 -9999.0 -9999.0 -9999.0 -9999.0 -9999.0 -9999.0 -9999.0 -9999.0 -9999.0 -9999.0 -9999.0 -9999.0 -9999.0 -9999.0 -9999.0 -9999.0 -9999.0 -9999.0 -9999.0 -9999.0 -9999.0 -9999.0 -9999.0 -9999.0 -9999.0 -9999.0 -9999.0 -9999.0 -9999.0 -9999.0 -9999.0 -9999.0 -9999.0 -9999.0 -9999.0 -9999.0 -9999.0 -9999.0 -9999.0 -9999.0 -9999.0 -9999.0 -9999.0 -9999.0 -9999.0 -9999.0 -9999.0 -9999.0 -9999.0 -9999.0 -9999.0 -9999.0 -9999.0
-9999.0 -9999.0 -9999.0 -9999.0 -9999.0 -9999.0 -9999.0 -9999.0 -9999.0 -9999.0 -9999.0 -9999.0 -9999.0 -9999.0 -9999.0 -9999.0 -9999.0 -9999.0 -9999.0 -9999.0 -9999.0 -9999.0 -9999.0 -9999.0 -9999.0 -9999.0 -9999.0 -9999.0 -9999.0 -9999.0 -9999.0 -9999.0 -9999.0 -9999.0 -9999.0 -9999.0 -9999.0 -9999.0 -9999.0 -9999.0 -9999.0 -9999.0 -9999.0 -9999.0 -9999.0 -9999.0 -9999.0 -9999.0 -9999.0 -9999.0 -9999.0 -9999.0 -9999.0 -9999.0 -9999.0 -9999.0 -9999.0 -9999.0 -9999.0 -9999.0 -9999.0 -9999.0 -9999.0 -9999.0 -9999.0 -9999.0 -9999.0 -9999.0 -9999.0 -9999.0 -9999.0 -9999.0 -9999.0 -9999.0 -9999.0 -9999.0 -9999.0 -9999.0 -9999.0 -9999.0