Borden_/Borden1m_014/output_maps/psiliqL0012N0017.asc
ncols         80
nrows         18
xllcorner     620200.000000
yllcorner     5168000.000000
cellsize      1.000000
NODATA_value  -9999.0
-9999.0 -9999.0 -9999.0 -9999.0 -9999.0 -9999.0 -9999.0 -9999.0 -9999.0 -9999.0 -9999.0 -9999.0 -9999.0 -9999.0 -9999.0 -9999.0 -9999.0 -9999.0 -9999.0 -9999.0 -9999.0 -9999.0 -9999.0 -9999.0 -9999.0 -9999.0 -9999.0 -9999.0 -9999.0 -9999.0 -9999.0 -9999.0 -9999.0 -9999.0 -9999.0 -9999.0 -9999.0 -9999.0 -9999.0 -9999.0 -9999.0 -9999.0 -9999.0 -9999.0 -9999.0 -9999.0 -9999.0 -9999.0 -9999.0 -9999.0 -9999.0 -9999.0 -9999.0 -9999.0 -9999.0 -9999.0 -9999.0 -9999.0 -9999.0 -9999.0 -9999.0 -9999.0 -9999.0 -9999.0 -9999.0 -9999.0 -9999.0 -9999.0 -9999.0 -9999.0 -9999.0 -9999.0 -9999.0 -9999.0 -9999.0 -9999.0 -9999.0 -9999.0 -9999.0 -9999.0
-9999.0 -9999.0 -9999.0 -9999.0 -9999.0 -9999.0 -9999.0 -9999.0 -9999.0 -9999.0 -9999.0 -9999.0 -9999.0 -9999.0 -9999.0 -9999.0 -9999.0 -9999.0 -9999.0 -9999.0 -9999.0 -9999.0 -9999.0 -9999.0 -9999.0 -9999.0 -9999.0 -9999.0 -9999.0 -9999.0 -9999.0 -9999.0 -9999.0 -9999.0 -9999.0 -9999.0 -9999.0 -9999.0 -9999.0 -9999.0 -9999.0 -9999.0 -9999.0 -9999.0 -9999.0 -9999.0 -9999.0 -9999.0 -9999.0 -9999.0 -9999.0 -9999.0 -9999.0 -9999.0 -9999.0 -9999.0 -9999.0 -9999.0 -9999.0 -9999.0 -9999.0 -9999.0 -9999.0 -9999.0 -9999.0 -9999.0 -9999.0 -9999.0 -9999.0 -9999.0 -9999.0 -9999.0 -9999.0 -9999.0 -9999.0 -9999.0 -9999.0 -9999.0 -9999.0 -9999.0
-9999.0 -9999.0 -9999.0 -9999.0 -9999.0 -9999.0 -9999.0 -9999.0 -9999.0 -9999.0 -9999.0 -9999.0 -9999.0 -9999.0 -9999.0 -9999.0 -9999.0 -9999.0 -9999.0 -9999.0 543.462962 546.562468 524.932895 492.000489 464.911114 468.140660 503.990478 546.229305 585.498930 596.734526 580.160927 584.009150 581.272987 582.323014 586.468220 594.081392 598.524004 610.213033 618.724786 618.205477 611.809605 606.252413 605.924987 609.104337 614.410118 604.345205 618.377122 633.784708 639.168631 633.114628 604.401263 586.668153 575.701818 558.516352 581.309625 591.889176 613.300530 616.107188 613.289926 585.251027 554.536554 -9999.0 -9999.0 -9999.0 -9999.0 -9999.0 -9999.0 -9999.0 -9999.0 -9999.0 -9999.0 -9999.0 -9999.0 -9999.0 -9999.0 -9999.0 -9999.0 -9999.0 -9999.0 -9999.0
-9999.0 -9999.0 -9999.0 -9999.0 -9999.0 -9999.0 -9999.0 -9999.0 -9999.0 -9999.0 -9999.0 -9999.0 -9999.0 -9999.0 449.833000 440.634069 438.672260 448.222122 483.101380 514.322241 527.073810 520.407796 521.543846 499.399664 480.617652 496.300547 527.353385 560.105991 595.735889 617.529230 607.675939 607.901970 621.158187 650.119524 665.467597 663.986329 644.687071 668.255660 684.124745 692.520428 691.238999 682.335498 695.633781 711.567115 704.975144 688.018518 693.277423 705.793627 718.842925 703.649143 637.563515 614.369857 606.594164 596.824259 580.804621 572.581396 595.964362 594.487613 584.479321 565.098250 531.529510 486.863563 467.659128 505.344709 548.545662 605.404408 -9999.0 -9999.0 -9999.0 -9999.0 -9999.0 -9999.0 -9999.0 -9999.0 -9999.0 -9999.0 -9999.0 -9999.0 -9999.0 -9999.0
-9999.0 -9999.0 -9999.0 -9999.0 -9999.0 -9999.0 -9999.0 -9999.0 -9999.0 390.655362 395.247429 403.052277 405.899647 422.320059 420.897094 428.964553 437.569176 465.773034 498.689807 535.691209 565.998288 558.134153 560.497399 574.235758 582.687746 598.105787 621.545596 663.489375 705.939353 750.016754 725.437534 728.600100 755.158474 808.385899 845.208913 854.030414 836.777788 844.275685 868.961692 890.639308 888.681099 885.603410 909.922153 923.933523 927.239824 908.294624 895.664450 897.068710 923.326817 871.343578 803.305472 745.599867 739.448982 702.702502 660.114775 636.608716 630.861547 648.360774 629.874880 590.036898 551.786651 539.607494 520.677730 535.868623 556.840080 602.206692 640.103255 667.573948 666.349814 648.194278 -9999.0 -9999.0 -9999.0 -9999.0 -9999.0 -9999.0 -9999.0 -9999.0 -9999.0 -9999.0
-9999.0 -9999.0 -9999.0 -9999.0 -9999.0 -9999.0 311.493713 321.143713 341.705252 347.127888 372.731065 380.957911 402.477585 422.980542 445.695560 464.220998 496.646480 532.069029 576.846684 624.500896 659.805271 657.490252 671.265220 709.861808 760.611687 797.227429 824.754150 865.466609 944.160204 992.747039 1010.219895 1026.207359 1051.648104 1104.362555 1166.472944 1181.216121 1162.138984 1147.981906 1165.428877 1197.244716 1200.888288 1200.042660 1208.188967 1217.296760 1244.077786 1237.341725 1201.743913 1190.898859 1190.547369 1177.820330 1119.767613 1049.592381 992.195087 930.615520 843.804007 784.797316 784.193603 793.558608 755.510492 696.401039 651.418849 637.193165 618.082692 600.958305 604.069155 620.881631 641.525108 650.940027 636.536169 614.316867 590.454736 560.502986 561.171293 585.674059 -9999.0 -9999.0 -9999.0 -9999.0 -9999.0 -9999.0
-9999.0 -9999.0 -9999.0 -9999.0 261.255634 274.469603 263.020895 288.179054 321.304089 355.911904 389.067108 427.465145 456.280992 488.517900 532.576961 572.345820 618.651821 659.203866 722.561585 801.322776 858.549950 886.548844 906.780443 979.184972 1063.258613 1124.419725 1145.726498 1169.725228 1207.927373 1267.227013 1297.991758 1311.498030 1338.357706 1374.253449 1415.993622 1445.257151 1429.581525 1423.081804 1427.216496 1435.431012 1456.066330 1455.658732 1456.761408 1458.830901 1463.567495 1464.877312 1445.535906 1418.759699 1410.015940 1403.946714 1378.140218 1306.704071 1256.568412 1223.132742 1192.733102 1143.835750 1074.443651 1042.099525 968.307879 903.203111 835.205741 805.646017 764.083456 730.383666 694.820953 690.615738 689.293669 665.594333 631.128244 596.669056 579.706743 559.137741 546.827413 575.380007 591.901001 621.703111 -9999.0 -9999.0 -9999.0 -9999.0
-9999.0 -9999.0 201.519981 251.297233 308.715824 318.654993 321.206753 327.997868 357.038723 410.052523 488.874791 543.080897 589.408986 626.251436 693.074296 783.303126 862.165768 919.233625 995.338976 1083.171582 1150.149243 1183.240855 1201.026661 1244.298873 1307.861752 1372.533001 1397.128358 1418.418396 1443.055263 1472.599116 1488.828463 1505.786356 1516.957897 1519.333517 1522.370006 1521.657262 1517.152030 1512.289768 1494.705090 1490.800691 1496.577253 1499.975432 1502.095755 1489.927139 1486.866273 1500.849184 1506.156172 1509.364958 1513.485277 1523.230086 1528.733169 1490.858475 1447.682605 1432.866642 1425.275399 1384.562312 1320.575685 1272.831874 1245.686851 1204.388647 1130.249966 1071.817646 999.242418 935.296473 872.542674 828.868459 773.202485 724.832590 673.436231 623.643711 596.792044 575.380389 570.050813 567.622313 581.715455 595.692269 609.957966 617.190072 -9999.0 -9999.0
-9999.0 99.750797 172.746469 300.630729 382.099045 429.772967 468.640303 496.731271 525.628461 549.933454 660.192375 761.937360 856.681148 898.006068 962.841664 1075.972389 1171.361502 1219.525181 1265.227765 1328.657957 1389.122225 1431.369231 1456.253517 1474.942701 1509.937624 1520.813651 1522.410633 1523.610408 1517.668490 1509.728702 1500.845189 1508.151273 1506.675947 1490.307993 1475.016081 1470.183566 1461.782497 1437.838716 1411.640077 1398.284744 1400.700077 1421.541746 1411.135082 1392.840011 1389.986319 1410.152071 1429.224126 1424.894163 1419.376138 1440.796926 1474.422965 1493.653843 1504.696786 1519.923039 1539.407670 1514.080689 1483.734684 1444.247480 1426.891883 1402.418147 1350.824840 1290.164615 1230.136066 1166.383565 1092.928790 1002.976361 924.852915 853.636074 777.052141 729.244523 692.048660 634.742315 606.877044 603.134886 590.402077 585.113199 589.501874 595.111273 -9999.0 -9999.0
-9999.0 22.914400 166.556542 353.544588 505.300955 572.942215 691.454918 777.431817 807.440183 785.671449 899.463630 1127.012729 1225.632488 1244.590284 1319.101753 1408.602806 1436.852559 1469.733575 1494.704367 1504.958935 1511.762831 1518.963569 1515.449013 1508.698261 1495.083240 1488.414708 1488.270483 1486.714575 1471.344135 1453.479802 1435.280235 1429.974222 1413.155035 1374.361536 1341.792293 1319.863250 1294.407903 1268.425786 1233.745246 1207.448363 1193.841518 1210.922035 1203.400164 1187.324505 1184.097523 1206.667424 1240.925204 1241.167951 1257.658164 1291.250254 1335.778951 1374.488477 1395.808916 1424.733309 1457.727210 1496.107698 1510.179018 1530.365995 1535.021227 1516.335457 1478.200496 1433.100821 1403.335771 1346.494477 1276.010014 1194.006497 1125.834987 1055.000610 965.903747 906.745952 848.503832 776.174306 707.439654 670.061404 623.803174 599.583730 -9999.0 -9999.0 -9999.0 -9999.0
-9999.0 -50.644649 139.965952 404.306921 680.555724 815.044307 1040.267533 1174.823027 1234.421908 1300.780778 1300.518151 1429.421060 1462.403188 1457.924842 1454.345045 1460.873849 1477.791658 1483.673858 1483.045230 1477.310025 1471.723532 1468.625899 1465.628856 1454.924881 1440.224049 1425.094571 1413.562138 1403.554162 1370.253216 1336.892024 1296.266995 1273.613887 1232.481163 1143.900791 1100.297130 1057.754137 982.350401 964.891522 951.791387 920.339871 900.094654 881.838400 902.241162 905.096493 907.240296 913.738903 935.658330 964.894896 1023.707075 1080.412492 1132.505189 1186.469656 1225.011808 1276.783231 1325.587335 1378.276681 1406.166259 1434.285871 1477.715875 1515.495080 1539.346430 1531.691236 1507.080220 1469.822080 1409.823474 1351.433350 1308.353196 1239.164821 1172.942666 1117.738720 1060.773776 978.029106 886.367745 768.539738 715.398459 -9999.0 -9999.0 -9999.0 -9999.0 -9999.0
-9999.0 -220.303793 48.846311 344.017658 675.183520 1020.234608 1158.075610 1300.184031 1373.078088 1336.466966 1337.961322 1359.496868 1397.600306 1405.430272 1389.667148 1385.809811 1378.840461 1381.047865 1396.007304 1375.039366 1350.123443 1337.518488 1333.535968 1311.363877 1278.096834 1255.599949 1241.480666 1221.968678 1175.851076 1123.716660 1033.732408 990.205646 904.467598 840.439802 792.123648 737.362797 678.042071 671.540154 685.399928 668.514314 645.739901 627.174675 653.389270 670.394379 682.467397 672.843648 683.933867 723.335753 779.730692 832.774372 889.097317 950.330233 1009.415717 1080.135721 1121.168273 1172.576505 1219.609472 1270.498638 1347.528644 1424.811674 1460.675665 1494.635099 1529.741884 1548.390243 1504.009539 1462.445480 1423.552635 1376.742221 1306.940458 1271.271938 1242.889322 1176.241054 1104.403026 -9999.0 -9999.0 -9999.0 -9999.0 -9999.0 -9999.0 -9999.0
-9999.0 -350.742608 -125.015132 115.096302 411.963310 660.102995 859.711971 990.073621 1074.533141 1102.117541 1132.414514 1163.699725 1192.876657 1215.261800 1195.808829 1162.066688 1137.719092 1143.438079 1142.358349 1120.857001 1093.389844 1077.153284 1069.079541 1047.883272 1005.921379 980.784606 964.592000 938.211723 900.529785 841.866469 755.271497 678.090020 611.812526 575.536616 543.351288 507.684797 467.671271 476.140829 488.701058 484.109674 472.455269 468.771954 498.313991 517.284049 527.681566 515.875468 535.707616 564.391301 609.094415 655.304590 707.202653 765.741326 825.292537 864.626907 885.732130 917.666202 966.535376 1038.923506 1139.446931 1241.454119 1326.104496 1378.614618 1430.564657 1465.812770 1481.501219 1500.643056 1484.236209 1414.250495 1305.414355 1335.519424 1347.364190 -9999.0 -9999.0 -9999.0 -9999.0 -9999.0 -9999.0 -9999.0 -9999.0 -9999.0
-9999.0 -9999.0 -361.752381 -176.767589 -26.328023 160.601989 316.579885 432.321418 519.629931 625.995216 726.896093 806.981456 849.515397 867.060236 852.412500 817.773223 795.639594 796.321490 786.967249 774.529724 751.270062 740.057129 725.728745 711.652364 693.591756 682.857674 674.903220 661.704580 637.617508 588.783141 535.271696 480.654236 424.644158 397.930819 374.850979 351.575698 347.991407 344.510058 350.399659 351.543220 357.519102 369.665269 390.233899 412.017106 421.777912 429.934964 442.993707 467.586146 502.088707 545.424794 600.337059 658.970522 700.618475 716.550688 710.317891 719.226506 745.898408 798.959726 894.487128 997.705158 1113.817790 1195.372229 1277.284048 1339.956255 1362.643560 1383.432655 1404.657933 1337.218949 944.821799 1249.998249 -9999.0 -9999.0 -9999.0 -9999.0 -9999.0 -9999.0 -9999.0 -9999.0 -9999.0 -9999.0
-9999.0 -9999.0 -9999.0 -9999.0 -321.035102 -162.759425 -65.668013 19.722736 147.210956 263.791751 361.647216 442.137827 499.744475 525.141042 517.671889 517.598460 511.373402 506.655045 497.328363 493.282940 488.613520 479.347048 464.647072 454.726801 452.426947 454.890600 451.519628 437.348994 419.827404 393.839632 370.333121 334.342768 296.807920 266.915936 253.265793 246.392660 246.023409 239.639813 248.675865 255.391258 270.418058 285.836071 309.852753 338.567232 351.779141 366.388554 376.411103 397.579121 428.425694 482.314161 546.052923 603.829576 639.666835 644.911647 620.769352 606.652080 605.804574 638.205390 691.095334 769.917166 885.423495 974.043912 1057.940653 1125.222944 1168.389720 1222.853431 1296.561165 1338.300407 -9999.0 -9999.0 -9999.0 -9999.0 -9999.0 -9999.0 -9999.0 -9999.0 -9999.0 -9999.0 -9999.0 -9999.0
-9999.0 -9999.0 -9999.0 -9999.0 -9999.0 -9999.0 -372.129853 -272.517601 -186.549312 -55.224830 67.103270 164.207162 241.718544 270.141765 291.863227 316.466555 313.211752 295.540970 277.636895 294.699861 305.375700 299.057473 269.293544 267.065936 270.110299 278.272243 276.147974 269.500903 244.185662 253.252101 252.158128 228.457476 201.915964 187.362195 175.403025 184.986689 185.377722 172.293570 173.902507 200.238535 220.191445 233.584618 255.913411 289.191123 321.415199 336.186949 337.499501 343.972201 385.286037 456.041787 527.469506 582.312602 614.404427 622.702440 595.424947 555.659182 535.898039 545.053477 583.463760 642.235411 726.454502 786.109503 829.100902 860.981822 893.214144 991.054604 -9999.0 -9999.0 -9999.0 -9999.0 -9999.0 -9999.0 -9999.0 -9999.0 -9999.0 -9999.0 -9999.0 -9999.0 -9999.0 -9999.0
-9999.0 -9999.0 -9999.0 -9999.0 -9999.0 -9999.0 -9999.0 -9999.0 -9999.0 -9999.0 -9999.0 -9999.0 -9999.0 -9999.0 -9999.0 -9999.0 -9999.0 -9999.0 -9999.0 -9999.0 -9999.0 -9999.0 -9999.0 -9999.0 -9999.0 -9999.0 -9999.0 -9999.0 -9999.0 -9999.0 -9999.0 -9999.0 -9999.0 -9999.0 -9999.0 -9999.0 -9999.0 -9999.0 -9999.0 -9999.0 -9999.0 -9999.0 -9999.0 -9999.0 -9999.0 -9999.0 -9999.0 -9999.0 -9999.0 -9999.0 -9999.0 -9999.0 -9999.0 -9999.0 -9999.0 -9999.0 -9999.0 -9999.0 -9999.0 -9999.0 -9999.0 -9999.0 -9999.0 -9999.0 -9999.0 -9999.0 -9999.0 -9999.0 -9999.0 -9999.0 -9999.0 -9999.0 -9999.0 -9999.0 -9999.0 -9999.0 -9999.0 -9999.0 -9999.0 -9999.0
-9999.0 -9999.0 -9999.0 -9999.0 -9999.0 -9999.0 -9999.0 -9999.0 -9999.0 -9999.0 -9999.0 -9999.0 -9999.0 -9999.0 -9999.0 -9999.0 -9999.0 -9999.0 -9999.0 -9999.0 -9999.0 -9999.0 -9999.0 -9999.0 -9999.0 -9999.0 -9999.0 -9999.0 -9999.0 -9999.0 -9999.0 -9999.0 -9999.0 -9999.0 -9999.0 -9999.0 -9999.0 -9999.0 -9999.0 -9999.0 -9999.0 -9999.0 -9999.0 -9999.0 -9999.0 -9999.0 -9999.0 -9999.0 -9999.0 -9999.0 -9999.0 -9999.0 -9999.0 -9999.0 -9999.0 -9999.0 -9999.0 -9999.0 -9999.0 -9999.0 -9999.0 -9999.0 -9999.0 -9999.0 -9999.0 -9999.0 -9999.0 -9999.0 -9999.0 -9999.0 -9999.0 -9999.0 -9999.0 -9999.0 -9999.0 -9999.0 -9999.0 -9999.0 -9999.0 -9999.0