Borden_/Borden1m_014/output_maps/psiliqL0008N0005.asc
ncols         80
nrows         18
xllcorner     620200.000000
yllcorner     5168000.000000
cellsize      1.000000
NODATA_value  -9999.0
-9999.0 -9999.0 -9999.0 -9999.0 -9999.0 -9999.0 -9999.0 -9999.0 -9999.0 -9999.0 -9999.0 -9999.0 -9999.0 -9999.0 -9999.0 -9999.0 -9999.0 -9999.0 -9999.0 -9999.0 -9999.0 -9999.0 -9999.0 -9999.0 -9999.0 -9999.0 -9999.0 -9999.0 -9999.0 -9999.0 -9999.0 -9999.0 -9999.0 -9999.0 -9999.0 -9999.0 -9999.0 -9999.0 -9999.0 -9999.0 -9999.0 -9999.0 -9999.0 -9999.0 -9999.0 -9999.0 -9999.0 -9999.0 -9999.0 -9999.0 -9999.0 -9999.0 -9999.0 -9999.0 -9999.0 -9999.0 -9999.0 -9999.0 -9999.0 -9999.0 -9999.0 -9999.0 -9999.0 -9999.0 -9999.0 -9999.0 -9999.0 -9999.0 -9999.0 -9999.0 -9999.0 -9999.0 -9999.0 -9999.0 -9999.0 -9999.0 -9999.0 -9999.0 -9999.0 -9999.0
-9999.0 -9999.0 -9999.0 -9999.0 -9999.0 -9999.0 -9999.0 -9999.0 -9999.0 -9999.0 -9999.0 -9999.0 -9999.0 -9999.0 -9999.0 -9999.0 -9999.0 -9999.0 -9999.0 -9999.0 -9999.0 -9999.0 -9999.0 -9999.0 -9999.0 -9999.0 -9999.0 -9999.0 -9999.0 -9999.0 -9999.0 -9999.0 -9999.0 -9999.0 -9999.0 -9999.0 -9999.0 -9999.0 -9999.0 -9999.0 -9999.0 -9999.0 -9999.0 -9999.0 -9999.0 -9999.0 -9999.0 -9999.0 -9999.0 -9999.0 -9999.0 -9999.0 -9999.0 -9999.0 -9999.0 -9999.0 -9999.0 -9999.0 -9999.0 -9999.0 -9999.0 -9999.0 -9999.0 -9999.0 -9999.0 -9999.0 -9999.0 -9999.0 -9999.0 -9999.0 -9999.0 -9999.0 -9999.0 -9999.0 -9999.0 -9999.0 -9999.0 -9999.0 -9999.0 -9999.0
-9999.0 -9999.0 -9999.0 -9999.0 -9999.0 -9999.0 -9999.0 -9999.0 -9999.0 -9999.0 -9999.0 -9999.0 -9999.0 -9999.0 -9999.0 -9999.0 -9999.0 -9999.0 -9999.0 -9999.0 -273.156056 -270.247384 -293.269010 -327.589854 -356.295201 -354.857598 -320.425195 -279.735760 -242.148313 -231.921473 -250.332560 -249.179338 -254.649713 -255.168792 -252.460701 -246.663299 -244.095457 -232.664077 -224.279573 -224.590673 -230.799827 -236.534944 -237.760234 -234.126272 -228.980279 -237.913281 -224.290153 -208.922984 -202.532112 -207.381791 -234.325226 -249.799560 -257.537301 -271.639977 -246.530025 -233.487029 -210.027786 -205.313096 -206.162036 -232.914838 -262.846459 -9999.0 -9999.0 -9999.0 -9999.0 -9999.0 -9999.0 -9999.0 -9999.0 -9999.0 -9999.0 -9999.0 -9999.0 -9999.0 -9999.0 -9999.0 -9999.0 -9999.0 -9999.0 -9999.0
-9999.0 -9999.0 -9999.0 -9999.0 -9999.0 -9999.0 -9999.0 -9999.0 -9999.0 -9999.0 -9999.0 -9999.0 -9999.0 -9999.0 -362.285798 -372.731545 -376.196314 -368.220912 -335.049918 -305.542788 -293.066201 -301.034787 -301.510228 -325.598991 -346.330510 -332.835702 -304.094365 -273.166804 -239.296176 -219.070270 -232.076910 -235.133605 -224.963865 -197.876628 -183.732165 -186.705985 -208.062687 -185.553664 -169.236104 -159.094690 -159.467681 -167.797551 -152.963805 -136.532745 -143.225196 -160.906777 -157.860732 -147.107203 -133.246184 -147.945664 -212.177187 -232.617990 -235.028251 -240.938453 -253.673998 -259.715676 -234.216716 -232.699020 -240.394622 -257.840675 -289.700416 -333.490122 -350.810442 -311.892355 -266.922070 -208.491557 -9999.0 -9999.0 -9999.0 -9999.0 -9999.0 -9999.0 -9999.0 -9999.0 -9999.0 -9999.0 -9999.0 -9999.0 -9999.0 -9999.0
-9999.0 -9999.0 -9999.0 -9999.0 -9999.0 -9999.0 -9999.0 -9999.0 -9999.0 -417.826302 -414.568118 -407.961514 -406.724943 -391.667560 -393.766437 -387.414781 -380.179651 -354.942068 -324.703333 -290.245385 -261.818136 -272.498010 -272.809766 -261.194574 -254.965162 -242.626016 -222.284051 -182.181674 -140.202566 -98.575224 -127.332560 -129.760975 -110.669243 -60.471848 -21.233716 -10.981926 -30.750768 -27.205800 0.951439 35.370001 39.512961 39.546533 64.508394 77.888010 83.303866 64.109828 43.913776 32.705557 53.063059 1.184025 -64.475658 -118.961932 -116.942250 -147.713164 -188.899025 -211.289401 -213.908957 -191.206360 -205.774369 -242.742672 -278.827555 -287.637825 -303.551152 -286.493230 -263.059548 -215.319615 -176.352467 -147.156555 -146.282828 -163.128957 -9999.0 -9999.0 -9999.0 -9999.0 -9999.0 -9999.0 -9999.0 -9999.0 -9999.0 -9999.0
-9999.0 -9999.0 -9999.0 -9999.0 -9999.0 -9999.0 -495.466025 -487.104765 -467.981999 -462.896263 -439.320365 -432.513249 -412.851767 -394.372110 -374.794856 -358.812381 -328.945193 -297.330103 -256.398289 -212.906982 -181.283622 -186.036376 -175.991192 -142.243042 -98.911749 -66.028831 -41.178629 0.211156 85.437757 131.454884 144.210857 149.187422 159.076222 212.524468 298.715203 332.398979 295.472891 272.704774 314.055760 449.519491 481.830115 487.174683 493.260446 498.017236 516.283772 508.618594 463.153992 370.801830 332.879414 307.087266 230.963973 159.585437 120.320893 71.307249 -16.589007 -81.494101 -83.499763 -67.495200 -98.034084 -151.608596 -193.814792 -203.853555 -217.787341 -231.142811 -224.763062 -204.361955 -180.069516 -167.742378 -179.234265 -198.983168 -221.409361 -249.589359 -247.426919 -221.657976 -9999.0 -9999.0 -9999.0 -9999.0 -9999.0 -9999.0
-9999.0 -9999.0 -9999.0 -9999.0 -544.518850 -532.635436 -544.692447 -521.925139 -490.893453 -458.766915 -427.566511 -391.549156 -365.776285 -337.260015 -296.524866 -259.358974 -216.428633 -181.931124 -127.451045 -58.048624 -4.814727 24.990405 48.119741 111.235793 175.975540 235.805596 264.216631 316.660325 448.982312 516.071386 535.548395 538.102733 548.224789 569.050964 601.215515 625.820676 610.880256 606.799692 617.667366 644.363451 668.813956 670.920345 672.148695 672.115666 673.182558 673.616283 655.812552 618.917794 603.070977 594.474513 575.750594 530.246192 505.346248 476.855134 386.762947 272.263457 180.643943 156.456021 98.716367 35.710858 -35.937832 -62.825413 -95.375382 -120.784950 -150.091827 -148.044144 -143.712880 -161.983216 -191.177121 -221.956792 -235.958605 -253.798010 -263.245256 -232.811655 -214.658180 -183.321709 -9999.0 -9999.0 -9999.0 -9999.0
-9999.0 -9999.0 -601.634139 -552.186243 -497.235734 -489.583220 -488.386267 -484.622637 -459.131937 -410.157989 -333.329005 -281.713049 -236.967237 -207.096473 -148.528735 -64.363705 14.696414 68.994626 128.240163 199.660649 276.145528 346.312708 448.572242 495.222433 532.122278 571.422460 588.263000 611.055357 647.188004 671.080570 684.528038 696.950823 700.778800 696.801296 696.060281 694.665841 693.111910 692.085876 681.399803 683.620737 690.185266 693.795453 696.396395 682.429577 678.875317 691.841922 695.397743 695.483575 696.264561 702.553385 709.118821 681.405030 650.271733 640.766766 624.055696 582.564522 538.435532 510.806276 487.032868 377.261348 239.409687 169.027379 105.243702 49.491212 -3.278632 -35.241442 -79.757394 -118.220062 -161.149055 -204.434277 -226.358951 -243.562593 -244.698441 -243.130530 -226.336176 -210.105818 -194.235526 -186.187175 -9999.0 -9999.0
-9999.0 -699.777708 -627.583132 -500.912601 -423.520531 -380.473927 -342.486223 -315.285934 -291.989040 -277.827263 -169.967739 -59.208653 34.088982 63.549956 113.186438 219.102738 379.969254 476.846846 510.559334 545.797733 585.705060 622.984518 655.533143 677.285588 702.515752 702.369552 700.545780 701.695310 697.672437 691.793706 684.096110 689.372632 686.720510 672.132295 661.912393 662.052920 661.709183 649.534461 634.386573 624.707770 618.283817 641.037987 629.752149 599.593455 597.059455 629.210947 647.779752 643.567734 634.557318 643.924023 663.150392 673.347062 685.212176 699.027173 715.569031 691.308766 670.342168 647.074283 635.007292 603.774865 555.170215 500.102490 386.197860 265.559317 182.171372 99.590319 38.809104 -16.168251 -78.211069 -114.961005 -143.914445 -194.037480 -215.598996 -212.471919 -220.595755 -222.306074 -215.086118 -208.379036 -9999.0 -9999.0
-9999.0 -770.773254 -627.907695 -443.436491 -299.085272 -240.187843 -124.227897 -33.122840 -5.668741 -28.931945 83.371552 409.426712 504.350094 511.485427 554.989976 609.080535 641.843059 675.463407 694.538614 691.843399 689.822538 695.092085 693.918128 688.569562 680.173335 676.805101 677.786520 677.080639 665.381881 654.244357 644.233307 642.704730 626.498716 578.324394 550.687414 540.499935 535.173355 525.188612 503.296949 475.970936 411.855556 476.200232 455.533493 348.915642 342.202747 458.409773 507.217594 505.673782 508.315482 519.928770 543.446357 568.140259 588.245901 623.120344 648.141136 673.659311 686.786841 708.470071 713.266455 690.723435 663.294550 629.853095 599.230557 547.767295 475.146741 301.831777 218.493768 155.012834 80.900063 32.972417 -15.239422 -73.475544 -129.108180 -152.976680 -190.469245 -210.366368 -9999.0 -9999.0 -9999.0 -9999.0
-9999.0 -835.624755 -644.703476 -380.887639 -126.478048 -3.154778 216.529499 442.246587 502.285436 548.266066 562.627949 662.605355 686.274597 676.384380 661.614469 655.295876 662.387843 665.312600 663.473683 659.326203 656.889656 657.330893 658.695285 656.364465 651.936771 644.972454 637.497198 625.777206 582.854210 555.550600 532.027034 520.760009 473.280228 274.788085 206.643976 170.623636 119.186261 113.199082 102.196914 70.816313 46.968261 35.998951 51.280149 42.176485 42.478494 59.839874 84.421696 103.126686 142.695281 177.060059 222.628982 284.707381 351.580893 481.017761 530.889295 571.336187 600.081840 634.119231 665.489711 691.521075 712.068411 704.882743 681.471138 656.875773 612.498473 557.668789 526.142199 459.935117 314.373618 228.736618 164.175267 87.212230 16.884289 -64.983179 -103.814386 -9999.0 -9999.0 -9999.0 -9999.0 -9999.0
-9999.0 -988.475994 -721.329885 -426.772018 -99.041798 230.166663 398.108892 543.914817 599.093488 559.799539 556.993011 581.190534 626.926039 634.378938 614.294232 588.391891 572.535355 570.308167 581.226735 564.580854 547.699248 541.945144 544.642674 539.109656 526.291141 516.848735 506.652645 470.319015 319.818456 239.984386 153.328423 129.170519 55.044020 -20.010254 -68.399808 -115.788424 -165.853414 -167.066680 -151.476072 -168.169494 -190.620759 -209.247568 -184.296556 -169.728379 -159.054332 -168.140951 -159.161902 -125.481816 -78.737453 -38.486401 7.833921 59.223182 105.629177 166.121094 207.239847 274.488329 369.533274 490.385488 558.822248 628.884472 652.522894 673.518149 701.936993 720.481291 684.819282 656.104894 633.562696 603.328602 541.972919 506.113799 455.555254 275.582578 172.473162 -9999.0 -9999.0 -9999.0 -9999.0 -9999.0 -9999.0 -9999.0
-9999.0 -1122.854894 -890.280837 -642.151831 -346.185131 -117.754600 48.587980 156.556168 238.228655 246.666888 275.703828 336.352817 456.290716 489.750339 448.829712 306.580108 250.207591 249.480869 247.146055 217.659309 185.789351 170.673634 170.657139 164.399466 139.324241 123.978160 112.213016 85.734388 39.332047 -16.925596 -97.561082 -163.045479 -223.151001 -258.765990 -288.725524 -321.301039 -359.534623 -348.397726 -333.407518 -337.940683 -350.333544 -354.944345 -325.511991 -307.443984 -297.655517 -311.354961 -293.416168 -267.079844 -226.149419 -186.258041 -141.289433 -90.575021 -40.785371 -11.843302 3.212821 32.474573 78.253797 145.905290 257.028955 458.143746 537.535040 576.286405 627.478956 654.170057 666.287995 691.907939 687.242378 639.304123 571.625654 586.490694 584.092857 -9999.0 -9999.0 -9999.0 -9999.0 -9999.0 -9999.0 -9999.0 -9999.0 -9999.0
-9999.0 -9999.0 -1127.245526 -935.984470 -775.275387 -592.762819 -449.604263 -350.888825 -281.909865 -195.027076 -106.935720 -31.659870 16.141095 34.094270 11.791112 -37.742709 -66.772969 -67.161792 -76.018476 -89.719005 -113.235812 -121.565992 -129.955193 -136.841147 -149.382511 -156.217869 -161.225975 -172.140627 -194.764446 -240.954312 -293.397190 -344.677561 -397.938253 -421.913416 -443.036653 -465.093508 -468.355219 -469.619823 -462.529371 -461.275363 -456.098425 -444.594036 -424.033689 -403.106642 -394.052396 -387.540470 -375.507192 -352.624057 -320.430281 -280.660041 -229.729073 -176.116545 -140.297998 -130.260624 -141.115084 -136.512745 -115.618537 -71.946255 14.615636 110.731628 211.252999 309.749861 480.700358 541.657207 562.626668 600.463615 631.655761 598.558847 386.285964 543.351807 -9999.0 -9999.0 -9999.0 -9999.0 -9999.0 -9999.0 -9999.0 -9999.0 -9999.0 -9999.0
-9999.0 -9999.0 -9999.0 -9999.0 -1078.951098 -922.103879 -829.812938 -749.538319 -632.930945 -529.358719 -441.736526 -369.409574 -319.254219 -296.717329 -309.153957 -315.670863 -324.103045 -327.376378 -335.567680 -341.014062 -346.438109 -353.733655 -364.250782 -371.382471 -371.843386 -368.126648 -369.669133 -381.994320 -396.805752 -423.329173 -446.643624 -480.919729 -517.138764 -545.527145 -558.003453 -564.669419 -564.114977 -569.242561 -559.566425 -553.336080 -538.608307 -523.281130 -499.462442 -471.533759 -459.355580 -445.534111 -436.184910 -415.868425 -386.770216 -335.283235 -274.364594 -219.992319 -188.157780 -186.562761 -214.700368 -232.649203 -238.022939 -212.220505 -167.658035 -100.763026 -1.664648 71.720434 147.278499 208.036597 270.112807 439.076371 553.421251 591.935348 -9999.0 -9999.0 -9999.0 -9999.0 -9999.0 -9999.0 -9999.0 -9999.0 -9999.0 -9999.0 -9999.0 -9999.0
-9999.0 -9999.0 -9999.0 -9999.0 -9999.0 -9999.0 -1136.082245 -1042.198718 -954.851304 -836.643905 -727.848132 -639.609497 -568.459981 -545.397346 -529.490494 -508.087624 -512.836488 -529.223048 -545.049480 -528.822725 -519.613251 -524.011488 -550.464675 -551.723822 -548.189353 -538.626437 -539.389842 -544.940586 -568.913411 -560.778086 -561.959683 -584.260869 -609.638615 -623.606277 -634.753399 -624.590127 -623.523419 -635.690753 -632.988459 -607.148734 -587.648764 -574.276856 -551.879406 -519.069360 -487.489764 -473.632138 -473.014545 -467.208192 -426.311391 -357.275674 -288.500207 -236.648029 -207.641256 -202.093738 -232.563605 -275.946611 -300.185946 -296.505531 -265.110518 -215.066905 -142.750124 -97.040475 -66.889033 -44.470437 -14.039050 90.709482 -9999.0 -9999.0 -9999.0 -9999.0 -9999.0 -9999.0 -9999.0 -9999.0 -9999.0 -9999.0 -9999.0 -9999.0 -9999.0 -9999.0
-9999.0 -9999.0 -9999.0 -9999.0 -9999.0 -9999.0 -9999.0 -9999.0 -9999.0 -9999.0 -9999.0 -9999.0 -9999.0 -9999.0 -9999.0 -9999.0 -9999.0 -9999.0 -9999.0 -9999.0 -9999.0 -9999.0 -9999.0 -9999.0 -9999.0 -9999.0 -9999.0 -9999.0 -9999.0 -9999.0 -9999.0 -9999.0 -9999.0 -9999.0 -9999.0 -9999.0 -9999.0 -9999.0 -9999.0 -9999.0 -9999.0 -9999.0 -9999.0 -9999.0 -9999.0 -9999.0 -9999.0 -9999.0 -9999.0 -9999.0 -9999.0 -9999.0 -9999.0 -9999.0 -9999.0 -9999.0 -9999.0 -9999.0 -9999.0 -9999.0 -9999.0 -9999.0 -9999.0 -9999.0 -9999.0 -9999.0 -9999.0 -9999.0 -9999.0 -9999.0 -9999.0 -9999.0 -9999.0 -9999.0 -9999.0 -9999.0 -9999.0 -9999.0 -9999.0 -9999.0
-9999.0 -9999.0 -9999.0 -9999.0 -9999.0 -9999.0 -9999.0 -9999.0 -9999.0 -9999.0 -9999.0 -9999.0 -9999.0 -9999.0 -9999.0 -9999.0 -9999.0 -9999.0 -9999.0 -9999.0 -9999.0 -9999.0 -9999.0 -9999.0 -9999.0 -9999.0 -9999.0 -9999.0 -9999.0 -9999.0 -9999.0 -9999.0 -9999.0 -9999.0 -9999.0 -9999.0 -9999.0 -9999.0 -9999.0 -9999.0 -9999.0 -9999.0 -9999.0 -9999.0 -9999.0 -9999.0 -9999.0 -9999.0 -9999.0 -9999.0 -9999.0 -9999.0 -9999.0 -9999.0 -9999.0 -9999.0 -9999.0 -9999.0 -9999.0 -9999.0 -9999.0 -9999.0 -9999.0 -9999.0 -9999.0 -9999.0 -9999.0 -9999.0 -9999.0 -9999.0 -9999.0 -9999.0 -9999.0 -9999.0 -9999.0 -9999.0 -9999.0 -9999.0 -9999.0 -9999.0