Borden_/Borden1m_014/output_maps/psiliqL0028N0034.asc
ncols         80
nrows         18
xllcorner     620200.000000
yllcorner     5168000.000000
cellsize      1.000000
NODATA_value  -9999.0
-9999.0 -9999.0 -9999.0 -9999.0 -9999.0 -9999.0 -9999.0 -9999.0 -9999.0 -9999.0 -9999.0 -9999.0 -9999.0 -9999.0 -9999.0 -9999.0 -9999.0 -9999.0 -9999.0 -9999.0 -9999.0 -9999.0 -9999.0 -9999.0 -9999.0 -9999.0 -9999.0 -9999.0 -9999.0 -9999.0 -9999.0 -9999.0 -9999.0 -9999.0 -9999.0 -9999.0 -9999.0 -9999.0 -9999.0 -9999.0 -9999.0 -9999.0 -9999.0 -9999.0 -9999.0 -9999.0 -9999.0 -9999.0 -9999.0 -9999.0 -9999.0 -9999.0 -9999.0 -9999.0 -9999.0 -9999.0 -9999.0 -9999.0 -9999.0 -9999.0 -9999.0 -9999.0 -9999.0 -9999.0 -9999.0 -9999.0 -9999.0 -9999.0 -9999.0 -9999.0 -9999.0 -9999.0 -9999.0 -9999.0 -9999.0 -9999.0 -9999.0 -9999.0 -9999.0 -9999.0
-9999.0 -9999.0 -9999.0 -9999.0 -9999.0 -9999.0 -9999.0 -9999.0 -9999.0 -9999.0 -9999.0 -9999.0 -9999.0 -9999.0 -9999.0 -9999.0 -9999.0 -9999.0 -9999.0 -9999.0 -9999.0 -9999.0 -9999.0 -9999.0 -9999.0 -9999.0 -9999.0 -9999.0 -9999.0 -9999.0 -9999.0 -9999.0 -9999.0 -9999.0 -9999.0 -9999.0 -9999.0 -9999.0 -9999.0 -9999.0 -9999.0 -9999.0 -9999.0 -9999.0 -9999.0 -9999.0 -9999.0 -9999.0 -9999.0 -9999.0 -9999.0 -9999.0 -9999.0 -9999.0 -9999.0 -9999.0 -9999.0 -9999.0 -9999.0 -9999.0 -9999.0 -9999.0 -9999.0 -9999.0 -9999.0 -9999.0 -9999.0 -9999.0 -9999.0 -9999.0 -9999.0 -9999.0 -9999.0 -9999.0 -9999.0 -9999.0 -9999.0 -9999.0 -9999.0 -9999.0
-9999.0 -9999.0 -9999.0 -9999.0 -9999.0 -9999.0 -9999.0 -9999.0 -9999.0 -9999.0 -9999.0 -9999.0 -9999.0 -9999.0 -9999.0 -9999.0 -9999.0 -9999.0 -9999.0 -9999.0 3725.108923 3725.772481 3704.092947 3669.786292 3641.328713 3642.898311 3675.321509 3715.609652 3754.225809 3760.941830 3741.420184 3745.207774 3740.571259 3735.306653 3734.939192 3742.659195 3749.546799 3758.879685 3765.492352 3762.794486 3755.170157 3750.133119 3753.080339 3754.420926 3760.835971 3745.745577 3762.092753 3778.571936 3783.209051 3780.895550 3757.735044 3746.474231 3738.787766 3723.373861 3750.482334 3762.328470 3786.137098 3791.063356 3789.257473 3762.822009 3732.937504 -9999.0 -9999.0 -9999.0 -9999.0 -9999.0 -9999.0 -9999.0 -9999.0 -9999.0 -9999.0 -9999.0 -9999.0 -9999.0 -9999.0 -9999.0 -9999.0 -9999.0 -9999.0 -9999.0
-9999.0 -9999.0 -9999.0 -9999.0 -9999.0 -9999.0 -9999.0 -9999.0 -9999.0 -9999.0 -9999.0 -9999.0 -9999.0 -9999.0 3635.221941 3626.476920 3623.364616 3630.203991 3662.213955 3692.238735 3703.673182 3695.981250 3695.494353 3670.275298 3646.711671 3658.713435 3687.658167 3717.530480 3750.334371 3766.834273 3755.599380 3752.632047 3758.774640 3776.991605 3783.896935 3779.934830 3762.532783 3786.863634 3799.522567 3803.106611 3800.806612 3790.669721 3798.603443 3812.265813 3805.130276 3790.203571 3802.204985 3817.782638 3828.297832 3821.185777 3764.212655 3753.660852 3750.958233 3747.732600 3735.215676 3732.171867 3761.455861 3761.393518 3754.779098 3738.110707 3705.074818 3659.990322 3641.424450 3682.836813 3726.905441 3783.457541 -9999.0 -9999.0 -9999.0 -9999.0 -9999.0 -9999.0 -9999.0 -9999.0 -9999.0 -9999.0 -9999.0 -9999.0 -9999.0 -9999.0
-9999.0 -9999.0 -9999.0 -9999.0 -9999.0 -9999.0 -9999.0 -9999.0 -9999.0 3578.024802 3584.049209 3590.695030 3592.903583 3607.623217 3603.910180 3610.428658 3613.493981 3640.366760 3669.128938 3701.906183 3728.145531 3718.494040 3716.498674 3718.839950 3711.151554 3717.757355 3737.525122 3773.307684 3802.815902 3836.925578 3802.336491 3796.735943 3813.736243 3853.755329 3874.718947 3875.481775 3856.584909 3874.870921 3898.083999 3912.569442 3908.586311 3901.945799 3928.271292 3943.870133 3936.185911 3914.101645 3914.876844 3923.748258 3953.766657 3903.020939 3836.937087 3800.954474 3819.121639 3799.677477 3776.134461 3767.063800 3768.819754 3789.751224 3779.008013 3746.068376 3713.758347 3702.346571 3686.139783 3708.436184 3732.432608 3779.381257 3819.890652 3850.211488 3849.882997 3832.867025 -9999.0 -9999.0 -9999.0 -9999.0 -9999.0 -9999.0 -9999.0 -9999.0 -9999.0 -9999.0
-9999.0 -9999.0 -9999.0 -9999.0 -9999.0 -9999.0 3499.656191 3510.135448 3530.671338 3532.592881 3558.893984 3563.378963 3581.437854 3597.771563 3619.077178 3630.681464 3654.189490 3683.020473 3717.580583 3753.635857 3779.903181 3766.718351 3771.041603 3788.060300 3812.113893 3828.804914 3850.885227 3888.411130 3960.497712 3996.321173 3986.204606 3986.308312 3994.319198 4045.077187 4109.149666 4119.218161 4098.423811 4085.711611 4110.291915 4148.454547 4145.427572 4144.108639 4158.162956 4169.428924 4196.387359 4184.760317 4148.888637 4144.988017 4153.335814 4128.857995 4057.790340 4001.438829 3985.158821 3938.095903 3854.018936 3813.412530 3840.760561 3870.691563 3850.562687 3801.994575 3771.369760 3767.248326 3757.332821 3752.090635 3766.157643 3790.232153 3814.810336 3829.440494 3818.034037 3797.502249 3776.270101 3748.438223 3751.420050 3776.480771 -9999.0 -9999.0 -9999.0 -9999.0 -9999.0 -9999.0
-9999.0 -9999.0 -9999.0 -9999.0 3450.579127 3463.133851 3447.424073 3473.337926 3504.614069 3537.514713 3563.643438 3593.810154 3615.627197 3641.090816 3672.260802 3691.352431 3721.133726 3749.337885 3794.976655 3854.667129 3897.597763 3909.066619 3916.679246 3966.942795 4022.785106 4069.092245 4087.780402 4114.041848 4161.478838 4218.359785 4240.244628 4242.497084 4259.474372 4304.619037 4363.022244 4398.757305 4380.756796 4371.357806 4382.416020 4397.556762 4419.721836 4419.755558 4420.902499 4425.512871 4433.813288 4431.618861 4404.061936 4370.189377 4357.066616 4346.503570 4306.190155 4232.753237 4203.639501 4173.752329 4128.109613 4072.687543 4028.445763 4032.481263 3977.312985 3921.704944 3873.666893 3868.145137 3849.609794 3835.233708 3819.858760 3833.935016 3847.324969 3833.141719 3803.548238 3774.794972 3762.334613 3745.175640 3733.971711 3765.508870 3783.588203 3812.991651 -9999.0 -9999.0 -9999.0 -9999.0
-9999.0 -9999.0 3392.221631 3436.486904 3492.996559 3497.969442 3489.197673 3490.734421 3515.910627 3563.817351 3623.228076 3657.254278 3683.112020 3712.513494 3761.341100 3820.071189 3878.138472 3920.230307 3978.767432 4048.724395 4107.905281 4134.163226 4142.368546 4178.463726 4234.259019 4305.657617 4334.532470 4361.693881 4394.581234 4432.441060 4420.475309 4430.555728 4443.816467 4458.615030 4475.466854 4483.606756 4478.371801 4473.686880 4454.905998 4449.390429 4455.807448 4464.502582 4463.001747 4448.050507 4444.059155 4459.344671 4466.044658 4463.648197 4460.246433 4464.711168 4458.510932 4407.938886 4394.232391 4378.391152 4365.619662 4318.465518 4250.456146 4218.999878 4196.427981 4154.183942 4080.144167 4044.441200 4006.030104 3972.629682 3936.578921 3925.581598 3894.779804 3863.636939 3825.721507 3785.589956 3767.148886 3753.573907 3753.621279 3754.460221 3772.579938 3788.400165 3804.468492 3812.590337 -9999.0 -9999.0
-9999.0 3281.183269 3351.460453 3471.371000 3547.821320 3582.301181 3585.693957 3584.450313 3608.632637 3641.954724 3725.153392 3767.895941 3850.374707 3888.878985 3928.431610 4018.361603 4114.463898 4158.894996 4199.181591 4265.361824 4333.150865 4381.212280 4408.037791 4380.912013 4422.154081 4455.598245 4464.946335 4472.867961 4473.826467 4465.218137 4459.120845 4465.637429 4462.458181 4442.824831 4426.320395 4424.401541 4420.896080 4397.181892 4369.341231 4353.407131 4354.348280 4379.811867 4366.321285 4344.749956 4340.255026 4362.222245 4384.341602 4373.386206 4360.099657 4376.819262 4411.997417 4438.064827 4437.511394 4456.526333 4477.755254 4447.940627 4427.870443 4382.869018 4365.560183 4339.816201 4281.817551 4226.884136 4178.330028 4130.071080 4078.233166 4030.594202 3983.438532 3936.592893 3884.119088 3851.801778 3828.218469 3786.648822 3775.293618 3782.574197 3778.293150 3777.050438 3783.807924 3790.445873 -9999.0 -9999.0
-9999.0 3181.193289 3318.710515 3493.878916 3634.565488 3671.249375 3725.010473 3776.632637 3788.414152 3728.677167 3830.074133 4048.996597 4177.061138 4196.172754 4273.926276 4372.089949 4348.679732 4380.984543 4405.174728 4434.650951 4458.274981 4473.861530 4472.468760 4467.669424 4450.889775 4442.817380 4441.859339 4439.649278 4421.903171 4402.635004 4385.596481 4382.115602 4363.559078 4312.309688 4278.430410 4260.207259 4239.741511 4226.779476 4200.034231 4173.648817 4156.333479 4165.450759 4164.745810 4151.954160 4147.557373 4165.198142 4196.170119 4195.159003 4208.380302 4228.288644 4263.856373 4302.883173 4322.369544 4351.921194 4387.945758 4437.278695 4445.022108 4467.733367 4470.326826 4461.355095 4413.710675 4361.340490 4331.587810 4275.544878 4215.903415 4154.133694 4104.827147 4060.050695 4004.580658 3971.170664 3932.616810 3879.289202 3838.058226 3832.696519 3800.100303 3788.127506 -9999.0 -9999.0 -9999.0 -9999.0
-9999.0 3073.874057 3250.179031 3483.608909 3780.599551 3845.294057 4048.717456 4163.207989 4201.016270 4270.009783 4133.543851 4354.125451 4411.627832 4407.843491 4427.965301 4431.879358 4446.688970 4445.780691 4440.681190 4429.474799 4419.623469 4414.847805 4413.873784 4405.909116 4393.165025 4378.410208 4366.330333 4354.577097 4317.251129 4284.739817 4244.058377 4231.155154 4184.451050 4091.587063 4052.957158 4013.098223 3950.537032 3954.015405 3963.635650 3940.097814 3920.118665 3890.158568 3921.376630 3933.599273 3938.340617 3932.445081 3941.009891 3971.279773 4020.622685 4055.457915 4094.319429 4142.666992 4173.595094 4212.986521 4252.507243 4305.182476 4336.943151 4366.125577 4416.082167 4453.341862 4476.298874 4461.563941 4444.002477 4398.053609 4337.328196 4287.707372 4258.186077 4206.962916 4163.189031 4119.865208 4073.441630 4020.755590 3959.253237 3909.896576 3876.765338 -9999.0 -9999.0 -9999.0 -9999.0 -9999.0
-9999.0 2843.379222 3103.276198 3362.026278 3627.363340 3974.065095 4156.706969 4248.262038 4312.882649 4300.489780 4328.252597 4333.426791 4371.033909 4378.996441 4357.717011 4343.243944 4324.747803 4323.657927 4336.799291 4309.033943 4278.228120 4264.579827 4265.552263 4254.877038 4230.653289 4215.810945 4206.609200 4187.713503 4144.546396 4093.606545 4008.259909 3971.884414 3891.580804 3855.767884 3820.413782 3773.631405 3730.093808 3736.877409 3762.954133 3754.976300 3734.608554 3718.006468 3748.027326 3769.634325 3783.192601 3766.161243 3772.549733 3806.937241 3853.238105 3893.578835 3937.075529 3984.840025 4027.009688 4065.631107 4085.403553 4123.719550 4166.042557 4207.887938 4278.608461 4358.381228 4395.269951 4430.522196 4458.687779 4480.919457 4437.600817 4411.948779 4387.753494 4363.719904 4316.905458 4271.171778 4230.590548 4164.970119 4105.404143 -9999.0 -9999.0 -9999.0 -9999.0 -9999.0 -9999.0 -9999.0
-9999.0 2741.076998 2920.374004 3098.432758 3336.549146 3564.639161 3794.412717 3884.459030 3955.597128 4035.364279 4093.930192 4133.369052 4159.177172 4181.184933 4158.741048 4111.503718 4078.671518 4083.864866 4073.972271 4053.497206 4026.099793 4013.500889 4010.653802 4006.221672 3985.513222 3975.893348 3969.581002 3951.963515 3927.660924 3874.897329 3804.755145 3731.066635 3678.735599 3661.894325 3640.949381 3615.581146 3591.139780 3605.266086 3617.999639 3618.977077 3613.621292 3614.742068 3643.778360 3663.924434 3673.323557 3662.771294 3680.841250 3703.294099 3739.361575 3778.156289 3822.327199 3871.933336 3919.936274 3938.938241 3939.443264 3948.962949 3975.306619 4017.779829 4093.715115 4180.031247 4259.483032 4305.703555 4357.040668 4397.750573 4426.767407 4450.063917 4473.702758 4467.712203 4440.974802 4407.142567 4347.363358 -9999.0 -9999.0 -9999.0 -9999.0 -9999.0 -9999.0 -9999.0 -9999.0 -9999.0
-9999.0 -9999.0 2704.569531 2840.097029 2924.406976 3074.081516 3209.517487 3313.765767 3417.390813 3565.281776 3691.875321 3788.169342 3835.687984 3851.484458 3838.106073 3811.056384 3794.933867 3794.446106 3782.384414 3777.191964 3764.324342 3759.745751 3747.666228 3740.613770 3738.215755 3738.998866 3737.707304 3730.552213 3715.319008 3675.469062 3641.674254 3599.355303 3555.173506 3535.159067 3518.707728 3503.620978 3509.745634 3505.127937 3511.059463 3514.727864 3525.415626 3540.249596 3559.516023 3582.500885 3592.172997 3602.726155 3613.141713 3634.177424 3663.321253 3702.946662 3753.781460 3808.188707 3843.530797 3849.467503 3830.098319 3823.435634 3829.619458 3856.560913 3917.418678 3985.319429 4076.020920 4142.195861 4209.335687 4265.968924 4293.113561 4329.515464 4400.993724 4449.114144 4493.124713 4470.635476 -9999.0 -9999.0 -9999.0 -9999.0 -9999.0 -9999.0 -9999.0 -9999.0 -9999.0 -9999.0
-9999.0 -9999.0 -9999.0 -9999.0 2711.737141 2839.472394 2934.305592 3003.149838 3135.871634 3265.810699 3371.721303 3459.810287 3530.809622 3557.164796 3560.101455 3580.267227 3580.504883 3570.558164 3559.464460 3566.199254 3573.064356 3567.546538 3550.380325 3545.209687 3550.957374 3560.925324 3560.786233 3549.794571 3533.500623 3523.459748 3514.420532 3486.652993 3457.260569 3432.204916 3422.443956 3421.777315 3423.343255 3416.246858 3425.322008 3435.376940 3451.954717 3467.288840 3490.798583 3520.760370 3535.753187 3550.313361 3558.381118 3576.067611 3604.131897 3655.120214 3716.391821 3772.669076 3806.403040 3806.181429 3776.835592 3754.100985 3740.178556 3756.052040 3783.235773 3831.926527 3920.428038 3982.234755 4026.093448 4063.680492 4099.989246 4166.284900 4262.866996 4345.203908 -9999.0 -9999.0 -9999.0 -9999.0 -9999.0 -9999.0 -9999.0 -9999.0 -9999.0 -9999.0 -9999.0 -9999.0
-9999.0 -9999.0 -9999.0 -9999.0 -9999.0 -9999.0 2693.296590 2800.599796 2840.601151 2988.320849 3137.084478 3244.145997 3328.230941 3365.630764 3401.928847 3433.731351 3435.218564 3414.520239 3392.004601 3415.180532 3436.601351 3430.461823 3397.707707 3400.659151 3409.653993 3418.921205 3418.118604 3414.512687 3392.585099 3413.611658 3421.933006 3402.323631 3379.977803 3370.439873 3361.083669 3372.797161 3374.240854 3360.605510 3359.718158 3388.605982 3410.377558 3423.352199 3444.168672 3477.388087 3509.858055 3525.528350 3525.994508 3529.889010 3565.195200 3632.653922 3703.375019 3758.344437 3789.177030 3793.379479 3761.969453 3716.448733 3689.490744 3687.120353 3709.871340 3747.267001 3807.019922 3841.907788 3850.373654 3848.441934 3858.530283 3959.692709 -9999.0 -9999.0 -9999.0 -9999.0 -9999.0 -9999.0 -9999.0 -9999.0 -9999.0 -9999.0 -9999.0 -9999.0 -9999.0 -9999.0
-9999.0 -9999.0 -9999.0 -9999.0 -9999.0 -9999.0 -9999.0 -9999.0 -9999.0 -9999.0 -9999.0 -9999.0 -9999.0 -9999.0 -9999.0 -9999.0 -9999.0 -9999.0 -9999.0 -9999.0 -9999.0 -9999.0 -9999.0 -9999.0 -9999.0 -9999.0 -9999.0 -9999.0 -9999.0 -9999.0 -9999.0 -9999.0 -9999.0 -9999.0 -9999.0 -9999.0 -9999.0 -9999.0 -9999.0 -9999.0 -9999.0 -9999.0 -9999.0 -9999.0 -9999.0 -9999.0 -9999.0 -9999.0 -9999.0 -9999.0 -9999.0 -9999.0 -9999.0 -9999.0 -9999.0 -9999.0 -9999.0 -9999.0 -9999.0 -9999.0 -9999.0 -9999.0 -9999.0 -9999.0 -9999.0 -9999.0 -9999.0 -9999.0 -9999.0 -9999.0 -9999.0 -9999.0 -9999.0 -9999.0 -9999.0 -9999.0 -9999.0 -9999.0 -9999.0 -9999.0
-9999.0 -9999.0 -9999.0 -9999.0 -9999.0 -9999.0 -9999.0 -9999.0 -9999.0 -9999.0 -9999.0 -9999.0 -9999.0 -9999.0 -9999.0 -9999.0 -9999.0 -9999.0 -9999.0 -9999.0 -9999.0 -9999.0 -9999.0 -9999.0 -9999.0 -9999.0 -9999.0 -9999.0 -9999.0 -9999.0 -9999.0 -9999.0 -9999.0 -9999.0 -9999.0 -9999.0 -9999.0 -9999.0 -9999.0 -9999.0 -9999.0 -9999.0 -9999.0 -9999.0 -9999.0 -9999.0 -9999.0 -9999.0 -9999.0 -9999.0 -9999.0 -9999.0 -9999.0 -9999.0 -9999.0 -9999.0 -9999.0 -9999.0 -9999.0 -9999.0 -9999.0 -9999.0 -9999.0 -9999.0 -9999.0 -9999.0 -9999.0 -9999.0 -9999.0 -9999.0 -9999.0 -9999.0 -9999.0 -9999.0 -9999.0 -9999.0 -9999.0 -9999.0 -9999.0 -9999.0