Borden_/Borden1m_014/output_maps/psiliqL0012N0019.asc
ncols         80
nrows         18
xllcorner     620200.000000
yllcorner     5168000.000000
cellsize      1.000000
NODATA_value  -9999.0
-9999.0 -9999.0 -9999.0 -9999.0 -9999.0 -9999.0 -9999.0 -9999.0 -9999.0 -9999.0 -9999.0 -9999.0 -9999.0 -9999.0 -9999.0 -9999.0 -9999.0 -9999.0 -9999.0 -9999.0 -9999.0 -9999.0 -9999.0 -9999.0 -9999.0 -9999.0 -9999.0 -9999.0 -9999.0 -9999.0 -9999.0 -9999.0 -9999.0 -9999.0 -9999.0 -9999.0 -9999.0 -9999.0 -9999.0 -9999.0 -9999.0 -9999.0 -9999.0 -9999.0 -9999.0 -9999.0 -9999.0 -9999.0 -9999.0 -9999.0 -9999.0 -9999.0 -9999.0 -9999.0 -9999.0 -9999.0 -9999.0 -9999.0 -9999.0 -9999.0 -9999.0 -9999.0 -9999.0 -9999.0 -9999.0 -9999.0 -9999.0 -9999.0 -9999.0 -9999.0 -9999.0 -9999.0 -9999.0 -9999.0 -9999.0 -9999.0 -9999.0 -9999.0 -9999.0 -9999.0
-9999.0 -9999.0 -9999.0 -9999.0 -9999.0 -9999.0 -9999.0 -9999.0 -9999.0 -9999.0 -9999.0 -9999.0 -9999.0 -9999.0 -9999.0 -9999.0 -9999.0 -9999.0 -9999.0 -9999.0 -9999.0 -9999.0 -9999.0 -9999.0 -9999.0 -9999.0 -9999.0 -9999.0 -9999.0 -9999.0 -9999.0 -9999.0 -9999.0 -9999.0 -9999.0 -9999.0 -9999.0 -9999.0 -9999.0 -9999.0 -9999.0 -9999.0 -9999.0 -9999.0 -9999.0 -9999.0 -9999.0 -9999.0 -9999.0 -9999.0 -9999.0 -9999.0 -9999.0 -9999.0 -9999.0 -9999.0 -9999.0 -9999.0 -9999.0 -9999.0 -9999.0 -9999.0 -9999.0 -9999.0 -9999.0 -9999.0 -9999.0 -9999.0 -9999.0 -9999.0 -9999.0 -9999.0 -9999.0 -9999.0 -9999.0 -9999.0 -9999.0 -9999.0 -9999.0 -9999.0
-9999.0 -9999.0 -9999.0 -9999.0 -9999.0 -9999.0 -9999.0 -9999.0 -9999.0 -9999.0 -9999.0 -9999.0 -9999.0 -9999.0 -9999.0 -9999.0 -9999.0 -9999.0 -9999.0 -9999.0 541.910841 544.903712 523.113685 489.963805 462.611240 465.599893 501.306302 543.541423 582.912824 594.243693 577.563719 580.903608 577.286136 577.295880 580.538483 587.468497 591.398139 602.770314 611.258688 611.015611 605.080075 599.973243 599.977193 603.282173 608.459325 598.022160 611.468338 626.393552 631.633965 625.860455 597.908075 581.144021 571.049640 554.483778 577.658636 588.566211 610.306736 613.492673 611.022614 583.263946 552.720633 -9999.0 -9999.0 -9999.0 -9999.0 -9999.0 -9999.0 -9999.0 -9999.0 -9999.0 -9999.0 -9999.0 -9999.0 -9999.0 -9999.0 -9999.0 -9999.0 -9999.0 -9999.0 -9999.0
-9999.0 -9999.0 -9999.0 -9999.0 -9999.0 -9999.0 -9999.0 -9999.0 -9999.0 -9999.0 -9999.0 -9999.0 -9999.0 -9999.0 449.003693 439.680110 437.510070 446.775182 481.300033 512.176486 524.811853 517.957061 518.828358 496.290808 476.966836 492.150354 522.935714 555.742889 591.692444 613.773507 603.766024 603.092639 614.668535 641.784642 655.862549 653.627928 633.626615 656.773317 672.746008 681.762203 681.420124 673.324028 687.223479 703.400461 696.579925 678.829859 682.883466 694.469704 707.165249 692.179357 627.170814 605.660830 599.451324 590.612831 575.162806 567.453295 591.364385 590.507708 581.049708 562.079646 528.786753 484.185543 465.262853 503.222323 546.640634 603.612454 -9999.0 -9999.0 -9999.0 -9999.0 -9999.0 -9999.0 -9999.0 -9999.0 -9999.0 -9999.0 -9999.0 -9999.0 -9999.0 -9999.0
-9999.0 -9999.0 -9999.0 -9999.0 -9999.0 -9999.0 -9999.0 -9999.0 -9999.0 390.050143 394.579166 402.279120 404.993968 421.258332 419.721560 427.542317 435.811838 463.563853 495.861346 532.104091 561.817961 553.573811 555.488249 568.326570 575.222402 589.288864 612.139987 654.439583 698.092868 743.196233 718.245290 719.228119 741.584511 791.068891 826.228128 834.645309 815.846993 822.514270 847.656996 871.059053 871.772105 870.542394 896.152617 910.666685 913.429394 892.524093 876.548107 875.534588 900.760206 848.572354 782.158717 728.119990 725.948593 690.895762 649.023875 626.406176 621.843852 640.729789 623.375696 584.278852 546.598806 534.984627 516.733002 532.479833 553.880378 599.544205 637.550990 665.338038 664.447385 646.526544 -9999.0 -9999.0 -9999.0 -9999.0 -9999.0 -9999.0 -9999.0 -9999.0 -9999.0 -9999.0
-9999.0 -9999.0 -9999.0 -9999.0 -9999.0 -9999.0 310.805906 320.387439 340.866681 346.257004 371.728609 379.773621 401.060748 421.274394 443.594923 461.556784 493.351039 527.946509 571.372826 617.066761 651.067551 648.238376 661.527491 698.271702 744.314856 777.439381 803.954831 846.033537 928.191330 979.720888 995.933817 1006.499096 1021.148077 1068.915765 1131.106178 1148.047295 1125.361151 1109.071445 1127.191129 1162.352753 1172.565179 1175.178327 1184.790651 1194.033480 1219.461795 1209.510265 1166.689087 1150.391550 1147.332794 1133.705662 1077.284787 1012.692259 965.886165 907.147022 820.716453 763.057456 764.952678 777.959097 742.551515 684.481209 640.254128 627.370685 610.066368 594.266860 598.368332 616.069491 637.445546 647.531776 633.719204 611.961759 588.371590 558.827584 559.864721 584.611688 -9999.0 -9999.0 -9999.0 -9999.0 -9999.0 -9999.0
-9999.0 -9999.0 -9999.0 -9999.0 260.530046 273.583255 262.017774 287.007457 319.941416 354.316342 387.155485 425.148961 453.541019 485.249718 528.438595 566.804722 611.981988 651.183657 711.729620 785.271947 839.906440 867.975130 888.954073 958.172551 1029.677858 1084.503932 1105.075244 1131.795352 1175.708132 1241.346179 1272.206754 1281.965265 1301.816118 1335.035049 1379.690137 1411.728956 1393.983989 1384.891860 1389.605934 1400.118825 1424.694901 1426.630192 1428.647085 1430.612264 1434.325554 1433.401186 1409.265455 1376.295643 1363.959146 1355.354563 1329.533017 1261.537578 1213.333742 1179.352782 1148.461861 1100.301933 1034.690208 1010.357036 942.448590 878.308064 810.762139 784.125437 747.576397 716.662545 683.169395 681.204462 681.648825 659.357519 626.055457 592.528828 576.329871 556.505377 544.861799 573.949536 590.848942 620.934083 -9999.0 -9999.0 -9999.0 -9999.0
-9999.0 -9999.0 201.094850 250.631225 307.681829 317.130432 319.174690 325.551794 354.208418 406.703548 484.894985 538.249472 583.804782 619.771527 684.852847 771.461436 849.243604 904.756614 975.238544 1050.928291 1113.604822 1148.791329 1171.500321 1213.772545 1269.793924 1329.029339 1354.589380 1379.474030 1409.744721 1443.710723 1460.843038 1476.564806 1485.138262 1486.256003 1490.129817 1490.333755 1484.953186 1477.751512 1458.658474 1454.633093 1461.700249 1466.276629 1468.563730 1455.817051 1452.097043 1465.294177 1468.581750 1468.454453 1469.994168 1478.303182 1484.325154 1447.522151 1403.343058 1386.477410 1378.007427 1336.266752 1273.459929 1226.162818 1198.894488 1156.262120 1081.008382 1026.841244 966.235411 907.092886 848.105826 810.145276 758.295760 712.731959 663.644776 615.549850 590.186343 570.301569 566.368188 565.162134 580.154038 594.756860 609.452847 616.895994 -9999.0 -9999.0
-9999.0 99.500700 172.275076 299.637655 380.161358 426.424545 463.704263 490.739806 519.058083 542.537415 651.851104 751.831368 845.614137 886.051032 947.891942 1052.523900 1148.162971 1194.821592 1235.629823 1291.365164 1349.596120 1395.745886 1424.930272 1444.240610 1476.849556 1485.683598 1487.225346 1489.311292 1484.576010 1477.572769 1468.767707 1475.468569 1472.607377 1454.926065 1439.741592 1436.020610 1428.186516 1400.765645 1370.581958 1355.022852 1357.538461 1379.274563 1368.268948 1348.485295 1345.127736 1365.924073 1384.653343 1377.715646 1369.628687 1389.337947 1424.943085 1446.401964 1458.398597 1474.031035 1494.918802 1470.785920 1440.713387 1398.970820 1378.395395 1349.777966 1292.303224 1230.724764 1174.287670 1112.224618 1044.056413 966.906091 895.192150 829.104521 757.621072 712.762022 678.228509 624.261489 599.481443 598.540236 587.723134 583.660385 588.877305 594.785576 -9999.0 -9999.0
-9999.0 22.662190 165.933057 351.916717 501.599290 565.549873 679.177443 762.641873 792.384554 768.978106 882.884985 1107.739344 1204.184507 1221.789496 1294.028799 1379.974125 1408.213604 1440.211338 1462.904757 1470.109436 1475.788089 1484.242023 1482.455064 1476.397008 1462.180748 1454.160109 1452.544104 1449.105452 1430.854235 1411.241026 1392.691556 1387.338653 1369.350689 1328.703638 1297.162615 1279.311523 1259.695894 1231.568117 1193.686700 1165.274421 1150.825580 1167.355762 1159.610728 1143.167073 1139.783157 1162.201033 1195.609644 1194.108853 1206.409824 1233.175636 1275.151207 1315.579724 1338.790441 1369.118381 1406.420302 1449.678580 1466.720976 1487.986830 1492.840051 1472.331747 1429.619819 1378.649009 1344.516239 1282.195000 1210.719308 1132.514284 1068.797878 1005.763892 927.132226 872.222566 818.628517 754.370431 692.326124 661.732062 619.227960 597.190099 -9999.0 -9999.0 -9999.0 -9999.0
-9999.0 -50.845897 139.220694 401.907836 674.164986 800.232676 1012.875114 1143.703374 1204.703756 1264.948779 1266.290211 1397.065651 1430.416459 1425.649738 1420.730350 1425.751025 1442.080411 1447.294564 1445.597026 1437.925182 1430.558209 1426.363444 1423.766982 1414.685696 1400.689946 1384.077712 1369.758891 1355.695740 1316.369894 1282.975487 1247.281014 1228.749552 1189.020979 1100.867152 1059.665067 1023.495123 960.348206 945.654710 931.759315 898.922085 877.727462 858.895471 879.152718 881.825382 883.890070 890.362032 911.854069 939.198454 991.606231 1035.384716 1081.472980 1133.684652 1169.911666 1216.725703 1265.171572 1322.003803 1354.710889 1386.801915 1434.293661 1473.396808 1496.382549 1486.483057 1458.409364 1414.851686 1346.885581 1281.722560 1236.142444 1168.451381 1103.588609 1048.923961 998.270256 933.509132 854.495430 755.053671 708.159024 -9999.0 -9999.0 -9999.0 -9999.0 -9999.0
-9999.0 -220.301696 48.202396 341.458007 667.238744 999.636939 1127.927593 1268.675613 1340.504596 1296.000414 1291.265691 1313.642959 1353.449500 1361.885579 1344.543066 1339.216042 1331.209539 1332.870092 1347.376040 1323.865345 1296.076799 1281.664298 1278.724186 1263.332815 1235.753699 1214.475997 1199.038976 1177.518675 1129.875452 1080.949585 1000.469752 965.224809 882.095699 818.765598 772.491643 721.623316 666.705066 661.804395 675.705093 658.374440 635.203292 616.375763 642.393808 659.228872 671.200302 661.481219 672.176032 710.312243 763.461324 810.752366 863.454476 922.433443 976.799883 1035.128232 1071.331359 1122.872947 1171.153513 1222.227446 1298.980652 1377.046203 1413.495329 1448.515358 1483.318056 1499.711191 1451.173642 1403.525925 1357.585026 1304.272332 1224.270578 1178.568895 1148.372197 1098.444880 1037.472893 -9999.0 -9999.0 -9999.0 -9999.0 -9999.0 -9999.0 -9999.0
-9999.0 -350.551492 -125.238336 113.690490 407.473435 649.704317 843.103821 964.463312 1045.812784 1064.256401 1088.368438 1118.246616 1147.385966 1169.577010 1149.847862 1115.798954 1091.148936 1096.685039 1095.569181 1073.712324 1046.141076 1031.051966 1027.009405 1015.134950 982.517195 960.640267 944.379204 916.981176 878.755137 821.800344 739.839469 666.251742 601.574867 566.231122 535.252770 501.119390 462.501993 471.625166 484.300020 479.589455 467.783796 463.962043 493.349893 512.190500 522.498585 510.605890 530.132768 558.073536 601.245817 645.180290 695.172227 751.934670 808.626017 842.875069 861.023357 891.958289 939.539552 1006.167481 1097.801156 1194.365497 1272.811986 1324.147769 1376.633956 1412.089704 1427.790477 1445.191416 1426.699898 1354.006959 1236.788986 1244.155049 1235.782632 -9999.0 -9999.0 -9999.0 -9999.0 -9999.0 -9999.0 -9999.0 -9999.0 -9999.0
-9999.0 -9999.0 -361.502695 -177.043867 -27.623232 157.138299 310.359515 422.448757 506.376354 608.311641 705.493263 783.535201 825.555482 842.857262 827.898764 792.997229 770.935937 771.786296 762.910560 751.326867 729.529543 720.154491 708.414550 697.961112 683.047676 673.575748 665.697293 652.222869 628.181778 580.330035 528.617524 475.403754 420.229506 394.088308 371.586696 348.912430 345.796567 342.572005 348.522164 349.622248 355.514047 367.563399 388.024072 409.712753 419.405533 427.479134 440.353890 464.566525 498.400768 540.780711 594.620995 652.099283 692.311422 706.361277 698.683008 706.579132 731.845313 781.542610 871.569412 968.080786 1070.447014 1145.098291 1221.363737 1277.570916 1298.672612 1318.896856 1342.058332 1280.884759 904.476337 1182.947876 -9999.0 -9999.0 -9999.0 -9999.0 -9999.0 -9999.0 -9999.0 -9999.0 -9999.0 -9999.0
-9999.0 -9999.0 -9999.0 -9999.0 -320.659702 -163.317308 -66.985586 17.111462 142.865135 257.435170 353.264624 432.342005 489.207765 514.192796 506.554922 506.388432 500.256460 495.755875 486.823257 483.354622 479.501452 471.260643 457.802800 449.216769 447.920668 450.818153 447.509886 433.307796 415.901881 390.343792 367.483792 332.071271 294.941761 265.341701 251.938117 245.287908 245.094015 238.820030 247.881182 254.570796 269.546735 284.909276 308.867237 337.526978 350.696166 365.249082 375.169485 396.132061 426.633522 480.039178 543.196480 600.275848 635.310270 639.686358 614.799900 599.980268 598.099629 628.539457 678.333619 752.779360 861.116322 943.695663 1017.842494 1072.446554 1109.328553 1159.464345 1224.081421 1266.280203 -9999.0 -9999.0 -9999.0 -9999.0 -9999.0 -9999.0 -9999.0 -9999.0 -9999.0 -9999.0 -9999.0 -9999.0
-9999.0 -9999.0 -9999.0 -9999.0 -9999.0 -9999.0 -371.592990 -272.312599 -187.217344 -57.070532 63.918886 159.875292 236.546437 264.598762 286.104926 310.565630 307.382060 289.941540 272.354148 289.760397 300.912921 295.209000 266.136874 264.510918 267.962883 276.299104 274.207465 267.559486 242.325058 251.541120 250.694121 227.270746 200.968652 186.598463 174.785211 184.465063 184.939811 171.918836 173.536407 199.830567 219.738501 233.091133 255.380102 288.619165 320.807709 335.543353 336.799649 343.158637 384.249143 454.667239 525.704301 580.076227 611.627222 619.370410 591.601909 551.338182 530.814225 538.641448 574.898083 630.507369 710.479232 765.520113 802.042518 825.898500 853.251435 949.083837 -9999.0 -9999.0 -9999.0 -9999.0 -9999.0 -9999.0 -9999.0 -9999.0 -9999.0 -9999.0 -9999.0 -9999.0 -9999.0 -9999.0
-9999.0 -9999.0 -9999.0 -9999.0 -9999.0 -9999.0 -9999.0 -9999.0 -9999.0 -9999.0 -9999.0 -9999.0 -9999.0 -9999.0 -9999.0 -9999.0 -9999.0 -9999.0 -9999.0 -9999.0 -9999.0 -9999.0 -9999.0 -9999.0 -9999.0 -9999.0 -9999.0 -9999.0 -9999.0 -9999.0 -9999.0 -9999.0 -9999.0 -9999.0 -9999.0 -9999.0 -9999.0 -9999.0 -9999.0 -9999.0 -9999.0 -9999.0 -9999.0 -9999.0 -9999.0 -9999.0 -9999.0 -9999.0 -9999.0 -9999.0 -9999.0 -9999.0 -9999.0 -9999.0 -9999.0 -9999.0 -9999.0 -9999.0 -9999.0 -9999.0 -9999.0 -9999.0 -9999.0 -9999.0 -9999.0 -9999.0 -9999.0 -9999.0 -9999.0 -9999.0 -9999.0 -9999.0 -9999.0 -9999.0 -9999.0 -9999.0 -9999.0 -9999.0 -9999.0 -9999.0
-9999.0 -9999.0 -9999.0 -9999.0 -9999.0 -9999.0 -9999.0 -9999.0 -9999.0 -9999.0 -9999.0 -9999.0 -9999.0 -9999.0 -9999.0 -9999.0 -9999.0 -9999.0 -9999.0 -9999.0 -9999.0 -9999.0 -9999.0 -9999.0 -9999.0 -9999.0 -9999.0 -9999.0 -9999.0 -9999.0 -9999.0 -9999.0 -9999.0 -9999.0 -9999.0 -9999.0 -9999.0 -9999.0 -9999.0 -9999.0 -9999.0 -9999.0 -9999.0 -9999.0 -9999.0 -9999.0 -9999.0 -9999.0 -9999.0 -9999.0 -9999.0 -9999.0 -9999.0 -9999.0 -9999.0 -9999.0 -9999.0 -9999.0 -9999.0 -9999.0 -9999.0 -9999.0 -9999.0 -9999.0 -9999.0 -9999.0 -9999.0 -9999.0 -9999.0 -9999.0 -9999.0 -9999.0 -9999.0 -9999.0 -9999.0 -9999.0 -9999.0 -9999.0 -9999.0 -9999.0