Borden_/Borden1m_014/output_maps/psiliqL0012N0011.asc
ncols         80
nrows         18
xllcorner     620200.000000
yllcorner     5168000.000000
cellsize      1.000000
NODATA_value  -9999.0
-9999.0 -9999.0 -9999.0 -9999.0 -9999.0 -9999.0 -9999.0 -9999.0 -9999.0 -9999.0 -9999.0 -9999.0 -9999.0 -9999.0 -9999.0 -9999.0 -9999.0 -9999.0 -9999.0 -9999.0 -9999.0 -9999.0 -9999.0 -9999.0 -9999.0 -9999.0 -9999.0 -9999.0 -9999.0 -9999.0 -9999.0 -9999.0 -9999.0 -9999.0 -9999.0 -9999.0 -9999.0 -9999.0 -9999.0 -9999.0 -9999.0 -9999.0 -9999.0 -9999.0 -9999.0 -9999.0 -9999.0 -9999.0 -9999.0 -9999.0 -9999.0 -9999.0 -9999.0 -9999.0 -9999.0 -9999.0 -9999.0 -9999.0 -9999.0 -9999.0 -9999.0 -9999.0 -9999.0 -9999.0 -9999.0 -9999.0 -9999.0 -9999.0 -9999.0 -9999.0 -9999.0 -9999.0 -9999.0 -9999.0 -9999.0 -9999.0 -9999.0 -9999.0 -9999.0 -9999.0
-9999.0 -9999.0 -9999.0 -9999.0 -9999.0 -9999.0 -9999.0 -9999.0 -9999.0 -9999.0 -9999.0 -9999.0 -9999.0 -9999.0 -9999.0 -9999.0 -9999.0 -9999.0 -9999.0 -9999.0 -9999.0 -9999.0 -9999.0 -9999.0 -9999.0 -9999.0 -9999.0 -9999.0 -9999.0 -9999.0 -9999.0 -9999.0 -9999.0 -9999.0 -9999.0 -9999.0 -9999.0 -9999.0 -9999.0 -9999.0 -9999.0 -9999.0 -9999.0 -9999.0 -9999.0 -9999.0 -9999.0 -9999.0 -9999.0 -9999.0 -9999.0 -9999.0 -9999.0 -9999.0 -9999.0 -9999.0 -9999.0 -9999.0 -9999.0 -9999.0 -9999.0 -9999.0 -9999.0 -9999.0 -9999.0 -9999.0 -9999.0 -9999.0 -9999.0 -9999.0 -9999.0 -9999.0 -9999.0 -9999.0 -9999.0 -9999.0 -9999.0 -9999.0 -9999.0 -9999.0
-9999.0 -9999.0 -9999.0 -9999.0 -9999.0 -9999.0 -9999.0 -9999.0 -9999.0 -9999.0 -9999.0 -9999.0 -9999.0 -9999.0 -9999.0 -9999.0 -9999.0 -9999.0 -9999.0 -9999.0 539.087802 542.039819 520.147284 486.898871 459.529370 462.533758 498.143657 540.060035 578.794035 589.293166 571.938378 575.057553 571.870518 573.088503 577.985558 586.463992 591.641646 603.823517 612.597264 612.187291 605.825584 600.223591 599.739608 602.715910 607.859229 597.730716 611.640756 626.766350 631.771445 625.393278 596.410027 578.627360 568.113659 551.531440 574.795751 585.643323 607.242366 610.338034 607.885654 580.166808 549.628607 -9999.0 -9999.0 -9999.0 -9999.0 -9999.0 -9999.0 -9999.0 -9999.0 -9999.0 -9999.0 -9999.0 -9999.0 -9999.0 -9999.0 -9999.0 -9999.0 -9999.0 -9999.0 -9999.0
-9999.0 -9999.0 -9999.0 -9999.0 -9999.0 -9999.0 -9999.0 -9999.0 -9999.0 -9999.0 -9999.0 -9999.0 -9999.0 -9999.0 446.700298 437.247028 434.889508 443.941713 478.294819 509.147113 521.880492 514.994327 515.716907 493.014841 473.761776 489.320703 520.301960 552.691009 587.400270 607.796383 596.482319 595.322568 607.676471 637.438065 654.970964 655.342821 637.351818 661.650422 677.784431 686.156982 684.795047 675.733561 688.631039 704.081552 697.150718 680.328373 685.757646 698.029956 710.451832 694.624596 627.478588 603.400746 596.542835 588.034255 572.816766 564.833753 588.240575 587.140728 577.763893 558.919984 525.619642 480.905744 461.955563 499.942307 543.428617 600.474858 -9999.0 -9999.0 -9999.0 -9999.0 -9999.0 -9999.0 -9999.0 -9999.0 -9999.0 -9999.0 -9999.0 -9999.0 -9999.0 -9999.0
-9999.0 -9999.0 -9999.0 -9999.0 -9999.0 -9999.0 -9999.0 -9999.0 -9999.0 388.672676 393.108279 400.641865 403.123383 419.113761 417.321894 424.912832 432.927722 460.387196 492.481549 528.859609 558.953490 550.746546 552.283602 564.654990 572.009047 588.188103 612.410673 653.915319 694.108609 734.448950 706.125254 705.743045 729.915736 787.803549 833.237279 847.171016 832.819587 841.763584 866.720958 887.864074 885.383996 881.855207 905.057417 917.663539 919.874188 901.807935 890.597731 892.043801 916.952226 863.275377 790.426503 726.563961 723.136994 690.032769 649.222269 625.514596 618.703994 636.779163 619.898003 581.319591 543.625613 531.676300 513.273764 529.044825 550.508859 596.268602 634.347256 662.264135 661.531011 643.727887 -9999.0 -9999.0 -9999.0 -9999.0 -9999.0 -9999.0 -9999.0 -9999.0 -9999.0 -9999.0
-9999.0 -9999.0 -9999.0 -9999.0 -9999.0 -9999.0 309.638192 319.172745 339.590603 344.887120 370.240079 378.089345 399.079685 418.901762 440.829611 458.516608 490.004964 524.092815 567.154237 613.655252 649.390563 646.987796 659.037099 693.803890 741.606196 784.214749 816.230301 857.022970 930.267552 968.923269 976.801086 984.060838 1003.395175 1076.529127 1165.752447 1192.085759 1178.785049 1167.310372 1184.825027 1214.999232 1216.905741 1215.267042 1222.088807 1229.146956 1253.467010 1247.813288 1215.888642 1206.005954 1204.023034 1186.488715 1113.710583 1016.252729 967.230758 915.370408 831.978436 769.944505 762.297505 772.519087 739.342707 683.359550 639.028405 624.450720 606.538119 590.721041 594.759381 612.503957 634.012100 644.303257 630.725753 609.147555 585.682033 556.255407 557.429869 582.295949 -9999.0 -9999.0 -9999.0 -9999.0 -9999.0 -9999.0
-9999.0 -9999.0 -9999.0 -9999.0 259.521864 272.532419 260.891802 285.811576 318.691234 353.008005 385.727281 423.543751 451.488743 482.509196 525.088458 563.653877 608.787784 646.604829 705.602367 782.612533 845.169654 875.344434 892.510700 955.161659 1032.833514 1119.831375 1155.032095 1181.435673 1214.701260 1263.380744 1284.347546 1289.980575 1310.145974 1351.603057 1404.681324 1440.818935 1429.703741 1425.898599 1431.023065 1438.879024 1458.320530 1457.271788 1457.645474 1458.673418 1462.189406 1463.779904 1446.189345 1419.426807 1408.950480 1399.515680 1368.104613 1293.149682 1252.552184 1226.480247 1196.515280 1136.081649 1038.849437 1006.550955 945.669724 887.361861 818.010872 782.976604 744.356441 713.684778 679.393887 677.167864 677.762757 655.811531 622.938924 589.675256 573.569841 553.813901 542.299123 571.580827 588.703992 618.973171 -9999.0 -9999.0 -9999.0 -9999.0
-9999.0 -9999.0 200.262180 249.748703 306.769216 316.250387 318.341756 324.709694 353.344787 405.846331 483.989119 537.681474 582.626871 617.104048 680.934457 771.071531 850.568515 902.612001 968.286814 1056.564733 1145.930812 1188.400375 1204.938391 1240.183461 1294.901388 1363.152553 1392.852074 1415.683168 1438.153048 1462.117092 1473.174792 1486.229175 1494.491692 1497.965385 1504.525853 1507.468347 1506.894028 1505.411070 1490.038379 1487.248277 1493.226383 1496.536555 1498.476458 1485.954777 1482.221625 1495.552543 1500.218017 1501.980731 1503.557742 1510.220474 1513.123229 1475.175840 1436.513132 1424.652693 1416.837286 1372.149494 1303.584528 1261.707160 1243.104709 1204.503885 1119.968246 1035.800325 969.364888 910.831736 846.060509 806.056291 754.009615 708.787894 660.639926 613.005976 587.488868 567.424536 563.512629 562.542012 577.854348 592.782197 607.793526 615.410843 -9999.0 -9999.0
-9999.0 98.690614 171.444280 298.822451 379.597536 426.454398 464.613614 492.007149 520.166829 543.703768 653.275689 756.719742 849.640046 886.535030 945.571193 1068.702888 1173.853665 1219.737753 1256.348582 1313.191718 1376.679074 1421.945677 1446.295277 1461.902564 1494.192183 1506.255604 1510.168605 1512.669292 1506.444669 1496.438571 1485.184636 1490.735688 1487.848913 1470.323085 1454.627231 1452.090540 1449.648113 1431.799170 1410.239638 1399.868485 1403.647363 1424.670248 1414.536185 1396.410505 1392.940570 1411.268434 1427.541729 1419.963308 1409.638481 1425.770014 1456.885131 1476.214281 1488.754982 1504.359895 1523.405047 1497.236507 1467.084373 1430.833159 1416.733565 1393.368793 1340.252499 1275.494148 1220.128420 1151.591687 1055.808129 969.028397 893.664185 825.798954 756.341132 712.266503 676.302090 621.237963 596.063823 595.431681 585.072654 581.480558 587.163450 593.284204 -9999.0 -9999.0
-9999.0 21.854052 165.113355 351.328399 502.002308 568.877696 688.171755 773.264694 801.279494 777.923228 891.556162 1133.040756 1232.168516 1247.064423 1313.747785 1400.187459 1428.612966 1459.049322 1479.068824 1484.999653 1490.902848 1498.870344 1496.092326 1490.252616 1478.179361 1473.902704 1476.064541 1476.288079 1462.069973 1443.545080 1423.689426 1418.273395 1400.932011 1357.827826 1317.626775 1296.151161 1282.354509 1267.548272 1241.371442 1220.777283 1209.820833 1226.953465 1220.140793 1204.851105 1200.915880 1220.100472 1248.796658 1243.289610 1250.172122 1272.820672 1315.604556 1358.418615 1381.019462 1407.577923 1439.382262 1478.313367 1493.706807 1515.196910 1520.583639 1501.620144 1463.098608 1417.255959 1389.179787 1333.199789 1258.965144 1175.560437 1090.328600 1012.551704 937.314861 882.526034 820.565043 751.502989 687.606500 657.684583 615.965753 594.603598 -9999.0 -9999.0 -9999.0 -9999.0
-9999.0 -51.697808 138.388422 401.734064 677.041913 813.932472 1050.872482 1183.000420 1236.894767 1299.720488 1297.734619 1429.608004 1462.216972 1455.583522 1448.674709 1452.825946 1467.628223 1470.330277 1464.878910 1453.671096 1444.688269 1441.010548 1439.912763 1434.308209 1425.695436 1415.561417 1407.612958 1400.253626 1368.587575 1333.978025 1288.407457 1268.268477 1229.725520 1132.381443 1062.560381 1011.287581 950.651868 944.483071 939.032084 913.144344 895.729294 878.321661 898.878769 901.785039 903.123432 907.053437 924.038079 945.605162 990.724371 1034.756083 1098.640851 1173.351542 1214.037947 1257.056069 1304.201454 1362.720495 1394.512836 1422.837795 1465.399002 1500.604076 1522.520069 1513.671298 1488.998195 1452.529613 1392.753855 1336.227250 1291.070430 1225.251370 1166.099050 1102.242362 1018.201022 936.217713 848.148384 749.656858 703.976079 -9999.0 -9999.0 -9999.0 -9999.0 -9999.0
-9999.0 -221.212384 47.284063 341.430915 672.615139 1026.756213 1165.361477 1297.384717 1372.368340 1340.171688 1344.456812 1365.086018 1401.737370 1407.980846 1391.269683 1386.592613 1377.651600 1375.388033 1381.643825 1346.846474 1311.458520 1295.692916 1294.644077 1284.557656 1265.292768 1252.660306 1244.784685 1229.749694 1184.787772 1122.649995 1007.845775 966.058395 887.282400 822.801147 768.057483 712.878580 659.578991 658.004252 675.288096 660.845721 639.461630 621.470275 647.744648 664.572200 676.053291 665.078592 673.685186 709.008584 758.859954 805.196039 861.769286 924.880528 976.182349 1032.050919 1081.941064 1160.048696 1216.247209 1265.051255 1341.797370 1414.151609 1445.425185 1477.090218 1510.880238 1529.325919 1485.818668 1446.167610 1408.066551 1363.666323 1297.681110 1258.815440 1217.854105 1139.068917 1037.971046 -9999.0 -9999.0 -9999.0 -9999.0 -9999.0 -9999.0 -9999.0
-9999.0 -351.452048 -126.345919 112.674655 407.833075 654.057660 846.786609 972.062230 1078.684597 1118.234127 1151.999975 1182.465697 1209.451040 1229.917750 1211.139425 1178.256377 1152.618774 1152.698307 1137.564017 1087.004332 1034.318671 1009.094808 1004.090150 995.966869 970.785253 956.839839 947.493736 926.256607 891.361228 830.887429 739.282267 663.311395 599.559601 563.847394 530.996559 496.062872 458.159863 468.522385 482.505005 478.928815 467.894443 464.498627 494.078380 512.910336 522.937593 510.393617 529.003873 555.748672 597.619624 640.781689 690.956823 747.801315 802.823481 835.822749 857.877362 896.204458 944.999492 1013.569750 1131.610306 1234.372021 1311.901467 1363.531235 1413.231576 1447.120826 1464.682942 1485.918037 1470.649966 1401.461509 1293.529308 1320.822785 1326.631083 -9999.0 -9999.0 -9999.0 -9999.0 -9999.0 -9999.0 -9999.0 -9999.0 -9999.0
-9999.0 -9999.0 -362.660012 -178.511697 -29.274787 155.644083 308.442481 421.358447 512.291687 622.002366 724.497994 804.723923 846.351741 862.899554 848.170352 813.191743 789.398655 786.634929 770.838803 748.396553 717.817198 704.840376 693.019221 684.582254 673.091744 667.160686 662.364083 651.422563 628.695645 580.076356 526.271400 472.358026 417.305882 391.106637 368.298956 345.582558 342.829834 340.141272 346.664180 348.269047 354.537354 366.821114 387.385075 409.041690 418.546362 426.263346 438.627208 462.195882 495.343523 537.183959 590.737979 647.864762 687.344289 700.885832 693.959272 703.315800 728.744631 778.938366 874.367274 970.148106 1083.151558 1179.172177 1259.584007 1319.259005 1348.716257 1373.450910 1395.811831 1327.332004 936.883691 1238.077741 -9999.0 -9999.0 -9999.0 -9999.0 -9999.0 -9999.0 -9999.0 -9999.0 -9999.0 -9999.0
-9999.0 -9999.0 -9999.0 -9999.0 -322.960507 -165.677028 -69.601652 14.545659 141.715348 258.224603 356.203822 436.423106 493.571409 518.462668 510.495482 509.765092 502.464410 496.168267 484.613112 477.885317 471.509521 462.187793 448.825904 441.122870 441.191822 445.541549 443.540522 430.378049 413.555114 387.986175 364.792206 329.242415 292.160874 262.634779 249.296198 242.777818 242.812351 236.819758 246.166378 253.106960 268.272473 283.754011 307.767626 336.411474 349.459334 363.789680 373.386316 393.946906 423.992933 476.943476 539.738939 596.489783 631.127607 635.200160 610.306907 595.606632 593.594300 623.938406 674.097496 747.521903 857.180305 942.437754 1015.814758 1086.806924 1155.262337 1219.936429 1296.881780 1331.797135 -9999.0 -9999.0 -9999.0 -9999.0 -9999.0 -9999.0 -9999.0 -9999.0 -9999.0 -9999.0 -9999.0 -9999.0
-9999.0 -9999.0 -9999.0 -9999.0 -9999.0 -9999.0 -374.066030 -275.338803 -190.013869 -59.314357 62.409292 159.268075 236.266863 264.182592 285.403498 309.445858 305.491126 287.016851 268.217292 284.336890 294.523844 288.427385 259.508465 258.380974 262.541039 271.649350 270.280027 264.224589 239.382805 248.781170 247.996374 224.653124 198.464078 184.206364 172.507334 182.336780 182.990472 170.165218 171.977532 198.444986 218.471621 231.886518 254.178742 287.373725 319.470703 334.033703 335.034219 341.077350 381.813455 451.831826 522.493291 576.543974 607.778316 615.243287 587.263537 546.773030 525.946427 533.455385 569.441175 624.489989 704.046520 758.951990 795.720303 826.688654 866.458679 966.584527 -9999.0 -9999.0 -9999.0 -9999.0 -9999.0 -9999.0 -9999.0 -9999.0 -9999.0 -9999.0 -9999.0 -9999.0 -9999.0 -9999.0
-9999.0 -9999.0 -9999.0 -9999.0 -9999.0 -9999.0 -9999.0 -9999.0 -9999.0 -9999.0 -9999.0 -9999.0 -9999.0 -9999.0 -9999.0 -9999.0 -9999.0 -9999.0 -9999.0 -9999.0 -9999.0 -9999.0 -9999.0 -9999.0 -9999.0 -9999.0 -9999.0 -9999.0 -9999.0 -9999.0 -9999.0 -9999.0 -9999.0 -9999.0 -9999.0 -9999.0 -9999.0 -9999.0 -9999.0 -9999.0 -9999.0 -9999.0 -9999.0 -9999.0 -9999.0 -9999.0 -9999.0 -9999.0 -9999.0 -9999.0 -9999.0 -9999.0 -9999.0 -9999.0 -9999.0 -9999.0 -9999.0 -9999.0 -9999.0 -9999.0 -9999.0 -9999.0 -9999.0 -9999.0 -9999.0 -9999.0 -9999.0 -9999.0 -9999.0 -9999.0 -9999.0 -9999.0 -9999.0 -9999.0 -9999.0 -9999.0 -9999.0 -9999.0 -9999.0 -9999.0
-9999.0 -9999.0 -9999.0 -9999.0 -9999.0 -9999.0 -9999.0 -9999.0 -9999.0 -9999.0 -9999.0 -9999.0 -9999.0 -9999.0 -9999.0 -9999.0 -9999.0 -9999.0 -9999.0 -9999.0 -9999.0 -9999.0 -9999.0 -9999.0 -9999.0 -9999.0 -9999.0 -9999.0 -9999.0 -9999.0 -9999.0 -9999.0 -9999.0 -9999.0 -9999.0 -9999.0 -9999.0 -9999.0 -9999.0 -9999.0 -9999.0 -9999.0 -9999.0 -9999.0 -9999.0 -9999.0 -9999.0 -9999.0 -9999.0 -9999.0 -9999.0 -9999.0 -9999.0 -9999.0 -9999.0 -9999.0 -9999.0 -9999.0 -9999.0 -9999.0 -9999.0 -9999.0 -9999.0 -9999.0 -9999.0 -9999.0 -9999.0 -9999.0 -9999.0 -9999.0 -9999.0 -9999.0 -9999.0 -9999.0 -9999.0 -9999.0 -9999.0 -9999.0 -9999.0 -9999.0