Borden_/Borden1m_014/output_maps/psiliqL0007N0025.asc
ncols         80
nrows         18
xllcorner     620200.000000
yllcorner     5168000.000000
cellsize      1.000000
NODATA_value  -9999.0
-9999.0 -9999.0 -9999.0 -9999.0 -9999.0 -9999.0 -9999.0 -9999.0 -9999.0 -9999.0 -9999.0 -9999.0 -9999.0 -9999.0 -9999.0 -9999.0 -9999.0 -9999.0 -9999.0 -9999.0 -9999.0 -9999.0 -9999.0 -9999.0 -9999.0 -9999.0 -9999.0 -9999.0 -9999.0 -9999.0 -9999.0 -9999.0 -9999.0 -9999.0 -9999.0 -9999.0 -9999.0 -9999.0 -9999.0 -9999.0 -9999.0 -9999.0 -9999.0 -9999.0 -9999.0 -9999.0 -9999.0 -9999.0 -9999.0 -9999.0 -9999.0 -9999.0 -9999.0 -9999.0 -9999.0 -9999.0 -9999.0 -9999.0 -9999.0 -9999.0 -9999.0 -9999.0 -9999.0 -9999.0 -9999.0 -9999.0 -9999.0 -9999.0 -9999.0 -9999.0 -9999.0 -9999.0 -9999.0 -9999.0 -9999.0 -9999.0 -9999.0 -9999.0 -9999.0 -9999.0
-9999.0 -9999.0 -9999.0 -9999.0 -9999.0 -9999.0 -9999.0 -9999.0 -9999.0 -9999.0 -9999.0 -9999.0 -9999.0 -9999.0 -9999.0 -9999.0 -9999.0 -9999.0 -9999.0 -9999.0 -9999.0 -9999.0 -9999.0 -9999.0 -9999.0 -9999.0 -9999.0 -9999.0 -9999.0 -9999.0 -9999.0 -9999.0 -9999.0 -9999.0 -9999.0 -9999.0 -9999.0 -9999.0 -9999.0 -9999.0 -9999.0 -9999.0 -9999.0 -9999.0 -9999.0 -9999.0 -9999.0 -9999.0 -9999.0 -9999.0 -9999.0 -9999.0 -9999.0 -9999.0 -9999.0 -9999.0 -9999.0 -9999.0 -9999.0 -9999.0 -9999.0 -9999.0 -9999.0 -9999.0 -9999.0 -9999.0 -9999.0 -9999.0 -9999.0 -9999.0 -9999.0 -9999.0 -9999.0 -9999.0 -9999.0 -9999.0 -9999.0 -9999.0 -9999.0 -9999.0
-9999.0 -9999.0 -9999.0 -9999.0 -9999.0 -9999.0 -9999.0 -9999.0 -9999.0 -9999.0 -9999.0 -9999.0 -9999.0 -9999.0 -9999.0 -9999.0 -9999.0 -9999.0 -9999.0 -9999.0 -471.934984 -468.883344 -491.917413 -526.217838 -554.954685 -553.400851 -518.615807 -477.803134 -440.250223 -429.763294 -448.056160 -446.899221 -452.184599 -452.153711 -448.985016 -443.067343 -440.600166 -428.868342 -420.239005 -420.437104 -426.700784 -432.607156 -434.113367 -430.432570 -425.443305 -434.108098 -420.488774 -404.844677 -398.145732 -403.410321 -431.175424 -447.202287 -455.173340 -469.358528 -444.554373 -431.568393 -408.155448 -403.542072 -404.454779 -431.401647 -461.401221 -9999.0 -9999.0 -9999.0 -9999.0 -9999.0 -9999.0 -9999.0 -9999.0 -9999.0 -9999.0 -9999.0 -9999.0 -9999.0 -9999.0 -9999.0 -9999.0 -9999.0 -9999.0 -9999.0
-9999.0 -9999.0 -9999.0 -9999.0 -9999.0 -9999.0 -9999.0 -9999.0 -9999.0 -9999.0 -9999.0 -9999.0 -9999.0 -9999.0 -561.478838 -571.991094 -575.409498 -567.242139 -533.776476 -504.121483 -491.530986 -499.428951 -499.821351 -523.746992 -544.229510 -530.411203 -501.444637 -470.348061 -436.286688 -415.519738 -428.648652 -431.467726 -420.372894 -391.215879 -375.284914 -377.758815 -399.834947 -376.690889 -359.596918 -349.182776 -349.998873 -358.796993 -342.867426 -325.377042 -332.179165 -351.113569 -348.508592 -336.711664 -321.271462 -338.080725 -405.642455 -428.064607 -431.147692 -437.670844 -450.706010 -457.098956 -432.005147 -430.567713 -438.493652 -456.100761 -487.967742 -531.809538 -549.241888 -510.434523 -465.461010 -406.868509 -9999.0 -9999.0 -9999.0 -9999.0 -9999.0 -9999.0 -9999.0 -9999.0 -9999.0 -9999.0 -9999.0 -9999.0 -9999.0 -9999.0
-9999.0 -9999.0 -9999.0 -9999.0 -9999.0 -9999.0 -9999.0 -9999.0 -9999.0 -617.243358 -614.081510 -607.408558 -606.153994 -590.966918 -592.936401 -586.480322 -578.874550 -553.440801 -522.812796 -488.014912 -459.283561 -469.804992 -469.828402 -457.395308 -449.751412 -436.319381 -415.141026 -373.226249 -327.399480 -281.346425 -309.419105 -310.254462 -287.344315 -229.771266 -182.057476 -167.533776 -191.343615 -188.132507 -156.226192 -121.370920 -117.667103 -117.756205 -82.674983 -62.545241 -53.755613 -81.554998 -112.549645 -117.651806 -84.500950 -154.631877 -233.475054 -296.632461 -300.538065 -336.413077 -381.298485 -405.449914 -408.959475 -386.399142 -402.021689 -439.811245 -476.289430 -485.185506 -501.280232 -484.674855 -461.422178 -413.658339 -374.580054 -345.346030 -344.568928 -361.641153 -9999.0 -9999.0 -9999.0 -9999.0 -9999.0 -9999.0 -9999.0 -9999.0 -9999.0 -9999.0
-9999.0 -9999.0 -9999.0 -9999.0 -9999.0 -9999.0 -695.067475 -686.774551 -667.646124 -662.352476 -638.790152 -631.763755 -611.852854 -593.061585 -573.302016 -556.757791 -526.147848 -494.039487 -452.285868 -406.978669 -373.167903 -376.785878 -365.396673 -326.039536 -274.654568 -235.349734 -205.979457 -155.789025 -45.325295 18.433285 41.201403 52.840744 67.317561 105.935990 166.303883 203.276593 162.046447 142.723286 159.523173 200.005010 240.851929 246.530627 254.975864 263.729738 289.068829 277.621676 205.806860 179.764812 172.530077 161.278936 114.427168 59.079955 -0.396688 -72.335430 -182.631110 -253.201222 -258.872226 -246.299896 -283.161871 -341.302673 -386.680446 -398.140961 -413.195274 -427.612707 -422.043404 -402.006244 -377.785758 -365.755152 -377.596202 -397.608818 -420.306738 -448.680143 -446.666457 -420.891958 -9999.0 -9999.0 -9999.0 -9999.0 -9999.0 -9999.0
-9999.0 -9999.0 -9999.0 -9999.0 -744.207937 -732.329208 -744.201274 -721.523147 -690.375340 -658.097867 -626.358979 -589.633431 -563.264944 -534.183305 -492.418676 -453.301425 -408.158987 -370.744596 -308.953514 -229.189305 -163.268708 -123.567819 -93.369997 -2.194437 72.657634 119.138828 136.123199 161.553350 210.292155 298.923146 329.948991 338.905812 355.028392 374.185809 422.819481 458.346263 438.717699 432.146339 435.034273 444.945870 472.503925 474.785603 476.509884 477.370524 479.721936 479.398880 454.394887 421.515655 407.787679 400.710125 380.014810 315.951706 244.670528 205.483588 176.743414 135.125877 74.620352 46.309719 -31.285071 -113.912653 -203.287653 -237.769277 -277.046263 -307.845006 -341.559035 -341.894404 -339.243965 -358.845355 -388.906224 -420.325737 -434.672647 -452.762678 -462.299889 -432.019381 -413.939570 -382.511029 -9999.0 -9999.0 -9999.0 -9999.0
-9999.0 -9999.0 -801.312147 -751.571258 -696.596570 -688.720733 -686.914150 -682.891121 -657.107183 -607.560809 -528.901109 -475.467533 -429.354236 -397.650282 -331.816422 -234.620420 -136.564662 -62.088663 21.633249 91.305574 146.155065 185.175402 234.112022 277.204816 324.084960 368.495079 400.012802 423.192599 450.584831 482.633073 506.199985 522.006538 527.893483 523.645532 524.931368 524.360031 521.038111 515.658582 498.152233 495.581473 503.300262 506.566317 509.720387 497.379093 493.497787 505.860765 507.451922 507.227938 508.279986 516.664037 525.908927 494.456422 441.637825 426.645066 417.975481 381.267990 320.686613 253.749646 222.827098 180.202644 108.129202 59.656863 -7.076771 -85.662101 -165.391476 -212.065672 -266.816653 -310.411348 -356.298442 -401.263373 -424.069528 -441.921559 -443.445990 -442.116000 -425.574087 -409.453172 -393.692912 -385.701556 -9999.0 -9999.0
-9999.0 -898.822797 -826.524118 -699.398482 -621.609291 -577.499757 -536.501396 -507.057188 -483.672703 -470.242340 -356.602987 -233.649207 -120.835178 -73.777617 4.198014 109.110580 224.473707 268.808989 302.923016 347.998791 398.138408 440.113447 469.004684 499.004403 525.373318 524.261698 523.617837 523.365508 516.064623 509.147457 499.558313 506.864981 505.007197 488.815406 475.860338 474.358809 468.612129 442.072203 413.795714 399.966784 403.877682 424.746948 414.456741 394.790638 391.198345 411.036157 427.368958 419.647864 408.336410 426.216633 459.695039 480.135062 495.620145 509.978553 529.908452 507.723442 475.350989 434.847144 414.220455 387.535904 313.238369 249.629669 194.259143 131.625192 70.468797 -12.203762 -105.565988 -186.162746 -261.809829 -304.337863 -336.663754 -389.524845 -412.867962 -410.743223 -419.569893 -421.607773 -414.568059 -407.933013 -9999.0 -9999.0
-9999.0 -968.369337 -825.225335 -639.955215 -494.138669 -430.931805 -302.476113 -208.880871 -174.033704 -197.851229 -43.869774 210.211974 291.289450 300.722525 362.586423 436.645788 476.940468 503.401364 520.508498 516.124739 513.174367 517.354651 514.097965 506.456085 493.132218 485.763677 484.963459 482.038676 462.549244 443.726496 427.150872 423.811388 408.978276 373.019849 343.832071 330.067899 311.572319 266.254182 223.357181 193.296725 179.167261 197.279003 187.943408 170.531290 167.086340 190.330211 224.304487 220.595350 228.584381 253.651849 297.617926 354.116203 377.634197 405.663443 440.513437 481.605219 500.281832 519.970011 525.427258 502.118426 460.586249 412.679484 379.296099 300.532543 227.420984 149.554581 93.195520 40.786854 -44.832368 -117.270592 -185.427538 -255.376809 -319.150174 -348.820847 -388.329187 -409.363543 -9999.0 -9999.0 -9999.0 -9999.0
-9999.0 -1031.080463 -839.430403 -573.197922 -315.357109 -158.713893 65.775984 200.402966 301.520064 323.757366 383.637312 483.755055 502.686359 490.780544 471.651781 471.094502 483.223712 486.403950 482.509407 472.818918 461.624795 457.510877 455.014284 444.913447 434.902970 420.536803 407.992796 393.561069 335.700978 300.280954 270.079362 252.337783 215.358171 131.769633 96.704282 69.595467 6.592356 -11.987240 -32.390594 -75.782741 -103.842104 -123.502428 -100.701257 -102.553530 -102.432469 -89.177973 -57.578543 -30.373196 24.131915 66.560324 105.586149 155.307015 190.055292 236.001225 287.093974 360.080989 391.551361 420.137525 463.617914 503.177746 525.033652 516.964643 487.560667 446.957037 381.650040 298.956587 250.908938 186.215770 124.733376 77.060598 36.781848 -30.301057 -132.859954 -254.135169 -299.198488 -9999.0 -9999.0 -9999.0 -9999.0 -9999.0
-9999.0 -1179.942875 -912.528861 -615.032515 -272.562986 71.027865 180.943602 373.764285 447.739641 379.186383 332.225390 373.809079 411.922997 415.190247 393.723597 386.600865 379.296305 379.172385 391.487148 363.965940 316.586006 299.828377 297.572731 283.582118 259.258840 239.267125 223.957690 201.791429 150.683664 107.726489 41.947252 6.560489 -92.042414 -183.962213 -239.898402 -293.008797 -350.141589 -353.685312 -338.923593 -357.348899 -380.519959 -399.873263 -374.119170 -358.973287 -348.212483 -357.630554 -347.967796 -311.620486 -259.203226 -210.224216 -147.455944 -68.504752 -2.087887 63.358909 95.710146 145.365786 191.565912 241.649630 317.113882 409.668653 443.838400 477.707633 513.783366 530.085993 486.817456 440.117605 391.671793 328.191188 235.897447 183.798283 157.186783 122.676692 72.402085 -9999.0 -9999.0 -9999.0 -9999.0 -9999.0 -9999.0 -9999.0
-9999.0 -1315.556378 -1080.654814 -829.095192 -527.596502 -284.124409 -70.300510 64.891219 172.172190 129.002951 127.040342 151.834583 179.819190 200.131550 178.169162 146.288797 123.987958 128.024522 128.464938 107.376455 80.855694 68.331044 66.829378 56.951419 22.166114 -1.540628 -18.674273 -51.992367 -107.498864 -181.406586 -275.942265 -347.794157 -413.256096 -450.641119 -481.497240 -515.030416 -554.606549 -543.782494 -528.674910 -533.537627 -546.368614 -551.305721 -521.683160 -503.627862 -493.779366 -507.575434 -489.594656 -462.897346 -421.154845 -379.500466 -331.244235 -275.288424 -217.606811 -179.174929 -154.939953 -109.629613 -43.093491 37.336420 119.614003 215.834876 292.315452 357.776875 408.984282 437.250998 459.382765 479.205114 470.067024 411.155229 282.594856 241.286946 225.607286 -9999.0 -9999.0 -9999.0 -9999.0 -9999.0 -9999.0 -9999.0 -9999.0 -9999.0
-9999.0 -9999.0 -1318.203990 -1124.580325 -959.921775 -774.276080 -628.417643 -524.572003 -452.128259 -364.388181 -275.376829 -196.676056 -149.039218 -128.313777 -152.679629 -202.528010 -232.928868 -233.057747 -242.962530 -259.367520 -286.787052 -297.722130 -307.722158 -316.607728 -332.630832 -341.698247 -347.948381 -360.188405 -384.395832 -432.624862 -486.940481 -539.348296 -593.859283 -618.489269 -640.172472 -662.836010 -666.669098 -667.802259 -660.631609 -659.503203 -654.586252 -643.192664 -622.442734 -601.484925 -592.382609 -586.008692 -573.761369 -550.551894 -517.899954 -477.829237 -426.408250 -371.443216 -333.833529 -322.117416 -331.501999 -324.376398 -299.119435 -247.131510 -137.107428 -7.250615 92.834950 162.821481 237.257198 289.988520 317.858572 352.731388 389.390498 350.614802 148.565878 202.282164 -9999.0 -9999.0 -9999.0 -9999.0 -9999.0 -9999.0 -9999.0 -9999.0 -9999.0 -9999.0
-9999.0 -9999.0 -9999.0 -9999.0 -1267.442232 -1109.850072 -1017.611230 -936.861546 -820.680601 -717.617570 -629.465025 -556.401416 -506.535680 -484.079136 -497.129046 -505.158922 -514.285117 -517.416745 -525.761029 -532.231292 -538.784685 -546.566616 -557.058861 -564.517742 -565.480798 -562.177234 -563.906331 -576.529156 -591.600290 -619.390692 -643.792072 -678.735592 -715.544898 -744.231826 -756.895350 -763.887137 -763.390812 -768.432847 -758.715056 -752.666732 -738.004645 -722.643063 -698.743671 -670.825587 -658.733609 -644.883849 -635.405969 -614.826028 -585.450325 -533.564165 -472.382081 -417.747763 -385.387105 -383.331849 -411.444140 -428.923564 -433.359008 -405.801214 -356.620460 -280.260534 -159.682098 -51.115461 41.394657 91.845935 125.075213 176.190505 239.123166 278.775507 -9999.0 -9999.0 -9999.0 -9999.0 -9999.0 -9999.0 -9999.0 -9999.0 -9999.0 -9999.0 -9999.0 -9999.0
-9999.0 -9999.0 -9999.0 -9999.0 -9999.0 -9999.0 -1326.158702 -1232.841920 -1144.159293 -1027.800848 -920.986452 -833.690400 -762.954774 -740.429610 -725.451976 -704.416645 -709.541647 -725.862410 -741.483693 -725.534152 -716.902276 -721.271633 -747.570569 -749.059837 -745.791500 -736.180863 -736.959656 -742.652092 -766.824766 -759.332624 -761.011722 -783.505872 -809.073941 -823.272663 -834.518287 -824.430317 -823.383980 -835.484188 -832.602240 -806.907610 -787.508210 -774.104061 -751.600044 -718.753112 -687.142925 -673.328614 -672.683549 -666.736247 -625.371519 -555.882142 -486.882248 -434.975402 -405.734840 -399.877306 -430.302055 -473.358043 -497.109772 -492.657597 -460.247242 -408.086333 -329.993816 -276.996113 -238.522474 -208.065954 -168.369801 -36.996783 -9999.0 -9999.0 -9999.0 -9999.0 -9999.0 -9999.0 -9999.0 -9999.0 -9999.0 -9999.0 -9999.0 -9999.0 -9999.0 -9999.0
-9999.0 -9999.0 -9999.0 -9999.0 -9999.0 -9999.0 -9999.0 -9999.0 -9999.0 -9999.0 -9999.0 -9999.0 -9999.0 -9999.0 -9999.0 -9999.0 -9999.0 -9999.0 -9999.0 -9999.0 -9999.0 -9999.0 -9999.0 -9999.0 -9999.0 -9999.0 -9999.0 -9999.0 -9999.0 -9999.0 -9999.0 -9999.0 -9999.0 -9999.0 -9999.0 -9999.0 -9999.0 -9999.0 -9999.0 -9999.0 -9999.0 -9999.0 -9999.0 -9999.0 -9999.0 -9999.0 -9999.0 -9999.0 -9999.0 -9999.0 -9999.0 -9999.0 -9999.0 -9999.0 -9999.0 -9999.0 -9999.0 -9999.0 -9999.0 -9999.0 -9999.0 -9999.0 -9999.0 -9999.0 -9999.0 -9999.0 -9999.0 -9999.0 -9999.0 -9999.0 -9999.0 -9999.0 -9999.0 -9999.0 -9999.0 -9999.0 -9999.0 -9999.0 -9999.0 -9999.0
-9999.0 -9999.0 -9999.0 -9999.0 -9999.0 -9999.0 -9999.0 -9999.0 -9999.0 -9999.0 -9999.0 -9999.0 -9999.0 -9999.0 -9999.0 -9999.0 -9999.0 -9999.0 -9999.0 -9999.0 -9999.0 -9999.0 -9999.0 -9999.0 -9999.0 -9999.0 -9999.0 -9999.0 -9999.0 -9999.0 -9999.0 -9999.0 -9999.0 -9999.0 -9999.0 -9999.0 -9999.0 -9999.0 -9999.0 -9999.0 -9999.0 -9999.0 -9999.0 -9999.0 -9999.0 -9999.0 -9999.0 -9999.0 -9999.0 -9999.0 -9999.0 -9999.0 -9999.0 -9999.0 -9999.0 -9999.0 -9999.0 -9999.0 -9999.0 -9999.0 -9999.0 -9999.0 -9999.0 -9999.0 -9999.0 -9999.0 -9999.0 -9999.0 -9999.0 -9999.0 -9999.0 -9999.0 -9999.0 -9999.0 -9999.0 -9999.0 -9999.0 -9999.0 -9999.0 -9999.0