Borden_/Borden1m_014/output_maps/psiliqL0017N0037.asc
ncols         80
nrows         18
xllcorner     620200.000000
yllcorner     5168000.000000
cellsize      1.000000
NODATA_value  -9999.0
-9999.0 -9999.0 -9999.0 -9999.0 -9999.0 -9999.0 -9999.0 -9999.0 -9999.0 -9999.0 -9999.0 -9999.0 -9999.0 -9999.0 -9999.0 -9999.0 -9999.0 -9999.0 -9999.0 -9999.0 -9999.0 -9999.0 -9999.0 -9999.0 -9999.0 -9999.0 -9999.0 -9999.0 -9999.0 -9999.0 -9999.0 -9999.0 -9999.0 -9999.0 -9999.0 -9999.0 -9999.0 -9999.0 -9999.0 -9999.0 -9999.0 -9999.0 -9999.0 -9999.0 -9999.0 -9999.0 -9999.0 -9999.0 -9999.0 -9999.0 -9999.0 -9999.0 -9999.0 -9999.0 -9999.0 -9999.0 -9999.0 -9999.0 -9999.0 -9999.0 -9999.0 -9999.0 -9999.0 -9999.0 -9999.0 -9999.0 -9999.0 -9999.0 -9999.0 -9999.0 -9999.0 -9999.0 -9999.0 -9999.0 -9999.0 -9999.0 -9999.0 -9999.0 -9999.0 -9999.0
-9999.0 -9999.0 -9999.0 -9999.0 -9999.0 -9999.0 -9999.0 -9999.0 -9999.0 -9999.0 -9999.0 -9999.0 -9999.0 -9999.0 -9999.0 -9999.0 -9999.0 -9999.0 -9999.0 -9999.0 -9999.0 -9999.0 -9999.0 -9999.0 -9999.0 -9999.0 -9999.0 -9999.0 -9999.0 -9999.0 -9999.0 -9999.0 -9999.0 -9999.0 -9999.0 -9999.0 -9999.0 -9999.0 -9999.0 -9999.0 -9999.0 -9999.0 -9999.0 -9999.0 -9999.0 -9999.0 -9999.0 -9999.0 -9999.0 -9999.0 -9999.0 -9999.0 -9999.0 -9999.0 -9999.0 -9999.0 -9999.0 -9999.0 -9999.0 -9999.0 -9999.0 -9999.0 -9999.0 -9999.0 -9999.0 -9999.0 -9999.0 -9999.0 -9999.0 -9999.0 -9999.0 -9999.0 -9999.0 -9999.0 -9999.0 -9999.0 -9999.0 -9999.0 -9999.0 -9999.0
-9999.0 -9999.0 -9999.0 -9999.0 -9999.0 -9999.0 -9999.0 -9999.0 -9999.0 -9999.0 -9999.0 -9999.0 -9999.0 -9999.0 -9999.0 -9999.0 -9999.0 -9999.0 -9999.0 -9999.0 1553.653374 1556.434079 1535.528892 1503.120600 1476.697133 1480.569681 1516.592875 1559.623704 1600.190805 1611.431018 1595.069781 1599.553137 1596.515437 1595.766456 1598.874146 1607.130945 1613.232850 1625.305958 1634.801634 1635.511807 1630.662358 1626.832070 1628.458924 1631.294353 1636.467222 1623.706106 1636.685835 1650.228243 1653.071733 1646.005413 1617.142457 1599.852410 1588.451183 1570.319142 1592.832161 1602.254526 1622.847011 1625.005138 1621.431711 1593.104787 1562.151660 -9999.0 -9999.0 -9999.0 -9999.0 -9999.0 -9999.0 -9999.0 -9999.0 -9999.0 -9999.0 -9999.0 -9999.0 -9999.0 -9999.0 -9999.0 -9999.0 -9999.0 -9999.0 -9999.0
-9999.0 -9999.0 -9999.0 -9999.0 -9999.0 -9999.0 -9999.0 -9999.0 -9999.0 -9999.0 -9999.0 -9999.0 -9999.0 -9999.0 1459.429412 1451.069494 1449.745488 1459.455897 1494.230150 1525.574999 1537.851153 1531.513367 1532.955347 1510.724490 1491.362809 1506.963623 1538.726845 1572.210149 1608.590215 1630.120235 1620.807383 1620.242562 1630.775593 1655.933603 1668.687191 1666.917791 1649.066222 1674.171585 1690.922288 1700.185870 1701.092313 1693.759757 1706.278948 1721.555623 1714.131434 1696.505781 1701.697665 1712.425158 1721.848107 1706.935913 1641.982688 1621.726584 1614.820607 1606.044891 1589.660004 1581.515401 1605.291848 1602.972008 1592.916693 1573.373742 1539.156306 1493.895922 1473.853344 1511.312095 1553.420201 1609.060029 -9999.0 -9999.0 -9999.0 -9999.0 -9999.0 -9999.0 -9999.0 -9999.0 -9999.0 -9999.0 -9999.0 -9999.0 -9999.0 -9999.0
-9999.0 -9999.0 -9999.0 -9999.0 -9999.0 -9999.0 -9999.0 -9999.0 -9999.0 1397.443388 1403.330310 1412.027647 1416.083677 1433.194656 1431.694776 1440.331253 1448.442855 1477.352084 1509.799147 1546.138019 1575.911429 1568.663148 1570.565601 1580.973433 1584.172055 1597.335404 1621.131475 1663.279881 1703.118257 1744.700767 1716.992493 1715.891471 1736.097916 1782.721141 1813.946693 1820.490050 1803.540184 1815.809016 1842.368897 1864.963320 1865.970115 1864.379388 1889.958402 1904.045388 1902.706309 1881.320059 1870.162276 1870.067973 1893.560547 1840.059133 1771.648639 1721.819648 1726.028263 1695.819698 1658.524386 1637.960787 1633.404252 1651.343652 1634.688066 1595.936808 1558.304365 1545.121740 1525.753402 1541.646651 1561.956978 1606.121666 1643.202461 1669.865620 1667.461949 1648.707361 -9999.0 -9999.0 -9999.0 -9999.0 -9999.0 -9999.0 -9999.0 -9999.0 -9999.0 -9999.0
-9999.0 -9999.0 -9999.0 -9999.0 -9999.0 -9999.0 1316.265925 1327.117320 1348.963792 1354.487970 1381.764514 1390.519340 1412.785861 1433.676623 1457.366998 1475.201499 1506.352042 1540.815262 1582.701880 1626.790890 1660.283593 1656.007999 1667.643787 1697.339291 1735.232617 1763.970916 1790.966058 1832.915374 1909.993796 1952.518435 1958.033788 1963.331443 1973.745377 2023.306482 2087.359751 2101.531095 2082.461282 2069.928205 2092.762448 2131.213151 2137.455823 2140.003472 2152.304584 2162.274012 2187.606453 2176.567611 2135.795023 2121.428797 2119.044651 2098.958916 2034.152198 1970.301016 1937.762373 1886.786207 1802.419116 1748.278505 1756.096080 1773.698914 1743.538591 1687.964214 1646.020154 1633.602514 1616.549295 1601.896981 1606.740154 1623.822485 1643.527113 1652.426511 1637.081110 1613.879131 1589.513350 1559.431514 1560.337953 1584.755984 -9999.0 -9999.0 -9999.0 -9999.0 -9999.0 -9999.0
-9999.0 -9999.0 -9999.0 -9999.0 1264.573670 1278.546252 1267.154419 1294.194023 1328.653575 1364.773733 1397.921850 1436.116011 1465.148097 1497.353558 1538.826729 1573.241866 1615.750750 1652.643673 1708.231506 1777.533958 1829.984518 1854.204928 1870.406879 1928.574542 1989.985898 2042.863661 2065.415072 2094.718259 2140.835685 2201.697073 2229.087268 2235.787241 2253.591396 2290.547812 2339.582815 2373.723153 2357.893297 2351.045140 2359.398152 2373.292372 2398.398202 2401.016510 2403.606411 2406.529764 2411.216557 2409.041192 2382.788069 2347.683208 2331.464100 2320.038062 2287.232217 2216.392449 2176.906122 2145.240966 2107.721799 2053.431699 1991.042966 1976.843054 1918.466593 1859.313577 1796.813609 1774.734468 1743.074812 1716.256861 1686.159580 1686.107928 1687.075280 1663.786649 1628.536408 1594.013458 1577.208037 1557.038783 1544.735769 1574.016485 1590.810316 1620.372620 -9999.0 -9999.0 -9999.0 -9999.0
-9999.0 -9999.0 1203.277799 1252.041183 1310.376957 1320.302947 1321.275706 1328.932230 1359.654085 1414.031334 1489.530112 1539.854932 1582.333956 1618.688257 1679.755458 1758.096194 1830.307004 1879.989135 1941.745977 2013.611058 2077.336191 2111.545626 2129.257869 2169.536191 2224.574436 2288.728154 2316.925020 2344.637938 2377.861126 2413.305651 2421.441716 2435.038618 2444.141190 2448.742462 2455.937585 2458.461885 2453.715372 2448.584835 2430.699857 2427.519919 2435.521327 2442.447791 2443.894985 2430.426179 2426.327038 2439.658897 2443.232629 2441.023428 2438.937700 2444.840193 2446.068539 2404.599868 2370.510657 2353.823954 2341.176168 2294.914550 2228.541772 2187.260161 2163.097718 2118.174843 2039.230732 1987.993958 1937.137116 1888.633290 1835.661687 1804.205702 1755.876235 1710.855522 1661.721830 1613.330879 1588.222290 1569.258519 1565.894787 1564.764566 1580.218575 1594.730187 1609.450266 1616.895285 -9999.0 -9999.0
-9999.0 1098.136246 1170.747534 1296.993986 1378.179253 1423.269760 1452.725922 1474.662359 1506.025555 1536.892906 1640.660066 1724.136189 1816.060278 1856.290277 1907.542480 2005.635118 2101.817326 2149.641918 2189.738203 2248.820043 2311.506433 2361.012306 2390.816309 2396.726848 2432.581724 2449.804223 2454.414787 2459.000946 2456.587087 2449.038743 2440.849928 2446.823923 2442.456689 2422.415626 2405.155781 2401.001098 2394.689111 2369.913716 2341.016516 2326.137051 2328.781822 2353.024540 2340.670799 2319.894880 2316.066123 2337.441312 2357.630781 2348.608859 2336.592771 2355.125793 2390.486100 2413.794084 2422.677069 2439.809920 2460.374140 2433.717401 2406.007566 2362.820883 2341.747016 2311.440719 2251.419040 2189.218881 2133.121856 2071.334168 2003.950740 1935.902334 1871.276548 1807.613980 1739.769919 1697.195873 1665.389547 1615.548202 1595.220323 1596.806199 1587.563413 1583.822423 1588.924175 1594.799086 -9999.0 -9999.0
-9999.0 1014.318777 1156.446624 1340.491169 1489.429369 1546.650074 1642.454510 1719.724248 1748.538581 1718.609187 1827.444255 2047.462590 2156.486522 2176.918329 2251.403408 2343.102766 2356.960162 2390.612320 2414.133933 2428.361524 2440.176050 2452.163789 2451.784148 2447.224646 2432.932709 2425.242541 2423.608899 2420.103954 2401.490593 2381.064355 2362.331445 2356.832432 2336.176795 2289.069076 2253.964528 2234.685263 2216.463441 2197.301326 2165.763397 2139.174984 2123.864966 2138.752454 2133.364979 2117.116626 2113.359179 2135.121480 2167.062495 2164.028047 2173.871842 2196.230796 2236.409701 2277.088219 2300.706134 2332.176111 2370.475277 2416.432004 2431.221586 2453.130562 2456.823390 2438.726638 2392.490126 2337.405984 2300.720963 2235.512331 2160.560059 2079.563525 2011.921830 1946.925225 1875.943969 1829.624137 1783.609024 1727.460024 1675.907935 1655.713748 1616.541630 1597.080179 -9999.0 -9999.0 -9999.0 -9999.0
-9999.0 930.418587 1116.967386 1371.894845 1652.914794 1757.265656 1962.037201 2089.845874 2146.462220 2217.494415 2178.595099 2340.515749 2385.346204 2383.694068 2387.991981 2393.841487 2410.694119 2414.577522 2411.574829 2401.980743 2393.403710 2389.817365 2388.867799 2381.337084 2368.800683 2353.203497 2338.432922 2324.080519 2284.642038 2249.771923 2211.455064 2195.426182 2153.945390 2060.527240 2016.549612 1978.341551 1919.860664 1914.781533 1911.207455 1883.681418 1864.425482 1842.436249 1865.884355 1871.927539 1874.925492 1876.833130 1892.545582 1918.020619 1964.000794 2001.297859 2046.206677 2099.385200 2135.405025 2179.748406 2226.234077 2282.983409 2317.263625 2349.433456 2398.578226 2437.704599 2460.444192 2447.075224 2418.531133 2367.970618 2292.233267 2221.504333 2167.060106 2089.318538 2022.746105 1969.668622 1924.854155 1876.584977 1814.867712 1742.312216 1701.950538 -9999.0 -9999.0 -9999.0 -9999.0 -9999.0
-9999.0 741.665642 1008.665419 1292.380068 1598.837084 1930.112652 2072.354556 2195.290498 2267.915197 2240.850969 2253.743362 2274.464672 2318.671823 2329.425126 2311.214035 2302.725685 2291.053396 2291.355886 2304.333008 2277.756061 2248.053148 2234.532416 2234.063583 2222.175189 2198.464270 2181.296567 2168.799455 2147.202538 2098.161623 2045.595462 1962.139364 1929.834612 1852.569212 1799.006875 1754.924516 1704.687264 1654.220948 1653.596979 1671.828043 1658.023708 1636.109612 1618.007510 1645.232207 1663.960675 1676.716599 1664.830401 1673.973140 1710.221545 1760.137541 1804.939924 1855.362635 1910.494325 1957.392092 2005.135303 2037.181187 2087.550468 2136.550637 2184.105122 2258.445800 2338.160696 2376.179485 2410.470628 2440.306073 2452.425532 2395.163423 2339.948223 2280.665135 2212.604308 2129.486323 2081.225379 2056.804399 2018.673078 1965.939006 -9999.0 -9999.0 -9999.0 -9999.0 -9999.0 -9999.0 -9999.0
-9999.0 618.253167 831.914186 1053.947712 1331.816270 1568.675601 1769.521787 1875.695384 1955.125352 1999.948601 2040.956768 2078.447019 2110.969217 2135.642275 2115.821877 2076.086682 2047.294979 2051.580795 2046.183126 2022.333991 1992.604406 1977.522201 1974.538218 1967.562280 1943.434837 1929.180991 1918.245538 1895.142326 1862.009492 1805.808999 1726.751885 1653.214063 1592.841028 1562.363052 1532.993383 1500.504447 1465.857703 1475.965586 1488.146094 1485.126206 1475.275659 1472.900215 1502.068504 1521.361831 1531.636116 1520.567274 1540.100023 1566.877188 1608.680218 1652.513072 1702.414097 1758.280522 1812.769467 1842.393727 1856.370964 1881.579602 1920.958827 1974.833345 2060.800994 2155.281530 2233.374779 2281.505851 2331.028843 2362.541433 2371.641826 2374.631211 2342.511092 2257.200024 2150.206915 2133.561216 2131.400477 -9999.0 -9999.0 -9999.0 -9999.0 -9999.0 -9999.0 -9999.0 -9999.0 -9999.0
-9999.0 -9999.0 600.175213 773.113045 904.027522 1081.106918 1230.554932 1340.981836 1432.987001 1552.166558 1661.272632 1748.086903 1794.022733 1812.496156 1799.297316 1767.416794 1746.810678 1746.522762 1735.738786 1725.061517 1705.265028 1697.125351 1685.399370 1676.881737 1667.319547 1661.977051 1656.381212 1644.668772 1622.528225 1575.659542 1527.927107 1476.906823 1423.998362 1398.350312 1376.300787 1354.836017 1353.760776 1349.393701 1354.780904 1356.381651 1363.579559 1376.384787 1396.440953 1418.646756 1428.593830 1437.868786 1450.558350 1474.552322 1507.969458 1550.874538 1605.590587 1664.241036 1705.030730 1718.659507 1709.732842 1715.265397 1735.780112 1778.358749 1858.430881 1941.481651 2036.307150 2106.461086 2175.821023 2224.961228 2236.706054 2245.663314 2253.122283 2195.955498 2040.584356 2080.741080 -9999.0 -9999.0 -9999.0 -9999.0 -9999.0 -9999.0 -9999.0 -9999.0 -9999.0 -9999.0
-9999.0 -9999.0 -9999.0 -9999.0 632.713872 786.623455 884.133743 967.490062 1097.401993 1219.223402 1320.499491 1404.622619 1467.724796 1494.659314 1491.276824 1497.795446 1493.515090 1486.945076 1476.851496 1475.959619 1474.938424 1467.248704 1452.533968 1444.988789 1445.826496 1450.598157 1447.647251 1433.540966 1415.198292 1392.888462 1372.701914 1338.243210 1302.259128 1272.832367 1259.393447 1253.608340 1253.155395 1245.998719 1254.570912 1261.983201 1277.236386 1292.461361 1316.225094 1345.327775 1359.276830 1374.213896 1384.118865 1404.820501 1435.575413 1489.423644 1553.452929 1612.048699 1648.837310 1654.103950 1630.357330 1615.638421 1612.624729 1641.157458 1686.347086 1753.384747 1854.551356 1926.524897 1981.558631 2023.296960 2051.577765 2091.311540 2132.770998 2159.835502 -9999.0 -9999.0 -9999.0 -9999.0 -9999.0 -9999.0 -9999.0 -9999.0 -9999.0 -9999.0 -9999.0 -9999.0
-9999.0 -9999.0 -9999.0 -9999.0 -9999.0 -9999.0 594.107450 696.119627 775.664433 915.211741 1046.664452 1148.468436 1229.121275 1261.339844 1288.291474 1315.268856 1313.547154 1294.977569 1275.591698 1294.206531 1308.024747 1301.867876 1271.575190 1271.089913 1275.806682 1283.754140 1281.224369 1274.489750 1249.058848 1260.429410 1260.910063 1237.306975 1210.983907 1196.895795 1184.802159 1194.207460 1194.257661 1180.495530 1180.906799 1207.717317 1228.003632 1241.132378 1262.914605 1296.165853 1328.608779 1343.984793 1345.526565 1351.821935 1391.977649 1462.547153 1534.743309 1590.833804 1624.061622 1632.895754 1606.519284 1567.224735 1547.610790 1555.475414 1590.913373 1643.894915 1719.659635 1768.150608 1792.444681 1803.638777 1819.032046 1906.607794 -9999.0 -9999.0 -9999.0 -9999.0 -9999.0 -9999.0 -9999.0 -9999.0 -9999.0 -9999.0 -9999.0 -9999.0 -9999.0 -9999.0
-9999.0 -9999.0 -9999.0 -9999.0 -9999.0 -9999.0 -9999.0 -9999.0 -9999.0 -9999.0 -9999.0 -9999.0 -9999.0 -9999.0 -9999.0 -9999.0 -9999.0 -9999.0 -9999.0 -9999.0 -9999.0 -9999.0 -9999.0 -9999.0 -9999.0 -9999.0 -9999.0 -9999.0 -9999.0 -9999.0 -9999.0 -9999.0 -9999.0 -9999.0 -9999.0 -9999.0 -9999.0 -9999.0 -9999.0 -9999.0 -9999.0 -9999.0 -9999.0 -9999.0 -9999.0 -9999.0 -9999.0 -9999.0 -9999.0 -9999.0 -9999.0 -9999.0 -9999.0 -9999.0 -9999.0 -9999.0 -9999.0 -9999.0 -9999.0 -9999.0 -9999.0 -9999.0 -9999.0 -9999.0 -9999.0 -9999.0 -9999.0 -9999.0 -9999.0 -9999.0 -9999.0 -9999.0 -9999.0 -9999.0 -9999.0 -9999.0 -9999.0 -9999.0 -9999.0 -9999.0
-9999.0 -9999.0 -9999.0 -9999.0 -9999.0 -9999.0 -9999.0 -9999.0 -9999.0 -9999.0 -9999.0 -9999.0 -9999.0 -9999.0 -9999.0 -9999.0 -9999.0 -9999.0 -9999.0 -9999.0 -9999.0 -9999.0 -9999.0 -9999.0 -9999.0 -9999.0 -9999.0 -9999.0 -9999.0 -9999.0 -9999.0 -9999.0 -9999.0 -9999.0 -9999.0 -9999.0 -9999.0 -9999.0 -9999.0 -9999.0 -9999.0 -9999.0 -9999.0 -9999.0 -9999.0 -9999.0 -9999.0 -9999.0 -9999.0 -9999.0 -9999.0 -9999.0 -9999.0 -9999.0 -9999.0 -9999.0 -9999.0 -9999.0 -9999.0 -9999.0 -9999.0 -9999.0 -9999.0 -9999.0 -9999.0 -9999.0 -9999.0 -9999.0 -9999.0 -9999.0 -9999.0 -9999.0 -9999.0 -9999.0 -9999.0 -9999.0 -9999.0 -9999.0 -9999.0 -9999.0