Borden_/Borden1m_014/output_maps/psiliqL0023N0040.asc
ncols         80
nrows         18
xllcorner     620200.000000
yllcorner     5168000.000000
cellsize      1.000000
NODATA_value  -9999.0
-9999.0 -9999.0 -9999.0 -9999.0 -9999.0 -9999.0 -9999.0 -9999.0 -9999.0 -9999.0 -9999.0 -9999.0 -9999.0 -9999.0 -9999.0 -9999.0 -9999.0 -9999.0 -9999.0 -9999.0 -9999.0 -9999.0 -9999.0 -9999.0 -9999.0 -9999.0 -9999.0 -9999.0 -9999.0 -9999.0 -9999.0 -9999.0 -9999.0 -9999.0 -9999.0 -9999.0 -9999.0 -9999.0 -9999.0 -9999.0 -9999.0 -9999.0 -9999.0 -9999.0 -9999.0 -9999.0 -9999.0 -9999.0 -9999.0 -9999.0 -9999.0 -9999.0 -9999.0 -9999.0 -9999.0 -9999.0 -9999.0 -9999.0 -9999.0 -9999.0 -9999.0 -9999.0 -9999.0 -9999.0 -9999.0 -9999.0 -9999.0 -9999.0 -9999.0 -9999.0 -9999.0 -9999.0 -9999.0 -9999.0 -9999.0 -9999.0 -9999.0 -9999.0 -9999.0 -9999.0
-9999.0 -9999.0 -9999.0 -9999.0 -9999.0 -9999.0 -9999.0 -9999.0 -9999.0 -9999.0 -9999.0 -9999.0 -9999.0 -9999.0 -9999.0 -9999.0 -9999.0 -9999.0 -9999.0 -9999.0 -9999.0 -9999.0 -9999.0 -9999.0 -9999.0 -9999.0 -9999.0 -9999.0 -9999.0 -9999.0 -9999.0 -9999.0 -9999.0 -9999.0 -9999.0 -9999.0 -9999.0 -9999.0 -9999.0 -9999.0 -9999.0 -9999.0 -9999.0 -9999.0 -9999.0 -9999.0 -9999.0 -9999.0 -9999.0 -9999.0 -9999.0 -9999.0 -9999.0 -9999.0 -9999.0 -9999.0 -9999.0 -9999.0 -9999.0 -9999.0 -9999.0 -9999.0 -9999.0 -9999.0 -9999.0 -9999.0 -9999.0 -9999.0 -9999.0 -9999.0 -9999.0 -9999.0 -9999.0 -9999.0 -9999.0 -9999.0 -9999.0 -9999.0 -9999.0 -9999.0
-9999.0 -9999.0 -9999.0 -9999.0 -9999.0 -9999.0 -9999.0 -9999.0 -9999.0 -9999.0 -9999.0 -9999.0 -9999.0 -9999.0 -9999.0 -9999.0 -9999.0 -9999.0 -9999.0 -9999.0 2759.036195 2761.293241 2740.950255 2708.761697 2682.696288 2686.932724 2722.678401 2765.824773 2807.043726 2817.545313 2801.094909 2806.666382 2803.981916 2801.260477 2803.526250 2812.682036 2821.011781 2832.051876 2841.089720 2841.169262 2835.951334 2832.354610 2835.208332 2837.341807 2842.902671 2828.221509 2842.218110 2802.676196 2806.316828 2803.087918 2823.379229 2807.385573 2795.659497 2776.724324 2799.632558 2808.693729 2799.338255 2802.798157 2800.761192 2797.411253 2766.496771 -9999.0 -9999.0 -9999.0 -9999.0 -9999.0 -9999.0 -9999.0 -9999.0 -9999.0 -9999.0 -9999.0 -9999.0 -9999.0 -9999.0 -9999.0 -9999.0 -9999.0 -9999.0 -9999.0
-9999.0 -9999.0 -9999.0 -9999.0 -9999.0 -9999.0 -9999.0 -9999.0 -9999.0 -9999.0 -9999.0 -9999.0 -9999.0 -9999.0 2663.822740 2656.157663 2655.211645 2664.852933 2699.503078 2731.131186 2742.969495 2736.874284 2738.345375 2715.864695 2695.830026 2711.237878 2743.192524 2775.451972 2811.437848 2831.969678 2823.308031 2822.957915 2832.327504 2804.899462 2813.620309 2811.194879 2847.477981 2817.676293 2830.865400 2836.317816 2834.806376 2825.417103 2835.013311 2849.253882 2842.142303 2826.440358 2836.003139 2849.309708 2859.976089 2850.779933 2841.040160 2823.952054 2816.920155 2808.932209 2792.593890 2786.191130 2811.422735 2807.291419 2797.156666 2777.969524 2743.390761 2697.610991 2676.898947 2714.799965 2756.480934 2792.768593 -9999.0 -9999.0 -9999.0 -9999.0 -9999.0 -9999.0 -9999.0 -9999.0 -9999.0 -9999.0 -9999.0 -9999.0 -9999.0 -9999.0
-9999.0 -9999.0 -9999.0 -9999.0 -9999.0 -9999.0 -9999.0 -9999.0 -9999.0 2600.597772 2607.318533 2616.277354 2621.006938 2638.336045 2636.466078 2645.361525 2652.452152 2682.036839 2714.035959 2749.848292 2778.018581 2771.994298 2772.059523 2779.432365 2778.474130 2790.024531 2813.441675 2805.382973 2837.202139 2873.719465 2841.725922 2837.897758 2856.175023 2898.373154 2923.776815 2926.992728 2909.483443 2923.868317 2947.755319 2964.866908 2962.094239 2956.911382 2981.911663 2996.571490 2992.000406 2970.979719 2967.788843 2973.569475 3001.478533 2950.502704 2885.059880 2843.702736 2856.475217 2833.810874 2805.686827 2836.114161 2833.412119 2811.659761 2798.660912 2796.915983 2761.684491 2747.764574 2728.021197 2745.231409 2765.685928 2788.957981 2827.944761 2857.024446 2856.145499 2838.610943 -9999.0 -9999.0 -9999.0 -9999.0 -9999.0 -9999.0 -9999.0 -9999.0 -9999.0 -9999.0
-9999.0 -9999.0 -9999.0 -9999.0 -9999.0 -9999.0 2518.548329 2530.341302 2553.006625 2557.860847 2586.264901 2594.124602 2616.418723 2636.965288 2661.218334 2677.798268 2707.084250 2740.576939 2779.137841 2820.520101 2808.996471 2845.640660 2805.388173 2826.032316 2855.696110 2877.270719 2900.762758 2938.181061 2986.868146 3022.744589 3017.875614 3019.195016 3027.580743 3077.294584 3140.941433 3152.584450 3132.198870 3118.848282 3141.383090 3177.948555 3177.233617 3176.157354 3181.430624 3191.626406 3218.238872 3208.308032 3179.210033 3172.433598 3177.490195 3156.662279 3090.252154 3032.550995 3011.909742 2989.197554 2907.180682 2862.151159 2881.326565 2905.817852 2882.126611 2833.183088 2838.880853 2828.664757 2812.763498 2800.511956 2808.140022 2802.121463 2824.795881 2837.482887 2824.866997 2803.927052 2790.624603 2760.560251 2761.506921 2785.585656 -9999.0 -9999.0 -9999.0 -9999.0 -9999.0 -9999.0
-9999.0 -9999.0 -9999.0 -9999.0 2466.045770 2480.488517 2468.405070 2496.805909 2531.770258 2568.363065 2599.530524 2636.659043 2664.740819 2696.040770 2733.349010 2761.927671 2800.181663 2834.497336 2834.956654 2897.363386 2943.008115 2959.648116 2969.013798 2996.567514 3052.493732 3100.068437 3118.715933 3144.037031 3180.791490 3236.434639 3258.907406 3262.166614 3279.003453 3320.194017 3374.088368 3407.322037 3390.046290 3381.431974 3390.470807 3403.857849 3425.975338 3426.079308 3427.052314 3430.682867 3437.649672 3436.351405 3410.932227 3378.031169 3366.496467 3356.888694 3321.313297 3250.826590 3219.642720 3192.397735 3159.839682 3107.134127 3056.747826 3054.949622 3001.598468 2969.708813 2917.477925 2905.687406 2882.372771 2863.671332 2843.546363 2852.177192 2861.168377 2844.014767 2812.985850 2794.822361 2778.553534 2758.397381 2745.389517 2774.933574 2786.601654 2815.905570 -9999.0 -9999.0 -9999.0 -9999.0
-9999.0 -9999.0 2403.604286 2451.007313 2510.090420 2519.360199 2517.507070 2524.633496 2555.452152 2609.451578 2680.523667 2724.403701 2761.168499 2796.850118 2804.412491 2869.161065 2931.715384 2975.006139 3008.991279 3076.849195 3135.613551 3162.884860 3172.448076 3200.213017 3253.376328 3319.878773 3346.971751 3372.658822 3401.878579 3436.786389 3432.902260 3444.243126 3455.738799 3466.266403 3479.165367 3485.165667 3480.684537 3476.169038 3457.859680 3453.049659 3459.608216 3466.875558 3466.442555 3452.067683 3448.117690 3462.803671 3468.510698 3466.769513 3464.597430 3469.939511 3467.260289 3421.277494 3399.493052 3384.959913 3375.749988 3330.657562 3265.382985 3232.157441 3212.074432 3179.377927 3106.615195 3067.211007 3026.849690 2991.303540 2970.345877 2952.555397 2915.973784 2880.918746 2839.454756 2796.958501 2787.087356 2769.475635 2766.664576 2765.144167 2781.172211 2791.015537 2806.346381 2814.187164 -9999.0 -9999.0
-9999.0 2294.540236 2366.527645 2490.822841 2571.461474 2614.344862 2633.261026 2646.051356 2677.887394 2715.577040 2810.836971 2826.989464 2910.641439 2948.170634 2990.605823 3057.102430 3148.703626 3184.614549 3221.274649 3281.847233 3345.062961 3389.799149 3415.494980 3401.206369 3438.671145 3463.940838 3470.595500 3476.534205 3475.429000 3467.026509 3460.082874 3466.919762 3464.198189 3445.469468 3429.821941 3428.233405 3424.930818 3402.033601 3376.074312 3361.086613 3363.024009 3386.157435 3374.606098 3353.558497 3349.229027 3370.463674 3389.823766 3379.401612 3367.684834 3382.837734 3416.823985 3440.469411 3443.550247 3461.538063 3482.523729 3454.348652 3431.559086 3388.981436 3373.785747 3348.815036 3293.186419 3238.552065 3191.162018 3148.809987 3095.914104 3045.334062 2997.056540 2962.750037 2906.023598 2870.462652 2844.211726 2799.227164 2792.925200 2788.718248 2787.920446 2784.710277 2785.821121 2792.064726 -9999.0 -9999.0
-9999.0 2202.071527 2342.381594 2523.226999 2670.910630 2720.834422 2797.214112 2833.446635 2851.002393 2850.340117 2904.893770 3097.567771 3205.892135 3221.037811 3293.484762 3383.091068 3373.001765 3403.005858 3424.937514 3446.180921 3463.347794 3476.044150 3473.910056 3468.284663 3452.124316 3444.196949 3443.427960 3441.432046 3424.415270 3405.800239 3389.252085 3386.483041 3370.477884 3323.221787 3290.760520 3274.150644 3256.920375 3242.948607 3215.199216 3190.208163 3181.251364 3186.578524 3183.587298 3175.916749 3171.527389 3183.579483 3214.186557 3210.751722 3220.820556 3240.056834 3275.362686 3312.469563 3331.366592 3359.911995 3393.687446 3439.962565 3449.986493 3472.076725 3475.426313 3463.148043 3417.979837 3368.844432 3339.895843 3285.520920 3226.200966 3170.688796 3121.597968 3076.387340 3020.970395 2986.012693 2954.868838 2899.987899 2854.258005 2842.154490 2806.867177 2791.683746 -9999.0 -9999.0 -9999.0 -9999.0
-9999.0 2105.472071 2287.308577 2531.909076 2810.755742 2890.437814 3079.700034 3188.793190 3227.924889 3293.207444 3195.132473 3381.912998 3428.577836 3422.031121 3432.178254 3434.432819 3448.035934 3447.740652 3442.694928 3431.930245 3422.686875 3418.381183 3417.212928 3409.366717 3396.896090 3382.477367 3372.081002 3361.049371 3325.352117 3294.111810 3256.692784 3244.701265 3203.294986 3119.357415 3080.516756 3043.448501 2985.429135 2986.655932 2991.271099 2989.593849 2970.889793 2944.218660 2971.859336 2981.168896 2984.993154 2981.912834 2993.103082 2997.021035 3042.588393 3076.360284 3115.356135 3162.442358 3185.474471 3223.999860 3263.931343 3315.592930 3345.808986 3374.246709 3420.359460 3456.995556 3479.383869 3466.273402 3446.383135 3403.406190 3345.200054 3296.360901 3268.057430 3218.632846 3179.284535 3135.191737 3088.803585 3036.042308 2982.564963 2923.236953 2887.098730 -9999.0 -9999.0 -9999.0 -9999.0 -9999.0
-9999.0 1893.090396 2158.046741 2430.065000 2716.704954 3030.404410 3183.704718 3280.589084 3341.477824 3317.916804 3335.122259 3343.104801 3378.383807 3384.662746 3364.221115 3351.369430 3334.967827 3333.884466 3346.838458 3320.090542 3290.613253 3277.688256 3278.486264 3267.762488 3244.453782 3229.554145 3220.237776 3202.841443 3166.409631 3117.291638 3035.178325 3004.105487 2949.509602 2907.508401 2869.201889 2822.254215 2823.542481 2826.010025 2803.559348 2837.924184 2816.784837 2799.219641 2828.079219 2804.318025 2816.804217 2801.858180 2809.127007 2843.142873 2890.316051 2931.240728 2976.335356 3002.971359 3043.610431 3083.382176 3105.875711 3146.541128 3180.975328 3221.778500 3290.733500 3366.856138 3400.013082 3433.659575 3463.576438 3484.969178 3442.776835 3415.580546 3392.585433 3370.749039 3325.411596 3280.584319 3240.130066 3177.174578 3120.663204 -9999.0 -9999.0 -9999.0 -9999.0 -9999.0 -9999.0 -9999.0
-9999.0 1777.442441 1977.026671 2178.023669 2437.314202 2673.157682 2866.577951 2960.473876 3015.846101 3076.561078 3124.802469 3159.884317 3180.365974 3201.194816 3178.590409 3140.427628 3109.230523 3113.903351 3106.233909 3084.744870 3057.004492 3043.939824 3042.334375 3037.350302 3015.858706 3005.155473 2998.459149 3001.932416 2975.408510 2922.243979 2849.694453 2822.808214 2766.153089 2741.457170 2714.804850 2684.585521 2655.421199 2666.566161 2676.989106 2677.099140 2669.607510 2668.975298 2697.952888 2716.548563 2726.601674 2716.416751 2736.060781 2761.666077 2801.869770 2804.864757 2850.123030 2900.261900 2949.890189 2972.576737 2978.138173 2993.249120 2998.373763 3041.965796 3118.449538 3196.407032 3271.104800 3315.401802 3365.109560 3402.634182 3429.444412 3456.575888 3477.118000 3468.759797 3443.893361 3411.294092 3354.699917 -9999.0 -9999.0 -9999.0 -9999.0 -9999.0 -9999.0 -9999.0 -9999.0 -9999.0
-9999.0 -9999.0 1749.574254 1908.224739 2015.660030 2182.724730 2328.089095 2438.174930 2539.982438 2680.052147 2802.115653 2851.094117 2895.867421 2912.074417 2898.651318 2870.049419 2852.136999 2851.853734 2840.502423 2832.997174 2817.184177 2811.803970 2850.856682 2842.313562 2835.719362 2832.665161 2828.384261 2819.020607 2799.280346 2754.324454 2712.193613 2664.985424 2614.230331 2590.058541 2569.454411 2550.057935 2551.848764 2546.389221 2551.266052 2553.679434 2562.566748 2576.367551 2596.007265 2619.190069 2629.382277 2639.957472 2652.276571 2675.828983 2708.406221 2750.343730 2804.739909 2827.589390 2863.756667 2872.354093 2857.437062 2855.395386 2866.342714 2899.011718 2965.800488 3011.404645 3099.380027 3163.627526 3222.703127 3277.363556 3303.250573 3339.367731 3406.566421 3454.343804 3494.326564 3472.103629 -9999.0 -9999.0 -9999.0 -9999.0 -9999.0 -9999.0 -9999.0 -9999.0 -9999.0 -9999.0
-9999.0 -9999.0 -9999.0 -9999.0 1768.987115 1918.152004 2016.078972 2097.280808 2231.272202 2361.145705 2468.385922 2556.515422 2625.776652 2654.930307 2656.470694 2671.415131 2669.950067 2661.436995 2650.409072 2653.110132 2655.748329 2648.623733 2632.407374 2625.528627 2628.192127 2634.784864 2632.226827 2618.618863 2599.878622 2582.516964 2566.619402 2534.231997 2500.705067 2472.183258 2459.354467 2455.135079 2454.778290 2446.840160 2455.069319 2463.532410 2479.277460 2494.449909 2518.020902 2547.338838 2562.109055 2577.359077 2587.006321 2606.987264 2637.960707 2691.844570 2756.171686 2814.575798 2820.548022 2822.397614 2834.741847 2818.397891 2812.828112 2837.892908 2820.798529 2874.953498 2966.302589 3003.690630 3050.061737 3090.053355 3126.266002 3182.126035 3273.463214 3352.975954 -9999.0 -9999.0 -9999.0 -9999.0 -9999.0 -9999.0 -9999.0 -9999.0 -9999.0 -9999.0 -9999.0 -9999.0
-9999.0 -9999.0 -9999.0 -9999.0 -9999.0 -9999.0 1742.173834 1847.438282 1918.860059 2069.506271 2212.772244 2320.805427 2405.321255 2441.662006 2475.171382 2505.569612 2505.892842 2486.076562 2464.639739 2485.239884 2502.643368 2496.009993 2464.308049 2465.110880 2471.339211 2479.013004 2476.274733 2469.939014 2444.906101 2459.875059 2462.920929 2439.875902 2414.255284 2401.083429 2389.318953 2398.916536 2398.827947 2384.422743 2383.606752 2411.182265 2432.051986 2444.998448 2466.247957 2499.540133 2532.279811 2548.311016 2549.964846 2555.811870 2594.165835 2664.630273 2737.744273 2794.776077 2800.822489 2806.817521 2813.157413 2773.261024 2753.178823 2759.462822 2791.905412 2840.214050 2847.526013 2886.269690 2901.586470 2906.279843 2920.008632 2987.721006 -9999.0 -9999.0 -9999.0 -9999.0 -9999.0 -9999.0 -9999.0 -9999.0 -9999.0 -9999.0 -9999.0 -9999.0 -9999.0 -9999.0
-9999.0 -9999.0 -9999.0 -9999.0 -9999.0 -9999.0 -9999.0 -9999.0 -9999.0 -9999.0 -9999.0 -9999.0 -9999.0 -9999.0 -9999.0 -9999.0 -9999.0 -9999.0 -9999.0 -9999.0 -9999.0 -9999.0 -9999.0 -9999.0 -9999.0 -9999.0 -9999.0 -9999.0 -9999.0 -9999.0 -9999.0 -9999.0 -9999.0 -9999.0 -9999.0 -9999.0 -9999.0 -9999.0 -9999.0 -9999.0 -9999.0 -9999.0 -9999.0 -9999.0 -9999.0 -9999.0 -9999.0 -9999.0 -9999.0 -9999.0 -9999.0 -9999.0 -9999.0 -9999.0 -9999.0 -9999.0 -9999.0 -9999.0 -9999.0 -9999.0 -9999.0 -9999.0 -9999.0 -9999.0 -9999.0 -9999.0 -9999.0 -9999.0 -9999.0 -9999.0 -9999.0 -9999.0 -9999.0 -9999.0 -9999.0 -9999.0 -9999.0 -9999.0 -9999.0 -9999.0
-9999.0 -9999.0 -9999.0 -9999.0 -9999.0 -9999.0 -9999.0 -9999.0 -9999.0 -9999.0 -9999.0 -9999.0 -9999.0 -9999.0 -9999.0 -9999.0 -9999.0 -9999.0 -9999.0 -9999.0 -9999.0 -9999.0 -9999.0 -9999.0 -9999.0 -9999.0 -9999.0 -9999.0 -9999.0 -9999.0 -9999.0 -9999.0 -9999.0 -9999.0 -9999.0 -9999.0 -9999.0 -9999.0 -9999.0 -9999.0 -9999.0 -9999.0 -9999.0 -9999.0 -9999.0 -9999.0 -9999.0 -9999.0 -9999.0 -9999.0 -9999.0 -9999.0 -9999.0 -9999.0 -9999.0 -9999.0 -9999.0 -9999.0 -9999.0 -9999.0 -9999.0 -9999.0 -9999.0 -9999.0 -9999.0 -9999.0 -9999.0 -9999.0 -9999.0 -9999.0 -9999.0 -9999.0 -9999.0 -9999.0 -9999.0 -9999.0 -9999.0 -9999.0 -9999.0 -9999.0