Borden_/Borden1m_014/output_maps/psiliqL0024N0010.asc
ncols         80
nrows         18
xllcorner     620200.000000
yllcorner     5168000.000000
cellsize      1.000000
NODATA_value  -9999.0
-9999.0 -9999.0 -9999.0 -9999.0 -9999.0 -9999.0 -9999.0 -9999.0 -9999.0 -9999.0 -9999.0 -9999.0 -9999.0 -9999.0 -9999.0 -9999.0 -9999.0 -9999.0 -9999.0 -9999.0 -9999.0 -9999.0 -9999.0 -9999.0 -9999.0 -9999.0 -9999.0 -9999.0 -9999.0 -9999.0 -9999.0 -9999.0 -9999.0 -9999.0 -9999.0 -9999.0 -9999.0 -9999.0 -9999.0 -9999.0 -9999.0 -9999.0 -9999.0 -9999.0 -9999.0 -9999.0 -9999.0 -9999.0 -9999.0 -9999.0 -9999.0 -9999.0 -9999.0 -9999.0 -9999.0 -9999.0 -9999.0 -9999.0 -9999.0 -9999.0 -9999.0 -9999.0 -9999.0 -9999.0 -9999.0 -9999.0 -9999.0 -9999.0 -9999.0 -9999.0 -9999.0 -9999.0 -9999.0 -9999.0 -9999.0 -9999.0 -9999.0 -9999.0 -9999.0 -9999.0
-9999.0 -9999.0 -9999.0 -9999.0 -9999.0 -9999.0 -9999.0 -9999.0 -9999.0 -9999.0 -9999.0 -9999.0 -9999.0 -9999.0 -9999.0 -9999.0 -9999.0 -9999.0 -9999.0 -9999.0 -9999.0 -9999.0 -9999.0 -9999.0 -9999.0 -9999.0 -9999.0 -9999.0 -9999.0 -9999.0 -9999.0 -9999.0 -9999.0 -9999.0 -9999.0 -9999.0 -9999.0 -9999.0 -9999.0 -9999.0 -9999.0 -9999.0 -9999.0 -9999.0 -9999.0 -9999.0 -9999.0 -9999.0 -9999.0 -9999.0 -9999.0 -9999.0 -9999.0 -9999.0 -9999.0 -9999.0 -9999.0 -9999.0 -9999.0 -9999.0 -9999.0 -9999.0 -9999.0 -9999.0 -9999.0 -9999.0 -9999.0 -9999.0 -9999.0 -9999.0 -9999.0 -9999.0 -9999.0 -9999.0 -9999.0 -9999.0 -9999.0 -9999.0 -9999.0 -9999.0
-9999.0 -9999.0 -9999.0 -9999.0 -9999.0 -9999.0 -9999.0 -9999.0 -9999.0 -9999.0 -9999.0 -9999.0 -9999.0 -9999.0 -9999.0 -9999.0 -9999.0 -9999.0 -9999.0 -9999.0 2926.932436 2928.101813 2906.285529 2872.150660 2843.828413 2845.539373 2878.482249 2918.897691 2957.324553 2964.838228 2945.734488 2949.136772 2944.497483 2940.278741 2940.677569 2948.161629 2954.396816 2964.152349 2971.183432 2969.049635 2961.807160 2956.708793 2958.840371 2960.610585 2966.731209 2952.902817 2968.603598 2980.258263 2985.265028 2982.535786 2962.495047 2950.248878 2942.357688 2927.044642 2953.484083 2965.365642 2986.570747 2991.467096 2989.893939 2965.183036 2935.291250 -9999.0 -9999.0 -9999.0 -9999.0 -9999.0 -9999.0 -9999.0 -9999.0 -9999.0 -9999.0 -9999.0 -9999.0 -9999.0 -9999.0 -9999.0 -9999.0 -9999.0 -9999.0 -9999.0
-9999.0 -9999.0 -9999.0 -9999.0 -9999.0 -9999.0 -9999.0 -9999.0 -9999.0 -9999.0 -9999.0 -9999.0 -9999.0 -9999.0 2837.022632 2828.022823 2824.966516 2832.171643 2864.521076 2894.505124 2906.134133 2898.507239 2898.139713 2873.339394 2850.559101 2863.034530 2892.053290 2922.091240 2955.062857 2972.331969 2960.924786 2958.100760 2965.149289 2980.973143 2989.199816 2985.424894 2972.178463 2991.176781 3004.370435 3008.986274 3006.887567 2997.028104 3006.144029 3020.205482 3013.178919 2997.869915 3008.237915 3023.033887 3034.343667 3025.958482 2972.306075 2959.665391 2956.808572 2952.894173 2940.215020 2936.490256 2964.754123 2964.694085 2957.693829 2940.806431 2907.974394 2863.154396 2844.692347 2885.380882 2929.413355 2984.894089 -9999.0 -9999.0 -9999.0 -9999.0 -9999.0 -9999.0 -9999.0 -9999.0 -9999.0 -9999.0 -9999.0 -9999.0 -9999.0 -9999.0
-9999.0 -9999.0 -9999.0 -9999.0 -9999.0 -9999.0 -9999.0 -9999.0 -9999.0 2796.262947 2785.571064 2792.294666 2794.393215 2809.300123 2805.965661 2812.576445 2816.642011 2843.348534 2872.530409 2905.722134 2932.382532 2922.818651 2921.210616 2925.482604 2920.716272 2928.607150 2948.565222 2980.820461 3012.223238 3047.300019 3013.870509 3008.835719 3026.024759 3067.461788 3091.307960 3093.570918 3074.880575 3090.186312 3113.458741 3129.500715 3125.975007 3120.158004 3145.591890 3160.411294 3155.316664 3134.324076 3131.968769 3138.872331 3167.881685 3117.945551 3053.131255 3014.231815 3029.445192 3008.201733 2981.708899 2974.456514 2975.176004 2992.660796 2981.308093 2950.649125 2917.651501 2906.588211 2890.238977 2911.214464 2934.851117 2980.226662 3020.407259 3050.522208 3050.472020 3033.523571 -9999.0 -9999.0 -9999.0 -9999.0 -9999.0 -9999.0 -9999.0 -9999.0 -9999.0 -9999.0
-9999.0 -9999.0 -9999.0 -9999.0 -9999.0 -9999.0 2715.729221 2727.401042 2749.735617 2753.841897 2781.875992 2788.612777 2784.444325 2801.335380 2822.454510 2835.130209 2860.093494 2889.603083 2925.343967 2962.871438 2986.552929 2979.002637 2979.976555 2999.813463 3027.130704 3046.436272 3068.366774 3105.209896 3176.235245 3212.143081 3206.002950 3206.872588 3214.968984 3264.670729 3328.220583 3339.514654 3318.978134 3305.691114 3328.549074 3365.332947 3364.055639 3362.905366 3375.319883 3385.813755 3412.496686 3402.145805 3366.368125 3360.206694 3365.974119 3344.618629 3277.570081 3220.492728 3200.801710 3155.413764 3073.753734 3030.513486 3052.687757 3080.069558 3058.453429 3009.630415 2981.007836 2975.552697 2964.628457 2957.538584 2969.825041 2990.948076 3015.503545 3029.730998 3018.375779 2998.065636 2977.386245 2949.391633 2952.100283 2977.221586 -9999.0 -9999.0 -9999.0 -9999.0 -9999.0 -9999.0
-9999.0 -9999.0 -9999.0 -9999.0 2664.002547 2678.410195 2665.885863 2694.170860 2728.749403 2764.823889 2794.576333 2799.121593 2821.864131 2848.148855 2881.223429 2903.947416 2936.271927 2965.570308 3008.134050 3068.835469 3112.736046 3126.420457 3134.628986 3184.981442 3240.816620 3287.780795 3306.118038 3331.420293 3375.803015 3431.750996 3454.077621 3457.110959 3473.950858 3515.904924 3570.688897 3605.358698 3587.952334 3579.179526 3588.619315 3602.353982 3624.479040 3624.568303 3625.668044 3629.495374 3636.728514 3635.249708 3609.311055 3576.199759 3563.379323 3553.592939 3517.106482 3446.074121 3415.347331 3387.232753 3346.917822 3293.922205 3245.133103 3244.890680 3191.279421 3137.729609 3087.522358 3078.883860 3058.464443 3042.507398 3024.781500 3036.705880 3048.480046 3033.658478 3004.299320 2976.429497 2963.509563 2946.057433 2935.060241 2966.247237 2983.906174 3013.695870 -9999.0 -9999.0 -9999.0 -9999.0
-9999.0 -9999.0 2601.759396 2648.974673 2708.168682 2717.266500 2714.866464 2721.644956 2752.043500 2805.334898 2834.797945 2872.128682 2901.597286 2931.085024 2977.100303 3039.649486 3099.340121 3141.028554 3197.390790 3265.483029 3323.926306 3350.714883 3359.742532 3394.695159 3448.421477 3515.852692 3543.259538 3569.220716 3600.247431 3635.761758 3630.259975 3641.347939 3653.195799 3664.576734 3678.265698 3684.710327 3680.078735 3675.529115 3657.107538 3652.156343 3658.686176 3666.257074 3665.593804 3651.102359 3647.143597 3661.949830 3667.871951 3665.999137 3663.545778 3668.731434 3665.349959 3618.451448 3598.284770 3583.471841 3572.483360 3527.003055 3461.228454 3428.406410 3407.761674 3367.753985 3295.115061 3256.956313 3217.525624 3182.594405 3145.090810 3131.099563 3098.357194 3066.274860 3027.725726 2987.215332 2969.490740 2955.004277 2954.631066 2955.421144 2973.152802 2988.671203 3004.706121 3012.817764 -9999.0 -9999.0
-9999.0 2492.120145 2564.030177 2688.251283 2768.988012 2791.096504 2801.803695 2806.554610 2830.892658 2860.852426 2948.130866 2997.130784 3078.918119 3114.399262 3154.715664 3243.584726 3335.923380 3378.128095 3415.799705 3477.431897 3541.518976 3587.829833 3613.759079 3596.991672 3635.208742 3662.109194 3669.299315 3675.632578 3674.957283 3666.513800 3659.740283 3666.514459 3663.685755 3644.778053 3628.962033 3627.310217 3623.969114 3600.892250 3573.556108 3558.371647 3560.039441 3584.700080 3571.793985 3550.537870 3546.169722 3567.645432 3588.554121 3578.025168 3564.966732 3581.456024 3615.696619 3639.824022 3642.176710 3660.368670 3681.403753 3652.902261 3630.658487 3587.580715 3570.937813 3545.747725 3489.701131 3435.050777 3387.430153 3339.078796 3286.764245 3237.409034 3189.982041 3143.186043 3090.004934 3057.431608 3033.149052 2990.165857 2977.962913 2983.462172 2978.917478 2977.478350 2984.009580 2990.665688 -9999.0 -9999.0
-9999.0 2398.250581 2538.386641 2719.156782 2848.885101 2890.143323 2955.593452 3009.275774 3022.718235 2974.943531 3069.079154 3282.674035 3398.960277 3414.854762 3488.284389 3580.668773 3567.920693 3598.456112 3620.836916 3643.721455 3662.175420 3675.462971 3673.474935 3668.013384 3651.727287 3643.769336 3642.943728 3640.905603 3623.744340 3605.001810 3588.359641 3585.435499 3567.929240 3519.818502 3487.120318 3470.232134 3452.388651 3438.645655 3411.089376 3385.453303 3369.621943 3380.968811 3378.406031 3364.445349 3360.012407 3378.457966 3409.235573 3406.553717 3417.194397 3436.546430 3471.855853 3509.296861 3528.356629 3557.082483 3592.356725 3639.258506 3648.824321 3671.036627 3674.235457 3662.618931 3616.939539 3566.095124 3537.025371 3482.312298 3422.929781 3361.422071 3313.109572 3268.750649 3214.124145 3179.994390 3140.859490 3087.657813 3044.131407 3035.333531 3001.877225 2988.374727 -9999.0 -9999.0 -9999.0 -9999.0
-9999.0 2299.542075 2480.824407 2724.555797 2998.631041 3072.801323 3270.450154 3382.912984 3421.659690 3487.067959 3381.703004 3576.143304 3625.059706 3619.058245 3631.178043 3633.775671 3647.616834 3647.196783 3642.138016 3631.283349 3621.917359 3617.517144 3616.387222 3608.516954 3595.991418 3581.487656 3569.728398 3558.559503 3522.487366 3491.043449 3453.031181 3440.908049 3398.112163 3307.485058 3268.978172 3231.689967 3172.561893 3174.483392 3180.461615 3156.847697 3137.727339 3111.096281 3139.402273 3148.997155 3152.729506 3149.213476 3159.554895 3186.338035 3232.646885 3266.275247 3304.831211 3352.090040 3381.906250 3420.628493 3460.440192 3512.244795 3542.808793 3571.366131 3619.315868 3656.092212 3678.610584 3665.156490 3645.734837 3602.151759 3542.443981 3493.465008 3465.082535 3415.422335 3372.320029 3328.877721 3282.722838 3230.271609 3169.322212 3114.473888 3080.440771 -9999.0 -9999.0 -9999.0 -9999.0 -9999.0
-9999.0 2083.170460 2348.002176 2619.025015 2882.393154 3216.624773 3377.629056 3473.321359 3535.010341 3513.579601 3532.816045 3540.188691 3576.771146 3583.380062 3561.872929 3548.590252 3531.761565 3530.673365 3543.666411 3516.722420 3486.991601 3473.935354 3474.776343 3464.074775 3440.597177 3425.724546 3416.420971 3398.390372 3355.661509 3306.495736 3224.160006 3191.691626 3115.375586 3075.411273 3039.033766 2992.963457 2953.375650 2958.547353 2978.029539 2973.142407 2952.643266 2935.710065 2964.630981 2980.364256 2993.227893 2977.590859 2984.206898 3018.073258 3063.935887 3103.621801 3146.916575 3193.952822 3234.890092 3273.975622 3295.451389 3335.247150 3376.772893 3417.795230 3487.045116 3563.935705 3598.878496 3632.858882 3662.424332 3684.005500 3641.576847 3614.703023 3591.480586 3568.637656 3523.134493 3478.175847 3437.676581 3374.183832 3314.715701 -9999.0 -9999.0 -9999.0 -9999.0 -9999.0 -9999.0 -9999.0
-9999.0 1968.732847 2166.125391 2364.116476 2621.881547 2828.612128 3040.266757 3130.341627 3199.324026 3263.337952 3313.140571 3349.242652 3374.944278 3396.034774 3373.326144 3328.490165 3296.910933 3301.710422 3293.654794 3272.468984 3244.929712 3232.090479 3229.816363 3225.084281 3203.903176 3193.582553 3186.877172 3169.396234 3143.910385 3092.230936 3021.303962 2954.626121 2901.249149 2880.898990 2858.163796 2831.325043 2804.218395 2817.596598 2830.555056 2830.555762 2823.821485 2823.784711 2852.816054 2872.309355 2881.767393 2870.662480 2888.694053 2911.866774 2948.794265 2984.268450 3028.281655 3077.638782 3125.315942 3145.447904 3148.095830 3160.387076 3187.871923 3230.946368 3306.767114 3391.885250 3467.547789 3512.147864 3562.242892 3601.473054 3628.747443 3655.127091 3676.332091 3668.484590 3643.302467 3610.434050 3552.779058 -9999.0 -9999.0 -9999.0 -9999.0 -9999.0 -9999.0 -9999.0 -9999.0 -9999.0
-9999.0 -9999.0 1939.209426 2095.762121 2199.690128 2365.988829 2512.536865 2624.917912 2732.137158 2815.515695 2933.890870 3019.744543 3064.717073 3079.917634 3065.805133 3036.719274 3018.989510 3018.719079 3007.441363 3000.757901 2986.006795 2980.795554 2974.622523 2967.601580 2963.210422 2962.470828 2960.454506 2952.754971 2936.235377 2895.216055 2857.771681 2813.817407 2807.714424 2783.483337 2762.775253 2743.578281 2745.981013 2740.765821 2746.163295 2749.304660 2758.972422 2773.271729 2792.983642 2787.406690 2796.906828 2806.693551 2817.490142 2838.962128 2868.721608 2908.327281 2959.155986 3010.641768 3045.838140 3052.379112 3034.545203 3029.845225 3038.402344 3067.557548 3131.272520 3199.873435 3287.976666 3352.384937 3418.715772 3473.842055 3499.985068 3536.347402 3605.331830 3653.266627 3694.191138 3671.875382 -9999.0 -9999.0 -9999.0 -9999.0 -9999.0 -9999.0 -9999.0 -9999.0 -9999.0 -9999.0
-9999.0 -9999.0 -9999.0 -9999.0 1956.477682 2105.305314 2203.860756 2286.054563 2422.293861 2555.182054 2665.398503 2754.550340 2824.524509 2790.191348 2790.115826 2805.026041 2803.505409 2794.794852 2784.204425 2788.429753 2792.784889 2787.024790 2820.440998 2813.958250 2817.569108 2825.299683 2823.637342 2810.743755 2792.215846 2775.597389 2760.166692 2727.902894 2694.940607 2666.479123 2653.710478 2649.825357 2649.712390 2642.007003 2650.619455 2659.709352 2675.907141 2691.315996 2714.948917 2744.028617 2758.718687 2773.670172 2782.807828 2802.104506 2807.641248 2858.704911 2919.943121 2975.798179 3007.038431 3007.102149 2980.971769 2959.546217 2947.702451 2965.767420 2991.410525 3042.617268 3131.390382 3192.769262 3238.511154 3277.625351 3313.778742 3377.767167 3470.486602 3550.776216 -9999.0 -9999.0 -9999.0 -9999.0 -9999.0 -9999.0 -9999.0 -9999.0 -9999.0 -9999.0 -9999.0 -9999.0
-9999.0 -9999.0 -9999.0 -9999.0 -9999.0 -9999.0 1931.764380 2038.219984 2109.396478 2263.167809 2409.154083 2518.673244 2603.622665 2639.792993 2673.753667 2703.846279 2703.252697 2681.533570 2657.780663 2676.799886 2693.321457 2685.765776 2653.792650 2655.075864 2662.140266 2670.511464 2668.481306 2662.818705 2638.217918 2653.921904 2657.398210 2634.429893 2608.950288 2595.932750 2584.358574 2594.164964 2594.311807 2580.125894 2579.462735 2607.557523 2628.831230 2641.945944 2663.182892 2696.419785 2729.021861 2744.846939 2746.093217 2751.361515 2788.742705 2836.088098 2906.428812 2960.799248 2989.512559 2993.930349 2965.269747 2920.607373 2894.670017 2893.962536 2918.735206 2958.773321 3015.178813 3051.359258 3063.067362 3064.938370 3077.585987 3175.319471 -9999.0 -9999.0 -9999.0 -9999.0 -9999.0 -9999.0 -9999.0 -9999.0 -9999.0 -9999.0 -9999.0 -9999.0 -9999.0 -9999.0
-9999.0 -9999.0 -9999.0 -9999.0 -9999.0 -9999.0 -9999.0 -9999.0 -9999.0 -9999.0 -9999.0 -9999.0 -9999.0 -9999.0 -9999.0 -9999.0 -9999.0 -9999.0 -9999.0 -9999.0 -9999.0 -9999.0 -9999.0 -9999.0 -9999.0 -9999.0 -9999.0 -9999.0 -9999.0 -9999.0 -9999.0 -9999.0 -9999.0 -9999.0 -9999.0 -9999.0 -9999.0 -9999.0 -9999.0 -9999.0 -9999.0 -9999.0 -9999.0 -9999.0 -9999.0 -9999.0 -9999.0 -9999.0 -9999.0 -9999.0 -9999.0 -9999.0 -9999.0 -9999.0 -9999.0 -9999.0 -9999.0 -9999.0 -9999.0 -9999.0 -9999.0 -9999.0 -9999.0 -9999.0 -9999.0 -9999.0 -9999.0 -9999.0 -9999.0 -9999.0 -9999.0 -9999.0 -9999.0 -9999.0 -9999.0 -9999.0 -9999.0 -9999.0 -9999.0 -9999.0
-9999.0 -9999.0 -9999.0 -9999.0 -9999.0 -9999.0 -9999.0 -9999.0 -9999.0 -9999.0 -9999.0 -9999.0 -9999.0 -9999.0 -9999.0 -9999.0 -9999.0 -9999.0 -9999.0 -9999.0 -9999.0 -9999.0 -9999.0 -9999.0 -9999.0 -9999.0 -9999.0 -9999.0 -9999.0 -9999.0 -9999.0 -9999.0 -9999.0 -9999.0 -9999.0 -9999.0 -9999.0 -9999.0 -9999.0 -9999.0 -9999.0 -9999.0 -9999.0 -9999.0 -9999.0 -9999.0 -9999.0 -9999.0 -9999.0 -9999.0 -9999.0 -9999.0 -9999.0 -9999.0 -9999.0 -9999.0 -9999.0 -9999.0 -9999.0 -9999.0 -9999.0 -9999.0 -9999.0 -9999.0 -9999.0 -9999.0 -9999.0 -9999.0 -9999.0 -9999.0 -9999.0 -9999.0 -9999.0 -9999.0 -9999.0 -9999.0 -9999.0 -9999.0 -9999.0 -9999.0