Borden_/Borden1m_014/output_maps/psiliqL0007N0015.asc
ncols         80
nrows         18
xllcorner     620200.000000
yllcorner     5168000.000000
cellsize      1.000000
NODATA_value  -9999.0
-9999.0 -9999.0 -9999.0 -9999.0 -9999.0 -9999.0 -9999.0 -9999.0 -9999.0 -9999.0 -9999.0 -9999.0 -9999.0 -9999.0 -9999.0 -9999.0 -9999.0 -9999.0 -9999.0 -9999.0 -9999.0 -9999.0 -9999.0 -9999.0 -9999.0 -9999.0 -9999.0 -9999.0 -9999.0 -9999.0 -9999.0 -9999.0 -9999.0 -9999.0 -9999.0 -9999.0 -9999.0 -9999.0 -9999.0 -9999.0 -9999.0 -9999.0 -9999.0 -9999.0 -9999.0 -9999.0 -9999.0 -9999.0 -9999.0 -9999.0 -9999.0 -9999.0 -9999.0 -9999.0 -9999.0 -9999.0 -9999.0 -9999.0 -9999.0 -9999.0 -9999.0 -9999.0 -9999.0 -9999.0 -9999.0 -9999.0 -9999.0 -9999.0 -9999.0 -9999.0 -9999.0 -9999.0 -9999.0 -9999.0 -9999.0 -9999.0 -9999.0 -9999.0 -9999.0 -9999.0
-9999.0 -9999.0 -9999.0 -9999.0 -9999.0 -9999.0 -9999.0 -9999.0 -9999.0 -9999.0 -9999.0 -9999.0 -9999.0 -9999.0 -9999.0 -9999.0 -9999.0 -9999.0 -9999.0 -9999.0 -9999.0 -9999.0 -9999.0 -9999.0 -9999.0 -9999.0 -9999.0 -9999.0 -9999.0 -9999.0 -9999.0 -9999.0 -9999.0 -9999.0 -9999.0 -9999.0 -9999.0 -9999.0 -9999.0 -9999.0 -9999.0 -9999.0 -9999.0 -9999.0 -9999.0 -9999.0 -9999.0 -9999.0 -9999.0 -9999.0 -9999.0 -9999.0 -9999.0 -9999.0 -9999.0 -9999.0 -9999.0 -9999.0 -9999.0 -9999.0 -9999.0 -9999.0 -9999.0 -9999.0 -9999.0 -9999.0 -9999.0 -9999.0 -9999.0 -9999.0 -9999.0 -9999.0 -9999.0 -9999.0 -9999.0 -9999.0 -9999.0 -9999.0 -9999.0 -9999.0
-9999.0 -9999.0 -9999.0 -9999.0 -9999.0 -9999.0 -9999.0 -9999.0 -9999.0 -9999.0 -9999.0 -9999.0 -9999.0 -9999.0 -9999.0 -9999.0 -9999.0 -9999.0 -9999.0 -9999.0 -473.129209 -470.122680 -493.170444 -527.437663 -556.132103 -554.702621 -520.231243 -479.726927 -442.477100 -432.222695 -450.601595 -449.596999 -455.040101 -455.209397 -452.211141 -446.395177 -443.960878 -432.337790 -423.827991 -424.123275 -430.432524 -436.361878 -437.957365 -434.368279 -429.380983 -437.920632 -424.272405 -408.631264 -401.893130 -406.918258 -434.283513 -449.972139 -457.660680 -471.585556 -446.635764 -433.524194 -410.029202 -405.292343 -406.061801 -432.829877 -462.688750 -9999.0 -9999.0 -9999.0 -9999.0 -9999.0 -9999.0 -9999.0 -9999.0 -9999.0 -9999.0 -9999.0 -9999.0 -9999.0 -9999.0 -9999.0 -9999.0 -9999.0 -9999.0 -9999.0
-9999.0 -9999.0 -9999.0 -9999.0 -9999.0 -9999.0 -9999.0 -9999.0 -9999.0 -9999.0 -9999.0 -9999.0 -9999.0 -9999.0 -562.130461 -572.656566 -576.135788 -568.102472 -534.894869 -505.464322 -492.961128 -500.926077 -501.420639 -525.406335 -545.961422 -532.421001 -503.815305 -473.114094 -439.582354 -419.376837 -432.687436 -435.766721 -425.157297 -396.577502 -380.923512 -383.549137 -405.550307 -382.378820 -365.471236 -355.463083 -356.649972 -365.767456 -350.417597 -333.376294 -340.320300 -358.620519 -355.214086 -343.034360 -327.611420 -343.652665 -410.894804 -432.547207 -435.008453 -440.962835 -453.543090 -459.647934 -434.404038 -432.787536 -440.468943 -457.824528 -489.467685 -533.095960 -550.340968 -511.571365 -466.615029 -408.070517 -9999.0 -9999.0 -9999.0 -9999.0 -9999.0 -9999.0 -9999.0 -9999.0 -9999.0 -9999.0 -9999.0 -9999.0 -9999.0 -9999.0
-9999.0 -9999.0 -9999.0 -9999.0 -9999.0 -9999.0 -9999.0 -9999.0 -9999.0 -617.586550 -614.466387 -607.861564 -606.674343 -591.602336 -593.617570 -587.272309 -579.826611 -554.687047 -524.434058 -490.031706 -461.623046 -472.343203 -472.662076 -460.767050 -453.844216 -440.999775 -420.371877 -379.383584 -335.885065 -292.536473 -321.898166 -323.589982 -300.413837 -236.146484 -188.488936 -176.307404 -195.786558 -192.066436 -164.042469 -136.708193 -138.387980 -140.723481 -113.648524 -98.292752 -91.015522 -112.537087 -131.647904 -133.074464 -103.629540 -163.150731 -238.313855 -308.057156 -310.493082 -343.962101 -387.066534 -410.473644 -413.625258 -390.654508 -405.571610 -442.672838 -478.657171 -487.240920 -503.040544 -486.265162 -462.892338 -415.085781 -375.979944 -346.623152 -345.696507 -362.643579 -9999.0 -9999.0 -9999.0 -9999.0 -9999.0 -9999.0 -9999.0 -9999.0 -9999.0 -9999.0
-9999.0 -9999.0 -9999.0 -9999.0 -9999.0 -9999.0 -695.208543 -686.950108 -667.891402 -662.644501 -639.199167 -632.274937 -612.537444 -593.958550 -574.477974 -558.285385 -528.179135 -496.663164 -455.773523 -411.536604 -378.509853 -382.989212 -372.950641 -336.521588 -284.480216 -239.185566 -209.671725 -166.588333 -76.968613 -14.760995 12.159152 29.879114 81.413319 252.295020 327.439883 339.993818 328.925026 320.067655 329.702535 347.873344 348.764584 347.328966 350.953619 354.553783 370.639863 367.677951 347.314802 342.109215 341.765481 333.660679 269.902121 84.392603 -26.396711 -97.441416 -189.318417 -256.731320 -267.701625 -257.391610 -291.963793 -347.833984 -391.966072 -402.644358 -416.852773 -430.579215 -424.516533 -404.143118 -379.636352 -367.312573 -378.883193 -398.666888 -421.181431 -449.382666 -447.258722 -421.440241 -9999.0 -9999.0 -9999.0 -9999.0 -9999.0 -9999.0
-9999.0 -9999.0 -9999.0 -9999.0 -744.269528 -732.417684 -744.293634 -721.679096 -690.649870 -658.551988 -627.092697 -590.791972 -564.881176 -536.351230 -495.430939 -457.500900 -413.906193 -378.758475 -319.725050 -235.289933 -171.672253 -139.871380 -121.033482 -28.352323 215.783001 303.958203 319.229630 330.928966 348.610174 380.843830 395.316303 400.169545 417.144049 450.772386 478.030652 496.315092 486.866338 484.492432 485.893853 488.453546 503.163876 502.109610 502.586246 502.623912 504.290355 506.764844 493.933007 478.351214 474.233728 471.241539 456.528725 402.660395 371.777236 356.266356 344.209953 315.031200 225.475162 52.155172 -58.858924 -130.685121 -209.144259 -247.501936 -286.393512 -314.796345 -346.981220 -345.978523 -342.297765 -361.230884 -390.732671 -421.714528 -435.767313 -453.624663 -462.984983 -432.602407 -414.440261 -382.975902 -9999.0 -9999.0 -9999.0 -9999.0
-9999.0 -9999.0 -801.326246 -751.616754 -696.733675 -688.940547 -687.239320 -683.357591 -657.843421 -608.831870 -531.303192 -479.203208 -434.567215 -404.709004 -342.126322 -242.396171 -156.611575 -97.424341 5.553525 236.000298 318.197683 338.868103 345.442387 369.927117 420.534695 458.671695 470.101181 479.698207 490.586220 507.198921 526.389700 541.107494 548.828050 545.414201 545.673311 542.045672 541.310186 538.682882 524.004695 521.475037 527.260333 528.342948 532.018377 520.593004 517.171138 528.918724 532.202139 535.235658 539.649163 547.250896 555.990950 525.579554 487.528463 482.459721 482.977778 462.273621 425.003913 383.919238 368.616247 345.750091 277.407051 116.059457 -27.202937 -106.027800 -176.120952 -222.624793 -273.042479 -314.798493 -359.543144 -403.660666 -425.859803 -443.250250 -444.445753 -442.861515 -426.145549 -409.904111 -394.053437 -386.017048 -9999.0 -9999.0
-9999.0 -898.823983 -826.533144 -699.514810 -622.037513 -578.510184 -538.668589 -510.200916 -487.576633 -474.944224 -364.854050 -242.694531 -145.820651 -109.864385 -22.131697 229.551306 330.155426 358.011823 383.443020 431.580401 465.736510 486.915393 499.216977 524.471122 551.567603 548.573538 547.232702 544.424657 536.394047 528.004200 518.139674 526.139133 525.835219 512.967050 500.946492 497.830097 494.511351 483.426859 471.212703 465.949084 468.677170 481.460185 475.525325 464.975693 462.963222 473.524670 482.286845 478.034544 472.167487 482.737260 501.798911 513.101116 527.243850 540.654415 559.870456 537.134367 509.124780 485.252966 478.243688 467.533711 439.696792 396.526014 360.120367 322.953649 235.586611 -21.922743 -122.254670 -198.222870 -268.758320 -308.941036 -340.349404 -392.303362 -414.727179 -411.930374 -420.349875 -422.137776 -414.928587 -408.230388 -9999.0 -9999.0
-9999.0 -968.369507 -825.236271 -640.262710 -495.577472 -434.830715 -304.685912 -212.740794 -186.697905 -209.781744 -75.722139 289.572076 364.036365 368.802308 411.285343 475.634567 506.409732 529.270934 546.253432 541.790785 538.115529 538.387927 532.799834 524.704205 511.963286 506.112804 507.186759 507.152922 497.573563 488.619563 478.256842 478.124061 472.262448 454.447954 434.070959 409.384415 392.181006 380.812023 363.582753 350.676930 343.491980 355.959918 350.678661 340.997862 338.406044 350.434748 369.276989 365.459977 373.130903 395.635125 431.697236 453.031213 461.661492 474.861093 492.329822 515.162894 529.340726 547.985763 553.118348 531.608490 502.175727 477.664667 467.241618 442.515281 405.547455 341.066590 267.826070 77.179898 -59.364599 -127.071707 -192.828032 -261.738703 -323.551021 -350.985350 -389.565338 -410.089936 -9999.0 -9999.0 -9999.0 -9999.0
-9999.0 -1031.080486 -839.444258 -573.966176 -318.050603 -159.389404 225.585367 342.289018 372.132023 405.461834 422.294973 517.081195 532.764792 519.187482 499.309166 498.420579 510.069642 513.045698 509.021680 501.927004 496.774240 492.697485 490.603125 486.480974 481.084519 474.958837 470.753579 468.557546 452.383843 433.621559 397.841151 384.446157 365.238822 311.031967 255.032337 104.571337 -27.645483 -45.887360 -63.158173 -100.413137 -121.713423 -137.737708 -118.083304 -119.331824 -119.522071 -110.363945 -85.281957 -60.301079 9.478850 118.888180 275.530183 333.766276 355.407536 387.081586 426.705298 456.911941 468.358206 480.426175 502.855074 531.182661 551.277816 544.502981 520.733041 499.941158 470.035610 442.045040 422.104224 372.895318 333.401126 284.113670 150.181505 -34.528137 -140.314418 -257.820139 -301.005657 -9999.0 -9999.0 -9999.0 -9999.0 -9999.0
-9999.0 -1179.942876 -912.534969 -615.916291 -272.515584 206.745869 336.816937 445.023295 497.927852 449.860320 441.985971 453.408670 473.592617 474.856256 464.159121 464.045505 461.058170 461.468593 470.934264 456.835653 436.608880 412.995396 407.782799 398.205601 382.329060 372.702993 367.532626 359.481785 331.347439 271.345458 55.400099 -13.277045 -114.988265 -191.224451 -246.264609 -305.039548 -360.890948 -362.779146 -346.846192 -363.985466 -386.436370 -405.469654 -379.889964 -364.768400 -354.069462 -364.043506 -355.361255 -320.320854 -269.987973 -222.311449 -160.031430 -92.451602 -25.095858 95.977827 261.299558 326.147369 354.139698 383.467316 437.924726 479.224587 493.778575 511.353482 543.176330 561.475903 523.704003 494.125847 476.950133 457.852841 426.273619 408.446545 385.154134 346.419330 306.752003 -9999.0 -9999.0 -9999.0 -9999.0 -9999.0 -9999.0 -9999.0
-9999.0 -1315.556379 -1080.654830 -829.142686 -529.734513 -287.524287 -87.974603 203.028095 297.517279 306.285210 319.244109 333.462629 347.817617 360.032732 348.142588 329.765605 315.914605 319.750232 319.378975 300.938104 246.951954 107.675851 82.519869 56.867176 -0.850668 -30.889507 -48.398279 -79.455711 -124.383801 -189.036794 -286.202327 -357.470222 -419.857400 -455.659519 -485.703422 -518.396692 -557.127337 -546.140803 -531.007207 -535.718419 -548.390191 -553.262848 -523.827622 -505.896093 -496.139901 -509.996511 -492.244813 -465.995792 -425.063135 -384.511014 -337.261300 -283.014187 -229.445011 -194.006055 -166.436141 -126.657993 -69.696021 45.018731 272.433133 365.946395 428.724095 454.776497 479.289912 496.512042 503.160630 521.931435 516.735811 475.665116 426.383667 441.124639 445.573027 -9999.0 -9999.0 -9999.0 -9999.0 -9999.0 -9999.0 -9999.0 -9999.0 -9999.0
-9999.0 -9999.0 -1318.203990 -1124.580342 -959.981938 -775.481554 -631.505192 -531.735482 -461.879862 -372.474100 -275.371375 -198.505657 -156.994440 -140.174004 -160.218400 -204.433228 -233.402739 -233.808585 -244.498852 -263.585589 -297.165459 -311.024354 -321.028483 -329.095549 -343.643512 -351.381185 -356.545015 -367.480568 -390.297734 -437.312779 -490.521667 -541.935113 -595.538372 -619.708475 -641.074966 -663.491677 -667.226703 -668.320911 -661.164574 -660.026501 -655.119843 -643.773699 -623.134180 -602.297554 -593.268360 -586.958943 -574.844404 -551.877591 -519.586721 -479.979430 -429.185271 -375.009618 -338.215123 -327.380635 -337.527587 -331.423996 -308.129929 -258.520491 -152.255701 -18.619148 248.766254 335.901828 387.863461 435.942507 447.880673 456.836485 470.800559 442.697502 283.324546 398.860538 -9999.0 -9999.0 -9999.0 -9999.0 -9999.0 -9999.0 -9999.0 -9999.0 -9999.0 -9999.0
-9999.0 -9999.0 -9999.0 -9999.0 -1267.442236 -1109.851179 -1017.632052 -937.056481 -821.191091 -718.837567 -631.800753 -560.021663 -511.012225 -488.931548 -501.974714 -509.861791 -518.864756 -521.907082 -530.059355 -536.280640 -542.467565 -549.877407 -560.022178 -567.211097 -567.966125 -564.541100 -566.113778 -578.465612 -593.205723 -620.578729 -644.633611 -679.260626 -715.842631 -744.408153 -757.023083 -763.989960 -763.485810 -768.515214 -758.807426 -752.767002 -738.128439 -722.797133 -698.954139 -671.114316 -659.069703 -645.277615 -635.858578 -615.400420 -586.237354 -534.727744 -473.958835 -419.770939 -387.856782 -386.174828 -414.559093 -432.400494 -437.482719 -411.214844 -364.242579 -290.649825 -171.739064 -75.946376 51.851587 260.921131 321.833229 356.419019 414.372343 436.146792 -9999.0 -9999.0 -9999.0 -9999.0 -9999.0 -9999.0 -9999.0 -9999.0 -9999.0 -9999.0 -9999.0 -9999.0
-9999.0 -9999.0 -9999.0 -9999.0 -9999.0 -9999.0 -1326.158703 -1232.841936 -1144.159482 -1027.802710 -921.002350 -833.783241 -763.266951 -740.904795 -726.026075 -705.133761 -710.206502 -726.393418 -741.896421 -726.012858 -717.410776 -721.724057 -747.871270 -749.339868 -746.075420 -736.492234 -737.252967 -742.903275 -766.985392 -759.493298 -761.150574 -783.589440 -809.119850 -823.303421 -834.540339 -824.454810 -823.407158 -835.501316 -832.619663 -806.935959 -787.548750 -774.155949 -751.676686 -718.879960 -687.334069 -673.560459 -672.933371 -667.026737 -625.830527 -556.691835 -488.065591 -436.485068 -407.555969 -401.949144 -432.513697 -475.702919 -499.722119 -495.827337 -464.411428 -413.993751 -337.988433 -287.188906 -250.116578 -213.122648 -174.036759 -59.497398 -9999.0 -9999.0 -9999.0 -9999.0 -9999.0 -9999.0 -9999.0 -9999.0 -9999.0 -9999.0 -9999.0 -9999.0 -9999.0 -9999.0
-9999.0 -9999.0 -9999.0 -9999.0 -9999.0 -9999.0 -9999.0 -9999.0 -9999.0 -9999.0 -9999.0 -9999.0 -9999.0 -9999.0 -9999.0 -9999.0 -9999.0 -9999.0 -9999.0 -9999.0 -9999.0 -9999.0 -9999.0 -9999.0 -9999.0 -9999.0 -9999.0 -9999.0 -9999.0 -9999.0 -9999.0 -9999.0 -9999.0 -9999.0 -9999.0 -9999.0 -9999.0 -9999.0 -9999.0 -9999.0 -9999.0 -9999.0 -9999.0 -9999.0 -9999.0 -9999.0 -9999.0 -9999.0 -9999.0 -9999.0 -9999.0 -9999.0 -9999.0 -9999.0 -9999.0 -9999.0 -9999.0 -9999.0 -9999.0 -9999.0 -9999.0 -9999.0 -9999.0 -9999.0 -9999.0 -9999.0 -9999.0 -9999.0 -9999.0 -9999.0 -9999.0 -9999.0 -9999.0 -9999.0 -9999.0 -9999.0 -9999.0 -9999.0 -9999.0 -9999.0
-9999.0 -9999.0 -9999.0 -9999.0 -9999.0 -9999.0 -9999.0 -9999.0 -9999.0 -9999.0 -9999.0 -9999.0 -9999.0 -9999.0 -9999.0 -9999.0 -9999.0 -9999.0 -9999.0 -9999.0 -9999.0 -9999.0 -9999.0 -9999.0 -9999.0 -9999.0 -9999.0 -9999.0 -9999.0 -9999.0 -9999.0 -9999.0 -9999.0 -9999.0 -9999.0 -9999.0 -9999.0 -9999.0 -9999.0 -9999.0 -9999.0 -9999.0 -9999.0 -9999.0 -9999.0 -9999.0 -9999.0 -9999.0 -9999.0 -9999.0 -9999.0 -9999.0 -9999.0 -9999.0 -9999.0 -9999.0 -9999.0 -9999.0 -9999.0 -9999.0 -9999.0 -9999.0 -9999.0 -9999.0 -9999.0 -9999.0 -9999.0 -9999.0 -9999.0 -9999.0 -9999.0 -9999.0 -9999.0 -9999.0 -9999.0 -9999.0 -9999.0 -9999.0 -9999.0 -9999.0