Borden_/Borden1m_014/output_maps/psiliqL0028N0023.asc
ncols         80
nrows         18
xllcorner     620200.000000
yllcorner     5168000.000000
cellsize      1.000000
NODATA_value  -9999.0
-9999.0 -9999.0 -9999.0 -9999.0 -9999.0 -9999.0 -9999.0 -9999.0 -9999.0 -9999.0 -9999.0 -9999.0 -9999.0 -9999.0 -9999.0 -9999.0 -9999.0 -9999.0 -9999.0 -9999.0 -9999.0 -9999.0 -9999.0 -9999.0 -9999.0 -9999.0 -9999.0 -9999.0 -9999.0 -9999.0 -9999.0 -9999.0 -9999.0 -9999.0 -9999.0 -9999.0 -9999.0 -9999.0 -9999.0 -9999.0 -9999.0 -9999.0 -9999.0 -9999.0 -9999.0 -9999.0 -9999.0 -9999.0 -9999.0 -9999.0 -9999.0 -9999.0 -9999.0 -9999.0 -9999.0 -9999.0 -9999.0 -9999.0 -9999.0 -9999.0 -9999.0 -9999.0 -9999.0 -9999.0 -9999.0 -9999.0 -9999.0 -9999.0 -9999.0 -9999.0 -9999.0 -9999.0 -9999.0 -9999.0 -9999.0 -9999.0 -9999.0 -9999.0 -9999.0 -9999.0
-9999.0 -9999.0 -9999.0 -9999.0 -9999.0 -9999.0 -9999.0 -9999.0 -9999.0 -9999.0 -9999.0 -9999.0 -9999.0 -9999.0 -9999.0 -9999.0 -9999.0 -9999.0 -9999.0 -9999.0 -9999.0 -9999.0 -9999.0 -9999.0 -9999.0 -9999.0 -9999.0 -9999.0 -9999.0 -9999.0 -9999.0 -9999.0 -9999.0 -9999.0 -9999.0 -9999.0 -9999.0 -9999.0 -9999.0 -9999.0 -9999.0 -9999.0 -9999.0 -9999.0 -9999.0 -9999.0 -9999.0 -9999.0 -9999.0 -9999.0 -9999.0 -9999.0 -9999.0 -9999.0 -9999.0 -9999.0 -9999.0 -9999.0 -9999.0 -9999.0 -9999.0 -9999.0 -9999.0 -9999.0 -9999.0 -9999.0 -9999.0 -9999.0 -9999.0 -9999.0 -9999.0 -9999.0 -9999.0 -9999.0 -9999.0 -9999.0 -9999.0 -9999.0 -9999.0 -9999.0
-9999.0 -9999.0 -9999.0 -9999.0 -9999.0 -9999.0 -9999.0 -9999.0 -9999.0 -9999.0 -9999.0 -9999.0 -9999.0 -9999.0 -9999.0 -9999.0 -9999.0 -9999.0 -9999.0 -9999.0 3725.108188 3725.771717 3704.092138 3669.785423 3641.327775 3642.897294 3675.320415 3715.608482 3754.224567 3760.940511 3741.418789 3745.206303 3740.569710 3735.305067 3734.937532 3742.657463 3749.544958 3758.877848 3765.490477 3762.792572 3755.168208 3750.131148 3753.078349 3754.418927 3760.833976 3745.743592 3762.090812 3778.571784 3783.208931 3780.895413 3757.733404 3746.472682 3738.786334 3723.372540 3750.481114 3762.327345 3786.136999 3791.063283 3789.257394 3762.821227 3732.936744 -9999.0 -9999.0 -9999.0 -9999.0 -9999.0 -9999.0 -9999.0 -9999.0 -9999.0 -9999.0 -9999.0 -9999.0 -9999.0 -9999.0 -9999.0 -9999.0 -9999.0 -9999.0 -9999.0
-9999.0 -9999.0 -9999.0 -9999.0 -9999.0 -9999.0 -9999.0 -9999.0 -9999.0 -9999.0 -9999.0 -9999.0 -9999.0 -9999.0 3635.221349 3626.476290 3623.363929 3630.203236 3662.213137 3692.237861 3703.672302 3695.980321 3695.493363 3670.274235 3646.710523 3658.712188 3687.656829 3717.529108 3750.332921 3766.832738 3755.597764 3752.630340 3758.772866 3776.991433 3783.896778 3779.934638 3762.530690 3786.863431 3799.522391 3803.106429 3800.806430 3790.669533 3798.603258 3812.265626 3805.130088 3790.203381 3802.204802 3817.782482 3828.297683 3821.185609 3764.210746 3753.659058 3750.956577 3747.731065 3735.214247 3732.170495 3761.454592 3761.392413 3754.778090 3738.109746 3705.073911 3659.989444 3641.423649 3682.836088 3726.904795 3783.457495 -9999.0 -9999.0 -9999.0 -9999.0 -9999.0 -9999.0 -9999.0 -9999.0 -9999.0 -9999.0 -9999.0 -9999.0 -9999.0 -9999.0
-9999.0 -9999.0 -9999.0 -9999.0 -9999.0 -9999.0 -9999.0 -9999.0 -9999.0 3578.018658 3584.048500 3590.694346 3592.902957 3607.622535 3603.909467 3610.427888 3613.493132 3640.365821 3669.127913 3701.905072 3728.144390 3718.492754 3716.497356 3718.838539 3711.150024 3717.755696 3737.523360 3773.307510 3802.815748 3836.925418 3802.336318 3796.735767 3813.736055 3853.755159 3874.718766 3875.481591 3856.584691 3874.870725 3898.083805 3912.569239 3908.586106 3901.945590 3928.271085 3943.869929 3936.185706 3914.101440 3914.876634 3923.748052 3953.766463 3903.020752 3836.936891 3800.954286 3819.121466 3799.677313 3776.134280 3767.062018 3768.818093 3789.751080 3779.007888 3746.067127 3713.757128 3702.345460 3686.138784 3708.435300 3732.431829 3779.381206 3819.890613 3850.211455 3849.882972 3832.867000 -9999.0 -9999.0 -9999.0 -9999.0 -9999.0 -9999.0 -9999.0 -9999.0 -9999.0 -9999.0
-9999.0 -9999.0 -9999.0 -9999.0 -9999.0 -9999.0 3499.650884 3510.129544 3530.664661 3532.585607 3558.885914 3563.370417 3581.436943 3597.770679 3619.076214 3630.680394 3654.188297 3683.019157 3717.579199 3753.634359 3779.903003 3766.716566 3771.041424 3788.060144 3812.113722 3828.804727 3850.885025 3888.410944 3960.497696 3996.321158 3986.204594 3986.308294 3994.319183 4045.077169 4109.149650 4119.218142 4098.423792 4085.711595 4110.291895 4148.454528 4145.427554 4144.108622 4158.162951 4169.428921 4196.387352 4184.760314 4148.888619 4144.988002 4153.335793 4128.857977 4057.790320 4001.438815 3985.158805 3938.095708 3854.018743 3813.412332 3840.760375 3870.691417 3850.562550 3801.994406 3771.368095 3767.246810 3757.331481 3752.089462 3766.156616 3790.232082 3814.810288 3829.440455 3818.034005 3797.502209 3776.269725 3748.437905 3751.419789 3776.480551 -9999.0 -9999.0 -9999.0 -9999.0 -9999.0 -9999.0
-9999.0 -9999.0 -9999.0 -9999.0 3450.574805 3463.128825 3447.418146 3473.330899 3504.605796 3537.505184 3563.633174 3593.808895 3615.626063 3641.089548 3672.259449 3691.350924 3721.132049 3749.336061 3794.976475 3854.666955 3897.597596 3909.066413 3916.679054 3966.942777 4022.785089 4069.092231 4087.780384 4114.041832 4161.478836 4218.359782 4240.244627 4242.497085 4259.474373 4304.619034 4363.022244 4398.757305 4380.756798 4371.357805 4382.416020 4397.556762 4419.721835 4419.755556 4420.902499 4425.512869 4433.813290 4431.618861 4404.061937 4370.189374 4357.066616 4346.503568 4306.190154 4232.753237 4203.639497 4173.752323 4128.109598 4072.687526 4028.445747 4032.481247 3977.312967 3921.704759 3873.666703 3868.144965 3849.609649 3835.233576 3819.858647 3833.934927 3847.324896 3833.141662 3803.548183 3774.794413 3762.334138 3745.175258 3733.971410 3765.508630 3783.588188 3812.991642 -9999.0 -9999.0 -9999.0 -9999.0
-9999.0 -9999.0 3392.218357 3436.483383 3492.992001 3497.963688 3489.190363 3490.725370 3515.899671 3563.804621 3623.226476 3657.252861 3683.110411 3712.511710 3761.340917 3820.071019 3878.138279 3920.230104 3978.767415 4048.724379 4107.905266 4134.163211 4142.368526 4178.463724 4234.259019 4305.657615 4334.532471 4361.693879 4394.581234 4432.441061 4420.475311 4430.555726 4443.816466 4458.615030 4475.466853 4483.606759 4478.371799 4473.686879 4454.905997 4449.390431 4455.807445 4464.502585 4463.001747 4448.050507 4444.059158 4459.344669 4466.044657 4463.648195 4460.246432 4464.711170 4458.510932 4407.938887 4394.232391 4378.391154 4365.619661 4318.465514 4250.456145 4218.999877 4196.427981 4154.183923 4080.144148 4044.441188 4006.030087 3972.629670 3936.578774 3925.581476 3894.779702 3863.636855 3825.721439 3785.589890 3767.148267 3753.573409 3753.620884 3754.459938 3772.579722 3788.400154 3804.468485 3812.590333 -9999.0 -9999.0
-9999.0 3281.157178 3351.431144 3471.366726 3547.816180 3582.300423 3585.693026 3584.449147 3608.631188 3641.952929 3725.151597 3767.895756 3850.374526 3888.878783 3928.431411 4018.361586 4114.463880 4158.894992 4199.181588 4265.361825 4333.150861 4381.212280 4408.037789 4380.912011 4422.154083 4455.598244 4464.946334 4472.867961 4473.826465 4465.218138 4459.120844 4465.637428 4462.458183 4442.824830 4426.320395 4424.401539 4420.896081 4397.181894 4369.341228 4353.407131 4354.348277 4379.811868 4366.321281 4344.749956 4340.255024 4362.222243 4384.341603 4373.386207 4360.099656 4376.819263 4411.997419 4438.064826 4437.511394 4456.526332 4477.755254 4447.940629 4427.870444 4382.869020 4365.560182 4339.816200 4281.817549 4226.884131 4178.330029 4130.071064 4078.233150 4030.594188 3983.438520 3936.592776 3884.118993 3851.801701 3828.218399 3786.648764 3775.293097 3782.574159 3778.292899 3777.050253 3783.807916 3790.445867 -9999.0 -9999.0
-9999.0 3181.163012 3318.679015 3493.874243 3634.564842 3671.248578 3725.009384 3776.632508 3788.413977 3728.675003 3830.073908 4048.996577 4177.061136 4196.172752 4273.926270 4372.089951 4348.679731 4380.984541 4405.174729 4434.650952 4458.274981 4473.861529 4472.468759 4467.669426 4450.889775 4442.817380 4441.859338 4439.649280 4421.903170 4402.635003 4385.596480 4382.115601 4363.559077 4312.309688 4278.430408 4260.207256 4239.741508 4226.779473 4200.034231 4173.648812 4156.333463 4165.450752 4164.745809 4151.954139 4147.557353 4165.198137 4196.170118 4195.159001 4208.380300 4228.288641 4263.856369 4302.883170 4322.369545 4351.921193 4387.945759 4437.278694 4445.022108 4467.733366 4470.326825 4461.355095 4413.710676 4361.340490 4331.587807 4275.544877 4215.903414 4154.133681 4104.827133 4060.050682 4004.580650 3971.170654 3932.616730 3879.289135 3838.058168 3832.696487 3800.100278 3788.127490 -9999.0 -9999.0 -9999.0 -9999.0
-9999.0 3073.660663 3250.138663 3483.603774 3780.599420 3845.293983 4048.717436 4163.207986 4201.016266 4270.009753 4133.543847 4354.125450 4411.627832 4407.843491 4427.965302 4431.879359 4446.688970 4445.780693 4440.681189 4429.474797 4419.623468 4414.847806 4413.873785 4405.909115 4393.165023 4378.410209 4366.330333 4354.577094 4317.251130 4284.739815 4244.058379 4231.155153 4184.451045 4091.587045 4052.957142 4013.098207 3950.536992 3954.015364 3963.635635 3940.097595 3920.118442 3890.158356 3921.376414 3933.599080 3938.340423 3932.444885 3941.009694 3971.279755 4020.622671 4055.457900 4094.319414 4142.666979 4173.595091 4212.986520 4252.507241 4305.182473 4336.943153 4366.125574 4416.082167 4453.341863 4476.298874 4461.563941 4444.002477 4398.053612 4337.328192 4287.707372 4258.186078 4206.962914 4163.189020 4119.865202 4073.441619 4020.755586 3959.253173 3909.896536 3876.765309 -9999.0 -9999.0 -9999.0 -9999.0 -9999.0
-9999.0 2842.665757 3103.004037 3362.011301 3627.362198 3974.064997 4156.706951 4248.262019 4312.882645 4300.489776 4328.252597 4333.426791 4371.033909 4378.996443 4357.717007 4343.243942 4324.747803 4323.657926 4336.799289 4309.033945 4278.228118 4264.579825 4265.552262 4254.877039 4230.653289 4215.810943 4206.609199 4187.713501 4144.546375 4093.606529 4008.259891 3971.884369 3891.580590 3855.767684 3820.413593 3773.631207 3730.091789 3736.875470 3762.953930 3754.974398 3734.606653 3718.004588 3748.025469 3769.634151 3783.192447 3766.161092 3772.549576 3806.937088 3853.237938 3893.578681 3937.075359 3984.840010 4027.009675 4065.631090 4085.403537 4123.719532 4166.042554 4207.887935 4278.608461 4358.381226 4395.269951 4430.522198 4458.687778 4480.919455 4437.600817 4411.948777 4387.753495 4363.719903 4316.905461 4271.171776 4230.590550 4164.970118 4105.404137 -9999.0 -9999.0 -9999.0 -9999.0 -9999.0 -9999.0 -9999.0
-9999.0 2740.744620 2919.495328 3098.064929 3336.502148 3564.628420 3794.410504 3884.456822 3955.596750 4035.364223 4093.930149 4133.369036 4159.177167 4181.184928 4158.741046 4111.503701 4078.671499 4083.864850 4073.972256 4053.497188 4026.099778 4013.500875 4010.653754 4006.221623 3985.513176 3975.893303 3969.580955 3951.963301 3927.660719 3874.897136 3804.754947 3731.064659 3678.733513 3661.892402 3640.947623 3615.579521 3591.138187 3605.264573 3617.998240 3618.975637 3613.619863 3614.740650 3643.776949 3663.923219 3673.322337 3662.770046 3680.839959 3703.292747 3739.360156 3778.156147 3822.327066 3871.933213 3919.936136 3938.938087 3939.443094 3948.962761 3975.306603 4017.779814 4093.715097 4180.031246 4259.483031 4305.703553 4357.040666 4397.750573 4426.767407 4450.063916 4473.702758 4467.712202 4440.974799 4407.142568 4347.363356 -9999.0 -9999.0 -9999.0 -9999.0 -9999.0 -9999.0 -9999.0 -9999.0 -9999.0
-9999.0 -9999.0 2704.236844 2838.956245 2922.966655 3073.436783 3209.345292 3313.610645 3417.356507 3565.277230 3691.872932 3788.168858 3835.687502 3851.484244 3838.105878 3811.056180 3794.933668 3794.445909 3782.384221 3777.191778 3764.324159 3759.745542 3747.663786 3740.611365 3738.213418 3738.996604 3737.705119 3730.550077 3715.316987 3675.467200 3641.672553 3599.353480 3555.157946 3535.144581 3518.694456 3503.608725 3509.734140 3505.117044 3511.049019 3514.717623 3525.405505 3540.239537 3559.506068 3582.499823 3592.172056 3602.725189 3613.140704 3634.176367 3663.320241 3702.945614 3753.780332 3808.188591 3843.530701 3849.467396 3830.098177 3823.435474 3829.619282 3856.560715 3917.418479 3985.319411 4076.020900 4142.195846 4209.335686 4265.968924 4293.113560 4329.515464 4400.993724 4449.114144 4493.124715 4470.635475 -9999.0 -9999.0 -9999.0 -9999.0 -9999.0 -9999.0 -9999.0 -9999.0 -9999.0 -9999.0
-9999.0 -9999.0 -9999.0 -9999.0 2711.380279 2837.694269 2932.277290 3002.236124 3134.953664 3265.631175 3371.684159 3459.787850 3530.786130 3557.159896 3560.099289 3580.265077 3580.502741 3570.556060 3559.462404 3566.197257 3573.062413 3567.544365 3550.360043 3545.189702 3550.937997 3560.906609 3560.768242 3549.777382 3533.484462 3523.444797 3514.406839 3486.640437 3457.248623 3432.192744 3422.432777 3421.766992 3423.333598 3416.237725 3425.313251 3435.369276 3451.947172 3467.281352 3490.791116 3520.753173 3535.745876 3550.305809 3558.373212 3576.059343 3604.130961 3655.119431 3716.390963 3772.668177 3806.402960 3806.181330 3776.834247 3754.099456 3740.176821 3756.050078 3783.235563 3831.926318 3920.427838 3982.234735 4026.093428 4063.680471 4099.989227 4166.284900 4262.866995 4345.203907 -9999.0 -9999.0 -9999.0 -9999.0 -9999.0 -9999.0 -9999.0 -9999.0 -9999.0 -9999.0 -9999.0 -9999.0
-9999.0 -9999.0 -9999.0 -9999.0 -9999.0 -9999.0 2692.687412 2799.912534 2838.189442 2987.378924 3136.116283 3243.964573 3328.052515 3365.447659 3401.906577 3433.711437 3435.198696 3414.500645 3391.985430 3415.161863 3436.583209 3430.444147 3397.689975 3400.641869 3409.637236 3418.905045 3418.103110 3414.497962 3392.571282 3413.598858 3421.921279 3402.312903 3379.966743 3370.352890 3361.002107 3372.721550 3374.170155 3360.538609 3359.654506 3388.598822 3410.371410 3423.346088 3444.162566 3477.381952 3509.851793 3525.521866 3525.987705 3529.881795 3565.187770 3632.653181 3703.374312 3758.343670 3789.176963 3793.379402 3761.968285 3716.447404 3689.489222 3687.118593 3709.869340 3747.264727 3807.019711 3841.907587 3850.373424 3848.441686 3858.530017 3959.692689 -9999.0 -9999.0 -9999.0 -9999.0 -9999.0 -9999.0 -9999.0 -9999.0 -9999.0 -9999.0 -9999.0 -9999.0 -9999.0 -9999.0
-9999.0 -9999.0 -9999.0 -9999.0 -9999.0 -9999.0 -9999.0 -9999.0 -9999.0 -9999.0 -9999.0 -9999.0 -9999.0 -9999.0 -9999.0 -9999.0 -9999.0 -9999.0 -9999.0 -9999.0 -9999.0 -9999.0 -9999.0 -9999.0 -9999.0 -9999.0 -9999.0 -9999.0 -9999.0 -9999.0 -9999.0 -9999.0 -9999.0 -9999.0 -9999.0 -9999.0 -9999.0 -9999.0 -9999.0 -9999.0 -9999.0 -9999.0 -9999.0 -9999.0 -9999.0 -9999.0 -9999.0 -9999.0 -9999.0 -9999.0 -9999.0 -9999.0 -9999.0 -9999.0 -9999.0 -9999.0 -9999.0 -9999.0 -9999.0 -9999.0 -9999.0 -9999.0 -9999.0 -9999.0 -9999.0 -9999.0 -9999.0 -9999.0 -9999.0 -9999.0 -9999.0 -9999.0 -9999.0 -9999.0 -9999.0 -9999.0 -9999.0 -9999.0 -9999.0 -9999.0
-9999.0 -9999.0 -9999.0 -9999.0 -9999.0 -9999.0 -9999.0 -9999.0 -9999.0 -9999.0 -9999.0 -9999.0 -9999.0 -9999.0 -9999.0 -9999.0 -9999.0 -9999.0 -9999.0 -9999.0 -9999.0 -9999.0 -9999.0 -9999.0 -9999.0 -9999.0 -9999.0 -9999.0 -9999.0 -9999.0 -9999.0 -9999.0 -9999.0 -9999.0 -9999.0 -9999.0 -9999.0 -9999.0 -9999.0 -9999.0 -9999.0 -9999.0 -9999.0 -9999.0 -9999.0 -9999.0 -9999.0 -9999.0 -9999.0 -9999.0 -9999.0 -9999.0 -9999.0 -9999.0 -9999.0 -9999.0 -9999.0 -9999.0 -9999.0 -9999.0 -9999.0 -9999.0 -9999.0 -9999.0 -9999.0 -9999.0 -9999.0 -9999.0 -9999.0 -9999.0 -9999.0 -9999.0 -9999.0 -9999.0 -9999.0 -9999.0 -9999.0 -9999.0 -9999.0 -9999.0