Borden_/Borden1m_014/output_maps/psiliqL0011N0016.asc
ncols         80
nrows         18
xllcorner     620200.000000
yllcorner     5168000.000000
cellsize      1.000000
NODATA_value  -9999.0
-9999.0 -9999.0 -9999.0 -9999.0 -9999.0 -9999.0 -9999.0 -9999.0 -9999.0 -9999.0 -9999.0 -9999.0 -9999.0 -9999.0 -9999.0 -9999.0 -9999.0 -9999.0 -9999.0 -9999.0 -9999.0 -9999.0 -9999.0 -9999.0 -9999.0 -9999.0 -9999.0 -9999.0 -9999.0 -9999.0 -9999.0 -9999.0 -9999.0 -9999.0 -9999.0 -9999.0 -9999.0 -9999.0 -9999.0 -9999.0 -9999.0 -9999.0 -9999.0 -9999.0 -9999.0 -9999.0 -9999.0 -9999.0 -9999.0 -9999.0 -9999.0 -9999.0 -9999.0 -9999.0 -9999.0 -9999.0 -9999.0 -9999.0 -9999.0 -9999.0 -9999.0 -9999.0 -9999.0 -9999.0 -9999.0 -9999.0 -9999.0 -9999.0 -9999.0 -9999.0 -9999.0 -9999.0 -9999.0 -9999.0 -9999.0 -9999.0 -9999.0 -9999.0 -9999.0 -9999.0
-9999.0 -9999.0 -9999.0 -9999.0 -9999.0 -9999.0 -9999.0 -9999.0 -9999.0 -9999.0 -9999.0 -9999.0 -9999.0 -9999.0 -9999.0 -9999.0 -9999.0 -9999.0 -9999.0 -9999.0 -9999.0 -9999.0 -9999.0 -9999.0 -9999.0 -9999.0 -9999.0 -9999.0 -9999.0 -9999.0 -9999.0 -9999.0 -9999.0 -9999.0 -9999.0 -9999.0 -9999.0 -9999.0 -9999.0 -9999.0 -9999.0 -9999.0 -9999.0 -9999.0 -9999.0 -9999.0 -9999.0 -9999.0 -9999.0 -9999.0 -9999.0 -9999.0 -9999.0 -9999.0 -9999.0 -9999.0 -9999.0 -9999.0 -9999.0 -9999.0 -9999.0 -9999.0 -9999.0 -9999.0 -9999.0 -9999.0 -9999.0 -9999.0 -9999.0 -9999.0 -9999.0 -9999.0 -9999.0 -9999.0 -9999.0 -9999.0 -9999.0 -9999.0 -9999.0 -9999.0
-9999.0 -9999.0 -9999.0 -9999.0 -9999.0 -9999.0 -9999.0 -9999.0 -9999.0 -9999.0 -9999.0 -9999.0 -9999.0 -9999.0 -9999.0 -9999.0 -9999.0 -9999.0 -9999.0 -9999.0 339.778876 342.834743 320.868957 287.578366 260.087560 262.978769 298.670161 340.646781 379.494909 390.447668 373.419633 376.665118 373.548374 374.756861 379.045340 386.538946 390.733717 402.528151 411.103833 410.641586 404.241889 398.583364 397.992303 401.223218 406.402260 396.631089 410.584017 426.008068 431.562195 425.463188 396.654982 378.961666 368.525134 352.015455 375.275463 386.380462 408.190836 411.350484 408.905922 381.094816 350.516502 -9999.0 -9999.0 -9999.0 -9999.0 -9999.0 -9999.0 -9999.0 -9999.0 -9999.0 -9999.0 -9999.0 -9999.0 -9999.0 -9999.0 -9999.0 -9999.0 -9999.0 -9999.0 -9999.0
-9999.0 -9999.0 -9999.0 -9999.0 -9999.0 -9999.0 -9999.0 -9999.0 -9999.0 -9999.0 -9999.0 -9999.0 -9999.0 -9999.0 247.014762 237.514024 235.209968 244.451829 279.067651 310.027441 322.778203 315.841500 316.630962 294.117054 275.066939 290.512861 321.265721 353.709997 388.885488 410.186432 399.455864 399.005925 412.272626 442.523816 458.879482 457.672021 438.224882 461.852149 477.959045 486.575630 485.206833 476.251502 489.857625 505.825768 499.039677 481.901003 486.938725 499.440203 512.776156 496.933765 429.832912 405.609271 398.385598 389.333466 374.019937 366.175891 389.781448 388.744531 379.076156 360.004089 326.707948 282.082695 263.223353 301.248001 344.920810 402.177044 -9999.0 -9999.0 -9999.0 -9999.0 -9999.0 -9999.0 -9999.0 -9999.0 -9999.0 -9999.0 -9999.0 -9999.0 -9999.0 -9999.0
-9999.0 -9999.0 -9999.0 -9999.0 -9999.0 -9999.0 -9999.0 -9999.0 -9999.0 188.622673 192.908990 200.451580 202.934260 219.070775 217.523754 225.249373 233.638436 261.306987 293.878222 330.657916 360.787964 352.430481 354.376943 368.190797 377.398557 393.144566 416.378657 458.122727 500.464667 543.683220 517.838917 520.080191 547.812420 607.817188 648.995183 659.375946 642.692686 649.960809 674.914657 696.749880 694.378084 691.288813 715.448228 728.893632 732.088337 713.355849 700.817476 702.316515 728.568842 675.061253 603.818129 539.694892 532.163152 495.974800 453.404309 429.755337 423.870101 441.356574 423.041757 383.497612 345.449057 333.728603 315.281749 330.819374 352.341722 398.238212 436.385574 464.234316 463.460002 445.569272 -9999.0 -9999.0 -9999.0 -9999.0 -9999.0 -9999.0 -9999.0 -9999.0 -9999.0 -9999.0
-9999.0 -9999.0 -9999.0 -9999.0 -9999.0 -9999.0 109.677858 119.041641 139.307788 144.705214 169.894661 177.868000 199.041710 219.192689 241.373678 259.654010 291.868296 326.814087 371.467850 419.669411 455.238462 452.843268 466.347996 506.422088 562.451709 602.501002 630.596563 670.944828 748.804947 795.414705 811.324021 826.142192 857.624861 935.523708 1006.795121 1023.729196 1007.099415 994.228342 1010.151014 1038.872788 1040.924146 1039.450930 1046.118418 1053.086717 1076.906970 1071.541868 1040.536391 1031.506360 1030.888492 1017.477858 953.236411 860.209104 794.706123 733.822655 647.942905 588.023980 583.986789 588.446187 549.094356 490.148795 444.854044 430.406726 411.406436 394.679862 398.228338 415.578688 436.876168 446.802031 432.955283 411.230924 387.634206 358.051235 359.048732 383.854476 -9999.0 -9999.0 -9999.0 -9999.0 -9999.0 -9999.0
-9999.0 -9999.0 -9999.0 -9999.0 59.640643 72.559535 60.970068 85.627347 118.375350 152.549176 185.514251 223.732851 252.152088 283.898855 327.951947 368.585914 415.175835 455.408213 519.918555 603.970233 664.105610 692.893454 713.179258 791.091028 899.895938 970.188871 991.688832 1012.677310 1044.574096 1094.640719 1118.281174 1127.312537 1151.026595 1190.846661 1233.977884 1263.239746 1249.310342 1244.107003 1247.768503 1254.584143 1274.009367 1273.173688 1273.778451 1274.849862 1278.242419 1280.024049 1262.776240 1237.730012 1229.427501 1223.108552 1197.604998 1128.209643 1084.559884 1057.549628 1032.504556 986.426496 908.755239 852.097862 771.805768 706.542326 637.216693 604.117520 558.503345 524.365106 488.653097 484.183152 483.115220 459.955804 426.327646 392.521708 376.115825 356.084569 344.397853 373.373694 390.284805 420.464840 -9999.0 -9999.0 -9999.0 -9999.0
-9999.0 -9999.0 0.490145 50.263346 107.219415 116.763295 119.226771 125.484442 153.892439 206.345616 285.684980 340.727197 387.307886 423.389643 491.202149 587.113314 668.717785 726.238189 807.656363 918.690157 992.958087 1024.969298 1039.565697 1078.449928 1139.573301 1198.059742 1219.555239 1238.147005 1258.968974 1283.689764 1298.137959 1313.175919 1322.761176 1325.276365 1328.581953 1327.880423 1324.765346 1321.383406 1305.037561 1301.772583 1307.506923 1310.416959 1312.718385 1300.682492 1297.219094 1310.548120 1315.255465 1318.385473 1322.138870 1331.070265 1336.514401 1300.573190 1259.474525 1248.074353 1243.532188 1206.999278 1148.774927 1101.447799 1077.795700 1041.854158 971.506458 903.965062 807.657500 738.821948 673.184218 624.012797 566.687390 517.835485 467.095015 418.223799 392.100811 371.289330 366.720344 365.099730 379.770176 394.267764 408.914664 416.343873 -9999.0 -9999.0
-9999.0 -100.486613 -27.604097 100.244111 181.177747 228.649238 268.923527 297.635284 325.342902 347.740724 459.865213 569.018645 664.363320 704.827127 774.516601 910.081982 1010.965808 1055.532375 1095.847870 1156.567584 1211.489228 1249.671989 1271.573079 1290.517500 1322.751206 1330.226840 1330.321104 1330.665928 1323.548819 1314.777131 1304.957442 1312.159912 1311.314359 1296.342166 1282.243987 1277.814966 1271.139979 1250.920877 1228.562743 1217.753377 1220.945085 1240.846714 1231.219377 1214.097569 1211.105521 1229.130920 1245.475703 1240.219212 1233.566502 1252.891530 1283.415397 1300.234498 1311.727469 1326.693061 1346.413007 1322.267191 1293.391732 1256.580877 1241.857464 1221.293694 1176.779240 1122.391003 1065.380818 1006.552849 927.728366 812.550825 725.973707 648.502453 571.201972 524.349911 487.497036 430.076950 402.691354 399.835710 387.877697 383.327421 388.363749 394.233985 -9999.0 -9999.0
-9999.0 -176.010945 -32.330217 154.668666 306.247068 375.866763 501.559470 588.509278 616.224417 594.200234 712.986397 963.035478 1059.111564 1074.091373 1141.542436 1228.122007 1258.348327 1288.597481 1310.223049 1316.337306 1319.319156 1324.005023 1319.279492 1312.306405 1299.383869 1293.372925 1293.905715 1293.220338 1279.217749 1262.856991 1245.655249 1242.224451 1228.865209 1194.805427 1164.971588 1141.771920 1116.795747 1095.981043 1067.259957 1045.426679 1033.811165 1050.354087 1043.445045 1028.805123 1025.416004 1044.909048 1074.680609 1072.998700 1087.584715 1121.744409 1162.552267 1194.917839 1212.072685 1237.036393 1267.539812 1303.176452 1316.979953 1336.612800 1341.118931 1322.209192 1286.738418 1246.168092 1221.662016 1174.324007 1112.680197 1032.699957 959.576276 866.383341 771.414708 711.851809 650.857741 573.985007 504.342653 466.321036 420.883375 397.274767 -9999.0 -9999.0 -9999.0 -9999.0
-9999.0 -247.544117 -56.492197 209.055931 484.646170 632.174311 883.016450 1015.693190 1065.933063 1123.736133 1128.038876 1253.944022 1283.696631 1276.633131 1268.630268 1273.456251 1289.394763 1294.211145 1292.021498 1284.812790 1277.572772 1272.197583 1268.101002 1259.982242 1249.316721 1237.622547 1228.769326 1221.536167 1192.190062 1161.737489 1120.383979 1100.691935 1066.501680 984.963328 939.407558 882.173521 787.836023 768.584309 756.501874 726.200926 706.643918 688.933555 709.198364 711.761410 713.373451 719.286709 740.134633 768.224077 831.225487 910.873881 972.694755 1024.212015 1056.931915 1102.787135 1151.146760 1199.252211 1223.406124 1247.694947 1286.809783 1321.387918 1343.773220 1336.435797 1312.769513 1280.166234 1226.956721 1176.163801 1138.866003 1073.171322 1014.703744 963.680050 898.158407 791.445779 694.239389 565.772525 512.188234 -9999.0 -9999.0 -9999.0 -9999.0 -9999.0
-9999.0 -413.373847 -144.222965 152.663440 491.389383 859.921435 1002.664425 1140.902166 1208.538465 1167.891624 1167.309891 1186.555268 1221.186516 1226.966506 1211.575907 1208.902346 1202.869770 1204.467229 1218.040085 1196.254573 1169.030514 1149.597113 1140.667002 1124.090726 1099.501054 1083.284902 1073.337006 1057.947532 1015.241684 957.896926 844.213279 795.114185 709.590152 644.909712 594.644201 535.922307 473.433357 467.136371 481.691468 465.185729 442.696795 424.112081 450.262237 466.963284 478.652315 468.714327 478.971852 517.445296 573.846449 630.413057 690.029456 751.564879 810.135215 888.168069 952.775003 1010.678093 1054.636585 1100.218629 1172.859040 1241.598069 1271.804011 1301.522877 1334.950339 1353.373083 1310.843897 1272.028022 1237.471678 1196.541423 1136.362826 1108.141402 1083.347145 1023.907831 959.500414 -9999.0 -9999.0 -9999.0 -9999.0 -9999.0 -9999.0 -9999.0
-9999.0 -544.531057 -317.381718 -74.464452 225.698153 478.872803 683.125555 838.039401 928.646366 954.318635 981.771939 1009.125467 1034.604661 1054.475232 1036.866157 1006.803536 984.690814 989.991772 988.252998 964.649534 928.563802 891.111891 866.555959 843.866556 805.033162 782.795150 768.608012 743.501568 705.912971 645.014760 552.252581 474.293828 408.208247 371.691339 339.169267 302.927338 262.393038 271.423680 284.776777 280.330527 268.531858 264.653214 294.317219 313.159749 323.397587 311.035937 330.301425 358.427738 402.561054 448.464482 500.325827 558.220469 616.675818 656.945501 684.219220 719.565696 769.834799 848.940831 970.903196 1074.322475 1155.156159 1200.240571 1245.008384 1276.049600 1289.509112 1308.512166 1292.738180 1225.886239 1124.536403 1156.557467 1170.461337 -9999.0 -9999.0 -9999.0 -9999.0 -9999.0 -9999.0 -9999.0 -9999.0 -9999.0
-9999.0 -9999.0 -554.095135 -368.317908 -214.916731 -27.124866 129.383441 247.213955 334.320719 438.845705 538.820664 617.579693 659.076448 675.947078 660.993421 625.640031 602.860211 603.109010 592.970159 578.372261 550.774744 533.783804 516.497655 503.274334 486.944275 477.763880 471.006801 458.628423 434.839942 385.751231 330.943188 276.133139 220.178754 193.782344 170.843503 147.545032 143.907411 141.023205 147.328823 148.583132 154.421831 166.470766 187.128244 208.766811 218.365082 226.079939 238.865811 263.072249 297.148020 339.898291 394.216904 452.040757 492.760629 508.179786 502.594947 511.925693 538.762690 593.313927 695.466270 806.800606 945.903884 1031.064463 1106.953944 1166.744940 1186.287471 1202.821921 1220.255372 1152.960694 785.722077 1069.535990 -9999.0 -9999.0 -9999.0 -9999.0 -9999.0 -9999.0 -9999.0 -9999.0 -9999.0 -9999.0
-9999.0 -9999.0 -9999.0 -9999.0 -512.688855 -355.370392 -259.001001 -174.281377 -47.720449 67.413519 164.329363 243.898797 300.298702 325.169862 316.631511 314.975833 308.037201 303.338370 293.719220 288.489121 282.360245 272.128202 257.635007 248.418798 246.942005 250.092493 247.410702 233.752613 216.783428 190.361031 166.502377 130.596037 93.115706 63.411435 49.960875 43.105303 42.997915 36.972318 46.261073 52.933264 67.970532 83.442768 107.497551 136.088084 149.063842 163.472687 173.308560 194.271131 224.752121 278.231460 341.481777 398.577628 433.622632 438.249058 413.562390 398.972782 397.609835 429.577639 483.113886 563.490809 683.929926 775.217333 866.414756 957.960033 1007.886087 1058.197755 1127.048652 1157.690597 -9999.0 -9999.0 -9999.0 -9999.0 -9999.0 -9999.0 -9999.0 -9999.0 -9999.0 -9999.0 -9999.0 -9999.0
-9999.0 -9999.0 -9999.0 -9999.0 -9999.0 -9999.0 -565.218879 -468.486435 -382.650408 -253.479816 -133.395874 -37.478571 39.176432 66.601466 87.076459 111.049374 107.256305 89.525296 71.707383 88.402661 98.431741 92.218169 62.969436 61.111577 64.564056 73.382280 71.770115 65.455052 40.382362 49.260563 48.119716 24.658817 -1.678228 -16.109298 -27.861841 -18.066153 -17.453133 -30.281163 -28.340690 -2.033711 17.880019 31.322816 53.741293 86.993215 119.118335 133.669155 134.781208 141.073068 182.347461 252.835951 323.789850 378.008533 409.453299 417.205556 389.307209 348.871832 328.280194 336.608861 374.247635 432.427662 516.642785 575.980167 620.552302 659.103752 695.031340 793.746195 -9999.0 -9999.0 -9999.0 -9999.0 -9999.0 -9999.0 -9999.0 -9999.0 -9999.0 -9999.0 -9999.0 -9999.0 -9999.0 -9999.0
-9999.0 -9999.0 -9999.0 -9999.0 -9999.0 -9999.0 -9999.0 -9999.0 -9999.0 -9999.0 -9999.0 -9999.0 -9999.0 -9999.0 -9999.0 -9999.0 -9999.0 -9999.0 -9999.0 -9999.0 -9999.0 -9999.0 -9999.0 -9999.0 -9999.0 -9999.0 -9999.0 -9999.0 -9999.0 -9999.0 -9999.0 -9999.0 -9999.0 -9999.0 -9999.0 -9999.0 -9999.0 -9999.0 -9999.0 -9999.0 -9999.0 -9999.0 -9999.0 -9999.0 -9999.0 -9999.0 -9999.0 -9999.0 -9999.0 -9999.0 -9999.0 -9999.0 -9999.0 -9999.0 -9999.0 -9999.0 -9999.0 -9999.0 -9999.0 -9999.0 -9999.0 -9999.0 -9999.0 -9999.0 -9999.0 -9999.0 -9999.0 -9999.0 -9999.0 -9999.0 -9999.0 -9999.0 -9999.0 -9999.0 -9999.0 -9999.0 -9999.0 -9999.0 -9999.0 -9999.0
-9999.0 -9999.0 -9999.0 -9999.0 -9999.0 -9999.0 -9999.0 -9999.0 -9999.0 -9999.0 -9999.0 -9999.0 -9999.0 -9999.0 -9999.0 -9999.0 -9999.0 -9999.0 -9999.0 -9999.0 -9999.0 -9999.0 -9999.0 -9999.0 -9999.0 -9999.0 -9999.0 -9999.0 -9999.0 -9999.0 -9999.0 -9999.0 -9999.0 -9999.0 -9999.0 -9999.0 -9999.0 -9999.0 -9999.0 -9999.0 -9999.0 -9999.0 -9999.0 -9999.0 -9999.0 -9999.0 -9999.0 -9999.0 -9999.0 -9999.0 -9999.0 -9999.0 -9999.0 -9999.0 -9999.0 -9999.0 -9999.0 -9999.0 -9999.0 -9999.0 -9999.0 -9999.0 -9999.0 -9999.0 -9999.0 -9999.0 -9999.0 -9999.0 -9999.0 -9999.0 -9999.0 -9999.0 -9999.0 -9999.0 -9999.0 -9999.0 -9999.0 -9999.0 -9999.0 -9999.0