Borden_/Borden1m_014/output_maps/psiliqL0024N0032.asc
ncols         80
nrows         18
xllcorner     620200.000000
yllcorner     5168000.000000
cellsize      1.000000
NODATA_value  -9999.0
-9999.0 -9999.0 -9999.0 -9999.0 -9999.0 -9999.0 -9999.0 -9999.0 -9999.0 -9999.0 -9999.0 -9999.0 -9999.0 -9999.0 -9999.0 -9999.0 -9999.0 -9999.0 -9999.0 -9999.0 -9999.0 -9999.0 -9999.0 -9999.0 -9999.0 -9999.0 -9999.0 -9999.0 -9999.0 -9999.0 -9999.0 -9999.0 -9999.0 -9999.0 -9999.0 -9999.0 -9999.0 -9999.0 -9999.0 -9999.0 -9999.0 -9999.0 -9999.0 -9999.0 -9999.0 -9999.0 -9999.0 -9999.0 -9999.0 -9999.0 -9999.0 -9999.0 -9999.0 -9999.0 -9999.0 -9999.0 -9999.0 -9999.0 -9999.0 -9999.0 -9999.0 -9999.0 -9999.0 -9999.0 -9999.0 -9999.0 -9999.0 -9999.0 -9999.0 -9999.0 -9999.0 -9999.0 -9999.0 -9999.0 -9999.0 -9999.0 -9999.0 -9999.0 -9999.0 -9999.0
-9999.0 -9999.0 -9999.0 -9999.0 -9999.0 -9999.0 -9999.0 -9999.0 -9999.0 -9999.0 -9999.0 -9999.0 -9999.0 -9999.0 -9999.0 -9999.0 -9999.0 -9999.0 -9999.0 -9999.0 -9999.0 -9999.0 -9999.0 -9999.0 -9999.0 -9999.0 -9999.0 -9999.0 -9999.0 -9999.0 -9999.0 -9999.0 -9999.0 -9999.0 -9999.0 -9999.0 -9999.0 -9999.0 -9999.0 -9999.0 -9999.0 -9999.0 -9999.0 -9999.0 -9999.0 -9999.0 -9999.0 -9999.0 -9999.0 -9999.0 -9999.0 -9999.0 -9999.0 -9999.0 -9999.0 -9999.0 -9999.0 -9999.0 -9999.0 -9999.0 -9999.0 -9999.0 -9999.0 -9999.0 -9999.0 -9999.0 -9999.0 -9999.0 -9999.0 -9999.0 -9999.0 -9999.0 -9999.0 -9999.0 -9999.0 -9999.0 -9999.0 -9999.0 -9999.0 -9999.0
-9999.0 -9999.0 -9999.0 -9999.0 -9999.0 -9999.0 -9999.0 -9999.0 -9999.0 -9999.0 -9999.0 -9999.0 -9999.0 -9999.0 -9999.0 -9999.0 -9999.0 -9999.0 -9999.0 -9999.0 2932.876088 2934.251109 2912.757633 2879.031111 2851.179086 2853.397388 2886.857138 2927.769329 2966.723933 2974.782038 2956.215588 2960.136018 2955.969222 2951.974818 2952.745116 2960.571090 2967.302494 2977.044990 2984.264741 2982.335945 2975.283580 2970.336310 2972.561281 2974.359140 2980.426205 2966.467863 2981.909323 2982.999123 2987.744108 2985.053737 2974.159910 2961.339584 2952.704606 2936.667199 2962.443795 2973.720121 2988.199103 2992.852912 2991.249539 2971.358996 2941.317678 -9999.0 -9999.0 -9999.0 -9999.0 -9999.0 -9999.0 -9999.0 -9999.0 -9999.0 -9999.0 -9999.0 -9999.0 -9999.0 -9999.0 -9999.0 -9999.0 -9999.0 -9999.0 -9999.0
-9999.0 -9999.0 -9999.0 -9999.0 -9999.0 -9999.0 -9999.0 -9999.0 -9999.0 -9999.0 -9999.0 -9999.0 -9999.0 -9999.0 2841.814005 2833.095450 2830.465726 2838.156925 2870.975500 2901.318917 2913.002729 2905.706334 2905.732955 2881.424001 2859.205558 2872.273419 2901.861446 2932.188886 2965.697002 2983.562342 2972.749076 2970.499245 2977.989531 2983.910472 2992.103290 2988.617391 2986.502971 2994.510614 3007.572187 3012.239561 3010.184235 3000.353451 3009.476589 3023.543785 3016.511444 3001.184666 3011.528479 3026.093363 3037.311191 3028.962124 2985.443161 2972.135416 2968.441768 2963.740472 2950.350258 2946.236094 2973.891338 2972.911708 2965.295849 2948.078085 2914.914980 2869.939989 2851.043544 2891.221715 2934.760961 2985.814311 -9999.0 -9999.0 -9999.0 -9999.0 -9999.0 -9999.0 -9999.0 -9999.0 -9999.0 -9999.0 -9999.0 -9999.0 -9999.0 -9999.0
-9999.0 -9999.0 -9999.0 -9999.0 -9999.0 -9999.0 -9999.0 -9999.0 -9999.0 2799.160784 2789.770540 2796.772512 2799.181218 2814.537081 2811.473726 2818.541992 2823.177834 2850.499059 2880.265770 2914.005373 2940.908103 2932.166273 2930.838941 2935.715829 2931.666768 2940.293597 2960.852656 2983.732360 3015.015505 3050.226645 3016.937355 3012.049933 3029.401613 3070.848356 3094.840928 3097.207568 3078.773616 3093.958106 3117.290162 3133.391270 3129.914081 3124.122498 3149.505762 3164.324313 3159.225348 3138.222094 3135.901832 3142.755548 3171.674024 3121.580886 3056.721499 3017.577935 3032.558950 3011.199157 2984.678433 2986.527047 2986.607439 2995.040970 2983.471475 2959.686468 2926.455015 2914.819514 2897.798504 2918.084930 2941.069660 2981.288357 3021.298888 3051.299779 3051.144920 3034.126255 -9999.0 -9999.0 -9999.0 -9999.0 -9999.0 -9999.0 -9999.0 -9999.0 -9999.0 -9999.0
-9999.0 -9999.0 -9999.0 -9999.0 -9999.0 -9999.0 2717.391632 2729.200435 2751.812697 2756.388323 2784.877748 2792.186542 2790.387789 2807.783405 2829.540442 2842.963123 2868.753657 2899.086192 2935.325393 2973.553339 2989.281007 2991.362048 2982.948928 3002.718101 3030.255587 3049.797761 3071.950687 3108.797089 3176.761040 3212.648272 3206.528454 3207.418548 3215.538362 3265.265852 3328.838901 3340.140188 3319.613934 3306.334139 3329.201572 3365.995262 3364.726409 3363.577771 3375.438917 3385.925820 3412.608774 3402.264895 3367.040633 3360.875529 3366.636826 3345.257837 3278.176144 3221.059989 3201.375858 3159.156870 3077.386644 3034.073687 3056.002428 3082.998747 3061.158043 3012.480369 2992.458814 2986.187998 2974.293193 2966.243913 2977.641578 2992.349224 3016.624254 3030.680662 3019.174774 2998.841521 2980.654524 2952.230826 2954.520063 2979.358904 -9999.0 -9999.0 -9999.0 -9999.0 -9999.0 -9999.0
-9999.0 -9999.0 -9999.0 -9999.0 2665.105293 2679.488639 2667.085117 2695.489198 2730.292930 2766.726130 2797.023171 2806.298846 2829.635590 2856.873473 2890.649870 2914.407084 2947.851805 2978.107560 3011.136391 3071.966359 3116.009089 3130.088234 3138.340007 3185.537855 3241.368010 3288.371758 3306.744821 3332.069913 3375.874348 3431.816793 3454.145273 3457.180166 3474.021674 3515.977605 3570.762658 3605.372850 3587.965791 3579.193107 3588.633119 3602.368027 3624.493225 3624.582539 3625.674605 3629.501876 3636.735036 3635.256329 3609.325387 3576.214872 3563.456795 3553.669196 3517.180049 3446.144629 3415.415329 3387.350102 3347.570448 3294.545513 3245.715239 3245.431072 3191.823540 3141.308228 3090.986349 3082.020421 3061.267704 3044.996406 3027.042387 3038.568385 3050.049584 3034.965834 3005.430844 2980.958722 2967.445671 2949.350458 2937.795021 2968.513657 2984.265485 3013.948157 -9999.0 -9999.0 -9999.0 -9999.0
-9999.0 -9999.0 2602.798816 2649.875459 2708.909408 2717.797442 2715.197390 2721.932385 2752.428072 2805.886071 2843.489880 2881.348700 2912.034960 2942.692660 2980.080935 3042.707601 3102.721828 3144.636574 3197.936378 3266.035499 3324.522300 3351.341993 3360.396791 3394.769036 3448.491255 3515.926034 3543.335954 3569.298903 3600.254701 3635.768171 3630.266453 3641.354461 3653.202350 3664.583317 3678.272308 3684.716089 3680.084497 3675.534889 3657.114244 3652.163045 3658.692919 3666.262856 3665.600445 3651.109075 3647.150334 3661.956547 3667.877817 3666.005020 3663.553475 3668.738128 3665.356555 3618.457941 3598.291167 3583.479390 3572.561381 3527.079067 3461.301147 3428.475768 3407.836938 3368.408143 3295.727395 3257.513434 3218.025151 3183.085190 3148.078583 3133.701266 3100.539002 3068.134232 3029.243147 2988.559958 2974.343497 2959.087613 2958.043449 2958.049602 2975.263680 2988.982481 3004.898664 3012.974416 -9999.0 -9999.0
-9999.0 2493.188359 2564.977029 2688.846889 2769.072619 2795.745897 2807.687772 2813.638191 2839.382881 2871.072994 2959.216937 3000.063676 3082.023318 3117.860119 3158.340637 3244.155624 3336.497505 3378.236479 3415.864746 3477.500905 3541.591200 3587.844115 3613.773111 3596.998104 3635.215287 3662.115943 3669.306220 3675.639588 3674.963397 3666.519909 3659.746363 3666.520476 3663.692584 3644.784800 3628.968637 3627.316699 3623.975510 3600.899503 3573.628496 3558.444540 3560.118853 3584.708424 3571.865328 3550.617575 3546.249813 3567.717756 3588.561636 3578.032491 3565.040862 3581.463527 3615.703271 3639.830789 3642.183525 3660.375557 3681.410615 3652.909049 3630.665187 3587.588226 3571.011734 3545.827426 3489.776804 3435.123054 3387.503380 3339.657246 3287.315630 3237.896123 3190.417437 3145.673238 3092.068645 3059.108070 3034.613456 2991.396463 2982.343022 2984.207346 2981.340041 2979.349703 2984.238312 2990.826693 -9999.0 -9999.0
-9999.0 2399.269432 2539.184761 2719.333437 2853.016184 2895.770147 2962.882688 3011.431267 3025.391141 2987.766983 3072.564240 3283.199453 3399.055319 3414.953844 3488.389951 3580.681498 3567.932939 3598.462248 3620.842963 3643.727754 3662.181932 3675.468799 3673.480867 3668.019358 3651.733351 3643.775473 3642.950845 3640.912685 3623.751379 3605.008706 3588.366348 3585.442901 3568.001012 3519.895052 3487.193510 3470.302392 3452.457750 3438.713185 3411.156808 3385.572147 3370.291876 3381.083128 3378.522226 3365.116500 3360.687684 3378.576290 3409.346007 3406.621077 3417.264982 3436.618152 3471.930698 3509.374902 3528.430232 3557.157710 3592.364386 3639.265392 3648.831300 3671.043722 3674.242532 3662.625994 3616.947428 3566.171944 3537.099321 3482.387908 3423.006625 3362.010957 3313.617381 3269.194813 3214.489751 3180.313907 3142.717155 3089.199380 3045.411564 3036.189163 3002.500083 2988.806818 -9999.0 -9999.0 -9999.0 -9999.0
-9999.0 2300.544831 2481.514110 2724.399423 2999.770433 3074.236924 3270.821441 3382.975114 3421.732861 3487.320057 3381.796069 3576.155530 3625.065144 3619.063991 3631.184895 3633.781723 3647.623002 3647.203011 3642.144348 3631.289761 3621.923827 3617.523646 3616.393762 3608.523520 3595.997998 3581.495161 3569.802886 3558.633509 3522.566162 3491.118718 3453.102351 3440.976839 3398.227310 3308.107113 3269.565578 3232.242233 3173.252640 3175.147349 3180.994940 3160.569732 3141.495941 3114.751426 3143.067583 3152.633185 3156.406667 3152.860298 3163.244083 3186.893337 3233.186559 3266.849355 3305.447475 3352.702627 3381.980752 3420.700108 3460.514683 3512.323558 3542.883552 3571.443185 3619.323825 3656.099346 3678.616863 3665.163739 3645.741944 3602.159514 3542.516976 3493.538628 3465.145535 3415.478576 3372.718629 3329.222730 3283.042242 3230.552307 3170.936335 3115.555123 3081.220757 -9999.0 -9999.0 -9999.0 -9999.0 -9999.0
-9999.0 2084.215604 2348.734276 2618.744563 2887.150322 3216.973873 3377.687014 3473.388861 3535.059053 3513.634124 3532.875293 3540.250438 3576.777316 3583.386507 3561.937259 3548.662536 3531.833915 3530.745636 3543.738426 3516.793935 3487.062438 3474.005503 3474.847147 3464.144920 3440.666508 3425.792901 3416.490091 3398.506999 3356.298144 3307.096244 3224.715120 3192.407846 3119.032563 3078.921074 3042.298534 2996.157965 2966.430935 2971.003565 2980.957544 2985.001572 2964.404143 2947.316960 2976.186817 2983.178771 2995.928409 2980.329770 2987.018537 3020.909864 3066.958934 3106.763972 3150.300322 3194.480117 3235.405512 3274.538530 3296.065173 3335.905861 3376.849391 3417.869617 3487.123849 3564.010613 3598.886328 3632.866033 3662.431544 3684.011681 3641.583677 3614.709295 3591.486395 3568.682187 3523.171875 3478.209787 3437.710976 3374.216933 3315.001981 -9999.0 -9999.0 -9999.0 -9999.0 -9999.0 -9999.0 -9999.0
-9999.0 1969.850627 2167.013850 2364.373641 2620.610828 2835.300970 3042.503555 3133.110368 3200.135357 3263.942681 3313.812735 3349.784493 3375.044648 3396.130201 3373.432147 3329.102949 3297.523993 3302.316808 3294.251706 3273.053051 3245.498699 3232.647230 3230.548089 3225.800030 3204.601246 3194.261782 3187.576927 3173.067186 3147.493384 3095.569483 3024.520273 2967.343101 2913.672492 2892.549341 2869.041822 2841.506938 2814.113633 2826.966691 2839.218209 2839.307880 2832.448476 2832.322721 2861.331134 2880.405100 2889.990804 2879.130358 2897.541091 2921.241948 2958.803363 2986.722118 3030.833655 3080.232419 3128.170495 3148.604825 3151.577941 3164.159120 3188.453010 3231.546085 3307.427066 3391.963859 3467.624142 3512.229865 3562.319677 3601.480832 3628.754129 3655.133157 3676.336203 3668.487226 3643.302568 3610.435199 3552.808949 -9999.0 -9999.0 -9999.0 -9999.0 -9999.0 -9999.0 -9999.0 -9999.0 -9999.0
-9999.0 -9999.0 1940.234128 2096.436664 2199.821232 2365.129634 2510.068507 2620.115474 2723.743634 2827.599558 2946.679941 3023.310384 3068.256660 3083.266609 3069.254343 3040.291792 3022.574444 3022.273182 3010.934833 3004.165288 2989.310805 2984.179500 2989.581484 2982.154726 2977.231690 2975.959379 2973.439080 2965.423211 2948.296001 2906.494976 2868.221081 2824.007807 2810.098821 2786.308043 2766.041103 2747.082795 2749.369796 2743.718155 2748.471166 2750.876890 2759.930523 2773.809881 2793.311182 2793.564699 2803.029260 2813.035772 2824.156606 2846.073034 2876.234673 2916.268110 2967.777950 3012.701240 3047.920520 3054.705775 3037.269062 3032.864992 3041.665722 3071.234241 3135.185781 3200.498863 3288.633021 3353.053814 3418.798757 3473.919574 3500.063397 3536.412818 3605.336922 3653.267768 3694.186275 3671.872349 -9999.0 -9999.0 -9999.0 -9999.0 -9999.0 -9999.0 -9999.0 -9999.0 -9999.0 -9999.0
-9999.0 -9999.0 -9999.0 -9999.0 1957.126542 2105.431019 2203.239927 2283.967425 2418.295576 2548.983481 2656.976499 2745.626171 2815.616759 2802.583105 2802.623832 2817.930147 2816.633172 2807.982232 2797.305825 2801.320615 2805.369435 2799.613252 2826.972759 2820.201194 2823.102806 2829.905027 2827.303739 2813.644348 2794.763631 2778.216289 2763.078214 2731.091407 2698.277650 2669.999888 2657.373156 2653.505690 2653.221893 2645.168503 2653.318194 2661.903779 2677.670840 2692.780719 2716.278903 2745.461556 2760.332277 2775.589048 2785.128302 2804.847164 2813.631256 2864.924418 2926.784759 2983.058582 3008.653254 3008.952628 2991.316749 2971.002548 2960.451708 2979.898008 2994.990169 3046.431673 3135.454077 3193.425998 3239.172735 3278.338906 3314.516055 3377.844446 3470.540962 3550.818101 -9999.0 -9999.0 -9999.0 -9999.0 -9999.0 -9999.0 -9999.0 -9999.0 -9999.0 -9999.0 -9999.0 -9999.0
-9999.0 -9999.0 -9999.0 -9999.0 -9999.0 -9999.0 1931.844648 2037.485830 2107.297700 2259.462602 2404.243795 2513.017439 2597.914895 2634.620489 2669.188119 2700.199550 2701.013208 2681.213775 2659.698620 2680.893911 2699.115083 2692.554406 2660.835555 2661.865123 2668.316838 2675.896205 2673.069126 2666.755971 2641.777242 2657.381114 2660.929254 2638.070001 2612.670444 2599.727864 2588.155137 2597.877842 2597.829167 2583.346568 2582.336186 2609.999792 2630.930836 2643.809163 2664.937624 2698.208233 2730.962362 2747.053535 2748.658150 2754.338899 2792.145849 2841.518095 2912.262348 2967.143887 2990.852334 2995.476957 2974.465758 2930.855513 2906.167365 2906.956658 2933.301913 2975.055207 3019.083770 3055.494082 3067.660967 3069.908340 3082.744575 3176.009713 -9999.0 -9999.0 -9999.0 -9999.0 -9999.0 -9999.0 -9999.0 -9999.0 -9999.0 -9999.0 -9999.0 -9999.0 -9999.0 -9999.0
-9999.0 -9999.0 -9999.0 -9999.0 -9999.0 -9999.0 -9999.0 -9999.0 -9999.0 -9999.0 -9999.0 -9999.0 -9999.0 -9999.0 -9999.0 -9999.0 -9999.0 -9999.0 -9999.0 -9999.0 -9999.0 -9999.0 -9999.0 -9999.0 -9999.0 -9999.0 -9999.0 -9999.0 -9999.0 -9999.0 -9999.0 -9999.0 -9999.0 -9999.0 -9999.0 -9999.0 -9999.0 -9999.0 -9999.0 -9999.0 -9999.0 -9999.0 -9999.0 -9999.0 -9999.0 -9999.0 -9999.0 -9999.0 -9999.0 -9999.0 -9999.0 -9999.0 -9999.0 -9999.0 -9999.0 -9999.0 -9999.0 -9999.0 -9999.0 -9999.0 -9999.0 -9999.0 -9999.0 -9999.0 -9999.0 -9999.0 -9999.0 -9999.0 -9999.0 -9999.0 -9999.0 -9999.0 -9999.0 -9999.0 -9999.0 -9999.0 -9999.0 -9999.0 -9999.0 -9999.0
-9999.0 -9999.0 -9999.0 -9999.0 -9999.0 -9999.0 -9999.0 -9999.0 -9999.0 -9999.0 -9999.0 -9999.0 -9999.0 -9999.0 -9999.0 -9999.0 -9999.0 -9999.0 -9999.0 -9999.0 -9999.0 -9999.0 -9999.0 -9999.0 -9999.0 -9999.0 -9999.0 -9999.0 -9999.0 -9999.0 -9999.0 -9999.0 -9999.0 -9999.0 -9999.0 -9999.0 -9999.0 -9999.0 -9999.0 -9999.0 -9999.0 -9999.0 -9999.0 -9999.0 -9999.0 -9999.0 -9999.0 -9999.0 -9999.0 -9999.0 -9999.0 -9999.0 -9999.0 -9999.0 -9999.0 -9999.0 -9999.0 -9999.0 -9999.0 -9999.0 -9999.0 -9999.0 -9999.0 -9999.0 -9999.0 -9999.0 -9999.0 -9999.0 -9999.0 -9999.0 -9999.0 -9999.0 -9999.0 -9999.0 -9999.0 -9999.0 -9999.0 -9999.0 -9999.0 -9999.0