Borden_/Borden1m_014/output_maps/psiliqL0023N0038.asc
ncols         80
nrows         18
xllcorner     620200.000000
yllcorner     5168000.000000
cellsize      1.000000
NODATA_value  -9999.0
-9999.0 -9999.0 -9999.0 -9999.0 -9999.0 -9999.0 -9999.0 -9999.0 -9999.0 -9999.0 -9999.0 -9999.0 -9999.0 -9999.0 -9999.0 -9999.0 -9999.0 -9999.0 -9999.0 -9999.0 -9999.0 -9999.0 -9999.0 -9999.0 -9999.0 -9999.0 -9999.0 -9999.0 -9999.0 -9999.0 -9999.0 -9999.0 -9999.0 -9999.0 -9999.0 -9999.0 -9999.0 -9999.0 -9999.0 -9999.0 -9999.0 -9999.0 -9999.0 -9999.0 -9999.0 -9999.0 -9999.0 -9999.0 -9999.0 -9999.0 -9999.0 -9999.0 -9999.0 -9999.0 -9999.0 -9999.0 -9999.0 -9999.0 -9999.0 -9999.0 -9999.0 -9999.0 -9999.0 -9999.0 -9999.0 -9999.0 -9999.0 -9999.0 -9999.0 -9999.0 -9999.0 -9999.0 -9999.0 -9999.0 -9999.0 -9999.0 -9999.0 -9999.0 -9999.0 -9999.0
-9999.0 -9999.0 -9999.0 -9999.0 -9999.0 -9999.0 -9999.0 -9999.0 -9999.0 -9999.0 -9999.0 -9999.0 -9999.0 -9999.0 -9999.0 -9999.0 -9999.0 -9999.0 -9999.0 -9999.0 -9999.0 -9999.0 -9999.0 -9999.0 -9999.0 -9999.0 -9999.0 -9999.0 -9999.0 -9999.0 -9999.0 -9999.0 -9999.0 -9999.0 -9999.0 -9999.0 -9999.0 -9999.0 -9999.0 -9999.0 -9999.0 -9999.0 -9999.0 -9999.0 -9999.0 -9999.0 -9999.0 -9999.0 -9999.0 -9999.0 -9999.0 -9999.0 -9999.0 -9999.0 -9999.0 -9999.0 -9999.0 -9999.0 -9999.0 -9999.0 -9999.0 -9999.0 -9999.0 -9999.0 -9999.0 -9999.0 -9999.0 -9999.0 -9999.0 -9999.0 -9999.0 -9999.0 -9999.0 -9999.0 -9999.0 -9999.0 -9999.0 -9999.0 -9999.0 -9999.0
-9999.0 -9999.0 -9999.0 -9999.0 -9999.0 -9999.0 -9999.0 -9999.0 -9999.0 -9999.0 -9999.0 -9999.0 -9999.0 -9999.0 -9999.0 -9999.0 -9999.0 -9999.0 -9999.0 -9999.0 2758.628443 2760.885249 2740.537686 2708.337401 2682.252457 2686.463510 2722.181708 2765.301444 2806.494776 2816.969850 2800.489722 2806.024772 2803.294878 2800.519758 2802.735379 2811.849613 2820.146476 2831.157816 2840.176010 2840.246974 2835.031688 2831.447380 2834.319520 2836.471888 2842.047243 2827.374736 2841.377239 2801.762181 2805.468998 2802.269430 2822.679657 2806.735080 2795.053995 2776.154736 2799.092708 2808.180020 2798.823388 2802.333979 2800.318484 2797.000875 2766.098864 -9999.0 -9999.0 -9999.0 -9999.0 -9999.0 -9999.0 -9999.0 -9999.0 -9999.0 -9999.0 -9999.0 -9999.0 -9999.0 -9999.0 -9999.0 -9999.0 -9999.0 -9999.0 -9999.0
-9999.0 -9999.0 -9999.0 -9999.0 -9999.0 -9999.0 -9999.0 -9999.0 -9999.0 -9999.0 -9999.0 -9999.0 -9999.0 -9999.0 2663.428603 2655.754198 2654.794705 2664.421985 2699.060713 2730.684881 2742.534171 2736.443600 2737.913866 2715.423468 2695.369759 2710.752301 2742.681469 2774.918968 2810.884940 2831.395083 2822.707208 2822.323876 2831.652801 2804.008986 2812.728933 2810.264410 2846.624837 2816.693133 2829.865320 2835.277013 2833.726904 2824.308243 2833.888820 2848.125619 2841.024387 2825.345931 2834.941434 2848.311721 2859.024875 2849.861805 2840.348222 2823.308984 2816.318923 2808.361833 2792.049520 2785.675191 2810.934437 2806.827690 2796.715518 2777.549794 2742.989641 2697.230092 2676.541370 2714.464353 2756.162033 2792.463854 -9999.0 -9999.0 -9999.0 -9999.0 -9999.0 -9999.0 -9999.0 -9999.0 -9999.0 -9999.0 -9999.0 -9999.0 -9999.0 -9999.0
-9999.0 -9999.0 -9999.0 -9999.0 -9999.0 -9999.0 -9999.0 -9999.0 -9999.0 2600.268081 2606.971315 2615.905735 2620.611263 2637.922431 2636.045329 2644.927828 2652.003594 2681.573996 2713.561062 2749.367311 2777.545696 2771.530913 2771.604465 2778.973218 2777.999074 2789.526359 2812.924370 2804.509972 2836.322586 2872.793905 2840.762320 2836.906694 2855.164527 2897.365263 2922.755952 2925.958154 2908.409674 2922.783632 2946.629950 2963.693752 2960.875300 2955.659507 2980.655747 2995.313717 2990.754838 2969.760702 2966.596538 2972.422625 3000.380416 2949.457734 2884.052703 2842.750693 2855.577096 2832.942443 2804.855333 2835.609993 2832.933596 2810.971722 2798.021688 2796.492370 2761.276229 2747.376699 2727.658113 2744.892493 2765.366878 2788.626384 2827.660679 2856.783810 2855.943936 2838.435454 -9999.0 -9999.0 -9999.0 -9999.0 -9999.0 -9999.0 -9999.0 -9999.0 -9999.0 -9999.0
-9999.0 -9999.0 -9999.0 -9999.0 -9999.0 -9999.0 2518.292112 2530.061332 2552.693825 2557.516716 2585.888875 2593.720714 2615.986439 2636.512538 2660.749950 2677.313326 2706.584920 2740.066442 2778.619051 2819.995368 2808.184120 2845.157394 2804.500497 2825.153152 2854.781351 2876.315006 2899.758737 2937.153653 2986.341174 3022.216833 3017.325510 3018.626590 3026.996586 3076.696878 3140.333806 3151.978618 3131.588769 3118.232258 3140.757329 3177.309905 3176.581102 3175.502204 3181.228569 3191.436616 3218.049588 3208.107676 3178.571059 3171.798773 3176.861846 3156.051563 3089.664755 3031.992152 3011.358386 2988.190163 2906.198668 2861.207548 2880.432154 2904.986838 2881.346435 2832.407555 2838.486653 2828.284603 2812.407447 2800.181306 2807.832289 2801.718609 2824.464886 2837.212064 2824.649163 2803.746469 2790.561099 2760.514448 2761.465975 2785.542747 -9999.0 -9999.0 -9999.0 -9999.0 -9999.0 -9999.0
-9999.0 -9999.0 -9999.0 -9999.0 2465.848525 2480.268631 2468.150633 2496.513131 2531.434240 2567.983416 2599.110784 2636.194960 2664.249138 2695.533401 2732.830631 2761.395016 2799.641297 2833.955712 2834.054196 2896.425226 2942.028902 2958.597747 2967.942222 2996.014450 3051.937048 3099.484353 3118.106239 3143.412549 3180.621094 3236.272144 3258.740485 3261.995986 3278.829324 3320.016365 3373.910175 3407.275875 3390.003111 3381.388585 3390.426955 3403.813487 3425.930610 3426.034497 3427.020722 3430.651465 3437.618221 3436.319713 3410.887427 3377.983134 3366.313795 3356.706778 3321.136162 3250.655593 3219.478034 3192.201430 3159.230196 3106.541489 3056.184456 3054.419027 3001.078207 2968.780883 2916.591905 2904.873789 2881.633327 2863.007622 2842.944973 2851.673178 2860.755783 2843.688872 2812.732372 2794.782021 2778.537484 2758.385987 2745.370852 2774.901617 2786.526714 2815.842274 -9999.0 -9999.0 -9999.0 -9999.0
-9999.0 -9999.0 2403.460335 2450.846211 2509.900478 2519.137677 2517.243592 2524.320471 2555.084539 2609.030055 2680.041444 2723.878364 2760.624701 2796.307718 2803.499392 2868.211896 2930.689939 2973.943757 3008.445707 3076.290747 3135.022211 3162.269670 3171.812151 3200.036052 3253.204988 3319.700725 3346.788057 3372.473212 3401.843440 3436.754467 3432.870076 3444.210764 3455.706245 3466.233669 3479.132542 3485.136135 3480.655117 3476.139588 3457.826725 3453.016682 3459.575162 3466.846030 3466.409749 3452.034608 3448.084528 3462.770612 3468.480899 3466.739574 3464.560489 3469.906257 3467.227400 3421.245014 3399.461006 3384.924392 3375.566057 3330.475987 3265.207836 3231.989377 3211.896765 3178.771473 3106.037711 3066.676241 3026.361325 2990.830903 2969.630303 2951.938620 2915.478122 2880.532120 2839.169495 2796.744593 2787.169468 2769.534671 2766.696184 2765.134285 2781.138079 2790.948765 2806.294335 2814.141576 -9999.0 -9999.0
-9999.0 2294.411145 2366.387473 2490.661853 2571.273315 2614.122496 2632.996613 2645.727232 2677.498558 2715.125285 2810.328082 2826.138980 2909.712177 2947.148459 2989.533109 3056.539847 3148.129309 3184.427234 3221.113764 3281.677847 3344.888416 3389.752700 3415.450330 3401.174325 3438.638513 3463.907430 3470.561485 3476.499841 3475.398070 3466.995640 3460.052168 3466.889283 3464.164593 3445.436196 3429.789219 3428.201259 3424.899118 3401.998750 3375.900918 3360.911482 3362.839804 3386.119306 3374.435004 3353.371945 3349.041697 3370.290547 3389.788609 3379.366282 3367.507983 3382.801399 3416.790758 3440.435704 3443.516300 3461.503879 3482.489696 3454.314906 3431.525710 3388.945036 3373.607520 3348.626885 3293.006020 3238.376894 3190.986967 3148.263864 3095.399538 3044.877254 2996.662918 2962.356504 2905.740350 2870.265084 2844.058963 2799.092441 2793.046457 2788.609078 2787.895763 2784.664305 2785.765664 2792.018439 -9999.0 -9999.0
-9999.0 2201.941799 2342.241372 2523.066836 2670.724210 2720.629315 2796.985516 2832.903119 2850.323044 2849.923104 2903.988550 3097.077191 3205.730826 3220.871326 3293.308561 3383.049941 3372.961818 3402.975923 3424.906978 3446.149340 3463.315408 3476.014424 3473.879930 3468.254292 3452.093600 3444.165931 3443.393263 3441.397470 3424.380983 3405.766566 3389.219189 3386.447595 3370.304546 3323.039145 3290.584035 3273.980489 3256.755713 3242.788403 3215.037497 3190.010953 3180.642241 3186.389910 3183.393929 3175.300689 3170.907490 3183.381780 3214.003590 3210.590191 3220.649600 3239.883508 3275.182178 3312.281931 3331.185522 3359.728962 3393.650125 3439.928272 3449.951852 3472.041701 3475.391406 3463.113213 3417.941853 3368.660148 3339.716463 3285.341088 3226.021280 3170.171662 3121.156900 3076.023759 3020.683837 2985.774213 2954.787947 2899.881524 2854.134385 2842.033911 2806.760014 2791.596519 -9999.0 -9999.0 -9999.0 -9999.0
-9999.0 2105.341535 2287.168199 2531.752116 2810.490809 2890.094581 3079.433602 3188.687651 3227.803685 3293.052163 3194.981603 3381.873894 3428.551639 3422.003487 3432.146177 3434.402744 3448.005147 3447.709391 3442.663205 3431.898218 3422.654684 3418.348938 3417.180622 3409.334375 3396.863727 3382.441519 3371.903399 3360.872100 3325.167976 3293.934622 3256.523724 3244.539223 3203.100269 3118.764515 3079.942578 3042.901658 2984.891255 2986.140207 2990.765266 2988.609408 2969.885677 2943.235984 2970.873188 2980.170706 2983.986456 2980.914471 2992.106258 2996.493478 3042.058357 3075.799052 3114.759454 3161.842905 3185.293828 3223.822879 3263.749990 3315.403450 3345.625532 3374.060271 3420.321076 3456.960301 3479.351859 3466.237722 3446.348003 3403.368781 3345.027695 3296.191684 3267.913181 3218.508423 3179.027163 3134.972358 3088.592686 3035.834761 2982.466738 2923.107695 2886.972629 -9999.0 -9999.0 -9999.0 -9999.0 -9999.0
-9999.0 1892.959354 2157.906688 2429.910688 2716.545694 3030.191061 3183.611272 3280.479249 3341.364651 3317.789362 3334.983424 3342.960171 3378.354761 3384.632350 3364.065795 3351.197541 3334.793872 3333.709393 3346.663254 3319.916283 3290.440831 3277.517944 3278.317573 3267.595888 3244.289546 3229.392437 3220.074127 3202.646168 3165.821862 3116.726120 3034.646251 3003.567499 2948.561313 2906.575633 2868.314392 2821.395409 2823.378323 2825.806170 2802.766579 2837.577352 2816.384915 2798.778611 2827.618765 2803.520166 2816.011361 2801.055698 2808.308807 2842.325247 2889.460255 2930.346159 2975.396023 3002.446220 3043.086589 3082.819259 3105.273236 3145.909844 3180.791326 3221.596616 3290.544604 3366.673935 3399.975092 3433.624156 3463.540888 3484.937780 3442.743409 3415.549955 3392.557608 3370.653427 3325.336253 3280.516198 3240.056869 3177.094947 3120.435649 -9999.0 -9999.0 -9999.0 -9999.0 -9999.0 -9999.0 -9999.0
-9999.0 1777.310930 1976.885479 2177.870568 2437.156161 2673.027058 2866.104085 2959.897216 3015.439625 3076.126114 3124.329492 3159.401316 3180.205564 3201.038177 3178.413514 3139.861781 3108.653001 3113.324288 3105.656962 3084.174043 3056.442982 3043.388120 3041.774613 3036.801736 3015.323273 3004.634904 2997.932466 3000.987210 2974.478936 2921.363602 2848.852337 2822.495474 2765.846382 2741.160188 2714.527682 2684.326872 2655.169796 2666.294474 2676.678509 2676.750678 2669.225087 2668.567760 2697.531766 2716.125626 2726.180310 2715.998195 2735.640762 2761.235187 2801.420790 2804.137207 2849.350469 2899.463132 2949.027209 2971.647250 2977.143460 2992.207773 2997.806061 3041.374684 3117.817708 3196.218686 3270.919828 3315.206085 3364.924381 3402.596641 3429.411589 3456.546358 3477.097320 3468.746781 3443.892037 3411.288570 3354.646262 -9999.0 -9999.0 -9999.0 -9999.0 -9999.0 -9999.0 -9999.0 -9999.0 -9999.0
-9999.0 -9999.0 1749.428344 1908.068076 2015.489291 2182.552078 2327.918738 2437.996842 2539.759871 2679.742501 2801.699543 2850.314054 2895.052895 2911.223639 2897.770983 2869.141234 2851.224881 2850.945460 2839.603115 2832.110350 2816.310472 2810.926128 2850.741606 2842.176427 2835.554144 2832.466057 2828.147027 2818.747766 2798.969527 2753.986526 2711.847774 2664.646024 2613.901497 2589.741649 2569.153613 2549.771660 2551.568622 2546.103203 2550.964998 2553.360141 2562.230082 2576.016976 2595.647274 2618.820960 2629.009135 2639.579813 2651.889827 2675.425094 2707.975899 2749.880451 2804.241278 2826.934767 2863.063448 2871.597340 2856.600818 2854.495144 2865.399286 2897.992225 2964.736066 3010.800338 3098.744593 3162.983469 3222.506134 3277.179496 3303.070158 3339.217914 3406.542486 3454.337659 3494.347218 3472.116948 -9999.0 -9999.0 -9999.0 -9999.0 -9999.0 -9999.0 -9999.0 -9999.0 -9999.0 -9999.0
-9999.0 -9999.0 -9999.0 -9999.0 1768.801981 1917.957297 2015.862827 2097.039117 2230.983144 2360.782807 2467.931448 2555.975531 2625.180842 2654.304571 2655.846417 2670.819006 2669.405692 2660.964375 2650.019509 2652.797998 2655.489438 2648.391474 2632.187188 2625.300952 2627.947834 2634.518205 2631.935185 2618.303340 2599.543273 2582.171058 2566.274562 2533.896209 2500.381498 2471.873605 2459.059380 2454.852513 2454.502710 2446.564443 2454.787582 2463.241430 2478.976567 2494.140164 2517.704305 2547.018354 2561.782647 2577.024324 2586.658936 2606.621673 2637.564811 2691.412203 2755.698280 2814.063645 2819.987150 2821.775762 2834.157858 2817.824286 2812.274967 2837.371987 2819.802381 2873.910682 2965.222790 3003.057777 3049.431967 3089.407652 3125.640710 3181.953749 3273.345670 3352.892837 -9999.0 -9999.0 -9999.0 -9999.0 -9999.0 -9999.0 -9999.0 -9999.0 -9999.0 -9999.0 -9999.0 -9999.0
-9999.0 -9999.0 -9999.0 -9999.0 -9999.0 -9999.0 1741.928270 1847.169384 1918.546514 2069.126316 2212.317447 2320.275641 2404.738422 2441.051930 2474.557276 2504.976293 2505.341616 2485.583612 2464.213337 2484.876918 2502.329351 2495.726779 2464.041751 2464.844312 2471.062251 2478.720005 2475.963695 2469.611442 2444.566742 2459.531788 2462.582283 2439.547826 2413.940666 2400.783829 2389.032466 2398.641303 2398.559934 2384.156992 2383.339019 2410.909230 2431.772361 2444.712200 2465.955645 2499.242193 2531.974911 2547.996568 2549.636686 2555.464615 2593.794184 2664.221062 2737.293424 2794.285063 2800.335528 2806.274077 2812.581045 2772.686470 2752.614294 2758.919491 2791.401310 2839.776372 2846.462633 2885.192346 2900.504307 2905.247620 2919.083919 2987.128234 -9999.0 -9999.0 -9999.0 -9999.0 -9999.0 -9999.0 -9999.0 -9999.0 -9999.0 -9999.0 -9999.0 -9999.0 -9999.0 -9999.0
-9999.0 -9999.0 -9999.0 -9999.0 -9999.0 -9999.0 -9999.0 -9999.0 -9999.0 -9999.0 -9999.0 -9999.0 -9999.0 -9999.0 -9999.0 -9999.0 -9999.0 -9999.0 -9999.0 -9999.0 -9999.0 -9999.0 -9999.0 -9999.0 -9999.0 -9999.0 -9999.0 -9999.0 -9999.0 -9999.0 -9999.0 -9999.0 -9999.0 -9999.0 -9999.0 -9999.0 -9999.0 -9999.0 -9999.0 -9999.0 -9999.0 -9999.0 -9999.0 -9999.0 -9999.0 -9999.0 -9999.0 -9999.0 -9999.0 -9999.0 -9999.0 -9999.0 -9999.0 -9999.0 -9999.0 -9999.0 -9999.0 -9999.0 -9999.0 -9999.0 -9999.0 -9999.0 -9999.0 -9999.0 -9999.0 -9999.0 -9999.0 -9999.0 -9999.0 -9999.0 -9999.0 -9999.0 -9999.0 -9999.0 -9999.0 -9999.0 -9999.0 -9999.0 -9999.0 -9999.0
-9999.0 -9999.0 -9999.0 -9999.0 -9999.0 -9999.0 -9999.0 -9999.0 -9999.0 -9999.0 -9999.0 -9999.0 -9999.0 -9999.0 -9999.0 -9999.0 -9999.0 -9999.0 -9999.0 -9999.0 -9999.0 -9999.0 -9999.0 -9999.0 -9999.0 -9999.0 -9999.0 -9999.0 -9999.0 -9999.0 -9999.0 -9999.0 -9999.0 -9999.0 -9999.0 -9999.0 -9999.0 -9999.0 -9999.0 -9999.0 -9999.0 -9999.0 -9999.0 -9999.0 -9999.0 -9999.0 -9999.0 -9999.0 -9999.0 -9999.0 -9999.0 -9999.0 -9999.0 -9999.0 -9999.0 -9999.0 -9999.0 -9999.0 -9999.0 -9999.0 -9999.0 -9999.0 -9999.0 -9999.0 -9999.0 -9999.0 -9999.0 -9999.0 -9999.0 -9999.0 -9999.0 -9999.0 -9999.0 -9999.0 -9999.0 -9999.0 -9999.0 -9999.0 -9999.0 -9999.0