Borden_/Borden1m_014/output_maps/psiliqL0009N0008.asc
ncols         80
nrows         18
xllcorner     620200.000000
yllcorner     5168000.000000
cellsize      1.000000
NODATA_value  -9999.0
-9999.0 -9999.0 -9999.0 -9999.0 -9999.0 -9999.0 -9999.0 -9999.0 -9999.0 -9999.0 -9999.0 -9999.0 -9999.0 -9999.0 -9999.0 -9999.0 -9999.0 -9999.0 -9999.0 -9999.0 -9999.0 -9999.0 -9999.0 -9999.0 -9999.0 -9999.0 -9999.0 -9999.0 -9999.0 -9999.0 -9999.0 -9999.0 -9999.0 -9999.0 -9999.0 -9999.0 -9999.0 -9999.0 -9999.0 -9999.0 -9999.0 -9999.0 -9999.0 -9999.0 -9999.0 -9999.0 -9999.0 -9999.0 -9999.0 -9999.0 -9999.0 -9999.0 -9999.0 -9999.0 -9999.0 -9999.0 -9999.0 -9999.0 -9999.0 -9999.0 -9999.0 -9999.0 -9999.0 -9999.0 -9999.0 -9999.0 -9999.0 -9999.0 -9999.0 -9999.0 -9999.0 -9999.0 -9999.0 -9999.0 -9999.0 -9999.0 -9999.0 -9999.0 -9999.0 -9999.0
-9999.0 -9999.0 -9999.0 -9999.0 -9999.0 -9999.0 -9999.0 -9999.0 -9999.0 -9999.0 -9999.0 -9999.0 -9999.0 -9999.0 -9999.0 -9999.0 -9999.0 -9999.0 -9999.0 -9999.0 -9999.0 -9999.0 -9999.0 -9999.0 -9999.0 -9999.0 -9999.0 -9999.0 -9999.0 -9999.0 -9999.0 -9999.0 -9999.0 -9999.0 -9999.0 -9999.0 -9999.0 -9999.0 -9999.0 -9999.0 -9999.0 -9999.0 -9999.0 -9999.0 -9999.0 -9999.0 -9999.0 -9999.0 -9999.0 -9999.0 -9999.0 -9999.0 -9999.0 -9999.0 -9999.0 -9999.0 -9999.0 -9999.0 -9999.0 -9999.0 -9999.0 -9999.0 -9999.0 -9999.0 -9999.0 -9999.0 -9999.0 -9999.0 -9999.0 -9999.0 -9999.0 -9999.0 -9999.0 -9999.0 -9999.0 -9999.0 -9999.0 -9999.0 -9999.0 -9999.0
-9999.0 -9999.0 -9999.0 -9999.0 -9999.0 -9999.0 -9999.0 -9999.0 -9999.0 -9999.0 -9999.0 -9999.0 -9999.0 -9999.0 -9999.0 -9999.0 -9999.0 -9999.0 -9999.0 -9999.0 -69.973689 -67.068627 -89.867681 -124.072361 -152.609208 -150.786717 -115.834223 -74.543959 -36.516554 -26.147086 -44.214729 -42.574778 -47.416943 -47.352085 -43.808712 -37.097909 -33.718631 -21.820344 -12.980634 -13.042050 -19.115458 -24.709199 -25.687312 -22.221001 -17.140893 -26.361862 -12.697003 2.552445 8.379018 2.619210 -25.469389 -41.833981 -50.382207 -65.164572 -40.601239 -28.189912 -5.269354 -1.004135 -2.307681 -29.352198 -59.496973 -9999.0 -9999.0 -9999.0 -9999.0 -9999.0 -9999.0 -9999.0 -9999.0 -9999.0 -9999.0 -9999.0 -9999.0 -9999.0 -9999.0 -9999.0 -9999.0 -9999.0 -9999.0 -9999.0
-9999.0 -9999.0 -9999.0 -9999.0 -9999.0 -9999.0 -9999.0 -9999.0 -9999.0 -9999.0 -9999.0 -9999.0 -9999.0 -9999.0 -160.138982 -170.368971 -173.576643 -165.305768 -131.716081 -101.738764 -89.119269 -96.803888 -97.009913 -120.881451 -141.407354 -127.360033 -97.747546 -65.981525 -31.611171 -11.248325 -23.799585 -26.352260 -15.455130 13.062776 29.715253 28.526289 8.238425 31.651749 48.407787 57.968709 57.056680 48.385244 62.647477 78.857571 72.058299 54.638050 58.649665 70.340774 83.728001 67.353002 0.221822 -21.957885 -25.662647 -32.321644 -45.828791 -52.607428 -27.866988 -27.092203 -35.286952 -53.203685 -85.618771 -129.891612 -147.744106 -108.957606 -64.271745 -6.187897 -9999.0 -9999.0 -9999.0 -9999.0 -9999.0 -9999.0 -9999.0 -9999.0 -9999.0 -9999.0 -9999.0 -9999.0 -9999.0 -9999.0
-9999.0 -9999.0 -9999.0 -9999.0 -9999.0 -9999.0 -9999.0 -9999.0 -9999.0 -216.459837 -212.884675 -206.019455 -204.460278 -189.129336 -191.155687 -184.476639 -176.993907 -151.059567 -120.149908 -84.969554 -55.885626 -65.742765 -65.528020 -53.834141 -47.502460 -34.215354 -12.096115 29.911017 72.160891 113.628147 84.899416 83.090434 104.377817 160.305155 212.024296 227.760260 211.441953 216.963122 244.117707 268.284456 266.884764 264.499715 288.253397 301.094214 305.424991 287.367191 272.773791 271.848751 295.308361 237.850366 158.456054 97.630962 97.572227 65.935431 24.522052 0.767511 -3.869434 17.258652 1.887095 -35.694479 -72.548178 -82.419893 -99.125994 -82.448454 -59.523457 -12.323891 26.406957 55.278639 55.723692 38.606408 -9999.0 -9999.0 -9999.0 -9999.0 -9999.0 -9999.0 -9999.0 -9999.0 -9999.0 -9999.0
-9999.0 -9999.0 -9999.0 -9999.0 -9999.0 -9999.0 -294.867423 -286.202520 -266.664191 -261.461358 -237.289126 -230.149527 -210.039021 -191.123436 -170.838156 -154.251517 -123.614498 -91.030315 -49.309165 -4.520621 29.540467 26.244935 36.711893 70.383705 114.720199 151.093625 182.960613 232.089526 311.155684 352.349749 362.881209 368.697352 384.310908 460.863594 606.075334 647.602168 639.106537 629.268931 643.861523 669.394539 671.324912 669.899050 674.990351 680.267560 701.334152 697.162591 669.814730 660.319190 653.446346 619.672342 486.951173 389.209652 344.958183 296.623258 213.814231 146.754316 135.342640 147.631473 115.670164 60.565553 16.262257 4.425063 -10.809258 -25.095212 -19.521521 0.095180 23.623064 35.385555 23.311103 3.050982 -19.680184 -48.202432 -46.301743 -20.755135 -9999.0 -9999.0 -9999.0 -9999.0 -9999.0 -9999.0
-9999.0 -9999.0 -9999.0 -9999.0 -344.329205 -332.245153 -344.383500 -321.068555 -289.377003 -256.389490 -224.463930 -187.590466 -160.934807 -131.503561 -89.966864 -51.873888 -7.297656 28.538527 85.242119 159.897043 225.711111 258.712918 274.884124 334.423311 402.831892 479.460553 539.601802 616.769688 660.039669 704.254186 721.428600 724.661849 739.453754 772.800148 827.207105 861.953167 853.512914 851.485824 855.200643 860.594332 877.428925 876.236285 876.571876 876.905888 878.939125 881.020001 867.502622 844.869188 834.619231 820.895315 782.969791 722.218520 692.463610 673.917659 649.278409 578.731254 421.876560 383.549777 323.943530 263.815964 185.388482 153.555611 118.535450 90.162194 58.641632 59.212743 62.263890 42.815008 12.518138 -19.000992 -33.606669 -51.975193 -61.962799 -31.811569 -13.905950 17.174474 -9999.0 -9999.0 -9999.0 -9999.0
-9999.0 -9999.0 -401.799764 -352.433036 -296.968349 -289.003884 -287.722698 -283.268220 -256.586513 -206.066821 -127.825715 -74.207456 -29.070937 2.095636 62.666406 151.152420 236.385167 289.010225 351.584735 443.227944 587.857735 642.890218 657.491906 682.831496 721.850598 771.588839 800.184344 831.667845 854.670604 874.253800 887.931841 900.698916 906.182861 906.043726 910.990939 913.397255 914.108000 913.851962 899.760364 897.912815 903.813277 906.105804 909.069550 897.477081 893.917292 906.196949 909.800996 911.793524 913.116687 917.564708 919.876848 887.923930 852.728877 845.392382 840.528611 800.363939 734.139505 698.636309 682.933806 633.525572 488.367479 402.123131 338.401758 274.945213 214.635383 179.203670 131.036371 89.901314 45.038884 0.201565 -22.823583 -40.850961 -42.744522 -41.822943 -25.390620 -9.468358 6.204027 14.155367 -9999.0 -9999.0
-9999.0 -500.698487 -428.518716 -301.676460 -223.314427 -179.176845 -140.594080 -112.104901 -86.822800 -69.424112 40.723174 154.827671 247.346569 278.878139 332.418618 454.535874 610.526785 665.752804 696.513764 742.980208 805.408935 845.721410 864.559049 881.554673 906.664101 909.550549 910.971518 914.388324 908.393227 899.263079 888.561099 894.803789 892.175513 876.182923 864.788185 865.318763 865.580255 852.615923 836.436060 829.392388 833.444048 851.292429 843.181428 828.378158 825.431650 839.985123 852.009846 844.619476 833.993506 844.804441 868.086056 883.390181 896.924872 911.187462 928.981821 903.754182 875.723439 847.283009 836.194059 812.842274 756.298201 702.057926 644.705281 526.763722 421.252911 336.415507 261.369349 199.400636 134.046923 93.461079 61.904552 10.121660 -12.646612 -10.586556 -19.291994 -21.459280 -14.596765 -8.022810 -9999.0 -9999.0
-9999.0 -573.162994 -430.447894 -245.355409 -98.868140 -36.858948 82.535210 174.865718 203.306023 181.767840 298.851537 590.792930 684.782311 693.371963 744.430814 811.350695 848.151019 877.737030 895.792575 896.254251 899.306708 905.563557 901.871301 894.655919 883.198413 879.367993 881.602977 882.566656 870.792522 854.689249 840.113262 837.478125 821.467397 776.748919 741.988051 728.000486 720.921580 710.601055 689.676393 673.710276 665.205665 681.593582 674.879168 661.577871 657.937488 673.860939 697.627087 690.190326 692.685798 708.130715 742.401190 787.559403 808.869481 829.326919 852.651474 882.505422 897.543338 918.474449 922.962268 901.420324 868.304509 832.304121 808.882412 753.167721 689.847558 604.114207 467.413226 387.112667 312.567443 253.001654 197.875771 135.817732 76.188500 49.854284 11.058182 -9.242591 -9999.0 -9999.0 -9999.0 -9999.0
-9999.0 -640.163893 -449.838967 -185.615790 76.219652 212.710029 446.461204 627.603123 684.798514 738.064991 753.576287 865.565072 889.557806 878.952307 863.840391 860.711931 868.168911 868.899343 865.069693 859.027937 855.646199 855.431968 855.982003 852.363408 846.412948 838.817346 832.564307 826.104733 794.794341 753.383060 718.495795 704.189288 663.657580 523.483037 437.726194 392.654293 337.787068 332.761418 325.261477 298.339469 280.966070 265.629349 284.286169 284.728850 285.047347 290.992945 309.407956 327.658892 368.588522 407.794261 473.860826 604.197551 656.693005 693.191792 729.682497 780.674267 814.474830 838.200545 870.409890 900.274911 921.404330 914.546345 890.572334 861.960018 815.251729 769.104926 724.450495 667.795268 599.670311 477.718512 394.920729 317.825986 231.270676 139.681903 98.264135 -9999.0 -9999.0 -9999.0 -9999.0 -9999.0
-9999.0 -797.008868 -530.074795 -235.230385 101.011757 488.705624 610.137586 738.091133 807.916093 772.466098 780.039477 801.788826 832.408966 835.127915 817.390816 805.352983 779.755614 771.763844 779.925124 757.012834 734.893486 726.724683 728.822885 722.021792 707.248576 697.438866 690.648961 674.671256 614.513462 490.899635 379.758974 348.240389 272.137020 198.416902 145.467110 95.305014 44.227189 43.284743 59.874130 44.325423 22.716853 4.363127 29.884297 45.409375 56.177772 45.889814 54.180478 88.194765 135.958954 178.199676 230.328889 295.955963 347.314303 401.256611 449.209888 550.621315 646.839400 694.509309 757.587003 827.988898 854.870389 881.791016 913.203130 930.935642 891.556346 859.971088 831.735541 799.758562 744.076266 699.815750 664.425536 580.001760 417.594557 -9999.0 -9999.0 -9999.0 -9999.0 -9999.0 -9999.0 -9999.0
-9999.0 -930.153407 -699.904179 -454.943225 -157.290504 83.064659 258.038988 380.030826 517.932754 543.537901 605.779235 640.738800 664.733701 680.612219 658.406070 607.327944 514.715562 499.246491 489.263818 448.136260 408.435779 390.335439 389.429940 382.826407 357.741332 343.421256 333.338526 310.119340 269.594708 202.698829 115.915995 46.666305 -14.964823 -51.291299 -82.480008 -115.903254 -154.247477 -143.168974 -128.243586 -132.518386 -144.652024 -148.978437 -119.252568 -100.812512 -90.888749 -104.368493 -86.165773 -59.633073 -18.555652 22.184237 69.153500 123.235404 175.610541 205.630549 223.675249 260.898908 313.499521 378.606250 499.034694 655.289963 735.401782 789.473198 831.825338 857.159260 870.238830 895.798771 887.461338 832.593674 751.570015 770.965988 774.590832 -9999.0 -9999.0 -9999.0 -9999.0 -9999.0 -9999.0 -9999.0 -9999.0 -9999.0
-9999.0 -9999.0 -936.287059 -747.386713 -590.495513 -408.592513 -261.373136 -157.099395 -79.013883 17.558321 117.388452 198.029494 239.136680 254.517818 235.599684 190.872493 153.795135 149.123802 137.688897 121.774845 97.033202 88.029862 79.143807 72.087765 59.919828 53.422893 48.518044 37.477687 14.303504 -33.934389 -87.285963 -139.750405 -194.025010 -218.938109 -240.719176 -263.143899 -266.274213 -267.866225 -260.817700 -259.470923 -253.979067 -242.160911 -221.389342 -200.108633 -190.872720 -184.029727 -171.843710 -148.661319 -116.051887 -75.592636 -23.894027 30.910935 68.032012 79.124725 69.483064 76.140839 99.553513 145.685745 236.745591 338.578463 457.981239 607.049391 690.966426 739.034527 763.248124 797.573093 825.422804 779.391803 508.694503 711.687612 -9999.0 -9999.0 -9999.0 -9999.0 -9999.0 -9999.0 -9999.0 -9999.0 -9999.0 -9999.0
-9999.0 -9999.0 -9999.0 -9999.0 -890.459838 -734.348234 -641.923705 -561.794585 -443.678915 -336.408124 -243.464565 -166.610876 -113.361723 -89.904877 -101.715497 -107.956663 -117.591186 -122.254575 -131.309837 -136.699740 -141.911014 -149.383569 -160.444757 -167.610482 -167.857949 -163.936301 -165.667935 -178.451391 -194.138493 -220.863409 -244.446434 -279.454719 -316.325052 -345.198376 -357.846308 -364.385589 -363.854335 -369.170090 -359.490667 -353.041111 -338.115026 -322.648205 -298.587722 -270.231126 -257.723583 -243.667532 -234.196509 -213.715359 -184.251222 -132.181197 -70.561997 -15.502202 17.121366 19.382405 -7.889542 -24.862442 -29.105759 -1.934575 44.780424 115.663136 221.496109 307.891457 380.092621 446.422800 524.206382 644.493439 741.247172 777.422308 -9999.0 -9999.0 -9999.0 -9999.0 -9999.0 -9999.0 -9999.0 -9999.0 -9999.0 -9999.0 -9999.0 -9999.0
-9999.0 -9999.0 -9999.0 -9999.0 -9999.0 -9999.0 -946.005722 -851.554895 -765.535456 -645.426795 -534.405977 -444.479270 -371.438903 -346.880094 -329.404487 -306.933949 -311.670564 -328.858228 -345.487355 -328.603073 -318.601137 -323.252996 -350.649202 -351.782888 -347.961127 -338.310361 -339.211799 -344.932789 -369.330079 -360.615374 -361.501994 -384.025553 -409.530379 -423.428023 -434.580944 -424.341909 -423.282570 -435.583540 -433.067032 -406.999047 -387.316931 -373.905412 -351.462253 -318.393669 -286.484303 -272.360836 -271.660059 -265.770307 -224.673453 -155.129809 -85.642553 -33.138612 -3.537942 2.497184 -27.329817 -69.949895 -93.326536 -88.494896 -55.541438 -3.718788 71.697696 121.878215 154.550423 180.119448 216.629575 324.868320 -9999.0 -9999.0 -9999.0 -9999.0 -9999.0 -9999.0 -9999.0 -9999.0 -9999.0 -9999.0 -9999.0 -9999.0 -9999.0 -9999.0
-9999.0 -9999.0 -9999.0 -9999.0 -9999.0 -9999.0 -9999.0 -9999.0 -9999.0 -9999.0 -9999.0 -9999.0 -9999.0 -9999.0 -9999.0 -9999.0 -9999.0 -9999.0 -9999.0 -9999.0 -9999.0 -9999.0 -9999.0 -9999.0 -9999.0 -9999.0 -9999.0 -9999.0 -9999.0 -9999.0 -9999.0 -9999.0 -9999.0 -9999.0 -9999.0 -9999.0 -9999.0 -9999.0 -9999.0 -9999.0 -9999.0 -9999.0 -9999.0 -9999.0 -9999.0 -9999.0 -9999.0 -9999.0 -9999.0 -9999.0 -9999.0 -9999.0 -9999.0 -9999.0 -9999.0 -9999.0 -9999.0 -9999.0 -9999.0 -9999.0 -9999.0 -9999.0 -9999.0 -9999.0 -9999.0 -9999.0 -9999.0 -9999.0 -9999.0 -9999.0 -9999.0 -9999.0 -9999.0 -9999.0 -9999.0 -9999.0 -9999.0 -9999.0 -9999.0 -9999.0
-9999.0 -9999.0 -9999.0 -9999.0 -9999.0 -9999.0 -9999.0 -9999.0 -9999.0 -9999.0 -9999.0 -9999.0 -9999.0 -9999.0 -9999.0 -9999.0 -9999.0 -9999.0 -9999.0 -9999.0 -9999.0 -9999.0 -9999.0 -9999.0 -9999.0 -9999.0 -9999.0 -9999.0 -9999.0 -9999.0 -9999.0 -9999.0 -9999.0 -9999.0 -9999.0 -9999.0 -9999.0 -9999.0 -9999.0 -9999.0 -9999.0 -9999.0 -9999.0 -9999.0 -9999.0 -9999.0 -9999.0 -9999.0 -9999.0 -9999.0 -9999.0 -9999.0 -9999.0 -9999.0 -9999.0 -9999.0 -9999.0 -9999.0 -9999.0 -9999.0 -9999.0 -9999.0 -9999.0 -9999.0 -9999.0 -9999.0 -9999.0 -9999.0 -9999.0 -9999.0 -9999.0 -9999.0 -9999.0 -9999.0 -9999.0 -9999.0 -9999.0 -9999.0 -9999.0 -9999.0