Borden_/Borden1m_014/output_maps/psiliqL0020N0008.asc
ncols         80
nrows         18
xllcorner     620200.000000
yllcorner     5168000.000000
cellsize      1.000000
NODATA_value  -9999.0
-9999.0 -9999.0 -9999.0 -9999.0 -9999.0 -9999.0 -9999.0 -9999.0 -9999.0 -9999.0 -9999.0 -9999.0 -9999.0 -9999.0 -9999.0 -9999.0 -9999.0 -9999.0 -9999.0 -9999.0 -9999.0 -9999.0 -9999.0 -9999.0 -9999.0 -9999.0 -9999.0 -9999.0 -9999.0 -9999.0 -9999.0 -9999.0 -9999.0 -9999.0 -9999.0 -9999.0 -9999.0 -9999.0 -9999.0 -9999.0 -9999.0 -9999.0 -9999.0 -9999.0 -9999.0 -9999.0 -9999.0 -9999.0 -9999.0 -9999.0 -9999.0 -9999.0 -9999.0 -9999.0 -9999.0 -9999.0 -9999.0 -9999.0 -9999.0 -9999.0 -9999.0 -9999.0 -9999.0 -9999.0 -9999.0 -9999.0 -9999.0 -9999.0 -9999.0 -9999.0 -9999.0 -9999.0 -9999.0 -9999.0 -9999.0 -9999.0 -9999.0 -9999.0 -9999.0 -9999.0
-9999.0 -9999.0 -9999.0 -9999.0 -9999.0 -9999.0 -9999.0 -9999.0 -9999.0 -9999.0 -9999.0 -9999.0 -9999.0 -9999.0 -9999.0 -9999.0 -9999.0 -9999.0 -9999.0 -9999.0 -9999.0 -9999.0 -9999.0 -9999.0 -9999.0 -9999.0 -9999.0 -9999.0 -9999.0 -9999.0 -9999.0 -9999.0 -9999.0 -9999.0 -9999.0 -9999.0 -9999.0 -9999.0 -9999.0 -9999.0 -9999.0 -9999.0 -9999.0 -9999.0 -9999.0 -9999.0 -9999.0 -9999.0 -9999.0 -9999.0 -9999.0 -9999.0 -9999.0 -9999.0 -9999.0 -9999.0 -9999.0 -9999.0 -9999.0 -9999.0 -9999.0 -9999.0 -9999.0 -9999.0 -9999.0 -9999.0 -9999.0 -9999.0 -9999.0 -9999.0 -9999.0 -9999.0 -9999.0 -9999.0 -9999.0 -9999.0 -9999.0 -9999.0 -9999.0 -9999.0
-9999.0 -9999.0 -9999.0 -9999.0 -9999.0 -9999.0 -9999.0 -9999.0 -9999.0 -9999.0 -9999.0 -9999.0 -9999.0 -9999.0 -9999.0 -9999.0 -9999.0 -9999.0 -9999.0 -9999.0 2147.482911 2149.865080 2128.958647 2096.295937 2069.694996 2073.428847 2108.955381 2151.518681 2191.641966 2201.700602 2184.747829 2189.739999 2187.531007 2187.353115 2191.821962 2202.181163 2210.392862 2222.538277 2231.582420 2231.276612 2225.332404 2220.751632 2222.344355 2224.641442 2230.404377 2217.600011 2232.142421 2246.588284 2249.174649 2241.919417 2212.816981 2195.631343 2184.008622 2165.727668 2188.727726 2198.027094 2218.247983 2220.187949 2216.445517 2188.338698 2157.473393 -9999.0 -9999.0 -9999.0 -9999.0 -9999.0 -9999.0 -9999.0 -9999.0 -9999.0 -9999.0 -9999.0 -9999.0 -9999.0 -9999.0 -9999.0 -9999.0 -9999.0 -9999.0 -9999.0
-9999.0 -9999.0 -9999.0 -9999.0 -9999.0 -9999.0 -9999.0 -9999.0 -9999.0 -9999.0 -9999.0 -9999.0 -9999.0 -9999.0 2053.836121 2045.479452 2043.889673 2053.129027 2087.528418 2118.907801 2131.098227 2124.761566 2125.910889 2103.138799 2083.108879 2098.432877 2130.143891 2162.895482 2198.151444 2218.113253 2208.410550 2207.960042 2218.970080 2245.379717 2260.047458 2260.745414 2244.989729 2271.471556 2287.438115 2294.699410 2293.919995 2284.957887 2295.323202 2309.827501 2302.802000 2286.899854 2295.271907 2307.733408 2316.567770 2301.655393 2235.742415 2215.935570 2208.728226 2200.672610 2184.603883 2177.008256 2201.116723 2198.014564 2187.992801 2168.680588 2134.356950 2088.838859 2068.534040 2106.386904 2148.476669 2203.779890 -9999.0 -9999.0 -9999.0 -9999.0 -9999.0 -9999.0 -9999.0 -9999.0 -9999.0 -9999.0 -9999.0 -9999.0 -9999.0 -9999.0
-9999.0 -9999.0 -9999.0 -9999.0 -9999.0 -9999.0 -9999.0 -9999.0 -9999.0 1993.776353 1999.773369 2008.027719 2011.698752 2028.178499 2025.899334 2034.085359 2041.125911 2069.898760 2101.852737 2137.929829 2167.407290 2160.395076 2161.377460 2169.722703 2170.598918 2183.194438 2207.370674 2249.245909 2285.444505 2324.218754 2294.401048 2292.939986 2314.788029 2364.173005 2398.314894 2408.073253 2393.954161 2409.631452 2435.364172 2454.594386 2452.536801 2447.927869 2471.301537 2485.139718 2482.505376 2462.645731 2458.125369 2461.619947 2485.940055 2429.928930 2357.515085 2307.778129 2313.942408 2286.428181 2252.114374 2232.414185 2227.574059 2244.769079 2228.488498 2190.145716 2153.230662 2139.533558 2119.934232 2136.603127 2157.199118 2201.392439 2239.169324 2266.533244 2264.440414 2245.984651 -9999.0 -9999.0 -9999.0 -9999.0 -9999.0 -9999.0 -9999.0 -9999.0 -9999.0 -9999.0
-9999.0 -9999.0 -9999.0 -9999.0 -9999.0 -9999.0 1913.185335 1924.254426 1946.126323 1950.859730 1978.132104 1985.898324 2007.249510 2027.020112 2050.104829 2066.505594 2096.057917 2129.580089 2170.115530 2213.430852 2247.261585 2241.629507 2252.202164 2277.981915 2313.080202 2340.864556 2369.603932 2412.713231 2488.571130 2528.050603 2528.457202 2533.097076 2546.200038 2602.786491 2675.521025 2694.096814 2679.173352 2668.958860 2692.398300 2729.179148 2730.537009 2730.450685 2744.880080 2755.094182 2781.398253 2771.810225 2732.400041 2722.194659 2722.967484 2696.865540 2622.906673 2555.399045 2524.659872 2472.481478 2388.187041 2334.743167 2343.958008 2362.100105 2333.057397 2278.550017 2237.312129 2225.184056 2208.245598 2194.657847 2201.034640 2219.235000 2239.638785 2249.608241 2234.901848 2212.022981 2188.319991 2158.350750 2159.242997 2183.418642 -9999.0 -9999.0 -9999.0 -9999.0 -9999.0 -9999.0
-9999.0 -9999.0 -9999.0 -9999.0 1861.702436 1875.680566 1863.609403 1890.963130 1925.231382 1961.089660 1992.807708 2029.406178 2056.821145 2087.348761 2125.965849 2156.524888 2196.310618 2231.738063 2286.520420 2356.320698 2410.036476 2433.177746 2447.890746 2504.494156 2566.294245 2621.371735 2648.266036 2681.304254 2730.376015 2788.671443 2812.868937 2818.232656 2838.066102 2882.439516 2940.861801 2823.035932 2805.935361 2797.871902 2805.860485 2818.395603 2840.650301 2840.939922 2842.134187 2845.289042 2851.511817 2850.714213 2826.256586 2794.080137 2948.179892 2932.701210 2891.754088 2816.224654 2778.655267 2746.656376 2703.230373 2643.706697 2579.931075 2566.744943 2506.890567 2445.949209 2383.959698 2362.770085 2331.509395 2305.606080 2278.034738 2280.436496 2283.668338 2262.083854 2227.565263 2193.588664 2177.068689 2156.703747 2143.727804 2172.833264 2189.330698 2218.475198 -9999.0 -9999.0 -9999.0 -9999.0
-9999.0 -9999.0 1800.500493 1848.355240 1906.734408 1916.069513 1915.331269 1922.368572 1952.714285 2006.526392 2078.876011 2125.387844 2163.649150 2198.350861 2257.027155 2330.431900 2400.295667 2449.063139 2514.907095 2592.056789 2661.247990 2695.918891 2712.318975 2755.116431 2812.020236 2881.289051 2914.233346 2945.775883 2818.215135 2851.365849 2852.505531 2864.632930 2875.022525 2882.933530 2893.438475 2897.823959 2893.788777 2889.381101 2871.760758 2867.407764 2874.076682 2880.163293 2880.769818 2866.775506 2862.906558 2877.296881 2882.071215 2880.697123 2879.900912 2885.259172 2884.558333 2841.202966 2814.413157 2800.724642 2952.591166 2902.394615 2831.652180 2791.248289 2767.432734 2716.154152 2633.058226 2580.502403 2528.054260 2480.053646 2426.562295 2398.339739 2352.849545 2310.549989 2263.110038 2215.075498 2189.468420 2169.989624 2165.783257 2163.711438 2178.969436 2193.198115 2207.921431 2215.394148 -9999.0 -9999.0
-9999.0 1693.565128 1765.729426 1890.741034 1971.486116 2015.160526 2039.197864 2056.503373 2087.757408 2121.531853 2221.269115 2295.533536 2385.095481 2425.375102 2474.217942 2572.101371 2672.076318 2726.278161 2770.984890 2837.132270 2906.667869 2805.881963 2831.085209 2825.159868 2860.749671 2881.410831 2886.679802 2891.641164 2889.129067 2880.936410 2873.439814 2880.288400 2877.929906 2859.432827 2844.056441 2842.493061 2839.183882 2817.043550 2960.932628 2947.715171 2950.659432 2802.009455 2964.005432 2942.997108 2939.052196 2960.658511 2805.144422 2795.207574 2957.712998 2798.849078 2831.850705 2854.196989 2859.623916 2877.085770 2897.876358 2870.605630 2846.084932 2805.155696 2955.711246 2924.387726 2861.866095 2799.798954 2740.953459 2673.229265 2604.991355 2539.264385 2475.047997 2411.358322 2345.304391 2302.139995 2268.789009 2217.062532 2195.384967 2195.894389 2186.294183 2182.443922 2187.425673 2193.306191 -9999.0 -9999.0
-9999.0 1605.377343 1746.478036 1928.769277 2076.949666 2130.782528 2217.733213 2291.184150 2318.047641 2282.832147 2393.423021 2618.077539 2739.392171 2761.426024 2837.111423 2799.249710 2797.427548 2826.781909 2847.880845 2864.632819 2878.326070 2889.327232 2887.057779 2881.203524 2865.620955 2857.892220 2857.633949 2855.689939 2838.967522 2820.535071 2803.981236 2801.569375 2940.132804 2887.307052 2849.431855 2830.108884 2813.703755 2800.137534 2775.634472 2751.679947 2734.520262 2749.713102 2748.146329 2730.456617 2726.341642 2748.969764 2777.751235 2774.451111 2786.111506 2805.572286 2845.176991 2888.228133 2914.163372 2946.688542 2809.689487 2854.071880 2865.756124 2887.683617 2891.534008 2877.169882 2833.614504 2955.623052 2919.505196 2854.136160 2781.907663 2698.923364 2631.566360 2567.531447 2496.829930 2447.410010 2394.427479 2331.003765 2275.429692 2254.269132 2214.251535 2195.536969 -9999.0 -9999.0 -9999.0 -9999.0
-9999.0 1515.047300 1699.146354 1948.995927 2236.653461 2333.710148 2544.014236 2676.762644 2733.701831 2810.309732 2750.063868 2807.370821 2848.125591 2840.584050 2845.460703 2846.676303 2859.757695 2860.064308 2855.303994 2845.054256 2836.402365 2832.576148 2831.448777 2823.788299 2811.529186 2797.637900 2954.505079 2941.079531 2899.787109 2860.522463 2816.007296 2795.752858 2748.690012 2645.839610 2598.561758 2557.768074 2498.707767 2498.202686 2500.921894 2475.543079 2458.857647 2434.123225 2460.491910 2470.401707 2473.679725 2470.881346 2483.170900 2510.363975 2557.074761 2594.213489 2640.216489 2697.186061 2740.031885 2786.113524 2831.148471 2889.685228 2927.871400 2962.488749 2836.047006 2872.323994 2894.210589 2882.445008 2860.862361 2819.423511 2925.226568 2861.416539 2813.084577 2740.891996 2673.451327 2615.035488 2557.309704 2491.723279 2416.096247 2340.307877 2298.385658 -9999.0 -9999.0 -9999.0 -9999.0 -9999.0
-9999.0 1314.379797 1580.253457 1858.142496 2155.448119 2496.147984 2656.986518 2777.115049 2854.385284 2840.249248 2866.090816 2888.842708 2792.321066 2798.136653 2924.490097 2909.439873 2889.798453 2884.917530 2895.415420 2868.258736 2839.674471 2827.979245 2829.809703 2820.421122 2798.995935 2784.946275 2776.770773 2755.029587 2700.286053 2641.535825 2550.900099 2512.119635 2428.506373 2377.351103 2332.902096 2282.133817 2233.182144 2235.851448 2258.515463 2248.370952 2228.337267 2211.227309 2239.778409 2260.467475 2273.352424 2259.063283 2266.229040 2300.129379 2348.216543 2391.854297 2441.661432 2499.018518 2546.479476 2594.605981 2626.992469 2679.361920 2736.843715 2788.536698 2865.059475 2949.456936 2815.793539 2848.575524 2879.746514 2900.110243 2858.381115 2829.080278 2805.075906 2890.743484 2819.424221 2767.919384 2727.599558 2654.345857 2579.282219 -9999.0 -9999.0 -9999.0 -9999.0 -9999.0 -9999.0 -9999.0
-9999.0 1194.744433 1401.100804 1612.410931 1880.920348 2117.552251 2328.963738 2434.078830 2519.562953 2583.795321 2639.103121 2683.061671 2718.179161 2742.253302 2720.604167 2670.610286 2633.480889 2632.099158 2621.773755 2597.011102 2567.623913 2553.782469 2551.849421 2546.985780 2525.403415 2513.911751 2504.998604 2481.563759 2450.022315 2391.098796 2310.520615 2233.285176 2173.364858 2144.912879 2116.357078 2085.119060 2053.628367 2065.470836 2078.523557 2078.062411 2070.372480 2069.446974 2098.777012 2118.044842 2127.813622 2116.382350 2134.842040 2159.610069 2199.263828 2241.962123 2290.646349 2345.217279 2399.025736 2427.465213 2440.399835 2464.973598 2505.998248 2562.282768 2651.648648 2755.393931 2840.720645 2896.092392 2952.955018 2818.286963 2843.151427 2871.548713 2887.514037 2873.542426 2844.400372 2814.257184 2842.703914 -9999.0 -9999.0 -9999.0 -9999.0 -9999.0 -9999.0 -9999.0 -9999.0 -9999.0
-9999.0 -9999.0 1171.203319 1336.609840 1455.157275 1626.781157 1773.765682 1884.421920 1983.452271 2116.835682 2236.796800 2330.943892 2377.739265 2395.255725 2380.810793 2348.377469 2324.605296 2320.152050 2306.197660 2295.475404 2277.091907 2270.051000 2258.346544 2251.059854 2244.467819 2241.734105 2237.990762 2228.060554 2207.072994 2160.290285 2114.404449 2064.272307 2012.286803 1987.089402 1965.717241 1945.558850 1946.492864 1942.342630 1948.302889 1951.095161 1959.740422 1973.410545 1993.397979 2015.877702 2025.614793 2034.961706 2046.649829 2069.394714 2101.227736 2142.761211 2196.348272 2254.427619 2294.480825 2307.144683 2297.111503 2301.590238 2320.412942 2362.059983 2441.149484 2526.935047 2629.115864 2707.972365 2788.840562 2847.849224 2874.346186 2904.228879 2817.684761 2858.445199 2883.619553 2865.793308 -9999.0 -9999.0 -9999.0 -9999.0 -9999.0 -9999.0 -9999.0 -9999.0 -9999.0 -9999.0
-9999.0 -9999.0 -9999.0 -9999.0 1195.553403 1346.663407 1443.919196 1526.202256 1659.119469 1786.865802 1893.045090 1980.575707 2046.855575 2074.021422 2071.655919 2080.257523 2074.631629 2064.619778 2052.394296 2052.504155 2053.261768 2046.319632 2031.511294 2025.254594 2028.081680 2034.813376 2032.949141 2019.715409 2001.383292 1981.404983 1963.136073 1929.546699 1894.602167 1865.663742 1852.688009 1847.994359 1848.038535 1841.022975 1849.969755 1858.412888 1874.298768 1889.731621 1913.475940 1942.687985 1956.788766 1971.441015 1980.606872 2000.213466 2030.040394 2082.878567 2146.042012 2203.932221 2240.473086 2245.055817 2220.972195 2205.506666 2201.298477 2228.581827 2272.244058 2337.872986 2440.939535 2518.710580 2578.141070 2628.620026 2671.929618 2737.372353 2816.819839 2868.790788 -9999.0 -9999.0 -9999.0 -9999.0 -9999.0 -9999.0 -9999.0 -9999.0 -9999.0 -9999.0 -9999.0 -9999.0
-9999.0 -9999.0 -9999.0 -9999.0 -9999.0 -9999.0 1161.729156 1265.418926 1341.319536 1487.306215 1625.741356 1731.296058 1813.899642 1847.685853 1876.759177 1903.829037 1901.222364 1880.306117 1858.697265 1877.725178 1893.312065 1887.304226 1856.879722 1857.852802 1864.208793 1872.873202 1870.974800 1864.984927 1840.056747 1853.330873 1855.125640 1831.854307 1805.977723 1792.530030 1780.798008 1790.601231 1790.963939 1777.303545 1777.514699 1805.109113 1825.979028 1839.185881 1860.738436 1893.915805 1926.267251 1941.585340 1942.652563 1948.066930 1986.626321 2056.186842 2127.894060 2183.638154 2216.480044 2224.725665 2198.256895 2158.465836 2138.388056 2145.337242 2179.568099 2231.126116 2307.073896 2357.255633 2383.904605 2399.904849 2423.513961 2523.908375 -9999.0 -9999.0 -9999.0 -9999.0 -9999.0 -9999.0 -9999.0 -9999.0 -9999.0 -9999.0 -9999.0 -9999.0 -9999.0 -9999.0
-9999.0 -9999.0 -9999.0 -9999.0 -9999.0 -9999.0 -9999.0 -9999.0 -9999.0 -9999.0 -9999.0 -9999.0 -9999.0 -9999.0 -9999.0 -9999.0 -9999.0 -9999.0 -9999.0 -9999.0 -9999.0 -9999.0 -9999.0 -9999.0 -9999.0 -9999.0 -9999.0 -9999.0 -9999.0 -9999.0 -9999.0 -9999.0 -9999.0 -9999.0 -9999.0 -9999.0 -9999.0 -9999.0 -9999.0 -9999.0 -9999.0 -9999.0 -9999.0 -9999.0 -9999.0 -9999.0 -9999.0 -9999.0 -9999.0 -9999.0 -9999.0 -9999.0 -9999.0 -9999.0 -9999.0 -9999.0 -9999.0 -9999.0 -9999.0 -9999.0 -9999.0 -9999.0 -9999.0 -9999.0 -9999.0 -9999.0 -9999.0 -9999.0 -9999.0 -9999.0 -9999.0 -9999.0 -9999.0 -9999.0 -9999.0 -9999.0 -9999.0 -9999.0 -9999.0 -9999.0
-9999.0 -9999.0 -9999.0 -9999.0 -9999.0 -9999.0 -9999.0 -9999.0 -9999.0 -9999.0 -9999.0 -9999.0 -9999.0 -9999.0 -9999.0 -9999.0 -9999.0 -9999.0 -9999.0 -9999.0 -9999.0 -9999.0 -9999.0 -9999.0 -9999.0 -9999.0 -9999.0 -9999.0 -9999.0 -9999.0 -9999.0 -9999.0 -9999.0 -9999.0 -9999.0 -9999.0 -9999.0 -9999.0 -9999.0 -9999.0 -9999.0 -9999.0 -9999.0 -9999.0 -9999.0 -9999.0 -9999.0 -9999.0 -9999.0 -9999.0 -9999.0 -9999.0 -9999.0 -9999.0 -9999.0 -9999.0 -9999.0 -9999.0 -9999.0 -9999.0 -9999.0 -9999.0 -9999.0 -9999.0 -9999.0 -9999.0 -9999.0 -9999.0 -9999.0 -9999.0 -9999.0 -9999.0 -9999.0 -9999.0 -9999.0 -9999.0 -9999.0 -9999.0 -9999.0 -9999.0