Borden_/Borden1m_014/output_maps/psiliqL0008N0008.asc
ncols         80
nrows         18
xllcorner     620200.000000
yllcorner     5168000.000000
cellsize      1.000000
NODATA_value  -9999.0
-9999.0 -9999.0 -9999.0 -9999.0 -9999.0 -9999.0 -9999.0 -9999.0 -9999.0 -9999.0 -9999.0 -9999.0 -9999.0 -9999.0 -9999.0 -9999.0 -9999.0 -9999.0 -9999.0 -9999.0 -9999.0 -9999.0 -9999.0 -9999.0 -9999.0 -9999.0 -9999.0 -9999.0 -9999.0 -9999.0 -9999.0 -9999.0 -9999.0 -9999.0 -9999.0 -9999.0 -9999.0 -9999.0 -9999.0 -9999.0 -9999.0 -9999.0 -9999.0 -9999.0 -9999.0 -9999.0 -9999.0 -9999.0 -9999.0 -9999.0 -9999.0 -9999.0 -9999.0 -9999.0 -9999.0 -9999.0 -9999.0 -9999.0 -9999.0 -9999.0 -9999.0 -9999.0 -9999.0 -9999.0 -9999.0 -9999.0 -9999.0 -9999.0 -9999.0 -9999.0 -9999.0 -9999.0 -9999.0 -9999.0 -9999.0 -9999.0 -9999.0 -9999.0 -9999.0 -9999.0
-9999.0 -9999.0 -9999.0 -9999.0 -9999.0 -9999.0 -9999.0 -9999.0 -9999.0 -9999.0 -9999.0 -9999.0 -9999.0 -9999.0 -9999.0 -9999.0 -9999.0 -9999.0 -9999.0 -9999.0 -9999.0 -9999.0 -9999.0 -9999.0 -9999.0 -9999.0 -9999.0 -9999.0 -9999.0 -9999.0 -9999.0 -9999.0 -9999.0 -9999.0 -9999.0 -9999.0 -9999.0 -9999.0 -9999.0 -9999.0 -9999.0 -9999.0 -9999.0 -9999.0 -9999.0 -9999.0 -9999.0 -9999.0 -9999.0 -9999.0 -9999.0 -9999.0 -9999.0 -9999.0 -9999.0 -9999.0 -9999.0 -9999.0 -9999.0 -9999.0 -9999.0 -9999.0 -9999.0 -9999.0 -9999.0 -9999.0 -9999.0 -9999.0 -9999.0 -9999.0 -9999.0 -9999.0 -9999.0 -9999.0 -9999.0 -9999.0 -9999.0 -9999.0 -9999.0 -9999.0
-9999.0 -9999.0 -9999.0 -9999.0 -9999.0 -9999.0 -9999.0 -9999.0 -9999.0 -9999.0 -9999.0 -9999.0 -9999.0 -9999.0 -9999.0 -9999.0 -9999.0 -9999.0 -9999.0 -9999.0 -272.224720 -269.283519 -292.335431 -326.780188 -355.588003 -354.072151 -319.317954 -278.256045 -240.504044 -230.220527 -248.541418 -247.305389 -252.608504 -252.859721 -249.784812 -243.652000 -240.855778 -229.087403 -220.356758 -220.483467 -226.641622 -232.385359 -233.653135 -230.095568 -225.036347 -233.957096 -220.260795 -204.804383 -198.502980 -203.799733 -231.423903 -247.345712 -255.353393 -269.673476 -244.674153 -231.785709 -208.478731 -203.902560 -204.873225 -231.731764 -261.768650 -9999.0 -9999.0 -9999.0 -9999.0 -9999.0 -9999.0 -9999.0 -9999.0 -9999.0 -9999.0 -9999.0 -9999.0 -9999.0 -9999.0 -9999.0 -9999.0 -9999.0 -9999.0 -9999.0
-9999.0 -9999.0 -9999.0 -9999.0 -9999.0 -9999.0 -9999.0 -9999.0 -9999.0 -9999.0 -9999.0 -9999.0 -9999.0 -9999.0 -361.876803 -372.326437 -375.760505 -367.700482 -334.310145 -304.564735 -291.974108 -299.902026 -300.316078 -324.474795 -345.262216 -331.549065 -302.392219 -271.021303 -236.944717 -216.698868 -229.688253 -232.622628 -222.080632 -193.945181 -178.114331 -180.169469 -201.450829 -178.318821 -161.548625 -151.793096 -152.758504 -161.519669 -146.870318 -130.395461 -137.193759 -154.857922 -151.208957 -139.461772 -125.268919 -141.138932 -207.569312 -229.116637 -231.962024 -238.123563 -251.103132 -257.458996 -232.222402 -230.902583 -238.758409 -256.373988 -288.494508 -332.623498 -350.130157 -311.097667 -266.037715 -207.623160 -9999.0 -9999.0 -9999.0 -9999.0 -9999.0 -9999.0 -9999.0 -9999.0 -9999.0 -9999.0 -9999.0 -9999.0 -9999.0 -9999.0
-9999.0 -9999.0 -9999.0 -9999.0 -9999.0 -9999.0 -9999.0 -9999.0 -9999.0 -417.625889 -414.339678 -407.688294 -406.410679 -391.279887 -393.359571 -386.941789 -379.606927 -354.151031 -323.585588 -288.731381 -259.959929 -270.412458 -270.545405 -258.783039 -252.346245 -239.591726 -218.480119 -177.223004 -134.925978 -93.154149 -122.212812 -124.342888 -103.719433 -48.534780 3.055622 18.018630 0.057871 3.927658 32.153044 57.641526 56.475495 54.293085 78.442467 91.554230 96.828433 78.548175 62.482465 60.885618 85.072078 28.048660 -50.644328 -111.003628 -110.507765 -142.072416 -183.662761 -207.028636 -210.558374 -188.309877 -203.200242 -240.399773 -276.890240 -286.035956 -302.251903 -285.288612 -261.932229 -214.294176 -175.379348 -146.255158 -145.495668 -162.444689 -9999.0 -9999.0 -9999.0 -9999.0 -9999.0 -9999.0 -9999.0 -9999.0 -9999.0 -9999.0
-9999.0 -9999.0 -9999.0 -9999.0 -9999.0 -9999.0 -495.393861 -487.012053 -467.846977 -462.728911 -439.077703 -432.204761 -412.433949 -393.821863 -374.063043 -357.835086 -327.513264 -295.389763 -254.013961 -209.834353 -176.775097 -180.739277 -170.718071 -136.707189 -91.959351 -55.893093 -25.534667 23.046022 103.099161 145.529741 157.475642 163.424403 178.947115 260.825664 437.120479 481.652348 474.364719 465.301231 477.996051 500.510114 501.974333 500.520094 504.787728 509.162482 528.107888 524.616856 500.359965 492.240059 485.830440 450.239310 289.441081 182.690529 136.540874 87.818834 4.589726 -63.801578 -73.895552 -60.287749 -91.876938 -146.414444 -189.956533 -200.790434 -215.214278 -229.020935 -223.019694 -202.891050 -178.793264 -166.650265 -178.334839 -198.244152 -220.795001 -249.105679 -247.035522 -221.309274 -9999.0 -9999.0 -9999.0 -9999.0 -9999.0 -9999.0
-9999.0 -9999.0 -9999.0 -9999.0 -544.487196 -532.589710 -544.640050 -521.837384 -490.736507 -458.497557 -427.120017 -390.805841 -364.689294 -335.741657 -294.366944 -256.389582 -212.482976 -177.570616 -121.518913 -47.844220 16.950520 50.136354 66.231152 127.139415 198.108839 282.170150 354.142932 449.568793 491.514033 530.765114 545.600396 548.112094 560.984334 590.746728 642.285253 673.597058 665.799671 664.163504 667.031077 671.103359 686.048259 684.692075 684.905648 684.970527 686.428926 688.641458 677.302776 657.617331 649.051814 636.780784 600.454232 545.648471 519.799900 504.179141 482.877915 410.552873 216.149838 175.290802 115.250272 55.443366 -23.369569 -54.338401 -88.496212 -115.780816 -146.541188 -145.229767 -141.498006 -160.293502 -189.884244 -220.951100 -235.170373 -253.201825 -262.798500 -232.442001 -214.358173 -183.064218 -9999.0 -9999.0 -9999.0 -9999.0
-9999.0 -9999.0 -601.625620 -552.163749 -497.171795 -489.475718 -488.219886 -484.367787 -458.707143 -409.379582 -331.553397 -278.533203 -233.509096 -203.345293 -143.315014 -54.767366 30.623378 82.792511 145.213235 240.637492 418.762194 477.004390 489.905360 511.677075 545.848446 590.191286 616.408782 646.296731 666.245206 682.664497 696.929647 709.886942 714.705533 713.611035 717.149939 718.648798 719.134394 718.812969 704.722773 702.901329 708.600216 710.452964 713.641468 702.270936 698.812531 710.835647 714.260526 716.633842 718.581396 723.462287 726.867929 696.650846 663.656742 658.020803 654.748904 618.996975 556.452042 525.045594 511.842242 463.108759 289.791245 194.746666 129.701814 65.812453 6.482654 -27.946607 -74.876068 -114.837562 -158.744169 -202.730882 -225.105091 -242.649265 -244.041633 -242.660088 -225.990070 -209.847381 -194.043827 -186.029109 -9999.0 -9999.0
-9999.0 -699.776599 -627.576941 -500.861293 -423.318694 -379.956672 -341.288749 -313.106689 -289.151579 -274.260944 -164.766791 -48.632414 43.809642 74.093215 128.077225 258.076411 441.390482 497.061206 523.955809 564.858108 623.578526 659.296496 675.141383 692.377659 715.941115 716.733890 716.933393 719.555871 712.921134 703.949830 693.422857 700.039246 697.949513 683.336742 673.478531 674.284765 674.792241 663.618931 649.695644 643.834122 647.538662 663.350304 656.193233 643.208954 640.611311 653.302288 663.583178 657.010159 647.414973 656.749365 676.946113 689.985818 703.102842 716.875107 734.588808 710.101961 683.487864 658.960863 649.979448 629.655553 576.799731 528.174157 473.535394 332.274403 213.650393 126.193510 52.103272 -7.856681 -71.812247 -110.788140 -141.135180 -192.213734 -214.441228 -211.741594 -220.128870 -221.997523 -214.886336 -208.221703 -9999.0 -9999.0
-9999.0 -770.773012 -627.900409 -443.303535 -298.163135 -237.600981 -117.758902 -24.885563 2.569245 -19.519580 98.080585 424.493915 514.916435 521.291732 565.964824 625.461130 662.617501 690.740382 707.603094 705.574835 706.619192 711.468794 707.146382 699.441845 688.469890 685.129587 687.312628 688.500195 678.539984 664.668951 652.253039 650.693237 637.043859 595.487811 563.231198 550.899470 545.091749 536.208189 517.771620 503.864702 496.302946 511.402994 505.124278 493.236544 489.925046 504.014995 525.203240 518.032019 519.944160 533.380065 564.107704 607.752966 626.615361 643.822001 663.470848 689.113692 703.205181 723.737409 728.149410 706.308524 676.748735 645.856911 626.267064 574.921823 517.601079 432.526419 263.875968 179.970394 105.498129 46.563018 -7.146283 -67.699225 -126.054213 -151.560321 -189.742066 -209.944646 -9999.0 -9999.0 -9999.0 -9999.0
-9999.0 -835.624712 -644.695928 -380.562276 -123.055584 13.754832 257.939180 462.818041 516.269099 562.742213 580.221148 682.531970 702.699711 690.859685 674.341099 670.668116 676.866717 677.445331 673.851430 668.616333 665.860250 665.771325 666.247228 663.150999 658.226383 651.847196 646.663648 641.632020 613.979586 574.147561 542.726790 530.605100 492.758915 334.354224 234.351478 187.538159 131.734493 126.083349 117.043220 88.858244 71.077663 56.326810 74.433019 73.802433 73.769842 80.848921 100.462225 118.224972 159.261297 199.220404 269.821331 433.239648 488.312945 520.754189 552.717472 599.545666 631.021458 651.201588 678.532344 705.238553 725.789893 719.290095 695.918980 671.758458 631.689247 591.713325 549.647336 499.379088 432.204709 282.213188 191.650762 113.030791 27.760475 -62.074366 -102.479691 -9999.0 -9999.0 -9999.0 -9999.0 -9999.0
-9999.0 -988.475993 -721.327200 -426.500234 -90.003090 327.685623 446.324501 566.809023 632.647932 596.585398 602.944161 621.953069 648.460878 650.223561 634.506101 623.873129 598.043236 590.500919 598.107374 577.069108 557.181923 549.995841 552.060737 546.100917 533.101708 524.623548 518.914031 504.816769 444.151404 291.294339 172.317516 142.107044 66.392311 -8.761756 -60.889326 -110.185130 -161.348847 -162.447310 -146.245809 -162.359647 -184.158646 -202.716763 -177.385247 -162.260337 -151.663593 -161.707912 -153.393462 -119.488465 -71.804756 -30.213352 20.676388 85.466924 136.663732 192.087447 243.140998 363.182921 477.158950 521.374508 577.833618 642.566698 665.088940 688.294108 718.230552 735.904670 697.875071 670.055040 646.504242 620.686698 573.045248 530.722858 498.018716 414.342508 216.582083 -9999.0 -9999.0 -9999.0 -9999.0 -9999.0 -9999.0 -9999.0
-9999.0 -1122.854894 -890.280818 -642.135587 -345.201145 -107.712092 63.483377 188.851852 354.617651 372.232561 444.441834 476.710004 497.486390 511.475424 491.289805 440.058929 322.717451 305.724089 296.056016 248.713525 205.218460 185.901001 185.078496 177.902532 151.397201 136.233759 125.754115 102.196618 61.261907 -4.819247 -90.811053 -158.572616 -219.540511 -255.510962 -286.076309 -319.236168 -357.998149 -346.804585 -331.649036 -336.222814 -348.769312 -353.439276 -323.630309 -305.292001 -295.354819 -309.180851 -290.987259 -264.362045 -223.301847 -183.066088 -136.934661 -83.962944 -32.406363 -2.940258 14.337167 50.930195 103.542948 169.440430 300.548994 482.281522 557.761832 608.862244 645.959946 667.345415 678.291686 703.277151 697.353388 649.393456 582.928522 598.134417 600.438015 -9999.0 -9999.0 -9999.0 -9999.0 -9999.0 -9999.0 -9999.0 -9999.0 -9999.0
-9999.0 -9999.0 -1127.245526 -935.984454 -775.261497 -592.648198 -448.901958 -348.595221 -276.382667 -184.204722 -87.347424 -7.095306 33.753621 49.170793 29.683875 -16.060462 -52.996270 -56.264957 -66.778891 -82.589065 -107.610138 -116.598683 -125.253472 -132.307038 -145.049524 -151.882235 -156.763745 -167.535684 -190.230060 -237.579894 -290.855002 -343.011824 -396.948059 -421.216811 -442.529258 -464.720449 -468.030167 -469.315761 -462.217753 -460.971086 -455.789097 -444.255407 -423.622293 -402.604899 -393.494531 -386.933632 -374.799458 -351.712344 -319.176796 -278.987228 -227.705623 -173.542102 -137.063170 -126.564711 -136.896729 -131.129192 -108.636177 -63.367221 27.115632 129.455152 253.011548 434.592373 518.019439 560.901411 583.051806 616.467288 642.483296 606.663765 391.213332 549.980390 -9999.0 -9999.0 -9999.0 -9999.0 -9999.0 -9999.0 -9999.0 -9999.0 -9999.0 -9999.0
-9999.0 -9999.0 -9999.0 -9999.0 -1078.951096 -922.103649 -829.805927 -749.501128 -632.835112 -529.051888 -440.829706 -367.259998 -315.636761 -292.463712 -305.218486 -312.360095 -321.457556 -325.042094 -333.479506 -339.091828 -344.642301 -352.044478 -362.683518 -369.892742 -370.373322 -366.646855 -368.259041 -380.791230 -395.851797 -422.652136 -446.165244 -480.619757 -516.962724 -545.415843 -557.919328 -564.599928 -564.051218 -569.186585 -559.507349 -553.274790 -538.537695 -523.197680 -499.352249 -471.381735 -459.175905 -445.318969 -435.934445 -415.544869 -386.312194 -334.505704 -273.131688 -218.485461 -186.383771 -184.562278 -212.481612 -230.079956 -234.983006 -208.638213 -162.906530 -93.321363 10.960220 96.482849 170.082636 239.866574 328.879023 472.946025 568.450372 601.458677 -9999.0 -9999.0 -9999.0 -9999.0 -9999.0 -9999.0 -9999.0 -9999.0 -9999.0 -9999.0 -9999.0 -9999.0
-9999.0 -9999.0 -9999.0 -9999.0 -9999.0 -9999.0 -1136.082244 -1042.198709 -954.851179 -836.642425 -727.835621 -639.548333 -568.290245 -545.153591 -529.198420 -507.734580 -512.511305 -528.956058 -544.828163 -528.566795 -519.335115 -523.751678 -550.272493 -551.540492 -548.004694 -538.430814 -539.207149 -544.783158 -568.804073 -560.672568 -561.868085 -584.199336 -609.599592 -623.578079 -634.732017 -624.567918 -623.502768 -635.674678 -632.972686 -607.126987 -587.621426 -574.244785 -551.837062 -519.005505 -487.395006 -473.515536 -472.888203 -467.059735 -426.067324 -356.784025 -287.596712 -235.481972 -206.298487 -200.584429 -230.884937 -274.113318 -298.234396 -294.128120 -261.968400 -211.161390 -137.022979 -88.545939 -56.693919 -31.838728 3.679048 112.628110 -9999.0 -9999.0 -9999.0 -9999.0 -9999.0 -9999.0 -9999.0 -9999.0 -9999.0 -9999.0 -9999.0 -9999.0 -9999.0 -9999.0
-9999.0 -9999.0 -9999.0 -9999.0 -9999.0 -9999.0 -9999.0 -9999.0 -9999.0 -9999.0 -9999.0 -9999.0 -9999.0 -9999.0 -9999.0 -9999.0 -9999.0 -9999.0 -9999.0 -9999.0 -9999.0 -9999.0 -9999.0 -9999.0 -9999.0 -9999.0 -9999.0 -9999.0 -9999.0 -9999.0 -9999.0 -9999.0 -9999.0 -9999.0 -9999.0 -9999.0 -9999.0 -9999.0 -9999.0 -9999.0 -9999.0 -9999.0 -9999.0 -9999.0 -9999.0 -9999.0 -9999.0 -9999.0 -9999.0 -9999.0 -9999.0 -9999.0 -9999.0 -9999.0 -9999.0 -9999.0 -9999.0 -9999.0 -9999.0 -9999.0 -9999.0 -9999.0 -9999.0 -9999.0 -9999.0 -9999.0 -9999.0 -9999.0 -9999.0 -9999.0 -9999.0 -9999.0 -9999.0 -9999.0 -9999.0 -9999.0 -9999.0 -9999.0 -9999.0 -9999.0
-9999.0 -9999.0 -9999.0 -9999.0 -9999.0 -9999.0 -9999.0 -9999.0 -9999.0 -9999.0 -9999.0 -9999.0 -9999.0 -9999.0 -9999.0 -9999.0 -9999.0 -9999.0 -9999.0 -9999.0 -9999.0 -9999.0 -9999.0 -9999.0 -9999.0 -9999.0 -9999.0 -9999.0 -9999.0 -9999.0 -9999.0 -9999.0 -9999.0 -9999.0 -9999.0 -9999.0 -9999.0 -9999.0 -9999.0 -9999.0 -9999.0 -9999.0 -9999.0 -9999.0 -9999.0 -9999.0 -9999.0 -9999.0 -9999.0 -9999.0 -9999.0 -9999.0 -9999.0 -9999.0 -9999.0 -9999.0 -9999.0 -9999.0 -9999.0 -9999.0 -9999.0 -9999.0 -9999.0 -9999.0 -9999.0 -9999.0 -9999.0 -9999.0 -9999.0 -9999.0 -9999.0 -9999.0 -9999.0 -9999.0 -9999.0 -9999.0 -9999.0 -9999.0 -9999.0 -9999.0