Borden_/Borden1m_014/output_maps/psiliqL0025N0017.asc
ncols         80
nrows         18
xllcorner     620200.000000
yllcorner     5168000.000000
cellsize      1.000000
NODATA_value  -9999.0
-9999.0 -9999.0 -9999.0 -9999.0 -9999.0 -9999.0 -9999.0 -9999.0 -9999.0 -9999.0 -9999.0 -9999.0 -9999.0 -9999.0 -9999.0 -9999.0 -9999.0 -9999.0 -9999.0 -9999.0 -9999.0 -9999.0 -9999.0 -9999.0 -9999.0 -9999.0 -9999.0 -9999.0 -9999.0 -9999.0 -9999.0 -9999.0 -9999.0 -9999.0 -9999.0 -9999.0 -9999.0 -9999.0 -9999.0 -9999.0 -9999.0 -9999.0 -9999.0 -9999.0 -9999.0 -9999.0 -9999.0 -9999.0 -9999.0 -9999.0 -9999.0 -9999.0 -9999.0 -9999.0 -9999.0 -9999.0 -9999.0 -9999.0 -9999.0 -9999.0 -9999.0 -9999.0 -9999.0 -9999.0 -9999.0 -9999.0 -9999.0 -9999.0 -9999.0 -9999.0 -9999.0 -9999.0 -9999.0 -9999.0 -9999.0 -9999.0 -9999.0 -9999.0 -9999.0 -9999.0
-9999.0 -9999.0 -9999.0 -9999.0 -9999.0 -9999.0 -9999.0 -9999.0 -9999.0 -9999.0 -9999.0 -9999.0 -9999.0 -9999.0 -9999.0 -9999.0 -9999.0 -9999.0 -9999.0 -9999.0 -9999.0 -9999.0 -9999.0 -9999.0 -9999.0 -9999.0 -9999.0 -9999.0 -9999.0 -9999.0 -9999.0 -9999.0 -9999.0 -9999.0 -9999.0 -9999.0 -9999.0 -9999.0 -9999.0 -9999.0 -9999.0 -9999.0 -9999.0 -9999.0 -9999.0 -9999.0 -9999.0 -9999.0 -9999.0 -9999.0 -9999.0 -9999.0 -9999.0 -9999.0 -9999.0 -9999.0 -9999.0 -9999.0 -9999.0 -9999.0 -9999.0 -9999.0 -9999.0 -9999.0 -9999.0 -9999.0 -9999.0 -9999.0 -9999.0 -9999.0 -9999.0 -9999.0 -9999.0 -9999.0 -9999.0 -9999.0 -9999.0 -9999.0 -9999.0 -9999.0
-9999.0 -9999.0 -9999.0 -9999.0 -9999.0 -9999.0 -9999.0 -9999.0 -9999.0 -9999.0 -9999.0 -9999.0 -9999.0 -9999.0 -9999.0 -9999.0 -9999.0 -9999.0 -9999.0 -9999.0 3125.502467 3126.504926 3104.661408 3070.405850 3041.956489 3043.524919 3076.222992 3116.495767 3154.857119 3162.061380 3142.749330 3146.147451 3141.409904 3136.858071 3136.957490 3144.391694 3150.655600 3160.262603 3167.109772 3164.753191 3157.343211 3152.204637 3154.503563 3156.146276 3162.340936 3148.221246 3164.129705 3179.727762 3184.653836 3182.029476 3159.017663 3147.179356 3139.504231 3124.316995 3151.063236 3163.058175 3186.405104 3191.318109 3189.689004 3163.539277 3133.694457 -9999.0 -9999.0 -9999.0 -9999.0 -9999.0 -9999.0 -9999.0 -9999.0 -9999.0 -9999.0 -9999.0 -9999.0 -9999.0 -9999.0 -9999.0 -9999.0 -9999.0 -9999.0 -9999.0
-9999.0 -9999.0 -9999.0 -9999.0 -9999.0 -9999.0 -9999.0 -9999.0 -9999.0 -9999.0 -9999.0 -9999.0 -9999.0 -9999.0 3035.774906 3026.790160 3023.643363 3030.667445 3062.842848 3092.765712 3104.336567 3096.623253 3096.147642 3071.146262 3048.054118 3060.277588 3089.139062 3119.049450 3151.857667 3168.808948 3157.326721 3154.352377 3161.061177 3179.859442 3187.757908 3183.926434 3166.753131 3189.967035 3203.029897 3207.383287 3205.230028 3195.297843 3204.116206 3218.076108 3211.021782 3195.809606 3206.588502 3221.591175 3232.708700 3224.643523 3167.567148 3155.648177 3153.021607 3149.446498 3136.965722 3133.516123 3162.173062 3162.322781 3155.565570 3138.833791 3106.037199 3061.201663 3042.820638 3083.806174 3127.947214 3184.507778 -9999.0 -9999.0 -9999.0 -9999.0 -9999.0 -9999.0 -9999.0 -9999.0 -9999.0 -9999.0 -9999.0 -9999.0 -9999.0 -9999.0
-9999.0 -9999.0 -9999.0 -9999.0 -9999.0 -9999.0 -9999.0 -9999.0 -9999.0 2981.138506 2984.459268 2991.102620 2993.165664 3007.947747 3004.485260 3010.993223 3014.701602 3041.330114 3070.289430 3103.258184 3129.743330 3119.976120 3118.203953 3121.869879 3116.215611 3123.601697 3143.322029 3178.819455 3209.749699 3244.575750 3210.848275 3205.665226 3222.800914 3263.883610 3287.004212 3288.889336 3270.138493 3286.192740 3309.445334 3325.092166 3321.446614 3315.419813 3341.077528 3356.089686 3350.346628 3329.082258 3327.509534 3334.911075 3364.180470 3314.052303 3248.926273 3210.767830 3226.730377 3205.942913 3180.191104 3170.044597 3171.212234 3191.838778 3180.648742 3147.748119 3115.024568 3104.032152 3087.889884 3109.359547 3133.224283 3179.982658 3220.251540 3250.422470 3250.306735 3233.344092 -9999.0 -9999.0 -9999.0 -9999.0 -9999.0 -9999.0 -9999.0 -9999.0 -9999.0 -9999.0
-9999.0 -9999.0 -9999.0 -9999.0 -9999.0 -9999.0 2902.564790 2912.957538 2933.579253 2936.200754 2962.419866 2967.502344 2982.571846 2999.224342 3020.276524 3032.542679 3056.973945 3086.140619 3121.469336 3158.445144 3184.778584 3173.349174 3177.616180 3196.749281 3223.239629 3241.879370 3263.834163 3300.840996 3372.294805 3408.181478 3401.046802 3401.724625 3409.799391 3459.765000 3523.445395 3534.433213 3513.832248 3500.688895 3523.977312 3561.105683 3559.390770 3558.198155 3571.030019 3581.716918 3608.468721 3597.798790 3561.990107 3556.394150 3562.806797 3540.671052 3472.618153 3415.722754 3396.884583 3350.906300 3268.650611 3226.077001 3249.558486 3277.595597 3256.363247 3207.602402 3176.240388 3171.380218 3160.974758 3154.592334 3167.526427 3190.722743 3215.294743 3229.629904 3218.267942 3197.904936 3176.662632 3148.792453 3151.643966 3176.797770 -9999.0 -9999.0 -9999.0 -9999.0 -9999.0 -9999.0
-9999.0 -9999.0 -9999.0 -9999.0 2853.116175 2865.855560 2851.045896 2876.918751 2908.639587 2941.902747 2969.140076 2996.343757 3018.709490 3044.595580 3077.062634 3098.670375 3130.109158 3158.894115 3204.712711 3265.153566 3308.802196 3321.912781 3329.964505 3380.465381 3436.302179 3483.101504 3501.525925 3527.067448 3572.221761 3628.402985 3650.619150 3653.457258 3670.331496 3713.083206 3768.771984 3803.708329 3786.153429 3777.224076 3787.068472 3801.154657 3823.289719 3823.365096 3824.476654 3828.499744 3835.999704 3834.341992 3807.998754 3774.697143 3761.800904 3751.820361 3714.377175 3642.743688 3612.420178 3583.862004 3542.207805 3488.606133 3440.954461 3441.782122 3387.781786 3333.555688 3283.904059 3276.064877 3256.135792 3240.591320 3223.466111 3235.946010 3248.137473 3233.487014 3204.077809 3175.315043 3162.648777 3145.397461 3134.452450 3165.804449 3183.820606 3213.515793 -9999.0 -9999.0 -9999.0 -9999.0
-9999.0 -9999.0 2794.394338 2839.666763 2896.372099 2902.255536 2895.606390 2898.164599 2924.121015 2972.886266 3030.024078 3066.361459 3094.638632 3123.830787 3173.021296 3234.611874 3293.880285 3335.656042 3392.728543 3461.286711 3519.913784 3546.569280 3555.390753 3590.637082 3644.880641 3713.303682 3741.077516 3767.338740 3798.830877 3834.931580 3827.813804 3838.649882 3850.850962 3863.086304 3877.565983 3884.434430 3879.651998 3875.068553 3856.557149 3851.464860 3857.966490 3865.818447 3864.945786 3850.339392 3846.372482 3861.298536 3867.415124 3865.411398 3862.720937 3867.726363 3863.640198 3815.823304 3797.271671 3782.201664 3770.767187 3724.868435 3658.535156 3626.054573 3604.928043 3564.353470 3491.365184 3453.821296 3414.646429 3380.098342 3342.838953 3329.617753 3297.381504 3265.550348 3227.175417 3186.769767 3168.143764 3154.061238 3153.935856 3154.870950 3172.780602 3188.598533 3204.643912 3212.758784 -9999.0 -9999.0
-9999.0 2694.915150 2766.992956 2877.208657 2954.321287 2988.086266 2996.647910 2999.554352 3023.454023 3053.780636 3139.737871 3189.678489 3271.626067 3307.842660 3347.957051 3437.271853 3530.551226 3573.319190 3611.644975 3674.414156 3739.426709 3786.175423 3812.328734 3792.971753 3831.945073 3860.481452 3868.211065 3874.941419 3874.674574 3866.189880 3859.585419 3866.295197 3863.378856 3844.289743 3828.301619 3826.583044 3823.200851 3799.964656 3772.502139 3757.130276 3758.616397 3783.478023 3770.425579 3749.090644 3744.690799 3766.289399 3787.500987 3776.865424 3763.749714 3780.296829 3814.771815 3839.384219 3841.010377 3859.408082 3880.491624 3851.661848 3829.961472 3786.402786 3769.593156 3744.264592 3687.730006 3633.008909 3585.154928 3536.820192 3484.625599 3435.700461 3388.342183 3341.442588 3288.461026 3255.970599 3231.874719 3189.255724 3176.685195 3183.225465 3178.492756 3177.178658 3183.955800 3190.608535 -9999.0 -9999.0
-9999.0 2599.755084 2739.943958 2905.146789 3044.622095 3084.376308 3146.455306 3201.021745 3214.016470 3160.153399 3259.149821 3474.248085 3593.484933 3610.183627 3684.694159 3778.524048 3763.110433 3794.088216 3816.921365 3841.453825 3861.200306 3875.062607 3873.223387 3867.927390 3851.517904 3843.531343 3842.672626 3840.591517 3823.284043 3804.410105 3787.668847 3784.605521 3766.836443 3717.941039 3684.947597 3667.725684 3649.226641 3635.678899 3608.325393 3582.501528 3566.291446 3577.088702 3574.990378 3561.314473 3556.890494 3575.142391 3605.968593 3603.704854 3614.990676 3634.481779 3669.855765 3707.693205 3726.859625 3755.791913 3791.253979 3838.763549 3847.873763 3870.210808 3873.258295 3862.302968 3816.132318 3764.906204 3735.665743 3680.620220 3621.172985 3559.593199 3511.033603 3466.571528 3411.735359 3377.786285 3338.741664 3285.524037 3242.583446 3234.656534 3201.421423 3188.305569 -9999.0 -9999.0 -9999.0 -9999.0
-9999.0 2499.157454 2680.060057 2905.933354 3194.080838 3265.874498 3465.011163 3577.986436 3616.498425 3682.795175 3569.662636 3770.638824 3821.701735 3816.254553 3830.374853 3833.301589 3847.384865 3846.842756 3841.773806 3830.831208 3821.343882 3816.849805 3815.758858 3807.864990 3795.284816 3780.718289 3768.878619 3757.563648 3721.178049 3689.467299 3650.787755 3638.469611 3594.696215 3503.502483 3464.965452 3427.035073 3367.041848 3369.353280 3376.248932 3352.475304 3333.141146 3305.686888 3334.722071 3344.973931 3348.956223 3344.846607 3354.739436 3382.567394 3429.634834 3463.564499 3502.196320 3549.727116 3579.828269 3618.717803 3658.456739 3710.478977 3741.342139 3770.055730 3818.507438 3855.404620 3878.032652 3864.258349 3845.301742 3801.127217 3741.164798 3692.025384 3663.358256 3613.307367 3570.033927 3526.622082 3480.400455 3427.891087 3366.766305 3313.306771 3279.506903 -9999.0 -9999.0 -9999.0 -9999.0 -9999.0
-9999.0 2279.065368 2543.944144 2795.905797 3067.859283 3405.979956 3572.398717 3667.056719 3729.478283 3710.306993 3731.675015 3738.498035 3775.336834 3782.284153 3760.833740 3747.253446 3730.007892 3728.919270 3741.949394 3714.800062 3684.800494 3671.596239 3672.470087 3661.775112 3638.110985 3623.245936 3613.967824 3595.720508 3552.874729 3503.266041 3420.178209 3386.726246 3309.245695 3270.331016 3234.224070 3187.980879 3144.591619 3150.261946 3174.126749 3165.749006 3145.303941 3128.492521 3157.689560 3177.559732 3190.601364 3174.613736 3181.169437 3215.165396 3261.130478 3300.975011 3344.308940 3391.669324 3432.914647 3471.883460 3492.932613 3532.357603 3574.090106 3615.318192 3684.935711 3762.546835 3797.976355 3832.274706 3861.490189 3883.233986 3840.582836 3814.014459 3790.548811 3767.408122 3721.577199 3676.424805 3635.905036 3571.880375 3512.386491 -9999.0 -9999.0 -9999.0 -9999.0 -9999.0 -9999.0 -9999.0
-9999.0 2166.084701 2361.782716 2557.199239 2787.273723 3011.607255 3228.864069 3318.936498 3388.341546 3456.335322 3508.326399 3545.268221 3571.002002 3592.321822 3569.679337 3524.236313 3492.343906 3497.241888 3488.727023 3467.718917 3440.215167 3427.436105 3425.011041 3420.354326 3399.291861 3389.147020 3382.540150 3364.858821 3339.677088 3287.741108 3217.018539 3145.872622 3092.894885 3073.655781 3051.589259 3025.286519 2998.895637 3012.544575 3025.567304 3025.762198 3019.384091 3019.654299 3048.697783 3068.450601 3077.880654 3066.882130 3084.872604 3107.796905 3144.406303 3182.644797 3226.693298 3276.109593 3323.856087 3343.690399 3345.785183 3357.365108 3384.724471 3427.648034 3503.496339 3588.921536 3665.531376 3710.536535 3760.942082 3800.542429 3828.252430 3853.861294 3875.674756 3868.291494 3842.720555 3809.611182 3751.425107 -9999.0 -9999.0 -9999.0 -9999.0 -9999.0 -9999.0 -9999.0 -9999.0 -9999.0
-9999.0 -9999.0 2136.002472 2291.176143 2392.725919 2559.109866 2707.329694 2820.802707 2869.748400 3000.670116 3120.514417 3211.657790 3257.259457 3272.661358 3258.727918 3230.147646 3212.822094 3212.499989 3201.028201 3194.718940 3180.440260 3175.381523 3164.727077 3157.743014 3153.909139 3153.630538 3151.894966 3144.400682 3128.376317 3087.875054 3051.568161 3008.124251 2968.497930 2947.429052 2929.801069 2913.262339 2917.673074 2913.321294 2919.255680 2922.500507 2932.328587 2946.648498 2966.102210 2984.970496 2994.527256 3004.477135 3015.136093 3036.439803 3065.990356 3105.545121 3156.251830 3209.954774 3245.184518 3251.563528 3233.329038 3228.123643 3236.073557 3264.653010 3327.635358 3396.228278 3484.980382 3549.829712 3616.370530 3671.873555 3698.266968 3734.639226 3804.247302 3852.228509 3893.924541 3871.565412 -9999.0 -9999.0 -9999.0 -9999.0 -9999.0 -9999.0 -9999.0 -9999.0 -9999.0 -9999.0
-9999.0 -9999.0 -9999.0 -9999.0 2153.971189 2302.931697 2402.324776 2484.914265 2621.554622 2755.755424 2807.806325 2893.843731 2962.039145 2979.570621 2979.981978 2996.211011 2995.190290 2986.246843 2975.600314 2980.508578 2985.532134 2979.800044 2971.198603 2965.547047 2970.133048 2978.923742 2978.329968 2966.880798 2950.449867 2937.489318 2925.816609 2896.620451 2865.903794 2840.071077 2829.523760 2827.635981 2828.799178 2821.810395 2830.847660 2840.168054 2856.434887 2871.756188 2895.307979 2924.885695 2939.501451 2954.044923 2962.446017 2980.697144 3005.759477 3056.770027 3117.917168 3173.797080 3206.825005 3206.808016 3178.100537 3156.110283 3143.448514 3160.617250 3189.225157 3239.788020 3328.475454 3390.128972 3435.399739 3474.131404 3510.323148 3574.896420 3668.581573 3749.383073 -9999.0 -9999.0 -9999.0 -9999.0 -9999.0 -9999.0 -9999.0 -9999.0 -9999.0 -9999.0 -9999.0 -9999.0
-9999.0 -9999.0 -9999.0 -9999.0 -9999.0 -9999.0 2132.504062 2239.697598 2309.636021 2465.255605 2613.009463 2724.014518 2810.254049 2848.009263 2820.677148 2850.755217 2851.287177 2831.104260 2809.381243 2831.253068 2850.564934 2844.440414 2812.547645 2814.668637 2822.632533 2831.722376 2830.682963 2826.504004 2803.925058 2822.616330 2829.085461 2808.661538 2785.618427 2804.108341 2792.142548 2801.367604 2800.805576 2785.824784 2784.382597 2791.868857 2813.174110 2826.199190 2847.257872 2880.428323 2912.814982 2928.301390 2928.918608 2933.265736 2969.547911 3034.372626 3104.742935 3159.173047 3189.385855 3193.742046 3162.891010 3117.804559 3091.343736 3089.892028 3113.792012 3152.746935 3212.984117 3248.826195 3259.699862 3260.598694 3272.590822 3371.405680 -9999.0 -9999.0 -9999.0 -9999.0 -9999.0 -9999.0 -9999.0 -9999.0 -9999.0 -9999.0 -9999.0 -9999.0 -9999.0 -9999.0
-9999.0 -9999.0 -9999.0 -9999.0 -9999.0 -9999.0 -9999.0 -9999.0 -9999.0 -9999.0 -9999.0 -9999.0 -9999.0 -9999.0 -9999.0 -9999.0 -9999.0 -9999.0 -9999.0 -9999.0 -9999.0 -9999.0 -9999.0 -9999.0 -9999.0 -9999.0 -9999.0 -9999.0 -9999.0 -9999.0 -9999.0 -9999.0 -9999.0 -9999.0 -9999.0 -9999.0 -9999.0 -9999.0 -9999.0 -9999.0 -9999.0 -9999.0 -9999.0 -9999.0 -9999.0 -9999.0 -9999.0 -9999.0 -9999.0 -9999.0 -9999.0 -9999.0 -9999.0 -9999.0 -9999.0 -9999.0 -9999.0 -9999.0 -9999.0 -9999.0 -9999.0 -9999.0 -9999.0 -9999.0 -9999.0 -9999.0 -9999.0 -9999.0 -9999.0 -9999.0 -9999.0 -9999.0 -9999.0 -9999.0 -9999.0 -9999.0 -9999.0 -9999.0 -9999.0 -9999.0
-9999.0 -9999.0 -9999.0 -9999.0 -9999.0 -9999.0 -9999.0 -9999.0 -9999.0 -9999.0 -9999.0 -9999.0 -9999.0 -9999.0 -9999.0 -9999.0 -9999.0 -9999.0 -9999.0 -9999.0 -9999.0 -9999.0 -9999.0 -9999.0 -9999.0 -9999.0 -9999.0 -9999.0 -9999.0 -9999.0 -9999.0 -9999.0 -9999.0 -9999.0 -9999.0 -9999.0 -9999.0 -9999.0 -9999.0 -9999.0 -9999.0 -9999.0 -9999.0 -9999.0 -9999.0 -9999.0 -9999.0 -9999.0 -9999.0 -9999.0 -9999.0 -9999.0 -9999.0 -9999.0 -9999.0 -9999.0 -9999.0 -9999.0 -9999.0 -9999.0 -9999.0 -9999.0 -9999.0 -9999.0 -9999.0 -9999.0 -9999.0 -9999.0 -9999.0 -9999.0 -9999.0 -9999.0 -9999.0 -9999.0 -9999.0 -9999.0 -9999.0 -9999.0 -9999.0 -9999.0