Borden_/Borden1m_014/output_maps/psiliqL0019N0010.asc
ncols         80
nrows         18
xllcorner     620200.000000
yllcorner     5168000.000000
cellsize      1.000000
NODATA_value  -9999.0
-9999.0 -9999.0 -9999.0 -9999.0 -9999.0 -9999.0 -9999.0 -9999.0 -9999.0 -9999.0 -9999.0 -9999.0 -9999.0 -9999.0 -9999.0 -9999.0 -9999.0 -9999.0 -9999.0 -9999.0 -9999.0 -9999.0 -9999.0 -9999.0 -9999.0 -9999.0 -9999.0 -9999.0 -9999.0 -9999.0 -9999.0 -9999.0 -9999.0 -9999.0 -9999.0 -9999.0 -9999.0 -9999.0 -9999.0 -9999.0 -9999.0 -9999.0 -9999.0 -9999.0 -9999.0 -9999.0 -9999.0 -9999.0 -9999.0 -9999.0 -9999.0 -9999.0 -9999.0 -9999.0 -9999.0 -9999.0 -9999.0 -9999.0 -9999.0 -9999.0 -9999.0 -9999.0 -9999.0 -9999.0 -9999.0 -9999.0 -9999.0 -9999.0 -9999.0 -9999.0 -9999.0 -9999.0 -9999.0 -9999.0 -9999.0 -9999.0 -9999.0 -9999.0 -9999.0 -9999.0
-9999.0 -9999.0 -9999.0 -9999.0 -9999.0 -9999.0 -9999.0 -9999.0 -9999.0 -9999.0 -9999.0 -9999.0 -9999.0 -9999.0 -9999.0 -9999.0 -9999.0 -9999.0 -9999.0 -9999.0 -9999.0 -9999.0 -9999.0 -9999.0 -9999.0 -9999.0 -9999.0 -9999.0 -9999.0 -9999.0 -9999.0 -9999.0 -9999.0 -9999.0 -9999.0 -9999.0 -9999.0 -9999.0 -9999.0 -9999.0 -9999.0 -9999.0 -9999.0 -9999.0 -9999.0 -9999.0 -9999.0 -9999.0 -9999.0 -9999.0 -9999.0 -9999.0 -9999.0 -9999.0 -9999.0 -9999.0 -9999.0 -9999.0 -9999.0 -9999.0 -9999.0 -9999.0 -9999.0 -9999.0 -9999.0 -9999.0 -9999.0 -9999.0 -9999.0 -9999.0 -9999.0 -9999.0 -9999.0 -9999.0 -9999.0 -9999.0 -9999.0 -9999.0 -9999.0 -9999.0
-9999.0 -9999.0 -9999.0 -9999.0 -9999.0 -9999.0 -9999.0 -9999.0 -9999.0 -9999.0 -9999.0 -9999.0 -9999.0 -9999.0 -9999.0 -9999.0 -9999.0 -9999.0 -9999.0 -9999.0 1950.066872 1952.665757 1931.897590 1899.540297 1873.306679 1877.391262 1913.210094 1955.770964 1995.694676 2005.840652 1989.037337 1994.192201 1992.452297 1993.185320 1998.404013 2009.118708 2017.302949 2029.555912 2038.272604 2037.404245 2030.767335 2025.458399 2026.303370 2028.341936 2033.836681 2021.315765 2035.812358 2050.456084 2053.499430 2046.472300 2017.353253 1999.835121 1988.041783 1969.695412 1992.460032 2001.623937 2021.651715 2023.287505 2019.304991 1990.943351 1959.970652 -9999.0 -9999.0 -9999.0 -9999.0 -9999.0 -9999.0 -9999.0 -9999.0 -9999.0 -9999.0 -9999.0 -9999.0 -9999.0 -9999.0 -9999.0 -9999.0 -9999.0 -9999.0 -9999.0
-9999.0 -9999.0 -9999.0 -9999.0 -9999.0 -9999.0 -9999.0 -9999.0 -9999.0 -9999.0 -9999.0 -9999.0 -9999.0 -9999.0 1855.421907 1847.119115 1845.739646 1855.332220 1890.118542 1921.758383 1934.142995 1927.959387 1929.395893 1907.131498 1887.842870 1903.820240 1935.799415 1968.531257 2003.529081 2023.433874 2013.668552 2013.533791 2025.340949 2052.772372 2068.404118 2069.629946 2054.099972 2080.224734 2095.809286 2102.548297 2100.968690 2091.337953 2101.502791 2115.754703 2108.561125 2092.534229 2100.623862 2113.274211 2122.846160 2108.143777 2042.328176 2021.753167 2014.223058 2005.812043 1989.619827 1981.622768 2005.142303 2001.782318 1991.347904 1971.724505 1937.338464 1891.953129 1871.701946 1909.373718 1951.397939 2006.750232 -9999.0 -9999.0 -9999.0 -9999.0 -9999.0 -9999.0 -9999.0 -9999.0 -9999.0 -9999.0 -9999.0 -9999.0 -9999.0 -9999.0
-9999.0 -9999.0 -9999.0 -9999.0 -9999.0 -9999.0 -9999.0 -9999.0 -9999.0 1795.270325 1801.145981 1809.434142 1813.122284 1829.732751 1827.672695 1836.075985 1843.628742 1872.704404 1905.196153 1941.800081 1971.772422 1964.913597 1966.489650 1976.080708 1978.784623 1992.841877 2017.515862 2058.901970 2095.047727 2133.530878 2103.871393 2102.911789 2125.619375 2176.395089 2212.042234 2222.642438 2208.800896 2223.567210 2248.678265 2267.346503 2264.405558 2259.221810 2282.346828 2295.672196 2293.484090 2273.857822 2268.300223 2271.867078 2296.800172 2241.884662 2170.137125 2118.939118 2123.612928 2095.032854 2059.849488 2039.604063 2033.953729 2050.448710 2033.434392 1994.675601 1957.317429 1943.649115 1924.006660 1940.309745 1960.668490 2004.728742 2042.279929 2069.312041 2067.018469 2048.401646 -9999.0 -9999.0 -9999.0 -9999.0 -9999.0 -9999.0 -9999.0 -9999.0 -9999.0 -9999.0
-9999.0 -9999.0 -9999.0 -9999.0 -9999.0 -9999.0 1715.049236 1726.040007 1747.837810 1752.645418 1779.777534 1787.736585 1809.251987 1829.317976 1852.626915 1869.643901 1899.962737 1934.180246 1975.813056 2020.214170 2054.629727 2049.852508 2061.034726 2089.113923 2127.264631 2158.186142 2187.714764 2229.454466 2303.337418 2341.563479 2342.531259 2347.695840 2361.774168 2419.320564 2492.598667 2512.380606 2497.540808 2486.887335 2509.131244 2544.477778 2545.150083 2544.177922 2556.355163 2565.893122 2591.959186 2582.882005 2545.155523 2535.288977 2536.010269 2512.291051 2440.227388 2371.396195 2338.807518 2287.169249 2203.000178 2148.772939 2155.761340 2172.107366 2141.796272 2086.504010 2044.793145 2032.175282 2014.916991 2000.742752 2006.261287 2023.715643 2043.585821 2052.956106 2037.848842 2014.724886 1990.778190 1960.544695 1961.163115 1985.201832 -9999.0 -9999.0 -9999.0 -9999.0 -9999.0 -9999.0
-9999.0 -9999.0 -9999.0 -9999.0 1663.694194 1677.808196 1666.012979 1693.310462 1727.623849 1763.472344 1795.530926 1832.463683 1860.227416 1891.241203 1930.968355 1963.141012 2004.225074 2040.724809 2096.858034 2168.057670 2222.788663 2246.811563 2262.203904 2320.592721 2385.647268 2444.832033 2472.549982 2502.886510 2547.481392 2603.354786 2626.835603 2632.519472 2652.978194 2697.198009 2754.887998 2797.764993 2786.175575 2781.301859 2790.086435 2802.128181 2823.696011 2823.481832 2824.489501 2827.192163 2832.949643 2832.579492 2809.035524 2776.490475 2759.019389 2745.396802 2706.774425 2631.671906 2593.391586 2562.194213 2521.369560 2462.637882 2396.545690 2380.838664 2320.450639 2259.726475 2197.102976 2174.788373 2142.864671 2116.233568 2086.911104 2087.580660 2089.337300 2066.690110 2031.555357 1997.040083 1980.026441 1959.257822 1946.021034 1974.745493 1990.984931 2020.010480 -9999.0 -9999.0 -9999.0 -9999.0
-9999.0 -9999.0 1602.195536 1650.585023 1709.278513 1719.240457 1719.456123 1726.896610 1757.409911 1811.366782 1884.594548 1932.190816 1971.590478 2006.799590 2066.616582 2142.577406 2214.025172 2264.142901 2330.086799 2407.916574 2477.559489 2512.971444 2529.594259 2571.811403 2630.498263 2701.531790 2734.528856 2763.691003 2797.250079 2829.563151 2831.101466 2842.995840 2853.743623 2862.819235 2875.288833 2882.714920 2881.520210 2879.391033 2862.693231 2858.974671 2865.544655 2871.778861 2871.958940 2858.090293 2854.281730 2868.799489 2874.521909 2873.644550 2871.256091 2875.732603 2873.455257 2829.195752 2799.628035 2783.776548 2767.890251 2718.499056 2647.782362 2606.143564 2581.772997 2533.058318 2450.899707 2397.602423 2345.140368 2296.278022 2241.016186 2209.734056 2161.850252 2117.680160 2069.025604 2020.155840 1993.840703 1973.561385 1968.698685 1966.122004 1980.819858 1994.683171 2009.060031 2016.349071 -9999.0 -9999.0
-9999.0 1495.748458 1568.262102 1694.133793 1775.779883 1820.966162 1847.829771 1867.133772 1898.499051 1931.260750 2032.262528 2109.518869 2199.741960 2240.061423 2290.555219 2390.504777 2490.877761 2543.825212 2588.064764 2653.166109 2721.549968 2775.892849 2805.685735 2806.086968 2844.824955 2868.338396 2876.900586 2883.512912 2881.251235 2871.321281 2861.205518 2865.834496 2860.998280 2840.942320 2823.973171 2821.461474 2818.408215 2797.156135 2769.760116 2756.111017 2758.747712 2784.955808 2771.024006 2750.036171 2746.130685 2767.736301 2789.935781 2780.962054 2767.367855 2786.532414 2821.383023 2845.556216 2853.861138 2871.912616 2891.978341 2863.376381 2835.754923 2791.968814 2769.610508 2739.268110 2678.608252 2617.069848 2560.337606 2495.088067 2424.160609 2354.520742 2287.806072 2222.611109 2154.868348 2110.612839 2075.995203 2022.943812 1999.883954 1999.215344 1988.676646 1984.153403 1988.627147 1994.282175 -9999.0 -9999.0
-9999.0 1409.096517 1550.856967 1734.500203 1884.370878 1941.526504 2033.893470 2109.636665 2137.277389 2103.873159 2213.892296 2437.590004 2554.622149 2576.292237 2652.479402 2750.610087 2760.816463 2796.474633 2821.541274 2840.174439 2856.146398 2870.303920 2870.280390 2866.555828 2853.719243 2848.734433 2849.799274 2848.295921 2830.112460 2808.122170 2787.035284 2779.534230 2755.187016 2704.190226 2665.476671 2644.409561 2626.816675 2611.749641 2585.357860 2561.010939 2544.923768 2559.966430 2556.894190 2540.033244 2535.991231 2557.876379 2587.968384 2585.218219 2596.958786 2619.025069 2660.480488 2704.103350 2729.945495 2762.397798 2802.038699 2848.562510 2862.111965 2884.502358 2888.308072 2872.287914 2826.846670 2772.092647 2737.991376 2674.596633 2600.795961 2517.480025 2448.121464 2382.300637 2310.297591 2259.806807 2205.644575 2140.698856 2082.928521 2059.178710 2017.768230 1997.791114 -9999.0 -9999.0 -9999.0 -9999.0
-9999.0 1320.994175 1506.335340 1758.981339 2046.726031 2150.199876 2363.668705 2496.871414 2554.451765 2629.658376 2576.139947 2753.882036 2803.313759 2802.067641 2809.821785 2816.590916 2833.836746 2836.460424 2831.592480 2820.212910 2810.979817 2807.378951 2806.965207 2800.747903 2790.437333 2777.726102 2764.298449 2751.730430 2711.899867 2673.757839 2630.065066 2610.743712 2565.628841 2465.687281 2416.262803 2373.319234 2312.893690 2310.611022 2311.598952 2286.058679 2268.630422 2245.095592 2270.619039 2279.148011 2282.282888 2281.052245 2294.407244 2321.310548 2368.858241 2407.974913 2456.383509 2514.852720 2556.594977 2603.078152 2650.088264 2709.091436 2745.726191 2779.001291 2830.831741 2870.372624 2894.821771 2883.619061 2860.467261 2814.602900 2742.844066 2678.207666 2629.113801 2556.271450 2489.657343 2430.776046 2372.011792 2304.996681 2227.669863 2146.971110 2103.319544 -9999.0 -9999.0 -9999.0 -9999.0 -9999.0
-9999.0 1124.325439 1391.043685 1672.083494 1975.060133 2317.301470 2476.789197 2601.004260 2679.633969 2663.101026 2684.258666 2705.102509 2750.820143 2761.246908 2741.722421 2732.136557 2718.411124 2715.672789 2723.781409 2691.434254 2657.897843 2642.658744 2642.218419 2631.581310 2609.744618 2595.561783 2586.888849 2566.272037 2514.175219 2456.179723 2365.535880 2327.526904 2245.789511 2193.156948 2146.938759 2094.421815 2043.875430 2045.139241 2066.407746 2055.295191 2034.892489 2017.594818 2045.806338 2065.849270 2078.660772 2065.062376 2072.850718 2107.857262 2157.219036 2202.496405 2254.345019 2312.785452 2361.665605 2411.387815 2446.343612 2501.076994 2556.420498 2607.147073 2683.906635 2766.460395 2809.170616 2847.216547 2881.060418 2900.604792 2852.010008 2808.681147 2761.455678 2704.298010 2631.446287 2581.424657 2542.260807 2469.598614 2394.453613 -9999.0 -9999.0 -9999.0 -9999.0 -9999.0 -9999.0 -9999.0
-9999.0 1003.408719 1212.611289 1428.439301 1701.928346 1941.676685 2153.249186 2262.983954 2351.485781 2412.480341 2462.848719 2503.048997 2535.647797 2559.925760 2540.772229 2498.366384 2467.442161 2468.096945 2455.160106 2423.501637 2387.915032 2369.882275 2365.691991 2359.408700 2336.975495 2325.058621 2316.230534 2293.750546 2261.775169 2203.123345 2121.775857 2044.938460 1984.449519 1954.972067 1925.269547 1892.678508 1859.499969 1870.548315 1883.381596 1882.196367 1873.953077 1872.660982 1902.014757 1921.370280 1931.297793 1919.942058 1938.760456 1964.335348 2005.074492 2048.802026 2098.818183 2154.846318 2209.743283 2239.788559 2254.977449 2281.942135 2323.907659 2381.311285 2472.498315 2573.936162 2657.863008 2712.352200 2769.231837 2811.857273 2833.233143 2848.359340 2833.338081 2765.966551 2676.133279 2663.949524 2654.804067 -9999.0 -9999.0 -9999.0 -9999.0 -9999.0 -9999.0 -9999.0 -9999.0 -9999.0
-9999.0 -9999.0 982.070534 1150.581757 1274.310353 1449.362697 1599.283377 1712.625648 1812.631826 1943.714189 2060.516566 2151.257940 2196.892327 2214.665616 2201.952898 2171.960903 2151.235056 2147.931918 2132.037195 2116.589185 2093.546536 2083.376936 2070.201656 2061.928649 2054.295513 2050.971238 2047.051380 2036.902756 2015.765106 1968.770690 1921.784922 1870.928872 1818.419074 1792.832609 1770.835886 1749.824420 1749.803281 1745.465290 1751.252670 1753.739911 1762.009791 1775.476779 1795.541256 1817.942339 1827.746782 1837.057854 1849.094379 1872.342159 1904.909710 1947.274715 2001.702413 2060.447479 2101.263524 2114.980791 2106.379083 2112.371059 2132.784049 2176.133261 2257.604426 2344.229158 2446.428461 2525.982083 2607.014804 2668.441608 2695.802771 2722.752276 2752.185505 2715.783306 2600.193074 2627.098126 -9999.0 -9999.0 -9999.0 -9999.0 -9999.0 -9999.0 -9999.0 -9999.0 -9999.0 -9999.0
-9999.0 -9999.0 -9999.0 -9999.0 1010.363499 1163.183618 1261.531949 1345.619316 1479.290137 1606.470011 1711.506301 1797.669463 1862.487540 1889.528149 1887.427269 1896.374868 1891.914510 1882.618222 1869.335212 1866.541226 1864.335642 1855.459417 1839.686515 1832.594508 1834.706171 1840.948189 1838.990612 1825.735688 1807.563967 1786.787206 1767.717366 1733.662690 1698.224080 1668.973005 1655.648716 1650.398463 1650.143700 1643.027887 1651.865599 1660.024597 1675.772419 1691.200696 1714.998957 1744.208743 1758.267465 1773.014295 1782.437761 1802.457761 1832.699975 1886.063368 1949.761211 2008.176510 2045.116878 2050.378884 2027.010538 2012.441907 2009.262587 2037.827224 2083.151728 2150.650778 2255.280772 2334.491549 2397.544563 2451.941916 2497.733261 2559.939769 2633.933502 2680.820319 -9999.0 -9999.0 -9999.0 -9999.0 -9999.0 -9999.0 -9999.0 -9999.0 -9999.0 -9999.0 -9999.0 -9999.0
-9999.0 -9999.0 -9999.0 -9999.0 -9999.0 -9999.0 975.821232 1079.694953 1157.823571 1302.585702 1439.173057 1543.510038 1625.319707 1658.572478 1687.207420 1714.674624 1712.532639 1691.912829 1669.847746 1687.143459 1700.627190 1693.431001 1662.344298 1662.519071 1668.280633 1676.820465 1674.901411 1668.853592 1643.880977 1656.544515 1657.840868 1634.368282 1608.250515 1594.488761 1582.518531 1592.080405 1592.266397 1578.547963 1578.844052 1606.222299 1626.954318 1640.188440 1661.858984 1695.088625 1727.483758 1742.825627 1744.059608 1749.797606 1788.961697 1858.977113 1931.009277 1987.056274 2020.265976 2029.037683 2003.014220 1963.843168 1944.396531 1952.269166 1987.759938 2040.945357 2118.646731 2171.259306 2201.490557 2221.756242 2248.636990 2348.318651 -9999.0 -9999.0 -9999.0 -9999.0 -9999.0 -9999.0 -9999.0 -9999.0 -9999.0 -9999.0 -9999.0 -9999.0 -9999.0 -9999.0
-9999.0 -9999.0 -9999.0 -9999.0 -9999.0 -9999.0 -9999.0 -9999.0 -9999.0 -9999.0 -9999.0 -9999.0 -9999.0 -9999.0 -9999.0 -9999.0 -9999.0 -9999.0 -9999.0 -9999.0 -9999.0 -9999.0 -9999.0 -9999.0 -9999.0 -9999.0 -9999.0 -9999.0 -9999.0 -9999.0 -9999.0 -9999.0 -9999.0 -9999.0 -9999.0 -9999.0 -9999.0 -9999.0 -9999.0 -9999.0 -9999.0 -9999.0 -9999.0 -9999.0 -9999.0 -9999.0 -9999.0 -9999.0 -9999.0 -9999.0 -9999.0 -9999.0 -9999.0 -9999.0 -9999.0 -9999.0 -9999.0 -9999.0 -9999.0 -9999.0 -9999.0 -9999.0 -9999.0 -9999.0 -9999.0 -9999.0 -9999.0 -9999.0 -9999.0 -9999.0 -9999.0 -9999.0 -9999.0 -9999.0 -9999.0 -9999.0 -9999.0 -9999.0 -9999.0 -9999.0
-9999.0 -9999.0 -9999.0 -9999.0 -9999.0 -9999.0 -9999.0 -9999.0 -9999.0 -9999.0 -9999.0 -9999.0 -9999.0 -9999.0 -9999.0 -9999.0 -9999.0 -9999.0 -9999.0 -9999.0 -9999.0 -9999.0 -9999.0 -9999.0 -9999.0 -9999.0 -9999.0 -9999.0 -9999.0 -9999.0 -9999.0 -9999.0 -9999.0 -9999.0 -9999.0 -9999.0 -9999.0 -9999.0 -9999.0 -9999.0 -9999.0 -9999.0 -9999.0 -9999.0 -9999.0 -9999.0 -9999.0 -9999.0 -9999.0 -9999.0 -9999.0 -9999.0 -9999.0 -9999.0 -9999.0 -9999.0 -9999.0 -9999.0 -9999.0 -9999.0 -9999.0 -9999.0 -9999.0 -9999.0 -9999.0 -9999.0 -9999.0 -9999.0 -9999.0 -9999.0 -9999.0 -9999.0 -9999.0 -9999.0 -9999.0 -9999.0 -9999.0 -9999.0 -9999.0 -9999.0