Borden_/Borden1m_014/output_maps/psiliqL0023N0012.asc
ncols         80
nrows         18
xllcorner     620200.000000
yllcorner     5168000.000000
cellsize      1.000000
NODATA_value  -9999.0
-9999.0 -9999.0 -9999.0 -9999.0 -9999.0 -9999.0 -9999.0 -9999.0 -9999.0 -9999.0 -9999.0 -9999.0 -9999.0 -9999.0 -9999.0 -9999.0 -9999.0 -9999.0 -9999.0 -9999.0 -9999.0 -9999.0 -9999.0 -9999.0 -9999.0 -9999.0 -9999.0 -9999.0 -9999.0 -9999.0 -9999.0 -9999.0 -9999.0 -9999.0 -9999.0 -9999.0 -9999.0 -9999.0 -9999.0 -9999.0 -9999.0 -9999.0 -9999.0 -9999.0 -9999.0 -9999.0 -9999.0 -9999.0 -9999.0 -9999.0 -9999.0 -9999.0 -9999.0 -9999.0 -9999.0 -9999.0 -9999.0 -9999.0 -9999.0 -9999.0 -9999.0 -9999.0 -9999.0 -9999.0 -9999.0 -9999.0 -9999.0 -9999.0 -9999.0 -9999.0 -9999.0 -9999.0 -9999.0 -9999.0 -9999.0 -9999.0 -9999.0 -9999.0 -9999.0 -9999.0
-9999.0 -9999.0 -9999.0 -9999.0 -9999.0 -9999.0 -9999.0 -9999.0 -9999.0 -9999.0 -9999.0 -9999.0 -9999.0 -9999.0 -9999.0 -9999.0 -9999.0 -9999.0 -9999.0 -9999.0 -9999.0 -9999.0 -9999.0 -9999.0 -9999.0 -9999.0 -9999.0 -9999.0 -9999.0 -9999.0 -9999.0 -9999.0 -9999.0 -9999.0 -9999.0 -9999.0 -9999.0 -9999.0 -9999.0 -9999.0 -9999.0 -9999.0 -9999.0 -9999.0 -9999.0 -9999.0 -9999.0 -9999.0 -9999.0 -9999.0 -9999.0 -9999.0 -9999.0 -9999.0 -9999.0 -9999.0 -9999.0 -9999.0 -9999.0 -9999.0 -9999.0 -9999.0 -9999.0 -9999.0 -9999.0 -9999.0 -9999.0 -9999.0 -9999.0 -9999.0 -9999.0 -9999.0 -9999.0 -9999.0 -9999.0 -9999.0 -9999.0 -9999.0 -9999.0 -9999.0
-9999.0 -9999.0 -9999.0 -9999.0 -9999.0 -9999.0 -9999.0 -9999.0 -9999.0 -9999.0 -9999.0 -9999.0 -9999.0 -9999.0 -9999.0 -9999.0 -9999.0 -9999.0 -9999.0 -9999.0 2755.110874 2757.520989 2737.402532 2705.540903 2679.878173 2684.409878 2720.063208 2762.572287 2802.862738 2812.572393 2795.915183 2802.152101 2801.005057 2800.297970 2804.663382 2815.497134 2825.026075 2835.718999 2843.789628 2842.309270 2835.302803 2830.082219 2831.772892 2833.448978 2839.364572 2825.776281 2841.219890 2786.888466 2791.517954 2788.528087 2825.654135 2808.887364 2796.381605 2776.944518 2799.540323 2808.325270 2789.961455 2794.418568 2792.742922 2795.909222 2765.034603 -9999.0 -9999.0 -9999.0 -9999.0 -9999.0 -9999.0 -9999.0 -9999.0 -9999.0 -9999.0 -9999.0 -9999.0 -9999.0 -9999.0 -9999.0 -9999.0 -9999.0 -9999.0 -9999.0
-9999.0 -9999.0 -9999.0 -9999.0 -9999.0 -9999.0 -9999.0 -9999.0 -9999.0 -9999.0 -9999.0 -9999.0 -9999.0 -9999.0 2659.378858 2651.648586 2650.659629 2660.357653 2695.220867 2727.193731 2739.343548 2733.580056 2735.388041 2713.442936 2694.165647 2710.263387 2742.330278 2773.603879 2808.320393 2827.778697 2818.819881 2819.334559 2830.638697 2788.212773 2796.955444 2793.766589 2855.335681 2799.685905 2812.979547 2818.026718 2816.114055 2806.410310 2815.845711 2830.030219 2823.026605 2807.583975 2817.480401 2831.690583 2842.908156 2833.988900 2846.183465 2827.723393 2819.490943 2810.855222 2794.142578 2787.541260 2812.190190 2807.168418 2796.669210 2777.508713 2742.996319 2697.401066 2676.554836 2714.286969 2755.857543 2787.013183 -9999.0 -9999.0 -9999.0 -9999.0 -9999.0 -9999.0 -9999.0 -9999.0 -9999.0 -9999.0 -9999.0 -9999.0 -9999.0 -9999.0
-9999.0 -9999.0 -9999.0 -9999.0 -9999.0 -9999.0 -9999.0 -9999.0 -9999.0 2598.150774 2604.525737 2613.061009 2617.374713 2634.372923 2632.257447 2641.070741 2648.160125 2677.888192 2710.259405 2746.679217 2775.369632 2770.084014 2770.503393 2778.766179 2779.296278 2792.413464 2816.583588 2789.082263 2820.896080 2856.511059 2823.662937 2819.085059 2836.712319 2878.799000 2903.845685 2906.846198 2888.703639 2903.276867 2926.796125 2943.440172 2940.190451 2934.662578 2959.738316 2974.373234 2969.931349 2949.196545 2946.155376 2952.389026 2980.820995 2930.559718 2865.600543 2825.302430 2839.209971 2817.216889 2789.718844 2841.189946 2837.293739 2798.490587 2786.500741 2798.734270 2763.657397 2749.386115 2729.145009 2745.942679 2766.156492 2782.501911 2822.307240 2852.117010 2851.905966 2834.819120 -9999.0 -9999.0 -9999.0 -9999.0 -9999.0 -9999.0 -9999.0 -9999.0 -9999.0 -9999.0
-9999.0 -9999.0 -9999.0 -9999.0 -9999.0 -9999.0 2517.888384 2529.464422 2551.722690 2555.951317 2583.868323 2591.227981 2613.079243 2633.364515 2657.542564 2674.218731 2703.664664 2737.491722 2776.639588 2819.174584 2793.966392 2846.751348 2788.751402 2809.340170 2838.008099 2858.595234 2881.126889 2918.154242 2980.744425 3016.673741 3011.555774 3012.639817 3020.780136 3070.243475 3133.687324 3145.292113 3124.829561 3111.409502 3133.853807 3170.313104 3169.490885 3168.395856 3179.684035 3189.982606 3216.596935 3206.567673 3171.533600 3164.787956 3169.895273 3149.284997 3083.196177 3025.891117 3005.338678 2969.034259 2887.610235 2843.224569 2863.403624 2889.337660 2866.776769 2817.838049 2845.307492 2834.009809 2816.951894 2803.810209 2810.919337 2793.940947 2817.963063 2831.703412 2820.022141 2799.594272 2794.238923 2763.731966 2764.022155 2787.570358 -9999.0 -9999.0 -9999.0 -9999.0 -9999.0 -9999.0
-9999.0 -9999.0 -9999.0 -9999.0 2466.287044 2480.797257 2468.502573 2496.672319 2531.258784 2567.356711 2597.955554 2634.592010 2662.304484 2693.536849 2730.983639 2760.076336 2798.815709 2833.715604 2818.054666 2879.552788 2924.300793 2939.399170 2948.163861 2990.097478 3045.942675 3093.119698 3111.417834 3136.524164 3179.422130 3235.135798 3257.574575 3260.804263 3277.610640 3318.767802 3372.647512 3407.013750 3389.755749 3381.139516 3390.174787 3403.558052 3425.673188 3425.776410 3426.861077 3430.492652 3437.458984 3436.159094 3410.628313 3377.707407 3365.000734 3355.407392 3319.876067 3249.442983 3218.311007 3190.676542 3152.382194 3099.944361 3049.963899 3048.600759 2995.362962 2950.498815 2899.092084 2888.757008 2866.978217 2849.812361 2830.877724 2841.416720 2852.090063 2836.498905 2806.721881 2801.300718 2784.481630 2763.216306 2748.985678 2777.441425 2784.527325 2814.266678 -9999.0 -9999.0 -9999.0 -9999.0
-9999.0 -9999.0 2403.703881 2451.431624 2510.900515 2520.617514 2519.058210 2526.116967 2556.632110 2610.297790 2681.036881 2724.240162 2760.749315 2796.730489 2787.787007 2851.655800 2912.547409 2954.744310 3002.644064 3070.296738 3128.611987 3155.574669 3164.854627 3198.792568 3252.001009 3318.442768 3345.484668 3371.147525 3401.665851 3436.593649 3432.707895 3444.047767 3455.542413 3466.068942 3478.967191 3484.987802 3480.507044 3475.991237 3457.659680 3452.849562 3459.407598 3466.697225 3466.243540 3451.867056 3447.916450 3462.602868 3468.330334 3466.588430 3464.372565 3469.738225 3467.061419 3421.081261 3399.299499 3384.743886 3374.243320 3329.179758 3263.961720 3230.795969 3210.634547 3171.908282 3099.550036 3060.700931 3020.938142 2985.587608 2954.145846 2938.355268 2904.078363 2870.949599 2831.430302 2790.254047 2797.495425 2777.609277 2772.675690 2768.813513 2783.484276 2789.193838 2805.055108 2813.103380 -9999.0 -9999.0
-9999.0 2294.520269 2366.783514 2491.758204 2573.424497 2618.025543 2638.239080 2651.057884 2682.711040 2720.578043 2815.393216 2811.408405 2893.631531 2929.204786 2970.313152 3050.532369 3141.956097 3183.004860 3219.990135 3280.488118 3343.652086 3389.489081 3415.194369 3401.013276 3438.474156 3463.738748 3470.389423 3476.325632 3475.241700 3466.839438 3459.896861 3466.735412 3463.994515 3445.268187 3429.624224 3428.039127 3424.739074 3401.821705 3374.652979 3359.655343 3361.507442 3385.924156 3373.203481 3352.029453 3347.693286 3369.043313 3389.609118 3379.186729 3366.227420 3382.617091 3416.623121 3440.265560 3443.344801 3461.331041 3482.317660 3454.144437 3431.357239 3388.760542 3372.325771 3347.275397 3291.713772 3237.131276 3189.742553 3141.991597 3089.491640 3039.620661 2992.047677 2950.516605 2896.060293 2862.450491 2837.331504 2793.344227 2803.033220 2784.889136 2791.027728 2786.478455 2784.391983 2790.956442 -9999.0 -9999.0
-9999.0 2202.160304 2342.913865 2524.893586 2674.909890 2728.022942 2807.095817 2822.409767 2837.558158 2861.433589 2887.350468 3091.702324 3204.496193 3219.591239 3291.945438 3382.817769 3372.735231 3402.825597 3424.754056 3445.990759 3463.152279 3475.864946 3473.728131 3468.101049 3451.938368 3444.009046 3443.216765 3441.221603 3424.206530 3405.595368 3389.052230 3386.267409 3369.065052 3321.739928 3289.334770 3272.778540 3255.589578 3241.650032 3213.890159 3188.480049 3173.755164 3184.919782 3181.893157 3168.365485 3163.928881 3181.846969 3212.573408 3209.438516 3219.435902 3238.649631 3273.896324 3310.943025 3329.895237 3358.416444 3393.461385 3439.755239 3449.776702 3471.864311 3475.214484 3462.936746 3417.748773 3367.329086 3338.427142 3284.045187 3224.725644 3163.918346 3115.737847 3071.381946 3016.863718 2982.485397 2946.963552 2892.887290 2848.015936 2837.513902 2803.351796 2789.120746 -9999.0 -9999.0 -9999.0 -9999.0
-9999.0 2105.650976 2288.065545 2534.102910 2805.191744 2882.861616 3076.271903 3187.874980 3226.865541 3291.606266 3193.803416 3381.651793 3428.419048 3421.863419 3431.982986 3434.251321 3447.850410 3447.552446 3442.503905 3431.737205 3422.492575 3418.186237 3417.017349 3409.170683 3396.699777 3382.258970 3370.623009 3359.599011 3323.841574 3292.662192 3255.314733 3243.384561 3201.600946 3112.193385 3073.664724 3036.976310 2978.882554 2980.385871 2985.268584 2970.452442 2951.658854 2925.558020 2953.155139 2962.218785 2965.784785 2962.728200 2973.625214 2990.714318 3036.257446 3069.618373 3108.143794 3155.151296 3184.021624 3222.576625 3262.463491 3314.053585 3344.318191 3372.721668 3420.126325 3456.781686 3479.190223 3466.056551 3446.169790 3403.178250 3343.765051 3294.944284 3266.839249 3217.563375 3175.017452 3131.467007 3085.330981 3032.876786 2974.976117 2917.565279 2882.698988 -9999.0 -9999.0 -9999.0 -9999.0 -9999.0
-9999.0 1893.272866 2158.831762 2432.523181 2722.641688 3027.601952 3182.888246 3279.623385 3340.565100 3316.879796 3333.987814 3341.912580 3378.206927 3384.477539 3362.948866 3349.966822 3333.554893 3332.467161 3345.423288 3318.684768 3289.222728 3276.314402 3277.122771 3266.414177 3243.122390 3228.241204 3218.911774 3201.133395 3159.193647 3110.416453 3028.775113 2997.465089 2930.168136 2888.641409 2851.305595 2805.017615 2826.373739 2828.852680 2788.425393 2843.381563 2823.072391 2805.967172 2835.203729 2789.678289 2802.252090 2787.015613 2793.799462 2827.526781 2873.621214 2913.505867 2957.361641 2996.773713 3037.409560 3076.669992 3098.636637 3138.870224 3179.494474 3220.311975 3289.197728 3365.368035 3399.782619 3433.444919 3463.360370 3484.778678 3442.572633 3415.393171 3392.413719 3369.889466 3324.706700 3279.939700 3239.461405 3176.498387 3117.259180 -9999.0 -9999.0 -9999.0 -9999.0 -9999.0 -9999.0 -9999.0
-9999.0 1777.570377 1977.665534 2179.867660 2441.687808 2681.486457 2855.938193 2947.340207 3010.685943 3070.990978 3118.706044 3153.819745 3178.944313 3199.806161 3177.036133 3133.430919 3102.150233 3106.837847 3099.230760 3077.857486 3050.274037 3037.367917 3035.447785 3030.628191 3009.313237 2998.796203 2991.998093 2982.754674 2956.651774 2904.545242 2832.835727 2829.088037 2770.805494 2744.512692 2716.251085 2684.764264 2655.194261 2666.374563 2677.101595 2678.258092 2671.420733 2671.190876 2700.367985 2718.662062 2728.530777 2718.036183 2737.379687 2762.850146 2803.350291 2791.046236 2835.357145 2884.907919 2933.128783 2954.287824 2958.318827 2972.180528 2991.624848 3034.898158 3110.776766 3194.889201 3269.605263 3313.804259 3363.588054 3402.405621 3429.244157 3456.394417 3476.990418 3468.678092 3443.883904 3411.256762 3354.145072 -9999.0 -9999.0 -9999.0 -9999.0 -9999.0 -9999.0 -9999.0 -9999.0 -9999.0
-9999.0 -9999.0 1750.131284 1909.517487 2018.158791 2187.038996 2334.713175 2447.721894 2553.045078 2697.589323 2822.275181 2835.176649 2879.642443 2895.175789 2881.050862 2851.618035 2833.333590 2832.878144 2821.522147 2814.179324 2798.694594 2793.322453 2853.402643 2843.936998 2837.289664 2834.873738 2831.672855 2823.810166 2804.587689 2758.996778 2715.418307 2666.961452 2614.807035 2589.726743 2568.311877 2548.325367 2549.880015 2544.494918 2549.670843 2552.541918 2561.827618 2575.905641 2595.690425 2618.935316 2629.001191 2639.342876 2651.398902 2674.753992 2707.289825 2749.177538 2803.817666 2815.483716 2850.926140 2858.189232 2841.535061 2838.060424 2847.869030 2878.619977 2943.992970 3004.169738 3091.685814 3155.704759 3221.103188 3275.851504 3301.744973 3338.091827 3406.417444 3454.304604 3494.455558 3472.183908 -9999.0 -9999.0 -9999.0 -9999.0 -9999.0 -9999.0 -9999.0 -9999.0 -9999.0 -9999.0
-9999.0 -9999.0 -9999.0 -9999.0 1770.799914 1920.824418 2019.786371 2102.675811 2238.665467 2370.656965 2479.745841 2568.140416 2637.463676 2666.956448 2668.793253 2684.057672 2682.337022 2672.703182 2659.620055 2659.489788 2659.019348 2649.278520 2631.424354 2623.879350 2626.504886 2633.541621 2631.697003 2618.838729 2600.484131 2582.975342 2566.508930 2533.462691 2499.399532 2470.365057 2457.119457 2452.627921 2452.189884 2444.349695 2452.807635 2461.571209 2477.590905 2492.959573 2516.618615 2545.868896 2560.519015 2575.576595 2584.988579 2604.746850 2635.556466 2689.302630 2753.554439 2811.791085 2810.484396 2811.102983 2833.595442 2818.447892 2814.478526 2841.613136 2801.067783 2853.732592 2943.565189 2996.076109 3042.321131 3081.884116 3118.043093 3180.675610 3272.419952 3352.189458 -9999.0 -9999.0 -9999.0 -9999.0 -9999.0 -9999.0 -9999.0 -9999.0 -9999.0 -9999.0 -9999.0 -9999.0
-9999.0 -9999.0 -9999.0 -9999.0 -9999.0 -9999.0 1744.691318 1850.853702 1923.634466 2075.773683 2220.165738 2328.855439 2413.577895 2449.852026 2483.456205 2513.855457 2513.751615 2492.878490 2469.749589 2488.200982 2503.345284 2494.811852 2461.924817 2462.157093 2468.354239 2476.388589 2474.216578 2468.449968 2443.767723 2458.761358 2461.546345 2438.120899 2412.133170 2398.620223 2386.633742 2396.106501 2396.012180 2381.712628 2381.079251 2408.904634 2429.992621 2443.094984 2464.416230 2497.681903 2530.317864 2546.173216 2547.599323 2553.197046 2591.298543 2661.535989 2734.464139 2791.344522 2792.258806 2797.143014 2810.750387 2771.721913 2752.868614 2760.805979 2795.281019 2846.318847 2825.705911 2863.134477 2876.867570 2880.790946 2894.880059 2979.964542 -9999.0 -9999.0 -9999.0 -9999.0 -9999.0 -9999.0 -9999.0 -9999.0 -9999.0 -9999.0 -9999.0 -9999.0 -9999.0 -9999.0
-9999.0 -9999.0 -9999.0 -9999.0 -9999.0 -9999.0 -9999.0 -9999.0 -9999.0 -9999.0 -9999.0 -9999.0 -9999.0 -9999.0 -9999.0 -9999.0 -9999.0 -9999.0 -9999.0 -9999.0 -9999.0 -9999.0 -9999.0 -9999.0 -9999.0 -9999.0 -9999.0 -9999.0 -9999.0 -9999.0 -9999.0 -9999.0 -9999.0 -9999.0 -9999.0 -9999.0 -9999.0 -9999.0 -9999.0 -9999.0 -9999.0 -9999.0 -9999.0 -9999.0 -9999.0 -9999.0 -9999.0 -9999.0 -9999.0 -9999.0 -9999.0 -9999.0 -9999.0 -9999.0 -9999.0 -9999.0 -9999.0 -9999.0 -9999.0 -9999.0 -9999.0 -9999.0 -9999.0 -9999.0 -9999.0 -9999.0 -9999.0 -9999.0 -9999.0 -9999.0 -9999.0 -9999.0 -9999.0 -9999.0 -9999.0 -9999.0 -9999.0 -9999.0 -9999.0 -9999.0
-9999.0 -9999.0 -9999.0 -9999.0 -9999.0 -9999.0 -9999.0 -9999.0 -9999.0 -9999.0 -9999.0 -9999.0 -9999.0 -9999.0 -9999.0 -9999.0 -9999.0 -9999.0 -9999.0 -9999.0 -9999.0 -9999.0 -9999.0 -9999.0 -9999.0 -9999.0 -9999.0 -9999.0 -9999.0 -9999.0 -9999.0 -9999.0 -9999.0 -9999.0 -9999.0 -9999.0 -9999.0 -9999.0 -9999.0 -9999.0 -9999.0 -9999.0 -9999.0 -9999.0 -9999.0 -9999.0 -9999.0 -9999.0 -9999.0 -9999.0 -9999.0 -9999.0 -9999.0 -9999.0 -9999.0 -9999.0 -9999.0 -9999.0 -9999.0 -9999.0 -9999.0 -9999.0 -9999.0 -9999.0 -9999.0 -9999.0 -9999.0 -9999.0 -9999.0 -9999.0 -9999.0 -9999.0 -9999.0 -9999.0 -9999.0 -9999.0 -9999.0 -9999.0 -9999.0 -9999.0