Borden_/Borden1m_014/output_maps/psiliqL0008N0031.asc
ncols         80
nrows         18
xllcorner     620200.000000
yllcorner     5168000.000000
cellsize      1.000000
NODATA_value  -9999.0
-9999.0 -9999.0 -9999.0 -9999.0 -9999.0 -9999.0 -9999.0 -9999.0 -9999.0 -9999.0 -9999.0 -9999.0 -9999.0 -9999.0 -9999.0 -9999.0 -9999.0 -9999.0 -9999.0 -9999.0 -9999.0 -9999.0 -9999.0 -9999.0 -9999.0 -9999.0 -9999.0 -9999.0 -9999.0 -9999.0 -9999.0 -9999.0 -9999.0 -9999.0 -9999.0 -9999.0 -9999.0 -9999.0 -9999.0 -9999.0 -9999.0 -9999.0 -9999.0 -9999.0 -9999.0 -9999.0 -9999.0 -9999.0 -9999.0 -9999.0 -9999.0 -9999.0 -9999.0 -9999.0 -9999.0 -9999.0 -9999.0 -9999.0 -9999.0 -9999.0 -9999.0 -9999.0 -9999.0 -9999.0 -9999.0 -9999.0 -9999.0 -9999.0 -9999.0 -9999.0 -9999.0 -9999.0 -9999.0 -9999.0 -9999.0 -9999.0 -9999.0 -9999.0 -9999.0 -9999.0
-9999.0 -9999.0 -9999.0 -9999.0 -9999.0 -9999.0 -9999.0 -9999.0 -9999.0 -9999.0 -9999.0 -9999.0 -9999.0 -9999.0 -9999.0 -9999.0 -9999.0 -9999.0 -9999.0 -9999.0 -9999.0 -9999.0 -9999.0 -9999.0 -9999.0 -9999.0 -9999.0 -9999.0 -9999.0 -9999.0 -9999.0 -9999.0 -9999.0 -9999.0 -9999.0 -9999.0 -9999.0 -9999.0 -9999.0 -9999.0 -9999.0 -9999.0 -9999.0 -9999.0 -9999.0 -9999.0 -9999.0 -9999.0 -9999.0 -9999.0 -9999.0 -9999.0 -9999.0 -9999.0 -9999.0 -9999.0 -9999.0 -9999.0 -9999.0 -9999.0 -9999.0 -9999.0 -9999.0 -9999.0 -9999.0 -9999.0 -9999.0 -9999.0 -9999.0 -9999.0 -9999.0 -9999.0 -9999.0 -9999.0 -9999.0 -9999.0 -9999.0 -9999.0 -9999.0 -9999.0
-9999.0 -9999.0 -9999.0 -9999.0 -9999.0 -9999.0 -9999.0 -9999.0 -9999.0 -9999.0 -9999.0 -9999.0 -9999.0 -9999.0 -9999.0 -9999.0 -9999.0 -9999.0 -9999.0 -9999.0 -268.461757 -265.402770 -288.153420 -322.191263 -350.651944 -348.702000 -313.542567 -272.253024 -234.103611 -223.268982 -241.161478 -239.534957 -244.390843 -244.182092 -240.791872 -234.536274 -231.703762 -219.834899 -210.895792 -210.719804 -216.610784 -222.131658 -223.077332 -219.310152 -214.346157 -223.621635 -210.343135 -195.098471 -188.958636 -194.849822 -223.221753 -239.806798 -248.455458 -263.310347 -239.039879 -226.601112 -203.606046 -199.342536 -200.661185 -227.872038 -258.058883 -9999.0 -9999.0 -9999.0 -9999.0 -9999.0 -9999.0 -9999.0 -9999.0 -9999.0 -9999.0 -9999.0 -9999.0 -9999.0 -9999.0 -9999.0 -9999.0 -9999.0 -9999.0 -9999.0
-9999.0 -9999.0 -9999.0 -9999.0 -9999.0 -9999.0 -9999.0 -9999.0 -9999.0 -9999.0 -9999.0 -9999.0 -9999.0 -9999.0 -358.964319 -369.239582 -372.362920 -363.838352 -329.956208 -299.940085 -287.291272 -294.902262 -294.959862 -318.483082 -338.600811 -324.315949 -294.725860 -262.839095 -227.801058 -206.334835 -218.686525 -220.983684 -209.604643 -180.489847 -164.334291 -166.362296 -187.978090 -164.649784 -146.949573 -135.725832 -135.575508 -143.623022 -127.448915 -109.897389 -116.816935 -136.054480 -134.158559 -123.039336 -108.646411 -126.440519 -194.764237 -217.835991 -222.052303 -229.543934 -243.591338 -250.607253 -225.966126 -225.089233 -233.488335 -251.580352 -283.894104 -327.934168 -345.772171 -307.240682 -262.674183 -204.447714 -9999.0 -9999.0 -9999.0 -9999.0 -9999.0 -9999.0 -9999.0 -9999.0 -9999.0 -9999.0 -9999.0 -9999.0 -9999.0 -9999.0
-9999.0 -9999.0 -9999.0 -9999.0 -9999.0 -9999.0 -9999.0 -9999.0 -9999.0 -415.731960 -412.253686 -405.306748 -403.693017 -388.156870 -389.978143 -383.123118 -375.188291 -348.985971 -317.729798 -282.368637 -253.137310 -262.892137 -262.183569 -249.266396 -241.393003 -227.360467 -205.080218 -161.754662 -114.724667 -68.254082 -95.497718 -96.090729 -73.584842 -17.314761 28.771917 42.185945 19.989065 24.601526 56.787912 90.317425 95.846708 96.834969 127.030167 143.435842 149.247934 125.803945 99.210001 93.639946 119.792565 56.606220 -21.856381 -84.196567 -87.924951 -124.247364 -170.212222 -195.284128 -199.453147 -177.961370 -194.345515 -232.945436 -270.184439 -279.961694 -296.699560 -280.490508 -257.778187 -210.560554 -171.785740 -142.916268 -142.582296 -159.940245 -9999.0 -9999.0 -9999.0 -9999.0 -9999.0 -9999.0 -9999.0 -9999.0 -9999.0 -9999.0
-9999.0 -9999.0 -9999.0 -9999.0 -9999.0 -9999.0 -494.111487 -485.538771 -466.078017 -460.706375 -436.621472 -429.254793 -408.837273 -389.475483 -368.847361 -351.584031 -320.170697 -286.971396 -244.224754 -198.048986 -163.088571 -165.232155 -152.225950 -113.091420 -63.454380 -25.124150 5.252797 55.944483 151.687018 207.014339 225.473857 234.057593 245.486586 288.706126 350.841061 371.035167 347.692241 331.875011 351.804935 393.966750 424.879752 430.666306 439.618717 448.248990 473.235381 461.784442 400.277047 374.417902 365.509320 351.985238 298.366389 237.715189 188.314884 128.002819 28.040811 -42.422458 -46.950137 -34.115808 -70.932939 -130.296955 -177.158809 -189.919376 -206.057431 -221.305498 -216.579503 -197.423068 -174.109267 -162.740816 -175.195924 -195.721497 -218.728792 -247.373709 -245.567538 -219.997270 -9999.0 -9999.0 -9999.0 -9999.0 -9999.0 -9999.0
-9999.0 -9999.0 -9999.0 -9999.0 -543.567707 -531.444379 -543.302305 -520.091041 -488.452046 -455.525997 -423.131107 -385.527353 -358.101949 -327.825990 -284.954096 -244.741436 -197.494862 -158.097907 -96.305527 -17.144221 48.419391 87.015295 114.526708 187.507120 253.720715 303.679658 323.500212 352.279907 401.578798 481.185827 511.781025 518.315374 537.014883 563.924938 606.036563 635.876656 621.816003 616.977813 621.170433 632.476620 660.240573 662.899636 664.945967 665.953446 668.388318 667.464997 641.757338 606.491851 587.873066 583.911325 560.357456 496.876128 435.190724 398.100750 367.866913 320.063946 253.973294 227.792287 161.960314 92.735505 8.091472 -26.346102 -65.548107 -97.240376 -132.537624 -134.554422 -133.448624 -154.391337 -185.605440 -217.735505 -232.622721 -251.114127 -261.072892 -231.036082 -213.154737 -181.942107 -9999.0 -9999.0 -9999.0 -9999.0
-9999.0 -9999.0 -601.195785 -551.414905 -495.915470 -487.645304 -485.649769 -480.958226 -454.253940 -403.374243 -323.407641 -268.269018 -220.034400 -185.822548 -119.277432 -22.483801 74.627840 138.475576 206.946028 274.233705 334.473346 376.674087 416.226591 456.530487 506.242823 554.836270 581.130828 602.782515 636.857586 670.106187 692.588324 707.714444 714.495471 711.311675 712.529340 711.403570 708.374207 703.806867 686.353761 684.125777 692.129672 695.840988 699.008776 686.442281 682.487843 694.713633 696.188576 694.796484 694.564650 703.591500 711.991911 679.570909 627.762582 607.153666 602.184176 558.135584 501.470080 442.434893 414.754013 371.185228 292.417111 239.017389 180.973030 117.301060 46.116756 -0.056321 -56.612936 -103.172388 -151.235660 -197.489927 -221.178526 -239.605974 -241.683136 -240.865216 -224.613739 -208.750751 -193.152182 -185.239846 -9999.0 -9999.0
-9999.0 -699.633793 -627.192315 -499.749601 -421.023328 -375.777154 -334.558613 -304.479065 -278.813861 -262.108822 -146.126773 -24.598879 85.655219 127.856925 191.143947 293.849109 404.280837 446.599195 480.724220 522.556404 573.660426 624.739243 655.336843 683.453381 711.107680 711.477435 711.219913 711.186752 705.247745 698.159876 688.251158 695.768346 693.186590 677.040137 663.230971 660.666903 654.164597 628.847879 600.674231 587.034450 590.875456 612.033797 601.660398 581.709166 578.083530 597.997644 614.414101 604.903240 589.836196 611.753765 646.672810 667.972706 682.779903 696.253798 717.283512 694.009291 662.572259 622.078246 603.118146 572.659961 501.674774 437.451270 382.273789 317.788417 251.323844 175.524475 98.282369 22.169226 -54.517244 -98.974105 -132.831678 -186.343249 -210.270782 -209.001772 -218.276301 -220.708640 -213.986128 -207.465982 -9999.0 -9999.0
-9999.0 -770.717308 -627.448020 -441.451540 -293.875246 -228.435051 -102.727355 -7.269259 30.442203 8.380581 143.579384 384.367355 467.795616 481.101360 544.179228 620.338659 658.985466 686.292384 704.025795 700.767330 698.813173 705.217583 703.150370 696.296627 682.525451 674.749901 673.729723 670.325284 650.544715 630.052864 609.331694 609.422697 589.860833 556.754866 526.162883 509.581257 487.595878 455.279199 416.567841 388.532255 374.847689 393.341616 383.773438 365.579794 361.924584 385.669129 419.019169 413.500600 419.300544 443.182701 487.116174 538.951384 562.548111 586.886872 626.997041 669.672218 688.424909 708.608013 713.779864 689.876241 645.278522 597.401474 563.086156 488.187366 412.590807 331.718401 269.714646 211.087672 136.703008 78.429895 16.815709 -51.308116 -115.186405 -146.283570 -186.828891 -208.212505 -9999.0 -9999.0 -9999.0 -9999.0
-9999.0 -835.608057 -644.196613 -377.527430 -114.631816 35.451747 243.951403 382.513129 469.815805 509.147092 554.053073 661.265426 683.221074 673.631223 657.155596 657.392994 670.466900 673.871064 669.987136 659.443496 647.511805 643.770078 642.246319 634.761364 622.474445 607.429451 594.438151 579.381375 527.355336 491.006667 459.129033 443.478092 407.276320 319.226511 278.606107 248.169281 191.467655 177.016567 161.090648 126.514676 103.365985 85.559443 105.600428 105.092034 105.773266 116.024052 140.813879 163.320261 209.623812 247.479924 290.903035 344.861322 380.239401 424.702201 476.254083 545.120470 577.870870 607.711041 651.544963 691.204394 712.772785 704.306068 674.312888 631.432217 562.586198 481.408173 427.861499 353.966016 290.387824 241.821501 201.129489 145.972157 64.528491 -49.812336 -97.079339 -9999.0 -9999.0 -9999.0 -9999.0 -9999.0
-9999.0 -988.475394 -721.050365 -423.138358 -82.829610 247.851912 361.491028 536.588976 612.344920 549.572705 518.785193 554.256255 591.267137 598.599145 578.010916 570.330748 562.623086 562.545309 574.600439 545.685039 503.222250 486.793703 485.072201 472.741110 449.517825 430.751045 416.266158 394.218614 341.484182 292.926841 220.774096 191.637704 108.844837 26.753612 -29.240047 -82.783148 -138.715810 -142.757310 -128.466288 -146.884107 -170.495299 -189.999010 -164.112097 -148.550003 -137.445624 -146.631428 -136.434217 -99.516503 -46.572089 3.107605 65.050022 134.417441 189.391457 245.223118 280.267312 334.966786 383.357436 432.149110 507.555036 595.450930 630.319076 664.714527 699.663181 715.220062 668.274259 616.877519 561.463338 481.340693 385.613832 340.109415 320.400759 291.713480 241.551907 -9999.0 -9999.0 -9999.0 -9999.0 -9999.0 -9999.0 -9999.0
-9999.0 -1122.854891 -890.272405 -641.163525 -338.673564 -93.600905 106.176857 232.485766 331.004484 307.195421 311.759583 340.539371 371.479044 393.613231 370.731280 335.048888 309.550961 313.164429 312.340107 288.188225 258.122300 243.673933 242.122383 233.870051 205.273650 185.732632 171.247907 143.466006 97.530126 28.416437 -65.210534 -138.062807 -203.907569 -242.573425 -274.513078 -308.679903 -348.488135 -338.182082 -323.641290 -328.649033 -341.453096 -346.247004 -316.589767 -298.302688 -288.296307 -301.614028 -283.149990 -255.900622 -213.399983 -170.527535 -120.499376 -62.299029 -3.116174 35.273010 59.121060 100.386024 154.511234 220.753917 307.032695 405.186717 481.395933 540.856445 587.681375 622.643837 638.206547 655.950207 635.407281 550.465481 400.083738 380.979658 380.915784 -9999.0 -9999.0 -9999.0 -9999.0 -9999.0 -9999.0 -9999.0 -9999.0 -9999.0
-9999.0 -9999.0 -1127.245523 -935.978347 -774.569309 -589.218067 -438.561236 -329.488389 -253.577553 -164.942244 -73.895525 7.342822 55.405692 75.150117 53.313177 5.107893 -24.998456 -25.530959 -35.695320 -51.622579 -78.331578 -88.848236 -98.942015 -107.635819 -122.659230 -131.520221 -138.146044 -150.983974 -176.133922 -225.737903 -280.713898 -333.961517 -389.476864 -415.049730 -437.320106 -460.290051 -464.098814 -465.639834 -458.641240 -457.504639 -452.373076 -440.782969 -419.930719 -398.674291 -389.375130 -382.606755 -370.111511 -346.508083 -313.398764 -272.561479 -220.146910 -163.998403 -125.019907 -111.995582 -120.199082 -111.702510 -85.217098 -32.235892 73.873372 181.876712 278.422200 351.021826 423.122901 473.374653 492.537799 523.572117 543.344341 457.758768 230.519282 321.256598 -9999.0 -9999.0 -9999.0 -9999.0 -9999.0 -9999.0 -9999.0 -9999.0 -9999.0 -9999.0
-9999.0 -9999.0 -9999.0 -9999.0 -1078.950514 -922.065913 -829.255332 -747.690041 -629.190977 -522.345170 -431.188264 -355.396219 -303.285045 -279.879581 -292.095299 -299.113719 -307.963759 -311.512559 -320.089782 -326.115849 -332.320201 -340.348302 -351.592236 -359.404798 -360.514679 -357.332212 -359.499078 -372.737913 -388.719356 -416.618702 -441.177437 -476.621826 -513.815308 -542.891175 -555.789622 -562.734058 -562.333489 -567.606451 -557.926861 -551.684245 -536.871910 -521.433034 -497.424384 -469.255663 -456.897364 -442.856374 -433.239973 -412.449204 -382.601608 -330.114234 -268.329454 -212.913374 -179.718966 -176.929788 -204.111785 -220.680177 -223.999493 -194.856120 -143.628122 -65.447489 54.331621 148.405227 223.311882 271.622896 304.402150 351.630601 394.808298 409.024228 -9999.0 -9999.0 -9999.0 -9999.0 -9999.0 -9999.0 -9999.0 -9999.0 -9999.0 -9999.0 -9999.0 -9999.0
-9999.0 -9999.0 -9999.0 -9999.0 -9999.0 -9999.0 -1136.082036 -1042.196631 -954.827038 -836.429921 -726.749986 -636.776370 -563.717902 -539.720667 -523.278767 -501.448662 -506.329965 -523.139185 -539.440472 -523.106742 -513.944877 -518.679178 -545.830112 -547.330896 -543.908785 -534.377010 -535.363648 -541.274779 -565.865773 -557.951200 -559.460996 -582.292520 -608.150484 -622.408097 -633.755829 -623.615693 -622.612711 -634.902628 -632.215057 -606.247343 -586.636723 -573.173005 -550.615356 -517.576218 -485.767773 -471.738554 -470.980572 -464.929628 -423.411252 -353.341569 -283.760760 -231.186646 -201.311448 -194.955932 -224.758941 -267.123540 -289.975036 -284.404785 -250.405934 -196.181952 -115.805233 -60.257706 -21.716196 7.273164 44.576208 156.310181 -9999.0 -9999.0 -9999.0 -9999.0 -9999.0 -9999.0 -9999.0 -9999.0 -9999.0 -9999.0 -9999.0 -9999.0 -9999.0 -9999.0
-9999.0 -9999.0 -9999.0 -9999.0 -9999.0 -9999.0 -9999.0 -9999.0 -9999.0 -9999.0 -9999.0 -9999.0 -9999.0 -9999.0 -9999.0 -9999.0 -9999.0 -9999.0 -9999.0 -9999.0 -9999.0 -9999.0 -9999.0 -9999.0 -9999.0 -9999.0 -9999.0 -9999.0 -9999.0 -9999.0 -9999.0 -9999.0 -9999.0 -9999.0 -9999.0 -9999.0 -9999.0 -9999.0 -9999.0 -9999.0 -9999.0 -9999.0 -9999.0 -9999.0 -9999.0 -9999.0 -9999.0 -9999.0 -9999.0 -9999.0 -9999.0 -9999.0 -9999.0 -9999.0 -9999.0 -9999.0 -9999.0 -9999.0 -9999.0 -9999.0 -9999.0 -9999.0 -9999.0 -9999.0 -9999.0 -9999.0 -9999.0 -9999.0 -9999.0 -9999.0 -9999.0 -9999.0 -9999.0 -9999.0 -9999.0 -9999.0 -9999.0 -9999.0 -9999.0 -9999.0
-9999.0 -9999.0 -9999.0 -9999.0 -9999.0 -9999.0 -9999.0 -9999.0 -9999.0 -9999.0 -9999.0 -9999.0 -9999.0 -9999.0 -9999.0 -9999.0 -9999.0 -9999.0 -9999.0 -9999.0 -9999.0 -9999.0 -9999.0 -9999.0 -9999.0 -9999.0 -9999.0 -9999.0 -9999.0 -9999.0 -9999.0 -9999.0 -9999.0 -9999.0 -9999.0 -9999.0 -9999.0 -9999.0 -9999.0 -9999.0 -9999.0 -9999.0 -9999.0 -9999.0 -9999.0 -9999.0 -9999.0 -9999.0 -9999.0 -9999.0 -9999.0 -9999.0 -9999.0 -9999.0 -9999.0 -9999.0 -9999.0 -9999.0 -9999.0 -9999.0 -9999.0 -9999.0 -9999.0 -9999.0 -9999.0 -9999.0 -9999.0 -9999.0 -9999.0 -9999.0 -9999.0 -9999.0 -9999.0 -9999.0 -9999.0 -9999.0 -9999.0 -9999.0 -9999.0 -9999.0