Borden_/Borden1m_014/output_maps/psiliqL0008N0038.asc
ncols         80
nrows         18
xllcorner     620200.000000
yllcorner     5168000.000000
cellsize      1.000000
NODATA_value  -9999.0
-9999.0 -9999.0 -9999.0 -9999.0 -9999.0 -9999.0 -9999.0 -9999.0 -9999.0 -9999.0 -9999.0 -9999.0 -9999.0 -9999.0 -9999.0 -9999.0 -9999.0 -9999.0 -9999.0 -9999.0 -9999.0 -9999.0 -9999.0 -9999.0 -9999.0 -9999.0 -9999.0 -9999.0 -9999.0 -9999.0 -9999.0 -9999.0 -9999.0 -9999.0 -9999.0 -9999.0 -9999.0 -9999.0 -9999.0 -9999.0 -9999.0 -9999.0 -9999.0 -9999.0 -9999.0 -9999.0 -9999.0 -9999.0 -9999.0 -9999.0 -9999.0 -9999.0 -9999.0 -9999.0 -9999.0 -9999.0 -9999.0 -9999.0 -9999.0 -9999.0 -9999.0 -9999.0 -9999.0 -9999.0 -9999.0 -9999.0 -9999.0 -9999.0 -9999.0 -9999.0 -9999.0 -9999.0 -9999.0 -9999.0 -9999.0 -9999.0 -9999.0 -9999.0 -9999.0 -9999.0
-9999.0 -9999.0 -9999.0 -9999.0 -9999.0 -9999.0 -9999.0 -9999.0 -9999.0 -9999.0 -9999.0 -9999.0 -9999.0 -9999.0 -9999.0 -9999.0 -9999.0 -9999.0 -9999.0 -9999.0 -9999.0 -9999.0 -9999.0 -9999.0 -9999.0 -9999.0 -9999.0 -9999.0 -9999.0 -9999.0 -9999.0 -9999.0 -9999.0 -9999.0 -9999.0 -9999.0 -9999.0 -9999.0 -9999.0 -9999.0 -9999.0 -9999.0 -9999.0 -9999.0 -9999.0 -9999.0 -9999.0 -9999.0 -9999.0 -9999.0 -9999.0 -9999.0 -9999.0 -9999.0 -9999.0 -9999.0 -9999.0 -9999.0 -9999.0 -9999.0 -9999.0 -9999.0 -9999.0 -9999.0 -9999.0 -9999.0 -9999.0 -9999.0 -9999.0 -9999.0 -9999.0 -9999.0 -9999.0 -9999.0 -9999.0 -9999.0 -9999.0 -9999.0 -9999.0 -9999.0
-9999.0 -9999.0 -9999.0 -9999.0 -9999.0 -9999.0 -9999.0 -9999.0 -9999.0 -9999.0 -9999.0 -9999.0 -9999.0 -9999.0 -9999.0 -9999.0 -9999.0 -9999.0 -9999.0 -9999.0 -267.577952 -264.491581 -287.228397 -321.242800 -349.633722 -347.607066 -312.351764 -270.900496 -232.571841 -221.607029 -239.466737 -237.779399 -242.557572 -242.223839 -238.699514 -232.344306 -229.432277 -217.401431 -208.261135 -207.911921 -213.687583 -219.141667 -220.012999 -216.195258 -211.257199 -220.640890 -207.425981 -192.224124 -186.189130 -192.342727 -221.111725 -237.975267 -246.813877 -261.833835 -237.667190 -225.314537 -202.351069 -198.151637 -199.556173 -226.912984 -257.204322 -9999.0 -9999.0 -9999.0 -9999.0 -9999.0 -9999.0 -9999.0 -9999.0 -9999.0 -9999.0 -9999.0 -9999.0 -9999.0 -9999.0 -9999.0 -9999.0 -9999.0 -9999.0 -9999.0
-9999.0 -9999.0 -9999.0 -9999.0 -9999.0 -9999.0 -9999.0 -9999.0 -9999.0 -9999.0 -9999.0 -9999.0 -9999.0 -9999.0 -358.281879 -368.509999 -371.564995 -362.967641 -329.023507 -298.922735 -286.233707 -293.798068 -293.792226 -317.250334 -337.269957 -322.863102 -293.081469 -260.934267 -225.604676 -203.873254 -216.200511 -218.431491 -206.871782 -177.342322 -160.745963 -162.628153 -184.240385 -160.586092 -142.373368 -130.722635 -130.266479 -138.213937 -121.914192 -104.276263 -111.352364 -130.766984 -128.997290 -117.967714 -103.769240 -122.038137 -191.478653 -215.162506 -219.668315 -227.432957 -241.754265 -248.986967 -224.447150 -223.666460 -232.205036 -250.456464 -282.916349 -327.056298 -344.972326 -306.509855 -261.952703 -203.653023 -9999.0 -9999.0 -9999.0 -9999.0 -9999.0 -9999.0 -9999.0 -9999.0 -9999.0 -9999.0 -9999.0 -9999.0 -9999.0 -9999.0
-9999.0 -9999.0 -9999.0 -9999.0 -9999.0 -9999.0 -9999.0 -9999.0 -9999.0 -415.241481 -411.713920 -404.695062 -402.995882 -387.383002 -389.146093 -382.205924 -374.161682 -347.858041 -316.469666 -280.908836 -251.466633 -261.078363 -260.213032 -247.098808 -238.965548 -224.574207 -201.811320 -157.788058 -110.261837 -63.130782 -90.780539 -91.426350 -68.509804 -10.743654 36.400206 49.465089 28.243497 33.500309 65.932478 98.380189 104.367579 105.420505 133.129335 147.915914 153.143000 131.315703 106.487733 100.819572 124.587880 64.455681 -14.982382 -79.218458 -83.246277 -120.021305 -166.604606 -192.394531 -196.853971 -175.448326 -192.156380 -231.139928 -268.696642 -278.682742 -295.598898 -279.510939 -256.882972 -209.666460 -170.809993 -141.824080 -141.583743 -159.158647 -9999.0 -9999.0 -9999.0 -9999.0 -9999.0 -9999.0 -9999.0 -9999.0 -9999.0 -9999.0
-9999.0 -9999.0 -9999.0 -9999.0 -9999.0 -9999.0 -493.735477 -485.115347 -465.586876 -460.143281 -435.960331 -428.466365 -407.911767 -388.412083 -367.640974 -350.181362 -318.502879 -285.024103 -241.912862 -195.123670 -159.409772 -161.173769 -147.842267 -108.514164 -58.232296 -18.618783 13.101255 63.681777 153.395531 206.300956 223.360101 230.910809 241.541663 285.909941 348.219061 365.283419 346.124218 332.057456 353.682357 396.157362 425.811083 431.472618 440.045269 448.370767 473.432500 462.600298 402.701007 377.163328 367.207804 352.317283 297.101927 234.580757 187.472148 130.642550 35.784207 -36.281729 -41.544688 -28.611588 -66.109197 -126.326506 -174.064880 -187.400520 -203.973496 -219.558270 -215.103013 -196.127671 -172.932119 -161.698679 -174.391624 -195.137126 -218.324625 -247.094269 -245.329818 -219.743670 -9999.0 -9999.0 -9999.0 -9999.0 -9999.0 -9999.0
-9999.0 -9999.0 -9999.0 -9999.0 -543.257293 -531.077072 -542.857303 -519.553074 -487.798194 -454.718455 -422.106945 -384.250642 -356.537164 -325.988994 -282.733477 -241.818332 -193.617606 -153.725496 -91.303587 -10.173114 56.687557 93.862504 119.185391 187.506207 251.068738 302.208038 323.364258 352.906807 400.964953 479.684973 510.015957 516.530571 535.193459 562.029247 604.411134 632.986059 620.014988 612.860213 619.952308 631.930791 659.669645 662.286534 664.203139 665.224265 667.713290 666.923954 641.634525 607.386008 590.112139 577.057137 558.563525 495.343825 434.249391 398.173779 368.832355 319.882928 250.395406 224.281345 162.044113 97.488781 15.009036 -20.675969 -60.884068 -93.195839 -129.210487 -131.835568 -131.331228 -152.935948 -184.678483 -217.133690 -232.199214 -250.810865 -260.836389 -230.790354 -212.904995 -181.660990 -9999.0 -9999.0 -9999.0 -9999.0
-9999.0 -9999.0 -601.010242 -551.155858 -495.564324 -487.154901 -484.972295 -480.052446 -453.095013 -401.937125 -321.484496 -265.450434 -216.347719 -181.589433 -114.313343 -15.020886 82.437895 141.771745 205.973888 272.800505 335.344176 376.703458 413.050525 456.666531 504.146628 552.400047 579.230930 600.367713 633.163436 668.081893 690.834184 705.947857 712.580253 709.236887 710.383619 708.664734 705.739073 700.673715 684.665264 682.969901 691.207211 694.759339 697.509615 685.404526 681.519451 693.482191 694.872140 694.163811 693.932867 700.711341 710.242475 678.107411 626.291617 605.349240 601.686820 562.960743 498.524954 439.650253 413.515523 370.655003 289.979064 234.820525 179.191892 119.652100 52.626727 6.310627 -52.016855 -100.232504 -149.641402 -196.557947 -220.559387 -239.179619 -241.353214 -240.591872 -224.357911 -208.509046 -192.932599 -185.029703 -9999.0 -9999.0
-9999.0 -699.545136 -627.012130 -499.437940 -420.527229 -374.998489 -333.348437 -302.449720 -276.034039 -258.804512 -141.434288 -16.576975 92.246975 131.620724 191.302496 293.975668 405.056989 448.768754 479.631306 521.469859 577.279725 621.902958 653.174476 681.765837 709.143487 709.623377 709.482144 709.317387 703.303311 696.601166 687.073289 694.216408 691.987859 675.108144 660.218995 656.726238 648.490218 623.163997 598.443495 585.946632 590.266764 611.026274 598.380709 580.673262 577.239103 595.980815 611.036736 604.449339 590.819674 605.023202 644.166330 666.236044 681.191540 694.383264 715.695187 693.243670 660.528761 618.903540 601.300073 571.109875 499.479951 434.154154 379.208608 314.284117 246.950589 173.251214 100.617526 26.943812 -51.311911 -96.802978 -131.320410 -185.437204 -209.647958 -208.535784 -217.936233 -220.451592 -213.784900 -207.284867 -9999.0 -9999.0
-9999.0 -770.672912 -627.238497 -441.026967 -292.981189 -226.561034 -99.724965 -0.836532 38.427684 16.713688 145.718368 385.303709 468.047367 480.890601 543.058307 619.230726 657.975369 685.397273 702.440531 698.918139 697.682272 702.181739 700.353057 693.969664 680.506186 672.942750 672.178594 668.712759 649.056085 629.550485 612.329642 609.325318 593.639115 555.015609 519.945524 500.502808 475.560371 449.716028 414.828076 388.918041 376.481556 395.469679 385.294171 367.293550 363.523902 386.707528 419.106747 413.331535 417.843455 440.155345 484.720249 536.947618 560.754295 584.353571 624.915674 667.926015 686.461840 705.884257 711.611330 688.257188 644.851276 594.546195 560.178159 484.492178 407.933250 325.821786 262.465424 202.849487 131.564981 77.790362 19.186858 -48.849934 -113.400686 -145.105751 -186.181248 -207.858209 -9999.0 -9999.0 -9999.0 -9999.0
-9999.0 -835.592042 -643.958936 -376.927103 -112.144624 37.925172 240.492242 380.068070 466.145782 508.083090 553.190009 660.411550 682.157364 672.624892 655.934786 655.900296 668.976873 672.260607 667.995383 656.823522 644.394071 635.116126 636.275399 631.305215 620.013603 605.346796 592.738784 577.613090 525.706368 489.088446 457.023904 441.887432 407.301046 318.049232 274.640182 242.647197 187.270269 174.911747 160.853819 129.195376 108.495802 92.107725 110.837845 110.464663 111.084921 120.071484 142.577970 163.464284 207.312013 243.778860 288.369077 343.289102 378.476481 422.131355 473.881276 543.122488 575.487930 600.735368 648.091847 688.965709 710.892734 701.769634 671.627049 628.028653 558.636978 475.684529 419.953346 343.541975 278.589531 229.866449 190.098990 139.313250 64.930262 -46.477671 -95.098667 -9999.0 -9999.0 -9999.0 -9999.0 -9999.0
-9999.0 -988.474655 -720.887177 -422.454736 -80.315871 245.777996 357.410755 530.362399 606.088855 544.355468 516.551581 553.119490 590.137447 597.834509 576.813485 567.875235 560.893385 560.693868 571.834624 539.566559 498.229744 481.228749 479.959297 468.478335 446.485086 428.597423 414.714172 393.099914 340.296632 290.431328 216.588016 189.628017 111.862732 34.175016 -23.257323 -78.479902 -135.053241 -139.117052 -124.640636 -142.964089 -166.603230 -186.151855 -160.150680 -144.440786 -133.224493 -142.497698 -132.287842 -94.955020 -40.923399 10.198323 72.059692 137.123058 188.922615 242.004372 277.728789 333.944545 382.134349 429.308948 504.843906 593.242537 627.861012 662.149936 697.542415 711.862221 664.146007 611.089932 553.271957 470.800819 372.498911 325.052575 305.806380 279.649603 231.091790 -9999.0 -9999.0 -9999.0 -9999.0 -9999.0 -9999.0 -9999.0
-9999.0 -1122.854885 -890.263593 -640.728413 -337.570551 -90.592631 103.745004 227.599447 325.722382 304.114299 310.355918 341.256408 373.118028 395.476589 372.302007 335.366498 308.719625 311.827080 310.169455 284.006405 252.561981 237.373147 235.856581 228.263125 201.710119 183.690553 170.178921 144.080368 101.556068 35.369928 -60.238980 -134.319137 -200.434586 -239.546215 -272.048548 -306.621311 -346.585882 -336.399393 -321.912574 -326.965492 -339.815524 -344.635875 -314.935267 -296.593289 -286.542431 -299.837481 -281.288668 -253.846848 -210.944483 -167.397795 -116.297720 -56.753762 4.249825 43.382849 67.067384 105.919307 155.582196 217.956440 304.983708 403.047849 478.487521 537.220573 589.577397 618.735825 632.210981 645.725009 626.241539 539.325649 386.483588 364.600918 364.665944 -9999.0 -9999.0 -9999.0 -9999.0 -9999.0 -9999.0 -9999.0 -9999.0 -9999.0
-9999.0 -9999.0 -1127.245516 -935.972065 -774.239714 -587.977379 -436.292702 -327.209734 -250.572015 -161.989800 -69.119950 14.775328 62.466849 81.441125 60.806235 12.973191 -18.290658 -19.199350 -29.924149 -46.680285 -74.252857 -85.110993 -95.380945 -104.095710 -119.027048 -127.842286 -134.491338 -147.390170 -172.724050 -222.845535 -278.509445 -332.155151 -387.829016 -413.599152 -436.027329 -459.113990 -463.023451 -464.625942 -457.670804 -456.569449 -451.464314 -439.884204 -419.022619 -397.753729 -388.432330 -381.635346 -369.095024 -345.423804 -312.171644 -271.079028 -218.263866 -161.475566 -121.628440 -107.969901 -115.900779 -107.035316 -80.055471 -25.816989 79.999677 181.279467 275.961456 348.194235 419.563796 467.196685 481.482762 499.700179 530.604389 445.713893 217.702018 302.782411 -9999.0 -9999.0 -9999.0 -9999.0 -9999.0 -9999.0 -9999.0 -9999.0 -9999.0 -9999.0
-9999.0 -9999.0 -9999.0 -9999.0 -1078.949961 -922.034094 -828.912066 -746.850666 -627.750062 -520.559034 -429.188323 -353.005965 -300.329829 -276.690950 -288.947308 -296.250806 -305.370188 -309.032554 -317.736486 -323.895630 -330.222886 -338.293855 -349.538287 -357.353630 -358.508425 -355.400606 -357.646310 -370.977721 -387.108679 -415.186728 -439.927469 -475.519644 -512.845831 -542.029028 -555.019334 -562.035351 -561.686884 -566.999922 -557.342041 -551.112735 -536.306685 -520.866806 -496.847651 -468.660832 -456.278895 -442.208403 -432.548688 -411.699965 -381.783806 -329.208209 -267.209003 -211.490336 -177.946345 -174.930029 -202.032596 -218.429825 -221.438752 -191.656647 -139.266245 -59.641395 61.499561 149.651162 219.554470 266.461422 297.781411 340.787933 383.406198 397.125841 -9999.0 -9999.0 -9999.0 -9999.0 -9999.0 -9999.0 -9999.0 -9999.0 -9999.0 -9999.0 -9999.0 -9999.0
-9999.0 -9999.0 -9999.0 -9999.0 -9999.0 -9999.0 -1136.081802 -1042.194590 -954.805246 -836.266920 -726.107796 -635.569463 -562.177034 -538.048750 -521.569793 -499.761224 -504.647430 -521.447861 -537.750608 -521.466662 -512.351424 -517.124170 -544.304271 -545.861686 -542.494459 -533.024237 -534.080500 -540.080898 -564.778265 -556.971283 -558.586071 -581.533329 -607.514003 -621.865435 -633.283703 -623.166782 -622.193070 -634.524422 -631.847665 -605.855503 -586.227715 -572.750660 -550.174264 -517.117107 -485.289271 -471.233973 -470.441180 -464.337085 -422.745145 -352.620902 -282.893248 -230.108853 -200.011792 -193.502611 -223.271226 -265.570145 -288.264182 -282.382926 -247.850142 -192.767750 -110.795942 -54.011818 -14.649808 14.808775 51.096174 154.397226 -9999.0 -9999.0 -9999.0 -9999.0 -9999.0 -9999.0 -9999.0 -9999.0 -9999.0 -9999.0 -9999.0 -9999.0 -9999.0 -9999.0
-9999.0 -9999.0 -9999.0 -9999.0 -9999.0 -9999.0 -9999.0 -9999.0 -9999.0 -9999.0 -9999.0 -9999.0 -9999.0 -9999.0 -9999.0 -9999.0 -9999.0 -9999.0 -9999.0 -9999.0 -9999.0 -9999.0 -9999.0 -9999.0 -9999.0 -9999.0 -9999.0 -9999.0 -9999.0 -9999.0 -9999.0 -9999.0 -9999.0 -9999.0 -9999.0 -9999.0 -9999.0 -9999.0 -9999.0 -9999.0 -9999.0 -9999.0 -9999.0 -9999.0 -9999.0 -9999.0 -9999.0 -9999.0 -9999.0 -9999.0 -9999.0 -9999.0 -9999.0 -9999.0 -9999.0 -9999.0 -9999.0 -9999.0 -9999.0 -9999.0 -9999.0 -9999.0 -9999.0 -9999.0 -9999.0 -9999.0 -9999.0 -9999.0 -9999.0 -9999.0 -9999.0 -9999.0 -9999.0 -9999.0 -9999.0 -9999.0 -9999.0 -9999.0 -9999.0 -9999.0
-9999.0 -9999.0 -9999.0 -9999.0 -9999.0 -9999.0 -9999.0 -9999.0 -9999.0 -9999.0 -9999.0 -9999.0 -9999.0 -9999.0 -9999.0 -9999.0 -9999.0 -9999.0 -9999.0 -9999.0 -9999.0 -9999.0 -9999.0 -9999.0 -9999.0 -9999.0 -9999.0 -9999.0 -9999.0 -9999.0 -9999.0 -9999.0 -9999.0 -9999.0 -9999.0 -9999.0 -9999.0 -9999.0 -9999.0 -9999.0 -9999.0 -9999.0 -9999.0 -9999.0 -9999.0 -9999.0 -9999.0 -9999.0 -9999.0 -9999.0 -9999.0 -9999.0 -9999.0 -9999.0 -9999.0 -9999.0 -9999.0 -9999.0 -9999.0 -9999.0 -9999.0 -9999.0 -9999.0 -9999.0 -9999.0 -9999.0 -9999.0 -9999.0 -9999.0 -9999.0 -9999.0 -9999.0 -9999.0 -9999.0 -9999.0 -9999.0 -9999.0 -9999.0 -9999.0 -9999.0