Borden_/Borden1m_014/output_maps/psiliqL0002N0015.asc
ncols         80
nrows         18
xllcorner     620200.000000
yllcorner     5168000.000000
cellsize      1.000000
NODATA_value  -9999.0
-9999.0 -9999.0 -9999.0 -9999.0 -9999.0 -9999.0 -9999.0 -9999.0 -9999.0 -9999.0 -9999.0 -9999.0 -9999.0 -9999.0 -9999.0 -9999.0 -9999.0 -9999.0 -9999.0 -9999.0 -9999.0 -9999.0 -9999.0 -9999.0 -9999.0 -9999.0 -9999.0 -9999.0 -9999.0 -9999.0 -9999.0 -9999.0 -9999.0 -9999.0 -9999.0 -9999.0 -9999.0 -9999.0 -9999.0 -9999.0 -9999.0 -9999.0 -9999.0 -9999.0 -9999.0 -9999.0 -9999.0 -9999.0 -9999.0 -9999.0 -9999.0 -9999.0 -9999.0 -9999.0 -9999.0 -9999.0 -9999.0 -9999.0 -9999.0 -9999.0 -9999.0 -9999.0 -9999.0 -9999.0 -9999.0 -9999.0 -9999.0 -9999.0 -9999.0 -9999.0 -9999.0 -9999.0 -9999.0 -9999.0 -9999.0 -9999.0 -9999.0 -9999.0 -9999.0 -9999.0
-9999.0 -9999.0 -9999.0 -9999.0 -9999.0 -9999.0 -9999.0 -9999.0 -9999.0 -9999.0 -9999.0 -9999.0 -9999.0 -9999.0 -9999.0 -9999.0 -9999.0 -9999.0 -9999.0 -9999.0 -9999.0 -9999.0 -9999.0 -9999.0 -9999.0 -9999.0 -9999.0 -9999.0 -9999.0 -9999.0 -9999.0 -9999.0 -9999.0 -9999.0 -9999.0 -9999.0 -9999.0 -9999.0 -9999.0 -9999.0 -9999.0 -9999.0 -9999.0 -9999.0 -9999.0 -9999.0 -9999.0 -9999.0 -9999.0 -9999.0 -9999.0 -9999.0 -9999.0 -9999.0 -9999.0 -9999.0 -9999.0 -9999.0 -9999.0 -9999.0 -9999.0 -9999.0 -9999.0 -9999.0 -9999.0 -9999.0 -9999.0 -9999.0 -9999.0 -9999.0 -9999.0 -9999.0 -9999.0 -9999.0 -9999.0 -9999.0 -9999.0 -9999.0 -9999.0 -9999.0
-9999.0 -9999.0 -9999.0 -9999.0 -9999.0 -9999.0 -9999.0 -9999.0 -9999.0 -9999.0 -9999.0 -9999.0 -9999.0 -9999.0 -9999.0 -9999.0 -9999.0 -9999.0 -9999.0 -9999.0 -490.091179 -488.705945 -491.037150 -493.566111 -495.861078 -496.295468 -493.837537 -491.277874 -488.281972 -487.929625 -490.808465 -489.873433 -491.102684 -491.996429 -492.244896 -491.441096 -490.988684 -490.103398 -489.632223 -490.096197 -490.918093 -491.403772 -492.031115 -492.006504 -490.941021 -492.349460 -490.448670 -488.798824 -488.364649 -488.032706 -489.884132 -490.466420 -490.626652 -492.991501 -488.776367 -487.923175 -485.321006 -485.256812 -484.476020 -487.364270 -490.239783 -9999.0 -9999.0 -9999.0 -9999.0 -9999.0 -9999.0 -9999.0 -9999.0 -9999.0 -9999.0 -9999.0 -9999.0 -9999.0 -9999.0 -9999.0 -9999.0 -9999.0 -9999.0 -9999.0
-9999.0 -9999.0 -9999.0 -9999.0 -9999.0 -9999.0 -9999.0 -9999.0 -9999.0 -9999.0 -9999.0 -9999.0 -9999.0 -9999.0 -493.070825 -494.569821 -495.313086 -496.060229 -493.844370 -492.347299 -492.757177 -494.311487 -492.762144 -495.533043 -498.094296 -496.600379 -494.845801 -493.854458 -491.735790 -490.007854 -491.902260 -492.380821 -491.553020 -488.178997 -486.981585 -487.867108 -492.419532 -488.200144 -486.565848 -485.536533 -485.691752 -487.774252 -485.222552 -482.212826 -483.945622 -487.158058 -486.294257 -484.601468 -481.674573 -482.439683 -492.401504 -492.602336 -491.726056 -491.081124 -492.452697 -493.582069 -489.406791 -490.310552 -490.776125 -490.840110 -492.596965 -496.119600 -497.862445 -493.825459 -490.957366 -484.422738 -9999.0 -9999.0 -9999.0 -9999.0 -9999.0 -9999.0 -9999.0 -9999.0 -9999.0 -9999.0 -9999.0 -9999.0 -9999.0 -9999.0
-9999.0 -9999.0 -9999.0 -9999.0 -9999.0 -9999.0 -9999.0 -9999.0 -9999.0 -494.696403 -495.241065 -494.893428 -496.096274 -494.888519 -497.473805 -497.022371 -497.710793 -496.194241 -495.380380 -493.598016 -490.730914 -493.277817 -493.672140 -492.128508 -492.333743 -492.148631 -491.432677 -487.278660 -483.090235 -475.128706 -482.916624 -483.273153 -480.074765 -463.624198 -450.831452 -447.867425 -453.746963 -453.788024 -446.243923 -437.627537 -438.755169 -439.815360 -430.469238 -425.550696 -421.909902 -429.949853 -437.138766 -438.419897 -426.129829 -445.724488 -463.612553 -481.752738 -479.094251 -483.858247 -488.994042 -490.533920 -491.610246 -486.903846 -488.264311 -491.754727 -494.598950 -492.815461 -494.779053 -492.871906 -492.154725 -487.363534 -483.373344 -479.283158 -479.094326 -481.825682 -9999.0 -9999.0 -9999.0 -9999.0 -9999.0 -9999.0 -9999.0 -9999.0 -9999.0 -9999.0
-9999.0 -9999.0 -9999.0 -9999.0 -9999.0 -9999.0 -496.479579 -496.807714 -496.104272 -499.406358 -497.573589 -499.291152 -498.068989 -497.792518 -497.188538 -497.634908 -495.851423 -494.575667 -492.249681 -489.120673 -486.048213 -488.633493 -488.011047 -483.563207 -474.142013 -462.007391 -456.345895 -447.118807 -416.878574 -390.427206 -374.978987 -366.822847 -327.852610 -44.683894 11.062901 11.797506 11.119296 10.561593 11.086928 12.142156 12.153291 12.039488 12.223407 12.370157 13.386438 13.227501 11.995485 11.760241 11.758740 11.408647 -27.330430 -321.711656 -399.921980 -424.957729 -452.202753 -467.721490 -472.969941 -470.430750 -476.209829 -484.314295 -488.820423 -488.135227 -488.753168 -490.793763 -489.710126 -487.976896 -485.082958 -483.109738 -484.458061 -486.065944 -486.845336 -490.154045 -489.482919 -486.209130 -9999.0 -9999.0 -9999.0 -9999.0 -9999.0 -9999.0
-9999.0 -9999.0 -9999.0 -9999.0 -500.753701 -499.435353 -503.675635 -501.486626 -500.011979 -499.084458 -499.716127 -497.996387 -498.001803 -497.033910 -494.618696 -493.351077 -490.224773 -488.351137 -481.309148 -463.186913 -446.540163 -437.701950 -434.277388 -401.448416 -73.683743 9.814078 10.658452 11.187745 12.015910 13.891869 14.700480 14.894495 15.898939 18.290214 19.824457 21.391553 20.281497 20.139591 20.219867 20.311020 27.813239 28.039236 28.902014 28.898455 30.765709 32.884926 20.792945 19.704012 19.528798 19.430767 18.726505 15.045177 13.244426 12.492169 12.030995 10.443180 -68.737078 -360.985951 -414.123640 -436.212707 -458.498348 -469.452810 -476.040197 -479.188110 -484.393627 -482.951033 -480.972186 -483.467045 -486.541260 -489.492668 -489.255248 -490.477423 -492.488500 -487.952646 -486.916692 -482.463386 -9999.0 -9999.0 -9999.0 -9999.0
-9999.0 -9999.0 -500.439864 -500.850720 -497.561091 -500.157610 -501.715858 -503.885761 -503.462140 -500.624506 -495.577314 -494.569795 -491.965900 -491.030968 -483.918893 -462.496579 -440.313086 -424.360260 -382.982677 -59.495133 10.492172 11.646991 11.858172 13.145211 16.690165 18.868129 19.395657 19.871942 20.504261 32.383888 57.206660 71.180483 81.591750 68.870106 73.375538 66.591281 69.068181 62.462048 47.876560 44.787599 52.586794 53.260651 58.052787 45.101506 42.143367 53.415741 56.954725 56.214809 60.507812 65.942672 79.420362 49.409374 20.109610 19.899053 20.126898 18.959490 16.843609 13.910169 13.198503 12.028492 -21.653535 -288.857027 -403.087998 -430.708423 -454.089684 -463.829003 -473.664170 -479.235960 -484.278652 -489.394930 -490.499951 -490.985164 -489.741477 -490.716412 -488.399506 -486.972769 -484.379478 -483.591922 -9999.0 -9999.0
-9999.0 -500.983897 -502.828137 -497.178306 -497.345316 -496.993275 -496.527799 -496.154886 -495.124582 -498.146309 -485.030445 -458.958080 -434.627871 -427.191377 -392.795895 -66.149292 11.131468 12.640950 13.944056 17.254125 19.166813 20.330493 23.619250 54.728156 81.024328 69.993928 72.812469 66.812955 61.346216 52.702678 42.185739 50.989427 48.402269 35.450589 23.758824 23.083122 20.989494 19.936859 19.234085 18.955542 19.156215 20.117146 19.616766 18.961901 18.819685 19.459547 20.097829 19.652138 19.175444 19.766130 20.998729 29.246469 45.424995 58.498726 80.177496 56.470816 25.406927 19.939119 19.673843 19.158631 17.680089 14.842632 12.704424 10.638555 -63.825389 -405.158168 -438.166233 -459.903094 -473.913295 -478.597030 -481.243772 -488.569895 -489.907942 -487.551554 -488.520386 -488.592185 -487.608448 -486.922722 -9999.0 -9999.0
-9999.0 -507.336360 -501.881136 -496.756996 -491.305952 -493.099618 -469.298757 -449.686731 -445.277110 -457.494223 -410.768215 -4.063153 13.244414 13.151994 15.499171 19.840786 43.563751 62.174553 79.977905 66.197324 63.382819 62.751035 59.672341 50.661560 36.656915 29.906782 29.981373 28.408232 20.686284 20.089598 19.502421 19.699408 19.383363 18.509392 17.371634 15.505402 14.445921 13.881636 12.923275 12.234194 11.803892 12.651377 12.280597 11.712084 11.539405 12.214002 13.341137 12.964416 13.347414 14.734374 17.244486 18.384908 18.734824 19.372684 20.313000 29.821961 48.259495 65.672719 74.477248 48.814584 20.983560 19.455023 19.080739 17.852145 15.927238 11.555212 -36.848406 -340.033376 -414.526086 -435.866916 -456.784685 -470.614618 -480.951937 -482.003539 -487.255429 -487.007650 -9999.0 -9999.0 -9999.0 -9999.0
-9999.0 -507.594873 -502.462886 -492.354689 -469.929266 -433.824796 -50.696607 12.194784 13.729155 15.577869 16.977637 63.392378 72.697549 54.311962 28.719381 24.727183 33.614128 36.052649 31.376132 23.420853 20.670868 20.471859 20.431319 20.116478 19.802119 19.456836 19.242835 19.207943 18.337311 17.375350 14.767319 14.088524 13.190114 10.029706 -38.473233 -297.373827 -399.144100 -403.590547 -411.165969 -426.062697 -432.507874 -437.593531 -430.812601 -432.572690 -433.325891 -429.843130 -420.637876 -413.984017 -385.562965 -293.104266 -26.160521 11.287138 12.402710 14.223309 16.968022 18.633226 19.113980 19.655886 21.052101 49.793728 70.824409 62.280606 35.065861 20.781257 19.078813 17.711947 16.852199 13.559617 11.400950 -10.944900 -220.292289 -403.642187 -439.539412 -467.277479 -473.751215 -9999.0 -9999.0 -9999.0 -9999.0 -9999.0
-9999.0 -516.404901 -502.035723 -494.095583 -451.493965 -59.077166 12.012265 19.348068 60.813794 18.821022 17.869250 18.472657 19.740799 19.735707 18.937797 19.029204 18.866392 18.846684 19.589275 18.701414 17.524107 15.634848 15.441350 14.883829 13.925083 13.411158 13.172103 12.807197 11.194145 -29.116401 -354.696939 -388.971853 -428.779451 -450.945017 -463.828272 -476.771924 -485.848364 -485.226354 -481.532302 -484.193878 -486.989800 -490.405853 -486.412836 -484.826456 -483.094024 -485.527837 -485.392590 -480.592302 -472.793612 -464.926369 -447.389408 -426.981308 -404.924212 -327.599460 -40.971897 10.834417 12.357206 13.890633 17.502656 19.752587 20.357488 25.368419 60.066863 79.622482 41.438953 20.338703 19.498310 18.734768 17.222027 16.316926 14.723115 12.537607 10.341777 -9999.0 -9999.0 -9999.0 -9999.0 -9999.0 -9999.0 -9999.0
-9999.0 -521.022190 -505.234016 -504.203191 -489.210932 -457.209064 -402.077301 -61.106599 10.232707 10.362166 10.889248 11.512368 12.217127 12.952165 12.238648 11.235718 10.465291 10.748399 10.791832 9.671707 -43.514614 -307.254538 -321.003954 -342.182668 -384.006012 -398.161960 -404.968138 -417.144759 -432.264227 -449.914682 -474.820478 -484.385780 -490.902669 -492.502011 -493.829144 -495.406257 -499.519944 -496.810709 -494.977858 -495.372747 -496.666996 -497.794906 -494.627264 -493.808848 -492.881022 -496.083786 -494.140839 -492.940104 -489.721648 -486.722798 -482.239226 -475.247689 -465.569883 -458.999095 -450.259117 -437.470263 -419.919331 -365.235833 -34.835580 12.910624 17.105511 18.380318 19.623959 20.541305 20.889544 31.117400 39.646603 21.681594 17.570063 18.173570 18.251931 -9999.0 -9999.0 -9999.0 -9999.0 -9999.0 -9999.0 -9999.0 -9999.0 -9999.0
-9999.0 -9999.0 -524.467888 -518.322942 -513.227681 -508.474365 -501.727487 -491.706923 -485.000095 -475.333695 -461.990170 -447.035780 -437.518796 -432.939235 -439.266394 -452.151019 -459.267316 -458.404064 -460.386966 -464.494032 -473.331528 -477.184341 -478.443007 -479.286458 -481.753915 -482.674049 -482.933196 -483.572465 -485.237443 -489.837553 -493.602615 -496.031978 -499.255681 -498.516768 -498.828291 -500.025025 -498.573755 -498.910270 -498.590950 -498.830788 -498.502141 -497.922233 -497.397840 -496.547174 -496.683054 -496.444496 -496.291768 -495.520407 -494.388128 -493.007494 -489.801590 -484.794652 -481.126386 -480.454116 -482.973057 -482.340999 -479.591447 -472.896748 -444.342106 -398.214063 -53.825495 11.223503 14.190131 17.515305 18.064968 18.424938 19.335976 19.368036 13.045732 16.454894 -9999.0 -9999.0 -9999.0 -9999.0 -9999.0 -9999.0 -9999.0 -9999.0 -9999.0 -9999.0
-9999.0 -9999.0 -9999.0 -9999.0 -527.412241 -518.529377 -510.218575 -511.436832 -505.721428 -502.740289 -500.312942 -497.357921 -494.965361 -493.247852 -495.763730 -495.961901 -496.213745 -495.685082 -496.106311 -496.666035 -496.816830 -497.100870 -497.351347 -497.868085 -497.513005 -496.867571 -496.624516 -497.528801 -497.186623 -498.830995 -498.596167 -499.351853 -500.131667 -501.303780 -500.840860 -500.906757 -500.232699 -500.913729 -499.910868 -500.614529 -499.929556 -499.729926 -499.012717 -497.729479 -498.534635 -497.796398 -497.922775 -497.057807 -497.193004 -495.138454 -491.666321 -487.638804 -484.972078 -485.290694 -489.384016 -490.808543 -491.991526 -489.753993 -486.372606 -478.089768 -450.923857 -423.315751 -365.944289 -41.503583 10.531477 12.420224 16.176141 17.503660 -9999.0 -9999.0 -9999.0 -9999.0 -9999.0 -9999.0 -9999.0 -9999.0 -9999.0 -9999.0 -9999.0 -9999.0
-9999.0 -9999.0 -9999.0 -9999.0 -9999.0 -9999.0 -523.300153 -518.780620 -520.387198 -517.098115 -514.282241 -512.260946 -508.978609 -509.656306 -508.622939 -505.770772 -506.112133 -507.384411 -509.058624 -506.513725 -505.386607 -505.064018 -507.766895 -506.900796 -506.603610 -505.565110 -505.674230 -505.101498 -507.379501 -504.388388 -502.878745 -503.218804 -503.530578 -502.831856 -503.389704 -501.556061 -501.335815 -502.775094 -503.255961 -501.254583 -500.789560 -501.230165 -501.032512 -499.893661 -498.093406 -497.954425 -498.963378 -500.451028 -498.925437 -495.251076 -491.464712 -488.351616 -486.357312 -485.462938 -488.611891 -493.147255 -495.459824 -496.084810 -494.745375 -492.183176 -484.570995 -479.710695 -475.754231 -466.994308 -458.527486 -421.680294 -9999.0 -9999.0 -9999.0 -9999.0 -9999.0 -9999.0 -9999.0 -9999.0 -9999.0 -9999.0 -9999.0 -9999.0 -9999.0 -9999.0
-9999.0 -9999.0 -9999.0 -9999.0 -9999.0 -9999.0 -9999.0 -9999.0 -9999.0 -9999.0 -9999.0 -9999.0 -9999.0 -9999.0 -9999.0 -9999.0 -9999.0 -9999.0 -9999.0 -9999.0 -9999.0 -9999.0 -9999.0 -9999.0 -9999.0 -9999.0 -9999.0 -9999.0 -9999.0 -9999.0 -9999.0 -9999.0 -9999.0 -9999.0 -9999.0 -9999.0 -9999.0 -9999.0 -9999.0 -9999.0 -9999.0 -9999.0 -9999.0 -9999.0 -9999.0 -9999.0 -9999.0 -9999.0 -9999.0 -9999.0 -9999.0 -9999.0 -9999.0 -9999.0 -9999.0 -9999.0 -9999.0 -9999.0 -9999.0 -9999.0 -9999.0 -9999.0 -9999.0 -9999.0 -9999.0 -9999.0 -9999.0 -9999.0 -9999.0 -9999.0 -9999.0 -9999.0 -9999.0 -9999.0 -9999.0 -9999.0 -9999.0 -9999.0 -9999.0 -9999.0
-9999.0 -9999.0 -9999.0 -9999.0 -9999.0 -9999.0 -9999.0 -9999.0 -9999.0 -9999.0 -9999.0 -9999.0 -9999.0 -9999.0 -9999.0 -9999.0 -9999.0 -9999.0 -9999.0 -9999.0 -9999.0 -9999.0 -9999.0 -9999.0 -9999.0 -9999.0 -9999.0 -9999.0 -9999.0 -9999.0 -9999.0 -9999.0 -9999.0 -9999.0 -9999.0 -9999.0 -9999.0 -9999.0 -9999.0 -9999.0 -9999.0 -9999.0 -9999.0 -9999.0 -9999.0 -9999.0 -9999.0 -9999.0 -9999.0 -9999.0 -9999.0 -9999.0 -9999.0 -9999.0 -9999.0 -9999.0 -9999.0 -9999.0 -9999.0 -9999.0 -9999.0 -9999.0 -9999.0 -9999.0 -9999.0 -9999.0 -9999.0 -9999.0 -9999.0 -9999.0 -9999.0 -9999.0 -9999.0 -9999.0 -9999.0 -9999.0 -9999.0 -9999.0 -9999.0 -9999.0