Borden_/Borden1m_014/output_maps/psiliqL0027N0004.asc
ncols         80
nrows         18
xllcorner     620200.000000
yllcorner     5168000.000000
cellsize      1.000000
NODATA_value  -9999.0
-9999.0 -9999.0 -9999.0 -9999.0 -9999.0 -9999.0 -9999.0 -9999.0 -9999.0 -9999.0 -9999.0 -9999.0 -9999.0 -9999.0 -9999.0 -9999.0 -9999.0 -9999.0 -9999.0 -9999.0 -9999.0 -9999.0 -9999.0 -9999.0 -9999.0 -9999.0 -9999.0 -9999.0 -9999.0 -9999.0 -9999.0 -9999.0 -9999.0 -9999.0 -9999.0 -9999.0 -9999.0 -9999.0 -9999.0 -9999.0 -9999.0 -9999.0 -9999.0 -9999.0 -9999.0 -9999.0 -9999.0 -9999.0 -9999.0 -9999.0 -9999.0 -9999.0 -9999.0 -9999.0 -9999.0 -9999.0 -9999.0 -9999.0 -9999.0 -9999.0 -9999.0 -9999.0 -9999.0 -9999.0 -9999.0 -9999.0 -9999.0 -9999.0 -9999.0 -9999.0 -9999.0 -9999.0 -9999.0 -9999.0 -9999.0 -9999.0 -9999.0 -9999.0 -9999.0 -9999.0
-9999.0 -9999.0 -9999.0 -9999.0 -9999.0 -9999.0 -9999.0 -9999.0 -9999.0 -9999.0 -9999.0 -9999.0 -9999.0 -9999.0 -9999.0 -9999.0 -9999.0 -9999.0 -9999.0 -9999.0 -9999.0 -9999.0 -9999.0 -9999.0 -9999.0 -9999.0 -9999.0 -9999.0 -9999.0 -9999.0 -9999.0 -9999.0 -9999.0 -9999.0 -9999.0 -9999.0 -9999.0 -9999.0 -9999.0 -9999.0 -9999.0 -9999.0 -9999.0 -9999.0 -9999.0 -9999.0 -9999.0 -9999.0 -9999.0 -9999.0 -9999.0 -9999.0 -9999.0 -9999.0 -9999.0 -9999.0 -9999.0 -9999.0 -9999.0 -9999.0 -9999.0 -9999.0 -9999.0 -9999.0 -9999.0 -9999.0 -9999.0 -9999.0 -9999.0 -9999.0 -9999.0 -9999.0 -9999.0 -9999.0 -9999.0 -9999.0 -9999.0 -9999.0 -9999.0 -9999.0
-9999.0 -9999.0 -9999.0 -9999.0 -9999.0 -9999.0 -9999.0 -9999.0 -9999.0 -9999.0 -9999.0 -9999.0 -9999.0 -9999.0 -9999.0 -9999.0 -9999.0 -9999.0 -9999.0 -9999.0 3525.148156 3525.920897 3504.180875 3469.883796 3441.420082 3442.979389 3475.484077 3515.757738 3554.279516 3561.148809 3541.687571 3545.335606 3540.655450 3535.621634 3535.399524 3543.014340 3549.681497 3559.103627 3565.788908 3563.199422 3555.642036 3550.567833 3553.296844 3554.736968 3561.078623 3546.313357 3562.518147 3578.942337 3583.677900 3581.260273 3557.951748 3546.512348 3538.845005 3523.520755 3550.521321 3562.428570 3586.217963 3591.141440 3589.394517 3562.962341 3533.094649 -9999.0 -9999.0 -9999.0 -9999.0 -9999.0 -9999.0 -9999.0 -9999.0 -9999.0 -9999.0 -9999.0 -9999.0 -9999.0 -9999.0 -9999.0 -9999.0 -9999.0 -9999.0 -9999.0
-9999.0 -9999.0 -9999.0 -9999.0 -9999.0 -9999.0 -9999.0 -9999.0 -9999.0 -9999.0 -9999.0 -9999.0 -9999.0 -9999.0 3435.331847 3426.502314 3423.371319 3430.263838 3462.320552 3492.304635 3503.783567 3496.078053 3495.587548 3470.431773 3447.014170 3459.077443 3487.982306 3517.861290 3550.656839 3567.296644 3555.968691 3552.987938 3559.308642 3577.931364 3585.168392 3581.247616 3563.664394 3587.879435 3600.674190 3604.514221 3602.262740 3592.193783 3600.422256 3614.183671 3607.075177 3592.053422 3603.647568 3619.035548 3629.752230 3622.321943 3565.082766 3554.092448 3551.433078 3548.106545 3535.615977 3532.445600 3561.533357 3561.561095 3554.912071 3538.230480 3505.281701 3460.284234 3441.789349 3483.069768 3527.171741 3583.803552 -9999.0 -9999.0 -9999.0 -9999.0 -9999.0 -9999.0 -9999.0 -9999.0 -9999.0 -9999.0 -9999.0 -9999.0 -9999.0 -9999.0
-9999.0 -9999.0 -9999.0 -9999.0 -9999.0 -9999.0 -9999.0 -9999.0 -9999.0 3378.219867 3384.111441 3390.753642 3392.912107 3407.645308 3404.012357 3410.519787 3413.789473 3440.569688 3469.386576 3502.216605 3528.532129 3518.825214 3516.898549 3519.669451 3512.643833 3519.492650 3539.228911 3575.128456 3605.111659 3639.459219 3605.156447 3599.694232 3616.738755 3657.112801 3678.794542 3679.930871 3661.080638 3678.623859 3701.849592 3716.721587 3712.850508 3706.414261 3732.517397 3747.920556 3740.883319 3719.072423 3719.064835 3727.446833 3757.216390 3706.677724 3640.913183 3604.206843 3621.640533 3601.749332 3577.469818 3567.825500 3569.401761 3590.433993 3579.543283 3546.467069 3514.026428 3502.768052 3486.597839 3508.633246 3532.598456 3579.576904 3620.007173 3650.278619 3650.021573 3633.023719 -9999.0 -9999.0 -9999.0 -9999.0 -9999.0 -9999.0 -9999.0 -9999.0 -9999.0 -9999.0
-9999.0 -9999.0 -9999.0 -9999.0 -9999.0 -9999.0 3299.892650 3310.264824 3330.728044 3332.806246 3358.967592 3363.565822 3381.709283 3398.144131 3419.354538 3431.166181 3454.966496 3483.893473 3518.699457 3555.045432 3581.512640 3568.695165 3573.216236 3590.940554 3615.805034 3633.144076 3655.180953 3692.533866 3764.428858 3800.273447 3791.150789 3791.445804 3799.477942 3849.971753 3913.913500 3924.288425 3903.558521 3890.702596 3914.852231 3952.670076 3950.080424 3948.803578 3962.451760 3973.524716 4000.414263 3989.106258 3953.254214 3948.788521 3956.491284 3932.794230 3862.731572 3806.198870 3789.066096 3742.344383 3658.875364 3617.613498 3643.674381 3672.976882 3652.481570 3603.847823 3572.777295 3568.431400 3558.375897 3552.775272 3566.482992 3590.389010 3614.966869 3629.499587 3618.108732 3597.633176 3576.354796 3548.517953 3551.463595 3576.560084 -9999.0 -9999.0 -9999.0 -9999.0 -9999.0 -9999.0
-9999.0 -9999.0 -9999.0 -9999.0 3250.818762 3263.338839 3247.810495 3273.564990 3304.825747 3337.682705 3364.057392 3394.514278 3416.510313 3442.097043 3473.687354 3493.598308 3523.909584 3552.286587 3598.204697 3658.144935 3701.314280 3713.327401 3721.086314 3771.449039 3827.289545 3873.760653 3892.360791 3918.382186 3965.059737 4021.707446 4043.702731 4046.150404 4063.093342 4107.440346 4164.938748 4200.407634 4182.555667 4173.313216 4183.966824 4198.756048 4220.911117 4220.958722 4222.093880 4226.508489 4234.542095 4232.526567 4205.374198 4171.691948 4158.644634 4148.275752 4108.919088 4036.083319 4006.566319 3977.122005 3932.807495 3877.992311 3832.614010 3835.580338 3780.801345 3725.634751 3677.059599 3670.767713 3651.770087 3637.006597 3621.049765 3634.596403 3647.588504 3633.250949 3603.719742 3574.897555 3562.380719 3545.203076 3534.095575 3565.578865 3583.664442 3613.165612 -9999.0 -9999.0 -9999.0 -9999.0
-9999.0 -9999.0 3192.524973 3237.048881 3293.478594 3298.583105 3290.306545 3291.950257 3317.134087 3365.075789 3425.312766 3460.106984 3486.745881 3516.053475 3565.216609 3624.900329 3683.365984 3725.350932 3783.419861 3852.910571 3911.906746 3938.297124 3946.707731 3982.521431 4037.799490 4108.206227 4136.714075 4163.575414 4195.997779 4233.271231 4222.921476 4233.253771 4246.161294 4260.105451 4276.166559 4283.882651 4278.798527 4274.147432 4255.456377 4250.081907 4256.527120 4264.941207 4263.649756 4248.813465 4244.830266 4259.995952 4266.501476 4264.235925 4261.071263 4265.716233 4260.220685 4210.567023 4195.245481 4179.661322 4167.335422 4120.599739 4053.149075 4021.351373 3999.261260 3957.572260 3883.883117 3847.566678 3808.901136 3775.118197 3738.649874 3726.913749 3695.636305 3664.265923 3626.199245 3585.977132 3567.402723 3553.674902 3553.678249 3554.562889 3572.620985 3588.465260 3604.526420 3612.646062 -9999.0 -9999.0
-9999.0 3082.101519 3152.470135 3272.751071 3349.243306 3384.144973 3389.234042 3389.343906 3413.397293 3445.678915 3529.779753 3575.138478 3657.439426 3695.178819 3734.918131 3824.663647 3919.824984 3963.702858 4003.335981 4068.379201 4135.242731 4182.866648 4209.468090 4184.931920 4225.417746 4257.225975 4266.034573 4273.559109 4274.109163 4265.542052 4259.275698 4265.856680 4262.765074 4243.313129 4226.980799 4225.128702 4221.664337 4198.109482 4170.394786 4154.648105 4155.770898 4181.033916 4167.689304 4146.196773 4141.733532 4163.577886 4185.394729 4174.545943 4161.316264 4177.978451 4212.922217 4238.504619 4238.677718 4257.486909 4278.667375 4249.181035 4228.567451 4184.046941 4166.904431 4141.298915 4083.788291 4028.925648 3980.604928 3932.319525 3880.362797 3832.295282 3785.072204 3738.196909 3685.556478 3653.183746 3629.430797 3587.512647 3575.692058 3582.788449 3578.329343 3577.071068 3583.856516 3590.499653 -9999.0 -9999.0
-9999.0 2983.555776 3121.338654 3297.004986 3437.844982 3475.522987 3532.016903 3584.749840 3596.931661 3538.882951 3639.743513 3857.412456 3982.535559 4000.842854 4077.515357 4174.234641 4153.489953 4185.352427 4209.090272 4236.918575 4259.250086 4274.261883 4272.720297 4267.755413 4251.099149 4243.055364 4242.130430 4239.963358 4222.363456 4203.226698 4186.287266 4182.945568 4164.651457 4114.186726 4080.602725 4062.713323 4042.903142 4029.745872 4002.797885 3976.599499 3959.651197 3969.329859 3968.160465 3955.072682 3950.666819 3968.512678 3999.436080 3998.007551 4010.583688 4030.352946 4065.856089 4104.486434 4123.866169 4153.211357 4189.048497 4237.773641 4245.972655 4268.559174 4271.303976 4261.671049 4214.517889 4162.528984 4132.947041 4077.236583 4017.659862 3955.952252 3906.894908 3862.223414 3806.964881 3773.375303 3734.650061 3681.361075 3639.561641 3633.346846 3600.538562 3588.185466 -9999.0 -9999.0 -9999.0 -9999.0
-9999.0 2878.076223 3055.382298 3290.369339 3585.084954 3652.147000 3854.147337 3968.134028 4006.176845 4074.269764 3945.583259 4159.629895 4214.985796 4210.647175 4228.768483 4232.353434 4246.920932 4246.134715 4241.045389 4229.926928 4220.196936 4215.515138 4214.502142 4206.561070 4193.871615 4179.179568 4167.179684 4155.572532 4118.560023 4086.315562 4046.301435 4033.593232 3987.865889 3895.557383 3856.958543 3817.742541 3756.035845 3759.125345 3767.838806 3744.200653 3724.436355 3695.312453 3725.802918 3737.369319 3741.857417 3736.557417 3745.564575 3775.041037 3823.625542 3858.158844 3896.943701 3945.019028 3975.672742 4014.896878 4054.490331 4106.947891 4138.409411 4167.435545 4216.890588 4254.029445 4276.876797 4262.462073 4244.435561 4199.078148 4138.606983 4089.146640 4059.910080 4009.077682 3965.469907 3922.116898 3875.760690 3823.133655 3761.751334 3711.029451 3677.676569 -9999.0 -9999.0 -9999.0 -9999.0 -9999.0
-9999.0 2651.970788 2911.633389 3172.561909 3440.777629 3784.701789 3961.937285 4054.526605 4118.414442 4103.762118 4129.393344 4135.117145 4172.468215 4180.092346 4158.755848 4144.580368 4126.501094 4125.411632 4138.515915 4110.955913 4080.418834 4066.918554 4067.858125 4057.176321 4033.139115 4018.289198 4009.062000 3990.382296 3947.320989 3896.824975 3812.231376 3776.828856 3697.446919 3660.601387 3624.998094 3578.395396 3534.663728 3541.085996 3566.660122 3558.317317 3537.924809 3521.256019 3551.002831 3572.259493 3585.646785 3568.963161 3575.407024 3609.664011 3655.852048 3696.027242 3739.468301 3787.115329 3828.976925 3867.714014 3887.911900 3926.597420 3968.724994 4010.364611 4080.717466 4159.769686 4196.172081 4231.106367 4259.621910 4281.690959 4238.594819 4212.637331 4188.685266 4164.949272 4118.462684 4072.922760 4032.362027 3967.273514 3907.731191 -9999.0 -9999.0 -9999.0 -9999.0 -9999.0 -9999.0 -9999.0
-9999.0 2541.122089 2730.202631 2910.852098 3152.314179 3380.125203 3605.823991 3695.861162 3766.497682 3842.352120 3898.726307 3937.334187 3963.118566 3984.897054 3962.386962 3915.746521 3883.227600 3888.322519 3878.889187 3858.236453 3830.803619 3818.144673 3815.436565 3810.929627 3790.103248 3780.308472 3773.897924 3756.239730 3731.644928 3679.158936 3608.823662 3535.744997 3483.202409 3465.582644 3444.284060 3418.620577 3393.534616 3407.510536 3420.352576 3421.064549 3415.369022 3416.207646 3445.247080 3465.275662 3474.683769 3463.979647 3482.018065 3504.620936 3540.859089 3579.639272 3623.769305 3673.312215 3721.228199 3740.505812 3741.538697 3751.743056 3778.444623 3821.067911 3896.974027 3982.994598 4061.499069 4107.314462 4158.341058 4198.681190 4227.262412 4251.329705 4274.360089 4267.905297 4241.556714 4207.965442 4148.717251 -9999.0 -9999.0 -9999.0 -9999.0 -9999.0 -9999.0 -9999.0 -9999.0 -9999.0
-9999.0 -9999.0 2504.698789 2652.345283 2741.336446 2889.803853 3026.303999 3130.226140 3232.112107 3376.750083 3501.146489 3595.965440 3642.844567 3658.523620 3644.960081 3617.399722 3600.876478 3600.444361 3588.579761 3583.015519 3569.678007 3564.938058 3553.060267 3546.036462 3543.166953 3543.604061 3542.173079 3534.910171 3519.427440 3479.379807 3444.767936 3402.075616 3357.464085 3337.266461 3320.590691 3305.161623 3310.819338 3306.370774 3312.360640 3315.908925 3326.321187 3340.987834 3360.316660 3383.206068 3392.845452 3403.194618 3413.686904 3434.805741 3464.083070 3503.679270 3554.459738 3608.766933 3644.071941 3650.154739 3631.161226 3624.982463 3631.753337 3659.238118 3720.802772 3788.954329 3879.005958 3944.739007 4011.680554 4067.937060 4094.831286 4131.223324 4202.078248 4250.152265 4293.391330 4270.945456 -9999.0 -9999.0 -9999.0 -9999.0 -9999.0 -9999.0 -9999.0 -9999.0 -9999.0 -9999.0
-9999.0 -9999.0 -9999.0 -9999.0 2509.721056 2654.151343 2749.876491 2814.066048 2946.151995 3075.807520 3180.977481 3268.254568 3338.141113 3364.277239 3366.473458 3385.324980 3385.145714 3375.538896 3364.601141 3370.734532 3376.993089 3371.395344 3354.551372 3349.291321 3354.733436 3364.391628 3364.189111 3353.143173 3336.935331 3326.083189 3316.339068 3288.253221 3258.523353 3233.302148 3223.407106 3222.441777 3223.958013 3216.960827 3226.066417 3235.931375 3252.416623 3267.750241 3291.274912 3321.134390 3335.985671 3350.507683 3358.638106 3376.453251 3404.572920 3455.572113 3516.792509 3572.930260 3606.536019 3606.381257 3577.084944 3554.576282 3541.046926 3557.321269 3585.212753 3634.526449 3723.088762 3784.864741 3829.194126 3867.162571 3903.432243 3969.155333 4064.771807 4146.596927 -9999.0 -9999.0 -9999.0 -9999.0 -9999.0 -9999.0 -9999.0 -9999.0 -9999.0 -9999.0 -9999.0 -9999.0
-9999.0 -9999.0 -9999.0 -9999.0 -9999.0 -9999.0 2486.067728 2592.017662 2656.188513 2795.753219 2942.500925 3049.716653 3133.157036 3169.832034 3205.326183 3236.609730 3237.785645 3217.304616 3195.125039 3217.953229 3238.763563 3232.712201 3200.274772 3203.016473 3211.738938 3221.021459 3220.221890 3216.520140 3194.492259 3214.875499 3222.723215 3202.980939 3180.483483 3170.622603 3161.184304 3172.828153 3174.259476 3160.702547 3159.998804 3188.809594 3210.468709 3223.463171 3244.358549 3277.557097 3309.981815 3325.560776 3326.033968 3330.023113 3365.605803 3433.141880 3503.742965 3558.524256 3589.240484 3593.493043 3562.129466 3516.733713 3489.916706 3487.822229 3510.923128 3548.800788 3608.987365 3644.192357 3653.457929 3652.467132 3663.188282 3763.595549 -9999.0 -9999.0 -9999.0 -9999.0 -9999.0 -9999.0 -9999.0 -9999.0 -9999.0 -9999.0 -9999.0 -9999.0 -9999.0 -9999.0
-9999.0 -9999.0 -9999.0 -9999.0 -9999.0 -9999.0 -9999.0 -9999.0 -9999.0 -9999.0 -9999.0 -9999.0 -9999.0 -9999.0 -9999.0 -9999.0 -9999.0 -9999.0 -9999.0 -9999.0 -9999.0 -9999.0 -9999.0 -9999.0 -9999.0 -9999.0 -9999.0 -9999.0 -9999.0 -9999.0 -9999.0 -9999.0 -9999.0 -9999.0 -9999.0 -9999.0 -9999.0 -9999.0 -9999.0 -9999.0 -9999.0 -9999.0 -9999.0 -9999.0 -9999.0 -9999.0 -9999.0 -9999.0 -9999.0 -9999.0 -9999.0 -9999.0 -9999.0 -9999.0 -9999.0 -9999.0 -9999.0 -9999.0 -9999.0 -9999.0 -9999.0 -9999.0 -9999.0 -9999.0 -9999.0 -9999.0 -9999.0 -9999.0 -9999.0 -9999.0 -9999.0 -9999.0 -9999.0 -9999.0 -9999.0 -9999.0 -9999.0 -9999.0 -9999.0 -9999.0
-9999.0 -9999.0 -9999.0 -9999.0 -9999.0 -9999.0 -9999.0 -9999.0 -9999.0 -9999.0 -9999.0 -9999.0 -9999.0 -9999.0 -9999.0 -9999.0 -9999.0 -9999.0 -9999.0 -9999.0 -9999.0 -9999.0 -9999.0 -9999.0 -9999.0 -9999.0 -9999.0 -9999.0 -9999.0 -9999.0 -9999.0 -9999.0 -9999.0 -9999.0 -9999.0 -9999.0 -9999.0 -9999.0 -9999.0 -9999.0 -9999.0 -9999.0 -9999.0 -9999.0 -9999.0 -9999.0 -9999.0 -9999.0 -9999.0 -9999.0 -9999.0 -9999.0 -9999.0 -9999.0 -9999.0 -9999.0 -9999.0 -9999.0 -9999.0 -9999.0 -9999.0 -9999.0 -9999.0 -9999.0 -9999.0 -9999.0 -9999.0 -9999.0 -9999.0 -9999.0 -9999.0 -9999.0 -9999.0 -9999.0 -9999.0 -9999.0 -9999.0 -9999.0 -9999.0 -9999.0