Borden_/Borden1m_014/output_maps/psiliqL0020N0023.asc
ncols         80
nrows         18
xllcorner     620200.000000
yllcorner     5168000.000000
cellsize      1.000000
NODATA_value  -9999.0
-9999.0 -9999.0 -9999.0 -9999.0 -9999.0 -9999.0 -9999.0 -9999.0 -9999.0 -9999.0 -9999.0 -9999.0 -9999.0 -9999.0 -9999.0 -9999.0 -9999.0 -9999.0 -9999.0 -9999.0 -9999.0 -9999.0 -9999.0 -9999.0 -9999.0 -9999.0 -9999.0 -9999.0 -9999.0 -9999.0 -9999.0 -9999.0 -9999.0 -9999.0 -9999.0 -9999.0 -9999.0 -9999.0 -9999.0 -9999.0 -9999.0 -9999.0 -9999.0 -9999.0 -9999.0 -9999.0 -9999.0 -9999.0 -9999.0 -9999.0 -9999.0 -9999.0 -9999.0 -9999.0 -9999.0 -9999.0 -9999.0 -9999.0 -9999.0 -9999.0 -9999.0 -9999.0 -9999.0 -9999.0 -9999.0 -9999.0 -9999.0 -9999.0 -9999.0 -9999.0 -9999.0 -9999.0 -9999.0 -9999.0 -9999.0 -9999.0 -9999.0 -9999.0 -9999.0 -9999.0
-9999.0 -9999.0 -9999.0 -9999.0 -9999.0 -9999.0 -9999.0 -9999.0 -9999.0 -9999.0 -9999.0 -9999.0 -9999.0 -9999.0 -9999.0 -9999.0 -9999.0 -9999.0 -9999.0 -9999.0 -9999.0 -9999.0 -9999.0 -9999.0 -9999.0 -9999.0 -9999.0 -9999.0 -9999.0 -9999.0 -9999.0 -9999.0 -9999.0 -9999.0 -9999.0 -9999.0 -9999.0 -9999.0 -9999.0 -9999.0 -9999.0 -9999.0 -9999.0 -9999.0 -9999.0 -9999.0 -9999.0 -9999.0 -9999.0 -9999.0 -9999.0 -9999.0 -9999.0 -9999.0 -9999.0 -9999.0 -9999.0 -9999.0 -9999.0 -9999.0 -9999.0 -9999.0 -9999.0 -9999.0 -9999.0 -9999.0 -9999.0 -9999.0 -9999.0 -9999.0 -9999.0 -9999.0 -9999.0 -9999.0 -9999.0 -9999.0 -9999.0 -9999.0 -9999.0 -9999.0
-9999.0 -9999.0 -9999.0 -9999.0 -9999.0 -9999.0 -9999.0 -9999.0 -9999.0 -9999.0 -9999.0 -9999.0 -9999.0 -9999.0 -9999.0 -9999.0 -9999.0 -9999.0 -9999.0 -9999.0 2154.185903 2156.730130 2136.155800 2103.909364 2077.680534 2081.690822 2117.490119 2160.519025 2201.425302 2212.420448 2196.193384 2201.325965 2198.396851 2196.544286 2198.758477 2206.849491 2213.133191 2223.995899 2232.335500 2231.878042 2226.186625 2222.056825 2224.098625 2226.580064 2232.091412 2218.634625 2232.469840 2246.655543 2249.856006 2243.960711 2216.540049 2200.514079 2189.400781 2171.156613 2194.089079 2203.437280 2223.790030 2225.807022 2222.044688 2193.912964 2163.055305 -9999.0 -9999.0 -9999.0 -9999.0 -9999.0 -9999.0 -9999.0 -9999.0 -9999.0 -9999.0 -9999.0 -9999.0 -9999.0 -9999.0 -9999.0 -9999.0 -9999.0 -9999.0 -9999.0
-9999.0 -9999.0 -9999.0 -9999.0 -9999.0 -9999.0 -9999.0 -9999.0 -9999.0 -9999.0 -9999.0 -9999.0 -9999.0 -9999.0 2059.413481 2051.367298 2050.189891 2059.829050 2094.504462 2125.957894 2138.059954 2131.865692 2133.413501 2111.152889 2091.499455 2106.948378 2138.699060 2171.803036 2208.029669 2229.283207 2220.612045 2220.380767 2230.382020 2254.217323 2265.414530 2262.837616 2244.584949 2269.198629 2284.358509 2291.698564 2291.562748 2283.454844 2294.663999 2309.550660 2302.211474 2285.271052 2292.376993 2304.389093 2314.087538 2301.250339 2238.073904 2220.074050 2213.524815 2205.396348 2189.253077 2181.927488 2206.476432 2203.657606 2193.669431 2174.334888 2140.103260 2094.822429 2074.634529 2112.457398 2154.402397 2209.503415 -9999.0 -9999.0 -9999.0 -9999.0 -9999.0 -9999.0 -9999.0 -9999.0 -9999.0 -9999.0 -9999.0 -9999.0 -9999.0 -9999.0
-9999.0 -9999.0 -9999.0 -9999.0 -9999.0 -9999.0 -9999.0 -9999.0 -9999.0 1997.229581 2003.436352 2012.079031 2016.296059 2033.402612 2031.688527 2040.394435 2047.936101 2077.146718 2109.340135 2145.346673 2174.576811 2167.617281 2169.143739 2178.248429 2179.503374 2191.800800 2215.325602 2257.007448 2294.558593 2335.438818 2307.381388 2306.355011 2326.535320 2371.695991 2399.989508 2404.491505 2386.357989 2399.502995 2424.306926 2444.021333 2443.290885 2440.169703 2465.161583 2479.670594 2476.619363 2455.074466 2448.069646 2450.667775 2476.262414 2423.760559 2356.068636 2309.598104 2316.643302 2288.677944 2254.299498 2235.672675 2232.113658 2250.039490 2233.884878 2195.564669 2158.904918 2145.589528 2126.243484 2142.960214 2163.419136 2207.314466 2244.740104 2271.625411 2269.068081 2250.302076 -9999.0 -9999.0 -9999.0 -9999.0 -9999.0 -9999.0 -9999.0 -9999.0 -9999.0 -9999.0
-9999.0 -9999.0 -9999.0 -9999.0 -9999.0 -9999.0 1916.262612 1927.408643 1949.403203 1954.310874 1981.852491 1990.051744 2012.056575 2032.630503 2056.522148 2073.610146 2103.725836 2137.705473 2178.339503 2221.096757 2253.894124 2247.947442 2259.204803 2286.301047 2321.774440 2348.334635 2374.864278 2416.479980 2493.631959 2536.298113 2539.591770 2545.191603 2556.139784 2606.636492 2670.696840 2681.829335 2661.135704 2647.368990 2669.616152 2707.242562 2710.584954 2712.246882 2727.359013 2738.164546 2763.909023 2752.171569 2710.571511 2699.269844 2701.548050 2680.702531 2614.149562 2551.503114 2521.645826 2468.974811 2384.697110 2333.608148 2345.881704 2365.610789 2336.815193 2282.369300 2242.038411 2230.886457 2214.618003 2201.326410 2207.666662 2225.550563 2245.470508 2254.841597 2239.561018 2216.242255 2192.198470 2162.003502 2162.709898 2186.744183 -9999.0 -9999.0 -9999.0 -9999.0 -9999.0 -9999.0
-9999.0 -9999.0 -9999.0 -9999.0 1864.580822 1878.660992 1866.689470 1894.126164 1928.494021 1964.496455 1996.465951 2033.518128 2061.741867 2093.363689 2133.092753 2164.418525 2204.635688 2240.433355 2294.994061 2363.073867 2414.033634 2435.794444 2451.221255 2509.731005 2571.895149 2624.551314 2647.118546 2676.480059 2725.235013 2787.188193 2815.149387 2822.328749 2841.089734 2881.004949 2932.976341 2849.283076 2831.588065 2823.574613 2831.535877 2844.013377 2866.245534 2866.548189 2867.702233 2870.866789 2877.072067 2876.260251 2851.895832 2820.535110 2920.432613 2909.566665 2874.618103 2802.231178 2763.973971 2730.758903 2689.302560 2634.037966 2575.541369 2564.696624 2505.159048 2444.962835 2385.230575 2366.383452 2336.719874 2311.734744 2284.496177 2286.757586 2289.515629 2267.231492 2232.048154 2197.630257 2180.875904 2160.392304 2147.294609 2176.212064 2192.425266 2221.317152 -9999.0 -9999.0 -9999.0 -9999.0
-9999.0 -9999.0 1802.979269 1850.991017 1909.573243 1919.044829 1918.361102 1925.379905 1955.705987 2009.497397 2081.883352 2128.655227 2167.822716 2203.968469 2264.132872 2338.196180 2407.792101 2456.521294 2521.424718 2595.233746 2659.174191 2691.068625 2707.772859 2751.919972 2809.647227 2877.233096 2906.591927 2934.962370 2845.144923 2877.696394 2878.965839 2891.251473 2901.856868 2909.991846 2920.627107 2924.260448 2920.141387 2915.633923 2898.677944 2894.231631 2900.837162 2906.160732 2907.544015 2893.581414 2889.750076 2904.204731 2908.325729 2907.137552 2908.088694 2912.726591 2911.959832 2868.370505 2841.226200 2827.888021 2932.760689 2885.645307 2817.963078 2778.008485 2753.610814 2705.200564 2626.351872 2577.792039 2528.210219 2482.251080 2430.494992 2402.785710 2357.278881 2314.406610 2266.404575 2218.178613 2192.754070 2173.559220 2169.513613 2167.332405 2182.287317 2196.079002 2210.348712 2217.564462 -9999.0 -9999.0
-9999.0 1695.942034 1768.219287 1893.409822 1974.307018 2017.977888 2041.805109 2058.732061 2089.641051 2122.946615 2222.136368 2295.728966 2386.021443 2428.068533 2478.758777 2577.159213 2675.491472 2727.908334 2771.509463 2835.024050 2900.586799 2831.989064 2857.048773 2851.639130 2887.794248 2908.929227 2914.518701 2919.635684 2916.371526 2908.083104 2900.421702 2907.098701 2905.354111 2886.677262 2871.011990 2869.039678 2865.299898 2843.585236 2933.988527 2916.846109 2917.475193 2828.788145 2928.439395 2907.309283 2903.696739 2926.153214 2831.725120 2822.215799 2929.790322 2826.875715 2859.525035 2882.217211 2887.845678 2905.376352 2926.048461 2898.628312 2873.820746 2833.269740 2936.172516 2905.737313 2845.327549 2785.140918 2728.963465 2666.020072 2600.676292 2536.364875 2473.628310 2410.725265 2344.709421 2302.205697 2270.031787 2219.769614 2199.144817 2199.893771 2190.002625 2185.635265 2189.941574 2195.506210 -9999.0 -9999.0
-9999.0 1607.816402 1749.034070 1931.463045 2079.593251 2132.978472 2219.046785 2291.221879 2317.119976 2280.718142 2389.411914 2611.286008 2730.800421 2754.310209 2832.568030 2822.456022 2821.356569 2851.713646 2873.649147 2891.057272 2905.214228 2915.777200 2913.720682 2908.074314 2892.688146 2885.113007 2885.690769 2883.665522 2866.701040 2847.861750 2830.758790 2828.532461 2930.770426 2881.780497 2846.508369 2826.687989 2806.257448 2786.190449 2754.487901 2725.297022 2705.702403 2718.214107 2715.473051 2698.603108 2695.130870 2718.613979 2750.420033 2750.262512 2764.790081 2787.510898 2828.195682 2870.070331 2894.484466 2926.850999 2838.701224 2882.555529 2894.440728 2916.464614 2920.260608 2905.800267 2862.862788 2935.474652 2899.504452 2834.943196 2763.072408 2682.784324 2618.089699 2555.584637 2485.425064 2438.770343 2390.272953 2331.055570 2278.553282 2258.611265 2218.557214 2199.268209 -9999.0 -9999.0 -9999.0 -9999.0
-9999.0 1517.591541 1701.800705 1951.682711 2238.841179 2334.506330 2542.601280 2672.212590 2726.784253 2799.817634 2735.869242 2828.548094 2869.595293 2863.241979 2869.905797 2871.521264 2885.437892 2886.337231 2881.937313 2871.846148 2863.183337 2859.249457 2857.999747 2850.239346 2837.903887 2824.710257 2933.697112 2918.812481 2878.544437 2843.097154 2802.588533 2785.546749 2742.261786 2645.696616 2602.509959 2562.802810 2501.421140 2496.327220 2493.791189 2464.030506 2443.946667 2417.875144 2443.310747 2452.497830 2456.582431 2456.246247 2471.272759 2501.324461 2550.890126 2589.762084 2634.998999 2688.844878 2727.916038 2773.160721 2818.379785 2875.595286 2911.351677 2944.538809 2865.510192 2901.423225 2922.782582 2911.910604 2890.026681 2848.608281 2897.814574 2832.060530 2782.800017 2709.298459 2644.473292 2590.693668 2540.398179 2484.882596 2417.099466 2344.682301 2303.321887 -9999.0 -9999.0 -9999.0 -9999.0 -9999.0
-9999.0 1317.053057 1583.066906 1860.954942 2157.587320 2496.144088 2655.152089 2773.946850 2847.784522 2827.167259 2845.749814 2863.137914 2814.750813 2821.520026 2902.895902 2894.052322 2882.017809 2883.314090 2897.585846 2871.783827 2842.469021 2828.956170 2828.303235 2815.663620 2790.266729 2772.131818 2760.412891 2737.651620 2686.433283 2633.103126 2547.506182 2511.844223 2430.800905 2382.178649 2339.979489 2289.741594 2239.280544 2239.244221 2258.412736 2244.971318 2222.657456 2204.238351 2232.081204 2252.412536 2265.951130 2253.278266 2262.654234 2299.258985 2349.736481 2394.987017 2445.000958 2501.084479 2548.043235 2595.552856 2626.275281 2675.211860 2727.297549 2776.285844 2851.372393 2933.772023 2845.274453 2877.872409 2909.231152 2928.342684 2886.251723 2854.694577 2827.666197 2846.523538 2773.073404 2722.244497 2687.786386 2635.268258 2575.074236 -9999.0 -9999.0 -9999.0 -9999.0 -9999.0 -9999.0 -9999.0
-9999.0 1197.544195 1404.188563 1615.784956 1884.445868 2121.045553 2332.898339 2437.338181 2518.267000 2574.981451 2622.029489 2660.480516 2692.448279 2717.698924 2700.140670 2658.486402 2629.810222 2635.513601 2629.938648 2607.908252 2579.357457 2564.871807 2561.169623 2553.651822 2528.790128 2513.970631 2502.388290 2477.966009 2446.942694 2390.812955 2313.070711 2237.647559 2178.712822 2151.277124 2123.526007 2092.279474 2059.791108 2069.957148 2080.998260 2078.528327 2069.350939 2067.503373 2096.414450 2115.776352 2126.082526 2115.695271 2135.607486 2162.107465 2203.452044 2247.591972 2297.154594 2352.192133 2406.362738 2434.868636 2447.008426 2469.774671 2508.496831 2562.570145 2648.829193 2747.022903 2828.342977 2879.542408 2933.167262 2847.522001 2870.556988 2896.445289 2906.950339 2885.883288 2847.934301 2820.479101 2781.076220 -9999.0 -9999.0 -9999.0 -9999.0 -9999.0 -9999.0 -9999.0 -9999.0 -9999.0
-9999.0 -9999.0 1174.600225 1340.421052 1459.698332 1631.973256 1779.658616 1890.124976 1986.826720 2115.641030 2230.416081 2320.496439 2366.332748 2384.708725 2372.914077 2344.862993 2326.950880 2327.630391 2317.305857 2308.768860 2291.200764 2283.811253 2270.831132 2261.708484 2252.861263 2247.838693 2242.148104 2230.906117 2209.773229 2163.932497 2119.164310 2069.760621 2018.177242 1993.272838 1972.036020 1951.641432 1951.892600 1946.729199 1951.525622 1953.187152 1960.943722 1974.037947 1993.765698 2016.284794 2026.396361 2036.438617 2049.096269 2073.004347 2106.068968 2148.773028 2203.309964 2262.196027 2302.939857 2316.061326 2306.028397 2310.053966 2328.359844 2369.249911 2446.836369 2529.790933 2627.693061 2701.048312 2775.961048 2830.239477 2849.473975 2870.045179 2836.667392 2865.444418 2870.730272 2858.639332 -9999.0 -9999.0 -9999.0 -9999.0 -9999.0 -9999.0 -9999.0 -9999.0 -9999.0 -9999.0
-9999.0 -9999.0 -9999.0 -9999.0 1200.678275 1352.248107 1449.995543 1532.241219 1664.070000 1789.588421 1893.032236 1978.547062 2044.082853 2071.669532 2071.029910 2082.483209 2080.412745 2073.637889 2063.798260 2065.345446 2066.619995 2059.393099 2043.662440 2036.090640 2037.344740 2042.485249 2039.240829 2025.026433 2006.299641 1986.448946 1968.482194 1935.106163 1900.247824 1871.308438 1858.220021 1853.228621 1852.764558 1845.083019 1853.298048 1861.039985 1876.365798 1891.434055 1915.029895 1944.321190 1958.705482 1973.847408 1983.687492 2004.105241 2034.854735 2088.632745 2152.657075 2211.318462 2248.609094 2253.814688 2230.176506 2214.943390 2210.929579 2238.311600 2281.692646 2346.537466 2447.700826 2522.070587 2578.237300 2623.210072 2658.017657 2709.143181 2770.220815 2815.163064 -9999.0 -9999.0 -9999.0 -9999.0 -9999.0 -9999.0 -9999.0 -9999.0 -9999.0 -9999.0 -9999.0 -9999.0
-9999.0 -9999.0 -9999.0 -9999.0 -9999.0 -9999.0 1167.809937 1271.410308 1346.716975 1491.458597 1628.354224 1732.617688 1814.722747 1848.923998 1879.283125 1908.404123 1908.269934 1889.658695 1869.793489 1889.869572 1905.810495 1899.546776 1868.388120 1868.298494 1873.409560 1880.819024 1877.817213 1871.004606 1845.617829 1858.752347 1860.555541 1837.288817 1811.360205 1797.801991 1785.878638 1795.377405 1795.315950 1781.144882 1780.815195 1807.879641 1828.332922 1841.274168 1862.728942 1895.981880 1928.572131 1944.292685 1945.912526 1951.997064 1991.311618 2061.695848 2134.191316 2190.658569 2224.217557 2233.132450 2207.280753 2167.966487 2148.358021 2155.751790 2190.292311 2241.823834 2317.031586 2365.738889 2389.917145 2401.503182 2418.894062 2512.816113 -9999.0 -9999.0 -9999.0 -9999.0 -9999.0 -9999.0 -9999.0 -9999.0 -9999.0 -9999.0 -9999.0 -9999.0 -9999.0 -9999.0
-9999.0 -9999.0 -9999.0 -9999.0 -9999.0 -9999.0 -9999.0 -9999.0 -9999.0 -9999.0 -9999.0 -9999.0 -9999.0 -9999.0 -9999.0 -9999.0 -9999.0 -9999.0 -9999.0 -9999.0 -9999.0 -9999.0 -9999.0 -9999.0 -9999.0 -9999.0 -9999.0 -9999.0 -9999.0 -9999.0 -9999.0 -9999.0 -9999.0 -9999.0 -9999.0 -9999.0 -9999.0 -9999.0 -9999.0 -9999.0 -9999.0 -9999.0 -9999.0 -9999.0 -9999.0 -9999.0 -9999.0 -9999.0 -9999.0 -9999.0 -9999.0 -9999.0 -9999.0 -9999.0 -9999.0 -9999.0 -9999.0 -9999.0 -9999.0 -9999.0 -9999.0 -9999.0 -9999.0 -9999.0 -9999.0 -9999.0 -9999.0 -9999.0 -9999.0 -9999.0 -9999.0 -9999.0 -9999.0 -9999.0 -9999.0 -9999.0 -9999.0 -9999.0 -9999.0 -9999.0
-9999.0 -9999.0 -9999.0 -9999.0 -9999.0 -9999.0 -9999.0 -9999.0 -9999.0 -9999.0 -9999.0 -9999.0 -9999.0 -9999.0 -9999.0 -9999.0 -9999.0 -9999.0 -9999.0 -9999.0 -9999.0 -9999.0 -9999.0 -9999.0 -9999.0 -9999.0 -9999.0 -9999.0 -9999.0 -9999.0 -9999.0 -9999.0 -9999.0 -9999.0 -9999.0 -9999.0 -9999.0 -9999.0 -9999.0 -9999.0 -9999.0 -9999.0 -9999.0 -9999.0 -9999.0 -9999.0 -9999.0 -9999.0 -9999.0 -9999.0 -9999.0 -9999.0 -9999.0 -9999.0 -9999.0 -9999.0 -9999.0 -9999.0 -9999.0 -9999.0 -9999.0 -9999.0 -9999.0 -9999.0 -9999.0 -9999.0 -9999.0 -9999.0 -9999.0 -9999.0 -9999.0 -9999.0 -9999.0 -9999.0 -9999.0 -9999.0 -9999.0 -9999.0 -9999.0 -9999.0