Borden_/Borden1m_014/output_maps/psiliqL0000N0039.asc
ncols         80
nrows         18
xllcorner     620200.000000
yllcorner     5168000.000000
cellsize      1.000000
NODATA_value  -9999.0
-9999.0 -9999.0 -9999.0 -9999.0 -9999.0 -9999.0 -9999.0 -9999.0 -9999.0 -9999.0 -9999.0 -9999.0 -9999.0 -9999.0 -9999.0 -9999.0 -9999.0 -9999.0 -9999.0 -9999.0 -9999.0 -9999.0 -9999.0 -9999.0 -9999.0 -9999.0 -9999.0 -9999.0 -9999.0 -9999.0 -9999.0 -9999.0 -9999.0 -9999.0 -9999.0 -9999.0 -9999.0 -9999.0 -9999.0 -9999.0 -9999.0 -9999.0 -9999.0 -9999.0 -9999.0 -9999.0 -9999.0 -9999.0 -9999.0 -9999.0 -9999.0 -9999.0 -9999.0 -9999.0 -9999.0 -9999.0 -9999.0 -9999.0 -9999.0 -9999.0 -9999.0 -9999.0 -9999.0 -9999.0 -9999.0 -9999.0 -9999.0 -9999.0 -9999.0 -9999.0 -9999.0 -9999.0 -9999.0 -9999.0 -9999.0 -9999.0 -9999.0 -9999.0 -9999.0 -9999.0
-9999.0 -9999.0 -9999.0 -9999.0 -9999.0 -9999.0 -9999.0 -9999.0 -9999.0 -9999.0 -9999.0 -9999.0 -9999.0 -9999.0 -9999.0 -9999.0 -9999.0 -9999.0 -9999.0 -9999.0 -9999.0 -9999.0 -9999.0 -9999.0 -9999.0 -9999.0 -9999.0 -9999.0 -9999.0 -9999.0 -9999.0 -9999.0 -9999.0 -9999.0 -9999.0 -9999.0 -9999.0 -9999.0 -9999.0 -9999.0 -9999.0 -9999.0 -9999.0 -9999.0 -9999.0 -9999.0 -9999.0 -9999.0 -9999.0 -9999.0 -9999.0 -9999.0 -9999.0 -9999.0 -9999.0 -9999.0 -9999.0 -9999.0 -9999.0 -9999.0 -9999.0 -9999.0 -9999.0 -9999.0 -9999.0 -9999.0 -9999.0 -9999.0 -9999.0 -9999.0 -9999.0 -9999.0 -9999.0 -9999.0 -9999.0 -9999.0 -9999.0 -9999.0 -9999.0 -9999.0
-9999.0 -9999.0 -9999.0 -9999.0 -9999.0 -9999.0 -9999.0 -9999.0 -9999.0 -9999.0 -9999.0 -9999.0 -9999.0 -9999.0 -9999.0 -9999.0 -9999.0 -9999.0 -9999.0 -9999.0 -624.724679 -623.827513 -625.894312 -628.246296 -630.186141 -630.399439 -628.195028 -625.588751 -622.588763 -621.905537 -624.239055 -623.737815 -624.646382 -625.074844 -625.055158 -624.425535 -624.157850 -623.158499 -622.499107 -622.733112 -623.447182 -623.984997 -624.473079 -624.274524 -623.497594 -624.525974 -622.930357 -621.292128 -620.661853 -620.764979 -623.099794 -624.117151 -624.487117 -626.258029 -623.032283 -621.981560 -619.440074 -619.147757 -618.735959 -621.605207 -624.390952 -9999.0 -9999.0 -9999.0 -9999.0 -9999.0 -9999.0 -9999.0 -9999.0 -9999.0 -9999.0 -9999.0 -9999.0 -9999.0 -9999.0 -9999.0 -9999.0 -9999.0 -9999.0 -9999.0
-9999.0 -9999.0 -9999.0 -9999.0 -9999.0 -9999.0 -9999.0 -9999.0 -9999.0 -9999.0 -9999.0 -9999.0 -9999.0 -9999.0 -628.770770 -629.833967 -630.316211 -630.555193 -628.582175 -626.989376 -626.826924 -627.930770 -627.094962 -629.265285 -631.135051 -629.971686 -628.254386 -626.738316 -624.301619 -622.408537 -624.093766 -624.504051 -623.536206 -620.188758 -618.586718 -619.229854 -622.979998 -619.489573 -617.540950 -616.229828 -616.382569 -618.088206 -615.557523 -612.626443 -614.059748 -617.144038 -616.626319 -614.927192 -612.027556 -613.785938 -623.270584 -624.477555 -624.070915 -623.990701 -625.229305 -626.115699 -622.854707 -623.235582 -623.827752 -624.562031 -626.601267 -629.735900 -631.082444 -627.921495 -624.889285 -618.710089 -9999.0 -9999.0 -9999.0 -9999.0 -9999.0 -9999.0 -9999.0 -9999.0 -9999.0 -9999.0 -9999.0 -9999.0 -9999.0 -9999.0
-9999.0 -9999.0 -9999.0 -9999.0 -9999.0 -9999.0 -9999.0 -9999.0 -9999.0 -630.648072 -630.935532 -630.637951 -631.295578 -630.365431 -631.808813 -631.446287 -631.631683 -630.307335 -629.124537 -627.147075 -624.579565 -626.387094 -626.599043 -625.196421 -624.840721 -624.182582 -622.916094 -618.475465 -613.040795 -604.656680 -611.425318 -611.689202 -607.839500 -593.374060 -578.422971 -573.119568 -581.666987 -581.752390 -570.955940 -556.073755 -554.280617 -555.287546 -537.223157 -525.310025 -517.343411 -535.025961 -553.382880 -556.239527 -536.545287 -570.186720 -593.536695 -609.374210 -608.747845 -614.218121 -620.037925 -622.269409 -623.001712 -619.159612 -620.737692 -624.402069 -627.343631 -626.592619 -628.143376 -626.649154 -625.446401 -620.735326 -616.350837 -612.052131 -611.827107 -614.551640 -9999.0 -9999.0 -9999.0 -9999.0 -9999.0 -9999.0 -9999.0 -9999.0 -9999.0 -9999.0
-9999.0 -9999.0 -9999.0 -9999.0 -9999.0 -9999.0 -632.623094 -632.740602 -632.149538 -633.869435 -632.582909 -633.405339 -632.407671 -631.915018 -631.244448 -631.100589 -629.332514 -627.728416 -624.981592 -621.259145 -617.753434 -619.327976 -618.349778 -613.113809 -602.781729 -592.673827 -585.733030 -571.490125 -512.154417 -456.694965 -434.976896 -425.682880 -415.426271 -382.096688 -326.047941 -308.250149 -327.482003 -342.406580 -322.815620 -278.332607 -197.080166 -195.382105 -190.067871 -183.246425 -156.647131 -160.618211 -271.382687 -302.317102 -314.221391 -325.481091 -372.324063 -421.398599 -474.287662 -530.038110 -578.953474 -598.062897 -601.097239 -598.299115 -605.662757 -614.783484 -620.119888 -620.320522 -621.397162 -623.246318 -622.473868 -620.545213 -617.529187 -615.664121 -617.127791 -619.148729 -620.760884 -623.821911 -623.375559 -620.412969 -9999.0 -9999.0 -9999.0 -9999.0 -9999.0 -9999.0
-9999.0 -9999.0 -9999.0 -9999.0 -635.440817 -634.616273 -637.023734 -635.648916 -634.525931 -633.647659 -633.500559 -631.879287 -631.329799 -630.121878 -627.553350 -625.320438 -621.545513 -618.550810 -610.363828 -592.665670 -572.518721 -557.055544 -543.933611 -473.445443 -410.909078 -368.550571 -351.285238 -323.914668 -275.145852 -149.053893 -123.410177 -114.797108 -100.707859 -73.751705 -38.187276 -6.392049 -22.012430 -28.230092 -25.717100 -18.932629 4.124094 4.623405 5.289021 5.310513 7.267302 9.205555 -9.705069 -39.249538 -50.023830 -98.605016 -73.545443 -133.944325 -243.682826 -281.453042 -306.510206 -350.014046 -411.106845 -436.584282 -502.226995 -553.489748 -586.809238 -596.274771 -604.868208 -609.349690 -614.808770 -614.047653 -612.761231 -615.498551 -618.987597 -622.245583 -622.774986 -624.191232 -625.621205 -621.894103 -620.444613 -616.206148 -9999.0 -9999.0 -9999.0 -9999.0
-9999.0 -9999.0 -635.669961 -635.473644 -633.170310 -634.481414 -635.196504 -636.324457 -635.779885 -633.486105 -628.891410 -626.584701 -623.154733 -621.249138 -613.354812 -592.455211 -559.709928 -522.360920 -451.306370 -395.335225 -341.026355 -297.943038 -226.412783 -170.705204 -125.141563 -119.695712 -57.017033 -75.069642 -15.164541 9.164811 34.516935 48.736912 53.940508 49.756120 47.235087 46.195054 44.170214 40.230943 24.200301 21.878337 28.781989 31.004161 34.395506 22.247407 18.343098 30.894301 32.914002 33.538775 35.320885 44.371213 54.399839 26.299481 -26.156136 -36.587096 -37.525735 -76.142921 -146.170237 -241.218556 -268.749244 -308.855247 -384.424125 -427.584130 -481.874580 -541.563686 -577.014772 -590.388473 -602.435445 -609.530902 -615.758222 -621.215800 -622.953382 -624.030657 -623.404166 -623.848475 -621.843698 -620.240720 -617.949448 -617.037779 -9999.0 -9999.0
-9999.0 -636.330583 -636.960573 -632.765678 -631.839401 -630.773973 -629.171842 -627.801367 -626.565247 -628.141641 -615.324609 -586.721333 -549.273886 -527.867495 -462.401246 -366.942669 -203.688726 -170.281584 -148.183173 -105.603602 -60.951814 -37.422138 0.726492 32.861452 55.040907 49.989534 46.963307 46.133248 36.927825 29.380239 19.905652 28.086377 27.153964 11.770567 0.831004 0.541753 -5.844187 -26.477240 -50.436793 -62.405967 -57.186965 -36.042303 -46.108423 -66.005882 -69.919471 -50.494152 -35.832605 -44.085754 -55.387483 -74.763020 -9.841653 5.408970 21.510494 35.736479 55.050219 33.708903 1.515085 -34.063198 -46.191600 -70.295613 -182.937897 -249.886597 -303.025676 -367.173214 -421.895577 -488.595491 -553.470258 -583.588095 -601.903269 -608.427396 -612.427237 -619.956536 -622.024737 -620.638330 -621.636634 -621.760543 -620.847767 -620.119466 -9999.0 -9999.0
-9999.0 -639.761058 -636.039618 -631.343261 -625.149886 -623.525062 -601.667929 -578.093997 -566.265752 -579.751208 -493.488697 -196.315347 -137.822383 -137.353953 -88.500565 -20.731596 19.675473 41.379095 54.250920 45.463884 38.394798 40.704783 36.260537 27.395869 13.924034 6.812081 7.078719 5.438617 -10.051536 -27.328982 -42.366113 -42.678900 -55.226147 -88.530513 -131.781885 -153.418887 -203.675349 -231.628902 -267.324006 -292.910752 -304.338843 -283.346026 -294.898648 -314.247858 -318.128201 -293.965766 -261.471350 -268.808605 -266.214532 -244.513405 -198.178189 -107.679283 -86.775854 -62.507855 -29.385994 5.786174 23.670992 43.521652 49.312706 25.534941 -11.140825 -55.085888 -82.592168 -198.275409 -275.327706 -355.377533 -406.668333 -445.311472 -510.239403 -553.832416 -580.328783 -598.650453 -610.719082 -613.678064 -619.141392 -620.280612 -9999.0 -9999.0 -9999.0 -9999.0
-9999.0 -639.600118 -635.809596 -626.756465 -603.220590 -559.755487 -414.444729 -279.709168 -113.309906 -153.659483 -26.469843 41.254971 48.165083 31.906984 5.222379 1.529289 10.354160 12.299556 8.658368 0.494450 -9.921543 -45.301624 -13.919830 -22.188736 -34.288484 -46.888924 -58.401831 -67.817839 -160.343062 -198.419692 -226.817206 -241.646838 -273.082583 -357.087929 -392.663892 -414.386044 -466.502505 -483.458971 -501.210425 -532.570258 -547.287569 -555.730139 -544.573453 -547.303112 -548.174573 -540.480004 -519.923063 -501.941797 -455.011703 -423.038288 -389.786889 -339.211642 -305.459035 -262.344659 -208.954152 -101.014209 -72.864463 -47.828762 -8.210091 26.366406 46.244588 39.112344 10.985382 -21.622181 -77.635596 -205.507647 -262.140750 -334.868162 -389.099210 -423.246680 -447.964086 -495.188814 -559.554881 -596.211541 -604.582808 -9999.0 -9999.0 -9999.0 -9999.0 -9999.0
-9999.0 -643.907631 -635.127971 -627.506542 -584.500151 -397.536559 -306.810581 -40.384797 12.101689 -57.306548 -158.774930 -69.617115 -38.404802 -38.402720 -64.677883 -80.309596 -78.228207 -79.046393 -68.175837 -117.931807 -185.114777 -202.456211 -203.531985 -215.401822 -236.864144 -254.596316 -268.505854 -289.438603 -343.455146 -386.044736 -438.681495 -464.428961 -538.864621 -578.872569 -593.979560 -605.408980 -615.410223 -615.336282 -612.435756 -615.256445 -618.179527 -621.107808 -617.592916 -615.932355 -614.351031 -616.211388 -615.517602 -610.329812 -601.077407 -590.195737 -570.616975 -532.464358 -481.409164 -426.879511 -399.056909 -346.964745 -300.659416 -254.076614 -177.897186 -53.395604 -27.358454 1.346810 36.891987 55.166656 17.649315 -17.115705 -79.907090 -206.283541 -309.102410 -352.197424 -367.657298 -386.610339 -422.779810 -9999.0 -9999.0 -9999.0 -9999.0 -9999.0 -9999.0 -9999.0
-9999.0 -646.947369 -637.303478 -634.860875 -621.388285 -588.880782 -505.225682 -394.502414 -224.077451 -346.723354 -360.538866 -333.343383 -302.923176 -281.782879 -305.707498 -340.029770 -363.326828 -360.222100 -359.455892 -382.280229 -408.078574 -418.636808 -419.102045 -425.954949 -453.548120 -474.932303 -489.411276 -515.260746 -548.931357 -577.675016 -603.376447 -614.321396 -621.643405 -624.349572 -626.244395 -628.170146 -631.574400 -629.875222 -628.466219 -628.880028 -629.990888 -630.802936 -628.347961 -627.437685 -626.635176 -628.849316 -627.263915 -625.674156 -622.177417 -618.445595 -612.937606 -604.390144 -592.413780 -582.204025 -573.904531 -554.716126 -513.771784 -443.751495 -374.276643 -278.291885 -205.372421 -116.203804 -57.265343 -24.337634 -6.536679 -6.846057 5.458073 -25.915048 -281.859817 -317.972945 -320.387108 -9999.0 -9999.0 -9999.0 -9999.0 -9999.0 -9999.0 -9999.0 -9999.0 -9999.0
-9999.0 -9999.0 -648.512347 -644.245413 -640.063279 -635.942043 -630.170438 -622.582875 -616.487503 -608.374478 -594.627364 -575.972850 -560.448728 -551.851101 -562.956809 -581.314101 -590.265677 -589.733087 -591.959546 -596.302239 -603.387942 -605.856052 -607.481662 -608.811165 -611.728491 -613.000297 -613.566992 -614.713732 -617.121900 -622.046207 -626.341950 -629.214875 -632.217895 -632.268706 -632.818357 -633.867889 -633.234388 -633.391884 -633.109674 -633.260889 -633.088627 -632.661950 -632.057576 -631.280436 -631.208318 -631.017817 -630.683063 -629.753447 -628.303264 -626.363341 -622.639669 -617.065233 -612.552651 -611.339919 -613.500188 -612.641578 -609.112878 -600.189386 -566.259083 -480.009323 -400.143753 -334.065368 -264.039417 -218.598194 -203.740473 -180.571688 -67.605475 -217.336317 -370.363699 -360.325506 -9999.0 -9999.0 -9999.0 -9999.0 -9999.0 -9999.0 -9999.0 -9999.0 -9999.0 -9999.0
-9999.0 -9999.0 -9999.0 -9999.0 -649.584965 -644.142411 -639.277954 -639.584389 -636.020551 -633.836202 -631.585997 -628.778091 -626.468552 -624.892502 -626.935600 -627.685229 -628.207490 -627.900033 -628.306771 -628.931272 -629.319938 -629.671792 -629.952846 -630.417096 -630.324443 -629.981171 -629.898871 -630.663046 -630.739782 -632.323167 -632.734426 -633.674933 -634.579840 -635.525929 -635.408055 -635.572404 -635.208995 -635.600868 -634.965072 -635.351947 -634.874665 -634.628348 -633.994789 -633.002459 -633.335476 -632.757444 -632.680528 -631.862818 -631.424312 -629.189299 -625.513232 -621.127038 -618.030380 -618.103749 -621.874781 -623.433780 -624.198646 -621.677084 -617.042951 -606.641827 -575.720328 -521.556764 -442.420803 -403.921674 -377.530438 -337.015142 -295.738861 -287.748973 -9999.0 -9999.0 -9999.0 -9999.0 -9999.0 -9999.0 -9999.0 -9999.0 -9999.0 -9999.0 -9999.0 -9999.0
-9999.0 -9999.0 -9999.0 -9999.0 -9999.0 -9999.0 -647.661097 -645.127946 -645.592559 -643.903903 -642.420495 -641.095964 -638.928700 -639.294208 -638.840651 -637.177662 -637.499315 -638.309893 -639.300065 -637.824716 -637.270410 -637.110833 -638.769900 -638.350961 -638.227293 -637.563178 -637.630557 -637.385414 -638.874807 -637.313152 -636.608940 -636.997498 -637.376664 -637.128185 -637.524722 -636.471054 -636.348165 -637.195325 -637.402104 -636.180237 -635.823993 -635.968333 -635.667356 -634.758026 -633.453788 -633.243993 -633.791912 -634.519715 -633.046993 -629.749592 -625.879935 -622.294291 -619.866939 -619.078346 -622.296477 -626.439674 -628.442080 -628.593926 -626.716886 -623.061276 -614.291076 -607.428657 -600.979002 -592.850375 -581.994939 -513.142509 -9999.0 -9999.0 -9999.0 -9999.0 -9999.0 -9999.0 -9999.0 -9999.0 -9999.0 -9999.0 -9999.0 -9999.0 -9999.0 -9999.0
-9999.0 -9999.0 -9999.0 -9999.0 -9999.0 -9999.0 -9999.0 -9999.0 -9999.0 -9999.0 -9999.0 -9999.0 -9999.0 -9999.0 -9999.0 -9999.0 -9999.0 -9999.0 -9999.0 -9999.0 -9999.0 -9999.0 -9999.0 -9999.0 -9999.0 -9999.0 -9999.0 -9999.0 -9999.0 -9999.0 -9999.0 -9999.0 -9999.0 -9999.0 -9999.0 -9999.0 -9999.0 -9999.0 -9999.0 -9999.0 -9999.0 -9999.0 -9999.0 -9999.0 -9999.0 -9999.0 -9999.0 -9999.0 -9999.0 -9999.0 -9999.0 -9999.0 -9999.0 -9999.0 -9999.0 -9999.0 -9999.0 -9999.0 -9999.0 -9999.0 -9999.0 -9999.0 -9999.0 -9999.0 -9999.0 -9999.0 -9999.0 -9999.0 -9999.0 -9999.0 -9999.0 -9999.0 -9999.0 -9999.0 -9999.0 -9999.0 -9999.0 -9999.0 -9999.0 -9999.0
-9999.0 -9999.0 -9999.0 -9999.0 -9999.0 -9999.0 -9999.0 -9999.0 -9999.0 -9999.0 -9999.0 -9999.0 -9999.0 -9999.0 -9999.0 -9999.0 -9999.0 -9999.0 -9999.0 -9999.0 -9999.0 -9999.0 -9999.0 -9999.0 -9999.0 -9999.0 -9999.0 -9999.0 -9999.0 -9999.0 -9999.0 -9999.0 -9999.0 -9999.0 -9999.0 -9999.0 -9999.0 -9999.0 -9999.0 -9999.0 -9999.0 -9999.0 -9999.0 -9999.0 -9999.0 -9999.0 -9999.0 -9999.0 -9999.0 -9999.0 -9999.0 -9999.0 -9999.0 -9999.0 -9999.0 -9999.0 -9999.0 -9999.0 -9999.0 -9999.0 -9999.0 -9999.0 -9999.0 -9999.0 -9999.0 -9999.0 -9999.0 -9999.0 -9999.0 -9999.0 -9999.0 -9999.0 -9999.0 -9999.0 -9999.0 -9999.0 -9999.0 -9999.0 -9999.0 -9999.0