Borden_/Borden1m_014/output_maps/psiliqL0016N0005.asc
ncols         80
nrows         18
xllcorner     620200.000000
yllcorner     5168000.000000
cellsize      1.000000
NODATA_value  -9999.0
-9999.0 -9999.0 -9999.0 -9999.0 -9999.0 -9999.0 -9999.0 -9999.0 -9999.0 -9999.0 -9999.0 -9999.0 -9999.0 -9999.0 -9999.0 -9999.0 -9999.0 -9999.0 -9999.0 -9999.0 -9999.0 -9999.0 -9999.0 -9999.0 -9999.0 -9999.0 -9999.0 -9999.0 -9999.0 -9999.0 -9999.0 -9999.0 -9999.0 -9999.0 -9999.0 -9999.0 -9999.0 -9999.0 -9999.0 -9999.0 -9999.0 -9999.0 -9999.0 -9999.0 -9999.0 -9999.0 -9999.0 -9999.0 -9999.0 -9999.0 -9999.0 -9999.0 -9999.0 -9999.0 -9999.0 -9999.0 -9999.0 -9999.0 -9999.0 -9999.0 -9999.0 -9999.0 -9999.0 -9999.0 -9999.0 -9999.0 -9999.0 -9999.0 -9999.0 -9999.0 -9999.0 -9999.0 -9999.0 -9999.0 -9999.0 -9999.0 -9999.0 -9999.0 -9999.0 -9999.0
-9999.0 -9999.0 -9999.0 -9999.0 -9999.0 -9999.0 -9999.0 -9999.0 -9999.0 -9999.0 -9999.0 -9999.0 -9999.0 -9999.0 -9999.0 -9999.0 -9999.0 -9999.0 -9999.0 -9999.0 -9999.0 -9999.0 -9999.0 -9999.0 -9999.0 -9999.0 -9999.0 -9999.0 -9999.0 -9999.0 -9999.0 -9999.0 -9999.0 -9999.0 -9999.0 -9999.0 -9999.0 -9999.0 -9999.0 -9999.0 -9999.0 -9999.0 -9999.0 -9999.0 -9999.0 -9999.0 -9999.0 -9999.0 -9999.0 -9999.0 -9999.0 -9999.0 -9999.0 -9999.0 -9999.0 -9999.0 -9999.0 -9999.0 -9999.0 -9999.0 -9999.0 -9999.0 -9999.0 -9999.0 -9999.0 -9999.0 -9999.0 -9999.0 -9999.0 -9999.0 -9999.0 -9999.0 -9999.0 -9999.0 -9999.0 -9999.0 -9999.0 -9999.0 -9999.0 -9999.0
-9999.0 -9999.0 -9999.0 -9999.0 -9999.0 -9999.0 -9999.0 -9999.0 -9999.0 -9999.0 -9999.0 -9999.0 -9999.0 -9999.0 -9999.0 -9999.0 -9999.0 -9999.0 -9999.0 -9999.0 1337.848016 1340.354429 1318.787925 1285.636149 1258.333454 1261.231672 1296.327766 1338.335929 1377.780421 1388.095949 1370.690698 1373.887810 1369.584782 1367.802388 1369.814458 1376.836744 1381.712410 1393.089689 1402.158899 1402.864077 1398.193560 1394.548441 1396.224591 1399.491706 1405.000075 1392.967923 1406.061682 1419.699789 1423.146028 1417.217958 1390.023284 1374.548357 1365.125740 1348.826510 1372.704758 1383.438607 1405.228525 1408.480001 1405.903495 1378.276286 1347.757985 -9999.0 -9999.0 -9999.0 -9999.0 -9999.0 -9999.0 -9999.0 -9999.0 -9999.0 -9999.0 -9999.0 -9999.0 -9999.0 -9999.0 -9999.0 -9999.0 -9999.0 -9999.0 -9999.0
-9999.0 -9999.0 -9999.0 -9999.0 -9999.0 -9999.0 -9999.0 -9999.0 -9999.0 -9999.0 -9999.0 -9999.0 -9999.0 -9999.0 1246.653243 1237.528502 1235.193734 1243.852152 1277.606126 1308.088738 1320.234679 1313.313335 1314.050354 1291.045766 1270.868407 1285.496452 1316.183926 1348.699885 1384.105359 1404.658109 1394.061525 1392.225958 1401.581280 1425.706167 1437.511074 1434.697624 1415.739432 1440.043870 1456.912446 1467.194817 1468.928327 1462.265705 1475.506032 1491.234151 1484.209524 1466.810133 1471.492971 1481.325952 1490.764734 1476.561593 1413.313788 1394.871137 1390.240787 1383.235910 1368.288680 1361.133622 1385.798068 1384.710033 1375.676508 1356.973880 1323.443452 1278.541604 1259.315587 1297.600475 1340.731000 1397.275772 -9999.0 -9999.0 -9999.0 -9999.0 -9999.0 -9999.0 -9999.0 -9999.0 -9999.0 -9999.0 -9999.0 -9999.0 -9999.0 -9999.0
-9999.0 -9999.0 -9999.0 -9999.0 -9999.0 -9999.0 -9999.0 -9999.0 -9999.0 1188.296790 1193.392966 1201.085448 1203.902773 1219.848596 1217.581962 1225.083017 1232.118253 1259.612036 1290.804520 1325.972620 1354.841138 1346.614172 1347.812806 1357.773873 1360.599915 1372.945993 1395.769871 1437.317955 1477.253706 1518.113168 1489.402864 1487.035904 1505.849237 1551.573805 1582.655202 1588.818634 1571.010319 1582.301267 1610.438470 1636.970176 1640.614699 1640.687995 1666.874397 1681.161341 1680.682255 1659.624790 1646.666425 1643.071213 1664.254659 1610.940648 1544.271005 1496.022461 1502.060914 1473.224514 1436.016592 1415.433453 1411.424854 1430.523034 1414.882031 1376.985949 1340.010298 1327.745964 1309.380044 1326.180986 1347.756094 1393.322383 1431.620584 1459.746037 1458.800299 1441.001095 -9999.0 -9999.0 -9999.0 -9999.0 -9999.0 -9999.0 -9999.0 -9999.0 -9999.0 -9999.0
-9999.0 -9999.0 -9999.0 -9999.0 -9999.0 -9999.0 1108.818296 1118.924983 1139.807317 1144.634357 1170.693894 1178.256174 1199.074317 1218.430089 1240.368703 1256.664561 1286.414450 1319.412832 1359.967172 1402.683884 1434.874535 1430.157720 1441.596353 1471.508383 1509.426085 1538.127434 1564.948284 1607.767720 1686.773561 1729.408611 1734.703813 1738.724238 1747.886435 1796.762672 1861.235586 1875.965779 1855.999917 1843.753938 1870.525759 1917.130158 1928.775848 1933.735957 1946.593241 1956.627941 1981.867000 1971.072625 1928.457520 1907.150357 1899.287311 1877.891023 1813.591980 1751.107734 1720.351109 1670.717950 1585.128680 1528.443800 1534.560278 1552.343234 1522.732947 1467.451120 1425.542282 1413.563389 1397.299115 1383.613776 1389.795009 1408.677002 1430.468202 1441.367793 1427.906745 1406.246478 1383.078026 1353.886644 1355.405484 1380.261771 -9999.0 -9999.0 -9999.0 -9999.0 -9999.0 -9999.0
-9999.0 -9999.0 -9999.0 -9999.0 1058.297215 1071.518903 1059.409220 1085.222167 1118.407880 1153.095373 1184.913544 1221.605711 1248.791332 1278.847275 1318.304222 1351.188489 1392.403606 1428.203329 1482.552074 1550.520972 1602.249388 1627.644000 1645.967417 1705.253782 1766.974682 1820.504018 1844.629456 1878.086296 1930.400181 1992.913250 2019.396090 2024.599593 2040.473113 2075.028204 2122.136942 2155.315971 2139.520431 2134.009290 2145.210779 2163.712394 2191.637518 2195.720040 2198.875241 2201.787880 2206.661517 2205.538238 2179.698086 2142.212270 2123.744021 2111.482290 2080.090337 2012.594082 1976.217786 1944.577927 1902.059928 1842.089361 1776.291094 1761.480811 1703.236170 1642.287284 1577.356122 1553.707684 1521.397768 1495.000029 1466.186804 1468.142331 1471.684014 1451.237711 1418.620996 1385.968730 1370.431881 1351.130982 1339.596702 1369.402235 1386.757037 1416.834919 -9999.0 -9999.0 -9999.0 -9999.0
-9999.0 -9999.0 998.690356 1046.978369 1104.116938 1112.895467 1112.995883 1119.290534 1148.307980 1200.826670 1275.119681 1324.382177 1365.369151 1398.777013 1456.887998 1533.687638 1605.787247 1656.468945 1717.893570 1789.342158 1854.147392 1892.538178 1916.792655 1959.740878 2014.825227 2077.830519 2106.383878 2136.320782 2172.822728 2208.754247 2217.634782 2229.976052 2236.884638 2238.922664 2244.368324 2246.513858 2243.014228 2239.812591 2224.220138 2222.885571 2231.159499 2237.924032 2239.141935 2225.289650 2222.234706 2238.006488 2243.590469 2242.058960 2239.646297 2244.676747 2245.849683 2206.311820 2172.980623 2156.637548 2141.155473 2092.711847 2027.889551 1988.659251 1963.895055 1913.256603 1828.575192 1772.798372 1718.131550 1667.570509 1615.073481 1584.943374 1539.508841 1498.029507 1451.876894 1405.526110 1381.483917 1362.939423 1360.033189 1359.619364 1375.753069 1391.015231 1406.396561 1414.199465 -9999.0 -9999.0
-9999.0 894.707055 966.833882 1092.296021 1171.906979 1215.562777 1245.119435 1266.953605 1296.175771 1323.890328 1426.947456 1512.877329 1603.356911 1640.146463 1688.324382 1784.764597 1883.239926 1935.690100 1977.585541 2036.001679 2098.181798 2149.185260 2182.428684 2193.293499 2229.666170 2245.945285 2250.807615 2256.428293 2255.593073 2249.184795 2240.836188 2245.751143 2239.369031 2217.109277 2199.103866 2195.867152 2192.008971 2170.251709 2143.364117 2128.140069 2128.592880 2151.682503 2137.581214 2114.390365 2112.072336 2138.867002 2163.500748 2157.159336 2145.397947 2161.688339 2193.611556 2214.494329 2224.400136 2241.839752 2261.158566 2234.033583 2207.689322 2168.070970 2148.006473 2115.614389 2054.415322 1989.799614 1928.079649 1861.667065 1792.148032 1722.659565 1659.955953 1599.755841 1534.292664 1492.906336 1460.857259 1409.794289 1388.679057 1390.685216 1382.274365 1379.568066 1385.731571 1392.063505 -9999.0 -9999.0
-9999.0 812.179015 953.819638 1136.766926 1283.571683 1339.635066 1437.549574 1516.158664 1543.760552 1513.959244 1622.351795 1846.324647 1954.235908 1972.348754 2041.933269 2128.122421 2144.306187 2180.123934 2205.538374 2219.865429 2232.091184 2245.734882 2247.994443 2245.932607 2234.172265 2228.327931 2227.828824 2225.002511 2207.186807 2187.743795 2169.493400 2162.950662 2139.062225 2087.125838 2049.649699 2031.242011 2016.436982 1999.951359 1969.204968 1940.766414 1921.520151 1936.629667 1927.328152 1905.177554 1902.814027 1933.683566 1972.386220 1971.993092 1980.902870 2000.455639 2036.574472 2074.164340 2098.575528 2132.783578 2171.183666 2215.744546 2232.284357 2256.785914 2262.022400 2243.562958 2199.033221 2145.440171 2108.456692 2044.335535 1969.822701 1886.270280 1819.531488 1756.713101 1685.636993 1637.023899 1586.518369 1524.648884 1469.399913 1448.449845 1410.278418 1391.910460 -9999.0 -9999.0 -9999.0 -9999.0
-9999.0 730.226529 916.560107 1171.049296 1446.977039 1552.016088 1757.919891 1889.658942 1946.244146 2015.854237 1984.565610 2142.073198 2186.897959 2184.190700 2183.169446 2183.911635 2197.754168 2201.879611 2200.668061 2194.142501 2189.271225 2189.187072 2191.351705 2187.093321 2177.703446 2164.500023 2150.688667 2135.035924 2092.941030 2056.841057 2018.627796 2001.033352 1954.844741 1851.764203 1802.233811 1763.549238 1707.223011 1703.462558 1699.507956 1670.614546 1649.111719 1627.169485 1647.802897 1650.369013 1653.982232 1661.123647 1680.955535 1707.032335 1751.479405 1786.131276 1828.338616 1880.624856 1920.058844 1971.411607 2020.814155 2077.972432 2114.987178 2151.704089 2202.686630 2242.771726 2266.758683 2255.483559 2229.359150 2184.709913 2116.088058 2051.782543 2005.280426 1933.510558 1864.390189 1805.099052 1748.379226 1681.675128 1609.664884 1534.092475 1494.406686 -9999.0 -9999.0 -9999.0 -9999.0 -9999.0
-9999.0 545.345537 811.588712 1095.012198 1401.606602 1729.062823 1868.087871 1992.634091 2063.414430 2035.711546 2049.365826 2074.346847 2122.629549 2133.553195 2111.091261 2095.410999 2078.994173 2077.650837 2091.565566 2068.394125 2043.291514 2033.795983 2036.568499 2027.875794 2007.350554 1992.142975 1979.102554 1953.271302 1895.654815 1838.303042 1753.492375 1721.072808 1642.316019 1583.416499 1536.923283 1486.855132 1437.332228 1437.383458 1455.400773 1440.688501 1417.783092 1398.968979 1424.900019 1442.203934 1455.089291 1445.110621 1455.497438 1491.609635 1539.846366 1581.656513 1628.790450 1681.527430 1728.715330 1779.527197 1814.119407 1867.666400 1923.014238 1979.384794 2058.993579 2142.226982 2182.107113 2218.107016 2252.387683 2271.277703 2224.119890 2181.418869 2137.576229 2083.413843 2006.610214 1958.830834 1918.681621 1838.416495 1764.330339 -9999.0 -9999.0 -9999.0 -9999.0 -9999.0 -9999.0 -9999.0
-9999.0 420.663336 635.607307 859.068068 1136.778490 1370.035576 1564.139600 1667.595892 1744.683756 1787.678951 1830.648954 1873.444024 1914.017079 1940.152414 1914.467939 1864.015199 1828.300385 1829.833299 1824.938115 1802.559590 1775.357897 1762.809169 1762.369356 1757.575128 1735.314173 1722.184851 1711.003363 1685.625469 1648.179553 1590.376176 1511.189770 1438.890866 1378.309679 1346.430461 1316.576270 1284.276023 1249.737993 1260.354808 1272.945192 1269.466107 1258.896494 1255.867549 1284.590079 1303.420629 1313.717663 1302.797106 1322.352361 1348.655430 1389.072001 1430.367784 1477.243215 1530.266974 1582.786307 1611.861851 1625.865734 1652.212388 1694.803109 1754.173343 1846.906980 1950.515461 2033.176673 2085.406822 2142.050223 2182.172796 2202.519150 2222.386088 2209.457468 2141.424600 2043.220128 2043.170143 2036.139287 -9999.0 -9999.0 -9999.0 -9999.0 -9999.0 -9999.0 -9999.0 -9999.0 -9999.0
-9999.0 -9999.0 403.057315 576.881558 709.197346 884.753058 1031.297453 1138.210735 1226.084593 1341.707772 1449.648061 1537.070622 1585.393258 1603.951165 1587.280506 1549.303284 1524.622609 1522.999012 1512.604661 1502.753327 1484.246956 1477.788621 1468.042880 1461.125644 1452.471991 1447.780085 1442.392831 1430.146369 1407.030845 1360.086453 1312.394417 1262.007693 1209.504112 1184.188987 1162.426512 1141.206743 1140.245294 1136.505104 1142.192506 1143.663891 1150.442963 1162.880479 1182.757397 1204.625447 1214.387097 1223.313578 1235.736930 1259.062753 1291.323071 1332.380453 1384.785890 1440.843285 1479.306210 1491.206855 1481.090612 1486.004721 1506.884692 1550.612001 1632.970139 1719.896032 1818.134302 1895.051700 1977.102242 2038.167705 2064.364251 2094.126406 2127.484363 2083.741029 1893.703621 1995.605485 -9999.0 -9999.0 -9999.0 -9999.0 -9999.0 -9999.0 -9999.0 -9999.0 -9999.0 -9999.0
-9999.0 -9999.0 -9999.0 -9999.0 434.206210 587.165884 682.535579 763.903014 890.979970 1010.066658 1109.662281 1192.730108 1254.810577 1280.834951 1275.056635 1278.137682 1272.010078 1265.292258 1255.654137 1255.022501 1254.572719 1248.045684 1234.849800 1228.292975 1229.791437 1235.039281 1232.574652 1218.767356 1200.888327 1178.469424 1158.537137 1124.744957 1089.292232 1060.432364 1047.498657 1041.988918 1041.973536 1035.276612 1044.086977 1051.363593 1066.470456 1081.575229 1105.198451 1134.034709 1147.639965 1162.258506 1171.777050 1191.886586 1221.601007 1274.023432 1336.281987 1392.852283 1427.495699 1430.931933 1405.467074 1389.374195 1385.285381 1412.800119 1457.290732 1524.136746 1625.288153 1700.068884 1763.264439 1815.915217 1860.320501 1927.527556 2011.173846 2058.891739 -9999.0 -9999.0 -9999.0 -9999.0 -9999.0 -9999.0 -9999.0 -9999.0 -9999.0 -9999.0 -9999.0 -9999.0
-9999.0 -9999.0 -9999.0 -9999.0 -9999.0 -9999.0 391.350125 491.467278 570.646120 706.777493 834.945555 934.756789 1013.980478 1044.597277 1069.447751 1094.867029 1092.168935 1073.654947 1054.915980 1073.859995 1087.952744 1082.817991 1053.723140 1053.868128 1059.084397 1067.728623 1065.795623 1059.531172 1034.644646 1046.190869 1047.140451 1024.352874 998.743984 985.191903 973.642608 983.513257 983.982998 970.612314 971.397653 998.130621 1018.278785 1031.332775 1053.054969 1086.115767 1118.287070 1133.251837 1134.330966 1140.043515 1179.539009 1248.929536 1319.532794 1373.828545 1405.191506 1412.281242 1384.119301 1343.212044 1321.929434 1328.096657 1361.726891 1413.038771 1487.440068 1536.428547 1564.930478 1583.419679 1609.218574 1708.216877 -9999.0 -9999.0 -9999.0 -9999.0 -9999.0 -9999.0 -9999.0 -9999.0 -9999.0 -9999.0 -9999.0 -9999.0 -9999.0 -9999.0
-9999.0 -9999.0 -9999.0 -9999.0 -9999.0 -9999.0 -9999.0 -9999.0 -9999.0 -9999.0 -9999.0 -9999.0 -9999.0 -9999.0 -9999.0 -9999.0 -9999.0 -9999.0 -9999.0 -9999.0 -9999.0 -9999.0 -9999.0 -9999.0 -9999.0 -9999.0 -9999.0 -9999.0 -9999.0 -9999.0 -9999.0 -9999.0 -9999.0 -9999.0 -9999.0 -9999.0 -9999.0 -9999.0 -9999.0 -9999.0 -9999.0 -9999.0 -9999.0 -9999.0 -9999.0 -9999.0 -9999.0 -9999.0 -9999.0 -9999.0 -9999.0 -9999.0 -9999.0 -9999.0 -9999.0 -9999.0 -9999.0 -9999.0 -9999.0 -9999.0 -9999.0 -9999.0 -9999.0 -9999.0 -9999.0 -9999.0 -9999.0 -9999.0 -9999.0 -9999.0 -9999.0 -9999.0 -9999.0 -9999.0 -9999.0 -9999.0 -9999.0 -9999.0 -9999.0 -9999.0
-9999.0 -9999.0 -9999.0 -9999.0 -9999.0 -9999.0 -9999.0 -9999.0 -9999.0 -9999.0 -9999.0 -9999.0 -9999.0 -9999.0 -9999.0 -9999.0 -9999.0 -9999.0 -9999.0 -9999.0 -9999.0 -9999.0 -9999.0 -9999.0 -9999.0 -9999.0 -9999.0 -9999.0 -9999.0 -9999.0 -9999.0 -9999.0 -9999.0 -9999.0 -9999.0 -9999.0 -9999.0 -9999.0 -9999.0 -9999.0 -9999.0 -9999.0 -9999.0 -9999.0 -9999.0 -9999.0 -9999.0 -9999.0 -9999.0 -9999.0 -9999.0 -9999.0 -9999.0 -9999.0 -9999.0 -9999.0 -9999.0 -9999.0 -9999.0 -9999.0 -9999.0 -9999.0 -9999.0 -9999.0 -9999.0 -9999.0 -9999.0 -9999.0 -9999.0 -9999.0 -9999.0 -9999.0 -9999.0 -9999.0 -9999.0 -9999.0 -9999.0 -9999.0 -9999.0 -9999.0