Borden_/Borden1m_014/output_maps/psiliqL0029N0039.asc
ncols         80
nrows         18
xllcorner     620200.000000
yllcorner     5168000.000000
cellsize      1.000000
NODATA_value  -9999.0
-9999.0 -9999.0 -9999.0 -9999.0 -9999.0 -9999.0 -9999.0 -9999.0 -9999.0 -9999.0 -9999.0 -9999.0 -9999.0 -9999.0 -9999.0 -9999.0 -9999.0 -9999.0 -9999.0 -9999.0 -9999.0 -9999.0 -9999.0 -9999.0 -9999.0 -9999.0 -9999.0 -9999.0 -9999.0 -9999.0 -9999.0 -9999.0 -9999.0 -9999.0 -9999.0 -9999.0 -9999.0 -9999.0 -9999.0 -9999.0 -9999.0 -9999.0 -9999.0 -9999.0 -9999.0 -9999.0 -9999.0 -9999.0 -9999.0 -9999.0 -9999.0 -9999.0 -9999.0 -9999.0 -9999.0 -9999.0 -9999.0 -9999.0 -9999.0 -9999.0 -9999.0 -9999.0 -9999.0 -9999.0 -9999.0 -9999.0 -9999.0 -9999.0 -9999.0 -9999.0 -9999.0 -9999.0 -9999.0 -9999.0 -9999.0 -9999.0 -9999.0 -9999.0 -9999.0 -9999.0
-9999.0 -9999.0 -9999.0 -9999.0 -9999.0 -9999.0 -9999.0 -9999.0 -9999.0 -9999.0 -9999.0 -9999.0 -9999.0 -9999.0 -9999.0 -9999.0 -9999.0 -9999.0 -9999.0 -9999.0 -9999.0 -9999.0 -9999.0 -9999.0 -9999.0 -9999.0 -9999.0 -9999.0 -9999.0 -9999.0 -9999.0 -9999.0 -9999.0 -9999.0 -9999.0 -9999.0 -9999.0 -9999.0 -9999.0 -9999.0 -9999.0 -9999.0 -9999.0 -9999.0 -9999.0 -9999.0 -9999.0 -9999.0 -9999.0 -9999.0 -9999.0 -9999.0 -9999.0 -9999.0 -9999.0 -9999.0 -9999.0 -9999.0 -9999.0 -9999.0 -9999.0 -9999.0 -9999.0 -9999.0 -9999.0 -9999.0 -9999.0 -9999.0 -9999.0 -9999.0 -9999.0 -9999.0 -9999.0 -9999.0 -9999.0 -9999.0 -9999.0 -9999.0 -9999.0 -9999.0
-9999.0 -9999.0 -9999.0 -9999.0 -9999.0 -9999.0 -9999.0 -9999.0 -9999.0 -9999.0 -9999.0 -9999.0 -9999.0 -9999.0 -9999.0 -9999.0 -9999.0 -9999.0 -9999.0 -9999.0 3925.068121 3925.622433 3904.003291 3869.686932 3841.235339 3842.815056 3875.156598 3915.459058 3954.169436 3960.732019 3941.149798 3945.076780 3940.483740 3934.988263 3934.475296 3942.300332 3949.408152 3958.651799 3965.191768 3962.385439 3954.694087 3949.694164 3952.859551 3954.100579 3960.589023 3945.173523 3961.663177 3978.201226 3982.739956 3980.530547 3957.514819 3946.432794 3938.727457 3923.224137 3950.440735 3962.225961 3986.056032 3990.985125 3989.120269 3962.680009 3932.778739 -9999.0 -9999.0 -9999.0 -9999.0 -9999.0 -9999.0 -9999.0 -9999.0 -9999.0 -9999.0 -9999.0 -9999.0 -9999.0 -9999.0 -9999.0 -9999.0 -9999.0 -9999.0 -9999.0
-9999.0 -9999.0 -9999.0 -9999.0 -9999.0 -9999.0 -9999.0 -9999.0 -9999.0 -9999.0 -9999.0 -9999.0 -9999.0 -9999.0 3835.110769 3826.450179 3823.356443 3830.142529 3862.105607 3892.170966 3903.560913 3895.882458 3895.399039 3870.116545 3846.406711 3858.346751 3887.331155 3917.196719 3950.008782 3966.368594 3955.226587 3952.272476 3958.236811 3976.051495 3982.625157 3978.621652 3961.396662 3985.847420 3998.370585 4001.698630 3999.350112 3989.145274 3996.784252 4010.347572 4003.184991 3988.353329 4000.762029 4016.529407 4026.843129 4020.049268 3963.338435 3953.225398 3950.479827 3947.355357 3934.812306 3931.895192 3961.375643 3961.223572 3954.643966 3937.988881 3904.865998 3859.694536 3841.057844 3882.602316 3926.637768 3983.111437 -9999.0 -9999.0 -9999.0 -9999.0 -9999.0 -9999.0 -9999.0 -9999.0 -9999.0 -9999.0 -9999.0 -9999.0 -9999.0 -9999.0
-9999.0 -9999.0 -9999.0 -9999.0 -9999.0 -9999.0 -9999.0 -9999.0 -9999.0 3777.815552 3783.985463 3790.634954 3792.893718 3807.599664 3803.806474 3810.335879 3813.196669 3840.161817 3868.869102 3901.593376 3927.756483 3918.160104 3916.095965 3918.007412 3909.655982 3916.018485 3935.817531 3971.486557 4000.519830 4034.391609 3999.516179 3993.777294 4010.733345 4050.397509 4070.642981 4071.032301 4052.088733 4071.117581 4094.318009 4108.416879 4104.321693 4097.476907 4124.024762 4139.819290 4131.488081 4109.130445 4110.688421 4120.049260 4150.316526 4099.363770 4032.960590 3997.701720 4016.602391 3997.605287 3974.798734 3966.298258 3968.234168 3989.068160 3978.472488 3945.667000 3913.487652 3901.922712 3885.679593 3908.237237 3932.265100 3979.185508 4019.774051 4050.144289 4049.744370 4032.710280 -9999.0 -9999.0 -9999.0 -9999.0 -9999.0 -9999.0 -9999.0 -9999.0 -9999.0 -9999.0
-9999.0 -9999.0 -9999.0 -9999.0 -9999.0 -9999.0 3699.407544 3709.992479 3730.599217 3732.362693 3758.801658 3763.172219 3781.164470 3797.397092 3818.797744 3830.194445 3853.409918 3882.144641 3916.458729 3952.223053 3978.293358 3964.737680 3968.866602 3985.179726 4008.422400 4024.465368 4046.589084 4084.288010 4156.566534 4192.368868 4181.258400 4181.170783 4189.160424 4240.182585 4304.385801 4314.147857 4293.289064 4280.720596 4305.731559 4344.238980 4340.774684 4339.413667 4353.874143 4365.333126 4392.360439 4380.414369 4344.523025 4341.187483 4350.180302 4324.921724 4252.849068 4196.678761 4181.251515 4133.847022 4049.162111 4009.211156 4037.846359 4068.405946 4048.643522 4000.140983 3969.958639 3966.061993 3956.286870 3951.403487 3965.830097 3990.075152 4014.653706 4029.381323 4017.959277 3997.371242 3976.184616 3948.357828 3951.375960 3976.401000 -9999.0 -9999.0 -9999.0 -9999.0 -9999.0 -9999.0
-9999.0 -9999.0 -9999.0 -9999.0 3650.329625 3662.917350 3647.024018 3673.094637 3704.383222 3737.324582 3763.205545 3793.103322 3814.741634 3840.081852 3870.831327 3889.103299 3918.354245 3946.385237 3991.748245 4051.188966 4093.880903 4104.805415 4112.271783 4162.436516 4218.280631 4264.423809 4283.199977 4309.701478 4357.897936 4415.012118 4436.786523 4438.843765 4455.855405 4501.797722 4561.105740 4597.106976 4578.957930 4569.402395 4580.865215 4596.357476 4618.532554 4618.552391 4619.711117 4624.517249 4633.084486 4630.711154 4602.749676 4568.686800 4555.488598 4544.731383 4503.461221 4429.423156 4400.712675 4370.382641 4323.411701 4267.382741 4224.277484 4229.382157 4173.824589 4117.774756 4070.273798 4065.522208 4047.449206 4033.460548 4018.667525 4033.273447 4047.061286 4033.032372 4003.376622 3974.691205 3962.287507 3945.147403 3933.847218 3965.438373 3983.511935 4012.817671 -9999.0 -9999.0 -9999.0 -9999.0
-9999.0 -9999.0 3591.910892 3635.916928 3692.504113 3697.342556 3688.071916 3689.497577 3714.661638 3762.529130 3821.139938 3854.398505 3879.474672 3908.969641 3957.465214 4015.241700 4072.910563 4115.109265 4174.114969 4244.538187 4303.903786 4330.029298 4338.029321 4374.406016 4430.718549 4503.109003 4532.350867 4559.812344 4593.164689 4631.610890 4618.029148 4627.857679 4641.471639 4657.124609 4674.767148 4683.330868 4677.945071 4673.226325 4654.355618 4648.698955 4655.087770 4664.063963 4662.353737 4647.287549 4643.288050 4658.693386 4665.587839 4663.060465 4659.421601 4663.706106 4656.801179 4605.310750 4593.219300 4577.120985 4563.903900 4516.331289 4447.763215 4416.648381 4393.594702 4350.795585 4276.405180 4241.315700 4203.159037 4170.141143 4134.507667 4124.249197 4093.923096 4063.007784 4025.243630 3985.202647 3966.893740 3953.471864 3953.563482 3954.356962 3972.538441 3988.335048 4004.410551 4012.534603 -9999.0 -9999.0
-9999.0 3480.198815 3550.375857 3669.981224 3746.387555 3780.455775 3782.151880 3779.554213 3803.864853 3838.226653 3920.523133 3960.653025 4043.309615 4082.578734 4121.944678 4212.059526 4309.102776 4354.087125 4395.027195 4462.344450 4531.058991 4579.557912 4606.607488 4576.892102 4618.890420 4653.970512 4663.858095 4672.176812 4673.543767 4664.894225 4658.965989 4665.418175 4662.151292 4642.336530 4625.659991 4623.674376 4620.127826 4596.254307 4568.287669 4552.166156 4552.925656 4578.589820 4564.953258 4543.303140 4538.776516 4560.866599 4583.288478 4572.226470 4558.883047 4575.660076 4611.072621 4637.625032 4636.345069 4655.565753 4676.843134 4646.700223 4627.173436 4581.691099 4564.215934 4538.333485 4479.846807 4424.842614 4376.055131 4327.822603 4276.103504 4228.893094 4181.804838 4134.988638 4082.681504 4050.419654 4027.005999 3985.784880 3974.894084 3982.359870 3978.256435 3977.029422 3983.759316 3990.392081 -9999.0 -9999.0
-9999.0 3378.754068 3516.001964 3690.742224 3831.284624 3866.974059 3918.001702 3968.515171 3979.896283 3918.466674 4020.404290 4240.580697 4371.586713 4391.502650 4470.337183 4569.945261 4543.869509 4576.616654 4601.259185 4632.383329 4657.299876 4673.461174 4672.217220 4667.583439 4650.680402 4642.579395 4641.588246 4639.335202 4621.442883 4602.043307 4584.905695 4581.285632 4562.466697 4510.432651 4476.258090 4457.701189 4436.579875 4423.813073 4397.270577 4370.698125 4353.015730 4361.571644 4361.331155 4348.835597 4344.447886 4361.883596 4392.904157 4392.310450 4406.176911 4426.224335 4461.856648 4501.279906 4520.872922 4550.631029 4586.843021 4636.783747 4644.071559 4666.907557 4669.349673 4661.039140 4612.903464 4560.151996 4530.228572 4473.853171 4414.146965 4352.315110 4302.759357 4257.877950 4202.196420 4168.966005 4130.583398 4077.217193 4036.554695 4032.046127 3999.661994 3988.069513 -9999.0 -9999.0 -9999.0 -9999.0
-9999.0 3269.009757 3444.873006 3676.836825 3976.113878 4038.440964 4243.287536 4358.281944 4395.855687 4465.749741 4321.504436 4548.621004 4608.269867 4605.039806 4627.162121 4631.405284 4646.457009 4645.426672 4640.316988 4629.022666 4619.050001 4614.180475 4613.245429 4605.257160 4592.458431 4577.640851 4565.480982 4553.581655 4515.942238 4483.164067 4441.815324 4428.717075 4381.036201 4287.616708 4248.955742 4208.453874 4145.038138 4148.905383 4159.432465 4135.994525 4115.800517 4085.004250 4116.949896 4129.828831 4134.823419 4128.332341 4136.454801 4167.518473 4217.619802 4252.756957 4291.695129 4340.314930 4371.517439 4411.076161 4450.524150 4503.417053 4535.476896 4564.815603 4615.273747 4652.654280 4675.720950 4660.665809 4643.569392 4597.029077 4536.049400 4486.268106 4456.462076 4404.848147 4360.908133 4317.613506 4271.122547 4218.377518 4156.755011 4108.763621 4075.854048 -9999.0 -9999.0 -9999.0 -9999.0 -9999.0
-9999.0 3032.844009 3294.071819 3551.454408 3813.946560 4163.428194 4351.476615 4441.997432 4507.350849 4497.217434 4527.111851 4531.736436 4569.599603 4577.900541 4556.678165 4541.907516 4522.994513 4521.904219 4535.082662 4507.111977 4476.037401 4462.241095 4463.246399 4452.577757 4428.167465 4413.332687 4404.156398 4385.044707 4341.771761 4290.388085 4204.288406 4166.939882 4085.714247 4050.933971 4015.829081 3968.867008 3925.519507 3932.664619 3959.247729 3951.631166 3931.288188 3914.752856 3945.047808 3967.008802 3980.738100 3963.359016 3969.692121 4004.210157 4050.623819 4091.130113 4134.682407 4182.564691 4225.042426 4263.548166 4282.895176 4320.841643 4363.360114 4405.411258 4476.499456 4556.992767 4594.367820 4629.938030 4657.753645 4680.147951 4636.606814 4611.260222 4586.821725 4562.490535 4515.348238 4469.420792 4428.819075 4362.666721 4303.077082 -9999.0 -9999.0 -9999.0 -9999.0 -9999.0 -9999.0 -9999.0
-9999.0 2926.713040 3108.243035 3284.867948 3520.649745 3749.126579 3982.996446 4073.051938 4144.695771 4228.376325 4289.133990 4329.403885 4355.235768 4377.472802 4355.095130 4307.260882 4274.115397 4279.407182 4269.055325 4248.757923 4221.395937 4208.857077 4205.870941 4201.513618 4180.923104 4171.478133 4165.263985 4147.686859 4123.676499 4070.635325 4000.686223 3926.383992 3874.264284 3858.201856 3837.610912 3812.538211 3788.741512 3803.018377 3815.643689 3816.886508 3811.870490 3813.273445 3842.306611 3862.570593 3871.960722 3861.560256 3879.661658 3901.964355 3937.861007 3976.673015 4020.884821 4070.554206 4118.644066 4137.370354 4137.347481 4146.182456 4172.168584 4214.491717 4290.456167 4377.067894 4457.466992 4504.092643 4555.740274 4596.819957 4626.272403 4648.798127 4673.045427 4667.519106 4640.392883 4606.319695 4546.009461 -9999.0 -9999.0 -9999.0 -9999.0 -9999.0 -9999.0 -9999.0 -9999.0 -9999.0
-9999.0 -9999.0 2886.547111 3025.387284 3104.845325 3256.368224 3392.263014 3496.901483 3602.586912 3753.803429 3882.599014 3980.372234 4028.530392 4044.444858 4031.251665 4004.712627 3988.990849 3988.447446 3976.188670 3971.368028 3958.970301 3954.553016 3942.266909 3935.185880 3933.259507 3934.388784 3933.236813 3926.189646 3911.206219 3871.554307 3838.576910 3796.631074 3752.846632 3733.017956 3716.793906 3702.051859 3708.645225 3703.859795 3709.734033 3713.523024 3724.486576 3739.488025 3758.692281 3781.793433 3791.498531 3802.255628 3812.594365 3833.546848 3862.557270 3902.211811 3953.100766 4007.610244 4042.989457 4048.780049 4029.035123 4021.888478 4027.485218 4053.883303 4114.034176 4181.684494 4273.035841 4339.652686 4406.990819 4464.000788 4491.395834 4527.807606 4599.909200 4648.076022 4692.858100 4670.325494 -9999.0 -9999.0 -9999.0 -9999.0 -9999.0 -9999.0 -9999.0 -9999.0 -9999.0 -9999.0
-9999.0 -9999.0 -9999.0 -9999.0 2885.508372 3021.970933 3116.041120 3189.211967 3322.776155 3455.344897 3562.375167 3651.314011 3723.423533 3750.041467 3753.724803 3775.204861 3775.859456 3765.572918 3754.323367 3761.659688 3769.131449 3763.693064 3746.162017 3741.081498 3747.136153 3757.415401 3757.341440 3746.405948 3730.028322 3720.801562 3712.470202 3685.023635 3655.970116 3631.079556 3621.454998 3621.089038 3622.706225 3615.511832 3624.557414 3634.804820 3651.475405 3666.810174 3690.305045 3720.369762 3735.503860 3750.101649 3758.105933 3775.662930 3803.688884 3854.666645 3915.989303 3972.405973 4006.269898 4005.981399 3976.583360 3953.622413 3939.306465 3954.778594 3981.258365 4029.326178 4117.766905 4179.604728 4222.992731 4260.198370 4296.546212 4363.414466 4460.962184 4543.810886 -9999.0 -9999.0 -9999.0 -9999.0 -9999.0 -9999.0 -9999.0 -9999.0 -9999.0 -9999.0 -9999.0 -9999.0
-9999.0 -9999.0 -9999.0 -9999.0 -9999.0 -9999.0 2863.805201 2970.176501 3022.566580 3177.994565 3328.689818 3438.099825 3522.836033 3560.947549 3598.479957 3630.806843 3632.605498 3611.690544 3588.839834 3612.364658 3634.397154 3628.170498 3595.099550 3598.261749 3607.530170 3616.783455 3615.979378 3612.471099 3590.645934 3612.318197 3621.115683 3601.641540 3579.446625 3570.030545 3560.771112 3572.569877 3574.038749 3560.334817 3559.271997 3588.385928 3610.272278 3623.227186 3643.964774 3677.204998 3709.719933 3725.481059 3725.939459 3729.738380 3764.767554 3832.164390 3903.005569 3958.162986 3989.113439 3993.265759 3961.806946 3916.160914 3889.061527 3886.414707 3908.815261 3945.728326 4005.052049 4039.622809 4047.288907 4044.416229 4053.871737 4155.789830 -9999.0 -9999.0 -9999.0 -9999.0 -9999.0 -9999.0 -9999.0 -9999.0 -9999.0 -9999.0 -9999.0 -9999.0 -9999.0 -9999.0
-9999.0 -9999.0 -9999.0 -9999.0 -9999.0 -9999.0 -9999.0 -9999.0 -9999.0 -9999.0 -9999.0 -9999.0 -9999.0 -9999.0 -9999.0 -9999.0 -9999.0 -9999.0 -9999.0 -9999.0 -9999.0 -9999.0 -9999.0 -9999.0 -9999.0 -9999.0 -9999.0 -9999.0 -9999.0 -9999.0 -9999.0 -9999.0 -9999.0 -9999.0 -9999.0 -9999.0 -9999.0 -9999.0 -9999.0 -9999.0 -9999.0 -9999.0 -9999.0 -9999.0 -9999.0 -9999.0 -9999.0 -9999.0 -9999.0 -9999.0 -9999.0 -9999.0 -9999.0 -9999.0 -9999.0 -9999.0 -9999.0 -9999.0 -9999.0 -9999.0 -9999.0 -9999.0 -9999.0 -9999.0 -9999.0 -9999.0 -9999.0 -9999.0 -9999.0 -9999.0 -9999.0 -9999.0 -9999.0 -9999.0 -9999.0 -9999.0 -9999.0 -9999.0 -9999.0 -9999.0
-9999.0 -9999.0 -9999.0 -9999.0 -9999.0 -9999.0 -9999.0 -9999.0 -9999.0 -9999.0 -9999.0 -9999.0 -9999.0 -9999.0 -9999.0 -9999.0 -9999.0 -9999.0 -9999.0 -9999.0 -9999.0 -9999.0 -9999.0 -9999.0 -9999.0 -9999.0 -9999.0 -9999.0 -9999.0 -9999.0 -9999.0 -9999.0 -9999.0 -9999.0 -9999.0 -9999.0 -9999.0 -9999.0 -9999.0 -9999.0 -9999.0 -9999.0 -9999.0 -9999.0 -9999.0 -9999.0 -9999.0 -9999.0 -9999.0 -9999.0 -9999.0 -9999.0 -9999.0 -9999.0 -9999.0 -9999.0 -9999.0 -9999.0 -9999.0 -9999.0 -9999.0 -9999.0 -9999.0 -9999.0 -9999.0 -9999.0 -9999.0 -9999.0 -9999.0 -9999.0 -9999.0 -9999.0 -9999.0 -9999.0 -9999.0 -9999.0 -9999.0 -9999.0 -9999.0 -9999.0