Borden_/Borden1m_014/output_maps/psiliqL0029N0025.asc
ncols         80
nrows         18
xllcorner     620200.000000
yllcorner     5168000.000000
cellsize      1.000000
NODATA_value  -9999.0
-9999.0 -9999.0 -9999.0 -9999.0 -9999.0 -9999.0 -9999.0 -9999.0 -9999.0 -9999.0 -9999.0 -9999.0 -9999.0 -9999.0 -9999.0 -9999.0 -9999.0 -9999.0 -9999.0 -9999.0 -9999.0 -9999.0 -9999.0 -9999.0 -9999.0 -9999.0 -9999.0 -9999.0 -9999.0 -9999.0 -9999.0 -9999.0 -9999.0 -9999.0 -9999.0 -9999.0 -9999.0 -9999.0 -9999.0 -9999.0 -9999.0 -9999.0 -9999.0 -9999.0 -9999.0 -9999.0 -9999.0 -9999.0 -9999.0 -9999.0 -9999.0 -9999.0 -9999.0 -9999.0 -9999.0 -9999.0 -9999.0 -9999.0 -9999.0 -9999.0 -9999.0 -9999.0 -9999.0 -9999.0 -9999.0 -9999.0 -9999.0 -9999.0 -9999.0 -9999.0 -9999.0 -9999.0 -9999.0 -9999.0 -9999.0 -9999.0 -9999.0 -9999.0 -9999.0 -9999.0
-9999.0 -9999.0 -9999.0 -9999.0 -9999.0 -9999.0 -9999.0 -9999.0 -9999.0 -9999.0 -9999.0 -9999.0 -9999.0 -9999.0 -9999.0 -9999.0 -9999.0 -9999.0 -9999.0 -9999.0 -9999.0 -9999.0 -9999.0 -9999.0 -9999.0 -9999.0 -9999.0 -9999.0 -9999.0 -9999.0 -9999.0 -9999.0 -9999.0 -9999.0 -9999.0 -9999.0 -9999.0 -9999.0 -9999.0 -9999.0 -9999.0 -9999.0 -9999.0 -9999.0 -9999.0 -9999.0 -9999.0 -9999.0 -9999.0 -9999.0 -9999.0 -9999.0 -9999.0 -9999.0 -9999.0 -9999.0 -9999.0 -9999.0 -9999.0 -9999.0 -9999.0 -9999.0 -9999.0 -9999.0 -9999.0 -9999.0 -9999.0 -9999.0 -9999.0 -9999.0 -9999.0 -9999.0 -9999.0 -9999.0 -9999.0 -9999.0 -9999.0 -9999.0 -9999.0 -9999.0
-9999.0 -9999.0 -9999.0 -9999.0 -9999.0 -9999.0 -9999.0 -9999.0 -9999.0 -9999.0 -9999.0 -9999.0 -9999.0 -9999.0 -9999.0 -9999.0 -9999.0 -9999.0 -9999.0 -9999.0 3925.068012 3925.622320 3904.003173 3869.686804 3841.235202 3842.814905 3875.156438 3915.458884 3954.169253 3960.731824 3941.149592 3945.076564 3940.483512 3934.988028 3934.475053 3942.300077 3949.407880 3958.651529 3965.191493 3962.385159 3954.693799 3949.693876 3952.859257 3954.100283 3960.588731 3945.173231 3961.662891 3978.201205 3982.739939 3980.530527 3957.514579 3946.432566 3938.727245 3923.223943 3950.440557 3962.225795 3986.056016 3990.985116 3989.120256 3962.679894 3932.778628 -9999.0 -9999.0 -9999.0 -9999.0 -9999.0 -9999.0 -9999.0 -9999.0 -9999.0 -9999.0 -9999.0 -9999.0 -9999.0 -9999.0 -9999.0 -9999.0 -9999.0 -9999.0 -9999.0
-9999.0 -9999.0 -9999.0 -9999.0 -9999.0 -9999.0 -9999.0 -9999.0 -9999.0 -9999.0 -9999.0 -9999.0 -9999.0 -9999.0 3835.110683 3826.450085 3823.356341 3830.142417 3862.105489 3892.170837 3903.560783 3895.882323 3895.398893 3870.116388 3846.406544 3858.346566 3887.330958 3917.196518 3950.008568 3966.368366 3955.226352 3952.272223 3958.236548 3976.051472 3982.625134 3978.621623 3961.396357 3985.847389 3998.370559 4001.698602 3999.350087 3989.145244 3996.784226 4010.347545 4003.184964 3988.353298 4000.762005 4016.529384 4026.843106 4020.049241 3963.338153 3953.225133 3950.479585 3947.355133 3934.812093 3931.894992 3961.375454 3961.223412 3954.643819 3937.988742 3904.865865 3859.694406 3841.057729 3882.602208 3926.637675 3983.111429 -9999.0 -9999.0 -9999.0 -9999.0 -9999.0 -9999.0 -9999.0 -9999.0 -9999.0 -9999.0 -9999.0 -9999.0 -9999.0 -9999.0
-9999.0 -9999.0 -9999.0 -9999.0 -9999.0 -9999.0 -9999.0 -9999.0 -9999.0 3777.814597 3783.985353 3790.634851 3792.893626 3807.599564 3803.806366 3810.335768 3813.196544 3840.161678 3868.868951 3901.593211 3927.756318 3918.159913 3916.095770 3918.007203 3909.655755 3916.018240 3935.817272 3971.486532 4000.519807 4034.391587 3999.516149 3993.777270 4010.733316 4050.397486 4070.642953 4071.032276 4052.088701 4071.117550 4094.317985 4108.416848 4104.321664 4097.476875 4124.024730 4139.819262 4131.488053 4109.130416 4110.688388 4120.049229 4150.316502 4099.363744 4032.960564 3997.701689 4016.602365 3997.605265 3974.798705 3966.297997 3968.233926 3989.068136 3978.472468 3945.666818 3913.487470 3901.922551 3885.679445 3908.237106 3932.264987 3979.185503 4019.774044 4050.144283 4049.744368 4032.710276 -9999.0 -9999.0 -9999.0 -9999.0 -9999.0 -9999.0 -9999.0 -9999.0 -9999.0 -9999.0
-9999.0 -9999.0 -9999.0 -9999.0 -9999.0 -9999.0 3699.406722 3709.991559 3730.598176 3732.361558 3758.800392 3763.170890 3781.164333 3797.396959 3818.797604 3830.194288 3853.409743 3882.144449 3916.458526 3952.222831 3978.293330 3964.737419 3968.866574 3985.179706 4008.422375 4024.465339 4046.589052 4084.287984 4156.566532 4192.368866 4181.258401 4181.170778 4189.160423 4240.182581 4304.385801 4314.147852 4293.289060 4280.720596 4305.731553 4344.238977 4340.774681 4339.413666 4353.874141 4365.333127 4392.360435 4380.414369 4344.523024 4341.187484 4350.180297 4324.921722 4252.849062 4196.678760 4181.251515 4133.846994 4049.162080 4009.211129 4037.846331 4068.405928 4048.643500 4000.140958 3969.958396 3966.061769 3956.286671 3951.403315 3965.829945 3990.075142 4014.653700 4029.381318 4017.959274 3997.371235 3976.184561 3948.357780 3951.375921 3976.400970 -9999.0 -9999.0 -9999.0 -9999.0 -9999.0 -9999.0
-9999.0 -9999.0 -9999.0 -9999.0 3650.328956 3662.916574 3647.023092 3673.093539 3704.381927 3737.323084 3763.203943 3793.103126 3814.741466 3840.081667 3870.831127 3889.103073 3918.353999 3946.384967 3991.748220 4051.188939 4093.880879 4104.805385 4112.271758 4162.436513 4218.280627 4264.423810 4283.199973 4309.701477 4357.897935 4415.012116 4436.786523 4438.843767 4455.855407 4501.797720 4561.105741 4597.106976 4578.957933 4569.402394 4580.865215 4596.357476 4618.532553 4618.552390 4619.711117 4624.517248 4633.084489 4630.711153 4602.749677 4568.686798 4555.488599 4544.731381 4503.461222 4429.423158 4400.712671 4370.382638 4323.411702 4267.382738 4224.277481 4229.382153 4173.824586 4117.774730 4070.273772 4065.522181 4047.449188 4033.460527 4018.667511 4033.273431 4047.061273 4033.032364 4003.376613 3974.691123 3962.287440 3945.147348 3933.847176 3965.438335 3983.511935 4012.817668 -9999.0 -9999.0 -9999.0 -9999.0
-9999.0 -9999.0 3591.910373 3635.916387 3692.503411 3697.341668 3688.070780 3689.496166 3714.659922 3762.527133 3821.139692 3854.398294 3879.474432 3908.969374 3957.465189 4015.241678 4072.910531 4115.109237 4174.114966 4244.538184 4303.903785 4330.029299 4338.029317 4374.406014 4430.718550 4503.109002 4532.350869 4559.812342 4593.164690 4631.610891 4618.029150 4627.857677 4641.471638 4657.124609 4674.767147 4683.330871 4677.945069 4673.226324 4654.355617 4648.698957 4655.087767 4664.063967 4662.353737 4647.287549 4643.288052 4658.693384 4665.587838 4663.060464 4659.421601 4663.706108 4656.801180 4605.310751 4593.219300 4577.120987 4563.903900 4516.331285 4447.763214 4416.648381 4393.594703 4350.795581 4276.405176 4241.315701 4203.159031 4170.141143 4134.507645 4124.249182 4093.923082 4063.007772 4025.243620 3985.202641 3966.893648 3953.471791 3953.563425 3954.356922 3972.538409 3988.335049 4004.410549 4012.534603 -9999.0 -9999.0
-9999.0 3480.194362 3550.370850 3669.980553 3746.386767 3780.455657 3782.151741 3779.554039 3803.864633 3838.226384 3920.522865 3960.652999 4043.309589 4082.578706 4121.944647 4212.059524 4309.102772 4354.087124 4395.027192 4462.344453 4531.058988 4579.557911 4606.607487 4576.892101 4618.890423 4653.970511 4663.858094 4672.176811 4673.543765 4664.894227 4658.965988 4665.418174 4662.151295 4642.336528 4625.659990 4623.674374 4620.127827 4596.254311 4568.287666 4552.166157 4552.925654 4578.589820 4564.953255 4543.303143 4538.776516 4560.866598 4583.288479 4572.226471 4558.883046 4575.660078 4611.072623 4637.625031 4636.345069 4655.565751 4676.843134 4646.700225 4627.173437 4581.691101 4564.215934 4538.333485 4479.846807 4424.842610 4376.055134 4327.822600 4276.103500 4228.893090 4181.804837 4134.988623 4082.681492 4050.419642 4027.005988 3985.784874 3974.894011 3982.359864 3978.256399 3977.029394 3983.759316 3990.392079 -9999.0 -9999.0
-9999.0 3378.748697 3515.996567 3690.741490 3831.284528 3866.973940 3918.001540 3968.515153 3979.896257 3918.466353 4020.404259 4240.580690 4371.586713 4391.502651 4470.337179 4569.945263 4543.869508 4576.616653 4601.259186 4632.383330 4657.299876 4673.461172 4672.217219 4667.583441 4650.680402 4642.579395 4641.588246 4639.335204 4621.442882 4602.043306 4584.905695 4581.285631 4562.466698 4510.432652 4476.258089 4457.701187 4436.579873 4423.813070 4397.270578 4370.698123 4353.015731 4361.571639 4361.331158 4348.835592 4344.447881 4361.883594 4392.904161 4392.310449 4406.176910 4426.224332 4461.856645 4501.279903 4520.872925 4550.631029 4586.843022 4636.783746 4644.071559 4666.907555 4669.349672 4661.039140 4612.903466 4560.151998 4530.228569 4473.853171 4414.146965 4352.315110 4302.759353 4257.877947 4202.196420 4168.966003 4130.583389 4077.217181 4036.554685 4032.046122 3999.661991 3988.069511 -9999.0 -9999.0 -9999.0 -9999.0
-9999.0 3268.961493 3444.865646 3676.836010 3976.113853 4038.440954 4243.287535 4358.281944 4395.855685 4465.749738 4321.504435 4548.621002 4608.269867 4605.039807 4627.162122 4631.405285 4646.457009 4645.426675 4640.316986 4629.022664 4619.050000 4614.180477 4613.245431 4605.257160 4592.458429 4577.640853 4565.480983 4553.581653 4515.942240 4483.164065 4441.815327 4428.717075 4381.036199 4287.616705 4248.955741 4208.453872 4145.038133 4148.905376 4159.432465 4135.994492 4115.800482 4085.004221 4116.949861 4129.828805 4134.823395 4128.332311 4136.454771 4167.518469 4217.619802 4252.756955 4291.695128 4340.314930 4371.517437 4411.076161 4450.524148 4503.417051 4535.476899 4564.815602 4615.273748 4652.654280 4675.720950 4660.665809 4643.569391 4597.029081 4536.049397 4486.268108 4456.462077 4404.848146 4360.908130 4317.613507 4271.122542 4218.377520 4156.755003 4108.763616 4075.854043 -9999.0 -9999.0 -9999.0 -9999.0 -9999.0
-9999.0 3032.544365 3294.008081 3551.451307 3813.946326 4163.428172 4351.476610 4441.997427 4507.350847 4497.217431 4527.111853 4531.736437 4569.599604 4577.900543 4556.678161 4541.907515 4522.994514 4521.904218 4535.082662 4507.111980 4476.037400 4462.241094 4463.246399 4452.577759 4428.167467 4413.332686 4404.156398 4385.044710 4341.771755 4290.388083 4204.288400 4166.939874 4085.714214 4050.933944 4015.829050 3968.866980 3925.519206 3932.664332 3959.247697 3951.630884 3931.287910 3914.752577 3945.047537 3967.008777 3980.738074 3963.358995 3969.692098 4004.210137 4050.623793 4091.130093 4134.682380 4182.564689 4225.042426 4263.548162 4282.895175 4320.841640 4363.360112 4405.411256 4476.499457 4556.992767 4594.367820 4629.938033 4657.753644 4680.147948 4636.606814 4611.260219 4586.821726 4562.490535 4515.348241 4469.420789 4428.819079 4362.666719 4303.077081 -9999.0 -9999.0 -9999.0 -9999.0 -9999.0 -9999.0 -9999.0
-9999.0 2925.826158 3107.857117 3284.781423 3520.636218 3749.124120 3982.995962 4073.051514 4144.695698 4228.376314 4289.133981 4329.403884 4355.235767 4377.472799 4355.095131 4307.260879 4274.115393 4279.407180 4269.055325 4248.757919 4221.395935 4208.857077 4205.870932 4201.513608 4180.923096 4171.478124 4165.263976 4147.686826 4123.676471 4070.635294 4000.686197 3926.383698 3874.263971 3858.201565 3837.610649 3812.537968 3788.741271 3803.018150 3815.643480 3816.886293 3811.870276 3813.273231 3842.306398 3862.570411 3871.960546 3861.560072 3879.661468 3901.964154 3937.860799 3976.672992 4020.884801 4070.554188 4118.644045 4137.370331 4137.347458 4146.182430 4172.168582 4214.491716 4290.456164 4377.067894 4457.466991 4504.092642 4555.740272 4596.819959 4626.272403 4648.798127 4673.045427 4667.519105 4640.392880 4606.319697 4546.009459 -9999.0 -9999.0 -9999.0 -9999.0 -9999.0 -9999.0 -9999.0 -9999.0 -9999.0
-9999.0 -9999.0 2885.425344 3024.894591 3104.209768 3256.215394 3392.225004 3496.873071 3602.580360 3753.802616 3882.598641 3980.372152 4028.530312 4044.444825 4031.251637 4004.712595 3988.990822 3988.447417 3976.188640 3971.368002 3958.970273 3954.552985 3942.266540 3935.185515 3933.259154 3934.388443 3933.236484 3926.189324 3911.205912 3871.554027 3838.576654 3796.630794 3752.844198 3733.015683 3716.791826 3702.049939 3708.643429 3703.858093 3709.732399 3713.521423 3724.484995 3739.486453 3758.690730 3781.793273 3791.498389 3802.255483 3812.594210 3833.546692 3862.557122 3902.211657 3953.100603 4007.610225 4042.989444 4048.780036 4029.035103 4021.888455 4027.485191 4053.883276 4114.034145 4181.684493 4273.035836 4339.652686 4406.990820 4464.000790 4491.395835 4527.807607 4599.909200 4648.076022 4692.858102 4670.325494 -9999.0 -9999.0 -9999.0 -9999.0 -9999.0 -9999.0 -9999.0 -9999.0 -9999.0 -9999.0
-9999.0 -9999.0 -9999.0 -9999.0 2883.683540 3021.188866 3115.138988 3188.951597 3322.559540 3455.311516 3562.368021 3651.310391 3723.419764 3750.040611 3753.724471 3775.204540 3775.859133 3765.572601 3754.323055 3761.659388 3769.131155 3763.692728 3746.158847 3741.078364 3747.133113 3757.412466 3757.338618 3746.403253 3730.025794 3720.799225 3712.468061 3685.021675 3655.968247 3631.077607 3621.453208 3621.087388 3622.704672 3615.510369 3624.556012 3634.803622 3651.474225 3666.809012 3690.303884 3720.368647 3735.502725 3750.100477 3758.104709 3775.661652 3803.688740 3854.666529 3915.989178 3972.405843 4006.269887 4005.981381 3976.583165 3953.622188 3939.306212 3954.778304 3981.258334 4029.326145 4117.766877 4179.604724 4222.992726 4260.198365 4296.546210 4363.414467 4460.962185 4543.810885 -9999.0 -9999.0 -9999.0 -9999.0 -9999.0 -9999.0 -9999.0 -9999.0 -9999.0 -9999.0 -9999.0 -9999.0
-9999.0 -9999.0 -9999.0 -9999.0 -9999.0 -9999.0 2861.352421 2967.591562 3021.482141 3177.771803 3328.466502 3438.066749 3522.804343 3560.915087 3598.476377 3630.803737 3632.602402 3611.687493 3588.836847 3612.361750 3634.394327 3628.167738 3595.096771 3598.259043 3607.527539 3616.780922 3615.976948 3612.468794 3590.643771 3612.316191 3621.113856 3601.639860 3579.444850 3570.015324 3560.756831 3572.556652 3574.026391 3560.323125 3559.260887 3588.384779 3610.271326 3623.226232 3643.963828 3677.204045 3709.718961 3725.480053 3725.938406 3729.737263 3764.766410 3832.164278 3903.005465 3958.162873 3989.113428 3993.265750 3961.806773 3916.160719 3889.061304 3886.414447 3908.814969 3945.727992 4005.052019 4039.622782 4047.288871 4044.416197 4053.871697 4155.789826 -9999.0 -9999.0 -9999.0 -9999.0 -9999.0 -9999.0 -9999.0 -9999.0 -9999.0 -9999.0 -9999.0 -9999.0 -9999.0 -9999.0
-9999.0 -9999.0 -9999.0 -9999.0 -9999.0 -9999.0 -9999.0 -9999.0 -9999.0 -9999.0 -9999.0 -9999.0 -9999.0 -9999.0 -9999.0 -9999.0 -9999.0 -9999.0 -9999.0 -9999.0 -9999.0 -9999.0 -9999.0 -9999.0 -9999.0 -9999.0 -9999.0 -9999.0 -9999.0 -9999.0 -9999.0 -9999.0 -9999.0 -9999.0 -9999.0 -9999.0 -9999.0 -9999.0 -9999.0 -9999.0 -9999.0 -9999.0 -9999.0 -9999.0 -9999.0 -9999.0 -9999.0 -9999.0 -9999.0 -9999.0 -9999.0 -9999.0 -9999.0 -9999.0 -9999.0 -9999.0 -9999.0 -9999.0 -9999.0 -9999.0 -9999.0 -9999.0 -9999.0 -9999.0 -9999.0 -9999.0 -9999.0 -9999.0 -9999.0 -9999.0 -9999.0 -9999.0 -9999.0 -9999.0 -9999.0 -9999.0 -9999.0 -9999.0 -9999.0 -9999.0
-9999.0 -9999.0 -9999.0 -9999.0 -9999.0 -9999.0 -9999.0 -9999.0 -9999.0 -9999.0 -9999.0 -9999.0 -9999.0 -9999.0 -9999.0 -9999.0 -9999.0 -9999.0 -9999.0 -9999.0 -9999.0 -9999.0 -9999.0 -9999.0 -9999.0 -9999.0 -9999.0 -9999.0 -9999.0 -9999.0 -9999.0 -9999.0 -9999.0 -9999.0 -9999.0 -9999.0 -9999.0 -9999.0 -9999.0 -9999.0 -9999.0 -9999.0 -9999.0 -9999.0 -9999.0 -9999.0 -9999.0 -9999.0 -9999.0 -9999.0 -9999.0 -9999.0 -9999.0 -9999.0 -9999.0 -9999.0 -9999.0 -9999.0 -9999.0 -9999.0 -9999.0 -9999.0 -9999.0 -9999.0 -9999.0 -9999.0 -9999.0 -9999.0 -9999.0 -9999.0 -9999.0 -9999.0 -9999.0 -9999.0 -9999.0 -9999.0 -9999.0 -9999.0 -9999.0 -9999.0