Borden_/Borden1m_014/output_maps/psiliqL0002N0032.asc
ncols         80
nrows         18
xllcorner     620200.000000
yllcorner     5168000.000000
cellsize      1.000000
NODATA_value  -9999.0
-9999.0 -9999.0 -9999.0 -9999.0 -9999.0 -9999.0 -9999.0 -9999.0 -9999.0 -9999.0 -9999.0 -9999.0 -9999.0 -9999.0 -9999.0 -9999.0 -9999.0 -9999.0 -9999.0 -9999.0 -9999.0 -9999.0 -9999.0 -9999.0 -9999.0 -9999.0 -9999.0 -9999.0 -9999.0 -9999.0 -9999.0 -9999.0 -9999.0 -9999.0 -9999.0 -9999.0 -9999.0 -9999.0 -9999.0 -9999.0 -9999.0 -9999.0 -9999.0 -9999.0 -9999.0 -9999.0 -9999.0 -9999.0 -9999.0 -9999.0 -9999.0 -9999.0 -9999.0 -9999.0 -9999.0 -9999.0 -9999.0 -9999.0 -9999.0 -9999.0 -9999.0 -9999.0 -9999.0 -9999.0 -9999.0 -9999.0 -9999.0 -9999.0 -9999.0 -9999.0 -9999.0 -9999.0 -9999.0 -9999.0 -9999.0 -9999.0 -9999.0 -9999.0 -9999.0 -9999.0
-9999.0 -9999.0 -9999.0 -9999.0 -9999.0 -9999.0 -9999.0 -9999.0 -9999.0 -9999.0 -9999.0 -9999.0 -9999.0 -9999.0 -9999.0 -9999.0 -9999.0 -9999.0 -9999.0 -9999.0 -9999.0 -9999.0 -9999.0 -9999.0 -9999.0 -9999.0 -9999.0 -9999.0 -9999.0 -9999.0 -9999.0 -9999.0 -9999.0 -9999.0 -9999.0 -9999.0 -9999.0 -9999.0 -9999.0 -9999.0 -9999.0 -9999.0 -9999.0 -9999.0 -9999.0 -9999.0 -9999.0 -9999.0 -9999.0 -9999.0 -9999.0 -9999.0 -9999.0 -9999.0 -9999.0 -9999.0 -9999.0 -9999.0 -9999.0 -9999.0 -9999.0 -9999.0 -9999.0 -9999.0 -9999.0 -9999.0 -9999.0 -9999.0 -9999.0 -9999.0 -9999.0 -9999.0 -9999.0 -9999.0 -9999.0 -9999.0 -9999.0 -9999.0 -9999.0 -9999.0
-9999.0 -9999.0 -9999.0 -9999.0 -9999.0 -9999.0 -9999.0 -9999.0 -9999.0 -9999.0 -9999.0 -9999.0 -9999.0 -9999.0 -9999.0 -9999.0 -9999.0 -9999.0 -9999.0 -9999.0 -592.201295 -591.270979 -593.367834 -595.753580 -597.736961 -597.968062 -595.732313 -593.106340 -590.074643 -589.425422 -591.822389 -591.272491 -592.207706 -592.695504 -592.709042 -592.051700 -591.747737 -590.757079 -590.113303 -590.376093 -591.109858 -591.644740 -592.126418 -591.948224 -591.137306 -592.232035 -590.588083 -588.931388 -588.320165 -588.382237 -590.685429 -591.662033 -592.021261 -593.858714 -590.524069 -589.485500 -586.919853 -586.642015 -586.205869 -589.096451 -591.911654 -9999.0 -9999.0 -9999.0 -9999.0 -9999.0 -9999.0 -9999.0 -9999.0 -9999.0 -9999.0 -9999.0 -9999.0 -9999.0 -9999.0 -9999.0 -9999.0 -9999.0 -9999.0 -9999.0
-9999.0 -9999.0 -9999.0 -9999.0 -9999.0 -9999.0 -9999.0 -9999.0 -9999.0 -9999.0 -9999.0 -9999.0 -9999.0 -9999.0 -596.205484 -597.303289 -597.808208 -598.093112 -596.088719 -594.486192 -594.369369 -595.515054 -594.618565 -596.858741 -598.811921 -597.618349 -595.878851 -594.388780 -591.953943 -590.071682 -591.776698 -592.194095 -591.245123 -587.910439 -586.362756 -587.033545 -590.848570 -587.270431 -585.349505 -584.082830 -584.242296 -585.989815 -583.482543 -580.552780 -582.018742 -585.105270 -584.512832 -582.787958 -579.905572 -581.546887 -591.091615 -592.192454 -591.752310 -591.620520 -592.881320 -593.780900 -590.408038 -590.838292 -591.422550 -592.112358 -594.155467 -597.355156 -598.750897 -595.482531 -592.440043 -586.196913 -9999.0 -9999.0 -9999.0 -9999.0 -9999.0 -9999.0 -9999.0 -9999.0 -9999.0 -9999.0 -9999.0 -9999.0 -9999.0 -9999.0
-9999.0 -9999.0 -9999.0 -9999.0 -9999.0 -9999.0 -9999.0 -9999.0 -9999.0 -598.086790 -598.383994 -598.079909 -598.780753 -597.822764 -599.373934 -599.000643 -599.245099 -597.885609 -596.725144 -594.749617 -592.145801 -594.018036 -594.251783 -592.866487 -592.609153 -592.006305 -590.769067 -586.333935 -581.043026 -572.752226 -579.620011 -579.908674 -576.091862 -561.698684 -547.501359 -542.599782 -550.613610 -550.663656 -540.888431 -527.982535 -527.164613 -528.236535 -512.938355 -502.705251 -495.431534 -511.032898 -525.940736 -528.202886 -510.436778 -540.132484 -561.884496 -577.634558 -576.811038 -582.163044 -587.870053 -590.009957 -590.752827 -586.831198 -588.389330 -592.056238 -595.003958 -594.183836 -595.782003 -594.220113 -593.039948 -588.288543 -583.897210 -579.587381 -579.370653 -582.110007 -9999.0 -9999.0 -9999.0 -9999.0 -9999.0 -9999.0 -9999.0 -9999.0 -9999.0 -9999.0
-9999.0 -9999.0 -9999.0 -9999.0 -9999.0 -9999.0 -600.067458 -600.192736 -599.581541 -601.454154 -600.101136 -601.011005 -599.993748 -599.522543 -598.842516 -598.761606 -597.002821 -595.417877 -592.701248 -589.021492 -585.550064 -587.248636 -586.316802 -581.218972 -570.961965 -560.990194 -554.372454 -541.538230 -488.857410 -432.601077 -408.815013 -397.490502 -384.557164 -354.741357 -300.411904 -275.860063 -303.141726 -321.107484 -303.923778 -260.070588 -175.885495 -174.723991 -169.230192 -162.430333 -136.338548 -141.008596 -253.666418 -284.967353 -295.383155 -305.140997 -346.960926 -390.507326 -449.479217 -505.283886 -548.187028 -566.297953 -569.298715 -566.568818 -573.675704 -582.687694 -587.937219 -588.050512 -589.087967 -590.931889 -590.097261 -588.152566 -585.125172 -583.232375 -584.697289 -586.706275 -588.264800 -591.366506 -590.896792 -587.892868 -9999.0 -9999.0 -9999.0 -9999.0 -9999.0 -9999.0
-9999.0 -9999.0 -9999.0 -9999.0 -603.025564 -602.151764 -604.743203 -603.276271 -602.113340 -601.219339 -601.153910 -599.535451 -599.040093 -597.850459 -595.308626 -593.205331 -589.507240 -586.611442 -578.549092 -561.025204 -542.151878 -528.804032 -518.719989 -450.315219 -381.555693 -343.364338 -328.764926 -303.988824 -254.701815 -129.548329 -102.983007 -98.237056 -115.520430 -56.472402 -15.729787 11.154363 -0.903391 -8.466027 -5.559015 1.443800 24.899725 25.275119 26.266948 26.212185 28.247121 30.151740 10.732238 -19.243897 -29.920862 -37.858946 -92.773698 -114.612284 -222.532092 -261.574332 -287.003076 -326.936898 -380.560958 -405.443000 -478.656907 -525.685262 -555.437184 -564.576635 -572.968046 -577.260465 -582.639850 -581.772903 -580.391433 -583.108721 -586.594153 -589.846860 -590.319242 -591.730699 -593.223738 -589.402833 -587.973646 -583.701359 -9999.0 -9999.0 -9999.0 -9999.0
-9999.0 -9999.0 -603.221317 -603.092647 -600.683369 -602.119347 -602.952938 -604.184744 -603.644962 -601.288642 -596.689655 -594.534669 -591.220783 -589.375650 -581.567082 -560.917808 -531.697688 -500.094196 -425.131594 -368.258534 -319.654208 -277.260780 -192.892681 -150.993160 -135.524636 -60.799816 -37.556657 -54.504661 4.867954 29.903600 55.302325 69.644785 76.513736 68.406648 69.821075 65.742176 66.102759 60.762991 45.235146 42.641214 50.020614 51.561006 55.491109 43.143405 39.450450 51.945205 53.603320 54.202046 57.098552 63.996709 75.412524 46.650739 -5.484211 -16.544946 -55.359014 -56.401953 -118.025035 -217.357669 -247.148088 -287.808033 -357.126921 -395.085344 -456.102757 -515.339984 -546.401206 -558.786280 -570.367788 -577.299002 -583.445045 -588.903845 -590.596266 -591.624718 -590.944059 -591.434503 -589.385798 -587.786064 -585.457089 -584.548599 -9999.0 -9999.0
-9999.0 -603.940735 -604.677818 -600.357049 -599.512593 -598.531314 -597.158102 -595.977054 -594.737363 -596.336400 -583.535313 -556.205368 -522.638334 -505.117711 -438.757949 -344.327042 -185.282310 -152.685838 -150.209100 -88.722108 -40.046893 -3.229557 20.611314 52.727996 76.346478 69.271460 68.941277 65.482951 58.844293 50.884370 40.628628 48.618967 47.331721 33.038838 21.387231 20.777018 18.805357 -5.961509 -30.065811 -42.185991 -36.571646 -16.379713 -25.860635 -45.990708 -49.789337 -30.249661 -15.980591 -23.994106 -35.030145 -21.215651 8.570131 26.061711 42.474970 55.851783 76.187712 54.063961 21.988507 -13.940873 -26.580864 -50.167704 -161.158682 -226.308626 -279.412212 -340.793276 -390.054623 -462.273640 -525.632661 -552.483666 -569.990092 -576.312089 -580.189475 -587.711824 -589.698383 -588.214015 -589.200740 -589.320132 -588.398133 -587.668262 -9999.0 -9999.0
-9999.0 -607.769077 -603.891274 -599.157798 -592.984432 -591.705336 -569.903005 -547.165539 -537.357056 -549.960621 -472.678899 -179.674584 -118.234995 -118.196224 -67.693540 -0.701132 39.749881 61.204738 75.352159 64.650919 60.421296 61.187549 57.116695 48.777946 35.099765 27.661620 27.917670 25.863375 10.342100 -6.684514 -22.417687 -22.175615 -35.352507 -67.682097 -100.423146 -113.895722 -145.901682 -205.017245 -245.553459 -273.384896 -286.079749 -265.741577 -277.028423 -295.896802 -299.570177 -275.410226 -242.164995 -248.784782 -244.154865 -221.195860 -175.582367 -86.630472 -66.561479 -42.104549 -11.132270 26.545437 45.073045 63.493514 70.782300 46.312286 9.167671 -34.925375 -61.982060 -175.200277 -250.246621 -327.276919 -374.105058 -409.125726 -483.476438 -525.087312 -549.171850 -566.805002 -578.615683 -581.354614 -586.814313 -587.825637 -9999.0 -9999.0 -9999.0 -9999.0
-9999.0 -607.833377 -603.955722 -594.878959 -571.105475 -529.800166 -383.992138 -255.725430 -85.382927 -131.379391 -9.743254 60.289949 68.746976 51.821761 25.660728 21.984422 31.202274 33.222855 29.238436 20.404322 11.570835 7.387276 5.738419 -1.130326 -12.989479 -27.451779 -37.417683 -48.275135 -138.475224 -175.955540 -204.195810 -219.656177 -252.666627 -333.502993 -363.902920 -383.357831 -441.734151 -459.798482 -477.622669 -507.583956 -520.284546 -527.654788 -517.774340 -520.244310 -521.081731 -514.531896 -496.082651 -478.778081 -426.835256 -391.086661 -361.860140 -316.042602 -283.048323 -239.151494 -186.359387 -80.371274 -52.544963 -27.798061 11.868970 46.959341 67.487683 59.744208 31.960588 -1.432161 -57.856196 -180.137371 -233.811785 -302.351924 -353.217152 -385.892963 -409.953470 -465.811648 -530.199046 -564.153033 -572.317648 -9999.0 -9999.0 -9999.0 -9999.0 -9999.0
-9999.0 -612.916827 -603.604925 -596.054868 -553.316808 -369.920106 -281.093318 -12.479503 39.797820 -28.705063 -135.770981 -51.412816 -18.224983 -18.625647 -43.628619 -54.484801 -58.214929 -58.917719 -46.597823 -80.719391 -158.077846 -176.782650 -179.097148 -190.879127 -213.226626 -232.187967 -246.694572 -268.004875 -320.641110 -358.546355 -406.314613 -437.544760 -513.170601 -548.055306 -562.334163 -573.682040 -583.678056 -583.522921 -580.499241 -583.267047 -586.185066 -589.156899 -585.565945 -583.868847 -582.253765 -584.200069 -583.561349 -578.390247 -569.310064 -558.764156 -540.635733 -507.587601 -456.693627 -394.817654 -370.085793 -323.968599 -279.205948 -231.495363 -156.176856 -33.512236 -6.839361 21.976511 57.443960 76.151912 38.175753 2.604174 -52.595047 -175.216966 -274.813175 -314.204415 -329.997762 -351.257443 -386.787551 -9999.0 -9999.0 -9999.0 -9999.0 -9999.0 -9999.0 -9999.0
-9999.0 -616.024009 -605.959787 -603.904157 -590.466780 -558.003675 -479.137424 -365.762623 -196.627733 -321.786312 -336.345341 -312.983925 -284.600574 -263.576648 -286.711295 -318.387047 -339.116693 -335.730228 -334.357574 -353.684739 -376.275231 -385.442946 -386.008512 -393.557820 -425.855305 -449.989901 -465.213168 -491.152551 -521.391982 -546.776560 -571.701413 -582.565802 -589.813874 -592.371311 -594.203037 -596.090715 -599.522724 -597.716475 -596.272409 -596.663937 -597.767800 -598.585745 -596.054453 -595.132501 -594.314700 -596.608656 -594.979434 -593.418593 -589.930103 -586.224873 -580.768723 -572.357820 -560.759646 -551.256559 -543.600688 -526.940837 -490.571333 -412.979867 -348.667667 -256.068312 -181.791708 -87.551283 -36.968263 -4.340546 13.659832 21.740719 29.750352 2.456185 -247.338620 -279.909370 -282.763269 -9999.0 -9999.0 -9999.0 -9999.0 -9999.0 -9999.0 -9999.0 -9999.0 -9999.0
-9999.0 -9999.0 -617.925773 -613.644541 -609.675014 -605.588670 -599.739675 -591.913300 -585.597076 -576.982281 -563.097790 -545.168390 -531.203165 -523.739878 -533.514785 -550.243041 -558.748215 -558.197192 -560.365791 -564.589736 -571.630373 -574.142420 -575.804277 -577.138993 -579.991709 -581.203438 -581.728816 -582.817837 -585.140813 -590.042553 -594.254111 -597.084136 -600.094210 -600.066971 -600.582440 -601.622083 -600.876536 -601.064386 -600.782023 -600.930599 -600.719691 -600.262075 -599.664111 -598.864904 -598.805267 -598.591035 -598.274269 -597.356230 -595.929675 -594.012315 -590.291323 -584.710975 -580.236484 -579.076656 -581.309555 -580.522280 -577.131342 -568.555811 -537.011704 -453.962882 -371.967513 -309.877591 -239.488323 -191.641068 -169.947976 -98.472607 -39.177058 -184.469159 -329.244116 -317.073852 -9999.0 -9999.0 -9999.0 -9999.0 -9999.0 -9999.0 -9999.0 -9999.0 -9999.0 -9999.0
-9999.0 -9999.0 -9999.0 -9999.0 -619.393757 -613.641402 -608.424555 -608.832798 -604.983411 -602.589861 -600.221926 -597.305241 -594.873917 -593.255715 -595.279089 -595.869376 -596.336034 -596.039852 -596.464711 -597.034367 -597.351007 -597.694018 -598.006623 -598.471339 -598.329717 -597.931939 -597.830602 -598.607370 -598.659383 -600.188524 -600.489179 -601.394798 -602.268051 -603.226313 -603.068121 -603.199482 -602.803632 -603.230716 -602.562713 -602.960783 -602.454180 -602.208911 -601.564039 -600.530679 -600.890815 -600.291694 -600.235615 -599.418635 -599.025015 -596.784795 -593.087599 -588.680834 -585.583192 -585.681377 -589.506515 -591.089084 -591.927204 -589.444549 -584.948251 -574.814834 -545.313741 -497.852920 -411.040974 -372.887787 -347.797077 -304.995134 -264.339083 -255.703751 -9999.0 -9999.0 -9999.0 -9999.0 -9999.0 -9999.0 -9999.0 -9999.0 -9999.0 -9999.0 -9999.0 -9999.0
-9999.0 -9999.0 -9999.0 -9999.0 -9999.0 -9999.0 -617.113366 -614.325516 -615.008139 -612.996059 -611.204114 -609.714070 -607.372811 -607.703168 -607.104687 -605.281078 -605.579522 -606.455455 -607.541863 -605.932879 -605.271649 -605.105301 -606.894317 -606.416129 -606.252485 -605.552550 -605.624072 -605.341570 -606.900799 -605.150213 -604.331880 -604.708566 -605.073055 -604.767494 -605.172725 -604.039977 -603.906446 -604.815412 -605.061811 -603.751850 -603.372880 -603.543348 -603.254280 -602.315863 -600.956599 -600.742208 -601.331916 -602.134723 -600.669020 -597.318832 -593.411764 -589.815852 -587.392286 -586.595597 -589.835478 -594.052996 -596.109715 -596.323942 -594.502128 -590.940747 -582.251269 -575.610319 -569.566497 -561.672317 -551.693681 -489.999396 -9999.0 -9999.0 -9999.0 -9999.0 -9999.0 -9999.0 -9999.0 -9999.0 -9999.0 -9999.0 -9999.0 -9999.0 -9999.0 -9999.0
-9999.0 -9999.0 -9999.0 -9999.0 -9999.0 -9999.0 -9999.0 -9999.0 -9999.0 -9999.0 -9999.0 -9999.0 -9999.0 -9999.0 -9999.0 -9999.0 -9999.0 -9999.0 -9999.0 -9999.0 -9999.0 -9999.0 -9999.0 -9999.0 -9999.0 -9999.0 -9999.0 -9999.0 -9999.0 -9999.0 -9999.0 -9999.0 -9999.0 -9999.0 -9999.0 -9999.0 -9999.0 -9999.0 -9999.0 -9999.0 -9999.0 -9999.0 -9999.0 -9999.0 -9999.0 -9999.0 -9999.0 -9999.0 -9999.0 -9999.0 -9999.0 -9999.0 -9999.0 -9999.0 -9999.0 -9999.0 -9999.0 -9999.0 -9999.0 -9999.0 -9999.0 -9999.0 -9999.0 -9999.0 -9999.0 -9999.0 -9999.0 -9999.0 -9999.0 -9999.0 -9999.0 -9999.0 -9999.0 -9999.0 -9999.0 -9999.0 -9999.0 -9999.0 -9999.0 -9999.0
-9999.0 -9999.0 -9999.0 -9999.0 -9999.0 -9999.0 -9999.0 -9999.0 -9999.0 -9999.0 -9999.0 -9999.0 -9999.0 -9999.0 -9999.0 -9999.0 -9999.0 -9999.0 -9999.0 -9999.0 -9999.0 -9999.0 -9999.0 -9999.0 -9999.0 -9999.0 -9999.0 -9999.0 -9999.0 -9999.0 -9999.0 -9999.0 -9999.0 -9999.0 -9999.0 -9999.0 -9999.0 -9999.0 -9999.0 -9999.0 -9999.0 -9999.0 -9999.0 -9999.0 -9999.0 -9999.0 -9999.0 -9999.0 -9999.0 -9999.0 -9999.0 -9999.0 -9999.0 -9999.0 -9999.0 -9999.0 -9999.0 -9999.0 -9999.0 -9999.0 -9999.0 -9999.0 -9999.0 -9999.0 -9999.0 -9999.0 -9999.0 -9999.0 -9999.0 -9999.0 -9999.0 -9999.0 -9999.0 -9999.0 -9999.0 -9999.0 -9999.0 -9999.0 -9999.0 -9999.0