Borden_/Borden1m_014/output_maps/psiliqL0015N0031.asc
ncols         80
nrows         18
xllcorner     620200.000000
yllcorner     5168000.000000
cellsize      1.000000
NODATA_value  -9999.0
-9999.0 -9999.0 -9999.0 -9999.0 -9999.0 -9999.0 -9999.0 -9999.0 -9999.0 -9999.0 -9999.0 -9999.0 -9999.0 -9999.0 -9999.0 -9999.0 -9999.0 -9999.0 -9999.0 -9999.0 -9999.0 -9999.0 -9999.0 -9999.0 -9999.0 -9999.0 -9999.0 -9999.0 -9999.0 -9999.0 -9999.0 -9999.0 -9999.0 -9999.0 -9999.0 -9999.0 -9999.0 -9999.0 -9999.0 -9999.0 -9999.0 -9999.0 -9999.0 -9999.0 -9999.0 -9999.0 -9999.0 -9999.0 -9999.0 -9999.0 -9999.0 -9999.0 -9999.0 -9999.0 -9999.0 -9999.0 -9999.0 -9999.0 -9999.0 -9999.0 -9999.0 -9999.0 -9999.0 -9999.0 -9999.0 -9999.0 -9999.0 -9999.0 -9999.0 -9999.0 -9999.0 -9999.0 -9999.0 -9999.0 -9999.0 -9999.0 -9999.0 -9999.0 -9999.0 -9999.0
-9999.0 -9999.0 -9999.0 -9999.0 -9999.0 -9999.0 -9999.0 -9999.0 -9999.0 -9999.0 -9999.0 -9999.0 -9999.0 -9999.0 -9999.0 -9999.0 -9999.0 -9999.0 -9999.0 -9999.0 -9999.0 -9999.0 -9999.0 -9999.0 -9999.0 -9999.0 -9999.0 -9999.0 -9999.0 -9999.0 -9999.0 -9999.0 -9999.0 -9999.0 -9999.0 -9999.0 -9999.0 -9999.0 -9999.0 -9999.0 -9999.0 -9999.0 -9999.0 -9999.0 -9999.0 -9999.0 -9999.0 -9999.0 -9999.0 -9999.0 -9999.0 -9999.0 -9999.0 -9999.0 -9999.0 -9999.0 -9999.0 -9999.0 -9999.0 -9999.0 -9999.0 -9999.0 -9999.0 -9999.0 -9999.0 -9999.0 -9999.0 -9999.0 -9999.0 -9999.0 -9999.0 -9999.0 -9999.0 -9999.0 -9999.0 -9999.0 -9999.0 -9999.0 -9999.0 -9999.0
-9999.0 -9999.0 -9999.0 -9999.0 -9999.0 -9999.0 -9999.0 -9999.0 -9999.0 -9999.0 -9999.0 -9999.0 -9999.0 -9999.0 -9999.0 -9999.0 -9999.0 -9999.0 -9999.0 -9999.0 1148.982422 1151.868497 1130.655211 1098.016604 1071.285112 1074.839081 1110.762979 1153.563328 1193.779970 1205.150534 1188.698622 1192.704254 1189.403324 1188.967628 1192.170922 1199.934232 1205.196698 1217.110388 1226.434044 1227.079114 1222.125368 1218.076701 1219.277280 1222.393956 1227.496221 1215.433043 1228.252472 1241.995830 1245.456458 1238.567722 1209.785098 1192.531544 1181.579995 1164.006276 1186.673423 1196.592383 1217.620823 1220.179521 1217.024521 1188.880268 1158.062534 -9999.0 -9999.0 -9999.0 -9999.0 -9999.0 -9999.0 -9999.0 -9999.0 -9999.0 -9999.0 -9999.0 -9999.0 -9999.0 -9999.0 -9999.0 -9999.0 -9999.0 -9999.0 -9999.0
-9999.0 -9999.0 -9999.0 -9999.0 -9999.0 -9999.0 -9999.0 -9999.0 -9999.0 -9999.0 -9999.0 -9999.0 -9999.0 -9999.0 1055.461134 1046.748858 1045.126731 1054.681916 1089.336952 1120.465314 1132.864080 1126.370668 1127.652866 1105.355828 1086.039383 1101.501545 1132.979790 1166.426951 1202.880965 1224.732525 1215.147633 1214.453636 1225.270876 1251.157692 1264.529052 1262.663625 1244.039604 1268.486000 1285.268722 1294.946392 1295.888657 1288.702686 1302.073223 1317.796481 1310.493431 1292.522773 1296.727143 1307.231092 1317.416113 1302.011489 1236.699534 1215.782513 1209.180101 1200.336596 1184.139324 1175.967115 1199.692685 1197.947020 1188.111144 1168.732546 1134.821342 1089.831302 1070.203914 1107.751330 1150.276987 1206.410730 -9999.0 -9999.0 -9999.0 -9999.0 -9999.0 -9999.0 -9999.0 -9999.0 -9999.0 -9999.0 -9999.0 -9999.0 -9999.0 -9999.0
-9999.0 -9999.0 -9999.0 -9999.0 -9999.0 -9999.0 -9999.0 -9999.0 -9999.0 994.520245 999.927554 1008.312834 1011.921085 1028.764927 1027.282832 1035.657649 1043.910261 1072.401155 1104.787406 1141.100478 1170.962032 1163.480638 1165.533504 1176.865235 1181.354258 1194.884156 1218.581362 1261.213515 1302.859609 1345.602364 1318.722638 1318.039907 1338.507421 1386.087608 1419.083423 1426.463611 1408.996119 1419.298977 1445.880166 1469.642751 1471.345293 1470.541688 1496.419628 1510.603618 1510.610088 1489.184468 1475.453578 1474.084323 1497.250680 1443.751827 1375.580473 1324.138673 1326.562212 1294.861620 1255.536493 1233.806222 1229.068862 1247.395804 1230.538277 1191.577530 1153.721257 1141.025113 1122.027147 1137.749279 1158.364034 1203.036559 1240.383965 1267.406822 1265.555555 1247.112979 -9999.0 -9999.0 -9999.0 -9999.0 -9999.0 -9999.0 -9999.0 -9999.0 -9999.0 -9999.0
-9999.0 -9999.0 -9999.0 -9999.0 -9999.0 -9999.0 914.018921 924.395787 945.754073 951.309521 977.985526 986.613255 1008.641714 1029.394911 1052.646721 1070.670625 1102.258177 1136.879602 1179.345007 1224.078193 1258.004443 1254.750705 1267.186738 1299.038207 1339.012173 1369.196557 1396.395300 1439.027705 1517.646927 1561.863288 1570.216607 1576.341076 1587.012350 1636.013711 1699.949579 1715.054373 1695.434069 1681.965959 1703.632880 1741.753977 1749.866757 1752.903010 1764.295009 1773.986455 1799.116308 1788.167850 1746.464823 1730.320673 1726.515996 1708.149363 1645.644774 1581.596444 1546.444977 1494.851364 1409.873187 1353.678894 1358.920645 1375.163438 1343.748369 1287.353403 1244.206270 1231.327447 1214.124755 1198.927740 1203.268791 1220.395262 1240.585527 1249.814687 1234.996225 1212.330353 1188.251215 1158.413560 1159.426369 1184.019265 -9999.0 -9999.0 -9999.0 -9999.0 -9999.0 -9999.0
-9999.0 -9999.0 -9999.0 -9999.0 862.890880 876.523840 865.120282 891.413624 925.375856 960.977020 994.250598 1032.638605 1061.720855 1093.949541 1136.217176 1172.417872 1216.437542 1254.309517 1311.034353 1381.363654 1434.967543 1461.398084 1479.339092 1539.019569 1601.027450 1654.084476 1676.402699 1705.769104 1751.567329 1813.581719 1841.921021 1849.350880 1867.315697 1902.724565 1950.001604 1983.083542 1967.063656 1960.105102 1967.104678 1980.057043 2005.283979 2007.948724 2010.485829 2013.024015 2017.113461 2015.023616 1989.061306 1954.091776 1938.772637 1928.321126 1897.813425 1828.292424 1786.907947 1755.050503 1719.572691 1666.397852 1602.037265 1585.230386 1526.375968 1466.676584 1401.808075 1377.667437 1344.702965 1316.677299 1285.073690 1283.999260 1284.477340 1261.330491 1226.707525 1192.517427 1175.938882 1155.958170 1144.002150 1173.288024 1190.213338 1220.053805 -9999.0 -9999.0 -9999.0 -9999.0
-9999.0 -9999.0 802.327430 851.401563 909.232398 919.030988 920.543299 927.894229 958.080726 1012.063691 1089.012056 1141.000319 1185.319786 1221.776072 1283.949675 1365.284392 1440.105748 1491.318398 1552.996299 1624.193542 1687.766921 1723.460548 1743.188392 1783.209201 1837.209998 1899.025023 1926.351252 1953.574664 1985.813779 2020.680053 2032.410620 2046.777238 2055.466290 2058.642946 2064.530719 2066.302574 2061.656373 2056.111409 2037.743221 2034.290921 2042.023033 2048.106555 2049.932240 2036.685071 2032.575151 2045.567124 2048.559949 2046.613498 2045.429283 2052.158953 2055.120595 2015.620687 1977.875395 1961.280113 1950.056155 1904.775685 1839.751198 1797.010817 1772.700142 1728.470834 1649.575198 1596.870379 1544.844863 1494.363147 1439.595822 1405.865197 1356.156429 1310.604307 1261.330088 1213.007788 1187.829991 1168.607498 1165.159124 1164.138091 1179.527586 1194.190850 1209.006786 1216.508751 -9999.0 -9999.0
-9999.0 698.616214 771.292153 897.977807 978.946017 1024.580762 1057.214961 1081.572668 1112.301291 1140.807730 1247.231984 1337.344311 1430.521533 1470.398425 1523.139894 1621.871555 1717.752086 1764.792493 1803.800540 1860.431995 1921.028483 1969.567091 1999.487640 2010.758113 2045.025865 2058.761344 2062.216277 2065.985628 2062.773299 2055.463344 2047.116392 2053.453134 2049.672142 2030.472670 2014.063518 2010.386316 2004.005817 1978.756036 1949.471607 1934.177650 1936.647774 1959.654378 1947.881633 1927.371401 1923.622609 1944.663262 1963.852190 1955.163553 1943.935758 1962.588387 1997.850865 2020.536234 2030.834939 2047.409347 2068.012783 2042.189637 2013.577007 1971.247847 1950.833634 1920.521617 1860.781688 1798.340558 1742.486376 1680.598432 1612.583071 1542.978229 1477.334872 1413.005146 1344.193740 1301.076481 1268.491622 1217.448542 1195.728692 1196.568730 1186.874391 1183.145002 1188.442718 1194.400381 -9999.0 -9999.0
-9999.0 617.640302 760.201235 945.011760 1094.212414 1153.926610 1256.106815 1336.345528 1366.467153 1339.984799 1449.835047 1669.519210 1773.007942 1792.208931 1864.853759 1953.188953 1972.718962 2005.640804 2028.352869 2039.189360 2048.201448 2059.017606 2058.455755 2053.625250 2039.484229 2031.715843 2030.130491 2026.569567 2007.964614 1987.656681 1969.163888 1964.126723 1944.773732 1899.845183 1865.948208 1847.679379 1830.224723 1809.110859 1775.393177 1748.018062 1732.957576 1748.401021 1741.694954 1725.182619 1721.515242 1743.604285 1776.094823 1772.676080 1781.630151 1804.535200 1845.215092 1885.918905 1909.498220 1940.510829 1978.307763 2023.370671 2039.271303 2061.008572 2065.091906 2045.687264 2000.397333 1946.893924 1910.681034 1845.936545 1771.191730 1690.735779 1623.553728 1558.787837 1487.651173 1439.958221 1392.316191 1334.703190 1280.388379 1256.912428 1216.711753 1196.397409 -9999.0 -9999.0 -9999.0 -9999.0
-9999.0 537.925129 725.857181 983.856504 1260.984271 1372.286722 1576.599664 1705.211752 1763.739484 1832.190378 1809.393936 1958.298665 1998.646858 1995.775581 1996.048145 2001.155959 2017.625719 2021.886999 2019.060871 2009.646289 2001.003320 1997.423722 1996.322539 1988.854306 1976.240978 1960.605303 1946.309696 1931.880744 1892.315315 1857.618692 1820.573412 1804.599803 1764.430460 1672.329538 1628.691260 1591.949613 1534.620807 1527.611464 1520.972009 1492.193623 1472.244187 1451.527928 1473.435667 1477.936603 1480.547149 1484.265965 1501.624095 1526.059825 1571.314610 1608.714735 1654.017895 1707.382702 1743.067312 1787.525318 1834.899238 1892.041973 1926.041545 1958.130370 2006.157911 2045.362995 2068.111189 2055.910042 2026.947625 1978.213210 1904.405260 1834.182172 1780.636171 1704.010156 1637.343644 1584.086285 1539.135071 1489.492807 1425.292074 1345.614913 1303.303676 -9999.0 -9999.0 -9999.0 -9999.0 -9999.0
-9999.0 357.005457 624.518818 911.916597 1225.199488 1553.582363 1687.922067 1816.205080 1888.632676 1855.628129 1862.743753 1884.427846 1927.238401 1937.084530 1918.999799 1911.298271 1900.690248 1901.260878 1914.444828 1888.315440 1858.577888 1845.027007 1844.337698 1832.303658 1808.605988 1790.926148 1777.625741 1755.913437 1706.713587 1654.585121 1572.453707 1541.409264 1464.784837 1407.595326 1362.358502 1312.259840 1261.157476 1259.334301 1275.945979 1260.748393 1238.189774 1219.667762 1246.279575 1264.135687 1276.568371 1265.591663 1275.207663 1311.721276 1361.965941 1407.067274 1458.361968 1514.435907 1562.059650 1610.966055 1644.398835 1696.139031 1744.999763 1792.887097 1867.473353 1946.824785 1984.135235 2018.534089 2049.816568 2062.621914 2007.376853 1952.942554 1895.094437 1827.183569 1741.561832 1695.101401 1672.035428 1634.359198 1580.655396 -9999.0 -9999.0 -9999.0 -9999.0 -9999.0 -9999.0 -9999.0
-9999.0 230.980732 449.179088 677.938046 961.966502 1199.981698 1395.836745 1504.798976 1584.294043 1619.351618 1654.216415 1689.475946 1721.504409 1745.460738 1725.033479 1686.676626 1658.726947 1663.113559 1658.993142 1635.113033 1605.369317 1590.212437 1587.481620 1580.146523 1555.277357 1540.075654 1528.334873 1504.517414 1469.458279 1412.541609 1332.275653 1259.422419 1197.869992 1165.260876 1135.039663 1101.985784 1065.999907 1075.768308 1088.096228 1084.274446 1073.519693 1070.465506 1099.632445 1118.719276 1129.008514 1117.636381 1137.136898 1164.273473 1206.453091 1250.226157 1300.294756 1356.617226 1411.591166 1442.383607 1458.026245 1485.643616 1526.991623 1582.523663 1669.617705 1764.579671 1842.262391 1891.106634 1940.969531 1972.742590 1982.961857 1989.576603 1957.579379 1868.640093 1749.334012 1744.081877 1745.612535 -9999.0 -9999.0 -9999.0 -9999.0 -9999.0 -9999.0 -9999.0 -9999.0 -9999.0
-9999.0 -9999.0 215.907405 393.399368 531.784796 711.996241 862.868785 973.440673 1061.975531 1173.965792 1278.108650 1361.849403 1406.816332 1425.012296 1410.829327 1377.111488 1355.432993 1355.357537 1345.162535 1333.923844 1313.262308 1304.882079 1293.662524 1285.101079 1274.343686 1268.036595 1261.872336 1249.510072 1226.355171 1178.669426 1129.100696 1077.237502 1023.467025 997.488230 975.148336 953.187948 951.320486 947.401933 952.970204 954.297917 960.899391 973.342442 993.517243 1015.488390 1025.324988 1034.119162 1046.866471 1070.902454 1104.422813 1147.107608 1201.555139 1259.824853 1300.398310 1314.195766 1305.951063 1312.674797 1334.994839 1379.654154 1462.901581 1548.646049 1644.063328 1715.143444 1785.505403 1835.738078 1849.261284 1860.374127 1867.210430 1796.415648 1542.370084 1675.926357 -9999.0 -9999.0 -9999.0 -9999.0 -9999.0 -9999.0 -9999.0 -9999.0 -9999.0 -9999.0
-9999.0 -9999.0 -9999.0 -9999.0 252.056844 407.349166 504.403986 588.197424 716.326879 835.022721 934.017252 1016.239655 1076.992590 1103.191245 1097.962714 1101.539576 1096.349683 1090.560297 1080.950367 1079.048489 1076.967698 1069.221771 1055.233062 1047.515253 1047.736984 1051.902144 1048.841318 1034.617152 1016.463274 992.620355 971.192894 936.279208 899.801504 870.268827 856.808725 850.662421 850.302878 843.486902 852.220211 859.300224 874.390381 889.622649 913.423689 942.325487 955.948055 970.721004 980.622398 1001.413438 1032.034013 1085.658141 1149.309915 1207.343067 1243.451191 1248.408404 1224.316897 1209.732226 1207.323839 1236.703860 1283.768221 1353.336365 1456.597684 1530.907223 1589.305515 1633.723727 1664.047463 1705.574176 1747.479129 1771.085959 -9999.0 -9999.0 -9999.0 -9999.0 -9999.0 -9999.0 -9999.0 -9999.0 -9999.0 -9999.0 -9999.0 -9999.0
-9999.0 -9999.0 -9999.0 -9999.0 -9999.0 -9999.0 208.899429 309.567701 391.474137 526.983596 654.125396 753.542074 832.646135 863.181111 887.842239 913.656839 911.312561 893.266702 874.701720 892.824374 905.604231 899.737682 870.107169 869.265758 873.536129 881.643507 879.262206 872.492287 847.051721 857.406355 857.239831 833.649363 807.286745 793.043481 781.030778 790.525263 790.734676 777.260960 778.136958 804.714905 824.820223 838.009309 859.958644 893.163831 925.470352 940.570547 941.987559 948.299874 988.814067 1059.272953 1130.933255 1186.325653 1218.891842 1227.303100 1200.388751 1160.811400 1140.972315 1148.967340 1184.928931 1239.164668 1316.595584 1367.213336 1394.936860 1410.050778 1429.422798 1518.728272 -9999.0 -9999.0 -9999.0 -9999.0 -9999.0 -9999.0 -9999.0 -9999.0 -9999.0 -9999.0 -9999.0 -9999.0 -9999.0 -9999.0
-9999.0 -9999.0 -9999.0 -9999.0 -9999.0 -9999.0 -9999.0 -9999.0 -9999.0 -9999.0 -9999.0 -9999.0 -9999.0 -9999.0 -9999.0 -9999.0 -9999.0 -9999.0 -9999.0 -9999.0 -9999.0 -9999.0 -9999.0 -9999.0 -9999.0 -9999.0 -9999.0 -9999.0 -9999.0 -9999.0 -9999.0 -9999.0 -9999.0 -9999.0 -9999.0 -9999.0 -9999.0 -9999.0 -9999.0 -9999.0 -9999.0 -9999.0 -9999.0 -9999.0 -9999.0 -9999.0 -9999.0 -9999.0 -9999.0 -9999.0 -9999.0 -9999.0 -9999.0 -9999.0 -9999.0 -9999.0 -9999.0 -9999.0 -9999.0 -9999.0 -9999.0 -9999.0 -9999.0 -9999.0 -9999.0 -9999.0 -9999.0 -9999.0 -9999.0 -9999.0 -9999.0 -9999.0 -9999.0 -9999.0 -9999.0 -9999.0 -9999.0 -9999.0 -9999.0 -9999.0
-9999.0 -9999.0 -9999.0 -9999.0 -9999.0 -9999.0 -9999.0 -9999.0 -9999.0 -9999.0 -9999.0 -9999.0 -9999.0 -9999.0 -9999.0 -9999.0 -9999.0 -9999.0 -9999.0 -9999.0 -9999.0 -9999.0 -9999.0 -9999.0 -9999.0 -9999.0 -9999.0 -9999.0 -9999.0 -9999.0 -9999.0 -9999.0 -9999.0 -9999.0 -9999.0 -9999.0 -9999.0 -9999.0 -9999.0 -9999.0 -9999.0 -9999.0 -9999.0 -9999.0 -9999.0 -9999.0 -9999.0 -9999.0 -9999.0 -9999.0 -9999.0 -9999.0 -9999.0 -9999.0 -9999.0 -9999.0 -9999.0 -9999.0 -9999.0 -9999.0 -9999.0 -9999.0 -9999.0 -9999.0 -9999.0 -9999.0 -9999.0 -9999.0 -9999.0 -9999.0 -9999.0 -9999.0 -9999.0 -9999.0 -9999.0 -9999.0 -9999.0 -9999.0 -9999.0 -9999.0