Borden_/Borden1m_014/output_maps/psiliqL0026N0031.asc
ncols         80
nrows         18
xllcorner     620200.000000
yllcorner     5168000.000000
cellsize      1.000000
NODATA_value  -9999.0
-9999.0 -9999.0 -9999.0 -9999.0 -9999.0 -9999.0 -9999.0 -9999.0 -9999.0 -9999.0 -9999.0 -9999.0 -9999.0 -9999.0 -9999.0 -9999.0 -9999.0 -9999.0 -9999.0 -9999.0 -9999.0 -9999.0 -9999.0 -9999.0 -9999.0 -9999.0 -9999.0 -9999.0 -9999.0 -9999.0 -9999.0 -9999.0 -9999.0 -9999.0 -9999.0 -9999.0 -9999.0 -9999.0 -9999.0 -9999.0 -9999.0 -9999.0 -9999.0 -9999.0 -9999.0 -9999.0 -9999.0 -9999.0 -9999.0 -9999.0 -9999.0 -9999.0 -9999.0 -9999.0 -9999.0 -9999.0 -9999.0 -9999.0 -9999.0 -9999.0 -9999.0 -9999.0 -9999.0 -9999.0 -9999.0 -9999.0 -9999.0 -9999.0 -9999.0 -9999.0 -9999.0 -9999.0 -9999.0 -9999.0 -9999.0 -9999.0 -9999.0 -9999.0 -9999.0 -9999.0
-9999.0 -9999.0 -9999.0 -9999.0 -9999.0 -9999.0 -9999.0 -9999.0 -9999.0 -9999.0 -9999.0 -9999.0 -9999.0 -9999.0 -9999.0 -9999.0 -9999.0 -9999.0 -9999.0 -9999.0 -9999.0 -9999.0 -9999.0 -9999.0 -9999.0 -9999.0 -9999.0 -9999.0 -9999.0 -9999.0 -9999.0 -9999.0 -9999.0 -9999.0 -9999.0 -9999.0 -9999.0 -9999.0 -9999.0 -9999.0 -9999.0 -9999.0 -9999.0 -9999.0 -9999.0 -9999.0 -9999.0 -9999.0 -9999.0 -9999.0 -9999.0 -9999.0 -9999.0 -9999.0 -9999.0 -9999.0 -9999.0 -9999.0 -9999.0 -9999.0 -9999.0 -9999.0 -9999.0 -9999.0 -9999.0 -9999.0 -9999.0 -9999.0 -9999.0 -9999.0 -9999.0 -9999.0 -9999.0 -9999.0 -9999.0 -9999.0 -9999.0 -9999.0 -9999.0 -9999.0
-9999.0 -9999.0 -9999.0 -9999.0 -9999.0 -9999.0 -9999.0 -9999.0 -9999.0 -9999.0 -9999.0 -9999.0 -9999.0 -9999.0 -9999.0 -9999.0 -9999.0 -9999.0 -9999.0 -9999.0 3325.293531 3326.179642 3304.385612 3270.106395 3241.646303 3243.206064 3275.803119 3316.072345 3354.510006 3361.543037 3342.152772 3345.672095 3340.959181 3336.162184 3336.095920 3343.615560 3350.076228 3359.587904 3366.350895 3363.874730 3356.388418 3351.280055 3353.792739 3355.333374 3361.601408 3347.159672 3363.216956 3379.337855 3384.167824 3381.647655 3358.401565 3346.770246 3339.105583 3323.855656 3350.734370 3362.689604 3386.314150 3391.231671 3389.543963 3363.215933 3333.361830 -9999.0 -9999.0 -9999.0 -9999.0 -9999.0 -9999.0 -9999.0 -9999.0 -9999.0 -9999.0 -9999.0 -9999.0 -9999.0 -9999.0 -9999.0 -9999.0 -9999.0 -9999.0 -9999.0
-9999.0 -9999.0 -9999.0 -9999.0 -9999.0 -9999.0 -9999.0 -9999.0 -9999.0 -9999.0 -9999.0 -9999.0 -9999.0 -9999.0 3235.527131 3226.618347 3223.476820 3230.431989 3262.544863 3292.495726 3304.020277 3296.308225 3295.822231 3270.739974 3247.480523 3259.618558 3288.496275 3318.387125 3351.184776 3367.976000 3356.566713 3353.584777 3360.093830 3378.898889 3386.466014 3382.590991 3365.092673 3388.927325 3401.855116 3405.951730 3403.749255 3393.748596 3402.271920 3416.132509 3409.051067 3393.934138 3405.120711 3420.315266 3431.232447 3423.485665 3366.222766 3354.777630 3352.142536 3348.698295 3336.218837 3332.913815 3361.791103 3361.887410 3355.190002 3338.488233 3305.618944 3260.704522 3242.270723 3283.408113 3327.532971 3384.157160 -9999.0 -9999.0 -9999.0 -9999.0 -9999.0 -9999.0 -9999.0 -9999.0 -9999.0 -9999.0 -9999.0 -9999.0 -9999.0 -9999.0
-9999.0 -9999.0 -9999.0 -9999.0 -9999.0 -9999.0 -9999.0 -9999.0 -9999.0 3179.087459 3184.263339 3190.902740 3193.009655 3207.764557 3204.215937 3210.720892 3214.206148 3240.906224 3269.789991 3302.684810 3329.081723 3319.338273 3317.485526 3320.699021 3314.352520 3321.462132 3341.181592 3376.977040 3407.432755 3442.019487 3408.004392 3402.681862 3419.772144 3460.499885 3482.901179 3484.412036 3465.612498 3482.410295 3505.649323 3520.908590 3517.150113 3510.918453 3536.798777 3552.006325 3545.616129 3524.078547 3523.288518 3531.180470 3560.700106 3510.366834 3444.922449 3407.489971 3424.187936 3403.848641 3378.833731 3368.838853 3370.218929 3391.139364 3380.098717 3347.044250 3314.467699 3303.348705 3287.199272 3308.958163 3332.877979 3379.781451 3420.130538 3450.351635 3450.165152 3433.184853 -9999.0 -9999.0 -9999.0 -9999.0 -9999.0 -9999.0 -9999.0 -9999.0 -9999.0 -9999.0
-9999.0 -9999.0 -9999.0 -9999.0 -9999.0 -9999.0 3100.710411 3111.037281 3131.508465 3133.806076 3159.913760 3164.684756 3182.102493 3198.641028 3219.768253 3231.802039 3255.911667 3284.952039 3320.014167 3356.666889 3383.149254 3370.923982 3375.419269 3393.847119 3419.524636 3437.514111 3459.509902 3496.688663 3568.363000 3604.228481 3596.099836 3596.586304 3604.639802 3654.869571 3718.680696 3729.362107 3708.696711 3695.697077 3719.416131 3756.889251 3754.736978 3753.502231 3766.741259 3777.621158 3804.441841 3793.452891 3757.623524 3752.592709 3759.650413 3736.733960 3667.676124 3610.961984 3592.976628 3546.626589 3463.764497 3421.847637 3446.618816 3475.287830 3454.423993 3405.728226 3374.420815 3369.829623 3359.610133 3353.628480 3366.956869 3390.557920 3415.132192 3429.566005 3418.189490 3397.770704 3376.496411 3348.646071 3351.547169 3376.673861 -9999.0 -9999.0 -9999.0 -9999.0 -9999.0 -9999.0
-9999.0 -9999.0 -9999.0 -9999.0 3051.536167 3064.095766 3048.841870 3074.550963 3105.924975 3138.868066 3165.575599 3195.379266 3217.551234 3243.280241 3275.303430 3296.054891 3326.920327 3355.491104 3401.461525 3461.651405 3505.059745 3517.622291 3525.526592 3575.958445 3631.796987 3678.432274 3696.944631 3722.726102 3768.640914 3825.055360 3847.161085 3849.803976 3866.712567 3910.261934 3966.855522 4002.058022 3984.354581 3975.268686 3985.517688 3999.955392 4022.100459 4022.161951 4023.285282 4027.504133 4035.270909 4033.434295 4006.686515 3973.194592 3960.222935 3950.048225 3911.648288 3839.413653 3809.493402 3780.492366 3737.508960 3683.300499 3636.785431 3638.682339 3584.292784 3529.596614 3480.484311 3473.418859 3453.955480 3438.801460 3422.260475 3435.273113 3447.864741 3433.370586 3403.900575 3375.083769 3362.498375 3345.288507 3334.265850 3365.685896 3383.743489 3413.341239 -9999.0 -9999.0 -9999.0 -9999.0
-9999.0 -9999.0 2993.173885 3038.003455 3094.463552 3099.827223 3092.207423 3094.137737 3119.524630 3167.688861 3227.601061 3263.155699 3290.602117 3319.840274 3369.121334 3429.757846 3488.625002 3530.505250 3588.075419 3657.099763 3715.911464 3742.434470 3751.050542 3786.579429 3841.340213 3910.755113 3938.895956 3965.457247 3997.414342 4034.101417 4025.367649 4035.951843 4048.506142 4061.595890 4076.866285 4084.158545 4079.225276 4074.608006 4056.006777 4050.773393 4057.246823 4065.379832 4064.297785 4049.576442 4045.601383 4060.647261 4066.958312 4064.823675 4061.896117 4066.721309 4061.930454 4013.195175 3996.258589 3980.931508 3969.051472 3922.734256 3855.842272 3823.703122 3802.094824 3760.964183 3687.625414 3650.695139 3611.774838 3577.609392 3540.746465 3528.267899 3496.510962 3464.910191 3426.689239 3386.375904 3367.749003 3353.850954 3353.795485 3354.709564 3372.695921 3388.532756 3404.585588 3412.702768 -9999.0 -9999.0
-9999.0 2885.039639 2955.756331 3074.584188 3151.234077 3186.088762 3192.900470 3194.394239 3218.354714 3249.640417 3334.653395 3382.410408 3464.533940 3501.511933 3541.437994 3630.968991 3725.189251 3768.511359 3807.490623 3871.396822 3937.334878 3984.521076 4010.898453 3988.951852 4028.681419 4058.853729 4067.122834 4074.250279 4074.391883 4065.865974 4059.430571 4066.075952 4063.071974 4043.801452 4027.641223 4025.855888 4022.432604 3999.037079 3971.448612 3955.889339 3957.193823 3982.255988 3969.057591 3947.643878 3943.212341 3964.933792 3986.447873 3975.705697 3962.533138 3979.137652 4013.847026 4038.944434 4039.844061 4058.447512 4079.579512 4050.421451 4029.264473 3985.224876 3968.248941 3942.781926 3885.759312 3830.967440 3782.880090 3734.570958 3682.495355 3633.998918 3586.708204 3539.821983 3487.011033 3454.579345 3430.655259 3388.386749 3376.170585 3383.008934 3378.404985 3377.120985 3383.906748 3390.554452 -9999.0 -9999.0
-9999.0 2788.094255 2926.388426 3100.627610 3241.211205 3279.910506 3339.177572 3392.887908 3405.476365 3349.386053 3449.448535 3665.831438 3788.010538 3805.513541 3881.105077 3976.379379 3958.300228 3989.720337 4013.005829 4039.186210 4060.225209 4074.662258 4072.971855 4067.841410 4051.308537 4043.293365 4042.401543 4040.277448 4022.823765 4003.818417 3986.978070 3983.775562 3965.744094 3916.064045 3882.775320 3865.219657 3846.065051 3832.712544 3805.561785 3779.550885 3762.972663 3773.209646 3771.575781 3758.194946 3753.780034 3771.827900 3802.702666 3800.856352 3812.787336 3832.417522 3867.856093 3906.089990 3925.363040 3954.501785 3990.151251 4038.268610 4046.923224 4069.385007 4072.281152 4061.987022 4015.325116 3963.717745 3934.306545 3878.928564 3819.416599 3757.773846 3708.965261 3664.398444 3609.350948 3575.581585 3536.698415 3483.445030 3441.075124 3434.003356 3400.981383 3388.246518 -9999.0 -9999.0 -9999.0 -9999.0
-9999.0 2691.481120 2863.321196 3097.665608 3389.585698 3459.012552 3659.580395 3773.060439 3811.337882 3878.533512 3757.623251 3965.134398 4018.343778 4013.450876 4029.571682 4032.827522 4047.152910 4046.488743 4041.409612 4030.379083 4020.770422 4016.182482 4015.130510 4007.213043 3994.578231 3979.948941 3968.029299 3956.568244 3919.869203 3887.891596 3848.544743 3836.031580 3791.281408 3699.531165 3660.963169 3622.389926 3561.540697 3564.241107 3572.045090 3548.339421 3528.790467 3500.501514 3530.264420 3541.172805 3545.407984 3540.703181 3550.152994 3578.805474 3626.631307 3660.862856 3699.571279 3747.374225 3777.750678 3816.807496 3856.473698 3908.713608 3939.875920 3968.745794 4017.699028 4054.717046 4077.454736 4063.360225 4044.868666 4000.102692 3939.886042 3890.586167 3861.634302 3811.192655 3767.752758 3724.370239 3678.081330 3625.513071 3564.261655 3512.170201 3478.593307 -9999.0 -9999.0 -9999.0 -9999.0 -9999.0
-9999.0 2467.259406 2730.997324 2983.917764 3254.296076 3595.343535 3767.168519 3860.792238 3923.946549 3907.034701 3930.534318 3936.807724 3973.902538 3981.188260 3959.794930 3945.917065 3928.254646 3927.165607 3940.232809 3912.878136 3882.609817 3869.257548 3870.164269 3859.475875 3835.625206 3820.767726 3811.515073 3793.051759 3750.099145 3700.046727 3616.205943 3581.779577 3503.347942 3465.468069 3429.612982 3383.190744 3339.513814 3345.563540 3370.396600 3361.921774 3341.504371 3324.765755 3354.236828 3374.912376 3388.126087 3371.790468 3378.290317 3412.416786 3458.493566 3498.502989 3541.890500 3589.393531 3630.946866 3669.799915 3690.423527 3729.478857 3771.407729 3812.841566 3882.826757 3961.158411 3997.074234 4031.690547 4060.556065 4082.462488 4039.588842 4013.325911 3989.617048 3966.178788 3920.020021 3874.673862 3834.133601 3769.577022 3710.059531 -9999.0 -9999.0 -9999.0 -9999.0 -9999.0 -9999.0 -9999.0
-9999.0 2355.446702 2547.823371 2738.044990 2969.292130 3196.011998 3417.349390 3507.400053 3577.424875 3649.346024 3703.528389 3741.302429 3767.060672 3788.609745 3766.033481 3719.992680 3687.787029 3692.783455 3683.809324 3662.978873 3635.510535 3622.791519 3620.225867 3615.644009 3594.699536 3584.729686 3578.221113 3560.551019 3535.662997 3483.452050 3412.923864 3340.698056 3287.947572 3269.527954 3247.854615 3221.878375 3196.142464 3209.957598 3222.893364 3223.344950 3217.308270 3217.863246 3246.905068 3266.797204 3276.215936 3265.363836 3283.376937 3306.138637 3342.558288 3381.145055 3425.233882 3474.712909 3522.544251 3542.100302 3543.664170 3554.556079 3581.585869 3624.359224 3700.236528 3785.958248 3863.515388 3908.925677 3959.641726 3999.611824 4027.757434 4052.595513 4075.017429 4068.098402 4042.138640 4008.788311 3950.071245 -9999.0 -9999.0 -9999.0 -9999.0 -9999.0 -9999.0 -9999.0 -9999.0 -9999.0
-9999.0 -9999.0 2322.397084 2473.808432 2569.128634 2731.170758 2852.208848 2957.460190 3049.257429 3188.619381 3310.721832 3403.816564 3450.055876 3465.595529 3451.846612 3423.776501 3406.852284 3406.475248 3394.807003 3388.870087 3375.061777 3370.163241 3358.780605 3351.779014 3348.428586 3348.509827 3346.929391 3339.552511 3323.805279 3283.539664 3248.089453 3205.029032 3161.426388 3140.928285 3123.902802 3108.024956 3113.134895 3108.789811 3114.787858 3118.192549 3128.314968 3142.807253 3162.191546 3184.048443 3193.645535 3203.794375 3214.368992 3235.578670 3264.989383 3304.562522 3355.301092 3409.363719 3444.630189 3450.861232 3432.248046 3426.556120 3433.916484 3461.948697 3524.221105 3592.592728 3681.994542 3747.285611 3814.025731 3869.905474 3896.549297 3932.931405 4003.162786 4051.190390 4093.657923 4071.255429 -9999.0 -9999.0 -9999.0 -9999.0 -9999.0 -9999.0 -9999.0 -9999.0 -9999.0 -9999.0
-9999.0 -9999.0 -9999.0 -9999.0 2334.434458 2481.103743 2578.677082 2658.773794 2794.182668 2897.602156 2992.764068 3078.931100 3147.828452 3171.824109 3173.130749 3190.670801 3190.073930 3180.802833 3170.014794 3175.539357 3181.183468 3175.522001 3160.917407 3155.523883 3160.591186 3169.865295 3169.519527 3158.332971 3142.103380 3130.313886 3119.733677 3091.210567 3061.072502 3035.648298 3025.519436 3024.169703 3025.567634 3018.615999 3027.712978 3037.316312 3053.695973 3069.023440 3092.561097 3122.294797 3137.018404 3151.530259 3159.764275 3177.753000 3205.136635 3256.137292 3317.317658 3373.322715 3406.682643 3406.597141 3377.528737 3355.270706 3342.163426 3358.870019 3387.223435 3437.160890 3525.784578 3587.498377 3632.298351 3670.648517 3706.879258 3772.026058 3866.676801 3947.990090 -9999.0 -9999.0 -9999.0 -9999.0 -9999.0 -9999.0 -9999.0 -9999.0 -9999.0 -9999.0 -9999.0 -9999.0
-9999.0 -9999.0 -9999.0 -9999.0 -9999.0 -9999.0 2312.550619 2419.040971 2485.953553 2641.693993 2790.059707 2867.717612 2951.008678 2987.396965 3010.955499 3041.618576 3042.488355 3022.204471 3000.323094 3022.754990 3042.900799 3036.887039 3004.760367 3007.240789 3015.630318 3024.861630 3023.991673 3020.111503 2997.886874 3017.519571 3024.782160 3004.800734 2982.123566 2977.504174 2967.552279 2978.687954 2979.739086 2965.969505 2965.220035 2989.747320 3011.232748 3024.242427 3045.217249 3078.398846 3110.793403 3126.306858 3126.823917 3130.954708 3166.846513 3233.731901 3304.213886 3358.816102 3389.315075 3393.619795 3362.458283 3317.209941 3290.560894 3288.775251 3312.260533 3350.658982 3410.989851 3446.512295 3456.582040 3456.536073 3467.892360 3567.502131 -9999.0 -9999.0 -9999.0 -9999.0 -9999.0 -9999.0 -9999.0 -9999.0 -9999.0 -9999.0 -9999.0 -9999.0 -9999.0 -9999.0
-9999.0 -9999.0 -9999.0 -9999.0 -9999.0 -9999.0 -9999.0 -9999.0 -9999.0 -9999.0 -9999.0 -9999.0 -9999.0 -9999.0 -9999.0 -9999.0 -9999.0 -9999.0 -9999.0 -9999.0 -9999.0 -9999.0 -9999.0 -9999.0 -9999.0 -9999.0 -9999.0 -9999.0 -9999.0 -9999.0 -9999.0 -9999.0 -9999.0 -9999.0 -9999.0 -9999.0 -9999.0 -9999.0 -9999.0 -9999.0 -9999.0 -9999.0 -9999.0 -9999.0 -9999.0 -9999.0 -9999.0 -9999.0 -9999.0 -9999.0 -9999.0 -9999.0 -9999.0 -9999.0 -9999.0 -9999.0 -9999.0 -9999.0 -9999.0 -9999.0 -9999.0 -9999.0 -9999.0 -9999.0 -9999.0 -9999.0 -9999.0 -9999.0 -9999.0 -9999.0 -9999.0 -9999.0 -9999.0 -9999.0 -9999.0 -9999.0 -9999.0 -9999.0 -9999.0 -9999.0
-9999.0 -9999.0 -9999.0 -9999.0 -9999.0 -9999.0 -9999.0 -9999.0 -9999.0 -9999.0 -9999.0 -9999.0 -9999.0 -9999.0 -9999.0 -9999.0 -9999.0 -9999.0 -9999.0 -9999.0 -9999.0 -9999.0 -9999.0 -9999.0 -9999.0 -9999.0 -9999.0 -9999.0 -9999.0 -9999.0 -9999.0 -9999.0 -9999.0 -9999.0 -9999.0 -9999.0 -9999.0 -9999.0 -9999.0 -9999.0 -9999.0 -9999.0 -9999.0 -9999.0 -9999.0 -9999.0 -9999.0 -9999.0 -9999.0 -9999.0 -9999.0 -9999.0 -9999.0 -9999.0 -9999.0 -9999.0 -9999.0 -9999.0 -9999.0 -9999.0 -9999.0 -9999.0 -9999.0 -9999.0 -9999.0 -9999.0 -9999.0 -9999.0 -9999.0 -9999.0 -9999.0 -9999.0 -9999.0 -9999.0 -9999.0 -9999.0 -9999.0 -9999.0 -9999.0 -9999.0