Borden_/Borden1m_014/output_maps/psiliqL0007N0017.asc
ncols         80
nrows         18
xllcorner     620200.000000
yllcorner     5168000.000000
cellsize      1.000000
NODATA_value  -9999.0
-9999.0 -9999.0 -9999.0 -9999.0 -9999.0 -9999.0 -9999.0 -9999.0 -9999.0 -9999.0 -9999.0 -9999.0 -9999.0 -9999.0 -9999.0 -9999.0 -9999.0 -9999.0 -9999.0 -9999.0 -9999.0 -9999.0 -9999.0 -9999.0 -9999.0 -9999.0 -9999.0 -9999.0 -9999.0 -9999.0 -9999.0 -9999.0 -9999.0 -9999.0 -9999.0 -9999.0 -9999.0 -9999.0 -9999.0 -9999.0 -9999.0 -9999.0 -9999.0 -9999.0 -9999.0 -9999.0 -9999.0 -9999.0 -9999.0 -9999.0 -9999.0 -9999.0 -9999.0 -9999.0 -9999.0 -9999.0 -9999.0 -9999.0 -9999.0 -9999.0 -9999.0 -9999.0 -9999.0 -9999.0 -9999.0 -9999.0 -9999.0 -9999.0 -9999.0 -9999.0 -9999.0 -9999.0 -9999.0 -9999.0 -9999.0 -9999.0 -9999.0 -9999.0 -9999.0 -9999.0
-9999.0 -9999.0 -9999.0 -9999.0 -9999.0 -9999.0 -9999.0 -9999.0 -9999.0 -9999.0 -9999.0 -9999.0 -9999.0 -9999.0 -9999.0 -9999.0 -9999.0 -9999.0 -9999.0 -9999.0 -9999.0 -9999.0 -9999.0 -9999.0 -9999.0 -9999.0 -9999.0 -9999.0 -9999.0 -9999.0 -9999.0 -9999.0 -9999.0 -9999.0 -9999.0 -9999.0 -9999.0 -9999.0 -9999.0 -9999.0 -9999.0 -9999.0 -9999.0 -9999.0 -9999.0 -9999.0 -9999.0 -9999.0 -9999.0 -9999.0 -9999.0 -9999.0 -9999.0 -9999.0 -9999.0 -9999.0 -9999.0 -9999.0 -9999.0 -9999.0 -9999.0 -9999.0 -9999.0 -9999.0 -9999.0 -9999.0 -9999.0 -9999.0 -9999.0 -9999.0 -9999.0 -9999.0 -9999.0 -9999.0 -9999.0 -9999.0 -9999.0 -9999.0 -9999.0 -9999.0
-9999.0 -9999.0 -9999.0 -9999.0 -9999.0 -9999.0 -9999.0 -9999.0 -9999.0 -9999.0 -9999.0 -9999.0 -9999.0 -9999.0 -9999.0 -9999.0 -9999.0 -9999.0 -9999.0 -9999.0 -472.881055 -469.863937 -492.920739 -527.211615 -555.925862 -554.472602 -519.922300 -479.326751 -441.986942 -431.679052 -450.058051 -449.014350 -454.414433 -454.517913 -451.457849 -445.595479 -443.137899 -431.463820 -422.913814 -423.199766 -429.525409 -435.472638 -437.062282 -433.454757 -428.459141 -437.027009 -423.344398 -407.655898 -400.904172 -405.997947 -433.523117 -449.329553 -457.100567 -471.099561 -446.158381 -433.063756 -409.566914 -404.860317 -405.669793 -432.503384 -462.413479 -9999.0 -9999.0 -9999.0 -9999.0 -9999.0 -9999.0 -9999.0 -9999.0 -9999.0 -9999.0 -9999.0 -9999.0 -9999.0 -9999.0 -9999.0 -9999.0 -9999.0 -9999.0 -9999.0
-9999.0 -9999.0 -9999.0 -9999.0 -9999.0 -9999.0 -9999.0 -9999.0 -9999.0 -9999.0 -9999.0 -9999.0 -9999.0 -9999.0 -562.018424 -572.544133 -576.013698 -567.955572 -534.690337 -505.200604 -492.670967 -500.626951 -501.102361 -525.092681 -545.646575 -532.039442 -503.330086 -472.515315 -438.848029 -418.515692 -431.814227 -434.828861 -424.040402 -395.110377 -379.260573 -381.850481 -403.922097 -380.627847 -363.619431 -353.557025 -354.761354 -363.900570 -348.452089 -331.326064 -338.259013 -356.666726 -353.276786 -341.035732 -325.515488 -341.752395 -409.450304 -431.456186 -434.097154 -440.190099 -452.885293 -459.064326 -433.830117 -432.263310 -440.014414 -457.443875 -489.160372 -532.858916 -550.147454 -511.354161 -466.370209 -407.776574 -9999.0 -9999.0 -9999.0 -9999.0 -9999.0 -9999.0 -9999.0 -9999.0 -9999.0 -9999.0 -9999.0 -9999.0 -9999.0 -9999.0
-9999.0 -9999.0 -9999.0 -9999.0 -9999.0 -9999.0 -9999.0 -9999.0 -9999.0 -617.531936 -614.404653 -607.788045 -606.589731 -591.496824 -593.505259 -587.140436 -579.665928 -554.466172 -524.125749 -489.610784 -461.098814 -471.788272 -472.048654 -460.021082 -452.878206 -439.795660 -418.955838 -377.641298 -333.597892 -289.344777 -318.447541 -319.599080 -294.660840 -231.168158 -185.472953 -173.883540 -193.201207 -189.723011 -162.340771 -134.752016 -136.141399 -138.388700 -109.955348 -92.967802 -84.294420 -107.915976 -129.073290 -130.768082 -99.750179 -160.363532 -233.360745 -302.495236 -307.127168 -341.700665 -385.375527 -409.061724 -412.370874 -389.507050 -404.670640 -442.001261 -478.143266 -486.810294 -502.688587 -485.935774 -462.570155 -414.732623 -375.589634 -346.232981 -345.351607 -362.351760 -9999.0 -9999.0 -9999.0 -9999.0 -9999.0 -9999.0 -9999.0 -9999.0 -9999.0 -9999.0
-9999.0 -9999.0 -9999.0 -9999.0 -9999.0 -9999.0 -695.189266 -686.925490 -667.855402 -662.600886 -639.135374 -632.194137 -612.426008 -593.808665 -574.275048 -558.012437 -527.791920 -496.129791 -454.991366 -410.316086 -376.933687 -381.271258 -370.922412 -333.205378 -277.217822 -234.104549 -206.059841 -163.741381 -67.950636 7.094584 43.761353 71.614100 139.465363 181.872223 227.061751 238.969489 221.751175 209.988548 222.218826 247.283289 256.484678 256.099272 262.415458 270.658147 297.247559 290.967728 250.572697 240.571799 240.225393 234.143505 193.430742 131.930083 -3.971179 -90.166644 -185.576588 -251.539731 -260.065428 -251.648765 -288.811414 -345.746080 -390.405625 -401.400272 -415.923919 -429.851224 -423.896494 -403.576935 -379.106350 -366.846952 -378.512367 -398.380298 -420.959550 -449.221118 -447.123499 -421.305552 -9999.0 -9999.0 -9999.0 -9999.0 -9999.0 -9999.0
-9999.0 -9999.0 -9999.0 -9999.0 -744.262041 -732.406555 -744.282107 -721.658451 -690.610701 -658.482691 -626.974405 -590.592904 -564.590759 -535.942587 -494.815543 -456.528922 -412.513785 -376.768176 -316.060516 -230.961030 -169.222583 -137.358637 -116.362083 -13.496306 142.072580 197.911919 210.973166 225.968090 254.152233 315.719630 346.554485 358.404667 401.108937 440.837941 464.030691 482.141017 470.408381 467.163356 468.755127 472.519532 490.042541 489.526459 490.510886 491.426687 494.525029 496.245665 479.304530 462.703679 458.749454 456.504698 441.860004 358.476213 294.684936 264.359123 245.708890 212.607078 152.600194 84.883457 -45.059219 -125.901398 -203.273416 -238.733493 -282.211390 -312.150949 -345.059802 -344.582649 -341.233887 -360.461828 -390.201955 -421.347313 -435.491299 -453.422671 -462.831990 -432.460738 -414.312935 -382.849058 -9999.0 -9999.0 -9999.0 -9999.0
-9999.0 -9999.0 -801.324734 -751.611382 -696.715257 -688.910056 -687.193398 -683.289660 -657.729572 -608.617667 -530.834591 -478.376222 -433.392801 -403.103926 -339.233777 -238.691382 -153.842680 -90.191928 24.993411 157.602320 213.422811 236.448034 252.411511 290.738881 362.148304 438.229684 453.410074 464.079749 477.275639 500.288855 523.441281 539.415189 550.502682 547.950888 546.634117 542.883402 540.732907 537.155884 521.707523 518.998491 524.891186 526.230109 529.844164 518.518088 515.289256 527.403631 530.319766 533.628376 538.529594 547.206162 555.966272 522.316667 477.678058 469.495196 468.148020 442.769467 369.538905 314.068905 284.817710 252.691325 196.489747 143.155610 -5.589836 -99.192322 -170.736475 -217.530594 -270.102959 -312.945123 -358.420397 -402.949830 -425.366161 -442.910069 -444.195146 -442.678016 -426.000768 -409.787956 -393.961103 -385.938201 -9999.0 -9999.0
-9999.0 -898.823879 -826.532219 -699.499465 -621.969949 -578.332388 -538.226283 -509.509758 -486.710657 -473.881892 -362.724097 -239.833633 -142.166169 -103.034145 -5.988706 157.490001 238.012024 273.474470 319.542092 381.154890 446.350036 471.895593 487.993200 516.368322 546.772143 548.898325 547.433705 545.091205 536.910833 529.386730 520.201328 528.466892 527.947069 514.321350 500.245301 496.488233 489.530422 473.249594 457.914558 450.817857 452.889908 466.226688 459.860914 448.666251 446.445781 458.555891 469.242887 465.826740 461.989541 475.964172 497.565993 513.040120 527.241475 540.547875 559.476724 536.541646 504.121121 476.318900 466.615774 452.069898 399.850680 337.887022 274.377564 219.525674 155.064243 -9.178194 -115.628370 -190.356707 -265.001603 -306.517237 -338.638123 -391.384632 -414.173679 -411.582408 -420.137376 -422.001277 -414.839812 -408.159211 -9999.0 -9999.0
-9999.0 -968.369493 -825.235149 -640.216509 -495.256184 -433.705442 -301.374102 -210.093396 -183.257555 -205.583750 -66.697961 211.853416 298.861616 308.919217 375.863781 461.214521 494.059964 518.943147 538.927162 537.978113 538.122290 539.815266 534.882985 527.120565 514.021669 507.886737 508.367597 507.535801 495.120240 483.557174 471.512804 469.047659 460.163788 438.306146 398.532452 372.899928 338.550777 306.702796 275.106004 253.415734 243.031907 260.593451 252.262880 238.392839 235.088843 253.548116 283.410209 280.312551 297.023933 338.149249 386.729209 436.484442 449.878805 467.126359 486.844747 514.672057 529.216535 548.451975 552.944413 531.736630 498.460719 470.383383 452.088198 392.967016 325.609754 244.738774 189.123161 120.450046 -44.672651 -120.787734 -183.896490 -256.918761 -321.253974 -350.088437 -389.166559 -409.885719 -9999.0 -9999.0 -9999.0 -9999.0
-9999.0 -1031.080484 -839.442798 -573.829032 -316.731215 -158.950825 138.925152 268.863754 331.286851 376.937433 414.826822 505.072890 521.861358 509.983496 493.401904 495.387336 507.664849 511.346767 508.255358 501.820612 495.944829 493.777003 492.747891 484.146793 474.048713 464.947680 458.853271 454.216539 428.281223 386.852517 341.251936 313.919251 278.053294 209.162619 177.385040 140.347841 -1.884596 -29.471535 -52.321714 -95.321104 -118.783721 -135.159081 -115.075646 -116.667512 -116.816419 -106.280920 -77.446233 -47.109237 39.904459 150.454657 195.598423 237.160405 269.032292 325.375475 375.132872 438.573003 454.847348 470.432783 496.928839 530.878589 552.075341 545.848514 520.969458 494.095866 456.588158 399.625418 360.400150 299.201013 235.724128 192.209301 141.851349 -15.621102 -135.151358 -255.333836 -300.033933 -9999.0 -9999.0 -9999.0 -9999.0 -9999.0
-9999.0 -1179.942876 -912.534302 -615.749429 -270.590568 131.990188 258.671193 414.878479 478.082185 427.068388 402.450482 432.935930 456.343010 458.931376 447.836774 446.930774 443.465494 444.240071 454.484291 440.735850 410.683419 397.300205 401.737660 360.031614 317.806499 294.556403 282.572430 267.275025 230.419484 188.534485 90.561740 10.025928 -108.520810 -187.277601 -240.004986 -298.574501 -358.018609 -360.494123 -344.730395 -362.157964 -384.800074 -403.949446 -378.230703 -363.017761 -352.256300 -362.186338 -353.277401 -317.604107 -265.087121 -212.531732 -154.329529 -84.480122 -3.335571 145.966363 185.567629 226.046455 261.535299 310.277467 386.363978 463.433519 485.724183 509.416639 543.875058 562.198474 523.536213 489.460454 469.153424 444.911234 382.621041 344.877278 317.125747 247.208350 186.996930 -9999.0 -9999.0 -9999.0 -9999.0 -9999.0 -9999.0 -9999.0
-9999.0 -1315.556379 -1080.654829 -829.137217 -529.289746 -284.282583 -80.902828 123.785116 203.161934 197.486332 208.488727 228.764685 249.968174 267.546038 249.400769 223.944725 205.993007 210.559897 211.825930 195.797052 175.635473 163.799530 157.140297 115.157898 29.890190 -11.312638 -34.188191 -71.119603 -120.803448 -185.212015 -281.423245 -354.714853 -418.236196 -454.440625 -484.768451 -517.748020 -556.682414 -545.709924 -530.560066 -535.295798 -548.003527 -552.889693 -523.390446 -505.414476 -495.630389 -509.493628 -491.682609 -465.312068 -424.116102 -383.072737 -335.149207 -280.104120 -224.498759 -184.769566 -161.081460 -122.305742 -58.992648 72.024549 192.447417 282.899214 366.920037 423.194115 467.667733 490.061989 499.843176 520.545117 516.163657 475.176257 421.994134 434.162960 437.213458 -9999.0 -9999.0 -9999.0 -9999.0 -9999.0 -9999.0 -9999.0 -9999.0 -9999.0
-9999.0 -9999.0 -1318.203990 -1124.580340 -959.974647 -775.243311 -630.951191 -529.971817 -459.031440 -368.374315 -271.774237 -195.867842 -154.651326 -137.328012 -157.794188 -201.459569 -229.835318 -229.977809 -239.963202 -257.339837 -288.948254 -303.671222 -315.337072 -324.848749 -340.591339 -348.862286 -354.310530 -365.546297 -388.692714 -436.130584 -489.762791 -541.455894 -595.256092 -619.512560 -640.936689 -663.395367 -667.144855 -668.244344 -661.084340 -659.947036 -655.037733 -643.682298 -623.021494 -602.160407 -593.116886 -586.795628 -574.655465 -551.637582 -519.260993 -479.522749 -428.513587 -374.013274 -336.835032 -325.563955 -335.421014 -329.007499 -304.980634 -253.139588 -147.392208 -5.679673 168.198219 238.962808 316.249173 383.842431 411.172370 438.819302 461.717134 441.624931 283.580265 398.870136 -9999.0 -9999.0 -9999.0 -9999.0 -9999.0 -9999.0 -9999.0 -9999.0 -9999.0 -9999.0
-9999.0 -9999.0 -9999.0 -9999.0 -1267.442235 -1109.851048 -1017.629689 -937.032495 -821.119373 -718.642243 -631.370374 -559.289401 -510.014223 -487.806076 -500.871356 -508.799258 -517.860369 -520.943654 -529.174185 -535.485429 -541.792132 -549.303336 -559.523793 -566.760954 -567.545276 -564.131889 -565.727300 -578.129910 -592.933235 -620.387116 -644.504613 -679.185227 -715.802770 -744.385837 -757.007319 -763.977415 -763.474184 -768.505194 -758.795983 -752.754422 -738.112471 -722.776649 -698.924787 -671.071859 -659.019256 -645.217343 -635.788639 -615.309360 -586.107049 -534.514353 -473.624836 -419.283457 -387.207398 -385.413007 -413.773081 -431.558039 -436.497732 -409.822953 -361.921824 -286.317341 -167.158703 -65.907320 80.609719 179.541061 217.277561 264.179879 349.306996 427.010501 -9999.0 -9999.0 -9999.0 -9999.0 -9999.0 -9999.0 -9999.0 -9999.0 -9999.0 -9999.0 -9999.0 -9999.0
-9999.0 -9999.0 -9999.0 -9999.0 -9999.0 -9999.0 -1326.158703 -1232.841934 -1144.159464 -1027.802524 -921.000649 -833.772520 -763.227653 -740.842539 -725.949988 -705.035966 -710.117840 -726.325538 -741.845557 -725.952503 -717.345578 -721.666261 -747.834247 -749.305158 -746.039734 -736.452245 -737.215245 -742.871289 -766.965783 -759.473485 -761.133526 -783.579562 -809.114635 -823.300005 -834.537934 -824.452101 -823.404589 -835.499452 -832.617759 -806.932736 -787.544006 -774.149754 -751.667191 -718.863236 -687.307263 -673.527158 -672.897592 -666.984883 -625.760096 -556.552039 -487.827143 -436.141132 -407.108565 -401.428000 -431.991827 -475.199367 -499.189567 -495.168657 -463.464213 -412.454937 -335.180593 -282.931733 -243.266313 -207.145072 -169.496817 -49.841492 -9999.0 -9999.0 -9999.0 -9999.0 -9999.0 -9999.0 -9999.0 -9999.0 -9999.0 -9999.0 -9999.0 -9999.0 -9999.0 -9999.0
-9999.0 -9999.0 -9999.0 -9999.0 -9999.0 -9999.0 -9999.0 -9999.0 -9999.0 -9999.0 -9999.0 -9999.0 -9999.0 -9999.0 -9999.0 -9999.0 -9999.0 -9999.0 -9999.0 -9999.0 -9999.0 -9999.0 -9999.0 -9999.0 -9999.0 -9999.0 -9999.0 -9999.0 -9999.0 -9999.0 -9999.0 -9999.0 -9999.0 -9999.0 -9999.0 -9999.0 -9999.0 -9999.0 -9999.0 -9999.0 -9999.0 -9999.0 -9999.0 -9999.0 -9999.0 -9999.0 -9999.0 -9999.0 -9999.0 -9999.0 -9999.0 -9999.0 -9999.0 -9999.0 -9999.0 -9999.0 -9999.0 -9999.0 -9999.0 -9999.0 -9999.0 -9999.0 -9999.0 -9999.0 -9999.0 -9999.0 -9999.0 -9999.0 -9999.0 -9999.0 -9999.0 -9999.0 -9999.0 -9999.0 -9999.0 -9999.0 -9999.0 -9999.0 -9999.0 -9999.0
-9999.0 -9999.0 -9999.0 -9999.0 -9999.0 -9999.0 -9999.0 -9999.0 -9999.0 -9999.0 -9999.0 -9999.0 -9999.0 -9999.0 -9999.0 -9999.0 -9999.0 -9999.0 -9999.0 -9999.0 -9999.0 -9999.0 -9999.0 -9999.0 -9999.0 -9999.0 -9999.0 -9999.0 -9999.0 -9999.0 -9999.0 -9999.0 -9999.0 -9999.0 -9999.0 -9999.0 -9999.0 -9999.0 -9999.0 -9999.0 -9999.0 -9999.0 -9999.0 -9999.0 -9999.0 -9999.0 -9999.0 -9999.0 -9999.0 -9999.0 -9999.0 -9999.0 -9999.0 -9999.0 -9999.0 -9999.0 -9999.0 -9999.0 -9999.0 -9999.0 -9999.0 -9999.0 -9999.0 -9999.0 -9999.0 -9999.0 -9999.0 -9999.0 -9999.0 -9999.0 -9999.0 -9999.0 -9999.0 -9999.0 -9999.0 -9999.0 -9999.0 -9999.0 -9999.0 -9999.0