Borden_/Borden1m_014/output_maps/psiliqL0002N0014.asc
ncols         80
nrows         18
xllcorner     620200.000000
yllcorner     5168000.000000
cellsize      1.000000
NODATA_value  -9999.0
-9999.0 -9999.0 -9999.0 -9999.0 -9999.0 -9999.0 -9999.0 -9999.0 -9999.0 -9999.0 -9999.0 -9999.0 -9999.0 -9999.0 -9999.0 -9999.0 -9999.0 -9999.0 -9999.0 -9999.0 -9999.0 -9999.0 -9999.0 -9999.0 -9999.0 -9999.0 -9999.0 -9999.0 -9999.0 -9999.0 -9999.0 -9999.0 -9999.0 -9999.0 -9999.0 -9999.0 -9999.0 -9999.0 -9999.0 -9999.0 -9999.0 -9999.0 -9999.0 -9999.0 -9999.0 -9999.0 -9999.0 -9999.0 -9999.0 -9999.0 -9999.0 -9999.0 -9999.0 -9999.0 -9999.0 -9999.0 -9999.0 -9999.0 -9999.0 -9999.0 -9999.0 -9999.0 -9999.0 -9999.0 -9999.0 -9999.0 -9999.0 -9999.0 -9999.0 -9999.0 -9999.0 -9999.0 -9999.0 -9999.0 -9999.0 -9999.0 -9999.0 -9999.0 -9999.0 -9999.0
-9999.0 -9999.0 -9999.0 -9999.0 -9999.0 -9999.0 -9999.0 -9999.0 -9999.0 -9999.0 -9999.0 -9999.0 -9999.0 -9999.0 -9999.0 -9999.0 -9999.0 -9999.0 -9999.0 -9999.0 -9999.0 -9999.0 -9999.0 -9999.0 -9999.0 -9999.0 -9999.0 -9999.0 -9999.0 -9999.0 -9999.0 -9999.0 -9999.0 -9999.0 -9999.0 -9999.0 -9999.0 -9999.0 -9999.0 -9999.0 -9999.0 -9999.0 -9999.0 -9999.0 -9999.0 -9999.0 -9999.0 -9999.0 -9999.0 -9999.0 -9999.0 -9999.0 -9999.0 -9999.0 -9999.0 -9999.0 -9999.0 -9999.0 -9999.0 -9999.0 -9999.0 -9999.0 -9999.0 -9999.0 -9999.0 -9999.0 -9999.0 -9999.0 -9999.0 -9999.0 -9999.0 -9999.0 -9999.0 -9999.0 -9999.0 -9999.0 -9999.0 -9999.0 -9999.0 -9999.0
-9999.0 -9999.0 -9999.0 -9999.0 -9999.0 -9999.0 -9999.0 -9999.0 -9999.0 -9999.0 -9999.0 -9999.0 -9999.0 -9999.0 -9999.0 -9999.0 -9999.0 -9999.0 -9999.0 -9999.0 -494.400450 -493.008777 -495.378184 -497.959002 -500.295241 -500.729149 -498.221691 -495.599554 -492.539737 -492.170288 -495.085113 -494.145902 -495.386444 -496.284162 -496.529274 -495.713897 -495.255723 -494.350132 -493.863875 -494.329699 -495.164402 -495.660721 -496.291536 -496.261426 -495.184425 -496.612043 -494.683017 -493.002037 -492.555203 -492.231112 -494.132673 -494.740606 -494.913052 -497.305508 -493.041425 -492.165138 -489.518252 -489.444847 -488.664809 -491.603785 -494.533008 -9999.0 -9999.0 -9999.0 -9999.0 -9999.0 -9999.0 -9999.0 -9999.0 -9999.0 -9999.0 -9999.0 -9999.0 -9999.0 -9999.0 -9999.0 -9999.0 -9999.0 -9999.0 -9999.0
-9999.0 -9999.0 -9999.0 -9999.0 -9999.0 -9999.0 -9999.0 -9999.0 -9999.0 -9999.0 -9999.0 -9999.0 -9999.0 -9999.0 -497.507275 -499.021057 -499.769481 -500.509313 -498.247500 -496.707750 -497.101255 -498.670921 -497.117661 -499.928307 -502.524063 -501.008782 -499.211360 -498.173842 -495.997297 -494.232231 -496.154196 -496.640048 -495.796495 -492.387465 -491.153625 -492.044285 -496.651281 -492.379815 -490.709731 -489.657877 -489.814250 -491.918912 -489.335792 -486.289464 -488.039414 -491.289104 -490.415524 -488.696482 -485.740814 -486.531862 -496.645106 -496.861139 -495.981678 -495.343212 -496.738906 -497.880802 -493.652317 -494.555722 -495.034876 -495.126493 -496.935018 -500.526702 -502.296649 -498.197432 -495.257757 -488.614935 -9999.0 -9999.0 -9999.0 -9999.0 -9999.0 -9999.0 -9999.0 -9999.0 -9999.0 -9999.0 -9999.0 -9999.0 -9999.0 -9999.0
-9999.0 -9999.0 -9999.0 -9999.0 -9999.0 -9999.0 -9999.0 -9999.0 -9999.0 -499.198524 -499.740407 -499.384701 -500.588583 -499.361661 -501.955898 -501.495614 -502.178724 -500.627791 -499.774325 -497.941046 -495.024594 -497.594028 -497.990464 -496.426286 -496.635791 -496.443840 -495.690070 -491.449906 -487.181934 -479.161114 -487.048898 -487.438060 -484.358905 -468.431636 -455.161548 -452.127111 -458.029501 -458.140797 -450.582683 -442.014311 -443.093074 -444.129747 -435.042794 -430.312680 -426.791782 -434.489494 -441.520089 -442.826816 -430.942363 -450.081032 -468.247553 -486.074710 -483.160145 -487.960987 -493.178744 -494.766886 -495.847146 -491.071642 -492.459170 -496.020581 -498.928280 -497.151344 -499.142878 -497.205727 -496.451756 -491.570210 -487.499492 -483.345711 -483.154447 -485.922042 -9999.0 -9999.0 -9999.0 -9999.0 -9999.0 -9999.0 -9999.0 -9999.0 -9999.0 -9999.0
-9999.0 -9999.0 -9999.0 -9999.0 -9999.0 -9999.0 -501.056786 -501.378346 -500.656443 -503.962632 -502.101798 -503.818323 -502.572744 -502.276514 -501.648327 -502.078683 -500.253281 -498.932110 -496.542377 -493.361840 -490.217898 -492.815349 -492.174128 -487.700045 -479.290166 -466.810544 -460.792812 -451.467804 -422.154697 -398.142474 -385.146881 -379.036780 -353.924730 -52.712600 10.929756 11.723995 11.054719 10.498790 11.022810 12.074083 12.071738 11.956086 12.133093 12.274616 13.288566 13.138363 11.923199 11.687571 11.672784 11.272268 -35.625523 -350.051438 -406.900324 -429.790977 -456.408410 -472.308185 -478.537942 -474.500346 -480.207686 -488.418328 -493.020833 -492.333720 -492.970309 -495.037798 -493.938714 -492.164560 -489.218347 -487.217259 -488.590141 -490.238861 -491.061398 -494.424085 -493.747780 -490.425293 -9999.0 -9999.0 -9999.0 -9999.0 -9999.0 -9999.0
-9999.0 -9999.0 -9999.0 -9999.0 -505.378024 -504.046863 -508.310331 -506.096099 -504.592793 -503.634522 -504.240151 -502.478325 -502.455572 -501.450626 -498.977053 -497.674064 -494.465310 -492.532206 -485.474177 -468.322644 -451.060096 -442.142494 -438.800978 -409.365857 -289.868570 -15.425214 10.353646 11.082449 11.901850 13.719445 14.486374 14.650151 15.565553 18.156793 19.736411 21.242402 20.220245 20.093812 20.167733 20.239745 25.192305 25.582566 26.297896 26.307930 28.299197 30.389186 20.691954 19.653856 19.470256 19.363126 18.584831 14.719867 13.080019 12.365806 11.792078 1.163991 -275.015693 -376.896112 -419.699206 -440.696688 -463.169686 -473.784650 -480.051430 -483.226642 -488.488834 -487.018789 -485.027692 -487.562821 -490.699983 -493.714068 -493.500382 -494.754349 -496.785945 -492.189784 -491.120189 -486.602878 -9999.0 -9999.0 -9999.0 -9999.0
-9999.0 -9999.0 -505.099896 -505.482536 -502.142081 -504.739811 -506.303215 -508.478365 -508.031173 -505.135829 -499.987179 -498.920142 -496.242170 -495.261419 -488.097372 -467.144317 -444.700429 -429.226621 -393.056456 -64.157020 10.376091 11.552034 11.726005 12.863802 15.307523 18.486378 19.267649 19.800312 20.400444 29.988535 54.500704 69.821492 76.989682 69.849460 66.370415 67.410406 64.120225 60.694740 44.731556 42.480210 49.440216 51.503611 54.668442 43.127551 39.003255 51.503578 54.026047 54.076351 57.442010 64.107392 76.548514 46.736629 20.012071 19.815281 19.995589 18.631299 15.484260 13.524896 13.026091 11.838371 -33.256482 -334.295495 -410.013257 -435.852558 -459.923471 -467.751724 -477.603622 -483.234975 -488.373346 -493.584920 -494.731356 -495.246381 -494.001361 -494.976694 -492.625662 -491.167551 -488.540944 -487.736910 -9999.0 -9999.0
-9999.0 -505.697439 -507.514358 -501.765105 -501.862689 -501.464615 -500.973887 -500.556829 -499.487457 -502.499138 -489.205942 -463.158174 -438.954255 -431.838867 -400.788567 -69.978826 11.008985 12.529198 13.739761 17.151530 19.085083 20.234227 21.527264 52.574522 77.241363 69.088243 68.569949 65.837415 57.393642 50.012566 39.682598 48.062770 46.433836 32.308035 21.355188 21.075026 20.674260 19.872034 19.177702 18.908120 19.107475 20.063144 19.566321 18.917631 18.771890 19.411704 20.033234 19.591983 19.100093 19.675834 20.873467 26.792067 43.055292 56.343345 77.546377 54.114362 23.230248 19.805919 19.577548 19.070198 17.506398 14.390104 12.332149 -4.467497 -268.027698 -413.742764 -443.363790 -463.984134 -477.855339 -482.611474 -485.305685 -492.737761 -494.118405 -491.750705 -492.736172 -492.811432 -491.812973 -491.113742 -9999.0 -9999.0
-9999.0 -512.108534 -506.571385 -501.298828 -495.661866 -497.428413 -473.886654 -453.814761 -449.348020 -461.416802 -416.464734 -6.987778 13.142576 13.062812 15.357713 19.733233 39.950835 62.749371 73.176372 66.443783 59.869698 59.970184 56.754505 46.828091 33.734670 28.011164 27.149718 26.269423 20.569701 20.017498 19.422803 19.617969 19.314177 18.427962 17.206424 15.111039 14.275782 13.754137 12.818208 12.151199 11.731183 12.583663 12.209717 11.640330 11.466108 12.135545 13.247879 12.844329 13.147104 14.318023 17.080393 18.298852 18.656057 19.283534 20.215701 27.729933 45.127616 65.374993 70.532127 46.926326 20.858191 19.337702 18.928970 17.493685 14.577559 11.194545 -45.319805 -362.118609 -420.259983 -440.848801 -461.356072 -474.565959 -485.009092 -486.074772 -491.411603 -491.202260 -9999.0 -9999.0 -9999.0 -9999.0
-9999.0 -512.399559 -507.177817 -496.830275 -474.012512 -438.913671 -53.176933 12.119441 13.649212 15.517653 16.880686 62.726322 68.606479 53.559985 26.730585 22.870289 31.167267 33.071189 28.481980 21.036783 20.405682 20.282518 20.273707 19.993578 19.705763 19.379212 19.172638 19.147422 18.285086 17.271767 14.526389 13.924732 13.084188 9.867089 -49.041830 -337.629027 -406.246031 -409.782435 -416.775417 -430.863854 -437.070231 -441.965212 -435.404073 -437.170547 -437.915472 -434.486175 -425.639887 -419.509940 -394.768913 -337.276454 -37.654166 11.089067 12.230754 13.898199 16.829545 18.552068 19.034757 19.581143 20.923592 47.245379 68.353970 60.102338 32.697277 20.625737 18.887681 17.595370 16.701077 13.252356 11.108639 -30.545341 -310.918207 -410.743165 -445.611078 -471.195292 -477.709161 -9999.0 -9999.0 -9999.0 -9999.0 -9999.0
-9999.0 -521.315694 -506.802010 -498.649210 -455.881211 -62.208632 11.877854 19.201761 56.453878 18.754424 17.839135 18.439789 19.690978 19.695218 18.896071 18.983449 18.808470 18.768013 19.446043 18.336204 16.418881 15.078120 15.047071 14.585149 13.726500 13.260070 13.046155 12.701663 11.063186 -35.348517 -371.475096 -396.949519 -433.440368 -455.564928 -469.086283 -481.181562 -490.027567 -489.391100 -485.652150 -488.339034 -491.178878 -494.633561 -490.588003 -488.971049 -487.215001 -489.671073 -489.522866 -484.653128 -476.804740 -469.219210 -452.378747 -431.985366 -411.587423 -355.447900 -49.570023 10.670950 12.225174 13.668194 17.393402 19.673373 20.271651 23.305028 58.116846 77.487938 39.112432 20.261327 19.436411 18.658076 17.127002 16.063088 14.021863 12.285279 10.183165 -9999.0 -9999.0 -9999.0 -9999.0 -9999.0 -9999.0 -9999.0
-9999.0 -525.977252 -510.068499 -508.959427 -493.672238 -461.629317 -409.185586 -64.499851 10.126015 10.298172 10.831079 11.454098 12.155632 12.887783 12.174503 11.169981 10.390185 10.644819 10.506008 -9.267827 -199.930462 -344.851324 -347.440966 -360.716071 -392.861511 -405.007809 -411.089400 -422.371635 -436.950974 -454.596110 -478.989538 -488.568950 -495.163542 -496.827390 -498.208182 -499.807708 -503.977185 -501.243798 -499.387009 -499.787952 -501.100608 -502.237161 -499.022799 -498.178163 -497.233964 -500.464979 -498.490805 -497.248993 -493.957359 -490.884889 -486.325352 -479.214766 -469.467540 -463.138652 -455.554301 -442.212518 -425.225223 -379.120011 -40.814132 12.718024 17.012192 18.304128 19.541783 20.464803 20.803757 31.028909 39.558988 21.595603 17.513808 18.087897 18.115912 -9999.0 -9999.0 -9999.0 -9999.0 -9999.0 -9999.0 -9999.0 -9999.0 -9999.0
-9999.0 -9999.0 -529.459018 -523.252604 -518.096595 -513.243519 -506.422105 -497.310527 -489.781658 -479.948852 -466.402382 -451.353081 -441.891378 -437.391771 -443.623681 -456.496657 -463.794279 -462.958970 -464.993569 -469.699915 -479.769362 -481.564735 -482.750258 -483.533514 -485.917842 -486.824766 -487.083260 -487.731284 -489.435889 -494.126174 -497.958653 -500.459606 -503.753942 -503.037024 -503.369862 -504.589196 -503.134663 -503.474036 -503.147947 -503.386713 -503.051453 -502.458568 -501.913161 -501.038329 -501.164533 -500.917333 -500.750835 -499.950523 -498.774319 -497.334559 -494.040604 -488.924817 -485.177553 -484.487427 -487.062729 -486.415896 -483.626775 -476.977626 -449.063724 -406.223572 -58.128673 11.064702 13.952590 17.401980 18.005426 18.377835 19.300079 19.314475 12.987615 16.400422 -9999.0 -9999.0 -9999.0 -9999.0 -9999.0 -9999.0 -9999.0 -9999.0 -9999.0 -9999.0
-9999.0 -9999.0 -9999.0 -9999.0 -532.433485 -523.462049 -515.076471 -516.300381 -510.485343 -507.416455 -504.896659 -501.846596 -499.379360 -497.624522 -500.165548 -500.373660 -500.641371 -500.116077 -500.549895 -501.124301 -501.278488 -501.549104 -501.811996 -502.337907 -501.979690 -501.326895 -501.084553 -502.005965 -501.678953 -503.355059 -503.139880 -503.927635 -504.737619 -505.933735 -505.477211 -505.546756 -504.870234 -505.556941 -504.544803 -505.245778 -504.548124 -504.336751 -503.599243 -502.288918 -503.085011 -502.331719 -502.449599 -501.562069 -501.666848 -499.545391 -495.979996 -491.855513 -489.125874 -489.442116 -493.596352 -495.055744 -496.252177 -493.968984 -490.522587 -482.171284 -456.024672 -428.602576 -380.312331 -47.669903 10.389798 12.308484 16.136026 17.473544 -9999.0 -9999.0 -9999.0 -9999.0 -9999.0 -9999.0 -9999.0 -9999.0 -9999.0 -9999.0 -9999.0 -9999.0
-9999.0 -9999.0 -9999.0 -9999.0 -9999.0 -9999.0 -528.288877 -523.721926 -525.330732 -521.979302 -519.097168 -517.017956 -513.673245 -514.335780 -513.281205 -510.397424 -510.742807 -512.033879 -513.729078 -511.159004 -510.017362 -509.696621 -512.431720 -511.561310 -511.259242 -510.209755 -510.320076 -509.748153 -512.051738 -509.039709 -507.523388 -507.878216 -508.205299 -507.510706 -508.076099 -506.230840 -506.009384 -507.459831 -507.941923 -505.919254 -505.441027 -505.874682 -505.662138 -504.496647 -502.666590 -502.515161 -503.525800 -505.012944 -503.445496 -499.685669 -495.798988 -492.598386 -490.549939 -489.644613 -492.852640 -497.467548 -499.821859 -500.445002 -499.058150 -496.411442 -488.670553 -483.706433 -479.833618 -472.284315 -463.134676 -426.847760 -9999.0 -9999.0 -9999.0 -9999.0 -9999.0 -9999.0 -9999.0 -9999.0 -9999.0 -9999.0 -9999.0 -9999.0 -9999.0 -9999.0
-9999.0 -9999.0 -9999.0 -9999.0 -9999.0 -9999.0 -9999.0 -9999.0 -9999.0 -9999.0 -9999.0 -9999.0 -9999.0 -9999.0 -9999.0 -9999.0 -9999.0 -9999.0 -9999.0 -9999.0 -9999.0 -9999.0 -9999.0 -9999.0 -9999.0 -9999.0 -9999.0 -9999.0 -9999.0 -9999.0 -9999.0 -9999.0 -9999.0 -9999.0 -9999.0 -9999.0 -9999.0 -9999.0 -9999.0 -9999.0 -9999.0 -9999.0 -9999.0 -9999.0 -9999.0 -9999.0 -9999.0 -9999.0 -9999.0 -9999.0 -9999.0 -9999.0 -9999.0 -9999.0 -9999.0 -9999.0 -9999.0 -9999.0 -9999.0 -9999.0 -9999.0 -9999.0 -9999.0 -9999.0 -9999.0 -9999.0 -9999.0 -9999.0 -9999.0 -9999.0 -9999.0 -9999.0 -9999.0 -9999.0 -9999.0 -9999.0 -9999.0 -9999.0 -9999.0 -9999.0
-9999.0 -9999.0 -9999.0 -9999.0 -9999.0 -9999.0 -9999.0 -9999.0 -9999.0 -9999.0 -9999.0 -9999.0 -9999.0 -9999.0 -9999.0 -9999.0 -9999.0 -9999.0 -9999.0 -9999.0 -9999.0 -9999.0 -9999.0 -9999.0 -9999.0 -9999.0 -9999.0 -9999.0 -9999.0 -9999.0 -9999.0 -9999.0 -9999.0 -9999.0 -9999.0 -9999.0 -9999.0 -9999.0 -9999.0 -9999.0 -9999.0 -9999.0 -9999.0 -9999.0 -9999.0 -9999.0 -9999.0 -9999.0 -9999.0 -9999.0 -9999.0 -9999.0 -9999.0 -9999.0 -9999.0 -9999.0 -9999.0 -9999.0 -9999.0 -9999.0 -9999.0 -9999.0 -9999.0 -9999.0 -9999.0 -9999.0 -9999.0 -9999.0 -9999.0 -9999.0 -9999.0 -9999.0 -9999.0 -9999.0 -9999.0 -9999.0 -9999.0 -9999.0 -9999.0 -9999.0