Borden_/Borden1m_014/output_maps/psiliqL0002N0028.asc
ncols         80
nrows         18
xllcorner     620200.000000
yllcorner     5168000.000000
cellsize      1.000000
NODATA_value  -9999.0
-9999.0 -9999.0 -9999.0 -9999.0 -9999.0 -9999.0 -9999.0 -9999.0 -9999.0 -9999.0 -9999.0 -9999.0 -9999.0 -9999.0 -9999.0 -9999.0 -9999.0 -9999.0 -9999.0 -9999.0 -9999.0 -9999.0 -9999.0 -9999.0 -9999.0 -9999.0 -9999.0 -9999.0 -9999.0 -9999.0 -9999.0 -9999.0 -9999.0 -9999.0 -9999.0 -9999.0 -9999.0 -9999.0 -9999.0 -9999.0 -9999.0 -9999.0 -9999.0 -9999.0 -9999.0 -9999.0 -9999.0 -9999.0 -9999.0 -9999.0 -9999.0 -9999.0 -9999.0 -9999.0 -9999.0 -9999.0 -9999.0 -9999.0 -9999.0 -9999.0 -9999.0 -9999.0 -9999.0 -9999.0 -9999.0 -9999.0 -9999.0 -9999.0 -9999.0 -9999.0 -9999.0 -9999.0 -9999.0 -9999.0 -9999.0 -9999.0 -9999.0 -9999.0 -9999.0 -9999.0
-9999.0 -9999.0 -9999.0 -9999.0 -9999.0 -9999.0 -9999.0 -9999.0 -9999.0 -9999.0 -9999.0 -9999.0 -9999.0 -9999.0 -9999.0 -9999.0 -9999.0 -9999.0 -9999.0 -9999.0 -9999.0 -9999.0 -9999.0 -9999.0 -9999.0 -9999.0 -9999.0 -9999.0 -9999.0 -9999.0 -9999.0 -9999.0 -9999.0 -9999.0 -9999.0 -9999.0 -9999.0 -9999.0 -9999.0 -9999.0 -9999.0 -9999.0 -9999.0 -9999.0 -9999.0 -9999.0 -9999.0 -9999.0 -9999.0 -9999.0 -9999.0 -9999.0 -9999.0 -9999.0 -9999.0 -9999.0 -9999.0 -9999.0 -9999.0 -9999.0 -9999.0 -9999.0 -9999.0 -9999.0 -9999.0 -9999.0 -9999.0 -9999.0 -9999.0 -9999.0 -9999.0 -9999.0 -9999.0 -9999.0 -9999.0 -9999.0 -9999.0 -9999.0 -9999.0 -9999.0
-9999.0 -9999.0 -9999.0 -9999.0 -9999.0 -9999.0 -9999.0 -9999.0 -9999.0 -9999.0 -9999.0 -9999.0 -9999.0 -9999.0 -9999.0 -9999.0 -9999.0 -9999.0 -9999.0 -9999.0 -579.699357 -578.762270 -580.805955 -583.118603 -585.056694 -585.297510 -583.123993 -580.597042 -577.672181 -577.069847 -579.426702 -578.862947 -579.791104 -580.296718 -580.329736 -579.682283 -579.375917 -578.427375 -577.819462 -578.090359 -578.807123 -579.320002 -579.797412 -579.638082 -578.833056 -579.917551 -578.306951 -576.705263 -576.128634 -576.156076 -578.345760 -579.256292 -579.586515 -581.405609 -578.110320 -577.122136 -574.637775 -574.386567 -573.936047 -576.731783 -579.457122 -9999.0 -9999.0 -9999.0 -9999.0 -9999.0 -9999.0 -9999.0 -9999.0 -9999.0 -9999.0 -9999.0 -9999.0 -9999.0 -9999.0 -9999.0 -9999.0 -9999.0 -9999.0 -9999.0
-9999.0 -9999.0 -9999.0 -9999.0 -9999.0 -9999.0 -9999.0 -9999.0 -9999.0 -9999.0 -9999.0 -9999.0 -9999.0 -9999.0 -583.468548 -584.561375 -585.068921 -585.385179 -583.436379 -581.901296 -581.834497 -582.975049 -582.053656 -584.259881 -586.195723 -585.019121 -583.340833 -581.945808 -579.620452 -577.813972 -579.477893 -579.886363 -578.978856 -575.751347 -574.284830 -574.952750 -578.702632 -575.188500 -573.353979 -572.149852 -572.304468 -574.023451 -571.596690 -568.755893 -570.199827 -573.193773 -572.593713 -570.924970 -568.133365 -569.643446 -578.914296 -579.902911 -579.441861 -579.271551 -580.499044 -581.387107 -578.060689 -578.516136 -579.070894 -579.684759 -581.632684 -584.746243 -586.121711 -582.904109 -579.983384 -573.923762 -9999.0 -9999.0 -9999.0 -9999.0 -9999.0 -9999.0 -9999.0 -9999.0 -9999.0 -9999.0 -9999.0 -9999.0 -9999.0 -9999.0
-9999.0 -9999.0 -9999.0 -9999.0 -9999.0 -9999.0 -9999.0 -9999.0 -9999.0 -585.253368 -585.562200 -585.266065 -585.986319 -585.042469 -586.629211 -586.263156 -586.538885 -585.216360 -584.129402 -582.241121 -579.705208 -581.570401 -581.809794 -580.458649 -580.247332 -579.702634 -578.550999 -574.284909 -569.266021 -561.279373 -568.011469 -568.298606 -564.619516 -550.576183 -537.072015 -532.567088 -540.035952 -540.102594 -531.039072 -519.432413 -519.111402 -520.160986 -506.784427 -498.002213 -491.495415 -505.112572 -517.774127 -519.721113 -503.645766 -530.322433 -550.732723 -566.104538 -565.197316 -570.317218 -575.785066 -577.803822 -578.546619 -574.690174 -576.181438 -579.712365 -582.550688 -581.676556 -583.249946 -581.713296 -580.613430 -576.017329 -571.798955 -567.638624 -567.430700 -570.086431 -9999.0 -9999.0 -9999.0 -9999.0 -9999.0 -9999.0 -9999.0 -9999.0 -9999.0 -9999.0
-9999.0 -9999.0 -9999.0 -9999.0 -9999.0 -9999.0 -587.135208 -587.274969 -586.680139 -588.613075 -587.269159 -588.219016 -587.222553 -586.787632 -586.140674 -586.110512 -584.414009 -582.912697 -580.323241 -576.811959 -573.488923 -575.208781 -574.335428 -569.468617 -559.494373 -549.799696 -543.535362 -531.722642 -484.855896 -429.160083 -403.523039 -390.386699 -374.222420 -347.062159 -294.136407 -232.964681 -297.880318 -317.849067 -302.748666 -261.032198 -174.147284 -172.925788 -167.855734 -160.848851 -134.894516 -139.727241 -254.971118 -285.326736 -294.495615 -302.901295 -340.405722 -380.085911 -445.662174 -499.536817 -537.792345 -554.957689 -557.956172 -555.420671 -562.169591 -570.812638 -575.828298 -575.870244 -576.840141 -578.639344 -577.811409 -575.947579 -573.027675 -571.187386 -572.597092 -574.509688 -575.953574 -578.969307 -578.498494 -575.571973 -9999.0 -9999.0 -9999.0 -9999.0 -9999.0 -9999.0
-9999.0 -9999.0 -9999.0 -9999.0 -590.097805 -589.217399 -591.861451 -590.385378 -589.240289 -588.379648 -588.382588 -586.817363 -586.386396 -585.260448 -582.820421 -580.861724 -577.339128 -574.629906 -566.927666 -549.934735 -532.109917 -520.132572 -511.978549 -447.519350 -372.196023 -336.770864 -324.274450 -302.070602 -254.264655 -127.999329 -102.223950 -94.888733 -112.759594 -52.655259 -32.221435 18.421093 -16.958190 -6.050611 -4.766072 2.886253 26.046567 26.611461 27.309418 27.425756 29.471365 31.307976 11.836325 -18.196272 -29.484586 -36.755513 -92.715045 -113.391892 -221.617615 -261.332505 -286.122060 -322.164418 -370.542275 -395.760932 -475.197448 -517.417117 -544.645488 -553.457086 -561.536321 -565.578156 -570.766874 -569.879574 -568.490777 -571.106507 -574.449146 -577.571744 -577.969581 -579.317699 -580.803554 -577.051435 -575.701905 -571.551263 -9999.0 -9999.0 -9999.0 -9999.0
-9999.0 -9999.0 -590.235290 -590.164245 -587.770082 -589.258763 -590.127599 -591.399902 -590.892966 -588.583533 -584.115021 -582.137492 -579.000482 -577.296213 -569.812451 -549.798686 -522.984018 -495.793353 -419.773922 -360.415261 -316.400781 -276.762975 -188.183981 -149.208208 -134.143330 -56.640055 -38.805553 -16.064222 5.505696 31.188453 55.998275 72.281010 73.840254 72.155240 68.303955 68.775994 65.329812 62.767208 45.977301 44.129715 50.777082 53.272397 56.178911 44.469771 40.541414 53.008110 54.707765 55.301035 57.952959 65.032315 76.247933 47.789386 -4.308600 -15.423116 -54.540453 -55.231746 -114.603552 -215.190470 -246.582910 -286.141307 -349.209249 -383.648908 -451.770103 -508.470824 -536.335638 -547.976131 -558.996023 -565.602170 -571.471473 -576.729327 -578.317926 -579.266841 -578.561931 -579.076398 -577.073542 -575.540422 -573.264620 -572.394752 -9999.0 -9999.0
-9999.0 -590.906352 -591.719795 -587.449963 -586.735736 -585.850290 -584.609323 -583.542315 -582.365279 -584.028204 -571.643206 -545.565126 -514.772808 -500.132431 -435.304937 -339.984084 -183.780093 -150.994705 -149.728205 -85.554799 -40.548553 -1.308659 21.718198 54.501854 75.929100 73.408572 67.966464 68.719623 59.071371 52.460497 42.497991 49.378412 48.971565 34.566687 22.424644 22.121353 19.231382 -3.737524 -29.283738 -40.678716 -35.842133 -14.767211 -25.204297 -44.654776 -48.669857 -29.152214 -14.423557 -22.875629 -34.649556 -51.144701 9.744815 27.293777 43.674622 56.972118 77.058200 55.179219 23.257041 -12.013270 -60.340395 -49.495619 -158.810456 -223.048937 -275.863779 -334.229712 -379.198232 -457.694036 -517.618308 -542.121523 -558.703571 -564.679914 -568.333064 -575.606169 -577.474870 -575.967083 -576.919909 -577.031393 -576.134550 -575.432047 -9999.0 -9999.0
-9999.0 -594.817456 -590.947611 -586.370338 -580.491345 -579.521115 -558.252184 -536.505872 -527.995458 -539.851845 -470.327206 -178.513353 -117.285408 -116.987409 -65.784674 0.902094 41.237497 62.959749 74.552246 67.731430 59.967238 63.152364 57.535185 49.072019 35.493189 29.809012 28.934785 27.730238 10.898450 -5.043608 -20.028082 -21.330005 -33.181691 -65.911443 -97.076464 -108.596976 -134.673046 -201.465466 -244.680031 -273.877180 -286.852012 -267.452628 -277.848183 -295.826549 -299.298227 -275.945076 -242.309948 -248.018144 -242.314307 -218.840479 -173.597697 -84.856192 -65.302781 -40.950744 -9.420292 27.948347 45.953711 65.593768 71.095178 47.133956 10.394874 -33.931970 -60.332195 -172.469908 -245.395003 -319.767977 -363.008170 -395.546212 -478.383703 -516.604700 -538.780385 -555.602361 -566.913968 -569.429679 -574.702761 -575.578412 -9999.0 -9999.0 -9999.0 -9999.0
-9999.0 -594.894752 -591.054686 -582.241266 -559.338947 -520.132520 -373.811741 -252.480782 -78.294173 -129.970260 -8.508608 61.486858 69.754682 53.060278 27.044221 23.440624 32.758852 34.549994 29.467623 21.747458 11.337814 9.419753 6.452177 -30.219029 -12.695926 -24.917491 -36.136580 -45.704472 -136.939426 -173.739095 -201.324185 -217.936065 -251.786050 -328.683377 -355.342978 -373.391186 -438.650806 -456.724295 -473.968552 -501.524539 -512.535841 -519.078600 -510.219595 -512.509826 -513.318053 -507.599742 -491.282282 -475.501959 -420.344315 -380.027193 -353.587476 -312.245173 -280.421731 -236.170499 -183.838162 -78.449757 -51.637144 -25.723921 12.503347 47.926563 68.417402 60.683321 33.364007 -0.685076 -56.517392 -175.699356 -226.445904 -289.726753 -339.287506 -371.543402 -395.153533 -459.280455 -521.191605 -552.928114 -560.719426 -9999.0 -9999.0 -9999.0 -9999.0 -9999.0
-9999.0 -600.130701 -590.704658 -583.421236 -542.005037 -361.412346 -276.068977 -5.216417 46.518778 -21.657207 -134.823056 -50.289113 -17.255813 -17.390952 -41.720293 -51.118324 -56.387390 -57.399948 -46.148950 -74.111464 -154.011427 -172.329203 -175.126012 -188.085431 -210.869475 -230.504397 -245.453370 -266.777565 -316.874993 -350.644040 -395.468654 -432.021399 -506.395170 -537.596309 -551.121622 -562.135003 -571.839293 -571.648627 -568.660642 -571.323504 -574.135043 -577.045051 -573.539610 -571.904562 -570.330412 -572.257205 -571.685451 -566.712747 -558.043115 -547.966569 -530.958520 -501.821146 -453.096142 -383.672644 -360.988657 -319.885530 -277.572159 -229.411885 -154.463268 -32.490874 -5.852824 23.343796 58.623332 77.171116 39.368302 4.005796 -49.050169 -166.240112 -258.770956 -296.117326 -314.481457 -338.655210 -373.443133 -9999.0 -9999.0 -9999.0 -9999.0 -9999.0 -9999.0 -9999.0
-9999.0 -603.266400 -593.043961 -591.166497 -578.097921 -546.677900 -473.449253 -357.002266 -189.412313 -316.522120 -330.550380 -309.969085 -284.425430 -264.059919 -286.077001 -314.854021 -333.326833 -329.872643 -328.225242 -345.344823 -365.309286 -373.527048 -374.219824 -382.598380 -419.920949 -446.149734 -461.606156 -486.556462 -513.381105 -536.352762 -560.327273 -570.733664 -577.671640 -580.056528 -581.780089 -583.573821 -586.943381 -585.122796 -583.696776 -584.074424 -585.155028 -585.970752 -583.475259 -582.595487 -581.797132 -584.088843 -582.489975 -581.014000 -577.665381 -574.137297 -568.933877 -560.906606 -549.873661 -540.976567 -533.724086 -518.701138 -486.759492 -403.591054 -342.242912 -253.058621 -179.469201 -84.079826 -35.868579 -35.521327 14.829784 24.650112 32.715370 6.962139 -231.092069 -259.417453 -264.390379 -9999.0 -9999.0 -9999.0 -9999.0 -9999.0 -9999.0 -9999.0 -9999.0 -9999.0
-9999.0 -9999.0 -605.246532 -600.944647 -597.018649 -593.032652 -587.334601 -579.615216 -573.512089 -565.048951 -551.613460 -534.609324 -521.804758 -515.129823 -523.967081 -539.529858 -547.606743 -547.042723 -549.113642 -553.182095 -560.055936 -562.559283 -564.194470 -565.495538 -568.237881 -569.385822 -569.869192 -570.879503 -573.065530 -577.777124 -581.805851 -584.500118 -587.417586 -587.325460 -587.801651 -588.815135 -588.033005 -588.227147 -587.952588 -588.104096 -587.890920 -587.440332 -586.872980 -586.100433 -586.061292 -585.853301 -585.563596 -584.693288 -583.345095 -581.542170 -577.990663 -572.637289 -568.366716 -567.282587 -569.472547 -568.729117 -565.510730 -557.406759 -527.745022 -449.156627 -363.604834 -305.722742 -235.410603 -187.273024 -165.101740 -91.406162 -35.158505 -173.023543 -302.324465 -290.074255 -9999.0 -9999.0 -9999.0 -9999.0 -9999.0 -9999.0 -9999.0 -9999.0 -9999.0 -9999.0
-9999.0 -9999.0 -9999.0 -9999.0 -606.805300 -600.961846 -595.648610 -596.119676 -592.249049 -589.899426 -587.620960 -584.811523 -582.472889 -580.904006 -582.897494 -583.431248 -583.861923 -583.555825 -583.964868 -584.512303 -584.800888 -585.126981 -585.423049 -585.875720 -585.720429 -585.315301 -585.204973 -585.964250 -585.978045 -587.459681 -587.698950 -588.554214 -589.383134 -590.322560 -590.141431 -590.261427 -589.855103 -590.288844 -589.616195 -590.027759 -589.525197 -589.294634 -588.669487 -587.654686 -588.043031 -587.454896 -587.418266 -586.628946 -586.299659 -584.160010 -580.613754 -576.387162 -573.425034 -573.538261 -577.261966 -578.779423 -579.618508 -577.238611 -572.982646 -563.353108 -535.301091 -493.419670 -401.334828 -362.456833 -338.293864 -296.055936 -251.646213 -240.191645 -9999.0 -9999.0 -9999.0 -9999.0 -9999.0 -9999.0 -9999.0 -9999.0 -9999.0 -9999.0 -9999.0 -9999.0
-9999.0 -9999.0 -9999.0 -9999.0 -9999.0 -9999.0 -604.428905 -601.578626 -602.325160 -600.269687 -598.452999 -596.974328 -594.637736 -594.990329 -594.375147 -592.525946 -592.816875 -593.695460 -594.794640 -593.160073 -592.481304 -592.306350 -594.110906 -593.614525 -593.444955 -592.740615 -592.812844 -592.513623 -594.079078 -592.280011 -591.428654 -591.785989 -592.130041 -591.799049 -592.202239 -591.048769 -590.912419 -591.834774 -592.093428 -590.771380 -590.400228 -590.589963 -590.321916 -589.403247 -588.057654 -587.859478 -588.465399 -589.301209 -587.888050 -584.636404 -580.881380 -577.449477 -575.141283 -574.362419 -577.488629 -581.589973 -583.596869 -583.839142 -582.121719 -578.763015 -570.441525 -564.175517 -558.555130 -550.893596 -541.607646 -486.406083 -9999.0 -9999.0 -9999.0 -9999.0 -9999.0 -9999.0 -9999.0 -9999.0 -9999.0 -9999.0 -9999.0 -9999.0 -9999.0 -9999.0
-9999.0 -9999.0 -9999.0 -9999.0 -9999.0 -9999.0 -9999.0 -9999.0 -9999.0 -9999.0 -9999.0 -9999.0 -9999.0 -9999.0 -9999.0 -9999.0 -9999.0 -9999.0 -9999.0 -9999.0 -9999.0 -9999.0 -9999.0 -9999.0 -9999.0 -9999.0 -9999.0 -9999.0 -9999.0 -9999.0 -9999.0 -9999.0 -9999.0 -9999.0 -9999.0 -9999.0 -9999.0 -9999.0 -9999.0 -9999.0 -9999.0 -9999.0 -9999.0 -9999.0 -9999.0 -9999.0 -9999.0 -9999.0 -9999.0 -9999.0 -9999.0 -9999.0 -9999.0 -9999.0 -9999.0 -9999.0 -9999.0 -9999.0 -9999.0 -9999.0 -9999.0 -9999.0 -9999.0 -9999.0 -9999.0 -9999.0 -9999.0 -9999.0 -9999.0 -9999.0 -9999.0 -9999.0 -9999.0 -9999.0 -9999.0 -9999.0 -9999.0 -9999.0 -9999.0 -9999.0
-9999.0 -9999.0 -9999.0 -9999.0 -9999.0 -9999.0 -9999.0 -9999.0 -9999.0 -9999.0 -9999.0 -9999.0 -9999.0 -9999.0 -9999.0 -9999.0 -9999.0 -9999.0 -9999.0 -9999.0 -9999.0 -9999.0 -9999.0 -9999.0 -9999.0 -9999.0 -9999.0 -9999.0 -9999.0 -9999.0 -9999.0 -9999.0 -9999.0 -9999.0 -9999.0 -9999.0 -9999.0 -9999.0 -9999.0 -9999.0 -9999.0 -9999.0 -9999.0 -9999.0 -9999.0 -9999.0 -9999.0 -9999.0 -9999.0 -9999.0 -9999.0 -9999.0 -9999.0 -9999.0 -9999.0 -9999.0 -9999.0 -9999.0 -9999.0 -9999.0 -9999.0 -9999.0 -9999.0 -9999.0 -9999.0 -9999.0 -9999.0 -9999.0 -9999.0 -9999.0 -9999.0 -9999.0 -9999.0 -9999.0 -9999.0 -9999.0 -9999.0 -9999.0 -9999.0 -9999.0