Borden_/Borden1m_014/output_maps/psiliqL0017N0013.asc
ncols         80
nrows         18
xllcorner     620200.000000
yllcorner     5168000.000000
cellsize      1.000000
NODATA_value  -9999.0
-9999.0 -9999.0 -9999.0 -9999.0 -9999.0 -9999.0 -9999.0 -9999.0 -9999.0 -9999.0 -9999.0 -9999.0 -9999.0 -9999.0 -9999.0 -9999.0 -9999.0 -9999.0 -9999.0 -9999.0 -9999.0 -9999.0 -9999.0 -9999.0 -9999.0 -9999.0 -9999.0 -9999.0 -9999.0 -9999.0 -9999.0 -9999.0 -9999.0 -9999.0 -9999.0 -9999.0 -9999.0 -9999.0 -9999.0 -9999.0 -9999.0 -9999.0 -9999.0 -9999.0 -9999.0 -9999.0 -9999.0 -9999.0 -9999.0 -9999.0 -9999.0 -9999.0 -9999.0 -9999.0 -9999.0 -9999.0 -9999.0 -9999.0 -9999.0 -9999.0 -9999.0 -9999.0 -9999.0 -9999.0 -9999.0 -9999.0 -9999.0 -9999.0 -9999.0 -9999.0 -9999.0 -9999.0 -9999.0 -9999.0 -9999.0 -9999.0 -9999.0 -9999.0 -9999.0 -9999.0
-9999.0 -9999.0 -9999.0 -9999.0 -9999.0 -9999.0 -9999.0 -9999.0 -9999.0 -9999.0 -9999.0 -9999.0 -9999.0 -9999.0 -9999.0 -9999.0 -9999.0 -9999.0 -9999.0 -9999.0 -9999.0 -9999.0 -9999.0 -9999.0 -9999.0 -9999.0 -9999.0 -9999.0 -9999.0 -9999.0 -9999.0 -9999.0 -9999.0 -9999.0 -9999.0 -9999.0 -9999.0 -9999.0 -9999.0 -9999.0 -9999.0 -9999.0 -9999.0 -9999.0 -9999.0 -9999.0 -9999.0 -9999.0 -9999.0 -9999.0 -9999.0 -9999.0 -9999.0 -9999.0 -9999.0 -9999.0 -9999.0 -9999.0 -9999.0 -9999.0 -9999.0 -9999.0 -9999.0 -9999.0 -9999.0 -9999.0 -9999.0 -9999.0 -9999.0 -9999.0 -9999.0 -9999.0 -9999.0 -9999.0 -9999.0 -9999.0 -9999.0 -9999.0 -9999.0 -9999.0
-9999.0 -9999.0 -9999.0 -9999.0 -9999.0 -9999.0 -9999.0 -9999.0 -9999.0 -9999.0 -9999.0 -9999.0 -9999.0 -9999.0 -9999.0 -9999.0 -9999.0 -9999.0 -9999.0 -9999.0 1551.337927 1554.199921 1533.430866 1501.259015 1475.174175 1479.337098 1515.338849 1557.893610 1597.700681 1608.325349 1591.934663 1597.215381 1595.792885 1597.132395 1602.117854 1611.685253 1618.400403 1630.187983 1638.559048 1637.566316 1630.852282 1625.390067 1625.856836 1628.224548 1633.751968 1622.138948 1636.762454 1651.943186 1655.964125 1649.424672 1620.333895 1602.251272 1590.086018 1571.501055 1593.763358 1602.898068 1623.057139 1624.826651 1621.055021 1592.709164 1561.780842 -9999.0 -9999.0 -9999.0 -9999.0 -9999.0 -9999.0 -9999.0 -9999.0 -9999.0 -9999.0 -9999.0 -9999.0 -9999.0 -9999.0 -9999.0 -9999.0 -9999.0 -9999.0 -9999.0
-9999.0 -9999.0 -9999.0 -9999.0 -9999.0 -9999.0 -9999.0 -9999.0 -9999.0 -9999.0 -9999.0 -9999.0 -9999.0 -9999.0 1456.594239 1448.211930 1446.898351 1456.722349 1491.759236 1523.440382 1535.908541 1529.725914 1531.370040 1509.571572 1490.939739 1507.276631 1539.210646 1572.025517 1607.186869 1627.686349 1618.238306 1618.827055 1631.900591 1660.519186 1676.101781 1676.118230 1659.082543 1683.923447 1699.152982 1706.018541 1704.312629 1694.777921 1705.743026 1720.398389 1713.449890 1697.479199 1705.158332 1718.213557 1729.194527 1714.783758 1648.982600 1626.923469 1618.578623 1609.138067 1592.466413 1583.889272 1606.932855 1603.917824 1593.508113 1573.899885 1539.707944 1494.581066 1474.428145 1511.788065 1553.848751 1609.471478 -9999.0 -9999.0 -9999.0 -9999.0 -9999.0 -9999.0 -9999.0 -9999.0 -9999.0 -9999.0 -9999.0 -9999.0 -9999.0 -9999.0
-9999.0 -9999.0 -9999.0 -9999.0 -9999.0 -9999.0 -9999.0 -9999.0 -9999.0 1395.936737 1401.593674 1409.991473 1413.760176 1430.659155 1429.029680 1437.663011 1445.840608 1474.992543 1507.969211 1545.020023 1575.292217 1568.278096 1570.453702 1581.744940 1586.754256 1601.965439 1626.572365 1667.782208 1705.370469 1744.944775 1716.782491 1717.571007 1742.455676 1795.750583 1831.876138 1841.168494 1825.578033 1837.577645 1861.913097 1880.835432 1877.814090 1873.058338 1896.486052 1909.736422 1909.045943 1890.195030 1883.184090 1886.804249 1912.642140 1859.441569 1788.724810 1734.388279 1735.533663 1704.205052 1666.554010 1645.031017 1638.730345 1655.174476 1637.796831 1598.877791 1561.117831 1547.558835 1527.727033 1543.292061 1563.434507 1607.608980 1645.088438 1671.932878 1669.625440 1650.912825 -9999.0 -9999.0 -9999.0 -9999.0 -9999.0 -9999.0 -9999.0 -9999.0 -9999.0 -9999.0
-9999.0 -9999.0 -9999.0 -9999.0 -9999.0 -9999.0 1316.091776 1326.786216 1348.329947 1353.382386 1380.287668 1388.684927 1410.644145 1431.385528 1455.144842 1473.210505 1504.605021 1539.640904 1582.832406 1628.789813 1663.492852 1659.439055 1671.315788 1702.650986 1744.688910 1778.545414 1807.912328 1848.676556 1922.173998 1961.079929 1965.361767 1973.147289 1990.752244 2051.339625 2122.750055 2140.557560 2123.357085 2110.780809 2131.027284 2164.843572 2165.856208 2164.656703 2174.852768 2183.969509 2210.093178 2202.329598 2166.944896 2157.587704 2158.330840 2138.302728 2069.127850 1997.009803 1959.531152 1906.890937 1822.073535 1765.965199 1769.733628 1784.106780 1752.531744 1696.700550 1654.220317 1640.455138 1622.065786 1606.505330 1610.792701 1627.626489 1647.328334 1656.244791 1640.865451 1617.582482 1593.314958 1562.751477 1563.014033 1586.928216 -9999.0 -9999.0 -9999.0 -9999.0 -9999.0 -9999.0
-9999.0 -9999.0 -9999.0 -9999.0 1265.066238 1279.141734 1267.625576 1294.497346 1328.648307 1364.366491 1397.110073 1434.941207 1463.668147 1495.919823 1538.011805 1573.430037 1616.588891 1654.707055 1713.477310 1787.654978 1842.855128 1867.220437 1883.059126 1943.549288 2012.036741 2074.165297 2101.204414 2129.451970 2170.801448 2225.930148 2250.364357 2258.014506 2280.556321 2324.638223 2378.511909 2415.566121 2401.495992 2395.206956 2402.079716 2412.674247 2433.742333 2433.340770 2434.270342 2436.733182 2442.261477 2442.819401 2421.170989 2390.765344 2377.453496 2366.686774 2331.643795 2256.946524 2216.257198 2184.920598 2146.958191 2089.379812 2019.954661 2000.816681 1940.451191 1880.864286 1817.108245 1791.478558 1756.603204 1727.690640 1696.027333 1694.979987 1695.443068 1671.795637 1636.114215 1600.930075 1583.245191 1561.916200 1548.404435 1576.628667 1592.607488 1621.616404 -9999.0 -9999.0 -9999.0 -9999.0
-9999.0 -9999.0 1203.598080 1252.670488 1311.428737 1321.928899 1323.329769 1330.964894 1361.332130 1415.323406 1490.524707 1540.720817 1582.987371 1619.849294 1682.950257 1764.541677 1838.424631 1890.277720 1957.892263 2039.178807 2107.714120 2141.654757 2157.368681 2197.872049 2256.656711 2326.235495 2357.263492 2384.121160 2413.797147 2444.699274 2450.040760 2463.529773 2474.933485 2483.067588 2492.696755 2496.663068 2493.420982 2489.717404 2472.235272 2468.152610 2474.347403 2479.714458 2480.418434 2467.025585 2463.574097 2478.345002 2484.513876 2485.450864 2485.811374 2492.769761 2493.285230 2450.482570 2416.540882 2400.487787 2387.368354 2339.442590 2270.393676 2228.435748 2205.240640 2160.987473 2080.494126 2023.082521 1966.932320 1914.841360 1857.971178 1823.851678 1773.882954 1727.466738 1676.991730 1626.843031 1599.358134 1577.778057 1571.922422 1568.680578 1582.635987 1596.136398 1610.174040 1617.290809 -9999.0 -9999.0
-9999.0 1098.307270 1171.212811 1298.153414 1380.565116 1427.456161 1458.651929 1480.966681 1511.820085 1542.352274 1646.293783 1730.888095 1823.203826 1864.702465 1919.964755 2025.271598 2124.850511 2175.000498 2218.716295 2282.945556 2347.704989 2396.234435 2423.617506 2428.670404 2466.127094 2486.306187 2493.086259 2498.210608 2494.849395 2485.303854 2475.293218 2480.782960 2477.396400 2458.850812 2441.985707 2437.371794 2431.884872 2409.240463 2382.334337 2368.602400 2371.264273 2395.321500 2383.006510 2362.714641 2359.229666 2380.806684 2401.960782 2394.879551 2384.939093 2405.300233 2441.104116 2463.649686 2471.993052 2488.666694 2508.320379 2480.296936 2451.762964 2409.599979 2390.512744 2362.688874 2304.775481 2242.217338 2185.231973 2121.321110 2049.171252 1977.075921 1909.060692 1841.253725 1770.182278 1723.842449 1686.923212 1631.384752 1605.812289 1603.168837 1591.186568 1585.812544 1589.794114 1595.241058 -9999.0 -9999.0
-9999.0 1014.566866 1157.205554 1342.569512 1494.215518 1555.925404 1656.875733 1735.720963 1763.712461 1733.524569 1843.682573 2067.985824 2179.343328 2201.065126 2277.878857 2373.973792 2389.849326 2424.485654 2449.242731 2465.012338 2476.840196 2487.381274 2485.255410 2480.274078 2467.297272 2462.134724 2463.229415 2462.149581 2445.199838 2424.437127 2403.727222 2396.923764 2376.169615 2329.078059 2291.714587 2268.199479 2248.342254 2230.460499 2201.487359 2176.914783 2162.392194 2177.869586 2173.089439 2157.171130 2153.490126 2175.041729 2206.835234 2205.217072 2217.978960 2244.223260 2288.290770 2330.004003 2353.349993 2384.156908 2421.579112 2465.755174 2479.341695 2501.357532 2506.083629 2489.858086 2446.521142 2394.368771 2361.200695 2300.172062 2228.217428 2148.884133 2080.362064 2010.454628 1934.952167 1881.929807 1824.974103 1756.964716 1694.952789 1665.979544 1622.104507 1600.111319 -9999.0 -9999.0 -9999.0 -9999.0
-9999.0 930.719109 1117.990855 1374.967770 1660.846827 1774.393304 1990.740014 2123.117133 2179.634710 2251.332108 2212.963490 2376.435241 2421.896577 2420.688442 2426.339530 2434.364929 2452.362361 2456.421947 2453.053019 2442.660546 2432.284698 2426.483629 2423.891561 2416.288019 2405.238733 2392.408817 2380.975392 2370.120777 2333.252281 2297.149662 2253.864910 2234.112581 2191.152447 2095.998091 2046.852180 1999.873506 1936.073653 1930.022146 1927.546415 1901.345375 1883.197546 1861.662679 1885.672638 1892.300870 1895.277282 1896.620586 1912.275407 1939.341124 1989.108903 2033.075663 2086.515076 2144.286802 2182.596788 2228.835844 2277.594190 2334.442732 2368.125774 2400.059919 2449.552327 2489.130933 2513.534314 2502.831345 2478.758533 2435.166966 2367.939458 2306.363129 2259.688785 2186.784868 2120.910995 2061.734161 2000.494562 1930.304648 1849.318157 1757.381115 1710.070061 -9999.0 -9999.0 -9999.0 -9999.0 -9999.0
-9999.0 741.876032 1009.678144 1295.737752 1608.057069 1951.075205 2104.211398 2232.714009 2308.576239 2285.436610 2300.936534 2322.078081 2365.634453 2376.126828 2359.181443 2352.562669 2341.958717 2341.862519 2352.879275 2322.764813 2287.823232 2269.624408 2266.316018 2253.603111 2230.722238 2215.786624 2206.411779 2187.730128 2139.561271 2083.095327 1990.499106 1951.701971 1871.146988 1815.908460 1768.513531 1713.336960 1659.616289 1658.165052 1676.968122 1664.139913 1643.068526 1625.471143 1653.094309 1672.161174 1684.886064 1672.679779 1681.728362 1718.647469 1770.597303 1819.156111 1874.402782 1933.061156 1982.877108 2035.895976 2075.765341 2130.658999 2182.208430 2232.128749 2309.624125 2391.192493 2431.411994 2467.711072 2501.206980 2520.046372 2472.346012 2429.328375 2383.785368 2328.896985 2255.350766 2209.225094 2172.660594 2102.521509 2027.598542 -9999.0 -9999.0 -9999.0 -9999.0 -9999.0 -9999.0 -9999.0
-9999.0 618.290347 832.532657 1056.163583 1337.656293 1581.077855 1789.643888 1904.806531 1991.766490 2043.102281 2087.674868 2125.409003 2157.049865 2181.315937 2162.814298 2124.864176 2097.169748 2100.664664 2092.040916 2061.679087 2022.276659 1999.510042 1992.163948 1983.134352 1958.416974 1944.960714 1935.658415 1914.144909 1881.764360 1823.504709 1739.633521 1662.204886 1599.783925 1568.120471 1537.125925 1502.599848 1466.602278 1476.348733 1488.825183 1486.407151 1477.105093 1475.112456 1504.530798 1523.930928 1534.150920 1522.912198 1542.373520 1569.403022 1612.043702 1657.432602 1709.167420 1766.371524 1822.366320 1855.072293 1873.802651 1902.808129 1945.936175 2006.002433 2101.406433 2203.764677 2288.573366 2341.049378 2395.180244 2434.287863 2453.099717 2468.270410 2451.129703 2381.257483 2286.993908 2283.465309 2280.218484 -9999.0 -9999.0 -9999.0 -9999.0 -9999.0 -9999.0 -9999.0 -9999.0 -9999.0
-9999.0 -9999.0 600.429437 774.182560 906.538193 1086.260264 1239.221173 1354.393626 1451.333534 1575.338662 1687.436398 1774.826000 1819.981558 1838.192295 1825.962261 1795.681480 1775.833202 1774.740199 1761.292735 1745.834920 1719.655717 1706.257022 1691.255631 1681.147114 1671.104018 1666.176709 1661.557606 1650.956157 1629.409201 1581.897528 1532.377731 1479.682559 1425.672919 1399.303685 1376.501775 1354.259499 1352.694928 1348.224564 1353.800782 1355.742914 1363.274723 1376.331933 1396.544155 1418.807585 1428.712329 1437.883338 1450.497117 1474.546146 1508.238720 1551.640409 1606.937157 1666.061743 1707.482687 1722.476160 1715.710101 1723.405675 1746.451097 1793.410100 1880.553801 1972.793312 2079.748038 2159.176020 2237.942044 2299.017500 2323.058840 2345.163569 2369.537862 2324.493325 2170.079037 2233.474783 -9999.0 -9999.0 -9999.0 -9999.0 -9999.0 -9999.0 -9999.0 -9999.0 -9999.0 -9999.0
-9999.0 -9999.0 -9999.0 -9999.0 633.761904 788.677761 887.329940 972.642492 1105.093123 1229.541705 1332.696271 1417.484568 1480.575791 1507.605581 1504.741380 1511.979048 1507.874159 1500.531873 1488.619324 1484.911212 1480.489660 1469.866034 1453.192003 1444.652051 1445.220245 1450.265525 1447.911246 1434.472883 1416.547504 1394.143893 1373.383385 1338.261868 1301.750335 1271.921578 1258.129037 1252.044747 1251.430423 1244.279010 1252.992564 1260.619309 1276.088593 1291.484924 1315.355756 1344.491000 1358.406060 1373.261700 1383.077778 1403.732621 1434.524916 1488.491108 1552.667221 1611.375263 1648.416006 1654.285605 1631.540709 1618.021558 1616.589512 1647.678061 1696.943283 1769.706385 1879.024428 1960.177118 2027.466676 2086.443097 2130.366823 2186.718990 2255.326432 2296.097957 -9999.0 -9999.0 -9999.0 -9999.0 -9999.0 -9999.0 -9999.0 -9999.0 -9999.0 -9999.0 -9999.0 -9999.0
-9999.0 -9999.0 -9999.0 -9999.0 -9999.0 -9999.0 595.228464 698.198737 779.089258 920.285123 1053.058923 1155.619913 1236.556138 1268.957617 1296.231854 1323.522915 1321.691929 1302.374935 1281.613704 1298.374060 1310.089067 1302.050683 1270.422756 1269.235785 1273.775911 1281.934101 1279.831435 1273.564891 1248.455817 1259.898980 1260.191073 1236.286732 1209.680069 1195.355317 1183.072541 1192.343746 1192.342534 1178.621818 1179.150897 1206.122246 1226.568153 1239.825264 1261.690577 1294.972876 1327.393457 1342.698750 1344.145046 1350.350912 1390.448811 1461.006769 1533.217163 1589.314963 1622.643744 1631.817486 1606.071495 1567.592270 1549.109141 1558.708251 1596.771753 1653.528416 1734.795609 1790.412774 1824.947335 1849.785409 1877.452758 1973.999725 -9999.0 -9999.0 -9999.0 -9999.0 -9999.0 -9999.0 -9999.0 -9999.0 -9999.0 -9999.0 -9999.0 -9999.0 -9999.0 -9999.0
-9999.0 -9999.0 -9999.0 -9999.0 -9999.0 -9999.0 -9999.0 -9999.0 -9999.0 -9999.0 -9999.0 -9999.0 -9999.0 -9999.0 -9999.0 -9999.0 -9999.0 -9999.0 -9999.0 -9999.0 -9999.0 -9999.0 -9999.0 -9999.0 -9999.0 -9999.0 -9999.0 -9999.0 -9999.0 -9999.0 -9999.0 -9999.0 -9999.0 -9999.0 -9999.0 -9999.0 -9999.0 -9999.0 -9999.0 -9999.0 -9999.0 -9999.0 -9999.0 -9999.0 -9999.0 -9999.0 -9999.0 -9999.0 -9999.0 -9999.0 -9999.0 -9999.0 -9999.0 -9999.0 -9999.0 -9999.0 -9999.0 -9999.0 -9999.0 -9999.0 -9999.0 -9999.0 -9999.0 -9999.0 -9999.0 -9999.0 -9999.0 -9999.0 -9999.0 -9999.0 -9999.0 -9999.0 -9999.0 -9999.0 -9999.0 -9999.0 -9999.0 -9999.0 -9999.0 -9999.0
-9999.0 -9999.0 -9999.0 -9999.0 -9999.0 -9999.0 -9999.0 -9999.0 -9999.0 -9999.0 -9999.0 -9999.0 -9999.0 -9999.0 -9999.0 -9999.0 -9999.0 -9999.0 -9999.0 -9999.0 -9999.0 -9999.0 -9999.0 -9999.0 -9999.0 -9999.0 -9999.0 -9999.0 -9999.0 -9999.0 -9999.0 -9999.0 -9999.0 -9999.0 -9999.0 -9999.0 -9999.0 -9999.0 -9999.0 -9999.0 -9999.0 -9999.0 -9999.0 -9999.0 -9999.0 -9999.0 -9999.0 -9999.0 -9999.0 -9999.0 -9999.0 -9999.0 -9999.0 -9999.0 -9999.0 -9999.0 -9999.0 -9999.0 -9999.0 -9999.0 -9999.0 -9999.0 -9999.0 -9999.0 -9999.0 -9999.0 -9999.0 -9999.0 -9999.0 -9999.0 -9999.0 -9999.0 -9999.0 -9999.0 -9999.0 -9999.0 -9999.0 -9999.0 -9999.0 -9999.0