Borden_/Borden1m_014/output_maps/psiliqL0009N0012.asc
ncols         80
nrows         18
xllcorner     620200.000000
yllcorner     5168000.000000
cellsize      1.000000
NODATA_value  -9999.0
-9999.0 -9999.0 -9999.0 -9999.0 -9999.0 -9999.0 -9999.0 -9999.0 -9999.0 -9999.0 -9999.0 -9999.0 -9999.0 -9999.0 -9999.0 -9999.0 -9999.0 -9999.0 -9999.0 -9999.0 -9999.0 -9999.0 -9999.0 -9999.0 -9999.0 -9999.0 -9999.0 -9999.0 -9999.0 -9999.0 -9999.0 -9999.0 -9999.0 -9999.0 -9999.0 -9999.0 -9999.0 -9999.0 -9999.0 -9999.0 -9999.0 -9999.0 -9999.0 -9999.0 -9999.0 -9999.0 -9999.0 -9999.0 -9999.0 -9999.0 -9999.0 -9999.0 -9999.0 -9999.0 -9999.0 -9999.0 -9999.0 -9999.0 -9999.0 -9999.0 -9999.0 -9999.0 -9999.0 -9999.0 -9999.0 -9999.0 -9999.0 -9999.0 -9999.0 -9999.0 -9999.0 -9999.0 -9999.0 -9999.0 -9999.0 -9999.0 -9999.0 -9999.0 -9999.0 -9999.0
-9999.0 -9999.0 -9999.0 -9999.0 -9999.0 -9999.0 -9999.0 -9999.0 -9999.0 -9999.0 -9999.0 -9999.0 -9999.0 -9999.0 -9999.0 -9999.0 -9999.0 -9999.0 -9999.0 -9999.0 -9999.0 -9999.0 -9999.0 -9999.0 -9999.0 -9999.0 -9999.0 -9999.0 -9999.0 -9999.0 -9999.0 -9999.0 -9999.0 -9999.0 -9999.0 -9999.0 -9999.0 -9999.0 -9999.0 -9999.0 -9999.0 -9999.0 -9999.0 -9999.0 -9999.0 -9999.0 -9999.0 -9999.0 -9999.0 -9999.0 -9999.0 -9999.0 -9999.0 -9999.0 -9999.0 -9999.0 -9999.0 -9999.0 -9999.0 -9999.0 -9999.0 -9999.0 -9999.0 -9999.0 -9999.0 -9999.0 -9999.0 -9999.0 -9999.0 -9999.0 -9999.0 -9999.0 -9999.0 -9999.0 -9999.0 -9999.0 -9999.0 -9999.0 -9999.0 -9999.0
-9999.0 -9999.0 -9999.0 -9999.0 -9999.0 -9999.0 -9999.0 -9999.0 -9999.0 -9999.0 -9999.0 -9999.0 -9999.0 -9999.0 -9999.0 -9999.0 -9999.0 -9999.0 -9999.0 -9999.0 -68.234381 -65.260646 -87.957269 -122.083169 -150.531373 -148.482439 -113.199018 -71.706440 -33.617685 -23.168979 -41.093333 -39.175864 -43.578060 -42.981990 -39.109271 -32.225775 -28.734728 -16.874438 -8.234364 -8.545807 -14.862885 -20.653621 -21.751252 -18.360373 -13.323885 -22.492956 -8.748253 6.688950 12.738352 7.069780 -21.143238 -37.941917 -46.929251 -62.040625 -37.772563 -25.581877 -2.866489 1.198929 -0.272389 -27.456121 -57.669891 -9999.0 -9999.0 -9999.0 -9999.0 -9999.0 -9999.0 -9999.0 -9999.0 -9999.0 -9999.0 -9999.0 -9999.0 -9999.0 -9999.0 -9999.0 -9999.0 -9999.0 -9999.0 -9999.0
-9999.0 -9999.0 -9999.0 -9999.0 -9999.0 -9999.0 -9999.0 -9999.0 -9999.0 -9999.0 -9999.0 -9999.0 -9999.0 -9999.0 -159.073250 -169.245211 -172.336168 -163.872774 -129.985265 -99.740779 -87.016119 -94.575531 -94.611006 -118.270748 -138.496563 -123.945121 -93.916433 -62.043072 -27.683532 -7.217854 -19.579255 -21.654733 -9.786441 20.222406 36.901883 35.458589 15.200167 38.597468 55.072012 64.340092 63.090264 54.139697 68.407684 84.673236 77.809979 60.296369 64.509639 76.676294 90.712187 74.651585 7.426267 -16.205538 -20.966668 -28.262501 -42.129394 -49.157350 -24.766180 -24.299787 -32.751432 -50.845333 -83.384925 -127.813529 -145.874241 -107.127329 -62.519327 -4.490496 -9999.0 -9999.0 -9999.0 -9999.0 -9999.0 -9999.0 -9999.0 -9999.0 -9999.0 -9999.0 -9999.0 -9999.0 -9999.0 -9999.0
-9999.0 -9999.0 -9999.0 -9999.0 -9999.0 -9999.0 -9999.0 -9999.0 -9999.0 -215.724488 -212.098689 -205.149155 -203.485369 -188.012158 -189.938967 -183.088191 -175.383484 -149.115961 -117.777326 -82.146005 -52.745267 -62.363992 -61.811686 -49.424004 -41.758371 -26.627310 -3.915329 37.443611 79.589564 121.455940 93.290370 92.852080 117.918417 182.475086 229.158307 241.415464 224.616022 230.462349 256.123324 279.435217 277.340237 274.567015 298.495152 311.503657 315.847473 297.509532 283.249549 283.457275 309.279117 254.758708 180.863192 111.271410 106.820605 73.184155 30.847684 6.852488 1.454306 21.883537 5.907810 -32.051243 -69.127210 -79.364001 -96.422957 -79.998221 -57.305117 -10.271471 28.397150 57.112421 57.353758 40.071936 -9999.0 -9999.0 -9999.0 -9999.0 -9999.0 -9999.0 -9999.0 -9999.0 -9999.0 -9999.0
-9999.0 -9999.0 -9999.0 -9999.0 -9999.0 -9999.0 -294.229545 -285.487462 -265.857713 -260.592794 -236.333374 -229.061916 -208.766603 -189.582621 -168.920348 -151.857114 -120.732270 -87.633874 -45.167362 0.800333 35.593948 32.472267 43.659733 79.851273 130.503752 177.570500 209.604563 250.729643 327.487861 370.700834 384.293218 394.904600 426.705583 558.375448 643.812885 662.841664 649.138818 637.943639 651.610205 676.428085 677.770213 675.942481 680.885786 686.139146 707.295729 703.309429 676.454949 668.586771 666.986792 653.185465 577.162087 430.879973 366.051048 311.196784 226.917529 161.776516 148.516795 157.865338 123.933698 68.074154 23.525469 10.283255 -6.015021 -20.954640 -16.003635 3.125514 26.282068 37.672263 25.240582 4.692662 -18.252581 -47.004241 -45.286503 -19.847598 -9999.0 -9999.0 -9999.0 -9999.0 -9999.0 -9999.0
-9999.0 -9999.0 -9999.0 -9999.0 -343.867058 -331.662186 -343.716373 -320.196381 -288.294980 -255.148533 -222.990675 -185.748226 -158.647557 -128.574269 -86.014178 -46.399492 -1.252671 35.495259 94.866573 175.000292 240.824031 272.208977 289.346955 357.085312 454.368424 586.347955 628.242453 650.160564 675.661456 716.692194 734.578089 740.098511 760.742441 805.543621 846.915710 873.940282 862.592464 859.277763 862.180171 866.910417 883.237336 881.660503 881.797268 882.083895 884.403024 886.957473 873.536253 852.110801 844.923095 838.550867 813.476416 742.521727 706.024939 685.391136 662.779943 602.407150 460.685767 410.124060 342.173035 282.269279 209.240750 169.150917 129.657381 99.639675 65.835717 64.808818 66.789977 46.360967 15.314575 -16.736854 -31.749040 -50.472526 -60.754166 -30.817799 -13.082039 17.884043 -9999.0 -9999.0 -9999.0 -9999.0
-9999.0 -9999.0 -401.598032 -352.055135 -296.289020 -288.026572 -286.406530 -281.649343 -254.700716 -203.819068 -124.751379 -70.286279 -24.537901 8.136290 72.876906 171.098522 253.290476 305.640998 377.379630 496.718043 614.630773 656.468755 669.062039 697.884579 746.155877 809.410078 833.995090 851.102202 867.527799 886.017076 901.292359 915.285346 923.239670 924.537227 926.890896 926.051883 925.239756 923.677653 908.824246 906.313305 911.721876 913.647121 916.428356 904.729642 901.090964 913.628146 917.713300 920.743978 924.041118 931.639337 937.360536 903.343303 864.597329 856.326159 852.536488 815.449677 751.829323 714.032695 699.746011 667.937050 581.821810 449.395744 366.707634 302.976807 233.303797 191.761207 140.707840 96.651002 49.991825 4.093131 -19.801642 -38.540386 -40.991846 -40.522099 -24.419171 -8.736108 6.750950 14.607467 -9999.0 -9999.0
-9999.0 -500.626189 -428.338528 -301.057488 -222.033272 -176.853430 -136.700095 -107.656809 -82.148655 -64.344227 47.218045 163.577128 257.527120 292.963684 362.567093 543.135746 648.084524 684.865536 714.413106 765.508379 821.595844 857.517582 875.558245 895.656944 923.551917 928.655220 929.647991 929.743592 922.163134 912.799432 902.153739 909.031906 907.937172 892.876952 878.950554 876.339455 874.334858 859.949862 842.883751 835.190302 838.780806 856.325741 848.073297 833.242052 830.368829 845.219675 857.881350 851.705580 843.266906 857.463230 884.483145 898.402789 911.441056 925.240126 943.542444 918.786946 888.959586 859.714456 850.006532 832.815618 789.432120 728.635615 680.286315 611.179862 474.469699 367.973460 289.847838 215.370757 144.835635 102.323660 68.208768 14.470679 -9.622987 -8.594839 -17.967062 -20.567186 -14.017617 -7.566651 -9999.0 -9999.0
-9999.0 -573.124783 -430.237173 -244.285012 -95.951687 -29.674101 99.322370 188.155950 214.692618 192.826672 313.100762 603.507676 695.025261 705.014153 761.929981 842.937744 873.287113 898.716880 915.644583 915.440308 915.712227 919.586360 914.711291 907.471497 895.156828 890.411166 892.446947 893.300768 882.792623 868.805550 852.710532 850.164196 838.320685 804.801810 766.934995 744.472595 731.704188 718.982149 696.830045 680.023290 670.994811 687.061297 680.348103 667.147727 663.662805 679.910093 704.502531 698.908331 705.524750 729.321984 777.456706 810.303405 824.461512 843.296595 867.666373 898.625002 913.342179 933.692336 939.045867 918.891407 885.896484 849.209280 829.457174 785.254356 720.181591 651.827694 571.821390 430.973670 339.529228 280.509400 214.704723 146.103216 82.700575 53.257265 13.040207 -8.024989 -9999.0 -9999.0 -9999.0 -9999.0
-9999.0 -640.146476 -449.622302 -183.909510 82.598449 235.613883 528.488787 658.203401 702.814455 752.649236 766.177371 879.042105 902.622370 892.406882 878.039528 880.040659 892.108211 894.531044 889.782415 880.987249 872.352191 868.348563 866.785607 861.996502 855.101772 847.060774 841.276142 837.055158 812.747942 783.762511 738.130777 720.780664 690.570676 600.074378 502.530564 427.470696 356.197832 346.881411 337.515552 309.114712 290.970303 275.099810 294.166937 295.014580 295.545166 301.665569 321.136281 342.312058 391.986022 454.002283 579.970447 649.851880 678.798841 713.653200 756.199042 808.836756 832.958939 853.841311 887.396941 917.990543 938.454544 930.882826 906.892042 879.217923 833.109005 792.123533 759.709726 694.698714 641.970485 573.055662 444.454764 344.576734 249.613470 145.717015 101.362031 -9999.0 -9999.0 -9999.0 -9999.0 -9999.0
-9999.0 -797.007684 -529.959795 -233.345191 109.135838 507.801395 644.859194 769.188715 838.716842 799.730316 796.280846 813.288199 842.442802 845.837435 831.490421 829.575367 823.747126 823.077370 831.693711 803.670485 763.435940 745.779903 743.870779 734.617691 717.649583 706.870164 700.705964 689.468119 650.770096 583.346418 418.832187 370.613714 289.751488 220.464042 162.615555 106.253617 51.446624 49.213347 65.326074 49.313471 27.339265 8.798581 34.510806 50.276329 61.238904 51.069318 59.875893 95.170578 145.589820 193.656609 257.333860 319.958599 371.688129 438.082401 514.350381 623.243093 676.726379 718.070003 789.293365 848.795519 871.538434 896.328101 928.743217 947.053531 907.556643 874.396226 847.324711 814.820036 764.497615 732.754326 691.450361 617.176729 478.133271 -9999.0 -9999.0 -9999.0 -9999.0 -9999.0 -9999.0 -9999.0
-9999.0 -930.153388 -699.893926 -454.552689 -153.802060 94.060103 281.661252 438.222514 577.664878 607.501019 631.192064 653.709126 674.856956 691.623994 675.584808 649.497929 629.418677 632.117499 624.238444 575.066255 469.166663 427.157336 419.659332 408.222367 376.611656 359.102498 347.962577 324.957528 287.650118 225.882670 129.031166 55.178010 -8.328495 -44.935955 -77.266297 -111.889595 -151.122302 -140.345728 -125.517664 -129.897282 -142.139267 -146.495913 -116.605287 -98.043527 -88.045913 -101.431234 -83.055498 -56.178016 -14.323144 28.051325 77.518612 132.809762 186.451816 219.887001 244.364817 286.741881 337.959691 418.320704 587.330170 691.926918 763.092197 808.244143 847.411586 873.443852 886.777087 909.056267 898.631278 842.682837 762.298459 784.792053 789.335567 -9999.0 -9999.0 -9999.0 -9999.0 -9999.0 -9999.0 -9999.0 -9999.0 -9999.0
-9999.0 -9999.0 -936.287038 -747.379392 -590.340292 -407.260160 -256.792665 -147.530446 -63.119594 35.908266 133.659483 210.781323 250.964422 266.928013 250.247234 211.725347 185.847512 184.530949 171.739405 150.245043 114.422375 100.053814 88.897346 80.425414 66.961988 59.783853 54.635125 43.579118 20.623363 -27.630482 -82.553287 -136.182171 -191.280071 -216.605623 -238.755609 -261.455918 -264.770490 -266.440510 -259.430324 -258.088735 -252.605715 -240.804921 -220.036974 -198.719900 -189.427601 -182.513815 -170.180917 -146.718388 -113.662862 -72.616155 -20.182494 35.402618 73.356337 85.549393 77.388759 85.657848 110.491089 161.297181 263.882998 369.792688 519.565323 640.333805 714.116839 768.180025 796.425252 816.820814 837.162336 787.775249 513.941298 719.602173 -9999.0 -9999.0 -9999.0 -9999.0 -9999.0 -9999.0 -9999.0 -9999.0 -9999.0 -9999.0
-9999.0 -9999.0 -9999.0 -9999.0 -890.459307 -734.323017 -641.780152 -561.391965 -442.269983 -332.750594 -238.365163 -161.322882 -107.492379 -83.677676 -94.898032 -100.233546 -108.942123 -113.420271 -123.074212 -129.640592 -136.422089 -144.985981 -156.732442 -164.314514 -164.813973 -161.009416 -162.821716 -175.718293 -191.547771 -218.520389 -242.473952 -277.778182 -314.910689 -344.053196 -356.885799 -363.543024 -363.070303 -368.435545 -358.735937 -352.259924 -337.273291 -321.739794 -297.608999 -269.231060 -256.708419 -242.642982 -233.126347 -212.544681 -182.855542 -130.360622 -68.284059 -12.817645 20.277250 23.036213 -3.720765 -20.077714 -23.562071 5.111570 54.666614 128.793405 241.913200 331.533884 415.384175 516.502361 617.118628 680.222198 756.445848 786.974547 -9999.0 -9999.0 -9999.0 -9999.0 -9999.0 -9999.0 -9999.0 -9999.0 -9999.0 -9999.0 -9999.0 -9999.0
-9999.0 -9999.0 -9999.0 -9999.0 -9999.0 -9999.0 -946.005469 -851.552648 -765.511989 -645.276591 -533.841076 -443.154197 -369.179710 -344.141507 -326.352515 -303.607553 -308.431900 -325.975730 -343.006443 -326.168854 -316.313104 -321.178034 -348.848365 -350.058611 -346.247646 -336.573201 -337.518383 -343.346777 -367.990600 -359.358028 -360.390887 -383.153442 -408.865059 -422.884757 -434.120412 -423.897809 -422.864024 -435.208143 -432.693575 -406.569927 -386.831393 -373.368334 -350.834999 -317.645238 -285.663972 -271.508123 -270.762762 -264.808513 -223.617372 -153.766302 -83.874060 -31.067700 -1.133180 5.250226 -24.243046 -66.455279 -89.334710 -83.733452 -49.641509 3.751864 81.955275 135.109886 172.288617 206.396842 250.356772 353.664362 -9999.0 -9999.0 -9999.0 -9999.0 -9999.0 -9999.0 -9999.0 -9999.0 -9999.0 -9999.0 -9999.0 -9999.0 -9999.0 -9999.0
-9999.0 -9999.0 -9999.0 -9999.0 -9999.0 -9999.0 -9999.0 -9999.0 -9999.0 -9999.0 -9999.0 -9999.0 -9999.0 -9999.0 -9999.0 -9999.0 -9999.0 -9999.0 -9999.0 -9999.0 -9999.0 -9999.0 -9999.0 -9999.0 -9999.0 -9999.0 -9999.0 -9999.0 -9999.0 -9999.0 -9999.0 -9999.0 -9999.0 -9999.0 -9999.0 -9999.0 -9999.0 -9999.0 -9999.0 -9999.0 -9999.0 -9999.0 -9999.0 -9999.0 -9999.0 -9999.0 -9999.0 -9999.0 -9999.0 -9999.0 -9999.0 -9999.0 -9999.0 -9999.0 -9999.0 -9999.0 -9999.0 -9999.0 -9999.0 -9999.0 -9999.0 -9999.0 -9999.0 -9999.0 -9999.0 -9999.0 -9999.0 -9999.0 -9999.0 -9999.0 -9999.0 -9999.0 -9999.0 -9999.0 -9999.0 -9999.0 -9999.0 -9999.0 -9999.0 -9999.0
-9999.0 -9999.0 -9999.0 -9999.0 -9999.0 -9999.0 -9999.0 -9999.0 -9999.0 -9999.0 -9999.0 -9999.0 -9999.0 -9999.0 -9999.0 -9999.0 -9999.0 -9999.0 -9999.0 -9999.0 -9999.0 -9999.0 -9999.0 -9999.0 -9999.0 -9999.0 -9999.0 -9999.0 -9999.0 -9999.0 -9999.0 -9999.0 -9999.0 -9999.0 -9999.0 -9999.0 -9999.0 -9999.0 -9999.0 -9999.0 -9999.0 -9999.0 -9999.0 -9999.0 -9999.0 -9999.0 -9999.0 -9999.0 -9999.0 -9999.0 -9999.0 -9999.0 -9999.0 -9999.0 -9999.0 -9999.0 -9999.0 -9999.0 -9999.0 -9999.0 -9999.0 -9999.0 -9999.0 -9999.0 -9999.0 -9999.0 -9999.0 -9999.0 -9999.0 -9999.0 -9999.0 -9999.0 -9999.0 -9999.0 -9999.0 -9999.0 -9999.0 -9999.0 -9999.0 -9999.0