Borden_/Borden1m_014/output_maps/psiliqL0010N0037.asc
ncols         80
nrows         18
xllcorner     620200.000000
yllcorner     5168000.000000
cellsize      1.000000
NODATA_value  -9999.0
-9999.0 -9999.0 -9999.0 -9999.0 -9999.0 -9999.0 -9999.0 -9999.0 -9999.0 -9999.0 -9999.0 -9999.0 -9999.0 -9999.0 -9999.0 -9999.0 -9999.0 -9999.0 -9999.0 -9999.0 -9999.0 -9999.0 -9999.0 -9999.0 -9999.0 -9999.0 -9999.0 -9999.0 -9999.0 -9999.0 -9999.0 -9999.0 -9999.0 -9999.0 -9999.0 -9999.0 -9999.0 -9999.0 -9999.0 -9999.0 -9999.0 -9999.0 -9999.0 -9999.0 -9999.0 -9999.0 -9999.0 -9999.0 -9999.0 -9999.0 -9999.0 -9999.0 -9999.0 -9999.0 -9999.0 -9999.0 -9999.0 -9999.0 -9999.0 -9999.0 -9999.0 -9999.0 -9999.0 -9999.0 -9999.0 -9999.0 -9999.0 -9999.0 -9999.0 -9999.0 -9999.0 -9999.0 -9999.0 -9999.0 -9999.0 -9999.0 -9999.0 -9999.0 -9999.0 -9999.0
-9999.0 -9999.0 -9999.0 -9999.0 -9999.0 -9999.0 -9999.0 -9999.0 -9999.0 -9999.0 -9999.0 -9999.0 -9999.0 -9999.0 -9999.0 -9999.0 -9999.0 -9999.0 -9999.0 -9999.0 -9999.0 -9999.0 -9999.0 -9999.0 -9999.0 -9999.0 -9999.0 -9999.0 -9999.0 -9999.0 -9999.0 -9999.0 -9999.0 -9999.0 -9999.0 -9999.0 -9999.0 -9999.0 -9999.0 -9999.0 -9999.0 -9999.0 -9999.0 -9999.0 -9999.0 -9999.0 -9999.0 -9999.0 -9999.0 -9999.0 -9999.0 -9999.0 -9999.0 -9999.0 -9999.0 -9999.0 -9999.0 -9999.0 -9999.0 -9999.0 -9999.0 -9999.0 -9999.0 -9999.0 -9999.0 -9999.0 -9999.0 -9999.0 -9999.0 -9999.0 -9999.0 -9999.0 -9999.0 -9999.0 -9999.0 -9999.0 -9999.0 -9999.0 -9999.0 -9999.0
-9999.0 -9999.0 -9999.0 -9999.0 -9999.0 -9999.0 -9999.0 -9999.0 -9999.0 -9999.0 -9999.0 -9999.0 -9999.0 -9999.0 -9999.0 -9999.0 -9999.0 -9999.0 -9999.0 -9999.0 138.124653 141.180033 118.971889 85.479214 57.722286 60.326154 95.889065 137.880095 176.893287 188.139280 170.880174 173.333689 169.169925 169.524814 173.186708 180.086121 183.787297 195.921179 205.343554 206.059949 200.784278 195.932633 195.800311 199.467623 204.385053 194.163933 206.996335 221.518002 226.554216 219.833191 190.705949 173.333626 163.566154 147.574106 170.986172 182.423058 204.641013 208.260317 206.231066 178.587400 148.103993 -9999.0 -9999.0 -9999.0 -9999.0 -9999.0 -9999.0 -9999.0 -9999.0 -9999.0 -9999.0 -9999.0 -9999.0 -9999.0 -9999.0 -9999.0 -9999.0 -9999.0 -9999.0 -9999.0
-9999.0 -9999.0 -9999.0 -9999.0 -9999.0 -9999.0 -9999.0 -9999.0 -9999.0 -9999.0 -9999.0 -9999.0 -9999.0 -9999.0 46.423400 36.718042 34.194341 43.199680 77.449918 107.953665 120.612033 113.483580 113.987017 91.083905 71.528489 86.460903 116.995374 149.871119 185.870055 207.888350 196.663297 195.063651 206.584835 235.144094 250.959233 249.317288 229.003632 252.921189 270.917678 282.284472 283.324537 276.028506 291.376362 308.229321 301.115946 282.247430 284.402343 294.813166 307.175075 289.547764 221.339194 197.949321 192.275547 183.722266 168.435495 160.566356 184.530725 184.396607 175.287787 156.504445 123.468967 79.029553 60.506418 98.522592 142.360631 199.892837 -9999.0 -9999.0 -9999.0 -9999.0 -9999.0 -9999.0 -9999.0 -9999.0 -9999.0 -9999.0 -9999.0 -9999.0 -9999.0 -9999.0
-9999.0 -9999.0 -9999.0 -9999.0 -9999.0 -9999.0 -9999.0 -9999.0 -9999.0 -11.901528 -7.757093 -0.239396 2.140549 18.211761 16.651612 24.165057 32.486882 59.623384 91.553542 127.615046 157.452498 148.833387 150.416277 163.380832 170.841329 185.367931 208.858243 252.814839 298.629279 344.091615 317.515606 317.005490 338.783988 391.760682 432.694896 443.562726 424.824333 431.775012 461.541952 490.746683 495.562672 496.463568 522.958090 537.211824 540.713211 519.239935 498.302316 493.654054 516.104403 459.313478 386.040910 327.040772 324.541309 289.214667 244.613099 219.534041 214.552392 234.522661 217.444972 178.142845 140.094734 128.940308 111.144694 126.837867 148.650022 194.904467 233.136601 261.309979 260.827648 242.996008 -9999.0 -9999.0 -9999.0 -9999.0 -9999.0 -9999.0 -9999.0 -9999.0 -9999.0 -9999.0
-9999.0 -9999.0 -9999.0 -9999.0 -9999.0 -9999.0 -91.095795 -81.897178 -61.739966 -56.121948 -31.062417 -23.001495 -1.800599 18.297546 40.070382 58.122902 90.273933 124.591547 168.015531 214.637337 250.217135 248.736089 262.331622 299.301159 345.654269 381.489735 411.132440 457.795604 542.105239 591.367398 605.634001 612.605111 623.135016 669.705308 732.970746 749.801476 730.821581 717.224526 738.884442 779.542963 798.598455 803.647175 813.113898 821.863777 846.710877 835.742094 785.836064 763.760162 755.643535 739.313570 681.153070 616.723297 573.747172 519.407247 430.103327 365.037015 362.837265 376.081747 340.960440 282.198313 235.523878 221.654878 204.378274 188.410120 192.292801 210.232069 232.123228 242.433166 228.925168 207.483942 183.907826 154.751133 156.228517 181.473309 -9999.0 -9999.0 -9999.0 -9999.0 -9999.0 -9999.0
-9999.0 -9999.0 -9999.0 -9999.0 -141.129193 -128.433179 -139.947321 -115.611421 -83.001834 -48.911961 -15.694169 22.808138 51.458224 83.020762 126.626962 167.038790 214.833051 254.588751 314.948724 391.072050 451.717483 484.959247 507.625978 571.948397 635.034008 688.075409 709.762235 739.391911 785.876780 854.995408 883.705672 891.696554 909.255831 939.170923 982.418252 1013.408190 999.428806 993.538285 999.927911 1012.521160 1039.750456 1042.777672 1045.084349 1046.544776 1049.396768 1048.031904 1022.601097 988.218122 973.119544 960.768517 936.238821 870.271585 819.219538 785.418876 754.200220 703.516209 634.198849 610.465018 550.004228 488.028210 413.503991 382.123456 344.712086 313.645718 278.641080 275.635999 275.313786 252.690352 219.683621 186.415888 170.663598 151.501977 140.824546 170.560924 188.130764 218.921817 -9999.0 -9999.0 -9999.0 -9999.0
-9999.0 -9999.0 -199.866045 -150.103424 -93.695209 -84.578798 -82.162624 -76.019600 -47.601788 4.901007 85.147275 141.128581 189.728302 225.638558 291.318884 383.548289 470.744975 526.488491 588.737089 657.787997 721.551728 760.845907 789.026437 830.699625 881.409939 937.598616 961.816812 985.932028 1017.235312 1050.646283 1069.999018 1085.108390 1091.821136 1090.348196 1092.602714 1092.013360 1088.397377 1083.514475 1066.856529 1064.937346 1073.349895 1077.950938 1080.851354 1068.164734 1064.155264 1076.504152 1078.280405 1076.830553 1076.777047 1083.041590 1090.150048 1055.748916 1008.283321 990.859595 982.682116 940.991119 877.040311 825.906770 800.449521 757.458554 677.318498 621.433533 566.788576 510.901782 449.410325 408.100637 353.157401 305.460249 255.518310 207.655739 182.876249 163.769943 160.990759 161.078608 176.957186 192.402709 207.717238 215.487687 -9999.0 -9999.0
-9999.0 -300.011020 -227.281026 -99.710164 -19.775438 26.514933 66.470744 96.598665 125.301066 146.894582 261.341206 373.595263 474.581108 513.525391 570.163356 671.675619 773.296268 817.943954 852.693125 901.619037 958.626836 1003.676195 1033.629822 1057.629067 1087.229047 1092.396035 1092.752604 1093.856970 1088.388175 1081.350427 1072.132411 1078.629253 1075.933308 1058.061414 1042.473339 1038.552702 1030.745207 1006.304947 979.548220 966.313008 970.291157 992.129755 981.488878 961.473407 957.810600 977.913555 994.898501 985.947716 974.893653 990.720105 1026.831224 1048.926108 1062.816505 1077.611888 1098.181712 1074.533380 1042.802240 1001.172452 980.433804 951.015618 886.987013 822.532221 767.288312 703.481556 634.661463 561.525159 491.953772 422.907774 349.134511 304.389335 270.244065 216.857131 192.965615 193.538265 183.795699 180.780548 186.976581 193.297404 -9999.0 -9999.0
-9999.0 -374.009664 -230.533872 -44.237122 105.028201 170.710213 289.979823 381.749808 417.829230 397.373364 516.186964 744.170321 835.285116 849.266944 915.005751 995.001597 1028.565296 1057.869676 1076.917547 1078.029995 1079.885363 1086.373401 1084.880224 1078.541498 1064.952530 1057.540609 1056.334259 1052.690703 1033.282320 1013.324307 995.532664 990.342985 974.539532 934.004101 900.206786 881.330806 860.705706 836.824469 802.428293 776.403640 763.526722 781.732380 772.835721 755.042860 751.271893 774.222463 806.662864 801.091855 807.033981 829.414590 872.316364 917.617567 941.688040 970.112757 1007.889664 1051.169007 1069.076683 1089.434641 1093.912305 1071.730388 1027.604360 974.821115 940.638547 872.039310 795.912909 714.120894 648.263739 585.053212 513.608020 462.513532 409.478547 346.983246 286.357473 256.593453 215.302193 193.665138 -9999.0 -9999.0 -9999.0 -9999.0
-9999.0 -443.366335 -252.226154 13.004173 281.555398 415.853923 619.449437 755.043802 826.765807 882.923349 904.622247 1024.097377 1052.446551 1045.123360 1033.642774 1035.404951 1049.705580 1053.418670 1049.460577 1038.717083 1028.055846 1022.447869 1022.038546 1013.813385 1002.529680 987.869732 974.587137 959.686027 915.014849 879.426661 845.790121 830.201674 794.025496 703.744433 659.547234 625.286380 569.531738 559.183300 547.632906 517.583148 497.709378 480.639720 499.768965 500.828444 502.075121 509.347588 529.926602 551.363713 594.783481 631.705956 677.498508 732.040357 767.463386 811.722837 861.673483 923.819840 956.941672 987.279247 1032.648763 1072.493997 1094.691922 1084.425576 1054.416309 1009.031051 937.189319 861.451742 806.459282 729.511309 662.593476 610.930297 568.533075 518.638318 449.594310 351.574718 305.048421 -9999.0 -9999.0 -9999.0 -9999.0 -9999.0
-9999.0 -604.795917 -336.228862 -40.033319 292.479167 617.114765 734.619745 886.807360 961.799772 910.287725 898.020166 926.577452 966.326050 974.342453 954.712218 946.808286 938.101065 938.032305 949.652206 920.552279 885.577729 870.335113 869.315179 857.022138 834.517970 816.768644 803.004576 781.415184 730.142973 679.054952 601.219804 573.345637 497.230434 428.087329 376.161771 323.522471 269.258409 265.600655 280.333776 263.130265 240.015331 220.969273 246.850764 263.062017 274.579668 265.055211 275.136954 312.024319 364.161155 412.216744 468.840768 529.628249 579.432091 631.059381 667.006391 722.184673 770.616397 818.264348 893.176792 975.256144 1011.090121 1045.409061 1079.407861 1093.322459 1041.854254 986.842738 928.878298 853.644811 759.195891 712.294646 692.011178 662.334130 611.389362 -9999.0 -9999.0 -9999.0 -9999.0 -9999.0 -9999.0 -9999.0
-9999.0 -737.249711 -508.017395 -263.196690 35.727991 278.851956 468.284408 587.187119 674.017234 676.541566 693.338751 725.304630 757.439599 780.226146 757.912689 720.670238 693.343706 696.633014 694.047981 668.129307 636.751998 621.099916 619.157606 611.488460 585.631677 568.841061 556.038078 530.902211 491.187648 429.806519 341.894572 268.957985 204.351033 166.667625 134.205344 99.583398 60.477761 70.242395 83.931110 79.141115 66.849598 62.538136 92.043805 110.628217 120.795151 108.209163 127.170927 154.781241 197.802107 241.813409 292.918959 351.323802 409.439897 444.967356 465.627424 499.985900 546.162525 605.583891 693.975608 790.881357 866.851451 919.731448 969.195412 1001.870248 1012.252873 1024.405911 996.080868 902.313050 760.334120 752.435460 755.683921 -9999.0 -9999.0 -9999.0 -9999.0 -9999.0 -9999.0 -9999.0 -9999.0 -9999.0
-9999.0 -9999.0 -745.085968 -557.010323 -400.881995 -214.274664 -61.147037 49.024615 129.449015 224.233236 319.028929 400.451618 445.998346 464.393173 446.403296 404.648206 377.307303 376.428545 366.016811 351.248565 326.324263 316.361957 305.945792 297.385839 283.941985 275.898150 269.275454 256.394851 231.514781 181.865965 127.459543 73.788428 18.284329 -7.975833 -30.726482 -53.735815 -57.268756 -59.651250 -53.162469 -52.036213 -46.532425 -34.713916 -14.046147 7.432013 16.938193 24.362514 37.044921 60.960552 94.526630 136.427066 190.119487 247.688470 288.074377 302.216363 294.867197 303.578799 329.433094 380.142507 475.491946 569.897530 665.458678 737.523501 808.382692 857.638283 871.384949 886.778656 900.808824 815.591583 506.168910 676.825362 -9999.0 -9999.0 -9999.0 -9999.0 -9999.0 -9999.0 -9999.0 -9999.0 -9999.0 -9999.0
-9999.0 -9999.0 -9999.0 -9999.0 -701.120621 -543.376382 -448.220774 -364.408630 -241.178653 -129.996757 -35.934685 42.513919 97.942201 122.503222 112.332469 107.929734 99.691020 95.211933 86.084358 80.947511 75.643470 67.516880 55.389684 47.517690 46.652476 49.919083 47.281983 33.508875 16.521202 -10.651860 -34.803131 -70.494838 -107.843602 -137.348459 -150.652100 -157.546020 -157.494011 -163.283601 -153.915059 -147.440555 -132.547203 -117.144301 -93.151910 -64.727115 -51.947594 -37.640225 -27.846650 -6.930056 23.309373 76.339230 139.024719 195.632992 230.144666 234.042142 208.275862 192.897739 190.708041 221.153178 272.691671 349.117975 461.371972 543.014638 608.297263 655.359853 686.751790 728.973679 769.785522 785.604726 -9999.0 -9999.0 -9999.0 -9999.0 -9999.0 -9999.0 -9999.0 -9999.0 -9999.0 -9999.0 -9999.0 -9999.0
-9999.0 -9999.0 -9999.0 -9999.0 -9999.0 -9999.0 -755.320907 -658.978051 -572.120330 -446.854721 -330.190032 -236.450090 -160.903080 -134.641116 -115.760957 -92.929111 -97.194905 -114.426547 -131.438247 -114.794004 -104.778606 -109.979334 -137.914307 -139.379952 -135.847448 -126.866521 -128.402449 -134.769539 -159.838204 -151.527668 -152.940601 -176.267560 -202.548786 -217.024370 -228.712555 -218.838874 -218.123502 -230.808482 -228.644674 -202.459966 -182.658133 -169.221267 -146.777518 -113.635763 -81.638690 -67.246346 -66.213209 -59.952122 -18.571887 51.712631 122.114871 175.792981 206.741693 213.954514 185.266458 144.100527 122.658461 129.770526 165.622206 221.558305 302.840767 357.968415 393.426240 417.678919 447.079479 542.252940 -9999.0 -9999.0 -9999.0 -9999.0 -9999.0 -9999.0 -9999.0 -9999.0 -9999.0 -9999.0 -9999.0 -9999.0 -9999.0 -9999.0
-9999.0 -9999.0 -9999.0 -9999.0 -9999.0 -9999.0 -9999.0 -9999.0 -9999.0 -9999.0 -9999.0 -9999.0 -9999.0 -9999.0 -9999.0 -9999.0 -9999.0 -9999.0 -9999.0 -9999.0 -9999.0 -9999.0 -9999.0 -9999.0 -9999.0 -9999.0 -9999.0 -9999.0 -9999.0 -9999.0 -9999.0 -9999.0 -9999.0 -9999.0 -9999.0 -9999.0 -9999.0 -9999.0 -9999.0 -9999.0 -9999.0 -9999.0 -9999.0 -9999.0 -9999.0 -9999.0 -9999.0 -9999.0 -9999.0 -9999.0 -9999.0 -9999.0 -9999.0 -9999.0 -9999.0 -9999.0 -9999.0 -9999.0 -9999.0 -9999.0 -9999.0 -9999.0 -9999.0 -9999.0 -9999.0 -9999.0 -9999.0 -9999.0 -9999.0 -9999.0 -9999.0 -9999.0 -9999.0 -9999.0 -9999.0 -9999.0 -9999.0 -9999.0 -9999.0 -9999.0
-9999.0 -9999.0 -9999.0 -9999.0 -9999.0 -9999.0 -9999.0 -9999.0 -9999.0 -9999.0 -9999.0 -9999.0 -9999.0 -9999.0 -9999.0 -9999.0 -9999.0 -9999.0 -9999.0 -9999.0 -9999.0 -9999.0 -9999.0 -9999.0 -9999.0 -9999.0 -9999.0 -9999.0 -9999.0 -9999.0 -9999.0 -9999.0 -9999.0 -9999.0 -9999.0 -9999.0 -9999.0 -9999.0 -9999.0 -9999.0 -9999.0 -9999.0 -9999.0 -9999.0 -9999.0 -9999.0 -9999.0 -9999.0 -9999.0 -9999.0 -9999.0 -9999.0 -9999.0 -9999.0 -9999.0 -9999.0 -9999.0 -9999.0 -9999.0 -9999.0 -9999.0 -9999.0 -9999.0 -9999.0 -9999.0 -9999.0 -9999.0 -9999.0 -9999.0 -9999.0 -9999.0 -9999.0 -9999.0 -9999.0 -9999.0 -9999.0 -9999.0 -9999.0 -9999.0 -9999.0