Borden_/Borden1m_014/output_maps/psiliqL0005N0028.asc
ncols         80
nrows         18
xllcorner     620200.000000
yllcorner     5168000.000000
cellsize      1.000000
NODATA_value  -9999.0
-9999.0 -9999.0 -9999.0 -9999.0 -9999.0 -9999.0 -9999.0 -9999.0 -9999.0 -9999.0 -9999.0 -9999.0 -9999.0 -9999.0 -9999.0 -9999.0 -9999.0 -9999.0 -9999.0 -9999.0 -9999.0 -9999.0 -9999.0 -9999.0 -9999.0 -9999.0 -9999.0 -9999.0 -9999.0 -9999.0 -9999.0 -9999.0 -9999.0 -9999.0 -9999.0 -9999.0 -9999.0 -9999.0 -9999.0 -9999.0 -9999.0 -9999.0 -9999.0 -9999.0 -9999.0 -9999.0 -9999.0 -9999.0 -9999.0 -9999.0 -9999.0 -9999.0 -9999.0 -9999.0 -9999.0 -9999.0 -9999.0 -9999.0 -9999.0 -9999.0 -9999.0 -9999.0 -9999.0 -9999.0 -9999.0 -9999.0 -9999.0 -9999.0 -9999.0 -9999.0 -9999.0 -9999.0 -9999.0 -9999.0 -9999.0 -9999.0 -9999.0 -9999.0 -9999.0 -9999.0
-9999.0 -9999.0 -9999.0 -9999.0 -9999.0 -9999.0 -9999.0 -9999.0 -9999.0 -9999.0 -9999.0 -9999.0 -9999.0 -9999.0 -9999.0 -9999.0 -9999.0 -9999.0 -9999.0 -9999.0 -9999.0 -9999.0 -9999.0 -9999.0 -9999.0 -9999.0 -9999.0 -9999.0 -9999.0 -9999.0 -9999.0 -9999.0 -9999.0 -9999.0 -9999.0 -9999.0 -9999.0 -9999.0 -9999.0 -9999.0 -9999.0 -9999.0 -9999.0 -9999.0 -9999.0 -9999.0 -9999.0 -9999.0 -9999.0 -9999.0 -9999.0 -9999.0 -9999.0 -9999.0 -9999.0 -9999.0 -9999.0 -9999.0 -9999.0 -9999.0 -9999.0 -9999.0 -9999.0 -9999.0 -9999.0 -9999.0 -9999.0 -9999.0 -9999.0 -9999.0 -9999.0 -9999.0 -9999.0 -9999.0 -9999.0 -9999.0 -9999.0 -9999.0 -9999.0 -9999.0
-9999.0 -9999.0 -9999.0 -9999.0 -9999.0 -9999.0 -9999.0 -9999.0 -9999.0 -9999.0 -9999.0 -9999.0 -9999.0 -9999.0 -9999.0 -9999.0 -9999.0 -9999.0 -9999.0 -9999.0 -718.061369 -713.936737 -732.718167 -758.395171 -779.602660 -779.686754 -754.592461 -724.588002 -695.025765 -687.238368 -704.098324 -702.375068 -708.007293 -709.282009 -707.529839 -702.581292 -700.559392 -691.120787 -684.392154 -685.142467 -690.730595 -695.701180 -697.886471 -695.189208 -690.329426 -697.904380 -685.733218 -672.223900 -666.442801 -669.698398 -691.833299 -703.676004 -709.060533 -721.763291 -698.584590 -687.968204 -667.524980 -663.772902 -663.264265 -686.271462 -711.097663 -9999.0 -9999.0 -9999.0 -9999.0 -9999.0 -9999.0 -9999.0 -9999.0 -9999.0 -9999.0 -9999.0 -9999.0 -9999.0 -9999.0 -9999.0 -9999.0 -9999.0 -9999.0 -9999.0
-9999.0 -9999.0 -9999.0 -9999.0 -9999.0 -9999.0 -9999.0 -9999.0 -9999.0 -9999.0 -9999.0 -9999.0 -9999.0 -9999.0 -777.089723 -785.956436 -789.435929 -786.670426 -763.332872 -742.772979 -735.378390 -743.099490 -740.976836 -760.779956 -777.939728 -766.997327 -746.089829 -724.189156 -697.834393 -680.992115 -693.293270 -696.315494 -687.668248 -662.799981 -649.934338 -653.119040 -674.989925 -653.350935 -638.719719 -629.630127 -630.751959 -639.802794 -624.843743 -608.422120 -615.198559 -632.905600 -630.249353 -619.307147 -603.534373 -617.271772 -678.488990 -694.514932 -694.803279 -698.100361 -708.575540 -714.301614 -690.808246 -690.474348 -696.523563 -708.863292 -732.777042 -766.322431 -779.885100 -748.871111 -714.612548 -664.078970 -9999.0 -9999.0 -9999.0 -9999.0 -9999.0 -9999.0 -9999.0 -9999.0 -9999.0 -9999.0 -9999.0 -9999.0 -9999.0 -9999.0
-9999.0 -9999.0 -9999.0 -9999.0 -9999.0 -9999.0 -9999.0 -9999.0 -9999.0 -808.310260 -808.289215 -804.348261 -806.721504 -796.460400 -803.365246 -799.059756 -796.496502 -779.395045 -759.828120 -734.879217 -711.539316 -722.703138 -723.578282 -713.036397 -708.203695 -699.104860 -683.682809 -648.670192 -609.626964 -566.961009 -596.810417 -598.604898 -578.675610 -519.520482 -467.251969 -452.050160 -477.667711 -476.092566 -442.292477 -404.758294 -403.646421 -405.707068 -367.673230 -346.895588 -336.098568 -364.599125 -397.570542 -402.719842 -364.106837 -439.831996 -521.418213 -586.301880 -586.394128 -617.711229 -656.963233 -676.199972 -679.120165 -655.968276 -668.460321 -699.770726 -728.864357 -731.734840 -745.037571 -731.084879 -713.946221 -673.057057 -638.637724 -611.028839 -609.822127 -625.975845 -9999.0 -9999.0 -9999.0 -9999.0 -9999.0 -9999.0 -9999.0 -9999.0 -9999.0 -9999.0
-9999.0 -9999.0 -9999.0 -9999.0 -9999.0 -9999.0 -844.398495 -842.483204 -833.287489 -840.563976 -825.500320 -826.786884 -814.262061 -804.185728 -792.529408 -784.234985 -762.794146 -740.653047 -709.479024 -673.861002 -646.085615 -652.091297 -643.915247 -609.985894 -561.240942 -520.720713 -492.566405 -443.613183 -326.823495 -262.858706 -238.544205 -226.405478 -211.842289 -178.948165 -122.057393 -75.365741 -125.942148 -145.669024 -129.184389 -86.718732 -22.177179 -18.204984 -11.559835 -3.788106 21.896120 13.349509 -80.592454 -110.089369 -118.981494 -129.004347 -171.525225 -218.642867 -281.174946 -353.061893 -468.565379 -540.542395 -549.400904 -535.505620 -569.186107 -621.104451 -659.515452 -666.133028 -676.948385 -689.362667 -683.538233 -666.042986 -643.664237 -631.719065 -641.950342 -658.820019 -676.655790 -701.239982 -698.803179 -675.839486 -9999.0 -9999.0 -9999.0 -9999.0 -9999.0 -9999.0
-9999.0 -9999.0 -9999.0 -9999.0 -874.532016 -866.323017 -884.528835 -869.525891 -853.569866 -837.968841 -825.341652 -802.878547 -788.595674 -769.876069 -739.684007 -711.698840 -675.961993 -647.099961 -594.436559 -517.085874 -448.167908 -407.327623 -379.626193 -282.446545 -208.010510 -167.064819 -152.749910 -128.271503 -79.041783 28.805169 57.845615 65.118862 60.811660 105.364766 136.642788 180.578951 152.063462 155.660472 158.047420 166.974736 192.898136 194.211793 195.386811 195.792526 197.945656 198.835988 176.169345 144.538354 129.931838 123.936794 82.442931 43.651355 -45.827108 -85.461547 -112.648852 -151.617965 -206.542115 -233.513327 -313.150786 -397.272923 -492.750696 -527.712102 -564.287409 -589.654734 -619.378577 -616.517968 -611.135829 -628.074207 -653.837939 -680.539469 -690.525144 -704.833334 -713.986530 -686.205621 -671.393416 -642.196214 -9999.0 -9999.0 -9999.0 -9999.0
-9999.0 -9999.0 -889.182015 -877.122809 -848.247332 -853.253139 -857.129019 -861.837980 -849.277863 -818.070178 -763.555180 -728.026992 -692.008349 -668.882873 -613.627254 -520.053701 -420.553698 -343.997616 -256.675471 -193.118335 -143.406236 -102.612692 -33.488206 7.813402 36.880761 102.856581 120.623722 145.798989 170.582934 199.733335 224.308208 240.261178 243.116175 240.724651 238.824855 238.906098 235.423834 231.939492 214.963595 212.936238 220.071013 222.679510 225.889420 213.928711 210.030195 222.462536 224.033760 224.198131 225.755981 232.953192 243.266350 214.436447 161.187629 147.799487 122.164487 105.354280 45.546108 -38.962527 -70.582794 -111.265576 -179.983340 -221.450816 -288.236634 -370.066943 -456.266967 -500.811394 -550.794443 -588.456510 -628.083338 -667.146273 -684.929904 -698.209267 -697.323427 -697.210462 -681.988684 -667.982512 -652.888169 -645.755788 -9999.0 -9999.0
-9999.0 -910.996268 -904.561781 -847.931923 -816.528989 -793.382631 -768.622155 -749.083969 -732.624647 -729.595243 -631.973248 -510.890195 -398.513480 -354.144106 -272.160734 -171.758401 -34.988467 3.269423 17.695064 74.060986 120.983552 162.213160 188.498454 220.526036 243.650224 242.001419 237.956678 238.568731 229.903877 223.177528 213.299813 220.401781 219.289039 204.305138 191.675005 190.799149 186.354542 161.694958 134.997124 122.629235 126.968410 147.360177 137.567503 118.123015 114.323558 134.001838 149.371426 141.000957 126.893132 126.152611 175.801481 196.188517 212.474830 226.161851 245.706079 224.144481 191.851771 153.193660 116.854551 110.391077 18.127421 -46.141663 -99.872222 -161.038382 -214.194264 -294.423491 -392.484295 -475.912695 -547.228933 -582.985645 -609.426906 -656.987400 -675.547830 -670.523474 -677.909069 -679.200467 -672.483795 -666.553782 -9999.0 -9999.0
-9999.0 -950.876700 -900.758855 -822.795148 -732.320342 -691.953489 -569.592294 -477.030155 -446.479573 -478.247831 -313.833559 -37.841391 32.846288 37.029483 92.801456 162.349112 203.911831 227.467013 240.767816 235.100488 229.016769 232.788567 228.053238 219.560037 206.433311 200.114431 199.205267 197.238673 178.596752 161.384421 145.748421 143.768258 130.417010 96.410712 66.092668 53.161653 29.346057 -25.490747 -68.270255 -97.648468 -111.173174 -92.250980 -102.159479 -120.207940 -123.728886 -100.049538 -66.193493 -71.497380 -65.517716 -42.190245 3.222836 76.706967 98.701958 124.628704 157.749281 197.281686 215.650462 235.183398 240.116981 216.694274 176.881464 131.204885 101.107503 4.659915 -68.892367 -145.665928 -195.457033 -237.515159 -322.029915 -395.666373 -467.914264 -536.213916 -594.892356 -617.145459 -652.582715 -668.344944 -9999.0 -9999.0 -9999.0 -9999.0
-9999.0 -961.044542 -906.704045 -778.433278 -577.852669 -421.150739 -211.554147 -81.338641 56.090339 42.101070 134.100901 218.464498 231.196257 216.429478 192.989699 190.538157 201.049150 203.358171 198.619738 189.840958 178.408033 175.435529 171.763894 147.300228 152.721450 140.063087 128.266226 115.835852 40.704070 4.000123 -24.455638 -41.142141 -76.021483 -156.916018 -188.023870 -210.178428 -273.352304 -292.370997 -312.717518 -356.747258 -384.900373 -404.457382 -380.063859 -384.126220 -385.232420 -370.742682 -337.689917 -312.676353 -256.675979 -216.283300 -183.618770 -137.267431 -103.990137 -59.154895 -6.997622 82.981143 112.396198 139.358413 179.802058 217.669994 238.660471 230.894760 202.499364 164.569302 103.762028 1.261252 -50.019893 -116.302082 -170.581704 -208.702603 -239.120033 -303.549212 -410.541734 -527.849861 -567.705791 -9999.0 -9999.0 -9999.0 -9999.0 -9999.0
-9999.0 -1024.720841 -920.172526 -802.174179 -517.133264 -200.966939 -104.226728 128.678693 193.946177 122.026385 41.466524 104.077821 140.639525 142.215500 119.142699 110.676154 104.531691 103.863234 115.390958 86.890973 22.489106 4.421448 1.681949 -11.691670 -34.378751 -53.891522 -68.846845 -90.549272 -142.165469 -180.861199 -235.512405 -270.464508 -370.620803 -469.873520 -526.300840 -576.681844 -628.588038 -629.847410 -614.996548 -631.761810 -651.900054 -670.002982 -646.590355 -633.991133 -624.382385 -633.968841 -626.769478 -595.222902 -547.802566 -502.421722 -438.111569 -353.670452 -286.652814 -219.810973 -192.309534 -145.971439 -101.452275 -52.690150 22.487643 130.148504 160.460572 192.569139 228.309840 245.318715 205.219615 162.994088 109.924509 10.002647 -84.095980 -124.229515 -143.201895 -169.243237 -210.392745 -9999.0 -9999.0 -9999.0 -9999.0 -9999.0 -9999.0 -9999.0
-9999.0 -1061.289379 -956.660973 -911.912406 -741.779324 -534.086438 -328.055596 -199.273974 -61.867601 -149.268184 -160.119050 -137.160645 -109.827774 -89.075106 -111.476723 -142.387293 -163.053132 -159.391685 -158.278618 -177.674709 -201.438942 -211.781530 -212.677079 -221.429911 -256.826357 -281.888928 -298.625355 -331.118772 -388.104845 -465.461496 -562.389756 -624.355403 -679.369311 -708.445736 -730.945281 -754.695339 -786.235844 -774.627113 -762.051512 -765.771393 -775.947099 -781.144011 -757.586837 -745.038720 -737.276450 -751.533529 -736.915609 -717.319696 -683.997118 -650.707419 -610.482296 -561.262267 -508.158405 -472.047561 -447.071548 -397.559577 -327.092099 -242.159964 -170.666618 -77.296696 -2.566130 78.382315 127.958353 141.625534 176.902097 193.056071 191.287952 139.868480 -56.561257 -84.930651 -89.593722 -9999.0 -9999.0 -9999.0 -9999.0 -9999.0 -9999.0 -9999.0 -9999.0 -9999.0
-9999.0 -9999.0 -1084.598029 -1031.671151 -981.271118 -910.064691 -820.448388 -736.530987 -680.825589 -620.098034 -544.549749 -468.914437 -421.589886 -400.666779 -427.432134 -482.226129 -515.018822 -514.237900 -523.784788 -541.281383 -570.191268 -580.648222 -588.806478 -595.871640 -610.618641 -618.179894 -622.645933 -632.051157 -651.598970 -691.506299 -733.777752 -770.392208 -807.470575 -818.167504 -829.089952 -842.309694 -839.912758 -841.272072 -837.383023 -837.605134 -834.691102 -828.255904 -817.491591 -805.394841 -801.160900 -797.460909 -790.654473 -776.218532 -754.749349 -726.914839 -687.032227 -641.046016 -609.086168 -600.488533 -611.765696 -607.064278 -586.440834 -541.249670 -427.274887 -287.252851 -194.984243 -130.675493 -58.971628 -10.552852 11.746820 69.404532 111.859070 1.734489 -141.894433 -121.298632 -9999.0 -9999.0 -9999.0 -9999.0 -9999.0 -9999.0 -9999.0 -9999.0 -9999.0 -9999.0
-9999.0 -9999.0 -9999.0 -9999.0 -1101.325202 -1031.456960 -975.522138 -967.697863 -915.692427 -871.113738 -825.755794 -780.220055 -745.946898 -728.770533 -742.200997 -749.212978 -755.758903 -756.472269 -762.111421 -767.252312 -771.558076 -776.512583 -782.731958 -787.945314 -787.831454 -784.747751 -785.162254 -793.919137 -801.054131 -819.131877 -830.072913 -846.888728 -862.993285 -876.420733 -878.717084 -880.997593 -878.450146 -882.324823 -875.969282 -876.649635 -869.785361 -864.142849 -853.548200 -839.188588 -836.617132 -828.718276 -824.860554 -813.110439 -798.695778 -765.389774 -720.816077 -677.310367 -650.620973 -649.931871 -676.300016 -691.361571 -696.626087 -675.089401 -636.663644 -572.000003 -453.312734 -337.026961 -239.643506 -196.016798 -168.400329 -122.554882 -76.894146 -64.406910 -9999.0 -9999.0 -9999.0 -9999.0 -9999.0 -9999.0 -9999.0 -9999.0 -9999.0 -9999.0 -9999.0 -9999.0
-9999.0 -9999.0 -9999.0 -9999.0 -9999.0 -9999.0 -1078.051021 -1043.344166 -1045.330295 -1010.750406 -975.970573 -944.321233 -908.756700 -902.548645 -893.459006 -876.191109 -879.400027 -889.848391 -901.278867 -886.934553 -880.127280 -880.763940 -899.369961 -897.020693 -894.879657 -887.939147 -888.576029 -888.712565 -904.873296 -891.928826 -887.154951 -894.999225 -903.017360 -903.726966 -908.535467 -898.914187 -897.803389 -906.268395 -907.583860 -893.653598 -887.015837 -885.038433 -877.784236 -863.382481 -846.519008 -840.870589 -843.558972 -845.371188 -822.697917 -778.352407 -729.793838 -690.131602 -666.697100 -661.621719 -688.105787 -724.665417 -744.342548 -742.753664 -719.398647 -679.956354 -615.301261 -572.049514 -539.343836 -508.955124 -468.255404 -324.265981 -9999.0 -9999.0 -9999.0 -9999.0 -9999.0 -9999.0 -9999.0 -9999.0 -9999.0 -9999.0 -9999.0 -9999.0 -9999.0 -9999.0
-9999.0 -9999.0 -9999.0 -9999.0 -9999.0 -9999.0 -9999.0 -9999.0 -9999.0 -9999.0 -9999.0 -9999.0 -9999.0 -9999.0 -9999.0 -9999.0 -9999.0 -9999.0 -9999.0 -9999.0 -9999.0 -9999.0 -9999.0 -9999.0 -9999.0 -9999.0 -9999.0 -9999.0 -9999.0 -9999.0 -9999.0 -9999.0 -9999.0 -9999.0 -9999.0 -9999.0 -9999.0 -9999.0 -9999.0 -9999.0 -9999.0 -9999.0 -9999.0 -9999.0 -9999.0 -9999.0 -9999.0 -9999.0 -9999.0 -9999.0 -9999.0 -9999.0 -9999.0 -9999.0 -9999.0 -9999.0 -9999.0 -9999.0 -9999.0 -9999.0 -9999.0 -9999.0 -9999.0 -9999.0 -9999.0 -9999.0 -9999.0 -9999.0 -9999.0 -9999.0 -9999.0 -9999.0 -9999.0 -9999.0 -9999.0 -9999.0 -9999.0 -9999.0 -9999.0 -9999.0
-9999.0 -9999.0 -9999.0 -9999.0 -9999.0 -9999.0 -9999.0 -9999.0 -9999.0 -9999.0 -9999.0 -9999.0 -9999.0 -9999.0 -9999.0 -9999.0 -9999.0 -9999.0 -9999.0 -9999.0 -9999.0 -9999.0 -9999.0 -9999.0 -9999.0 -9999.0 -9999.0 -9999.0 -9999.0 -9999.0 -9999.0 -9999.0 -9999.0 -9999.0 -9999.0 -9999.0 -9999.0 -9999.0 -9999.0 -9999.0 -9999.0 -9999.0 -9999.0 -9999.0 -9999.0 -9999.0 -9999.0 -9999.0 -9999.0 -9999.0 -9999.0 -9999.0 -9999.0 -9999.0 -9999.0 -9999.0 -9999.0 -9999.0 -9999.0 -9999.0 -9999.0 -9999.0 -9999.0 -9999.0 -9999.0 -9999.0 -9999.0 -9999.0 -9999.0 -9999.0 -9999.0 -9999.0 -9999.0 -9999.0 -9999.0 -9999.0 -9999.0 -9999.0 -9999.0 -9999.0