Borden_/Borden1m_014/output_maps/psiliqL0018N0040.asc
ncols         80
nrows         18
xllcorner     620200.000000
yllcorner     5168000.000000
cellsize      1.000000
NODATA_value  -9999.0
-9999.0 -9999.0 -9999.0 -9999.0 -9999.0 -9999.0 -9999.0 -9999.0 -9999.0 -9999.0 -9999.0 -9999.0 -9999.0 -9999.0 -9999.0 -9999.0 -9999.0 -9999.0 -9999.0 -9999.0 -9999.0 -9999.0 -9999.0 -9999.0 -9999.0 -9999.0 -9999.0 -9999.0 -9999.0 -9999.0 -9999.0 -9999.0 -9999.0 -9999.0 -9999.0 -9999.0 -9999.0 -9999.0 -9999.0 -9999.0 -9999.0 -9999.0 -9999.0 -9999.0 -9999.0 -9999.0 -9999.0 -9999.0 -9999.0 -9999.0 -9999.0 -9999.0 -9999.0 -9999.0 -9999.0 -9999.0 -9999.0 -9999.0 -9999.0 -9999.0 -9999.0 -9999.0 -9999.0 -9999.0 -9999.0 -9999.0 -9999.0 -9999.0 -9999.0 -9999.0 -9999.0 -9999.0 -9999.0 -9999.0 -9999.0 -9999.0 -9999.0 -9999.0 -9999.0 -9999.0
-9999.0 -9999.0 -9999.0 -9999.0 -9999.0 -9999.0 -9999.0 -9999.0 -9999.0 -9999.0 -9999.0 -9999.0 -9999.0 -9999.0 -9999.0 -9999.0 -9999.0 -9999.0 -9999.0 -9999.0 -9999.0 -9999.0 -9999.0 -9999.0 -9999.0 -9999.0 -9999.0 -9999.0 -9999.0 -9999.0 -9999.0 -9999.0 -9999.0 -9999.0 -9999.0 -9999.0 -9999.0 -9999.0 -9999.0 -9999.0 -9999.0 -9999.0 -9999.0 -9999.0 -9999.0 -9999.0 -9999.0 -9999.0 -9999.0 -9999.0 -9999.0 -9999.0 -9999.0 -9999.0 -9999.0 -9999.0 -9999.0 -9999.0 -9999.0 -9999.0 -9999.0 -9999.0 -9999.0 -9999.0 -9999.0 -9999.0 -9999.0 -9999.0 -9999.0 -9999.0 -9999.0 -9999.0 -9999.0 -9999.0 -9999.0 -9999.0 -9999.0 -9999.0 -9999.0 -9999.0
-9999.0 -9999.0 -9999.0 -9999.0 -9999.0 -9999.0 -9999.0 -9999.0 -9999.0 -9999.0 -9999.0 -9999.0 -9999.0 -9999.0 -9999.0 -9999.0 -9999.0 -9999.0 -9999.0 -9999.0 1755.642331 1758.355138 1737.580835 1705.261899 1678.963749 1682.966926 1719.010654 1762.126075 1802.852447 1814.023087 1797.710523 1802.446111 1799.552449 1798.645538 1801.703487 1810.185945 1816.657196 1828.707893 1838.181312 1838.819985 1833.932332 1830.146868 1831.957049 1834.645421 1839.857198 1826.755817 1839.850437 1853.348150 1855.966445 1848.894784 1820.080869 1802.861215 1791.300841 1772.943881 1795.434652 1804.667319 1825.061896 1827.048962 1823.297610 1794.917043 1763.918958 -9999.0 -9999.0 -9999.0 -9999.0 -9999.0 -9999.0 -9999.0 -9999.0 -9999.0 -9999.0 -9999.0 -9999.0 -9999.0 -9999.0 -9999.0 -9999.0 -9999.0 -9999.0 -9999.0
-9999.0 -9999.0 -9999.0 -9999.0 -9999.0 -9999.0 -9999.0 -9999.0 -9999.0 -9999.0 -9999.0 -9999.0 -9999.0 -9999.0 1661.141107 1652.934129 1651.726507 1661.480377 1696.280725 1727.701389 1739.901110 1733.614227 1735.100914 1712.874264 1693.460161 1709.093996 1740.953898 1774.403737 1810.736229 1832.121236 1822.965762 1822.500394 1832.933393 1857.798005 1870.279384 1868.541238 1850.957435 1876.285784 1892.898771 1901.852708 1902.653562 1895.190419 1907.284149 1922.362541 1914.883761 1897.404771 1903.087024 1913.983520 1923.137008 1908.530918 1843.792366 1823.943488 1816.939434 1808.240622 1791.804805 1783.745525 1807.609300 1805.025215 1794.891335 1775.304818 1740.970604 1695.590045 1675.372318 1712.828180 1754.769627 1810.171920 -9999.0 -9999.0 -9999.0 -9999.0 -9999.0 -9999.0 -9999.0 -9999.0 -9999.0 -9999.0 -9999.0 -9999.0 -9999.0 -9999.0
-9999.0 -9999.0 -9999.0 -9999.0 -9999.0 -9999.0 -9999.0 -9999.0 -9999.0 1598.728250 1604.828579 1613.646421 1617.889325 1635.098121 1633.564590 1642.292740 1650.288969 1679.362645 1711.787451 1748.078418 1777.731823 1770.558320 1772.326384 1782.251849 1784.792979 1797.734125 1821.529423 1863.470423 1902.463560 1943.584829 1915.557393 1914.354902 1934.549844 1980.828234 2011.298362 2017.453922 2000.564846 2013.623966 2040.031091 2061.988371 2062.622807 2060.617093 2086.072223 2100.188720 2098.189480 2076.717022 2066.754972 2067.320260 2091.141649 2037.629542 1969.084198 1920.076747 1925.143385 1895.649273 1859.312194 1839.309206 1834.904979 1852.709768 1836.175240 1797.534641 1760.081859 1746.713332 1727.211161 1743.242632 1763.460327 1807.405923 1844.397168 1870.931880 1868.294340 1849.409898 -9999.0 -9999.0 -9999.0 -9999.0 -9999.0 -9999.0 -9999.0 -9999.0 -9999.0 -9999.0
-9999.0 -9999.0 -9999.0 -9999.0 -9999.0 -9999.0 1517.247927 1528.315447 1550.377925 1555.861335 1583.400293 1592.162101 1614.498790 1635.403223 1659.250972 1676.925022 1707.796858 1742.127657 1783.647431 1827.340046 1860.574235 1855.715123 1866.999848 1895.667998 1932.599113 1960.606467 1987.482043 2029.204524 2105.907967 2147.970376 2152.340110 2157.460899 2167.939545 2217.912189 2282.150773 2295.794179 2276.703091 2264.371820 2287.512003 2326.022408 2331.435974 2333.754094 2346.679804 2356.818822 2382.227250 2370.991672 2330.242389 2316.716887 2315.336614 2294.614635 2228.783628 2165.073383 2133.593056 2082.513156 1998.201548 1944.982228 1954.110309 1972.394244 1942.798278 1887.611709 1846.228068 1834.100247 1817.175022 1802.847179 1808.019675 1825.161877 1844.702427 1853.511445 1837.963741 1814.536445 1790.057422 1759.885030 1760.757994 1785.099762 -9999.0 -9999.0 -9999.0 -9999.0 -9999.0 -9999.0
-9999.0 -9999.0 -9999.0 -9999.0 1465.296693 1479.411793 1467.992217 1495.360479 1530.019003 1566.345132 1599.364624 1637.408163 1666.349158 1698.466446 1739.447905 1772.893119 1814.624934 1851.049679 1906.125265 1974.909500 2026.756460 2049.941761 2065.491010 2123.246221 2184.547364 2237.265249 2259.861099 2289.132257 2335.736842 2396.465683 2423.684786 2430.270007 2448.220589 2486.150130 2536.203610 2571.093758 2555.178281 2548.253413 2556.909944 2571.014788 2595.975243 2598.510047 2601.094263 2604.188298 2609.140313 2606.851077 2580.337602 2545.158784 2528.521754 2516.986507 2483.059595 2411.494022 2372.628149 2340.763231 2302.014005 2247.149805 2185.827128 2172.853990 2114.474747 2055.303329 1993.817149 1972.753931 1941.711174 1915.456604 1886.134651 1886.654523 1887.951976 1864.691790 1829.216868 1794.588070 1777.726826 1757.503377 1745.054210 1774.352118 1791.088117 1820.517978 -9999.0 -9999.0 -9999.0 -9999.0
-9999.0 -9999.0 1403.675496 1452.261513 1510.809780 1520.743229 1521.375865 1529.097734 1560.002375 1614.506869 1689.254600 1738.690456 1780.209241 1816.485201 1877.062439 1953.916741 2025.026836 2074.150207 2136.285466 2208.461953 2272.059492 2305.472159 2322.436810 2363.219750 2418.864418 2484.063027 2512.679028 2540.623539 2574.742140 2610.706827 2617.234165 2630.625406 2640.113284 2645.603891 2653.592475 2656.583725 2651.787518 2646.747635 2628.730315 2625.390312 2633.359674 2640.616679 2641.818006 2628.206616 2624.082834 2637.559337 2641.439969 2639.197769 2636.869296 2642.652376 2643.026783 2600.513952 2568.104317 2551.227269 2537.553740 2490.702458 2423.666489 2382.974138 2358.851053 2313.289932 2234.329161 2183.883004 2133.464817 2085.736408 2033.328199 2002.936373 1955.288554 1910.608997 1861.642145 1813.290977 1788.260697 1769.473631 1766.187475 1765.027781 1780.539598 1794.985552 1809.666323 1817.087286 -9999.0 -9999.0
-9999.0 1297.834050 1370.390389 1496.378107 1577.605766 1622.361637 1650.148641 1670.755465 1702.339800 1734.349567 1836.880672 1917.231499 2008.671870 2049.240046 2099.902797 2197.772442 2294.334593 2342.896017 2383.606211 2443.760551 2507.180157 2557.513772 2587.409987 2590.742503 2627.408612 2646.284448 2651.448620 2656.424288 2654.466219 2646.881003 2638.868127 2644.769282 2640.205645 2619.901254 2602.379761 2598.207324 2592.108539 2567.418836 2538.083420 2523.067477 2525.574808 2550.526386 2537.636217 2516.689058 2512.802873 2534.362424 2555.325517 2546.280369 2533.857634 2552.773017 2588.178671 2611.773681 2619.884026 2637.221527 2657.755414 2630.631517 2603.366776 2559.724726 2538.114568 2507.749320 2447.496125 2385.543464 2329.193733 2267.100823 2199.998303 2132.665348 2068.367649 2004.867084 1937.522706 1895.221914 1863.786954 1814.527345 1794.881281 1796.852183 1787.856173 1784.141467 1789.157799 1794.996543 -9999.0 -9999.0
-9999.0 1212.586019 1354.466976 1538.071284 1686.824172 1742.787830 1835.417922 1911.214426 1939.388237 1907.703067 2016.546036 2237.230288 2349.337578 2370.460682 2445.803043 2539.405940 2550.442859 2584.440609 2608.290080 2624.061801 2637.104313 2649.716019 2649.483922 2645.166823 2630.779818 2623.058076 2621.370214 2617.870473 2599.223638 2578.729645 2559.901097 2554.212806 2532.667206 2484.633426 2449.096738 2429.577637 2411.129333 2392.606022 2361.800047 2335.215863 2319.376735 2333.867498 2329.238547 2312.968628 2309.163722 2330.953522 2362.628538 2359.996768 2370.619344 2392.805446 2432.796684 2473.593370 2497.261031 2528.899354 2567.678203 2614.134410 2628.390762 2650.405170 2653.933617 2636.487458 2589.767003 2533.768025 2496.729807 2431.052119 2356.001847 2274.572387 2206.871422 2141.906616 2070.959596 2025.181155 1979.759467 1924.114825 1873.745429 1855.053554 1816.388731 1797.384659 -9999.0 -9999.0 -9999.0 -9999.0
-9999.0 1126.582165 1312.405128 1565.735507 1848.740724 1949.896172 2155.287283 2283.164911 2339.148131 2411.332402 2364.558425 2533.486547 2580.603136 2579.442453 2585.567159 2591.648441 2608.608746 2612.213512 2608.997485 2599.173605 2590.553729 2587.015176 2586.180963 2578.785938 2566.213431 2550.529834 2535.251980 2520.883536 2481.351151 2446.357309 2407.406698 2391.281879 2349.155675 2254.922048 2210.922599 2172.157467 2113.116551 2108.767361 2106.399803 2079.083812 2059.996561 2037.145505 2061.374982 2068.286862 2071.495472 2072.497038 2087.551065 2113.855251 2160.459494 2197.858168 2242.605618 2295.777473 2332.214028 2376.560764 2422.592506 2479.294801 2513.819203 2546.085325 2595.984740 2635.097252 2657.835609 2643.896323 2615.474747 2563.898627 2486.935519 2416.034928 2361.315627 2283.173558 2216.913226 2164.155464 2119.322201 2071.374727 2010.356727 1940.708692 1901.191048 -9999.0 -9999.0 -9999.0 -9999.0 -9999.0
-9999.0 933.902361 1200.618780 1482.443458 1785.547455 2118.697772 2265.532168 2386.436735 2459.427546 2435.122194 2450.701505 2471.007926 2516.144039 2527.195005 2508.549982 2499.494165 2487.209484 2487.280916 2500.015473 2473.060883 2443.274244 2429.804751 2429.483308 2417.741168 2393.939157 2376.927022 2364.893676 2343.268389 2294.041962 2241.278807 2157.201325 2124.098231 2046.124511 1994.210190 1950.675092 1900.404733 1850.209654 1850.133900 1869.114169 1855.901273 1834.219969 1816.261025 1843.792378 1863.006370 1875.931461 1863.604229 1872.563231 1908.710682 1958.551460 2003.298203 2053.415741 2108.428822 2155.130264 2202.445863 2233.822621 2283.531227 2332.878135 2380.404581 2454.617966 2534.638742 2573.234787 2607.465037 2636.510944 2648.222507 2590.034608 2534.536215 2474.676469 2406.595060 2325.282175 2276.475248 2251.131100 2212.615019 2160.186525 -9999.0 -9999.0 -9999.0 -9999.0 -9999.0 -9999.0 -9999.0
-9999.0 811.791388 1023.158418 1241.769639 1516.537092 1753.004139 1956.885660 2062.055408 2141.792048 2191.176962 2235.006805 2273.545146 2306.325051 2331.241954 2311.688058 2271.056912 2241.821866 2246.021641 2239.929095 2216.073426 2186.400950 2171.443834 2168.372856 2161.577185 2137.709446 2123.801712 2113.159999 2090.198734 2057.925357 2001.920367 1923.388426 1849.407986 1789.586618 1760.153068 1731.247144 1699.100944 1665.181788 1675.470873 1687.546499 1684.931009 1675.513265 1673.459408 1702.618152 1721.982372 1732.236934 1721.315517 1740.868776 1767.463793 1809.071990 1852.959958 1902.774431 1958.420598 2012.721386 2041.823676 2055.016382 2079.149961 2117.806082 2171.092040 2256.554005 2351.087763 2429.378344 2477.247731 2526.628915 2558.041393 2566.757220 2568.168384 2536.200787 2452.531375 2349.675784 2329.672408 2326.550051 -9999.0 -9999.0 -9999.0 -9999.0 -9999.0 -9999.0 -9999.0 -9999.0 -9999.0
-9999.0 -9999.0 792.161908 962.779040 1089.879650 1265.335630 1414.085727 1524.468439 1618.208516 1740.954007 1852.495787 1940.892335 1987.269906 2005.828421 1992.994833 1961.987953 1941.889173 1941.479039 1930.370959 1919.956739 1900.608803 1892.619805 1880.621554 1872.121005 1863.114631 1858.216887 1852.891148 1841.523450 1819.877201 1773.411050 1726.635100 1676.093951 1623.632566 1598.187422 1576.330435 1555.158602 1554.517094 1549.945735 1555.247435 1556.989656 1564.484396 1577.468064 1597.463371 1619.787979 1629.785210 1639.294115 1651.948270 1675.909600 1709.250880 1752.210000 1807.008124 1865.837205 1906.703520 1920.201125 1910.879164 1915.787496 1935.378421 1976.986338 2055.651313 2137.702609 2232.391399 2302.197385 2371.211815 2419.707380 2430.803294 2439.418324 2446.967860 2394.319275 2262.955123 2281.965026 -9999.0 -9999.0 -9999.0 -9999.0 -9999.0 -9999.0 -9999.0 -9999.0 -9999.0 -9999.0
-9999.0 -9999.0 -9999.0 -9999.0 822.745986 975.918359 1073.593043 1156.672223 1287.418824 1410.774495 1513.162141 1598.183054 1662.406394 1689.674008 1687.164553 1695.135402 1691.310122 1684.348747 1674.004683 1673.615385 1673.135745 1665.493884 1650.438011 1642.991333 1644.141396 1649.226132 1646.348650 1632.330168 1613.924193 1592.423555 1572.911714 1538.735186 1503.048160 1473.714065 1460.321495 1454.747431 1454.271788 1446.960085 1455.461998 1463.046843 1478.384946 1493.606779 1517.348947 1546.541326 1560.646786 1575.659388 1585.557121 1606.200741 1637.013287 1690.948524 1755.126995 1813.940930 1851.037343 1856.398089 1832.745755 1817.865017 1814.454828 1842.468685 1886.700033 1952.482377 2052.732789 2123.882933 2177.405175 2217.835906 2245.309810 2284.455760 2325.999856 2354.941780 -9999.0 -9999.0 -9999.0 -9999.0 -9999.0 -9999.0 -9999.0 -9999.0 -9999.0 -9999.0 -9999.0 -9999.0
-9999.0 -9999.0 -9999.0 -9999.0 -9999.0 -9999.0 786.319198 888.958838 967.274781 1108.808621 1242.392319 1345.346833 1426.736241 1459.750602 1487.822975 1515.376920 1513.968260 1495.134291 1475.331458 1494.194713 1508.541176 1502.252077 1471.646672 1471.354347 1476.310798 1484.200205 1481.621686 1474.935289 1449.543879 1461.470000 1462.322361 1438.753278 1412.485187 1398.503870 1386.399711 1395.786438 1395.775940 1381.881628 1382.070430 1409.004914 1429.386909 1442.487701 1464.186521 1497.457281 1529.964358 1545.472526 1547.067577 1553.340378 1593.297130 1663.910538 1736.349672 1792.742696 1826.255325 1835.248873 1809.098032 1769.849488 1750.242703 1757.912906 1792.935258 1845.138194 1920.005711 1967.421901 1990.017794 1999.278130 2012.928966 2100.170620 -9999.0 -9999.0 -9999.0 -9999.0 -9999.0 -9999.0 -9999.0 -9999.0 -9999.0 -9999.0 -9999.0 -9999.0 -9999.0 -9999.0
-9999.0 -9999.0 -9999.0 -9999.0 -9999.0 -9999.0 -9999.0 -9999.0 -9999.0 -9999.0 -9999.0 -9999.0 -9999.0 -9999.0 -9999.0 -9999.0 -9999.0 -9999.0 -9999.0 -9999.0 -9999.0 -9999.0 -9999.0 -9999.0 -9999.0 -9999.0 -9999.0 -9999.0 -9999.0 -9999.0 -9999.0 -9999.0 -9999.0 -9999.0 -9999.0 -9999.0 -9999.0 -9999.0 -9999.0 -9999.0 -9999.0 -9999.0 -9999.0 -9999.0 -9999.0 -9999.0 -9999.0 -9999.0 -9999.0 -9999.0 -9999.0 -9999.0 -9999.0 -9999.0 -9999.0 -9999.0 -9999.0 -9999.0 -9999.0 -9999.0 -9999.0 -9999.0 -9999.0 -9999.0 -9999.0 -9999.0 -9999.0 -9999.0 -9999.0 -9999.0 -9999.0 -9999.0 -9999.0 -9999.0 -9999.0 -9999.0 -9999.0 -9999.0 -9999.0 -9999.0
-9999.0 -9999.0 -9999.0 -9999.0 -9999.0 -9999.0 -9999.0 -9999.0 -9999.0 -9999.0 -9999.0 -9999.0 -9999.0 -9999.0 -9999.0 -9999.0 -9999.0 -9999.0 -9999.0 -9999.0 -9999.0 -9999.0 -9999.0 -9999.0 -9999.0 -9999.0 -9999.0 -9999.0 -9999.0 -9999.0 -9999.0 -9999.0 -9999.0 -9999.0 -9999.0 -9999.0 -9999.0 -9999.0 -9999.0 -9999.0 -9999.0 -9999.0 -9999.0 -9999.0 -9999.0 -9999.0 -9999.0 -9999.0 -9999.0 -9999.0 -9999.0 -9999.0 -9999.0 -9999.0 -9999.0 -9999.0 -9999.0 -9999.0 -9999.0 -9999.0 -9999.0 -9999.0 -9999.0 -9999.0 -9999.0 -9999.0 -9999.0 -9999.0 -9999.0 -9999.0 -9999.0 -9999.0 -9999.0 -9999.0 -9999.0 -9999.0 -9999.0 -9999.0 -9999.0 -9999.0