Borden_/Borden1m_014/output_maps/psiliqL0020N0036.asc
ncols         80
nrows         18
xllcorner     620200.000000
yllcorner     5168000.000000
cellsize      1.000000
NODATA_value  -9999.0
-9999.0 -9999.0 -9999.0 -9999.0 -9999.0 -9999.0 -9999.0 -9999.0 -9999.0 -9999.0 -9999.0 -9999.0 -9999.0 -9999.0 -9999.0 -9999.0 -9999.0 -9999.0 -9999.0 -9999.0 -9999.0 -9999.0 -9999.0 -9999.0 -9999.0 -9999.0 -9999.0 -9999.0 -9999.0 -9999.0 -9999.0 -9999.0 -9999.0 -9999.0 -9999.0 -9999.0 -9999.0 -9999.0 -9999.0 -9999.0 -9999.0 -9999.0 -9999.0 -9999.0 -9999.0 -9999.0 -9999.0 -9999.0 -9999.0 -9999.0 -9999.0 -9999.0 -9999.0 -9999.0 -9999.0 -9999.0 -9999.0 -9999.0 -9999.0 -9999.0 -9999.0 -9999.0 -9999.0 -9999.0 -9999.0 -9999.0 -9999.0 -9999.0 -9999.0 -9999.0 -9999.0 -9999.0 -9999.0 -9999.0 -9999.0 -9999.0 -9999.0 -9999.0 -9999.0 -9999.0
-9999.0 -9999.0 -9999.0 -9999.0 -9999.0 -9999.0 -9999.0 -9999.0 -9999.0 -9999.0 -9999.0 -9999.0 -9999.0 -9999.0 -9999.0 -9999.0 -9999.0 -9999.0 -9999.0 -9999.0 -9999.0 -9999.0 -9999.0 -9999.0 -9999.0 -9999.0 -9999.0 -9999.0 -9999.0 -9999.0 -9999.0 -9999.0 -9999.0 -9999.0 -9999.0 -9999.0 -9999.0 -9999.0 -9999.0 -9999.0 -9999.0 -9999.0 -9999.0 -9999.0 -9999.0 -9999.0 -9999.0 -9999.0 -9999.0 -9999.0 -9999.0 -9999.0 -9999.0 -9999.0 -9999.0 -9999.0 -9999.0 -9999.0 -9999.0 -9999.0 -9999.0 -9999.0 -9999.0 -9999.0 -9999.0 -9999.0 -9999.0 -9999.0 -9999.0 -9999.0 -9999.0 -9999.0 -9999.0 -9999.0 -9999.0 -9999.0 -9999.0 -9999.0 -9999.0 -9999.0
-9999.0 -9999.0 -9999.0 -9999.0 -9999.0 -9999.0 -9999.0 -9999.0 -9999.0 -9999.0 -9999.0 -9999.0 -9999.0 -9999.0 -9999.0 -9999.0 -9999.0 -9999.0 -9999.0 -9999.0 2156.878975 2159.421986 2138.837088 2106.584149 2080.383952 2084.472527 2120.379832 2163.495991 2204.408588 2215.318202 2198.966780 2204.029039 2201.171021 2199.586708 2202.226967 2210.880214 2217.875492 2229.595728 2238.847527 2239.240589 2234.229607 2230.546813 2232.796776 2235.284146 2240.652474 2226.928968 2240.345134 2253.879208 2256.261851 2249.449104 2221.105662 2204.412742 2192.848958 2174.298111 2196.972121 2206.072754 2226.195837 2228.027459 2224.105266 2195.819560 2164.850748 -9999.0 -9999.0 -9999.0 -9999.0 -9999.0 -9999.0 -9999.0 -9999.0 -9999.0 -9999.0 -9999.0 -9999.0 -9999.0 -9999.0 -9999.0 -9999.0 -9999.0 -9999.0 -9999.0
-9999.0 -9999.0 -9999.0 -9999.0 -9999.0 -9999.0 -9999.0 -9999.0 -9999.0 -9999.0 -9999.0 -9999.0 -9999.0 -9999.0 2062.090796 2054.104673 2053.006942 2062.716970 2097.450137 2128.943762 2141.005098 2134.801978 2136.304643 2113.978898 2094.306345 2109.824290 2141.697354 2174.882672 2211.046402 2232.092853 2223.162980 2222.745946 2232.739306 2256.810404 2268.455666 2266.493765 2249.082798 2274.707054 2290.953651 2299.292660 2299.929447 2292.294383 2303.685296 2318.524990 2311.015115 2293.813807 2300.467242 2311.775076 2320.553610 2306.698532 2242.508368 2223.807448 2216.872770 2208.528330 2192.164246 2184.565393 2208.869693 2205.878709 2195.757213 2176.273426 2141.864068 2096.363380 2075.961800 2113.586102 2155.356065 2210.316987 -9999.0 -9999.0 -9999.0 -9999.0 -9999.0 -9999.0 -9999.0 -9999.0 -9999.0 -9999.0 -9999.0 -9999.0 -9999.0 -9999.0
-9999.0 -9999.0 -9999.0 -9999.0 -9999.0 -9999.0 -9999.0 -9999.0 -9999.0 1999.324382 2005.703673 2014.575736 2019.012361 2036.271196 2034.600765 2043.393103 2051.023574 2080.292127 2112.531721 2148.612751 2177.913030 2170.964727 2172.359002 2181.240346 2182.342788 2194.674104 2218.342259 2260.083017 2297.400999 2337.777303 2309.155936 2307.685795 2327.680656 2373.009022 2401.729372 2406.885976 2389.806423 2404.248707 2430.414111 2451.335490 2451.490660 2448.865645 2474.025125 2488.410371 2485.163053 2463.395426 2455.895928 2457.705783 2482.225574 2428.592897 2359.792219 2312.606250 2319.477585 2291.549779 2257.068154 2238.139349 2234.308474 2252.096880 2235.910104 2197.500032 2160.642625 2147.082852 2127.507599 2144.012396 2164.248506 2207.861239 2244.858962 2271.369054 2268.507336 2249.548568 -9999.0 -9999.0 -9999.0 -9999.0 -9999.0 -9999.0 -9999.0 -9999.0 -9999.0 -9999.0
-9999.0 -9999.0 -9999.0 -9999.0 -9999.0 -9999.0 1917.659282 1929.003482 1951.286094 1956.491837 1984.333744 1992.835892 2015.113426 2035.870373 2059.874127 2077.080375 2107.283166 2141.251289 2181.837101 2224.653459 2257.597886 2251.642867 2262.589402 2289.118921 2324.130830 2350.615600 2377.299285 2418.933059 2495.586766 2537.325839 2539.654355 2544.469647 2554.934837 2605.360449 2669.621674 2681.414172 2662.034454 2649.890244 2673.753410 2712.740407 2717.009244 2719.145302 2734.256649 2744.922630 2770.486500 2758.569512 2716.644055 2704.559804 2705.607665 2683.583211 2615.944321 2552.750733 2523.132534 2470.983448 2386.726523 2335.286095 2347.223911 2366.938382 2338.358934 2283.993810 2243.494482 2232.075430 2215.587638 2202.101147 2208.174490 2225.674600 2245.140878 2254.065155 2238.421291 2214.832224 2190.456549 2160.292719 2161.176417 2185.388428 -9999.0 -9999.0 -9999.0 -9999.0 -9999.0 -9999.0
-9999.0 -9999.0 -9999.0 -9999.0 1865.522065 1879.760182 1868.055487 1895.812030 1930.562911 1966.973559 1999.365253 2036.855294 2065.413129 2097.196791 2136.980520 2168.394744 2208.642061 2244.224945 2298.428837 2366.373405 2417.436598 2439.147816 2454.031339 2511.471127 2572.723564 2625.098139 2647.784550 2677.217672 2725.531452 2786.613129 2813.637897 2820.028949 2838.200835 2877.801268 2929.629093 2862.433671 2844.382416 2836.338241 2844.397982 2857.108340 2879.657254 2880.223882 2881.448931 2884.657135 2890.765651 2889.698710 2865.052183 2833.585123 2922.194149 2910.450251 2874.644652 2801.849691 2763.823260 2731.019857 2689.522871 2633.818609 2574.941991 2564.259496 2505.318102 2445.491420 2385.617199 2366.478384 2336.687661 2311.608783 2284.061907 2285.870724 2288.067959 2265.194978 2229.601966 2195.014934 2178.288177 2158.066439 2145.350523 2174.670403 2191.250126 2220.400422 -9999.0 -9999.0 -9999.0 -9999.0
-9999.0 -9999.0 1803.593759 1851.697419 1910.452837 1920.138416 1919.765918 1927.223373 1958.063629 2012.380234 2085.324094 2132.645223 2172.175962 2208.334975 2268.300129 2342.259236 2411.707696 2459.870043 2523.769231 2596.956070 2660.772679 2692.677991 2708.880480 2751.948365 2808.891857 2876.214797 2905.637029 2934.052318 2859.046654 2891.757921 2893.313072 2905.709027 2916.291039 2924.325043 2934.841165 2938.065652 2933.758287 2929.077621 2912.295785 2907.858767 2914.557814 2919.734449 2921.451984 2907.507690 2903.636254 2917.987831 2921.681280 2920.344720 2921.725121 2926.068667 2925.308538 2881.661441 2854.287113 2840.883858 2931.301608 2883.830690 2815.771122 2775.880012 2751.807803 2703.635452 2624.419683 2575.480107 2525.890341 2479.883824 2427.931395 2399.688038 2353.494520 2309.798048 2261.384780 2213.241098 2188.333428 2169.863166 2166.630398 2165.264722 2180.832401 2195.096948 2209.703360 2217.085269 -9999.0 -9999.0
-9999.0 1696.460262 1768.801111 1894.095699 1975.143703 2019.007186 2043.140950 2060.627905 2092.190819 2126.093860 2225.830947 2300.033382 2390.638859 2432.370160 2482.353067 2580.184995 2678.101283 2729.603841 2772.113982 2834.813169 2899.993317 2845.501772 2870.777409 2865.658688 2902.023980 2923.237850 2928.873617 2934.050976 2930.599094 2922.401126 2914.777218 2921.405152 2919.801316 2900.951888 2885.100051 2882.894056 2878.839582 2857.038397 2933.809185 2918.167720 2919.893292 2841.906426 2931.924013 2910.772796 2906.914949 2928.906555 2844.689204 2835.236722 2929.358571 2840.169430 2872.788399 2895.714455 2901.468309 2919.040667 2939.703590 2912.268242 2887.345986 2846.762165 2933.098975 2902.449266 2841.397669 2780.436481 2723.777090 2660.399693 2594.213484 2528.706056 2464.978299 2401.318421 2334.988641 2293.010858 2261.944696 2213.357662 2194.537581 2196.845443 2188.076261 2184.388838 2189.228823 2195.005443 -9999.0 -9999.0
-9999.0 1608.330026 1749.597597 1932.111295 2080.326243 2133.734820 2219.887045 2292.609401 2319.210209 2283.397531 2392.425415 2614.718603 2734.304718 2757.355263 2834.749182 2834.806543 2834.114903 2864.904757 2887.189272 2904.803432 2919.126733 2929.632401 2927.807592 2922.336154 2907.003815 2899.373801 2900.079221 2897.840608 2880.624420 2861.578700 2844.295188 2842.119172 2928.220510 2878.855255 2842.959006 2822.848049 2803.008798 2784.674362 2755.042884 2727.719575 2709.522267 2722.833994 2720.282047 2703.396809 2699.640241 2722.413060 2753.218557 2751.656297 2764.732892 2786.406078 2826.515558 2868.077980 2892.161576 2924.232487 2852.442379 2896.318380 2908.393630 2930.471330 2934.176867 2919.515287 2876.457441 2929.450892 2892.454736 2826.383423 2752.236758 2669.720958 2602.702808 2538.079026 2466.893971 2421.507565 2376.088628 2320.218915 2270.978596 2254.062634 2215.819139 2197.572904 -9999.0 -9999.0 -9999.0 -9999.0
-9999.0 1518.095209 1702.339387 1952.260306 2239.341988 2334.613100 2542.032899 2671.415155 2726.403158 2800.085646 2736.734482 2838.808716 2880.335626 2874.710205 2882.184086 2884.051164 2898.398005 2899.627870 2895.422882 2885.395112 2876.729198 2872.816489 2871.615354 2863.865123 2851.453727 2838.342388 2931.371401 2916.744015 2876.470709 2840.870565 2800.475897 2783.964505 2741.090339 2644.477614 2600.839155 2560.990743 2500.275154 2496.608621 2495.840725 2467.798522 2448.831688 2423.490617 2449.174754 2458.287369 2462.065808 2461.127224 2475.173890 2503.850444 2552.084875 2590.014921 2634.772248 2688.238866 2726.598594 2771.296619 2816.340558 2873.467959 2908.893615 2941.557970 2879.550028 2915.416334 2936.544852 2925.695908 2903.216526 2860.892331 2883.485991 2813.808665 2759.618643 2680.878335 2614.822314 2562.457527 2516.374968 2467.097150 2405.165489 2338.495572 2299.564987 -9999.0 -9999.0 -9999.0 -9999.0 -9999.0
-9999.0 1317.545512 1583.577899 1861.458344 2157.888600 2495.709251 2653.594108 2771.812954 2845.818415 2825.921780 2845.512245 2863.895267 2824.992488 2832.385258 2903.782828 2894.009548 2880.958554 2881.220046 2894.388007 2867.471897 2837.342004 2823.504536 2823.053054 2811.131445 2786.820893 2769.788302 2758.932801 2736.783394 2685.881916 2632.481120 2546.980252 2511.917823 2431.619838 2383.058461 2340.598882 2290.261775 2240.219655 2240.965720 2261.191356 2248.796217 2227.233670 2209.297352 2237.351908 2257.709343 2271.047105 2257.944569 2266.668871 2302.503192 2352.289486 2397.098300 2446.865191 2502.507157 2548.879680 2595.763353 2626.181039 2674.887877 2726.199739 2774.241817 2848.449398 2929.880006 2859.038546 2891.505368 2922.560709 2940.559904 2897.065907 2863.010902 2832.364036 2807.390906 2730.372391 2680.100939 2650.725726 2609.513196 2556.031532 -9999.0 -9999.0 -9999.0 -9999.0 -9999.0 -9999.0 -9999.0
-9999.0 1198.029969 1404.695439 1616.288157 1884.810057 2120.946163 2332.028267 2435.891763 2516.794427 2574.139399 2622.239881 2661.889423 2694.910047 2720.400083 2702.224196 2659.578570 2629.863291 2634.511375 2627.865385 2604.784316 2575.436484 2560.627126 2557.156062 2550.390254 2526.658619 2513.018959 2502.488791 2478.933633 2448.259726 2392.153663 2314.360567 2239.146764 2180.473449 2153.067890 2125.165548 2093.840545 2061.518840 2072.092352 2083.693380 2081.796940 2073.068427 2071.517816 2100.570276 2119.930173 2130.125818 2119.511050 2139.103670 2165.263791 2206.352518 2250.386805 2299.963484 2354.982615 2408.986751 2437.274227 2449.235876 2471.667981 2509.573332 2562.475839 2647.621371 2744.187388 2823.813192 2872.861529 2923.755998 2859.498633 2880.725194 2903.816859 2909.727389 2882.130905 2837.323361 2810.014669 2730.773057 -9999.0 -9999.0 -9999.0 -9999.0 -9999.0 -9999.0 -9999.0 -9999.0 -9999.0
-9999.0 -9999.0 1175.132734 1340.969654 1460.242808 1632.392939 1779.856692 1890.165249 1987.045835 2116.350163 2231.962392 2323.125409 2369.865168 2388.541168 2376.412701 2347.523330 2328.681455 2328.466790 2317.284153 2307.948672 2289.787546 2282.169224 2269.408149 2260.800164 2252.697824 2248.463384 2243.474401 2232.756419 2211.892547 2166.054436 2121.175074 2071.739352 2020.183418 1995.238763 1973.902580 1953.453088 1953.771213 1948.799943 1953.869467 1955.820386 1963.820727 1977.086935 1996.909305 2019.458942 2029.527339 2039.467324 2051.987928 2075.769222 2108.773509 2151.519043 2206.187530 2265.231434 2306.072971 2319.228092 2309.161585 2312.990771 2330.839922 2371.005739 2447.661753 2529.057617 2624.995718 2695.863834 2766.859394 2816.255791 2829.092819 2841.394530 2837.655631 2857.715906 2850.221791 2839.886314 -9999.0 -9999.0 -9999.0 -9999.0 -9999.0 -9999.0 -9999.0 -9999.0 -9999.0 -9999.0
-9999.0 -9999.0 -9999.0 -9999.0 1201.335341 1352.920101 1450.736401 1533.052320 1665.106344 1791.036234 1895.115967 1981.385174 2047.523397 2075.369515 2074.551173 2085.482868 2082.759635 2075.334004 2064.882282 2065.887712 2066.772393 2059.390289 2043.754948 2036.497645 2038.207001 2043.834603 2041.023572 2027.124904 2008.549435 1988.681958 1970.611871 1937.143891 1902.220143 1873.207988 1860.042534 1855.008075 1854.567083 1846.977191 1855.331094 1863.228110 1878.692023 1893.862797 1917.517607 1946.822700 1961.193732 1976.300546 1986.098290 2006.492459 2037.268253 2091.138964 2155.322503 2214.174629 2251.659680 2256.995273 2233.398448 2218.096370 2213.872753 2240.901112 2283.692888 2347.547737 2447.150782 2518.796870 2571.250331 2611.593731 2640.714760 2682.058053 2727.093239 2760.854595 -9999.0 -9999.0 -9999.0 -9999.0 -9999.0 -9999.0 -9999.0 -9999.0 -9999.0 -9999.0 -9999.0 -9999.0
-9999.0 -9999.0 -9999.0 -9999.0 -9999.0 -9999.0 1168.804594 1272.503934 1348.042581 1493.146556 1630.533803 1735.370043 1817.923885 1852.319740 1882.574056 1911.336444 1910.718321 1891.604148 1871.266356 1890.932244 1906.584873 1900.204984 1869.105907 1869.236370 1874.665390 1882.416599 1879.718190 1873.121357 1847.831003 1860.942265 1862.654970 1839.289514 1813.272579 1799.630740 1787.637818 1797.096765 1797.040299 1782.919889 1782.674290 1809.841221 1830.388690 1843.401954 1864.900319 1898.169433 1930.760029 1946.471546 1948.084201 1954.180937 1993.544408 2064.034961 2136.690859 2193.351923 2227.116128 2236.184312 2210.405436 2171.074910 2151.360659 2158.552114 2192.729323 2243.578493 2317.480086 2363.980517 2384.977831 2392.673087 2405.706242 2495.099059 -9999.0 -9999.0 -9999.0 -9999.0 -9999.0 -9999.0 -9999.0 -9999.0 -9999.0 -9999.0 -9999.0 -9999.0 -9999.0 -9999.0
-9999.0 -9999.0 -9999.0 -9999.0 -9999.0 -9999.0 -9999.0 -9999.0 -9999.0 -9999.0 -9999.0 -9999.0 -9999.0 -9999.0 -9999.0 -9999.0 -9999.0 -9999.0 -9999.0 -9999.0 -9999.0 -9999.0 -9999.0 -9999.0 -9999.0 -9999.0 -9999.0 -9999.0 -9999.0 -9999.0 -9999.0 -9999.0 -9999.0 -9999.0 -9999.0 -9999.0 -9999.0 -9999.0 -9999.0 -9999.0 -9999.0 -9999.0 -9999.0 -9999.0 -9999.0 -9999.0 -9999.0 -9999.0 -9999.0 -9999.0 -9999.0 -9999.0 -9999.0 -9999.0 -9999.0 -9999.0 -9999.0 -9999.0 -9999.0 -9999.0 -9999.0 -9999.0 -9999.0 -9999.0 -9999.0 -9999.0 -9999.0 -9999.0 -9999.0 -9999.0 -9999.0 -9999.0 -9999.0 -9999.0 -9999.0 -9999.0 -9999.0 -9999.0 -9999.0 -9999.0
-9999.0 -9999.0 -9999.0 -9999.0 -9999.0 -9999.0 -9999.0 -9999.0 -9999.0 -9999.0 -9999.0 -9999.0 -9999.0 -9999.0 -9999.0 -9999.0 -9999.0 -9999.0 -9999.0 -9999.0 -9999.0 -9999.0 -9999.0 -9999.0 -9999.0 -9999.0 -9999.0 -9999.0 -9999.0 -9999.0 -9999.0 -9999.0 -9999.0 -9999.0 -9999.0 -9999.0 -9999.0 -9999.0 -9999.0 -9999.0 -9999.0 -9999.0 -9999.0 -9999.0 -9999.0 -9999.0 -9999.0 -9999.0 -9999.0 -9999.0 -9999.0 -9999.0 -9999.0 -9999.0 -9999.0 -9999.0 -9999.0 -9999.0 -9999.0 -9999.0 -9999.0 -9999.0 -9999.0 -9999.0 -9999.0 -9999.0 -9999.0 -9999.0 -9999.0 -9999.0 -9999.0 -9999.0 -9999.0 -9999.0 -9999.0 -9999.0 -9999.0 -9999.0 -9999.0 -9999.0