Borden_/Borden1m_014/output_maps/psiliqL0004N0036.asc
ncols         80
nrows         18
xllcorner     620200.000000
yllcorner     5168000.000000
cellsize      1.000000
NODATA_value  -9999.0
-9999.0 -9999.0 -9999.0 -9999.0 -9999.0 -9999.0 -9999.0 -9999.0 -9999.0 -9999.0 -9999.0 -9999.0 -9999.0 -9999.0 -9999.0 -9999.0 -9999.0 -9999.0 -9999.0 -9999.0 -9999.0 -9999.0 -9999.0 -9999.0 -9999.0 -9999.0 -9999.0 -9999.0 -9999.0 -9999.0 -9999.0 -9999.0 -9999.0 -9999.0 -9999.0 -9999.0 -9999.0 -9999.0 -9999.0 -9999.0 -9999.0 -9999.0 -9999.0 -9999.0 -9999.0 -9999.0 -9999.0 -9999.0 -9999.0 -9999.0 -9999.0 -9999.0 -9999.0 -9999.0 -9999.0 -9999.0 -9999.0 -9999.0 -9999.0 -9999.0 -9999.0 -9999.0 -9999.0 -9999.0 -9999.0 -9999.0 -9999.0 -9999.0 -9999.0 -9999.0 -9999.0 -9999.0 -9999.0 -9999.0 -9999.0 -9999.0 -9999.0 -9999.0 -9999.0 -9999.0
-9999.0 -9999.0 -9999.0 -9999.0 -9999.0 -9999.0 -9999.0 -9999.0 -9999.0 -9999.0 -9999.0 -9999.0 -9999.0 -9999.0 -9999.0 -9999.0 -9999.0 -9999.0 -9999.0 -9999.0 -9999.0 -9999.0 -9999.0 -9999.0 -9999.0 -9999.0 -9999.0 -9999.0 -9999.0 -9999.0 -9999.0 -9999.0 -9999.0 -9999.0 -9999.0 -9999.0 -9999.0 -9999.0 -9999.0 -9999.0 -9999.0 -9999.0 -9999.0 -9999.0 -9999.0 -9999.0 -9999.0 -9999.0 -9999.0 -9999.0 -9999.0 -9999.0 -9999.0 -9999.0 -9999.0 -9999.0 -9999.0 -9999.0 -9999.0 -9999.0 -9999.0 -9999.0 -9999.0 -9999.0 -9999.0 -9999.0 -9999.0 -9999.0 -9999.0 -9999.0 -9999.0 -9999.0 -9999.0 -9999.0 -9999.0 -9999.0 -9999.0 -9999.0 -9999.0 -9999.0
-9999.0 -9999.0 -9999.0 -9999.0 -9999.0 -9999.0 -9999.0 -9999.0 -9999.0 -9999.0 -9999.0 -9999.0 -9999.0 -9999.0 -9999.0 -9999.0 -9999.0 -9999.0 -9999.0 -9999.0 -604.730142 -602.855134 -608.341618 -615.054644 -620.538542 -620.916272 -614.603060 -606.946518 -598.534356 -596.538298 -602.374110 -601.301278 -603.427413 -604.380292 -604.202005 -602.528571 -601.750999 -599.004782 -597.126238 -597.638072 -599.520689 -600.997592 -601.957731 -601.340581 -599.447992 -602.204150 -598.035431 -593.654770 -591.931873 -592.498591 -599.002049 -602.026398 -603.286690 -607.721311 -599.672743 -596.702753 -590.089813 -589.127742 -588.476025 -595.917531 -603.417989 -9999.0 -9999.0 -9999.0 -9999.0 -9999.0 -9999.0 -9999.0 -9999.0 -9999.0 -9999.0 -9999.0 -9999.0 -9999.0 -9999.0 -9999.0 -9999.0 -9999.0 -9999.0 -9999.0
-9999.0 -9999.0 -9999.0 -9999.0 -9999.0 -9999.0 -9999.0 -9999.0 -9999.0 -9999.0 -9999.0 -9999.0 -9999.0 -9999.0 -617.843048 -620.499249 -621.667050 -621.849114 -616.140908 -611.260805 -610.195343 -612.895273 -611.256469 -617.082321 -622.164035 -619.051739 -613.883656 -608.887696 -601.718001 -596.600816 -600.833138 -601.870685 -599.291403 -590.903222 -586.779506 -588.218782 -596.984416 -588.518303 -583.499936 -580.291517 -580.706141 -584.608416 -578.731154 -571.991100 -575.110707 -582.297828 -580.967190 -576.718057 -570.168901 -574.773229 -597.803533 -601.636714 -601.033483 -601.279987 -604.584956 -606.669199 -598.423656 -599.013602 -600.709112 -603.409210 -609.576936 -618.533824 -622.289639 -613.566880 -604.691577 -588.639067 -9999.0 -9999.0 -9999.0 -9999.0 -9999.0 -9999.0 -9999.0 -9999.0 -9999.0 -9999.0 -9999.0 -9999.0 -9999.0 -9999.0
-9999.0 -9999.0 -9999.0 -9999.0 -9999.0 -9999.0 -9999.0 -9999.0 -9999.0 -624.092158 -624.526677 -623.645471 -624.996034 -622.423047 -625.653292 -624.609666 -624.805000 -620.785624 -616.789067 -610.770363 -603.881431 -608.132575 -608.617934 -605.263034 -604.403429 -602.327762 -598.304983 -586.651405 -572.912921 -554.301800 -568.624472 -569.297102 -560.479037 -531.308436 -503.331296 -494.248251 -509.315666 -508.769532 -489.187092 -464.882201 -462.817064 -464.091799 -437.665665 -422.457376 -413.831233 -435.386535 -460.129460 -464.142265 -437.177705 -487.781056 -532.160976 -564.058311 -563.220490 -575.797654 -589.996927 -595.880290 -597.336696 -588.273029 -592.355151 -602.158027 -610.409202 -609.546717 -613.640855 -609.462963 -605.474576 -592.843714 -581.386288 -571.015841 -570.540063 -576.894660 -9999.0 -9999.0 -9999.0 -9999.0 -9999.0 -9999.0 -9999.0 -9999.0 -9999.0 -9999.0
-9999.0 -9999.0 -9999.0 -9999.0 -9999.0 -9999.0 -630.762436 -630.758544 -628.888553 -632.690454 -629.005420 -630.667516 -627.800200 -626.057173 -623.736717 -622.798287 -617.706757 -612.657035 -604.614806 -594.272808 -585.123977 -588.488900 -585.893757 -573.340250 -551.198989 -531.244531 -517.180323 -489.965408 -408.255434 -350.648414 -328.655642 -318.914445 -308.025528 -274.014215 -218.119836 -200.004924 -220.095142 -235.572896 -216.217420 -171.594427 -101.762148 -98.577679 -92.580900 -85.373384 -59.358219 -65.887682 -164.786799 -195.520991 -206.597675 -217.885156 -264.650644 -314.140389 -368.715301 -428.987222 -504.300638 -541.539481 -546.419025 -540.003705 -555.834752 -577.048882 -590.524420 -591.673653 -594.744920 -599.114526 -596.985948 -591.566713 -583.849624 -579.315660 -582.981165 -588.444174 -593.328433 -601.267729 -600.240817 -592.688579 -9999.0 -9999.0 -9999.0 -9999.0 -9999.0 -9999.0
-9999.0 -9999.0 -9999.0 -9999.0 -638.348073 -636.162638 -642.187253 -638.349051 -634.977168 -632.055756 -630.837613 -626.042891 -623.820415 -619.917154 -612.514938 -605.956601 -595.590544 -587.007920 -566.978966 -530.036201 -492.384002 -466.496399 -446.663109 -368.291883 -303.168637 -260.619227 -243.790601 -216.803644 -167.216914 -52.750896 -25.459561 -20.102377 -30.082729 22.438980 31.063605 89.223297 48.580141 71.196202 74.083847 82.370140 107.251806 108.238206 109.211071 109.385284 111.423707 112.829220 91.847780 60.492944 19.014393 39.542001 -7.656508 -37.868659 -135.143866 -173.475806 -199.720893 -242.825468 -302.990084 -328.859220 -397.481950 -460.491593 -518.008704 -536.138495 -553.932407 -564.291045 -576.545071 -574.826574 -572.041104 -578.519558 -587.499124 -596.134074 -598.246364 -602.281853 -605.744328 -596.326183 -592.125343 -581.755055 -9999.0 -9999.0 -9999.0 -9999.0
-9999.0 -9999.0 -639.943492 -638.771761 -632.191429 -635.068307 -636.977784 -639.560500 -637.530599 -630.623355 -617.643800 -610.248730 -600.628177 -594.503021 -574.682505 -530.844037 -473.135099 -420.033766 -345.536585 -287.323368 -233.383837 -189.998599 -122.721186 -73.448936 -29.216256 -8.932878 40.274707 34.895436 85.477319 113.248749 137.686445 153.281331 156.313857 154.021126 151.099924 150.792428 147.506086 144.588604 128.149750 126.095291 133.411319 135.700547 139.291699 126.929614 123.081556 135.620329 137.401962 137.657212 138.261779 147.902471 157.048235 129.079261 75.838631 62.285630 30.759859 22.512376 -42.354613 -131.192253 -160.296101 -200.706102 -275.622313 -319.229826 -376.303467 -442.366652 -498.272453 -523.251836 -547.884023 -563.909491 -579.024548 -592.836750 -597.886069 -601.234512 -600.110923 -600.814809 -595.679353 -591.340543 -585.800101 -583.426105 -9999.0 -9999.0
-9999.0 -643.158599 -643.894669 -631.873853 -627.542339 -623.747188 -619.353250 -615.604481 -611.636826 -613.508462 -580.700713 -523.888859 -458.116923 -427.227565 -357.976172 -260.876040 -111.900358 -75.401012 -50.786994 -35.799541 37.141157 77.718812 102.788954 135.025418 158.580634 153.769595 152.274477 149.858287 142.610482 134.389203 125.344760 132.755315 132.120171 116.281407 104.533648 103.070680 88.817518 75.205575 50.113407 38.271076 43.418359 64.163641 54.345959 34.263714 30.382334 50.116672 65.257807 56.287400 18.525645 58.995936 90.442611 109.459019 125.572182 139.659794 158.048066 137.838204 105.040543 67.718194 26.668972 28.042261 -73.382426 -139.869320 -193.361000 -257.215685 -312.596766 -382.903318 -458.527173 -509.946902 -546.688449 -561.745358 -571.649110 -589.680242 -595.246083 -592.359801 -594.813115 -595.169046 -592.874492 -590.955600 -9999.0 -9999.0
-9999.0 -653.309479 -642.702763 -628.035156 -608.527823 -601.516706 -552.853822 -507.118536 -488.119810 -508.886518 -392.669888 -110.617246 -70.288556 -42.404619 10.066799 78.802627 120.271330 143.422520 155.942734 148.561131 142.208693 145.388649 140.073960 132.566632 118.694843 112.463691 111.644594 110.127857 92.066088 52.303339 59.287299 58.340306 44.487973 11.059793 -24.385377 -44.181198 -92.584248 -121.957656 -158.393323 -184.806154 -196.977593 -176.624051 -187.427704 -206.753392 -210.581451 -186.221511 -153.316973 -160.264082 -156.544590 -134.081483 -88.212939 -7.878231 13.625462 37.785977 50.694654 109.644022 128.441714 147.969341 153.045922 130.222333 91.494589 46.484821 16.419122 -88.179506 -164.775028 -244.498303 -296.366383 -337.515006 -407.409593 -460.969649 -505.087719 -540.810569 -566.921931 -574.434992 -587.645718 -591.452328 -9999.0 -9999.0 -9999.0 -9999.0
-9999.0 -654.815636 -644.025326 -617.669642 -555.511090 -475.270020 -307.016198 -171.825733 -24.589087 -46.566480 60.279837 138.289954 146.572630 132.885769 107.689132 104.633629 114.383303 116.584835 112.533857 103.406894 91.977945 88.916524 63.736201 79.049834 67.541093 54.337715 42.733457 31.450569 -50.792484 -89.427604 -117.358381 -132.463331 -164.733859 -248.997938 -284.005051 -306.488544 -361.352622 -378.620964 -396.740710 -431.732975 -451.662417 -464.773764 -448.207876 -451.331970 -452.222369 -441.876401 -417.073728 -397.016358 -348.197483 -314.205452 -280.233566 -229.974236 -196.057753 -152.569449 -99.824930 -1.756161 27.668593 54.091434 93.969361 130.912771 150.966689 144.011092 115.004836 78.641642 19.920672 -94.446456 -150.122707 -222.543866 -277.437380 -313.351842 -340.559142 -392.022135 -470.116303 -536.082756 -553.974360 -9999.0 -9999.0 -9999.0 -9999.0 -9999.0
-9999.0 -669.842927 -645.515742 -623.018096 -525.195394 -292.736127 -198.234382 47.018642 107.685325 36.474186 -50.218548 24.165025 22.371008 59.550481 35.201723 23.851184 20.634051 20.058150 31.942569 -5.704423 -72.936085 -90.818871 -93.627989 -105.139146 -126.806959 -145.162955 -159.342652 -180.580429 -234.480689 -276.865466 -331.489568 -359.242609 -441.241915 -504.573476 -533.918142 -557.814547 -580.303486 -580.234418 -573.564204 -580.031141 -587.316706 -594.298775 -585.526021 -581.049569 -577.227989 -581.514091 -579.415102 -566.935650 -546.036919 -523.525106 -487.129007 -430.287817 -374.901748 -317.831624 -289.509152 -238.202407 -191.901669 -144.494809 -69.004414 46.263531 70.305506 105.320143 141.491652 158.298751 119.402922 79.410863 22.020576 -92.667160 -195.580650 -238.498519 -254.430156 -274.943413 -313.155048 -9999.0 -9999.0 -9999.0 -9999.0 -9999.0 -9999.0 -9999.0
-9999.0 -677.871402 -652.659402 -646.578107 -609.109147 -533.932400 -407.425794 -290.673129 -139.435079 -240.243144 -252.816958 -226.273291 -196.172689 -174.721683 -198.462388 -232.558199 -255.623986 -252.355664 -251.627452 -273.748303 -299.693541 -310.551744 -311.144886 -318.397472 -347.548663 -369.625010 -384.614352 -412.134917 -454.170068 -502.225354 -552.206796 -578.133212 -596.951274 -604.631744 -610.231490 -615.941166 -624.794669 -620.552594 -616.878897 -617.847190 -620.642821 -622.453184 -615.795901 -612.859183 -610.666568 -615.905542 -611.601478 -606.778837 -597.088754 -586.773418 -572.586371 -552.510084 -527.095153 -507.456831 -492.684975 -460.985534 -409.218085 -336.487025 -265.277407 -169.240598 -95.079836 -10.243812 43.292912 48.212474 91.841308 102.509240 105.063204 60.866706 -167.948626 -203.188157 -205.869604 -9999.0 -9999.0 -9999.0 -9999.0 -9999.0 -9999.0 -9999.0 -9999.0 -9999.0
-9999.0 -9999.0 -683.679368 -672.605037 -662.851145 -650.607744 -632.863040 -611.302213 -593.637910 -571.847636 -540.382221 -502.840948 -475.076275 -461.433542 -478.829298 -510.857656 -527.881627 -527.179785 -531.804901 -540.306952 -554.367191 -559.333868 -563.002095 -566.043016 -572.378759 -575.239684 -576.687395 -579.730256 -586.046389 -598.918448 -610.591334 -619.201277 -627.871401 -628.814963 -630.646025 -633.511949 -631.915091 -632.396903 -631.584257 -631.818977 -631.122041 -629.715819 -627.717075 -625.191613 -624.660218 -623.883373 -622.690423 -619.707694 -615.087629 -608.759340 -597.854115 -582.950910 -571.505263 -568.448789 -573.422955 -571.631734 -563.520365 -543.458057 -480.078871 -374.867856 -291.012865 -224.418439 -153.470903 -106.563877 -87.641430 -44.775622 27.191011 -103.175066 -258.257443 -245.442926 -9999.0 -9999.0 -9999.0 -9999.0 -9999.0 -9999.0 -9999.0 -9999.0 -9999.0 -9999.0
-9999.0 -9999.0 -9999.0 -9999.0 -688.523596 -672.855310 -659.175026 -659.479371 -648.395353 -640.186861 -631.824280 -622.193330 -614.154175 -609.485252 -614.084291 -615.499148 -616.889014 -616.588688 -617.947972 -619.274716 -620.092755 -621.158867 -622.424404 -623.705929 -623.377270 -622.320130 -622.181602 -624.341165 -625.175704 -629.252411 -630.592750 -633.561159 -636.365326 -639.097417 -638.986187 -639.316644 -638.417437 -639.494675 -637.837292 -638.509794 -637.040240 -636.136488 -634.124243 -631.077190 -631.394197 -629.654915 -629.214640 -626.775486 -624.707554 -617.560659 -606.499399 -594.045900 -585.609658 -585.640320 -595.051192 -599.580462 -601.646050 -595.021707 -582.790798 -557.756742 -496.198423 -417.587596 -334.913032 -294.667993 -267.421878 -223.838285 -182.658142 -174.333360 -9999.0 -9999.0 -9999.0 -9999.0 -9999.0 -9999.0 -9999.0 -9999.0 -9999.0 -9999.0 -9999.0 -9999.0
-9999.0 -9999.0 -9999.0 -9999.0 -9999.0 -9999.0 -681.918118 -674.046405 -675.940110 -669.202921 -662.818882 -657.477934 -650.284655 -650.212284 -648.081674 -643.214571 -643.919740 -646.413066 -649.407439 -645.225561 -643.301351 -643.082079 -647.890844 -646.772312 -646.224069 -644.415325 -644.594151 -644.072569 -648.122804 -643.771089 -641.811025 -643.067555 -644.306180 -643.775541 -644.835029 -642.090543 -641.766481 -644.030333 -644.610279 -641.186296 -639.956214 -640.083279 -639.001161 -636.166619 -632.382955 -631.485808 -632.714534 -634.257322 -629.773758 -619.840171 -608.117097 -597.501035 -590.600584 -588.735329 -597.235431 -608.424311 -614.068813 -614.292080 -608.639967 -597.963652 -575.447319 -558.668271 -544.040895 -528.320702 -506.674157 -408.222200 -9999.0 -9999.0 -9999.0 -9999.0 -9999.0 -9999.0 -9999.0 -9999.0 -9999.0 -9999.0 -9999.0 -9999.0 -9999.0 -9999.0
-9999.0 -9999.0 -9999.0 -9999.0 -9999.0 -9999.0 -9999.0 -9999.0 -9999.0 -9999.0 -9999.0 -9999.0 -9999.0 -9999.0 -9999.0 -9999.0 -9999.0 -9999.0 -9999.0 -9999.0 -9999.0 -9999.0 -9999.0 -9999.0 -9999.0 -9999.0 -9999.0 -9999.0 -9999.0 -9999.0 -9999.0 -9999.0 -9999.0 -9999.0 -9999.0 -9999.0 -9999.0 -9999.0 -9999.0 -9999.0 -9999.0 -9999.0 -9999.0 -9999.0 -9999.0 -9999.0 -9999.0 -9999.0 -9999.0 -9999.0 -9999.0 -9999.0 -9999.0 -9999.0 -9999.0 -9999.0 -9999.0 -9999.0 -9999.0 -9999.0 -9999.0 -9999.0 -9999.0 -9999.0 -9999.0 -9999.0 -9999.0 -9999.0 -9999.0 -9999.0 -9999.0 -9999.0 -9999.0 -9999.0 -9999.0 -9999.0 -9999.0 -9999.0 -9999.0 -9999.0
-9999.0 -9999.0 -9999.0 -9999.0 -9999.0 -9999.0 -9999.0 -9999.0 -9999.0 -9999.0 -9999.0 -9999.0 -9999.0 -9999.0 -9999.0 -9999.0 -9999.0 -9999.0 -9999.0 -9999.0 -9999.0 -9999.0 -9999.0 -9999.0 -9999.0 -9999.0 -9999.0 -9999.0 -9999.0 -9999.0 -9999.0 -9999.0 -9999.0 -9999.0 -9999.0 -9999.0 -9999.0 -9999.0 -9999.0 -9999.0 -9999.0 -9999.0 -9999.0 -9999.0 -9999.0 -9999.0 -9999.0 -9999.0 -9999.0 -9999.0 -9999.0 -9999.0 -9999.0 -9999.0 -9999.0 -9999.0 -9999.0 -9999.0 -9999.0 -9999.0 -9999.0 -9999.0 -9999.0 -9999.0 -9999.0 -9999.0 -9999.0 -9999.0 -9999.0 -9999.0 -9999.0 -9999.0 -9999.0 -9999.0 -9999.0 -9999.0 -9999.0 -9999.0 -9999.0 -9999.0