Borden_/Borden1m_014/output_maps/psiliqL0003N0013.asc
ncols         80
nrows         18
xllcorner     620200.000000
yllcorner     5168000.000000
cellsize      1.000000
NODATA_value  -9999.0
-9999.0 -9999.0 -9999.0 -9999.0 -9999.0 -9999.0 -9999.0 -9999.0 -9999.0 -9999.0 -9999.0 -9999.0 -9999.0 -9999.0 -9999.0 -9999.0 -9999.0 -9999.0 -9999.0 -9999.0 -9999.0 -9999.0 -9999.0 -9999.0 -9999.0 -9999.0 -9999.0 -9999.0 -9999.0 -9999.0 -9999.0 -9999.0 -9999.0 -9999.0 -9999.0 -9999.0 -9999.0 -9999.0 -9999.0 -9999.0 -9999.0 -9999.0 -9999.0 -9999.0 -9999.0 -9999.0 -9999.0 -9999.0 -9999.0 -9999.0 -9999.0 -9999.0 -9999.0 -9999.0 -9999.0 -9999.0 -9999.0 -9999.0 -9999.0 -9999.0 -9999.0 -9999.0 -9999.0 -9999.0 -9999.0 -9999.0 -9999.0 -9999.0 -9999.0 -9999.0 -9999.0 -9999.0 -9999.0 -9999.0 -9999.0 -9999.0 -9999.0 -9999.0 -9999.0 -9999.0
-9999.0 -9999.0 -9999.0 -9999.0 -9999.0 -9999.0 -9999.0 -9999.0 -9999.0 -9999.0 -9999.0 -9999.0 -9999.0 -9999.0 -9999.0 -9999.0 -9999.0 -9999.0 -9999.0 -9999.0 -9999.0 -9999.0 -9999.0 -9999.0 -9999.0 -9999.0 -9999.0 -9999.0 -9999.0 -9999.0 -9999.0 -9999.0 -9999.0 -9999.0 -9999.0 -9999.0 -9999.0 -9999.0 -9999.0 -9999.0 -9999.0 -9999.0 -9999.0 -9999.0 -9999.0 -9999.0 -9999.0 -9999.0 -9999.0 -9999.0 -9999.0 -9999.0 -9999.0 -9999.0 -9999.0 -9999.0 -9999.0 -9999.0 -9999.0 -9999.0 -9999.0 -9999.0 -9999.0 -9999.0 -9999.0 -9999.0 -9999.0 -9999.0 -9999.0 -9999.0 -9999.0 -9999.0 -9999.0 -9999.0 -9999.0 -9999.0 -9999.0 -9999.0 -9999.0 -9999.0
-9999.0 -9999.0 -9999.0 -9999.0 -9999.0 -9999.0 -9999.0 -9999.0 -9999.0 -9999.0 -9999.0 -9999.0 -9999.0 -9999.0 -9999.0 -9999.0 -9999.0 -9999.0 -9999.0 -9999.0 -551.782288 -549.922943 -553.889710 -558.481179 -562.446640 -562.960523 -558.554772 -553.595303 -548.010105 -547.005332 -551.562527 -550.365508 -552.180106 -553.303212 -553.460029 -552.162506 -551.482491 -549.746405 -548.674058 -549.258857 -550.639806 -551.581462 -552.453139 -552.216073 -550.617921 -552.832872 -549.700905 -546.721014 -545.742488 -545.656629 -549.555915 -551.129033 -551.718409 -555.353623 -548.838682 -547.053134 -542.476850 -542.080856 -541.184578 -546.298381 -551.444051 -9999.0 -9999.0 -9999.0 -9999.0 -9999.0 -9999.0 -9999.0 -9999.0 -9999.0 -9999.0 -9999.0 -9999.0 -9999.0 -9999.0 -9999.0 -9999.0 -9999.0 -9999.0 -9999.0
-9999.0 -9999.0 -9999.0 -9999.0 -9999.0 -9999.0 -9999.0 -9999.0 -9999.0 -9999.0 -9999.0 -9999.0 -9999.0 -9999.0 -559.057854 -561.311735 -562.376052 -563.094668 -559.112691 -556.062364 -556.039280 -558.353821 -556.417932 -560.917035 -564.986210 -562.562116 -559.173839 -556.520821 -552.120851 -548.814949 -551.948846 -552.733393 -551.114483 -545.334451 -542.864275 -544.132243 -551.159922 -544.520264 -541.359524 -539.372260 -539.646857 -542.806146 -538.608686 -533.717579 -536.300216 -541.511088 -540.258652 -537.315917 -532.601136 -534.754392 -551.425451 -552.852649 -551.875269 -551.400788 -553.772683 -555.491749 -548.930457 -549.927098 -550.932418 -551.950094 -555.675632 -561.957103 -564.834692 -558.173480 -552.518480 -541.205561 -9999.0 -9999.0 -9999.0 -9999.0 -9999.0 -9999.0 -9999.0 -9999.0 -9999.0 -9999.0 -9999.0 -9999.0 -9999.0 -9999.0
-9999.0 -9999.0 -9999.0 -9999.0 -9999.0 -9999.0 -9999.0 -9999.0 -9999.0 -562.726928 -563.352864 -562.728609 -564.263296 -562.279976 -565.706790 -564.930213 -565.612270 -562.828794 -560.683629 -556.977648 -552.034408 -555.751001 -556.269102 -553.747352 -553.672720 -552.862416 -550.812580 -543.101157 -534.861518 -522.010142 -533.734934 -534.444416 -529.430799 -509.265118 -488.296093 -483.374855 -492.330164 -492.671171 -481.108588 -468.238915 -469.377204 -470.697503 -458.137046 -451.435850 -446.537581 -456.862700 -467.036559 -469.065430 -453.531675 -480.276241 -508.727835 -532.143519 -528.312752 -536.457145 -545.716606 -549.110919 -550.495425 -543.198063 -545.802179 -552.295652 -557.709862 -555.858417 -559.034217 -555.871286 -553.824668 -545.197391 -537.720583 -530.588040 -530.262701 -534.817185 -9999.0 -9999.0 -9999.0 -9999.0 -9999.0 -9999.0 -9999.0 -9999.0 -9999.0 -9999.0
-9999.0 -9999.0 -9999.0 -9999.0 -9999.0 -9999.0 -566.698959 -566.980267 -565.681669 -569.960914 -567.004430 -569.118338 -567.008308 -566.140672 -564.764374 -564.824769 -561.442125 -558.519089 -553.634097 -547.346156 -541.511172 -544.946923 -543.523329 -535.640487 -522.715781 -507.272214 -497.487035 -482.294142 -441.441073 -411.064305 -396.564944 -390.417324 -370.568660 -44.771216 27.230729 29.255592 27.671919 26.344895 27.622504 30.158900 30.121950 29.853943 30.277002 30.629218 33.037477 32.700567 29.815605 29.226554 29.166787 28.068440 -27.640574 -367.524655 -422.080537 -451.392077 -489.277817 -514.341396 -520.737941 -513.856873 -523.155086 -537.206207 -545.770688 -545.494455 -547.089233 -550.392824 -548.682291 -545.260606 -540.046711 -536.757697 -539.204918 -542.519496 -544.924865 -550.596572 -549.649961 -544.158777 -9999.0 -9999.0 -9999.0 -9999.0 -9999.0 -9999.0
-9999.0 -9999.0 -9999.0 -9999.0 -573.210704 -571.249411 -577.192789 -573.846551 -571.318432 -569.435653 -569.559695 -566.322735 -565.530357 -563.276863 -558.530815 -555.206431 -548.850633 -544.290881 -531.855940 -509.157901 -482.649710 -468.910627 -463.436634 -425.708401 -327.314024 -12.180513 25.737975 27.706353 29.711951 33.995830 35.762614 36.121863 38.193710 44.791017 48.714467 51.636242 49.898923 49.663395 49.791920 49.904848 53.008039 53.022130 53.820892 53.742902 55.593254 57.818976 50.830728 48.583963 48.105558 47.819325 45.808845 36.236511 32.493995 30.805204 29.188467 2.798099 -320.378868 -389.518079 -437.569533 -466.537476 -500.434089 -512.799813 -522.547339 -528.428826 -536.960158 -535.052291 -532.373383 -536.773159 -542.583099 -548.187452 -548.738142 -551.229623 -554.211519 -546.938696 -544.560306 -537.087809 -9999.0 -9999.0 -9999.0 -9999.0
-9999.0 -9999.0 -573.528190 -573.471484 -568.171164 -571.503225 -573.585782 -576.442428 -575.322444 -570.305674 -561.233324 -557.799980 -552.167894 -549.238482 -536.612755 -507.495323 -472.857409 -450.370675 -409.866962 -54.906560 25.867571 28.814591 29.254630 31.893508 37.238144 45.476392 47.569196 48.878592 50.203687 57.547637 81.362001 96.691794 100.023444 97.389678 94.432511 93.415457 91.214421 88.209810 72.133185 69.982038 76.524527 78.569030 81.879196 70.177473 66.425222 78.589598 80.848501 82.133210 84.233820 93.456798 102.622224 75.132656 49.356517 48.913175 49.211682 45.808452 37.565685 33.386731 32.347650 29.398080 -26.439387 -355.888270 -426.424159 -460.232400 -490.981637 -502.329761 -518.032039 -528.073414 -537.647509 -546.930747 -549.681163 -551.291144 -549.817641 -550.917643 -547.089305 -544.326618 -540.143830 -538.632438 -9999.0 -9999.0
-9999.0 -575.234197 -577.126143 -567.764052 -566.344925 -564.673890 -562.842115 -561.178118 -558.831442 -562.060506 -539.446607 -500.387189 -463.872496 -453.274021 -417.207158 -59.440182 27.450273 31.140322 33.986538 42.361284 47.106173 49.836298 51.375121 79.951684 102.563195 97.523351 95.217200 92.835250 84.874660 76.916097 67.429912 75.057751 75.007400 59.901627 50.863179 50.711675 50.524335 49.015528 47.443216 46.846978 47.302338 49.306316 48.337120 46.846478 46.533102 47.995706 49.215521 48.399912 47.289880 48.609617 51.233379 55.641455 71.717524 85.950383 104.440819 83.500205 52.310042 48.847933 48.320302 47.129933 43.232515 35.296987 30.378058 -3.732794 -319.109911 -431.800930 -470.607052 -496.208423 -518.049459 -526.953628 -532.520216 -545.115731 -548.233282 -545.179716 -546.880813 -547.071843 -545.413965 -544.144711 -9999.0 -9999.0
-9999.0 -584.677492 -575.931323 -566.091182 -554.315865 -553.704130 -519.435421 -486.474980 -478.549693 -493.848120 -434.944757 4.317830 32.674468 32.581402 38.074809 48.608768 66.841397 88.457152 100.750053 92.955132 85.839303 87.552624 82.603756 74.133445 60.392714 54.879998 54.451764 53.768966 50.503218 49.365844 47.981829 48.284442 47.667536 45.536283 42.449177 37.057398 35.333104 34.145815 31.927430 30.341039 29.354320 31.369361 30.493759 29.117960 28.702571 30.314577 32.944284 31.979342 32.602168 35.161721 42.191903 45.252508 46.130210 47.620757 49.792277 56.989522 74.650630 93.517369 99.435080 76.066559 51.217454 47.773478 46.736715 43.024016 35.242914 27.703920 -37.148984 -378.748553 -438.969757 -467.020992 -492.923907 -513.382669 -530.707015 -534.093067 -543.255026 -544.390112 -9999.0 -9999.0 -9999.0 -9999.0
-9999.0 -585.584656 -577.074878 -558.678134 -517.686763 -468.579075 -42.994973 30.067948 33.845810 38.399475 41.411988 90.838763 97.649506 82.215784 55.848632 51.955092 58.026918 59.929986 56.086218 50.745366 49.950194 49.706047 49.637410 49.155565 48.559721 47.837263 47.362665 47.304909 45.296252 42.727062 35.858100 34.479815 32.493854 24.575056 -42.889507 -358.242177 -420.874238 -425.087845 -434.146200 -452.785595 -461.603886 -467.983005 -459.245475 -461.792142 -462.756270 -457.641564 -445.368574 -437.298171 -408.091827 -358.644589 -30.841439 27.539476 30.353762 34.147678 41.520212 45.819839 47.034663 48.357230 51.352744 76.634056 95.795944 89.343977 61.783879 50.734218 46.654427 43.568053 41.256054 32.650842 27.478354 -26.130518 -339.193132 -427.591771 -474.129636 -508.539378 -519.947114 -9999.0 -9999.0 -9999.0 -9999.0 -9999.0
-9999.0 -599.278532 -577.427336 -562.358215 -493.815673 -53.486692 29.302092 46.354138 80.811731 46.057235 44.249679 45.690649 48.519383 48.508123 46.798371 46.978655 46.544461 46.435456 47.812848 44.859352 39.001566 36.853595 36.880557 35.902416 33.988100 32.927837 32.437779 31.620404 27.593887 -26.088205 -386.910002 -410.570413 -456.556737 -490.139048 -511.298517 -525.993737 -540.064224 -539.409969 -533.842710 -538.267189 -543.189279 -548.567912 -542.055031 -539.109593 -536.279347 -539.881039 -539.082543 -530.701011 -517.466558 -505.157569 -484.304123 -454.778116 -427.864708 -373.532989 -42.645382 26.490938 30.383896 33.797014 43.018711 48.570453 49.962931 52.631449 87.367638 105.089777 68.234700 49.975817 48.028517 46.097458 42.344465 39.472006 33.625276 25.762084 -216.967498 -9999.0 -9999.0 -9999.0 -9999.0 -9999.0 -9999.0 -9999.0
-9999.0 -606.407010 -582.934843 -579.925571 -553.321931 -501.802364 -431.583966 -69.893817 24.613110 25.616902 27.040003 28.622667 30.355451 32.091206 30.395056 27.941323 26.025557 26.571609 25.850505 -17.725355 -301.418701 -360.817283 -361.258233 -372.848447 -405.626678 -419.650371 -427.183673 -441.709068 -462.295505 -488.657554 -521.838436 -538.120234 -550.032573 -554.082149 -557.198967 -560.527304 -567.278496 -563.369206 -560.456359 -561.136286 -563.257340 -564.883272 -559.721626 -557.953280 -556.359536 -561.017037 -557.774835 -555.011463 -548.776670 -542.549998 -533.828867 -521.073433 -504.996957 -495.116608 -488.621738 -469.310804 -445.420762 -394.677512 -31.399888 31.501039 42.064901 45.268257 48.221687 50.352035 51.123075 62.307557 69.687270 50.200934 43.124514 44.510192 44.458236 -9999.0 -9999.0 -9999.0 -9999.0 -9999.0 -9999.0 -9999.0 -9999.0 -9999.0
-9999.0 -9999.0 -611.796862 -602.169324 -594.074068 -585.378936 -573.245152 -561.490263 -547.681103 -531.008106 -508.395772 -484.306338 -469.427725 -462.683612 -471.949784 -491.406133 -503.349389 -502.473979 -505.736674 -513.399157 -524.737785 -526.751340 -528.782426 -530.200053 -533.949599 -535.552794 -536.207902 -537.717884 -541.277966 -549.742232 -557.035016 -562.223327 -568.163613 -567.853001 -568.783881 -570.861797 -568.984136 -569.464176 -568.893555 -569.181619 -568.626548 -567.598450 -566.419269 -564.756824 -564.680688 -564.179915 -563.619068 -561.873543 -559.228610 -555.757202 -549.088082 -539.494936 -532.337348 -530.720791 -534.712197 -533.634466 -528.638638 -517.287955 -479.403909 -425.847009 -48.224467 27.492536 34.374459 42.889918 44.519923 45.501002 47.705376 46.098623 29.985045 40.163360 -9999.0 -9999.0 -9999.0 -9999.0 -9999.0 -9999.0 -9999.0 -9999.0 -9999.0 -9999.0
-9999.0 -9999.0 -9999.0 -9999.0 -616.408022 -602.486951 -589.906949 -591.186606 -581.933115 -576.196346 -570.933077 -564.790939 -559.770040 -556.598496 -560.396958 -561.022191 -561.738720 -561.183656 -562.043286 -562.988400 -563.325458 -563.916944 -564.599822 -565.511386 -565.064240 -564.106320 -563.841591 -565.414196 -565.418169 -568.309044 -568.559844 -570.290462 -571.983062 -574.009439 -573.555371 -573.722124 -572.798963 -573.796061 -572.308062 -573.164132 -572.018838 -571.512107 -570.148527 -567.909578 -568.724380 -567.442821 -567.395657 -565.757550 -565.130237 -560.760359 -553.778354 -545.863119 -540.581038 -540.864528 -547.714782 -550.561234 -552.332523 -548.060629 -540.987695 -525.835012 -489.914830 -450.409235 -396.861953 -39.836421 25.789241 30.615955 40.102235 43.294657 -9999.0 -9999.0 -9999.0 -9999.0 -9999.0 -9999.0 -9999.0 -9999.0 -9999.0 -9999.0 -9999.0 -9999.0
-9999.0 -9999.0 -9999.0 -9999.0 -9999.0 -9999.0 -610.125920 -603.048870 -605.250859 -599.637041 -594.597399 -590.729993 -585.101103 -585.631725 -583.873218 -579.534678 -580.080387 -582.133861 -584.739333 -580.928672 -579.193763 -578.832848 -583.009517 -581.820692 -581.341965 -579.760285 -579.923795 -579.221416 -582.723079 -578.446649 -576.374068 -577.130602 -577.855994 -577.035457 -577.913733 -575.287080 -574.974038 -577.076045 -577.722613 -574.692364 -573.825426 -574.258200 -573.690273 -571.651799 -568.692158 -568.239694 -569.567882 -571.436843 -568.480130 -561.681241 -554.184296 -547.706647 -543.539509 -542.114655 -547.830114 -555.741972 -559.777487 -560.411579 -557.230191 -551.211868 -536.835085 -527.112596 -519.983779 -512.923405 -498.448545 -446.369802 -9999.0 -9999.0 -9999.0 -9999.0 -9999.0 -9999.0 -9999.0 -9999.0 -9999.0 -9999.0 -9999.0 -9999.0 -9999.0 -9999.0
-9999.0 -9999.0 -9999.0 -9999.0 -9999.0 -9999.0 -9999.0 -9999.0 -9999.0 -9999.0 -9999.0 -9999.0 -9999.0 -9999.0 -9999.0 -9999.0 -9999.0 -9999.0 -9999.0 -9999.0 -9999.0 -9999.0 -9999.0 -9999.0 -9999.0 -9999.0 -9999.0 -9999.0 -9999.0 -9999.0 -9999.0 -9999.0 -9999.0 -9999.0 -9999.0 -9999.0 -9999.0 -9999.0 -9999.0 -9999.0 -9999.0 -9999.0 -9999.0 -9999.0 -9999.0 -9999.0 -9999.0 -9999.0 -9999.0 -9999.0 -9999.0 -9999.0 -9999.0 -9999.0 -9999.0 -9999.0 -9999.0 -9999.0 -9999.0 -9999.0 -9999.0 -9999.0 -9999.0 -9999.0 -9999.0 -9999.0 -9999.0 -9999.0 -9999.0 -9999.0 -9999.0 -9999.0 -9999.0 -9999.0 -9999.0 -9999.0 -9999.0 -9999.0 -9999.0 -9999.0
-9999.0 -9999.0 -9999.0 -9999.0 -9999.0 -9999.0 -9999.0 -9999.0 -9999.0 -9999.0 -9999.0 -9999.0 -9999.0 -9999.0 -9999.0 -9999.0 -9999.0 -9999.0 -9999.0 -9999.0 -9999.0 -9999.0 -9999.0 -9999.0 -9999.0 -9999.0 -9999.0 -9999.0 -9999.0 -9999.0 -9999.0 -9999.0 -9999.0 -9999.0 -9999.0 -9999.0 -9999.0 -9999.0 -9999.0 -9999.0 -9999.0 -9999.0 -9999.0 -9999.0 -9999.0 -9999.0 -9999.0 -9999.0 -9999.0 -9999.0 -9999.0 -9999.0 -9999.0 -9999.0 -9999.0 -9999.0 -9999.0 -9999.0 -9999.0 -9999.0 -9999.0 -9999.0 -9999.0 -9999.0 -9999.0 -9999.0 -9999.0 -9999.0 -9999.0 -9999.0 -9999.0 -9999.0 -9999.0 -9999.0 -9999.0 -9999.0 -9999.0 -9999.0 -9999.0 -9999.0