Borden_/Borden1m_014/output_maps/psiliqL0018N0032.asc
ncols         80
nrows         18
xllcorner     620200.000000
yllcorner     5168000.000000
cellsize      1.000000
NODATA_value  -9999.0
-9999.0 -9999.0 -9999.0 -9999.0 -9999.0 -9999.0 -9999.0 -9999.0 -9999.0 -9999.0 -9999.0 -9999.0 -9999.0 -9999.0 -9999.0 -9999.0 -9999.0 -9999.0 -9999.0 -9999.0 -9999.0 -9999.0 -9999.0 -9999.0 -9999.0 -9999.0 -9999.0 -9999.0 -9999.0 -9999.0 -9999.0 -9999.0 -9999.0 -9999.0 -9999.0 -9999.0 -9999.0 -9999.0 -9999.0 -9999.0 -9999.0 -9999.0 -9999.0 -9999.0 -9999.0 -9999.0 -9999.0 -9999.0 -9999.0 -9999.0 -9999.0 -9999.0 -9999.0 -9999.0 -9999.0 -9999.0 -9999.0 -9999.0 -9999.0 -9999.0 -9999.0 -9999.0 -9999.0 -9999.0 -9999.0 -9999.0 -9999.0 -9999.0 -9999.0 -9999.0 -9999.0 -9999.0 -9999.0 -9999.0 -9999.0 -9999.0 -9999.0 -9999.0 -9999.0 -9999.0
-9999.0 -9999.0 -9999.0 -9999.0 -9999.0 -9999.0 -9999.0 -9999.0 -9999.0 -9999.0 -9999.0 -9999.0 -9999.0 -9999.0 -9999.0 -9999.0 -9999.0 -9999.0 -9999.0 -9999.0 -9999.0 -9999.0 -9999.0 -9999.0 -9999.0 -9999.0 -9999.0 -9999.0 -9999.0 -9999.0 -9999.0 -9999.0 -9999.0 -9999.0 -9999.0 -9999.0 -9999.0 -9999.0 -9999.0 -9999.0 -9999.0 -9999.0 -9999.0 -9999.0 -9999.0 -9999.0 -9999.0 -9999.0 -9999.0 -9999.0 -9999.0 -9999.0 -9999.0 -9999.0 -9999.0 -9999.0 -9999.0 -9999.0 -9999.0 -9999.0 -9999.0 -9999.0 -9999.0 -9999.0 -9999.0 -9999.0 -9999.0 -9999.0 -9999.0 -9999.0 -9999.0 -9999.0 -9999.0 -9999.0 -9999.0 -9999.0 -9999.0 -9999.0 -9999.0 -9999.0
-9999.0 -9999.0 -9999.0 -9999.0 -9999.0 -9999.0 -9999.0 -9999.0 -9999.0 -9999.0 -9999.0 -9999.0 -9999.0 -9999.0 -9999.0 -9999.0 -9999.0 -9999.0 -9999.0 -9999.0 1753.936532 1756.637028 1735.838426 1703.475398 1677.106115 1681.016918 1716.965597 1760.005276 1800.687052 1811.834856 1795.501006 1800.175811 1797.152122 1796.043743 1798.869243 1807.115055 1813.339555 1825.139132 1834.391203 1834.868853 1829.887755 1826.078294 1827.918789 1830.656866 1835.909777 1822.833847 1835.966492 1849.565142 1852.369595 1845.560659 1817.075913 1800.155974 1788.826497 1770.639443 1793.268059 1802.631991 1823.154680 1825.259708 1821.618886 1793.338359 1762.408381 -9999.0 -9999.0 -9999.0 -9999.0 -9999.0 -9999.0 -9999.0 -9999.0 -9999.0 -9999.0 -9999.0 -9999.0 -9999.0 -9999.0 -9999.0 -9999.0 -9999.0 -9999.0 -9999.0
-9999.0 -9999.0 -9999.0 -9999.0 -9999.0 -9999.0 -9999.0 -9999.0 -9999.0 -9999.0 -9999.0 -9999.0 -9999.0 -9999.0 1659.604998 1651.349806 1650.072743 1659.751487 1694.478589 1725.844670 1738.052058 1731.756973 1733.229404 1710.966603 1691.478513 1707.007143 1738.765762 1772.160724 1808.500727 1829.919220 1820.793467 1820.299144 1830.604382 1855.240172 1867.460394 1865.468147 1847.605247 1872.650606 1889.029217 1897.833960 1898.561917 1891.108807 1903.284443 1918.452788 1911.016403 1893.519529 1899.188676 1910.161561 1919.502880 1905.150401 1840.760925 1821.234420 1814.443946 1805.875494 1789.547313 1781.621505 1805.622832 1803.160252 1793.135623 1773.652710 1739.414214 1694.126112 1674.012140 1711.561503 1753.575928 1809.027143 -9999.0 -9999.0 -9999.0 -9999.0 -9999.0 -9999.0 -9999.0 -9999.0 -9999.0 -9999.0 -9999.0 -9999.0 -9999.0 -9999.0
-9999.0 -9999.0 -9999.0 -9999.0 -9999.0 -9999.0 -9999.0 -9999.0 -9999.0 1597.489266 1603.511030 1612.221591 1616.357018 1633.479478 1631.902556 1640.559079 1648.475718 1677.472811 1709.816921 1746.027367 1775.638466 1768.467689 1770.263642 1780.192300 1782.668653 1795.484359 1819.174057 1861.126873 1900.282179 1941.590805 1913.715551 1912.564552 1932.659539 1978.692968 2008.888091 2014.786928 1997.562948 2010.282568 2036.445374 2058.292063 2058.901315 2056.962032 2082.582435 2096.849926 2094.879930 2073.293314 2063.207088 2063.794869 2087.807269 2034.512948 1966.324212 1917.649105 1922.845683 1893.346605 1857.006490 1837.122940 1832.874763 1850.795714 1834.341021 1795.776487 1758.416854 1745.163123 1725.780394 1741.917363 1762.226244 1806.262505 1843.367883 1870.041832 1867.557057 1848.793194 -9999.0 -9999.0 -9999.0 -9999.0 -9999.0 -9999.0 -9999.0 -9999.0 -9999.0 -9999.0
-9999.0 -9999.0 -9999.0 -9999.0 -9999.0 -9999.0 1516.291898 1527.261051 1549.188907 1554.546336 1581.950036 1590.571564 1612.781336 1633.582162 1657.338786 1674.912314 1705.703332 1739.985286 1781.446113 1825.049215 1858.240536 1853.460604 1864.904737 1893.704447 1930.638396 1958.518021 1985.300314 2027.158244 2104.302749 2146.801046 2151.484709 2156.771010 2167.236752 2217.042177 2281.082788 2294.524956 2275.078287 2262.328241 2285.156205 2323.512520 2328.910047 2331.290126 2344.378908 2354.624194 2380.012349 2368.603952 2327.615102 2314.044981 2312.853965 2292.443919 2227.052557 2163.631634 2132.094580 2080.747315 1996.237033 1943.106211 1952.424762 1970.782553 1941.147070 1885.904977 1844.538839 1832.516341 1815.711279 1801.483675 1806.752271 1824.016517 1843.715605 1852.715411 1837.369528 1814.132275 1789.871014 1759.792359 1760.688041 1785.020351 -9999.0 -9999.0 -9999.0 -9999.0 -9999.0 -9999.0
-9999.0 -9999.0 -9999.0 -9999.0 1464.562701 1478.581311 1467.017874 1494.218496 1528.688493 1564.822375 1597.645525 1635.498215 1664.302050 1696.329660 1737.226137 1770.569825 1812.274258 1848.779185 1903.930335 1972.701503 2024.587577 2048.009081 2063.950445 2122.076380 2183.536587 2236.188721 2258.698444 2288.057500 2335.056472 2396.197411 2423.696666 2430.435736 2448.417914 2486.328137 2536.362349 2571.311307 2555.184743 2547.837233 2556.132517 2569.967570 2594.783712 2597.263871 2599.866818 2602.982156 2607.891593 2605.468154 2578.778079 2543.532912 2526.992560 2515.766525 2482.280628 2410.945634 2372.016664 2339.950293 2301.107663 2246.408890 2185.330916 2172.343997 2113.688572 2054.182038 1992.549445 1971.540044 1940.560779 1914.327983 1885.040784 1885.671599 1887.162307 1864.148596 1828.915380 1794.474378 1777.734209 1757.545327 1745.069974 1774.312029 1790.994594 1820.386470 -9999.0 -9999.0 -9999.0 -9999.0
-9999.0 -9999.0 1403.151357 1451.662714 1510.085024 1519.869286 1520.307973 1527.786939 1558.430655 1612.679446 1687.177430 1736.391327 1777.826115 1814.122607 1874.729869 1951.567365 2022.809877 2072.284691 2134.808685 2207.187462 2270.932469 2304.607337 2321.986708 2363.092388 2418.837896 2483.997406 2512.559250 2540.526016 2574.952502 2611.194557 2617.897820 2631.408621 2640.995350 2646.664142 2654.868278 2658.038850 2653.114766 2647.572352 2628.993253 2625.173762 2632.804247 2639.858690 2640.969115 2627.332494 2623.188045 2636.615286 2640.439215 2638.247494 2636.099281 2642.173822 2642.915896 2600.620024 2568.241256 2551.326214 2537.659465 2490.987072 2424.199262 2383.487609 2359.136108 2313.261563 2234.230644 2183.849737 2133.398763 2085.553607 2033.024968 2002.671875 1955.178687 1910.730365 1861.979298 1813.742513 1788.709221 1769.833475 1766.405148 1765.087478 1780.485300 1794.863845 1809.510338 1816.916899 -9999.0 -9999.0
-9999.0 1297.374264 1369.874224 1495.761729 1576.846599 1621.434359 1649.001153 1669.292906 1700.550335 1732.275156 1834.594529 1914.771062 2006.309033 2047.138748 2098.096293 2196.159122 2292.954072 2341.930251 2383.073894 2443.532015 2507.190091 2557.815638 2587.970641 2591.464880 2628.173140 2647.006129 2652.115968 2657.076429 2655.231858 2647.762509 2639.800031 2645.765012 2641.347455 2621.414175 2604.392942 2600.574441 2594.379047 2568.949742 2538.727889 2522.992865 2524.959371 2549.569247 2536.491396 2515.507640 2511.650838 2533.272851 2554.341027 2545.525156 2533.399142 2552.604585 2588.316045 2612.126712 2620.351017 2637.764169 2658.384144 2631.420790 2604.369377 2560.809736 2539.103459 2508.575562 2448.332755 2386.536464 2330.306811 2268.296987 2201.340128 2134.173726 2069.966067 2006.528376 1939.243139 1896.852780 1865.177784 1815.564249 1795.510018 1797.096632 1787.862843 1784.042628 1789.008202 1794.829466 -9999.0 -9999.0
-9999.0 1212.120581 1353.940422 1537.428982 1686.039053 1741.909325 1834.438199 1909.959611 1937.820315 1905.868025 2014.675199 2235.367027 2347.691650 2369.079576 2444.761380 2538.720165 2550.060334 2584.446338 2608.737550 2624.871631 2638.124958 2650.831003 2650.661929 2646.382970 2631.991388 2624.201814 2622.412759 2618.828472 2600.153638 2579.650016 2560.753287 2555.036819 2533.565923 2485.960372 2451.106014 2432.051182 2413.496889 2394.093387 2362.239272 2334.722805 2318.165999 2332.218925 2327.427434 2311.125426 2307.403088 2329.390801 2361.322466 2359.040887 2370.044407 2392.535066 2432.766149 2473.761999 2497.609036 2529.407513 2568.304434 2614.891120 2629.330418 2651.499541 2655.107823 2637.681444 2591.092874 2535.349160 2498.638255 2433.395485 2358.939101 2278.060104 2210.831955 2146.180649 2075.257902 2029.100124 1982.960356 1926.469336 1875.199071 1855.609523 1816.484637 1797.317918 -9999.0 -9999.0 -9999.0 -9999.0
-9999.0 1126.111374 1311.870744 1565.085979 1848.003831 1949.329288 2155.074728 2283.093455 2338.941400 2410.745240 2363.645602 2532.393264 2579.554933 2578.533043 2584.943301 2591.370356 2608.669898 2612.706082 2610.029766 2600.703382 2592.264373 2588.688680 2587.749378 2580.263413 2567.594444 2551.754784 2536.253735 2521.687310 2481.990532 2446.910836 2407.869931 2391.592017 2349.358509 2255.292384 2211.764901 2173.352915 2114.201154 2109.219647 2106.021465 2077.876545 2058.158728 2034.896508 2058.978834 2065.879577 2069.182474 2070.396834 2085.755136 2112.406222 2159.333870 2196.964704 2241.879033 2295.257306 2331.965062 2376.538826 2422.690554 2479.542657 2514.298487 2546.819536 2596.960279 2636.269321 2659.330167 2645.832223 2617.956913 2567.117701 2491.107328 2421.231494 2367.480647 2290.074598 2223.993365 2170.994080 2125.350410 2075.981437 2013.338178 1941.678506 1901.400943 -9999.0 -9999.0 -9999.0 -9999.0 -9999.0
-9999.0 933.433543 1200.090598 1481.817763 1784.898768 2118.402622 2265.823914 2387.104023 2460.036671 2435.242006 2450.196211 2470.059525 2515.063401 2526.095385 2507.639496 2498.925253 2487.012701 2487.578950 2500.973419 2474.679035 2445.102413 2431.575377 2431.108982 2419.177579 2395.130717 2377.821661 2365.472803 2343.515762 2293.984879 2241.079516 2156.931922 2123.624618 2045.349711 1993.343276 1950.024066 1899.991567 1849.786781 1849.424310 1867.961175 1854.276676 1832.212688 1813.992549 1841.398940 1860.573931 1873.541323 1861.331818 1870.442680 1906.715269 1956.627784 2001.406838 2051.614468 2106.861805 2153.814387 2201.375853 2232.924531 2282.851889 2332.582078 2380.493482 2455.020840 2535.440788 2574.640387 2609.544790 2639.355811 2652.120469 2595.293406 2541.309664 2482.726851 2415.475658 2334.585819 2285.893728 2259.916331 2219.436282 2165.600233 -9999.0 -9999.0 -9999.0 -9999.0 -9999.0 -9999.0 -9999.0
-9999.0 811.328076 1022.637981 1241.165530 1515.890704 1752.544857 1956.899678 2062.392689 2142.068307 2190.936462 2234.061770 2271.994505 2304.441504 2329.278697 2309.886710 2269.553650 2240.707186 2245.399936 2239.921601 2216.688020 2187.347875 2172.476439 2169.340343 2162.359794 2138.197125 2123.943188 2112.936375 2089.575934 2056.948210 2000.719633 1922.160866 1848.146968 1788.247106 1758.808362 1730.037203 1698.043792 1664.165723 1674.348477 1686.218329 1683.369942 1673.747851 1671.543448 1700.613405 1719.938984 1730.196215 1719.308933 1738.896795 1765.488503 1807.035443 1850.814233 1900.525383 1956.111334 2010.389047 2039.548776 2052.890376 2077.325419 2116.437264 2170.196191 2256.091383 2351.273186 2430.335621 2479.117067 2529.508827 2562.390192 2572.898315 2576.229019 2545.587634 2462.697778 2360.219236 2340.837260 2337.510593 -9999.0 -9999.0 -9999.0 -9999.0 -9999.0 -9999.0 -9999.0 -9999.0 -9999.0
-9999.0 -9999.0 791.629043 962.179753 1089.197601 1264.650641 1413.488517 1523.903133 1617.463664 1739.802720 1850.767323 1938.603965 1984.657058 2003.107482 1990.306101 1959.489800 1939.711215 1939.700049 1929.058568 1919.113628 1900.090502 1892.253609 1880.264962 1871.673452 1862.495276 1857.386679 1851.840720 1840.255766 1818.424371 1771.869186 1725.127843 1674.643436 1622.219937 1596.831454 1575.072581 1553.996814 1553.397706 1548.795999 1554.012350 1555.646169 1563.036557 1575.935420 1595.871263 1618.157772 1628.136613 1637.636488 1650.272112 1674.182997 1707.426445 1750.241237 1804.864730 1863.506873 1904.209779 1917.626713 1908.330465 1913.370116 1933.165494 1975.029112 2054.086170 2136.833441 2232.374361 2303.248470 2373.633202 2423.817854 2437.029132 2447.884492 2456.968744 2404.824143 2273.272964 2293.539517 -9999.0 -9999.0 -9999.0 -9999.0 -9999.0 -9999.0 -9999.0 -9999.0 -9999.0 -9999.0
-9999.0 -9999.0 -9999.0 -9999.0 822.016953 975.140495 1072.733611 1155.712683 1286.261116 1409.304199 1511.277376 1595.884391 1659.825028 1686.957240 1684.439739 1692.531715 1688.932259 1682.255529 1672.231619 1672.157367 1671.921966 1664.424067 1649.420240 1641.948445 1643.019881 1647.999038 1645.010489 1630.892132 1612.417941 1590.908040 1571.448056 1537.343329 1501.725517 1472.463585 1459.148729 1453.642150 1453.203719 1445.890316 1454.358503 1461.891369 1477.173161 1492.343823 1516.044743 1545.205958 1559.285299 1574.270458 1584.128669 1604.707846 1635.418818 1689.212918 1753.215136 1811.833898 1848.741349 1853.975749 1830.275832 1815.404705 1812.031770 1840.105395 1884.488475 1950.618141 2051.491392 2123.733267 2178.624692 2220.681601 2250.134519 2291.693360 2335.674379 2365.522277 -9999.0 -9999.0 -9999.0 -9999.0 -9999.0 -9999.0 -9999.0 -9999.0 -9999.0 -9999.0 -9999.0 -9999.0
-9999.0 -9999.0 -9999.0 -9999.0 -9999.0 -9999.0 785.355453 887.892645 966.026447 1107.297714 1240.564856 1343.194240 1424.341329 1457.222283 1485.268947 1512.903732 1511.661824 1493.045540 1473.483924 1492.581852 1507.119824 1500.957396 1470.412935 1470.123265 1475.042077 1482.873115 1480.232464 1473.495857 1448.081364 1460.025429 1460.931838 1437.432270 1411.236221 1397.326940 1385.290678 1394.733706 1394.757708 1380.871581 1381.045835 1407.950151 1428.295350 1441.359400 1463.025181 1496.266562 1528.744358 1544.218630 1545.767523 1551.973121 1591.833503 1662.313502 1734.585988 1790.794230 1824.125364 1832.984018 1806.757181 1767.472168 1747.839956 1755.490038 1790.534881 1842.877507 1918.116856 1966.281806 1989.955580 2000.599115 2015.955003 2104.902474 -9999.0 -9999.0 -9999.0 -9999.0 -9999.0 -9999.0 -9999.0 -9999.0 -9999.0 -9999.0 -9999.0 -9999.0 -9999.0 -9999.0
-9999.0 -9999.0 -9999.0 -9999.0 -9999.0 -9999.0 -9999.0 -9999.0 -9999.0 -9999.0 -9999.0 -9999.0 -9999.0 -9999.0 -9999.0 -9999.0 -9999.0 -9999.0 -9999.0 -9999.0 -9999.0 -9999.0 -9999.0 -9999.0 -9999.0 -9999.0 -9999.0 -9999.0 -9999.0 -9999.0 -9999.0 -9999.0 -9999.0 -9999.0 -9999.0 -9999.0 -9999.0 -9999.0 -9999.0 -9999.0 -9999.0 -9999.0 -9999.0 -9999.0 -9999.0 -9999.0 -9999.0 -9999.0 -9999.0 -9999.0 -9999.0 -9999.0 -9999.0 -9999.0 -9999.0 -9999.0 -9999.0 -9999.0 -9999.0 -9999.0 -9999.0 -9999.0 -9999.0 -9999.0 -9999.0 -9999.0 -9999.0 -9999.0 -9999.0 -9999.0 -9999.0 -9999.0 -9999.0 -9999.0 -9999.0 -9999.0 -9999.0 -9999.0 -9999.0 -9999.0
-9999.0 -9999.0 -9999.0 -9999.0 -9999.0 -9999.0 -9999.0 -9999.0 -9999.0 -9999.0 -9999.0 -9999.0 -9999.0 -9999.0 -9999.0 -9999.0 -9999.0 -9999.0 -9999.0 -9999.0 -9999.0 -9999.0 -9999.0 -9999.0 -9999.0 -9999.0 -9999.0 -9999.0 -9999.0 -9999.0 -9999.0 -9999.0 -9999.0 -9999.0 -9999.0 -9999.0 -9999.0 -9999.0 -9999.0 -9999.0 -9999.0 -9999.0 -9999.0 -9999.0 -9999.0 -9999.0 -9999.0 -9999.0 -9999.0 -9999.0 -9999.0 -9999.0 -9999.0 -9999.0 -9999.0 -9999.0 -9999.0 -9999.0 -9999.0 -9999.0 -9999.0 -9999.0 -9999.0 -9999.0 -9999.0 -9999.0 -9999.0 -9999.0 -9999.0 -9999.0 -9999.0 -9999.0 -9999.0 -9999.0 -9999.0 -9999.0 -9999.0 -9999.0 -9999.0 -9999.0