Borden_/Borden1m_014/output_maps/psiliqL0008N0006.asc
ncols         80
nrows         18
xllcorner     620200.000000
yllcorner     5168000.000000
cellsize      1.000000
NODATA_value  -9999.0
-9999.0 -9999.0 -9999.0 -9999.0 -9999.0 -9999.0 -9999.0 -9999.0 -9999.0 -9999.0 -9999.0 -9999.0 -9999.0 -9999.0 -9999.0 -9999.0 -9999.0 -9999.0 -9999.0 -9999.0 -9999.0 -9999.0 -9999.0 -9999.0 -9999.0 -9999.0 -9999.0 -9999.0 -9999.0 -9999.0 -9999.0 -9999.0 -9999.0 -9999.0 -9999.0 -9999.0 -9999.0 -9999.0 -9999.0 -9999.0 -9999.0 -9999.0 -9999.0 -9999.0 -9999.0 -9999.0 -9999.0 -9999.0 -9999.0 -9999.0 -9999.0 -9999.0 -9999.0 -9999.0 -9999.0 -9999.0 -9999.0 -9999.0 -9999.0 -9999.0 -9999.0 -9999.0 -9999.0 -9999.0 -9999.0 -9999.0 -9999.0 -9999.0 -9999.0 -9999.0 -9999.0 -9999.0 -9999.0 -9999.0 -9999.0 -9999.0 -9999.0 -9999.0 -9999.0 -9999.0
-9999.0 -9999.0 -9999.0 -9999.0 -9999.0 -9999.0 -9999.0 -9999.0 -9999.0 -9999.0 -9999.0 -9999.0 -9999.0 -9999.0 -9999.0 -9999.0 -9999.0 -9999.0 -9999.0 -9999.0 -9999.0 -9999.0 -9999.0 -9999.0 -9999.0 -9999.0 -9999.0 -9999.0 -9999.0 -9999.0 -9999.0 -9999.0 -9999.0 -9999.0 -9999.0 -9999.0 -9999.0 -9999.0 -9999.0 -9999.0 -9999.0 -9999.0 -9999.0 -9999.0 -9999.0 -9999.0 -9999.0 -9999.0 -9999.0 -9999.0 -9999.0 -9999.0 -9999.0 -9999.0 -9999.0 -9999.0 -9999.0 -9999.0 -9999.0 -9999.0 -9999.0 -9999.0 -9999.0 -9999.0 -9999.0 -9999.0 -9999.0 -9999.0 -9999.0 -9999.0 -9999.0 -9999.0 -9999.0 -9999.0 -9999.0 -9999.0 -9999.0 -9999.0 -9999.0 -9999.0
-9999.0 -9999.0 -9999.0 -9999.0 -9999.0 -9999.0 -9999.0 -9999.0 -9999.0 -9999.0 -9999.0 -9999.0 -9999.0 -9999.0 -9999.0 -9999.0 -9999.0 -9999.0 -9999.0 -9999.0 -272.846171 -269.924800 -292.963029 -327.333515 -356.076189 -354.613548 -320.068657 -279.229937 -241.560455 -231.311523 -249.691781 -248.529599 -253.974736 -254.455296 -251.688483 -245.824111 -243.195736 -231.635042 -223.038600 -223.131892 -229.230005 -234.933844 -236.166769 -232.567225 -227.477900 -236.466340 -222.846198 -207.497470 -201.235332 -206.289399 -233.424918 -248.998357 -256.800094 -270.973868 -245.878188 -232.880817 -209.467594 -204.801837 -205.695635 -232.493592 -262.477300 -9999.0 -9999.0 -9999.0 -9999.0 -9999.0 -9999.0 -9999.0 -9999.0 -9999.0 -9999.0 -9999.0 -9999.0 -9999.0 -9999.0 -9999.0 -9999.0 -9999.0 -9999.0 -9999.0
-9999.0 -9999.0 -9999.0 -9999.0 -9999.0 -9999.0 -9999.0 -9999.0 -9999.0 -9999.0 -9999.0 -9999.0 -9999.0 -9999.0 -362.159501 -372.607559 -376.063332 -368.061450 -334.817658 -305.227798 -292.710920 -300.668945 -301.120884 -325.239292 -345.994393 -332.426368 -303.538398 -272.439391 -238.459560 -218.229748 -231.233905 -234.283631 -224.084572 -196.828584 -182.307360 -184.946506 -206.454511 -183.692385 -166.901137 -156.347597 -156.699994 -165.113186 -150.460478 -134.089549 -140.856336 -158.521184 -155.163381 -143.911284 -130.228485 -145.824924 -210.816468 -231.483058 -233.955975 -239.915574 -252.752477 -258.923525 -233.497026 -232.046084 -239.801942 -257.324588 -289.300724 -333.220513 -350.603272 -311.639860 -266.621455 -208.183766 -9999.0 -9999.0 -9999.0 -9999.0 -9999.0 -9999.0 -9999.0 -9999.0 -9999.0 -9999.0 -9999.0 -9999.0 -9999.0 -9999.0
-9999.0 -9999.0 -9999.0 -9999.0 -9999.0 -9999.0 -9999.0 -9999.0 -9999.0 -417.767689 -414.500765 -407.880024 -406.630642 -391.549594 -393.643089 -387.270832 -380.004461 -354.695107 -324.345081 -289.746711 -261.200677 -271.801377 -272.029095 -260.343336 -254.055160 -241.621090 -221.108578 -180.705432 -138.514903 -96.751560 -125.643633 -128.050530 -108.626086 -57.331585 -15.039547 -1.011895 -23.919267 -21.277018 8.711504 43.847982 46.853065 46.099962 70.414245 83.563247 88.918922 70.428748 53.320917 49.419478 69.484114 9.376069 -60.472688 -116.417905 -114.641791 -145.494952 -186.686368 -209.712915 -212.683068 -190.125113 -204.793911 -241.874471 -278.161675 -287.099451 -303.126870 -286.091518 -262.670240 -214.954744 -176.010460 -146.844387 -146.011035 -162.891167 -9999.0 -9999.0 -9999.0 -9999.0 -9999.0 -9999.0 -9999.0 -9999.0 -9999.0 -9999.0
-9999.0 -9999.0 -9999.0 -9999.0 -9999.0 -9999.0 -495.447362 -487.080314 -467.945089 -462.849887 -439.250277 -432.422710 -412.725868 -394.203539 -374.567622 -358.505135 -328.478262 -296.666673 -255.567113 -211.901461 -179.811237 -183.975757 -173.843740 -140.186243 -96.604520 -63.126033 -37.324820 5.871330 90.881973 136.032823 148.396751 153.436928 164.453594 224.434663 337.782240 411.516614 335.214907 298.473982 349.676051 466.971804 490.531930 493.716308 498.995100 503.475026 522.205472 518.103684 492.105905 478.376500 450.105879 354.087513 246.351582 166.561830 126.485049 78.750459 -5.792721 -76.136201 -80.250730 -64.749645 -95.497539 -149.264130 -192.265672 -202.685002 -216.821829 -230.374325 -224.138058 -203.842219 -179.627586 -167.368381 -178.924385 -198.724950 -221.194337 -249.424838 -247.294751 -221.537502 -9999.0 -9999.0 -9999.0 -9999.0 -9999.0 -9999.0
-9999.0 -9999.0 -9999.0 -9999.0 -544.511242 -532.624158 -544.679521 -521.902671 -490.851210 -458.690258 -427.433860 -391.319838 -365.429296 -336.759999 -295.779502 -258.271650 -214.762050 -180.206047 -125.374252 -54.914334 1.338790 38.015970 57.055839 117.640680 182.664457 246.929468 281.574024 348.118223 461.369392 520.602219 538.768663 541.183152 551.896089 575.041586 613.548441 645.732183 624.729674 617.989435 630.278037 654.496973 677.260030 678.326598 679.033078 678.881140 679.945250 681.656364 669.356092 647.024975 632.115199 610.010708 583.569243 535.688177 512.128001 493.859869 451.555107 299.254397 190.236524 163.414985 106.642227 47.645615 -30.377903 -59.266614 -92.413178 -118.838473 -148.818938 -147.105073 -142.988308 -161.429416 -190.744439 -221.609989 -235.687247 -253.597622 -263.098411 -232.686243 -214.555353 -183.233731 -9999.0 -9999.0 -9999.0 -9999.0
-9999.0 -9999.0 -601.632288 -552.180966 -497.219386 -489.554851 -488.341417 -484.552281 -459.008712 -409.919642 -332.739447 -280.543539 -235.611835 -205.650500 -146.454770 -60.250496 24.053015 75.365845 134.133372 209.932494 306.741683 441.146104 478.692507 504.276468 537.366877 576.821670 594.949097 619.889196 652.680409 674.678157 688.725205 701.116243 705.235626 701.990582 702.825667 703.059964 701.162763 700.168488 689.627563 692.943043 701.128898 703.633223 706.395981 693.965464 689.519161 701.117762 704.677243 706.460123 706.793856 710.311038 715.211460 686.876672 656.175260 649.963628 641.596727 593.373279 545.055436 518.100348 505.183119 450.258404 261.790484 180.373254 118.542507 56.022520 0.115897 -33.043439 -78.262244 -117.175140 -160.415395 -203.891038 -225.945201 -243.259738 -244.481580 -242.974409 -226.219642 -210.017809 -194.169867 -186.132746 -9999.0 -9999.0
-9999.0 -699.777506 -627.581837 -500.899738 -423.462486 -380.317176 -342.104762 -314.541049 -290.979380 -276.525867 -167.899349 -54.727476 38.073789 67.772767 119.132175 235.843147 430.326653 490.640557 516.670431 552.041750 597.043526 645.252011 667.177706 684.151628 707.806488 707.216535 705.568852 706.998057 702.338421 695.347187 686.832493 692.012993 689.487196 675.321565 665.477264 666.154326 666.293771 655.123272 642.058549 637.329876 641.482745 656.800245 647.984919 632.030955 626.357755 642.927721 655.607244 649.788105 639.950718 648.586701 667.754456 678.931071 692.920643 707.169745 724.293162 698.784925 676.168678 653.235484 644.456003 622.750977 567.293657 519.004148 455.011917 289.592632 191.715472 105.368714 42.169657 -13.727706 -76.391063 -113.795915 -143.144244 -193.523901 -215.251655 -212.244520 -220.443118 -222.202686 -215.018214 -208.325121 -9999.0 -9999.0
-9999.0 -770.773214 -627.906161 -443.400066 -298.797966 -239.414129 -122.435266 -30.373155 -2.910593 -25.566286 88.909676 415.744837 508.982352 515.792504 559.886499 616.933578 655.685047 683.635165 699.995577 697.012689 695.937863 702.846291 699.996251 692.909457 683.477995 679.874788 680.980948 680.629297 669.117636 657.269651 646.673486 645.081044 629.552949 582.692346 554.290817 543.919547 538.957467 530.257889 511.936257 498.119869 490.309106 504.384036 495.327221 477.111692 462.464078 490.192351 516.778084 511.121895 512.825496 524.399453 549.333903 578.948706 610.318906 633.963634 655.164387 680.410056 694.711089 716.095986 720.873873 698.896203 670.341913 639.180191 616.959923 558.334793 486.244513 321.210949 228.161221 162.005184 87.293249 36.361788 -13.182479 -72.135429 -128.402980 -152.616332 -190.256010 -210.229025 -9999.0 -9999.0 -9999.0 -9999.0
-9999.0 -835.624748 -644.701878 -380.794835 -125.712123 0.162025 225.931161 447.519637 505.814418 552.233951 568.401949 671.307553 693.353649 682.413734 666.787989 661.111847 668.652773 670.231406 667.327053 662.677670 660.214148 660.840000 661.887729 659.130918 654.454869 647.560546 640.601522 630.485067 590.130208 560.237188 535.147650 523.885207 479.427120 288.150692 213.868291 175.721644 123.677201 118.389752 109.013920 80.607020 62.702509 47.643026 64.031620 60.519087 58.516124 69.453182 91.011711 109.001780 148.690949 183.716811 233.787382 314.451303 448.342504 506.096772 540.782971 582.920793 620.587615 644.201513 671.905964 697.426654 717.847621 711.132128 688.374895 662.548786 617.935275 564.348313 532.404268 473.454940 347.422910 241.320970 170.535764 91.747579 18.907094 -64.312261 -103.469634 -9999.0 -9999.0 -9999.0 -9999.0 -9999.0
-9999.0 -988.475994 -721.329345 -426.701169 -97.342170 245.997611 407.079305 548.705494 605.376552 567.144215 569.039382 604.387761 638.418590 641.387273 621.371294 597.490341 579.508477 576.046116 586.051071 568.324980 550.770890 544.770350 547.345859 541.709078 528.877114 519.725825 510.836111 481.084177 346.299861 251.634446 158.705024 133.417113 58.848174 -16.710453 -65.994720 -113.892831 -164.228423 -165.258187 -149.238110 -165.393960 -187.375601 -206.287241 -181.228454 -166.629514 -156.176279 -165.627698 -156.970184 -123.280179 -76.222907 -35.701011 11.483916 66.147440 120.253649 176.322454 218.700122 302.373899 452.792716 511.077431 567.256118 634.195427 657.004883 678.392871 707.922568 726.045893 689.073853 660.310205 637.727706 608.893361 550.530864 512.025973 464.641594 295.824077 179.771127 -9999.0 -9999.0 -9999.0 -9999.0 -9999.0 -9999.0 -9999.0
-9999.0 -1122.854894 -890.280834 -642.148283 -345.916632 -115.749114 52.040291 162.949259 254.340439 265.369802 309.897430 435.718342 483.605683 499.853272 462.488354 334.319440 265.857280 262.734279 259.057862 225.690594 191.266262 175.267929 175.135379 168.766641 143.580374 128.491827 117.112084 91.084187 44.630889 -13.645346 -95.408930 -161.537205 -221.790841 -257.555956 -287.782320 -320.599848 -359.036304 -347.881307 -332.837432 -337.399169 -349.860946 -354.502337 -324.953798 -306.809619 -296.963462 -310.679284 -292.606587 -266.103881 -225.088268 -185.159447 -139.910979 -88.502421 -37.701948 -8.624396 7.106967 39.345600 91.950525 155.681458 269.722639 465.664490 543.046320 583.439926 633.018369 658.797188 670.894882 696.802994 691.555914 643.154955 575.045825 589.524717 587.860629 -9999.0 -9999.0 -9999.0 -9999.0 -9999.0 -9999.0 -9999.0 -9999.0 -9999.0
-9999.0 -9999.0 -1127.245526 -935.984468 -775.272190 -592.735253 -449.404743 -350.206178 -280.451440 -192.653489 -102.035010 -20.946661 24.099217 40.266623 18.706442 -32.214617 -63.133766 -64.145502 -73.375371 -87.546776 -111.417504 -119.894589 -128.338339 -135.248625 -147.823163 -154.638459 -159.616333 -170.539874 -193.313991 -239.778919 -292.508857 -344.125022 -397.624467 -421.699298 -442.885666 -464.986659 -468.263421 -469.535467 -462.443936 -461.193787 -456.016680 -444.504707 -423.924151 -402.970986 -393.898834 -387.368360 -375.299017 -352.344489 -320.025963 -280.088669 -229.033349 -175.273459 -139.198756 -128.981970 -139.628883 -134.513101 -112.741956 -68.676651 18.788447 116.614274 220.682003 331.667146 491.284907 548.062824 570.125697 608.337978 637.240610 602.442020 388.121315 545.372449 -9999.0 -9999.0 -9999.0 -9999.0 -9999.0 -9999.0 -9999.0 -9999.0 -9999.0 -9999.0
-9999.0 -9999.0 -9999.0 -9999.0 -1078.951098 -922.103833 -829.811366 -749.528994 -632.907174 -529.280215 -441.494931 -368.808382 -318.105090 -295.277465 -307.876091 -314.672591 -323.291917 -326.643140 -334.900625 -340.388223 -345.845437 -353.173637 -363.733156 -370.892576 -371.360577 -367.641235 -369.211513 -381.613974 -396.512972 -423.126782 -446.504643 -480.836995 -517.092726 -545.499027 -557.982535 -564.652329 -564.099395 -569.229092 -559.552262 -553.321493 -538.591473 -523.261125 -499.435513 -471.495449 -459.309423 -445.477275 -436.116912 -415.776994 -386.635426 -335.041644 -273.948954 -219.474884 -187.554769 -185.876271 -213.925148 -231.739183 -236.921336 -210.905319 -166.014683 -98.333840 1.792701 77.425725 154.188269 217.673328 287.602749 455.316117 561.788201 597.210454 -9999.0 -9999.0 -9999.0 -9999.0 -9999.0 -9999.0 -9999.0 -9999.0 -9999.0 -9999.0 -9999.0 -9999.0
-9999.0 -9999.0 -9999.0 -9999.0 -9999.0 -9999.0 -1136.082245 -1042.198716 -954.851279 -836.643601 -727.845474 -639.595746 -568.419183 -545.337135 -529.417019 -507.995809 -512.750886 -529.152940 -544.991713 -528.754584 -519.538343 -523.942015 -550.414944 -551.676797 -548.142254 -538.576545 -539.343698 -544.901308 -568.886844 -560.752258 -561.937293 -584.246194 -609.629608 -623.599919 -634.748679 -624.585162 -623.518819 -635.687267 -632.985051 -607.143895 -587.642595 -574.269573 -551.869655 -519.054257 -487.466538 -473.602877 -472.982523 -467.169776 -426.243481 -357.128097 -288.204089 -236.243043 -207.176088 -201.570901 -231.973818 -275.322447 -299.539691 -295.703077 -263.984912 -213.678335 -140.942228 -94.436890 -63.417795 -39.945419 -7.256228 100.638589 -9999.0 -9999.0 -9999.0 -9999.0 -9999.0 -9999.0 -9999.0 -9999.0 -9999.0 -9999.0 -9999.0 -9999.0 -9999.0 -9999.0
-9999.0 -9999.0 -9999.0 -9999.0 -9999.0 -9999.0 -9999.0 -9999.0 -9999.0 -9999.0 -9999.0 -9999.0 -9999.0 -9999.0 -9999.0 -9999.0 -9999.0 -9999.0 -9999.0 -9999.0 -9999.0 -9999.0 -9999.0 -9999.0 -9999.0 -9999.0 -9999.0 -9999.0 -9999.0 -9999.0 -9999.0 -9999.0 -9999.0 -9999.0 -9999.0 -9999.0 -9999.0 -9999.0 -9999.0 -9999.0 -9999.0 -9999.0 -9999.0 -9999.0 -9999.0 -9999.0 -9999.0 -9999.0 -9999.0 -9999.0 -9999.0 -9999.0 -9999.0 -9999.0 -9999.0 -9999.0 -9999.0 -9999.0 -9999.0 -9999.0 -9999.0 -9999.0 -9999.0 -9999.0 -9999.0 -9999.0 -9999.0 -9999.0 -9999.0 -9999.0 -9999.0 -9999.0 -9999.0 -9999.0 -9999.0 -9999.0 -9999.0 -9999.0 -9999.0 -9999.0
-9999.0 -9999.0 -9999.0 -9999.0 -9999.0 -9999.0 -9999.0 -9999.0 -9999.0 -9999.0 -9999.0 -9999.0 -9999.0 -9999.0 -9999.0 -9999.0 -9999.0 -9999.0 -9999.0 -9999.0 -9999.0 -9999.0 -9999.0 -9999.0 -9999.0 -9999.0 -9999.0 -9999.0 -9999.0 -9999.0 -9999.0 -9999.0 -9999.0 -9999.0 -9999.0 -9999.0 -9999.0 -9999.0 -9999.0 -9999.0 -9999.0 -9999.0 -9999.0 -9999.0 -9999.0 -9999.0 -9999.0 -9999.0 -9999.0 -9999.0 -9999.0 -9999.0 -9999.0 -9999.0 -9999.0 -9999.0 -9999.0 -9999.0 -9999.0 -9999.0 -9999.0 -9999.0 -9999.0 -9999.0 -9999.0 -9999.0 -9999.0 -9999.0 -9999.0 -9999.0 -9999.0 -9999.0 -9999.0 -9999.0 -9999.0 -9999.0 -9999.0 -9999.0 -9999.0 -9999.0