Borden_/Borden1m_014/output_maps/psiliqL0021N0033.asc
ncols         80
nrows         18
xllcorner     620200.000000
yllcorner     5168000.000000
cellsize      1.000000
NODATA_value  -9999.0
-9999.0 -9999.0 -9999.0 -9999.0 -9999.0 -9999.0 -9999.0 -9999.0 -9999.0 -9999.0 -9999.0 -9999.0 -9999.0 -9999.0 -9999.0 -9999.0 -9999.0 -9999.0 -9999.0 -9999.0 -9999.0 -9999.0 -9999.0 -9999.0 -9999.0 -9999.0 -9999.0 -9999.0 -9999.0 -9999.0 -9999.0 -9999.0 -9999.0 -9999.0 -9999.0 -9999.0 -9999.0 -9999.0 -9999.0 -9999.0 -9999.0 -9999.0 -9999.0 -9999.0 -9999.0 -9999.0 -9999.0 -9999.0 -9999.0 -9999.0 -9999.0 -9999.0 -9999.0 -9999.0 -9999.0 -9999.0 -9999.0 -9999.0 -9999.0 -9999.0 -9999.0 -9999.0 -9999.0 -9999.0 -9999.0 -9999.0 -9999.0 -9999.0 -9999.0 -9999.0 -9999.0 -9999.0 -9999.0 -9999.0 -9999.0 -9999.0 -9999.0 -9999.0 -9999.0 -9999.0
-9999.0 -9999.0 -9999.0 -9999.0 -9999.0 -9999.0 -9999.0 -9999.0 -9999.0 -9999.0 -9999.0 -9999.0 -9999.0 -9999.0 -9999.0 -9999.0 -9999.0 -9999.0 -9999.0 -9999.0 -9999.0 -9999.0 -9999.0 -9999.0 -9999.0 -9999.0 -9999.0 -9999.0 -9999.0 -9999.0 -9999.0 -9999.0 -9999.0 -9999.0 -9999.0 -9999.0 -9999.0 -9999.0 -9999.0 -9999.0 -9999.0 -9999.0 -9999.0 -9999.0 -9999.0 -9999.0 -9999.0 -9999.0 -9999.0 -9999.0 -9999.0 -9999.0 -9999.0 -9999.0 -9999.0 -9999.0 -9999.0 -9999.0 -9999.0 -9999.0 -9999.0 -9999.0 -9999.0 -9999.0 -9999.0 -9999.0 -9999.0 -9999.0 -9999.0 -9999.0 -9999.0 -9999.0 -9999.0 -9999.0 -9999.0 -9999.0 -9999.0 -9999.0 -9999.0 -9999.0
-9999.0 -9999.0 -9999.0 -9999.0 -9999.0 -9999.0 -9999.0 -9999.0 -9999.0 -9999.0 -9999.0 -9999.0 -9999.0 -9999.0 -9999.0 -9999.0 -9999.0 -9999.0 -9999.0 -9999.0 2356.872022 2359.321342 2338.815809 2306.575883 2280.400247 2284.506397 2320.324338 2363.422887 2404.425125 2415.200994 2398.817636 2404.023020 2401.152078 2399.142916 2401.528040 2410.217448 2417.459785 2428.896953 2437.966803 2438.175515 2433.052860 2429.389788 2431.852284 2434.244440 2439.699318 2425.677515 2439.298218 2452.901031 2455.243683 2448.636247 2420.631178 2404.283644 2392.774707 2374.175057 2396.988705 2406.097036 2426.065225 2427.867551 2423.899313 2395.720703 2364.789846 -9999.0 -9999.0 -9999.0 -9999.0 -9999.0 -9999.0 -9999.0 -9999.0 -9999.0 -9999.0 -9999.0 -9999.0 -9999.0 -9999.0 -9999.0 -9999.0 -9999.0 -9999.0 -9999.0
-9999.0 -9999.0 -9999.0 -9999.0 -9999.0 -9999.0 -9999.0 -9999.0 -9999.0 -9999.0 -9999.0 -9999.0 -9999.0 -9999.0 2261.996106 2254.101601 2253.032552 2262.695017 2297.374118 2328.892441 2340.884394 2334.720928 2336.215524 2313.829488 2294.013006 2309.456213 2341.317555 2374.291347 2410.380989 2431.277116 2422.459432 2422.050416 2431.793987 2455.531151 2466.733232 2464.610641 2447.150647 2472.922706 2488.931442 2496.920199 2497.446711 2489.713486 2500.765161 2515.505765 2507.987459 2490.919769 2498.068606 2509.630646 2518.291191 2504.860811 2440.883795 2422.819311 2415.957150 2407.818875 2391.520589 2384.267758 2408.878078 2405.653738 2395.567137 2376.184993 2341.764859 2296.220196 2275.757185 2313.505945 2355.245868 2409.971344 -9999.0 -9999.0 -9999.0 -9999.0 -9999.0 -9999.0 -9999.0 -9999.0 -9999.0 -9999.0 -9999.0 -9999.0 -9999.0 -9999.0
-9999.0 -9999.0 -9999.0 -9999.0 -9999.0 -9999.0 -9999.0 -9999.0 -9999.0 2199.185651 2205.663335 2214.519127 2219.010384 2236.259855 2234.506115 2243.308488 2250.733076 2280.079949 2312.206888 2348.167548 2377.207485 2370.444629 2371.559340 2379.921385 2380.313185 2392.342142 2415.935714 2457.759961 2494.128949 2534.214812 2505.338105 2503.731183 2523.619160 2568.480882 2596.331916 2600.990789 2583.751833 2598.828555 2624.830446 2645.218925 2645.144966 2642.218447 2666.916228 2681.448792 2677.590135 2655.674609 2649.714949 2652.177004 2677.070894 2623.383297 2554.431039 2508.140063 2515.903397 2488.916989 2455.315174 2436.779726 2433.309993 2451.185257 2435.177512 2396.795119 2360.356402 2346.728811 2327.145031 2343.922952 2364.231728 2407.677387 2444.744920 2471.312276 2468.396304 2449.436779 -9999.0 -9999.0 -9999.0 -9999.0 -9999.0 -9999.0 -9999.0 -9999.0 -9999.0 -9999.0
-9999.0 -9999.0 -9999.0 -9999.0 -9999.0 -9999.0 2117.524140 2128.975038 2151.325724 2156.354717 2184.309735 2192.597543 2214.808600 2235.453907 2259.505137 2276.462978 2306.327974 2340.112768 2380.134392 2422.493785 2455.452186 2448.854766 2459.813973 2485.118855 2519.219637 2544.991329 2571.646215 2613.308235 2690.100524 2731.900375 2733.349158 2738.015647 2748.441578 2799.054260 2863.307752 2874.860099 2855.293717 2843.184504 2867.334487 2906.538527 2910.282651 2912.270605 2828.575507 2837.587132 2863.980604 2855.255860 2910.220690 2898.973646 2900.647940 2877.946898 2809.381457 2746.421332 2717.642026 2664.497944 2580.532171 2529.895710 2543.220293 2563.645971 2535.543635 2481.743379 2441.504624 2430.473100 2414.219892 2401.177764 2407.773241 2425.526560 2445.019852 2454.071540 2438.443433 2414.826680 2390.559117 2360.440376 2361.343619 2385.496743 -9999.0 -9999.0 -9999.0 -9999.0 -9999.0 -9999.0
-9999.0 -9999.0 -9999.0 -9999.0 2065.370757 2079.636254 2067.741572 2095.641271 2130.383843 2166.778400 2198.758399 2235.963673 2264.291224 2295.870393 2334.947531 2365.359477 2404.914751 2440.100324 2493.894904 2561.501086 2612.269212 2633.355144 2647.968110 2705.335885 2766.617882 2818.851372 2841.660079 2871.218382 2826.383468 2882.009360 2905.817462 2910.325832 2927.848751 2968.147476 3020.596657 3019.954924 3002.571963 2994.308227 3002.599726 3015.355397 3037.514532 3037.698839 3037.624391 3040.881062 3047.323499 3046.377229 3022.778275 2990.668364 3012.968399 3003.281073 2968.631319 2898.012837 2864.362172 2836.941690 2883.236386 2827.122557 2769.433762 2759.833885 2700.474784 2640.260786 2581.163251 2562.932741 2533.720712 2509.193716 2482.708074 2485.175492 2487.856908 2465.236139 2429.640158 2395.099781 2378.515069 2358.317077 2345.475350 2374.812832 2391.294236 2420.303654 -9999.0 -9999.0 -9999.0 -9999.0
-9999.0 -9999.0 2003.364964 2051.203134 2110.016454 2119.519506 2118.582040 2125.837907 2156.578158 2210.732421 2282.815393 2328.983802 2367.496154 2403.551940 2463.448597 2535.904960 2604.688034 2652.040644 2717.338230 2791.139574 2855.197839 2887.171773 2902.982206 2848.317777 2901.277405 2967.271974 2994.847594 3020.751583 3013.532990 3046.910728 3046.331762 3058.218373 3069.043532 3077.897900 3089.238865 3093.930512 3089.730252 3085.270226 3067.620758 3063.085777 3069.699254 3075.930091 3076.399833 3062.279921 3058.366882 3072.829256 3077.689692 3076.236514 3075.523441 3080.697849 3079.365393 3035.130585 3010.000097 2996.306442 3022.923333 2977.786456 2912.231992 2876.665332 2857.273717 2898.841669 2819.572647 2771.293420 2722.030206 2677.169281 2624.970728 2597.872661 2552.422845 2509.376659 2461.271535 2413.251781 2388.362106 2370.074505 2366.873776 2365.370452 2380.976893 2395.119611 2409.686339 2417.049357 -9999.0 -9999.0
-9999.0 1895.611015 1967.820434 2092.738865 2173.634222 2217.049397 2239.327001 2255.174185 2286.698467 2321.624796 2419.913350 2491.167953 2581.071960 2623.395636 2673.067040 2772.131124 2870.742572 2830.701020 2867.896443 2928.261807 2991.080107 3002.506262 3027.605780 3017.690723 3053.851779 3076.031841 3081.742615 3086.977300 3084.616360 3076.295163 3068.969554 3075.859517 3073.697857 3055.216708 3039.784457 3038.195464 3034.854704 3012.668235 3021.624859 3006.821866 3009.575121 2997.651977 3019.979583 3000.292009 2996.198780 3016.310250 3000.683569 2990.607585 3014.762013 2994.297518 3027.434275 3050.228513 3054.847251 3072.469497 3093.313083 3065.735888 3041.769551 3000.514412 3021.038406 2996.080523 2939.619927 2883.599957 2834.801136 2857.189166 2791.599051 2727.268099 2663.762818 2599.714304 2534.053132 2492.231595 2461.343325 2413.012467 2394.481892 2396.895168 2388.160440 2384.502894 2389.230225 2394.974542 -9999.0 -9999.0
-9999.0 1806.035763 1946.972341 2128.903629 2276.858187 2329.018229 2411.853913 2483.040301 2508.895136 2470.971507 2580.357056 2804.314087 2848.192047 2863.868159 2936.355182 2995.644792 2990.986995 3019.552976 3040.876649 3059.078975 3073.862706 3085.110166 3082.798580 3076.946296 3061.125422 3053.319532 3053.133339 3051.184028 3034.368067 3015.869207 2999.324544 2997.083990 3016.083252 2970.272942 2937.034667 2919.693157 2902.403548 2886.913451 2858.579602 2833.940558 2904.529298 2830.584751 2827.381185 2898.342012 2894.577963 2828.011516 2857.483191 2854.515076 2865.302499 2885.125629 2921.939280 2959.990848 2979.255683 3008.354674 3005.281610 3049.982401 3061.034681 3082.958011 3086.597826 3072.948428 3029.154522 3017.267922 2986.924987 2931.171607 2869.527139 2867.770416 2801.455968 2737.169250 2665.877284 2620.642133 2575.003621 2518.863253 2470.012656 2453.758266 2415.590396 2397.657068 -9999.0 -9999.0 -9999.0 -9999.0
-9999.0 1713.681095 1897.112306 2145.280163 2434.542395 2526.939583 2735.505413 2819.066725 2862.445500 2928.556745 2849.471380 3000.613237 3042.096697 3034.851822 3041.764284 3043.246900 3056.578480 3056.694579 3051.799434 3041.297353 3032.344928 3028.251119 3027.022162 3019.234798 3006.873813 2993.050629 3018.262691 3006.819789 2971.320099 2939.025239 2901.176132 2887.737928 2847.781965 2839.184042 2795.828106 2755.488903 2693.949993 2690.518327 2690.332892 2661.409397 2642.819231 2615.819017 2642.120756 2652.683636 2656.748719 2654.512170 2668.144328 2698.464635 2747.603821 2785.944877 2830.821379 2884.420744 2830.022904 2869.336559 2910.737284 2963.832647 2994.239148 3023.573292 3031.616030 3067.683719 3089.451878 3077.499083 3056.528012 3014.886788 2990.430276 2938.477866 2904.631584 2849.600021 2815.146169 2763.302218 2716.500613 2666.184563 2603.321798 2537.758278 2498.904722 -9999.0 -9999.0 -9999.0 -9999.0 -9999.0
-9999.0 1509.191094 1774.860238 2050.756552 2343.843092 2684.235494 2811.101189 2914.763124 2978.776472 2953.878310 2969.437977 2980.619906 2988.457324 2994.414655 3004.982390 2994.499948 2979.490442 2978.770046 2991.767206 2965.273149 2935.946765 2922.853502 2923.111737 2911.883611 2888.380275 2872.831824 2863.344643 2845.745632 2881.665240 2828.016553 2741.752197 2705.608940 2623.582855 2577.045690 2535.068529 2484.685571 2434.533616 2435.703075 2456.611718 2444.606011 2423.034437 2405.060259 2433.331444 2454.371172 2467.917154 2454.456471 2463.116220 2498.651715 2548.484060 2593.419062 2643.038539 2699.497016 2745.440565 2792.231362 2822.291954 2870.444240 2827.302980 2869.312567 2939.490421 3015.243029 3011.387334 3044.146511 3074.837849 3095.252813 3053.591371 3024.989606 3001.496475 2995.640455 2944.080000 2898.043822 2859.143058 2798.691981 2755.490358 -9999.0 -9999.0 -9999.0 -9999.0 -9999.0 -9999.0 -9999.0
-9999.0 1390.968199 1595.262930 1803.319244 2068.741279 2304.805863 2519.741233 2623.023283 2705.015079 2766.223601 2816.340324 2856.361721 2819.053707 2839.967967 2819.657427 2853.673272 2823.745137 2828.640527 2821.730538 2799.042681 2769.906655 2755.243444 2751.621559 2744.862441 2721.124831 2707.513231 2696.889204 2672.580056 2643.046457 2586.789604 2509.264416 2433.201955 2375.263869 2348.840519 2321.435144 2290.549572 2259.153527 2269.867182 2281.106623 2279.626068 2271.203696 2269.870789 2298.840932 2318.079834 2328.231483 2317.775969 2337.405005 2363.366440 2404.191317 2448.463812 2497.965150 2552.525449 2606.462788 2634.414510 2645.820317 2667.412869 2705.040817 2757.937604 2842.948022 2844.207937 2918.657273 2964.671548 3013.872774 3013.923165 3039.057365 3066.900492 3084.186476 3072.490710 3045.193272 3014.085312 2968.372887 -9999.0 -9999.0 -9999.0 -9999.0 -9999.0 -9999.0 -9999.0 -9999.0 -9999.0
-9999.0 -9999.0 1366.400884 1529.826611 1645.147301 1815.625756 1962.441548 2072.699381 2171.046730 2303.666475 2421.254601 2513.928003 2560.496811 2579.124073 2567.219506 2539.659225 2521.435588 2521.337885 2510.139818 2501.362892 2483.827880 2476.431436 2463.167267 2454.512070 2446.828721 2442.881507 2438.026610 2427.770198 2407.250229 2361.682755 2317.732067 2268.928685 2217.768118 2193.094362 2172.044780 2151.987145 2152.814614 2147.654864 2152.600313 2154.643782 2162.877236 2176.267497 2195.991001 2218.670872 2228.769227 2238.920027 2251.371014 2275.058493 2307.881397 2350.422840 2404.980294 2464.233614 2505.075921 2518.060946 2507.621910 2510.930848 2527.779669 2567.326971 2643.050171 2724.305299 2821.100777 2892.591456 2870.927594 2924.093183 2948.284963 2979.202090 3014.608051 3057.857470 3089.051800 3069.035575 -9999.0 -9999.0 -9999.0 -9999.0 -9999.0 -9999.0 -9999.0 -9999.0 -9999.0 -9999.0
-9999.0 -9999.0 -9999.0 -9999.0 1390.305911 1541.073928 1638.911327 1720.811738 1853.452531 1980.596486 2085.494872 2172.269476 2239.289466 2267.413409 2267.394169 2279.777989 2277.611834 2269.982970 2259.512273 2261.251144 2262.855933 2255.643202 2239.786732 2232.636408 2234.615169 2240.496434 2237.699397 2223.847509 2205.174996 2186.124549 2168.787803 2135.701929 2101.217783 2072.396572 2059.374945 2054.638972 2054.237673 2046.521274 2054.804323 2062.852296 2078.370146 2093.505642 2117.105700 2146.434308 2160.926894 2176.070862 2185.805614 2206.051891 2236.813311 2290.624654 2354.777221 2413.533457 2451.235758 2456.516152 2432.893295 2417.312403 2412.660048 2439.155952 2481.404611 2544.266459 2643.633681 2716.007468 2767.879176 2808.394972 2838.785910 2824.447485 2904.722309 2974.188418 -9999.0 -9999.0 -9999.0 -9999.0 -9999.0 -9999.0 -9999.0 -9999.0 -9999.0 -9999.0 -9999.0 -9999.0
-9999.0 -9999.0 -9999.0 -9999.0 -9999.0 -9999.0 1359.603300 1463.794092 1537.887548 1684.715396 1823.928498 1929.646075 2012.720350 2047.730915 2079.052460 2108.415415 2108.210669 2088.988378 2068.421382 2088.530263 2104.875648 2098.486143 2067.194334 2067.547966 2073.212375 2080.889163 2078.124590 2071.569140 2046.332865 2060.051635 2062.217234 2038.979877 2013.119310 1999.670669 1987.769607 1997.293350 1997.235094 1983.014752 1982.559509 2009.839636 2030.465360 2043.428736 2064.820407 2098.079672 2130.704049 2146.506994 2148.114562 2154.102311 2193.123838 2263.533030 2336.265790 2392.999093 2426.825410 2435.872918 2410.302440 2370.843644 2351.027073 2357.939282 2391.636464 2441.778197 2515.382664 2561.498432 2581.890502 2589.006888 2601.995288 2692.807299 -9999.0 -9999.0 -9999.0 -9999.0 -9999.0 -9999.0 -9999.0 -9999.0 -9999.0 -9999.0 -9999.0 -9999.0 -9999.0 -9999.0
-9999.0 -9999.0 -9999.0 -9999.0 -9999.0 -9999.0 -9999.0 -9999.0 -9999.0 -9999.0 -9999.0 -9999.0 -9999.0 -9999.0 -9999.0 -9999.0 -9999.0 -9999.0 -9999.0 -9999.0 -9999.0 -9999.0 -9999.0 -9999.0 -9999.0 -9999.0 -9999.0 -9999.0 -9999.0 -9999.0 -9999.0 -9999.0 -9999.0 -9999.0 -9999.0 -9999.0 -9999.0 -9999.0 -9999.0 -9999.0 -9999.0 -9999.0 -9999.0 -9999.0 -9999.0 -9999.0 -9999.0 -9999.0 -9999.0 -9999.0 -9999.0 -9999.0 -9999.0 -9999.0 -9999.0 -9999.0 -9999.0 -9999.0 -9999.0 -9999.0 -9999.0 -9999.0 -9999.0 -9999.0 -9999.0 -9999.0 -9999.0 -9999.0 -9999.0 -9999.0 -9999.0 -9999.0 -9999.0 -9999.0 -9999.0 -9999.0 -9999.0 -9999.0 -9999.0 -9999.0
-9999.0 -9999.0 -9999.0 -9999.0 -9999.0 -9999.0 -9999.0 -9999.0 -9999.0 -9999.0 -9999.0 -9999.0 -9999.0 -9999.0 -9999.0 -9999.0 -9999.0 -9999.0 -9999.0 -9999.0 -9999.0 -9999.0 -9999.0 -9999.0 -9999.0 -9999.0 -9999.0 -9999.0 -9999.0 -9999.0 -9999.0 -9999.0 -9999.0 -9999.0 -9999.0 -9999.0 -9999.0 -9999.0 -9999.0 -9999.0 -9999.0 -9999.0 -9999.0 -9999.0 -9999.0 -9999.0 -9999.0 -9999.0 -9999.0 -9999.0 -9999.0 -9999.0 -9999.0 -9999.0 -9999.0 -9999.0 -9999.0 -9999.0 -9999.0 -9999.0 -9999.0 -9999.0 -9999.0 -9999.0 -9999.0 -9999.0 -9999.0 -9999.0 -9999.0 -9999.0 -9999.0 -9999.0 -9999.0 -9999.0 -9999.0 -9999.0 -9999.0 -9999.0 -9999.0 -9999.0