Borden_/Borden1m_014/output_maps/psiliqL0005N0013.asc
ncols         80
nrows         18
xllcorner     620200.000000
yllcorner     5168000.000000
cellsize      1.000000
NODATA_value  -9999.0
-9999.0 -9999.0 -9999.0 -9999.0 -9999.0 -9999.0 -9999.0 -9999.0 -9999.0 -9999.0 -9999.0 -9999.0 -9999.0 -9999.0 -9999.0 -9999.0 -9999.0 -9999.0 -9999.0 -9999.0 -9999.0 -9999.0 -9999.0 -9999.0 -9999.0 -9999.0 -9999.0 -9999.0 -9999.0 -9999.0 -9999.0 -9999.0 -9999.0 -9999.0 -9999.0 -9999.0 -9999.0 -9999.0 -9999.0 -9999.0 -9999.0 -9999.0 -9999.0 -9999.0 -9999.0 -9999.0 -9999.0 -9999.0 -9999.0 -9999.0 -9999.0 -9999.0 -9999.0 -9999.0 -9999.0 -9999.0 -9999.0 -9999.0 -9999.0 -9999.0 -9999.0 -9999.0 -9999.0 -9999.0 -9999.0 -9999.0 -9999.0 -9999.0 -9999.0 -9999.0 -9999.0 -9999.0 -9999.0 -9999.0 -9999.0 -9999.0 -9999.0 -9999.0 -9999.0 -9999.0
-9999.0 -9999.0 -9999.0 -9999.0 -9999.0 -9999.0 -9999.0 -9999.0 -9999.0 -9999.0 -9999.0 -9999.0 -9999.0 -9999.0 -9999.0 -9999.0 -9999.0 -9999.0 -9999.0 -9999.0 -9999.0 -9999.0 -9999.0 -9999.0 -9999.0 -9999.0 -9999.0 -9999.0 -9999.0 -9999.0 -9999.0 -9999.0 -9999.0 -9999.0 -9999.0 -9999.0 -9999.0 -9999.0 -9999.0 -9999.0 -9999.0 -9999.0 -9999.0 -9999.0 -9999.0 -9999.0 -9999.0 -9999.0 -9999.0 -9999.0 -9999.0 -9999.0 -9999.0 -9999.0 -9999.0 -9999.0 -9999.0 -9999.0 -9999.0 -9999.0 -9999.0 -9999.0 -9999.0 -9999.0 -9999.0 -9999.0 -9999.0 -9999.0 -9999.0 -9999.0 -9999.0 -9999.0 -9999.0 -9999.0 -9999.0 -9999.0 -9999.0 -9999.0 -9999.0 -9999.0
-9999.0 -9999.0 -9999.0 -9999.0 -9999.0 -9999.0 -9999.0 -9999.0 -9999.0 -9999.0 -9999.0 -9999.0 -9999.0 -9999.0 -9999.0 -9999.0 -9999.0 -9999.0 -9999.0 -9999.0 -773.351494 -770.192922 -793.251018 -827.330297 -855.916933 -854.597283 -820.355808 -780.411111 -743.899477 -733.738807 -751.952338 -751.276638 -756.917926 -757.013192 -754.119213 -748.749815 -746.809250 -735.458422 -727.205385 -727.474296 -733.606674 -739.485739 -741.459865 -737.881271 -733.094815 -740.900118 -727.721315 -712.490766 -705.632096 -710.282547 -736.766034 -752.042228 -759.293919 -772.736212 -747.982730 -734.762090 -711.368785 -706.510721 -706.966884 -733.359719 -762.897214 -9999.0 -9999.0 -9999.0 -9999.0 -9999.0 -9999.0 -9999.0 -9999.0 -9999.0 -9999.0 -9999.0 -9999.0 -9999.0 -9999.0 -9999.0 -9999.0 -9999.0 -9999.0 -9999.0
-9999.0 -9999.0 -9999.0 -9999.0 -9999.0 -9999.0 -9999.0 -9999.0 -9999.0 -9999.0 -9999.0 -9999.0 -9999.0 -9999.0 -861.478744 -872.147077 -875.696757 -867.722143 -834.686292 -805.609538 -793.219493 -801.244417 -801.760885 -825.581566 -845.885730 -832.485483 -804.450365 -774.459403 -741.832252 -722.152611 -735.515127 -738.789377 -728.622175 -701.228830 -686.789756 -689.829018 -711.395037 -689.601055 -673.786513 -664.334163 -665.538356 -674.219832 -659.481454 -643.375509 -649.947117 -667.234471 -664.431793 -653.057505 -637.831940 -652.308738 -715.631346 -736.061622 -737.775951 -743.255401 -755.203551 -761.117692 -736.177392 -734.245348 -741.643907 -758.585006 -789.649454 -832.779052 -849.760284 -811.290670 -766.490472 -708.066067 -9999.0 -9999.0 -9999.0 -9999.0 -9999.0 -9999.0 -9999.0 -9999.0 -9999.0 -9999.0 -9999.0 -9999.0 -9999.0 -9999.0
-9999.0 -9999.0 -9999.0 -9999.0 -9999.0 -9999.0 -9999.0 -9999.0 -9999.0 -916.424895 -913.581638 -907.033157 -906.021609 -891.005610 -893.027811 -886.761562 -879.153436 -854.386280 -824.451014 -790.511256 -762.530577 -773.476373 -773.934614 -761.902810 -754.690806 -742.617737 -723.536689 -684.999761 -644.356390 -603.977721 -632.433404 -634.844733 -616.353075 -564.828703 -521.480083 -510.095756 -530.301739 -529.043764 -501.802811 -472.827316 -473.981094 -476.158086 -448.971424 -433.503749 -423.777709 -445.580551 -467.855022 -471.570282 -441.806117 -499.701576 -566.902953 -623.635967 -622.510062 -652.636605 -693.151221 -715.180890 -717.504555 -694.234321 -708.340452 -744.388183 -779.657875 -787.555508 -802.966259 -786.524898 -763.259868 -715.600438 -676.792767 -647.463243 -646.180993 -662.876627 -9999.0 -9999.0 -9999.0 -9999.0 -9999.0 -9999.0 -9999.0 -9999.0 -9999.0 -9999.0
-9999.0 -9999.0 -9999.0 -9999.0 -9999.0 -9999.0 -993.471062 -985.477893 -966.644000 -961.439582 -938.280747 -931.362290 -911.636862 -893.092635 -873.972583 -857.769749 -827.707984 -796.749162 -756.663335 -714.015798 -683.155840 -688.045276 -679.224158 -645.804216 -601.922561 -566.912591 -542.918965 -503.810196 -415.157784 -352.278516 -325.480376 -313.065149 -275.588292 36.110578 115.648619 122.806839 117.263610 112.689322 117.364037 126.402447 126.441601 125.566861 127.186386 128.651650 136.972059 135.696946 125.538538 123.228991 123.003582 118.697614 53.431517 -271.919857 -372.166474 -435.723935 -522.904554 -584.375665 -590.291966 -574.823643 -604.445722 -655.375314 -696.296511 -705.478659 -718.569944 -731.925884 -725.927250 -705.644031 -681.013988 -668.528131 -679.621551 -698.919951 -721.179176 -749.173562 -746.991874 -721.075487 -9999.0 -9999.0 -9999.0 -9999.0 -9999.0 -9999.0
-9999.0 -9999.0 -9999.0 -9999.0 -1042.466635 -1030.652536 -1042.527122 -1020.157691 -989.297992 -957.479191 -925.986768 -889.607222 -863.853733 -835.664251 -795.057997 -757.552550 -715.728651 -683.415943 -630.730192 -562.086222 -506.124030 -475.642720 -460.038024 -380.776550 -215.716847 68.536076 110.205330 117.520032 125.385538 140.739338 147.174666 148.735397 156.396361 178.296493 192.415486 201.845665 196.824439 195.958518 196.448529 197.097168 204.219903 203.539628 204.123460 203.998450 205.544058 208.140885 200.024402 192.363687 190.499656 189.224285 181.664113 149.512126 135.651395 129.079301 122.581497 83.723452 -205.571871 -308.373085 -402.911393 -468.684791 -541.970194 -569.270711 -599.902999 -623.678152 -652.547094 -650.393445 -645.927285 -663.693205 -691.973861 -722.317448 -736.026024 -753.611951 -762.688298 -732.289452 -714.073055 -682.375399 -9999.0 -9999.0 -9999.0 -9999.0
-9999.0 -9999.0 -1098.783882 -1049.279678 -994.709676 -986.994311 -984.697747 -980.848447 -955.538670 -906.860909 -829.226311 -777.988480 -734.416084 -707.006737 -650.034520 -565.296881 -487.151140 -433.851883 -349.477985 24.827376 110.892694 121.496370 123.579819 133.449486 152.777076 180.487741 188.229457 193.119873 197.940177 207.662305 229.263229 244.188076 248.432337 246.136209 243.719849 241.872452 240.279607 237.995468 222.656913 220.488975 226.343399 227.899036 231.325842 220.001919 216.337342 228.243911 230.822587 233.230264 236.183803 244.927299 253.407375 225.533154 195.464144 193.594257 194.096879 181.882198 154.158269 139.066393 134.608874 123.677539 55.568400 -250.899427 -380.624675 -450.959575 -509.843770 -540.975363 -584.278811 -621.194385 -662.824327 -705.140428 -726.578895 -743.586179 -744.496574 -742.662756 -725.893017 -709.519270 -693.556033 -685.468476 -9999.0 -9999.0
-9999.0 -1193.835706 -1122.913131 -996.101779 -919.187998 -875.501465 -834.053044 -804.848069 -783.532140 -773.719562 -669.527918 -559.224742 -468.472683 -439.453908 -365.592643 20.464719 116.761841 130.195857 141.114319 169.433253 186.512542 196.440427 201.595848 228.051040 250.875861 247.201262 244.839884 242.654639 234.347811 226.178569 216.654185 224.333792 224.417386 210.480089 200.741656 199.656793 199.017804 194.055420 188.462656 186.267324 187.780110 194.335769 191.290847 186.100583 185.056078 190.166966 194.206079 191.779486 188.214043 192.948604 202.157322 208.393995 223.805567 237.593715 255.725819 234.012153 204.211404 193.687733 191.427478 186.878521 172.674847 145.852108 127.781867 80.718410 -200.943806 -388.778100 -465.960263 -522.258357 -581.661208 -616.005632 -643.682585 -693.344565 -715.181780 -712.000348 -720.298950 -721.893534 -714.494214 -707.728908 -9999.0 -9999.0
-9999.0 -1261.391081 -1119.123816 -934.699073 -790.995185 -732.040163 -612.172188 -528.241885 -503.841671 -527.998679 -405.043370 83.794990 134.925179 135.700796 155.746528 191.609109 214.186424 235.692688 248.778724 242.254599 235.552750 236.661274 231.104452 222.777830 209.588100 204.239849 204.615340 204.588174 199.812748 195.763459 190.733288 191.263783 188.964727 180.922724 169.863541 152.309045 145.679249 141.184212 133.177380 127.306806 123.823645 130.599403 127.708691 122.829837 121.413395 127.221239 136.489856 133.530582 136.055156 145.567061 168.917601 180.039150 183.591164 189.233459 197.252468 209.971257 225.750350 244.870213 250.145553 227.832960 202.124682 189.994295 185.607736 171.901317 145.316449 118.285152 45.908773 -287.478845 -407.291844 -464.759031 -516.408628 -572.208051 -627.263240 -651.938903 -689.447575 -709.952144 -9999.0 -9999.0 -9999.0 -9999.0
-9999.0 -1319.722679 -1129.441266 -863.322453 -617.202768 -484.999576 30.819474 124.965831 139.069703 155.373059 165.327573 234.761403 243.813107 229.076237 204.458675 201.037170 208.427029 210.414670 206.203407 200.355751 197.633721 196.535683 196.102077 194.532993 192.400998 189.806329 188.063349 187.600023 180.226927 170.728178 147.939843 142.449653 134.529766 106.462578 37.280983 -257.566386 -370.115667 -380.839287 -399.100656 -437.560179 -458.127687 -471.920403 -453.629640 -457.656822 -458.873608 -447.896498 -421.502334 -402.088481 -342.425124 -251.953216 52.018730 117.257257 127.686481 141.776648 166.445948 181.959417 186.811924 191.956935 202.576355 227.815203 246.875335 240.488137 214.653048 200.508932 185.821505 174.090101 165.087759 135.976154 116.819176 55.959650 -230.315228 -387.679764 -476.157753 -562.963798 -601.660456 -9999.0 -9999.0 -9999.0 -9999.0 -9999.0
-9999.0 -1462.145134 -1196.174177 -899.596307 -564.577076 15.849220 122.033972 180.321520 221.166231 181.358424 176.185355 181.529024 191.322632 191.486117 185.880383 186.217237 184.650780 184.365813 188.664838 178.442215 159.188580 151.510081 151.258242 147.722984 140.835776 136.886338 134.951311 131.687499 117.291956 55.686157 -303.098868 -353.835541 -449.657151 -524.718328 -571.646724 -616.715816 -665.750845 -667.169753 -652.412760 -668.835762 -689.931479 -708.151577 -684.152545 -670.417935 -660.631094 -669.888682 -662.128473 -630.282176 -585.387518 -546.801754 -498.859842 -439.243072 -380.544897 -275.303131 39.753840 113.488593 127.617004 140.647592 172.068320 192.208589 197.970415 205.867636 238.772436 256.466737 219.974328 198.104947 190.736033 182.886584 168.667335 158.187725 138.782005 110.897495 -100.913205 -9999.0 -9999.0 -9999.0 -9999.0 -9999.0 -9999.0 -9999.0
-9999.0 -1597.620485 -1359.753153 -1108.076037 -806.436217 -580.641923 -416.234870 0.862720 103.643905 108.199795 113.985277 120.297193 126.895711 132.994955 126.983670 118.008576 111.054622 112.767671 110.196015 62.460090 -182.941342 -261.645766 -265.299956 -284.748694 -342.054068 -369.519468 -385.540695 -416.233349 -461.576091 -519.810117 -601.178112 -662.248036 -719.984449 -754.509064 -783.427519 -815.421689 -854.395541 -843.597520 -828.407774 -833.401061 -846.406978 -851.656951 -822.526085 -805.047072 -795.439997 -809.471242 -792.091059 -766.276007 -726.329801 -687.809242 -644.302593 -595.366296 -547.590938 -520.117821 -504.726032 -470.744051 -419.315603 -317.100108 51.989440 132.166393 168.254442 180.351875 191.345759 199.227403 202.176246 217.241198 219.638421 192.601840 170.751642 176.275794 176.486393 -9999.0 -9999.0 -9999.0 -9999.0 -9999.0 -9999.0 -9999.0 -9999.0 -9999.0
-9999.0 -9999.0 -1599.317644 -1404.347736 -1235.324143 -1050.169276 -906.217591 -805.913614 -739.418988 -668.387629 -591.411084 -523.608930 -484.404972 -467.920063 -489.693971 -534.909371 -563.302800 -562.840016 -571.130109 -586.633519 -612.288842 -621.045273 -628.655671 -635.265291 -648.758963 -655.983782 -660.541559 -670.320147 -691.398398 -735.891006 -788.113189 -838.782637 -892.208146 -916.248827 -937.698255 -960.461827 -964.748613 -965.594550 -958.385495 -957.444415 -952.962806 -941.921642 -921.332040 -900.788272 -891.899884 -885.948699 -873.846309 -850.989108 -818.898893 -779.979027 -730.356462 -678.108532 -643.420292 -634.102589 -645.087651 -640.737161 -620.903437 -580.161862 -493.140707 -380.717449 33.293037 117.527689 142.492271 171.206958 177.430613 181.437521 189.072205 179.081531 114.475250 159.023591 -9999.0 -9999.0 -9999.0 -9999.0 -9999.0 -9999.0 -9999.0 -9999.0 -9999.0 -9999.0
-9999.0 -9999.0 -9999.0 -9999.0 -1546.958449 -1388.659216 -1296.249391 -1216.603210 -1102.477917 -1002.934574 -918.266656 -848.961773 -802.945407 -781.979936 -795.868587 -805.325914 -814.475310 -816.756117 -824.339386 -831.140878 -837.911376 -845.210824 -854.618885 -861.805869 -862.933379 -859.938335 -861.510181 -873.738549 -888.058892 -916.341794 -941.144566 -975.951602 -1012.755468 -1041.401066 -1054.048661 -1061.392431 -1060.894760 -1065.798494 -1056.038997 -1050.413253 -1035.984551 -1020.775612 -997.056348 -969.502196 -957.816359 -944.141998 -934.713507 -914.179626 -885.196249 -834.060787 -773.980267 -720.815417 -689.935814 -688.657239 -716.947354 -734.611050 -739.705391 -714.755476 -671.496194 -607.657893 -510.862914 -429.367246 -319.361713 41.628921 110.970003 128.684849 161.713242 172.967935 -9999.0 -9999.0 -9999.0 -9999.0 -9999.0 -9999.0 -9999.0 -9999.0 -9999.0 -9999.0 -9999.0 -9999.0
-9999.0 -9999.0 -9999.0 -9999.0 -9999.0 -9999.0 -1605.314260 -1513.417480 -1425.119197 -1312.420735 -1209.260545 -1124.018009 -1054.697846 -1033.591044 -1020.289497 -1000.171305 -1005.680528 -1021.491528 -1036.477966 -1021.073144 -1013.373483 -1017.500726 -1043.154328 -1044.869506 -1042.012276 -1032.405412 -1033.160439 -1038.870318 -1063.086229 -1056.376306 -1058.589357 -1081.048300 -1106.573350 -1120.821413 -1132.126514 -1122.023200 -1120.985009 -1133.021596 -1129.982795 -1104.575610 -1085.527794 -1072.303434 -1049.908323 -1017.330965 -985.970451 -972.433607 -971.873308 -965.965880 -924.558382 -855.652277 -787.700132 -736.972359 -708.756136 -703.404506 -733.793228 -776.551615 -800.349493 -796.530767 -765.916463 -717.634962 -647.783173 -604.947741 -577.048804 -555.117571 -525.089441 -414.686039 -9999.0 -9999.0 -9999.0 -9999.0 -9999.0 -9999.0 -9999.0 -9999.0 -9999.0 -9999.0 -9999.0 -9999.0 -9999.0 -9999.0
-9999.0 -9999.0 -9999.0 -9999.0 -9999.0 -9999.0 -9999.0 -9999.0 -9999.0 -9999.0 -9999.0 -9999.0 -9999.0 -9999.0 -9999.0 -9999.0 -9999.0 -9999.0 -9999.0 -9999.0 -9999.0 -9999.0 -9999.0 -9999.0 -9999.0 -9999.0 -9999.0 -9999.0 -9999.0 -9999.0 -9999.0 -9999.0 -9999.0 -9999.0 -9999.0 -9999.0 -9999.0 -9999.0 -9999.0 -9999.0 -9999.0 -9999.0 -9999.0 -9999.0 -9999.0 -9999.0 -9999.0 -9999.0 -9999.0 -9999.0 -9999.0 -9999.0 -9999.0 -9999.0 -9999.0 -9999.0 -9999.0 -9999.0 -9999.0 -9999.0 -9999.0 -9999.0 -9999.0 -9999.0 -9999.0 -9999.0 -9999.0 -9999.0 -9999.0 -9999.0 -9999.0 -9999.0 -9999.0 -9999.0 -9999.0 -9999.0 -9999.0 -9999.0 -9999.0 -9999.0
-9999.0 -9999.0 -9999.0 -9999.0 -9999.0 -9999.0 -9999.0 -9999.0 -9999.0 -9999.0 -9999.0 -9999.0 -9999.0 -9999.0 -9999.0 -9999.0 -9999.0 -9999.0 -9999.0 -9999.0 -9999.0 -9999.0 -9999.0 -9999.0 -9999.0 -9999.0 -9999.0 -9999.0 -9999.0 -9999.0 -9999.0 -9999.0 -9999.0 -9999.0 -9999.0 -9999.0 -9999.0 -9999.0 -9999.0 -9999.0 -9999.0 -9999.0 -9999.0 -9999.0 -9999.0 -9999.0 -9999.0 -9999.0 -9999.0 -9999.0 -9999.0 -9999.0 -9999.0 -9999.0 -9999.0 -9999.0 -9999.0 -9999.0 -9999.0 -9999.0 -9999.0 -9999.0 -9999.0 -9999.0 -9999.0 -9999.0 -9999.0 -9999.0 -9999.0 -9999.0 -9999.0 -9999.0 -9999.0 -9999.0 -9999.0 -9999.0 -9999.0 -9999.0 -9999.0 -9999.0