Borden_/Borden1m_014/output_maps/psiliqL0009N0030.asc
ncols         80
nrows         18
xllcorner     620200.000000
yllcorner     5168000.000000
cellsize      1.000000
NODATA_value  -9999.0
-9999.0 -9999.0 -9999.0 -9999.0 -9999.0 -9999.0 -9999.0 -9999.0 -9999.0 -9999.0 -9999.0 -9999.0 -9999.0 -9999.0 -9999.0 -9999.0 -9999.0 -9999.0 -9999.0 -9999.0 -9999.0 -9999.0 -9999.0 -9999.0 -9999.0 -9999.0 -9999.0 -9999.0 -9999.0 -9999.0 -9999.0 -9999.0 -9999.0 -9999.0 -9999.0 -9999.0 -9999.0 -9999.0 -9999.0 -9999.0 -9999.0 -9999.0 -9999.0 -9999.0 -9999.0 -9999.0 -9999.0 -9999.0 -9999.0 -9999.0 -9999.0 -9999.0 -9999.0 -9999.0 -9999.0 -9999.0 -9999.0 -9999.0 -9999.0 -9999.0 -9999.0 -9999.0 -9999.0 -9999.0 -9999.0 -9999.0 -9999.0 -9999.0 -9999.0 -9999.0 -9999.0 -9999.0 -9999.0 -9999.0 -9999.0 -9999.0 -9999.0 -9999.0 -9999.0 -9999.0
-9999.0 -9999.0 -9999.0 -9999.0 -9999.0 -9999.0 -9999.0 -9999.0 -9999.0 -9999.0 -9999.0 -9999.0 -9999.0 -9999.0 -9999.0 -9999.0 -9999.0 -9999.0 -9999.0 -9999.0 -9999.0 -9999.0 -9999.0 -9999.0 -9999.0 -9999.0 -9999.0 -9999.0 -9999.0 -9999.0 -9999.0 -9999.0 -9999.0 -9999.0 -9999.0 -9999.0 -9999.0 -9999.0 -9999.0 -9999.0 -9999.0 -9999.0 -9999.0 -9999.0 -9999.0 -9999.0 -9999.0 -9999.0 -9999.0 -9999.0 -9999.0 -9999.0 -9999.0 -9999.0 -9999.0 -9999.0 -9999.0 -9999.0 -9999.0 -9999.0 -9999.0 -9999.0 -9999.0 -9999.0 -9999.0 -9999.0 -9999.0 -9999.0 -9999.0 -9999.0 -9999.0 -9999.0 -9999.0 -9999.0 -9999.0 -9999.0 -9999.0 -9999.0 -9999.0 -9999.0
-9999.0 -9999.0 -9999.0 -9999.0 -9999.0 -9999.0 -9999.0 -9999.0 -9999.0 -9999.0 -9999.0 -9999.0 -9999.0 -9999.0 -9999.0 -9999.0 -9999.0 -9999.0 -9999.0 -9999.0 -65.724138 -62.680467 -85.164069 -118.938452 -147.074717 -144.834548 -109.524587 -67.954016 -29.439584 -18.437036 -36.007076 -33.985117 -38.520174 -38.290847 -34.829973 -28.319304 -25.138229 -13.258075 -4.202903 -3.851899 -9.497220 -14.710072 -15.247816 -11.520551 -6.562943 -16.277876 -3.220759 11.688536 17.356124 11.168502 -17.389448 -34.225294 -43.339084 -58.684117 -34.805308 -22.821113 -0.187778 3.792572 2.162632 -25.197262 -55.482179 -9999.0 -9999.0 -9999.0 -9999.0 -9999.0 -9999.0 -9999.0 -9999.0 -9999.0 -9999.0 -9999.0 -9999.0 -9999.0 -9999.0 -9999.0 -9999.0 -9999.0 -9999.0 -9999.0
-9999.0 -9999.0 -9999.0 -9999.0 -9999.0 -9999.0 -9999.0 -9999.0 -9999.0 -9999.0 -9999.0 -9999.0 -9999.0 -9999.0 -156.740656 -166.752875 -169.607887 -160.872247 -126.837421 -96.614931 -83.973405 -91.356102 -91.152865 -114.374207 -134.235848 -119.682098 -89.698400 -57.393880 -21.916841 -0.208803 -11.947026 -13.878519 -2.475463 26.200019 42.034213 40.154968 19.101101 42.488979 60.107982 71.262557 71.776678 64.126060 79.931407 97.168590 90.241219 71.204070 73.149235 83.917020 97.387566 79.805717 11.974439 -11.007413 -15.876531 -23.853827 -38.465712 -45.829807 -21.488770 -21.071955 -29.772256 -48.148884 -80.758565 -124.945009 -143.080884 -104.776837 -60.564321 -2.707350 -9999.0 -9999.0 -9999.0 -9999.0 -9999.0 -9999.0 -9999.0 -9999.0 -9999.0 -9999.0 -9999.0 -9999.0 -9999.0 -9999.0
-9999.0 -9999.0 -9999.0 -9999.0 -9999.0 -9999.0 -9999.0 -9999.0 -9999.0 -214.181084 -210.398702 -203.209386 -201.256351 -185.491815 -187.198590 -180.051803 -171.964411 -145.333882 -113.786028 -78.152032 -48.698742 -57.906083 -56.762189 -43.814057 -36.186674 -22.032095 0.691277 44.199889 90.719198 136.634440 110.089659 109.690033 131.665684 185.524339 228.247318 240.416436 219.643651 224.964721 255.322828 286.540130 291.623968 292.690429 321.652051 337.553174 342.376813 319.391943 295.131731 290.064920 314.788465 254.601676 179.934570 120.272698 117.158528 81.288456 35.986607 11.092556 6.624316 27.345123 10.677225 -28.182525 -65.733546 -76.126556 -93.321053 -77.327304 -55.032814 -8.291941 30.198967 58.707353 58.691859 41.188549 -9999.0 -9999.0 -9999.0 -9999.0 -9999.0 -9999.0 -9999.0 -9999.0 -9999.0 -9999.0
-9999.0 -9999.0 -9999.0 -9999.0 -9999.0 -9999.0 -292.889569 -284.039764 -264.279968 -258.825212 -234.303227 -226.646203 -205.895864 -186.217321 -165.067926 -147.474803 -115.763422 -82.047283 -39.035239 7.160664 42.199864 40.409763 53.836681 92.039618 139.786177 176.176799 205.510036 253.880469 345.298935 398.586681 415.677771 424.097171 434.961649 480.160146 543.002693 563.543809 540.008021 524.109897 544.141966 585.183631 609.483744 615.033326 624.506259 633.427518 658.331970 646.755468 591.455461 567.680604 559.525262 544.603125 489.304149 427.349392 380.461937 321.855774 226.408298 159.659253 156.691345 169.622043 133.778918 74.811558 28.182147 15.007147 -1.586748 -17.129182 -12.778681 5.816858 28.471432 39.385955 26.518961 5.641694 -17.554005 -46.397804 -44.740352 -19.343182 -9999.0 -9999.0 -9999.0 -9999.0 -9999.0 -9999.0
-9999.0 -9999.0 -9999.0 -9999.0 -342.568099 -330.191164 -341.926528 -318.218357 -286.177408 -252.741991 -220.011005 -182.051738 -154.092604 -123.230658 -80.070332 -39.931764 7.442889 47.119243 108.103055 184.845776 246.847984 282.830634 308.759021 378.932542 444.436006 495.564330 515.521284 544.947833 593.325614 667.615477 698.315995 706.645821 720.686690 751.870884 792.947241 827.441135 811.387751 805.461505 810.153964 821.830725 849.321337 852.175233 854.393493 855.701903 858.338296 857.082313 831.411801 797.152135 781.951808 771.093591 745.552537 683.003107 627.325150 591.404851 560.055859 512.132494 444.838755 419.558923 355.186042 288.180702 208.798864 176.494808 138.552346 107.189236 72.067396 69.629112 70.171829 48.617448 16.716260 -15.845987 -31.091174 -49.874929 -60.178934 -30.308561 -12.596748 18.381711 -9999.0 -9999.0 -9999.0 -9999.0
-9999.0 -9999.0 -400.733433 -350.939288 -295.033148 -286.398961 -284.269845 -278.969032 -251.527462 -199.936783 -119.949516 -64.600232 -16.288818 18.814185 84.811941 178.328936 269.513589 330.605986 397.105224 466.005394 527.706527 568.170537 602.198471 644.332626 694.114122 746.123987 767.740677 794.840728 826.731955 860.469719 881.697758 897.307753 903.353731 901.686334 903.418874 903.335292 899.739730 894.488582 876.909748 874.473962 882.489158 886.508828 889.446677 876.920111 872.942599 885.255195 886.952404 885.959368 885.992362 893.083147 900.726079 867.750168 818.056769 800.059468 789.994757 752.412186 690.158301 635.111797 607.909493 564.351744 485.465104 431.027697 373.871432 312.820872 245.795026 202.334996 147.138302 100.448345 51.832433 4.957728 -19.210231 -37.950920 -40.388879 -39.954170 -23.906708 -8.262399 7.191928 15.033660 -9999.0 -9999.0
-9999.0 -500.060496 -427.461290 -299.925684 -220.661074 -174.952218 -134.447598 -104.595147 -77.640381 -58.602597 56.387878 172.012088 277.083359 318.557481 379.659716 482.053426 587.054506 631.905005 665.069836 714.127182 768.952052 814.240111 844.602201 870.825414 899.459251 902.017277 901.380117 902.680841 897.082265 890.280281 880.946830 887.893058 885.087950 868.309843 854.123260 851.365370 844.658185 818.949495 790.467149 776.352984 779.837030 801.042502 790.361963 770.557641 766.966305 787.057043 804.194966 796.128922 784.477331 801.214057 836.769273 858.645776 872.990742 887.158155 907.396838 884.949580 853.083405 811.611743 791.635751 761.776342 695.559804 631.327018 576.123593 512.044905 444.262551 368.975133 294.405447 221.763761 147.229271 102.753482 68.747958 15.321346 -8.655526 -7.814871 -17.335787 -20.051381 -13.585245 -7.162827 -9999.0 -9999.0
-9999.0 -572.667331 -429.233225 -243.071264 -94.744131 -29.223861 92.945572 185.098832 221.178205 200.350154 328.031658 561.948383 650.717819 664.007184 728.952825 807.221278 843.492725 872.242573 890.469153 890.034678 890.165562 896.116892 894.350121 887.585011 874.122524 866.604726 865.354395 861.891346 842.420970 822.795162 805.331567 801.353627 783.240208 745.784379 714.928900 698.313277 678.842232 648.497555 610.269833 582.087616 568.070337 585.986323 576.754239 558.923739 555.326239 578.863873 612.334287 607.643977 614.024932 637.272996 680.596012 728.361437 752.293763 780.111646 817.396546 860.581577 878.946892 898.888645 904.077701 881.348869 837.834116 786.245700 752.404622 681.901633 606.670252 525.853771 462.139165 401.144930 327.271844 271.221919 213.362339 148.122191 85.686537 54.960676 14.050134 -7.388174 -9999.0 -9999.0 -9999.0 -9999.0
-9999.0 -639.846895 -448.498570 -182.514731 82.804957 224.230152 432.334050 569.317180 647.515798 695.797941 728.108199 841.598996 867.212014 858.828983 845.137049 846.387993 860.168660 863.885155 860.127289 849.824486 838.756216 832.235261 832.218880 822.658897 812.624133 798.077478 784.803182 769.729039 722.068535 686.484180 653.779594 637.564622 600.648244 511.727636 470.250360 438.417655 381.950032 368.577528 353.806670 320.254705 297.765125 279.846647 299.572826 299.915426 301.000621 310.226638 333.791435 356.604195 402.230031 440.166941 484.726733 538.879238 574.469751 619.174922 669.619491 734.289885 766.999615 795.940473 842.024493 882.338353 904.592441 895.090689 865.207948 821.194341 751.382578 674.668655 621.589911 547.360155 482.456379 431.942567 389.412930 334.941074 257.399625 150.203552 103.391828 -9999.0 -9999.0 -9999.0 -9999.0 -9999.0
-9999.0 -796.963530 -529.006470 -231.832855 103.984936 432.653955 549.500468 712.368350 787.988741 730.267278 708.619138 739.366761 778.768816 785.569661 765.728441 758.468284 750.192223 750.252737 762.474747 734.449797 696.496955 680.432860 679.079847 666.316123 643.321342 624.755643 610.316694 588.210227 536.158057 486.580445 411.635874 382.311551 301.271163 225.121283 172.093665 119.817039 65.001424 60.958597 75.155462 57.101348 33.567216 14.215598 40.030953 55.864694 67.161239 57.955148 68.245173 105.133171 157.356744 205.623291 264.358400 330.288436 383.750227 438.363800 473.923725 528.602318 577.148361 625.522576 700.985324 785.646201 821.481544 855.948911 890.825067 905.020476 856.662747 804.285348 748.834306 673.390697 579.968252 534.539373 514.048800 483.098329 431.119795 -9999.0 -9999.0 -9999.0 -9999.0 -9999.0 -9999.0 -9999.0
-9999.0 -930.151757 -699.654188 -452.587606 -151.725543 92.093809 287.277938 411.029960 502.468962 492.594738 502.627810 531.949987 563.123729 585.488642 563.159439 527.289190 501.354605 505.101552 503.801798 479.452877 449.198278 434.287273 432.506632 424.194369 396.248937 377.513732 363.380963 336.172825 292.257220 226.813263 137.296464 64.765495 -0.550239 -38.826616 -70.897301 -105.151672 -144.571294 -134.567679 -120.509120 -125.467185 -138.058363 -142.636371 -113.085560 -94.671777 -84.594088 -97.514969 -78.794626 -51.390273 -8.736954 34.502497 84.783941 142.772390 200.815183 237.329957 259.416419 297.627589 349.128086 413.099357 500.858456 598.803277 675.350110 731.581328 782.154131 811.197753 826.991026 844.047791 819.595613 730.471844 587.806607 576.225167 577.850779 -9999.0 -9999.0 -9999.0 -9999.0 -9999.0 -9999.0 -9999.0 -9999.0 -9999.0
-9999.0 -9999.0 -936.285230 -747.185948 -588.764118 -402.314377 -249.973183 -140.129833 -62.069742 29.287220 121.198144 201.011074 247.239750 266.328603 246.391430 202.062730 174.056323 173.568811 163.622933 148.770393 123.464205 113.437057 103.251094 94.583631 80.238850 71.652001 64.906240 51.910129 26.754144 -22.860458 -77.377724 -130.751862 -186.263623 -212.171014 -234.635284 -257.578669 -261.227064 -263.181279 -256.439484 -255.318069 -250.009529 -238.309865 -217.551935 -196.188266 -186.789674 -179.696866 -167.116274 -143.377153 -110.089899 -68.817733 -15.916456 40.722180 80.125288 93.537517 85.761145 94.423347 120.685576 172.292583 272.342242 375.159413 472.354657 545.375377 617.780340 667.674268 686.161390 711.856255 726.819260 642.989922 374.451170 508.967753 -9999.0 -9999.0 -9999.0 -9999.0 -9999.0 -9999.0 -9999.0 -9999.0 -9999.0 -9999.0
-9999.0 -9999.0 -9999.0 -9999.0 -890.437822 -733.826010 -640.111986 -557.800673 -436.265613 -326.709877 -234.316335 -157.367945 -103.747789 -79.833463 -91.031513 -96.676479 -105.098519 -109.027742 -117.788369 -123.274595 -128.954564 -137.005660 -148.700142 -156.566593 -157.586501 -154.387362 -156.808156 -170.329447 -186.822814 -214.331091 -238.634443 -274.160145 -311.402353 -340.679334 -353.770784 -360.676292 -360.429365 -365.956696 -356.403623 -350.027198 -335.155737 -319.726820 -295.724327 -267.426633 -254.860788 -240.693658 -231.000558 -210.165985 -180.150419 -127.438558 -65.302288 -9.427099 24.275492 27.527143 1.042012 -14.943912 -17.723754 11.959419 63.171261 140.306664 255.425291 344.635507 416.435162 465.151004 498.406459 545.123939 588.515380 604.375634 -9999.0 -9999.0 -9999.0 -9999.0 -9999.0 -9999.0 -9999.0 -9999.0 -9999.0 -9999.0 -9999.0 -9999.0
-9999.0 -9999.0 -9999.0 -9999.0 -9999.0 -9999.0 -945.995396 -851.474348 -765.013210 -643.352373 -529.864519 -437.837064 -363.238085 -338.083242 -320.414048 -298.075256 -302.593113 -319.552107 -336.176884 -319.647969 -310.035604 -315.000504 -342.607747 -344.122043 -340.641260 -331.358695 -332.612885 -338.751550 -363.621662 -355.431501 -356.843710 -379.949522 -406.065719 -420.429979 -431.929468 -421.858558 -420.964896 -433.453347 -431.002283 -404.861777 -385.106454 -371.624788 -349.087424 -315.978461 -284.080074 -269.878519 -268.998026 -262.860793 -221.431957 -151.286351 -81.367637 -28.345190 1.958955 8.665505 -20.599828 -62.377582 -84.563219 -78.309051 -43.516495 11.393131 91.886953 147.202539 184.244256 210.839953 244.679908 350.248677 -9999.0 -9999.0 -9999.0 -9999.0 -9999.0 -9999.0 -9999.0 -9999.0 -9999.0 -9999.0 -9999.0 -9999.0 -9999.0 -9999.0
-9999.0 -9999.0 -9999.0 -9999.0 -9999.0 -9999.0 -9999.0 -9999.0 -9999.0 -9999.0 -9999.0 -9999.0 -9999.0 -9999.0 -9999.0 -9999.0 -9999.0 -9999.0 -9999.0 -9999.0 -9999.0 -9999.0 -9999.0 -9999.0 -9999.0 -9999.0 -9999.0 -9999.0 -9999.0 -9999.0 -9999.0 -9999.0 -9999.0 -9999.0 -9999.0 -9999.0 -9999.0 -9999.0 -9999.0 -9999.0 -9999.0 -9999.0 -9999.0 -9999.0 -9999.0 -9999.0 -9999.0 -9999.0 -9999.0 -9999.0 -9999.0 -9999.0 -9999.0 -9999.0 -9999.0 -9999.0 -9999.0 -9999.0 -9999.0 -9999.0 -9999.0 -9999.0 -9999.0 -9999.0 -9999.0 -9999.0 -9999.0 -9999.0 -9999.0 -9999.0 -9999.0 -9999.0 -9999.0 -9999.0 -9999.0 -9999.0 -9999.0 -9999.0 -9999.0 -9999.0
-9999.0 -9999.0 -9999.0 -9999.0 -9999.0 -9999.0 -9999.0 -9999.0 -9999.0 -9999.0 -9999.0 -9999.0 -9999.0 -9999.0 -9999.0 -9999.0 -9999.0 -9999.0 -9999.0 -9999.0 -9999.0 -9999.0 -9999.0 -9999.0 -9999.0 -9999.0 -9999.0 -9999.0 -9999.0 -9999.0 -9999.0 -9999.0 -9999.0 -9999.0 -9999.0 -9999.0 -9999.0 -9999.0 -9999.0 -9999.0 -9999.0 -9999.0 -9999.0 -9999.0 -9999.0 -9999.0 -9999.0 -9999.0 -9999.0 -9999.0 -9999.0 -9999.0 -9999.0 -9999.0 -9999.0 -9999.0 -9999.0 -9999.0 -9999.0 -9999.0 -9999.0 -9999.0 -9999.0 -9999.0 -9999.0 -9999.0 -9999.0 -9999.0 -9999.0 -9999.0 -9999.0 -9999.0 -9999.0 -9999.0 -9999.0 -9999.0 -9999.0 -9999.0 -9999.0 -9999.0