Borden_/Borden1m_014/output_maps/psiliqL0011N0017.asc
ncols         80
nrows         18
xllcorner     620200.000000
yllcorner     5168000.000000
cellsize      1.000000
NODATA_value  -9999.0
-9999.0 -9999.0 -9999.0 -9999.0 -9999.0 -9999.0 -9999.0 -9999.0 -9999.0 -9999.0 -9999.0 -9999.0 -9999.0 -9999.0 -9999.0 -9999.0 -9999.0 -9999.0 -9999.0 -9999.0 -9999.0 -9999.0 -9999.0 -9999.0 -9999.0 -9999.0 -9999.0 -9999.0 -9999.0 -9999.0 -9999.0 -9999.0 -9999.0 -9999.0 -9999.0 -9999.0 -9999.0 -9999.0 -9999.0 -9999.0 -9999.0 -9999.0 -9999.0 -9999.0 -9999.0 -9999.0 -9999.0 -9999.0 -9999.0 -9999.0 -9999.0 -9999.0 -9999.0 -9999.0 -9999.0 -9999.0 -9999.0 -9999.0 -9999.0 -9999.0 -9999.0 -9999.0 -9999.0 -9999.0 -9999.0 -9999.0 -9999.0 -9999.0 -9999.0 -9999.0 -9999.0 -9999.0 -9999.0 -9999.0 -9999.0 -9999.0 -9999.0 -9999.0 -9999.0 -9999.0
-9999.0 -9999.0 -9999.0 -9999.0 -9999.0 -9999.0 -9999.0 -9999.0 -9999.0 -9999.0 -9999.0 -9999.0 -9999.0 -9999.0 -9999.0 -9999.0 -9999.0 -9999.0 -9999.0 -9999.0 -9999.0 -9999.0 -9999.0 -9999.0 -9999.0 -9999.0 -9999.0 -9999.0 -9999.0 -9999.0 -9999.0 -9999.0 -9999.0 -9999.0 -9999.0 -9999.0 -9999.0 -9999.0 -9999.0 -9999.0 -9999.0 -9999.0 -9999.0 -9999.0 -9999.0 -9999.0 -9999.0 -9999.0 -9999.0 -9999.0 -9999.0 -9999.0 -9999.0 -9999.0 -9999.0 -9999.0 -9999.0 -9999.0 -9999.0 -9999.0 -9999.0 -9999.0 -9999.0 -9999.0 -9999.0 -9999.0 -9999.0 -9999.0 -9999.0 -9999.0 -9999.0 -9999.0 -9999.0 -9999.0 -9999.0 -9999.0 -9999.0 -9999.0 -9999.0 -9999.0
-9999.0 -9999.0 -9999.0 -9999.0 -9999.0 -9999.0 -9999.0 -9999.0 -9999.0 -9999.0 -9999.0 -9999.0 -9999.0 -9999.0 -9999.0 -9999.0 -9999.0 -9999.0 -9999.0 -9999.0 340.340921 343.423260 321.494951 288.240284 260.775702 263.697234 299.437770 341.498122 380.485633 391.611229 374.737802 378.085238 374.935237 375.905318 379.948839 387.266831 391.339219 403.059644 411.618125 411.181853 404.819221 399.198696 398.659133 401.955493 407.189826 397.414541 411.343596 426.791142 432.425608 426.454201 397.820493 380.274243 369.782222 353.124087 376.259245 387.293268 409.081390 412.233118 409.766504 381.924389 351.325571 -9999.0 -9999.0 -9999.0 -9999.0 -9999.0 -9999.0 -9999.0 -9999.0 -9999.0 -9999.0 -9999.0 -9999.0 -9999.0 -9999.0 -9999.0 -9999.0 -9999.0 -9999.0 -9999.0
-9999.0 -9999.0 -9999.0 -9999.0 -9999.0 -9999.0 -9999.0 -9999.0 -9999.0 -9999.0 -9999.0 -9999.0 -9999.0 -9999.0 247.383282 237.909524 235.651084 244.951327 279.623009 310.615525 323.382808 316.486762 317.324796 294.839402 275.763820 291.183651 321.969636 354.541947 389.990376 411.685818 401.322868 401.113206 414.231698 443.468141 459.034826 457.426858 437.738618 461.180179 477.249182 485.972351 484.736714 475.884042 489.612015 505.770350 499.188966 481.976775 486.768783 499.172388 512.621385 497.106781 430.716769 407.302485 400.027296 390.634537 375.059776 367.106299 390.738482 389.772277 380.094703 360.980442 327.663508 283.063979 264.160710 302.113052 345.718743 402.938242 -9999.0 -9999.0 -9999.0 -9999.0 -9999.0 -9999.0 -9999.0 -9999.0 -9999.0 -9999.0 -9999.0 -9999.0 -9999.0 -9999.0
-9999.0 -9999.0 -9999.0 -9999.0 -9999.0 -9999.0 -9999.0 -9999.0 -9999.0 188.859741 193.165762 200.740505 203.264968 219.447212 217.932847 225.699030 234.147423 261.888195 294.503186 331.251852 361.367802 353.065364 355.076415 368.823208 377.576423 392.934553 416.108280 458.086003 501.178591 545.712650 521.121465 524.198397 551.196726 605.469672 643.318266 652.503405 635.091796 641.861542 666.799024 689.176648 687.387311 684.570501 709.184744 723.437555 727.553140 708.307692 694.407397 695.333783 721.797336 669.268481 600.918282 541.744359 534.327420 497.067757 453.847482 430.044948 424.510115 442.593662 424.352748 384.711861 346.629164 334.935765 316.441323 331.861314 353.275002 399.105876 437.224032 465.018946 464.181612 446.242023 -9999.0 -9999.0 -9999.0 -9999.0 -9999.0 -9999.0 -9999.0 -9999.0 -9999.0 -9999.0
-9999.0 -9999.0 -9999.0 -9999.0 -9999.0 -9999.0 109.883897 119.263276 139.550381 144.967916 170.187402 178.200628 199.432761 219.649666 241.876129 260.162646 292.421936 327.451208 372.042318 419.705445 454.910235 452.540046 466.115227 505.527163 558.069518 595.733453 623.273298 664.158121 744.458176 795.704114 815.904044 833.768568 863.167652 915.313669 975.779257 990.188474 971.245380 957.183883 973.970878 1005.058591 1009.239131 1008.423998 1016.206184 1025.201051 1051.996504 1045.365775 1009.491046 998.518407 997.983926 986.383237 930.301348 859.705787 794.660567 730.171214 642.587566 582.601571 580.700035 589.171143 550.242608 490.975248 445.738258 431.680008 412.878590 395.972088 399.353186 416.639280 437.877632 447.735636 433.797225 411.985476 388.325295 358.662916 359.587047 384.342804 -9999.0 -9999.0 -9999.0 -9999.0 -9999.0 -9999.0
-9999.0 -9999.0 -9999.0 -9999.0 59.826031 72.763192 61.194980 85.881759 118.664526 152.876661 185.875132 224.112308 252.612110 284.443781 328.438742 368.635359 415.053049 455.408126 519.286402 599.359594 657.174115 685.722959 706.453764 782.350621 873.122869 934.955393 955.415053 978.312729 1015.309530 1074.909517 1106.228214 1120.457330 1149.195131 1184.420670 1223.732358 1251.634696 1236.249985 1230.172856 1233.871905 1241.453319 1261.787574 1261.311790 1262.393699 1264.277625 1268.738259 1270.141904 1251.291459 1225.591164 1217.549285 1212.102080 1187.850511 1115.972940 1063.356332 1029.846384 1001.180408 954.154099 884.438813 847.684161 768.729938 701.849845 632.623590 601.941497 559.053284 525.002912 489.316249 485.260248 484.314309 461.187380 427.431365 393.468062 376.940982 356.802965 345.011893 373.897145 390.729410 420.850358 -9999.0 -9999.0 -9999.0 -9999.0
-9999.0 -9999.0 0.620736 50.423039 107.404040 116.960716 119.424345 125.733938 154.227290 206.749952 285.999855 340.652801 387.307813 423.556394 490.781844 583.060741 662.860672 720.923261 800.746109 892.817520 959.374066 991.502758 1009.060184 1052.448799 1117.540885 1182.364580 1205.813975 1225.701196 1248.851365 1277.462686 1295.270294 1312.457527 1323.627214 1325.123253 1327.091982 1325.733874 1321.484683 1316.916989 1299.730209 1296.077546 1301.820476 1304.807550 1307.206646 1295.269175 1292.187379 1305.806818 1310.703169 1314.100188 1318.531202 1328.313818 1334.434678 1297.364850 1252.843270 1238.742012 1232.234713 1193.243659 1129.406216 1080.190965 1052.378010 1012.007743 939.503073 880.213691 800.587117 733.023523 668.820959 623.505678 567.421151 519.408563 468.538897 419.380018 393.098881 372.195189 367.487823 365.730641 380.274483 394.664523 409.220619 416.602004 -9999.0 -9999.0
-9999.0 -100.375957 -27.473322 100.404819 181.318002 228.629372 268.502312 297.270727 325.327518 347.900908 459.264636 564.993947 660.195156 701.323084 769.600207 887.327657 981.464347 1028.489657 1074.394239 1138.006588 1197.794822 1238.067302 1261.781649 1282.755434 1317.157407 1326.478583 1327.347988 1327.889949 1321.400311 1313.562110 1304.639781 1312.123215 1310.977600 1295.162651 1280.156972 1275.365523 1266.867009 1243.665201 1218.618726 1206.024267 1208.524831 1228.625731 1218.682682 1201.098930 1198.293098 1217.562183 1235.610943 1231.355750 1226.097788 1247.014661 1279.523795 1297.992033 1309.585314 1324.445125 1343.773662 1318.904459 1288.128546 1249.779132 1233.224430 1209.912438 1159.384557 1098.626597 1037.540271 973.944782 900.096284 803.218599 721.861767 649.797588 572.365718 524.818320 488.034504 431.005011 403.552260 400.608419 388.496521 383.791012 388.686766 394.496829 -9999.0 -9999.0
-9999.0 -175.899619 -32.194324 154.784414 305.991621 374.135958 496.174722 583.295759 613.156565 592.430366 708.536700 940.229914 1036.718896 1054.607942 1128.320139 1216.961035 1247.030091 1278.763484 1303.025298 1311.559730 1316.951938 1323.115491 1319.222678 1312.232951 1298.788011 1292.267740 1292.278826 1290.929387 1276.102253 1258.949821 1241.262162 1236.266030 1220.428697 1183.826727 1151.617841 1129.315937 1102.203145 1075.230543 1040.541767 1014.656474 1001.467498 1018.909625 1011.084066 995.072174 991.795983 1014.058391 1047.954622 1047.828969 1064.647024 1099.771181 1144.837161 1183.526420 1203.986811 1231.790886 1263.390930 1300.313443 1314.410140 1334.295798 1338.950395 1319.782890 1282.645953 1239.345624 1210.783624 1154.804372 1084.720581 1002.088920 934.431354 862.761191 767.183322 705.717211 646.624659 573.334692 504.255768 467.055999 421.637641 397.860013 -9999.0 -9999.0 -9999.0 -9999.0
-9999.0 -247.435764 -56.357717 209.001876 482.819418 622.448342 853.757194 988.842220 1048.772306 1113.209472 1120.297502 1242.521756 1272.692408 1267.080223 1261.237331 1267.171842 1283.382038 1288.954112 1288.012329 1282.324433 1276.842576 1273.868189 1271.019886 1260.300025 1245.821633 1231.245432 1220.388118 1211.158941 1179.022434 1145.644106 1104.524260 1080.796327 1040.181046 953.534247 910.957091 868.339488 787.300695 767.750288 753.034215 720.491696 699.949684 682.298152 702.223971 704.367465 706.160454 713.319249 736.132711 765.467776 827.034848 888.769261 941.076145 994.078721 1032.333871 1085.384680 1134.515070 1187.081081 1213.478494 1240.215431 1281.813955 1318.933606 1342.367824 1335.121985 1310.454300 1274.882011 1217.328768 1160.110963 1118.037117 1049.673646 983.160364 928.536407 871.173027 781.578769 686.630389 565.660111 513.012479 -9999.0 -9999.0 -9999.0 -9999.0 -9999.0
-9999.0 -413.289323 -144.077423 152.443892 487.414332 836.683707 972.852826 1118.156979 1190.117759 1150.631759 1148.739204 1170.501184 1206.902189 1213.843687 1198.331437 1194.949909 1188.494172 1190.506169 1205.106046 1184.941351 1160.426054 1148.063512 1144.412650 1120.245079 1085.384555 1062.355792 1048.276221 1029.249551 983.972533 932.600148 841.474272 794.608198 706.009532 639.811637 590.891282 535.735071 475.462167 468.842778 482.522798 465.301960 442.462941 423.796391 449.833424 466.451199 478.253346 468.771715 479.712087 518.817258 575.325399 628.989861 685.674898 747.831233 809.604852 887.492960 929.589981 980.347957 1026.307282 1077.435695 1154.542986 1230.877824 1265.297238 1298.101726 1333.166653 1351.763367 1308.428710 1267.870006 1231.434902 1187.547726 1119.793375 1084.711927 1056.181132 988.177049 916.351283 -9999.0 -9999.0 -9999.0 -9999.0 -9999.0 -9999.0 -9999.0
-9999.0 -544.492150 -317.234040 -74.325221 224.954724 473.934540 672.927066 810.240766 894.690234 917.154514 944.248783 973.867158 1002.069965 1023.792675 1004.269133 971.480685 947.805864 953.386294 952.792513 931.755788 904.988238 889.132118 881.023026 857.213209 810.873710 783.629367 766.491632 739.066006 700.102730 640.908330 552.999298 475.799555 409.081560 372.202743 339.915631 304.201380 263.844539 272.647113 285.694166 281.003678 269.065394 265.126706 294.750909 313.594651 323.908328 311.732328 331.276775 359.752988 404.210609 449.991280 501.483901 559.772867 619.386169 659.851839 681.631878 714.537082 765.337038 843.127275 946.344390 1048.302415 1133.300944 1185.763724 1236.547702 1270.562685 1285.576805 1305.677795 1290.656305 1223.884274 1120.685712 1150.475297 1161.978037 -9999.0 -9999.0 -9999.0 -9999.0 -9999.0 -9999.0 -9999.0 -9999.0 -9999.0
-9999.0 -9999.0 -554.045982 -368.127193 -214.605012 -27.077999 128.634625 244.046898 329.461863 432.427418 531.412317 610.247042 652.216961 669.540417 654.146103 618.306819 595.306406 595.845244 586.492112 573.446474 549.305684 537.781762 523.816001 509.860263 491.241621 480.319571 472.447016 459.275044 435.042108 386.127111 331.950362 277.240251 221.132525 194.621659 171.679338 148.404385 144.715163 141.719142 147.908658 149.069133 154.848185 166.869507 187.524155 209.184376 218.833374 226.640825 239.568503 263.962465 298.239438 341.134771 395.565699 453.648450 494.761095 510.304967 503.812813 512.642402 539.549166 593.573952 691.209925 798.614549 919.965456 1001.611692 1083.951604 1147.584749 1170.623142 1191.781011 1213.707503 1150.999883 785.233967 1068.791822 -9999.0 -9999.0 -9999.0 -9999.0 -9999.0 -9999.0 -9999.0 -9999.0 -9999.0 -9999.0
-9999.0 -9999.0 -9999.0 -9999.0 -512.565675 -355.039488 -258.570948 -173.836242 -47.562551 67.299659 164.006964 243.542253 299.952525 324.898192 316.329603 314.622367 307.728521 303.221478 293.960783 289.303801 284.087781 274.939588 260.912183 251.327184 249.174951 251.758596 248.672855 234.727871 217.576031 191.087890 167.242478 131.297560 93.753780 63.999514 50.518336 43.634519 43.482299 37.399792 46.637889 53.270297 68.281275 83.739926 107.792940 136.396491 149.403596 163.866163 173.781452 194.853233 225.467963 279.082476 342.457548 399.712160 434.938593 439.661739 414.868390 400.225974 398.933844 430.886388 483.769094 563.159167 679.940839 770.419739 860.384932 931.634200 975.099690 1029.509613 1106.190138 1151.205071 -9999.0 -9999.0 -9999.0 -9999.0 -9999.0 -9999.0 -9999.0 -9999.0 -9999.0 -9999.0 -9999.0 -9999.0
-9999.0 -9999.0 -9999.0 -9999.0 -9999.0 -9999.0 -565.111051 -468.255360 -382.244085 -253.002297 -132.886365 -36.987757 39.735066 67.207397 87.702179 111.689689 107.966015 90.360309 72.715417 89.631257 99.936451 93.955433 64.728380 62.694823 65.896637 74.485745 72.689080 66.233978 41.058906 49.874609 48.689998 25.176787 -1.214494 -15.686528 -27.469708 -17.697694 -17.115164 -29.979391 -28.067703 -1.778041 18.124994 31.564004 53.987485 87.251418 119.397922 133.985880 135.151549 141.515622 182.887057 253.494692 324.558654 378.891228 410.451414 418.285437 390.410751 350.013035 329.507064 337.931528 375.590653 433.730946 517.520724 576.874861 620.863450 654.335340 687.946064 787.557153 -9999.0 -9999.0 -9999.0 -9999.0 -9999.0 -9999.0 -9999.0 -9999.0 -9999.0 -9999.0 -9999.0 -9999.0 -9999.0 -9999.0
-9999.0 -9999.0 -9999.0 -9999.0 -9999.0 -9999.0 -9999.0 -9999.0 -9999.0 -9999.0 -9999.0 -9999.0 -9999.0 -9999.0 -9999.0 -9999.0 -9999.0 -9999.0 -9999.0 -9999.0 -9999.0 -9999.0 -9999.0 -9999.0 -9999.0 -9999.0 -9999.0 -9999.0 -9999.0 -9999.0 -9999.0 -9999.0 -9999.0 -9999.0 -9999.0 -9999.0 -9999.0 -9999.0 -9999.0 -9999.0 -9999.0 -9999.0 -9999.0 -9999.0 -9999.0 -9999.0 -9999.0 -9999.0 -9999.0 -9999.0 -9999.0 -9999.0 -9999.0 -9999.0 -9999.0 -9999.0 -9999.0 -9999.0 -9999.0 -9999.0 -9999.0 -9999.0 -9999.0 -9999.0 -9999.0 -9999.0 -9999.0 -9999.0 -9999.0 -9999.0 -9999.0 -9999.0 -9999.0 -9999.0 -9999.0 -9999.0 -9999.0 -9999.0 -9999.0 -9999.0
-9999.0 -9999.0 -9999.0 -9999.0 -9999.0 -9999.0 -9999.0 -9999.0 -9999.0 -9999.0 -9999.0 -9999.0 -9999.0 -9999.0 -9999.0 -9999.0 -9999.0 -9999.0 -9999.0 -9999.0 -9999.0 -9999.0 -9999.0 -9999.0 -9999.0 -9999.0 -9999.0 -9999.0 -9999.0 -9999.0 -9999.0 -9999.0 -9999.0 -9999.0 -9999.0 -9999.0 -9999.0 -9999.0 -9999.0 -9999.0 -9999.0 -9999.0 -9999.0 -9999.0 -9999.0 -9999.0 -9999.0 -9999.0 -9999.0 -9999.0 -9999.0 -9999.0 -9999.0 -9999.0 -9999.0 -9999.0 -9999.0 -9999.0 -9999.0 -9999.0 -9999.0 -9999.0 -9999.0 -9999.0 -9999.0 -9999.0 -9999.0 -9999.0 -9999.0 -9999.0 -9999.0 -9999.0 -9999.0 -9999.0 -9999.0 -9999.0 -9999.0 -9999.0 -9999.0 -9999.0