Borden_/Borden1m_014/output_maps/psiliqL0017N0023.asc
ncols         80
nrows         18
xllcorner     620200.000000
yllcorner     5168000.000000
cellsize      1.000000
NODATA_value  -9999.0
-9999.0 -9999.0 -9999.0 -9999.0 -9999.0 -9999.0 -9999.0 -9999.0 -9999.0 -9999.0 -9999.0 -9999.0 -9999.0 -9999.0 -9999.0 -9999.0 -9999.0 -9999.0 -9999.0 -9999.0 -9999.0 -9999.0 -9999.0 -9999.0 -9999.0 -9999.0 -9999.0 -9999.0 -9999.0 -9999.0 -9999.0 -9999.0 -9999.0 -9999.0 -9999.0 -9999.0 -9999.0 -9999.0 -9999.0 -9999.0 -9999.0 -9999.0 -9999.0 -9999.0 -9999.0 -9999.0 -9999.0 -9999.0 -9999.0 -9999.0 -9999.0 -9999.0 -9999.0 -9999.0 -9999.0 -9999.0 -9999.0 -9999.0 -9999.0 -9999.0 -9999.0 -9999.0 -9999.0 -9999.0 -9999.0 -9999.0 -9999.0 -9999.0 -9999.0 -9999.0 -9999.0 -9999.0 -9999.0 -9999.0 -9999.0 -9999.0 -9999.0 -9999.0 -9999.0 -9999.0
-9999.0 -9999.0 -9999.0 -9999.0 -9999.0 -9999.0 -9999.0 -9999.0 -9999.0 -9999.0 -9999.0 -9999.0 -9999.0 -9999.0 -9999.0 -9999.0 -9999.0 -9999.0 -9999.0 -9999.0 -9999.0 -9999.0 -9999.0 -9999.0 -9999.0 -9999.0 -9999.0 -9999.0 -9999.0 -9999.0 -9999.0 -9999.0 -9999.0 -9999.0 -9999.0 -9999.0 -9999.0 -9999.0 -9999.0 -9999.0 -9999.0 -9999.0 -9999.0 -9999.0 -9999.0 -9999.0 -9999.0 -9999.0 -9999.0 -9999.0 -9999.0 -9999.0 -9999.0 -9999.0 -9999.0 -9999.0 -9999.0 -9999.0 -9999.0 -9999.0 -9999.0 -9999.0 -9999.0 -9999.0 -9999.0 -9999.0 -9999.0 -9999.0 -9999.0 -9999.0 -9999.0 -9999.0 -9999.0 -9999.0 -9999.0 -9999.0 -9999.0 -9999.0 -9999.0 -9999.0
-9999.0 -9999.0 -9999.0 -9999.0 -9999.0 -9999.0 -9999.0 -9999.0 -9999.0 -9999.0 -9999.0 -9999.0 -9999.0 -9999.0 -9999.0 -9999.0 -9999.0 -9999.0 -9999.0 -9999.0 1550.872973 1553.641292 1532.727171 1500.299200 1473.813736 1477.573503 1513.450947 1556.346643 1596.860502 1608.151772 1591.897370 1596.436195 1593.305977 1592.263482 1594.922274 1602.619360 1608.018707 1619.243924 1627.823090 1627.680060 1622.156773 1617.896565 1619.336408 1622.181821 1627.503264 1614.997491 1628.384112 1642.546245 1646.200852 1640.067575 1612.160789 1595.611516 1584.692398 1566.884031 1589.672753 1599.364412 1620.195173 1622.549543 1619.151639 1590.996418 1560.175510 -9999.0 -9999.0 -9999.0 -9999.0 -9999.0 -9999.0 -9999.0 -9999.0 -9999.0 -9999.0 -9999.0 -9999.0 -9999.0 -9999.0 -9999.0 -9999.0 -9999.0 -9999.0 -9999.0
-9999.0 -9999.0 -9999.0 -9999.0 -9999.0 -9999.0 -9999.0 -9999.0 -9999.0 -9999.0 -9999.0 -9999.0 -9999.0 -9999.0 1456.737748 1448.300144 1446.871482 1456.485359 1491.176049 1522.449501 1534.744765 1528.388108 1529.847290 1507.654770 1488.274120 1503.750792 1535.321925 1568.655586 1605.065787 1626.796359 1617.759055 1617.392932 1627.910952 1652.757145 1664.998654 1662.607756 1643.899941 1667.952306 1683.553599 1691.767633 1691.876182 1684.085825 1696.482937 1711.862399 1704.629717 1687.220483 1692.815208 1704.243890 1714.634894 1700.802331 1636.986670 1617.557526 1611.052717 1602.477552 1586.330295 1578.501083 1602.553393 1600.424958 1590.521648 1571.152555 1537.141623 1492.104852 1472.285965 1509.953958 1552.240257 1608.012270 -9999.0 -9999.0 -9999.0 -9999.0 -9999.0 -9999.0 -9999.0 -9999.0 -9999.0 -9999.0 -9999.0 -9999.0 -9999.0 -9999.0
-9999.0 -9999.0 -9999.0 -9999.0 -9999.0 -9999.0 -9999.0 -9999.0 -9999.0 1395.364582 1401.072582 1409.529271 1413.351299 1430.290229 1428.726207 1437.240406 1445.220633 1474.033881 1506.391664 1542.587193 1572.206653 1564.889740 1566.897410 1577.540776 1580.872780 1593.903774 1617.417170 1659.416452 1699.564259 1741.768357 1714.750481 1714.201906 1734.630072 1780.984825 1811.684161 1817.592923 1799.453025 1810.259353 1835.276576 1856.537342 1856.595926 1854.542985 1880.163058 1894.542198 1893.441990 1872.123410 1861.282249 1862.005389 1886.731440 1834.468860 1767.421872 1718.471270 1722.750025 1692.322466 1655.087131 1634.919423 1630.717782 1648.801890 1632.174108 1593.523401 1556.140957 1543.253785 1524.146746 1540.268985 1560.813609 1605.252569 1642.727586 1669.756507 1667.668127 1649.123933 -9999.0 -9999.0 -9999.0 -9999.0 -9999.0 -9999.0 -9999.0 -9999.0 -9999.0 -9999.0
-9999.0 -9999.0 -9999.0 -9999.0 -9999.0 -9999.0 1314.860314 1325.511787 1347.066430 1352.290158 1379.250323 1387.672578 1409.639692 1430.313134 1453.841827 1471.480051 1502.458280 1536.886500 1578.775414 1622.679835 1655.857639 1651.486273 1663.481091 1693.953668 1732.424603 1761.111132 1787.726461 1829.569632 1907.494883 1951.328727 1958.100782 1964.450586 1975.539919 2025.197889 2089.105064 2102.904418 2082.185099 2067.714128 2088.681424 2125.616910 2130.908020 2132.996747 2145.293636 2155.460993 2180.976773 2170.030268 2129.534189 2115.997593 2114.893467 2096.204023 2032.738692 1969.486648 1936.324963 1884.345823 1799.682563 1746.054461 1754.355202 1771.927743 1741.391084 1685.606430 1643.894875 1631.850113 1615.060812 1600.607064 1605.729445 1623.200390 1643.373062 1652.744721 1637.799226 1614.900203 1590.868207 1560.801216 1561.572135 1585.839733 -9999.0 -9999.0 -9999.0 -9999.0 -9999.0 -9999.0
-9999.0 -9999.0 -9999.0 -9999.0 1263.593976 1277.402762 1265.741681 1292.445833 1326.497613 1362.176178 1394.852159 1432.553855 1461.189909 1493.187153 1534.537567 1568.717625 1611.046643 1648.204791 1704.266584 1773.593776 1825.658100 1849.824250 1866.822647 1926.664061 1989.413041 2042.527682 2064.728474 2093.793989 2140.424207 2202.301813 2230.761607 2238.434506 2256.992791 2294.412013 2343.690965 2377.722913 2360.516015 2351.821583 2358.341744 2370.740912 2394.870264 2396.967679 2399.405078 2402.402510 2407.245040 2405.285806 2379.456135 2345.124366 2329.876961 2319.607809 2287.746348 2217.259049 2177.324558 2145.035306 2107.526755 2053.902913 1992.095378 1977.578220 1918.100930 1858.130751 1795.797318 1774.143763 1742.565765 1715.690764 1685.805363 1686.219365 1687.796421 1665.160896 1630.401626 1596.115405 1579.334548 1558.963996 1546.333548 1575.262338 1591.750064 1621.091047 -9999.0 -9999.0 -9999.0 -9999.0
-9999.0 -9999.0 1202.623108 1251.284955 1309.431550 1319.118401 1319.745419 1326.897132 1357.025164 1410.800015 1485.663855 1535.302805 1577.309882 1613.674718 1675.008905 1753.324622 1825.530936 1876.159677 1939.421329 2012.051548 2075.670679 2109.870716 2128.239558 2169.690763 2225.671795 2290.019870 2318.009981 2345.598628 2379.199449 2415.269251 2424.050876 2438.277403 2447.986924 2453.165743 2460.797971 2463.345514 2457.708735 2450.935897 2431.200301 2426.470336 2433.398839 2439.713842 2440.918172 2427.482986 2423.580135 2437.276642 2441.489278 2440.190542 2439.071891 2445.948381 2447.839732 2406.610151 2372.357521 2355.468587 2342.910413 2297.096703 2231.193272 2189.757559 2164.982538 2119.816629 2041.469119 1990.719982 1939.537489 1890.507487 1837.518087 1806.500780 1758.820641 1714.610013 1665.986648 1617.600344 1592.090031 1572.468552 1568.341899 1566.484374 1581.385507 1595.502564 1609.940164 1617.244476 -9999.0 -9999.0
-9999.0 1097.585045 1170.115313 1296.230568 1377.215909 1422.061221 1451.153924 1472.371834 1502.906215 1533.063587 1636.208820 1718.948922 1810.527162 1851.373080 1903.850972 2002.701041 2099.271502 2148.079385 2189.480288 2249.408291 2312.293592 2362.113033 2392.330607 2398.770985 2434.998361 2452.229278 2456.681333 2461.202230 2459.002670 2451.784647 2443.829784 2450.022008 2446.043079 2426.662322 2410.105390 2406.270745 2399.399700 2372.840409 2341.696704 2324.999977 2326.368483 2349.872478 2337.210925 2316.494129 2312.940814 2334.845284 2356.002900 2348.230250 2337.394175 2356.976466 2392.880773 2416.366918 2425.268772 2442.433834 2463.135470 2436.724610 2409.304379 2366.174999 2345.002774 2314.980596 2255.804062 2194.413059 2138.690541 2077.345894 2010.772858 1943.472449 1879.465654 1816.597333 1749.032559 1705.843239 1672.807222 1621.326335 1599.286700 1599.388029 1589.153969 1584.808559 1589.470941 1595.168604 -9999.0 -9999.0
-9999.0 1013.759341 1155.811681 1339.718237 1488.495422 1545.659251 1641.432059 1717.925048 1745.771280 1715.174368 1823.868485 2043.690015 2152.725684 2173.841767 2249.477298 2342.210935 2356.767081 2391.301189 2415.857938 2430.938343 2443.185328 2455.427353 2455.161271 2450.662784 2436.236616 2428.272020 2426.372103 2422.775480 2404.314710 2384.082682 2365.255856 2359.513708 2338.895894 2292.485851 2258.350806 2239.614216 2220.876015 2199.577379 2165.495180 2136.687205 2119.806963 2133.813960 2128.192618 2112.048955 2108.639065 2131.111265 2164.251110 2162.853081 2174.361285 2197.939064 2238.624674 2279.469277 2303.312881 2335.055881 2373.517476 2419.560846 2434.538322 2456.688949 2460.687815 2443.170760 2397.884115 2343.849999 2308.232555 2244.627666 2171.940434 2093.416314 2028.365378 1965.592092 1894.934001 1846.882309 1797.819083 1738.017823 1682.923544 1659.626825 1618.778778 1598.440956 -9999.0 -9999.0 -9999.0 -9999.0
-9999.0 929.856171 1116.338228 1371.152248 1652.168335 1757.092184 1963.014343 2090.927842 2146.962577 2217.090081 2177.422637 2338.682314 2383.315698 2382.094870 2387.278994 2394.107150 2411.821736 2416.628062 2414.663397 2406.093134 2398.181250 2394.817966 2393.727466 2385.867380 2372.670988 2356.367913 2341.009718 2326.386700 2287.023149 2252.373520 2213.904776 2197.193766 2155.160333 2062.087324 2018.952654 1981.099508 1921.812700 1914.906008 1909.110925 1879.426776 1858.653465 1835.809808 1859.036995 1865.165694 1868.514816 1871.189146 1888.214679 1915.402152 1963.106085 2001.557504 2046.857460 2100.323904 2136.994615 2181.980962 2228.666606 2285.415462 2319.956287 2352.643382 2402.415464 2442.330390 2466.138780 2454.073147 2427.229844 2379.180587 2307.005380 2240.799855 2191.839171 2119.438987 2054.838651 2000.210820 1950.673151 1895.301712 1827.054758 1747.803117 1704.992608 -9999.0 -9999.0 -9999.0 -9999.0 -9999.0
-9999.0 741.105197 1008.060627 1291.720326 1598.387616 1930.790657 2074.458187 2198.126445 2270.494542 2242.441933 2253.973766 2273.398790 2316.965662 2327.871123 2310.420026 2302.992408 2292.369099 2293.736133 2307.906343 2282.613360 2253.804319 2240.596511 2239.856450 2227.212134 2202.297523 2183.914935 2170.427285 2148.159038 2098.923477 2046.589420 1963.100929 1929.882908 1851.401138 1797.619999 1754.039943 1704.111127 1653.241238 1651.671816 1668.678655 1653.658007 1630.852371 1612.220579 1639.238704 1657.961804 1670.921602 1659.502767 1669.379741 1706.486065 1757.146590 1802.332105 1852.897484 1908.581211 1956.497782 2005.200859 2037.557730 2088.048380 2137.735142 2186.359631 2261.633567 2342.389693 2381.800185 2417.760166 2449.883041 2465.353815 2412.878967 2364.225034 2313.441499 2254.201890 2175.878502 2127.037581 2096.126410 2045.922584 1986.513396 -9999.0 -9999.0 -9999.0 -9999.0 -9999.0 -9999.0 -9999.0
-9999.0 617.700751 831.312881 1053.290639 1331.257357 1568.718236 1770.750472 1877.881567 1957.249654 2001.231233 2040.866200 2076.786905 2108.218775 2132.683686 2113.511575 2074.949883 2047.392042 2052.829403 2048.633316 2026.060392 1997.317821 1982.634044 1979.384608 1971.516320 1945.976966 1930.294600 1918.092844 1893.891632 1860.122897 1803.935091 1725.116275 1651.360558 1590.558967 1560.046474 1530.964788 1498.671901 1463.886537 1473.580260 1485.187553 1481.580559 1471.270077 1468.598068 1497.623699 1516.896506 1527.264449 1516.413602 1536.255913 1563.347572 1605.346500 1649.161109 1698.896681 1754.720179 1809.377050 1839.229128 1853.340235 1878.961444 1919.541825 1975.019061 2062.255512 2158.330548 2238.251967 2288.587482 2341.109837 2376.977994 2392.096371 2403.290125 2382.193111 2308.784793 2209.236867 2195.136183 2185.158394 -9999.0 -9999.0 -9999.0 -9999.0 -9999.0 -9999.0 -9999.0 -9999.0 -9999.0
-9999.0 -9999.0 599.530430 772.408336 903.262242 1080.439997 1230.185262 1340.889780 1432.686637 1551.283468 1659.281703 1744.673069 1789.540105 1807.678002 1794.865130 1763.953618 1744.439372 1745.130740 1735.297206 1725.561514 1706.494305 1698.651849 1686.743050 1677.646491 1667.216147 1660.981461 1654.597219 1642.255247 1619.786854 1572.989048 1525.506892 1474.574352 1421.638265 1396.064436 1374.181017 1352.830754 1351.722485 1347.185743 1352.317937 1353.645249 1360.612228 1373.253976 1393.217234 1415.391296 1425.367400 1434.724492 1447.524141 1471.607554 1505.029742 1547.806913 1602.277931 1660.665069 1701.253244 1714.760350 1705.793045 1711.498704 1732.563115 1775.938790 1857.027901 1942.054889 2039.137289 2112.075662 2185.445220 2239.761245 2258.410445 2276.733404 2297.798655 2253.484227 2102.536926 2153.527355 -9999.0 -9999.0 -9999.0 -9999.0 -9999.0 -9999.0 -9999.0 -9999.0 -9999.0 -9999.0
-9999.0 -9999.0 -9999.0 -9999.0 631.843508 785.694639 883.106570 966.384123 1096.043041 1217.438654 1317.980737 1401.209369 1463.604488 1490.250424 1487.063584 1494.160499 1490.584916 1484.681416 1475.214058 1474.898719 1474.304586 1466.785049 1451.969752 1444.106473 1444.489255 1448.787656 1445.421546 1431.012402 1412.543901 1390.310924 1370.302300 1335.985312 1300.095270 1270.769107 1257.439222 1251.727466 1251.277527 1244.053055 1252.509907 1259.789179 1274.922294 1290.055553 1313.760773 1342.836487 1356.783665 1371.737050 1381.660972 1402.357121 1433.051524 1486.762341 1550.566520 1608.887491 1645.410671 1650.481379 1626.633580 1611.931358 1609.075633 1637.870838 1683.513510 1751.548930 1854.309519 1929.267601 1988.620857 2035.412706 2070.126995 2119.811957 2178.503244 2218.258159 -9999.0 -9999.0 -9999.0 -9999.0 -9999.0 -9999.0 -9999.0 -9999.0 -9999.0 -9999.0 -9999.0 -9999.0
-9999.0 -9999.0 -9999.0 -9999.0 -9999.0 -9999.0 592.832448 694.737909 774.025751 913.214124 1044.169447 1145.348859 1225.520129 1257.529308 1284.583031 1311.916179 1310.666682 1292.572435 1273.630999 1292.648655 1306.755414 1300.710402 1270.347178 1269.660795 1274.099848 1281.757552 1278.974554 1272.066837 1246.577571 1258.017922 1258.632601 1235.158858 1208.947451 1194.964717 1182.964108 1192.431260 1192.497642 1178.705573 1179.052285 1205.780702 1225.989421 1239.057044 1260.799705 1294.029698 1326.460439 1341.828743 1343.356942 1349.613542 1389.687249 1460.121721 1532.116396 1587.952470 1620.923453 1629.559059 1603.070241 1563.746436 1544.167235 1552.112587 1587.739950 1641.226229 1718.060274 1768.705671 1796.274506 1811.461220 1831.653666 1924.491008 -9999.0 -9999.0 -9999.0 -9999.0 -9999.0 -9999.0 -9999.0 -9999.0 -9999.0 -9999.0 -9999.0 -9999.0 -9999.0 -9999.0
-9999.0 -9999.0 -9999.0 -9999.0 -9999.0 -9999.0 -9999.0 -9999.0 -9999.0 -9999.0 -9999.0 -9999.0 -9999.0 -9999.0 -9999.0 -9999.0 -9999.0 -9999.0 -9999.0 -9999.0 -9999.0 -9999.0 -9999.0 -9999.0 -9999.0 -9999.0 -9999.0 -9999.0 -9999.0 -9999.0 -9999.0 -9999.0 -9999.0 -9999.0 -9999.0 -9999.0 -9999.0 -9999.0 -9999.0 -9999.0 -9999.0 -9999.0 -9999.0 -9999.0 -9999.0 -9999.0 -9999.0 -9999.0 -9999.0 -9999.0 -9999.0 -9999.0 -9999.0 -9999.0 -9999.0 -9999.0 -9999.0 -9999.0 -9999.0 -9999.0 -9999.0 -9999.0 -9999.0 -9999.0 -9999.0 -9999.0 -9999.0 -9999.0 -9999.0 -9999.0 -9999.0 -9999.0 -9999.0 -9999.0 -9999.0 -9999.0 -9999.0 -9999.0 -9999.0 -9999.0
-9999.0 -9999.0 -9999.0 -9999.0 -9999.0 -9999.0 -9999.0 -9999.0 -9999.0 -9999.0 -9999.0 -9999.0 -9999.0 -9999.0 -9999.0 -9999.0 -9999.0 -9999.0 -9999.0 -9999.0 -9999.0 -9999.0 -9999.0 -9999.0 -9999.0 -9999.0 -9999.0 -9999.0 -9999.0 -9999.0 -9999.0 -9999.0 -9999.0 -9999.0 -9999.0 -9999.0 -9999.0 -9999.0 -9999.0 -9999.0 -9999.0 -9999.0 -9999.0 -9999.0 -9999.0 -9999.0 -9999.0 -9999.0 -9999.0 -9999.0 -9999.0 -9999.0 -9999.0 -9999.0 -9999.0 -9999.0 -9999.0 -9999.0 -9999.0 -9999.0 -9999.0 -9999.0 -9999.0 -9999.0 -9999.0 -9999.0 -9999.0 -9999.0 -9999.0 -9999.0 -9999.0 -9999.0 -9999.0 -9999.0 -9999.0 -9999.0 -9999.0 -9999.0 -9999.0 -9999.0