Borden_/Borden1m_014/output_maps/psiliqL0021N0001.asc
ncols         80
nrows         18
xllcorner     620200.000000
yllcorner     5168000.000000
cellsize      1.000000
NODATA_value  -9999.0
-9999.0 -9999.0 -9999.0 -9999.0 -9999.0 -9999.0 -9999.0 -9999.0 -9999.0 -9999.0 -9999.0 -9999.0 -9999.0 -9999.0 -9999.0 -9999.0 -9999.0 -9999.0 -9999.0 -9999.0 -9999.0 -9999.0 -9999.0 -9999.0 -9999.0 -9999.0 -9999.0 -9999.0 -9999.0 -9999.0 -9999.0 -9999.0 -9999.0 -9999.0 -9999.0 -9999.0 -9999.0 -9999.0 -9999.0 -9999.0 -9999.0 -9999.0 -9999.0 -9999.0 -9999.0 -9999.0 -9999.0 -9999.0 -9999.0 -9999.0 -9999.0 -9999.0 -9999.0 -9999.0 -9999.0 -9999.0 -9999.0 -9999.0 -9999.0 -9999.0 -9999.0 -9999.0 -9999.0 -9999.0 -9999.0 -9999.0 -9999.0 -9999.0 -9999.0 -9999.0 -9999.0 -9999.0 -9999.0 -9999.0 -9999.0 -9999.0 -9999.0 -9999.0 -9999.0 -9999.0
-9999.0 -9999.0 -9999.0 -9999.0 -9999.0 -9999.0 -9999.0 -9999.0 -9999.0 -9999.0 -9999.0 -9999.0 -9999.0 -9999.0 -9999.0 -9999.0 -9999.0 -9999.0 -9999.0 -9999.0 -9999.0 -9999.0 -9999.0 -9999.0 -9999.0 -9999.0 -9999.0 -9999.0 -9999.0 -9999.0 -9999.0 -9999.0 -9999.0 -9999.0 -9999.0 -9999.0 -9999.0 -9999.0 -9999.0 -9999.0 -9999.0 -9999.0 -9999.0 -9999.0 -9999.0 -9999.0 -9999.0 -9999.0 -9999.0 -9999.0 -9999.0 -9999.0 -9999.0 -9999.0 -9999.0 -9999.0 -9999.0 -9999.0 -9999.0 -9999.0 -9999.0 -9999.0 -9999.0 -9999.0 -9999.0 -9999.0 -9999.0 -9999.0 -9999.0 -9999.0 -9999.0 -9999.0 -9999.0 -9999.0 -9999.0 -9999.0 -9999.0 -9999.0 -9999.0 -9999.0
-9999.0 -9999.0 -9999.0 -9999.0 -9999.0 -9999.0 -9999.0 -9999.0 -9999.0 -9999.0 -9999.0 -9999.0 -9999.0 -9999.0 -9999.0 -9999.0 -9999.0 -9999.0 -9999.0 -9999.0 2326.293957 2327.813711 2305.840328 2271.766882 2243.480915 2245.240552 2278.514137 2318.952816 2357.145886 2365.178610 2346.356806 2349.524927 2345.045419 2341.901231 2343.075535 2350.495793 2356.219697 2366.318590 2373.567420 2371.713332 2364.603953 2359.318350 2360.711524 2362.709621 2368.540034 2355.615991 2370.846837 2386.828560 2391.750239 2388.091089 2363.121504 2349.996439 2341.939486 2326.759819 2352.785140 2364.777737 2388.142345 2392.777367 2391.162009 2364.580772 2334.707232 -9999.0 -9999.0 -9999.0 -9999.0 -9999.0 -9999.0 -9999.0 -9999.0 -9999.0 -9999.0 -9999.0 -9999.0 -9999.0 -9999.0 -9999.0 -9999.0 -9999.0 -9999.0 -9999.0
-9999.0 -9999.0 -9999.0 -9999.0 -9999.0 -9999.0 -9999.0 -9999.0 -9999.0 -9999.0 -9999.0 -9999.0 -9999.0 -9999.0 2236.701645 2227.466002 2224.371343 2231.760796 2264.298534 2294.233715 2306.028721 2298.450872 2298.162059 2273.665394 2251.498550 2264.395043 2293.541942 2323.829248 2356.888319 2374.713800 2363.231802 2360.725074 2368.909703 2391.233057 2401.404683 2398.336908 2379.828850 2403.956487 2417.819153 2423.306820 2421.383321 2411.694482 2421.545290 2435.834132 2428.796429 2413.075072 2422.118730 2436.036895 2447.350612 2437.041905 2376.768560 2362.111442 2358.896321 2354.375933 2341.535049 2337.160019 2364.618774 2364.687004 2357.439334 2340.364783 2307.693631 2263.076942 2244.786310 2285.073209 2329.221704 2386.218897 -9999.0 -9999.0 -9999.0 -9999.0 -9999.0 -9999.0 -9999.0 -9999.0 -9999.0 -9999.0 -9999.0 -9999.0 -9999.0 -9999.0
-9999.0 -9999.0 -9999.0 -9999.0 -9999.0 -9999.0 -9999.0 -9999.0 -9999.0 2179.848507 2185.009583 2191.792462 2193.862658 2208.890677 2205.851105 2212.513433 2217.278284 2243.809734 2273.309159 2306.896998 2334.104283 2324.632330 2323.539902 2329.410086 2327.128511 2336.406199 2356.983374 2394.821760 2427.980880 2464.332719 2432.427643 2428.802655 2447.647009 2492.087619 2519.708655 2524.064646 2506.140673 2519.738233 2543.331244 2560.641317 2557.439943 2552.115016 2575.936996 2590.029663 2586.779550 2566.499966 2562.370715 2567.363676 2594.823435 2543.977960 2478.062592 2434.946204 2446.389725 2422.893417 2393.234069 2378.784236 2378.314017 2399.222176 2386.658363 2351.930743 2318.127853 2307.257821 2290.833558 2310.916252 2334.403470 2381.325730 2421.127409 2450.939965 2450.986280 2434.025642 -9999.0 -9999.0 -9999.0 -9999.0 -9999.0 -9999.0 -9999.0 -9999.0 -9999.0 -9999.0
-9999.0 -9999.0 -9999.0 -9999.0 -9999.0 -9999.0 2101.622807 2111.466674 2131.662761 2134.835902 2160.398941 2165.971448 2184.975760 2202.469004 2223.576217 2237.150584 2263.254233 2293.345568 2330.285994 2369.371438 2398.472028 2388.731205 2395.772341 2418.595742 2449.974077 2473.313376 2497.156060 2535.177845 2607.218773 2644.273010 2642.269140 2645.454747 2656.428146 2708.893300 2774.846650 2787.677062 2768.267440 2755.165793 2777.042693 2812.866295 2812.848536 2811.972239 2788.398305 2798.308366 2824.783445 2815.389992 2813.631984 2804.938352 2808.479479 2787.124728 2719.491748 2657.829163 2632.337591 2584.383403 2503.647646 2456.498864 2472.771309 2496.519121 2472.317344 2422.092877 2386.654676 2379.740223 2367.820759 2359.242723 2370.173168 2392.580518 2416.730836 2430.336324 2418.789713 2398.496097 2376.859243 2348.966027 2351.692302 2377.008138 -9999.0 -9999.0 -9999.0 -9999.0 -9999.0 -9999.0
-9999.0 -9999.0 -9999.0 -9999.0 2052.462401 2064.879344 2050.599988 2075.658104 2107.185979 2140.224825 2168.597784 2201.425749 2225.292045 2252.565094 2287.680835 2313.537395 2348.067169 2378.554416 2427.850769 2491.475120 2538.509185 2555.762359 2566.312734 2619.902526 2679.188478 2730.921881 2752.745347 2779.956629 2786.757928 2842.012993 2864.679350 2868.307917 2885.063335 2924.655028 2976.756967 3010.317572 2993.356978 2985.053867 2993.279898 3005.960117 3028.055253 3028.186314 3029.243785 3032.483826 3038.916492 3037.974376 3013.255789 2980.714999 2968.412599 2959.183969 2925.539213 2856.281952 2824.324517 2797.524589 2792.369314 2737.913134 2681.661797 2674.784859 2619.493181 2563.922299 2509.324467 2495.864551 2471.906444 2453.031203 2432.212827 2441.373056 2450.985004 2434.950267 2405.231794 2375.650118 2362.648499 2345.315227 2334.786276 2365.959986 2384.094428 2414.191424 -9999.0 -9999.0 -9999.0 -9999.0
-9999.0 -9999.0 1994.437391 2040.574253 2096.651279 2102.783929 2097.872868 2100.744232 2126.770485 2175.930612 2242.283720 2282.884893 2315.681830 2346.339777 2400.263695 2467.544372 2530.258561 2572.859012 2632.189103 2703.056084 2765.357386 2795.047834 2807.439213 2807.097482 2859.289456 2923.776386 2950.115606 2975.205696 3004.498753 3038.253948 3037.600166 3049.443797 3060.232012 3069.049781 3080.366688 3085.539834 3081.360766 3076.912569 3058.760489 3054.232536 3060.846992 3067.574649 3067.539623 3053.392993 3049.458660 3063.905441 3069.244068 3067.763922 3066.021936 3071.748148 3070.480706 3026.337299 3001.325426 2987.283725 2977.919002 2933.665161 2869.534544 2835.661550 2816.448467 2807.540221 2730.951731 2686.214219 2641.762893 2602.387434 2559.368537 2540.745776 2504.553248 2470.214630 2430.033696 2388.559754 2368.886644 2354.174870 2353.922305 2355.113113 2372.826784 2388.833052 2404.862684 2412.974153 -9999.0 -9999.0
-9999.0 1887.866793 1958.850201 2081.255120 2158.250849 2196.177405 2212.316536 2221.837549 2246.843665 2275.023568 2366.680608 2430.308207 2513.886970 2550.514408 2595.460293 2688.733909 2781.419667 2792.748351 2828.478605 2886.731502 2948.083883 2992.800605 3018.058412 3009.053112 3045.001479 3066.994203 3072.565913 3077.707974 3075.807283 3067.487438 3060.206721 3067.174032 3064.608235 3046.244704 3030.944960 3029.493399 3026.275507 3003.676620 2977.051957 2962.418046 2964.633739 2988.367740 2976.214327 2955.191020 2950.916817 2972.026710 2991.714920 2981.505789 2968.933762 2984.935003 3018.472408 3041.144859 3045.677183 3063.251962 3084.141697 3056.625038 3032.751014 2991.115963 2975.272167 2950.467995 2895.843031 2841.369682 2794.411506 2768.695607 2710.394119 2655.262463 2603.188389 2551.964477 2495.887464 2461.832883 2436.566999 2392.475706 2377.907503 2383.957511 2378.483298 2377.160745 2384.133733 2390.815349 -9999.0 -9999.0
-9999.0 1798.031520 1937.478193 2116.092114 2258.297171 2302.894024 2377.461826 2439.664047 2457.609602 2413.073601 2514.975362 2730.167386 2815.538751 2829.049627 2899.274651 2987.108916 2982.358349 3011.561237 3032.585077 3050.525935 3065.102474 3076.665831 3074.231432 3068.273245 3052.357297 3044.485142 3043.758889 3041.849651 3025.126944 3006.778553 2990.433548 2987.926923 2971.507080 2925.722735 2893.885078 2877.982508 2862.094227 2847.754411 2819.586202 2794.505552 2816.720974 2792.791902 2788.840205 2809.767977 2805.351845 2788.591932 2819.215644 2815.285719 2824.000700 2842.933907 2878.060531 2914.331006 2933.095066 2961.234249 2995.666369 3040.744856 3051.677576 3073.515741 3077.168623 3063.568460 3019.362785 2969.968179 2941.363158 2887.597263 2828.365393 2789.093438 2734.267095 2683.278466 2623.845111 2586.682239 2546.429744 2493.412064 2448.298776 2437.068902 2403.062768 2388.476812 -9999.0 -9999.0 -9999.0 -9999.0
-9999.0 1705.362025 1887.073830 2131.358823 2413.140204 2495.959600 2692.863050 2797.746977 2837.226844 2899.948826 2817.975115 2992.661443 3035.134637 3027.470458 3033.588907 3035.199279 3048.314200 3048.260376 3043.232190 3032.641326 3023.639362 3019.520764 3018.273931 3010.474439 2998.112751 2983.797255 2972.595273 2961.837042 2926.676817 2896.005497 2859.972873 2848.414456 2808.536190 2748.426657 2706.387607 2668.409879 2610.200600 2610.037870 2612.640586 2586.608166 2568.499472 2542.973966 2569.050189 2577.794644 2580.851760 2578.236914 2590.057038 2616.372866 2661.180390 2694.600055 2734.448669 2783.704250 2788.289312 2826.534284 2866.589188 2917.776920 2947.481567 2975.610723 3021.742770 3058.156687 3080.346066 3067.852638 3047.035714 3005.226830 2946.539026 2897.979895 2870.377507 2821.801034 2780.057064 2733.843693 2688.582767 2636.853667 2576.375270 2517.596036 2482.992475 -9999.0 -9999.0 -9999.0 -9999.0 -9999.0
-9999.0 1500.657466 1764.488724 2036.308934 2322.401826 2651.687186 2793.356253 2892.184177 2951.706412 2923.520003 2936.387625 2945.442819 2981.075013 2986.668816 2965.236511 2952.850771 2937.271790 2936.184090 2949.063135 2922.726321 2893.793432 2881.176929 2881.916092 2871.189205 2848.261990 2833.354369 2823.966345 2806.565062 2792.318512 2740.707989 2657.534938 2625.303355 2548.058511 2503.724317 2464.759987 2417.719362 2371.450726 2375.167171 2397.693951 2386.862896 2366.146191 2348.784985 2376.887406 2396.587539 2409.081851 2394.445310 2401.302897 2434.724358 2480.593051 2520.381286 2564.505825 2613.962340 2655.767428 2698.149674 2724.454064 2769.839668 2784.989626 2825.430543 2893.617490 2968.393114 3001.586441 3034.612998 3065.228425 3086.321612 3044.560357 3016.769884 2994.276505 2972.303643 2927.636940 2883.284437 2842.923555 2781.073134 2721.290329 -9999.0 -9999.0 -9999.0 -9999.0 -9999.0 -9999.0 -9999.0
-9999.0 1382.323883 1584.709460 1789.123478 2048.241239 2275.349487 2479.228358 2572.818012 2645.300867 2701.306107 2747.514356 2783.984382 2786.895667 2807.307369 2784.412549 2770.927376 2739.678518 2743.378695 2735.471337 2711.928597 2682.383169 2668.072577 2665.394490 2659.852859 2637.656124 2625.912132 2617.544013 2596.640610 2569.059489 2516.341716 2443.134902 2371.965100 2317.239998 2294.052001 2269.766769 2241.671598 2212.337494 2225.107810 2238.326395 2237.419035 2229.597163 2228.643033 2257.658776 2276.931382 2286.415100 2274.833347 2292.757575 2316.358660 2353.852298 2393.102553 2437.567598 2487.413184 2535.950229 2558.454071 2564.661883 2581.533092 2614.200589 2662.107836 2742.852981 2800.957005 2873.806906 2917.231215 2966.428913 3004.266324 3030.233780 3058.925498 3078.304261 3069.062147 3045.043827 3012.899724 2956.696879 -9999.0 -9999.0 -9999.0 -9999.0 -9999.0 -9999.0 -9999.0 -9999.0 -9999.0
-9999.0 -9999.0 1355.329978 1516.002464 1626.535537 1791.027545 1930.755699 2034.000537 2126.009292 2252.719783 2365.527011 2453.501298 2497.247307 2513.167002 2499.182075 2469.488121 2450.364325 2449.820620 2438.499087 2429.851871 2412.806065 2406.345352 2394.732553 2387.432731 2381.312745 2379.170354 2376.295281 2367.819064 2350.043203 2307.946880 2267.686230 2222.173189 2174.482955 2152.726902 2134.313465 2116.533798 2119.194230 2115.607837 2121.826458 2124.600472 2133.313750 2146.939938 2166.630902 2188.916490 2198.379984 2207.534197 2218.534138 2240.221875 2270.414199 2309.975106 2360.701689 2414.928122 2450.648474 2458.433084 2442.752630 2440.847274 2452.696694 2485.803579 2554.636701 2628.533514 2719.137362 2787.033823 2825.925059 2879.930215 2905.320993 2941.610099 3008.584778 3056.377004 3094.980091 3072.798380 -9999.0 -9999.0 -9999.0 -9999.0 -9999.0 -9999.0 -9999.0 -9999.0 -9999.0 -9999.0
-9999.0 -9999.0 -9999.0 -9999.0 1371.802814 1519.240582 1612.879964 1690.099308 1817.917858 1940.316201 2040.651599 2123.631239 2187.447753 2212.786902 2210.865355 2221.988271 2219.213375 2211.436801 2201.152402 2203.327160 2205.586312 2199.187854 2184.109144 2178.073500 2181.436726 2188.953430 2188.043922 2176.326905 2160.244712 2144.138882 2129.830442 2099.563979 2067.585663 2041.166765 2030.287934 2027.392954 2028.512701 2022.035303 2031.267573 2039.953681 2055.860289 2071.173668 2094.777510 2124.010298 2138.017891 2152.327176 2160.861090 2179.492230 2207.973412 2259.126568 2320.172173 2375.652529 2408.848822 2409.499436 2380.954934 2360.454963 2350.177736 2370.118372 2404.223377 2459.216302 2550.697218 2616.149697 2665.554684 2707.907311 2745.074874 2786.449772 2876.163697 2954.740952 -9999.0 -9999.0 -9999.0 -9999.0 -9999.0 -9999.0 -9999.0 -9999.0 -9999.0 -9999.0 -9999.0 -9999.0
-9999.0 -9999.0 -9999.0 -9999.0 -9999.0 -9999.0 1335.493068 1436.976133 1507.293625 1649.950003 1785.100986 1887.044797 1966.966335 1999.620956 2029.167605 2057.399768 2056.662125 2037.371640 2017.061005 2037.635971 2054.612303 2048.936801 2018.292061 2019.637541 2026.567889 2035.760647 2034.775817 2030.282963 2007.428739 2023.741205 2028.561094 2007.865248 1984.332709 1973.048507 1962.979512 1974.086789 1975.352034 1962.195874 1962.541449 1990.402890 2011.368310 2024.473194 2045.835697 2078.904713 2111.061290 2126.102401 2126.634880 2131.217927 2168.495941 2236.513175 2306.476047 2360.238449 2390.442774 2395.233911 2364.469143 2320.229563 2294.839614 2295.204249 2321.447839 2363.538945 2428.264671 2467.184421 2483.026991 2489.162055 2504.628621 2600.858557 -9999.0 -9999.0 -9999.0 -9999.0 -9999.0 -9999.0 -9999.0 -9999.0 -9999.0 -9999.0 -9999.0 -9999.0 -9999.0 -9999.0
-9999.0 -9999.0 -9999.0 -9999.0 -9999.0 -9999.0 -9999.0 -9999.0 -9999.0 -9999.0 -9999.0 -9999.0 -9999.0 -9999.0 -9999.0 -9999.0 -9999.0 -9999.0 -9999.0 -9999.0 -9999.0 -9999.0 -9999.0 -9999.0 -9999.0 -9999.0 -9999.0 -9999.0 -9999.0 -9999.0 -9999.0 -9999.0 -9999.0 -9999.0 -9999.0 -9999.0 -9999.0 -9999.0 -9999.0 -9999.0 -9999.0 -9999.0 -9999.0 -9999.0 -9999.0 -9999.0 -9999.0 -9999.0 -9999.0 -9999.0 -9999.0 -9999.0 -9999.0 -9999.0 -9999.0 -9999.0 -9999.0 -9999.0 -9999.0 -9999.0 -9999.0 -9999.0 -9999.0 -9999.0 -9999.0 -9999.0 -9999.0 -9999.0 -9999.0 -9999.0 -9999.0 -9999.0 -9999.0 -9999.0 -9999.0 -9999.0 -9999.0 -9999.0 -9999.0 -9999.0
-9999.0 -9999.0 -9999.0 -9999.0 -9999.0 -9999.0 -9999.0 -9999.0 -9999.0 -9999.0 -9999.0 -9999.0 -9999.0 -9999.0 -9999.0 -9999.0 -9999.0 -9999.0 -9999.0 -9999.0 -9999.0 -9999.0 -9999.0 -9999.0 -9999.0 -9999.0 -9999.0 -9999.0 -9999.0 -9999.0 -9999.0 -9999.0 -9999.0 -9999.0 -9999.0 -9999.0 -9999.0 -9999.0 -9999.0 -9999.0 -9999.0 -9999.0 -9999.0 -9999.0 -9999.0 -9999.0 -9999.0 -9999.0 -9999.0 -9999.0 -9999.0 -9999.0 -9999.0 -9999.0 -9999.0 -9999.0 -9999.0 -9999.0 -9999.0 -9999.0 -9999.0 -9999.0 -9999.0 -9999.0 -9999.0 -9999.0 -9999.0 -9999.0 -9999.0 -9999.0 -9999.0 -9999.0 -9999.0 -9999.0 -9999.0 -9999.0 -9999.0 -9999.0 -9999.0 -9999.0