Borden_/Borden1m_014/output_maps/psiliqL0003N0014.asc
ncols         80
nrows         18
xllcorner     620200.000000
yllcorner     5168000.000000
cellsize      1.000000
NODATA_value  -9999.0
-9999.0 -9999.0 -9999.0 -9999.0 -9999.0 -9999.0 -9999.0 -9999.0 -9999.0 -9999.0 -9999.0 -9999.0 -9999.0 -9999.0 -9999.0 -9999.0 -9999.0 -9999.0 -9999.0 -9999.0 -9999.0 -9999.0 -9999.0 -9999.0 -9999.0 -9999.0 -9999.0 -9999.0 -9999.0 -9999.0 -9999.0 -9999.0 -9999.0 -9999.0 -9999.0 -9999.0 -9999.0 -9999.0 -9999.0 -9999.0 -9999.0 -9999.0 -9999.0 -9999.0 -9999.0 -9999.0 -9999.0 -9999.0 -9999.0 -9999.0 -9999.0 -9999.0 -9999.0 -9999.0 -9999.0 -9999.0 -9999.0 -9999.0 -9999.0 -9999.0 -9999.0 -9999.0 -9999.0 -9999.0 -9999.0 -9999.0 -9999.0 -9999.0 -9999.0 -9999.0 -9999.0 -9999.0 -9999.0 -9999.0 -9999.0 -9999.0 -9999.0 -9999.0 -9999.0 -9999.0
-9999.0 -9999.0 -9999.0 -9999.0 -9999.0 -9999.0 -9999.0 -9999.0 -9999.0 -9999.0 -9999.0 -9999.0 -9999.0 -9999.0 -9999.0 -9999.0 -9999.0 -9999.0 -9999.0 -9999.0 -9999.0 -9999.0 -9999.0 -9999.0 -9999.0 -9999.0 -9999.0 -9999.0 -9999.0 -9999.0 -9999.0 -9999.0 -9999.0 -9999.0 -9999.0 -9999.0 -9999.0 -9999.0 -9999.0 -9999.0 -9999.0 -9999.0 -9999.0 -9999.0 -9999.0 -9999.0 -9999.0 -9999.0 -9999.0 -9999.0 -9999.0 -9999.0 -9999.0 -9999.0 -9999.0 -9999.0 -9999.0 -9999.0 -9999.0 -9999.0 -9999.0 -9999.0 -9999.0 -9999.0 -9999.0 -9999.0 -9999.0 -9999.0 -9999.0 -9999.0 -9999.0 -9999.0 -9999.0 -9999.0 -9999.0 -9999.0 -9999.0 -9999.0 -9999.0 -9999.0
-9999.0 -9999.0 -9999.0 -9999.0 -9999.0 -9999.0 -9999.0 -9999.0 -9999.0 -9999.0 -9999.0 -9999.0 -9999.0 -9999.0 -9999.0 -9999.0 -9999.0 -9999.0 -9999.0 -9999.0 -543.048754 -541.247062 -545.013919 -549.346655 -553.097215 -553.602120 -549.447499 -544.787197 -539.511691 -538.582538 -542.941258 -541.776783 -543.521011 -544.615770 -544.782869 -543.544617 -542.892064 -541.255202 -540.252157 -540.822269 -542.137949 -543.026900 -543.868749 -543.655871 -542.121844 -544.240538 -541.253720 -538.426538 -537.508458 -537.396653 -541.062147 -542.519519 -543.058292 -546.538618 -540.301027 -538.623862 -534.273456 -533.913906 -533.032177 -537.891904 -542.769744 -9999.0 -9999.0 -9999.0 -9999.0 -9999.0 -9999.0 -9999.0 -9999.0 -9999.0 -9999.0 -9999.0 -9999.0 -9999.0 -9999.0 -9999.0 -9999.0 -9999.0 -9999.0 -9999.0
-9999.0 -9999.0 -9999.0 -9999.0 -9999.0 -9999.0 -9999.0 -9999.0 -9999.0 -9999.0 -9999.0 -9999.0 -9999.0 -9999.0 -549.774634 -551.932011 -552.956244 -553.683716 -549.932447 -547.080275 -547.111874 -549.332015 -547.444623 -551.726919 -555.604435 -553.300073 -550.118831 -547.669611 -543.541229 -540.418780 -543.407678 -544.155791 -542.628658 -537.111912 -534.782843 -536.008618 -542.743781 -536.384845 -533.393368 -531.513617 -531.777168 -534.815133 -530.799857 -526.111535 -528.602886 -533.596637 -532.385207 -529.574593 -525.047175 -527.060711 -542.977050 -544.285290 -543.322904 -542.831246 -545.082756 -546.729081 -540.454805 -541.437283 -542.379744 -543.287240 -546.774888 -552.709355 -555.441393 -549.114187 -543.801884 -533.045258 -9999.0 -9999.0 -9999.0 -9999.0 -9999.0 -9999.0 -9999.0 -9999.0 -9999.0 -9999.0 -9999.0 -9999.0 -9999.0 -9999.0
-9999.0 -9999.0 -9999.0 -9999.0 -9999.0 -9999.0 -9999.0 -9999.0 -9999.0 -553.160426 -553.778939 -553.193020 -554.689485 -552.809814 -556.135149 -555.402631 -556.090629 -553.474956 -551.504050 -548.039762 -543.350205 -546.924021 -547.426876 -545.026206 -544.984769 -544.230305 -542.330925 -535.026734 -527.220286 -514.855111 -526.168257 -526.835495 -521.958239 -501.063149 -481.277679 -476.598027 -485.285970 -485.490156 -474.258011 -461.651083 -462.845838 -464.178279 -451.541244 -444.752610 -439.817811 -450.365711 -460.503533 -462.439526 -446.675092 -473.431006 -500.792186 -524.553793 -520.930775 -528.732597 -537.540012 -540.723696 -542.082863 -535.088384 -537.552758 -543.698585 -548.803679 -546.963720 -549.988504 -546.980517 -545.093634 -536.915671 -529.824796 -523.013549 -522.702331 -527.065796 -9999.0 -9999.0 -9999.0 -9999.0 -9999.0 -9999.0 -9999.0 -9999.0 -9999.0 -9999.0
-9999.0 -9999.0 -9999.0 -9999.0 -9999.0 -9999.0 -556.810497 -557.103792 -555.891010 -560.059882 -557.256209 -559.328198 -557.340085 -556.556584 -555.286149 -555.402451 -552.228842 -549.514356 -544.940835 -539.011760 -533.477033 -536.814524 -535.481224 -527.962682 -515.308650 -499.302381 -490.016476 -475.419373 -434.338768 -402.094389 -385.778563 -378.297025 -349.803125 -38.242140 27.530510 29.438705 27.835526 26.503155 27.780777 30.324479 30.321584 30.060526 30.496543 30.859038 33.271047 32.915165 29.988641 29.399770 29.366113 28.362010 -21.128992 -345.626762 -413.760119 -444.622167 -482.470156 -506.507832 -513.415237 -506.993819 -516.002762 -529.449502 -537.566788 -537.265586 -538.752418 -541.906003 -540.269298 -537.038064 -532.081563 -528.935697 -531.264048 -534.392098 -536.616540 -542.011926 -541.098623 -535.865149 -9999.0 -9999.0 -9999.0 -9999.0 -9999.0 -9999.0
-9999.0 -9999.0 -9999.0 -9999.0 -563.019455 -561.144054 -566.874881 -563.685024 -561.306823 -559.563677 -559.772857 -556.745739 -556.065435 -553.981924 -549.531873 -546.443197 -540.466406 -536.204774 -524.315485 -500.862888 -475.498143 -462.219359 -456.825539 -417.471355 -278.482344 -1.003096 26.121788 27.915468 29.962915 34.376645 36.231413 36.657269 38.893530 45.112500 48.892539 51.857806 50.035767 49.783591 49.912431 50.065746 55.814922 56.025549 56.707432 56.689342 58.564529 60.738615 51.017157 48.706288 48.245202 47.967967 46.118668 36.865946 32.841615 31.063640 29.614773 15.597893 -262.383715 -376.142550 -430.312285 -459.864322 -492.719017 -505.868997 -515.427571 -521.048992 -529.248734 -527.393082 -524.789334 -528.986913 -534.499553 -539.804162 -540.266628 -542.609225 -545.472540 -538.526123 -536.299479 -529.163926 -9999.0 -9999.0 -9999.0 -9999.0
-9999.0 -9999.0 -563.220667 -563.255837 -558.237731 -561.489368 -563.513362 -566.289854 -565.272936 -560.555632 -552.016792 -548.877632 -543.610697 -540.903101 -528.846026 -499.512646 -466.155083 -443.643570 -398.262617 -49.888503 26.199857 29.058695 29.517023 32.318180 38.272318 45.886282 47.768699 49.035913 50.403777 60.325877 84.343278 99.595404 106.630767 99.808492 96.413534 97.021976 93.986700 90.748287 74.946354 72.711459 79.486852 81.412922 84.642348 73.185618 69.119777 81.508414 84.036253 84.478876 87.934545 94.716929 106.767778 77.203047 49.557044 49.070415 49.430541 46.260027 38.714095 33.945250 32.664231 29.758941 -18.592669 -327.219500 -418.177533 -453.099826 -484.479163 -495.901726 -511.122784 -520.749074 -529.854702 -538.676591 -541.241247 -542.722078 -541.278009 -542.359702 -538.709108 -536.097633 -532.094375 -530.661871 -9999.0 -9999.0
-9999.0 -564.730438 -566.658770 -557.834643 -556.666118 -555.186637 -553.531390 -552.044427 -549.865008 -553.057355 -531.524137 -493.357948 -457.500954 -446.763353 -407.527953 -55.712788 27.753464 31.461188 34.456130 42.681325 47.343568 50.042383 52.111875 82.578683 107.083457 99.312763 98.570167 95.852781 87.345578 79.896719 69.658844 78.003193 76.560350 62.623260 51.669307 51.244735 50.764846 49.174901 47.578606 46.967320 47.420146 49.430017 48.453643 46.962945 46.648731 48.118427 49.356530 48.541050 47.464348 48.797657 51.470144 57.608145 73.728388 86.977600 107.862053 84.518270 54.011551 49.071961 48.486783 47.302201 43.546478 36.046893 31.009410 10.604163 -254.790651 -423.343278 -462.937521 -489.864252 -511.156683 -519.661172 -524.951160 -536.972680 -539.890912 -536.921476 -538.537509 -538.714363 -537.133854 -535.930549 -9999.0 -9999.0
-9999.0 -573.767157 -565.501259 -556.364874 -545.432911 -545.054811 -511.147959 -479.850953 -472.225375 -487.509952 -427.449708 7.197800 32.882640 32.784980 38.377179 48.836468 69.855292 92.450205 103.186608 96.492148 89.903181 89.932005 86.415728 76.659930 63.633755 57.928617 57.281120 56.545087 50.703337 49.532831 48.170889 48.488007 47.860793 45.769342 42.818466 37.794359 35.715086 34.439984 32.169795 30.535653 29.526598 31.530169 30.660957 29.287828 28.875900 30.497878 33.156083 32.244041 33.014741 35.881615 42.510212 45.448227 46.326778 47.840604 50.039713 58.641928 75.614133 95.791734 100.855813 77.492584 51.432200 47.986393 46.978188 43.514543 36.481440 28.255671 -30.433075 -359.810582 -431.515390 -459.807821 -486.503871 -506.610098 -523.287451 -526.438374 -535.173118 -536.159123 -9999.0 -9999.0 -9999.0 -9999.0
-9999.0 -574.575862 -566.575813 -549.373868 -510.439438 -460.846252 -39.938972 30.375559 34.112643 38.583111 41.637319 92.044885 98.265009 83.284400 56.776670 52.919423 61.364423 63.316081 58.688818 51.311292 50.342931 50.012304 49.919962 49.388231 48.762051 48.009874 47.516885 47.447056 45.417492 42.956307 36.365236 34.856152 32.772971 24.978297 -34.669099 -331.276238 -412.608087 -417.340500 -426.814504 -446.011633 -454.924760 -461.444556 -452.581197 -455.050206 -456.002830 -450.960269 -438.523605 -430.045045 -398.095104 -330.348971 -22.825748 27.958483 30.760872 34.850433 41.902271 46.060847 47.232221 48.557782 51.555052 77.698871 98.601849 90.542904 63.524524 50.982699 46.913073 43.769321 41.555479 33.261620 28.004311 -15.792702 -301.010145 -419.401180 -466.548269 -501.910829 -512.880652 -9999.0 -9999.0 -9999.0 -9999.0 -9999.0
-9999.0 -587.619520 -566.805397 -552.799759 -486.593342 -49.909212 29.771025 47.109451 85.121139 46.266484 44.353365 45.779537 48.599718 48.590493 46.880777 47.072454 46.684882 46.609654 48.072688 45.537703 40.950439 37.726176 37.583568 36.481310 34.395526 33.248135 32.711432 31.856598 27.884972 -20.714886 -371.133631 -401.401967 -449.924425 -482.663340 -502.821889 -518.545683 -532.166924 -531.519493 -526.157363 -530.393256 -535.081793 -540.235877 -534.008075 -531.207755 -528.496759 -531.972452 -531.243166 -523.236526 -510.511911 -498.491089 -476.555889 -447.648566 -419.718190 -351.558038 -34.800672 26.941109 30.731321 34.298377 43.289474 48.766610 50.176495 54.255363 88.617531 107.834363 69.726763 50.140983 48.174171 46.271450 42.557384 39.973950 35.064434 30.722859 25.634195 -9999.0 -9999.0 -9999.0 -9999.0 -9999.0 -9999.0 -9999.0
-9999.0 -594.392617 -571.965092 -569.328133 -544.330178 -494.418934 -422.410630 -51.846353 25.386320 25.887057 27.219884 28.777588 30.507233 32.245771 30.549002 28.099321 26.202045 26.795361 26.450616 4.928472 -185.135040 -338.402521 -341.018801 -356.635955 -395.802896 -411.337096 -419.435456 -434.649944 -455.397823 -481.142531 -514.615119 -530.269723 -541.596201 -545.355228 -548.265387 -551.382724 -557.793016 -554.036731 -551.261558 -551.904047 -553.917658 -555.479026 -550.572857 -548.923907 -547.413653 -551.888617 -548.809579 -546.236312 -540.357741 -534.492636 -526.208934 -514.023983 -498.498979 -488.780857 -480.731942 -462.183746 -438.265548 -380.700794 -25.912480 31.972922 42.336618 45.495437 48.464494 50.594068 51.332898 62.497314 69.864867 50.350747 43.259875 44.727425 44.848729 -9999.0 -9999.0 -9999.0 -9999.0 -9999.0 -9999.0 -9999.0 -9999.0 -9999.0
-9999.0 -9999.0 -599.536903 -590.411115 -582.779826 -574.681422 -563.296996 -551.130798 -538.139471 -522.254543 -500.674026 -477.397718 -462.825418 -456.134231 -465.305983 -484.270382 -495.560861 -494.657095 -497.757433 -504.849142 -517.079228 -519.290673 -521.242214 -522.616424 -526.262530 -527.801865 -528.418526 -529.840038 -533.192580 -541.216047 -548.100362 -552.939481 -558.518857 -558.139991 -558.979487 -560.932714 -559.101489 -559.563898 -559.028848 -559.311783 -558.786523 -557.820299 -556.735176 -555.184726 -555.140380 -554.674921 -554.171226 -552.556693 -550.109388 -546.898649 -540.639907 -531.561019 -524.772347 -523.252160 -527.081544 -526.041533 -521.277244 -510.312268 -472.150631 -415.716051 -43.568085 27.933941 34.978003 43.270697 44.757570 45.680699 47.834395 46.219913 30.084621 40.285571 -9999.0 -9999.0 -9999.0 -9999.0 -9999.0 -9999.0 -9999.0 -9999.0 -9999.0 -9999.0
-9999.0 -9999.0 -9999.0 -9999.0 -603.951912 -590.722253 -578.719421 -580.023304 -571.264610 -565.929584 -561.071375 -555.357937 -550.670583 -547.680158 -551.313439 -551.877231 -552.530776 -551.980551 -552.785817 -553.682290 -554.008499 -554.558384 -555.186223 -556.045292 -555.608201 -554.688672 -554.425561 -555.909284 -555.863535 -558.580595 -558.752198 -560.337441 -561.890919 -563.792127 -563.327197 -563.475315 -562.581880 -563.538101 -562.115322 -562.956753 -561.877093 -561.418798 -560.150949 -558.047432 -558.870169 -557.664313 -557.645664 -556.116563 -555.601284 -551.539132 -544.996192 -537.537832 -532.547918 -532.834713 -539.372895 -542.057240 -543.759192 -539.723971 -533.042576 -518.576368 -481.985123 -443.132984 -382.213982 -33.093940 26.247935 30.954911 40.251546 43.403639 -9999.0 -9999.0 -9999.0 -9999.0 -9999.0 -9999.0 -9999.0 -9999.0 -9999.0 -9999.0 -9999.0 -9999.0
-9999.0 -9999.0 -9999.0 -9999.0 -9999.0 -9999.0 -597.931726 -591.200246 -593.353679 -588.071110 -583.354380 -579.763159 -574.468435 -575.028935 -573.366893 -569.224300 -569.740151 -571.687130 -574.167808 -570.523391 -568.867069 -568.508252 -572.486604 -571.336094 -570.880882 -569.372365 -569.528466 -568.837925 -572.172433 -568.056201 -566.048671 -566.738608 -567.396253 -566.580553 -567.412660 -564.887335 -564.585902 -566.601099 -567.229949 -564.339448 -563.533325 -563.976724 -563.469734 -561.563271 -558.765987 -558.361537 -559.652928 -561.481588 -558.729049 -552.351862 -545.327373 -539.251125 -535.331134 -533.966836 -539.390541 -546.900059 -550.723796 -551.357114 -548.400526 -542.784289 -529.144153 -519.907102 -513.041596 -504.572544 -490.864664 -439.321964 -9999.0 -9999.0 -9999.0 -9999.0 -9999.0 -9999.0 -9999.0 -9999.0 -9999.0 -9999.0 -9999.0 -9999.0 -9999.0 -9999.0
-9999.0 -9999.0 -9999.0 -9999.0 -9999.0 -9999.0 -9999.0 -9999.0 -9999.0 -9999.0 -9999.0 -9999.0 -9999.0 -9999.0 -9999.0 -9999.0 -9999.0 -9999.0 -9999.0 -9999.0 -9999.0 -9999.0 -9999.0 -9999.0 -9999.0 -9999.0 -9999.0 -9999.0 -9999.0 -9999.0 -9999.0 -9999.0 -9999.0 -9999.0 -9999.0 -9999.0 -9999.0 -9999.0 -9999.0 -9999.0 -9999.0 -9999.0 -9999.0 -9999.0 -9999.0 -9999.0 -9999.0 -9999.0 -9999.0 -9999.0 -9999.0 -9999.0 -9999.0 -9999.0 -9999.0 -9999.0 -9999.0 -9999.0 -9999.0 -9999.0 -9999.0 -9999.0 -9999.0 -9999.0 -9999.0 -9999.0 -9999.0 -9999.0 -9999.0 -9999.0 -9999.0 -9999.0 -9999.0 -9999.0 -9999.0 -9999.0 -9999.0 -9999.0 -9999.0 -9999.0
-9999.0 -9999.0 -9999.0 -9999.0 -9999.0 -9999.0 -9999.0 -9999.0 -9999.0 -9999.0 -9999.0 -9999.0 -9999.0 -9999.0 -9999.0 -9999.0 -9999.0 -9999.0 -9999.0 -9999.0 -9999.0 -9999.0 -9999.0 -9999.0 -9999.0 -9999.0 -9999.0 -9999.0 -9999.0 -9999.0 -9999.0 -9999.0 -9999.0 -9999.0 -9999.0 -9999.0 -9999.0 -9999.0 -9999.0 -9999.0 -9999.0 -9999.0 -9999.0 -9999.0 -9999.0 -9999.0 -9999.0 -9999.0 -9999.0 -9999.0 -9999.0 -9999.0 -9999.0 -9999.0 -9999.0 -9999.0 -9999.0 -9999.0 -9999.0 -9999.0 -9999.0 -9999.0 -9999.0 -9999.0 -9999.0 -9999.0 -9999.0 -9999.0 -9999.0 -9999.0 -9999.0 -9999.0 -9999.0 -9999.0 -9999.0 -9999.0 -9999.0 -9999.0 -9999.0 -9999.0