Borden_/Borden1m_014/output_maps/psiliqL0025N0032.asc
ncols         80
nrows         18
xllcorner     620200.000000
yllcorner     5168000.000000
cellsize      1.000000
NODATA_value  -9999.0
-9999.0 -9999.0 -9999.0 -9999.0 -9999.0 -9999.0 -9999.0 -9999.0 -9999.0 -9999.0 -9999.0 -9999.0 -9999.0 -9999.0 -9999.0 -9999.0 -9999.0 -9999.0 -9999.0 -9999.0 -9999.0 -9999.0 -9999.0 -9999.0 -9999.0 -9999.0 -9999.0 -9999.0 -9999.0 -9999.0 -9999.0 -9999.0 -9999.0 -9999.0 -9999.0 -9999.0 -9999.0 -9999.0 -9999.0 -9999.0 -9999.0 -9999.0 -9999.0 -9999.0 -9999.0 -9999.0 -9999.0 -9999.0 -9999.0 -9999.0 -9999.0 -9999.0 -9999.0 -9999.0 -9999.0 -9999.0 -9999.0 -9999.0 -9999.0 -9999.0 -9999.0 -9999.0 -9999.0 -9999.0 -9999.0 -9999.0 -9999.0 -9999.0 -9999.0 -9999.0 -9999.0 -9999.0 -9999.0 -9999.0 -9999.0 -9999.0 -9999.0 -9999.0 -9999.0 -9999.0
-9999.0 -9999.0 -9999.0 -9999.0 -9999.0 -9999.0 -9999.0 -9999.0 -9999.0 -9999.0 -9999.0 -9999.0 -9999.0 -9999.0 -9999.0 -9999.0 -9999.0 -9999.0 -9999.0 -9999.0 -9999.0 -9999.0 -9999.0 -9999.0 -9999.0 -9999.0 -9999.0 -9999.0 -9999.0 -9999.0 -9999.0 -9999.0 -9999.0 -9999.0 -9999.0 -9999.0 -9999.0 -9999.0 -9999.0 -9999.0 -9999.0 -9999.0 -9999.0 -9999.0 -9999.0 -9999.0 -9999.0 -9999.0 -9999.0 -9999.0 -9999.0 -9999.0 -9999.0 -9999.0 -9999.0 -9999.0 -9999.0 -9999.0 -9999.0 -9999.0 -9999.0 -9999.0 -9999.0 -9999.0 -9999.0 -9999.0 -9999.0 -9999.0 -9999.0 -9999.0 -9999.0 -9999.0 -9999.0 -9999.0 -9999.0 -9999.0 -9999.0 -9999.0 -9999.0 -9999.0
-9999.0 -9999.0 -9999.0 -9999.0 -9999.0 -9999.0 -9999.0 -9999.0 -9999.0 -9999.0 -9999.0 -9999.0 -9999.0 -9999.0 -9999.0 -9999.0 -9999.0 -9999.0 -9999.0 -9999.0 3126.342916 3127.376420 3105.581273 3071.387178 3043.009343 3044.655428 3077.431991 3117.778093 3156.215862 3163.498846 3144.266165 3147.744263 3143.084127 3138.571126 3138.739096 3146.237393 3152.593417 3162.196880 3169.074959 3166.749179 3159.365514 3154.246543 3156.557249 3158.204672 3164.395076 3150.261769 3166.132009 3180.012682 3184.902526 3182.289528 3160.761583 3148.833724 3141.041968 3125.743744 3152.388844 3164.288295 3186.577618 3191.459891 3189.830856 3164.428655 3134.562083 -9999.0 -9999.0 -9999.0 -9999.0 -9999.0 -9999.0 -9999.0 -9999.0 -9999.0 -9999.0 -9999.0 -9999.0 -9999.0 -9999.0 -9999.0 -9999.0 -9999.0 -9999.0 -9999.0
-9999.0 -9999.0 -9999.0 -9999.0 -9999.0 -9999.0 -9999.0 -9999.0 -9999.0 -9999.0 -9999.0 -9999.0 -9999.0 -9999.0 3036.448744 3027.504736 3024.420505 3031.516808 3063.763000 3093.741150 3105.320795 3097.658613 3097.242697 3072.316315 3049.311488 3061.628269 3090.578736 3120.526295 3153.411512 3170.448696 3159.054135 3156.168955 3162.948004 3180.169413 3188.057325 3184.266210 3168.924146 3190.322745 3203.362720 3207.721711 3205.573107 3195.643956 3204.463054 3218.423740 3211.369150 3196.155467 3206.931934 3221.901700 3233.009228 3224.956100 3169.554245 3157.528164 3154.768842 3151.072892 3138.483009 3134.977299 3163.534141 3163.532799 3156.678205 3139.899089 3107.049892 3062.188726 3043.738846 3084.645101 3128.709470 3184.599867 -9999.0 -9999.0 -9999.0 -9999.0 -9999.0 -9999.0 -9999.0 -9999.0 -9999.0 -9999.0 -9999.0 -9999.0 -9999.0 -9999.0
-9999.0 -9999.0 -9999.0 -9999.0 -9999.0 -9999.0 -9999.0 -9999.0 -9999.0 2983.423493 2985.104980 2991.771316 2993.852210 3008.697578 3005.271234 3011.845540 3015.638560 3042.359805 3071.408927 3104.463974 3130.985199 3121.351444 3119.617455 3123.376869 3117.837163 3125.343969 3145.160178 3179.127760 3210.036994 3244.876795 3211.163839 3205.996253 3223.149278 3264.225799 3287.362382 3289.259151 3270.544801 3286.577739 3309.836889 3325.490229 3321.849802 3315.825592 3341.477803 3356.490123 3350.747113 3329.482167 3327.913645 3335.309686 3364.568921 3314.423560 3249.300322 3211.115432 3227.053249 3206.254218 3180.507322 3171.887580 3172.946800 3192.091052 3180.876194 3149.093055 3116.337294 3105.250873 3088.999994 3110.360687 3134.123014 3180.089712 3220.337745 3250.497327 3250.371227 3233.401676 -9999.0 -9999.0 -9999.0 -9999.0 -9999.0 -9999.0 -9999.0 -9999.0 -9999.0 -9999.0
-9999.0 -9999.0 -9999.0 -9999.0 -9999.0 -9999.0 2904.484365 2915.066135 2935.942392 2938.782454 2965.278129 2970.564066 2983.464238 3000.164013 3021.308380 3033.685418 3058.242126 3087.535680 3122.938860 3160.025229 3185.073893 3175.200700 3177.930786 3197.048411 3223.562256 3242.227795 3264.207001 3301.206560 3372.339153 3408.223079 3401.090095 3401.769626 3409.846333 3459.814031 3523.496400 3534.484851 3513.884869 3500.742079 3524.031379 3561.160658 3559.446509 3558.254033 3571.040248 3581.726556 3608.478367 3597.809028 3562.046114 3556.449792 3562.861822 3540.723955 3472.668234 3415.769525 3396.933065 3351.289828 3269.023245 3226.449041 3249.903446 3277.892491 3256.636744 3207.904746 3177.981240 3172.986402 3162.420116 3155.882732 3168.675096 3190.865463 3215.404156 3229.722162 3218.345230 3197.984712 3177.136576 3149.202048 3151.989215 3177.099670 -9999.0 -9999.0 -9999.0 -9999.0 -9999.0 -9999.0
-9999.0 -9999.0 -9999.0 -9999.0 2854.686712 2867.639012 2853.106956 2879.314638 2911.419247 2945.078219 2972.591822 2997.470864 3019.870360 3045.897383 3078.461133 3100.224565 3131.836950 3160.769060 3205.030376 3265.477229 3309.134708 3322.294516 3330.342701 3380.512248 3436.347550 3483.150254 3501.577815 3527.121271 3572.226854 3628.407569 3650.623871 3653.462091 3670.336441 3713.088286 3768.777135 3803.709381 3786.154429 3777.225089 3787.069503 3801.155708 3823.290783 3823.366165 3824.477069 3828.500155 3836.000111 3834.342412 3807.999829 3774.698274 3761.806320 3751.825687 3714.382299 3642.748589 3612.424927 3583.872037 3542.261918 3488.657746 3441.002516 3441.826570 3387.827590 3333.921846 3284.265072 3276.389940 3256.424523 3240.846256 3223.697029 3236.131156 3248.292681 3233.615744 3204.191653 3175.986365 3163.233089 3145.880830 3134.848014 3166.126596 3183.856730 3213.539094 -9999.0 -9999.0 -9999.0 -9999.0
-9999.0 -9999.0 2795.535085 2840.969945 2897.985014 2904.214940 2898.007952 2901.067019 2927.577751 2976.871682 3031.420804 3067.768922 3096.231299 3125.596574 3173.339202 3234.929217 3294.231735 3336.031128 3392.774644 3461.332246 3519.962979 3546.621262 3555.444984 3590.642355 3644.885497 3713.308801 3741.082859 3767.344221 3798.831328 3834.931968 3827.814195 3838.650281 3850.851361 3863.086704 3877.566385 3884.434768 3879.652341 3875.068896 3856.557557 3851.465265 3857.966904 3865.818785 3864.946188 3850.339800 3846.372889 3861.298945 3867.415473 3865.411748 3862.721414 3867.726767 3863.640596 3815.823695 3797.272057 3782.202145 3770.772642 3724.873745 3658.540217 3626.059391 3604.933403 3564.407666 3491.415793 3453.867085 3414.687269 3380.139205 3343.140322 3329.879238 3297.599724 3265.736090 3227.326351 3186.908864 3168.881085 3154.673806 3154.440074 3155.249457 3173.078686 3188.629730 3204.661525 3212.772970 -9999.0 -9999.0
-9999.0 2692.286586 2763.902102 2878.632563 2956.066273 2988.813083 2997.563797 3000.667617 3024.801185 3055.419296 3141.472225 3189.994378 3271.952758 3308.206832 3348.329664 3437.320253 3530.598772 3573.328502 3611.649520 3674.418960 3739.431754 3786.176488 3812.329786 3792.972147 3831.945467 3860.481864 3868.211486 3874.941846 3874.674938 3866.190239 3859.585781 3866.295555 3863.379269 3844.290156 3828.302021 3826.583439 3823.201238 3799.965102 3772.507100 3757.135283 3758.621977 3783.478563 3770.430469 3749.096234 3744.696420 3766.294357 3787.501465 3776.865875 3763.754776 3780.297290 3814.772214 3839.384629 3841.010789 3859.408501 3880.492039 3851.662257 3829.961876 3786.403247 3769.598205 3744.270167 3687.735278 3633.013928 3585.160085 3536.866713 3484.670682 3435.740139 3388.378187 3341.693981 3288.668997 3256.138534 3232.023715 3189.382190 3177.342802 3183.302674 3178.837263 3177.439730 3183.977904 3190.623143 -9999.0 -9999.0
-9999.0 2596.917934 2736.466216 2906.664832 3045.261525 3085.229568 3147.580216 3201.252099 3214.307590 3162.201641 3259.528581 3474.293090 3593.493133 3610.192209 3684.703255 3778.525012 3763.111346 3794.088604 3816.921730 3841.454205 3861.200702 3875.062954 3873.223741 3867.927741 3851.518263 3843.531706 3842.673059 3840.591945 3823.284473 3804.410526 3787.669255 3784.605981 3766.841375 3717.946407 3684.952721 3667.730598 3649.231575 3635.683718 3608.330121 3582.511779 3566.347473 3577.098569 3575.000379 3561.370448 3556.946820 3575.152511 3605.978040 3603.709555 3614.995579 3634.486760 3669.860968 3707.698628 3726.864627 3755.797033 3791.254449 3838.763967 3847.874186 3870.211240 3873.258725 3862.303396 3816.132804 3764.911446 3735.670782 3680.625463 3621.178408 3559.640665 3511.074347 3466.607686 3411.764926 3377.812421 3338.928888 3285.677235 3242.711554 3234.738924 3201.481943 3188.347143 -9999.0 -9999.0 -9999.0 -9999.0
-9999.0 2496.068714 2676.197500 2907.541822 3194.220417 3266.022179 3465.048711 3577.991830 3616.504886 3682.829155 3569.670861 3770.639754 3821.702079 3816.254915 3830.375291 3833.301957 3847.385239 3846.843131 3841.774191 3830.831599 3821.344275 3816.850199 3815.759254 3807.865390 3795.285218 3780.718753 3768.883730 3757.568740 3721.183579 3689.472575 3650.792728 3638.474539 3594.706111 3503.554168 3465.014116 3427.080926 3367.111430 3369.420236 3376.294612 3352.868929 3333.540645 3306.074056 3335.110024 3345.350651 3349.336889 3345.223585 3355.119887 3382.614383 3429.679267 3463.611656 3502.246961 3549.776423 3579.833518 3618.722754 3658.461906 3710.484463 3741.347228 3770.060990 3818.507929 3855.405052 3878.033023 3864.258787 3845.302172 3801.127691 3741.169771 3692.030495 3663.362602 3613.311289 3570.065758 3526.649417 3480.426057 3427.913614 3366.924931 3313.411382 3279.581304 -9999.0 -9999.0 -9999.0 -9999.0 -9999.0
-9999.0 2275.791545 2539.875080 2797.685333 3068.600416 3406.019930 3572.405308 3667.064303 3729.482279 3710.311004 3731.679259 3738.502342 3775.337230 3782.284561 3760.838137 3747.258494 3730.012933 3728.924303 3741.954408 3714.805040 3684.805434 3671.601138 3672.475153 3661.780129 3638.115939 3623.250816 3613.972773 3595.730531 3552.927777 3503.315963 3420.224420 3386.798860 3309.630219 3270.698940 3234.564702 3188.322108 3146.599214 3152.183166 3174.449271 3167.608112 3147.159328 3130.326263 3159.511759 3177.862527 3190.883621 3174.899601 3181.462458 3215.459681 3261.443399 3301.293048 3344.651010 3391.713269 3432.956601 3471.929430 3492.982947 3532.411818 3574.095532 3615.323361 3684.941198 3762.551940 3797.976838 3832.275137 3861.490627 3883.234352 3840.583249 3814.014841 3790.549163 3767.411103 3721.579727 3676.427083 3635.907331 3571.882589 3512.408688 -9999.0 -9999.0 -9999.0 -9999.0 -9999.0 -9999.0 -9999.0
-9999.0 2162.705740 2357.477485 2551.196025 2789.769552 3012.742534 3229.234068 3319.384206 3388.487737 3456.398706 3508.394952 3545.313900 3571.011232 3592.330050 3569.688426 3524.287070 3492.394557 3497.291851 3488.776121 3467.766934 3440.261958 3427.482142 3425.085444 3420.427246 3399.363001 3389.216239 3382.611765 3365.245328 3340.054220 3288.091394 3217.363534 3147.839847 3094.854135 3075.478774 3053.276650 3026.856574 3000.425624 3013.996267 3026.909773 3027.132950 3020.741301 3021.000214 3050.039752 3069.690378 3079.136304 3068.170824 3086.213522 3109.211323 3145.907788 3182.902346 3226.954173 3276.368490 3324.141501 3344.007229 3346.136414 3357.746931 3384.773197 3427.697378 3503.550750 3588.927118 3665.536683 3710.542244 3760.947313 3800.542908 3828.252834 3853.861660 3875.674994 3868.291648 3842.720556 3809.611243 3751.427070 -9999.0 -9999.0 -9999.0 -9999.0 -9999.0 -9999.0 -9999.0 -9999.0 -9999.0
-9999.0 -9999.0 2131.381009 2285.181340 2384.540680 2548.195172 2692.856324 2802.958790 2875.180716 3002.776657 3122.602179 3212.113274 3257.708296 3273.017958 3259.091398 3230.522821 3213.196866 3212.869964 3201.390643 3195.071597 3180.781827 3175.741991 3167.057735 3160.019836 3156.108829 3155.752468 3153.941908 3146.401981 3130.277653 3089.643493 3053.196035 3009.752105 2973.599219 2952.253428 2934.315686 2917.502865 2921.680844 2917.110285 2922.850764 2925.969107 2935.707988 2949.977373 2969.393466 2985.942662 2995.462946 3005.443379 3016.148135 3037.514904 3067.096048 3106.704561 3157.507292 3210.168312 3245.390580 3251.794525 3233.607269 3228.433580 3236.409402 3265.033282 3328.031797 3396.280790 3485.034358 3549.883585 3616.376403 3671.878941 3698.272431 3734.643664 3804.247614 3852.228570 3893.924229 3871.565216 -9999.0 -9999.0 -9999.0 -9999.0 -9999.0 -9999.0 -9999.0 -9999.0 -9999.0 -9999.0
-9999.0 -9999.0 -9999.0 -9999.0 2145.867379 2293.352242 2391.084556 2471.472353 2606.244062 2738.384493 2813.322316 2899.565999 2968.052453 2981.767139 2981.983059 2998.254236 2997.247767 2988.293452 2977.617594 2982.482816 2987.453928 2981.779302 2978.183200 2972.414712 2976.756195 2985.259171 2984.352839 2972.580827 2955.799720 2942.475925 2930.450008 2900.937896 2870.038475 2844.021795 2833.211624 2831.089954 2832.050174 2824.884144 2833.774458 2842.916470 2859.112244 2874.396158 2897.935554 2927.454483 2942.130424 2956.786009 2965.345169 2983.761824 3006.669896 3057.662549 3118.898377 3174.832174 3206.987478 3206.996382 3179.602987 3157.789955 3145.333359 3162.719832 3189.603478 3240.182514 3328.885446 3390.183982 3435.454087 3474.190300 3510.384281 3574.901922 3668.585243 3749.385880 -9999.0 -9999.0 -9999.0 -9999.0 -9999.0 -9999.0 -9999.0 -9999.0 -9999.0 -9999.0 -9999.0 -9999.0
-9999.0 -9999.0 -9999.0 -9999.0 -9999.0 -9999.0 2122.317943 2228.404428 2296.776193 2450.737545 2597.266396 2707.151976 2792.684620 2830.072004 2826.710720 2856.827275 2857.496032 2837.401055 2815.724839 2837.607979 2856.894818 2850.717548 2818.854756 2820.823153 2828.570695 2837.403568 2836.079639 2831.597267 2808.696644 2827.060685 2833.208948 2812.484994 2789.269047 2799.349306 2787.942451 2797.749322 2797.720701 2783.166613 2781.997113 2794.289903 2815.461311 2828.456566 2849.512175 2882.701656 2915.150339 2930.740097 2931.501124 2936.026545 2972.435255 3035.164285 3105.568079 3160.069216 3189.519756 3193.898551 3164.214183 3119.292548 3093.026718 3091.811001 3115.956251 3155.182944 3213.387217 3249.242662 3260.165589 3261.106571 3273.121325 3371.462837 -9999.0 -9999.0 -9999.0 -9999.0 -9999.0 -9999.0 -9999.0 -9999.0 -9999.0 -9999.0 -9999.0 -9999.0 -9999.0 -9999.0
-9999.0 -9999.0 -9999.0 -9999.0 -9999.0 -9999.0 -9999.0 -9999.0 -9999.0 -9999.0 -9999.0 -9999.0 -9999.0 -9999.0 -9999.0 -9999.0 -9999.0 -9999.0 -9999.0 -9999.0 -9999.0 -9999.0 -9999.0 -9999.0 -9999.0 -9999.0 -9999.0 -9999.0 -9999.0 -9999.0 -9999.0 -9999.0 -9999.0 -9999.0 -9999.0 -9999.0 -9999.0 -9999.0 -9999.0 -9999.0 -9999.0 -9999.0 -9999.0 -9999.0 -9999.0 -9999.0 -9999.0 -9999.0 -9999.0 -9999.0 -9999.0 -9999.0 -9999.0 -9999.0 -9999.0 -9999.0 -9999.0 -9999.0 -9999.0 -9999.0 -9999.0 -9999.0 -9999.0 -9999.0 -9999.0 -9999.0 -9999.0 -9999.0 -9999.0 -9999.0 -9999.0 -9999.0 -9999.0 -9999.0 -9999.0 -9999.0 -9999.0 -9999.0 -9999.0 -9999.0
-9999.0 -9999.0 -9999.0 -9999.0 -9999.0 -9999.0 -9999.0 -9999.0 -9999.0 -9999.0 -9999.0 -9999.0 -9999.0 -9999.0 -9999.0 -9999.0 -9999.0 -9999.0 -9999.0 -9999.0 -9999.0 -9999.0 -9999.0 -9999.0 -9999.0 -9999.0 -9999.0 -9999.0 -9999.0 -9999.0 -9999.0 -9999.0 -9999.0 -9999.0 -9999.0 -9999.0 -9999.0 -9999.0 -9999.0 -9999.0 -9999.0 -9999.0 -9999.0 -9999.0 -9999.0 -9999.0 -9999.0 -9999.0 -9999.0 -9999.0 -9999.0 -9999.0 -9999.0 -9999.0 -9999.0 -9999.0 -9999.0 -9999.0 -9999.0 -9999.0 -9999.0 -9999.0 -9999.0 -9999.0 -9999.0 -9999.0 -9999.0 -9999.0 -9999.0 -9999.0 -9999.0 -9999.0 -9999.0 -9999.0 -9999.0 -9999.0 -9999.0 -9999.0 -9999.0 -9999.0