Borden_/Borden1m_014/output_maps/psiliqL0007N0028.asc
ncols         80
nrows         18
xllcorner     620200.000000
yllcorner     5168000.000000
cellsize      1.000000
NODATA_value  -9999.0
-9999.0 -9999.0 -9999.0 -9999.0 -9999.0 -9999.0 -9999.0 -9999.0 -9999.0 -9999.0 -9999.0 -9999.0 -9999.0 -9999.0 -9999.0 -9999.0 -9999.0 -9999.0 -9999.0 -9999.0 -9999.0 -9999.0 -9999.0 -9999.0 -9999.0 -9999.0 -9999.0 -9999.0 -9999.0 -9999.0 -9999.0 -9999.0 -9999.0 -9999.0 -9999.0 -9999.0 -9999.0 -9999.0 -9999.0 -9999.0 -9999.0 -9999.0 -9999.0 -9999.0 -9999.0 -9999.0 -9999.0 -9999.0 -9999.0 -9999.0 -9999.0 -9999.0 -9999.0 -9999.0 -9999.0 -9999.0 -9999.0 -9999.0 -9999.0 -9999.0 -9999.0 -9999.0 -9999.0 -9999.0 -9999.0 -9999.0 -9999.0 -9999.0 -9999.0 -9999.0 -9999.0 -9999.0 -9999.0 -9999.0 -9999.0 -9999.0 -9999.0 -9999.0 -9999.0 -9999.0
-9999.0 -9999.0 -9999.0 -9999.0 -9999.0 -9999.0 -9999.0 -9999.0 -9999.0 -9999.0 -9999.0 -9999.0 -9999.0 -9999.0 -9999.0 -9999.0 -9999.0 -9999.0 -9999.0 -9999.0 -9999.0 -9999.0 -9999.0 -9999.0 -9999.0 -9999.0 -9999.0 -9999.0 -9999.0 -9999.0 -9999.0 -9999.0 -9999.0 -9999.0 -9999.0 -9999.0 -9999.0 -9999.0 -9999.0 -9999.0 -9999.0 -9999.0 -9999.0 -9999.0 -9999.0 -9999.0 -9999.0 -9999.0 -9999.0 -9999.0 -9999.0 -9999.0 -9999.0 -9999.0 -9999.0 -9999.0 -9999.0 -9999.0 -9999.0 -9999.0 -9999.0 -9999.0 -9999.0 -9999.0 -9999.0 -9999.0 -9999.0 -9999.0 -9999.0 -9999.0 -9999.0 -9999.0 -9999.0 -9999.0 -9999.0 -9999.0 -9999.0 -9999.0 -9999.0 -9999.0
-9999.0 -9999.0 -9999.0 -9999.0 -9999.0 -9999.0 -9999.0 -9999.0 -9999.0 -9999.0 -9999.0 -9999.0 -9999.0 -9999.0 -9999.0 -9999.0 -9999.0 -9999.0 -9999.0 -9999.0 -471.616540 -468.553318 -491.572401 -525.855457 -554.579268 -552.990079 -518.151610 -477.288541 -439.667772 -429.121030 -447.385311 -446.197552 -451.452166 -451.383246 -448.179870 -442.241696 -439.769628 -428.007109 -419.330513 -419.476991 -425.703058 -431.582631 -433.046338 -429.330961 -424.345037 -433.063016 -419.479172 -403.859818 -397.192663 -402.545055 -430.416637 -446.522591 -454.556574 -468.799801 -444.045540 -431.096866 -407.708588 -403.123516 -404.068318 -431.053988 -461.079748 -9999.0 -9999.0 -9999.0 -9999.0 -9999.0 -9999.0 -9999.0 -9999.0 -9999.0 -9999.0 -9999.0 -9999.0 -9999.0 -9999.0 -9999.0 -9999.0 -9999.0 -9999.0 -9999.0
-9999.0 -9999.0 -9999.0 -9999.0 -9999.0 -9999.0 -9999.0 -9999.0 -9999.0 -9999.0 -9999.0 -9999.0 -9999.0 -9999.0 -561.261355 -571.764474 -575.161150 -566.954910 -533.435308 -503.744241 -491.141865 -499.016797 -499.378960 -523.264741 -543.704585 -529.830824 -500.804358 -469.617039 -435.410323 -414.500766 -427.580227 -430.350288 -419.187448 -389.940900 -373.884553 -376.281164 -398.418172 -375.248955 -357.969513 -347.274767 -347.911300 -356.617784 -340.408329 -322.701109 -329.556274 -348.750285 -346.418069 -334.712869 -319.224975 -336.485644 -404.398898 -426.985021 -430.189686 -436.848178 -450.006940 -456.477660 -431.430655 -430.031413 -438.011021 -455.674500 -487.580389 -531.437210 -548.905470 -510.123779 -465.177487 -406.589363 -9999.0 -9999.0 -9999.0 -9999.0 -9999.0 -9999.0 -9999.0 -9999.0 -9999.0 -9999.0 -9999.0 -9999.0 -9999.0 -9999.0
-9999.0 -9999.0 -9999.0 -9999.0 -9999.0 -9999.0 -9999.0 -9999.0 -9999.0 -617.117330 -613.941142 -607.245229 -605.966619 -590.744018 -592.696140 -586.204939 -578.549963 -553.042869 -522.339033 -487.473423 -458.674547 -469.133361 -469.072402 -456.514717 -448.745905 -435.198623 -413.861648 -371.601580 -325.103326 -278.607417 -306.781822 -307.625697 -284.707556 -226.240027 -177.096247 -161.949119 -186.520581 -183.162681 -149.762173 -113.538621 -108.827367 -108.507856 -74.371440 -55.575297 -47.743155 -73.751347 -104.303948 -109.930103 -78.739713 -148.545013 -230.006800 -294.282673 -298.169364 -334.375683 -379.875554 -404.304993 -407.897489 -385.406331 -401.162064 -439.106185 -475.697835 -484.663940 -500.817170 -484.272364 -461.067922 -413.333454 -374.268961 -345.038622 -344.296013 -361.419812 -9999.0 -9999.0 -9999.0 -9999.0 -9999.0 -9999.0 -9999.0 -9999.0 -9999.0 -9999.0
-9999.0 -9999.0 -9999.0 -9999.0 -9999.0 -9999.0 -695.006718 -686.700839 -667.547831 -662.237157 -638.635682 -631.573038 -611.605706 -592.748425 -572.909097 -556.269938 -525.541323 -493.298947 -451.366723 -405.851165 -371.764628 -375.069575 -363.295044 -323.637932 -272.121546 -232.153834 -201.770056 -149.521840 -42.578711 17.583285 38.930336 49.302355 61.528190 101.863431 163.159487 195.925267 159.330190 140.707739 158.920605 201.126097 241.980572 247.696287 256.125190 264.723942 289.982126 278.727987 207.400881 180.310746 171.822943 159.547016 109.926501 53.824696 -1.388751 -67.855630 -177.484340 -250.299754 -256.169864 -243.362570 -280.701354 -339.553336 -385.452716 -397.124143 -412.339309 -426.909167 -421.471239 -401.529590 -377.387605 -365.424918 -377.333026 -397.398027 -420.135146 -448.539258 -446.548140 -420.784328 -9999.0 -9999.0 -9999.0 -9999.0 -9999.0 -9999.0
-9999.0 -9999.0 -9999.0 -9999.0 -744.178092 -732.287752 -744.157317 -721.453283 -690.261625 -657.922336 -626.091513 -589.240609 -562.742133 -533.518869 -491.564502 -452.172114 -406.514556 -368.518670 -306.432862 -225.567848 -157.354171 -116.018578 -85.870841 -2.230626 68.014627 115.770801 132.923865 160.312622 209.926445 298.190265 329.426997 337.219074 345.100160 378.721714 417.902761 455.873454 433.522286 430.852058 434.400368 444.828388 472.432712 474.680302 476.475530 477.341604 479.683026 479.331716 454.265062 420.908459 404.920546 398.369803 368.143298 313.493597 243.760186 205.465675 175.488790 131.869104 69.185404 41.710637 -30.434119 -107.697808 -199.168339 -234.768464 -274.653981 -305.919439 -340.268603 -340.941221 -338.554157 -358.361871 -388.551728 -420.056313 -434.462827 -452.594202 -462.163194 -431.907293 -413.841881 -382.408955 -9999.0 -9999.0 -9999.0 -9999.0
-9999.0 -9999.0 -801.304402 -751.548709 -696.537546 -688.629208 -686.780830 -682.704235 -656.828371 -607.122341 -528.190369 -474.422128 -427.784927 -395.567854 -329.260617 -230.591605 -128.606063 -56.803859 19.495446 87.178467 143.822554 185.051313 233.708246 276.469388 318.346416 375.626329 395.301544 421.434081 449.671787 481.785054 505.405209 521.155423 525.673255 523.112646 523.358540 523.274594 519.522587 514.867261 497.538848 495.251058 502.855378 505.900557 509.273348 497.085061 493.191101 505.572112 507.053060 506.598838 507.067115 514.596813 523.695045 493.255717 440.772792 425.531756 410.608217 379.422485 318.517033 251.158862 220.822800 178.397539 103.325784 53.603669 -8.669999 -80.843325 -160.193650 -208.411745 -264.676478 -309.345703 -355.697674 -400.829506 -423.746391 -441.676737 -443.261399 -441.977042 -425.466406 -409.363325 -393.610933 -385.621427 -9999.0 -9999.0
-9999.0 -898.822007 -826.518937 -699.347754 -621.456925 -577.183936 -535.929514 -506.237561 -482.606489 -468.951777 -354.301544 -229.184799 -112.841050 -67.408364 3.896613 107.173162 224.748455 268.281105 294.745548 345.833241 395.543691 439.180306 468.128295 498.229345 523.985539 524.171888 521.759588 522.558465 515.186761 508.414642 498.781645 505.905707 504.035157 488.130308 474.803538 473.103389 467.173996 441.244585 413.262906 399.730041 403.361329 423.387014 413.948671 394.530644 390.945000 410.891738 427.110151 418.829373 404.773289 416.142017 456.617472 478.870479 494.708250 508.981359 528.562674 506.530717 474.094743 433.058368 406.361571 385.307116 309.725742 245.762557 190.913918 127.177847 64.531921 -14.269095 -100.975638 -182.623428 -260.051038 -303.302746 -336.066869 -389.075867 -412.549923 -410.539670 -419.429766 -421.507201 -414.492559 -407.865238 -9999.0 -9999.0
-9999.0 -968.369208 -825.219084 -639.840166 -493.790064 -430.065663 -301.422124 -205.160491 -168.011152 -192.407278 -41.795808 210.338815 291.477652 300.858611 361.970203 435.837518 476.366357 502.659798 518.455632 515.028549 511.500141 516.361337 512.819191 505.027871 491.938489 484.966942 483.894599 481.003101 461.304457 442.689715 426.169853 423.194390 408.095543 371.993036 341.868702 327.308554 306.469577 264.749757 223.355845 194.023796 179.877669 198.122387 188.774849 170.816816 167.295314 191.194648 225.147243 220.340674 226.605466 250.034083 294.700826 352.593335 376.446767 404.284771 439.155511 480.597704 499.159183 518.763100 523.440349 500.318731 457.997270 410.408452 377.077345 296.488492 222.238935 142.977011 84.944477 31.195040 -48.198790 -114.785710 -182.978680 -253.890652 -318.320064 -348.457845 -388.121797 -409.232754 -9999.0 -9999.0 -9999.0 -9999.0
-9999.0 -1031.080441 -839.422690 -572.959236 -314.424869 -155.211852 60.873856 198.080230 299.220896 322.967948 382.688487 482.428838 501.699686 489.978922 470.902723 470.252863 482.444640 485.498095 481.225250 471.521402 459.909889 455.929680 452.214562 437.947187 433.138774 419.552205 406.931970 392.362688 333.891961 297.738951 267.483184 250.842637 214.732932 128.900951 91.878864 64.316865 4.893696 -12.230153 -30.819787 -70.225905 -96.611355 -115.879100 -93.692186 -95.341659 -95.142466 -82.592531 -53.554838 -29.066205 21.368169 60.850410 101.006474 152.728577 187.737430 233.052833 284.448626 358.716363 390.350785 418.776431 461.739929 501.459766 523.141247 515.062807 485.545511 443.715319 378.001827 292.177682 240.460480 170.328858 109.840690 64.007385 25.390037 -35.335079 -129.772057 -252.601886 -298.666929 -9999.0 -9999.0 -9999.0 -9999.0 -9999.0
-9999.0 -1179.942873 -912.525526 -614.755597 -271.328142 67.185622 177.160246 369.762862 444.021749 375.624087 328.985903 370.594884 410.138492 414.181203 392.779265 385.230919 378.018809 377.764766 389.641769 361.363021 313.086884 296.014959 293.478744 280.150448 257.232786 238.000030 223.106287 200.958555 148.379688 103.312651 36.588028 4.627397 -86.684995 -178.802416 -236.617194 -290.658412 -347.720991 -351.402805 -336.748073 -355.387671 -378.798940 -398.289180 -372.434509 -357.234055 -346.403062 -355.737106 -345.877106 -309.264578 -256.262352 -206.138201 -141.307603 -63.867343 -2.869434 57.948463 90.887302 142.859478 190.037685 239.126949 314.415936 407.677350 441.348705 475.841415 511.713648 527.271330 483.197846 434.751839 381.283559 297.957875 204.210266 160.724148 140.527119 111.274986 62.531311 -9999.0 -9999.0 -9999.0 -9999.0 -9999.0 -9999.0 -9999.0
-9999.0 -1315.556378 -1080.654799 -829.071055 -527.034476 -282.499963 -70.905618 59.962155 168.680208 125.310750 123.119936 149.160897 178.831683 200.201729 177.567462 143.966514 120.445388 124.255506 124.360644 102.109088 74.187857 61.131844 59.743443 50.831969 19.110393 -2.898495 -18.741229 -49.258267 -101.343809 -176.477099 -273.320312 -345.679075 -411.492604 -449.359461 -480.429336 -514.085741 -553.802221 -543.047225 -527.978512 -532.893109 -545.765322 -550.722253 -521.085252 -503.015991 -493.148557 -506.913129 -488.880263 -462.085399 -420.183637 -378.314753 -329.627311 -272.643730 -213.647542 -174.076272 -148.841192 -102.808673 -40.583016 33.369618 115.912214 213.190613 289.116499 355.377296 406.179673 431.008625 453.132012 472.446016 458.516286 383.695998 225.797106 202.947028 200.186940 -9999.0 -9999.0 -9999.0 -9999.0 -9999.0 -9999.0 -9999.0 -9999.0 -9999.0
-9999.0 -9999.0 -1318.203990 -1124.580313 -959.892945 -773.891130 -627.408255 -522.882713 -450.094159 -363.058269 -273.416515 -192.453185 -142.831278 -121.728361 -146.454738 -198.334509 -229.772033 -230.013460 -240.164298 -256.922928 -284.811311 -295.767447 -305.727606 -314.503100 -330.381006 -339.461497 -345.801905 -358.221412 -382.792465 -431.430042 -486.002113 -538.573958 -593.287467 -618.052783 -639.831900 -662.574628 -666.444685 -667.593964 -660.422090 -659.299680 -654.382139 -642.976247 -622.196132 -601.207569 -592.085702 -585.692913 -573.410065 -550.145302 -517.425621 -477.274109 -425.725465 -370.571804 -332.690835 -320.714559 -329.916744 -322.393717 -296.577609 -243.561766 -130.975859 -8.609228 88.479016 159.456464 232.470967 281.964894 302.919085 342.696061 369.990378 282.631943 97.422840 154.333037 -9999.0 -9999.0 -9999.0 -9999.0 -9999.0 -9999.0 -9999.0 -9999.0 -9999.0 -9999.0
-9999.0 -9999.0 -9999.0 -9999.0 -1267.442229 -1109.849510 -1017.600048 -936.769562 -820.465577 -717.170771 -628.717450 -555.371447 -505.359439 -482.813608 -495.884493 -503.988665 -513.141671 -516.276869 -524.631491 -531.127676 -537.728023 -545.559966 -556.112185 -563.631539 -564.656472 -561.401610 -563.185064 -575.886288 -591.055686 -618.965604 -643.473030 -678.520152 -715.412194 -744.147964 -756.832772 -763.836007 -763.343651 -768.391671 -758.669836 -752.618421 -737.946953 -722.573811 -698.654139 -670.709967 -658.602333 -644.733726 -635.235848 -614.617782 -585.182479 -533.220160 -471.976550 -417.252541 -384.793861 -382.655870 -410.696318 -428.072725 -432.341203 -404.501777 -354.760117 -277.322901 -153.872780 -48.348368 36.326285 84.466475 116.271214 164.882048 211.264829 226.140982 -9999.0 -9999.0 -9999.0 -9999.0 -9999.0 -9999.0 -9999.0 -9999.0 -9999.0 -9999.0 -9999.0 -9999.0
-9999.0 -9999.0 -9999.0 -9999.0 -9999.0 -9999.0 -1326.158701 -1232.841908 -1144.159173 -1027.799737 -920.977470 -833.641964 -762.807011 -740.214872 -725.198142 -704.112159 -709.253234 -725.620617 -741.287145 -725.311817 -716.669473 -721.061608 -747.423211 -748.922804 -745.654339 -736.034058 -736.821757 -742.532933 -766.745034 -759.253922 -760.943380 -783.462919 -809.049319 -823.255779 -834.505954 -824.416810 -823.371219 -835.474592 -832.592531 -806.892452 -787.487222 -774.077815 -751.562869 -718.695806 -687.062451 -673.233780 -672.581271 -666.618511 -625.199587 -555.623592 -486.567909 -434.601283 -405.294167 -399.381034 -429.766147 -472.767417 -496.425786 -491.839442 -459.220134 -406.697389 -328.020484 -273.961780 -234.868603 -203.958321 -163.500642 -36.892377 -9999.0 -9999.0 -9999.0 -9999.0 -9999.0 -9999.0 -9999.0 -9999.0 -9999.0 -9999.0 -9999.0 -9999.0 -9999.0 -9999.0
-9999.0 -9999.0 -9999.0 -9999.0 -9999.0 -9999.0 -9999.0 -9999.0 -9999.0 -9999.0 -9999.0 -9999.0 -9999.0 -9999.0 -9999.0 -9999.0 -9999.0 -9999.0 -9999.0 -9999.0 -9999.0 -9999.0 -9999.0 -9999.0 -9999.0 -9999.0 -9999.0 -9999.0 -9999.0 -9999.0 -9999.0 -9999.0 -9999.0 -9999.0 -9999.0 -9999.0 -9999.0 -9999.0 -9999.0 -9999.0 -9999.0 -9999.0 -9999.0 -9999.0 -9999.0 -9999.0 -9999.0 -9999.0 -9999.0 -9999.0 -9999.0 -9999.0 -9999.0 -9999.0 -9999.0 -9999.0 -9999.0 -9999.0 -9999.0 -9999.0 -9999.0 -9999.0 -9999.0 -9999.0 -9999.0 -9999.0 -9999.0 -9999.0 -9999.0 -9999.0 -9999.0 -9999.0 -9999.0 -9999.0 -9999.0 -9999.0 -9999.0 -9999.0 -9999.0 -9999.0
-9999.0 -9999.0 -9999.0 -9999.0 -9999.0 -9999.0 -9999.0 -9999.0 -9999.0 -9999.0 -9999.0 -9999.0 -9999.0 -9999.0 -9999.0 -9999.0 -9999.0 -9999.0 -9999.0 -9999.0 -9999.0 -9999.0 -9999.0 -9999.0 -9999.0 -9999.0 -9999.0 -9999.0 -9999.0 -9999.0 -9999.0 -9999.0 -9999.0 -9999.0 -9999.0 -9999.0 -9999.0 -9999.0 -9999.0 -9999.0 -9999.0 -9999.0 -9999.0 -9999.0 -9999.0 -9999.0 -9999.0 -9999.0 -9999.0 -9999.0 -9999.0 -9999.0 -9999.0 -9999.0 -9999.0 -9999.0 -9999.0 -9999.0 -9999.0 -9999.0 -9999.0 -9999.0 -9999.0 -9999.0 -9999.0 -9999.0 -9999.0 -9999.0 -9999.0 -9999.0 -9999.0 -9999.0 -9999.0 -9999.0 -9999.0 -9999.0 -9999.0 -9999.0 -9999.0 -9999.0