Borden_/Borden1m_014/output_maps/psiliqL0014N0035.asc
ncols         80
nrows         18
xllcorner     620200.000000
yllcorner     5168000.000000
cellsize      1.000000
NODATA_value  -9999.0
-9999.0 -9999.0 -9999.0 -9999.0 -9999.0 -9999.0 -9999.0 -9999.0 -9999.0 -9999.0 -9999.0 -9999.0 -9999.0 -9999.0 -9999.0 -9999.0 -9999.0 -9999.0 -9999.0 -9999.0 -9999.0 -9999.0 -9999.0 -9999.0 -9999.0 -9999.0 -9999.0 -9999.0 -9999.0 -9999.0 -9999.0 -9999.0 -9999.0 -9999.0 -9999.0 -9999.0 -9999.0 -9999.0 -9999.0 -9999.0 -9999.0 -9999.0 -9999.0 -9999.0 -9999.0 -9999.0 -9999.0 -9999.0 -9999.0 -9999.0 -9999.0 -9999.0 -9999.0 -9999.0 -9999.0 -9999.0 -9999.0 -9999.0 -9999.0 -9999.0 -9999.0 -9999.0 -9999.0 -9999.0 -9999.0 -9999.0 -9999.0 -9999.0 -9999.0 -9999.0 -9999.0 -9999.0 -9999.0 -9999.0 -9999.0 -9999.0 -9999.0 -9999.0 -9999.0 -9999.0
-9999.0 -9999.0 -9999.0 -9999.0 -9999.0 -9999.0 -9999.0 -9999.0 -9999.0 -9999.0 -9999.0 -9999.0 -9999.0 -9999.0 -9999.0 -9999.0 -9999.0 -9999.0 -9999.0 -9999.0 -9999.0 -9999.0 -9999.0 -9999.0 -9999.0 -9999.0 -9999.0 -9999.0 -9999.0 -9999.0 -9999.0 -9999.0 -9999.0 -9999.0 -9999.0 -9999.0 -9999.0 -9999.0 -9999.0 -9999.0 -9999.0 -9999.0 -9999.0 -9999.0 -9999.0 -9999.0 -9999.0 -9999.0 -9999.0 -9999.0 -9999.0 -9999.0 -9999.0 -9999.0 -9999.0 -9999.0 -9999.0 -9999.0 -9999.0 -9999.0 -9999.0 -9999.0 -9999.0 -9999.0 -9999.0 -9999.0 -9999.0 -9999.0 -9999.0 -9999.0 -9999.0 -9999.0 -9999.0 -9999.0 -9999.0 -9999.0 -9999.0 -9999.0 -9999.0 -9999.0
-9999.0 -9999.0 -9999.0 -9999.0 -9999.0 -9999.0 -9999.0 -9999.0 -9999.0 -9999.0 -9999.0 -9999.0 -9999.0 -9999.0 -9999.0 -9999.0 -9999.0 -9999.0 -9999.0 -9999.0 947.770194 950.712790 929.344980 896.597541 869.740488 873.186882 909.119883 951.843754 991.887557 1003.288528 986.729887 990.468670 987.069500 986.895476 990.305520 998.015447 1003.116418 1015.249973 1024.786373 1025.628919 1020.762545 1016.652730 1017.624914 1020.845495 1025.880854 1014.152644 1026.882893 1040.649212 1044.244819 1037.178242 1008.092242 990.575132 979.664898 962.254009 984.916920 995.007247 1016.166372 1018.852312 1015.840425 987.726459 956.928173 -9999.0 -9999.0 -9999.0 -9999.0 -9999.0 -9999.0 -9999.0 -9999.0 -9999.0 -9999.0 -9999.0 -9999.0 -9999.0 -9999.0 -9999.0 -9999.0 -9999.0 -9999.0 -9999.0
-9999.0 -9999.0 -9999.0 -9999.0 -9999.0 -9999.0 -9999.0 -9999.0 -9999.0 -9999.0 -9999.0 -9999.0 -9999.0 -9999.0 854.480294 845.619131 843.887215 853.407824 888.051720 919.119098 931.585567 925.017686 926.206652 903.869676 884.606129 900.070890 931.481944 964.933893 1001.371000 1023.292403 1013.437545 1012.604256 1023.607827 1050.057448 1063.970364 1062.269352 1043.565512 1068.105051 1085.321856 1095.504031 1096.630183 1089.536888 1103.251737 1119.109838 1111.820413 1093.708664 1097.464500 1107.793576 1118.150820 1102.163856 1036.145431 1014.497720 1007.860886 998.907839 982.739586 974.462560 998.079709 996.544529 986.753544 967.393005 933.565974 888.630728 869.138999 906.681268 949.386827 1005.741638 -9999.0 -9999.0 -9999.0 -9999.0 -9999.0 -9999.0 -9999.0 -9999.0 -9999.0 -9999.0 -9999.0 -9999.0 -9999.0 -9999.0
-9999.0 -9999.0 -9999.0 -9999.0 -9999.0 -9999.0 -9999.0 -9999.0 -9999.0 793.872100 799.087025 807.382555 810.834314 827.597923 826.150208 834.438626 842.810038 871.134485 903.545207 939.931505 969.902735 962.312079 964.374452 976.111547 981.283412 995.134956 1018.926837 1061.853854 1104.196286 1147.290730 1120.518456 1119.856699 1140.478589 1188.829251 1223.033568 1231.031132 1213.801394 1223.746510 1250.990249 1275.759836 1278.056016 1277.626185 1303.378748 1317.378402 1318.017172 1296.760358 1281.912179 1279.844855 1302.544584 1248.640914 1179.815091 1126.930823 1128.301281 1095.913653 1055.573134 1033.062223 1028.090299 1046.564979 1029.563366 990.434521 952.393122 939.846326 920.948592 936.530092 957.260456 1002.136940 1039.554044 1066.678196 1064.996436 1046.614059 -9999.0 -9999.0 -9999.0 -9999.0 -9999.0 -9999.0 -9999.0 -9999.0 -9999.0 -9999.0
-9999.0 -9999.0 -9999.0 -9999.0 -9999.0 -9999.0 713.497499 723.704079 744.911108 750.568371 777.031433 785.681909 807.673603 828.419077 851.506764 869.704218 901.579304 936.299642 979.103825 1024.343122 1058.702451 1055.933760 1068.616549 1101.332970 1142.361922 1173.535856 1201.113846 1244.117155 1323.012871 1367.577961 1376.869190 1383.049475 1393.611321 1442.249253 1505.999819 1521.371123 1502.281497 1489.206148 1511.185220 1549.769973 1559.264075 1562.619119 1573.504608 1582.942639 1608.001847 1597.254799 1554.996977 1537.897292 1533.164961 1515.123408 1453.136520 1388.462350 1352.017771 1300.435702 1215.387404 1157.815600 1161.455475 1176.965891 1144.967804 1088.219466 1044.346615 1031.083420 1013.692703 998.174737 1002.237933 1019.325429 1039.655566 1048.913513 1034.203546 1011.660861 987.566890 957.797614 958.867789 983.575114 -9999.0 -9999.0 -9999.0 -9999.0 -9999.0 -9999.0
-9999.0 -9999.0 -9999.0 -9999.0 662.492203 676.014064 664.697790 690.730643 724.572418 760.039145 793.503802 832.136439 861.344800 893.627209 936.352076 973.607013 1018.518856 1056.804584 1114.104956 1185.268362 1239.864182 1267.353217 1285.780552 1345.690395 1407.649652 1460.831504 1483.169726 1512.544331 1557.945806 1620.321216 1648.742695 1656.278193 1673.997521 1708.413789 1754.599628 1787.029789 1771.368925 1764.927102 1772.223127 1785.388170 1811.035414 1813.862607 1816.389412 1818.724341 1822.582516 1820.697163 1795.009847 1760.150881 1745.167543 1734.583574 1704.925797 1635.434034 1592.829298 1561.076923 1526.727155 1473.827683 1408.004175 1389.832765 1331.124076 1271.532357 1205.376833 1179.928459 1146.174214 1117.571733 1085.242629 1083.571308 1083.625191 1060.319702 1025.789005 991.610783 975.070592 955.181928 943.448381 972.810137 989.864871 1019.893808 -9999.0 -9999.0 -9999.0 -9999.0
-9999.0 -9999.0 602.164831 651.437811 709.092013 718.913951 720.817526 728.188015 758.291195 812.246368 890.133456 943.220905 988.599847 1025.048945 1087.823329 1170.980473 1247.441348 1299.062438 1360.310766 1431.003992 1494.669078 1530.909620 1551.408683 1591.160938 1644.423060 1705.015822 1731.899276 1758.744737 1790.493588 1824.895673 1838.163387 1852.673600 1860.940932 1863.032270 1867.991787 1869.134278 1864.762204 1859.469478 1841.744257 1838.900419 1846.873088 1852.813303 1855.012171 1841.940300 1837.874571 1850.782784 1853.551860 1851.709426 1850.829229 1857.440686 1860.943092 1822.080432 1782.460356 1766.157345 1755.709932 1710.767562 1645.684366 1601.862262 1577.713486 1533.880786 1454.750733 1401.113586 1348.652038 1297.520317 1241.994484 1207.039667 1156.394995 1110.274267 1060.644912 1012.226833 987.011396 967.752536 964.412413 963.606736 979.089403 993.906586 1008.818911 1016.372953 -9999.0 -9999.0
-9999.0 499.124751 571.867254 698.832251 779.779348 825.800651 860.194693 886.084153 916.800017 944.317844 1052.361054 1146.416971 1240.478447 1279.765020 1332.790094 1431.790405 1527.819020 1574.451310 1612.514788 1667.482552 1727.077773 1774.882158 1804.599763 1818.365214 1851.734335 1863.756197 1866.609552 1869.919178 1866.223382 1858.983857 1850.423615 1856.798827 1853.120342 1833.941220 1817.503807 1813.660342 1807.148098 1782.123127 1753.538101 1739.029410 1741.816502 1764.745520 1753.597960 1733.323791 1729.613758 1750.462919 1769.133705 1760.395389 1749.329424 1767.463742 1802.387209 1824.587849 1835.563178 1851.924253 1872.556266 1847.006348 1817.565026 1775.460572 1755.343079 1724.982874 1664.952285 1602.099421 1546.230856 1484.075977 1415.719944 1345.392638 1279.286115 1214.413062 1144.882215 1101.508885 1068.704884 1017.322082 995.251062 996.068698 986.364836 982.758630 988.224198 994.251440 -9999.0 -9999.0
-9999.0 419.566653 562.381474 747.650999 897.116606 958.214582 1063.757728 1146.125205 1177.438108 1152.739700 1263.259099 1483.335583 1584.369477 1602.350515 1673.461089 1759.945245 1782.175635 1814.479969 1836.417921 1845.200182 1852.677819 1862.598148 1861.754205 1856.725004 1842.708502 1835.051110 1833.574019 1830.030932 1811.416359 1791.286230 1772.902641 1767.987179 1749.164758 1704.815848 1670.807299 1652.405400 1634.986626 1613.689353 1580.169018 1553.509815 1539.208777 1555.441152 1548.395097 1531.698683 1527.985503 1550.121581 1582.486779 1578.472067 1586.611488 1609.260033 1650.017250 1690.812893 1714.379673 1745.141628 1782.657599 1827.138390 1843.313960 1864.800109 1869.095860 1848.985378 1804.007329 1750.797349 1714.424935 1649.271045 1574.114615 1493.278831 1425.914077 1360.938114 1289.749817 1241.811964 1193.913874 1136.217463 1081.286904 1056.931074 1016.580124 995.962069 -9999.0 -9999.0 -9999.0 -9999.0
-9999.0 341.940556 530.604319 790.239564 1065.663600 1180.569294 1384.281273 1513.683429 1573.757274 1641.031497 1626.688822 1769.667992 1807.997103 1804.103681 1801.886517 1806.232325 1822.199971 1826.280132 1823.094180 1813.318897 1804.311980 1800.343061 1799.140233 1791.869434 1779.486475 1764.130098 1750.178513 1735.815272 1696.023583 1661.356708 1624.934115 1609.177618 1569.928782 1478.171136 1434.141085 1397.680649 1340.907954 1333.581430 1326.363000 1297.887120 1278.376937 1258.708915 1279.997723 1283.784111 1286.080826 1290.358161 1308.072336 1331.570552 1376.048873 1413.189297 1458.596451 1511.982599 1547.406224 1591.734665 1639.423540 1696.778614 1730.283960 1762.137104 1809.683214 1848.855330 1871.416117 1859.442048 1829.846350 1781.414840 1707.672411 1636.592768 1582.370364 1505.184326 1437.937111 1384.729308 1340.491917 1291.700190 1227.935935 1146.509271 1103.777463 -9999.0 -9999.0 -9999.0 -9999.0 -9999.0
-9999.0 164.920389 432.732727 722.062651 1038.936559 1365.688768 1495.783202 1627.002788 1699.651758 1663.881506 1668.484421 1691.441689 1734.227818 1743.306416 1724.753164 1716.931334 1706.472256 1706.719813 1719.402252 1692.766132 1662.520008 1648.715205 1647.934469 1636.003799 1612.681353 1595.170061 1581.911557 1560.423891 1511.155976 1459.217166 1377.698485 1347.558141 1271.680094 1212.807020 1166.556206 1116.079405 1064.519655 1062.395482 1078.714127 1063.332885 1040.858250 1022.374089 1048.812808 1066.306627 1078.530113 1067.831236 1077.466014 1113.942761 1164.349384 1209.747983 1261.608341 1317.993974 1365.613732 1414.788637 1448.765391 1501.059994 1549.528294 1597.165251 1671.658387 1750.776499 1787.571499 1821.656389 1853.214139 1865.717490 1810.528905 1755.249449 1696.721519 1627.190851 1539.165785 1492.783958 1470.695555 1435.428599 1382.766818 -9999.0 -9999.0 -9999.0 -9999.0 -9999.0 -9999.0 -9999.0
-9999.0 37.567662 258.078844 490.249038 777.422194 1016.012414 1209.142394 1319.353182 1399.307649 1429.562100 1461.843748 1496.812565 1529.199601 1552.804035 1531.851061 1493.615474 1465.561044 1469.497549 1465.436669 1440.890891 1410.666100 1395.256156 1392.657825 1385.350920 1360.528859 1345.302172 1333.592761 1309.832562 1274.255771 1217.033596 1135.804849 1063.162244 1001.142303 967.506575 936.693983 903.180503 866.494423 876.217519 888.828379 884.856791 873.850217 870.593250 899.841221 918.846017 929.123203 917.531938 936.944601 964.228836 1006.657489 1050.578367 1100.924498 1157.601914 1212.978940 1244.451834 1260.887900 1289.408857 1331.132064 1386.911159 1474.204036 1569.096015 1646.094045 1694.952986 1744.585817 1775.725842 1785.146863 1792.083105 1759.068330 1666.981350 1539.219230 1538.258907 1541.428555 -9999.0 -9999.0 -9999.0 -9999.0 -9999.0 -9999.0 -9999.0 -9999.0 -9999.0
-9999.0 -9999.0 24.016726 203.823450 345.975680 527.722891 679.191438 789.756215 876.745114 985.475267 1087.830693 1170.957420 1215.954335 1234.125312 1219.329141 1184.288506 1161.544032 1161.137401 1150.767547 1138.738225 1117.217728 1108.489521 1097.451886 1088.958268 1077.806779 1071.266146 1065.078699 1052.668769 1029.218137 981.148643 930.521926 878.167466 823.959195 797.801762 775.248555 752.970340 750.692141 747.044711 752.792296 754.092448 760.493403 772.831078 793.117701 815.001695 824.787360 833.327672 846.092419 870.161823 903.791008 946.468392 1000.936492 1059.216249 1099.885582 1113.884692 1105.960361 1113.124969 1136.086518 1181.648618 1266.399753 1352.911536 1447.972217 1518.784809 1588.787379 1638.373417 1651.271862 1661.989120 1667.485438 1588.308113 1245.670829 1461.893693 -9999.0 -9999.0 -9999.0 -9999.0 -9999.0 -9999.0 -9999.0 -9999.0 -9999.0 -9999.0
-9999.0 -9999.0 -9999.0 -9999.0 62.021917 218.032539 314.891061 398.919720 526.276955 643.633364 741.874823 823.589929 883.477934 909.438580 903.248438 905.159269 899.233096 893.559716 883.909447 881.225145 878.388774 870.489207 856.836435 849.079946 849.093811 853.081407 850.096365 835.936978 817.961476 793.362393 771.264835 736.078247 699.325789 669.707526 656.194659 649.830776 649.504452 642.872763 651.724227 658.687997 673.747441 689.027241 712.880526 741.701480 755.173253 769.872696 779.784448 800.648314 831.261895 884.864288 948.453538 1006.349518 1042.281130 1047.177374 1022.914298 1008.328402 1006.133573 1035.896183 1083.905344 1154.604958 1258.765222 1333.473867 1392.407587 1436.969263 1466.932924 1507.524632 1547.534956 1568.438066 -9999.0 -9999.0 -9999.0 -9999.0 -9999.0 -9999.0 -9999.0 -9999.0 -9999.0 -9999.0 -9999.0 -9999.0
-9999.0 -9999.0 -9999.0 -9999.0 -9999.0 -9999.0 16.710935 116.764028 199.944628 333.613651 458.832627 557.333169 635.867404 665.653736 689.170338 714.312476 711.490651 693.515081 675.167999 692.872798 704.996706 699.193934 669.875380 668.882457 672.986836 681.247466 679.014704 672.291033 646.882223 656.731913 656.214253 632.593089 606.174375 591.814924 579.806765 589.318733 589.593350 576.265144 577.392431 603.884890 623.932694 637.181753 659.239993 692.442992 724.700456 739.679632 741.053920 747.405880 788.151691 858.641205 930.147926 985.318087 1017.681892 1025.969018 998.820224 959.071864 939.085630 947.131036 983.347360 1038.172927 1116.389034 1167.659599 1196.464528 1212.786728 1233.123826 1321.974192 -9999.0 -9999.0 -9999.0 -9999.0 -9999.0 -9999.0 -9999.0 -9999.0 -9999.0 -9999.0 -9999.0 -9999.0 -9999.0 -9999.0
-9999.0 -9999.0 -9999.0 -9999.0 -9999.0 -9999.0 -9999.0 -9999.0 -9999.0 -9999.0 -9999.0 -9999.0 -9999.0 -9999.0 -9999.0 -9999.0 -9999.0 -9999.0 -9999.0 -9999.0 -9999.0 -9999.0 -9999.0 -9999.0 -9999.0 -9999.0 -9999.0 -9999.0 -9999.0 -9999.0 -9999.0 -9999.0 -9999.0 -9999.0 -9999.0 -9999.0 -9999.0 -9999.0 -9999.0 -9999.0 -9999.0 -9999.0 -9999.0 -9999.0 -9999.0 -9999.0 -9999.0 -9999.0 -9999.0 -9999.0 -9999.0 -9999.0 -9999.0 -9999.0 -9999.0 -9999.0 -9999.0 -9999.0 -9999.0 -9999.0 -9999.0 -9999.0 -9999.0 -9999.0 -9999.0 -9999.0 -9999.0 -9999.0 -9999.0 -9999.0 -9999.0 -9999.0 -9999.0 -9999.0 -9999.0 -9999.0 -9999.0 -9999.0 -9999.0 -9999.0
-9999.0 -9999.0 -9999.0 -9999.0 -9999.0 -9999.0 -9999.0 -9999.0 -9999.0 -9999.0 -9999.0 -9999.0 -9999.0 -9999.0 -9999.0 -9999.0 -9999.0 -9999.0 -9999.0 -9999.0 -9999.0 -9999.0 -9999.0 -9999.0 -9999.0 -9999.0 -9999.0 -9999.0 -9999.0 -9999.0 -9999.0 -9999.0 -9999.0 -9999.0 -9999.0 -9999.0 -9999.0 -9999.0 -9999.0 -9999.0 -9999.0 -9999.0 -9999.0 -9999.0 -9999.0 -9999.0 -9999.0 -9999.0 -9999.0 -9999.0 -9999.0 -9999.0 -9999.0 -9999.0 -9999.0 -9999.0 -9999.0 -9999.0 -9999.0 -9999.0 -9999.0 -9999.0 -9999.0 -9999.0 -9999.0 -9999.0 -9999.0 -9999.0 -9999.0 -9999.0 -9999.0 -9999.0 -9999.0 -9999.0 -9999.0 -9999.0 -9999.0 -9999.0 -9999.0 -9999.0