Borden_/Borden1m_014/output_maps/psiliqL0004N0003.asc
ncols         80
nrows         18
xllcorner     620200.000000
yllcorner     5168000.000000
cellsize      1.000000
NODATA_value  -9999.0
-9999.0 -9999.0 -9999.0 -9999.0 -9999.0 -9999.0 -9999.0 -9999.0 -9999.0 -9999.0 -9999.0 -9999.0 -9999.0 -9999.0 -9999.0 -9999.0 -9999.0 -9999.0 -9999.0 -9999.0 -9999.0 -9999.0 -9999.0 -9999.0 -9999.0 -9999.0 -9999.0 -9999.0 -9999.0 -9999.0 -9999.0 -9999.0 -9999.0 -9999.0 -9999.0 -9999.0 -9999.0 -9999.0 -9999.0 -9999.0 -9999.0 -9999.0 -9999.0 -9999.0 -9999.0 -9999.0 -9999.0 -9999.0 -9999.0 -9999.0 -9999.0 -9999.0 -9999.0 -9999.0 -9999.0 -9999.0 -9999.0 -9999.0 -9999.0 -9999.0 -9999.0 -9999.0 -9999.0 -9999.0 -9999.0 -9999.0 -9999.0 -9999.0 -9999.0 -9999.0 -9999.0 -9999.0 -9999.0 -9999.0 -9999.0 -9999.0 -9999.0 -9999.0 -9999.0 -9999.0
-9999.0 -9999.0 -9999.0 -9999.0 -9999.0 -9999.0 -9999.0 -9999.0 -9999.0 -9999.0 -9999.0 -9999.0 -9999.0 -9999.0 -9999.0 -9999.0 -9999.0 -9999.0 -9999.0 -9999.0 -9999.0 -9999.0 -9999.0 -9999.0 -9999.0 -9999.0 -9999.0 -9999.0 -9999.0 -9999.0 -9999.0 -9999.0 -9999.0 -9999.0 -9999.0 -9999.0 -9999.0 -9999.0 -9999.0 -9999.0 -9999.0 -9999.0 -9999.0 -9999.0 -9999.0 -9999.0 -9999.0 -9999.0 -9999.0 -9999.0 -9999.0 -9999.0 -9999.0 -9999.0 -9999.0 -9999.0 -9999.0 -9999.0 -9999.0 -9999.0 -9999.0 -9999.0 -9999.0 -9999.0 -9999.0 -9999.0 -9999.0 -9999.0 -9999.0 -9999.0 -9999.0 -9999.0 -9999.0 -9999.0 -9999.0 -9999.0 -9999.0 -9999.0 -9999.0 -9999.0
-9999.0 -9999.0 -9999.0 -9999.0 -9999.0 -9999.0 -9999.0 -9999.0 -9999.0 -9999.0 -9999.0 -9999.0 -9999.0 -9999.0 -9999.0 -9999.0 -9999.0 -9999.0 -9999.0 -9999.0 -863.953957 -860.783004 -883.851338 -917.938229 -946.536059 -945.200804 -910.904262 -870.944757 -834.490330 -824.254240 -842.389789 -841.802514 -847.439469 -847.406965 -844.436938 -839.128567 -837.297145 -825.915364 -817.634679 -817.844556 -823.932198 -829.822142 -831.882635 -828.257275 -823.525980 -831.155951 -818.076100 -802.903059 -796.006688 -800.709479 -827.231057 -842.593534 -849.844285 -863.205073 -838.572703 -825.325459 -801.981657 -797.119673 -797.571671 -823.916926 -853.418666 -9999.0 -9999.0 -9999.0 -9999.0 -9999.0 -9999.0 -9999.0 -9999.0 -9999.0 -9999.0 -9999.0 -9999.0 -9999.0 -9999.0 -9999.0 -9999.0 -9999.0 -9999.0 -9999.0
-9999.0 -9999.0 -9999.0 -9999.0 -9999.0 -9999.0 -9999.0 -9999.0 -9999.0 -9999.0 -9999.0 -9999.0 -9999.0 -9999.0 -952.224362 -962.908749 -966.448965 -958.388768 -925.303314 -896.210209 -883.754847 -891.758242 -892.325472 -916.091965 -936.303562 -922.886790 -894.853789 -864.826637 -832.210297 -812.495705 -825.865992 -829.139209 -818.906443 -791.415206 -776.896082 -779.909598 -801.425073 -779.796551 -764.018963 -754.558268 -755.745065 -764.324716 -749.623572 -733.683921 -740.200805 -757.312778 -754.657883 -743.431417 -728.288107 -742.705576 -805.751408 -826.370927 -828.084110 -833.628307 -845.544036 -851.494963 -826.714060 -824.713838 -832.125318 -849.098383 -880.137833 -923.227811 -940.167512 -901.782915 -856.949044 -798.576609 -9999.0 -9999.0 -9999.0 -9999.0 -9999.0 -9999.0 -9999.0 -9999.0 -9999.0 -9999.0 -9999.0 -9999.0 -9999.0 -9999.0
-9999.0 -9999.0 -9999.0 -9999.0 -9999.0 -9999.0 -9999.0 -9999.0 -9999.0 -1007.314952 -1004.488676 -997.926489 -996.869750 -981.836828 -983.712564 -977.446177 -969.689167 -944.937740 -914.917493 -880.925502 -852.935243 -863.856568 -864.274630 -852.069938 -844.544498 -832.357838 -813.309467 -774.878170 -734.462550 -694.878672 -722.907659 -725.333702 -707.312037 -659.115028 -621.589756 -612.212899 -630.094149 -628.873129 -605.320092 -581.852071 -583.249895 -585.209257 -563.894166 -552.695237 -545.180557 -561.151077 -578.700637 -581.112550 -556.710544 -602.873038 -661.732963 -714.363353 -713.028590 -742.740990 -783.193084 -805.390486 -807.762249 -784.552751 -798.683247 -834.732203 -870.042736 -877.936012 -893.307385 -877.002576 -853.724504 -806.106080 -767.407732 -738.214420 -736.903216 -753.507377 -9999.0 -9999.0 -9999.0 -9999.0 -9999.0 -9999.0 -9999.0 -9999.0 -9999.0 -9999.0
-9999.0 -9999.0 -9999.0 -9999.0 -9999.0 -9999.0 -1084.755923 -1076.718158 -1057.828769 -1052.297878 -1029.181123 -1022.084806 -1002.295674 -983.641513 -964.518910 -948.153420 -917.933376 -886.895420 -846.688883 -803.955839 -773.131196 -777.846162 -769.022919 -735.804287 -693.123427 -661.529044 -640.418698 -606.801547 -538.768147 -501.346229 -487.853581 -483.011993 -473.842577 -424.302082 -342.571004 -313.094107 -346.217970 -369.956743 -348.052923 -291.735084 -275.290512 -275.752112 -261.940605 -229.059547 46.998597 37.527094 -278.216319 -317.811228 -329.990454 -341.455861 -408.197740 -476.535124 -514.219584 -553.976102 -624.341339 -680.091482 -682.312945 -666.798364 -695.352474 -745.441476 -786.263574 -795.540175 -808.674119 -822.148589 -816.330057 -796.144766 -771.571183 -759.175096 -770.225526 -789.468913 -811.755275 -839.705506 -837.555075 -811.671692 -9999.0 -9999.0 -9999.0 -9999.0 -9999.0 -9999.0
-9999.0 -9999.0 -9999.0 -9999.0 -1133.788783 -1122.009388 -1133.532852 -1111.245062 -1080.287358 -1048.354533 -1016.561185 -979.984274 -954.062828 -925.770086 -884.949935 -847.049573 -805.097902 -772.920015 -720.901397 -655.442167 -606.951564 -582.899017 -571.867556 -518.757923 -460.090949 -402.035503 -380.025459 -349.593496 -286.109924 52.422675 70.633342 71.681413 74.059328 78.419273 85.263304 90.897603 86.897228 85.734166 86.724336 88.477758 92.886458 92.450827 93.206390 95.142250 103.067018 103.249616 91.858094 85.014541 83.244771 82.531326 79.086740 62.803662 -119.829487 -272.725469 -310.766396 -378.249833 -462.269961 -484.738265 -532.011522 -577.840847 -638.378825 -661.601101 -690.763688 -714.038802 -742.776878 -740.854489 -736.593622 -754.322522 -782.491166 -812.816939 -826.576038 -844.166964 -853.161286 -822.858286 -804.640047 -772.988970 -9999.0 -9999.0 -9999.0 -9999.0
-9999.0 -9999.0 -1190.709925 -1140.505140 -1085.801357 -1077.776732 -1075.141372 -1071.102693 -1045.698525 -996.938283 -918.872740 -867.224311 -823.431307 -796.177939 -739.680936 -659.019960 -591.647767 -551.731512 -502.845802 -439.323479 -370.827046 -324.503527 -297.317391 -140.521338 63.107491 78.113487 81.576990 85.472276 91.502886 104.530584 109.670511 119.091581 123.281143 118.366757 116.393933 114.258479 112.746981 110.199570 105.967837 105.350111 109.993049 111.612001 115.075630 105.398960 104.758443 107.746977 108.229370 108.815964 110.155574 118.558872 128.206029 107.876034 93.439535 87.752386 86.748170 79.415654 67.929330 18.600715 -237.218434 -318.269675 -415.229861 -471.656693 -517.391283 -559.981549 -605.764071 -633.757409 -675.509783 -711.889131 -753.285627 -795.502159 -816.990964 -834.077605 -835.042534 -833.158177 -816.452328 -800.083768 -784.177310 -776.105026 -9999.0 -9999.0
-9999.0 -1286.938270 -1214.469107 -1086.824750 -1009.390736 -965.350370 -923.023356 -893.197529 -871.965671 -862.514677 -758.598187 -655.698409 -576.494609 -555.308403 -510.450672 -417.830001 -309.371657 -194.992577 53.105691 72.282606 81.315696 88.126121 91.988932 101.465870 123.267357 119.539363 116.408381 115.244105 110.108458 109.266691 107.024876 108.652110 107.873212 105.190047 103.448003 103.910556 103.749254 99.419339 87.902544 82.935807 82.778005 87.604200 85.024769 80.957536 80.331826 84.492520 89.332999 87.101990 85.626715 96.113490 102.728174 104.852453 107.551525 110.033212 127.853504 109.550217 104.130347 96.059624 87.732120 82.357700 72.445517 28.620297 -319.210104 -396.805202 -460.476476 -519.770805 -568.842243 -616.486084 -672.838632 -706.441818 -733.925169 -783.503145 -805.529436 -802.486326 -810.849555 -812.451117 -805.055414 -798.297635 -9999.0 -9999.0
-9999.0 -1353.659568 -1210.010175 -1024.237027 -880.136577 -820.633589 -704.112009 -626.602301 -604.747785 -625.283711 -536.146606 -294.296001 53.768640 65.062710 76.020790 87.887518 93.816195 104.692245 124.694319 117.926354 111.653637 113.399797 109.320648 107.226003 105.173640 103.968797 104.131100 104.441699 102.866862 101.366512 99.463154 98.605762 88.517823 79.064871 74.106778 72.347853 70.901191 60.599079 -211.134023 -297.074825 -316.440083 -266.879631 -295.068917 -333.334836 -341.024746 -298.121409 -199.115335 -242.751213 -242.549512 40.200852 70.058748 76.551482 79.364180 85.766032 98.518264 105.037596 107.912289 116.163471 121.570032 108.154183 102.421752 93.896699 81.794442 64.097960 -237.429253 -377.498220 -432.370978 -478.509489 -530.206619 -567.997924 -610.601241 -663.099947 -717.402609 -742.347702 -779.818140 -800.519994 -9999.0 -9999.0 -9999.0 -9999.0
-9999.0 -1412.191661 -1219.173440 -951.084643 -706.409635 -587.225767 -409.199826 1.864415 64.220626 76.785315 80.872247 101.909836 117.154155 108.220351 103.619149 102.074018 103.461443 103.777860 103.559856 102.988698 102.686847 102.776437 102.860808 102.084515 100.130757 92.479910 87.303837 84.986356 78.864611 74.678050 69.547824 60.216497 -222.702219 -393.310444 -439.349916 -466.900920 -511.525926 -517.355892 -529.221097 -555.353506 -570.490750 -581.242906 -566.702490 -569.592947 -570.675267 -562.828667 -543.885601 -531.782132 -499.372462 -470.344081 -429.197378 -376.116619 -337.243066 -239.705315 60.630231 77.099715 81.922062 89.290416 101.721066 108.139470 121.654352 115.037876 105.895263 100.555396 84.205340 73.084852 60.206437 -251.796089 -349.283355 -410.209170 -461.013459 -514.004013 -573.200260 -654.035040 -692.274946 -9999.0 -9999.0 -9999.0 -9999.0 -9999.0
-9999.0 -1553.277165 -1285.363185 -985.729217 -654.631316 -352.956353 -201.187617 71.013861 91.887999 78.268934 75.333877 78.042371 85.891993 87.644111 82.903677 81.192562 78.944722 78.754811 82.181288 78.209103 74.290196 72.957462 73.581832 71.511007 62.387698 -121.972059 -231.506568 -280.108326 -358.719880 -413.666332 -488.527339 -503.203696 -563.361294 -623.181198 -664.305565 -706.987969 -754.947801 -756.459113 -741.957760 -758.271995 -779.211787 -797.348372 -773.613624 -760.087767 -750.451712 -759.505402 -751.845000 -720.445465 -676.715593 -640.147721 -597.861628 -552.618010 -517.177525 -474.789562 -442.392807 -385.049719 -325.025354 -180.109135 66.878263 87.197593 99.264212 104.272679 111.086164 127.344118 107.782410 101.303476 96.449530 83.943221 72.112493 59.426272 -166.926812 -354.441575 -426.965841 -9999.0 -9999.0 -9999.0 -9999.0 -9999.0 -9999.0 -9999.0
-9999.0 -1691.291708 -1451.847550 -1193.777162 -890.012656 -669.531524 -532.945995 -437.803483 -363.827553 -376.892128 -365.197411 -332.778653 -280.062819 -225.872268 -296.157776 -357.163933 -392.840543 -389.126255 -388.332519 -418.890819 -451.187097 -466.461632 -466.185731 -472.897484 -497.543207 -511.806110 -520.585019 -539.384391 -570.644214 -617.175202 -691.821698 -751.486360 -808.678609 -843.392529 -872.459063 -904.607670 -943.845380 -933.171183 -917.949800 -923.064028 -936.217841 -941.573325 -912.463430 -895.018201 -885.412373 -899.450811 -882.102398 -856.203943 -816.214853 -777.782245 -734.542480 -686.372160 -640.332572 -614.972925 -602.329573 -577.014931 -542.239999 -495.470828 -411.952169 -269.049154 61.760479 76.960120 88.172419 100.181994 103.437917 111.661864 118.033304 100.057404 88.358449 89.930244 82.215652 -9999.0 -9999.0 -9999.0 -9999.0 -9999.0 -9999.0 -9999.0 -9999.0 -9999.0
-9999.0 -9999.0 -1690.548023 -1492.324458 -1320.173423 -1133.482838 -989.707813 -893.702217 -833.650136 -761.322305 -685.197759 -622.733862 -589.777139 -576.577579 -594.340771 -633.230369 -658.593336 -657.800495 -665.342943 -679.088782 -702.758794 -711.044360 -718.439140 -724.837320 -738.062997 -745.224579 -749.718676 -759.350953 -780.316591 -824.712721 -877.266411 -928.152670 -981.817242 -1006.065167 -1027.700648 -1050.671881 -1055.283405 -1056.036179 -1048.778048 -1047.872076 -1043.510359 -1032.518154 -1011.822521 -991.273553 -982.355775 -976.483574 -964.305968 -941.361239 -909.154115 -870.197100 -820.604243 -768.512711 -734.015954 -724.724345 -735.474514 -731.029672 -711.367153 -671.939161 -594.752849 -520.541446 -440.417086 -369.635573 -204.227825 64.486637 74.639214 81.206947 97.362302 94.573898 60.781741 84.006069 -9999.0 -9999.0 -9999.0 -9999.0 -9999.0 -9999.0 -9999.0 -9999.0 -9999.0 -9999.0
-9999.0 -9999.0 -9999.0 -9999.0 -1634.983854 -1475.942455 -1383.867922 -1302.787410 -1188.600831 -1089.253157 -1004.764837 -935.765867 -890.273240 -869.458466 -883.591158 -893.588335 -902.919334 -905.066027 -912.582095 -919.651362 -926.707802 -934.054135 -943.323959 -950.554930 -951.836330 -948.995129 -950.609692 -962.869690 -977.215863 -1005.909368 -1031.160184 -1066.263924 -1103.417182 -1132.266044 -1145.130624 -1152.675433 -1152.267510 -1157.101909 -1147.338047 -1141.673756 -1127.222829 -1111.902671 -1088.051222 -1060.444756 -1048.698019 -1035.007084 -1025.491998 -1004.842891 -975.708847 -924.473996 -864.373573 -811.293118 -780.518776 -779.205760 -807.387764 -824.933668 -829.830716 -804.749299 -761.362537 -698.359632 -608.379108 -547.040706 -491.421421 -441.375081 -398.994672 -308.178506 70.832606 89.578000 -9999.0 -9999.0 -9999.0 -9999.0 -9999.0 -9999.0 -9999.0 -9999.0 -9999.0 -9999.0 -9999.0 -9999.0
-9999.0 -9999.0 -9999.0 -9999.0 -9999.0 -9999.0 -1696.780137 -1604.569505 -1513.293611 -1400.548465 -1297.643124 -1212.432611 -1143.235597 -1122.321714 -1109.483542 -1089.655339 -1095.314186 -1111.033821 -1125.849011 -1110.666298 -1103.269648 -1107.397618 -1132.882810 -1134.756446 -1132.026483 -1122.423963 -1123.175279 -1129.001404 -1153.256431 -1147.020246 -1149.597342 -1172.283272 -1198.099033 -1212.698830 -1224.109118 -1214.174842 -1213.164183 -1225.115198 -1221.884747 -1196.508073 -1177.345948 -1163.918279 -1141.292271 -1108.551370 -1077.116354 -1063.536595 -1062.901261 -1056.824755 -1015.166911 -946.113782 -878.145638 -827.489425 -799.342644 -793.989183 -824.308828 -866.961141 -890.680210 -886.712535 -855.923913 -807.456479 -737.793666 -695.617058 -668.785394 -649.107392 -624.464091 -540.284210 -9999.0 -9999.0 -9999.0 -9999.0 -9999.0 -9999.0 -9999.0 -9999.0 -9999.0 -9999.0 -9999.0 -9999.0 -9999.0 -9999.0
-9999.0 -9999.0 -9999.0 -9999.0 -9999.0 -9999.0 -9999.0 -9999.0 -9999.0 -9999.0 -9999.0 -9999.0 -9999.0 -9999.0 -9999.0 -9999.0 -9999.0 -9999.0 -9999.0 -9999.0 -9999.0 -9999.0 -9999.0 -9999.0 -9999.0 -9999.0 -9999.0 -9999.0 -9999.0 -9999.0 -9999.0 -9999.0 -9999.0 -9999.0 -9999.0 -9999.0 -9999.0 -9999.0 -9999.0 -9999.0 -9999.0 -9999.0 -9999.0 -9999.0 -9999.0 -9999.0 -9999.0 -9999.0 -9999.0 -9999.0 -9999.0 -9999.0 -9999.0 -9999.0 -9999.0 -9999.0 -9999.0 -9999.0 -9999.0 -9999.0 -9999.0 -9999.0 -9999.0 -9999.0 -9999.0 -9999.0 -9999.0 -9999.0 -9999.0 -9999.0 -9999.0 -9999.0 -9999.0 -9999.0 -9999.0 -9999.0 -9999.0 -9999.0 -9999.0 -9999.0
-9999.0 -9999.0 -9999.0 -9999.0 -9999.0 -9999.0 -9999.0 -9999.0 -9999.0 -9999.0 -9999.0 -9999.0 -9999.0 -9999.0 -9999.0 -9999.0 -9999.0 -9999.0 -9999.0 -9999.0 -9999.0 -9999.0 -9999.0 -9999.0 -9999.0 -9999.0 -9999.0 -9999.0 -9999.0 -9999.0 -9999.0 -9999.0 -9999.0 -9999.0 -9999.0 -9999.0 -9999.0 -9999.0 -9999.0 -9999.0 -9999.0 -9999.0 -9999.0 -9999.0 -9999.0 -9999.0 -9999.0 -9999.0 -9999.0 -9999.0 -9999.0 -9999.0 -9999.0 -9999.0 -9999.0 -9999.0 -9999.0 -9999.0 -9999.0 -9999.0 -9999.0 -9999.0 -9999.0 -9999.0 -9999.0 -9999.0 -9999.0 -9999.0 -9999.0 -9999.0 -9999.0 -9999.0 -9999.0 -9999.0 -9999.0 -9999.0 -9999.0 -9999.0 -9999.0 -9999.0