Borden_/Borden1m_014/output_maps/psiliqL0010N0019.asc
ncols         80
nrows         18
xllcorner     620200.000000
yllcorner     5168000.000000
cellsize      1.000000
NODATA_value  -9999.0
-9999.0 -9999.0 -9999.0 -9999.0 -9999.0 -9999.0 -9999.0 -9999.0 -9999.0 -9999.0 -9999.0 -9999.0 -9999.0 -9999.0 -9999.0 -9999.0 -9999.0 -9999.0 -9999.0 -9999.0 -9999.0 -9999.0 -9999.0 -9999.0 -9999.0 -9999.0 -9999.0 -9999.0 -9999.0 -9999.0 -9999.0 -9999.0 -9999.0 -9999.0 -9999.0 -9999.0 -9999.0 -9999.0 -9999.0 -9999.0 -9999.0 -9999.0 -9999.0 -9999.0 -9999.0 -9999.0 -9999.0 -9999.0 -9999.0 -9999.0 -9999.0 -9999.0 -9999.0 -9999.0 -9999.0 -9999.0 -9999.0 -9999.0 -9999.0 -9999.0 -9999.0 -9999.0 -9999.0 -9999.0 -9999.0 -9999.0 -9999.0 -9999.0 -9999.0 -9999.0 -9999.0 -9999.0 -9999.0 -9999.0 -9999.0 -9999.0 -9999.0 -9999.0 -9999.0 -9999.0
-9999.0 -9999.0 -9999.0 -9999.0 -9999.0 -9999.0 -9999.0 -9999.0 -9999.0 -9999.0 -9999.0 -9999.0 -9999.0 -9999.0 -9999.0 -9999.0 -9999.0 -9999.0 -9999.0 -9999.0 -9999.0 -9999.0 -9999.0 -9999.0 -9999.0 -9999.0 -9999.0 -9999.0 -9999.0 -9999.0 -9999.0 -9999.0 -9999.0 -9999.0 -9999.0 -9999.0 -9999.0 -9999.0 -9999.0 -9999.0 -9999.0 -9999.0 -9999.0 -9999.0 -9999.0 -9999.0 -9999.0 -9999.0 -9999.0 -9999.0 -9999.0 -9999.0 -9999.0 -9999.0 -9999.0 -9999.0 -9999.0 -9999.0 -9999.0 -9999.0 -9999.0 -9999.0 -9999.0 -9999.0 -9999.0 -9999.0 -9999.0 -9999.0 -9999.0 -9999.0 -9999.0 -9999.0 -9999.0 -9999.0 -9999.0 -9999.0 -9999.0 -9999.0 -9999.0 -9999.0
-9999.0 -9999.0 -9999.0 -9999.0 -9999.0 -9999.0 -9999.0 -9999.0 -9999.0 -9999.0 -9999.0 -9999.0 -9999.0 -9999.0 -9999.0 -9999.0 -9999.0 -9999.0 -9999.0 -9999.0 136.422360 139.431946 117.135022 83.456742 55.473272 57.938249 93.455043 135.267478 173.956285 185.000424 167.781760 170.304888 166.154159 166.321757 169.645666 176.207458 179.560473 191.046698 199.591214 199.412069 193.402823 188.023623 187.483305 190.966322 196.041380 186.335256 199.736047 214.865991 220.653826 215.000349 187.097602 170.511009 161.123916 145.419106 169.103142 180.768057 203.089726 206.818681 204.934986 177.508920 147.172485 -9999.0 -9999.0 -9999.0 -9999.0 -9999.0 -9999.0 -9999.0 -9999.0 -9999.0 -9999.0 -9999.0 -9999.0 -9999.0 -9999.0 -9999.0 -9999.0 -9999.0 -9999.0 -9999.0
-9999.0 -9999.0 -9999.0 -9999.0 -9999.0 -9999.0 -9999.0 -9999.0 -9999.0 -9999.0 -9999.0 -9999.0 -9999.0 -9999.0 44.579714 34.765398 32.097879 40.982841 75.231476 105.767204 118.455337 111.221068 111.610768 88.547809 68.814837 83.618406 113.891156 146.201152 181.562030 203.293902 192.299036 190.976153 202.582055 230.531096 245.372941 243.155335 222.518969 245.511026 261.894664 271.471287 271.032428 262.811387 277.472470 294.093386 287.362605 269.229888 272.566516 284.152542 297.794562 282.052622 216.221723 194.137098 188.702365 180.422588 165.732385 158.423031 182.616661 182.588530 173.649507 155.132673 122.309143 77.866397 59.444118 97.808830 141.903470 199.474516 -9999.0 -9999.0 -9999.0 -9999.0 -9999.0 -9999.0 -9999.0 -9999.0 -9999.0 -9999.0 -9999.0 -9999.0 -9999.0 -9999.0
-9999.0 -9999.0 -9999.0 -9999.0 -9999.0 -9999.0 -9999.0 -9999.0 -9999.0 -13.144608 -9.162567 -1.878084 0.251663 16.099615 14.418888 21.732382 29.818299 56.810614 88.705053 124.628684 154.082398 145.103520 146.454870 159.493803 167.177826 181.222091 203.490847 245.712672 290.531270 336.476318 311.333426 312.215403 335.376685 386.820412 424.576788 434.462190 414.994716 420.199428 446.179133 471.437649 472.824820 472.025058 498.641555 514.018225 518.682980 496.759003 477.498135 475.494787 501.641436 447.438852 379.940163 323.357323 318.972338 282.636468 239.235484 215.874067 211.542320 231.408022 214.406369 175.652212 138.273211 127.522308 109.959701 125.956533 148.041454 194.440292 232.799895 261.107141 260.870925 243.303505 -9999.0 -9999.0 -9999.0 -9999.0 -9999.0 -9999.0 -9999.0 -9999.0 -9999.0 -9999.0
-9999.0 -9999.0 -9999.0 -9999.0 -9999.0 -9999.0 -91.905764 -82.832414 -62.873125 -57.497755 -32.761204 -25.085576 -4.303610 15.428875 36.889469 54.533059 86.187851 120.213416 163.478719 209.300695 243.325053 240.551847 253.629804 292.313533 341.506404 376.362577 402.899306 445.744592 532.941842 591.514193 612.544346 625.197157 642.684263 688.216715 748.560295 768.537849 743.081596 726.025595 743.145061 778.088665 793.743928 797.216129 806.215569 815.231458 840.580188 830.219691 782.528577 764.239465 760.524610 748.751387 696.541625 633.142415 576.310071 510.696857 421.152428 361.280765 360.602034 372.243248 335.203522 276.618615 231.674706 219.002821 202.181516 186.587561 190.953152 209.321881 231.643403 242.399250 229.337986 208.268213 185.027106 155.936844 157.329730 182.456633 -9999.0 -9999.0 -9999.0 -9999.0 -9999.0 -9999.0
-9999.0 -9999.0 -9999.0 -9999.0 -141.791760 -129.199799 -140.943299 -116.811801 -84.492763 -50.861837 -18.301092 19.423641 47.281557 78.318263 121.541170 160.837759 206.381107 245.504411 307.494428 383.031666 439.224873 469.226795 492.326719 569.958650 648.981753 702.995949 721.927553 747.038044 790.435250 860.608990 891.986587 901.620817 922.190544 952.992406 996.509300 1028.689741 1010.477536 1000.587518 1005.739493 1015.913201 1041.376068 1043.446410 1045.384386 1046.917785 1050.083178 1049.304885 1024.927292 991.164654 979.985854 970.900810 948.128776 881.820921 827.424684 791.765497 763.619898 719.057623 654.222171 625.092769 548.449649 479.432647 408.367235 379.721370 341.310942 309.411835 275.251783 273.280824 274.133250 252.655154 220.500376 187.748882 172.207900 153.006826 142.142114 171.644875 188.985429 219.572308 -9999.0 -9999.0 -9999.0 -9999.0
-9999.0 -9999.0 -200.330779 -150.628689 -94.273222 -85.365544 -83.284982 -77.711876 -50.068543 1.464022 80.562843 134.795556 181.024528 215.910664 282.067199 372.351395 453.276470 512.323566 591.090831 669.376001 730.005618 764.901358 791.727771 834.614053 890.762657 946.879441 971.401654 994.846147 1024.514743 1058.010614 1078.135455 1093.967727 1102.019739 1101.320852 1104.007183 1103.596523 1098.714956 1091.538225 1073.171482 1069.668566 1076.996473 1080.976044 1083.690045 1071.139554 1067.383066 1080.205982 1082.809124 1082.451277 1084.616505 1092.811015 1100.484387 1065.669845 1017.321168 999.668808 993.002415 953.540737 892.196453 840.514200 811.082216 769.603211 697.165298 643.155560 574.526605 507.211510 444.293769 403.479830 350.517250 305.277223 256.905709 209.759515 185.193421 165.924026 162.763749 162.438439 177.959488 193.119828 208.211716 215.862441 -9999.0 -9999.0
-9999.0 -300.419996 -227.739357 -100.182638 -20.492077 25.389169 65.016090 93.625723 120.384538 140.415170 251.917598 359.900607 455.535423 496.535890 566.563859 675.859639 772.532316 817.564013 857.941942 910.786503 967.068765 1011.880436 1040.916524 1065.052595 1095.862891 1100.950133 1101.329272 1102.420329 1096.731932 1089.877719 1080.672348 1087.534017 1085.134233 1068.287871 1053.947749 1050.734550 1043.065635 1015.296391 985.699952 970.822670 973.927771 995.176576 984.616973 965.078307 961.685458 981.875415 999.420403 991.448384 984.245347 1002.931484 1038.748489 1059.677292 1072.890998 1087.616815 1108.603295 1085.429717 1054.374942 1012.895761 992.002230 964.200665 905.648772 844.129652 787.366478 725.536736 658.277715 573.207109 494.094190 425.758488 352.967693 308.303803 274.040969 220.042402 195.356124 195.198699 184.992285 181.643041 187.535060 193.716666 -9999.0 -9999.0
-9999.0 -374.617851 -231.041705 -44.797949 104.204500 169.387037 290.057299 375.940967 406.221565 384.484918 505.711830 739.788665 831.580820 847.009950 917.355631 1000.325149 1033.494838 1063.576865 1084.703604 1087.873526 1090.526446 1097.241373 1094.930390 1088.324324 1074.313066 1066.385823 1064.960350 1061.621736 1043.140611 1023.818610 1005.423398 1000.155577 983.418969 945.670781 915.689236 898.845406 878.681660 845.462879 805.967240 777.805986 764.182315 781.382081 773.141754 756.713539 753.293034 775.290538 808.092092 806.170566 819.016231 846.808867 889.190035 931.010663 953.869499 982.679662 1020.113368 1062.466760 1080.194598 1100.828102 1105.948256 1084.235976 1042.170026 991.893382 958.639925 895.221507 824.663757 746.751549 685.117653 623.405404 536.061281 475.794226 419.555227 353.647480 289.906624 258.340098 216.544070 194.710345 -9999.0 -9999.0 -9999.0 -9999.0
-9999.0 -444.063596 -252.787773 12.206954 279.929502 416.003995 637.366260 769.496540 836.344375 887.719453 907.701979 1027.390604 1055.678909 1048.826273 1039.053388 1042.571010 1057.640584 1062.337989 1060.077032 1052.148362 1044.440839 1039.351887 1036.466757 1027.383066 1013.671504 997.375005 983.491540 969.471757 927.869553 894.736740 860.465439 840.847851 801.970080 717.358210 678.695524 644.163840 575.921299 557.122075 539.222885 503.198511 481.028423 463.219115 482.866684 484.111902 485.505715 493.606513 517.616442 545.945982 603.560531 651.466366 696.395154 746.852402 782.552076 830.110550 879.064986 937.337711 969.080381 1000.124815 1047.107488 1085.738847 1108.197914 1098.972077 1070.452847 1028.478930 961.889338 895.429136 851.314292 786.754243 722.270234 669.029166 619.282394 546.958959 459.775590 352.731623 305.754201 -9999.0 -9999.0 -9999.0 -9999.0 -9999.0
-9999.0 -605.357151 -336.951996 -40.728939 292.596206 630.500875 754.054497 906.695123 978.931657 925.416936 909.812469 934.782656 972.709889 980.233582 962.247345 957.096964 949.666771 950.905872 964.979736 941.561836 912.846395 896.759683 893.015061 876.911033 848.391249 826.281447 810.546662 789.462761 742.575995 696.266181 618.241023 579.297761 488.847543 419.766484 372.043492 320.749301 264.119017 258.884779 272.444285 254.463779 231.235498 212.274543 238.019519 254.146257 265.623215 256.221464 266.759199 304.599806 358.197991 406.019815 459.963409 522.155368 582.625872 649.320166 686.065798 736.397161 783.205783 835.443622 913.308069 990.715962 1025.956105 1060.492228 1096.081847 1112.777004 1066.041177 1018.870656 974.761641 925.292978 844.962718 797.450593 766.931591 719.049695 659.647510 -9999.0 -9999.0 -9999.0 -9999.0 -9999.0 -9999.0 -9999.0
-9999.0 -737.426065 -508.952895 -264.047615 34.824145 278.785441 472.598949 605.751229 690.007912 693.349241 709.102993 735.948186 763.491826 784.470316 764.668327 732.573386 709.320038 714.547145 714.394807 693.243286 666.786668 652.086835 648.175487 634.717672 597.388078 571.939276 553.394954 522.946331 480.993751 422.158231 338.049372 264.422751 198.653367 162.059571 130.821095 96.385390 56.761105 66.381057 79.995842 75.142052 62.843493 58.568286 88.156137 106.758485 116.915803 104.331230 123.363694 151.045965 193.919508 237.202193 286.766646 343.409396 400.436907 436.298451 455.930421 489.574140 542.162583 618.800051 711.457260 807.277448 885.131306 938.007243 990.145187 1025.306341 1041.631422 1061.119390 1046.055589 980.774518 873.475759 867.416577 851.101128 -9999.0 -9999.0 -9999.0 -9999.0 -9999.0 -9999.0 -9999.0 -9999.0 -9999.0
-9999.0 -9999.0 -745.298305 -558.238037 -402.899761 -216.369588 -63.366679 48.298056 128.625463 223.884463 317.364044 392.957143 434.410205 451.582599 434.881696 397.160220 373.329010 373.883485 365.018727 352.244406 328.813424 318.618330 307.179518 296.787680 280.740215 270.813004 263.098417 249.694881 225.315528 177.254782 124.197345 70.574382 15.027989 -10.804674 -33.144901 -55.975880 -59.492494 -61.877300 -55.384442 -54.240239 -48.713378 -36.894665 -16.264399 5.178154 14.660320 22.065464 34.742716 58.687394 92.280797 134.018086 187.061735 243.627002 283.050558 296.576829 288.641199 296.644662 322.652430 374.332789 468.743251 575.436941 682.662646 756.657095 833.608370 890.224703 913.758997 935.338005 963.706270 918.428039 609.727221 827.125701 -9999.0 -9999.0 -9999.0 -9999.0 -9999.0 -9999.0 -9999.0 -9999.0 -9999.0 -9999.0
-9999.0 -9999.0 -9999.0 -9999.0 -701.823335 -545.519775 -451.222398 -367.685562 -243.849836 -132.288431 -38.650967 38.621818 93.235517 117.359864 107.622395 104.253130 96.824377 92.721830 83.833423 78.970464 73.773242 65.409274 52.853058 44.519096 43.212931 46.203806 43.450252 29.735830 13.080468 -13.534966 -37.195004 -72.656960 -109.940478 -139.398039 -152.591899 -159.390688 -159.258217 -165.003459 -155.568517 -149.044140 -134.082664 -118.621383 -94.580252 -66.140116 -53.372709 -39.093507 -29.343012 -8.502184 21.644538 74.655836 137.247479 193.412958 227.416542 230.989603 205.067100 189.467772 186.986134 216.827928 267.081010 343.365869 454.175794 542.151392 628.044802 685.870562 722.619785 772.471857 841.071089 890.776735 -9999.0 -9999.0 -9999.0 -9999.0 -9999.0 -9999.0 -9999.0 -9999.0 -9999.0 -9999.0 -9999.0 -9999.0
-9999.0 -9999.0 -9999.0 -9999.0 -9999.0 -9999.0 -755.840395 -660.494823 -574.931036 -450.430794 -332.942197 -239.288603 -164.239071 -137.976681 -118.847773 -95.594093 -99.706273 -117.057831 -134.256910 -117.328982 -107.178552 -112.533611 -140.918828 -142.499786 -138.987743 -129.923700 -131.395771 -137.655788 -162.637633 -154.001209 -155.159556 -178.339382 -204.438941 -218.734488 -230.282481 -220.321904 -219.537909 -232.162746 -229.964830 -203.776654 -183.966022 -170.514626 -148.029557 -114.811134 -82.769887 -68.384326 -67.384703 -61.180773 -19.901784 50.304604 120.743123 174.214004 204.852033 211.863560 183.153319 141.921632 120.246335 127.053639 162.326810 217.182201 297.036661 352.388879 391.374100 418.083826 448.925119 550.454274 -9999.0 -9999.0 -9999.0 -9999.0 -9999.0 -9999.0 -9999.0 -9999.0 -9999.0 -9999.0 -9999.0 -9999.0 -9999.0 -9999.0
-9999.0 -9999.0 -9999.0 -9999.0 -9999.0 -9999.0 -9999.0 -9999.0 -9999.0 -9999.0 -9999.0 -9999.0 -9999.0 -9999.0 -9999.0 -9999.0 -9999.0 -9999.0 -9999.0 -9999.0 -9999.0 -9999.0 -9999.0 -9999.0 -9999.0 -9999.0 -9999.0 -9999.0 -9999.0 -9999.0 -9999.0 -9999.0 -9999.0 -9999.0 -9999.0 -9999.0 -9999.0 -9999.0 -9999.0 -9999.0 -9999.0 -9999.0 -9999.0 -9999.0 -9999.0 -9999.0 -9999.0 -9999.0 -9999.0 -9999.0 -9999.0 -9999.0 -9999.0 -9999.0 -9999.0 -9999.0 -9999.0 -9999.0 -9999.0 -9999.0 -9999.0 -9999.0 -9999.0 -9999.0 -9999.0 -9999.0 -9999.0 -9999.0 -9999.0 -9999.0 -9999.0 -9999.0 -9999.0 -9999.0 -9999.0 -9999.0 -9999.0 -9999.0 -9999.0 -9999.0
-9999.0 -9999.0 -9999.0 -9999.0 -9999.0 -9999.0 -9999.0 -9999.0 -9999.0 -9999.0 -9999.0 -9999.0 -9999.0 -9999.0 -9999.0 -9999.0 -9999.0 -9999.0 -9999.0 -9999.0 -9999.0 -9999.0 -9999.0 -9999.0 -9999.0 -9999.0 -9999.0 -9999.0 -9999.0 -9999.0 -9999.0 -9999.0 -9999.0 -9999.0 -9999.0 -9999.0 -9999.0 -9999.0 -9999.0 -9999.0 -9999.0 -9999.0 -9999.0 -9999.0 -9999.0 -9999.0 -9999.0 -9999.0 -9999.0 -9999.0 -9999.0 -9999.0 -9999.0 -9999.0 -9999.0 -9999.0 -9999.0 -9999.0 -9999.0 -9999.0 -9999.0 -9999.0 -9999.0 -9999.0 -9999.0 -9999.0 -9999.0 -9999.0 -9999.0 -9999.0 -9999.0 -9999.0 -9999.0 -9999.0 -9999.0 -9999.0 -9999.0 -9999.0 -9999.0 -9999.0