Borden_/Borden1m_014/output_maps/psiliqL0011N0001.asc
ncols         80
nrows         18
xllcorner     620200.000000
yllcorner     5168000.000000
cellsize      1.000000
NODATA_value  -9999.0
-9999.0 -9999.0 -9999.0 -9999.0 -9999.0 -9999.0 -9999.0 -9999.0 -9999.0 -9999.0 -9999.0 -9999.0 -9999.0 -9999.0 -9999.0 -9999.0 -9999.0 -9999.0 -9999.0 -9999.0 -9999.0 -9999.0 -9999.0 -9999.0 -9999.0 -9999.0 -9999.0 -9999.0 -9999.0 -9999.0 -9999.0 -9999.0 -9999.0 -9999.0 -9999.0 -9999.0 -9999.0 -9999.0 -9999.0 -9999.0 -9999.0 -9999.0 -9999.0 -9999.0 -9999.0 -9999.0 -9999.0 -9999.0 -9999.0 -9999.0 -9999.0 -9999.0 -9999.0 -9999.0 -9999.0 -9999.0 -9999.0 -9999.0 -9999.0 -9999.0 -9999.0 -9999.0 -9999.0 -9999.0 -9999.0 -9999.0 -9999.0 -9999.0 -9999.0 -9999.0 -9999.0 -9999.0 -9999.0 -9999.0 -9999.0 -9999.0 -9999.0 -9999.0 -9999.0 -9999.0
-9999.0 -9999.0 -9999.0 -9999.0 -9999.0 -9999.0 -9999.0 -9999.0 -9999.0 -9999.0 -9999.0 -9999.0 -9999.0 -9999.0 -9999.0 -9999.0 -9999.0 -9999.0 -9999.0 -9999.0 -9999.0 -9999.0 -9999.0 -9999.0 -9999.0 -9999.0 -9999.0 -9999.0 -9999.0 -9999.0 -9999.0 -9999.0 -9999.0 -9999.0 -9999.0 -9999.0 -9999.0 -9999.0 -9999.0 -9999.0 -9999.0 -9999.0 -9999.0 -9999.0 -9999.0 -9999.0 -9999.0 -9999.0 -9999.0 -9999.0 -9999.0 -9999.0 -9999.0 -9999.0 -9999.0 -9999.0 -9999.0 -9999.0 -9999.0 -9999.0 -9999.0 -9999.0 -9999.0 -9999.0 -9999.0 -9999.0 -9999.0 -9999.0 -9999.0 -9999.0 -9999.0 -9999.0 -9999.0 -9999.0 -9999.0 -9999.0 -9999.0 -9999.0 -9999.0 -9999.0
-9999.0 -9999.0 -9999.0 -9999.0 -9999.0 -9999.0 -9999.0 -9999.0 -9999.0 -9999.0 -9999.0 -9999.0 -9999.0 -9999.0 -9999.0 -9999.0 -9999.0 -9999.0 -9999.0 -9999.0 326.107660 328.661237 305.999308 271.907037 243.409736 244.911045 278.864874 319.051077 356.196246 365.636291 347.252094 348.826941 343.681987 342.636613 345.013366 351.145428 354.416566 365.384907 373.327599 372.526242 366.053767 360.386871 359.644659 362.693657 367.840986 358.202392 372.061670 387.482553 393.617923 389.231708 363.189329 348.547505 340.930882 326.850266 351.975230 364.727292 388.074359 392.848731 391.955331 365.511859 335.861401 -9999.0 -9999.0 -9999.0 -9999.0 -9999.0 -9999.0 -9999.0 -9999.0 -9999.0 -9999.0 -9999.0 -9999.0 -9999.0 -9999.0 -9999.0 -9999.0 -9999.0 -9999.0 -9999.0
-9999.0 -9999.0 -9999.0 -9999.0 -9999.0 -9999.0 -9999.0 -9999.0 -9999.0 -9999.0 -9999.0 -9999.0 -9999.0 -9999.0 237.310575 227.160944 223.781784 231.597028 264.503132 293.939646 306.173703 298.336252 297.891733 273.870424 252.954497 266.254006 294.807593 325.075160 358.007147 377.122693 364.510762 361.641486 371.378881 397.250016 410.443384 407.561320 387.284399 409.849785 425.037563 433.110613 431.653456 422.661781 435.710503 451.157598 444.456402 427.744037 432.669169 444.867510 458.516081 445.336371 382.904229 364.030869 361.486047 356.142341 343.738635 338.249981 363.940939 365.192700 357.805279 340.749252 309.061423 265.376217 247.921776 287.022493 331.602043 389.463804 -9999.0 -9999.0 -9999.0 -9999.0 -9999.0 -9999.0 -9999.0 -9999.0 -9999.0 -9999.0 -9999.0 -9999.0 -9999.0 -9999.0
-9999.0 -9999.0 -9999.0 -9999.0 -9999.0 -9999.0 -9999.0 -9999.0 -9999.0 181.574043 185.264312 191.899194 193.320462 208.346367 206.045954 212.468225 219.124084 244.581681 274.485602 308.428983 336.255929 325.928116 325.381455 335.410417 339.558479 351.077216 371.077567 409.580954 447.903834 486.669435 457.460479 455.124649 474.713209 523.368543 558.424010 566.477101 548.761304 554.775274 578.650466 600.031316 597.912963 594.741579 617.552229 630.103007 633.584889 615.843975 602.845739 603.059085 628.310785 579.409011 516.202239 464.881563 468.789226 440.600404 403.563031 383.917984 381.814627 403.848387 390.113096 354.417082 319.489947 310.388148 294.568265 312.250916 335.583717 382.933164 422.038465 451.456627 452.292147 435.555641 -9999.0 -9999.0 -9999.0 -9999.0 -9999.0 -9999.0 -9999.0 -9999.0 -9999.0 -9999.0
-9999.0 -9999.0 -9999.0 -9999.0 -9999.0 -9999.0 103.848326 112.551522 131.917835 136.565059 160.590460 167.120751 186.613563 204.863919 224.809988 240.228288 269.029788 299.875901 339.163962 380.964806 411.584277 405.444147 413.875828 444.078330 483.931728 514.618481 538.212614 574.503646 644.992130 682.604390 690.976961 697.073574 711.707803 767.096524 833.908144 850.890692 832.017274 817.400343 835.345644 868.056469 871.927986 871.044908 878.431763 887.027171 913.768559 907.241172 870.840949 857.147013 853.579272 839.426774 778.669307 707.745026 671.248021 627.150459 551.011436 496.822866 499.406347 516.744387 489.033417 438.053491 398.625920 389.782743 376.813727 364.955033 372.531784 393.455039 417.830197 430.652351 419.402519 399.763033 377.719140 349.790044 352.154061 377.823285 -9999.0 -9999.0 -9999.0 -9999.0 -9999.0 -9999.0
-9999.0 -9999.0 -9999.0 -9999.0 54.778187 66.787467 54.225335 77.540487 108.712422 141.079327 171.659626 206.904488 232.196293 260.371332 299.540669 333.401749 373.027783 405.160744 457.108199 523.567463 573.842356 596.843679 608.728886 663.655867 725.853281 786.628536 810.002472 834.980177 871.308256 926.715384 953.920009 965.685678 999.972625 1055.613135 1104.324316 1135.737276 1122.240874 1117.323813 1122.306900 1130.456582 1149.741501 1148.780393 1149.489810 1151.202761 1155.162282 1155.964907 1137.130488 1109.279865 1097.663168 1086.764627 1050.756762 954.141849 905.547247 878.793245 852.154744 801.069014 726.004663 705.727710 653.705633 602.242286 541.153873 519.782587 491.424439 468.855425 442.408939 446.677613 452.737688 435.517087 406.699949 376.626781 363.135376 345.634625 336.065838 366.689974 384.875024 415.942826 -9999.0 -9999.0 -9999.0 -9999.0
-9999.0 -9999.0 -2.545117 46.139873 101.353588 108.674769 108.517918 112.183049 137.936275 187.093623 261.218107 309.261732 349.635402 379.323123 436.906516 514.484832 581.430021 623.908514 678.302097 748.015634 815.198819 849.008457 863.394515 899.464741 961.510066 1050.804210 1084.869301 1108.403355 1131.675085 1156.887146 1170.179905 1184.423463 1197.127536 1205.877588 1211.057549 1212.134711 1210.799502 1209.042011 1194.524650 1191.811069 1196.878596 1199.315127 1201.326458 1189.785329 1186.331598 1198.233843 1201.465648 1201.933512 1201.702182 1205.390865 1204.550930 1161.577577 1121.640292 1110.711627 1103.069236 1054.637808 964.204416 913.080954 892.736946 852.838566 772.244037 717.856900 669.674438 624.783223 578.180441 552.276759 511.808086 475.697256 434.459773 392.376683 371.511872 355.280150 354.568187 356.188390 373.267615 389.498960 405.449407 413.535497 -9999.0 -9999.0
-9999.0 -102.633091 -30.717355 94.975795 172.268400 214.107676 246.966791 269.850722 293.420801 311.262586 412.446891 502.480045 585.667983 617.113929 670.999863 764.265226 847.833455 885.928079 922.077506 987.609029 1068.852239 1117.154303 1140.730919 1157.391779 1190.655313 1209.301433 1215.611662 1217.909494 1210.882596 1201.009022 1190.640912 1196.309625 1194.114119 1176.535161 1155.038083 1150.175410 1146.920515 1128.126574 1105.374660 1093.754769 1096.488215 1116.525282 1106.006797 1087.760550 1084.225338 1102.277661 1118.104219 1109.551259 1097.358515 1110.543738 1138.717000 1158.326919 1178.077182 1196.309391 1215.821047 1191.011629 1155.900971 1117.272155 1100.533236 1068.106230 987.325065 915.243500 858.765787 795.244400 731.947874 670.360070 617.816469 567.591717 510.284104 475.917524 449.021498 401.346170 382.039978 386.181774 378.890150 377.392328 384.629071 391.357818 -9999.0 -9999.0
-9999.0 -177.980319 -35.896999 147.233118 290.751127 345.151254 447.577787 522.519294 547.239862 525.256619 624.433834 828.337720 914.453605 934.743944 1030.204726 1112.164887 1133.168370 1156.510459 1174.520432 1183.205602 1195.160783 1205.064444 1202.879961 1197.144888 1186.268752 1183.702974 1185.124291 1181.781862 1160.961888 1135.779896 1116.633062 1112.416815 1094.656926 1046.930721 987.855488 962.694416 949.121324 930.679981 899.046895 874.768038 862.697662 880.932436 872.091326 854.197835 849.727086 871.213394 902.102197 894.321652 897.088763 915.927930 955.877266 1004.497080 1050.080086 1085.728297 1121.604815 1166.363576 1186.434465 1208.076580 1213.513225 1193.207758 1147.175253 1096.420682 1057.607007 971.034942 891.570371 813.172154 757.735877 707.710931 650.396144 610.753534 568.193160 514.801142 463.635298 443.711440 407.516821 389.093533 -9999.0 -9999.0 -9999.0 -9999.0
-9999.0 -249.255985 -60.446073 198.839916 457.708329 564.726692 750.510227 872.430497 934.482817 1024.238194 1029.253032 1137.209458 1161.089423 1157.525931 1160.611470 1165.283051 1176.049325 1176.067634 1170.168624 1158.956361 1146.028221 1141.052368 1139.629978 1133.258538 1123.510547 1111.878596 1100.692122 1085.753038 1037.560512 981.079520 939.727228 924.742601 889.432163 798.164392 749.333311 715.019440 664.560614 660.274303 653.687714 627.663117 610.713619 594.596199 613.441944 614.480114 614.986690 619.496863 636.079498 653.352279 690.461943 721.279789 761.724021 812.171108 849.281466 894.164752 946.392206 1022.764484 1069.983370 1103.597310 1149.514286 1191.714505 1213.852045 1205.249951 1177.884942 1131.008324 1061.389501 978.740857 933.542245 873.798429 818.823766 765.616239 717.759390 662.674359 602.024152 529.144055 492.212353 -9999.0 -9999.0 -9999.0 -9999.0 -9999.0
-9999.0 -414.075288 -147.686951 141.670752 456.537848 759.468103 862.464986 1006.063170 1075.525439 1045.111714 1044.582426 1060.642613 1094.664663 1101.298539 1086.276818 1080.299507 1069.440522 1066.925995 1075.051985 1040.206742 986.072421 964.543457 962.276587 949.634464 926.868788 910.602025 898.856736 878.967195 828.842298 775.348823 697.325313 674.527828 607.018766 550.539514 507.966061 462.439652 414.589218 414.765672 432.029904 417.549135 396.459543 378.541905 403.951865 419.652003 430.389453 419.342532 426.882039 459.385965 504.168700 542.278311 586.022535 634.107819 674.564233 718.921764 751.279020 806.037257 856.060683 904.484479 987.403606 1085.488852 1125.349533 1162.340021 1200.062464 1217.458283 1175.281868 1132.667334 1098.388778 1058.291740 986.343558 922.787880 881.150409 808.856598 746.009669 -9999.0 -9999.0 -9999.0 -9999.0 -9999.0 -9999.0 -9999.0
-9999.0 -544.750439 -319.157624 -81.074015 206.313656 430.414291 595.693834 696.473289 766.564786 786.357781 811.355974 839.504307 867.318476 887.859918 865.679743 828.323910 799.786064 802.186957 797.754372 769.052090 732.633832 715.160674 713.335210 706.747744 683.120794 669.636100 660.409688 639.979207 607.624746 556.611568 481.245712 416.581019 359.478729 328.442941 300.692057 269.760200 233.989577 245.414390 259.914490 256.279458 245.050266 241.323191 270.453870 288.638744 298.223638 285.117475 302.734081 327.863355 367.014581 405.823056 449.800383 499.141861 546.823037 571.926973 583.376634 607.765457 644.493518 694.778777 779.281981 875.332129 953.573835 1018.278775 1084.693392 1124.443025 1147.512053 1180.895014 1176.735985 1122.108497 1025.798842 1041.604666 1035.468612 -9999.0 -9999.0 -9999.0 -9999.0 -9999.0 -9999.0 -9999.0 -9999.0 -9999.0
-9999.0 -9999.0 -554.370131 -370.196127 -221.094500 -42.516413 100.449083 200.741112 274.113008 368.176009 459.320735 532.167399 570.209109 584.977729 568.689801 532.585471 509.134855 509.096736 499.565011 486.605932 463.906722 455.564039 446.450695 439.530321 428.747966 423.253674 419.079115 409.355264 388.970587 344.908636 296.615829 247.465238 195.829165 172.381174 151.871278 130.794266 128.871419 127.063343 133.945731 135.540363 141.521753 153.501729 173.837401 195.038632 204.164339 211.269118 223.026280 245.535484 277.032410 316.280384 366.380492 419.369055 454.502406 463.444426 451.152948 453.776599 471.468023 509.776026 586.157047 663.782788 750.142003 819.125687 894.452661 954.433462 990.740464 1047.026323 1091.279872 1056.796316 730.618594 994.621716 -9999.0 -9999.0 -9999.0 -9999.0 -9999.0 -9999.0 -9999.0 -9999.0 -9999.0 -9999.0
-9999.0 -9999.0 -9999.0 -9999.0 -513.477643 -358.858508 -266.310084 -186.646886 -67.091824 41.237186 131.973687 206.604832 259.339408 281.965794 272.356791 270.119606 263.118923 258.774987 250.084871 246.261956 242.452077 235.322035 223.814284 216.980502 217.404400 221.970012 220.566944 208.402951 193.304322 169.218003 147.999207 114.657008 79.393950 51.430109 39.302703 33.497395 34.178806 28.737873 38.315148 45.113417 60.115807 75.441885 99.210826 127.434640 140.028986 153.952833 163.104761 183.006451 211.899697 263.130149 323.613348 377.633675 409.330673 410.441952 382.209516 363.683253 356.985726 380.498672 421.002928 482.288279 574.460298 639.442100 695.648225 744.082238 785.772865 852.431996 945.578167 1033.684329 -9999.0 -9999.0 -9999.0 -9999.0 -9999.0 -9999.0 -9999.0 -9999.0 -9999.0 -9999.0 -9999.0 -9999.0
-9999.0 -9999.0 -9999.0 -9999.0 -9999.0 -9999.0 -565.852840 -470.268724 -386.923707 -263.120565 -148.048047 -56.487877 16.843993 42.218437 61.304723 84.282360 80.434799 63.337626 46.424875 63.639636 74.610454 69.884682 42.415701 41.742591 46.060083 55.539456 54.712805 49.381816 25.632897 35.648227 35.843867 13.898720 -11.060822 -24.408779 -35.306122 -24.921612 -23.806681 -36.201074 -34.040773 -7.732958 12.106435 25.419572 47.581872 80.453902 112.161981 126.287923 126.884839 132.404979 172.432475 241.105668 309.831048 361.659394 390.577544 395.728485 365.248421 322.024535 297.717581 300.426476 329.723907 376.208243 444.577504 486.444952 510.244986 526.060911 549.061275 640.312380 -9999.0 -9999.0 -9999.0 -9999.0 -9999.0 -9999.0 -9999.0 -9999.0 -9999.0 -9999.0 -9999.0 -9999.0 -9999.0 -9999.0
-9999.0 -9999.0 -9999.0 -9999.0 -9999.0 -9999.0 -9999.0 -9999.0 -9999.0 -9999.0 -9999.0 -9999.0 -9999.0 -9999.0 -9999.0 -9999.0 -9999.0 -9999.0 -9999.0 -9999.0 -9999.0 -9999.0 -9999.0 -9999.0 -9999.0 -9999.0 -9999.0 -9999.0 -9999.0 -9999.0 -9999.0 -9999.0 -9999.0 -9999.0 -9999.0 -9999.0 -9999.0 -9999.0 -9999.0 -9999.0 -9999.0 -9999.0 -9999.0 -9999.0 -9999.0 -9999.0 -9999.0 -9999.0 -9999.0 -9999.0 -9999.0 -9999.0 -9999.0 -9999.0 -9999.0 -9999.0 -9999.0 -9999.0 -9999.0 -9999.0 -9999.0 -9999.0 -9999.0 -9999.0 -9999.0 -9999.0 -9999.0 -9999.0 -9999.0 -9999.0 -9999.0 -9999.0 -9999.0 -9999.0 -9999.0 -9999.0 -9999.0 -9999.0 -9999.0 -9999.0
-9999.0 -9999.0 -9999.0 -9999.0 -9999.0 -9999.0 -9999.0 -9999.0 -9999.0 -9999.0 -9999.0 -9999.0 -9999.0 -9999.0 -9999.0 -9999.0 -9999.0 -9999.0 -9999.0 -9999.0 -9999.0 -9999.0 -9999.0 -9999.0 -9999.0 -9999.0 -9999.0 -9999.0 -9999.0 -9999.0 -9999.0 -9999.0 -9999.0 -9999.0 -9999.0 -9999.0 -9999.0 -9999.0 -9999.0 -9999.0 -9999.0 -9999.0 -9999.0 -9999.0 -9999.0 -9999.0 -9999.0 -9999.0 -9999.0 -9999.0 -9999.0 -9999.0 -9999.0 -9999.0 -9999.0 -9999.0 -9999.0 -9999.0 -9999.0 -9999.0 -9999.0 -9999.0 -9999.0 -9999.0 -9999.0 -9999.0 -9999.0 -9999.0 -9999.0 -9999.0 -9999.0 -9999.0 -9999.0 -9999.0 -9999.0 -9999.0 -9999.0 -9999.0 -9999.0 -9999.0