Borden_/Borden1m_014/output_maps/psiliqL0020N0032.asc
ncols         80
nrows         18
xllcorner     620200.000000
yllcorner     5168000.000000
cellsize      1.000000
NODATA_value  -9999.0
-9999.0 -9999.0 -9999.0 -9999.0 -9999.0 -9999.0 -9999.0 -9999.0 -9999.0 -9999.0 -9999.0 -9999.0 -9999.0 -9999.0 -9999.0 -9999.0 -9999.0 -9999.0 -9999.0 -9999.0 -9999.0 -9999.0 -9999.0 -9999.0 -9999.0 -9999.0 -9999.0 -9999.0 -9999.0 -9999.0 -9999.0 -9999.0 -9999.0 -9999.0 -9999.0 -9999.0 -9999.0 -9999.0 -9999.0 -9999.0 -9999.0 -9999.0 -9999.0 -9999.0 -9999.0 -9999.0 -9999.0 -9999.0 -9999.0 -9999.0 -9999.0 -9999.0 -9999.0 -9999.0 -9999.0 -9999.0 -9999.0 -9999.0 -9999.0 -9999.0 -9999.0 -9999.0 -9999.0 -9999.0 -9999.0 -9999.0 -9999.0 -9999.0 -9999.0 -9999.0 -9999.0 -9999.0 -9999.0 -9999.0 -9999.0 -9999.0 -9999.0 -9999.0 -9999.0 -9999.0
-9999.0 -9999.0 -9999.0 -9999.0 -9999.0 -9999.0 -9999.0 -9999.0 -9999.0 -9999.0 -9999.0 -9999.0 -9999.0 -9999.0 -9999.0 -9999.0 -9999.0 -9999.0 -9999.0 -9999.0 -9999.0 -9999.0 -9999.0 -9999.0 -9999.0 -9999.0 -9999.0 -9999.0 -9999.0 -9999.0 -9999.0 -9999.0 -9999.0 -9999.0 -9999.0 -9999.0 -9999.0 -9999.0 -9999.0 -9999.0 -9999.0 -9999.0 -9999.0 -9999.0 -9999.0 -9999.0 -9999.0 -9999.0 -9999.0 -9999.0 -9999.0 -9999.0 -9999.0 -9999.0 -9999.0 -9999.0 -9999.0 -9999.0 -9999.0 -9999.0 -9999.0 -9999.0 -9999.0 -9999.0 -9999.0 -9999.0 -9999.0 -9999.0 -9999.0 -9999.0 -9999.0 -9999.0 -9999.0 -9999.0 -9999.0 -9999.0 -9999.0 -9999.0 -9999.0 -9999.0
-9999.0 -9999.0 -9999.0 -9999.0 -9999.0 -9999.0 -9999.0 -9999.0 -9999.0 -9999.0 -9999.0 -9999.0 -9999.0 -9999.0 -9999.0 -9999.0 -9999.0 -9999.0 -9999.0 -9999.0 2155.969969 2158.508489 2137.915448 2105.646729 2079.418620 2083.469481 2119.339374 2162.430953 2203.338158 2214.255071 2197.909548 2202.955972 2200.045923 2198.369129 2200.893257 2209.415027 2216.261417 2227.820417 2236.920542 2237.192494 2232.101324 2228.382147 2230.631141 2233.133660 2238.515815 2224.801755 2238.240685 2251.841129 2254.342166 2247.692923 2219.544949 2203.015305 2191.576484 2173.116528 2195.864504 2205.035917 2225.232524 2227.129892 2223.266234 2195.030900 2164.094760 -9999.0 -9999.0 -9999.0 -9999.0 -9999.0 -9999.0 -9999.0 -9999.0 -9999.0 -9999.0 -9999.0 -9999.0 -9999.0 -9999.0 -9999.0 -9999.0 -9999.0 -9999.0 -9999.0
-9999.0 -9999.0 -9999.0 -9999.0 -9999.0 -9999.0 -9999.0 -9999.0 -9999.0 -9999.0 -9999.0 -9999.0 -9999.0 -9999.0 2061.264778 2053.255026 2052.123349 2061.796984 2096.494980 2127.962695 2140.028477 2133.823182 2135.324680 2112.990340 2093.292025 2108.769294 2140.604492 2173.776819 2209.961354 2231.045842 2222.148860 2221.732107 2231.678545 2255.650798 2267.170074 2265.067228 2247.488453 2272.931254 2289.010944 2297.224991 2297.786223 2290.127930 2301.537236 2316.407905 2308.910010 2291.697046 2298.351112 2309.713603 2318.613970 2304.928922 2240.951128 2222.425637 2215.607522 2207.334193 2191.028161 2183.499420 2207.877718 2204.953666 2194.889625 2175.457894 2141.096064 2095.644459 2075.295996 2112.969049 2154.779291 2209.771305 -9999.0 -9999.0 -9999.0 -9999.0 -9999.0 -9999.0 -9999.0 -9999.0 -9999.0 -9999.0 -9999.0 -9999.0 -9999.0 -9999.0
-9999.0 -9999.0 -9999.0 -9999.0 -9999.0 -9999.0 -9999.0 -9999.0 -9999.0 1998.654363 2004.992873 2013.808848 2018.189203 2035.404073 2033.713219 2042.471932 2050.065287 2079.298976 2111.502728 2147.548058 2176.829469 2169.882584 2171.297805 2180.193437 2181.279960 2193.566847 2217.198551 2258.954649 2296.361376 2336.854779 2308.330684 2306.896658 2326.856775 2372.085614 2400.680028 2405.691683 2388.415261 2402.642766 2428.617705 2449.410300 2449.499140 2446.868416 2472.062438 2486.496589 2483.251781 2461.432385 2453.895919 2455.739002 2480.386221 2426.929125 2358.361087 2311.366200 2318.320986 2290.407033 2255.935092 2237.067830 2233.315264 2251.170114 2235.027272 2196.657032 2159.845552 2146.341415 2126.823349 2143.379843 2163.663746 2207.331117 2244.402715 2270.995038 2268.215151 2249.317021 -9999.0 -9999.0 -9999.0 -9999.0 -9999.0 -9999.0 -9999.0 -9999.0 -9999.0 -9999.0
-9999.0 -9999.0 -9999.0 -9999.0 -9999.0 -9999.0 1917.146967 1928.438655 1950.649652 1955.788241 1983.560439 1991.991463 2014.202666 2034.907658 2058.869597 2076.031657 2106.199590 2140.148784 2180.713790 2223.495649 2256.416952 2250.493213 2261.516395 2288.116040 2323.143689 2349.586579 2376.241774 2417.936680 2494.795874 2536.779917 2539.301389 2544.197150 2554.656424 2605.016779 2669.198426 2680.849147 2661.252827 2648.856467 2672.487060 2711.317549 2715.517269 2717.648992 2732.839717 2743.541098 2769.077697 2757.060358 2715.001270 2702.922748 2704.119787 2682.306088 2614.941404 2551.932449 2522.325236 2470.072027 2385.760001 2334.365191 2346.394647 2366.160389 2337.579243 2283.204830 2242.721798 2231.351525 2214.916147 2201.474734 2207.596861 2225.165506 2244.720950 2253.748635 2238.208396 2214.714014 2190.448658 2160.324381 2161.212329 2185.414377 -9999.0 -9999.0 -9999.0 -9999.0 -9999.0 -9999.0
-9999.0 -9999.0 -9999.0 -9999.0 1865.134850 1879.322262 1867.540656 1895.210073 1929.864682 1966.179947 1998.476706 2035.870028 2064.354876 2096.092517 2135.840707 2167.215013 2207.450798 2243.067176 2297.308654 2365.259760 2416.336210 2438.128282 2453.171865 2510.780937 2572.105314 2624.457459 2647.125533 2676.614390 2725.163288 2786.531281 2813.777534 2820.229668 2838.394492 2877.985767 2929.833159 2858.811471 2840.828660 2832.760426 2840.761256 2853.383093 2875.829271 2876.315372 2877.523141 2880.720935 2886.857928 2885.862436 2861.292652 2829.865390 2921.180704 2909.627609 2874.101075 2801.478812 2763.472312 2730.596570 2689.026698 2633.374075 2574.602011 2563.943640 2504.917227 2444.973859 2385.059623 2365.948746 2336.182581 2311.115111 2283.600072 2285.474582 2287.775733 2265.031999 2229.559652 2195.064588 2178.393379 2158.179864 2145.440716 2174.722136 2191.263964 2220.387225 -9999.0 -9999.0 -9999.0 -9999.0
-9999.0 -9999.0 1803.319515 1851.385547 1910.076537 1919.686659 1919.216708 1926.554432 1957.269490 2011.469737 2084.299227 2131.513235 2170.984235 2207.135925 2267.111580 2341.066128 2410.559840 2458.847515 2522.922085 2596.222520 2660.121070 2692.099324 2708.475424 2751.734016 2808.714871 2876.011049 2905.433029 2933.876408 2855.165757 2887.836333 2889.321733 2901.696264 2912.294203 2920.366827 2930.926762 2934.260307 2929.991366 2925.331923 2908.477544 2904.012410 2910.667974 2915.871580 2917.495429 2903.546402 2899.688658 2914.072895 2917.887860 2916.600979 2917.881880 2922.315695 2921.566420 2877.941755 2850.630365 2837.247063 2931.327109 2883.881114 2815.923602 2776.073814 2751.959652 2703.623168 2624.374653 2575.462972 2525.858440 2479.823334 2427.837624 2399.642932 2353.548505 2309.996676 2261.697646 2213.609722 2188.691298 2170.164567 2166.846999 2165.382785 2180.877499 2195.091418 2209.667667 2217.035952 -9999.0 -9999.0
-9999.0 1696.219774 1768.533716 1893.780703 1974.761396 2018.543241 2042.571082 2059.910388 2091.328177 2125.119742 2224.775560 2298.887154 2389.473608 2431.268561 2481.352942 2579.259685 2677.266918 2728.967067 2771.682633 2834.562837 2899.904099 2841.719832 2866.936755 2861.748398 2898.059814 2919.251526 2924.872017 2930.031893 2926.628597 2918.409939 2910.780171 2917.425804 2915.795920 2897.005035 2881.217690 2879.083364 2875.107587 2853.309165 2934.204403 2918.131576 2919.552468 2838.172158 2931.197747 2909.966853 2906.074727 2928.062257 2841.012726 2831.560034 2928.848721 2836.445683 2869.078176 2891.944705 2897.665412 2915.226674 2935.893956 2908.468615 2883.583873 2843.017128 2933.626063 2902.874599 2841.802592 2780.930385 2724.315711 2660.943940 2594.833830 2529.463835 2465.835206 2402.250899 2335.989228 2293.992144 2262.829082 2214.052449 2194.999888 2197.089309 2188.170630 2184.407177 2189.199057 2194.958219 -9999.0 -9999.0
-9999.0 1608.088405 1749.329321 1931.793129 2079.945903 2133.307859 2219.404993 2291.996369 2318.471056 2282.583489 2391.630139 2613.905432 2733.548428 2756.634539 2834.130350 2831.320093 2830.520807 2861.205709 2883.406847 2900.974273 2915.257576 2925.777549 2923.891043 2918.371689 2903.022919 2895.404172 2896.076387 2893.893914 2876.747504 2857.760965 2840.529049 2838.345032 2928.587496 2879.384836 2843.843769 2824.092277 2804.341386 2785.568518 2755.320796 2727.448800 2708.835559 2721.897216 2719.224014 2702.262026 2698.513336 2721.368453 2752.288116 2750.913869 2764.193687 2786.049738 2826.325238 2868.053892 2892.300082 2924.491707 2848.618603 2892.486013 2904.513134 2926.579947 2930.314274 2915.715376 2872.711030 2930.202799 2893.335594 2827.443763 2753.601179 2671.358479 2604.602967 2540.204963 2469.154905 2423.649697 2377.877554 2321.594842 2271.900248 2254.511544 2215.998321 2197.628527 -9999.0 -9999.0 -9999.0 -9999.0
-9999.0 1517.853051 1702.071731 1951.948948 2238.999982 2334.329126 2541.887809 2671.363779 2726.338287 2799.971446 2736.598814 2835.890785 2877.277065 2871.454692 2878.719219 2880.526472 2894.766761 2895.918371 2891.674039 2881.642446 2872.986464 2869.071987 2867.856765 2860.098902 2847.700781 2834.563779 2931.835753 2917.099087 2876.746951 2841.127978 2800.700064 2784.085984 2741.105117 2644.541621 2601.137402 2561.523210 2500.826879 2496.858200 2495.636446 2467.128019 2447.843346 2422.272421 2447.847029 2456.930276 2460.737774 2459.886599 2474.073396 2502.933162 2551.336841 2589.402162 2634.272196 2687.872204 2726.429580 2771.258634 2816.330894 2873.518521 2909.081357 2941.905308 2875.659297 2911.542768 2932.742233 2921.912887 2899.622521 2857.594767 2885.363882 2816.182525 2762.528287 2684.303879 2618.418097 2566.006334 2519.555077 2469.575179 2406.820840 2339.188251 2299.854858 -9999.0 -9999.0 -9999.0 -9999.0 -9999.0
-9999.0 1317.305128 1583.314776 1861.161381 2157.591579 2495.551710 2653.709845 2772.107174 2846.134282 2826.127654 2845.558943 2863.764692 2822.075305 2829.296195 2903.267531 2893.621763 2880.754371 2881.242470 2894.681321 2868.034334 2838.062984 2824.287575 2823.852757 2811.878076 2787.433034 2770.226106 2759.196775 2736.861987 2685.781741 2632.315885 2546.774501 2511.605838 2431.158784 2382.593648 2340.254819 2290.052061 2240.018465 2240.626731 2260.614418 2247.957493 2226.188208 2208.102272 2236.074085 2256.394521 2269.747273 2256.703099 2265.511215 2301.426233 2351.270811 2396.116144 2445.932440 2501.689271 2548.172925 2595.168847 2625.659575 2674.463950 2725.998795 2774.241508 2848.578078 2930.148219 2855.249025 2887.768247 2918.938927 2937.280556 2894.247459 2860.967034 2831.441507 2811.728593 2735.108997 2685.037576 2655.444964 2613.193080 2558.908849 -9999.0 -9999.0 -9999.0 -9999.0 -9999.0 -9999.0 -9999.0
-9999.0 1197.791599 1404.434559 1615.998173 1884.513468 2120.732622 2331.998633 2435.992780 2516.901513 2574.075687 2621.919107 2661.295942 2694.066282 2719.416165 2701.282795 2658.763479 2629.241256 2634.124908 2627.746748 2604.932745 2575.774507 2561.060787 2557.605312 2550.772753 2526.896511 2513.073007 2502.343737 2478.571021 2447.746677 2391.550334 2313.737565 2238.494620 2179.785558 2152.388270 2124.557018 2093.312177 2061.016767 2071.532800 2083.015779 2080.984581 2072.136824 2070.495732 2099.492603 2118.829092 2129.025652 2118.431889 2138.051715 2164.226766 2205.305935 2249.305886 2298.848549 2353.848570 2407.852808 2436.165816 2448.183394 2470.732015 2508.831785 2561.945382 2647.274364 2744.139780 2824.081366 2873.515000 2924.820539 2856.319997 2878.114039 2902.082472 2909.380341 2883.741635 2840.925302 2813.629652 2736.694728 -9999.0 -9999.0 -9999.0 -9999.0 -9999.0 -9999.0 -9999.0 -9999.0 -9999.0
-9999.0 -9999.0 1174.864494 1340.676063 1459.918550 1632.072351 1779.568184 1889.884297 1986.685422 2115.822973 2231.195357 2322.087595 2368.606986 2387.179083 2375.057923 2346.288314 2327.620522 2327.608305 2316.645828 2307.527159 2289.534390 2282.011814 2269.268192 2260.621373 2252.429998 2248.079208 2242.966264 2232.131718 2211.173502 2165.290108 2120.418164 2071.000494 2019.458721 1994.541690 1973.254546 1952.853730 1953.193189 1948.202768 1953.221166 1955.107135 1963.044445 1976.258881 1996.044851 2018.570650 2028.629890 2038.569062 2051.087723 2074.854500 2107.823152 2150.512431 2205.110880 2264.077262 2304.853981 2317.974890 2307.916064 2311.800274 2329.736895 2370.016606 2446.826464 2528.499773 2624.795351 2696.102933 2767.717531 2817.818141 2831.560597 2844.844163 2837.883741 2860.489311 2856.600023 2845.870316 -9999.0 -9999.0 -9999.0 -9999.0 -9999.0 -9999.0 -9999.0 -9999.0 -9999.0 -9999.0
-9999.0 -9999.0 -9999.0 -9999.0 1200.981756 1352.545923 1450.320891 1532.587888 1664.547018 1790.327507 1894.208461 1980.266617 2046.242170 2073.999382 2073.176582 2084.183429 2081.588101 2074.315708 2064.027840 2065.191377 2066.204209 2058.903973 2043.303013 2036.032480 2037.694475 2043.256046 2040.374359 2026.412432 2007.792866 1987.913291 1969.861489 1936.422908 1901.529441 1872.551555 1859.424538 1854.423915 1854.000797 1846.407175 1854.738922 1862.603089 1878.031793 1893.170999 1916.801357 1946.090119 1960.448671 1975.544157 1985.326512 2005.694674 2036.426231 2090.234976 2154.341808 2213.111151 2250.510724 2255.787390 2232.165752 2216.866524 2212.661026 2239.719041 2282.577903 2346.574921 2446.436123 2518.548663 2571.566938 2612.591882 2642.524299 2685.023761 2731.326119 2765.682888 -9999.0 -9999.0 -9999.0 -9999.0 -9999.0 -9999.0 -9999.0 -9999.0 -9999.0 -9999.0 -9999.0 -9999.0
-9999.0 -9999.0 -9999.0 -9999.0 -9999.0 -9999.0 1168.326546 1271.976433 1347.423191 1492.392751 1629.616310 1734.279665 1816.698594 1851.019024 1881.262536 1910.077590 1909.558327 1890.567244 1870.360765 1890.152064 1905.908291 1899.598956 1868.535269 1868.664471 1874.065873 1881.775108 1879.031557 1872.396615 1847.084368 1860.196848 1861.930958 1838.596440 1812.613146 1799.006500 1787.046975 1796.533759 1796.493662 1782.375208 1782.118755 1809.265571 1829.789429 1842.779863 1864.258738 1897.512178 1930.088493 1945.784780 1947.377443 1953.445026 1992.766238 2063.195420 2135.775783 2192.355048 2226.035092 2235.037945 2209.218299 2169.868623 2150.142768 2157.326759 2191.515737 2242.430407 2316.506457 2363.336461 2384.803965 2393.087310 2406.809539 2496.901213 -9999.0 -9999.0 -9999.0 -9999.0 -9999.0 -9999.0 -9999.0 -9999.0 -9999.0 -9999.0 -9999.0 -9999.0 -9999.0 -9999.0
-9999.0 -9999.0 -9999.0 -9999.0 -9999.0 -9999.0 -9999.0 -9999.0 -9999.0 -9999.0 -9999.0 -9999.0 -9999.0 -9999.0 -9999.0 -9999.0 -9999.0 -9999.0 -9999.0 -9999.0 -9999.0 -9999.0 -9999.0 -9999.0 -9999.0 -9999.0 -9999.0 -9999.0 -9999.0 -9999.0 -9999.0 -9999.0 -9999.0 -9999.0 -9999.0 -9999.0 -9999.0 -9999.0 -9999.0 -9999.0 -9999.0 -9999.0 -9999.0 -9999.0 -9999.0 -9999.0 -9999.0 -9999.0 -9999.0 -9999.0 -9999.0 -9999.0 -9999.0 -9999.0 -9999.0 -9999.0 -9999.0 -9999.0 -9999.0 -9999.0 -9999.0 -9999.0 -9999.0 -9999.0 -9999.0 -9999.0 -9999.0 -9999.0 -9999.0 -9999.0 -9999.0 -9999.0 -9999.0 -9999.0 -9999.0 -9999.0 -9999.0 -9999.0 -9999.0 -9999.0
-9999.0 -9999.0 -9999.0 -9999.0 -9999.0 -9999.0 -9999.0 -9999.0 -9999.0 -9999.0 -9999.0 -9999.0 -9999.0 -9999.0 -9999.0 -9999.0 -9999.0 -9999.0 -9999.0 -9999.0 -9999.0 -9999.0 -9999.0 -9999.0 -9999.0 -9999.0 -9999.0 -9999.0 -9999.0 -9999.0 -9999.0 -9999.0 -9999.0 -9999.0 -9999.0 -9999.0 -9999.0 -9999.0 -9999.0 -9999.0 -9999.0 -9999.0 -9999.0 -9999.0 -9999.0 -9999.0 -9999.0 -9999.0 -9999.0 -9999.0 -9999.0 -9999.0 -9999.0 -9999.0 -9999.0 -9999.0 -9999.0 -9999.0 -9999.0 -9999.0 -9999.0 -9999.0 -9999.0 -9999.0 -9999.0 -9999.0 -9999.0 -9999.0 -9999.0 -9999.0 -9999.0 -9999.0 -9999.0 -9999.0 -9999.0 -9999.0 -9999.0 -9999.0 -9999.0 -9999.0