Borden_/Borden1m_014/output_maps/psiliqL0026N0003.asc
ncols         80
nrows         18
xllcorner     620200.000000
yllcorner     5168000.000000
cellsize      1.000000
NODATA_value  -9999.0
-9999.0 -9999.0 -9999.0 -9999.0 -9999.0 -9999.0 -9999.0 -9999.0 -9999.0 -9999.0 -9999.0 -9999.0 -9999.0 -9999.0 -9999.0 -9999.0 -9999.0 -9999.0 -9999.0 -9999.0 -9999.0 -9999.0 -9999.0 -9999.0 -9999.0 -9999.0 -9999.0 -9999.0 -9999.0 -9999.0 -9999.0 -9999.0 -9999.0 -9999.0 -9999.0 -9999.0 -9999.0 -9999.0 -9999.0 -9999.0 -9999.0 -9999.0 -9999.0 -9999.0 -9999.0 -9999.0 -9999.0 -9999.0 -9999.0 -9999.0 -9999.0 -9999.0 -9999.0 -9999.0 -9999.0 -9999.0 -9999.0 -9999.0 -9999.0 -9999.0 -9999.0 -9999.0 -9999.0 -9999.0 -9999.0 -9999.0 -9999.0 -9999.0 -9999.0 -9999.0 -9999.0 -9999.0 -9999.0 -9999.0 -9999.0 -9999.0 -9999.0 -9999.0 -9999.0 -9999.0
-9999.0 -9999.0 -9999.0 -9999.0 -9999.0 -9999.0 -9999.0 -9999.0 -9999.0 -9999.0 -9999.0 -9999.0 -9999.0 -9999.0 -9999.0 -9999.0 -9999.0 -9999.0 -9999.0 -9999.0 -9999.0 -9999.0 -9999.0 -9999.0 -9999.0 -9999.0 -9999.0 -9999.0 -9999.0 -9999.0 -9999.0 -9999.0 -9999.0 -9999.0 -9999.0 -9999.0 -9999.0 -9999.0 -9999.0 -9999.0 -9999.0 -9999.0 -9999.0 -9999.0 -9999.0 -9999.0 -9999.0 -9999.0 -9999.0 -9999.0 -9999.0 -9999.0 -9999.0 -9999.0 -9999.0 -9999.0 -9999.0 -9999.0 -9999.0 -9999.0 -9999.0 -9999.0 -9999.0 -9999.0 -9999.0 -9999.0 -9999.0 -9999.0 -9999.0 -9999.0 -9999.0 -9999.0 -9999.0 -9999.0 -9999.0 -9999.0 -9999.0 -9999.0 -9999.0 -9999.0
-9999.0 -9999.0 -9999.0 -9999.0 -9999.0 -9999.0 -9999.0 -9999.0 -9999.0 -9999.0 -9999.0 -9999.0 -9999.0 -9999.0 -9999.0 -9999.0 -9999.0 -9999.0 -9999.0 -9999.0 3325.188241 3326.070199 3304.269739 3269.982308 3241.512539 3243.061652 3275.647918 3315.907191 3354.334673 3361.357329 3341.956593 3345.465161 3340.741456 3335.938477 3335.861800 3343.371514 3349.818353 3359.329723 3366.087663 3363.606601 3356.116205 3351.004859 3353.515687 3355.055360 3361.323616 3346.883468 3362.945823 3379.312903 3384.146881 3381.625147 3358.170368 3346.552270 3338.903915 3323.669186 3350.561724 3362.529979 3386.298938 3391.219602 3389.531648 3363.103577 3333.252671 -9999.0 -9999.0 -9999.0 -9999.0 -9999.0 -9999.0 -9999.0 -9999.0 -9999.0 -9999.0 -9999.0 -9999.0 -9999.0 -9999.0 -9999.0 -9999.0 -9999.0 -9999.0 -9999.0
-9999.0 -9999.0 -9999.0 -9999.0 -9999.0 -9999.0 -9999.0 -9999.0 -9999.0 -9999.0 -9999.0 -9999.0 -9999.0 -9999.0 3235.442438 3226.528439 3223.378820 3230.324562 3262.428098 3292.371551 3303.894977 3296.175935 3295.681895 3270.589488 3247.318008 3259.442912 3288.308011 3318.193709 3350.981010 3367.760823 3356.339900 3353.345842 3359.844739 3378.871309 3386.440022 3382.560613 3364.798475 3388.895459 3401.826006 3405.922032 3403.719066 3393.718056 3402.241270 3416.101734 3409.020284 3393.903488 3405.090348 3420.288633 3431.206793 3423.458296 3365.955123 3354.526150 3351.909863 3348.482285 3336.017952 3332.720932 3361.612337 3361.729956 3355.046216 3338.351364 3305.489635 3260.579164 3242.155169 3283.303559 3327.438781 3384.149614 -9999.0 -9999.0 -9999.0 -9999.0 -9999.0 -9999.0 -9999.0 -9999.0 -9999.0 -9999.0 -9999.0 -9999.0 -9999.0 -9999.0
-9999.0 -9999.0 -9999.0 -9999.0 -9999.0 -9999.0 -9999.0 -9999.0 -9999.0 3178.423246 3184.174496 3190.813049 3192.921359 3207.668193 3204.115369 3210.611811 3214.085954 3240.773715 3269.645411 3302.528328 3328.920059 3319.157896 3317.299972 3320.500613 3314.137915 3321.229903 3340.934783 3376.949419 3407.407586 3441.993034 3407.976600 3402.652713 3419.741476 3460.470459 3482.870339 3484.380169 3465.576609 3482.377017 3505.615393 3520.873959 3517.114932 3510.882957 3536.763733 3551.971203 3545.580952 3524.043428 3523.253061 3531.145638 3560.666333 3510.334715 3444.889491 3407.459423 3424.159619 3403.821364 3378.805377 3368.589297 3369.985719 3391.116924 3380.078691 3346.867221 3314.295934 3303.190822 3287.057055 3308.831330 3332.765201 3379.772602 3420.123739 3450.345788 3450.160174 3433.180442 -9999.0 -9999.0 -9999.0 -9999.0 -9999.0 -9999.0 -9999.0 -9999.0 -9999.0 -9999.0
-9999.0 -9999.0 -9999.0 -9999.0 -9999.0 -9999.0 3100.136176 3110.402153 3130.793854 3133.029608 3159.052430 3163.764696 3181.981776 3198.517739 3219.633027 3231.652153 3255.744902 3284.768018 3319.819959 3356.456776 3383.122298 3370.674094 3375.391069 3393.820977 3419.496365 3437.483447 3459.476907 3496.656808 3568.360022 3604.225738 3596.096981 3596.583320 3604.636701 3654.866340 3718.677347 3729.358714 3708.693252 3695.693594 3719.412572 3756.885626 3754.733295 3753.498532 3766.740570 3777.620509 3804.441180 3793.452203 3757.619808 3752.589037 3759.646779 3736.730484 3667.672830 3610.958923 3592.973385 3546.593078 3463.732009 3421.814682 3446.588409 3475.262357 3454.400607 3405.701255 3374.186786 3369.616252 3359.420541 3353.461274 3366.809536 3390.545944 3415.123453 3429.558720 3418.183460 3397.764146 3376.439917 3348.598042 3351.507434 3376.639641 -9999.0 -9999.0 -9999.0 -9999.0 -9999.0 -9999.0
-9999.0 -9999.0 -9999.0 -9999.0 3051.064053 3063.550484 3048.204903 3073.801684 3105.048955 3137.864166 3164.486039 3195.219885 3217.394767 3243.104764 3275.115508 3295.845973 3326.687427 3355.237456 3401.432935 3461.622934 3505.030980 3517.588409 3525.493593 3575.955302 3631.794006 3678.429073 3696.941201 3722.722539 3768.640638 3825.055113 3847.160834 3849.803722 3866.712307 3910.261660 3966.855250 4002.057963 3984.354532 3975.268628 3985.517630 3999.955334 4022.100399 4022.161889 4023.285262 4027.504111 4035.270896 4033.434274 4006.686457 3973.194524 3960.222650 3950.047939 3911.648020 3839.413398 3809.493145 3780.491690 3737.505390 3683.297097 3636.782275 3638.679431 3584.289726 3529.564762 3480.452512 3473.390481 3453.930533 3438.779635 3422.240890 3435.257891 3447.852121 3433.360242 3403.891308 3375.000777 3362.427360 3345.230942 3334.219775 3365.649134 3383.740694 3413.339585 -9999.0 -9999.0 -9999.0 -9999.0
-9999.0 -9999.0 2992.832479 3037.615405 3093.966620 3099.204496 3091.425461 3093.178818 3118.373279 3166.352861 3227.399345 3262.961372 3290.381658 3319.595589 3369.092319 3429.729654 3488.593713 3530.471781 3588.072308 3657.096766 3715.908226 3742.431035 3751.046939 3786.579141 3841.339959 3910.754840 3938.895676 3965.456951 3997.414323 4034.101401 4025.367637 4035.951820 4048.506122 4061.595872 4076.866265 4084.158538 4079.225257 4074.607987 4056.006758 4050.773380 4057.246798 4065.379825 4064.297766 4049.576424 4045.601371 4060.647238 4066.958295 4064.823657 4061.896094 4066.721295 4061.930437 4013.195159 3996.258572 3980.931488 3969.051183 3922.733968 3855.842005 3823.702869 3802.094538 3760.960601 3687.622089 3650.692164 3611.772192 3577.606724 3540.720990 3528.246032 3496.492916 3464.894997 3426.677058 3386.364376 3367.657267 3353.776462 3353.735663 3354.665873 3372.662275 3388.530363 3404.584356 3412.701792 -9999.0 -9999.0
-9999.0 2883.070410 2953.540107 3074.136675 3150.672129 3185.989645 3192.775210 3194.238867 3218.163665 3249.405233 3334.408260 3382.381216 3464.504345 3501.478876 3541.404876 3630.965708 3725.186091 3768.510726 3807.490377 3871.396573 3937.334605 3984.521016 4010.898392 3988.951831 4028.681406 4058.853708 4067.122814 4074.250259 4074.391863 4065.865963 4059.430554 4066.075933 4063.071961 4043.801430 4027.641204 4025.855867 4022.432590 3999.037066 3971.448348 3955.889079 3957.193522 3982.255963 3969.057331 3947.643586 3943.212041 3964.933531 3986.447853 3975.705678 3962.532874 3979.137636 4013.847012 4038.944414 4039.844043 4058.447490 4079.579495 4050.421438 4029.264457 3985.224859 3968.248679 3942.781630 3885.759033 3830.967169 3782.879823 3734.567989 3682.492446 3633.996380 3586.705886 3539.801052 3486.993971 3454.565799 3430.643204 3388.376533 3376.091083 3383.002742 3378.365816 3377.091908 3383.905115 3390.553440 -9999.0 -9999.0
-9999.0 2785.976096 2924.031756 3100.137139 3241.125217 3279.797527 3339.024612 3392.867182 3405.449364 3349.091334 3449.413140 3665.828342 3788.009982 3805.512954 3881.104448 3976.379329 3958.300176 3989.720316 4013.005815 4039.186196 4060.225191 4074.662240 4072.971837 4067.841398 4051.308522 4043.293349 4042.401522 4040.277433 4022.823743 4003.818395 3986.978051 3983.775538 3965.743836 3916.063761 3882.775045 3865.219392 3846.064777 3832.712274 3805.561538 3779.550188 3762.968927 3773.208972 3771.575115 3758.191228 3753.776290 3771.827221 3802.702038 3800.856102 3812.787077 3832.417255 3867.855813 3906.089701 3925.362788 3954.501521 3990.151233 4038.268590 4046.923204 4069.384985 4072.281129 4061.987003 4015.325099 3963.717476 3934.306279 3878.928289 3819.416311 3757.770822 3708.962688 3664.396149 3609.349111 3575.579954 3536.683395 3483.433024 3441.065121 3433.997209 3400.976848 3388.243444 -9999.0 -9999.0 -9999.0 -9999.0
-9999.0 2684.091282 2860.665626 3097.136446 3389.570507 3459.000023 3659.577236 3773.060071 3811.337426 3878.529776 3757.622671 3965.134343 4018.343761 4013.450860 4029.571663 4032.827508 4047.152894 4046.488732 4041.409592 4030.379062 4020.770404 4016.182467 4015.130497 4007.213025 3994.578209 3979.948924 3968.029033 3956.567973 3919.868913 3887.891312 3848.544486 3836.031309 3791.280734 3699.527722 3660.959943 3622.386875 3561.534699 3564.235329 3572.041975 3548.303736 3528.754295 3500.466568 3530.229451 3541.139577 3545.374426 3540.669973 3550.119479 3578.802322 3626.628411 3660.859788 3699.567985 3747.371075 3777.750396 3816.807237 3856.473424 3908.713313 3939.875664 3968.745517 4017.699008 4054.717028 4077.454721 4063.360206 4044.868647 4000.102679 3939.885778 3890.585904 3861.634080 3811.192450 3767.750797 3724.368592 3678.079767 3625.511720 3564.249499 3512.162368 3478.587832 -9999.0 -9999.0 -9999.0 -9999.0 -9999.0
-9999.0 2459.481298 2722.361173 2983.120101 3254.193299 3595.338600 3767.167624 3860.791196 3923.946240 3907.034464 3930.534088 3936.807498 3973.902520 3981.188246 3959.794694 3945.916795 3928.254383 3927.165340 3940.232543 3912.877878 3882.609552 3869.257285 3870.163987 3859.475601 3835.624937 3820.767455 3811.514801 3793.051087 3750.095608 3700.043419 3616.202866 3581.773347 3503.313275 3465.435108 3429.582620 3383.159604 3339.236055 3345.296888 3370.366337 3361.660592 3341.243314 3324.507796 3353.980531 3374.884851 3388.101145 3371.765244 3378.264488 3412.390947 3458.466178 3498.475815 3541.861264 3589.390649 3630.944174 3669.796942 3690.420261 3729.475311 3771.407436 3812.841290 3882.826469 3961.158146 3997.074212 4031.690533 4060.556043 4082.462467 4039.588822 4013.325889 3989.617036 3966.178640 3920.019904 3874.673747 3834.133498 3769.576912 3710.058247 -9999.0 -9999.0 -9999.0 -9999.0 -9999.0 -9999.0 -9999.0
-9999.0 2347.366506 2538.570574 2726.882639 2968.152632 3195.629113 3417.238145 3507.266169 3577.398681 3649.340023 3703.522470 3741.299338 3767.059964 3788.609183 3766.032876 3719.989342 3687.783705 3692.780188 3683.806117 3662.975722 3635.507460 3622.788470 3620.219383 3615.637639 3594.693324 3584.723647 3578.214900 3560.516185 3535.629156 3483.420759 3412.892393 3340.425707 3287.671683 3269.273235 3247.620809 3221.661922 3195.931330 3209.756765 3222.707157 3223.153710 3217.118428 3217.674886 3246.717454 3266.628319 3276.045407 3265.189464 3283.196393 3305.949360 3342.358267 3381.122414 3425.211558 3474.691228 3522.520277 3542.073553 3543.634317 3554.523369 3581.582643 3624.356008 3700.232958 3785.957950 3863.515108 3908.925373 3959.641453 3999.611804 4027.757416 4052.595495 4075.017420 4068.098394 4042.138633 4008.788313 3950.071148 -9999.0 -9999.0 -9999.0 -9999.0 -9999.0 -9999.0 -9999.0 -9999.0 -9999.0
-9999.0 -9999.0 2312.358364 2462.002769 2554.414362 2713.397429 2843.502970 2947.136978 3046.888467 3188.224080 3310.420479 3403.762090 3450.001702 3465.563018 3451.814303 3423.743289 3406.819305 3406.442835 3394.775325 3388.839278 3375.031876 3370.130594 3358.457202 3351.462003 3348.120916 3348.211929 3346.641431 3339.270649 3323.538256 3283.292741 3247.863617 3204.798066 3159.776935 3139.394462 3122.492455 3106.719564 3111.909213 3107.628888 3113.676417 3117.104283 3127.240855 3141.740073 3161.131168 3183.912483 3193.519001 3203.664202 3214.233272 3235.435283 3264.846062 3304.413096 3355.139327 3409.345289 3444.613189 3450.842090 3432.224287 3426.529468 3433.887412 3461.915539 3524.187089 3592.589246 3681.991021 3747.282165 3814.025420 3869.905194 3896.549011 3932.931181 4003.162772 4051.190387 4093.657943 4071.255438 -9999.0 -9999.0 -9999.0 -9999.0 -9999.0 -9999.0 -9999.0 -9999.0 -9999.0 -9999.0
-9999.0 -9999.0 -9999.0 -9999.0 2318.905730 2463.744370 2559.149135 2636.954097 2770.519545 2886.314282 2990.293734 3076.730597 3145.506093 3171.395848 3172.848007 3190.385252 3189.789059 3180.522098 3169.740238 3175.272152 3180.924103 3175.246702 3158.751661 3153.401605 3158.537169 3167.884557 3167.617495 3156.516066 3140.392783 3128.727576 3118.276703 3089.870891 3059.802671 3034.416073 3024.385529 3023.120292 3024.585896 3017.687170 3026.822665 3036.496208 3052.888757 3068.221769 3091.761332 3121.518115 3136.228001 3150.712161 3158.905711 3176.850008 3205.015024 3256.024917 3317.194188 3373.192482 3406.669085 3406.581198 3377.335859 3355.053361 3341.917318 3358.592798 3387.189963 3437.126603 3525.749705 3587.494750 3632.294827 3670.644676 3706.875258 3772.025766 3866.676617 3947.989949 -9999.0 -9999.0 -9999.0 -9999.0 -9999.0 -9999.0 -9999.0 -9999.0 -9999.0 -9999.0 -9999.0 -9999.0
-9999.0 -9999.0 -9999.0 -9999.0 -9999.0 -9999.0 2293.049969 2398.362617 2463.634061 2617.512331 2764.189671 2855.806686 2938.617694 2974.591329 3008.754766 3039.516294 3040.380877 3020.116752 2998.272621 3020.752323 3040.951378 3034.987471 3002.866745 3005.397997 3013.847281 3023.144201 3022.346670 3018.547949 2996.418453 3016.156904 3023.529438 3003.652850 2981.004100 2971.036725 2961.497728 2973.053871 2974.458010 2960.967989 2960.439238 2989.022703 3010.568029 3023.582268 3044.556524 3077.734234 3110.113856 3125.601766 3126.082403 3130.166732 3166.026224 3233.630690 3304.111725 3358.704959 3389.304014 3393.606688 3362.290833 3317.020233 3290.344434 3288.526155 3311.977248 3350.337237 3410.955039 3446.477144 3456.542461 3456.492598 3467.846577 3567.498411 -9999.0 -9999.0 -9999.0 -9999.0 -9999.0 -9999.0 -9999.0 -9999.0 -9999.0 -9999.0 -9999.0 -9999.0 -9999.0 -9999.0
-9999.0 -9999.0 -9999.0 -9999.0 -9999.0 -9999.0 -9999.0 -9999.0 -9999.0 -9999.0 -9999.0 -9999.0 -9999.0 -9999.0 -9999.0 -9999.0 -9999.0 -9999.0 -9999.0 -9999.0 -9999.0 -9999.0 -9999.0 -9999.0 -9999.0 -9999.0 -9999.0 -9999.0 -9999.0 -9999.0 -9999.0 -9999.0 -9999.0 -9999.0 -9999.0 -9999.0 -9999.0 -9999.0 -9999.0 -9999.0 -9999.0 -9999.0 -9999.0 -9999.0 -9999.0 -9999.0 -9999.0 -9999.0 -9999.0 -9999.0 -9999.0 -9999.0 -9999.0 -9999.0 -9999.0 -9999.0 -9999.0 -9999.0 -9999.0 -9999.0 -9999.0 -9999.0 -9999.0 -9999.0 -9999.0 -9999.0 -9999.0 -9999.0 -9999.0 -9999.0 -9999.0 -9999.0 -9999.0 -9999.0 -9999.0 -9999.0 -9999.0 -9999.0 -9999.0 -9999.0
-9999.0 -9999.0 -9999.0 -9999.0 -9999.0 -9999.0 -9999.0 -9999.0 -9999.0 -9999.0 -9999.0 -9999.0 -9999.0 -9999.0 -9999.0 -9999.0 -9999.0 -9999.0 -9999.0 -9999.0 -9999.0 -9999.0 -9999.0 -9999.0 -9999.0 -9999.0 -9999.0 -9999.0 -9999.0 -9999.0 -9999.0 -9999.0 -9999.0 -9999.0 -9999.0 -9999.0 -9999.0 -9999.0 -9999.0 -9999.0 -9999.0 -9999.0 -9999.0 -9999.0 -9999.0 -9999.0 -9999.0 -9999.0 -9999.0 -9999.0 -9999.0 -9999.0 -9999.0 -9999.0 -9999.0 -9999.0 -9999.0 -9999.0 -9999.0 -9999.0 -9999.0 -9999.0 -9999.0 -9999.0 -9999.0 -9999.0 -9999.0 -9999.0 -9999.0 -9999.0 -9999.0 -9999.0 -9999.0 -9999.0 -9999.0 -9999.0 -9999.0 -9999.0 -9999.0 -9999.0