Borden_/Borden1m_014/output_maps/psiliqL0001N0024.asc
ncols         80
nrows         18
xllcorner     620200.000000
yllcorner     5168000.000000
cellsize      1.000000
NODATA_value  -9999.0
-9999.0 -9999.0 -9999.0 -9999.0 -9999.0 -9999.0 -9999.0 -9999.0 -9999.0 -9999.0 -9999.0 -9999.0 -9999.0 -9999.0 -9999.0 -9999.0 -9999.0 -9999.0 -9999.0 -9999.0 -9999.0 -9999.0 -9999.0 -9999.0 -9999.0 -9999.0 -9999.0 -9999.0 -9999.0 -9999.0 -9999.0 -9999.0 -9999.0 -9999.0 -9999.0 -9999.0 -9999.0 -9999.0 -9999.0 -9999.0 -9999.0 -9999.0 -9999.0 -9999.0 -9999.0 -9999.0 -9999.0 -9999.0 -9999.0 -9999.0 -9999.0 -9999.0 -9999.0 -9999.0 -9999.0 -9999.0 -9999.0 -9999.0 -9999.0 -9999.0 -9999.0 -9999.0 -9999.0 -9999.0 -9999.0 -9999.0 -9999.0 -9999.0 -9999.0 -9999.0 -9999.0 -9999.0 -9999.0 -9999.0 -9999.0 -9999.0 -9999.0 -9999.0 -9999.0 -9999.0
-9999.0 -9999.0 -9999.0 -9999.0 -9999.0 -9999.0 -9999.0 -9999.0 -9999.0 -9999.0 -9999.0 -9999.0 -9999.0 -9999.0 -9999.0 -9999.0 -9999.0 -9999.0 -9999.0 -9999.0 -9999.0 -9999.0 -9999.0 -9999.0 -9999.0 -9999.0 -9999.0 -9999.0 -9999.0 -9999.0 -9999.0 -9999.0 -9999.0 -9999.0 -9999.0 -9999.0 -9999.0 -9999.0 -9999.0 -9999.0 -9999.0 -9999.0 -9999.0 -9999.0 -9999.0 -9999.0 -9999.0 -9999.0 -9999.0 -9999.0 -9999.0 -9999.0 -9999.0 -9999.0 -9999.0 -9999.0 -9999.0 -9999.0 -9999.0 -9999.0 -9999.0 -9999.0 -9999.0 -9999.0 -9999.0 -9999.0 -9999.0 -9999.0 -9999.0 -9999.0 -9999.0 -9999.0 -9999.0 -9999.0 -9999.0 -9999.0 -9999.0 -9999.0 -9999.0 -9999.0
-9999.0 -9999.0 -9999.0 -9999.0 -9999.0 -9999.0 -9999.0 -9999.0 -9999.0 -9999.0 -9999.0 -9999.0 -9999.0 -9999.0 -9999.0 -9999.0 -9999.0 -9999.0 -9999.0 -9999.0 -572.349728 -571.443945 -573.293575 -575.357624 -577.113214 -577.357315 -575.402145 -573.178906 -570.595502 -570.091854 -572.252256 -571.705399 -572.575366 -573.066878 -573.120204 -572.531649 -572.253624 -571.419799 -570.898893 -571.161243 -571.806654 -572.257947 -572.718756 -572.592499 -571.845359 -572.831362 -571.372732 -569.951809 -569.456168 -569.431664 -571.326315 -572.090730 -572.353398 -574.037340 -570.992513 -570.136499 -567.919196 -567.725722 -567.270202 -569.761754 -572.190958 -9999.0 -9999.0 -9999.0 -9999.0 -9999.0 -9999.0 -9999.0 -9999.0 -9999.0 -9999.0 -9999.0 -9999.0 -9999.0 -9999.0 -9999.0 -9999.0 -9999.0 -9999.0 -9999.0
-9999.0 -9999.0 -9999.0 -9999.0 -9999.0 -9999.0 -9999.0 -9999.0 -9999.0 -9999.0 -9999.0 -9999.0 -9999.0 -9999.0 -575.519429 -576.549058 -577.033664 -577.380038 -575.628502 -574.292400 -574.309080 -575.379567 -574.467513 -576.491069 -578.278994 -577.192194 -575.711845 -574.551722 -572.536251 -570.942376 -572.455840 -572.828397 -572.025734 -569.116210 -567.835173 -568.460030 -571.920978 -568.704688 -567.096654 -566.035122 -566.169892 -567.750797 -565.552109 -562.985269 -564.318329 -567.024751 -566.476864 -564.998992 -562.471951 -563.726270 -572.088769 -572.868753 -572.394458 -572.175933 -573.279930 -574.110191 -571.053875 -571.521115 -571.999420 -572.454088 -574.131654 -576.923717 -578.183224 -575.239004 -572.677732 -567.238017 -9999.0 -9999.0 -9999.0 -9999.0 -9999.0 -9999.0 -9999.0 -9999.0 -9999.0 -9999.0 -9999.0 -9999.0 -9999.0 -9999.0
-9999.0 -9999.0 -9999.0 -9999.0 -9999.0 -9999.0 -9999.0 -9999.0 -9999.0 -577.039506 -577.359842 -577.093626 -577.808699 -576.940132 -578.490292 -578.157454 -578.454576 -577.274209 -576.365752 -574.722994 -572.432237 -574.188789 -574.419575 -573.167867 -572.996233 -572.559090 -571.614085 -567.842793 -563.471562 -556.307828 -562.487014 -562.740474 -559.431845 -546.454455 -534.288892 -530.506246 -536.959213 -537.088429 -529.113915 -519.154025 -519.266937 -520.228623 -509.097138 -502.120128 -496.744256 -507.708140 -517.911740 -519.547563 -505.799799 -528.482259 -546.530656 -560.740338 -559.830091 -564.380509 -569.242629 -570.995598 -571.713492 -568.160801 -569.474306 -572.600361 -575.110812 -574.183323 -575.626718 -574.234909 -573.331301 -569.237656 -565.531204 -561.830467 -561.642114 -564.026600 -9999.0 -9999.0 -9999.0 -9999.0 -9999.0 -9999.0 -9999.0 -9999.0 -9999.0 -9999.0
-9999.0 -9999.0 -9999.0 -9999.0 -9999.0 -9999.0 -578.648744 -578.811968 -578.283008 -580.193745 -578.951493 -579.904749 -578.994072 -578.636442 -578.087278 -578.127734 -576.608817 -575.322738 -573.068968 -570.003335 -567.081983 -568.720067 -567.970579 -563.647744 -554.471045 -545.550300 -540.008380 -529.763814 -491.015848 -439.252030 -411.178918 -395.389708 -372.659868 -348.926743 -302.224032 -227.592367 -306.303709 -324.899615 -312.463128 -275.437391 -185.131047 -184.592458 -179.389508 -172.615538 -146.768428 -151.201000 -270.361093 -297.752366 -304.971712 -311.189825 -343.118119 -378.167088 -455.234597 -502.855391 -534.988494 -550.320508 -553.239672 -551.203129 -557.169980 -564.828684 -569.239410 -569.177225 -569.994908 -571.650132 -570.903226 -569.285409 -566.696274 -565.043762 -566.288919 -567.937861 -569.117722 -571.830682 -571.385732 -568.740144 -9999.0 -9999.0 -9999.0 -9999.0 -9999.0 -9999.0
-9999.0 -9999.0 -9999.0 -9999.0 -581.447047 -580.609112 -583.172804 -581.779495 -580.731718 -579.978656 -580.076514 -578.668558 -578.355321 -577.389446 -575.224056 -573.552699 -570.467953 -568.186175 -561.404591 -545.876564 -529.931138 -519.677198 -513.559522 -457.967722 -371.711638 -339.827864 -329.701781 -311.610518 -267.770251 -139.923778 -114.313755 -107.858529 -90.209505 -66.801388 -26.610695 5.517933 -11.866772 -18.582913 -17.230754 -9.933850 13.170954 13.448772 14.442459 14.385833 16.380265 18.318485 -0.485800 -30.756223 -41.070418 -48.854796 -104.899528 -124.913285 -234.903415 -275.005983 -296.712294 -327.225754 -369.287608 -396.499379 -483.167502 -517.502573 -541.195732 -549.301905 -556.655890 -560.166863 -564.845707 -564.010169 -562.706676 -565.035339 -567.964412 -570.710640 -570.966148 -572.137723 -573.524985 -570.091963 -568.946040 -565.204665 -9999.0 -9999.0 -9999.0 -9999.0
-9999.0 -9999.0 -581.473950 -581.485858 -579.261290 -580.741465 -581.582648 -582.839018 -582.415206 -580.314700 -576.257334 -574.625673 -571.890552 -570.511635 -563.893077 -545.613521 -522.248719 -500.417249 -427.213846 -361.736934 -323.520631 -289.256631 -197.654905 -161.535215 -146.849118 -71.678315 -48.573470 -30.280373 -6.413991 17.916949 43.077285 58.454241 64.995438 56.637062 57.971758 53.909363 54.253346 49.420683 32.849705 30.696348 38.077868 39.517918 43.524690 31.108211 27.517643 39.959331 41.980234 42.102104 45.314842 52.188815 63.865723 35.158509 -16.860470 -27.361264 -67.912566 -67.123869 -125.353990 -225.885295 -258.467285 -296.039323 -350.334819 -380.691564 -460.773503 -510.384132 -534.166054 -544.638486 -554.460014 -560.267258 -565.403226 -570.061321 -571.401001 -572.176732 -571.471755 -571.996134 -570.180562 -568.837714 -566.768568 -566.007837 -9999.0 -9999.0
-9999.0 -581.975900 -582.865252 -578.907113 -578.444128 -577.736672 -576.661215 -575.745469 -574.744579 -576.500620 -565.363413 -541.850901 -515.027472 -503.733612 -444.983479 -345.726763 -194.796960 -162.801557 -162.585073 -99.313664 -51.075448 -13.902769 8.839148 41.191988 64.800955 57.403357 57.077033 53.671090 46.892719 38.880884 28.435195 36.558511 35.243111 21.057082 9.626234 8.613658 6.067888 -16.638792 -41.901934 -53.530910 -47.887016 -28.007666 -37.205896 -57.330925 -61.010592 -41.608927 -26.807508 -35.558880 -46.363245 -32.637122 -2.392531 14.351627 30.614256 44.377058 64.683232 42.377280 10.325690 -25.417196 -72.919748 -61.057384 -169.141345 -232.263451 -284.833692 -337.732107 -377.078025 -466.366314 -518.180494 -539.551900 -554.250841 -559.430200 -562.559372 -569.077730 -570.684278 -569.229045 -570.088113 -570.181688 -569.371918 -568.751503 -9999.0 -9999.0
-9999.0 -585.689110 -582.048813 -577.962860 -572.883254 -572.397331 -552.819127 -533.243054 -526.344713 -536.963286 -478.720867 -188.784982 -128.201159 -128.566381 -77.361870 -11.302411 28.730114 50.116459 64.125371 53.153497 48.630718 49.916700 44.851124 37.007388 23.362156 15.837728 16.056250 13.961980 -2.335160 -18.146490 -33.548734 -33.532897 -46.256097 -78.567994 -107.601999 -119.984224 -136.578543 -214.042138 -259.263243 -288.039950 -299.780648 -281.581925 -291.236668 -307.103323 -310.271596 -289.704790 -257.659510 -261.997447 -253.982962 -228.884878 -184.525487 -96.586945 -77.805004 -53.132798 -22.080356 14.817030 33.332707 51.549758 58.996681 34.452526 -1.988114 -46.299864 -72.853190 -182.448766 -252.619422 -323.227153 -361.290332 -390.920896 -485.028748 -516.774389 -536.221041 -551.362595 -561.440137 -563.532159 -568.242188 -568.871342 -9999.0 -9999.0 -9999.0 -9999.0
-9999.0 -585.631921 -582.038278 -574.051847 -553.896117 -518.573063 -371.949247 -262.194059 -81.735476 -143.011424 -18.877049 49.636963 57.777894 40.571452 14.410173 10.642664 19.788765 21.758394 17.821413 8.703303 0.155297 -3.612032 -35.130044 -12.330476 -24.006143 -38.232240 -48.178426 -58.442120 -149.057503 -184.482757 -212.456742 -230.718000 -264.737260 -333.870897 -355.937842 -372.415883 -449.639351 -466.309871 -481.477508 -504.387092 -513.265452 -518.732414 -511.240643 -513.311434 -514.074589 -509.332899 -496.041528 -483.480763 -426.744044 -377.460360 -354.273112 -319.403953 -290.240886 -245.839563 -194.200279 -90.381106 -63.624761 -39.301545 -25.911038 35.216789 55.606032 47.927997 19.868661 -41.636336 -68.411462 -182.259874 -228.231196 -284.088162 -335.975196 -366.622953 -388.934508 -465.900392 -520.621436 -548.873283 -555.757670 -9999.0 -9999.0 -9999.0 -9999.0 -9999.0
-9999.0 -590.517383 -581.461876 -574.905268 -537.311568 -361.315568 -282.953457 -8.482455 41.290082 -25.957229 -145.735620 -61.629536 -28.764590 -29.403431 -53.424461 -62.367544 -68.423690 -69.258929 -56.554041 -84.194836 -163.284384 -181.684182 -184.562802 -197.378263 -222.828413 -243.373688 -258.754418 -279.263814 -323.711449 -352.005778 -394.327726 -439.571887 -508.209551 -534.670939 -546.747349 -556.803777 -565.633758 -565.426908 -562.686314 -565.084053 -567.583968 -570.249032 -567.081862 -565.658831 -564.243161 -566.015181 -565.571607 -561.167716 -553.523349 -544.487536 -529.300615 -505.146253 -462.903641 -381.001407 -360.655138 -326.145996 -288.698126 -239.694088 -167.060382 -44.603800 -18.264716 10.299401 45.774749 64.319447 26.731649 -7.635006 -58.796702 -110.295389 -226.134012 -283.076172 -308.893208 -336.173268 -368.817403 -9999.0 -9999.0 -9999.0 -9999.0 -9999.0 -9999.0 -9999.0
-9999.0 -593.580274 -583.577255 -581.873736 -569.930799 -541.619906 -478.301427 -356.941570 -192.356713 -321.949690 -334.484607 -317.468629 -295.564990 -277.256497 -297.019695 -321.490314 -337.045206 -333.690008 -331.819222 -346.256990 -362.768616 -369.958727 -370.909519 -380.940793 -427.273302 -455.641799 -470.323250 -491.983908 -513.850657 -533.573985 -555.424251 -564.586414 -570.698343 -572.733537 -574.210722 -575.772719 -578.896179 -577.165422 -575.841144 -576.193904 -577.199725 -577.985863 -575.689077 -574.936061 -574.213094 -576.385571 -574.927720 -573.663194 -570.715455 -567.667640 -563.144654 -556.107592 -546.356603 -538.501019 -531.806149 -518.822040 -493.194197 -404.829257 -345.450529 -263.411322 -190.057357 -95.251219 -48.008727 -35.745370 4.804460 12.955833 22.057800 4.736171 -81.634757 -211.670731 -246.908831 -9999.0 -9999.0 -9999.0 -9999.0 -9999.0 -9999.0 -9999.0 -9999.0 -9999.0
-9999.0 -9999.0 -595.439761 -591.225529 -587.353287 -583.668150 -578.496434 -571.334141 -566.038893 -558.516957 -546.556415 -531.501084 -520.441643 -514.768395 -522.384120 -536.164502 -543.402840 -542.833060 -544.674929 -548.364070 -554.715213 -557.121686 -558.641862 -559.841192 -562.318966 -563.336102 -563.742215 -564.590856 -566.470316 -570.642773 -574.212485 -576.560063 -579.189343 -579.009157 -579.409581 -580.346036 -579.581657 -579.763358 -579.513216 -579.669434 -579.484149 -579.082752 -578.593726 -577.916255 -577.915385 -577.743725 -577.509513 -576.760795 -575.607742 -574.096045 -571.022832 -566.334788 -562.618935 -561.699962 -563.682094 -563.005299 -560.161371 -553.068062 -526.513459 -457.473790 -364.395441 -313.237325 -243.422735 -190.428266 -143.965029 -100.084364 -42.553810 4.058745 2.270132 -188.270529 -9999.0 -9999.0 -9999.0 -9999.0 -9999.0 -9999.0 -9999.0 -9999.0 -9999.0 -9999.0
-9999.0 -9999.0 -9999.0 -9999.0 -596.875054 -591.216882 -586.081433 -586.607721 -582.992971 -580.949490 -579.012840 -576.594076 -574.612277 -573.225389 -575.116530 -575.622761 -576.000463 -575.670999 -576.020822 -576.543365 -576.813102 -577.099483 -577.328175 -577.741924 -577.594805 -577.222231 -577.107924 -577.799525 -577.744384 -579.120568 -579.295029 -580.040935 -580.772421 -581.637305 -581.438160 -581.553190 -581.156749 -581.569403 -580.926244 -581.349732 -580.889814 -580.697262 -580.140055 -579.221520 -579.643975 -579.110289 -579.103330 -578.395431 -578.187189 -576.332923 -573.235931 -569.545636 -566.972819 -567.100558 -570.457633 -571.768949 -572.536699 -570.426008 -566.733768 -558.302185 -533.114682 -498.714836 -402.453585 -361.184117 -338.400274 -298.907260 -231.640011 -150.819250 -9999.0 -9999.0 -9999.0 -9999.0 -9999.0 -9999.0 -9999.0 -9999.0 -9999.0 -9999.0 -9999.0 -9999.0
-9999.0 -9999.0 -9999.0 -9999.0 -9999.0 -9999.0 -594.606315 -591.878516 -592.593427 -590.728708 -589.125721 -587.829428 -585.688254 -586.106180 -585.573029 -583.828988 -584.112212 -584.927458 -585.957986 -584.403964 -583.779749 -583.594921 -585.295025 -584.813141 -584.663232 -583.992714 -584.061713 -583.759506 -585.248792 -583.522493 -582.700450 -583.013894 -583.313850 -582.974909 -583.357056 -582.242702 -582.111056 -582.996017 -583.247362 -581.994630 -581.666720 -581.876311 -581.653663 -580.823129 -579.581151 -579.427542 -580.024780 -580.859903 -579.595170 -576.685266 -573.397440 -570.436161 -568.450143 -567.737562 -570.507219 -574.185063 -575.988273 -576.244079 -574.770625 -571.898647 -564.581470 -559.176670 -554.346128 -547.173962 -539.024607 -493.199145 -9999.0 -9999.0 -9999.0 -9999.0 -9999.0 -9999.0 -9999.0 -9999.0 -9999.0 -9999.0 -9999.0 -9999.0 -9999.0 -9999.0
-9999.0 -9999.0 -9999.0 -9999.0 -9999.0 -9999.0 -9999.0 -9999.0 -9999.0 -9999.0 -9999.0 -9999.0 -9999.0 -9999.0 -9999.0 -9999.0 -9999.0 -9999.0 -9999.0 -9999.0 -9999.0 -9999.0 -9999.0 -9999.0 -9999.0 -9999.0 -9999.0 -9999.0 -9999.0 -9999.0 -9999.0 -9999.0 -9999.0 -9999.0 -9999.0 -9999.0 -9999.0 -9999.0 -9999.0 -9999.0 -9999.0 -9999.0 -9999.0 -9999.0 -9999.0 -9999.0 -9999.0 -9999.0 -9999.0 -9999.0 -9999.0 -9999.0 -9999.0 -9999.0 -9999.0 -9999.0 -9999.0 -9999.0 -9999.0 -9999.0 -9999.0 -9999.0 -9999.0 -9999.0 -9999.0 -9999.0 -9999.0 -9999.0 -9999.0 -9999.0 -9999.0 -9999.0 -9999.0 -9999.0 -9999.0 -9999.0 -9999.0 -9999.0 -9999.0 -9999.0
-9999.0 -9999.0 -9999.0 -9999.0 -9999.0 -9999.0 -9999.0 -9999.0 -9999.0 -9999.0 -9999.0 -9999.0 -9999.0 -9999.0 -9999.0 -9999.0 -9999.0 -9999.0 -9999.0 -9999.0 -9999.0 -9999.0 -9999.0 -9999.0 -9999.0 -9999.0 -9999.0 -9999.0 -9999.0 -9999.0 -9999.0 -9999.0 -9999.0 -9999.0 -9999.0 -9999.0 -9999.0 -9999.0 -9999.0 -9999.0 -9999.0 -9999.0 -9999.0 -9999.0 -9999.0 -9999.0 -9999.0 -9999.0 -9999.0 -9999.0 -9999.0 -9999.0 -9999.0 -9999.0 -9999.0 -9999.0 -9999.0 -9999.0 -9999.0 -9999.0 -9999.0 -9999.0 -9999.0 -9999.0 -9999.0 -9999.0 -9999.0 -9999.0 -9999.0 -9999.0 -9999.0 -9999.0 -9999.0 -9999.0 -9999.0 -9999.0 -9999.0 -9999.0 -9999.0 -9999.0