Borden_/Borden1m_014/output_maps/psiliqL0007N0022.asc
ncols         80
nrows         18
xllcorner     620200.000000
yllcorner     5168000.000000
cellsize      1.000000
NODATA_value  -9999.0
-9999.0 -9999.0 -9999.0 -9999.0 -9999.0 -9999.0 -9999.0 -9999.0 -9999.0 -9999.0 -9999.0 -9999.0 -9999.0 -9999.0 -9999.0 -9999.0 -9999.0 -9999.0 -9999.0 -9999.0 -9999.0 -9999.0 -9999.0 -9999.0 -9999.0 -9999.0 -9999.0 -9999.0 -9999.0 -9999.0 -9999.0 -9999.0 -9999.0 -9999.0 -9999.0 -9999.0 -9999.0 -9999.0 -9999.0 -9999.0 -9999.0 -9999.0 -9999.0 -9999.0 -9999.0 -9999.0 -9999.0 -9999.0 -9999.0 -9999.0 -9999.0 -9999.0 -9999.0 -9999.0 -9999.0 -9999.0 -9999.0 -9999.0 -9999.0 -9999.0 -9999.0 -9999.0 -9999.0 -9999.0 -9999.0 -9999.0 -9999.0 -9999.0 -9999.0 -9999.0 -9999.0 -9999.0 -9999.0 -9999.0 -9999.0 -9999.0 -9999.0 -9999.0 -9999.0 -9999.0
-9999.0 -9999.0 -9999.0 -9999.0 -9999.0 -9999.0 -9999.0 -9999.0 -9999.0 -9999.0 -9999.0 -9999.0 -9999.0 -9999.0 -9999.0 -9999.0 -9999.0 -9999.0 -9999.0 -9999.0 -9999.0 -9999.0 -9999.0 -9999.0 -9999.0 -9999.0 -9999.0 -9999.0 -9999.0 -9999.0 -9999.0 -9999.0 -9999.0 -9999.0 -9999.0 -9999.0 -9999.0 -9999.0 -9999.0 -9999.0 -9999.0 -9999.0 -9999.0 -9999.0 -9999.0 -9999.0 -9999.0 -9999.0 -9999.0 -9999.0 -9999.0 -9999.0 -9999.0 -9999.0 -9999.0 -9999.0 -9999.0 -9999.0 -9999.0 -9999.0 -9999.0 -9999.0 -9999.0 -9999.0 -9999.0 -9999.0 -9999.0 -9999.0 -9999.0 -9999.0 -9999.0 -9999.0 -9999.0 -9999.0 -9999.0 -9999.0 -9999.0 -9999.0 -9999.0 -9999.0
-9999.0 -9999.0 -9999.0 -9999.0 -9999.0 -9999.0 -9999.0 -9999.0 -9999.0 -9999.0 -9999.0 -9999.0 -9999.0 -9999.0 -9999.0 -9999.0 -9999.0 -9999.0 -9999.0 -9999.0 -472.262407 -469.222155 -492.273106 -526.586189 -555.327329 -553.810266 -519.092255 -478.333755 -440.842889 -430.416467 -448.744215 -447.620722 -452.939567 -452.946116 -449.807961 -443.904433 -441.437112 -429.726181 -421.132446 -421.373669 -427.671300 -433.602370 -435.147733 -431.498444 -426.505388 -435.123838 -421.468212 -405.795918 -399.067385 -404.259224 -431.940242 -447.898490 -455.809679 -469.940277 -445.077494 -432.049832 -408.603381 -403.959580 -404.839941 -431.756915 -461.737427 -9999.0 -9999.0 -9999.0 -9999.0 -9999.0 -9999.0 -9999.0 -9999.0 -9999.0 -9999.0 -9999.0 -9999.0 -9999.0 -9999.0 -9999.0 -9999.0 -9999.0 -9999.0 -9999.0
-9999.0 -9999.0 -9999.0 -9999.0 -9999.0 -9999.0 -9999.0 -9999.0 -9999.0 -9999.0 -9999.0 -9999.0 -9999.0 -9999.0 -561.689683 -572.209214 -575.648287 -567.521285 -534.119385 -504.508949 -491.932298 -499.854318 -500.277368 -524.240269 -544.760474 -531.006528 -502.107718 -471.096170 -437.173428 -416.555578 -429.744572 -432.619899 -421.597781 -392.494072 -376.628277 -379.164350 -401.212023 -378.038208 -361.048633 -350.853265 -351.844675 -360.761906 -345.102414 -327.841693 -334.634469 -353.284216 -350.354537 -338.419468 -323.025270 -339.438130 -406.878972 -429.171892 -432.125462 -438.506980 -451.423225 -457.742297 -432.593168 -431.116067 -438.988578 -456.543110 -488.376372 -532.194815 -549.583717 -510.761707 -465.760501 -407.148576 -9999.0 -9999.0 -9999.0 -9999.0 -9999.0 -9999.0 -9999.0 -9999.0 -9999.0 -9999.0 -9999.0 -9999.0 -9999.0 -9999.0
-9999.0 -9999.0 -9999.0 -9999.0 -9999.0 -9999.0 -9999.0 -9999.0 -9999.0 -617.361027 -614.212844 -607.561977 -606.330042 -591.178582 -593.164253 -586.743116 -579.187010 -553.833993 -523.294699 -488.571441 -459.901786 -470.487343 -470.596502 -458.295032 -450.787320 -437.459858 -416.416041 -374.781182 -329.691678 -284.093175 -312.211461 -313.019050 -289.720803 -232.921125 -186.655199 -173.075809 -195.764115 -192.635906 -162.317103 -129.830404 -127.453400 -128.163971 -94.232030 -73.805885 -64.173841 -92.756252 -122.083548 -126.286246 -92.819428 -160.540292 -236.487641 -298.651289 -302.822734 -338.345093 -382.668256 -406.603069 -410.044534 -387.395017 -402.887248 -440.531520 -476.908946 -485.735354 -501.769248 -485.101120 -461.795254 -413.989631 -374.879070 -345.607334 -344.796256 -361.840929 -9999.0 -9999.0 -9999.0 -9999.0 -9999.0 -9999.0 -9999.0 -9999.0 -9999.0 -9999.0
-9999.0 -9999.0 -9999.0 -9999.0 -9999.0 -9999.0 -695.120709 -686.839823 -667.734826 -662.457059 -638.932604 -631.940337 -612.084641 -593.359449 -573.682699 -557.238523 -526.756434 -494.788270 -453.218350 -408.099233 -374.485998 -378.403344 -367.420761 -328.478755 -276.706462 -238.088502 -209.751522 -162.137339 -51.520364 18.999818 43.885816 57.405780 75.491111 113.575973 170.655377 207.192114 165.821066 147.086644 162.476225 200.172711 239.932147 245.181392 253.479100 262.179240 287.597543 276.214590 205.133833 181.069987 175.190250 165.230983 121.552476 67.281244 0.132337 -80.069647 -187.545704 -255.541249 -261.085041 -248.977345 -285.476536 -342.897380 -387.886832 -399.169101 -414.070979 -428.332886 -422.629870 -402.490916 -378.179309 -366.071304 -377.856059 -397.825664 -420.490111 -448.837342 -446.798382 -421.005799 -9999.0 -9999.0 -9999.0 -9999.0 -9999.0 -9999.0
-9999.0 -9999.0 -9999.0 -9999.0 -744.232756 -732.364201 -744.238044 -721.583220 -690.476489 -658.258299 -626.608999 -590.010954 -563.775166 -534.842964 -493.280382 -454.425552 -409.743355 -372.957816 -311.406387 -232.490859 -168.928017 -131.932062 -103.517373 -2.840363 80.431426 125.970679 141.284169 164.145514 210.906500 299.130061 323.537271 336.633739 349.164265 382.329497 425.919262 459.834522 440.504971 433.782757 435.997225 445.559157 472.784031 474.828952 476.604910 477.423265 479.814445 479.546084 454.766622 422.287403 409.049712 399.122785 382.767905 318.171509 246.097481 206.621239 180.263876 141.209990 83.170833 52.619845 -34.830825 -121.654287 -207.136035 -240.445423 -279.218041 -309.538315 -342.727272 -342.760997 -339.858801 -359.314553 -389.277105 -420.617258 -434.904025 -452.953181 -462.456451 -432.141628 -414.040457 -382.602018 -9999.0 -9999.0 -9999.0 -9999.0
-9999.0 -9999.0 -801.318206 -751.589845 -696.648496 -688.802410 -687.033820 -683.060111 -657.364452 -607.980042 -529.613690 -476.500199 -430.851293 -399.690529 -334.405008 -238.333644 -145.284026 -71.634836 23.194386 96.950431 149.790662 186.390900 234.201493 278.478830 329.028379 369.841114 397.504716 414.022978 450.562569 483.343274 506.643165 522.564146 528.936756 525.141827 526.600950 525.690767 521.886931 516.876002 498.840548 496.275132 503.890232 506.685426 510.194396 497.751820 494.027363 506.365035 508.101424 508.034026 509.638035 516.904828 527.655154 495.736635 442.801374 428.032285 422.832544 383.583786 323.395758 256.733316 224.084096 183.354554 115.814571 68.695023 -6.083752 -93.264887 -170.696821 -215.648766 -268.692972 -311.303091 -356.903524 -401.738790 -424.430685 -442.198095 -443.654390 -442.271682 -425.689730 -409.543517 -393.767152 -385.769285 -9999.0 -9999.0
-9999.0 -898.823356 -826.528083 -699.442914 -621.754618 -577.816391 -537.106328 -507.903777 -484.737634 -471.523092 -358.889926 -237.903785 -130.681857 -84.076187 4.097164 113.039339 223.957490 265.412028 301.907937 339.322847 394.984812 439.742325 469.704133 500.107878 527.363942 525.045057 524.066551 523.202538 516.930689 510.156824 500.341690 507.165378 505.314126 489.982877 477.301553 475.499128 470.005335 443.258008 414.337762 400.585640 404.446667 424.642931 414.908054 395.385252 391.998426 411.638688 427.998172 420.496933 409.804488 425.195322 461.337422 481.495069 496.810395 510.418418 531.721368 508.955907 476.648937 435.861496 409.215650 388.644545 316.799318 254.307417 198.953490 138.370384 79.129294 -11.156998 -112.306619 -190.065794 -263.684413 -305.243446 -337.213100 -390.022796 -413.222222 -410.965570 -419.721230 -421.713932 -414.643102 -407.996882 -9999.0 -9999.0
-9999.0 -968.369421 -825.230132 -640.062868 -494.508366 -431.809902 -302.903408 -212.055619 -179.831941 -203.359927 -49.525805 208.902680 290.001243 299.544208 363.014858 437.823167 477.640235 503.606651 521.441513 515.920967 513.724826 517.814920 515.337687 508.223034 494.466088 486.744088 485.791715 482.647132 463.465162 444.421239 427.509860 416.696554 406.060909 374.373916 346.530322 332.587810 315.264527 266.990830 223.183500 193.543537 180.089575 197.700857 188.869481 172.440194 169.104212 190.937856 224.010654 221.227592 231.445539 257.670265 301.457381 356.246978 378.721544 399.648335 441.548096 482.849541 501.370250 520.957138 525.346144 503.012440 462.134473 414.298563 381.503200 304.776292 233.729325 157.701399 103.291802 51.751084 -45.083792 -122.077914 -188.214338 -256.872712 -319.846298 -349.146391 -388.544287 -409.500897 -9999.0 -9999.0 -9999.0 -9999.0
-9999.0 -1031.080475 -839.436396 -573.436307 -316.003153 -161.981471 73.885601 204.264164 303.969283 323.603545 382.681373 483.371217 502.448890 490.858866 472.339005 472.135599 484.413405 487.659858 484.098865 474.339618 463.182219 452.687986 456.777650 449.414398 436.792331 421.726495 408.989174 394.545557 338.155361 303.507515 273.376716 253.772818 216.196811 137.200387 104.631777 77.578983 7.486506 -13.761801 -37.159300 -84.898400 -113.003666 -131.925190 -109.687326 -111.551029 -111.522749 -98.623307 -65.470484 -34.695047 27.607326 75.523686 113.442882 160.189206 194.121511 240.137385 290.825569 362.204118 392.729953 419.282166 457.761904 503.666079 526.396888 518.128726 489.067908 449.357990 384.736634 304.809521 259.667839 199.576459 138.393857 91.221004 50.285152 -26.249034 -137.138042 -255.380688 -299.523436 -9999.0 -9999.0 -9999.0 -9999.0 -9999.0
-9999.0 -1179.942876 -912.531461 -615.303406 -273.191685 77.738271 186.783403 378.664735 451.746365 382.613445 333.461422 373.904360 411.052973 415.438319 394.914922 388.510556 381.485601 381.546763 394.326675 367.607540 321.736063 304.775621 302.970801 288.763220 262.268506 240.950130 225.140707 203.483042 155.390210 115.163368 49.696018 8.727928 -100.196637 -188.887734 -242.787378 -295.077910 -352.761987 -356.096784 -341.110212 -359.195556 -382.108684 -401.343863 -375.648752 -360.514926 -349.793890 -359.362770 -349.970889 -313.896608 -261.891877 -214.032877 -153.772475 -76.307564 -1.938065 71.977548 103.917778 150.477550 194.416351 244.828831 319.115649 411.256167 445.530958 478.963338 514.844145 532.676231 489.442885 443.874698 399.138078 353.627619 261.621053 204.649542 174.094202 136.194036 85.478454 -9999.0 -9999.0 -9999.0 -9999.0 -9999.0 -9999.0 -9999.0
-9999.0 -1315.556379 -1080.654822 -829.114781 -528.187399 -285.315442 -72.278227 72.314130 176.363969 134.840682 133.271066 156.132017 181.840069 201.479858 181.075246 151.523323 130.736757 135.002185 135.796127 116.117188 91.423583 79.379964 77.545669 65.976994 25.903551 -0.942656 -20.650371 -58.394478 -115.592936 -186.043417 -278.229993 -350.017201 -415.009664 -451.926248 -482.603593 -516.007463 -555.403257 -544.513179 -529.373136 -534.184788 -546.973630 -551.891881 -522.291929 -504.251450 -494.420520 -508.251301 -490.321870 -463.721535 -422.135567 -380.658450 -332.645171 -277.632410 -221.352589 -184.038412 -160.943051 -117.879925 -48.893959 42.822914 125.762030 219.472004 295.729997 359.596603 408.712303 445.367427 463.608393 483.332576 477.331427 431.584548 346.699315 285.175081 248.468553 -9999.0 -9999.0 -9999.0 -9999.0 -9999.0 -9999.0 -9999.0 -9999.0 -9999.0
-9999.0 -9999.0 -1318.203990 -1124.580333 -959.945851 -774.640955 -629.417309 -526.413503 -454.328648 -365.610599 -276.557062 -200.315518 -155.223014 -135.661075 -158.631667 -206.136280 -235.548547 -235.575806 -245.197579 -261.168588 -288.158294 -299.396434 -309.679467 -318.836288 -335.082631 -344.100481 -350.194797 -362.152938 -385.932306 -433.810794 -487.913187 -540.133191 -594.410548 -618.902077 -640.488134 -663.072626 -666.871031 -667.989661 -660.821730 -659.688700 -654.773578 -643.393458 -622.675637 -601.751579 -592.670212 -586.315818 -574.106698 -550.960549 -518.389318 -478.403734 -427.097527 -372.277724 -334.843351 -323.312530 -332.875885 -326.105542 -301.440011 -250.407749 -143.900324 -6.065440 99.674125 167.534514 242.153115 298.170513 331.406675 359.105601 401.307658 400.756055 252.735609 302.841689 -9999.0 -9999.0 -9999.0 -9999.0 -9999.0 -9999.0 -9999.0 -9999.0 -9999.0 -9999.0
-9999.0 -9999.0 -9999.0 -9999.0 -1267.442234 -1109.850523 -1017.619995 -936.938792 -820.869326 -718.033463 -630.194154 -557.451200 -507.737202 -485.352230 -498.404450 -506.387727 -515.499586 -518.626616 -526.954229 -533.390127 -539.883225 -547.594877 -558.007153 -565.392714 -566.288623 -562.937587 -564.612403 -577.153445 -592.124873 -619.792461 -644.087035 -678.928143 -715.659108 -744.301786 -756.946788 -763.928838 -763.429291 -768.466322 -758.752199 -752.706734 -738.053208 -722.702391 -698.822349 -670.929901 -658.853337 -645.022181 -635.563748 -615.022251 -585.709821 -533.915614 -472.801886 -418.245131 -385.967444 -383.993457 -412.195748 -429.785749 -434.395158 -407.114810 -358.394934 -282.908397 -165.782680 -57.470274 47.551235 101.310082 134.354442 183.474172 255.529105 325.373631 -9999.0 -9999.0 -9999.0 -9999.0 -9999.0 -9999.0 -9999.0 -9999.0 -9999.0 -9999.0 -9999.0 -9999.0
-9999.0 -9999.0 -9999.0 -9999.0 -9999.0 -9999.0 -1326.158703 -1232.841928 -1144.159380 -1027.801677 -920.993322 -833.729006 -763.078431 -740.613398 -725.671996 -704.686032 -709.794595 -726.069734 -741.648543 -725.722960 -717.101239 -721.449641 -747.691881 -749.172558 -745.904940 -736.303691 -737.075186 -742.751512 -766.889848 -759.397324 -761.067778 -783.540343 -809.093289 -823.285778 -834.527776 -824.440782 -823.393873 -835.491563 -832.609724 -806.919542 -787.525007 -774.125318 -751.630781 -718.802153 -687.214072 -673.413566 -672.775199 -666.842280 -625.531640 -556.139449 -487.209514 -435.354811 -406.172984 -400.369467 -430.847358 -473.975246 -497.829232 -493.517968 -461.311292 -409.503096 -331.765430 -279.741226 -242.000225 -212.117989 -173.959026 -42.960894 -9999.0 -9999.0 -9999.0 -9999.0 -9999.0 -9999.0 -9999.0 -9999.0 -9999.0 -9999.0 -9999.0 -9999.0 -9999.0 -9999.0
-9999.0 -9999.0 -9999.0 -9999.0 -9999.0 -9999.0 -9999.0 -9999.0 -9999.0 -9999.0 -9999.0 -9999.0 -9999.0 -9999.0 -9999.0 -9999.0 -9999.0 -9999.0 -9999.0 -9999.0 -9999.0 -9999.0 -9999.0 -9999.0 -9999.0 -9999.0 -9999.0 -9999.0 -9999.0 -9999.0 -9999.0 -9999.0 -9999.0 -9999.0 -9999.0 -9999.0 -9999.0 -9999.0 -9999.0 -9999.0 -9999.0 -9999.0 -9999.0 -9999.0 -9999.0 -9999.0 -9999.0 -9999.0 -9999.0 -9999.0 -9999.0 -9999.0 -9999.0 -9999.0 -9999.0 -9999.0 -9999.0 -9999.0 -9999.0 -9999.0 -9999.0 -9999.0 -9999.0 -9999.0 -9999.0 -9999.0 -9999.0 -9999.0 -9999.0 -9999.0 -9999.0 -9999.0 -9999.0 -9999.0 -9999.0 -9999.0 -9999.0 -9999.0 -9999.0 -9999.0
-9999.0 -9999.0 -9999.0 -9999.0 -9999.0 -9999.0 -9999.0 -9999.0 -9999.0 -9999.0 -9999.0 -9999.0 -9999.0 -9999.0 -9999.0 -9999.0 -9999.0 -9999.0 -9999.0 -9999.0 -9999.0 -9999.0 -9999.0 -9999.0 -9999.0 -9999.0 -9999.0 -9999.0 -9999.0 -9999.0 -9999.0 -9999.0 -9999.0 -9999.0 -9999.0 -9999.0 -9999.0 -9999.0 -9999.0 -9999.0 -9999.0 -9999.0 -9999.0 -9999.0 -9999.0 -9999.0 -9999.0 -9999.0 -9999.0 -9999.0 -9999.0 -9999.0 -9999.0 -9999.0 -9999.0 -9999.0 -9999.0 -9999.0 -9999.0 -9999.0 -9999.0 -9999.0 -9999.0 -9999.0 -9999.0 -9999.0 -9999.0 -9999.0 -9999.0 -9999.0 -9999.0 -9999.0 -9999.0 -9999.0 -9999.0 -9999.0 -9999.0 -9999.0 -9999.0 -9999.0