Borden_/Borden1m_014/output_maps/psiliqL0019N0032.asc
ncols         80
nrows         18
xllcorner     620200.000000
yllcorner     5168000.000000
cellsize      1.000000
NODATA_value  -9999.0
-9999.0 -9999.0 -9999.0 -9999.0 -9999.0 -9999.0 -9999.0 -9999.0 -9999.0 -9999.0 -9999.0 -9999.0 -9999.0 -9999.0 -9999.0 -9999.0 -9999.0 -9999.0 -9999.0 -9999.0 -9999.0 -9999.0 -9999.0 -9999.0 -9999.0 -9999.0 -9999.0 -9999.0 -9999.0 -9999.0 -9999.0 -9999.0 -9999.0 -9999.0 -9999.0 -9999.0 -9999.0 -9999.0 -9999.0 -9999.0 -9999.0 -9999.0 -9999.0 -9999.0 -9999.0 -9999.0 -9999.0 -9999.0 -9999.0 -9999.0 -9999.0 -9999.0 -9999.0 -9999.0 -9999.0 -9999.0 -9999.0 -9999.0 -9999.0 -9999.0 -9999.0 -9999.0 -9999.0 -9999.0 -9999.0 -9999.0 -9999.0 -9999.0 -9999.0 -9999.0 -9999.0 -9999.0 -9999.0 -9999.0 -9999.0 -9999.0 -9999.0 -9999.0 -9999.0 -9999.0
-9999.0 -9999.0 -9999.0 -9999.0 -9999.0 -9999.0 -9999.0 -9999.0 -9999.0 -9999.0 -9999.0 -9999.0 -9999.0 -9999.0 -9999.0 -9999.0 -9999.0 -9999.0 -9999.0 -9999.0 -9999.0 -9999.0 -9999.0 -9999.0 -9999.0 -9999.0 -9999.0 -9999.0 -9999.0 -9999.0 -9999.0 -9999.0 -9999.0 -9999.0 -9999.0 -9999.0 -9999.0 -9999.0 -9999.0 -9999.0 -9999.0 -9999.0 -9999.0 -9999.0 -9999.0 -9999.0 -9999.0 -9999.0 -9999.0 -9999.0 -9999.0 -9999.0 -9999.0 -9999.0 -9999.0 -9999.0 -9999.0 -9999.0 -9999.0 -9999.0 -9999.0 -9999.0 -9999.0 -9999.0 -9999.0 -9999.0 -9999.0 -9999.0 -9999.0 -9999.0 -9999.0 -9999.0 -9999.0 -9999.0 -9999.0 -9999.0 -9999.0 -9999.0 -9999.0 -9999.0
-9999.0 -9999.0 -9999.0 -9999.0 -9999.0 -9999.0 -9999.0 -9999.0 -9999.0 -9999.0 -9999.0 -9999.0 -9999.0 -9999.0 -9999.0 -9999.0 -9999.0 -9999.0 -9999.0 -9999.0 1955.069733 1957.692550 1937.002816 1904.694526 1878.404189 1882.392985 1918.309604 1961.383658 2002.184144 2013.223231 1996.891714 2001.759415 1998.799053 1997.421963 2000.100022 2008.485261 2015.013295 2026.708500 2035.889326 2036.267943 2031.236385 2027.475771 2029.520668 2032.139303 2037.455011 2024.057943 2037.335889 2050.930636 2053.574698 2046.839959 2018.512175 2001.774631 1990.381496 1972.048871 1994.726666 2003.977322 2024.344547 2026.336783 2022.575600 1994.302714 1963.363476 -9999.0 -9999.0 -9999.0 -9999.0 -9999.0 -9999.0 -9999.0 -9999.0 -9999.0 -9999.0 -9999.0 -9999.0 -9999.0 -9999.0 -9999.0 -9999.0 -9999.0 -9999.0 -9999.0
-9999.0 -9999.0 -9999.0 -9999.0 -9999.0 -9999.0 -9999.0 -9999.0 -9999.0 -9999.0 -9999.0 -9999.0 -9999.0 -9999.0 1860.536825 1852.409278 1851.211928 1860.895171 1895.613524 1927.034114 1939.171872 1932.923814 1934.418912 1912.127232 1892.541010 1908.050718 1939.855697 1973.162358 2009.429891 2030.684517 2021.680132 2021.230685 2031.360622 2055.640829 2067.504058 2065.456320 2047.756674 2072.987108 2089.212148 2097.716364 2098.357708 2090.800327 2102.588920 2117.602649 2110.134341 2092.783781 2098.947863 2110.113372 2119.229569 2105.217308 2041.066193 2022.035370 2015.226873 2006.799965 1990.476282 1982.722135 2006.891986 2004.206316 1994.155558 1974.686120 1940.378647 1895.007004 1874.768974 1912.370042 1954.268743 2009.496014 -9999.0 -9999.0 -9999.0 -9999.0 -9999.0 -9999.0 -9999.0 -9999.0 -9999.0 -9999.0 -9999.0 -9999.0 -9999.0 -9999.0
-9999.0 -9999.0 -9999.0 -9999.0 -9999.0 -9999.0 -9999.0 -9999.0 -9999.0 1798.146478 1804.335855 1813.108676 1817.375368 1834.551749 1832.921744 1841.635661 1849.397769 1878.520032 1910.801884 1946.936046 1976.403083 1969.330754 1970.963214 1980.382426 1982.166119 1994.719991 2018.385400 2060.198962 2098.509578 2139.400105 2111.199803 2109.908162 2129.930307 2175.545556 2204.920516 2210.361942 2193.117192 2206.589054 2232.642483 2253.938645 2254.266177 2251.972697 2277.444392 2291.790819 2289.181421 2267.485738 2258.623137 2259.847215 2284.184740 2230.834247 2162.486575 2114.669557 2120.755496 2092.018394 2056.626612 2037.289367 2033.271548 2051.136602 2034.836470 1996.388578 1959.274563 1945.887559 1926.429132 1942.765152 1963.044748 2006.898361 2043.975425 2070.595371 2067.951941 2049.113968 -9999.0 -9999.0 -9999.0 -9999.0 -9999.0 -9999.0 -9999.0 -9999.0 -9999.0 -9999.0
-9999.0 -9999.0 -9999.0 -9999.0 -9999.0 -9999.0 1716.779938 1727.916307 1749.993564 1755.248310 1782.844669 1791.390004 1813.608043 1834.370190 1858.239058 1875.612757 1906.095861 1940.216962 1981.258186 2024.456948 2057.473886 2052.142870 2063.337306 2091.077105 2127.049257 2154.200924 2180.905560 2222.660143 2299.615889 2341.809487 2345.391020 2350.476723 2360.937117 2411.018785 2475.122363 2487.792561 2468.272164 2455.692942 2478.900756 2517.455501 2522.201818 2524.448241 2538.441246 2548.913317 2574.380278 2562.690388 2521.356373 2508.540576 2508.438337 2487.342157 2420.975622 2357.773253 2327.240437 2275.563117 2191.108220 2138.873483 2149.554051 2168.619006 2139.521044 2084.681767 2043.804195 2032.101099 2015.474617 2001.630546 2007.304165 2024.702450 2044.316131 2053.315982 2037.860365 2014.484499 1990.211514 1960.098607 1960.983984 1985.246924 -9999.0 -9999.0 -9999.0 -9999.0 -9999.0 -9999.0
-9999.0 -9999.0 -9999.0 -9999.0 1664.898191 1679.008394 1667.344875 1694.790497 1729.364682 1765.603137 1798.185586 1835.808529 1864.459438 1896.352403 1936.702631 1969.062298 2010.020630 2046.079865 2100.769172 2169.110820 2220.560244 2243.132266 2258.598715 2316.435846 2377.813289 2430.313680 2452.896372 2482.320731 2530.029882 2591.217648 2618.560624 2625.152520 2643.226344 2681.976740 2732.935835 2768.922999 2752.683475 2745.182486 2753.851734 2767.991772 2792.757256 2795.203189 2797.834208 2801.147530 2806.328401 2803.748916 2776.688890 2741.251915 2723.898588 2712.487739 2677.991157 2606.034021 2567.627771 2535.208699 2495.049902 2439.868163 2379.949639 2368.151034 2309.352846 2249.663760 2188.916215 2168.875511 2138.514328 2112.868283 2084.428139 2085.676752 2087.566918 2064.677290 2029.313891 1994.841163 1978.116943 1957.905771 1945.290999 1974.545256 1991.156667 2020.410701 -9999.0 -9999.0 -9999.0 -9999.0
-9999.0 -9999.0 1603.270806 1651.564983 1710.131931 1719.842710 1719.841763 1727.267092 1757.963984 1812.206570 1885.860162 1934.089583 1974.540712 2010.769968 2071.002223 2146.406866 2216.725374 2265.670375 2328.847772 2401.670217 2465.471315 2498.398278 2515.252752 2557.233532 2613.595280 2679.827031 2708.814841 2737.054654 2772.769106 2809.577579 2814.649901 2827.915841 2837.859595 2844.380147 2853.371105 2856.998541 2851.931514 2846.358082 2827.648188 2823.670824 2831.257815 2838.620166 2839.493193 2825.735296 2821.585187 2835.148786 2839.216722 2836.895943 2834.453655 2840.366964 2840.393031 2797.175265 2766.452064 2749.277134 2734.325033 2687.237491 2619.888092 2579.659754 2555.334002 2508.428159 2429.288219 2379.664804 2329.656053 2282.659811 2230.521109 2201.240626 2154.452323 2110.428200 2061.899717 2013.733677 1988.763894 1970.049263 1966.665293 1965.270825 1980.705490 1995.001186 2009.607814 2016.992365 -9999.0 -9999.0
-9999.0 1496.827298 1569.240294 1694.815503 1775.864077 1820.049523 1845.854581 1864.689443 1896.036798 1928.785237 2029.778769 2106.869730 2197.960983 2239.253671 2289.759952 2387.738718 2485.111801 2535.236791 2577.161566 2638.829103 2703.369675 2755.314505 2785.689791 2786.614594 2824.098655 2844.587974 2850.246153 2855.617277 2854.221749 2846.708113 2838.911417 2844.803358 2840.253764 2820.113101 2802.904046 2799.021891 2792.812916 2767.237185 2736.254020 2720.327933 2722.044507 2747.542253 2733.644351 2712.513483 2708.637043 2730.467247 2752.537079 2743.618404 2730.908528 2750.687773 2786.626806 2810.884836 2818.382981 2836.007079 2856.664524 2829.364780 2802.864336 2758.830764 2736.191835 2705.539948 2644.936166 2583.506600 2527.099096 2464.600052 2398.033238 2331.717928 2267.832366 2204.415285 2137.621266 2095.435030 2064.020373 2014.834046 1995.292764 1997.128334 1988.054600 1984.247823 1989.123147 1994.910203 -9999.0 -9999.0
-9999.0 1410.136731 1551.674336 1734.661636 1883.041150 1937.647103 2026.972288 2101.015324 2128.173346 2094.282425 2203.137926 2424.579384 2540.348718 2562.573278 2639.217955 2735.607258 2744.286411 2779.147427 2803.922603 2821.739700 2836.315239 2849.658803 2849.649762 2845.542231 2831.033494 2823.215905 2821.360931 2817.750254 2798.967357 2778.351560 2759.359304 2753.464761 2730.920711 2682.467757 2647.272157 2627.883047 2608.767051 2589.724933 2558.574284 2530.888803 2513.453772 2527.014825 2523.137136 2506.643496 2502.911508 2525.186868 2556.742769 2554.900875 2566.907937 2589.172610 2629.389033 2670.700382 2694.719905 2726.729967 2766.416097 2813.607967 2827.593841 2849.899691 2853.351850 2836.590638 2789.509681 2732.597496 2695.776507 2630.235789 2556.000850 2474.622251 2407.557100 2343.016193 2272.062146 2226.256743 2180.349993 2123.994288 2073.539207 2055.081242 2016.273315 1997.503963 -9999.0 -9999.0 -9999.0 -9999.0
-9999.0 1322.016783 1507.013640 1758.573966 2043.521180 2141.810599 2348.404074 2476.930458 2532.267311 2605.000179 2549.806009 2725.754019 2775.141236 2774.708119 2783.124890 2789.944219 2807.501665 2811.435892 2808.776141 2799.405432 2790.906078 2787.281015 2786.400112 2778.889994 2766.163556 2750.229319 2733.878954 2719.216672 2679.236312 2643.918291 2604.200510 2587.774763 2545.039233 2449.904730 2406.421180 2367.417337 2307.516402 2303.067069 2300.883617 2272.653017 2253.068002 2228.736873 2253.571346 2261.470649 2265.023706 2265.286295 2280.050340 2307.711175 2355.358172 2393.178877 2438.046288 2491.533299 2528.992642 2573.678215 2619.365375 2676.338793 2711.475605 2744.166010 2795.406751 2834.830450 2858.016227 2844.138611 2816.702264 2765.221830 2688.038626 2618.409461 2564.685169 2486.929968 2421.003757 2368.233301 2322.209366 2272.600091 2209.990288 2140.423892 2100.652281 -9999.0 -9999.0 -9999.0 -9999.0 -9999.0
-9999.0 1125.406330 1391.746719 1671.540330 1971.292821 2306.941556 2459.510105 2579.202510 2652.615701 2630.263208 2647.502574 2666.622267 2712.671396 2724.085287 2705.164161 2696.010145 2683.633936 2684.175528 2697.609724 2671.168549 2641.439018 2627.816070 2627.379978 2615.435721 2591.199808 2573.954973 2562.135791 2540.004128 2489.888659 2436.696062 2351.864977 2317.655789 2238.426400 2188.077741 2145.272657 2095.174203 2045.110091 2045.227143 2064.458681 2051.274512 2029.357520 2011.206870 2038.895346 2058.606146 2071.764364 2059.137927 2068.094935 2104.231692 2154.099703 2198.887982 2248.883331 2304.258918 2351.029489 2398.279546 2429.273706 2478.650165 2529.112867 2577.172942 2651.665867 2732.650991 2772.999901 2808.188705 2837.612605 2850.509162 2793.354969 2739.656816 2680.866806 2613.360855 2534.370985 2485.000900 2457.482726 2416.042969 2362.007782 -9999.0 -9999.0 -9999.0 -9999.0 -9999.0 -9999.0 -9999.0
-9999.0 1004.598607 1213.581791 1428.638195 1700.255964 1936.659215 2144.377791 2249.080140 2329.246802 2382.330650 2427.872317 2466.561660 2499.153902 2524.265432 2505.396699 2464.109575 2434.935978 2439.731842 2433.810252 2410.796032 2381.560253 2366.774615 2363.482911 2356.580923 2332.570949 2318.544668 2307.696846 2284.227504 2252.428670 2196.248208 2118.095583 2043.524245 1984.185650 1955.775467 1927.480467 1895.859394 1862.745530 1873.090677 1884.785610 1882.319344 1873.081886 1871.158573 1900.193390 1919.549859 1929.781218 1919.042677 1938.647992 1965.034779 2006.353123 2050.204487 2099.821298 2155.144313 2209.266991 2237.982528 2250.644450 2274.130172 2312.710172 2366.107481 2451.716031 2547.536935 2627.096454 2676.137066 2726.932495 2760.654601 2771.531426 2774.044265 2744.024556 2662.284340 2561.660122 2540.418042 2536.757654 -9999.0 -9999.0 -9999.0 -9999.0 -9999.0 -9999.0 -9999.0 -9999.0 -9999.0
-9999.0 -9999.0 983.297377 1151.486867 1274.631993 1448.444339 1596.611211 1706.979851 1802.183784 1927.920706 2041.103163 2130.419072 2176.757261 2195.276351 2182.842880 2153.003953 2133.798289 2133.795861 2123.000528 2113.476159 2094.976368 2087.302523 2074.972736 2066.352929 2057.670254 2052.941250 2047.607368 2036.355832 2014.963111 1968.753256 1922.950293 1872.978886 1821.006630 1795.848689 1774.320524 1753.576364 1753.438781 1748.636951 1753.751145 1755.506137 1763.167844 1776.222961 1796.082592 1818.482507 1828.502458 1838.224593 1850.805146 1874.648307 1907.760996 1950.538793 2005.162841 2063.944468 2104.681043 2117.950695 2108.275588 2112.738619 2131.640921 2172.691055 2250.596344 2332.740851 2428.596569 2499.650272 2570.493419 2620.695361 2634.125444 2645.870115 2655.384477 2605.640983 2485.615939 2496.078622 -9999.0 -9999.0 -9999.0 -9999.0 -9999.0 -9999.0 -9999.0 -9999.0 -9999.0 -9999.0
-9999.0 -9999.0 -9999.0 -9999.0 1011.585060 1163.937430 1261.635893 1344.270388 1475.542239 1599.969481 1702.897524 1788.245219 1853.208158 1880.645329 1878.986646 1888.549538 1885.461898 1878.491685 1868.338064 1868.884092 1869.273610 1861.872544 1846.558005 1839.182126 1840.545732 1845.811945 1842.871661 1828.824379 1810.273224 1789.573849 1770.811712 1737.029980 1701.758550 1672.630485 1659.402494 1654.142536 1653.706059 1646.247771 1654.643732 1662.339263 1677.692409 1692.846031 1716.511866 1745.743518 1759.964904 1775.008055 1784.832592 1805.313054 1836.034206 1889.843134 1953.907428 2012.630298 2049.778756 2055.045631 2031.400697 2016.338264 2012.563283 2040.144275 2083.725571 2148.790560 2249.123334 2321.176361 2375.130376 2416.622047 2446.198688 2488.185310 2533.277290 2565.320075 -9999.0 -9999.0 -9999.0 -9999.0 -9999.0 -9999.0 -9999.0 -9999.0 -9999.0 -9999.0 -9999.0 -9999.0
-9999.0 -9999.0 -9999.0 -9999.0 -9999.0 -9999.0 976.955864 1080.060122 1156.863999 1299.995596 1435.251977 1538.903318 1620.691685 1654.305016 1683.455698 1711.686523 1710.810062 1692.008452 1672.124867 1691.568069 1706.713059 1700.473663 1669.658415 1669.573467 1674.728895 1682.493240 1679.794774 1673.102240 1647.731867 1660.251807 1661.563485 1638.138185 1612.039895 1598.276130 1586.269600 1595.727674 1595.714227 1581.707655 1581.662567 1608.685872 1629.118347 1642.144271 1663.716052 1696.964555 1729.492895 1745.080570 1746.655156 1752.797709 1792.399979 1862.858868 1935.292819 1991.703202 2025.224190 2034.169068 2008.141263 1968.849897 1949.189440 1956.623960 1991.261570 2042.904551 2117.521748 2165.001285 2187.528979 2196.940743 2211.394964 2300.808987 -9999.0 -9999.0 -9999.0 -9999.0 -9999.0 -9999.0 -9999.0 -9999.0 -9999.0 -9999.0 -9999.0 -9999.0 -9999.0 -9999.0
-9999.0 -9999.0 -9999.0 -9999.0 -9999.0 -9999.0 -9999.0 -9999.0 -9999.0 -9999.0 -9999.0 -9999.0 -9999.0 -9999.0 -9999.0 -9999.0 -9999.0 -9999.0 -9999.0 -9999.0 -9999.0 -9999.0 -9999.0 -9999.0 -9999.0 -9999.0 -9999.0 -9999.0 -9999.0 -9999.0 -9999.0 -9999.0 -9999.0 -9999.0 -9999.0 -9999.0 -9999.0 -9999.0 -9999.0 -9999.0 -9999.0 -9999.0 -9999.0 -9999.0 -9999.0 -9999.0 -9999.0 -9999.0 -9999.0 -9999.0 -9999.0 -9999.0 -9999.0 -9999.0 -9999.0 -9999.0 -9999.0 -9999.0 -9999.0 -9999.0 -9999.0 -9999.0 -9999.0 -9999.0 -9999.0 -9999.0 -9999.0 -9999.0 -9999.0 -9999.0 -9999.0 -9999.0 -9999.0 -9999.0 -9999.0 -9999.0 -9999.0 -9999.0 -9999.0 -9999.0
-9999.0 -9999.0 -9999.0 -9999.0 -9999.0 -9999.0 -9999.0 -9999.0 -9999.0 -9999.0 -9999.0 -9999.0 -9999.0 -9999.0 -9999.0 -9999.0 -9999.0 -9999.0 -9999.0 -9999.0 -9999.0 -9999.0 -9999.0 -9999.0 -9999.0 -9999.0 -9999.0 -9999.0 -9999.0 -9999.0 -9999.0 -9999.0 -9999.0 -9999.0 -9999.0 -9999.0 -9999.0 -9999.0 -9999.0 -9999.0 -9999.0 -9999.0 -9999.0 -9999.0 -9999.0 -9999.0 -9999.0 -9999.0 -9999.0 -9999.0 -9999.0 -9999.0 -9999.0 -9999.0 -9999.0 -9999.0 -9999.0 -9999.0 -9999.0 -9999.0 -9999.0 -9999.0 -9999.0 -9999.0 -9999.0 -9999.0 -9999.0 -9999.0 -9999.0 -9999.0 -9999.0 -9999.0 -9999.0 -9999.0 -9999.0 -9999.0 -9999.0 -9999.0 -9999.0 -9999.0