Borden_/Borden1m_014/output_maps/psiliqL0009N0020.asc
ncols         80
nrows         18
xllcorner     620200.000000
yllcorner     5168000.000000
cellsize      1.000000
NODATA_value  -9999.0
-9999.0 -9999.0 -9999.0 -9999.0 -9999.0 -9999.0 -9999.0 -9999.0 -9999.0 -9999.0 -9999.0 -9999.0 -9999.0 -9999.0 -9999.0 -9999.0 -9999.0 -9999.0 -9999.0 -9999.0 -9999.0 -9999.0 -9999.0 -9999.0 -9999.0 -9999.0 -9999.0 -9999.0 -9999.0 -9999.0 -9999.0 -9999.0 -9999.0 -9999.0 -9999.0 -9999.0 -9999.0 -9999.0 -9999.0 -9999.0 -9999.0 -9999.0 -9999.0 -9999.0 -9999.0 -9999.0 -9999.0 -9999.0 -9999.0 -9999.0 -9999.0 -9999.0 -9999.0 -9999.0 -9999.0 -9999.0 -9999.0 -9999.0 -9999.0 -9999.0 -9999.0 -9999.0 -9999.0 -9999.0 -9999.0 -9999.0 -9999.0 -9999.0 -9999.0 -9999.0 -9999.0 -9999.0 -9999.0 -9999.0 -9999.0 -9999.0 -9999.0 -9999.0 -9999.0 -9999.0
-9999.0 -9999.0 -9999.0 -9999.0 -9999.0 -9999.0 -9999.0 -9999.0 -9999.0 -9999.0 -9999.0 -9999.0 -9999.0 -9999.0 -9999.0 -9999.0 -9999.0 -9999.0 -9999.0 -9999.0 -9999.0 -9999.0 -9999.0 -9999.0 -9999.0 -9999.0 -9999.0 -9999.0 -9999.0 -9999.0 -9999.0 -9999.0 -9999.0 -9999.0 -9999.0 -9999.0 -9999.0 -9999.0 -9999.0 -9999.0 -9999.0 -9999.0 -9999.0 -9999.0 -9999.0 -9999.0 -9999.0 -9999.0 -9999.0 -9999.0 -9999.0 -9999.0 -9999.0 -9999.0 -9999.0 -9999.0 -9999.0 -9999.0 -9999.0 -9999.0 -9999.0 -9999.0 -9999.0 -9999.0 -9999.0 -9999.0 -9999.0 -9999.0 -9999.0 -9999.0 -9999.0 -9999.0 -9999.0 -9999.0 -9999.0 -9999.0 -9999.0 -9999.0 -9999.0 -9999.0
-9999.0 -9999.0 -9999.0 -9999.0 -9999.0 -9999.0 -9999.0 -9999.0 -9999.0 -9999.0 -9999.0 -9999.0 -9999.0 -9999.0 -9999.0 -9999.0 -9999.0 -9999.0 -9999.0 -9999.0 -66.607491 -63.597156 -86.141748 -120.087076 -148.429544 -146.268238 -110.884211 -69.376266 -31.123591 -20.284576 -37.831584 -35.799940 -40.334426 -40.211172 -36.941192 -30.624591 -27.599023 -16.060861 -7.469730 -7.594441 -13.617519 -19.110798 -19.914354 -16.343971 -11.329041 -20.720017 -7.363915 7.852765 13.900672 8.315741 -19.531040 -35.887588 -44.762850 -59.908276 -35.924757 -23.843015 -1.187917 2.860569 1.327865 -25.870211 -56.031353 -9999.0 -9999.0 -9999.0 -9999.0 -9999.0 -9999.0 -9999.0 -9999.0 -9999.0 -9999.0 -9999.0 -9999.0 -9999.0 -9999.0 -9999.0 -9999.0 -9999.0 -9999.0 -9999.0
-9999.0 -9999.0 -9999.0 -9999.0 -9999.0 -9999.0 -9999.0 -9999.0 -9999.0 -9999.0 -9999.0 -9999.0 -9999.0 -9999.0 -157.758429 -167.844805 -170.794827 -162.139324 -128.062341 -97.764196 -85.096651 -92.550644 -92.433822 -115.816681 -135.857009 -121.317190 -91.395861 -59.464848 -24.524151 -3.086592 -14.745933 -16.584618 -5.193884 23.088953 38.329025 36.080327 14.985778 37.982704 54.665004 64.627473 64.195311 55.921203 71.067108 87.981964 81.262291 62.793278 65.674342 77.197255 91.312359 75.108443 8.690233 -13.507037 -18.205196 -25.949667 -40.112126 -47.127701 -22.724800 -22.241285 -30.808070 -48.980126 -81.446962 -125.747337 -143.887699 -105.286121 -60.893456 -3.074915 -9999.0 -9999.0 -9999.0 -9999.0 -9999.0 -9999.0 -9999.0 -9999.0 -9999.0 -9999.0 -9999.0 -9999.0 -9999.0 -9999.0
-9999.0 -9999.0 -9999.0 -9999.0 -9999.0 -9999.0 -9999.0 -9999.0 -9999.0 -214.846062 -211.153133 -204.094797 -202.285875 -186.659371 -188.449028 -181.426874 -173.487577 -146.927838 -115.341678 -79.734100 -50.544605 -59.976037 -59.035054 -46.154528 -38.456054 -24.644000 -2.703775 39.568018 85.021044 131.155655 105.357622 105.665031 128.671363 181.145235 221.010986 232.059382 211.727598 216.182547 243.165931 270.330498 272.490431 272.067843 300.259663 316.836238 322.770438 299.189029 276.964726 274.062397 301.191537 244.317086 175.115118 117.408389 112.902359 76.418265 32.291229 8.540959 4.450190 25.141110 8.590400 -29.816279 -66.845450 -77.012918 -94.097632 -77.915070 -55.476285 -8.719814 29.839440 58.457587 58.580992 41.205493 -9999.0 -9999.0 -9999.0 -9999.0 -9999.0 -9999.0 -9999.0 -9999.0 -9999.0 -9999.0
-9999.0 -9999.0 -9999.0 -9999.0 -9999.0 -9999.0 -293.300882 -284.502997 -264.839885 -259.507948 -235.189613 -227.756191 -207.271335 -187.827031 -166.864847 -149.489745 -118.017485 -84.498148 -41.698267 3.901521 37.894871 35.023197 47.779745 86.971556 136.753295 172.292037 199.173486 243.356556 336.152874 398.946925 421.450723 433.654801 450.747411 494.531136 554.225103 578.072127 548.981876 531.249409 547.587556 583.807983 605.463164 609.910848 618.825257 627.861103 653.128692 641.946962 588.449612 568.232120 562.891906 552.076095 502.276050 441.302063 381.795899 311.807636 218.338106 156.359621 154.402870 166.145856 129.194024 70.630202 25.364811 12.974153 -3.285199 -18.520931 -13.828455 5.034709 27.960555 39.145630 26.518109 5.840973 -17.165461 -45.928153 -44.295271 -18.960308 -9999.0 -9999.0 -9999.0 -9999.0 -9999.0 -9999.0
-9999.0 -9999.0 -9999.0 -9999.0 -342.994172 -330.648964 -342.529104 -318.852838 -286.902570 -253.743864 -221.442111 -183.934494 -156.426698 -125.860953 -82.915390 -43.570359 2.003532 40.841740 102.913058 178.927428 236.597037 268.408588 293.287106 376.874263 456.505946 508.861346 526.458196 551.300858 596.009756 671.137289 703.372897 709.946842 728.775822 760.545494 803.055980 836.322546 817.310013 808.048011 809.925324 822.622363 849.551334 851.937500 853.852943 855.236243 858.067592 857.118106 832.224165 799.059349 782.504783 776.297208 753.968031 690.395716 632.082795 594.837437 566.722481 523.798502 460.684682 430.956846 351.402396 278.008098 203.506733 173.694761 135.349519 103.563977 69.384625 67.789875 69.126728 48.241476 16.792744 -15.456409 -30.532875 -49.275915 -59.638403 -29.877263 -12.266718 18.614205 -9999.0 -9999.0 -9999.0 -9999.0
-9999.0 -9999.0 -401.096290 -351.303096 -295.342624 -286.814044 -284.857296 -279.830471 -252.853418 -201.909280 -122.465001 -68.193178 -21.853898 12.265126 78.552914 170.314716 254.239379 316.624824 399.369721 476.365298 534.646849 570.458223 602.327612 645.475936 698.159689 754.856514 776.182239 800.638095 831.078168 864.644632 886.233714 901.760470 908.841507 907.420245 909.547458 909.185603 904.646873 897.635364 878.590710 875.772845 883.794330 887.613707 890.132099 878.041385 874.207157 886.255565 888.392606 888.606641 889.045986 897.744304 906.209033 873.074235 822.895839 804.974325 795.690554 757.772384 698.788732 643.849386 613.834124 572.147934 500.616382 448.023172 378.043765 305.380807 239.278498 197.442524 144.245195 99.580509 51.948786 5.509224 -18.427235 -37.138614 -39.697575 -39.412909 -23.512952 -7.987066 7.375206 15.167356 -9999.0 -9999.0
-9999.0 -500.366737 -427.851867 -300.182675 -221.149458 -175.746535 -135.332854 -106.237847 -80.478439 -62.445090 50.121548 162.164775 259.904929 302.332289 377.411611 486.748091 586.199645 630.622110 667.989129 719.316090 771.313473 818.340510 848.084648 874.465042 903.873142 907.450539 906.798628 907.396215 901.716347 894.789903 885.118196 892.281624 889.796274 873.590368 859.879592 857.173950 849.994108 821.710296 789.049847 775.442552 780.723639 801.745322 788.584146 771.830047 768.321666 785.114420 803.513053 798.223691 786.213835 806.560628 840.988430 863.983947 878.264498 892.575608 912.715463 890.138363 858.700086 815.679434 797.287408 768.952098 706.907482 645.231179 589.175773 527.324868 461.749074 375.239517 290.650861 220.473458 147.670562 103.684117 69.965212 16.336286 -7.873871 -7.234578 -16.887541 -19.714678 -13.364044 -6.998035 -9999.0 -9999.0
-9999.0 -572.951997 -429.673792 -243.430121 -95.205653 -30.429228 92.948523 180.085986 211.309830 190.102045 318.861065 558.261551 644.201830 661.035361 730.123171 810.496050 846.175487 875.100963 894.707653 895.295254 895.911204 902.025260 899.326357 892.417166 878.476978 871.162861 869.918136 866.601399 847.846995 828.231396 809.065903 805.760349 788.102975 752.485664 723.532775 707.741241 688.433419 651.575510 609.941538 581.099997 567.794632 585.180863 576.353660 560.230140 556.768020 578.249333 611.172197 609.486615 620.870458 648.350657 690.933417 736.019493 759.136710 787.182171 822.375983 866.192508 884.270009 904.511307 910.169942 887.430897 843.308326 794.589508 762.379080 695.968794 625.538103 548.055302 487.887444 428.468489 338.712127 274.567874 216.383401 150.283996 86.596066 55.466901 14.473077 -7.001677 -9999.0 -9999.0 -9999.0 -9999.0
-9999.0 -640.050395 -449.012355 -183.073129 81.556283 222.167352 446.563374 578.851977 653.587321 698.537956 729.719098 843.479460 868.284555 860.634431 848.128274 850.420671 864.637958 868.866479 865.977342 857.493328 849.167976 843.045165 839.209525 829.212954 816.651215 802.543316 789.284154 775.000172 730.034407 696.445970 663.107951 643.980996 605.098432 522.058149 485.047476 452.812293 384.921596 365.134558 344.895324 305.479938 281.847389 264.068022 283.830843 284.259069 285.285029 294.611388 320.913809 349.995629 408.616476 456.074546 499.307755 549.166518 584.628496 631.747203 680.844065 741.846584 771.956655 802.398679 850.014121 889.073013 910.833723 902.190184 873.299434 829.884728 765.428943 696.308249 651.923843 588.667508 524.762386 472.572160 424.916792 351.973345 259.492235 149.743446 103.547561 -9999.0 -9999.0 -9999.0 -9999.0 -9999.0
-9999.0 -796.997853 -529.534098 -232.364295 103.852839 443.752091 562.919319 725.359174 799.037630 740.469505 716.993093 744.724468 780.013760 788.814102 770.309623 764.809558 757.439287 758.259657 771.781462 747.715839 716.660690 698.857370 694.770298 679.005708 651.196421 629.809587 614.079878 592.615771 545.105531 500.297355 425.479770 386.435070 291.103363 217.326581 168.204410 117.107489 60.431275 55.627333 69.312092 50.974094 27.631452 8.501551 34.198975 49.982011 61.202731 51.885964 62.242296 99.615995 152.622572 200.027888 255.184420 320.756788 385.101606 453.400275 489.087925 538.729684 584.640363 636.536372 712.936845 793.704738 827.100598 863.271399 899.144771 915.894349 870.455219 823.339222 779.317892 731.085764 648.119953 597.411549 566.463211 521.786230 464.486961 -9999.0 -9999.0 -9999.0 -9999.0 -9999.0 -9999.0 -9999.0
-9999.0 -930.153140 -699.827111 -453.470251 -152.400064 91.361525 287.776094 425.009262 513.254671 505.314741 515.680612 541.249986 568.052465 588.669015 568.554039 537.044164 514.312941 519.199945 519.323494 498.425238 472.415884 458.064619 454.745849 442.016702 404.460416 378.933684 359.793468 326.807903 280.927309 219.642362 134.012706 61.007631 -4.933800 -41.970383 -73.064879 -107.290896 -147.153115 -137.079489 -122.901739 -127.788944 -140.324748 -144.841035 -115.164455 -96.730442 -86.689009 -99.653656 -80.979700 -53.663556 -11.282223 31.412503 80.603547 136.980420 193.817922 229.823527 250.194629 286.072148 342.597839 423.156973 513.630965 609.381425 686.275267 741.318193 791.963877 827.689679 845.309331 865.622950 852.881531 792.767206 692.118238 671.290582 647.648069 -9999.0 -9999.0 -9999.0 -9999.0 -9999.0 -9999.0 -9999.0 -9999.0 -9999.0
-9999.0 -9999.0 -936.286765 -747.329299 -589.720768 -404.236431 -252.161589 -141.382548 -63.601217 28.541807 119.998702 195.114414 237.046486 254.515724 236.300877 196.105795 170.730549 171.022405 161.998825 148.431381 124.179824 113.774526 102.795686 92.922835 76.943640 67.341890 60.039192 46.798389 22.214957 -26.005317 -79.413026 -132.864470 -188.452769 -214.018498 -236.166803 -258.930290 -262.534055 -264.448338 -257.674991 -256.503539 -251.163523 -239.478355 -218.784205 -197.468332 -188.100672 -181.045421 -168.496153 -144.740096 -111.381697 -70.179042 -17.787676 38.190977 77.022881 89.976144 81.652281 89.494773 115.452033 167.156129 264.214021 378.472338 485.269923 557.769535 633.936439 690.471388 716.530331 739.790675 772.130860 739.826088 481.267901 649.227005 -9999.0 -9999.0 -9999.0 -9999.0 -9999.0 -9999.0 -9999.0 -9999.0 -9999.0 -9999.0
-9999.0 -9999.0 -9999.0 -9999.0 -890.454868 -734.178490 -641.171399 -559.868595 -438.857972 -328.160620 -236.155076 -159.677235 -106.334489 -82.804399 -93.630021 -98.625987 -106.692536 -110.549508 -119.360118 -124.881198 -130.679176 -138.999040 -150.992973 -159.071433 -160.210067 -157.020719 -159.398630 -172.816846 -189.053007 -216.170438 -240.101556 -275.389972 -312.601948 -341.939568 -355.002135 -361.855478 -361.532256 -367.015064 -357.372646 -350.930017 -335.969007 -320.465307 -296.405424 -268.116292 -255.582669 -241.470349 -231.840880 -211.112266 -181.198327 -128.431031 -66.279119 -10.754441 22.625112 25.658458 -0.965743 -17.132776 -20.192458 8.912063 58.961435 135.524967 247.375500 339.528984 430.346125 487.404729 523.497439 573.620238 643.792576 699.481324 -9999.0 -9999.0 -9999.0 -9999.0 -9999.0 -9999.0 -9999.0 -9999.0 -9999.0 -9999.0 -9999.0 -9999.0
-9999.0 -9999.0 -9999.0 -9999.0 -9999.0 -9999.0 -946.003425 -851.535396 -765.372814 -644.593396 -532.008224 -440.175469 -365.322953 -339.972755 -322.073181 -299.465474 -304.010338 -321.247974 -338.232036 -321.473477 -311.776211 -316.884621 -344.919397 -346.421004 -342.834107 -333.360679 -334.502779 -340.536934 -365.421568 -356.990183 -358.255768 -381.328269 -407.359977 -421.605539 -433.006217 -422.850037 -421.891039 -434.327526 -431.838964 -405.665891 -385.879390 -372.372200 -349.778488 -316.570719 -284.625990 -270.438926 -269.585997 -263.497940 -222.220693 -152.156075 -82.108603 -29.255154 0.817716 7.382557 -21.880391 -63.620592 -85.962561 -79.922996 -45.643137 8.233231 87.552023 142.202734 180.934728 208.321492 241.428918 349.622391 -9999.0 -9999.0 -9999.0 -9999.0 -9999.0 -9999.0 -9999.0 -9999.0 -9999.0 -9999.0 -9999.0 -9999.0 -9999.0 -9999.0
-9999.0 -9999.0 -9999.0 -9999.0 -9999.0 -9999.0 -9999.0 -9999.0 -9999.0 -9999.0 -9999.0 -9999.0 -9999.0 -9999.0 -9999.0 -9999.0 -9999.0 -9999.0 -9999.0 -9999.0 -9999.0 -9999.0 -9999.0 -9999.0 -9999.0 -9999.0 -9999.0 -9999.0 -9999.0 -9999.0 -9999.0 -9999.0 -9999.0 -9999.0 -9999.0 -9999.0 -9999.0 -9999.0 -9999.0 -9999.0 -9999.0 -9999.0 -9999.0 -9999.0 -9999.0 -9999.0 -9999.0 -9999.0 -9999.0 -9999.0 -9999.0 -9999.0 -9999.0 -9999.0 -9999.0 -9999.0 -9999.0 -9999.0 -9999.0 -9999.0 -9999.0 -9999.0 -9999.0 -9999.0 -9999.0 -9999.0 -9999.0 -9999.0 -9999.0 -9999.0 -9999.0 -9999.0 -9999.0 -9999.0 -9999.0 -9999.0 -9999.0 -9999.0 -9999.0 -9999.0
-9999.0 -9999.0 -9999.0 -9999.0 -9999.0 -9999.0 -9999.0 -9999.0 -9999.0 -9999.0 -9999.0 -9999.0 -9999.0 -9999.0 -9999.0 -9999.0 -9999.0 -9999.0 -9999.0 -9999.0 -9999.0 -9999.0 -9999.0 -9999.0 -9999.0 -9999.0 -9999.0 -9999.0 -9999.0 -9999.0 -9999.0 -9999.0 -9999.0 -9999.0 -9999.0 -9999.0 -9999.0 -9999.0 -9999.0 -9999.0 -9999.0 -9999.0 -9999.0 -9999.0 -9999.0 -9999.0 -9999.0 -9999.0 -9999.0 -9999.0 -9999.0 -9999.0 -9999.0 -9999.0 -9999.0 -9999.0 -9999.0 -9999.0 -9999.0 -9999.0 -9999.0 -9999.0 -9999.0 -9999.0 -9999.0 -9999.0 -9999.0 -9999.0 -9999.0 -9999.0 -9999.0 -9999.0 -9999.0 -9999.0 -9999.0 -9999.0 -9999.0 -9999.0 -9999.0 -9999.0