Borden_/Borden1m_014/output_maps/psiliqL0017N0039.asc
ncols         80
nrows         18
xllcorner     620200.000000
yllcorner     5168000.000000
cellsize      1.000000
NODATA_value  -9999.0
-9999.0 -9999.0 -9999.0 -9999.0 -9999.0 -9999.0 -9999.0 -9999.0 -9999.0 -9999.0 -9999.0 -9999.0 -9999.0 -9999.0 -9999.0 -9999.0 -9999.0 -9999.0 -9999.0 -9999.0 -9999.0 -9999.0 -9999.0 -9999.0 -9999.0 -9999.0 -9999.0 -9999.0 -9999.0 -9999.0 -9999.0 -9999.0 -9999.0 -9999.0 -9999.0 -9999.0 -9999.0 -9999.0 -9999.0 -9999.0 -9999.0 -9999.0 -9999.0 -9999.0 -9999.0 -9999.0 -9999.0 -9999.0 -9999.0 -9999.0 -9999.0 -9999.0 -9999.0 -9999.0 -9999.0 -9999.0 -9999.0 -9999.0 -9999.0 -9999.0 -9999.0 -9999.0 -9999.0 -9999.0 -9999.0 -9999.0 -9999.0 -9999.0 -9999.0 -9999.0 -9999.0 -9999.0 -9999.0 -9999.0 -9999.0 -9999.0 -9999.0 -9999.0 -9999.0 -9999.0
-9999.0 -9999.0 -9999.0 -9999.0 -9999.0 -9999.0 -9999.0 -9999.0 -9999.0 -9999.0 -9999.0 -9999.0 -9999.0 -9999.0 -9999.0 -9999.0 -9999.0 -9999.0 -9999.0 -9999.0 -9999.0 -9999.0 -9999.0 -9999.0 -9999.0 -9999.0 -9999.0 -9999.0 -9999.0 -9999.0 -9999.0 -9999.0 -9999.0 -9999.0 -9999.0 -9999.0 -9999.0 -9999.0 -9999.0 -9999.0 -9999.0 -9999.0 -9999.0 -9999.0 -9999.0 -9999.0 -9999.0 -9999.0 -9999.0 -9999.0 -9999.0 -9999.0 -9999.0 -9999.0 -9999.0 -9999.0 -9999.0 -9999.0 -9999.0 -9999.0 -9999.0 -9999.0 -9999.0 -9999.0 -9999.0 -9999.0 -9999.0 -9999.0 -9999.0 -9999.0 -9999.0 -9999.0 -9999.0 -9999.0 -9999.0 -9999.0 -9999.0 -9999.0 -9999.0 -9999.0
-9999.0 -9999.0 -9999.0 -9999.0 -9999.0 -9999.0 -9999.0 -9999.0 -9999.0 -9999.0 -9999.0 -9999.0 -9999.0 -9999.0 -9999.0 -9999.0 -9999.0 -9999.0 -9999.0 -9999.0 1554.044521 1556.826005 1535.924231 1503.524734 1477.117246 1481.011928 1517.060532 1560.117026 1600.708416 1611.972184 1595.636457 1600.157179 1597.173913 1596.495415 1599.675883 1607.996297 1614.149225 1626.260082 1635.776665 1636.491686 1631.636568 1627.791713 1629.397790 1632.212257 1637.367235 1624.592152 1637.557663 1651.077040 1653.885161 1646.772666 1617.849116 1600.500083 1589.051464 1570.882785 1593.365566 1602.759089 1623.323996 1625.455705 1621.855718 1593.503215 1562.532194 -9999.0 -9999.0 -9999.0 -9999.0 -9999.0 -9999.0 -9999.0 -9999.0 -9999.0 -9999.0 -9999.0 -9999.0 -9999.0 -9999.0 -9999.0 -9999.0 -9999.0 -9999.0 -9999.0
-9999.0 -9999.0 -9999.0 -9999.0 -9999.0 -9999.0 -9999.0 -9999.0 -9999.0 -9999.0 -9999.0 -9999.0 -9999.0 -9999.0 1459.788782 1451.438754 1450.129225 1459.855322 1494.644232 1525.998042 1538.268378 1531.926855 1533.367903 1511.143889 1491.799430 1507.425374 1539.214665 1572.718476 1609.113085 1630.658944 1621.366869 1620.842502 1631.440850 1656.688866 1669.532291 1667.837427 1650.042951 1675.186887 1691.947176 1701.196855 1702.081074 1694.718202 1707.198164 1722.440352 1714.994403 1697.361195 1702.547225 1713.254139 1722.641964 1707.694916 1642.687111 1622.372842 1615.426318 1606.623777 1590.216309 1582.042723 1605.789367 1603.442819 1593.361442 1573.792220 1539.550327 1494.266856 1474.198167 1511.634217 1553.726156 1609.357010 -9999.0 -9999.0 -9999.0 -9999.0 -9999.0 -9999.0 -9999.0 -9999.0 -9999.0 -9999.0 -9999.0 -9999.0 -9999.0 -9999.0
-9999.0 -9999.0 -9999.0 -9999.0 -9999.0 -9999.0 -9999.0 -9999.0 -9999.0 1397.741561 1403.647573 1412.370415 1416.450909 1433.580147 1432.087028 1440.737606 1448.865150 1477.789505 1510.251039 1546.599728 1576.368204 1569.103334 1570.988805 1581.394694 1584.611717 1597.806072 1621.626791 1663.773444 1703.589744 1745.159326 1717.456961 1716.401713 1736.689159 1783.430002 1814.763629 1821.396071 1804.513282 1816.823884 1843.368405 1865.906800 1866.855586 1865.205083 1890.709137 1904.737690 1903.373783 1881.997637 1870.854946 1870.744943 1894.197818 1840.691305 1772.249573 1722.376706 1726.572402 1696.372719 1659.087295 1638.501959 1633.912930 1651.829328 1635.156233 1596.386535 1558.731464 1545.519729 1526.120124 1541.986370 1562.275651 1606.422829 1643.483802 1670.119436 1667.681124 1648.896937 -9999.0 -9999.0 -9999.0 -9999.0 -9999.0 -9999.0 -9999.0 -9999.0 -9999.0 -9999.0
-9999.0 -9999.0 -9999.0 -9999.0 -9999.0 -9999.0 1316.498234 1327.373770 1349.253271 1354.808057 1382.118328 1390.907616 1413.203429 1434.116363 1457.824814 1475.679138 1506.843975 1541.313747 1583.205507 1627.293471 1660.754962 1656.420491 1667.990885 1697.655668 1735.561116 1764.335850 1791.351166 1833.251125 1910.228614 1952.683703 1958.186728 1963.544680 1974.045967 2023.739776 2087.888964 2102.152843 2083.134329 2070.672727 2093.501090 2131.882016 2138.037123 2140.508695 2152.725684 2162.640296 2187.951461 2176.924364 2136.178382 2121.794871 2119.351938 2099.245973 2034.403381 1970.542285 1938.049062 1887.152569 1802.863002 1748.719757 1756.501057 1774.097989 1743.956923 1688.403681 1646.463038 1634.019796 1616.932469 1602.251612 1607.071654 1624.128733 1643.800856 1652.658636 1637.265702 1614.016679 1589.595903 1559.488062 1560.386021 1584.804225 -9999.0 -9999.0 -9999.0 -9999.0 -9999.0 -9999.0
-9999.0 -9999.0 -9999.0 -9999.0 1264.753499 1278.750137 1267.393633 1294.475041 1328.982195 1365.152135 1398.352039 1436.594984 1465.658551 1497.881888 1539.370469 1573.803480 1616.307961 1653.170867 1708.722158 1777.976645 1830.318775 1854.394606 1870.441316 1928.523516 1989.927560 2042.833880 2065.427521 2094.690643 2140.736694 2201.552569 2228.968381 2235.771712 2253.664059 2290.749968 2339.802707 2373.989537 2358.153926 2351.429925 2359.810107 2373.650315 2398.680634 2401.232195 2403.755103 2406.633289 2411.294383 2409.113111 2382.862234 2347.726868 2331.426668 2319.992983 2287.161866 2216.349561 2176.909670 2145.291598 2107.820792 2053.512462 1991.076161 1976.907661 1918.632790 1859.589945 1797.153978 1775.065738 1743.382120 1716.552624 1686.450195 1686.378950 1687.305958 1663.962339 1628.654836 1594.085589 1577.248667 1557.067545 1544.766936 1574.057285 1590.860241 1620.428778 -9999.0 -9999.0 -9999.0 -9999.0
-9999.0 -9999.0 1203.406111 1252.188642 1310.556361 1320.520523 1321.542878 1329.261380 1360.051069 1414.498371 1490.067194 1540.451804 1582.943698 1619.285839 1680.336259 1758.668055 1830.820111 1880.392877 1942.022562 2013.742371 2077.246960 2111.273761 2128.809678 2169.044092 2224.118884 2288.296603 2316.580966 2344.283514 2377.487395 2412.937008 2421.107254 2434.789090 2443.971977 2448.652936 2455.865943 2458.433516 2453.745817 2448.740287 2430.899210 2427.696960 2435.656871 2442.540645 2443.935073 2430.426601 2426.293585 2439.606447 2443.178462 2440.959609 2438.783355 2444.642237 2445.838177 2404.375655 2370.285690 2353.582458 2340.954245 2294.676850 2228.259679 2187.037602 2162.996221 2118.171958 2039.267329 1988.008071 1937.141685 1888.661369 1835.732693 1804.286258 1755.934373 1710.872231 1661.693308 1613.276577 1588.167740 1569.221422 1565.886404 1564.787816 1580.263125 1594.784951 1609.508164 1616.954078 -9999.0 -9999.0
-9999.0 1098.248733 1170.874693 1297.147729 1378.371126 1423.506179 1453.020621 1475.038369 1506.487854 1537.438626 1641.271435 1724.793629 1816.661563 1856.815013 1907.975511 2005.998684 2102.099457 2149.811505 2189.764832 2248.642667 2310.995176 2360.340621 2390.077041 2396.012980 2431.929370 2449.210910 2453.896003 2458.498089 2456.106573 2448.590408 2440.418338 2446.427150 2442.104400 2422.100929 2404.823564 2400.690043 2394.500498 2369.912188 2341.116493 2326.271613 2328.925573 2353.155085 2340.765574 2319.955455 2316.085544 2337.426914 2357.610536 2348.591951 2336.434481 2354.902972 2390.224649 2413.520274 2422.376265 2439.459724 2460.012460 2433.345339 2405.615752 2362.477999 2341.517195 2311.252746 2251.245009 2188.983681 2132.808662 2070.969359 2003.551970 1935.486653 1870.871407 1807.231588 1739.400833 1696.863868 1665.124679 1615.366355 1595.128322 1596.797762 1587.601939 1583.876540 1588.981590 1594.857192 -9999.0 -9999.0
-9999.0 1014.433166 1156.577820 1340.654866 1489.633983 1546.880045 1642.711822 1720.049795 1748.944590 1719.099788 1827.951507 2047.959849 2156.884851 2177.265207 2251.649366 2343.237592 2356.996727 2390.530376 2413.882568 2427.899245 2439.459283 2451.334217 2450.940132 2446.442303 2432.195594 2424.581824 2423.035563 2419.587577 2401.031171 2380.651874 2361.910698 2356.414142 2335.779235 2288.701089 2253.528836 2234.244193 2216.210024 2197.268387 2165.875511 2139.382756 2124.138540 2139.050720 2133.640527 2117.362826 2113.558870 2135.257225 2167.148913 2164.070790 2173.807385 2196.099238 2236.241850 2276.894242 2300.464892 2331.867771 2370.134198 2416.081309 2430.860464 2452.788410 2456.526412 2438.437102 2392.188258 2337.003863 2300.151492 2234.784221 2159.687695 2078.580316 2010.861446 1945.843298 1874.914713 1828.727662 1782.909920 1726.972706 1675.633794 1655.649083 1616.574647 1597.135869 -9999.0 -9999.0 -9999.0 -9999.0
-9999.0 930.534988 1117.102234 1372.064596 1653.114245 1757.413719 1962.085281 2089.852099 2146.501431 2217.657759 2178.876732 2340.870019 2385.683112 2383.976206 2388.158125 2393.881264 2410.622194 2414.361205 2411.146547 2401.312970 2392.564362 2388.912902 2388.000121 2380.583540 2368.074698 2352.569638 2337.921510 2323.661517 2284.302304 2249.483155 2211.175284 2195.183076 2153.778759 2060.420006 2016.397663 1978.173993 1919.808407 1914.880417 1911.435131 1884.021708 1864.851409 1842.908433 1866.349465 1872.369221 1875.326604 1877.171706 1892.815379 1918.228356 1964.138841 2001.391529 2046.273673 2099.413109 2135.364245 2179.629680 2226.075482 2282.792068 2317.035161 2349.177038 2398.305065 2437.356239 2459.986586 2446.443665 2417.669775 2366.871818 2290.921718 2219.978409 2165.361644 2087.537075 2021.008283 1968.049478 1923.461702 1875.542737 1814.219260 1742.162729 1701.978434 -9999.0 -9999.0 -9999.0 -9999.0 -9999.0
-9999.0 741.781881 1008.799468 1292.545599 1599.017674 1930.194126 2072.275422 2195.103372 2267.744875 2240.833429 2253.931226 2274.808323 2319.068434 2329.778873 2311.454750 2302.837298 2291.052256 2291.194125 2303.924253 2277.068190 2247.255964 2233.704592 2233.263343 2221.473687 2197.853734 2180.820712 2168.461296 2146.985210 2098.047952 2045.540885 1962.106145 1929.863547 1852.716150 1799.245253 1755.157849 1704.896657 1654.459570 1653.896260 1672.195128 1658.455734 1636.593366 1618.522213 1645.753000 1664.474672 1677.210725 1665.292177 1674.404131 1710.638272 1760.553097 1805.359398 1855.762173 1910.835587 1957.666376 2005.333375 2037.322243 2087.624952 2136.526635 2183.986873 2258.241511 2337.808233 2375.613448 2409.636954 2439.157818 2450.938729 2393.382574 2337.854692 2278.363152 2210.251330 2127.186080 2079.001337 2054.780955 2017.111270 1964.697872 -9999.0 -9999.0 -9999.0 -9999.0 -9999.0 -9999.0 -9999.0
-9999.0 618.367917 832.045683 1054.105804 1331.993904 1568.808215 1769.518209 1875.599756 1955.048393 2000.029065 2041.249465 2078.917208 2111.522274 2136.179019 2116.284443 2076.454122 2047.555503 2051.695715 2046.094548 2022.021741 1992.168632 1977.031790 1974.049308 1967.140254 1943.116394 1928.992116 1918.184564 1895.204949 1862.183740 1806.064489 1727.025956 1653.504180 1593.168934 1562.718841 1533.337377 1500.825538 1466.176206 1476.301846 1488.511224 1485.522794 1475.699472 1473.342835 1502.520004 1521.814793 1532.084003 1521.006081 1540.534789 1567.322554 1609.152704 1653.023808 1702.959583 1758.849819 1813.349377 1842.949969 1856.870792 1881.979702 1921.223857 1974.961732 2060.793935 2155.059321 2232.867697 2280.629972 2329.731933 2360.753336 2369.465843 2372.042967 2339.744506 2254.441619 2147.595707 2130.945752 2128.889743 -9999.0 -9999.0 -9999.0 -9999.0 -9999.0 -9999.0 -9999.0 -9999.0 -9999.0
-9999.0 -9999.0 600.309226 773.267041 904.207741 1081.293121 1230.719381 1341.139590 1433.195224 1552.490625 1661.758253 1748.717026 1794.717535 1813.195010 1799.979357 1768.057761 1747.374882 1746.980281 1736.058698 1725.233273 1705.330377 1697.131705 1685.392327 1676.902739 1667.397514 1662.126714 1656.601163 1644.952143 1622.864776 1576.026392 1528.289939 1477.258855 1424.347313 1398.694163 1376.628625 1355.145801 1354.061647 1349.697088 1355.095076 1356.710460 1363.922913 1376.740047 1396.804405 1419.015273 1428.964802 1438.242071 1450.938851 1474.950439 1508.398612 1551.347228 1606.115030 1664.821009 1705.658071 1719.304807 1710.361796 1715.848881 1736.300237 1778.799585 1858.740647 1941.565213 2036.100429 2105.867103 2174.737460 2223.336028 2234.531284 2242.938115 2250.157557 2193.076821 2038.066681 2078.027983 -9999.0 -9999.0 -9999.0 -9999.0 -9999.0 -9999.0 -9999.0 -9999.0 -9999.0 -9999.0
-9999.0 -9999.0 -9999.0 -9999.0 632.903087 786.827571 884.360169 967.744778 1097.710242 1219.614836 1320.998867 1405.224052 1468.388019 1495.345989 1491.962648 1498.455504 1494.122963 1487.481897 1477.302268 1476.320649 1475.226698 1467.490569 1452.756723 1445.218023 1446.079852 1450.884097 1447.965447 1433.885880 1415.560792 1393.254306 1373.055757 1338.580270 1302.581069 1273.139433 1259.684276 1253.884470 1253.422359 1246.263477 1254.839224 1262.258714 1277.520469 1292.753726 1316.524540 1345.633090 1359.587784 1374.531914 1384.448185 1405.168503 1435.952159 1489.839959 1553.918625 1612.569442 1649.409395 1654.707060 1630.967251 1616.239503 1613.210254 1641.720179 1686.856825 1753.780500 1854.738290 1926.352069 1980.937184 2022.171080 2049.888174 2088.992737 2129.898411 2156.841800 -9999.0 -9999.0 -9999.0 -9999.0 -9999.0 -9999.0 -9999.0 -9999.0 -9999.0 -9999.0 -9999.0 -9999.0
-9999.0 -9999.0 -9999.0 -9999.0 -9999.0 -9999.0 594.354673 696.394561 775.986956 915.601476 1047.133625 1149.015825 1229.723972 1261.971036 1288.927808 1315.887803 1314.128450 1295.507024 1276.060396 1294.613124 1308.378287 1302.184291 1271.872516 1271.385303 1276.112287 1284.075808 1281.562185 1274.839427 1249.413088 1260.778274 1261.245083 1237.624788 1211.284429 1197.179704 1185.070464 1194.462540 1194.503938 1180.738254 1181.150543 1207.965416 1228.257837 1241.393210 1263.181870 1296.439397 1328.889174 1344.273883 1345.828170 1352.142046 1392.324233 1462.929936 1535.171517 1591.312638 1624.588716 1633.456223 1607.094971 1567.804998 1548.192947 1556.057428 1591.481740 1644.414526 1720.058242 1768.311792 1792.267492 1803.034740 1817.915980 1904.996935 -9999.0 -9999.0 -9999.0 -9999.0 -9999.0 -9999.0 -9999.0 -9999.0 -9999.0 -9999.0 -9999.0 -9999.0 -9999.0 -9999.0
-9999.0 -9999.0 -9999.0 -9999.0 -9999.0 -9999.0 -9999.0 -9999.0 -9999.0 -9999.0 -9999.0 -9999.0 -9999.0 -9999.0 -9999.0 -9999.0 -9999.0 -9999.0 -9999.0 -9999.0 -9999.0 -9999.0 -9999.0 -9999.0 -9999.0 -9999.0 -9999.0 -9999.0 -9999.0 -9999.0 -9999.0 -9999.0 -9999.0 -9999.0 -9999.0 -9999.0 -9999.0 -9999.0 -9999.0 -9999.0 -9999.0 -9999.0 -9999.0 -9999.0 -9999.0 -9999.0 -9999.0 -9999.0 -9999.0 -9999.0 -9999.0 -9999.0 -9999.0 -9999.0 -9999.0 -9999.0 -9999.0 -9999.0 -9999.0 -9999.0 -9999.0 -9999.0 -9999.0 -9999.0 -9999.0 -9999.0 -9999.0 -9999.0 -9999.0 -9999.0 -9999.0 -9999.0 -9999.0 -9999.0 -9999.0 -9999.0 -9999.0 -9999.0 -9999.0 -9999.0
-9999.0 -9999.0 -9999.0 -9999.0 -9999.0 -9999.0 -9999.0 -9999.0 -9999.0 -9999.0 -9999.0 -9999.0 -9999.0 -9999.0 -9999.0 -9999.0 -9999.0 -9999.0 -9999.0 -9999.0 -9999.0 -9999.0 -9999.0 -9999.0 -9999.0 -9999.0 -9999.0 -9999.0 -9999.0 -9999.0 -9999.0 -9999.0 -9999.0 -9999.0 -9999.0 -9999.0 -9999.0 -9999.0 -9999.0 -9999.0 -9999.0 -9999.0 -9999.0 -9999.0 -9999.0 -9999.0 -9999.0 -9999.0 -9999.0 -9999.0 -9999.0 -9999.0 -9999.0 -9999.0 -9999.0 -9999.0 -9999.0 -9999.0 -9999.0 -9999.0 -9999.0 -9999.0 -9999.0 -9999.0 -9999.0 -9999.0 -9999.0 -9999.0 -9999.0 -9999.0 -9999.0 -9999.0 -9999.0 -9999.0 -9999.0 -9999.0 -9999.0 -9999.0 -9999.0 -9999.0