Borden_/Borden1m_014/output_maps/psiliqL0013N0012.asc
ncols         80
nrows         18
xllcorner     620200.000000
yllcorner     5168000.000000
cellsize      1.000000
NODATA_value  -9999.0
-9999.0 -9999.0 -9999.0 -9999.0 -9999.0 -9999.0 -9999.0 -9999.0 -9999.0 -9999.0 -9999.0 -9999.0 -9999.0 -9999.0 -9999.0 -9999.0 -9999.0 -9999.0 -9999.0 -9999.0 -9999.0 -9999.0 -9999.0 -9999.0 -9999.0 -9999.0 -9999.0 -9999.0 -9999.0 -9999.0 -9999.0 -9999.0 -9999.0 -9999.0 -9999.0 -9999.0 -9999.0 -9999.0 -9999.0 -9999.0 -9999.0 -9999.0 -9999.0 -9999.0 -9999.0 -9999.0 -9999.0 -9999.0 -9999.0 -9999.0 -9999.0 -9999.0 -9999.0 -9999.0 -9999.0 -9999.0 -9999.0 -9999.0 -9999.0 -9999.0 -9999.0 -9999.0 -9999.0 -9999.0 -9999.0 -9999.0 -9999.0 -9999.0 -9999.0 -9999.0 -9999.0 -9999.0 -9999.0 -9999.0 -9999.0 -9999.0 -9999.0 -9999.0 -9999.0 -9999.0
-9999.0 -9999.0 -9999.0 -9999.0 -9999.0 -9999.0 -9999.0 -9999.0 -9999.0 -9999.0 -9999.0 -9999.0 -9999.0 -9999.0 -9999.0 -9999.0 -9999.0 -9999.0 -9999.0 -9999.0 -9999.0 -9999.0 -9999.0 -9999.0 -9999.0 -9999.0 -9999.0 -9999.0 -9999.0 -9999.0 -9999.0 -9999.0 -9999.0 -9999.0 -9999.0 -9999.0 -9999.0 -9999.0 -9999.0 -9999.0 -9999.0 -9999.0 -9999.0 -9999.0 -9999.0 -9999.0 -9999.0 -9999.0 -9999.0 -9999.0 -9999.0 -9999.0 -9999.0 -9999.0 -9999.0 -9999.0 -9999.0 -9999.0 -9999.0 -9999.0 -9999.0 -9999.0 -9999.0 -9999.0 -9999.0 -9999.0 -9999.0 -9999.0 -9999.0 -9999.0 -9999.0 -9999.0 -9999.0 -9999.0 -9999.0 -9999.0 -9999.0 -9999.0 -9999.0 -9999.0
-9999.0 -9999.0 -9999.0 -9999.0 -9999.0 -9999.0 -9999.0 -9999.0 -9999.0 -9999.0 -9999.0 -9999.0 -9999.0 -9999.0 -9999.0 -9999.0 -9999.0 -9999.0 -9999.0 -9999.0 742.285511 745.259598 723.666601 690.732660 663.730601 667.068742 702.830163 744.924692 783.919281 794.516552 777.480962 781.227240 778.678766 780.194235 785.124215 793.720364 799.107296 811.155852 819.819298 819.278133 812.840849 807.270946 806.989149 809.856685 815.094354 804.703077 818.788496 833.962402 838.785667 832.338096 803.232830 785.199551 774.149195 756.991159 779.891198 790.266868 811.488800 814.246708 811.465246 783.564890 752.916975 -9999.0 -9999.0 -9999.0 -9999.0 -9999.0 -9999.0 -9999.0 -9999.0 -9999.0 -9999.0 -9999.0 -9999.0 -9999.0 -9999.0 -9999.0 -9999.0 -9999.0 -9999.0 -9999.0
-9999.0 -9999.0 -9999.0 -9999.0 -9999.0 -9999.0 -9999.0 -9999.0 -9999.0 -9999.0 -9999.0 -9999.0 -9999.0 -9999.0 649.285990 640.094127 638.005411 647.279637 681.840041 712.925077 725.636589 718.968514 719.985315 697.619323 678.674975 694.549094 725.823957 758.372887 793.252415 813.787276 803.066618 802.642609 815.776546 845.951082 862.806845 862.712591 844.686309 868.945348 884.816252 892.833044 891.378465 882.226740 894.743296 910.037162 903.131958 886.532370 892.457688 904.941246 917.095974 901.552567 834.650369 810.724881 803.223558 794.247832 778.534410 770.264370 793.439438 791.838293 782.153612 763.072372 729.532485 684.719116 665.439523 703.183053 746.281096 802.987610 -9999.0 -9999.0 -9999.0 -9999.0 -9999.0 -9999.0 -9999.0 -9999.0 -9999.0 -9999.0 -9999.0 -9999.0 -9999.0 -9999.0
-9999.0 -9999.0 -9999.0 -9999.0 -9999.0 -9999.0 -9999.0 -9999.0 -9999.0 590.543222 595.267462 603.044977 605.874868 622.147575 620.466449 628.370433 636.510273 664.397485 696.781462 733.425808 763.680630 755.856649 757.724898 770.165284 777.410490 793.658162 818.060493 859.541694 899.339911 939.732724 911.899822 912.625141 938.632101 997.551100 1038.920668 1050.296583 1034.956224 1044.172370 1068.804693 1089.368905 1086.730435 1082.947593 1106.202938 1118.947733 1120.627032 1102.477256 1092.146325 1094.114146 1119.254177 1065.877527 993.845987 932.141366 929.113470 895.917826 855.477848 832.063178 825.165483 842.640329 825.446247 786.654973 748.806508 736.367130 717.496819 733.042405 754.079545 799.406588 837.293461 864.901746 863.772850 845.735948 -9999.0 -9999.0 -9999.0 -9999.0 -9999.0 -9999.0 -9999.0 -9999.0 -9999.0 -9999.0
-9999.0 -9999.0 -9999.0 -9999.0 -9999.0 -9999.0 511.341644 521.143538 541.828721 547.115764 572.856817 580.939226 602.275270 622.483212 645.030728 663.056285 694.663853 729.061814 772.360334 819.033190 854.694429 852.154669 864.444611 899.036042 946.256617 986.889847 1018.094694 1058.754665 1132.065283 1171.101153 1178.969043 1187.882707 1210.372852 1285.266056 1361.864544 1382.114219 1366.202744 1353.762540 1371.733156 1402.822893 1404.633630 1403.073951 1410.532037 1418.125110 1443.086707 1437.050362 1404.245867 1394.327921 1392.860509 1375.073167 1304.360703 1216.291619 1169.656147 1117.248243 1033.414450 972.792191 967.843246 978.498297 945.227164 889.013733 844.909856 830.210043 811.826288 795.725435 799.514029 816.827181 837.780848 847.617392 833.536003 811.511904 787.805795 758.057856 758.964327 783.580466 -9999.0 -9999.0 -9999.0 -9999.0 -9999.0 -9999.0
-9999.0 -9999.0 -9999.0 -9999.0 461.032620 474.326405 462.789991 488.182775 521.398812 556.101003 588.995207 627.040013 655.434714 687.123028 730.211334 768.785442 813.610846 851.576135 910.862530 987.755467 1048.224631 1077.013853 1094.134038 1156.879230 1232.722982 1310.321166 1342.350164 1369.089490 1404.414864 1455.249780 1477.765111 1485.002700 1507.873642 1552.313251 1602.787705 1636.911372 1623.939349 1619.029365 1624.321647 1632.769076 1652.703685 1651.808471 1652.306852 1653.686427 1657.770194 1659.244932 1640.635168 1612.938294 1602.047452 1592.506671 1560.586977 1485.952234 1444.536020 1416.797531 1385.161138 1326.461087 1239.211022 1209.755958 1148.504074 1089.760098 1021.757792 988.842363 950.435881 919.598785 885.414353 883.003489 883.224437 860.523707 826.771741 792.909685 776.312657 756.085711 744.034008 772.990427 789.805456 819.767571 -9999.0 -9999.0 -9999.0 -9999.0
-9999.0 -9999.0 401.205268 450.693184 508.188722 518.063834 520.237172 527.050395 556.192111 609.186471 687.020283 740.376140 785.284804 821.069589 886.074913 975.747161 1053.195846 1104.722842 1171.014123 1257.957052 1338.551473 1377.771042 1394.144181 1431.023885 1487.324557 1555.379997 1585.206743 1609.024762 1633.193933 1659.126633 1669.477356 1683.179825 1692.934306 1698.010411 1704.404511 1706.573525 1704.813466 1702.447486 1686.438700 1683.292064 1689.314904 1693.047229 1694.736553 1682.038269 1678.441020 1692.195096 1697.254816 1698.988361 1700.645070 1707.809582 1710.632669 1671.467801 1632.856574 1619.639009 1610.739036 1565.350346 1497.099335 1454.583858 1434.470573 1394.601514 1311.929021 1237.452319 1173.232213 1115.789037 1053.019784 1013.889033 961.956295 915.422986 866.012950 817.414164 791.182715 770.519767 765.955854 764.315205 779.195980 793.732957 808.472190 815.950629 -9999.0 -9999.0
-9999.0 298.831183 371.697622 499.146383 580.529684 627.806541 665.015100 691.689158 720.615198 745.851076 854.640937 954.236754 1047.539247 1086.536332 1146.876427 1266.532224 1366.468563 1411.477763 1449.454882 1508.286181 1571.252047 1616.768855 1641.877023 1655.761773 1689.369733 1702.986105 1707.482299 1710.505364 1704.909267 1695.118728 1684.211832 1689.892927 1687.107160 1669.443239 1653.167951 1649.616538 1646.016982 1626.661906 1603.653563 1592.355422 1595.911933 1617.593733 1607.027184 1588.308570 1584.860249 1604.135556 1621.648221 1614.460504 1604.907508 1623.096811 1656.550591 1676.008834 1686.805363 1702.153218 1721.222072 1694.642334 1664.676027 1626.768191 1611.489820 1586.947367 1532.605598 1468.532480 1412.451108 1346.032613 1259.825401 1177.647177 1105.398460 1034.659416 962.876905 917.426840 880.724404 825.042410 799.303786 797.812842 786.838309 782.695190 787.908551 793.844365 -9999.0 -9999.0
-9999.0 220.637103 363.892765 550.217645 701.602198 768.172038 884.050096 967.994732 996.254375 971.921351 1084.596541 1319.111183 1420.545715 1437.756147 1508.489978 1598.433156 1623.622642 1654.245654 1675.138772 1683.090307 1689.750443 1697.756026 1694.859369 1689.130003 1676.797017 1672.169631 1674.050892 1673.923612 1658.971726 1639.823872 1619.689191 1613.868450 1595.801339 1551.971703 1513.011460 1490.511899 1474.766762 1458.708080 1431.326925 1409.568681 1397.880131 1414.797632 1408.228198 1392.734196 1388.877029 1408.800847 1438.723611 1434.537904 1443.874836 1470.132099 1516.592800 1556.182209 1576.628382 1603.366048 1636.376765 1676.620888 1691.721412 1713.333300 1718.707828 1700.290677 1660.494709 1613.053403 1583.562386 1526.610908 1454.556269 1376.416585 1303.836495 1220.905411 1141.712384 1086.178844 1025.281559 955.753708 891.436591 860.685503 817.982727 796.184678 -9999.0 -9999.0 -9999.0 -9999.0
-9999.0 145.034189 334.731525 597.211432 875.276534 1007.404397 1236.381647 1368.510108 1423.518365 1488.719914 1480.128006 1618.273486 1653.858890 1648.869143 1645.284830 1650.994992 1666.733718 1669.989294 1665.578920 1654.989385 1644.701987 1639.494830 1637.388140 1630.910704 1621.414846 1610.422751 1601.693445 1593.473047 1560.463675 1525.528914 1481.005820 1460.665666 1420.942936 1325.322458 1264.196085 1213.513681 1151.405384 1144.723364 1139.605700 1113.613869 1095.985626 1077.826902 1099.038669 1102.654551 1104.373894 1107.952193 1124.960578 1148.284975 1196.189243 1244.674471 1312.730110 1374.022913 1409.045512 1451.660927 1499.402817 1556.933047 1588.984370 1618.417477 1662.829365 1699.408206 1721.993493 1712.773186 1688.145858 1649.985801 1588.958616 1532.685993 1489.563065 1418.716542 1355.816628 1293.510093 1218.496782 1139.412687 1052.716030 953.242777 906.335923 -9999.0 -9999.0 -9999.0 -9999.0 -9999.0
-9999.0 -28.339366 240.188320 533.165922 860.922058 1209.925952 1350.665762 1483.537758 1558.378503 1527.267245 1533.679417 1554.799591 1593.322597 1600.803384 1584.341990 1579.678429 1570.928401 1570.285215 1579.989094 1549.000190 1511.240316 1492.550854 1489.713267 1478.265161 1457.611225 1444.055694 1435.539986 1419.560098 1373.889484 1314.062394 1208.088629 1167.060488 1087.627729 1025.034417 972.263796 916.568044 862.680917 860.808784 878.205173 863.999449 842.630756 824.720722 851.255685 868.516232 880.280331 869.167172 878.069628 914.202621 965.550963 1014.546626 1073.647803 1133.523937 1182.994552 1238.157435 1285.849644 1354.664770 1408.446254 1457.743420 1534.690784 1609.661416 1643.340082 1676.248449 1710.202140 1728.775380 1684.410463 1644.029100 1604.294389 1556.025554 1486.424284 1446.372000 1407.907365 1332.908852 1242.563026 -9999.0 -9999.0 -9999.0 -9999.0 -9999.0 -9999.0 -9999.0
-9999.0 -157.297293 65.765262 302.098602 595.164892 841.390104 1038.171916 1162.149405 1260.353485 1300.463458 1336.155575 1368.372722 1396.708003 1418.290289 1399.575059 1365.872967 1340.415728 1343.131575 1334.426111 1297.014669 1242.922269 1214.378712 1207.062810 1197.832902 1172.183750 1157.996080 1148.497215 1127.205324 1092.805681 1032.972809 943.183445 866.478212 802.502020 767.270715 734.548696 699.382240 661.612547 671.690387 685.288632 681.882573 671.170754 668.053139 697.593854 716.560669 726.656459 714.446246 733.330223 760.365851 802.861750 847.278142 898.715158 955.527095 1010.618081 1043.851251 1065.673985 1101.655756 1149.265284 1215.887632 1325.466069 1427.858610 1508.037446 1559.329244 1610.009517 1645.209716 1663.010284 1682.969666 1666.689936 1595.280597 1484.805628 1509.629290 1515.326558 -9999.0 -9999.0 -9999.0 -9999.0 -9999.0 -9999.0 -9999.0 -9999.0 -9999.0
-9999.0 -9999.0 -169.750446 12.568482 158.802854 343.310898 496.923518 611.245038 703.453656 815.859055 920.126620 1001.606534 1044.023107 1061.054405 1047.075698 1013.434936 991.133296 989.686225 976.081815 956.974083 925.270707 910.335249 896.874659 887.541787 875.989791 870.054967 865.177237 854.203906 831.618718 783.091206 729.854247 675.827936 620.689130 594.206020 571.198571 548.413020 545.771331 542.653004 548.945578 550.590489 557.095796 569.528955 590.026067 611.815260 621.421748 629.465894 641.942174 665.722875 699.180424 741.644397 795.886401 853.553995 893.546211 907.621837 901.083968 910.433481 935.859774 985.959241 1079.804843 1175.683446 1288.361140 1376.619524 1455.544862 1515.859677 1543.193883 1566.818306 1588.780838 1519.776668 1125.899378 1427.492041 -9999.0 -9999.0 -9999.0 -9999.0 -9999.0 -9999.0 -9999.0 -9999.0 -9999.0 -9999.0
-9999.0 -9999.0 -9999.0 -9999.0 -130.924297 26.113768 122.960780 207.843576 336.462080 454.848766 553.982664 635.228684 693.662602 719.083057 712.320698 713.394505 707.002569 700.790679 689.509859 683.539495 676.876331 666.603309 652.126166 643.981986 643.982864 648.373315 646.242844 632.970280 615.852191 590.795573 567.893519 532.227279 495.088512 465.361519 451.812164 445.288370 445.126421 438.864589 448.060174 455.125884 470.344779 485.808459 509.794920 538.543199 551.778691 566.234071 575.912650 596.556309 626.851201 680.145043 743.366423 800.646049 835.890472 840.494633 816.264719 802.095709 800.578836 831.556930 882.090956 956.228245 1066.835730 1151.008250 1223.572669 1292.250035 1350.958801 1412.101199 1486.006333 1521.350576 -9999.0 -9999.0 -9999.0 -9999.0 -9999.0 -9999.0 -9999.0 -9999.0 -9999.0 -9999.0 -9999.0 -9999.0
-9999.0 -9999.0 -9999.0 -9999.0 -9999.0 -9999.0 -179.509878 -79.619804 5.149936 138.170337 262.302867 360.393789 438.294388 467.238455 489.776351 514.547306 511.120815 492.568057 473.423255 489.578737 499.785944 492.998841 463.320902 462.026677 466.169584 475.028532 473.478158 467.342745 442.403678 452.108840 451.412097 427.828552 401.433221 387.058049 375.159960 384.810675 385.289551 372.261669 373.801695 400.357542 420.466148 433.855323 456.070880 489.290453 521.456874 536.182866 537.302804 543.425469 584.098093 654.310796 725.378882 779.948604 811.720800 819.662659 792.288937 752.436318 732.369756 740.653337 777.498989 833.485463 914.094785 969.771655 1006.890734 1037.406642 1074.152681 1172.964256 -9999.0 -9999.0 -9999.0 -9999.0 -9999.0 -9999.0 -9999.0 -9999.0 -9999.0 -9999.0 -9999.0 -9999.0 -9999.0 -9999.0
-9999.0 -9999.0 -9999.0 -9999.0 -9999.0 -9999.0 -9999.0 -9999.0 -9999.0 -9999.0 -9999.0 -9999.0 -9999.0 -9999.0 -9999.0 -9999.0 -9999.0 -9999.0 -9999.0 -9999.0 -9999.0 -9999.0 -9999.0 -9999.0 -9999.0 -9999.0 -9999.0 -9999.0 -9999.0 -9999.0 -9999.0 -9999.0 -9999.0 -9999.0 -9999.0 -9999.0 -9999.0 -9999.0 -9999.0 -9999.0 -9999.0 -9999.0 -9999.0 -9999.0 -9999.0 -9999.0 -9999.0 -9999.0 -9999.0 -9999.0 -9999.0 -9999.0 -9999.0 -9999.0 -9999.0 -9999.0 -9999.0 -9999.0 -9999.0 -9999.0 -9999.0 -9999.0 -9999.0 -9999.0 -9999.0 -9999.0 -9999.0 -9999.0 -9999.0 -9999.0 -9999.0 -9999.0 -9999.0 -9999.0 -9999.0 -9999.0 -9999.0 -9999.0 -9999.0 -9999.0
-9999.0 -9999.0 -9999.0 -9999.0 -9999.0 -9999.0 -9999.0 -9999.0 -9999.0 -9999.0 -9999.0 -9999.0 -9999.0 -9999.0 -9999.0 -9999.0 -9999.0 -9999.0 -9999.0 -9999.0 -9999.0 -9999.0 -9999.0 -9999.0 -9999.0 -9999.0 -9999.0 -9999.0 -9999.0 -9999.0 -9999.0 -9999.0 -9999.0 -9999.0 -9999.0 -9999.0 -9999.0 -9999.0 -9999.0 -9999.0 -9999.0 -9999.0 -9999.0 -9999.0 -9999.0 -9999.0 -9999.0 -9999.0 -9999.0 -9999.0 -9999.0 -9999.0 -9999.0 -9999.0 -9999.0 -9999.0 -9999.0 -9999.0 -9999.0 -9999.0 -9999.0 -9999.0 -9999.0 -9999.0 -9999.0 -9999.0 -9999.0 -9999.0 -9999.0 -9999.0 -9999.0 -9999.0 -9999.0 -9999.0 -9999.0 -9999.0 -9999.0 -9999.0 -9999.0 -9999.0