Borden_/Borden1m_014/output_maps/psiliqL0008N0011.asc
ncols         80
nrows         18
xllcorner     620200.000000
yllcorner     5168000.000000
cellsize      1.000000
NODATA_value  -9999.0
-9999.0 -9999.0 -9999.0 -9999.0 -9999.0 -9999.0 -9999.0 -9999.0 -9999.0 -9999.0 -9999.0 -9999.0 -9999.0 -9999.0 -9999.0 -9999.0 -9999.0 -9999.0 -9999.0 -9999.0 -9999.0 -9999.0 -9999.0 -9999.0 -9999.0 -9999.0 -9999.0 -9999.0 -9999.0 -9999.0 -9999.0 -9999.0 -9999.0 -9999.0 -9999.0 -9999.0 -9999.0 -9999.0 -9999.0 -9999.0 -9999.0 -9999.0 -9999.0 -9999.0 -9999.0 -9999.0 -9999.0 -9999.0 -9999.0 -9999.0 -9999.0 -9999.0 -9999.0 -9999.0 -9999.0 -9999.0 -9999.0 -9999.0 -9999.0 -9999.0 -9999.0 -9999.0 -9999.0 -9999.0 -9999.0 -9999.0 -9999.0 -9999.0 -9999.0 -9999.0 -9999.0 -9999.0 -9999.0 -9999.0 -9999.0 -9999.0 -9999.0 -9999.0 -9999.0 -9999.0
-9999.0 -9999.0 -9999.0 -9999.0 -9999.0 -9999.0 -9999.0 -9999.0 -9999.0 -9999.0 -9999.0 -9999.0 -9999.0 -9999.0 -9999.0 -9999.0 -9999.0 -9999.0 -9999.0 -9999.0 -9999.0 -9999.0 -9999.0 -9999.0 -9999.0 -9999.0 -9999.0 -9999.0 -9999.0 -9999.0 -9999.0 -9999.0 -9999.0 -9999.0 -9999.0 -9999.0 -9999.0 -9999.0 -9999.0 -9999.0 -9999.0 -9999.0 -9999.0 -9999.0 -9999.0 -9999.0 -9999.0 -9999.0 -9999.0 -9999.0 -9999.0 -9999.0 -9999.0 -9999.0 -9999.0 -9999.0 -9999.0 -9999.0 -9999.0 -9999.0 -9999.0 -9999.0 -9999.0 -9999.0 -9999.0 -9999.0 -9999.0 -9999.0 -9999.0 -9999.0 -9999.0 -9999.0 -9999.0 -9999.0 -9999.0 -9999.0 -9999.0 -9999.0 -9999.0 -9999.0
-9999.0 -9999.0 -9999.0 -9999.0 -9999.0 -9999.0 -9999.0 -9999.0 -9999.0 -9999.0 -9999.0 -9999.0 -9999.0 -9999.0 -9999.0 -9999.0 -9999.0 -9999.0 -9999.0 -9999.0 -271.357951 -268.389810 -291.415877 -325.897574 -354.759564 -353.147887 -318.115765 -276.841247 -239.021423 -228.685682 -246.938994 -245.572873 -250.650126 -250.580384 -247.169176 -240.780328 -237.789309 -225.981932 -217.372294 -217.657524 -223.960349 -229.817538 -231.158912 -227.661844 -222.652862 -231.530782 -217.851505 -202.354982 -195.990453 -201.322508 -229.098153 -245.281559 -253.516849 -267.988616 -243.165033 -230.405712 -207.218140 -202.759833 -203.835473 -230.788574 -260.865549 -9999.0 -9999.0 -9999.0 -9999.0 -9999.0 -9999.0 -9999.0 -9999.0 -9999.0 -9999.0 -9999.0 -9999.0 -9999.0 -9999.0 -9999.0 -9999.0 -9999.0 -9999.0 -9999.0
-9999.0 -9999.0 -9999.0 -9999.0 -9999.0 -9999.0 -9999.0 -9999.0 -9999.0 -9999.0 -9999.0 -9999.0 -9999.0 -9999.0 -361.423224 -371.865667 -375.258513 -367.103776 -333.511985 -303.579789 -290.911100 -298.782674 -299.136154 -323.276665 -344.040720 -330.077150 -300.557241 -268.971999 -234.856117 -214.548777 -227.489960 -230.240139 -219.286860 -190.446853 -174.149839 -175.977270 -196.895552 -173.693395 -157.081101 -147.470449 -148.642865 -157.600638 -142.889947 -126.332668 -133.216165 -151.023558 -147.265193 -135.223285 -120.652641 -136.587744 -203.561998 -226.069299 -229.446206 -235.908325 -249.052962 -255.559698 -230.575130 -229.447890 -237.462102 -255.188823 -287.399608 -331.698061 -349.357788 -310.274213 -265.220165 -206.812569 -9999.0 -9999.0 -9999.0 -9999.0 -9999.0 -9999.0 -9999.0 -9999.0 -9999.0 -9999.0 -9999.0 -9999.0 -9999.0 -9999.0
-9999.0 -9999.0 -9999.0 -9999.0 -9999.0 -9999.0 -9999.0 -9999.0 -9999.0 -417.374639 -414.058758 -407.360745 -406.038239 -390.833813 -392.886373 -386.395442 -378.950608 -353.282760 -322.431463 -287.274924 -258.273624 -268.579018 -268.580549 -256.567798 -249.550317 -235.724446 -213.882272 -172.749178 -130.306802 -88.288642 -117.233122 -118.888866 -96.653331 -36.965829 14.028579 28.019788 10.924949 15.864302 42.233371 66.912647 65.154657 62.657243 86.993754 100.209005 105.413118 86.836386 71.055875 70.340446 96.410181 41.209368 -33.703484 -102.411830 -104.741458 -137.538630 -179.798055 -203.368467 -207.580293 -185.776940 -201.060974 -238.549578 -275.210701 -284.575247 -300.983788 -284.137210 -260.887139 -213.311222 -174.398617 -145.333848 -144.684320 -161.734108 -9999.0 -9999.0 -9999.0 -9999.0 -9999.0 -9999.0 -9999.0 -9999.0 -9999.0 -9999.0
-9999.0 -9999.0 -9999.0 -9999.0 -9999.0 -9999.0 -495.276975 -486.867909 -467.652261 -462.496079 -438.766869 -431.822412 -411.941455 -393.195080 -373.255422 -356.788868 -326.110316 -293.645776 -251.870892 -206.943375 -173.167513 -176.967505 -166.551947 -131.047527 -82.152297 -36.339319 -4.120975 37.552132 115.777870 159.769816 173.823948 182.312909 206.702378 327.103962 462.901383 491.059564 480.905619 471.302558 483.410577 505.427082 506.457102 504.692013 508.828494 513.137994 532.067801 528.662419 504.814690 498.003993 496.458723 483.891028 404.225585 219.277986 152.833845 99.013393 14.683299 -51.806743 -65.208001 -53.853406 -86.711462 -141.932424 -186.013155 -197.801080 -212.816216 -226.973361 -221.295642 -201.400067 -177.478527 -165.521926 -177.405235 -197.479310 -220.152707 -248.584511 -246.598799 -220.911973 -9999.0 -9999.0 -9999.0 -9999.0 -9999.0 -9999.0
-9999.0 -9999.0 -9999.0 -9999.0 -544.427177 -532.507040 -544.545415 -521.690690 -490.501133 -458.137803 -426.574866 -389.973644 -363.560354 -334.271438 -292.462417 -253.868728 -209.387487 -173.701449 -115.899742 -38.292936 28.264584 60.436093 77.154839 144.337995 243.492999 413.663972 461.921192 481.870427 503.375070 539.063377 554.020477 557.455137 572.950476 608.788648 653.546550 680.746552 671.594599 669.406938 671.819311 675.455464 690.039149 688.381851 688.420913 688.371883 689.809106 692.247107 681.165240 662.422217 656.322517 650.860923 628.376534 560.747804 529.034866 511.936049 492.366538 429.418288 249.562691 196.327210 129.004410 69.417549 -5.363995 -44.499401 -81.731707 -110.146683 -142.586869 -142.262324 -139.186423 -158.529753 -188.543968 -219.912197 -234.340044 -252.547109 -262.283430 -232.010421 -213.995849 -182.744094 -9999.0 -9999.0 -9999.0 -9999.0
-9999.0 -9999.0 -601.606482 -552.118869 -497.062844 -489.302134 -487.962376 -483.995909 -458.147202 -408.462932 -329.838842 -276.127473 -230.900051 -200.084940 -137.855705 -42.687764 41.931860 94.362970 163.877933 284.122539 438.052576 485.866255 497.531307 522.078649 564.260106 624.836184 647.230685 661.893770 675.404316 690.409137 706.560111 720.157353 726.169222 725.545966 727.764141 727.603496 727.272606 726.432198 711.861487 709.591002 714.935271 716.485074 719.554469 708.049531 704.250830 716.365841 720.107621 723.139805 726.337442 733.728150 739.694191 707.592022 671.536526 665.328437 662.927629 629.548492 568.727224 535.531110 524.361132 496.235223 407.530052 235.824717 151.488254 88.039491 18.784772 -20.510583 -69.837106 -111.364325 -156.248018 -200.876847 -223.722318 -241.616787 -243.269896 -242.093244 -225.564998 -209.524535 -193.800830 -185.827380 -9999.0 -9999.0
-9999.0 -699.773258 -627.562068 -500.769566 -423.020256 -379.239429 -339.743555 -310.842740 -286.507920 -271.210535 -160.511194 -41.980531 51.351192 83.928687 149.917734 351.470754 473.807591 510.022564 535.328817 579.501157 633.809946 666.811494 682.441935 703.008809 728.989229 732.206020 732.014876 731.743931 723.551579 714.148403 703.500704 710.449723 709.273360 694.788374 682.465938 681.244943 680.415322 668.464535 654.024598 647.761204 651.160885 666.754521 659.485599 646.449616 643.829647 656.660272 667.291531 661.384362 652.955854 664.057585 686.097960 698.857891 713.533437 727.348485 745.498984 721.507309 692.527696 667.383318 659.728209 645.364427 606.875770 548.638015 505.526707 433.875421 259.306541 147.590400 66.686703 0.762588 -65.652720 -105.791687 -137.843773 -190.108725 -213.039148 -210.834641 -219.537722 -221.605807 -214.633807 -208.022811 -9999.0 -9999.0
-9999.0 -770.772170 -627.882870 -443.089145 -296.898108 -233.669994 -105.653042 -15.074306 11.045018 -11.251278 109.796904 434.602341 521.886814 528.756672 577.042701 649.087627 680.843880 705.718970 721.470491 718.932565 717.891608 721.593686 716.681187 709.040647 696.890508 692.630538 694.752088 696.000745 687.160477 675.188943 660.957654 659.311524 649.260928 618.821169 580.458766 561.653426 552.040656 541.728603 522.586137 508.179222 500.290752 515.164590 508.895019 497.069581 493.825280 508.051869 529.655264 523.436663 527.447179 544.799431 581.723249 620.080091 635.898867 652.691177 673.376996 700.336938 715.079747 735.410322 740.470198 719.879086 689.802609 657.844385 641.667859 602.210772 537.744100 460.176968 320.922262 207.932075 124.866397 67.829570 3.572437 -61.715119 -122.691498 -149.915492 -188.824316 -209.398958 -9999.0 -9999.0 -9999.0 -9999.0
-9999.0 -835.624540 -644.677359 -380.045652 -119.065658 33.453256 364.491720 490.992933 530.237815 573.773895 589.506115 693.339839 712.888553 701.086036 683.420243 683.748432 693.911038 695.824168 690.493120 681.992450 675.748330 673.541582 672.901019 669.186518 663.671272 657.084604 652.406651 649.429223 628.622340 602.529761 557.491693 542.485292 515.720916 422.773286 288.550439 214.707070 145.580233 137.215343 127.052590 97.899877 79.615885 64.378948 82.942959 82.728163 82.825227 89.800674 109.902682 129.382588 175.973897 229.025542 332.871583 461.065100 501.544262 533.868499 571.080390 622.561026 644.577543 662.307586 691.144110 718.905537 738.605860 731.479116 707.422402 683.720010 642.789287 604.217890 567.365877 516.819878 473.178563 400.611333 234.221357 132.370010 39.021329 -58.826513 -100.920460 -9999.0 -9999.0 -9999.0 -9999.0 -9999.0
-9999.0 -988.475989 -721.319670 -426.010241 -83.576957 344.367466 479.150518 591.036014 658.304062 620.496963 615.669466 630.333128 655.453824 657.597936 644.419444 642.981177 637.539638 635.578079 639.835172 606.366307 573.992561 561.398539 561.371782 554.054892 539.698761 530.729374 525.763231 516.446794 481.461275 410.043243 206.429750 159.440452 79.524689 8.248823 -50.206777 -103.695056 -157.022997 -158.690832 -142.590979 -158.956647 -181.004596 -199.689021 -174.180518 -158.853221 -148.117246 -158.184146 -149.626063 -115.023685 -66.126769 -21.995035 34.372977 101.072338 154.223654 220.275673 297.692649 444.254602 502.205484 539.310881 606.390664 658.362536 676.317088 697.850481 729.212227 747.304724 709.095231 678.735853 655.291062 630.329815 588.879302 560.152211 517.382040 441.266371 263.860014 -9999.0 -9999.0 -9999.0 -9999.0 -9999.0 -9999.0 -9999.0
-9999.0 -1122.854894 -890.280743 -642.095823 -343.636320 -99.644615 81.090343 238.517587 413.996241 446.688703 467.458840 486.574858 504.653303 519.284141 504.739465 481.599076 463.124610 463.018133 442.733248 343.373097 247.268768 212.709425 208.462688 198.014426 166.044488 148.484237 137.286725 113.887537 75.549563 13.414803 -82.526725 -153.553427 -215.834324 -252.085337 -283.467252 -317.208944 -356.408739 -345.228354 -329.999776 -334.586734 -347.200363 -351.883931 -321.863255 -303.406956 -293.435079 -307.257530 -289.026475 -262.348988 -221.069401 -180.130072 -132.757290 -78.435979 -25.810698 5.842037 27.778037 70.895665 122.183744 203.716548 411.086331 514.839216 576.699266 620.736790 655.849771 678.040346 689.857723 712.062363 704.419629 655.905915 590.285687 608.088574 610.217802 -9999.0 -9999.0 -9999.0 -9999.0 -9999.0 -9999.0 -9999.0 -9999.0 -9999.0
-9999.0 -9999.0 -1127.245526 -935.984393 -775.229240 -592.417718 -447.799219 -344.798685 -265.721024 -170.579368 -74.127057 3.053808 43.050539 58.810810 40.857208 -0.041836 -28.479749 -30.489803 -44.335859 -67.976332 -98.890988 -110.210577 -119.772728 -127.427534 -140.806257 -147.951912 -152.949993 -163.796072 -186.557200 -234.300804 -288.496452 -341.308813 -395.828666 -420.381472 -441.892898 -464.225276 -467.591716 -468.897048 -461.786918 -460.540305 -455.347255 -443.779411 -423.069657 -401.963941 -392.801954 -386.202506 -373.982098 -350.724439 -317.936461 -277.474110 -225.855873 -171.174935 -134.124263 -122.984421 -132.479081 -125.495758 -101.962764 -53.385051 48.121641 152.002683 300.851102 457.606549 532.959211 581.260480 611.305485 630.961785 650.539931 612.199644 394.649762 555.232146 -9999.0 -9999.0 -9999.0 -9999.0 -9999.0 -9999.0 -9999.0 -9999.0 -9999.0 -9999.0
-9999.0 -9999.0 -9999.0 -9999.0 -1078.951088 -922.102974 -829.789751 -749.425495 -632.625981 -528.451445 -439.357028 -364.562962 -312.080843 -288.699990 -301.335977 -308.435029 -317.790988 -321.684756 -330.609907 -336.733369 -342.642063 -350.263509 -361.060623 -368.361647 -368.878235 -365.152750 -366.811174 -379.489160 -394.752118 -421.822377 -445.549435 -480.195495 -516.685326 -545.226978 -557.771917 -564.475573 -563.935963 -569.082530 -559.397266 -553.159453 -538.406103 -523.044863 -499.160272 -471.136657 -458.898587 -445.005149 -435.585090 -415.121409 -385.749554 -333.652570 -271.987926 -217.123101 -184.747583 -182.667142 -210.362879 -227.651454 -232.178893 -204.987558 -157.366094 -85.641842 23.455809 112.814604 196.009367 298.374830 437.301388 505.347526 579.779212 607.974632 -9999.0 -9999.0 -9999.0 -9999.0 -9999.0 -9999.0 -9999.0 -9999.0 -9999.0 -9999.0 -9999.0 -9999.0
-9999.0 -9999.0 -9999.0 -9999.0 -9999.0 -9999.0 -1136.082242 -1042.198682 -954.850811 -836.638260 -727.803510 -639.413063 -567.966705 -544.715408 -528.687897 -507.144966 -511.970853 -528.507783 -544.454621 -528.157868 -518.907822 -523.352031 -549.958963 -551.238851 -547.699873 -538.110080 -538.902374 -544.513477 -568.605520 -560.483404 -561.703453 -584.083586 -609.522042 -623.519886 -634.686298 -624.521319 -623.459040 -635.638944 -632.937206 -607.080238 -587.564009 -574.178173 -551.751800 -518.884939 -487.230739 -473.323707 -472.683937 -466.828422 -425.733053 -356.201808 -286.718636 -234.443015 -205.080252 -199.190726 -229.357691 -272.403503 -296.313872 -291.832588 -259.083025 -207.364886 -131.429018 -80.773656 -46.124056 -15.384707 28.864247 134.246286 -9999.0 -9999.0 -9999.0 -9999.0 -9999.0 -9999.0 -9999.0 -9999.0 -9999.0 -9999.0 -9999.0 -9999.0 -9999.0 -9999.0
-9999.0 -9999.0 -9999.0 -9999.0 -9999.0 -9999.0 -9999.0 -9999.0 -9999.0 -9999.0 -9999.0 -9999.0 -9999.0 -9999.0 -9999.0 -9999.0 -9999.0 -9999.0 -9999.0 -9999.0 -9999.0 -9999.0 -9999.0 -9999.0 -9999.0 -9999.0 -9999.0 -9999.0 -9999.0 -9999.0 -9999.0 -9999.0 -9999.0 -9999.0 -9999.0 -9999.0 -9999.0 -9999.0 -9999.0 -9999.0 -9999.0 -9999.0 -9999.0 -9999.0 -9999.0 -9999.0 -9999.0 -9999.0 -9999.0 -9999.0 -9999.0 -9999.0 -9999.0 -9999.0 -9999.0 -9999.0 -9999.0 -9999.0 -9999.0 -9999.0 -9999.0 -9999.0 -9999.0 -9999.0 -9999.0 -9999.0 -9999.0 -9999.0 -9999.0 -9999.0 -9999.0 -9999.0 -9999.0 -9999.0 -9999.0 -9999.0 -9999.0 -9999.0 -9999.0 -9999.0
-9999.0 -9999.0 -9999.0 -9999.0 -9999.0 -9999.0 -9999.0 -9999.0 -9999.0 -9999.0 -9999.0 -9999.0 -9999.0 -9999.0 -9999.0 -9999.0 -9999.0 -9999.0 -9999.0 -9999.0 -9999.0 -9999.0 -9999.0 -9999.0 -9999.0 -9999.0 -9999.0 -9999.0 -9999.0 -9999.0 -9999.0 -9999.0 -9999.0 -9999.0 -9999.0 -9999.0 -9999.0 -9999.0 -9999.0 -9999.0 -9999.0 -9999.0 -9999.0 -9999.0 -9999.0 -9999.0 -9999.0 -9999.0 -9999.0 -9999.0 -9999.0 -9999.0 -9999.0 -9999.0 -9999.0 -9999.0 -9999.0 -9999.0 -9999.0 -9999.0 -9999.0 -9999.0 -9999.0 -9999.0 -9999.0 -9999.0 -9999.0 -9999.0 -9999.0 -9999.0 -9999.0 -9999.0 -9999.0 -9999.0 -9999.0 -9999.0 -9999.0 -9999.0 -9999.0 -9999.0