Borden_/Borden1m_014/output_maps/psiliqL0007N0039.asc
ncols         80
nrows         18
xllcorner     620200.000000
yllcorner     5168000.000000
cellsize      1.000000
NODATA_value  -9999.0
-9999.0 -9999.0 -9999.0 -9999.0 -9999.0 -9999.0 -9999.0 -9999.0 -9999.0 -9999.0 -9999.0 -9999.0 -9999.0 -9999.0 -9999.0 -9999.0 -9999.0 -9999.0 -9999.0 -9999.0 -9999.0 -9999.0 -9999.0 -9999.0 -9999.0 -9999.0 -9999.0 -9999.0 -9999.0 -9999.0 -9999.0 -9999.0 -9999.0 -9999.0 -9999.0 -9999.0 -9999.0 -9999.0 -9999.0 -9999.0 -9999.0 -9999.0 -9999.0 -9999.0 -9999.0 -9999.0 -9999.0 -9999.0 -9999.0 -9999.0 -9999.0 -9999.0 -9999.0 -9999.0 -9999.0 -9999.0 -9999.0 -9999.0 -9999.0 -9999.0 -9999.0 -9999.0 -9999.0 -9999.0 -9999.0 -9999.0 -9999.0 -9999.0 -9999.0 -9999.0 -9999.0 -9999.0 -9999.0 -9999.0 -9999.0 -9999.0 -9999.0 -9999.0 -9999.0 -9999.0
-9999.0 -9999.0 -9999.0 -9999.0 -9999.0 -9999.0 -9999.0 -9999.0 -9999.0 -9999.0 -9999.0 -9999.0 -9999.0 -9999.0 -9999.0 -9999.0 -9999.0 -9999.0 -9999.0 -9999.0 -9999.0 -9999.0 -9999.0 -9999.0 -9999.0 -9999.0 -9999.0 -9999.0 -9999.0 -9999.0 -9999.0 -9999.0 -9999.0 -9999.0 -9999.0 -9999.0 -9999.0 -9999.0 -9999.0 -9999.0 -9999.0 -9999.0 -9999.0 -9999.0 -9999.0 -9999.0 -9999.0 -9999.0 -9999.0 -9999.0 -9999.0 -9999.0 -9999.0 -9999.0 -9999.0 -9999.0 -9999.0 -9999.0 -9999.0 -9999.0 -9999.0 -9999.0 -9999.0 -9999.0 -9999.0 -9999.0 -9999.0 -9999.0 -9999.0 -9999.0 -9999.0 -9999.0 -9999.0 -9999.0 -9999.0 -9999.0 -9999.0 -9999.0 -9999.0 -9999.0
-9999.0 -9999.0 -9999.0 -9999.0 -9999.0 -9999.0 -9999.0 -9999.0 -9999.0 -9999.0 -9999.0 -9999.0 -9999.0 -9999.0 -9999.0 -9999.0 -9999.0 -9999.0 -9999.0 -9999.0 -470.390586 -467.279977 -490.274813 -524.510785 -553.167178 -551.454990 -516.447689 -475.370242 -437.454945 -426.684949 -444.894036 -443.597097 -448.745965 -448.522949 -445.162143 -439.113111 -436.589226 -424.646131 -415.724359 -415.649640 -421.739249 -427.532315 -428.848879 -425.008926 -420.033963 -428.964073 -415.468640 -399.879354 -393.315400 -399.047878 -427.475262 -443.939684 -452.228986 -466.713432 -442.092478 -429.254527 -405.881602 -401.386074 -402.449030 -429.669312 -459.853162 -9999.0 -9999.0 -9999.0 -9999.0 -9999.0 -9999.0 -9999.0 -9999.0 -9999.0 -9999.0 -9999.0 -9999.0 -9999.0 -9999.0 -9999.0 -9999.0 -9999.0 -9999.0 -9999.0
-9999.0 -9999.0 -9999.0 -9999.0 -9999.0 -9999.0 -9999.0 -9999.0 -9999.0 -9999.0 -9999.0 -9999.0 -9999.0 -9999.0 -560.400636 -570.863131 -574.175581 -565.836260 -532.151800 -502.332906 -489.679716 -497.481720 -497.735455 -521.493794 -541.775958 -527.715012 -498.453782 -466.888910 -432.129540 -410.694687 -423.679605 -426.301363 -414.852000 -384.998021 -368.215767 -370.356982 -392.771459 -369.179124 -350.972425 -339.321043 -339.381380 -347.893659 -331.037580 -312.850414 -319.974895 -339.787188 -337.988824 -326.430491 -310.970752 -329.469155 -399.492886 -422.942462 -426.593074 -433.733893 -447.369510 -454.152956 -429.227727 -427.969831 -436.161506 -454.059874 -486.158302 -530.099577 -547.686115 -509.006910 -464.112300 -405.394848 -9999.0 -9999.0 -9999.0 -9999.0 -9999.0 -9999.0 -9999.0 -9999.0 -9999.0 -9999.0 -9999.0 -9999.0 -9999.0 -9999.0
-9999.0 -9999.0 -9999.0 -9999.0 -9999.0 -9999.0 -9999.0 -9999.0 -9999.0 -616.589156 -613.354718 -606.567622 -605.192322 -589.839551 -591.723976 -585.103147 -577.271619 -551.528426 -520.578735 -485.444114 -456.342540 -466.584804 -466.229681 -453.248870 -445.025206 -430.962071 -408.884265 -365.137949 -316.825273 -268.474414 -297.378757 -298.203383 -274.500306 -212.917265 -161.178667 -146.625721 -169.959849 -165.629572 -131.235226 -96.894688 -90.643188 -89.796104 -61.216741 -46.110405 -39.912183 -61.896652 -88.692521 -94.675426 -69.560770 -132.021157 -216.526798 -284.704943 -289.150711 -326.695678 -374.123598 -399.854505 -403.853102 -381.474744 -397.814867 -436.438680 -473.522802 -482.765075 -499.154153 -482.808981 -459.749703 -412.014826 -372.796973 -343.301517 -342.690179 -360.190005 -9999.0 -9999.0 -9999.0 -9999.0 -9999.0 -9999.0 -9999.0 -9999.0 -9999.0 -9999.0
-9999.0 -9999.0 -9999.0 -9999.0 -9999.0 -9999.0 -694.730205 -686.369514 -667.116465 -661.732877 -637.977174 -630.767517 -610.586103 -591.489699 -571.374754 -554.404034 -523.249218 -490.518758 -447.926347 -401.425509 -365.963185 -368.324962 -355.480352 -314.893335 -261.908898 -219.468526 -186.177129 -132.756236 -39.606872 15.200938 33.643665 41.521114 51.662629 94.585620 155.592146 173.417476 153.719856 139.905202 161.246003 204.611081 242.656098 248.372294 256.197118 264.247355 289.592670 279.366057 211.327371 184.097536 173.469846 159.063438 105.470753 44.885029 -4.239662 -62.287542 -161.117502 -238.472768 -245.365499 -232.094633 -271.334064 -332.559939 -380.536057 -393.162560 -409.087383 -424.250261 -419.277585 -399.617706 -375.626934 -363.826186 -376.087591 -396.467644 -419.435211 -448.014719 -446.096313 -420.327163 -9999.0 -9999.0 -9999.0 -9999.0 -9999.0 -9999.0
-9999.0 -9999.0 -9999.0 -9999.0 -744.030397 -732.087931 -743.941174 -721.123993 -689.750817 -657.165353 -624.983570 -587.680438 -560.707097 -530.989424 -488.358044 -447.837900 -400.177536 -360.576130 -296.904170 -211.700130 -140.073111 -100.782517 -74.379014 -3.313835 60.393850 110.177347 130.908367 160.216232 209.264007 295.568149 326.106207 333.594016 347.712532 377.297508 414.085069 447.050595 429.937465 426.917937 432.636097 443.534666 471.081717 473.406146 475.032419 475.743739 478.076445 477.913711 453.287250 419.869622 402.597569 385.934689 372.116475 310.709435 241.802820 205.353533 176.461755 128.427506 59.496812 32.603459 -30.642559 -96.534477 -184.543132 -223.106650 -265.345501 -298.314326 -334.709621 -336.616121 -335.222474 -356.106950 -387.081320 -419.045295 -433.694346 -451.997867 -461.683785 -431.453644 -413.409775 -381.917324 -9999.0 -9999.0 -9999.0 -9999.0
-9999.0 -9999.0 -801.261174 -751.435447 -696.271828 -688.224222 -686.195849 -681.890355 -655.648302 -605.373533 -525.499125 -470.348974 -421.767103 -388.054601 -319.992118 -215.691971 -111.012328 -49.718430 16.199332 81.830852 142.652549 184.517826 226.070667 272.914621 319.396126 362.330202 392.357480 410.392092 446.896790 479.090194 502.440502 518.312184 523.204355 519.950380 519.255321 518.586543 514.938930 510.829276 495.022460 493.139746 501.117037 504.577776 507.752527 495.361670 491.435137 503.733635 505.214772 504.675582 504.823179 511.098719 521.687321 490.618703 437.998907 422.698892 414.713988 376.463914 310.643091 246.024835 219.439088 177.192643 96.751058 42.919154 -12.946640 -74.600399 -145.307789 -194.999846 -255.818920 -304.186186 -353.004590 -399.197867 -422.602011 -440.835912 -442.604721 -441.457173 -425.014619 -408.956162 -393.237519 -385.265900 -9999.0 -9999.0
-9999.0 -898.816578 -826.488764 -699.118458 -620.847873 -576.011984 -533.909630 -503.149647 -478.457820 -463.981364 -345.855756 -212.884270 -97.873298 -58.667927 2.932688 105.675401 225.105756 267.617978 296.541985 342.592706 390.406235 432.141874 464.620507 495.126486 521.659348 519.803198 519.584343 518.747245 512.629336 505.413244 495.697346 502.873886 500.714707 484.354747 470.157800 467.020515 457.805484 435.400369 410.342504 397.872552 402.429550 423.732604 413.399158 393.513389 389.781277 409.556123 425.500287 416.863225 402.251917 412.751012 454.651094 476.181918 491.878944 505.932845 526.242166 503.701563 470.652879 430.058045 413.022861 383.567273 305.898069 239.774516 185.070501 119.697537 54.004303 -19.306171 -93.798100 -170.801710 -252.681024 -298.570245 -333.052983 -387.333007 -411.379900 -409.717688 -418.842797 -421.072163 -414.159258 -407.567993 -9999.0 -9999.0
-9999.0 -968.368134 -825.182865 -639.365736 -492.472530 -426.773691 -295.656401 -191.740742 -150.681109 -174.669467 -38.308126 211.498225 289.123836 300.135632 359.518539 433.554688 474.355810 500.624213 515.924762 512.117114 507.981155 511.457856 510.030539 502.745457 489.107647 481.938201 481.117705 478.210996 458.702783 439.480652 422.813621 420.016391 404.260144 367.220946 330.848676 310.337450 282.000617 255.960693 220.826223 195.031334 182.938801 202.609965 192.357429 173.671382 169.807472 193.443054 225.985172 219.499974 223.306132 245.230240 290.716420 348.903274 373.246922 400.460770 436.209810 477.690475 496.352095 515.727728 521.819032 497.891526 455.497872 406.169964 372.547417 290.785434 213.626900 131.335191 69.973984 13.604835 -57.219116 -112.566154 -175.102644 -247.454922 -314.438104 -346.463306 -387.127792 -408.643476 -9999.0 -9999.0 -9999.0 -9999.0
-9999.0 -1031.080178 -839.378691 -572.039741 -309.715555 -148.461400 51.974988 192.904966 291.014723 320.879850 381.537286 481.563232 499.324209 488.181873 468.629901 467.575197 479.828240 482.750272 478.010915 467.020849 453.753279 442.654167 449.286976 442.452997 430.458442 416.197197 403.677456 389.155592 330.764699 293.573876 262.597358 247.494299 213.493467 125.237932 82.775087 52.451650 -2.471660 -15.868979 -31.184823 -63.809994 -84.992267 -101.186817 -82.305342 -83.548810 -83.321714 -73.387387 -49.815401 -29.238202 15.130632 50.953274 94.081538 148.864461 183.948555 227.923560 280.026662 355.216484 387.458039 414.043886 459.223935 498.844852 520.274651 511.630672 481.764862 440.146097 372.392940 282.310437 225.780973 149.767734 86.623557 40.485424 3.143760 -47.748494 -125.439597 -245.587305 -295.242008 -9999.0 -9999.0 -9999.0 -9999.0 -9999.0
-9999.0 -1179.942821 -912.506120 -613.669076 -265.965718 61.103821 168.786909 357.358739 431.956784 365.162187 325.771451 370.140164 405.367584 412.437214 390.174447 380.019347 374.673022 374.345844 384.633261 347.873954 303.268733 286.471331 285.871538 274.035023 251.954167 234.139631 220.257436 198.798000 145.253493 96.525023 26.015378 -0.456435 -79.413181 -162.572033 -224.111621 -281.516187 -339.804689 -343.843686 -329.185269 -348.168069 -372.125132 -392.008912 -365.771535 -350.267703 -339.150583 -348.477397 -338.260569 -300.585876 -245.037132 -191.447852 -125.648059 -57.956804 -5.042805 48.701094 83.555843 139.878408 187.827321 235.106899 311.204041 404.750704 438.033643 471.845883 507.528144 523.059091 477.586215 426.451564 367.510184 278.421952 178.009813 130.791833 112.371032 88.346556 41.954923 -9999.0 -9999.0 -9999.0 -9999.0 -9999.0 -9999.0 -9999.0
-9999.0 -1315.556347 -1080.654579 -828.943330 -525.014449 -275.585061 -75.845719 49.366888 157.795737 118.588106 118.922378 149.452787 181.149964 203.152937 179.542330 142.844671 116.743804 119.777610 118.532021 92.235945 61.404935 46.985310 45.815725 38.274278 11.363806 -7.391699 -21.263614 -47.826160 -91.725900 -161.202551 -263.145860 -338.253192 -405.160093 -444.507600 -476.512485 -510.703571 -550.824941 -540.314034 -525.381455 -530.466514 -543.481097 -548.512793 -518.817894 -500.678227 -490.730381 -504.416889 -486.193941 -459.035843 -416.461090 -373.478465 -322.657038 -262.398960 -199.026153 -157.307927 -131.758827 -90.131982 -38.477569 25.735061 110.785716 209.037887 283.881915 347.196615 400.359887 430.270055 445.363132 457.733062 444.390852 363.934502 198.233067 169.615233 168.219251 -9999.0 -9999.0 -9999.0 -9999.0 -9999.0 -9999.0 -9999.0 -9999.0 -9999.0
-9999.0 -9999.0 -1318.203967 -1124.580183 -959.747475 -772.270843 -623.802725 -517.506394 -443.448427 -357.336950 -264.288781 -177.343291 -127.882980 -108.485198 -130.711898 -182.736904 -216.817029 -217.545416 -228.614361 -246.732458 -276.204715 -287.651576 -297.932882 -306.803609 -322.684584 -331.893841 -338.478734 -351.309159 -376.746021 -426.829022 -482.568344 -535.751122 -591.060495 -616.294162 -638.415421 -661.444770 -665.461712 -666.678938 -659.512039 -658.419288 -653.506958 -642.063572 -621.185784 -600.101720 -590.916259 -584.459903 -572.061853 -548.625627 -515.677273 -475.191217 -423.056940 -366.862891 -327.475731 -314.322218 -322.970006 -314.311590 -286.910610 -230.466548 -116.747682 -11.282048 81.751281 153.382528 224.528239 271.708066 286.200915 306.070420 349.818058 259.536733 67.085308 114.731232 -9999.0 -9999.0 -9999.0 -9999.0 -9999.0 -9999.0 -9999.0 -9999.0 -9999.0 -9999.0
-9999.0 -9999.0 -9999.0 -9999.0 -1267.442192 -1109.846325 -1017.537016 -936.314444 -819.466567 -715.302933 -625.821595 -551.556927 -500.903759 -477.973986 -491.164538 -499.667377 -509.047294 -512.232646 -520.659067 -527.270971 -534.038898 -541.998711 -552.690700 -560.363964 -561.575104 -558.488948 -560.456178 -573.411128 -588.919355 -617.247199 -642.138647 -677.566298 -714.785609 -743.730160 -756.512766 -763.570699 -763.098862 -768.176082 -758.437585 -752.373879 -737.663317 -722.243064 -698.243017 -670.199529 -658.032586 -644.093470 -634.520069 -613.766897 -584.137183 -531.945838 -470.433251 -415.263780 -382.277026 -379.807485 -407.748393 -424.817478 -428.519652 -399.545597 -347.370162 -266.090571 -137.832466 -45.642165 26.849010 72.891691 103.584283 146.385968 189.478664 201.664394 -9999.0 -9999.0 -9999.0 -9999.0 -9999.0 -9999.0 -9999.0 -9999.0 -9999.0 -9999.0 -9999.0 -9999.0
-9999.0 -9999.0 -9999.0 -9999.0 -9999.0 -9999.0 -1326.158672 -1232.841794 -1144.158342 -1027.792696 -920.923469 -833.375261 -762.069116 -739.187626 -724.016952 -702.748965 -707.947975 -724.485671 -740.328417 -724.253494 -715.574547 -720.057791 -746.677031 -748.225308 -744.961542 -735.307128 -736.139371 -741.937840 -766.329751 -758.850223 -760.591936 -783.232628 -808.911201 -823.158690 -834.433641 -824.338692 -823.297481 -835.418108 -832.535682 -806.807384 -787.373416 -773.939064 -751.374635 -718.422697 -686.697579 -672.812059 -672.126995 -666.100007 -624.484035 -554.642524 -485.375369 -433.108563 -403.468389 -397.323111 -427.679080 -470.578372 -493.951835 -488.885931 -455.455610 -401.476681 -319.708202 -262.276319 -220.714929 -188.088244 -147.623593 -38.666383 -9999.0 -9999.0 -9999.0 -9999.0 -9999.0 -9999.0 -9999.0 -9999.0 -9999.0 -9999.0 -9999.0 -9999.0 -9999.0 -9999.0
-9999.0 -9999.0 -9999.0 -9999.0 -9999.0 -9999.0 -9999.0 -9999.0 -9999.0 -9999.0 -9999.0 -9999.0 -9999.0 -9999.0 -9999.0 -9999.0 -9999.0 -9999.0 -9999.0 -9999.0 -9999.0 -9999.0 -9999.0 -9999.0 -9999.0 -9999.0 -9999.0 -9999.0 -9999.0 -9999.0 -9999.0 -9999.0 -9999.0 -9999.0 -9999.0 -9999.0 -9999.0 -9999.0 -9999.0 -9999.0 -9999.0 -9999.0 -9999.0 -9999.0 -9999.0 -9999.0 -9999.0 -9999.0 -9999.0 -9999.0 -9999.0 -9999.0 -9999.0 -9999.0 -9999.0 -9999.0 -9999.0 -9999.0 -9999.0 -9999.0 -9999.0 -9999.0 -9999.0 -9999.0 -9999.0 -9999.0 -9999.0 -9999.0 -9999.0 -9999.0 -9999.0 -9999.0 -9999.0 -9999.0 -9999.0 -9999.0 -9999.0 -9999.0 -9999.0 -9999.0
-9999.0 -9999.0 -9999.0 -9999.0 -9999.0 -9999.0 -9999.0 -9999.0 -9999.0 -9999.0 -9999.0 -9999.0 -9999.0 -9999.0 -9999.0 -9999.0 -9999.0 -9999.0 -9999.0 -9999.0 -9999.0 -9999.0 -9999.0 -9999.0 -9999.0 -9999.0 -9999.0 -9999.0 -9999.0 -9999.0 -9999.0 -9999.0 -9999.0 -9999.0 -9999.0 -9999.0 -9999.0 -9999.0 -9999.0 -9999.0 -9999.0 -9999.0 -9999.0 -9999.0 -9999.0 -9999.0 -9999.0 -9999.0 -9999.0 -9999.0 -9999.0 -9999.0 -9999.0 -9999.0 -9999.0 -9999.0 -9999.0 -9999.0 -9999.0 -9999.0 -9999.0 -9999.0 -9999.0 -9999.0 -9999.0 -9999.0 -9999.0 -9999.0 -9999.0 -9999.0 -9999.0 -9999.0 -9999.0 -9999.0 -9999.0 -9999.0 -9999.0 -9999.0 -9999.0 -9999.0