Borden_/Borden1m_014/output_maps/psiliqL0002N0019.asc
ncols         80
nrows         18
xllcorner     620200.000000
yllcorner     5168000.000000
cellsize      1.000000
NODATA_value  -9999.0
-9999.0 -9999.0 -9999.0 -9999.0 -9999.0 -9999.0 -9999.0 -9999.0 -9999.0 -9999.0 -9999.0 -9999.0 -9999.0 -9999.0 -9999.0 -9999.0 -9999.0 -9999.0 -9999.0 -9999.0 -9999.0 -9999.0 -9999.0 -9999.0 -9999.0 -9999.0 -9999.0 -9999.0 -9999.0 -9999.0 -9999.0 -9999.0 -9999.0 -9999.0 -9999.0 -9999.0 -9999.0 -9999.0 -9999.0 -9999.0 -9999.0 -9999.0 -9999.0 -9999.0 -9999.0 -9999.0 -9999.0 -9999.0 -9999.0 -9999.0 -9999.0 -9999.0 -9999.0 -9999.0 -9999.0 -9999.0 -9999.0 -9999.0 -9999.0 -9999.0 -9999.0 -9999.0 -9999.0 -9999.0 -9999.0 -9999.0 -9999.0 -9999.0 -9999.0 -9999.0 -9999.0 -9999.0 -9999.0 -9999.0 -9999.0 -9999.0 -9999.0 -9999.0 -9999.0 -9999.0
-9999.0 -9999.0 -9999.0 -9999.0 -9999.0 -9999.0 -9999.0 -9999.0 -9999.0 -9999.0 -9999.0 -9999.0 -9999.0 -9999.0 -9999.0 -9999.0 -9999.0 -9999.0 -9999.0 -9999.0 -9999.0 -9999.0 -9999.0 -9999.0 -9999.0 -9999.0 -9999.0 -9999.0 -9999.0 -9999.0 -9999.0 -9999.0 -9999.0 -9999.0 -9999.0 -9999.0 -9999.0 -9999.0 -9999.0 -9999.0 -9999.0 -9999.0 -9999.0 -9999.0 -9999.0 -9999.0 -9999.0 -9999.0 -9999.0 -9999.0 -9999.0 -9999.0 -9999.0 -9999.0 -9999.0 -9999.0 -9999.0 -9999.0 -9999.0 -9999.0 -9999.0 -9999.0 -9999.0 -9999.0 -9999.0 -9999.0 -9999.0 -9999.0 -9999.0 -9999.0 -9999.0 -9999.0 -9999.0 -9999.0 -9999.0 -9999.0 -9999.0 -9999.0 -9999.0 -9999.0
-9999.0 -9999.0 -9999.0 -9999.0 -9999.0 -9999.0 -9999.0 -9999.0 -9999.0 -9999.0 -9999.0 -9999.0 -9999.0 -9999.0 -9999.0 -9999.0 -9999.0 -9999.0 -9999.0 -9999.0 -525.233528 -524.199970 -526.152009 -528.312185 -530.199387 -530.500926 -528.435469 -526.163318 -523.514766 -523.083812 -525.422231 -524.755901 -525.718272 -526.340484 -526.464325 -525.815937 -525.477812 -524.654835 -524.169155 -524.496025 -525.184690 -525.633048 -526.126242 -526.041939 -525.206766 -526.320516 -524.749511 -523.291394 -522.835228 -522.704306 -524.521870 -525.195006 -525.416737 -527.283679 -523.931832 -523.104919 -520.826883 -520.682002 -520.135953 -522.681842 -525.187784 -9999.0 -9999.0 -9999.0 -9999.0 -9999.0 -9999.0 -9999.0 -9999.0 -9999.0 -9999.0 -9999.0 -9999.0 -9999.0 -9999.0 -9999.0 -9999.0 -9999.0 -9999.0 -9999.0
-9999.0 -9999.0 -9999.0 -9999.0 -9999.0 -9999.0 -9999.0 -9999.0 -9999.0 -9999.0 -9999.0 -9999.0 -9999.0 -9999.0 -528.244591 -529.399067 -529.957057 -530.433058 -528.577849 -527.225388 -527.375863 -528.577970 -527.477773 -529.698442 -531.706087 -530.513808 -528.980208 -527.909279 -525.915320 -524.328856 -525.921586 -526.317961 -525.534745 -522.569209 -521.373852 -522.069406 -525.783304 -522.321283 -520.760448 -519.755608 -519.896061 -521.597499 -519.363069 -516.737470 -518.160491 -520.945505 -520.290834 -518.779261 -516.209655 -517.246022 -525.869087 -526.417683 -525.828572 -525.470009 -526.632809 -527.533657 -524.182660 -524.785219 -525.243731 -525.554560 -527.214191 -530.177364 -531.569406 -528.331449 -525.742394 -520.107127 -9999.0 -9999.0 -9999.0 -9999.0 -9999.0 -9999.0 -9999.0 -9999.0 -9999.0 -9999.0 -9999.0 -9999.0 -9999.0 -9999.0
-9999.0 -9999.0 -9999.0 -9999.0 -9999.0 -9999.0 -9999.0 -9999.0 -9999.0 -529.753651 -530.135582 -529.850324 -530.709415 -529.752603 -531.615443 -531.251994 -531.684141 -530.419549 -529.571893 -527.930643 -525.516558 -527.484966 -527.767267 -526.471895 -526.447801 -526.123259 -525.282611 -521.502334 -517.350215 -510.181256 -516.674918 -516.941690 -513.542305 -499.936972 -488.281742 -485.152366 -490.945428 -491.006365 -483.580061 -474.688077 -475.409868 -476.380999 -466.686508 -461.083133 -456.816233 -465.715668 -473.822163 -475.182973 -462.925267 -482.983594 -500.036219 -514.851114 -513.717379 -518.174297 -522.944117 -524.546229 -525.346116 -521.532206 -522.816239 -525.966280 -528.512259 -527.330530 -528.909451 -527.371989 -526.554732 -522.349958 -518.661509 -514.951311 -514.772455 -517.193056 -9999.0 -9999.0 -9999.0 -9999.0 -9999.0 -9999.0 -9999.0 -9999.0 -9999.0 -9999.0
-9999.0 -9999.0 -9999.0 -9999.0 -9999.0 -9999.0 -531.365960 -531.577934 -531.004390 -533.348164 -531.934638 -533.130004 -532.143065 -531.829159 -531.274034 -531.461768 -529.909006 -528.666820 -526.461950 -523.467738 -520.597765 -522.518853 -521.843404 -517.615558 -507.957697 -498.889901 -493.658355 -484.283887 -451.877766 -412.969647 -384.538145 -364.135273 -314.079789 -295.445748 -263.149829 -198.288271 -266.667629 -279.060736 -270.789285 -246.616387 -170.176950 -169.538757 -164.599028 -157.776178 -132.121273 -136.842063 -242.743400 -260.966120 -264.764210 -267.450076 -290.227948 -318.476425 -426.077293 -461.040980 -489.215806 -503.844335 -506.828462 -505.326500 -511.056658 -518.601214 -522.882305 -522.604011 -523.333514 -525.052399 -524.199045 -522.582912 -519.971999 -518.261456 -519.501493 -521.087901 -522.096835 -524.926285 -524.417533 -521.644500 -9999.0 -9999.0 -9999.0 -9999.0 -9999.0 -9999.0
-9999.0 -9999.0 -9999.0 -9999.0 -534.589507 -533.608673 -536.693189 -535.056063 -533.892058 -533.102119 -533.395337 -531.934654 -531.748394 -530.814718 -528.642867 -527.183790 -524.199417 -522.127487 -515.462155 -499.403518 -484.124073 -475.022698 -470.622762 -428.529211 -314.239864 -287.943712 -281.115335 -269.911895 -241.260078 -124.201160 -98.343596 -120.530529 -74.243220 -77.557021 -10.493138 20.165719 4.026668 -34.987713 -1.041396 5.641214 28.927030 29.382056 30.229100 30.234080 32.172229 34.025045 15.108953 -47.903741 -25.673005 -66.330463 -50.119901 -109.794577 -212.323919 -244.796124 -257.558027 -278.807803 -310.663441 -352.643703 -446.875435 -473.214825 -494.920017 -503.143107 -510.671657 -513.932758 -518.598797 -517.578701 -516.076977 -518.376999 -521.264747 -523.993301 -524.074703 -525.227955 -526.787424 -523.085031 -522.010161 -518.155269 -9999.0 -9999.0 -9999.0 -9999.0
-9999.0 -9999.0 -534.490993 -534.659955 -532.133827 -533.965923 -535.056012 -536.602872 -536.192987 -533.897883 -529.651556 -528.307527 -525.728423 -524.531029 -517.945899 -499.196379 -477.725915 -459.883507 -399.233462 -307.147759 -278.219251 -256.383017 -180.749654 -164.150442 -101.096765 -55.939767 -33.059965 -13.086035 8.618451 34.442700 60.474094 72.095155 81.583334 72.525039 74.693274 70.055741 70.772804 64.743166 49.540584 46.594089 54.181950 55.532416 59.679829 47.089699 43.545904 55.764132 58.233928 57.794130 61.388897 67.747231 79.822055 50.625893 -1.460901 -43.865569 -14.604736 -51.952231 -108.507873 -199.045198 -231.058330 -257.357410 -294.162364 -318.586527 -429.989395 -467.172044 -488.658324 -499.006651 -508.447054 -513.967191 -518.897434 -523.559961 -524.776043 -525.425722 -524.559958 -525.220233 -523.288705 -521.959115 -519.780531 -519.034799 -9999.0 -9999.0
-9999.0 -535.007501 -536.220687 -531.818087 -531.597712 -531.054541 -530.288421 -529.646203 -528.658975 -530.748437 -519.297742 -496.027517 -471.501018 -462.652227 -417.508893 -299.471699 -180.302570 -168.878528 -122.604841 -113.074229 -35.444809 0.971638 24.817866 56.866293 81.471155 73.913475 72.997670 71.769276 61.879225 55.671602 44.991625 54.279878 51.559696 37.708872 25.422164 24.579935 22.077480 -3.583980 -25.616163 -38.016920 -32.208359 -12.242492 -21.492693 -41.723490 -45.305434 -26.213772 -10.925295 -51.631334 -30.760377 -41.846936 14.483786 30.150644 46.676785 59.499721 80.350232 57.903823 26.044164 -10.314558 -22.853511 -46.073913 -139.177927 -197.724340 -247.274501 -285.156557 -315.860671 -434.067074 -474.103347 -494.399664 -508.426320 -513.250969 -516.103086 -522.679485 -524.128296 -522.408641 -523.269887 -523.352378 -522.510327 -521.887276 -9999.0 -9999.0
-9999.0 -539.605842 -535.451120 -531.165156 -526.123209 -526.441929 -506.094360 -487.384084 -482.043215 -492.505653 -443.400834 -175.511483 -113.984906 -114.177741 -62.007694 4.652993 44.665243 64.815262 80.356317 68.889241 64.943889 65.160899 61.720632 52.991192 39.084282 31.863041 31.471351 30.205288 14.185146 -1.601552 -17.324578 -16.616717 -30.480478 -62.065373 -90.500279 -102.007036 -112.860503 -196.086930 -235.525463 -255.477608 -262.791729 -248.264089 -255.741375 -267.119240 -269.523946 -255.498735 -231.556726 -235.445072 -224.400091 -195.546345 -153.946084 -80.522107 -62.022241 -62.635892 -5.436418 30.621023 48.844892 67.726027 74.756580 49.963794 13.649636 -30.952841 -56.838796 -151.339119 -213.855221 -273.144422 -301.203894 -328.910764 -447.625196 -472.340972 -490.555113 -505.513433 -515.306203 -516.959928 -521.690680 -521.992598 -9999.0 -9999.0 -9999.0 -9999.0
-9999.0 -539.747374 -535.756979 -527.367994 -507.006385 -472.889751 -310.686617 -221.044492 -61.960671 -124.656465 -5.292064 64.677262 73.251589 56.080193 30.126108 26.499434 35.602959 37.906732 33.202762 24.640949 19.157824 11.662753 11.093571 3.408015 -8.555132 -22.331083 -32.982226 -42.176164 -123.137306 -155.572389 -184.121424 -205.351400 -235.238015 -284.889830 -299.995176 -314.604902 -423.187075 -434.015989 -444.597875 -462.206515 -469.470938 -474.405379 -467.677191 -469.502723 -470.219406 -466.299299 -455.691764 -446.997963 -397.981589 -315.872988 -296.678884 -273.494580 -252.629637 -210.664546 -163.916219 -74.380801 -48.463158 -36.188095 19.105071 51.020218 71.636691 63.653745 36.045830 3.069423 -53.107794 -150.806397 -189.636588 -235.914666 -279.964572 -302.423277 -322.124964 -431.995552 -475.677437 -502.802624 -509.305567 -9999.0 -9999.0 -9999.0 -9999.0 -9999.0
-9999.0 -546.082466 -535.390095 -528.657102 -490.768160 -305.288826 -232.450294 11.930475 62.421129 -5.167446 -119.913330 -46.567855 -13.949259 -14.134578 -37.440144 -45.496870 -52.652096 -53.205442 -41.133093 -65.529815 -108.823769 -144.324975 -150.275186 -167.530291 -198.027899 -220.000385 -233.015206 -246.981450 -276.428025 -296.815787 -345.422393 -411.046869 -465.375997 -488.549827 -500.079806 -510.481218 -519.722918 -519.385368 -516.397634 -518.789626 -521.308970 -524.141993 -520.782209 -519.333039 -517.850479 -519.801366 -519.476475 -515.079049 -507.636970 -498.601203 -483.795028 -463.047370 -432.497894 -318.941943 -301.701923 -278.309400 -252.455014 -205.957949 -113.923400 -28.831169 -2.439630 25.963080 61.457580 80.475194 42.064758 7.415105 -41.855460 -68.068924 -179.239241 -228.004174 -249.167876 -277.071429 -303.839569 -9999.0 -9999.0 -9999.0 -9999.0 -9999.0 -9999.0 -9999.0
-9999.0 -549.589202 -537.848176 -536.600310 -524.100281 -495.450310 -439.266688 -297.867489 -172.610536 -276.897656 -283.786778 -272.156141 -256.940481 -243.691320 -258.230928 -274.961245 -285.768656 -282.968840 -281.043863 -291.131362 -301.797173 -307.442903 -309.219880 -328.025156 -400.303404 -425.872187 -436.438874 -452.278049 -469.679879 -487.459895 -509.509545 -518.581965 -524.647572 -526.442253 -527.807191 -529.321183 -532.675182 -530.651597 -529.196646 -529.541842 -530.602181 -531.470423 -528.942594 -528.183678 -527.413218 -529.865230 -528.283143 -527.082006 -524.135447 -521.186106 -516.817449 -510.041631 -500.686292 -493.253974 -486.247272 -474.410797 -454.342677 -363.573659 -293.085963 -231.083031 -160.566467 -78.596530 -32.559177 0.326125 19.924980 29.882890 38.356914 20.200275 -19.587678 -150.189918 -192.197470 -9999.0 -9999.0 -9999.0 -9999.0 -9999.0 -9999.0 -9999.0 -9999.0 -9999.0
-9999.0 -9999.0 -552.068230 -547.339541 -543.288773 -539.387512 -533.794520 -525.615139 -520.102981 -511.926985 -499.851915 -485.422776 -475.432255 -470.446761 -477.200579 -489.971876 -496.815150 -496.159636 -497.959854 -501.509635 -508.017639 -510.764097 -512.487463 -513.814422 -516.279253 -517.223717 -517.564566 -518.313989 -520.051418 -524.229048 -527.730968 -530.024830 -532.764500 -532.387165 -532.733497 -533.716403 -532.715150 -532.952127 -532.688435 -532.864101 -532.623122 -532.165622 -531.683105 -530.962924 -531.008304 -530.810455 -530.614939 -529.884804 -528.778705 -527.353104 -524.321339 -519.665472 -516.084392 -515.280934 -517.384835 -516.771623 -514.081896 -507.366152 -481.338761 -426.552963 -307.980914 -269.669183 -209.166954 -155.056318 -99.869350 -82.451779 -26.242556 17.486439 11.601927 -43.486393 -9999.0 -9999.0 -9999.0 -9999.0 -9999.0 -9999.0 -9999.0 -9999.0 -9999.0 -9999.0
-9999.0 -9999.0 -9999.0 -9999.0 -554.141674 -547.446296 -541.285768 -542.058630 -537.770774 -535.404545 -533.317670 -530.748466 -528.633558 -527.163785 -529.178941 -529.507812 -529.812208 -529.439301 -529.810106 -530.300535 -530.490513 -530.771333 -531.020269 -531.455928 -531.229851 -530.761124 -530.603244 -531.345002 -531.196046 -532.587691 -532.582999 -533.293116 -534.001416 -534.937901 -534.644572 -534.725083 -534.240628 -534.738875 -533.991157 -534.492893 -533.965669 -533.778280 -533.185285 -532.166182 -532.704104 -532.115189 -532.158287 -531.424635 -531.344539 -529.477391 -526.341005 -522.640896 -520.110501 -520.300694 -523.802404 -525.124085 -526.026299 -523.951004 -520.498551 -512.412264 -487.404346 -458.498078 -361.313671 -302.824419 -284.929019 -257.819625 -195.316902 -92.872268 -9999.0 -9999.0 -9999.0 -9999.0 -9999.0 -9999.0 -9999.0 -9999.0 -9999.0 -9999.0 -9999.0 -9999.0
-9999.0 -9999.0 -9999.0 -9999.0 -9999.0 -9999.0 -551.163899 -547.815666 -548.902478 -546.489794 -544.410156 -542.849189 -540.332601 -540.803637 -540.063379 -537.951911 -538.234221 -539.197702 -540.443078 -538.564375 -537.753566 -537.528729 -539.549596 -538.935186 -538.725588 -537.944270 -538.025432 -537.631265 -539.352968 -537.198597 -536.136084 -536.441348 -536.727252 -536.259860 -536.687686 -535.349300 -535.189474 -536.246094 -536.579261 -535.095208 -534.726334 -535.013748 -534.812699 -533.901525 -532.503655 -532.357485 -533.080915 -534.123930 -532.820467 -529.738785 -526.374263 -523.441649 -521.507902 -520.759681 -523.573136 -527.436661 -529.367868 -529.753904 -528.381362 -525.713817 -518.531756 -513.512388 -509.148207 -501.468919 -493.826591 -455.058816 -9999.0 -9999.0 -9999.0 -9999.0 -9999.0 -9999.0 -9999.0 -9999.0 -9999.0 -9999.0 -9999.0 -9999.0 -9999.0 -9999.0
-9999.0 -9999.0 -9999.0 -9999.0 -9999.0 -9999.0 -9999.0 -9999.0 -9999.0 -9999.0 -9999.0 -9999.0 -9999.0 -9999.0 -9999.0 -9999.0 -9999.0 -9999.0 -9999.0 -9999.0 -9999.0 -9999.0 -9999.0 -9999.0 -9999.0 -9999.0 -9999.0 -9999.0 -9999.0 -9999.0 -9999.0 -9999.0 -9999.0 -9999.0 -9999.0 -9999.0 -9999.0 -9999.0 -9999.0 -9999.0 -9999.0 -9999.0 -9999.0 -9999.0 -9999.0 -9999.0 -9999.0 -9999.0 -9999.0 -9999.0 -9999.0 -9999.0 -9999.0 -9999.0 -9999.0 -9999.0 -9999.0 -9999.0 -9999.0 -9999.0 -9999.0 -9999.0 -9999.0 -9999.0 -9999.0 -9999.0 -9999.0 -9999.0 -9999.0 -9999.0 -9999.0 -9999.0 -9999.0 -9999.0 -9999.0 -9999.0 -9999.0 -9999.0 -9999.0 -9999.0
-9999.0 -9999.0 -9999.0 -9999.0 -9999.0 -9999.0 -9999.0 -9999.0 -9999.0 -9999.0 -9999.0 -9999.0 -9999.0 -9999.0 -9999.0 -9999.0 -9999.0 -9999.0 -9999.0 -9999.0 -9999.0 -9999.0 -9999.0 -9999.0 -9999.0 -9999.0 -9999.0 -9999.0 -9999.0 -9999.0 -9999.0 -9999.0 -9999.0 -9999.0 -9999.0 -9999.0 -9999.0 -9999.0 -9999.0 -9999.0 -9999.0 -9999.0 -9999.0 -9999.0 -9999.0 -9999.0 -9999.0 -9999.0 -9999.0 -9999.0 -9999.0 -9999.0 -9999.0 -9999.0 -9999.0 -9999.0 -9999.0 -9999.0 -9999.0 -9999.0 -9999.0 -9999.0 -9999.0 -9999.0 -9999.0 -9999.0 -9999.0 -9999.0 -9999.0 -9999.0 -9999.0 -9999.0 -9999.0 -9999.0 -9999.0 -9999.0 -9999.0 -9999.0 -9999.0 -9999.0