Borden_/Borden1m_014/output_maps/psiliqL0017N0007.asc
ncols         80
nrows         18
xllcorner     620200.000000
yllcorner     5168000.000000
cellsize      1.000000
NODATA_value  -9999.0
-9999.0 -9999.0 -9999.0 -9999.0 -9999.0 -9999.0 -9999.0 -9999.0 -9999.0 -9999.0 -9999.0 -9999.0 -9999.0 -9999.0 -9999.0 -9999.0 -9999.0 -9999.0 -9999.0 -9999.0 -9999.0 -9999.0 -9999.0 -9999.0 -9999.0 -9999.0 -9999.0 -9999.0 -9999.0 -9999.0 -9999.0 -9999.0 -9999.0 -9999.0 -9999.0 -9999.0 -9999.0 -9999.0 -9999.0 -9999.0 -9999.0 -9999.0 -9999.0 -9999.0 -9999.0 -9999.0 -9999.0 -9999.0 -9999.0 -9999.0 -9999.0 -9999.0 -9999.0 -9999.0 -9999.0 -9999.0 -9999.0 -9999.0 -9999.0 -9999.0 -9999.0 -9999.0 -9999.0 -9999.0 -9999.0 -9999.0 -9999.0 -9999.0 -9999.0 -9999.0 -9999.0 -9999.0 -9999.0 -9999.0 -9999.0 -9999.0 -9999.0 -9999.0 -9999.0 -9999.0
-9999.0 -9999.0 -9999.0 -9999.0 -9999.0 -9999.0 -9999.0 -9999.0 -9999.0 -9999.0 -9999.0 -9999.0 -9999.0 -9999.0 -9999.0 -9999.0 -9999.0 -9999.0 -9999.0 -9999.0 -9999.0 -9999.0 -9999.0 -9999.0 -9999.0 -9999.0 -9999.0 -9999.0 -9999.0 -9999.0 -9999.0 -9999.0 -9999.0 -9999.0 -9999.0 -9999.0 -9999.0 -9999.0 -9999.0 -9999.0 -9999.0 -9999.0 -9999.0 -9999.0 -9999.0 -9999.0 -9999.0 -9999.0 -9999.0 -9999.0 -9999.0 -9999.0 -9999.0 -9999.0 -9999.0 -9999.0 -9999.0 -9999.0 -9999.0 -9999.0 -9999.0 -9999.0 -9999.0 -9999.0 -9999.0 -9999.0 -9999.0 -9999.0 -9999.0 -9999.0 -9999.0 -9999.0 -9999.0 -9999.0 -9999.0 -9999.0 -9999.0 -9999.0 -9999.0 -9999.0
-9999.0 -9999.0 -9999.0 -9999.0 -9999.0 -9999.0 -9999.0 -9999.0 -9999.0 -9999.0 -9999.0 -9999.0 -9999.0 -9999.0 -9999.0 -9999.0 -9999.0 -9999.0 -9999.0 -9999.0 1542.996055 1545.550717 1524.217358 1491.234860 1464.180769 1467.428404 1502.826235 1545.142945 1584.807727 1595.047644 1577.803941 1581.680447 1578.438602 1577.968834 1581.700597 1590.520372 1596.948514 1609.231543 1619.033526 1619.953683 1615.091582 1611.089746 1612.507132 1615.338366 1620.902303 1608.939770 1622.862351 1637.057877 1640.019776 1632.714020 1603.566703 1586.404479 1575.600641 1558.302753 1581.591252 1591.571468 1612.600079 1615.176030 1612.034104 1584.072464 1553.328827 -9999.0 -9999.0 -9999.0 -9999.0 -9999.0 -9999.0 -9999.0 -9999.0 -9999.0 -9999.0 -9999.0 -9999.0 -9999.0 -9999.0 -9999.0 -9999.0 -9999.0 -9999.0 -9999.0
-9999.0 -9999.0 -9999.0 -9999.0 -9999.0 -9999.0 -9999.0 -9999.0 -9999.0 -9999.0 -9999.0 -9999.0 -9999.0 -9999.0 1450.500255 1441.690262 1439.730619 1448.764137 1482.949831 1513.935486 1526.241352 1519.649805 1520.592523 1497.682873 1477.626399 1492.642725 1523.911118 1556.776911 1592.124997 1612.375652 1601.966626 1600.767931 1611.374940 1637.551021 1652.010773 1651.505126 1634.133189 1659.435879 1676.764584 1686.365718 1687.117380 1679.388602 1691.454649 1706.610433 1699.679149 1683.277733 1690.043697 1701.734944 1711.077362 1695.213580 1628.941778 1608.198797 1601.780716 1593.944214 1578.340125 1570.546234 1594.518389 1592.513371 1582.917373 1563.805702 1529.839587 1484.627340 1464.826171 1502.664249 1545.218673 1601.249849 -9999.0 -9999.0 -9999.0 -9999.0 -9999.0 -9999.0 -9999.0 -9999.0 -9999.0 -9999.0 -9999.0 -9999.0 -9999.0 -9999.0
-9999.0 -9999.0 -9999.0 -9999.0 -9999.0 -9999.0 -9999.0 -9999.0 -9999.0 1391.278995 1396.737819 1404.754393 1407.975391 1424.230972 1422.070891 1429.958267 1437.260418 1465.363917 1497.116534 1532.997557 1562.584692 1555.083581 1556.384766 1565.907318 1568.335598 1581.160873 1605.029148 1647.152321 1685.876078 1725.588427 1696.286568 1694.505246 1715.519472 1765.130574 1801.069710 1810.657310 1794.481013 1806.598114 1834.633219 1858.061198 1858.642349 1856.279539 1881.072102 1894.890786 1894.170206 1874.742857 1866.474847 1868.064875 1891.047756 1834.626308 1761.892048 1709.777577 1714.132105 1685.006708 1648.303883 1627.254278 1622.114402 1640.062249 1623.901887 1585.653338 1548.238712 1535.151771 1515.991961 1532.259359 1553.113025 1597.960190 1635.834594 1663.467081 1661.976645 1643.840097 -9999.0 -9999.0 -9999.0 -9999.0 -9999.0 -9999.0 -9999.0 -9999.0 -9999.0 -9999.0
-9999.0 -9999.0 -9999.0 -9999.0 -9999.0 -9999.0 1311.148051 1321.652068 1343.003586 1348.013557 1374.626855 1382.523812 1403.737596 1423.478199 1446.038638 1462.781862 1492.912082 1526.410071 1567.509580 1611.240299 1644.936426 1640.965951 1652.088276 1680.662774 1717.887121 1747.176151 1776.024454 1820.166605 1896.897801 1936.863013 1939.968234 1944.417711 1956.614676 2012.153898 2085.749686 2105.524370 2087.472608 2074.110342 2100.281202 2140.659966 2146.363451 2148.031512 2159.869729 2169.607244 2195.620766 2187.081647 2150.060635 2138.030756 2134.512121 2108.666755 2034.543179 1965.613083 1932.823581 1882.762821 1797.916298 1740.887896 1746.191690 1763.134310 1733.410979 1678.142109 1635.791143 1622.939349 1605.731863 1591.232032 1596.639859 1614.666314 1635.588474 1645.833972 1631.711070 1609.450285 1585.892276 1556.246718 1557.397330 1581.948328 -9999.0 -9999.0 -9999.0 -9999.0 -9999.0 -9999.0
-9999.0 -9999.0 -9999.0 -9999.0 1260.119628 1273.693144 1261.814308 1288.294061 1322.097293 1357.479116 1389.736343 1426.835040 1454.467339 1485.080588 1524.966426 1558.066543 1599.627703 1635.642065 1690.659888 1760.461785 1814.893267 1841.486493 1857.978808 1915.160751 1976.467165 2031.546843 2058.920195 2094.428898 2142.073883 2199.909690 2224.057354 2229.165176 2247.586516 2288.178797 2343.191388 2382.117903 2368.353996 2362.720693 2374.387564 2390.427950 2415.590720 2417.748347 2420.045525 2422.976414 2428.276288 2427.973780 2404.704870 2371.525883 2353.885966 2338.079840 2299.167348 2225.975784 2188.227830 2157.827719 2117.582209 2056.411784 1988.815702 1973.417408 1915.198739 1855.084745 1789.888071 1765.594197 1732.537191 1704.873243 1674.899430 1675.866301 1678.525616 1657.192141 1623.606673 1590.161276 1573.930368 1553.985215 1541.785946 1571.184262 1588.150553 1617.879333 -9999.0 -9999.0 -9999.0 -9999.0
-9999.0 -9999.0 1199.804849 1248.125213 1305.811000 1315.042415 1315.322115 1322.260373 1352.154551 1405.656360 1480.186438 1529.479531 1570.297958 1604.610404 1663.738799 1741.160626 1813.782121 1863.761980 1926.161602 2000.631567 2069.773511 2110.015202 2129.483342 2168.978909 2223.181105 2288.166155 2319.396574 2351.043577 2385.496054 2418.620594 2423.954033 2435.735109 2444.335200 2450.180707 2460.304607 2466.125089 2464.559797 2462.795751 2448.849106 2448.516793 2457.649886 2464.931675 2466.620555 2453.491746 2449.720596 2463.580706 2468.102531 2466.350413 2462.858298 2465.469415 2462.769538 2420.122360 2387.876877 2372.342454 2357.590099 2307.590595 2239.758825 2199.965291 2176.838402 2129.189559 2043.914873 1987.739971 1933.115857 1881.036983 1826.268766 1794.982473 1748.395961 1705.882382 1658.765817 1611.232393 1586.078823 1566.664276 1562.931185 1561.739382 1577.378078 1592.198841 1607.267258 1614.911780 -9999.0 -9999.0
-9999.0 1094.975791 1167.230840 1292.811528 1373.094709 1417.270221 1446.067932 1467.432629 1497.933965 1528.114455 1631.489228 1715.325659 1806.165837 1844.387334 1893.900300 1992.675997 2092.619382 2143.058680 2184.424285 2245.381654 2311.525552 2365.378327 2396.603498 2402.185538 2437.850161 2455.893072 2462.447478 2469.305175 2467.709967 2459.009780 2449.028781 2453.253614 2447.276997 2426.298270 2409.875498 2408.345984 2406.297444 2386.686924 2362.826888 2351.640563 2356.238608 2381.617320 2369.865292 2349.586418 2345.679979 2366.327329 2385.739082 2375.741382 2361.515010 2376.942387 2408.704803 2430.597254 2440.597129 2458.359028 2477.696710 2449.364340 2422.188131 2381.379943 2361.769378 2331.076924 2269.351315 2205.503851 2145.951560 2077.673455 2005.832564 1935.559709 1871.333703 1809.808747 1743.585211 1700.458065 1666.697593 1614.418244 1592.372926 1593.387735 1584.291112 1581.008188 1586.666600 1592.794837 -9999.0 -9999.0
-9999.0 1011.048580 1152.715963 1335.858127 1483.622211 1540.026644 1636.128426 1714.060594 1742.391146 1712.623724 1822.927938 2047.614442 2158.544289 2177.809117 2249.777933 2339.866817 2353.952441 2388.233141 2412.548038 2428.504143 2443.132456 2458.194428 2459.652298 2456.279312 2443.392266 2437.525804 2437.881909 2436.156115 2418.248945 2396.706177 2376.239810 2368.533287 2344.314795 2292.927219 2255.871970 2237.890478 2223.863262 2210.166288 2184.083586 2161.591111 2148.480412 2164.791877 2160.248818 2144.137152 2139.945759 2160.473328 2190.319290 2185.281768 2192.700865 2211.907290 2249.618301 2290.418265 2316.880204 2349.673151 2387.294376 2432.172840 2447.931815 2471.604866 2476.361983 2458.802070 2413.552470 2359.663784 2323.493566 2257.810639 2182.418411 2099.566860 2032.150323 1969.313928 1898.590210 1847.648719 1794.379825 1730.487242 1673.805598 1651.755716 1612.536224 1593.716457 -9999.0 -9999.0 -9999.0 -9999.0
-9999.0 927.014541 1112.998282 1366.839799 1646.624561 1751.087123 1958.815332 2090.291639 2147.771628 2220.859639 2184.628920 2350.735339 2397.556759 2395.005776 2396.389195 2398.355878 2411.620231 2413.507897 2410.394340 2402.696343 2397.381574 2397.085859 2398.747368 2393.737860 2383.870777 2370.948756 2358.184637 2344.831664 2304.391350 2265.653894 2223.793360 2204.588858 2158.258496 2056.976297 2008.138276 1969.113516 1912.896440 1911.582396 1911.907699 1887.470219 1870.316148 1849.281226 1873.305147 1879.616431 1882.027604 1882.361884 1896.084932 1919.518063 1963.223513 1998.509062 2043.199538 2099.717068 2142.107583 2189.609366 2236.621973 2294.480388 2332.218779 2366.752975 2416.765668 2456.217946 2480.103852 2468.733328 2443.223036 2397.051546 2326.909210 2262.649090 2216.146067 2146.161933 2080.127585 2018.032801 1958.260989 1890.319075 1815.683457 1738.030180 1697.014904 -9999.0 -9999.0 -9999.0 -9999.0 -9999.0
-9999.0 738.168514 1004.549416 1287.170601 1592.677753 1925.116221 2069.470240 2193.208080 2267.127492 2245.072260 2264.782480 2291.553036 2338.803707 2348.714681 2326.665479 2311.918212 2292.755906 2288.310966 2299.733606 2274.415712 2247.767521 2237.398300 2239.719421 2230.677664 2209.943199 2195.528619 2184.866567 2162.951538 2109.715796 2049.307605 1960.205442 1924.777684 1844.634096 1787.634795 1741.527843 1691.326582 1642.489310 1644.197623 1664.885840 1653.186604 1632.724293 1615.371126 1642.914199 1661.663961 1673.877354 1660.820821 1668.330957 1702.534351 1750.092115 1792.557234 1841.588410 1897.431779 1946.792283 1996.561366 2030.852578 2085.955667 2142.649076 2194.740252 2271.350680 2353.438630 2393.855719 2430.668664 2464.632680 2483.233908 2435.258834 2392.546583 2348.197126 2294.331017 2219.248296 2168.711773 2127.677679 2049.883102 1974.493272 -9999.0 -9999.0 -9999.0 -9999.0 -9999.0 -9999.0 -9999.0
-9999.0 614.708999 827.698709 1048.573922 1324.853142 1560.254855 1759.633837 1864.953642 1946.277447 1997.402626 2047.243441 2093.027974 2129.525290 2153.615614 2129.828045 2081.930110 2042.807141 2040.692463 2032.514771 2008.147359 1979.497269 1966.164612 1965.166410 1960.320087 1938.372170 1926.096151 1916.390194 1893.090514 1858.057019 1798.391875 1717.092650 1642.534721 1581.506997 1550.250863 1520.559401 1488.515640 1454.957102 1466.446017 1480.034109 1478.247875 1469.267785 1467.363930 1496.676887 1515.834471 1525.658625 1513.781597 1532.164707 1557.430746 1597.393757 1639.179280 1687.236576 1741.917726 1795.938723 1825.380188 1839.938387 1867.384099 1910.740514 1968.306500 2059.071109 2160.686812 2243.821095 2297.170727 2353.497758 2393.950012 2414.771986 2433.606504 2420.322917 2352.912624 2258.698395 2251.610316 2242.509429 -9999.0 -9999.0 -9999.0 -9999.0 -9999.0 -9999.0 -9999.0 -9999.0 -9999.0
-9999.0 -9999.0 595.763510 767.760028 897.121142 1072.436683 1219.958343 1328.987859 1421.385551 1543.541671 1657.151201 1748.212352 1795.755870 1813.447976 1797.576470 1761.001238 1734.565502 1730.314013 1717.677306 1706.644656 1687.542797 1680.616969 1670.328438 1663.336785 1655.324590 1651.367988 1646.749248 1635.416619 1612.960880 1565.326285 1517.209420 1466.192958 1413.427480 1387.899037 1366.095910 1345.123771 1344.765075 1341.215221 1347.401270 1349.686373 1357.369962 1370.435723 1390.543075 1412.607110 1422.206722 1430.908681 1442.783822 1465.701896 1497.786771 1539.164597 1592.307941 1649.484595 1689.041176 1701.719932 1692.339017 1698.097182 1719.363154 1762.707229 1844.307424 1930.936325 2030.871239 2109.367552 2189.739733 2250.483203 2277.458840 2306.945158 2339.225181 2299.299022 2148.036506 2209.399707 -9999.0 -9999.0 -9999.0 -9999.0 -9999.0 -9999.0 -9999.0 -9999.0 -9999.0 -9999.0
-9999.0 -9999.0 -9999.0 -9999.0 625.731942 778.591179 874.899601 957.194275 1086.773306 1209.364535 1312.148343 1397.671668 1461.163057 1487.405861 1482.367181 1486.423548 1479.358125 1470.755356 1459.660171 1458.638349 1458.121167 1451.293467 1437.615350 1431.161373 1433.085885 1438.835396 1436.651224 1423.052335 1404.963744 1382.785174 1362.820960 1328.682267 1293.049181 1263.967865 1250.905774 1245.567549 1245.626223 1238.997996 1248.061167 1255.880095 1271.413316 1286.776332 1310.540056 1339.509233 1353.182692 1367.687490 1376.984740 1396.885989 1426.633300 1479.306699 1542.081519 1599.411272 1634.972069 1639.175951 1614.611099 1599.315758 1595.795714 1623.697309 1668.353213 1735.535166 1838.163117 1914.755001 1977.777200 2031.114571 2076.771455 2143.102495 2222.922143 2269.666904 -9999.0 -9999.0 -9999.0 -9999.0 -9999.0 -9999.0 -9999.0 -9999.0 -9999.0 -9999.0 -9999.0 -9999.0
-9999.0 -9999.0 -9999.0 -9999.0 -9999.0 -9999.0 585.528801 686.961073 765.999007 905.531311 1037.338328 1139.534013 1220.111467 1251.665873 1277.436200 1302.862162 1299.512968 1279.712499 1259.703804 1278.279829 1292.500994 1287.017439 1257.537662 1257.921696 1263.499003 1272.231960 1270.358942 1264.140935 1239.110945 1250.838477 1251.701626 1228.512476 1202.607485 1188.920198 1177.219792 1187.031055 1187.498618 1174.141458 1174.914559 1202.018776 1222.496119 1235.705090 1257.459279 1290.578205 1322.778243 1337.783717 1338.809668 1344.431499 1383.745513 1453.307845 1524.415509 1579.388741 1611.491714 1619.280487 1591.973861 1551.854102 1531.366448 1538.200473 1572.509862 1624.556904 1700.199790 1750.707599 1780.009120 1799.563292 1826.774396 1927.248226 -9999.0 -9999.0 -9999.0 -9999.0 -9999.0 -9999.0 -9999.0 -9999.0 -9999.0 -9999.0 -9999.0 -9999.0 -9999.0 -9999.0
-9999.0 -9999.0 -9999.0 -9999.0 -9999.0 -9999.0 -9999.0 -9999.0 -9999.0 -9999.0 -9999.0 -9999.0 -9999.0 -9999.0 -9999.0 -9999.0 -9999.0 -9999.0 -9999.0 -9999.0 -9999.0 -9999.0 -9999.0 -9999.0 -9999.0 -9999.0 -9999.0 -9999.0 -9999.0 -9999.0 -9999.0 -9999.0 -9999.0 -9999.0 -9999.0 -9999.0 -9999.0 -9999.0 -9999.0 -9999.0 -9999.0 -9999.0 -9999.0 -9999.0 -9999.0 -9999.0 -9999.0 -9999.0 -9999.0 -9999.0 -9999.0 -9999.0 -9999.0 -9999.0 -9999.0 -9999.0 -9999.0 -9999.0 -9999.0 -9999.0 -9999.0 -9999.0 -9999.0 -9999.0 -9999.0 -9999.0 -9999.0 -9999.0 -9999.0 -9999.0 -9999.0 -9999.0 -9999.0 -9999.0 -9999.0 -9999.0 -9999.0 -9999.0 -9999.0 -9999.0
-9999.0 -9999.0 -9999.0 -9999.0 -9999.0 -9999.0 -9999.0 -9999.0 -9999.0 -9999.0 -9999.0 -9999.0 -9999.0 -9999.0 -9999.0 -9999.0 -9999.0 -9999.0 -9999.0 -9999.0 -9999.0 -9999.0 -9999.0 -9999.0 -9999.0 -9999.0 -9999.0 -9999.0 -9999.0 -9999.0 -9999.0 -9999.0 -9999.0 -9999.0 -9999.0 -9999.0 -9999.0 -9999.0 -9999.0 -9999.0 -9999.0 -9999.0 -9999.0 -9999.0 -9999.0 -9999.0 -9999.0 -9999.0 -9999.0 -9999.0 -9999.0 -9999.0 -9999.0 -9999.0 -9999.0 -9999.0 -9999.0 -9999.0 -9999.0 -9999.0 -9999.0 -9999.0 -9999.0 -9999.0 -9999.0 -9999.0 -9999.0 -9999.0 -9999.0 -9999.0 -9999.0 -9999.0 -9999.0 -9999.0 -9999.0 -9999.0 -9999.0 -9999.0 -9999.0 -9999.0