Borden_/Borden1m_014/output_maps/psiliqL0015N0027.asc
ncols         80
nrows         18
xllcorner     620200.000000
yllcorner     5168000.000000
cellsize      1.000000
NODATA_value  -9999.0
-9999.0 -9999.0 -9999.0 -9999.0 -9999.0 -9999.0 -9999.0 -9999.0 -9999.0 -9999.0 -9999.0 -9999.0 -9999.0 -9999.0 -9999.0 -9999.0 -9999.0 -9999.0 -9999.0 -9999.0 -9999.0 -9999.0 -9999.0 -9999.0 -9999.0 -9999.0 -9999.0 -9999.0 -9999.0 -9999.0 -9999.0 -9999.0 -9999.0 -9999.0 -9999.0 -9999.0 -9999.0 -9999.0 -9999.0 -9999.0 -9999.0 -9999.0 -9999.0 -9999.0 -9999.0 -9999.0 -9999.0 -9999.0 -9999.0 -9999.0 -9999.0 -9999.0 -9999.0 -9999.0 -9999.0 -9999.0 -9999.0 -9999.0 -9999.0 -9999.0 -9999.0 -9999.0 -9999.0 -9999.0 -9999.0 -9999.0 -9999.0 -9999.0 -9999.0 -9999.0 -9999.0 -9999.0 -9999.0 -9999.0 -9999.0 -9999.0 -9999.0 -9999.0 -9999.0 -9999.0
-9999.0 -9999.0 -9999.0 -9999.0 -9999.0 -9999.0 -9999.0 -9999.0 -9999.0 -9999.0 -9999.0 -9999.0 -9999.0 -9999.0 -9999.0 -9999.0 -9999.0 -9999.0 -9999.0 -9999.0 -9999.0 -9999.0 -9999.0 -9999.0 -9999.0 -9999.0 -9999.0 -9999.0 -9999.0 -9999.0 -9999.0 -9999.0 -9999.0 -9999.0 -9999.0 -9999.0 -9999.0 -9999.0 -9999.0 -9999.0 -9999.0 -9999.0 -9999.0 -9999.0 -9999.0 -9999.0 -9999.0 -9999.0 -9999.0 -9999.0 -9999.0 -9999.0 -9999.0 -9999.0 -9999.0 -9999.0 -9999.0 -9999.0 -9999.0 -9999.0 -9999.0 -9999.0 -9999.0 -9999.0 -9999.0 -9999.0 -9999.0 -9999.0 -9999.0 -9999.0 -9999.0 -9999.0 -9999.0 -9999.0 -9999.0 -9999.0 -9999.0 -9999.0 -9999.0 -9999.0
-9999.0 -9999.0 -9999.0 -9999.0 -9999.0 -9999.0 -9999.0 -9999.0 -9999.0 -9999.0 -9999.0 -9999.0 -9999.0 -9999.0 -9999.0 -9999.0 -9999.0 -9999.0 -9999.0 -9999.0 1148.194491 1151.075620 1129.860421 1097.217989 1070.469154 1073.991308 1109.871109 1152.623788 1192.814506 1204.186909 1187.753227 1191.764262 1188.429904 1187.907243 1190.983534 1198.590387 1203.640388 1215.291997 1224.333484 1224.722828 1219.576772 1215.417712 1216.584470 1219.720794 1224.871786 1212.872651 1225.792787 1239.697907 1243.379625 1236.751808 1208.250761 1191.222087 1180.418013 1162.944983 1185.698999 1195.705221 1216.811962 1219.437321 1216.342766 1188.256849 1157.484715 -9999.0 -9999.0 -9999.0 -9999.0 -9999.0 -9999.0 -9999.0 -9999.0 -9999.0 -9999.0 -9999.0 -9999.0 -9999.0 -9999.0 -9999.0 -9999.0 -9999.0 -9999.0 -9999.0
-9999.0 -9999.0 -9999.0 -9999.0 -9999.0 -9999.0 -9999.0 -9999.0 -9999.0 -9999.0 -9999.0 -9999.0 -9999.0 -9999.0 1054.726823 1045.987955 1044.329082 1053.848902 1088.471233 1119.567100 1131.962529 1125.457362 1126.742400 1104.458086 1085.136608 1100.560068 1131.971641 1165.358811 1201.811008 1223.706633 1214.190213 1213.546499 1224.354756 1250.145495 1263.373891 1261.346523 1242.431693 1266.511619 1282.905048 1292.244670 1292.945983 1285.646815 1299.029630 1314.827258 1307.597846 1289.663286 1293.948192 1304.638813 1315.102118 1300.003599 1235.061674 1214.421212 1207.951742 1199.174169 1183.056354 1174.994900 1198.817878 1197.143049 1187.366234 1168.052432 1134.217091 1089.306169 1069.757579 1107.378855 1149.966087 1206.145355 -9999.0 -9999.0 -9999.0 -9999.0 -9999.0 -9999.0 -9999.0 -9999.0 -9999.0 -9999.0 -9999.0 -9999.0 -9999.0 -9999.0
-9999.0 -9999.0 -9999.0 -9999.0 -9999.0 -9999.0 -9999.0 -9999.0 -9999.0 993.956526 999.313022 1007.629054 1011.168957 1027.961126 1026.457114 1034.787745 1042.989704 1071.439805 1103.783589 1140.029281 1169.817287 1162.297810 1164.377774 1175.788607 1180.321917 1193.800871 1217.380854 1259.935750 1301.689784 1344.621559 1317.951401 1317.449609 1338.003139 1385.507183 1418.391725 1425.685777 1407.688342 1417.366009 1443.362323 1466.671402 1468.076730 1467.177914 1493.204684 1507.602975 1507.724328 1486.228146 1472.489405 1471.346846 1494.895122 1441.705815 1374.028290 1322.922335 1325.377357 1293.590958 1254.278331 1232.712276 1228.117860 1246.510267 1229.680727 1190.768992 1153.016710 1140.437320 1121.539974 1137.346905 1158.045494 1202.811438 1240.283118 1267.419087 1265.665274 1247.288229 -9999.0 -9999.0 -9999.0 -9999.0 -9999.0 -9999.0 -9999.0 -9999.0 -9999.0 -9999.0
-9999.0 -9999.0 -9999.0 -9999.0 -9999.0 -9999.0 913.631382 923.951792 945.227086 950.698665 977.281438 985.807989 1007.744479 1028.429769 1051.624163 1069.567958 1101.073537 1135.661042 1178.098698 1222.722576 1256.484101 1253.161203 1265.717561 1297.873583 1338.070568 1368.224611 1395.226563 1437.773718 1516.787245 1561.503391 1570.284502 1576.831393 1587.832154 1636.971262 1701.110386 1716.479381 1695.811374 1681.295942 1702.257600 1739.881733 1747.732466 1750.671960 1762.137564 1771.973517 1797.199362 1786.251789 1744.587163 1728.694124 1725.160853 1707.118374 1645.090808 1581.250745 1545.850869 1493.812772 1408.633171 1352.696091 1358.161348 1374.415139 1342.876042 1286.407363 1243.384159 1230.680443 1213.598694 1198.484447 1202.930045 1220.192591 1240.537798 1249.918571 1235.227828 1212.656586 1188.671036 1158.840894 1159.818485 1184.370825 -9999.0 -9999.0 -9999.0 -9999.0 -9999.0 -9999.0
-9999.0 -9999.0 -9999.0 -9999.0 862.611047 876.196829 864.717877 890.912257 924.750435 960.214460 993.334738 1031.556516 1060.503802 1092.666689 1134.882222 1170.956160 1214.846604 1252.791630 1309.659463 1379.918099 1433.262832 1459.610585 1477.882418 1538.343497 1600.982471 1654.190909 1676.296029 1705.486915 1751.353893 1813.692425 1842.340076 1850.240546 1868.616944 1904.336061 1951.906319 1985.128291 1968.199240 1960.164358 1966.624866 1979.168623 2004.117924 2006.628517 2009.172681 2011.826083 2016.029006 2014.045467 1988.262354 1953.578947 1938.272427 1927.902493 1897.702889 1828.238231 1786.767487 1754.720363 1719.194184 1666.397810 1602.322231 1585.390386 1526.019358 1465.897780 1401.147804 1377.261022 1344.374273 1316.325432 1284.792791 1283.887309 1284.573999 1261.646784 1227.194907 1193.095557 1176.541696 1156.519371 1144.482197 1173.676366 1190.517781 1220.295294 -9999.0 -9999.0 -9999.0 -9999.0
-9999.0 -9999.0 802.134100 851.177579 908.950278 918.672092 920.074393 927.258061 957.243351 1011.016551 1087.726184 1139.435132 1183.564651 1220.057426 1282.342459 1363.583201 1438.278138 1489.905555 1552.216672 1623.714884 1687.162029 1722.743044 1742.690553 1783.180375 1837.659282 1899.736748 1926.874324 1953.975940 1986.028769 2021.112754 2033.065342 2047.722065 2056.670537 2060.124684 2066.238183 2068.044998 2062.909334 2056.641968 2037.758968 2033.860342 2041.209669 2047.009418 2048.813049 2035.758944 2031.826745 2044.997739 2048.243162 2046.580252 2045.411756 2052.176514 2055.274704 2015.861956 1978.156640 1961.568616 1950.247477 1905.295175 1840.386591 1797.496905 1772.822375 1728.502422 1649.995817 1597.631648 1545.487853 1494.687925 1439.830424 1406.226253 1356.708055 1311.423704 1262.352610 1214.078992 1188.837595 1169.473801 1165.842432 1164.640744 1179.887172 1194.444039 1209.178331 1216.638162 -9999.0 -9999.0
-9999.0 698.453969 771.101311 897.740897 978.632757 1024.171303 1056.671585 1080.745060 1111.139479 1139.348162 1245.471645 1335.205703 1428.225853 1468.503818 1521.885008 1620.898440 1716.824686 1764.201919 1803.658093 1860.692286 1921.324404 1969.787184 1999.777097 2011.218872 2045.709492 2059.583344 2062.956887 2066.658494 2063.374295 2056.154184 2047.881784 2054.334898 2050.682787 2031.725102 2015.556990 2011.975051 2005.344757 1979.441368 1949.557777 1933.689568 1935.616261 1958.149352 1946.333050 1926.172295 1922.692953 1943.989647 1963.549614 1955.276130 1944.125936 1962.792127 1998.112526 2020.959600 2031.344435 2047.933453 2068.421308 2042.730607 2014.152898 1971.676025 1951.000036 1920.792730 1861.535562 1799.608199 1744.021263 1682.315498 1614.545654 1545.008824 1479.304916 1415.137835 1346.436209 1303.181124 1270.329491 1218.923025 1196.794401 1197.271233 1187.335620 1183.452383 1188.630077 1194.536413 -9999.0 -9999.0
-9999.0 617.472077 760.002314 944.752193 1093.863097 1153.508650 1255.656534 1335.489469 1365.117271 1338.267256 1447.982105 1667.549224 1771.130740 1790.828729 1864.082075 1952.802047 1972.521119 2005.688761 2028.698988 2039.830591 2048.985212 2059.836666 2059.287983 2054.441996 2040.340147 2032.595825 2030.953596 2027.345442 2008.736188 1988.467963 1969.946845 1964.892164 1945.502177 1900.813325 1867.265428 1849.224808 1831.665564 1809.784126 1775.248256 1747.098613 1731.414456 1746.443608 1739.721058 1723.423827 1719.980940 1742.367097 1775.319465 1772.439448 1781.783780 1804.934061 1845.670382 1886.433829 1910.103790 1941.187581 1978.760372 2023.829527 2039.687832 2061.355053 2065.398818 2046.173978 2001.258806 1948.278752 1912.584812 1848.374882 1774.343270 1694.566168 1628.007697 1563.762272 1492.557626 1444.291454 1395.914288 1337.420957 1282.181819 1257.911178 1217.313118 1196.799560 -9999.0 -9999.0 -9999.0 -9999.0
-9999.0 537.752041 725.653346 983.585045 1260.637736 1372.086679 1576.911637 1705.441619 1763.568474 1831.326627 1807.896190 1956.628747 1997.149940 1994.753476 1995.556441 2001.074999 2017.820182 2022.334797 2019.790867 2010.688476 2002.267258 1998.752565 1997.633192 1989.991051 1977.251036 1961.504611 1947.079030 1932.565363 1893.015906 1858.407119 1821.332860 1805.137054 1764.703936 1672.736428 1629.449971 1592.875417 1535.277425 1527.659518 1520.278501 1490.684256 1470.104177 1449.033065 1470.926098 1475.520057 1478.300275 1482.356734 1500.261917 1525.307013 1571.106819 1608.826725 1654.146694 1707.559867 1743.445442 1788.079359 1835.339138 1892.341486 1926.175957 1958.256654 2006.432058 2045.953810 2069.152831 2057.464846 2029.016619 1980.873623 1908.106963 1839.092891 1786.879959 1711.546616 1645.531627 1592.119951 1546.185243 1494.696807 1428.579625 1346.972683 1304.058639 -9999.0 -9999.0 -9999.0 -9999.0 -9999.0
-9999.0 356.832392 624.323987 911.670600 1224.970334 1553.790926 1688.650412 1817.124136 1889.291934 1855.617991 1861.855770 1883.004682 1925.796583 1936.027769 1918.444300 1911.216618 1900.973250 1901.856401 1915.381785 1889.664953 1860.237836 1846.815047 1846.067974 1833.759966 1809.722572 1791.718017 1778.128577 1756.190921 1706.927574 1654.932370 1572.853411 1541.438792 1464.220638 1406.877253 1361.867100 1311.935158 1260.739618 1258.645715 1274.889865 1259.291966 1236.422274 1217.719101 1244.282966 1262.155926 1274.668942 1263.865539 1273.735426 1310.501961 1360.914912 1406.035891 1457.282229 1513.601609 1561.672124 1610.936856 1644.366055 1696.014149 1744.963840 1793.099264 1867.845126 1947.439143 1985.290268 2020.223424 2052.051038 2065.570534 2011.461856 1958.484721 1902.403039 1836.428871 1752.333732 1706.441849 1682.421699 1642.044880 1586.679647 -9999.0 -9999.0 -9999.0 -9999.0 -9999.0 -9999.0 -9999.0
-9999.0 230.814852 448.989924 677.705371 961.726696 1199.917246 1396.250655 1505.561456 1584.920234 1619.509586 1653.681013 1688.270175 1719.971721 1744.030160 1723.975707 1686.142721 1658.667339 1663.423624 1659.672053 1636.220483 1606.840972 1591.855151 1589.068057 1581.438642 1556.102682 1540.451120 1528.298285 1504.052556 1468.654869 1411.731890 1331.639824 1258.749661 1197.027756 1164.399798 1134.298976 1101.338059 1065.331417 1074.997232 1087.170968 1083.179717 1072.286886 1069.144019 1098.271547 1117.354000 1127.674035 1116.372265 1135.963349 1163.175085 1205.372654 1249.079314 1299.029859 1355.304993 1410.290192 1441.090888 1456.700062 1484.446863 1526.297817 1582.413841 1669.809909 1765.198082 1843.445430 1892.848149 1943.354211 1975.936891 1987.414372 1995.675024 1965.683139 1878.901795 1761.415531 1757.833364 1759.035213 -9999.0 -9999.0 -9999.0 -9999.0 -9999.0 -9999.0 -9999.0 -9999.0 -9999.0
-9999.0 -9999.0 215.704933 393.164390 531.505139 711.714932 862.663247 973.314582 1061.726584 1173.471515 1277.129849 1360.263111 1404.832329 1422.975506 1408.984365 1375.686380 1354.429309 1354.671760 1344.768890 1333.832932 1313.425061 1305.163756 1293.914980 1285.191748 1274.182259 1267.623620 1261.232911 1248.666139 1225.384027 1177.734635 1128.290001 1076.480122 1022.703692 996.751492 974.471428 952.556598 950.690514 946.734355 952.239012 953.494214 960.032316 972.429814 992.578695 1014.541153 1024.386115 1033.203679 1045.979368 1070.032066 1103.536279 1146.156530 1200.499271 1258.660126 1299.133006 1312.847171 1304.548669 1311.305664 1333.801099 1378.664063 1462.151755 1548.640374 1644.766414 1716.572981 1787.853399 1839.126569 1854.002538 1866.921848 1876.081005 1807.228893 1553.299940 1690.583856 -9999.0 -9999.0 -9999.0 -9999.0 -9999.0 -9999.0 -9999.0 -9999.0 -9999.0 -9999.0
-9999.0 -9999.0 -9999.0 -9999.0 251.766031 407.022184 504.025810 587.781663 715.813009 834.370298 933.101317 1015.001842 1075.506615 1101.621565 1096.477051 1100.269432 1095.318039 1089.729202 1080.298162 1078.562867 1076.610745 1068.920911 1054.912291 1047.116014 1047.224994 1051.275502 1048.112873 1033.810028 1015.623653 991.814846 970.456766 935.597251 899.154172 869.654469 856.228894 850.107548 849.754074 842.924816 851.631911 858.679519 873.739159 888.946689 912.730008 941.621403 955.240950 970.016333 979.920147 1000.705078 1031.302262 1084.878985 1148.452083 1206.390294 1242.404061 1247.284963 1223.146342 1208.552097 1206.174141 1235.588130 1282.715090 1352.537698 1456.177985 1531.397854 1591.030008 1636.607542 1668.267884 1711.806118 1756.953783 1782.563684 -9999.0 -9999.0 -9999.0 -9999.0 -9999.0 -9999.0 -9999.0 -9999.0 -9999.0 -9999.0 -9999.0 -9999.0
-9999.0 -9999.0 -9999.0 -9999.0 -9999.0 -9999.0 208.478296 309.103141 390.929795 526.328526 653.328255 752.540390 831.497122 861.971465 886.666009 912.588239 910.382981 892.469176 874.021233 892.251779 905.110351 899.275957 869.628185 868.741974 872.952615 880.999304 878.564388 871.758161 846.308718 856.692779 856.572496 833.023282 806.695318 792.484160 780.499757 790.014438 790.231794 776.753515 777.615744 804.175058 824.261850 837.435465 859.373928 892.571283 924.870736 939.965518 941.375844 947.673732 988.161135 1058.579804 1130.176839 1185.488304 1217.973544 1226.319956 1199.365890 1159.772776 1139.932641 1147.922976 1183.889513 1238.204330 1315.828695 1366.965331 1395.472205 1411.444071 1431.878135 1522.572160 -9999.0 -9999.0 -9999.0 -9999.0 -9999.0 -9999.0 -9999.0 -9999.0 -9999.0 -9999.0 -9999.0 -9999.0 -9999.0 -9999.0
-9999.0 -9999.0 -9999.0 -9999.0 -9999.0 -9999.0 -9999.0 -9999.0 -9999.0 -9999.0 -9999.0 -9999.0 -9999.0 -9999.0 -9999.0 -9999.0 -9999.0 -9999.0 -9999.0 -9999.0 -9999.0 -9999.0 -9999.0 -9999.0 -9999.0 -9999.0 -9999.0 -9999.0 -9999.0 -9999.0 -9999.0 -9999.0 -9999.0 -9999.0 -9999.0 -9999.0 -9999.0 -9999.0 -9999.0 -9999.0 -9999.0 -9999.0 -9999.0 -9999.0 -9999.0 -9999.0 -9999.0 -9999.0 -9999.0 -9999.0 -9999.0 -9999.0 -9999.0 -9999.0 -9999.0 -9999.0 -9999.0 -9999.0 -9999.0 -9999.0 -9999.0 -9999.0 -9999.0 -9999.0 -9999.0 -9999.0 -9999.0 -9999.0 -9999.0 -9999.0 -9999.0 -9999.0 -9999.0 -9999.0 -9999.0 -9999.0 -9999.0 -9999.0 -9999.0 -9999.0
-9999.0 -9999.0 -9999.0 -9999.0 -9999.0 -9999.0 -9999.0 -9999.0 -9999.0 -9999.0 -9999.0 -9999.0 -9999.0 -9999.0 -9999.0 -9999.0 -9999.0 -9999.0 -9999.0 -9999.0 -9999.0 -9999.0 -9999.0 -9999.0 -9999.0 -9999.0 -9999.0 -9999.0 -9999.0 -9999.0 -9999.0 -9999.0 -9999.0 -9999.0 -9999.0 -9999.0 -9999.0 -9999.0 -9999.0 -9999.0 -9999.0 -9999.0 -9999.0 -9999.0 -9999.0 -9999.0 -9999.0 -9999.0 -9999.0 -9999.0 -9999.0 -9999.0 -9999.0 -9999.0 -9999.0 -9999.0 -9999.0 -9999.0 -9999.0 -9999.0 -9999.0 -9999.0 -9999.0 -9999.0 -9999.0 -9999.0 -9999.0 -9999.0 -9999.0 -9999.0 -9999.0 -9999.0 -9999.0 -9999.0 -9999.0 -9999.0 -9999.0 -9999.0 -9999.0 -9999.0