Borden_/Borden1m_014/output_maps/psiliqL0018N0007.asc
ncols         80
nrows         18
xllcorner     620200.000000
yllcorner     5168000.000000
cellsize      1.000000
NODATA_value  -9999.0
-9999.0 -9999.0 -9999.0 -9999.0 -9999.0 -9999.0 -9999.0 -9999.0 -9999.0 -9999.0 -9999.0 -9999.0 -9999.0 -9999.0 -9999.0 -9999.0 -9999.0 -9999.0 -9999.0 -9999.0 -9999.0 -9999.0 -9999.0 -9999.0 -9999.0 -9999.0 -9999.0 -9999.0 -9999.0 -9999.0 -9999.0 -9999.0 -9999.0 -9999.0 -9999.0 -9999.0 -9999.0 -9999.0 -9999.0 -9999.0 -9999.0 -9999.0 -9999.0 -9999.0 -9999.0 -9999.0 -9999.0 -9999.0 -9999.0 -9999.0 -9999.0 -9999.0 -9999.0 -9999.0 -9999.0 -9999.0 -9999.0 -9999.0 -9999.0 -9999.0 -9999.0 -9999.0 -9999.0 -9999.0 -9999.0 -9999.0 -9999.0 -9999.0 -9999.0 -9999.0 -9999.0 -9999.0 -9999.0 -9999.0 -9999.0 -9999.0 -9999.0 -9999.0 -9999.0 -9999.0
-9999.0 -9999.0 -9999.0 -9999.0 -9999.0 -9999.0 -9999.0 -9999.0 -9999.0 -9999.0 -9999.0 -9999.0 -9999.0 -9999.0 -9999.0 -9999.0 -9999.0 -9999.0 -9999.0 -9999.0 -9999.0 -9999.0 -9999.0 -9999.0 -9999.0 -9999.0 -9999.0 -9999.0 -9999.0 -9999.0 -9999.0 -9999.0 -9999.0 -9999.0 -9999.0 -9999.0 -9999.0 -9999.0 -9999.0 -9999.0 -9999.0 -9999.0 -9999.0 -9999.0 -9999.0 -9999.0 -9999.0 -9999.0 -9999.0 -9999.0 -9999.0 -9999.0 -9999.0 -9999.0 -9999.0 -9999.0 -9999.0 -9999.0 -9999.0 -9999.0 -9999.0 -9999.0 -9999.0 -9999.0 -9999.0 -9999.0 -9999.0 -9999.0 -9999.0 -9999.0 -9999.0 -9999.0 -9999.0 -9999.0 -9999.0 -9999.0 -9999.0 -9999.0 -9999.0 -9999.0
-9999.0 -9999.0 -9999.0 -9999.0 -9999.0 -9999.0 -9999.0 -9999.0 -9999.0 -9999.0 -9999.0 -9999.0 -9999.0 -9999.0 -9999.0 -9999.0 -9999.0 -9999.0 -9999.0 -9999.0 1744.046152 1746.531288 1725.320670 1692.409653 1665.452435 1668.796224 1704.178871 1746.547738 1786.347642 1796.496823 1779.272534 1783.364648 1780.224921 1779.547505 1783.168664 1792.169412 1798.945764 1811.207185 1820.998272 1821.882359 1817.031947 1813.127549 1814.785937 1817.522442 1823.157567 1810.861635 1824.896765 1839.073413 1841.830400 1834.525280 1805.445663 1788.387436 1777.454828 1759.957963 1783.246198 1793.066575 1813.937921 1816.375437 1813.081809 1785.085316 1754.309974 -9999.0 -9999.0 -9999.0 -9999.0 -9999.0 -9999.0 -9999.0 -9999.0 -9999.0 -9999.0 -9999.0 -9999.0 -9999.0 -9999.0 -9999.0 -9999.0 -9999.0 -9999.0 -9999.0
-9999.0 -9999.0 -9999.0 -9999.0 -9999.0 -9999.0 -9999.0 -9999.0 -9999.0 -9999.0 -9999.0 -9999.0 -9999.0 -9999.0 1651.344097 1642.667004 1640.798711 1649.855357 1684.055997 1715.118829 1727.364119 1720.837551 1721.835260 1698.930855 1678.810127 1693.837574 1725.182423 1758.012552 1793.342150 1813.485737 1803.242349 1802.125084 1812.587089 1838.380548 1852.418063 1851.856864 1834.730505 1860.331127 1877.545342 1886.910518 1887.667821 1879.907875 1891.642595 1906.682993 1899.730047 1883.435388 1890.617466 1902.435302 1911.505160 1895.945735 1829.940018 1809.651199 1803.128195 1795.340194 1779.663510 1771.973744 1796.064073 1793.813719 1784.145676 1764.995815 1730.922998 1685.614930 1665.653515 1703.500631 1745.900920 1801.719266 -9999.0 -9999.0 -9999.0 -9999.0 -9999.0 -9999.0 -9999.0 -9999.0 -9999.0 -9999.0 -9999.0 -9999.0 -9999.0 -9999.0
-9999.0 -9999.0 -9999.0 -9999.0 -9999.0 -9999.0 -9999.0 -9999.0 -9999.0 1591.882641 1597.522736 1605.612954 1608.970781 1625.283772 1623.065489 1631.024493 1638.198230 1666.465342 1698.208281 1734.067338 1763.578299 1756.199257 1757.430279 1766.525347 1768.323932 1780.920788 1804.772689 1846.713236 1884.729682 1924.169278 1894.647728 1892.780477 1913.693807 1962.632082 1997.209039 2006.125210 1990.055378 2003.213021 2031.019043 2053.904667 2054.370685 2051.792953 2076.582885 2090.555648 2089.214887 2069.557229 2062.224542 2064.266700 2087.558048 2031.282153 1958.871908 1907.802629 1912.952761 1884.394940 1848.535711 1828.074646 1823.159170 1840.979869 1824.890099 1786.700976 1749.435891 1736.149585 1716.848003 1733.248847 1754.010443 1798.666963 1836.510898 1864.077481 1862.415068 1844.193553 -9999.0 -9999.0 -9999.0 -9999.0 -9999.0 -9999.0 -9999.0 -9999.0 -9999.0 -9999.0
-9999.0 -9999.0 -9999.0 -9999.0 -9999.0 -9999.0 1511.593027 1522.276671 1543.791713 1548.707334 1575.534467 1583.392543 1604.634907 1624.364093 1647.073927 1663.661425 1693.539456 1726.961652 1767.774794 1811.192220 1844.708982 1840.237921 1851.179964 1878.886988 1915.227465 1943.726835 1972.280630 2015.981934 2092.543287 2132.459051 2134.662738 2138.977971 2151.014813 2206.081206 2278.196279 2296.726602 2278.829273 2266.278163 2292.285373 2332.682609 2337.959365 2339.707778 2352.545768 2362.625574 2388.777773 2379.782925 2342.003533 2330.328740 2327.834886 2301.976963 2228.393920 2160.357543 2128.504598 2077.970133 1993.102406 1937.365263 1944.316052 1961.962688 1932.649057 1877.637546 1835.770644 1823.165581 1806.041313 1791.828222 1797.526922 1815.603025 1836.381988 1846.582106 1832.312316 1809.884668 1786.296171 1756.580466 1757.693633 1782.157696 -9999.0 -9999.0 -9999.0 -9999.0 -9999.0 -9999.0
-9999.0 -9999.0 -9999.0 -9999.0 1460.409476 1474.098056 1462.144007 1488.901698 1522.846703 1558.380086 1590.465410 1627.372704 1654.913908 1685.475215 1724.927824 1757.119327 1797.993427 1833.697703 1888.383841 1957.774971 2011.569256 2037.025422 2053.114979 2110.163888 2171.401334 2226.015343 2252.747518 2287.177106 2335.382922 2393.643401 2417.927953 2423.007694 2441.544866 2482.798448 2538.261955 2578.094349 2564.365178 2558.811200 2570.684156 2587.001041 2612.257429 2614.495135 2616.901338 2620.072272 2625.666820 2625.134310 2601.243829 2567.591083 2549.033617 2533.223770 2493.796748 2419.981783 2382.348497 2351.322843 2309.958964 2249.501865 2183.912886 2169.806485 2111.346949 2051.088450 1987.086753 1963.897873 1931.441489 1904.323812 1875.042843 1876.491899 1879.419549 1858.095352 1824.286626 1790.744397 1774.457114 1754.430091 1742.042113 1771.414244 1788.296527 1817.879317 -9999.0 -9999.0 -9999.0 -9999.0
-9999.0 -9999.0 1399.848213 1447.973735 1505.841358 1515.057214 1514.963620 1521.919338 1551.951323 1605.543075 1679.300808 1727.673030 1767.629505 1802.042978 1860.861173 1936.856131 2008.348220 2057.892073 2120.868790 2195.523020 2263.910712 2302.501111 2321.349023 2361.880042 2416.957521 2483.106888 2514.607679 2546.195697 2581.909004 2615.862629 2619.733465 2631.329365 2640.293572 2646.954750 2657.774015 2664.069295 2662.382475 2660.592298 2646.414218 2645.892512 2655.051085 2662.734827 2664.189105 2650.912458 2647.138270 2661.156997 2665.890364 2663.902279 2659.998013 2662.512476 2659.228898 2615.595828 2584.736016 2568.745548 2552.832990 2502.716786 2434.343424 2394.708804 2371.296102 2322.964442 2238.724508 2183.942185 2130.058505 2079.153670 2024.983637 1994.709141 1948.658114 1906.348265 1859.268369 1811.674471 1786.477953 1767.110070 1763.319845 1761.974581 1777.592566 1792.314319 1807.334993 1814.954970 -9999.0 -9999.0
-9999.0 1294.334234 1366.526432 1491.840910 1572.171326 1616.032472 1643.151998 1663.138288 1693.863746 1725.178030 1827.320489 1907.835704 1998.348791 2037.222533 2086.396262 2184.637148 2284.146541 2335.209322 2377.407419 2439.654563 2506.602356 2561.463494 2593.019064 2596.260378 2632.850914 2652.619403 2659.711440 2666.899282 2665.773964 2657.072422 2647.254227 2651.372170 2645.197776 2624.000292 2607.340271 2605.699130 2603.540766 2583.596776 2558.952540 2547.357895 2551.719824 2577.971439 2565.543978 2544.968687 2541.026679 2562.037102 2582.407043 2572.295349 2557.532087 2573.584771 2605.792450 2628.228112 2637.449163 2655.424137 2674.886861 2646.320461 2619.592428 2578.040784 2557.445148 2526.478792 2464.489975 2400.883691 2341.415984 2273.760378 2203.042188 2134.160625 2070.399326 2008.766783 1942.792457 1899.769654 1866.167026 1814.174161 1792.480018 1793.575427 1784.539969 1781.201244 1786.753156 1792.843094 -9999.0 -9999.0
-9999.0 1208.971601 1350.394859 1533.118405 1680.765450 1736.010475 1828.872553 1905.156332 1932.944377 1901.377479 2011.582450 2235.952264 2349.903602 2370.099929 2443.369333 2535.784482 2547.039674 2581.745009 2606.597011 2624.295995 2640.272267 2656.008106 2657.695309 2654.561167 2641.552414 2635.607781 2635.811090 2633.942077 2615.798308 2594.093561 2573.436009 2565.448410 2540.284542 2488.339163 2451.098528 2432.752874 2417.975486 2404.336797 2378.555753 2355.660046 2341.632266 2357.600186 2353.793749 2337.401847 2333.217172 2354.168378 2383.923036 2379.369163 2387.767639 2406.967008 2444.842547 2485.950003 2512.327655 2545.418992 2584.048440 2629.800959 2645.159432 2668.964857 2673.597649 2656.678031 2610.770133 2555.600242 2519.056411 2453.092027 2378.099073 2295.584973 2228.800643 2166.181879 2095.683723 2045.433210 1992.445614 1928.766299 1872.777999 1851.567270 1812.461334 1793.926110 -9999.0 -9999.0 -9999.0 -9999.0
-9999.0 1122.820893 1308.096082 1560.399338 1842.299184 1943.632550 2151.540830 2282.546682 2339.547221 2413.646530 2369.488171 2542.487414 2591.598002 2589.699678 2593.125086 2595.615025 2609.267614 2611.120096 2608.042404 2600.257379 2594.806616 2594.421449 2596.128122 2591.058151 2581.031640 2567.859759 2554.256391 2540.544210 2499.689133 2461.018723 2418.589006 2399.231613 2352.522054 2251.389673 2203.364760 2164.000915 2106.997401 2106.031871 2107.210744 2082.646082 2065.485154 2043.406827 2068.188822 2075.451100 2078.126961 2077.609712 2090.838577 2115.281086 2159.764469 2195.245333 2239.694348 2295.648439 2337.690958 2385.048035 2431.823263 2489.934011 2527.893351 2562.699974 2614.030196 2653.819141 2677.920088 2666.116214 2640.917567 2593.865817 2522.422828 2457.930409 2411.094609 2340.599315 2274.499436 2213.701973 2154.572334 2087.429227 2013.224097 1937.327539 1896.537293 -9999.0 -9999.0 -9999.0 -9999.0 -9999.0
-9999.0 930.028418 1196.144216 1476.925914 1779.124571 2113.153590 2261.945998 2383.961922 2458.432425 2438.548357 2460.138179 2486.030275 2534.335255 2544.689939 2522.176967 2507.244803 2488.160821 2483.936112 2495.456835 2469.905894 2442.919775 2432.343076 2434.645215 2425.516520 2404.454708 2389.935145 2379.511363 2357.331793 2303.931380 2244.561073 2155.473610 2119.269518 2038.322159 1983.226968 1937.839572 1887.605143 1838.900173 1840.966024 1862.258620 1851.024173 1830.678060 1813.384237 1841.224850 1860.507901 1872.920173 1859.455114 1866.840920 1900.989178 1948.589697 1991.173044 2040.082748 2095.823714 2144.692673 2193.989023 2227.541533 2281.493404 2337.837857 2389.824141 2466.556227 2549.302846 2590.988723 2628.281358 2661.958205 2680.711364 2632.242491 2589.511958 2544.480376 2489.519418 2415.069618 2363.741095 2322.468279 2245.752409 2171.506284 -9999.0 -9999.0 -9999.0 -9999.0 -9999.0 -9999.0 -9999.0
-9999.0 807.849591 1018.544130 1236.038542 1509.329877 1744.543518 1947.373291 2052.066882 2133.618716 2188.399513 2239.729981 2285.314163 2321.875473 2346.303471 2322.967651 2274.655648 2236.603416 2235.184250 2226.763409 2202.765201 2174.282392 2161.055981 2159.900572 2155.103830 2133.246795 2121.103677 2111.460892 2088.048479 2053.902125 1994.694922 1913.947423 1838.801847 1778.182678 1747.923400 1718.684234 1686.966602 1654.095453 1665.712937 1679.149033 1677.731039 1669.142274 1667.526967 1696.814226 1716.030311 1725.829059 1714.096677 1732.495616 1757.570846 1797.360057 1839.252958 1887.327060 1941.882668 1995.802490 2024.899449 2038.834013 2065.202265 2107.659673 2164.627208 2254.581954 2355.819989 2439.251963 2492.798853 2549.468000 2590.986807 2612.268248 2630.182061 2617.336238 2551.026375 2460.044091 2448.450545 2437.227545 -9999.0 -9999.0 -9999.0 -9999.0 -9999.0 -9999.0 -9999.0 -9999.0 -9999.0
-9999.0 -9999.0 787.303666 956.989648 1082.561254 1256.394090 1403.473804 1512.708036 1606.848136 1732.228808 1847.726863 1939.899954 1987.695617 2005.502321 1990.059966 1954.649326 1929.273081 1925.236985 1912.496705 1901.915259 1883.345161 1876.587483 1866.001369 1858.956923 1851.401577 1847.770528 1843.298491 1832.200587 1810.150110 1762.868625 1715.634295 1665.013913 1612.618405 1587.249397 1565.626611 1544.950977 1545.029602 1541.275476 1547.372573 1549.793623 1557.762448 1570.993030 1591.027333 1613.197244 1622.830513 1631.744573 1643.554083 1666.400197 1698.367437 1739.765223 1792.980224 1850.336061 1890.007445 1902.648633 1892.996581 1898.263018 1918.730154 1961.364464 2041.821198 2127.527130 2227.368037 2305.205053 2385.388187 2446.105480 2473.151387 2502.670730 2535.956806 2500.539086 2374.735814 2412.134638 -9999.0 -9999.0 -9999.0 -9999.0 -9999.0 -9999.0 -9999.0 -9999.0 -9999.0 -9999.0
-9999.0 -9999.0 -9999.0 -9999.0 815.212657 967.374685 1063.879400 1145.984806 1276.428118 1400.484120 1504.234876 1590.505528 1655.050679 1681.617813 1677.436875 1682.977096 1676.475079 1667.575463 1656.320795 1655.894847 1655.987105 1649.251445 1635.258019 1628.896102 1631.107716 1637.131238 1634.971740 1621.405720 1603.194845 1581.775557 1562.446942 1528.564048 1493.209136 1464.214159 1451.205032 1446.093887 1446.148141 1439.381016 1448.385731 1456.384538 1472.002922 1487.357082 1511.088759 1540.132028 1553.940636 1568.492386 1577.745544 1597.543459 1627.289345 1679.984049 1742.844048 1800.343590 1836.170840 1840.464487 1816.022008 1800.637588 1796.833929 1824.423014 1868.444334 1934.761400 2037.022746 2113.336854 2175.237176 2227.697730 2272.499335 2338.159333 2417.687199 2466.214028 -9999.0 -9999.0 -9999.0 -9999.0 -9999.0 -9999.0 -9999.0 -9999.0 -9999.0 -9999.0 -9999.0 -9999.0
-9999.0 -9999.0 -9999.0 -9999.0 -9999.0 -9999.0 777.046494 879.129874 956.970925 1098.481930 1232.386304 1335.671421 1416.943372 1449.258548 1476.104603 1502.069820 1499.031831 1478.990666 1458.611608 1477.496267 1492.306752 1486.746188 1456.999156 1457.600714 1463.426981 1472.097986 1470.161361 1463.967370 1438.948041 1451.206113 1452.426055 1429.265246 1403.415676 1389.843854 1378.148637 1387.962894 1388.392392 1374.922931 1375.489191 1402.730377 1423.308778 1436.488035 1458.150796 1491.274170 1523.515532 1538.622593 1539.662817 1545.214265 1584.272594 1653.807090 1725.079312 1780.285025 1812.607640 1820.511231 1793.406784 1753.362970 1732.949157 1739.709916 1773.812345 1825.428962 1900.747073 1950.876839 1979.246624 1997.659391 2023.676868 2124.077423 -9999.0 -9999.0 -9999.0 -9999.0 -9999.0 -9999.0 -9999.0 -9999.0 -9999.0 -9999.0 -9999.0 -9999.0 -9999.0 -9999.0
-9999.0 -9999.0 -9999.0 -9999.0 -9999.0 -9999.0 -9999.0 -9999.0 -9999.0 -9999.0 -9999.0 -9999.0 -9999.0 -9999.0 -9999.0 -9999.0 -9999.0 -9999.0 -9999.0 -9999.0 -9999.0 -9999.0 -9999.0 -9999.0 -9999.0 -9999.0 -9999.0 -9999.0 -9999.0 -9999.0 -9999.0 -9999.0 -9999.0 -9999.0 -9999.0 -9999.0 -9999.0 -9999.0 -9999.0 -9999.0 -9999.0 -9999.0 -9999.0 -9999.0 -9999.0 -9999.0 -9999.0 -9999.0 -9999.0 -9999.0 -9999.0 -9999.0 -9999.0 -9999.0 -9999.0 -9999.0 -9999.0 -9999.0 -9999.0 -9999.0 -9999.0 -9999.0 -9999.0 -9999.0 -9999.0 -9999.0 -9999.0 -9999.0 -9999.0 -9999.0 -9999.0 -9999.0 -9999.0 -9999.0 -9999.0 -9999.0 -9999.0 -9999.0 -9999.0 -9999.0
-9999.0 -9999.0 -9999.0 -9999.0 -9999.0 -9999.0 -9999.0 -9999.0 -9999.0 -9999.0 -9999.0 -9999.0 -9999.0 -9999.0 -9999.0 -9999.0 -9999.0 -9999.0 -9999.0 -9999.0 -9999.0 -9999.0 -9999.0 -9999.0 -9999.0 -9999.0 -9999.0 -9999.0 -9999.0 -9999.0 -9999.0 -9999.0 -9999.0 -9999.0 -9999.0 -9999.0 -9999.0 -9999.0 -9999.0 -9999.0 -9999.0 -9999.0 -9999.0 -9999.0 -9999.0 -9999.0 -9999.0 -9999.0 -9999.0 -9999.0 -9999.0 -9999.0 -9999.0 -9999.0 -9999.0 -9999.0 -9999.0 -9999.0 -9999.0 -9999.0 -9999.0 -9999.0 -9999.0 -9999.0 -9999.0 -9999.0 -9999.0 -9999.0 -9999.0 -9999.0 -9999.0 -9999.0 -9999.0 -9999.0 -9999.0 -9999.0 -9999.0 -9999.0 -9999.0 -9999.0