Borden_/Borden1m_014/output_maps/psiliqL0012N0018.asc
ncols         80
nrows         18
xllcorner     620200.000000
yllcorner     5168000.000000
cellsize      1.000000
NODATA_value  -9999.0
-9999.0 -9999.0 -9999.0 -9999.0 -9999.0 -9999.0 -9999.0 -9999.0 -9999.0 -9999.0 -9999.0 -9999.0 -9999.0 -9999.0 -9999.0 -9999.0 -9999.0 -9999.0 -9999.0 -9999.0 -9999.0 -9999.0 -9999.0 -9999.0 -9999.0 -9999.0 -9999.0 -9999.0 -9999.0 -9999.0 -9999.0 -9999.0 -9999.0 -9999.0 -9999.0 -9999.0 -9999.0 -9999.0 -9999.0 -9999.0 -9999.0 -9999.0 -9999.0 -9999.0 -9999.0 -9999.0 -9999.0 -9999.0 -9999.0 -9999.0 -9999.0 -9999.0 -9999.0 -9999.0 -9999.0 -9999.0 -9999.0 -9999.0 -9999.0 -9999.0 -9999.0 -9999.0 -9999.0 -9999.0 -9999.0 -9999.0 -9999.0 -9999.0 -9999.0 -9999.0 -9999.0 -9999.0 -9999.0 -9999.0 -9999.0 -9999.0 -9999.0 -9999.0 -9999.0 -9999.0
-9999.0 -9999.0 -9999.0 -9999.0 -9999.0 -9999.0 -9999.0 -9999.0 -9999.0 -9999.0 -9999.0 -9999.0 -9999.0 -9999.0 -9999.0 -9999.0 -9999.0 -9999.0 -9999.0 -9999.0 -9999.0 -9999.0 -9999.0 -9999.0 -9999.0 -9999.0 -9999.0 -9999.0 -9999.0 -9999.0 -9999.0 -9999.0 -9999.0 -9999.0 -9999.0 -9999.0 -9999.0 -9999.0 -9999.0 -9999.0 -9999.0 -9999.0 -9999.0 -9999.0 -9999.0 -9999.0 -9999.0 -9999.0 -9999.0 -9999.0 -9999.0 -9999.0 -9999.0 -9999.0 -9999.0 -9999.0 -9999.0 -9999.0 -9999.0 -9999.0 -9999.0 -9999.0 -9999.0 -9999.0 -9999.0 -9999.0 -9999.0 -9999.0 -9999.0 -9999.0 -9999.0 -9999.0 -9999.0 -9999.0 -9999.0 -9999.0 -9999.0 -9999.0 -9999.0 -9999.0
-9999.0 -9999.0 -9999.0 -9999.0 -9999.0 -9999.0 -9999.0 -9999.0 -9999.0 -9999.0 -9999.0 -9999.0 -9999.0 -9999.0 -9999.0 -9999.0 -9999.0 -9999.0 -9999.0 -9999.0 542.933442 545.968701 524.235884 491.162015 463.907129 466.987201 502.758122 545.030350 584.421681 595.776127 579.175959 582.718341 579.388693 579.704697 583.199752 590.335557 594.432441 605.884708 614.331585 613.939968 607.802653 602.508464 602.381668 605.654632 610.918297 600.677535 614.397596 629.553302 634.917386 629.147396 601.036533 583.984111 573.594980 556.797250 579.831563 590.609611 612.218140 615.244532 612.619641 584.724623 554.092369 -9999.0 -9999.0 -9999.0 -9999.0 -9999.0 -9999.0 -9999.0 -9999.0 -9999.0 -9999.0 -9999.0 -9999.0 -9999.0 -9999.0 -9999.0 -9999.0 -9999.0 -9999.0 -9999.0
-9999.0 -9999.0 -9999.0 -9999.0 -9999.0 -9999.0 -9999.0 -9999.0 -9999.0 -9999.0 -9999.0 -9999.0 -9999.0 -9999.0 449.631542 440.363558 438.285272 447.668753 482.330666 513.338669 526.027235 519.234939 520.189680 497.769856 478.614310 493.954367 524.825754 557.624298 593.505569 615.558065 605.666492 605.306175 617.357407 644.918316 659.234340 657.167252 637.387375 660.599972 676.440722 685.170119 684.480876 676.094942 689.770385 705.865224 699.159351 681.763098 686.296509 698.248128 711.149153 696.269266 631.162656 609.242475 602.587752 593.477327 577.863196 570.002112 593.754104 592.684891 583.019486 563.882628 530.474970 485.852986 466.836812 504.703986 548.060540 605.017730 -9999.0 -9999.0 -9999.0 -9999.0 -9999.0 -9999.0 -9999.0 -9999.0 -9999.0 -9999.0 -9999.0 -9999.0 -9999.0 -9999.0
-9999.0 -9999.0 -9999.0 -9999.0 -9999.0 -9999.0 -9999.0 -9999.0 -9999.0 390.533617 395.093391 402.842490 405.617382 421.948243 420.457353 428.367491 436.755271 464.660318 497.163349 533.645355 563.527162 555.374285 557.394786 570.468800 577.813061 592.247011 615.189541 657.264513 700.504984 745.399819 720.698022 722.349329 745.747506 796.064463 831.343335 839.741874 821.382537 828.222052 853.047278 875.768427 875.670552 873.880084 899.023327 913.316904 916.254675 896.121897 881.281058 880.993404 906.588099 854.801573 788.394081 733.480643 730.257936 694.861217 652.965129 630.245864 625.417700 643.922538 626.217200 586.891721 549.042067 537.274136 518.820438 534.407157 555.694775 601.301773 639.314502 666.989473 665.955283 647.921820 -9999.0 -9999.0 -9999.0 -9999.0 -9999.0 -9999.0 -9999.0 -9999.0 -9999.0 -9999.0
-9999.0 -9999.0 -9999.0 -9999.0 -9999.0 -9999.0 311.270557 320.889834 341.416345 346.829258 372.357590 380.470596 401.840274 422.148674 444.584648 462.706362 494.664896 529.485486 573.302047 619.498822 653.723874 650.942095 664.252729 701.359948 748.685562 782.661169 809.249169 850.738418 931.731081 982.716720 999.688503 1011.840480 1028.881994 1077.569684 1139.484071 1155.896799 1134.095675 1118.289802 1136.003547 1170.024808 1178.611127 1180.381148 1189.584875 1198.757007 1224.543562 1215.632448 1174.761661 1159.620811 1157.233473 1144.233966 1087.833234 1021.970794 972.275294 913.085248 827.039196 769.429894 770.894675 783.042314 746.802626 688.511592 644.240659 631.108217 613.345896 597.212738 601.079054 618.574319 639.768468 649.649195 635.617276 613.653742 589.908344 560.125608 560.946812 585.554303 -9999.0 -9999.0 -9999.0 -9999.0 -9999.0 -9999.0
-9999.0 -9999.0 -9999.0 -9999.0 260.965672 274.084251 262.575951 287.641817 320.661549 355.127725 388.063400 426.161714 454.643669 486.473469 529.886540 568.622845 613.972964 653.377865 714.606768 789.398992 844.359808 872.214993 892.801964 962.492355 1037.269946 1093.540876 1114.201595 1140.394882 1182.898284 1247.011003 1277.582841 1288.080570 1309.300954 1343.380409 1387.841211 1419.667682 1402.343156 1393.570047 1397.982317 1407.888821 1431.621086 1433.031658 1434.844631 1436.835486 1440.893557 1440.686074 1417.672601 1385.504279 1373.646658 1366.083875 1340.469812 1271.623330 1222.908958 1189.390078 1159.024420 1110.813062 1044.845030 1018.893040 948.955189 884.811582 817.631390 790.556286 752.744437 721.252585 687.400356 685.008946 685.095520 662.467725 628.816596 594.936652 578.394002 558.203625 546.222537 575.038584 591.723938 621.645215 -9999.0 -9999.0 -9999.0 -9999.0
-9999.0 -9999.0 201.380198 251.011848 308.208273 317.832031 320.056477 326.585554 355.367693 407.988964 486.254639 539.779291 585.421324 621.513353 686.961283 774.471172 852.132648 907.667875 979.585262 1058.128780 1121.499823 1156.274380 1177.928070 1220.161920 1277.371862 1337.657502 1362.980867 1388.100427 1417.738742 1450.832933 1467.617438 1483.552997 1492.634525 1493.962435 1497.889088 1497.968464 1492.729886 1485.694398 1466.603293 1462.416930 1469.032938 1473.328631 1475.692388 1462.997734 1459.631800 1473.227032 1477.031203 1477.638465 1479.803709 1489.087668 1495.232504 1457.962431 1413.653550 1397.207229 1388.900153 1346.354310 1283.813904 1236.672388 1209.342323 1167.206404 1092.907410 1038.099604 974.461330 914.579186 855.172783 816.178018 763.692812 717.595315 667.926807 619.312618 593.399647 572.909103 568.395762 566.670620 581.248650 595.525728 609.959501 617.265034 -9999.0 -9999.0
-9999.0 99.682304 172.561702 300.117998 380.968280 427.663843 465.433380 492.784079 521.111746 544.580354 653.783479 754.057350 847.666726 888.176134 950.831249 1057.854249 1153.210753 1199.848482 1241.317254 1298.689763 1357.068948 1403.582891 1432.596841 1451.815645 1484.842525 1494.054274 1495.695350 1497.999982 1493.175032 1485.628308 1476.554340 1483.247518 1480.367482 1462.768569 1447.541119 1443.549606 1435.473703 1408.230301 1378.393293 1362.991915 1364.948919 1386.556896 1376.117276 1356.297093 1353.488455 1374.408815 1393.270648 1387.178570 1379.949531 1401.204350 1437.087448 1457.685913 1469.282735 1484.919974 1505.602362 1481.087419 1451.027434 1409.427225 1389.140130 1360.629217 1305.079174 1244.047734 1187.046745 1125.232824 1056.473244 976.505502 903.955546 837.194844 764.502870 718.846787 683.511841 628.510784 602.703158 600.815044 589.273485 584.666529 589.441612 595.170039 -9999.0 -9999.0
-9999.0 22.838906 166.262670 352.588130 502.890961 567.941155 683.109295 767.260855 796.139171 772.106876 885.082029 1110.922128 1207.800915 1225.988579 1299.038764 1386.154591 1414.611639 1446.810916 1470.006982 1478.070222 1484.301046 1493.337755 1491.577580 1485.000669 1470.612357 1462.667431 1461.306289 1458.318383 1440.474774 1420.190412 1401.493584 1396.136616 1377.765282 1337.199818 1305.500316 1286.923298 1266.128409 1238.101816 1201.062476 1173.452734 1159.330556 1175.970234 1168.476376 1152.173874 1149.000262 1171.350613 1204.732389 1203.790084 1217.396076 1246.178518 1288.920256 1327.906843 1350.526325 1380.914963 1417.488928 1460.464711 1477.316174 1498.573284 1503.527413 1483.325156 1441.795956 1391.427534 1357.597769 1296.484347 1225.823775 1147.582853 1083.855779 1019.820187 938.391854 882.548818 827.817939 761.369450 697.461336 665.089918 621.464027 598.631066 -9999.0 -9999.0 -9999.0 -9999.0
-9999.0 -50.704467 139.574062 402.780426 676.168395 804.677106 1021.713611 1154.019662 1211.638828 1269.980820 1269.634113 1401.572482 1436.001786 1431.794253 1427.467377 1433.102108 1449.749176 1455.224198 1453.922615 1446.982251 1440.655824 1437.649490 1435.008860 1424.335192 1409.594115 1392.807085 1378.812865 1365.534948 1327.354615 1293.732393 1257.193239 1237.705428 1197.783756 1110.030464 1068.613670 1030.983211 964.494622 948.934104 935.426302 903.325162 882.634215 864.039834 884.379489 887.154099 889.297249 895.709576 917.162752 945.024307 999.543647 1046.634262 1093.893672 1145.738176 1181.957018 1229.636922 1277.795275 1333.679144 1365.843568 1397.809441 1445.059556 1484.159559 1507.803338 1498.435918 1470.899751 1428.255301 1361.499779 1297.831404 1253.327032 1186.230008 1121.462737 1066.951726 1014.733881 945.100881 863.168802 759.701869 711.252895 -9999.0 -9999.0 -9999.0 -9999.0 -9999.0
-9999.0 -220.257936 48.496325 342.389635 669.757793 1006.048677 1138.302319 1278.240114 1348.003937 1302.860230 1297.590508 1319.862486 1361.216234 1369.854883 1352.931856 1348.081298 1340.387478 1342.262605 1357.071754 1334.341018 1307.946450 1294.545709 1291.280615 1274.107249 1244.792998 1222.809405 1207.581529 1186.860384 1140.161973 1091.034564 1008.796640 971.121326 887.270274 824.081785 777.574760 725.710337 669.584458 664.273046 678.249182 661.190323 638.265374 619.591753 645.656382 662.549407 674.581428 664.909609 675.717209 714.244323 768.398706 817.114920 870.405131 929.490870 984.704085 1046.226696 1083.348478 1134.510908 1182.317299 1233.447199 1309.950241 1387.582501 1424.783683 1460.353520 1495.687741 1512.829272 1465.178307 1418.597542 1373.736640 1321.832055 1243.973532 1200.469344 1170.508817 1116.806809 1053.780692 -9999.0 -9999.0 -9999.0 -9999.0 -9999.0 -9999.0 -9999.0
-9999.0 -350.634526 -125.113385 114.255436 408.938628 652.882440 848.007178 971.655237 1052.576532 1072.064832 1096.806751 1126.759196 1156.323957 1178.652165 1159.347682 1125.871855 1101.622239 1107.333132 1106.398173 1084.897429 1057.819279 1042.892076 1038.115747 1024.107835 988.552406 965.089433 948.601301 921.726477 884.145171 827.243381 744.438594 669.864652 604.813568 569.265488 537.945184 503.335031 464.316925 473.268401 485.939261 481.307986 469.592186 465.844731 495.294348 514.198068 524.567102 512.735311 532.405068 560.636839 604.326944 648.867513 699.290231 756.437687 813.778824 849.228710 867.921648 898.881523 946.642699 1015.179056 1108.327218 1205.284802 1284.905448 1336.564053 1389.418343 1425.740017 1441.976846 1459.944530 1442.114531 1370.246969 1254.529038 1266.054554 1261.055336 -9999.0 -9999.0 -9999.0 -9999.0 -9999.0 -9999.0 -9999.0 -9999.0 -9999.0
-9999.0 -9999.0 -361.611837 -176.876657 -27.065845 158.378354 312.381674 425.316923 509.983512 612.630274 710.650520 788.960747 831.057825 848.467251 833.831694 799.385300 777.610764 778.532122 769.640050 757.953602 735.882300 726.147349 713.858429 702.532760 686.612824 676.544594 668.522763 655.178234 631.294265 583.352880 531.187351 477.540777 422.126684 395.788378 373.062347 350.153992 346.873478 343.562789 349.498985 350.623714 356.559049 368.659769 389.177279 410.920562 420.663630 428.800398 441.779099 466.164297 500.266450 542.996102 597.222324 655.069244 695.693206 710.244174 702.915755 711.040422 736.669176 787.314731 878.283055 975.934129 1081.669928 1157.770935 1235.273608 1292.649872 1313.945885 1334.231241 1357.615653 1295.825426 915.925271 1201.148307 -9999.0 -9999.0 -9999.0 -9999.0 -9999.0 -9999.0 -9999.0 -9999.0 -9999.0 -9999.0
-9999.0 -9999.0 -9999.0 -9999.0 -320.797283 -163.038134 -66.391328 18.084303 144.441112 259.513931 356.021267 435.445219 492.558709 517.732137 510.226425 510.193482 504.110774 499.580293 490.558391 486.957763 482.913298 474.439122 460.697339 451.764832 450.118617 452.781368 449.374473 435.158715 417.735486 392.063347 368.979304 333.330056 296.021874 266.285203 252.763779 246.010958 245.739070 239.415318 248.460943 255.159388 270.157232 285.547518 309.540155 338.240654 351.451570 366.060200 376.061031 397.153217 427.840119 481.475501 544.915085 602.321771 637.684303 642.377941 617.754768 603.168668 601.628331 632.658589 683.176781 758.659094 868.720323 952.797226 1029.955642 1087.274087 1125.076827 1175.394027 1241.038072 1282.648887 -9999.0 -9999.0 -9999.0 -9999.0 -9999.0 -9999.0 -9999.0 -9999.0 -9999.0 -9999.0 -9999.0 -9999.0
-9999.0 -9999.0 -9999.0 -9999.0 -9999.0 -9999.0 -371.829672 -272.301087 -186.786645 -56.160692 65.306912 161.788106 238.761392 266.957905 288.572896 313.132390 309.949587 292.437834 274.757147 292.072378 303.099318 297.227134 267.962649 266.147063 269.425992 277.638903 275.475200 268.786385 243.505406 252.651582 251.696957 228.145630 201.713710 187.232188 175.327206 184.950780 185.375111 172.310560 173.917376 200.234129 220.165778 233.539867 255.852704 289.121040 321.346175 336.125231 337.438661 343.889464 385.138413 455.764622 527.032089 581.679220 613.515692 621.520566 593.961459 553.882241 533.640198 541.942217 578.915053 635.498225 716.633968 773.051025 811.566093 837.299753 865.360129 960.994541 -9999.0 -9999.0 -9999.0 -9999.0 -9999.0 -9999.0 -9999.0 -9999.0 -9999.0 -9999.0 -9999.0 -9999.0 -9999.0 -9999.0
-9999.0 -9999.0 -9999.0 -9999.0 -9999.0 -9999.0 -9999.0 -9999.0 -9999.0 -9999.0 -9999.0 -9999.0 -9999.0 -9999.0 -9999.0 -9999.0 -9999.0 -9999.0 -9999.0 -9999.0 -9999.0 -9999.0 -9999.0 -9999.0 -9999.0 -9999.0 -9999.0 -9999.0 -9999.0 -9999.0 -9999.0 -9999.0 -9999.0 -9999.0 -9999.0 -9999.0 -9999.0 -9999.0 -9999.0 -9999.0 -9999.0 -9999.0 -9999.0 -9999.0 -9999.0 -9999.0 -9999.0 -9999.0 -9999.0 -9999.0 -9999.0 -9999.0 -9999.0 -9999.0 -9999.0 -9999.0 -9999.0 -9999.0 -9999.0 -9999.0 -9999.0 -9999.0 -9999.0 -9999.0 -9999.0 -9999.0 -9999.0 -9999.0 -9999.0 -9999.0 -9999.0 -9999.0 -9999.0 -9999.0 -9999.0 -9999.0 -9999.0 -9999.0 -9999.0 -9999.0
-9999.0 -9999.0 -9999.0 -9999.0 -9999.0 -9999.0 -9999.0 -9999.0 -9999.0 -9999.0 -9999.0 -9999.0 -9999.0 -9999.0 -9999.0 -9999.0 -9999.0 -9999.0 -9999.0 -9999.0 -9999.0 -9999.0 -9999.0 -9999.0 -9999.0 -9999.0 -9999.0 -9999.0 -9999.0 -9999.0 -9999.0 -9999.0 -9999.0 -9999.0 -9999.0 -9999.0 -9999.0 -9999.0 -9999.0 -9999.0 -9999.0 -9999.0 -9999.0 -9999.0 -9999.0 -9999.0 -9999.0 -9999.0 -9999.0 -9999.0 -9999.0 -9999.0 -9999.0 -9999.0 -9999.0 -9999.0 -9999.0 -9999.0 -9999.0 -9999.0 -9999.0 -9999.0 -9999.0 -9999.0 -9999.0 -9999.0 -9999.0 -9999.0 -9999.0 -9999.0 -9999.0 -9999.0 -9999.0 -9999.0 -9999.0 -9999.0 -9999.0 -9999.0 -9999.0 -9999.0