Borden_/Borden1m_014/output_maps/psiliqL0027N0011.asc
ncols         80
nrows         18
xllcorner     620200.000000
yllcorner     5168000.000000
cellsize      1.000000
NODATA_value  -9999.0
-9999.0 -9999.0 -9999.0 -9999.0 -9999.0 -9999.0 -9999.0 -9999.0 -9999.0 -9999.0 -9999.0 -9999.0 -9999.0 -9999.0 -9999.0 -9999.0 -9999.0 -9999.0 -9999.0 -9999.0 -9999.0 -9999.0 -9999.0 -9999.0 -9999.0 -9999.0 -9999.0 -9999.0 -9999.0 -9999.0 -9999.0 -9999.0 -9999.0 -9999.0 -9999.0 -9999.0 -9999.0 -9999.0 -9999.0 -9999.0 -9999.0 -9999.0 -9999.0 -9999.0 -9999.0 -9999.0 -9999.0 -9999.0 -9999.0 -9999.0 -9999.0 -9999.0 -9999.0 -9999.0 -9999.0 -9999.0 -9999.0 -9999.0 -9999.0 -9999.0 -9999.0 -9999.0 -9999.0 -9999.0 -9999.0 -9999.0 -9999.0 -9999.0 -9999.0 -9999.0 -9999.0 -9999.0 -9999.0 -9999.0 -9999.0 -9999.0 -9999.0 -9999.0 -9999.0 -9999.0
-9999.0 -9999.0 -9999.0 -9999.0 -9999.0 -9999.0 -9999.0 -9999.0 -9999.0 -9999.0 -9999.0 -9999.0 -9999.0 -9999.0 -9999.0 -9999.0 -9999.0 -9999.0 -9999.0 -9999.0 -9999.0 -9999.0 -9999.0 -9999.0 -9999.0 -9999.0 -9999.0 -9999.0 -9999.0 -9999.0 -9999.0 -9999.0 -9999.0 -9999.0 -9999.0 -9999.0 -9999.0 -9999.0 -9999.0 -9999.0 -9999.0 -9999.0 -9999.0 -9999.0 -9999.0 -9999.0 -9999.0 -9999.0 -9999.0 -9999.0 -9999.0 -9999.0 -9999.0 -9999.0 -9999.0 -9999.0 -9999.0 -9999.0 -9999.0 -9999.0 -9999.0 -9999.0 -9999.0 -9999.0 -9999.0 -9999.0 -9999.0 -9999.0 -9999.0 -9999.0 -9999.0 -9999.0 -9999.0 -9999.0 -9999.0 -9999.0 -9999.0 -9999.0 -9999.0 -9999.0
-9999.0 -9999.0 -9999.0 -9999.0 -9999.0 -9999.0 -9999.0 -9999.0 -9999.0 -9999.0 -9999.0 -9999.0 -9999.0 -9999.0 -9999.0 -9999.0 -9999.0 -9999.0 -9999.0 -9999.0 3525.148229 3525.920973 3504.180955 3469.883884 3441.420178 3442.979496 3475.484193 3515.757865 3554.279653 3561.148957 3541.687730 3545.335774 3540.655626 3535.621814 3535.399709 3543.014530 3549.681697 3559.103826 3565.789111 3563.199629 3555.642250 3550.568049 3553.297064 3554.737191 3561.078845 3546.313579 3562.518365 3578.942342 3583.677905 3581.260278 3557.951924 3546.512512 3538.845156 3523.520892 3550.521445 3562.428686 3586.217967 3591.141442 3589.394520 3562.962416 3533.094720 -9999.0 -9999.0 -9999.0 -9999.0 -9999.0 -9999.0 -9999.0 -9999.0 -9999.0 -9999.0 -9999.0 -9999.0 -9999.0 -9999.0 -9999.0 -9999.0 -9999.0 -9999.0 -9999.0
-9999.0 -9999.0 -9999.0 -9999.0 -9999.0 -9999.0 -9999.0 -9999.0 -9999.0 -9999.0 -9999.0 -9999.0 -9999.0 -9999.0 3435.331906 3426.502378 3423.371389 3430.263916 3462.320636 3492.304726 3503.783658 3496.078149 3495.587652 3470.431887 3447.014294 3459.077582 3487.982456 3517.861447 3550.657008 3567.296828 3555.968885 3552.988146 3559.308860 3577.931369 3585.168399 3581.247623 3563.664637 3587.879443 3600.674196 3604.514228 3602.262746 3592.193792 3600.422262 3614.183678 3607.075184 3592.053432 3603.647574 3619.035555 3629.752236 3622.321951 3565.082985 3554.092651 3551.433262 3548.106714 3535.616134 3532.445746 3561.533494 3561.561211 3554.912176 3538.230575 3505.281791 3460.284320 3441.789424 3483.069835 3527.171798 3583.803554 -9999.0 -9999.0 -9999.0 -9999.0 -9999.0 -9999.0 -9999.0 -9999.0 -9999.0 -9999.0 -9999.0 -9999.0 -9999.0 -9999.0
-9999.0 -9999.0 -9999.0 -9999.0 -9999.0 -9999.0 -9999.0 -9999.0 -9999.0 3378.221688 3384.111510 3390.753711 3392.912173 3407.645381 3404.012435 3410.519869 3413.789564 3440.569791 3469.386688 3502.216728 3528.532255 3518.825359 3516.898699 3519.669615 3512.644014 3519.492848 3539.229126 3575.128463 3605.111666 3639.459225 3605.156457 3599.694239 3616.738764 3657.112808 3678.794551 3679.930879 3661.080648 3678.623869 3701.849598 3716.721597 3712.850517 3706.414271 3732.517407 3747.920564 3740.883327 3719.072432 3719.064846 3727.446843 3757.216397 3706.677732 3640.913189 3604.206852 3621.640541 3601.749337 3577.469826 3567.825708 3569.401953 3590.434000 3579.543288 3546.467206 3514.026558 3502.768166 3486.597940 3508.633331 3532.598529 3579.576904 3620.007175 3650.278620 3650.021573 3633.023721 -9999.0 -9999.0 -9999.0 -9999.0 -9999.0 -9999.0 -9999.0 -9999.0 -9999.0 -9999.0
-9999.0 -9999.0 -9999.0 -9999.0 -9999.0 -9999.0 3299.894116 3310.266515 3330.730029 3332.808464 3358.970140 3363.568613 3381.709382 3398.144233 3419.354648 3431.166304 3454.966634 3483.893626 3518.699620 3555.045613 3581.512648 3568.695386 3573.216245 3590.940559 3615.805042 3633.144085 3655.180964 3692.533875 3764.428859 3800.273448 3791.150788 3791.445806 3799.477942 3849.971754 3913.913499 3924.288427 3903.558522 3890.702595 3914.852233 3952.670077 3950.080424 3948.803577 3962.451760 3973.524715 4000.414265 3989.106258 3953.254214 3948.788519 3956.491285 3932.794230 3862.731574 3806.198869 3789.066095 3742.344392 3658.875374 3617.613505 3643.674390 3672.976886 3652.481577 3603.847829 3572.777488 3568.431570 3558.376043 3552.775394 3566.483097 3590.389012 3614.966870 3629.499587 3618.108732 3597.633177 3576.354823 3548.517974 3551.463611 3576.560095 -9999.0 -9999.0 -9999.0 -9999.0 -9999.0 -9999.0
-9999.0 -9999.0 -9999.0 -9999.0 3250.819856 3263.340174 3247.812166 3273.567081 3304.828327 3337.685786 3364.060847 3394.514422 3416.510450 3442.097197 3473.687523 3493.598497 3523.909793 3552.286820 3598.204704 3658.144943 3701.314287 3713.327410 3721.086323 3771.449039 3827.289547 3873.760652 3892.360792 3918.382185 3965.059737 4021.707447 4043.702731 4046.150404 4063.093340 4107.440347 4164.938747 4200.407634 4182.555666 4173.313217 4183.966825 4198.756048 4220.911117 4220.958723 4222.093880 4226.508490 4234.542093 4232.526567 4205.374197 4171.691949 4158.644633 4148.275753 4108.919087 4036.083318 4006.566321 3977.122006 3932.807494 3877.992311 3832.614010 3835.580339 3780.801346 3725.634759 3677.059606 3670.767721 3651.770090 3637.006604 3621.049767 3634.596407 3647.588508 3633.250951 3603.719745 3574.897600 3562.380752 3545.203101 3534.095592 3565.578880 3583.664441 3613.165613 -9999.0 -9999.0 -9999.0 -9999.0
-9999.0 -9999.0 3192.525679 3237.049709 3293.479750 3298.584688 3290.308708 3291.953117 3317.137737 3365.080233 3425.312956 3460.107164 3486.746092 3516.053716 3565.216617 3624.900336 3683.365994 3725.350941 3783.419861 3852.910572 3911.906745 3938.297123 3946.707732 3982.521432 4037.799489 4108.206227 4136.714074 4163.575415 4195.997779 4233.271231 4222.921474 4233.253772 4246.161294 4260.105451 4276.166559 4283.882649 4278.798528 4274.147433 4255.456377 4250.081906 4256.527121 4264.941205 4263.649756 4248.813465 4244.830265 4259.995953 4266.501476 4264.235926 4261.071263 4265.716232 4260.220685 4210.567023 4195.245481 4179.661321 4167.335422 4120.599741 4053.149075 4021.351373 3999.261259 3957.572261 3883.883118 3847.566676 3808.901139 3775.118197 3738.649881 3726.913753 3695.636308 3664.265925 3626.199247 3585.977132 3567.402771 3553.674937 3553.678274 3554.562905 3572.620997 3588.465259 3604.526420 3612.646062 -9999.0 -9999.0
-9999.0 3082.118369 3152.490254 3272.752060 3349.244650 3384.145045 3389.234138 3389.344038 3413.397470 3445.679140 3529.779994 3575.138485 3657.439434 3695.178828 3734.918143 3824.663647 3919.824985 3963.702859 4003.335982 4068.379200 4135.242733 4182.866648 4209.468091 4184.931921 4225.417745 4257.225975 4266.034574 4273.559109 4274.109164 4265.542051 4259.275699 4265.856680 4262.765073 4243.313130 4226.980799 4225.128703 4221.664336 4198.109481 4170.394788 4154.648105 4155.770899 4181.033915 4167.689306 4146.196771 4141.733533 4163.577887 4185.394728 4174.545943 4161.316265 4177.978450 4212.922216 4238.504620 4238.677718 4257.486910 4278.667375 4249.181034 4228.567451 4184.046940 4166.904431 4141.298915 4083.788291 4028.925650 3980.604926 3932.319526 3880.362798 3832.295283 3785.072203 3738.196913 3685.556481 3653.183749 3629.430800 3587.512648 3575.692091 3582.788450 3578.329357 3577.071079 3583.856515 3590.499653 -9999.0 -9999.0
-9999.0 2983.574662 3121.360013 3297.006075 3437.845037 3475.523067 3532.017025 3584.749844 3596.931669 3538.883253 3639.743523 3857.412459 3982.535559 4000.842853 4077.515359 4174.234640 4153.489954 4185.352428 4209.090272 4236.918574 4259.250086 4274.261884 4272.720298 4267.755412 4251.099149 4243.055364 4242.130430 4239.963357 4222.363456 4203.226699 4186.287266 4182.945569 4164.651457 4114.186725 4080.602726 4062.713324 4042.903142 4029.745873 4002.797884 3976.599500 3959.651195 3969.329861 3968.160462 3955.072683 3950.666821 3968.512679 3999.436078 3998.007551 4010.583688 4030.352947 4065.856091 4104.486435 4123.866167 4153.211357 4189.048496 4237.773642 4245.972656 4268.559175 4271.303977 4261.671049 4214.517888 4162.528983 4132.947043 4077.236583 4017.659862 3955.952252 3906.894910 3862.223415 3806.964881 3773.375304 3734.650062 3681.361078 3639.561643 3633.346847 3600.538563 3588.185467 -9999.0 -9999.0 -9999.0 -9999.0
-9999.0 2878.535420 3055.407966 3290.370505 3585.084962 3652.147002 3854.147336 3968.134028 4006.176846 4074.269764 3945.583259 4159.629896 4214.985796 4210.647175 4228.768483 4232.353434 4246.920932 4246.134713 4241.045390 4229.926929 4220.196936 4215.515137 4214.502141 4206.561070 4193.871616 4179.179567 4167.179683 4155.572533 4118.560022 4086.315563 4046.301433 4033.593231 3987.865889 3895.557383 3856.958543 3817.742541 3756.035845 3759.125346 3767.838805 3744.200664 3724.436366 3695.312461 3725.802930 3737.369327 3741.857424 3736.557427 3745.564585 3775.041038 3823.625541 3858.158844 3896.943700 3945.019027 3975.672743 4014.896878 4054.490332 4106.947893 4138.409409 4167.435546 4216.890588 4254.029445 4276.876797 4262.462073 4244.435562 4199.078146 4138.606985 4089.146639 4059.910079 4009.077682 3965.469908 3922.116897 3875.760692 3823.133653 3761.751335 3711.029452 3677.676570 -9999.0 -9999.0 -9999.0 -9999.0 -9999.0
-9999.0 2658.733165 2912.221282 3172.567498 3440.777768 3784.701798 3961.937287 4054.526607 4118.414442 4103.762120 4129.393343 4135.117145 4172.468215 4180.092345 4158.755850 4144.580369 4126.501093 4125.411633 4138.515916 4110.955911 4080.418835 4066.918555 4067.858125 4057.176320 4033.139114 4018.289199 4009.062000 3990.382295 3947.320991 3896.824974 3812.231378 3776.828858 3697.446931 3660.601395 3624.998104 3578.395404 3534.663997 3541.086249 3566.660131 3558.317553 3537.925038 3521.256243 3551.003050 3572.259500 3585.646794 3568.963166 3575.407030 3609.664016 3655.852056 3696.027247 3739.468309 3787.115329 3828.976924 3867.714016 3887.911899 3926.597421 3968.724995 4010.364612 4080.717465 4159.769686 4196.172081 4231.106366 4259.621910 4281.690961 4238.594819 4212.637332 4188.685266 4164.949272 4118.462683 4072.922761 4032.362025 3967.273515 3907.731192 -9999.0 -9999.0 -9999.0 -9999.0 -9999.0 -9999.0 -9999.0
-9999.0 2548.157209 2738.499640 2911.679457 3152.357374 3380.129962 3605.824427 3695.861604 3766.497717 3842.352122 3898.726309 3937.334187 3963.118565 3984.897055 3962.386961 3915.746521 3883.227602 3888.322519 3878.889187 3858.236455 3830.803619 3818.144672 3815.436567 3810.929630 3790.103250 3780.308474 3773.897926 3756.239741 3731.644936 3679.158945 3608.823669 3535.745252 3483.202665 3465.582879 3444.284271 3418.620772 3393.534806 3407.510712 3420.352736 3421.064708 3415.369178 3416.207798 3445.247231 3465.275796 3474.683900 3463.979784 3482.018207 3504.621086 3540.859248 3579.639278 3623.769310 3673.312219 3721.228205 3740.505819 3741.538704 3751.743063 3778.444623 3821.067911 3896.974027 3982.994598 4061.499069 4107.314463 4158.341059 4198.681189 4227.262412 4251.329706 4274.360089 4267.905298 4241.556716 4207.965441 4148.717252 -9999.0 -9999.0 -9999.0 -9999.0 -9999.0 -9999.0 -9999.0 -9999.0 -9999.0
-9999.0 -9999.0 2513.743949 2663.367955 2755.383065 2891.330077 3026.458216 3130.352883 3232.125791 3376.750831 3501.146759 3595.965473 3642.844602 3658.523629 3644.960089 3617.399732 3600.876485 3600.444370 3588.579771 3583.015527 3569.678016 3564.938066 3553.060581 3546.036767 3543.167245 3543.604338 3542.173341 3534.910425 3519.427678 3479.380023 3444.768132 3402.075820 3357.469374 3337.271292 3320.595072 3305.165638 3310.823077 3306.374281 3312.363951 3315.912126 3326.324305 3340.990893 3360.319687 3383.206169 3392.845544 3403.194712 3413.687005 3434.805844 3464.083172 3503.679378 3554.459855 3608.766938 3644.071944 3650.154742 3631.161231 3624.982470 3631.753345 3659.238125 3720.802782 3788.954329 3879.005960 3944.739006 4011.680553 4067.937059 4094.831286 4131.223323 4202.078248 4250.152265 4293.391329 4270.945456 -9999.0 -9999.0 -9999.0 -9999.0 -9999.0 -9999.0 -9999.0 -9999.0 -9999.0 -9999.0
-9999.0 -9999.0 -9999.0 -9999.0 2524.400860 2670.952286 2769.196521 2816.151524 2948.530622 3075.955993 3180.993000 3268.261303 3338.148392 3364.278106 3366.473695 3385.325216 3385.145953 3375.539133 3364.601376 3370.734762 3376.993315 3371.395595 3354.558397 3349.298191 3354.740065 3364.397970 3364.195131 3353.148849 3336.940596 3326.088007 3316.343445 3288.257208 3258.527097 3233.305838 3223.410457 3222.444841 3223.960858 3216.963485 3226.068933 3235.933599 3252.418786 3267.752358 3291.277003 3321.136398 3335.987704 3350.509782 3358.640305 3376.455575 3404.573004 3455.572187 3516.792591 3572.930347 3606.536021 3606.381262 3577.085084 3554.576444 3541.047113 3557.321490 3585.212760 3634.526458 3723.088770 3784.864742 3829.194127 3867.162573 3903.432242 3969.155333 4064.771806 4146.596927 -9999.0 -9999.0 -9999.0 -9999.0 -9999.0 -9999.0 -9999.0 -9999.0 -9999.0 -9999.0 -9999.0 -9999.0
-9999.0 -9999.0 -9999.0 -9999.0 -9999.0 -9999.0 2505.178220 2612.777731 2679.613391 2798.211039 2945.197155 3049.873557 3133.318240 3169.999972 3205.332847 3236.615858 3237.791773 3217.310683 3195.131027 3217.959132 3238.769377 3232.717936 3200.280548 3203.022113 3211.744386 3221.026666 3220.226824 3216.524767 3194.496547 3214.879428 3222.726779 3202.984175 3180.486715 3170.700007 3161.255623 3172.893775 3174.320498 3160.760032 3160.053725 3188.811526 3210.470384 3223.464821 3244.360177 3277.558721 3309.983465 3325.562483 3326.035760 3330.025017 3365.607796 3433.141945 3503.743029 3558.524327 3589.240487 3593.493044 3562.129582 3516.733846 3489.916862 3487.822415 3510.923344 3548.801043 3608.987373 3644.192364 3653.457940 3652.467140 3663.188295 3763.595550 -9999.0 -9999.0 -9999.0 -9999.0 -9999.0 -9999.0 -9999.0 -9999.0 -9999.0 -9999.0 -9999.0 -9999.0 -9999.0 -9999.0
-9999.0 -9999.0 -9999.0 -9999.0 -9999.0 -9999.0 -9999.0 -9999.0 -9999.0 -9999.0 -9999.0 -9999.0 -9999.0 -9999.0 -9999.0 -9999.0 -9999.0 -9999.0 -9999.0 -9999.0 -9999.0 -9999.0 -9999.0 -9999.0 -9999.0 -9999.0 -9999.0 -9999.0 -9999.0 -9999.0 -9999.0 -9999.0 -9999.0 -9999.0 -9999.0 -9999.0 -9999.0 -9999.0 -9999.0 -9999.0 -9999.0 -9999.0 -9999.0 -9999.0 -9999.0 -9999.0 -9999.0 -9999.0 -9999.0 -9999.0 -9999.0 -9999.0 -9999.0 -9999.0 -9999.0 -9999.0 -9999.0 -9999.0 -9999.0 -9999.0 -9999.0 -9999.0 -9999.0 -9999.0 -9999.0 -9999.0 -9999.0 -9999.0 -9999.0 -9999.0 -9999.0 -9999.0 -9999.0 -9999.0 -9999.0 -9999.0 -9999.0 -9999.0 -9999.0 -9999.0
-9999.0 -9999.0 -9999.0 -9999.0 -9999.0 -9999.0 -9999.0 -9999.0 -9999.0 -9999.0 -9999.0 -9999.0 -9999.0 -9999.0 -9999.0 -9999.0 -9999.0 -9999.0 -9999.0 -9999.0 -9999.0 -9999.0 -9999.0 -9999.0 -9999.0 -9999.0 -9999.0 -9999.0 -9999.0 -9999.0 -9999.0 -9999.0 -9999.0 -9999.0 -9999.0 -9999.0 -9999.0 -9999.0 -9999.0 -9999.0 -9999.0 -9999.0 -9999.0 -9999.0 -9999.0 -9999.0 -9999.0 -9999.0 -9999.0 -9999.0 -9999.0 -9999.0 -9999.0 -9999.0 -9999.0 -9999.0 -9999.0 -9999.0 -9999.0 -9999.0 -9999.0 -9999.0 -9999.0 -9999.0 -9999.0 -9999.0 -9999.0 -9999.0 -9999.0 -9999.0 -9999.0 -9999.0 -9999.0 -9999.0 -9999.0 -9999.0 -9999.0 -9999.0 -9999.0 -9999.0