Borden_/Borden1m_014/output_maps/psiliqL0027N0026.asc
ncols         80
nrows         18
xllcorner     620200.000000
yllcorner     5168000.000000
cellsize      1.000000
NODATA_value  -9999.0
-9999.0 -9999.0 -9999.0 -9999.0 -9999.0 -9999.0 -9999.0 -9999.0 -9999.0 -9999.0 -9999.0 -9999.0 -9999.0 -9999.0 -9999.0 -9999.0 -9999.0 -9999.0 -9999.0 -9999.0 -9999.0 -9999.0 -9999.0 -9999.0 -9999.0 -9999.0 -9999.0 -9999.0 -9999.0 -9999.0 -9999.0 -9999.0 -9999.0 -9999.0 -9999.0 -9999.0 -9999.0 -9999.0 -9999.0 -9999.0 -9999.0 -9999.0 -9999.0 -9999.0 -9999.0 -9999.0 -9999.0 -9999.0 -9999.0 -9999.0 -9999.0 -9999.0 -9999.0 -9999.0 -9999.0 -9999.0 -9999.0 -9999.0 -9999.0 -9999.0 -9999.0 -9999.0 -9999.0 -9999.0 -9999.0 -9999.0 -9999.0 -9999.0 -9999.0 -9999.0 -9999.0 -9999.0 -9999.0 -9999.0 -9999.0 -9999.0 -9999.0 -9999.0 -9999.0 -9999.0
-9999.0 -9999.0 -9999.0 -9999.0 -9999.0 -9999.0 -9999.0 -9999.0 -9999.0 -9999.0 -9999.0 -9999.0 -9999.0 -9999.0 -9999.0 -9999.0 -9999.0 -9999.0 -9999.0 -9999.0 -9999.0 -9999.0 -9999.0 -9999.0 -9999.0 -9999.0 -9999.0 -9999.0 -9999.0 -9999.0 -9999.0 -9999.0 -9999.0 -9999.0 -9999.0 -9999.0 -9999.0 -9999.0 -9999.0 -9999.0 -9999.0 -9999.0 -9999.0 -9999.0 -9999.0 -9999.0 -9999.0 -9999.0 -9999.0 -9999.0 -9999.0 -9999.0 -9999.0 -9999.0 -9999.0 -9999.0 -9999.0 -9999.0 -9999.0 -9999.0 -9999.0 -9999.0 -9999.0 -9999.0 -9999.0 -9999.0 -9999.0 -9999.0 -9999.0 -9999.0 -9999.0 -9999.0 -9999.0 -9999.0 -9999.0 -9999.0 -9999.0 -9999.0 -9999.0 -9999.0
-9999.0 -9999.0 -9999.0 -9999.0 -9999.0 -9999.0 -9999.0 -9999.0 -9999.0 -9999.0 -9999.0 -9999.0 -9999.0 -9999.0 -9999.0 -9999.0 -9999.0 -9999.0 -9999.0 -9999.0 3525.152074 3525.924976 3504.185202 3469.888447 3441.425113 3442.984849 3475.489969 3515.764042 3554.286231 3561.155946 3541.695126 3545.343578 3540.663838 3535.630251 3535.408544 3543.023754 3549.691468 3559.113625 3565.799132 3563.209871 3555.652687 3550.578627 3553.307741 3554.747924 3561.089574 3546.324244 3562.528824 3578.943019 3583.678452 3581.260884 3557.960672 3546.520726 3538.852736 3523.527882 3550.527898 3562.434639 3586.218384 3591.141759 3589.394852 3562.966522 3533.098692 -9999.0 -9999.0 -9999.0 -9999.0 -9999.0 -9999.0 -9999.0 -9999.0 -9999.0 -9999.0 -9999.0 -9999.0 -9999.0 -9999.0 -9999.0 -9999.0 -9999.0 -9999.0 -9999.0
-9999.0 -9999.0 -9999.0 -9999.0 -9999.0 -9999.0 -9999.0 -9999.0 -9999.0 -9999.0 -9999.0 -9999.0 -9999.0 -9999.0 3435.335020 3426.505687 3423.375001 3430.267881 3462.324949 3492.309322 3503.788293 3496.083053 3495.592869 3470.437496 3447.020369 3459.084179 3487.989559 3517.868770 3550.664754 3567.305034 3555.977542 3552.997276 3559.318384 3577.932134 3585.169102 3581.248467 3563.675941 3587.880328 3600.674986 3604.515039 3602.263569 3592.194632 3600.423103 3614.184525 3607.076033 3592.054281 3603.648405 3619.036267 3629.752918 3622.322697 3565.093241 3554.102245 3551.442115 3548.114916 3535.623745 3532.453029 3561.540228 3561.567101 3554.917529 3538.235639 3505.286550 3460.288913 3441.793618 3483.073602 3527.175164 3583.803746 -9999.0 -9999.0 -9999.0 -9999.0 -9999.0 -9999.0 -9999.0 -9999.0 -9999.0 -9999.0 -9999.0 -9999.0 -9999.0 -9999.0
-9999.0 -9999.0 -9999.0 -9999.0 -9999.0 -9999.0 -9999.0 -9999.0 -9999.0 3378.258986 3384.115048 3390.757206 3392.915477 3407.648988 3404.016191 3410.523936 3413.794053 3440.574750 3469.392107 3502.222608 3528.538337 3518.832184 3516.905730 3519.677150 3512.652188 3519.501731 3539.238621 3575.129236 3605.112359 3639.459955 3605.157234 3599.695047 3616.739616 3657.113602 3678.795386 3679.931735 3661.081636 3678.624767 3701.850509 3716.722537 3712.851473 3706.415242 3732.518367 3747.921526 3740.884292 3719.073395 3719.065819 3727.447793 3757.217308 3706.678598 3640.914091 3604.207693 3621.641317 3601.750080 3577.470619 3567.835320 3569.410893 3590.434624 3579.543836 3546.473886 3514.033003 3502.774035 3486.603181 3508.637959 3532.602608 3579.577127 3620.007342 3650.278762 3650.021688 3633.023824 -9999.0 -9999.0 -9999.0 -9999.0 -9999.0 -9999.0 -9999.0 -9999.0 -9999.0 -9999.0
-9999.0 -9999.0 -9999.0 -9999.0 -9999.0 -9999.0 3299.926164 3310.302221 3330.770494 3332.852591 3359.019314 3363.621181 3381.714109 3398.148926 3419.359786 3431.172003 3454.972983 3483.900643 3518.707030 3555.053661 3581.513418 3568.705052 3573.217037 3590.941273 3615.805819 3633.144933 3655.181882 3692.534747 3764.428920 3800.273504 3791.150843 3791.445871 3799.478004 3849.971821 3913.913564 3924.288498 3903.558592 3890.702662 3914.852307 3952.670150 3950.080498 3948.803650 3962.451775 3973.524727 4000.414283 3989.106272 3953.254288 3948.788589 3956.491361 3932.794300 3862.731645 3806.198928 3789.066159 3742.345307 3658.876263 3617.614414 3643.675229 3672.977567 3652.482204 3603.848577 3572.786445 3568.439660 3558.383160 3552.781603 3566.488522 3590.389322 3614.967085 3629.499762 3618.108875 3597.633341 3576.356734 3548.519570 3551.464908 3576.561192 -9999.0 -9999.0 -9999.0 -9999.0 -9999.0 -9999.0
-9999.0 -9999.0 -9999.0 -9999.0 3250.845838 3263.370504 3247.848013 3273.609724 3304.878661 3337.743869 3364.124049 3394.520886 3416.516520 3442.104009 3473.694807 3493.606596 3523.918830 3552.296689 3598.205510 3658.145731 3701.315067 3713.328352 3721.087226 3771.449104 3827.289609 3873.760714 3892.360862 3918.382256 3965.059742 4021.707453 4043.702734 4046.150406 4063.093342 4107.440353 4164.938750 4200.407635 4182.555663 4173.313218 4183.966826 4198.756048 4220.911118 4220.958725 4222.093881 4226.508492 4234.542090 4232.526568 4205.374197 4171.691953 4158.644636 4148.275759 4108.919090 4036.083320 4006.566328 3977.122022 3932.807562 3877.992380 3832.614074 3835.580398 3780.801409 3725.635626 3677.060478 3670.768496 3651.770757 3637.007187 3621.050280 3634.596798 3647.588827 3633.251206 3603.719977 3574.900504 3562.383184 3545.205033 3534.097105 3565.580070 3583.664503 3613.165649 -9999.0 -9999.0 -9999.0 -9999.0
-9999.0 -9999.0 3192.544611 3237.070789 3293.507218 3298.619676 3290.353342 3292.008590 3317.205056 3365.158939 3425.321236 3460.114824 3486.754815 3516.063422 3565.217447 3624.901121 3683.366874 3725.351880 3783.419927 3852.910634 3911.906810 3938.297190 3946.707808 3982.521438 4037.799492 4108.206232 4136.714075 4163.575421 4195.997778 4233.271231 4222.921472 4233.253776 4246.161296 4260.105451 4276.166560 4283.882645 4278.798530 4274.147435 4255.456378 4250.081903 4256.527125 4264.941202 4263.649757 4248.813466 4244.830262 4259.995956 4266.501477 4264.235928 4261.071264 4265.716231 4260.220684 4210.567023 4195.245481 4179.661320 4167.335426 4120.599749 4053.149079 4021.351376 3999.261263 3957.572335 3883.883186 3847.566731 3808.901195 3775.118247 3738.650553 3726.914318 3695.636770 3664.266307 3626.199549 3585.977419 3567.405968 3553.677475 3553.680262 3554.564323 3572.622069 3588.465310 3604.526446 3612.646081 -9999.0 -9999.0
-9999.0 3082.294472 3152.690155 3272.777145 3349.275985 3384.148867 3389.238976 3389.350165 3413.405127 3445.688666 3529.789791 3575.139327 3657.440275 3695.179771 3734.919074 3824.663715 3919.825051 3963.702873 4003.335988 4068.379200 4135.242740 4182.866649 4209.468093 4184.931923 4225.417742 4257.225977 4266.034575 4273.559110 4274.109166 4265.542048 4259.275700 4265.856682 4262.765070 4243.313132 4226.980800 4225.128705 4221.664334 4198.109477 4170.394794 4154.648108 4155.770906 4181.033915 4167.689313 4146.196773 4141.733538 4163.577892 4185.394727 4174.545942 4161.316269 4177.978448 4212.922214 4238.504621 4238.677718 4257.486913 4278.667374 4249.181031 4228.567450 4184.046938 4166.904434 4141.298919 4083.788296 4028.925658 3980.604927 3932.319585 3880.362856 3832.295334 3785.072247 3738.197449 3685.556909 3653.184083 3629.431096 3587.512893 3575.694765 3582.788597 3578.330608 3577.071993 3583.856550 3590.499675 -9999.0 -9999.0
-9999.0 2983.772219 3121.574081 3297.033671 3437.848296 3475.527276 3532.022861 3584.750422 3596.932451 3538.895142 3639.744555 3857.412528 3982.535569 4000.842864 4077.515375 4174.234638 4153.489955 4185.352430 4209.090271 4236.918573 4259.250086 4274.261886 4272.720299 4267.755410 4251.099149 4243.055365 4242.130431 4239.963355 4222.363458 4203.226701 4186.287266 4182.945571 4164.651460 4114.186727 4080.602732 4062.713330 4042.903148 4029.745880 4002.797886 3976.599515 3959.651268 3969.329879 3968.160472 3955.072760 3950.666899 3968.512694 3999.436087 3998.007556 4010.583693 4030.352954 4065.856098 4104.486442 4123.866167 4153.211360 4189.048495 4237.773643 4245.972656 4268.559177 4271.303979 4261.671049 4214.517886 4162.528985 4132.947050 4077.236587 4017.659867 3955.952308 3906.894961 3862.223461 3806.964913 3773.375335 3734.650422 3681.361363 3639.561878 3633.346983 3600.538663 3588.185534 -9999.0 -9999.0 -9999.0 -9999.0
-9999.0 2879.949556 3055.666742 3290.400519 3585.085493 3652.147328 3854.147418 3968.134036 4006.176857 4074.269888 3945.583272 4159.629898 4214.985797 4210.647175 4228.768482 4232.353433 4246.920932 4246.134710 4241.045392 4229.926932 4220.196937 4215.515136 4214.502139 4206.561071 4193.871619 4179.179565 4167.179686 4155.572539 4118.560023 4086.315569 4046.301433 4033.593235 3987.865905 3895.557454 3856.958607 3817.742603 3756.036010 3759.125508 3767.838867 3744.201673 3724.437387 3695.313438 3725.803912 3737.370236 3741.858339 3736.558339 3745.565507 3775.041104 3823.625596 3858.158904 3896.943763 3945.019086 3975.672749 4014.896882 4054.490338 4106.947900 4138.409409 4167.435551 4216.890587 4254.029445 4276.876797 4262.462074 4244.435562 4199.078142 4138.606992 4089.146640 4059.910080 4009.077686 3965.469946 3922.116924 3875.760724 3823.133673 3761.751612 3711.029624 3677.676689 -9999.0 -9999.0 -9999.0 -9999.0 -9999.0
-9999.0 2658.531553 2913.972878 3172.642280 3440.782544 3784.702107 3961.937338 4054.526664 4118.414453 4103.762126 4129.393344 4135.117147 4172.468214 4180.092343 4158.755858 4144.580374 4126.501095 4125.411637 4138.515920 4110.955912 4080.418840 4066.918560 4067.858129 4057.176322 4033.139115 4018.289204 4009.062004 3990.382305 3947.321066 3896.825040 3812.231443 3776.829030 3697.447914 3660.602319 3624.998959 3578.396295 3534.674980 3541.096800 3566.661018 3558.327900 3537.935356 3521.266421 3551.013150 3572.260273 3585.647482 3568.963855 3575.407739 3609.664720 3655.852806 3696.027969 3739.469093 3787.115386 3828.976976 3867.714077 3887.911962 3926.597492 3968.725001 4010.364619 4080.717468 4159.769690 4196.172082 4231.106363 4259.621912 4281.690964 4238.594820 4212.637336 4188.685264 4164.949273 4118.462680 4072.922765 4032.362022 3967.273518 3907.731214 -9999.0 -9999.0 -9999.0 -9999.0 -9999.0 -9999.0 -9999.0
-9999.0 2547.989671 2737.967426 2914.041849 3152.549260 3380.178335 3605.833554 3695.871646 3766.499181 3842.352322 3898.726474 3937.334251 3963.118583 3984.897069 3962.386972 3915.746588 3883.227671 3888.322584 3878.889249 3858.236520 3830.803681 3818.144733 3815.436752 3810.929813 3790.103426 3780.308646 3773.898102 3756.240724 3731.645883 3679.159821 3608.824563 3535.755972 3483.213718 3465.593036 3444.293547 3418.629339 3393.543169 3407.518670 3420.360111 3421.072285 3415.376693 3416.215244 3445.254635 3465.282306 3474.690457 3463.986481 3482.025126 3504.628316 3540.866865 3579.639899 3623.769906 3673.312785 3721.228835 3740.506525 3741.539495 3751.743939 3778.444687 3821.067973 3896.974099 3982.994602 4061.499074 4107.314469 4158.341065 4198.681188 4227.262412 4251.329707 4274.360089 4267.905299 4241.556720 4207.965439 4148.717255 -9999.0 -9999.0 -9999.0 -9999.0 -9999.0 -9999.0 -9999.0 -9999.0 -9999.0
-9999.0 -9999.0 2513.203441 2662.253166 2753.514759 2895.423323 3027.456272 3131.380925 3232.311001 3376.772603 3501.159039 3595.967563 3642.846710 3658.524569 3644.960978 3617.400649 3600.877387 3600.445257 3588.580640 3583.016371 3569.678841 3564.938997 3553.073497 3546.049458 3543.179589 3543.616298 3542.184889 3534.921709 3519.438332 3479.389828 3444.777068 3402.085169 3357.565145 3337.359925 3320.676150 3305.240428 3310.893261 3306.440849 3312.427838 3315.974884 3326.386384 3341.052628 3360.381018 3383.211570 3392.850421 3403.199719 3413.692217 3434.811326 3464.088513 3503.684925 3554.465858 3608.767435 3644.072380 3650.155234 3631.161862 3624.983183 3631.754131 3659.239026 3720.803698 3788.954398 3879.006032 3944.739070 4011.680557 4067.937062 4094.831289 4131.223324 4202.078248 4250.152266 4293.391326 4270.945457 -9999.0 -9999.0 -9999.0 -9999.0 -9999.0 -9999.0 -9999.0 -9999.0 -9999.0 -9999.0
-9999.0 -9999.0 -9999.0 -9999.0 2522.764929 2668.630519 2766.069698 2821.503506 2954.332568 3077.122086 3181.192681 3268.395468 3338.290152 3364.302100 3366.484925 3385.336444 3385.157101 3375.550070 3364.612046 3370.745139 3377.003408 3371.406653 3354.682523 3349.420156 3354.858482 3364.512488 3364.305310 3353.254169 3337.039608 3326.179523 3316.427148 3288.333854 3258.599585 3233.377840 3223.476449 3222.505731 3224.017774 3217.017365 3226.120667 3235.980039 3252.464573 3267.797853 3291.322365 3321.180273 3336.032240 3350.555737 3358.688366 3376.505964 3404.577689 3455.576281 3516.797086 3572.935093 3606.536372 3606.381685 3577.092222 3554.584538 3541.056339 3557.331969 3585.213682 3634.527390 3723.089697 3784.864816 3829.194198 3867.162652 3903.432320 3969.155337 4064.771808 4146.596931 -9999.0 -9999.0 -9999.0 -9999.0 -9999.0 -9999.0 -9999.0 -9999.0 -9999.0 -9999.0 -9999.0 -9999.0
-9999.0 -9999.0 -9999.0 -9999.0 -9999.0 -9999.0 2502.438783 2609.260604 2674.654376 2804.093632 2951.383426 3051.073366 3134.529699 3171.248195 3205.465632 3236.737817 3237.913224 3217.430183 3195.247693 3218.072557 3238.879492 3232.825198 3200.387809 3203.126773 3211.845963 3221.124760 3220.320947 3216.614265 3194.580494 3214.957116 3222.797919 3203.049112 3180.551820 3171.283062 3161.799638 3173.397852 3174.791829 3161.206337 3160.480510 3188.853470 3210.507548 3223.501757 3244.397113 3277.595801 3310.021283 3325.601607 3326.076769 3330.068459 3365.652851 3433.145699 3503.746702 3558.528331 3589.240772 3593.493382 3562.135712 3516.740825 3489.924879 3487.831708 3510.933977 3548.813202 3608.988309 3644.193287 3653.458990 3652.468294 3663.189525 3763.595624 -9999.0 -9999.0 -9999.0 -9999.0 -9999.0 -9999.0 -9999.0 -9999.0 -9999.0 -9999.0 -9999.0 -9999.0 -9999.0 -9999.0
-9999.0 -9999.0 -9999.0 -9999.0 -9999.0 -9999.0 -9999.0 -9999.0 -9999.0 -9999.0 -9999.0 -9999.0 -9999.0 -9999.0 -9999.0 -9999.0 -9999.0 -9999.0 -9999.0 -9999.0 -9999.0 -9999.0 -9999.0 -9999.0 -9999.0 -9999.0 -9999.0 -9999.0 -9999.0 -9999.0 -9999.0 -9999.0 -9999.0 -9999.0 -9999.0 -9999.0 -9999.0 -9999.0 -9999.0 -9999.0 -9999.0 -9999.0 -9999.0 -9999.0 -9999.0 -9999.0 -9999.0 -9999.0 -9999.0 -9999.0 -9999.0 -9999.0 -9999.0 -9999.0 -9999.0 -9999.0 -9999.0 -9999.0 -9999.0 -9999.0 -9999.0 -9999.0 -9999.0 -9999.0 -9999.0 -9999.0 -9999.0 -9999.0 -9999.0 -9999.0 -9999.0 -9999.0 -9999.0 -9999.0 -9999.0 -9999.0 -9999.0 -9999.0 -9999.0 -9999.0
-9999.0 -9999.0 -9999.0 -9999.0 -9999.0 -9999.0 -9999.0 -9999.0 -9999.0 -9999.0 -9999.0 -9999.0 -9999.0 -9999.0 -9999.0 -9999.0 -9999.0 -9999.0 -9999.0 -9999.0 -9999.0 -9999.0 -9999.0 -9999.0 -9999.0 -9999.0 -9999.0 -9999.0 -9999.0 -9999.0 -9999.0 -9999.0 -9999.0 -9999.0 -9999.0 -9999.0 -9999.0 -9999.0 -9999.0 -9999.0 -9999.0 -9999.0 -9999.0 -9999.0 -9999.0 -9999.0 -9999.0 -9999.0 -9999.0 -9999.0 -9999.0 -9999.0 -9999.0 -9999.0 -9999.0 -9999.0 -9999.0 -9999.0 -9999.0 -9999.0 -9999.0 -9999.0 -9999.0 -9999.0 -9999.0 -9999.0 -9999.0 -9999.0 -9999.0 -9999.0 -9999.0 -9999.0 -9999.0 -9999.0 -9999.0 -9999.0 -9999.0 -9999.0 -9999.0 -9999.0