Borden_/Borden1m_014/output_maps/psiliqL0023N0021.asc
ncols         80
nrows         18
xllcorner     620200.000000
yllcorner     5168000.000000
cellsize      1.000000
NODATA_value  -9999.0
-9999.0 -9999.0 -9999.0 -9999.0 -9999.0 -9999.0 -9999.0 -9999.0 -9999.0 -9999.0 -9999.0 -9999.0 -9999.0 -9999.0 -9999.0 -9999.0 -9999.0 -9999.0 -9999.0 -9999.0 -9999.0 -9999.0 -9999.0 -9999.0 -9999.0 -9999.0 -9999.0 -9999.0 -9999.0 -9999.0 -9999.0 -9999.0 -9999.0 -9999.0 -9999.0 -9999.0 -9999.0 -9999.0 -9999.0 -9999.0 -9999.0 -9999.0 -9999.0 -9999.0 -9999.0 -9999.0 -9999.0 -9999.0 -9999.0 -9999.0 -9999.0 -9999.0 -9999.0 -9999.0 -9999.0 -9999.0 -9999.0 -9999.0 -9999.0 -9999.0 -9999.0 -9999.0 -9999.0 -9999.0 -9999.0 -9999.0 -9999.0 -9999.0 -9999.0 -9999.0 -9999.0 -9999.0 -9999.0 -9999.0 -9999.0 -9999.0 -9999.0 -9999.0 -9999.0 -9999.0
-9999.0 -9999.0 -9999.0 -9999.0 -9999.0 -9999.0 -9999.0 -9999.0 -9999.0 -9999.0 -9999.0 -9999.0 -9999.0 -9999.0 -9999.0 -9999.0 -9999.0 -9999.0 -9999.0 -9999.0 -9999.0 -9999.0 -9999.0 -9999.0 -9999.0 -9999.0 -9999.0 -9999.0 -9999.0 -9999.0 -9999.0 -9999.0 -9999.0 -9999.0 -9999.0 -9999.0 -9999.0 -9999.0 -9999.0 -9999.0 -9999.0 -9999.0 -9999.0 -9999.0 -9999.0 -9999.0 -9999.0 -9999.0 -9999.0 -9999.0 -9999.0 -9999.0 -9999.0 -9999.0 -9999.0 -9999.0 -9999.0 -9999.0 -9999.0 -9999.0 -9999.0 -9999.0 -9999.0 -9999.0 -9999.0 -9999.0 -9999.0 -9999.0 -9999.0 -9999.0 -9999.0 -9999.0 -9999.0 -9999.0 -9999.0 -9999.0 -9999.0 -9999.0 -9999.0 -9999.0
-9999.0 -9999.0 -9999.0 -9999.0 -9999.0 -9999.0 -9999.0 -9999.0 -9999.0 -9999.0 -9999.0 -9999.0 -9999.0 -9999.0 -9999.0 -9999.0 -9999.0 -9999.0 -9999.0 -9999.0 2755.591073 2757.861505 2737.543462 2705.374008 2679.282116 2683.422077 2719.025737 2762.053671 2803.262656 2813.885535 2797.616762 2803.300032 2800.528825 2797.406939 2799.087309 2807.481525 2814.891084 2824.783131 2832.621835 2831.568064 2825.414817 2821.169079 2823.686540 2825.780672 2831.556851 2817.311287 2831.913113 2793.431824 2797.727213 2794.731924 2817.936968 2802.744236 2791.600943 2773.068856 2796.317021 2805.682173 2793.985948 2797.986999 2796.164012 2795.325868 2764.541511 -9999.0 -9999.0 -9999.0 -9999.0 -9999.0 -9999.0 -9999.0 -9999.0 -9999.0 -9999.0 -9999.0 -9999.0 -9999.0 -9999.0 -9999.0 -9999.0 -9999.0 -9999.0 -9999.0
-9999.0 -9999.0 -9999.0 -9999.0 -9999.0 -9999.0 -9999.0 -9999.0 -9999.0 -9999.0 -9999.0 -9999.0 -9999.0 -9999.0 2660.229442 2652.499535 2651.474159 2661.058263 2695.679062 2727.307131 2739.239266 2733.185591 2734.735426 2712.355122 2692.365131 2707.701440 2739.505447 2771.640223 2807.676695 2828.454447 2820.120638 2820.015047 2829.413767 2795.362965 2804.164628 2801.387452 2841.717560 2807.510391 2820.624984 2825.705943 2823.815047 2814.117254 2823.532283 2837.710586 2830.697042 2815.244927 2825.147309 2839.105730 2850.210783 2841.281649 2835.862392 2819.574126 2813.039449 2805.359116 2789.327788 2783.300349 2808.838036 2804.880115 2794.898811 2775.906710 2741.551331 2696.059811 2675.607965 2713.741566 2755.611972 2789.554112 -9999.0 -9999.0 -9999.0 -9999.0 -9999.0 -9999.0 -9999.0 -9999.0 -9999.0 -9999.0 -9999.0 -9999.0 -9999.0 -9999.0
-9999.0 -9999.0 -9999.0 -9999.0 -9999.0 -9999.0 -9999.0 -9999.0 -9999.0 2597.838383 2604.311981 2612.949347 2617.372384 2634.497330 2632.579468 2641.386423 2648.398533 2677.956434 2709.960540 2745.758281 2773.929027 2767.934345 2768.193541 2775.845341 2775.096202 2786.640641 2809.910010 2796.034784 2827.727967 2863.657769 2831.174227 2827.002151 2845.066515 2887.357060 2912.687660 2915.847489 2898.026048 2912.437747 2935.995231 2952.662895 2949.427688 2943.888082 2968.818732 2983.427788 2978.976418 2958.252066 2955.352670 2961.589637 2989.952427 2939.468269 2874.331547 2833.505986 2846.852341 2824.536123 2796.811743 2833.609128 2831.192604 2804.304020 2791.844751 2794.996836 2760.026990 2746.391089 2726.906204 2744.351292 2765.033092 2785.414093 2824.890420 2854.411352 2853.929342 2836.658652 -9999.0 -9999.0 -9999.0 -9999.0 -9999.0 -9999.0 -9999.0 -9999.0 -9999.0 -9999.0
-9999.0 -9999.0 -9999.0 -9999.0 -9999.0 -9999.0 2516.813952 2528.330014 2550.588057 2555.010756 2582.989052 2590.461660 2612.363196 2632.673053 2656.806535 2673.282333 2702.520564 2736.093435 2774.798274 2816.224664 2800.375902 2841.366458 2795.854465 2816.533440 2845.763987 2866.885396 2889.846816 2926.967196 2982.265775 3018.160914 3013.096154 3014.240330 3022.457471 3072.012146 3135.537026 3147.173770 3126.746167 3113.352254 3135.821349 3172.302099 3171.496233 3170.404357 3179.980740 3190.263918 3216.878460 3206.864964 3173.546639 3166.793732 3171.888143 3151.210616 3085.018223 3027.591306 3007.015845 2978.183853 2896.504663 2851.867680 2871.553108 2896.753380 2873.651948 2824.763347 2837.764792 2827.810111 2812.131301 2800.081993 2807.971448 2797.729433 2821.168086 2834.475480 2822.404729 2801.815693 2793.403457 2763.284327 2763.988781 2787.820030 -9999.0 -9999.0 -9999.0 -9999.0 -9999.0 -9999.0
-9999.0 -9999.0 -9999.0 -9999.0 2464.981314 2479.215411 2466.761742 2494.726092 2529.163186 2565.193636 2595.815466 2632.306238 2659.954093 2691.061902 2728.360354 2756.903639 2795.211061 2829.811170 2825.263957 2887.262966 2932.443933 2948.227634 2957.254772 2991.714107 3047.588053 3094.887974 3113.292268 3138.467286 3179.618785 3235.321989 3257.765750 3260.999512 3277.810271 3318.972772 3372.856481 3407.045818 3389.786481 3381.170560 3390.206367 3403.590214 3425.705690 3425.809125 3426.876624 3430.508162 3437.474565 3436.174803 3410.661283 3377.741815 3365.221809 3355.624017 3320.084784 3249.643010 3218.503247 3190.970313 3154.343463 3101.812989 3051.707139 3050.219774 2996.956420 2959.416124 2907.668555 2896.667481 2874.166225 2856.303189 2836.852406 2846.542906 2856.501043 2840.253336 2809.969117 2798.672147 2782.441303 2761.952982 2748.440515 2777.443423 2785.663780 2815.138817 -9999.0 -9999.0 -9999.0 -9999.0
-9999.0 -9999.0 2402.977658 2450.275660 2509.148200 2518.151189 2515.899142 2522.456828 2552.595620 2605.901368 2676.142977 2719.323254 2755.650814 2791.299780 2794.694983 2859.006126 2920.659747 2963.422849 3004.222918 3071.942086 3130.390577 3157.440886 3166.802181 3198.996088 3252.198243 3318.650208 3345.701034 3371.369888 3401.683125 3436.609324 3432.723762 3444.063717 3455.558404 3466.084980 3478.983280 3485.002179 3480.521414 3476.005624 3457.675986 3452.865853 3459.423937 3466.711634 3466.259743 3451.883387 3447.932847 3462.619260 3468.344963 3466.603071 3464.390898 3469.754458 3467.077426 3421.097027 3399.315021 3384.761464 3374.465686 3329.395425 3264.167906 3230.992752 3210.842239 3173.876576 3101.392742 3062.382869 3022.451638 2987.043656 2962.104879 2945.402074 2910.122265 2876.196500 2835.824318 2794.092273 2793.126646 2774.683737 2770.981637 2768.287745 2783.563303 2790.190128 2805.731040 2813.659132 -9999.0 -9999.0
-9999.0 2294.041138 2365.967882 2490.158557 2570.654976 2613.343225 2631.892382 2643.935345 2674.902386 2711.761898 2806.222137 2818.004221 2900.764989 2937.183639 2978.949116 3052.181846 3143.660568 3183.273079 3220.173057 3280.683048 3343.856843 3389.521487 3415.226522 3401.028854 3438.490134 3463.755214 3470.406270 3476.342760 3475.257069 3466.854839 3459.912183 3466.750548 3464.011257 3445.284630 3429.640319 3428.054938 3424.754680 3401.839056 3374.865464 3359.868247 3361.735061 3385.943360 3373.412779 3352.257181 3347.922062 3369.255420 3389.626750 3379.204171 3366.445599 3382.634934 3416.639240 3440.281950 3443.361362 3461.347766 3482.334315 3454.160931 3431.373521 3388.778439 3372.541856 3347.501814 3291.928502 3237.335554 3189.944946 3143.791096 3091.174739 3041.109994 2993.360985 2957.463601 2901.967701 2867.414203 2841.711053 2797.067785 2799.374639 2787.184418 2790.770141 2786.759848 2785.155342 2791.526969 -9999.0 -9999.0
-9999.0 2201.595932 2341.873801 2522.669579 2670.318283 2720.284567 2796.543448 2827.595107 2843.699191 2847.000107 2895.130289 3093.225331 3204.732381 3219.838473 3292.210284 3382.846148 3372.763221 3402.840121 3424.768738 3446.006071 3463.168130 3475.879491 3473.742977 3468.116087 3451.953643 3444.024489 3443.234232 3441.238976 3424.223748 3405.612240 3389.068642 3386.285128 3369.273991 3321.956694 3289.541708 3272.977336 3255.783583 3241.840299 3214.081299 3188.777418 3175.768645 3185.206549 3182.184556 3170.388328 3165.962685 3182.144607 3212.853646 3209.630006 3219.636281 3238.853272 3274.108500 3311.164686 3330.109337 3358.636249 3393.479562 3439.771921 3449.793688 3471.881585 3475.231736 3462.953917 3417.767572 3367.553660 3338.642328 3284.260022 3224.938251 3165.763874 3117.338210 3072.768958 3018.019537 2983.488273 2952.653389 2897.764336 2852.108321 2840.375807 2805.424487 2790.572420 -9999.0 -9999.0 -9999.0 -9999.0
-9999.0 2105.033676 2286.859804 2531.477746 2807.912184 2886.669948 3077.241076 3188.028093 3227.045679 3292.009457 3194.033819 3381.679019 3428.431929 3421.877114 3431.999020 3434.265902 3447.865270 3447.567509 3442.519231 3431.752757 3422.508308 3418.202107 3417.033336 3409.186751 3396.715876 3382.276971 3370.841323 3359.814612 3324.065993 3292.876321 3255.517145 3243.577165 3201.887290 3114.043689 3075.405550 3038.604130 2980.623463 2982.059648 2986.806782 2978.881155 2960.144476 2933.813026 2961.454174 2970.634646 2974.321933 2971.248467 2982.329031 2992.339266 3037.877960 3071.347792 3110.004613 3157.046995 3184.227101 3222.778628 3262.674276 3314.276699 3344.535585 3372.946822 3420.145259 3456.799079 3479.205924 3466.074236 3446.187093 3403.196701 3343.978590 3295.153932 3267.018572 3217.719862 3176.331523 3132.615954 3086.376385 3033.780356 2980.328947 2921.191269 2885.352267 -9999.0 -9999.0 -9999.0 -9999.0 -9999.0
-9999.0 1892.683659 2157.652098 2429.747418 2716.708280 3028.428207 3183.023381 3279.786887 3340.693880 3317.029447 3334.153183 3342.089031 3378.221205 3384.492571 3363.136775 3350.171912 3333.759514 3332.671061 3345.626106 3318.885987 3289.422056 3276.512028 3277.320348 3266.610473 3243.317023 3228.433583 3219.105254 3201.424415 3161.099799 3112.210575 3030.425028 2999.263241 2938.904061 2897.110894 2859.275900 2812.597922 2822.457038 2823.977453 2794.909404 2833.166493 2811.235859 2793.118169 2821.731026 2796.030440 2808.549564 2793.442370 2800.461651 2834.391708 2881.073215 2921.532009 2966.075209 2998.329853 3038.970535 3078.371969 3100.489595 3140.860885 3179.704751 3220.521895 3289.420784 3365.586564 3399.801237 3433.462273 3463.377939 3484.794102 3442.589255 3415.408329 3392.427451 3370.021098 3324.813636 3280.036765 3239.558984 3176.587973 3118.213259 -9999.0 -9999.0 -9999.0 -9999.0 -9999.0 -9999.0 -9999.0
-9999.0 1777.051719 1976.653177 2177.726922 2437.276560 2673.747276 2861.199456 2953.867604 3012.117088 3072.566201 3120.452247 3155.467543 3179.190116 3200.047793 3177.301767 3135.295016 3104.011450 3108.676642 3101.033978 3079.610428 3051.968214 3039.009080 3037.281762 3032.415055 3011.055611 3000.495177 2993.735523 2991.366234 2965.116300 2912.538390 2840.406806 2821.359086 2764.494254 2739.753288 2713.194154 2682.943960 2653.496755 2664.023930 2673.662932 2673.012375 2664.962664 2663.968125 2692.783940 2711.460113 2721.663425 2711.766649 2731.826309 2757.903014 2798.498547 2797.137396 2841.902539 2891.740540 2940.633974 2962.550976 2967.346801 2981.852738 2993.333400 3036.698804 3112.763399 3195.105030 3269.820877 3314.036663 3363.812049 3402.424061 3429.260330 3456.409140 3477.000579 3468.684108 3443.883325 3411.258744 3354.234388 -9999.0 -9999.0 -9999.0 -9999.0 -9999.0 -9999.0 -9999.0 -9999.0 -9999.0
-9999.0 -9999.0 1749.194671 1907.887580 2015.420853 2182.699335 2328.330579 2438.611680 2540.238188 2679.753147 2800.907201 2842.835479 2887.326768 2903.145668 2889.357332 2860.361389 2842.290569 2841.923360 2830.537787 2823.041698 2807.276255 2801.765308 2853.587895 2844.218573 2836.502316 2832.300228 2827.053791 2817.075446 2797.041024 2752.077097 2710.044555 2662.895210 2612.104917 2587.958607 2567.417580 2548.010627 2549.641344 2543.873100 2548.359396 2550.385901 2558.962337 2572.551677 2592.079725 2615.188702 2625.446467 2636.169770 2648.693258 2672.454985 2705.172621 2747.127847 2801.429069 2820.741286 2856.498776 2864.389735 2848.566311 2845.767655 2856.149804 2887.868538 2954.030426 3006.006416 3093.660935 3157.770608 3221.331358 3276.070258 3301.966780 3338.283772 3406.429264 3454.306728 3494.442256 3472.175544 -9999.0 -9999.0 -9999.0 -9999.0 -9999.0 -9999.0 -9999.0 -9999.0 -9999.0 -9999.0
-9999.0 -9999.0 -9999.0 -9999.0 1768.629717 1917.830940 2015.721947 2096.875515 2230.611596 2359.962814 2466.414905 2553.627584 2622.204410 2650.995688 2652.771373 2668.392566 2667.797413 2660.189176 2650.028235 2653.477405 2656.609743 2649.619198 2633.219641 2625.804143 2627.727894 2633.554891 2630.345945 2616.297444 2597.356597 2580.001227 2564.208447 2531.920719 2498.469283 2470.018638 2457.251356 2453.039094 2452.600322 2444.494867 2452.505625 2460.741382 2476.296245 2491.336464 2514.842742 2544.184062 2558.990719 2574.303539 2584.025942 2604.062950 2635.021942 2688.823739 2752.990942 2811.210589 2814.769490 2815.952767 2831.147390 2814.988805 2809.782861 2835.378361 2809.966757 2863.462858 2954.204180 2998.005580 3044.317932 3084.043600 3120.286751 3180.888028 3272.580310 3352.314188 -9999.0 -9999.0 -9999.0 -9999.0 -9999.0 -9999.0 -9999.0 -9999.0 -9999.0 -9999.0 -9999.0 -9999.0
-9999.0 -9999.0 -9999.0 -9999.0 -9999.0 -9999.0 1741.497605 1846.663592 1917.816728 2067.989396 2210.631843 2317.929242 2401.889884 2437.993385 2471.629381 2502.514065 2503.508510 2484.410699 2463.658696 2484.839040 2502.621870 2496.101525 2464.277957 2464.671175 2470.336920 2477.426665 2474.190540 2467.516746 2442.334008 2457.317698 2460.465840 2437.535686 2412.017961 2398.944580 2387.240685 2396.854105 2396.720402 2382.213345 2381.260997 2408.669171 2429.402274 2442.253138 2463.453388 2496.741835 2529.500022 2545.563859 2547.250343 2553.109006 2591.437878 2661.778532 2734.714072 2791.543480 2795.854927 2801.239751 2809.576455 2769.802146 2749.972571 2756.660213 2789.706905 2838.948654 2835.757824 2874.073834 2888.961252 2893.767549 2908.221055 2982.062551 -9999.0 -9999.0 -9999.0 -9999.0 -9999.0 -9999.0 -9999.0 -9999.0 -9999.0 -9999.0 -9999.0 -9999.0 -9999.0 -9999.0
-9999.0 -9999.0 -9999.0 -9999.0 -9999.0 -9999.0 -9999.0 -9999.0 -9999.0 -9999.0 -9999.0 -9999.0 -9999.0 -9999.0 -9999.0 -9999.0 -9999.0 -9999.0 -9999.0 -9999.0 -9999.0 -9999.0 -9999.0 -9999.0 -9999.0 -9999.0 -9999.0 -9999.0 -9999.0 -9999.0 -9999.0 -9999.0 -9999.0 -9999.0 -9999.0 -9999.0 -9999.0 -9999.0 -9999.0 -9999.0 -9999.0 -9999.0 -9999.0 -9999.0 -9999.0 -9999.0 -9999.0 -9999.0 -9999.0 -9999.0 -9999.0 -9999.0 -9999.0 -9999.0 -9999.0 -9999.0 -9999.0 -9999.0 -9999.0 -9999.0 -9999.0 -9999.0 -9999.0 -9999.0 -9999.0 -9999.0 -9999.0 -9999.0 -9999.0 -9999.0 -9999.0 -9999.0 -9999.0 -9999.0 -9999.0 -9999.0 -9999.0 -9999.0 -9999.0 -9999.0
-9999.0 -9999.0 -9999.0 -9999.0 -9999.0 -9999.0 -9999.0 -9999.0 -9999.0 -9999.0 -9999.0 -9999.0 -9999.0 -9999.0 -9999.0 -9999.0 -9999.0 -9999.0 -9999.0 -9999.0 -9999.0 -9999.0 -9999.0 -9999.0 -9999.0 -9999.0 -9999.0 -9999.0 -9999.0 -9999.0 -9999.0 -9999.0 -9999.0 -9999.0 -9999.0 -9999.0 -9999.0 -9999.0 -9999.0 -9999.0 -9999.0 -9999.0 -9999.0 -9999.0 -9999.0 -9999.0 -9999.0 -9999.0 -9999.0 -9999.0 -9999.0 -9999.0 -9999.0 -9999.0 -9999.0 -9999.0 -9999.0 -9999.0 -9999.0 -9999.0 -9999.0 -9999.0 -9999.0 -9999.0 -9999.0 -9999.0 -9999.0 -9999.0 -9999.0 -9999.0 -9999.0 -9999.0 -9999.0 -9999.0 -9999.0 -9999.0 -9999.0 -9999.0 -9999.0 -9999.0