Borden_/Borden1m_014/output_maps/psiliqL0007N0036.asc
ncols         80
nrows         18
xllcorner     620200.000000
yllcorner     5168000.000000
cellsize      1.000000
NODATA_value  -9999.0
-9999.0 -9999.0 -9999.0 -9999.0 -9999.0 -9999.0 -9999.0 -9999.0 -9999.0 -9999.0 -9999.0 -9999.0 -9999.0 -9999.0 -9999.0 -9999.0 -9999.0 -9999.0 -9999.0 -9999.0 -9999.0 -9999.0 -9999.0 -9999.0 -9999.0 -9999.0 -9999.0 -9999.0 -9999.0 -9999.0 -9999.0 -9999.0 -9999.0 -9999.0 -9999.0 -9999.0 -9999.0 -9999.0 -9999.0 -9999.0 -9999.0 -9999.0 -9999.0 -9999.0 -9999.0 -9999.0 -9999.0 -9999.0 -9999.0 -9999.0 -9999.0 -9999.0 -9999.0 -9999.0 -9999.0 -9999.0 -9999.0 -9999.0 -9999.0 -9999.0 -9999.0 -9999.0 -9999.0 -9999.0 -9999.0 -9999.0 -9999.0 -9999.0 -9999.0 -9999.0 -9999.0 -9999.0 -9999.0 -9999.0 -9999.0 -9999.0 -9999.0 -9999.0 -9999.0 -9999.0
-9999.0 -9999.0 -9999.0 -9999.0 -9999.0 -9999.0 -9999.0 -9999.0 -9999.0 -9999.0 -9999.0 -9999.0 -9999.0 -9999.0 -9999.0 -9999.0 -9999.0 -9999.0 -9999.0 -9999.0 -9999.0 -9999.0 -9999.0 -9999.0 -9999.0 -9999.0 -9999.0 -9999.0 -9999.0 -9999.0 -9999.0 -9999.0 -9999.0 -9999.0 -9999.0 -9999.0 -9999.0 -9999.0 -9999.0 -9999.0 -9999.0 -9999.0 -9999.0 -9999.0 -9999.0 -9999.0 -9999.0 -9999.0 -9999.0 -9999.0 -9999.0 -9999.0 -9999.0 -9999.0 -9999.0 -9999.0 -9999.0 -9999.0 -9999.0 -9999.0 -9999.0 -9999.0 -9999.0 -9999.0 -9999.0 -9999.0 -9999.0 -9999.0 -9999.0 -9999.0 -9999.0 -9999.0 -9999.0 -9999.0 -9999.0 -9999.0 -9999.0 -9999.0 -9999.0 -9999.0
-9999.0 -9999.0 -9999.0 -9999.0 -9999.0 -9999.0 -9999.0 -9999.0 -9999.0 -9999.0 -9999.0 -9999.0 -9999.0 -9999.0 -9999.0 -9999.0 -9999.0 -9999.0 -9999.0 -9999.0 -470.740953 -467.644347 -490.640703 -524.885170 -553.559960 -551.880782 -516.919836 -475.906661 -438.080128 -427.372997 -445.588461 -444.321545 -449.498240 -449.319714 -446.006254 -439.992357 -437.486710 -425.602257 -416.755426 -416.742035 -422.865937 -428.679009 -430.032851 -426.226120 -421.248978 -430.119429 -416.608011 -401.021170 -394.432989 -400.057616 -428.310759 -444.667421 -452.883379 -467.297431 -442.648138 -429.784609 -406.420298 -401.902774 -402.933384 -430.074001 -460.203958 -9999.0 -9999.0 -9999.0 -9999.0 -9999.0 -9999.0 -9999.0 -9999.0 -9999.0 -9999.0 -9999.0 -9999.0 -9999.0 -9999.0 -9999.0 -9999.0 -9999.0 -9999.0 -9999.0
-9999.0 -9999.0 -9999.0 -9999.0 -9999.0 -9999.0 -9999.0 -9999.0 -9999.0 -9999.0 -9999.0 -9999.0 -9999.0 -9999.0 -560.646343 -571.120357 -574.456180 -566.152088 -532.510871 -502.728891 -490.091019 -497.911097 -498.194291 -521.983660 -542.307487 -528.298064 -499.105289 -467.649165 -433.044750 -411.758478 -424.756049 -427.414949 -416.053257 -386.405587 -369.846740 -372.051018 -394.385914 -370.942291 -352.988058 -341.557348 -341.756071 -350.306183 -333.576777 -315.494950 -322.544492 -342.215084 -340.319634 -328.737984 -313.257171 -331.487256 -400.891174 -424.072026 -427.598834 -434.607797 -448.109938 -454.804147 -429.854608 -428.557949 -436.688432 -454.517529 -486.555884 -530.466981 -548.020621 -509.316316 -464.416586 -405.760916 -9999.0 -9999.0 -9999.0 -9999.0 -9999.0 -9999.0 -9999.0 -9999.0 -9999.0 -9999.0 -9999.0 -9999.0 -9999.0 -9999.0
-9999.0 -9999.0 -9999.0 -9999.0 -9999.0 -9999.0 -9999.0 -9999.0 -9999.0 -616.742877 -613.525604 -606.764629 -605.416700 -590.099559 -592.002616 -585.417324 -577.633506 -551.951924 -521.068284 -486.012215 -457.001357 -467.299132 -467.021725 -454.154598 -446.059023 -432.151465 -410.295321 -366.960784 -319.074863 -271.243805 -299.933498 -300.769751 -277.328348 -216.538735 -165.060680 -150.280378 -174.156343 -170.012437 -135.205107 -99.920024 -93.873483 -93.095592 -63.276094 -47.510652 -41.079308 -63.713565 -91.315367 -97.285522 -71.024540 -135.386735 -220.134285 -287.366847 -291.629905 -328.797397 -375.763993 -401.119563 -404.995564 -382.606353 -398.771495 -437.189648 -474.128025 -483.292440 -499.613096 -483.216759 -460.123108 -412.409256 -373.268212 -343.884490 -343.233952 -360.607624 -9999.0 -9999.0 -9999.0 -9999.0 -9999.0 -9999.0 -9999.0 -9999.0 -9999.0 -9999.0
-9999.0 -9999.0 -9999.0 -9999.0 -9999.0 -9999.0 -694.813267 -686.468501 -667.244090 -661.882282 -638.170593 -631.002841 -610.880708 -591.849036 -571.807570 -554.926479 -523.889268 -491.292197 -448.884897 -402.686192 -367.620913 -370.192305 -357.591365 -317.268375 -264.736619 -222.923727 -190.186864 -136.238292 -40.050854 15.640633 34.483470 42.683959 52.959575 95.233476 155.464923 173.506544 153.460456 139.395564 160.386785 203.937417 242.901276 248.604651 256.600509 264.736389 289.973232 279.505661 210.672095 183.196806 172.660558 159.346261 105.846048 46.495842 -3.595706 -63.071991 -164.897289 -241.728412 -248.338214 -235.152635 -273.909351 -334.509198 -381.945161 -394.295677 -410.009459 -425.002452 -419.906907 -400.183686 -376.174723 -364.343389 -376.492745 -396.766107 -419.654160 -448.172107 -446.231762 -420.461987 -9999.0 -9999.0 -9999.0 -9999.0 -9999.0 -9999.0
-9999.0 -9999.0 -9999.0 -9999.0 -744.076307 -732.149385 -744.008197 -721.224358 -689.903721 -657.388586 -625.304207 -588.124139 -561.280786 -531.695788 -489.249330 -449.053850 -401.929177 -362.700947 -299.514005 -215.382630 -143.737382 -103.323358 -75.861837 -2.842357 62.011648 111.124431 131.145967 159.955620 209.412743 296.052378 325.731212 330.865433 340.558070 374.288250 406.686277 444.061547 424.196053 427.278857 432.862005 443.890781 471.527408 473.850044 475.560868 476.307822 478.617138 478.397152 453.660072 419.562318 395.774629 393.685665 365.626370 311.123632 242.287021 205.181563 175.707052 128.798346 61.383494 34.420494 -30.458240 -98.374172 -188.214122 -226.266931 -267.915842 -300.426662 -336.327636 -337.922719 -336.261751 -356.819863 -387.535877 -419.346674 -433.922265 -452.171997 -461.823380 -431.589610 -413.537250 -382.061533 -9999.0 -9999.0 -9999.0 -9999.0
-9999.0 -9999.0 -801.275309 -751.470861 -696.351211 -688.344346 -686.369262 -682.131120 -655.993201 -605.871356 -526.251660 -471.498039 -423.420092 -390.065773 -322.506094 -219.612279 -114.233723 -50.643124 17.004180 82.240441 142.928669 185.469841 229.305690 274.982223 322.300233 365.215843 395.328283 411.476723 447.378566 479.643349 502.849760 518.060176 522.952326 520.284036 519.644898 518.899741 515.388326 511.785598 495.494857 493.685605 501.691685 504.994148 508.281247 495.910237 491.984728 504.320643 505.872938 505.076024 504.327104 513.167935 521.921220 491.437535 438.488807 420.668201 407.164218 376.941902 313.411661 247.422954 219.211195 177.347079 97.777617 44.894033 -11.973479 -75.349702 -148.488334 -198.446826 -258.304301 -305.749886 -353.843806 -399.683072 -422.935713 -441.077470 -442.797787 -441.614701 -425.151316 -409.075544 -393.346689 -385.372476 -9999.0 -9999.0
-9999.0 -898.818511 -826.498803 -699.187116 -621.021892 -576.336586 -534.462102 -504.016747 -479.625889 -465.374047 -348.159252 -217.143124 -100.605411 -59.941265 3.159719 105.728601 225.337246 268.779116 298.263726 335.134259 393.049183 437.411604 465.970445 496.287940 522.544145 521.419604 520.432162 519.704891 513.029121 505.239626 496.168932 503.340356 501.348774 485.175967 471.402298 468.331213 457.811772 436.489753 410.895246 398.379127 402.841729 423.887782 413.728202 393.892494 390.191544 410.045812 426.102518 416.898040 396.572722 419.896209 455.676559 477.046514 492.524254 506.159338 525.386634 504.482109 471.655370 430.668771 404.419055 383.539536 306.777750 241.149253 186.308333 121.171149 56.048627 -18.127940 -94.704963 -173.517060 -254.736633 -299.960327 -334.001129 -387.860767 -411.727475 -409.975486 -419.030136 -421.203232 -414.255583 -407.654309 -9999.0 -9999.0
-9999.0 -968.368547 -825.194891 -639.502612 -492.848437 -427.688120 -297.365983 -194.960880 -154.299971 -178.942353 -39.303846 210.425786 282.658134 300.049446 360.303282 434.213995 475.027323 501.487087 516.919893 512.405339 509.224680 514.013900 510.072073 503.359281 489.853264 482.828101 481.857257 478.850385 458.407101 432.043194 422.293424 419.601205 402.846448 368.179301 334.936190 315.561145 284.612398 257.301022 221.415447 195.000176 182.402683 201.772141 191.804881 173.124411 169.332728 193.218307 226.094991 219.812450 223.950820 247.068682 291.961481 349.960910 373.713511 398.770313 429.357142 477.741255 497.012910 516.621638 521.346603 498.643584 456.557001 408.038131 373.797098 292.171799 215.466849 133.766088 73.132519 17.270364 -54.984272 -112.309074 -176.801741 -249.245780 -315.593099 -347.125679 -387.459264 -408.832394 -9999.0 -9999.0 -9999.0 -9999.0
-9999.0 -1031.080294 -839.393241 -572.301319 -311.114605 -149.390395 53.686036 194.173399 293.333559 321.002512 381.308637 481.362278 498.441351 488.673688 469.340240 468.431483 480.582035 483.584718 479.241676 468.691591 456.711394 452.275489 442.625062 441.837307 431.111285 417.117857 404.546820 389.989385 331.249642 293.395210 263.238741 247.965509 213.650917 125.795194 84.701167 55.085857 -0.809769 -14.960423 -30.849458 -64.534637 -86.723793 -103.599831 -84.002675 -85.321863 -85.090713 -74.610511 -50.135427 -28.973204 16.477270 52.858664 95.344214 149.603642 184.652697 228.607065 280.230405 355.949304 388.254097 416.522165 459.663756 499.581043 521.052644 512.888613 482.872132 441.040234 373.846519 284.750751 229.225363 153.969622 91.346148 45.398068 7.807113 -44.864126 -125.697884 -247.586836 -296.373752 -9999.0 -9999.0 -9999.0 -9999.0 -9999.0
-9999.0 -1179.942849 -912.512623 -613.977642 -267.518888 62.128290 170.634103 360.680139 435.095115 367.718892 325.678232 369.284344 396.173886 412.213062 391.042019 382.078087 375.581631 375.250200 386.519005 353.754174 306.559482 289.639903 286.965188 275.389966 253.340183 235.175722 221.039711 199.386067 145.801866 97.598917 28.036046 0.678129 -80.372524 -166.282895 -227.438383 -284.002113 -341.859200 -345.814249 -331.193798 -350.105939 -373.950647 -393.746595 -367.606146 -352.189261 -341.148176 -350.453358 -340.309552 -302.946010 -248.083266 -195.198000 -128.765892 -58.767893 -4.583968 50.330857 84.750875 140.343758 188.286501 236.099831 311.623413 405.501155 438.012568 473.132677 509.079991 523.893620 479.224290 429.119234 372.148860 283.318062 183.019833 136.404504 117.923250 93.154735 46.345550 -9999.0 -9999.0 -9999.0 -9999.0 -9999.0 -9999.0 -9999.0
-9999.0 -1315.556364 -1080.654680 -828.984373 -525.572159 -277.503592 -74.504272 51.658518 160.714681 119.884919 119.187656 148.743167 179.840997 202.448475 179.023813 142.792427 117.057334 120.278309 119.485139 94.425735 64.027695 49.865877 48.562774 40.819701 13.111156 -6.307298 -20.554191 -47.742053 -93.127222 -164.639143 -265.912455 -340.253347 -406.857350 -445.855331 -477.592724 -511.623728 -551.639570 -541.064795 -526.098523 -531.141025 -544.118707 -549.130375 -519.453754 -501.335739 -491.410921 -505.113719 -486.941935 -459.885509 -417.513009 -374.876120 -324.654058 -265.221606 -202.866776 -161.293287 -135.357549 -92.250488 -38.661779 27.193769 111.598715 209.933106 285.392819 350.490429 402.644178 425.437850 447.713065 464.165380 449.457253 370.491745 203.604195 175.483726 174.016841 -9999.0 -9999.0 -9999.0 -9999.0 -9999.0 -9999.0 -9999.0 -9999.0 -9999.0
-9999.0 -9999.0 -1318.203979 -1124.580238 -959.793420 -772.745701 -624.764208 -518.876521 -445.164398 -358.997451 -266.900184 -181.007206 -130.718550 -110.741660 -133.766678 -186.672689 -220.373831 -220.972139 -231.808296 -249.558177 -278.621741 -289.922710 -300.098981 -308.912952 -324.746496 -333.906837 -340.425296 -353.153377 -378.397630 -428.117447 -483.515522 -536.524101 -591.685247 -616.795497 -638.824780 -661.776734 -665.752348 -666.950001 -659.780546 -658.678859 -653.764236 -642.330087 -621.477245 -600.417232 -591.248165 -584.808365 -572.440095 -549.048315 -516.163371 -475.775952 -423.821245 -367.960165 -329.036981 -316.208640 -324.977172 -316.567415 -289.560824 -233.938589 -119.463546 -10.723673 83.037081 154.957468 226.821360 274.646857 292.601771 321.907181 357.340546 265.315728 72.229067 121.375297 -9999.0 -9999.0 -9999.0 -9999.0 -9999.0 -9999.0 -9999.0 -9999.0 -9999.0 -9999.0
-9999.0 -9999.0 -9999.0 -9999.0 -1267.442208 -1109.847390 -1017.557745 -936.456308 -819.770691 -715.845975 -626.635447 -552.614980 -502.145846 -479.319349 -492.481235 -500.872175 -510.175066 -513.340345 -521.739435 -528.312797 -535.030720 -542.957822 -553.617894 -561.255947 -562.421315 -559.291332 -561.211221 -574.101797 -589.521430 -617.738099 -642.525451 -677.849830 -714.976801 -743.860439 -756.613679 -763.654908 -763.176594 -768.244822 -758.511065 -752.450791 -737.751443 -722.344583 -698.367165 -670.351246 -658.201042 -644.281514 -634.728932 -614.011906 -584.432437 -532.301036 -470.871122 -415.844012 -383.028518 -380.653476 -408.596555 -425.737474 -429.588695 -400.942409 -349.446785 -269.141956 -141.218780 -45.873686 28.873336 75.376813 106.877778 152.284348 194.860593 206.667371 -9999.0 -9999.0 -9999.0 -9999.0 -9999.0 -9999.0 -9999.0 -9999.0 -9999.0 -9999.0 -9999.0 -9999.0
-9999.0 -9999.0 -9999.0 -9999.0 -9999.0 -9999.0 -1326.158687 -1232.841842 -1144.158641 -1027.795136 -920.941773 -833.462376 -762.300361 -739.503607 -724.375826 -703.156159 -708.339188 -724.830780 -740.624485 -724.576794 -715.907215 -720.364852 -746.911015 -748.444646 -745.178817 -735.533329 -736.351755 -742.123764 -766.461775 -758.977703 -760.703022 -783.306760 -808.956533 -823.190892 -834.457820 -824.364667 -823.321995 -835.437034 -832.554691 -806.835337 -787.410276 -773.983522 -751.433859 -718.506440 -686.807108 -672.937623 -672.262228 -666.254064 -624.691724 -554.917914 -485.714439 -433.543618 -404.010060 -397.933030 -428.278005 -471.189654 -494.634161 -489.698772 -456.497268 -402.942659 -322.090005 -265.490133 -224.510964 -192.120109 -150.929662 -37.454535 -9999.0 -9999.0 -9999.0 -9999.0 -9999.0 -9999.0 -9999.0 -9999.0 -9999.0 -9999.0 -9999.0 -9999.0 -9999.0 -9999.0
-9999.0 -9999.0 -9999.0 -9999.0 -9999.0 -9999.0 -9999.0 -9999.0 -9999.0 -9999.0 -9999.0 -9999.0 -9999.0 -9999.0 -9999.0 -9999.0 -9999.0 -9999.0 -9999.0 -9999.0 -9999.0 -9999.0 -9999.0 -9999.0 -9999.0 -9999.0 -9999.0 -9999.0 -9999.0 -9999.0 -9999.0 -9999.0 -9999.0 -9999.0 -9999.0 -9999.0 -9999.0 -9999.0 -9999.0 -9999.0 -9999.0 -9999.0 -9999.0 -9999.0 -9999.0 -9999.0 -9999.0 -9999.0 -9999.0 -9999.0 -9999.0 -9999.0 -9999.0 -9999.0 -9999.0 -9999.0 -9999.0 -9999.0 -9999.0 -9999.0 -9999.0 -9999.0 -9999.0 -9999.0 -9999.0 -9999.0 -9999.0 -9999.0 -9999.0 -9999.0 -9999.0 -9999.0 -9999.0 -9999.0 -9999.0 -9999.0 -9999.0 -9999.0 -9999.0 -9999.0
-9999.0 -9999.0 -9999.0 -9999.0 -9999.0 -9999.0 -9999.0 -9999.0 -9999.0 -9999.0 -9999.0 -9999.0 -9999.0 -9999.0 -9999.0 -9999.0 -9999.0 -9999.0 -9999.0 -9999.0 -9999.0 -9999.0 -9999.0 -9999.0 -9999.0 -9999.0 -9999.0 -9999.0 -9999.0 -9999.0 -9999.0 -9999.0 -9999.0 -9999.0 -9999.0 -9999.0 -9999.0 -9999.0 -9999.0 -9999.0 -9999.0 -9999.0 -9999.0 -9999.0 -9999.0 -9999.0 -9999.0 -9999.0 -9999.0 -9999.0 -9999.0 -9999.0 -9999.0 -9999.0 -9999.0 -9999.0 -9999.0 -9999.0 -9999.0 -9999.0 -9999.0 -9999.0 -9999.0 -9999.0 -9999.0 -9999.0 -9999.0 -9999.0 -9999.0 -9999.0 -9999.0 -9999.0 -9999.0 -9999.0 -9999.0 -9999.0 -9999.0 -9999.0 -9999.0 -9999.0