Borden_/Borden1m_014/output_maps/psiliqL0015N0009.asc
ncols         80
nrows         18
xllcorner     620200.000000
yllcorner     5168000.000000
cellsize      1.000000
NODATA_value  -9999.0
-9999.0 -9999.0 -9999.0 -9999.0 -9999.0 -9999.0 -9999.0 -9999.0 -9999.0 -9999.0 -9999.0 -9999.0 -9999.0 -9999.0 -9999.0 -9999.0 -9999.0 -9999.0 -9999.0 -9999.0 -9999.0 -9999.0 -9999.0 -9999.0 -9999.0 -9999.0 -9999.0 -9999.0 -9999.0 -9999.0 -9999.0 -9999.0 -9999.0 -9999.0 -9999.0 -9999.0 -9999.0 -9999.0 -9999.0 -9999.0 -9999.0 -9999.0 -9999.0 -9999.0 -9999.0 -9999.0 -9999.0 -9999.0 -9999.0 -9999.0 -9999.0 -9999.0 -9999.0 -9999.0 -9999.0 -9999.0 -9999.0 -9999.0 -9999.0 -9999.0 -9999.0 -9999.0 -9999.0 -9999.0 -9999.0 -9999.0 -9999.0 -9999.0 -9999.0 -9999.0 -9999.0 -9999.0 -9999.0 -9999.0 -9999.0 -9999.0 -9999.0 -9999.0 -9999.0 -9999.0
-9999.0 -9999.0 -9999.0 -9999.0 -9999.0 -9999.0 -9999.0 -9999.0 -9999.0 -9999.0 -9999.0 -9999.0 -9999.0 -9999.0 -9999.0 -9999.0 -9999.0 -9999.0 -9999.0 -9999.0 -9999.0 -9999.0 -9999.0 -9999.0 -9999.0 -9999.0 -9999.0 -9999.0 -9999.0 -9999.0 -9999.0 -9999.0 -9999.0 -9999.0 -9999.0 -9999.0 -9999.0 -9999.0 -9999.0 -9999.0 -9999.0 -9999.0 -9999.0 -9999.0 -9999.0 -9999.0 -9999.0 -9999.0 -9999.0 -9999.0 -9999.0 -9999.0 -9999.0 -9999.0 -9999.0 -9999.0 -9999.0 -9999.0 -9999.0 -9999.0 -9999.0 -9999.0 -9999.0 -9999.0 -9999.0 -9999.0 -9999.0 -9999.0 -9999.0 -9999.0 -9999.0 -9999.0 -9999.0 -9999.0 -9999.0 -9999.0 -9999.0 -9999.0 -9999.0 -9999.0
-9999.0 -9999.0 -9999.0 -9999.0 -9999.0 -9999.0 -9999.0 -9999.0 -9999.0 -9999.0 -9999.0 -9999.0 -9999.0 -9999.0 -9999.0 -9999.0 -9999.0 -9999.0 -9999.0 -9999.0 1143.256336 1146.007747 1124.525537 1091.573565 1064.604888 1068.012288 1103.737006 1146.054077 1185.441492 1195.908392 1178.872902 1182.882091 1180.341898 1181.466937 1186.731477 1196.430816 1203.103943 1215.568776 1224.517010 1224.086480 1217.772298 1212.436690 1212.612781 1215.223695 1220.513044 1209.304483 1223.267576 1237.847999 1241.537284 1234.369158 1204.952509 1187.215228 1176.240663 1158.994149 1182.038499 1192.097815 1213.035823 1215.484769 1212.321734 1184.233534 1153.449099 -9999.0 -9999.0 -9999.0 -9999.0 -9999.0 -9999.0 -9999.0 -9999.0 -9999.0 -9999.0 -9999.0 -9999.0 -9999.0 -9999.0 -9999.0 -9999.0 -9999.0 -9999.0 -9999.0
-9999.0 -9999.0 -9999.0 -9999.0 -9999.0 -9999.0 -9999.0 -9999.0 -9999.0 -9999.0 -9999.0 -9999.0 -9999.0 -9999.0 1050.187536 1041.224144 1039.280054 1048.548054 1083.047661 1114.198138 1126.744132 1120.109796 1121.043429 1098.372003 1078.907033 1094.506445 1126.069169 1158.957208 1194.078110 1214.407165 1203.836473 1203.092489 1215.117525 1243.708900 1260.758715 1262.054147 1245.653817 1270.940280 1286.997833 1294.801304 1293.501694 1284.343463 1296.130599 1311.045240 1304.000142 1287.486408 1293.783581 1305.715657 1316.119639 1299.931054 1232.903982 1210.691810 1203.946193 1195.704878 1180.118587 1171.980484 1195.253426 1193.127289 1183.203269 1163.882135 1129.981340 1084.906370 1065.361232 1103.144990 1145.968040 1202.343429 -9999.0 -9999.0 -9999.0 -9999.0 -9999.0 -9999.0 -9999.0 -9999.0 -9999.0 -9999.0 -9999.0 -9999.0 -9999.0 -9999.0
-9999.0 -9999.0 -9999.0 -9999.0 -9999.0 -9999.0 -9999.0 -9999.0 -9999.0 991.238815 996.349559 1004.259094 1007.278618 1023.519181 1021.581469 1029.504638 1037.327304 1065.482685 1097.755542 1134.242983 1164.362292 1156.706756 1158.158231 1168.932727 1173.601072 1188.279331 1213.198494 1255.327536 1294.400598 1334.037917 1305.144644 1304.258211 1327.081654 1380.532611 1421.858328 1435.450372 1422.173267 1434.016443 1459.219962 1479.414111 1476.919317 1472.841481 1496.218288 1509.103240 1509.426014 1490.635837 1481.219388 1482.701493 1506.024195 1449.982445 1376.375583 1320.901857 1322.784191 1292.384224 1254.264275 1232.054039 1225.479786 1242.586607 1225.457052 1186.588318 1148.698246 1135.894328 1116.942769 1132.902751 1153.873425 1198.977430 1236.863049 1264.457366 1263.120547 1245.017206 -9999.0 -9999.0 -9999.0 -9999.0 -9999.0 -9999.0 -9999.0 -9999.0 -9999.0 -9999.0
-9999.0 -9999.0 -9999.0 -9999.0 -9999.0 -9999.0 911.507639 921.710552 942.792082 947.984250 974.197516 982.204250 1003.448089 1023.350933 1045.815166 1063.163941 1094.183758 1128.402617 1170.939595 1216.532322 1251.692237 1248.447812 1259.705077 1290.535978 1331.652547 1366.023811 1398.240108 1441.464891 1515.831337 1554.251085 1558.761750 1564.267532 1578.939682 1639.162752 1719.602856 1745.260243 1732.251444 1721.532190 1741.771621 1775.037617 1776.928544 1775.756475 1784.518542 1792.829597 1818.269079 1810.891466 1775.796490 1764.228664 1760.390325 1735.884492 1660.236851 1586.918735 1550.802730 1501.597387 1418.398566 1359.850311 1359.053779 1371.987620 1339.904104 1283.537511 1239.842736 1226.292319 1208.865926 1193.803826 1198.485962 1216.177085 1237.081488 1247.076751 1232.933591 1210.761896 1187.119528 1157.400373 1158.396640 1182.948936 -9999.0 -9999.0 -9999.0 -9999.0 -9999.0 -9999.0
-9999.0 -9999.0 -9999.0 -9999.0 860.799348 874.282787 862.649269 888.689124 922.313442 957.456985 990.095816 1027.653877 1055.563606 1086.481584 1127.581157 1163.025769 1206.516308 1243.981123 1301.416758 1374.965970 1433.503757 1461.135286 1476.971901 1534.975215 1600.008511 1662.916385 1697.693085 1730.814409 1771.903632 1825.558236 1848.244244 1853.753099 1873.421853 1914.951770 1971.199578 2011.415128 2000.977829 1997.211950 2004.451166 2014.766568 2035.828564 2035.429496 2036.189691 2038.012151 2042.552227 2043.009163 2021.805909 1990.813787 1975.846900 1961.517900 1924.302423 1851.908509 1813.961988 1786.292195 1751.703279 1692.315717 1613.900379 1590.912000 1530.765495 1470.202189 1402.304760 1375.257149 1341.020722 1312.536805 1280.681012 1280.030246 1281.371997 1259.297698 1225.582430 1191.890638 1175.459137 1155.357882 1143.193547 1172.313574 1189.154402 1218.956052 -9999.0 -9999.0 -9999.0 -9999.0
-9999.0 -9999.0 800.672488 849.617052 907.263210 916.906158 918.258864 925.374736 955.151443 1008.594515 1084.808833 1136.010201 1178.589993 1212.983577 1273.603579 1355.060134 1430.888737 1482.644961 1546.770266 1626.193996 1702.897416 1742.932145 1759.952453 1796.815626 1850.900788 1917.241140 1950.876937 1979.873898 2008.643619 2037.534452 2044.838179 2057.307083 2066.382732 2072.097023 2081.925114 2087.882132 2087.866699 2086.578705 2070.966728 2068.081878 2074.678814 2079.487837 2080.736587 2067.547877 2063.726784 2077.472574 2082.121372 2081.790283 2080.362501 2084.524100 2084.075831 2043.932563 2009.328673 1995.798690 1984.995263 1937.156499 1867.217850 1824.230895 1800.707446 1754.037327 1666.431992 1606.354220 1550.940208 1497.972646 1439.786252 1404.881294 1355.339308 1310.915721 1262.708268 1214.632044 1189.029731 1169.056274 1164.874891 1163.367990 1178.527037 1193.121920 1207.960024 1215.487413 -9999.0 -9999.0
-9999.0 697.079480 769.670184 896.250477 977.177905 1022.960471 1055.969905 1080.515411 1110.833054 1138.934320 1244.919803 1335.817109 1427.150660 1464.354579 1515.786202 1618.182209 1720.677362 1771.008922 1812.063600 1872.996002 1939.764346 1989.877244 2017.646551 2026.742909 2061.061318 2077.312658 2084.130184 2089.534887 2085.498925 2075.609798 2064.877223 2069.946836 2065.923435 2046.931954 2030.846440 2029.081129 2027.086293 2007.898814 1984.183514 1972.377590 1976.033018 1999.135025 1987.825955 1968.074730 1964.278672 1984.261418 2002.520046 1993.585959 1981.313310 1997.514621 2030.127378 2052.200048 2063.466337 2080.523200 2100.140636 2072.655219 2042.887422 2001.863534 1982.904698 1953.198662 1893.064330 1830.670646 1774.851635 1708.989584 1630.641998 1555.194300 1485.871929 1421.096053 1352.718074 1308.535229 1273.847705 1220.319919 1196.495154 1196.130722 1185.934901 1182.077565 1187.396715 1193.382340 -9999.0 -9999.0
-9999.0 616.076555 758.587252 943.431709 1093.073821 1154.187357 1258.997080 1341.250037 1371.141979 1345.004676 1455.782159 1682.300453 1787.198333 1804.282829 1873.944088 1961.229256 1981.656625 2015.120414 2038.472661 2051.410108 2063.529915 2075.794751 2075.183699 2070.534257 2058.002780 2053.192144 2054.861734 2053.903982 2036.633165 2015.267660 1995.100713 1988.997923 1968.758291 1921.190784 1882.050406 1862.146339 1848.038802 1833.480800 1806.560415 1784.239258 1771.850231 1788.418303 1782.605288 1766.744054 1762.626528 1782.750685 1812.678422 1807.566946 1814.956152 1836.454087 1877.471486 1920.926355 1946.024621 1976.262178 2011.834654 2054.854911 2069.491467 2090.807691 2094.629331 2075.703329 2032.624340 1982.642017 1950.616573 1889.631569 1814.996476 1732.457774 1657.791135 1589.631409 1516.483374 1463.300851 1408.511450 1343.508092 1283.398771 1256.963593 1215.805073 1195.296260 -9999.0 -9999.0 -9999.0 -9999.0
-9999.0 536.326632 724.250386 982.586808 1261.415853 1377.770619 1590.501160 1725.665909 1785.792518 1857.206012 1834.930380 1985.104644 2024.748956 2019.700489 2017.369032 2019.729684 2033.232347 2034.686562 2030.392316 2021.686497 2015.532889 2014.107055 2014.597897 2009.204362 1999.795093 1988.144794 1977.714203 1966.380878 1927.881834 1889.036166 1847.529951 1829.451230 1787.638507 1689.517295 1632.974016 1589.618238 1532.212728 1528.992320 1526.997576 1502.155480 1484.888320 1465.474883 1488.033861 1492.859293 1494.859705 1496.766342 1511.823441 1534.411921 1578.551650 1617.063671 1668.376372 1732.719831 1773.705713 1818.916268 1866.572122 1925.565739 1959.893917 1990.485617 2036.400766 2074.357337 2097.949130 2088.377185 2063.898818 2021.940288 1955.934657 1893.962948 1845.918067 1775.251970 1708.983069 1644.528051 1583.116487 1513.909657 1434.220350 1346.429925 1302.399153 -9999.0 -9999.0 -9999.0 -9999.0 -9999.0
-9999.0 355.321312 622.861907 910.929834 1227.594236 1566.063018 1706.366184 1837.000961 1915.650648 1891.720334 1904.319739 1925.903542 1966.308186 1973.334994 1952.837897 1941.501252 1924.866948 1918.477766 1926.691065 1898.488914 1869.899942 1858.146968 1859.399817 1850.019347 1829.963111 1816.388544 1806.756608 1786.921906 1734.800174 1671.422204 1579.511324 1544.628838 1466.786678 1407.500403 1357.338512 1304.602031 1253.793973 1254.037535 1273.271896 1260.510211 1239.741021 1222.226630 1249.273286 1267.216021 1279.158009 1267.011685 1275.046133 1309.899983 1358.681821 1403.244338 1456.053481 1515.864942 1565.759427 1616.953034 1656.543509 1719.754924 1773.865074 1822.223087 1896.917741 1976.833721 2015.167795 2051.433953 2085.983811 2104.689999 2058.395802 2016.157920 1972.510363 1920.294205 1845.777674 1799.477142 1762.486259 1688.097814 1605.061257 -9999.0 -9999.0 -9999.0 -9999.0 -9999.0 -9999.0 -9999.0
-9999.0 229.190031 447.277414 676.158217 961.244099 1202.038398 1399.436888 1513.786880 1607.654336 1656.608618 1698.554226 1734.197711 1763.710987 1784.756478 1762.004641 1719.416945 1683.043827 1676.435718 1663.778461 1632.938680 1599.760509 1583.802043 1581.864288 1576.223296 1553.741678 1541.368297 1532.185418 1509.846181 1474.060945 1413.102116 1329.236625 1254.890483 1193.084897 1160.027389 1128.580494 1094.922997 1059.357801 1070.251825 1083.967210 1081.472945 1071.734716 1069.310219 1098.770755 1117.857979 1127.808533 1115.730508 1134.281457 1160.315908 1201.363416 1244.218705 1293.885096 1350.277965 1404.994948 1436.017903 1454.065177 1486.327638 1530.401274 1588.710299 1683.159306 1787.340447 1870.914244 1925.422879 1979.721731 2017.400837 2036.905417 2056.361992 2040.888135 1970.190606 1865.959136 1875.018845 1874.670274 -9999.0 -9999.0 -9999.0 -9999.0 -9999.0 -9999.0 -9999.0 -9999.0 -9999.0
-9999.0 -9999.0 213.705454 391.018090 529.173251 709.535336 860.586064 973.318689 1067.990160 1187.138757 1295.669799 1380.098661 1423.312732 1439.404294 1423.509067 1387.102535 1360.355811 1354.271565 1339.253727 1324.335457 1301.804038 1293.034277 1282.405503 1275.045005 1265.917278 1261.419086 1256.907800 1245.731762 1222.881667 1174.393678 1123.931222 1071.660599 1017.888265 991.915838 969.437623 947.527216 946.051090 942.778885 949.098885 951.145525 958.319481 971.136434 991.481926 1013.425948 1023.026206 1031.374745 1043.506471 1066.803560 1099.526785 1141.440380 1195.203979 1252.821058 1292.678122 1306.061032 1298.208651 1305.924249 1328.670307 1373.851745 1459.438895 1550.352016 1654.755766 1739.445966 1819.127729 1878.899662 1906.445846 1933.527430 1960.583743 1904.890448 1645.633128 1812.181308 -9999.0 -9999.0 -9999.0 -9999.0 -9999.0 -9999.0 -9999.0 -9999.0 -9999.0 -9999.0
-9999.0 -9999.0 -9999.0 -9999.0 248.689972 403.833976 500.752951 585.085724 715.178465 836.512016 937.498326 1020.287285 1080.444987 1105.570923 1099.064182 1100.864729 1093.028434 1084.378528 1072.443654 1068.918864 1066.062979 1058.256882 1044.726462 1037.823480 1039.089367 1044.375018 1042.349549 1028.940671 1011.242218 987.466124 965.974302 931.057458 894.669978 865.257345 851.926669 845.988618 845.958029 839.561873 848.748734 856.253778 871.687806 887.151472 911.062590 939.945181 953.405475 967.873380 977.338725 997.586476 1027.586519 1080.566799 1143.597605 1200.980521 1236.419081 1240.855680 1216.526478 1201.843881 1199.144062 1228.180584 1275.321581 1345.970855 1452.208436 1532.676899 1598.768515 1656.563775 1708.639984 1773.235588 1850.185988 1891.092776 -9999.0 -9999.0 -9999.0 -9999.0 -9999.0 -9999.0 -9999.0 -9999.0 -9999.0 -9999.0 -9999.0 -9999.0
-9999.0 -9999.0 -9999.0 -9999.0 -9999.0 -9999.0 204.766263 305.667385 388.122614 524.749808 652.853239 752.776603 831.646213 861.493502 885.207168 909.764741 905.758449 885.997855 866.052710 883.304325 895.709721 889.880096 860.602555 860.374789 865.410970 874.334478 872.711639 866.567668 841.559109 852.172457 852.166651 828.726307 802.540182 788.482882 776.666347 786.393006 786.888141 773.740112 774.947915 801.828989 822.172503 835.516551 857.531190 890.712932 922.895323 937.752137 938.811037 944.670511 984.654489 1054.529349 1125.619763 1180.420997 1212.379087 1220.260497 1192.939680 1152.981447 1132.668368 1140.160085 1175.747054 1229.952433 1308.184964 1361.320484 1393.672940 1417.385652 1449.307464 1549.075080 -9999.0 -9999.0 -9999.0 -9999.0 -9999.0 -9999.0 -9999.0 -9999.0 -9999.0 -9999.0 -9999.0 -9999.0 -9999.0 -9999.0
-9999.0 -9999.0 -9999.0 -9999.0 -9999.0 -9999.0 -9999.0 -9999.0 -9999.0 -9999.0 -9999.0 -9999.0 -9999.0 -9999.0 -9999.0 -9999.0 -9999.0 -9999.0 -9999.0 -9999.0 -9999.0 -9999.0 -9999.0 -9999.0 -9999.0 -9999.0 -9999.0 -9999.0 -9999.0 -9999.0 -9999.0 -9999.0 -9999.0 -9999.0 -9999.0 -9999.0 -9999.0 -9999.0 -9999.0 -9999.0 -9999.0 -9999.0 -9999.0 -9999.0 -9999.0 -9999.0 -9999.0 -9999.0 -9999.0 -9999.0 -9999.0 -9999.0 -9999.0 -9999.0 -9999.0 -9999.0 -9999.0 -9999.0 -9999.0 -9999.0 -9999.0 -9999.0 -9999.0 -9999.0 -9999.0 -9999.0 -9999.0 -9999.0 -9999.0 -9999.0 -9999.0 -9999.0 -9999.0 -9999.0 -9999.0 -9999.0 -9999.0 -9999.0 -9999.0 -9999.0
-9999.0 -9999.0 -9999.0 -9999.0 -9999.0 -9999.0 -9999.0 -9999.0 -9999.0 -9999.0 -9999.0 -9999.0 -9999.0 -9999.0 -9999.0 -9999.0 -9999.0 -9999.0 -9999.0 -9999.0 -9999.0 -9999.0 -9999.0 -9999.0 -9999.0 -9999.0 -9999.0 -9999.0 -9999.0 -9999.0 -9999.0 -9999.0 -9999.0 -9999.0 -9999.0 -9999.0 -9999.0 -9999.0 -9999.0 -9999.0 -9999.0 -9999.0 -9999.0 -9999.0 -9999.0 -9999.0 -9999.0 -9999.0 -9999.0 -9999.0 -9999.0 -9999.0 -9999.0 -9999.0 -9999.0 -9999.0 -9999.0 -9999.0 -9999.0 -9999.0 -9999.0 -9999.0 -9999.0 -9999.0 -9999.0 -9999.0 -9999.0 -9999.0 -9999.0 -9999.0 -9999.0 -9999.0 -9999.0 -9999.0 -9999.0 -9999.0 -9999.0 -9999.0 -9999.0 -9999.0