Borden_/Borden1m_014/output_maps/psiliqL0008N0027.asc
ncols         80
nrows         18
xllcorner     620200.000000
yllcorner     5168000.000000
cellsize      1.000000
NODATA_value  -9999.0
-9999.0 -9999.0 -9999.0 -9999.0 -9999.0 -9999.0 -9999.0 -9999.0 -9999.0 -9999.0 -9999.0 -9999.0 -9999.0 -9999.0 -9999.0 -9999.0 -9999.0 -9999.0 -9999.0 -9999.0 -9999.0 -9999.0 -9999.0 -9999.0 -9999.0 -9999.0 -9999.0 -9999.0 -9999.0 -9999.0 -9999.0 -9999.0 -9999.0 -9999.0 -9999.0 -9999.0 -9999.0 -9999.0 -9999.0 -9999.0 -9999.0 -9999.0 -9999.0 -9999.0 -9999.0 -9999.0 -9999.0 -9999.0 -9999.0 -9999.0 -9999.0 -9999.0 -9999.0 -9999.0 -9999.0 -9999.0 -9999.0 -9999.0 -9999.0 -9999.0 -9999.0 -9999.0 -9999.0 -9999.0 -9999.0 -9999.0 -9999.0 -9999.0 -9999.0 -9999.0 -9999.0 -9999.0 -9999.0 -9999.0 -9999.0 -9999.0 -9999.0 -9999.0 -9999.0 -9999.0
-9999.0 -9999.0 -9999.0 -9999.0 -9999.0 -9999.0 -9999.0 -9999.0 -9999.0 -9999.0 -9999.0 -9999.0 -9999.0 -9999.0 -9999.0 -9999.0 -9999.0 -9999.0 -9999.0 -9999.0 -9999.0 -9999.0 -9999.0 -9999.0 -9999.0 -9999.0 -9999.0 -9999.0 -9999.0 -9999.0 -9999.0 -9999.0 -9999.0 -9999.0 -9999.0 -9999.0 -9999.0 -9999.0 -9999.0 -9999.0 -9999.0 -9999.0 -9999.0 -9999.0 -9999.0 -9999.0 -9999.0 -9999.0 -9999.0 -9999.0 -9999.0 -9999.0 -9999.0 -9999.0 -9999.0 -9999.0 -9999.0 -9999.0 -9999.0 -9999.0 -9999.0 -9999.0 -9999.0 -9999.0 -9999.0 -9999.0 -9999.0 -9999.0 -9999.0 -9999.0 -9999.0 -9999.0 -9999.0 -9999.0 -9999.0 -9999.0 -9999.0 -9999.0 -9999.0 -9999.0
-9999.0 -9999.0 -9999.0 -9999.0 -9999.0 -9999.0 -9999.0 -9999.0 -9999.0 -9999.0 -9999.0 -9999.0 -9999.0 -9999.0 -9999.0 -9999.0 -9999.0 -9999.0 -9999.0 -9999.0 -268.928297 -265.884983 -288.639355 -322.697476 -351.220907 -349.310162 -314.171025 -272.980740 -234.939867 -224.177788 -242.097123 -240.504038 -245.402509 -245.262122 -241.948800 -235.751604 -232.963601 -221.182676 -212.365793 -212.312728 -218.294782 -223.874929 -224.879453 -221.145825 -216.161797 -225.368913 -212.024647 -196.718417 -190.492650 -196.217043 -224.377705 -240.807450 -249.347290 -264.103062 -239.776598 -227.283480 -204.254868 -199.949720 -201.220029 -228.365396 -258.496992 -9999.0 -9999.0 -9999.0 -9999.0 -9999.0 -9999.0 -9999.0 -9999.0 -9999.0 -9999.0 -9999.0 -9999.0 -9999.0 -9999.0 -9999.0 -9999.0 -9999.0 -9999.0 -9999.0
-9999.0 -9999.0 -9999.0 -9999.0 -9999.0 -9999.0 -9999.0 -9999.0 -9999.0 -9999.0 -9999.0 -9999.0 -9999.0 -9999.0 -359.347653 -369.653622 -372.817856 -364.332343 -330.460449 -300.474422 -287.849022 -295.484259 -295.578879 -319.139771 -339.322601 -325.081891 -295.592019 -263.881395 -229.023664 -207.698257 -220.076513 -222.409041 -211.112255 -182.181394 -166.260870 -168.389670 -190.016369 -166.846680 -149.496381 -138.647646 -138.750519 -146.910473 -130.889241 -113.417806 -120.231853 -139.329142 -137.262469 -126.021040 -111.487591 -128.859324 -196.555484 -219.306035 -223.369460 -230.712577 -244.594133 -251.480755 -226.777021 -225.844518 -234.168897 -252.172155 -284.389827 -328.384491 -346.201578 -307.598899 -263.025746 -204.811416 -9999.0 -9999.0 -9999.0 -9999.0 -9999.0 -9999.0 -9999.0 -9999.0 -9999.0 -9999.0 -9999.0 -9999.0 -9999.0 -9999.0
-9999.0 -9999.0 -9999.0 -9999.0 -9999.0 -9999.0 -9999.0 -9999.0 -9999.0 -416.009485 -412.559468 -405.653862 -404.090428 -388.598489 -390.455830 -383.649486 -375.776166 -349.615465 -318.403820 -283.150710 -254.054101 -263.901780 -263.289968 -250.474228 -242.717163 -228.860421 -206.848534 -163.975615 -117.327628 -71.142336 -98.166440 -98.660838 -76.242053 -20.858158 24.097884 37.635391 15.081423 19.119933 50.100843 83.074537 87.860897 88.630522 120.339355 138.134342 144.646843 119.686920 92.067400 86.862579 115.004148 50.645451 -25.736785 -86.840941 -90.533642 -126.706207 -172.200198 -196.842138 -200.850495 -179.290768 -195.519948 -233.924868 -270.964745 -280.615713 -297.250311 -280.979454 -258.220864 -210.973385 -172.184924 -143.316063 -142.925470 -160.198106 -9999.0 -9999.0 -9999.0 -9999.0 -9999.0 -9999.0 -9999.0 -9999.0 -9999.0 -9999.0
-9999.0 -9999.0 -9999.0 -9999.0 -9999.0 -9999.0 -494.327302 -485.780820 -466.357118 -461.025591 -436.996872 -429.704076 -409.367177 -390.086333 -369.534245 -352.367338 -321.086146 -288.056593 -245.514955 -199.657013 -165.155256 -167.655551 -154.912964 -115.726607 -66.189176 -28.528392 0.743350 50.195728 149.779873 207.523239 226.985474 237.014136 249.800773 292.543441 355.027203 383.032772 350.756181 332.092785 350.914980 392.075647 423.277927 429.111446 438.237286 447.196239 472.297024 460.512348 398.264757 373.106953 365.038440 351.570267 300.362332 240.928550 188.925021 124.991806 22.897026 -45.697328 -49.800216 -37.111658 -73.639196 -132.558691 -178.817003 -191.240149 -207.152988 -222.221501 -217.324109 -198.033652 -174.611143 -163.141077 -175.482364 -195.914438 -218.847287 -247.446619 -245.625021 -220.060345 -9999.0 -9999.0 -9999.0 -9999.0 -9999.0 -9999.0
-9999.0 -9999.0 -9999.0 -9999.0 -543.747201 -531.657405 -543.559044 -520.400806 -488.824661 -455.985239 -423.715666 -386.248123 -358.981660 -328.853613 -286.196992 -246.397585 -199.818574 -160.780683 -99.132662 -21.098994 42.479498 80.459700 108.950624 187.514998 256.951595 306.818367 325.027156 352.924318 401.359597 481.445599 508.555616 519.928821 539.739355 568.368733 610.332961 643.552848 624.430242 615.117741 621.022140 632.346335 660.073428 662.692001 664.693755 665.903009 668.434031 667.540594 641.936080 608.006907 591.219973 579.153130 560.799271 497.692764 435.683502 398.399794 367.869368 322.418682 257.805452 231.021340 161.427544 87.959997 3.901119 -29.392495 -68.047815 -99.480480 -134.249918 -135.842883 -134.370794 -154.973371 -185.948350 -217.933636 -232.740802 -251.186994 -261.124946 -231.093533 -213.219314 -182.035230 -9999.0 -9999.0 -9999.0 -9999.0
-9999.0 -9999.0 -601.297412 -551.564607 -496.119375 -487.930221 -486.043142 -481.477401 -454.912168 -404.187146 -324.449022 -269.860352 -222.311093 -188.465314 -122.198056 -26.936821 67.752672 134.897600 207.908573 277.021504 335.559453 376.162209 416.780116 459.764145 509.584725 562.759552 583.418318 609.002040 636.003834 670.599511 693.012793 709.045344 715.810829 713.264065 714.656612 714.046533 710.058345 704.025550 686.866638 684.457332 692.172042 695.495918 698.334627 686.487986 682.742761 695.114178 696.692686 696.016417 695.823135 703.105943 712.190438 680.243766 629.152812 613.328352 604.060490 565.515118 504.258444 444.168761 415.100499 371.478261 295.148833 243.157109 182.388356 114.346645 41.524433 -3.677459 -58.983575 -104.456309 -151.836112 -197.807526 -221.352662 -239.707230 -241.757400 -240.927147 -224.675192 -208.818115 -193.228688 -185.319467 -9999.0 -9999.0
-9999.0 -699.677159 -627.288785 -499.930771 -421.307422 -376.199530 -335.142148 -305.493339 -280.327689 -263.960083 -148.963436 -29.683887 78.847651 123.179732 190.897718 294.473346 403.970093 449.279732 482.235581 530.316809 579.982923 626.103115 656.217613 684.629451 712.243402 713.817696 712.262312 713.053485 705.869384 699.128717 689.541586 697.023493 694.654471 678.495235 664.850337 662.634956 656.148694 629.048100 601.196182 587.171225 590.351911 610.033228 598.075354 581.017612 578.044272 598.183950 614.933489 606.825761 593.369877 608.122225 645.099577 668.452465 683.859842 698.396289 718.172181 695.702202 663.614174 622.424538 602.561806 572.674374 502.782732 439.876013 384.913200 321.042189 255.630379 177.505155 95.663751 19.322105 -55.898333 -99.832963 -133.321077 -186.613287 -210.451476 -209.123464 -218.360595 -220.773762 -214.047198 -207.528917 -9999.0 -9999.0
-9999.0 -770.736932 -627.560518 -441.695115 -294.305724 -229.479668 -104.101420 -11.206374 24.542134 2.659992 141.100321 382.452795 465.938779 480.256169 544.533946 621.009613 659.587854 687.396599 704.720266 702.851392 700.684627 706.454685 704.063623 697.170421 683.403390 676.054636 674.880181 671.572418 651.616725 631.502246 613.160822 611.448743 593.823975 558.493588 528.624153 513.397726 494.488263 457.482503 416.919348 387.540482 373.058181 390.724436 381.288181 364.018310 360.666713 384.409316 418.398651 414.016868 420.782023 444.650498 488.338606 540.158623 564.286170 592.739969 627.818129 670.401135 688.839274 708.536570 713.798195 690.199690 645.751737 598.202468 564.786262 490.658088 416.786816 337.190131 276.342482 218.679702 140.725837 78.032803 15.351896 -52.251279 -115.892507 -146.662138 -187.012722 -208.301871 -9999.0 -9999.0 -9999.0 -9999.0
-9999.0 -835.614544 -644.322774 -377.840749 -115.876469 32.891330 247.263983 384.318215 471.467779 508.422757 552.696869 660.259002 682.507961 673.588758 657.640684 658.189189 671.301848 674.800646 670.875856 661.002134 649.638714 645.164744 643.643465 635.951413 623.543780 608.760720 595.675970 580.694217 528.792927 492.991187 461.409756 444.957529 407.898394 320.931552 282.098461 252.376014 193.742698 177.777346 160.289714 122.657598 97.553403 78.793307 99.710093 99.188753 99.927327 111.114556 138.193256 162.749375 211.688812 251.242174 293.684419 346.505630 382.025101 427.403768 477.826600 545.869998 577.197888 605.519296 650.912726 691.466188 713.577273 705.438185 675.567639 631.384273 565.216870 486.410994 435.323964 364.515692 301.769077 252.768656 210.982709 151.308481 63.403458 -51.356238 -97.766271 -9999.0 -9999.0 -9999.0 -9999.0 -9999.0
-9999.0 -988.475656 -721.130744 -423.519347 -84.115188 250.210318 364.777289 540.531973 615.942449 552.043217 518.464174 553.356271 590.404515 598.424097 578.492714 571.534162 563.835855 563.860593 576.090849 548.554251 506.604447 490.233133 488.452422 475.509409 451.504413 432.168012 417.247358 394.956300 342.833916 295.806709 224.688700 193.150864 105.274822 21.784504 -32.599078 -85.146411 -140.997149 -145.046604 -130.842895 -149.338815 -172.914300 -192.374940 -166.549417 -151.054577 -140.007273 -149.162582 -138.953571 -102.158426 -49.712847 -1.058176 59.576633 131.323767 189.904702 248.727738 283.134908 336.098295 383.793726 432.918732 507.855755 595.378962 631.434893 666.339342 701.883069 716.861795 670.892574 620.833942 567.654894 491.750706 400.765131 356.336390 334.637566 302.318152 250.459189 -9999.0 -9999.0 -9999.0 -9999.0 -9999.0 -9999.0 -9999.0
-9999.0 -1122.854893 -890.275817 -641.398177 -339.199699 -95.116220 107.545632 236.423231 334.295304 309.732512 313.410069 340.496309 370.183367 392.189552 370.026613 335.878654 311.541069 315.507534 315.115876 292.167512 263.336288 249.408561 247.771916 238.760300 208.043145 187.143515 171.667808 141.967093 93.093984 23.692812 -67.941060 -140.221053 -206.014094 -244.297514 -275.861684 -309.806486 -349.609963 -339.222858 -324.627367 -329.590850 -342.353810 -347.121390 -317.480829 -299.237728 -289.268532 -302.587996 -284.192108 -257.054061 -214.745359 -172.201420 -122.789125 -65.454140 -7.372428 30.140614 53.292294 94.972578 152.909177 223.206670 308.954950 406.693933 483.514100 543.829935 594.803605 625.479741 641.378284 660.497693 641.592945 560.141584 416.741473 400.934252 399.142649 -9999.0 -9999.0 -9999.0 -9999.0 -9999.0 -9999.0 -9999.0 -9999.0 -9999.0
-9999.0 -9999.0 -1127.245524 -935.980783 -774.736262 -589.918163 -439.995406 -330.727665 -255.338530 -166.394999 -76.332586 2.628851 49.406138 69.234896 47.272743 0.468598 -28.519832 -28.805079 -38.640763 -54.101783 -80.280792 -90.639355 -100.703621 -109.500514 -124.735601 -133.694343 -140.343428 -153.176685 -178.185684 -227.380056 -281.909831 -334.958196 -390.439357 -415.896260 -438.077997 -460.981116 -464.728789 -466.230734 -459.203445 -458.041980 -452.891861 -441.294175 -420.445438 -399.192320 -389.904544 -383.153813 -370.681040 -347.097402 -314.038323 -273.349899 -221.158604 -165.309110 -126.733910 -114.066500 -122.509162 -114.356341 -88.169282 -35.970404 68.798690 182.565321 281.109585 353.592946 426.902422 477.347080 497.397186 529.814201 551.417220 470.852364 247.528957 344.980142 -9999.0 -9999.0 -9999.0 -9999.0 -9999.0 -9999.0 -9999.0 -9999.0 -9999.0 -9999.0
-9999.0 -9999.0 -9999.0 -9999.0 -1078.950733 -922.079266 -829.419018 -748.128629 -629.986758 -523.412659 -432.328022 -356.593504 -304.820105 -281.647982 -293.746681 -300.520051 -309.205974 -312.707165 -321.245652 -327.243942 -333.437471 -341.501107 -352.794906 -360.628794 -361.712614 -358.475497 -360.587486 -373.767323 -389.653463 -417.450182 -441.906947 -477.264019 -514.376815 -543.385701 -556.227126 -563.127858 -562.696745 -567.944865 -558.254656 -552.005464 -537.191235 -521.753522 -497.750347 -469.591680 -457.247527 -443.224810 -433.635255 -412.879413 -383.065432 -330.585829 -268.918564 -213.658001 -180.620363 -177.953763 -205.219067 -221.906516 -225.402434 -196.598877 -146.047962 -68.696069 49.179202 146.933499 226.951392 276.575495 309.868791 359.008504 407.207510 424.970371 -9999.0 -9999.0 -9999.0 -9999.0 -9999.0 -9999.0 -9999.0 -9999.0 -9999.0 -9999.0 -9999.0 -9999.0
-9999.0 -9999.0 -9999.0 -9999.0 -9999.0 -9999.0 -1136.082123 -1042.197431 -954.835910 -836.501676 -727.065050 -637.427461 -564.600070 -540.688005 -524.273080 -502.432916 -507.321113 -524.142862 -540.442651 -524.085146 -514.897705 -519.605942 -546.723392 -548.184699 -544.728972 -535.162759 -536.106161 -541.961164 -566.480324 -558.507851 -559.957282 -582.714064 -608.493895 -622.695794 -634.002734 -623.852236 -622.833595 -635.099016 -632.406213 -606.456329 -586.859029 -573.405594 -550.862550 -517.836106 -486.038223 -472.024055 -471.286721 -465.267318 -423.793811 -353.732821 -284.205213 -231.749387 -201.977826 -195.701767 -225.546765 -267.944256 -290.856578 -285.455298 -251.780770 -198.010767 -118.437407 -63.633930 -25.427830 3.157983 40.166375 156.920753 -9999.0 -9999.0 -9999.0 -9999.0 -9999.0 -9999.0 -9999.0 -9999.0 -9999.0 -9999.0 -9999.0 -9999.0 -9999.0 -9999.0
-9999.0 -9999.0 -9999.0 -9999.0 -9999.0 -9999.0 -9999.0 -9999.0 -9999.0 -9999.0 -9999.0 -9999.0 -9999.0 -9999.0 -9999.0 -9999.0 -9999.0 -9999.0 -9999.0 -9999.0 -9999.0 -9999.0 -9999.0 -9999.0 -9999.0 -9999.0 -9999.0 -9999.0 -9999.0 -9999.0 -9999.0 -9999.0 -9999.0 -9999.0 -9999.0 -9999.0 -9999.0 -9999.0 -9999.0 -9999.0 -9999.0 -9999.0 -9999.0 -9999.0 -9999.0 -9999.0 -9999.0 -9999.0 -9999.0 -9999.0 -9999.0 -9999.0 -9999.0 -9999.0 -9999.0 -9999.0 -9999.0 -9999.0 -9999.0 -9999.0 -9999.0 -9999.0 -9999.0 -9999.0 -9999.0 -9999.0 -9999.0 -9999.0 -9999.0 -9999.0 -9999.0 -9999.0 -9999.0 -9999.0 -9999.0 -9999.0 -9999.0 -9999.0 -9999.0 -9999.0
-9999.0 -9999.0 -9999.0 -9999.0 -9999.0 -9999.0 -9999.0 -9999.0 -9999.0 -9999.0 -9999.0 -9999.0 -9999.0 -9999.0 -9999.0 -9999.0 -9999.0 -9999.0 -9999.0 -9999.0 -9999.0 -9999.0 -9999.0 -9999.0 -9999.0 -9999.0 -9999.0 -9999.0 -9999.0 -9999.0 -9999.0 -9999.0 -9999.0 -9999.0 -9999.0 -9999.0 -9999.0 -9999.0 -9999.0 -9999.0 -9999.0 -9999.0 -9999.0 -9999.0 -9999.0 -9999.0 -9999.0 -9999.0 -9999.0 -9999.0 -9999.0 -9999.0 -9999.0 -9999.0 -9999.0 -9999.0 -9999.0 -9999.0 -9999.0 -9999.0 -9999.0 -9999.0 -9999.0 -9999.0 -9999.0 -9999.0 -9999.0 -9999.0 -9999.0 -9999.0 -9999.0 -9999.0 -9999.0 -9999.0 -9999.0 -9999.0 -9999.0 -9999.0 -9999.0 -9999.0