Borden_/Borden1m_014/output_maps/psiliqL0016N0036.asc
ncols         80
nrows         18
xllcorner     620200.000000
yllcorner     5168000.000000
cellsize      1.000000
NODATA_value  -9999.0
-9999.0 -9999.0 -9999.0 -9999.0 -9999.0 -9999.0 -9999.0 -9999.0 -9999.0 -9999.0 -9999.0 -9999.0 -9999.0 -9999.0 -9999.0 -9999.0 -9999.0 -9999.0 -9999.0 -9999.0 -9999.0 -9999.0 -9999.0 -9999.0 -9999.0 -9999.0 -9999.0 -9999.0 -9999.0 -9999.0 -9999.0 -9999.0 -9999.0 -9999.0 -9999.0 -9999.0 -9999.0 -9999.0 -9999.0 -9999.0 -9999.0 -9999.0 -9999.0 -9999.0 -9999.0 -9999.0 -9999.0 -9999.0 -9999.0 -9999.0 -9999.0 -9999.0 -9999.0 -9999.0 -9999.0 -9999.0 -9999.0 -9999.0 -9999.0 -9999.0 -9999.0 -9999.0 -9999.0 -9999.0 -9999.0 -9999.0 -9999.0 -9999.0 -9999.0 -9999.0 -9999.0 -9999.0 -9999.0 -9999.0 -9999.0 -9999.0 -9999.0 -9999.0 -9999.0 -9999.0
-9999.0 -9999.0 -9999.0 -9999.0 -9999.0 -9999.0 -9999.0 -9999.0 -9999.0 -9999.0 -9999.0 -9999.0 -9999.0 -9999.0 -9999.0 -9999.0 -9999.0 -9999.0 -9999.0 -9999.0 -9999.0 -9999.0 -9999.0 -9999.0 -9999.0 -9999.0 -9999.0 -9999.0 -9999.0 -9999.0 -9999.0 -9999.0 -9999.0 -9999.0 -9999.0 -9999.0 -9999.0 -9999.0 -9999.0 -9999.0 -9999.0 -9999.0 -9999.0 -9999.0 -9999.0 -9999.0 -9999.0 -9999.0 -9999.0 -9999.0 -9999.0 -9999.0 -9999.0 -9999.0 -9999.0 -9999.0 -9999.0 -9999.0 -9999.0 -9999.0 -9999.0 -9999.0 -9999.0 -9999.0 -9999.0 -9999.0 -9999.0 -9999.0 -9999.0 -9999.0 -9999.0 -9999.0 -9999.0 -9999.0 -9999.0 -9999.0 -9999.0 -9999.0 -9999.0 -9999.0
-9999.0 -9999.0 -9999.0 -9999.0 -9999.0 -9999.0 -9999.0 -9999.0 -9999.0 -9999.0 -9999.0 -9999.0 -9999.0 -9999.0 -9999.0 -9999.0 -9999.0 -9999.0 -9999.0 -9999.0 1351.830533 1354.671843 1333.625563 1301.120846 1274.570632 1278.316928 1314.326215 1357.276807 1397.693100 1409.013368 1392.616793 1396.877216 1393.739791 1393.199810 1396.414777 1404.490234 1410.254954 1422.350931 1431.862325 1432.625289 1427.785973 1423.879532 1425.297640 1428.262806 1433.385781 1420.960557 1433.835047 1447.429640 1450.502891 1443.426221 1414.480305 1397.092377 1385.829222 1367.911287 1390.444624 1400.059785 1420.828052 1423.146488 1419.743282 1391.469114 1360.557312 -9999.0 -9999.0 -9999.0 -9999.0 -9999.0 -9999.0 -9999.0 -9999.0 -9999.0 -9999.0 -9999.0 -9999.0 -9999.0 -9999.0 -9999.0 -9999.0 -9999.0 -9999.0 -9999.0
-9999.0 -9999.0 -9999.0 -9999.0 -9999.0 -9999.0 -9999.0 -9999.0 -9999.0 -9999.0 -9999.0 -9999.0 -9999.0 -9999.0 1257.900575 1249.383480 1247.937704 1257.599612 1292.343164 1323.605308 1335.946375 1329.543045 1330.920811 1308.676438 1289.367960 1304.940352 1336.605680 1370.107291 1406.532542 1428.217231 1418.760416 1418.137626 1428.841143 1454.412027 1467.533750 1465.783987 1447.665070 1472.563998 1489.447541 1499.002842 1499.985798 1492.747084 1505.663148 1521.122769 1513.739652 1495.955327 1500.659606 1511.232904 1520.945220 1505.703932 1440.448494 1419.730048 1412.890779 1404.027499 1387.688480 1379.464718 1403.154383 1401.078150 1391.091437 1371.588667 1337.484268 1292.328306 1272.453899 1309.917834 1352.202189 1408.072882 -9999.0 -9999.0 -9999.0 -9999.0 -9999.0 -9999.0 -9999.0 -9999.0 -9999.0 -9999.0 -9999.0 -9999.0 -9999.0 -9999.0
-9999.0 -9999.0 -9999.0 -9999.0 -9999.0 -9999.0 -9999.0 -9999.0 -9999.0 1196.339724 1202.016470 1210.598345 1214.471112 1231.481551 1230.006809 1238.543389 1246.761663 1275.497176 1307.953999 1344.325534 1374.182976 1366.836745 1368.827133 1379.705555 1383.577306 1396.975799 1420.769965 1463.148835 1503.810902 1545.877524 1518.512732 1517.593756 1537.936148 1585.085532 1617.225010 1624.224830 1607.209045 1618.679278 1645.382325 1668.608388 1669.979552 1668.764407 1694.392660 1708.428253 1707.737556 1686.419357 1674.075909 1673.335829 1696.550904 1643.044207 1574.648200 1523.874419 1527.151914 1496.216497 1457.929212 1436.735474 1432.009563 1450.085291 1433.295617 1394.410981 1356.614201 1343.618050 1324.381169 1340.140681 1360.558142 1404.939876 1442.112311 1468.904482 1466.724206 1448.085403 -9999.0 -9999.0 -9999.0 -9999.0 -9999.0 -9999.0 -9999.0 -9999.0 -9999.0 -9999.0
-9999.0 -9999.0 -9999.0 -9999.0 -9999.0 -9999.0 1115.416902 1126.063927 1147.711390 1153.293409 1180.320496 1189.071249 1211.272700 1232.141966 1255.658415 1273.641060 1305.059954 1339.639534 1381.861377 1426.331336 1460.078336 1456.316115 1468.290459 1499.002602 1537.920054 1567.426485 1594.544972 1636.721191 1714.222966 1757.282368 1764.015952 1769.642903 1780.143348 1829.476823 1893.450085 1908.089735 1889.027933 1876.284420 1898.754042 1937.123794 1944.242887 1946.997626 1958.745410 1968.527234 1993.766587 1982.877888 1941.870018 1926.670586 1923.458672 1904.145505 1840.303941 1776.187064 1742.434398 1691.397481 1606.936134 1551.759569 1558.187397 1575.072626 1544.319760 1488.371863 1445.826155 1433.115360 1415.927649 1400.954396 1405.491708 1422.531987 1442.407374 1451.393778 1436.236368 1413.238120 1388.951681 1358.957594 1359.904625 1384.408907 -9999.0 -9999.0 -9999.0 -9999.0 -9999.0 -9999.0
-9999.0 -9999.0 -9999.0 -9999.0 1063.944937 1077.782322 1066.433502 1093.160119 1127.439253 1163.371499 1196.662927 1235.038036 1264.168937 1296.443223 1338.371937 1373.750541 1417.052207 1454.411897 1510.528125 1580.355846 1633.372848 1658.579980 1675.417765 1734.092848 1795.705279 1848.708066 1871.147808 1900.393783 1946.079265 2007.200747 2034.871690 2041.887890 2059.714072 2095.938387 2144.013103 2177.551847 2161.796408 2155.062198 2162.994045 2176.578067 2201.783384 2204.435905 2207.004466 2209.745037 2214.157260 2212.086163 2186.085506 2151.117172 2135.304202 2124.303001 2092.519564 2022.211966 1981.852047 1950.240590 1913.860720 1860.067647 1796.500700 1780.992575 1722.576451 1663.417880 1599.865556 1576.731481 1544.409804 1517.006321 1486.149675 1485.529556 1486.159677 1462.830373 1427.788998 1393.356435 1376.611533 1356.511623 1344.377506 1373.667066 1390.536439 1420.245131 -9999.0 -9999.0 -9999.0 -9999.0
-9999.0 -9999.0 1002.949568 1051.895475 1110.026194 1119.949308 1121.270475 1128.873999 1159.430643 1213.704905 1290.016844 1341.285770 1384.753475 1421.173673 1482.767830 1562.626709 1636.059288 1686.311229 1747.771349 1819.219880 1882.835096 1917.668010 1936.118085 1976.152176 2030.702626 2093.708515 2121.410881 2148.768408 2181.266785 2216.249093 2226.066831 2240.034263 2248.931607 2252.826054 2259.293145 2261.358369 2256.700392 2251.509267 2233.651861 2230.535884 2238.495193 2245.037235 2246.734419 2233.425231 2229.351149 2242.549621 2245.882604 2243.847709 2242.136759 2248.375155 2250.353179 2209.732517 2173.774866 2157.163843 2145.331833 2099.602463 2033.702493 1991.675228 1967.517949 1923.152744 1844.265402 1792.239792 1740.882799 1691.569593 1637.895843 1605.337448 1556.278895 1510.893395 1461.577766 1413.151647 1387.983490 1368.890036 1365.502744 1364.452874 1379.891752 1394.490355 1409.263362 1416.738960 -9999.0 -9999.0
-9999.0 898.501363 971.168498 1097.676574 1178.819133 1224.257143 1255.397408 1278.685693 1309.858425 1339.624039 1444.727584 1531.545783 1624.041675 1663.969259 1715.783765 1814.105214 1910.034636 1957.346367 1996.756630 2054.540843 2116.083980 2164.871094 2194.554534 2203.132581 2238.263423 2253.774882 2257.753789 2261.866674 2258.951898 2251.404330 2243.045997 2249.181289 2245.144031 2225.529828 2208.584778 2204.497179 2198.069608 2173.300138 2144.647368 2129.846386 2132.554190 2156.190504 2144.270603 2123.698139 2119.932147 2141.142490 2160.797177 2151.960896 2140.221170 2158.670032 2193.858697 2216.712620 2226.217791 2243.032095 2263.612415 2237.380681 2209.088492 2166.231582 2145.508784 2115.356189 2055.593123 1993.205612 1937.204432 1875.431410 1807.716269 1738.918984 1673.886159 1609.950462 1541.600779 1498.776485 1466.646674 1416.292801 1395.367219 1396.663074 1387.236245 1383.511585 1388.717181 1394.635752 -9999.0 -9999.0
-9999.0 816.110302 958.483490 1142.967863 1292.109513 1350.617972 1449.628988 1528.476934 1558.009111 1529.807930 1638.831187 1858.491201 1964.672659 1984.512412 2058.017567 2147.895649 2164.527396 2197.768634 2220.796899 2233.261518 2243.579268 2254.884805 2254.279082 2249.594209 2235.465285 2227.794153 2226.189035 2222.639893 2203.981335 2183.493898 2164.813133 2159.532373 2139.675250 2093.695125 2059.037016 2040.032471 2022.124450 2002.409347 1970.236630 1943.629753 1928.719225 1944.002265 1937.992191 1921.678568 1917.956173 1939.790511 1971.945200 1968.616537 1977.811318 2000.325308 2040.631605 2081.157194 2104.636673 2135.796105 2173.731766 2219.240432 2234.500254 2256.201831 2260.030279 2241.389351 2195.752521 2141.440044 2104.848359 2039.788316 1964.779983 1883.942229 1816.343947 1751.314629 1680.295263 1633.495891 1586.966408 1530.407042 1477.789656 1456.229887 1416.643102 1396.768281 -9999.0 -9999.0 -9999.0 -9999.0
-9999.0 734.308832 921.581211 1178.107322 1457.214648 1564.871678 1769.106153 1897.102234 1954.511188 2024.284060 1993.312810 2148.726793 2191.487733 2189.370091 2191.665570 2197.086068 2213.680908 2217.674436 2214.648562 2205.040527 2196.380452 2192.748127 2191.551460 2184.097557 2171.674257 2156.177118 2141.772621 2127.443646 2088.013788 2053.190549 2015.463368 1999.541923 1958.873490 1866.236142 1822.284403 1784.642933 1726.763535 1721.000799 1716.241815 1688.455436 1669.097857 1647.915441 1670.613829 1675.867688 1678.640090 1681.370794 1697.745011 1722.510078 1767.935690 1805.161963 1850.206247 1903.361749 1939.030310 1983.302711 2030.184751 2087.051664 2121.055211 2152.999217 2201.441810 2240.653683 2263.437620 2250.582403 2221.685739 2171.859857 2096.919218 2026.163447 1971.818829 1894.312769 1827.484518 1774.288780 1729.666751 1681.283334 1619.034922 1543.756546 1502.648551 -9999.0 -9999.0 -9999.0 -9999.0 -9999.0
-9999.0 549.475829 816.759708 1102.369957 1412.233682 1741.764406 1879.624897 2004.843241 2077.218082 2047.285190 2057.440181 2078.807921 2122.503062 2133.003128 2114.928260 2106.772269 2095.536116 2095.853344 2108.772953 2082.254657 2052.515502 2038.963973 2038.332366 2026.442582 2002.904702 1985.637890 1972.839609 1951.316357 1902.349106 1849.997633 1767.162314 1735.642368 1659.029687 1603.859779 1559.167972 1508.906682 1458.123428 1456.985889 1474.533070 1460.178771 1438.060869 1419.827119 1446.768322 1465.055716 1477.635774 1466.164354 1475.482950 1511.824453 1561.871017 1606.800280 1657.583242 1712.950955 1760.009030 1808.164106 1840.852947 1891.845569 1940.554681 1988.040298 2062.371023 2141.798134 2179.324765 2213.554837 2243.970089 2256.167055 2199.611189 2144.397746 2085.400849 2017.038315 1932.253625 1884.674521 1861.160040 1823.890935 1771.137298 -9999.0 -9999.0 -9999.0 -9999.0 -9999.0 -9999.0 -9999.0
-9999.0 424.756218 640.711799 866.160271 1147.141720 1384.457999 1582.415566 1689.692324 1769.011391 1809.173209 1847.360624 1883.987048 1916.484877 1940.931641 1920.790625 1881.680737 1853.170946 1857.360008 1852.425815 1828.361530 1798.495635 1783.304724 1780.433043 1773.358457 1749.034630 1734.487774 1723.316294 1700.067407 1666.166685 1609.748467 1530.095620 1456.939585 1396.050511 1364.541872 1334.695190 1301.852463 1266.498520 1276.446868 1288.745033 1285.368808 1275.111039 1272.430084 1301.617354 1320.823425 1331.107345 1319.879031 1339.387356 1366.353570 1408.376739 1452.222127 1502.252002 1558.358967 1613.081545 1643.254565 1658.007735 1684.256988 1724.322860 1778.729996 1865.097296 1959.568109 2037.274002 2085.542428 2135.040454 2166.251150 2175.541601 2179.854940 2147.308754 2059.807008 1946.910556 1935.028210 1934.537702 -9999.0 -9999.0 -9999.0 -9999.0 -9999.0 -9999.0 -9999.0 -9999.0 -9999.0
-9999.0 -9999.0 408.218375 583.470948 718.180456 896.859935 1046.992055 1157.460828 1247.765661 1363.449740 1470.246734 1555.709245 1601.306937 1619.707054 1606.054616 1573.208845 1551.959167 1551.656498 1541.036356 1529.940697 1509.606370 1501.288327 1489.813571 1481.312651 1471.233484 1465.493463 1459.688271 1447.718338 1425.135818 1377.881278 1329.191544 1277.710619 1224.360025 1198.522507 1176.284003 1154.526962 1153.026630 1148.876515 1154.363509 1155.843215 1162.760585 1175.400204 1195.526948 1217.622497 1227.519356 1236.557745 1249.283712 1273.318211 1306.825592 1349.683282 1404.338243 1462.865016 1503.614991 1517.378091 1508.812605 1514.913103 1536.263162 1579.777459 1661.245281 1745.269907 1840.102939 1910.419191 1979.932498 2029.247838 2041.400891 2050.697948 2057.413293 1993.714699 1799.275531 1875.036730 -9999.0 -9999.0 -9999.0 -9999.0 -9999.0 -9999.0 -9999.0 -9999.0 -9999.0 -9999.0
-9999.0 -9999.0 -9999.0 -9999.0 442.674140 597.310779 694.643647 778.268273 907.359428 1027.699276 1127.955397 1211.270422 1273.311474 1299.933793 1295.642270 1300.648928 1295.837512 1289.574481 1279.636854 1278.154508 1276.533965 1268.773321 1254.405392 1246.782097 1247.336306 1251.831960 1248.850056 1234.701885 1216.459523 1193.366058 1172.520258 1137.794143 1101.529439 1072.018220 1058.536297 1052.541827 1052.115484 1045.120262 1053.772301 1061.023305 1076.202483 1091.439631 1115.230595 1144.242025 1158.035484 1172.898701 1182.814431 1203.581519 1234.299451 1288.081395 1351.984087 1410.373657 1446.889464 1452.060420 1428.184588 1413.565481 1410.881198 1439.866181 1485.983134 1554.200714 1656.221037 1728.930059 1785.212135 1827.921333 1856.756527 1896.708810 1937.578259 1962.510908 -9999.0 -9999.0 -9999.0 -9999.0 -9999.0 -9999.0 -9999.0 -9999.0 -9999.0 -9999.0 -9999.0 -9999.0
-9999.0 -9999.0 -9999.0 -9999.0 -9999.0 -9999.0 401.887289 503.272899 584.061765 721.665844 851.047789 951.762663 1031.720342 1063.146863 1088.963443 1115.332228 1113.248471 1094.882439 1075.847515 1094.156418 1107.405626 1101.360749 1071.383075 1070.717273 1075.216296 1083.250926 1080.801575 1074.050124 1048.606539 1059.444567 1059.568450 1035.939632 1009.567161 995.373495 983.293235 992.719569 992.833015 979.206751 979.847418 1006.542532 1026.742006 1039.906266 1061.777892 1095.013050 1127.395516 1142.643206 1144.136546 1150.461491 1190.826266 1261.377106 1333.356774 1389.162447 1422.122998 1430.799347 1404.191279 1364.798565 1345.119755 1353.111486 1388.880577 1442.538499 1519.114833 1568.517177 1594.294047 1607.164929 1624.090522 1711.870290 -9999.0 -9999.0 -9999.0 -9999.0 -9999.0 -9999.0 -9999.0 -9999.0 -9999.0 -9999.0 -9999.0 -9999.0 -9999.0 -9999.0
-9999.0 -9999.0 -9999.0 -9999.0 -9999.0 -9999.0 -9999.0 -9999.0 -9999.0 -9999.0 -9999.0 -9999.0 -9999.0 -9999.0 -9999.0 -9999.0 -9999.0 -9999.0 -9999.0 -9999.0 -9999.0 -9999.0 -9999.0 -9999.0 -9999.0 -9999.0 -9999.0 -9999.0 -9999.0 -9999.0 -9999.0 -9999.0 -9999.0 -9999.0 -9999.0 -9999.0 -9999.0 -9999.0 -9999.0 -9999.0 -9999.0 -9999.0 -9999.0 -9999.0 -9999.0 -9999.0 -9999.0 -9999.0 -9999.0 -9999.0 -9999.0 -9999.0 -9999.0 -9999.0 -9999.0 -9999.0 -9999.0 -9999.0 -9999.0 -9999.0 -9999.0 -9999.0 -9999.0 -9999.0 -9999.0 -9999.0 -9999.0 -9999.0 -9999.0 -9999.0 -9999.0 -9999.0 -9999.0 -9999.0 -9999.0 -9999.0 -9999.0 -9999.0 -9999.0 -9999.0
-9999.0 -9999.0 -9999.0 -9999.0 -9999.0 -9999.0 -9999.0 -9999.0 -9999.0 -9999.0 -9999.0 -9999.0 -9999.0 -9999.0 -9999.0 -9999.0 -9999.0 -9999.0 -9999.0 -9999.0 -9999.0 -9999.0 -9999.0 -9999.0 -9999.0 -9999.0 -9999.0 -9999.0 -9999.0 -9999.0 -9999.0 -9999.0 -9999.0 -9999.0 -9999.0 -9999.0 -9999.0 -9999.0 -9999.0 -9999.0 -9999.0 -9999.0 -9999.0 -9999.0 -9999.0 -9999.0 -9999.0 -9999.0 -9999.0 -9999.0 -9999.0 -9999.0 -9999.0 -9999.0 -9999.0 -9999.0 -9999.0 -9999.0 -9999.0 -9999.0 -9999.0 -9999.0 -9999.0 -9999.0 -9999.0 -9999.0 -9999.0 -9999.0 -9999.0 -9999.0 -9999.0 -9999.0 -9999.0 -9999.0 -9999.0 -9999.0 -9999.0 -9999.0 -9999.0 -9999.0