Borden_/Borden1m_014/output_maps/psiliqL0013N0029.asc
ncols         80
nrows         18
xllcorner     620200.000000
yllcorner     5168000.000000
cellsize      1.000000
NODATA_value  -9999.0
-9999.0 -9999.0 -9999.0 -9999.0 -9999.0 -9999.0 -9999.0 -9999.0 -9999.0 -9999.0 -9999.0 -9999.0 -9999.0 -9999.0 -9999.0 -9999.0 -9999.0 -9999.0 -9999.0 -9999.0 -9999.0 -9999.0 -9999.0 -9999.0 -9999.0 -9999.0 -9999.0 -9999.0 -9999.0 -9999.0 -9999.0 -9999.0 -9999.0 -9999.0 -9999.0 -9999.0 -9999.0 -9999.0 -9999.0 -9999.0 -9999.0 -9999.0 -9999.0 -9999.0 -9999.0 -9999.0 -9999.0 -9999.0 -9999.0 -9999.0 -9999.0 -9999.0 -9999.0 -9999.0 -9999.0 -9999.0 -9999.0 -9999.0 -9999.0 -9999.0 -9999.0 -9999.0 -9999.0 -9999.0 -9999.0 -9999.0 -9999.0 -9999.0 -9999.0 -9999.0 -9999.0 -9999.0 -9999.0 -9999.0 -9999.0 -9999.0 -9999.0 -9999.0 -9999.0 -9999.0
-9999.0 -9999.0 -9999.0 -9999.0 -9999.0 -9999.0 -9999.0 -9999.0 -9999.0 -9999.0 -9999.0 -9999.0 -9999.0 -9999.0 -9999.0 -9999.0 -9999.0 -9999.0 -9999.0 -9999.0 -9999.0 -9999.0 -9999.0 -9999.0 -9999.0 -9999.0 -9999.0 -9999.0 -9999.0 -9999.0 -9999.0 -9999.0 -9999.0 -9999.0 -9999.0 -9999.0 -9999.0 -9999.0 -9999.0 -9999.0 -9999.0 -9999.0 -9999.0 -9999.0 -9999.0 -9999.0 -9999.0 -9999.0 -9999.0 -9999.0 -9999.0 -9999.0 -9999.0 -9999.0 -9999.0 -9999.0 -9999.0 -9999.0 -9999.0 -9999.0 -9999.0 -9999.0 -9999.0 -9999.0 -9999.0 -9999.0 -9999.0 -9999.0 -9999.0 -9999.0 -9999.0 -9999.0 -9999.0 -9999.0 -9999.0 -9999.0 -9999.0 -9999.0 -9999.0 -9999.0
-9999.0 -9999.0 -9999.0 -9999.0 -9999.0 -9999.0 -9999.0 -9999.0 -9999.0 -9999.0 -9999.0 -9999.0 -9999.0 -9999.0 -9999.0 -9999.0 -9999.0 -9999.0 -9999.0 -9999.0 744.411253 747.378066 725.809194 692.883797 665.789353 668.986939 704.770353 747.256830 787.017581 798.396774 781.722342 785.161643 781.551681 781.429795 784.785335 792.147063 796.679338 808.525154 817.745389 818.336773 813.234366 808.893361 809.605459 812.975979 818.021294 806.703421 819.469379 833.497982 837.615370 830.868966 802.090231 784.848434 774.363023 757.395900 780.296370 790.786142 812.266334 815.246031 812.539561 784.615485 753.952885 -9999.0 -9999.0 -9999.0 -9999.0 -9999.0 -9999.0 -9999.0 -9999.0 -9999.0 -9999.0 -9999.0 -9999.0 -9999.0 -9999.0 -9999.0 -9999.0 -9999.0 -9999.0 -9999.0
-9999.0 -9999.0 -9999.0 -9999.0 -9999.0 -9999.0 -9999.0 -9999.0 -9999.0 -9999.0 -9999.0 -9999.0 -9999.0 -9999.0 651.616773 642.521708 640.558308 649.915478 684.420364 715.304776 727.813222 721.109668 722.146453 699.699077 680.362007 695.640288 726.756860 760.020679 796.385052 818.400885 808.354492 807.408264 818.498761 845.267225 859.436455 857.618687 838.240811 862.164427 879.109295 889.267594 890.207372 883.070575 897.275303 913.476161 906.322143 888.017307 891.316996 901.727083 912.777941 896.703249 830.735866 809.038945 802.752493 793.921398 778.009058 769.920479 793.686394 792.554437 782.988067 763.833712 730.277398 685.547155 666.364251 704.064898 747.073449 803.720542 -9999.0 -9999.0 -9999.0 -9999.0 -9999.0 -9999.0 -9999.0 -9999.0 -9999.0 -9999.0 -9999.0 -9999.0 -9999.0 -9999.0
-9999.0 -9999.0 -9999.0 -9999.0 -9999.0 -9999.0 -9999.0 -9999.0 -9999.0 591.756152 596.657120 604.694155 607.816118 624.356373 622.864755 630.922005 639.241182 667.235585 699.483547 735.705654 765.566499 757.734537 759.763628 771.909481 777.657038 791.545295 815.089360 858.166693 901.559028 945.418519 919.138771 918.736539 939.556089 988.481864 1023.805469 1032.481252 1014.291146 1022.644881 1049.576620 1074.912480 1077.528339 1077.504052 1103.859070 1118.341715 1119.812968 1098.195639 1081.651174 1079.093028 1102.157105 1047.944456 979.232479 925.735061 926.183776 892.931264 851.501691 828.576081 823.742868 842.585429 825.593070 786.475369 748.515107 736.401712 717.857110 733.508731 754.538764 799.783127 837.439058 864.867592 863.581894 845.442810 -9999.0 -9999.0 -9999.0 -9999.0 -9999.0 -9999.0 -9999.0 -9999.0 -9999.0 -9999.0
-9999.0 -9999.0 -9999.0 -9999.0 -9999.0 -9999.0 511.871145 521.766434 542.625089 548.196697 574.224765 582.645737 604.363018 624.893550 647.609054 665.707816 697.596734 732.223389 775.141780 820.501673 854.889104 852.478296 865.638852 899.721015 942.017980 973.873161 1001.421732 1045.006095 1125.999251 1172.451455 1183.668425 1190.516104 1201.453308 1249.918857 1314.118872 1330.974369 1310.107700 1295.322912 1315.970352 1354.262251 1365.262417 1369.011610 1379.752171 1389.250900 1414.267618 1403.290898 1359.681415 1341.725523 1336.601723 1319.680134 1259.206692 1194.829388 1156.338298 1103.269052 1016.824284 958.202645 960.801181 975.685843 942.891054 885.623598 841.213062 827.968910 810.718589 795.118685 799.151664 816.493608 837.290838 846.927042 832.666830 810.537839 786.715042 757.152474 758.319355 783.130782 -9999.0 -9999.0 -9999.0 -9999.0 -9999.0 -9999.0
-9999.0 -9999.0 -9999.0 -9999.0 461.245202 474.513863 463.077826 488.587508 521.998746 556.999271 590.279255 628.745101 657.728837 689.813297 732.717140 770.581605 816.044339 854.854951 912.910513 984.641587 1039.806190 1068.636781 1088.727556 1150.822980 1213.864855 1267.117510 1289.122673 1318.285111 1364.066090 1427.974391 1457.075502 1464.846143 1482.916232 1516.991018 1562.968216 1596.057455 1579.585010 1572.074917 1577.887110 1590.219891 1615.947569 1618.766574 1621.281081 1623.479558 1627.089263 1625.266257 1599.754666 1565.336545 1550.459712 1540.733553 1511.950757 1443.295107 1398.978694 1366.460782 1332.612260 1280.783880 1214.546724 1194.825126 1134.845172 1073.842179 1005.953396 979.571949 945.167335 915.901831 882.888695 880.957935 881.088192 858.196188 824.275727 790.470306 774.193422 754.490691 742.978803 772.364452 789.487572 819.654966 -9999.0 -9999.0 -9999.0 -9999.0
-9999.0 -9999.0 401.414311 450.778170 508.059664 517.644259 519.589049 526.505923 556.012279 609.437478 687.715105 741.231704 787.264604 823.698566 887.158884 971.813284 1050.059159 1103.491875 1165.921861 1236.801436 1300.175146 1337.007750 1359.392964 1399.895105 1452.911174 1512.640894 1539.208028 1565.381341 1596.601453 1630.866276 1645.970974 1660.772079 1668.905018 1670.703656 1675.399308 1676.604306 1671.985057 1665.956494 1647.542974 1644.244881 1651.997840 1657.408259 1659.668172 1646.704394 1642.681454 1655.515086 1658.242842 1656.924240 1656.467630 1663.690308 1667.895141 1630.081541 1588.534926 1572.216176 1561.761290 1517.809342 1453.543106 1408.319156 1383.408695 1339.543647 1260.689676 1206.695486 1153.177235 1100.111064 1042.789038 1006.501403 955.231461 909.149289 859.810719 811.666717 786.551124 767.248015 763.909896 763.182685 778.654163 793.556718 808.525471 816.112062 -9999.0 -9999.0
-9999.0 299.137408 371.847087 498.916230 579.548244 625.581920 661.249968 687.854122 717.738147 743.625444 852.873462 950.276981 1045.421029 1085.282807 1140.062400 1239.853911 1336.453161 1383.335344 1421.302717 1475.972859 1534.571542 1581.565273 1611.321600 1627.863939 1660.481442 1670.847689 1673.179514 1675.845033 1671.563696 1664.363680 1655.787273 1662.240796 1658.882930 1640.486321 1624.867365 1621.542320 1614.912929 1589.082019 1559.886097 1544.732380 1547.367896 1569.634602 1558.340715 1538.125976 1534.513926 1555.370401 1574.056567 1566.024940 1555.162798 1573.845115 1608.565637 1630.502469 1642.224144 1658.380955 1678.743463 1653.749960 1623.886086 1581.888070 1561.435128 1531.347042 1471.456734 1408.718087 1352.917264 1290.437160 1221.863388 1150.440197 1083.023136 1017.340228 947.287394 903.584239 870.293112 818.210622 795.360055 795.781298 785.877830 782.323535 787.910152 793.985468 -9999.0 -9999.0
-9999.0 220.973869 363.919460 549.390083 698.717333 760.867922 869.575657 953.059010 984.638047 961.177006 1073.549327 1294.634091 1393.382958 1411.055240 1481.654027 1566.923872 1592.203626 1624.264769 1645.946081 1653.451662 1659.628175 1668.805398 1667.831580 1662.557921 1648.561031 1640.835775 1639.340113 1635.610991 1616.727417 1596.475427 1578.354023 1573.370516 1554.943947 1512.164543 1479.376781 1461.909856 1444.837257 1421.308591 1385.887391 1358.066971 1343.305548 1359.520939 1351.868819 1334.994210 1331.434509 1354.088001 1387.135226 1383.579736 1391.831936 1415.073557 1456.148886 1497.355352 1521.129787 1551.898023 1589.030064 1633.091283 1649.847282 1671.094720 1675.412196 1654.899011 1610.639372 1558.252687 1522.275366 1457.253188 1382.530804 1302.156213 1235.550964 1171.174768 1099.476772 1049.855018 1000.101126 940.793373 883.765227 857.324414 816.434680 795.481831 -9999.0 -9999.0 -9999.0 -9999.0
-9999.0 145.411222 334.666548 595.619145 868.958527 988.134922 1192.920513 1323.373163 1384.972358 1449.731704 1443.487611 1580.272491 1616.349742 1611.957513 1607.954453 1612.151570 1628.059895 1632.446307 1629.513617 1620.087393 1611.114800 1607.221658 1605.994651 1598.465260 1585.829455 1570.282407 1556.266753 1541.616265 1501.161128 1466.438725 1430.729372 1414.578057 1375.579278 1284.517829 1241.290491 1205.944953 1149.390992 1140.331768 1130.812818 1100.692466 1080.120443 1060.602026 1081.293772 1084.445217 1086.668108 1092.189511 1111.430851 1135.240138 1180.168151 1217.764755 1263.267672 1316.880897 1352.579411 1397.324605 1445.421600 1503.320899 1536.926916 1568.510327 1615.636140 1655.077963 1677.885886 1666.770410 1637.313359 1590.190515 1517.685978 1447.245622 1394.351842 1318.677007 1252.063211 1198.896781 1153.943351 1102.759492 1035.455728 948.143165 904.086264 -9999.0 -9999.0 -9999.0 -9999.0 -9999.0
-9999.0 -27.720745 240.277222 531.249144 851.608715 1178.245490 1305.908343 1441.468636 1514.301193 1474.354606 1474.600310 1497.804321 1539.898042 1548.555406 1530.171952 1523.009713 1513.318990 1513.911461 1526.963721 1500.843176 1470.314613 1456.439068 1455.505111 1443.236052 1419.529719 1401.413738 1387.557733 1365.674071 1315.864909 1264.259112 1183.672457 1153.485353 1076.561020 1015.001915 968.208118 917.952795 865.953517 863.092962 878.452013 862.107220 839.091618 820.258023 846.431355 863.553676 875.656225 865.497937 875.541365 912.293326 963.008281 1008.641567 1061.208587 1119.046448 1167.907571 1218.339051 1252.957046 1305.889692 1354.729351 1402.875094 1477.592342 1557.087404 1593.990557 1628.531500 1661.178904 1674.631056 1621.116286 1567.107639 1510.417192 1441.938753 1354.093948 1308.947551 1286.762692 1250.174686 1195.968436 -9999.0 -9999.0 -9999.0 -9999.0 -9999.0 -9999.0 -9999.0
-9999.0 -156.384199 66.334223 301.661420 591.745207 831.317185 1023.697136 1136.465803 1217.064484 1240.929565 1268.847646 1301.964927 1333.758512 1357.014947 1336.056022 1298.829183 1271.625987 1275.926920 1272.846623 1248.764707 1218.859349 1203.620793 1201.137320 1193.381453 1167.608943 1151.366091 1138.802552 1114.012928 1076.687656 1018.490439 936.558400 864.114989 801.284641 766.552564 735.509989 701.907908 664.647636 674.246520 686.921805 682.535376 671.043423 667.418442 696.659685 715.534891 725.806849 714.058182 733.449927 760.865256 803.377372 847.119036 897.364824 954.214521 1009.870134 1042.043763 1059.417952 1089.678732 1133.486880 1191.087171 1279.115038 1374.921868 1452.197306 1502.166356 1552.433792 1584.598487 1595.338942 1605.223712 1573.953513 1482.020423 1350.366726 1354.173034 1358.616062 -9999.0 -9999.0 -9999.0 -9999.0 -9999.0 -9999.0 -9999.0 -9999.0 -9999.0
-9999.0 -9999.0 -168.564380 13.395191 159.038027 342.105143 494.223165 604.886256 689.993110 794.824132 894.216402 975.408697 1019.767089 1037.852752 1022.467991 986.568608 963.519057 963.450404 953.583848 941.498623 919.711183 910.951193 900.132315 891.506134 879.544879 872.350129 865.770523 852.944375 828.886409 780.421776 729.057773 676.448250 621.886645 595.688167 573.138106 550.736289 548.150374 544.778656 550.640128 551.815947 557.920119 570.073184 590.416016 612.177811 621.895246 630.176269 642.940110 666.972464 700.544288 742.927557 797.037813 854.921077 895.260886 909.141625 901.384530 909.084474 933.021386 979.829562 1066.820203 1156.249988 1252.435305 1324.441679 1395.764623 1446.567706 1461.308128 1475.126818 1482.158776 1399.073261 1024.515805 1273.347603 -9999.0 -9999.0 -9999.0 -9999.0 -9999.0 -9999.0 -9999.0 -9999.0 -9999.0 -9999.0
-9999.0 -9999.0 -9999.0 -9999.0 -129.137794 27.424062 123.839264 207.874330 334.107089 449.734225 546.549073 626.992774 685.457716 710.961613 703.847222 704.413647 698.203624 693.065225 683.782338 680.719157 677.456104 669.589439 656.318978 648.467376 648.151995 651.835279 648.815505 634.639009 616.827078 591.579704 569.019530 533.750477 496.873536 467.308224 453.878667 447.410461 447.188250 440.761085 449.717669 456.528967 471.513914 486.795862 510.658915 539.362012 552.651818 567.247038 577.122561 597.979422 628.456901 681.842474 745.085537 802.504433 837.915823 842.470713 817.847476 803.130706 801.027729 830.970988 879.777296 951.900178 1057.680780 1135.129248 1197.189472 1243.802789 1275.624562 1318.783920 1361.363872 1382.086421 -9999.0 -9999.0 -9999.0 -9999.0 -9999.0 -9999.0 -9999.0 -9999.0 -9999.0 -9999.0 -9999.0 -9999.0
-9999.0 -9999.0 -9999.0 -9999.0 -9999.0 -9999.0 -176.979559 -77.742294 6.446484 137.930798 260.857797 357.925478 435.541922 464.388805 486.753031 511.382357 508.339302 490.704040 472.833809 490.380361 502.059430 496.449519 467.479121 466.328816 470.235751 478.615275 476.501039 469.818546 444.475136 453.937521 453.219870 429.705000 403.353565 388.996521 377.100731 386.721656 387.120056 373.960479 375.339301 401.732869 421.699416 434.979905 457.119556 490.290114 522.463281 537.281388 538.557612 544.865153 585.724112 656.090921 727.218334 781.887112 813.767174 821.699159 794.152411 754.081855 733.764966 741.582792 777.697281 832.799600 911.674541 964.220449 995.178346 1013.961487 1037.377059 1129.415686 -9999.0 -9999.0 -9999.0 -9999.0 -9999.0 -9999.0 -9999.0 -9999.0 -9999.0 -9999.0 -9999.0 -9999.0 -9999.0 -9999.0
-9999.0 -9999.0 -9999.0 -9999.0 -9999.0 -9999.0 -9999.0 -9999.0 -9999.0 -9999.0 -9999.0 -9999.0 -9999.0 -9999.0 -9999.0 -9999.0 -9999.0 -9999.0 -9999.0 -9999.0 -9999.0 -9999.0 -9999.0 -9999.0 -9999.0 -9999.0 -9999.0 -9999.0 -9999.0 -9999.0 -9999.0 -9999.0 -9999.0 -9999.0 -9999.0 -9999.0 -9999.0 -9999.0 -9999.0 -9999.0 -9999.0 -9999.0 -9999.0 -9999.0 -9999.0 -9999.0 -9999.0 -9999.0 -9999.0 -9999.0 -9999.0 -9999.0 -9999.0 -9999.0 -9999.0 -9999.0 -9999.0 -9999.0 -9999.0 -9999.0 -9999.0 -9999.0 -9999.0 -9999.0 -9999.0 -9999.0 -9999.0 -9999.0 -9999.0 -9999.0 -9999.0 -9999.0 -9999.0 -9999.0 -9999.0 -9999.0 -9999.0 -9999.0 -9999.0 -9999.0
-9999.0 -9999.0 -9999.0 -9999.0 -9999.0 -9999.0 -9999.0 -9999.0 -9999.0 -9999.0 -9999.0 -9999.0 -9999.0 -9999.0 -9999.0 -9999.0 -9999.0 -9999.0 -9999.0 -9999.0 -9999.0 -9999.0 -9999.0 -9999.0 -9999.0 -9999.0 -9999.0 -9999.0 -9999.0 -9999.0 -9999.0 -9999.0 -9999.0 -9999.0 -9999.0 -9999.0 -9999.0 -9999.0 -9999.0 -9999.0 -9999.0 -9999.0 -9999.0 -9999.0 -9999.0 -9999.0 -9999.0 -9999.0 -9999.0 -9999.0 -9999.0 -9999.0 -9999.0 -9999.0 -9999.0 -9999.0 -9999.0 -9999.0 -9999.0 -9999.0 -9999.0 -9999.0 -9999.0 -9999.0 -9999.0 -9999.0 -9999.0 -9999.0 -9999.0 -9999.0 -9999.0 -9999.0 -9999.0 -9999.0 -9999.0 -9999.0 -9999.0 -9999.0 -9999.0 -9999.0