Borden_/Borden1m_014/output_maps/psiliqL0003N0029.asc
ncols         80
nrows         18
xllcorner     620200.000000
yllcorner     5168000.000000
cellsize      1.000000
NODATA_value  -9999.0
-9999.0 -9999.0 -9999.0 -9999.0 -9999.0 -9999.0 -9999.0 -9999.0 -9999.0 -9999.0 -9999.0 -9999.0 -9999.0 -9999.0 -9999.0 -9999.0 -9999.0 -9999.0 -9999.0 -9999.0 -9999.0 -9999.0 -9999.0 -9999.0 -9999.0 -9999.0 -9999.0 -9999.0 -9999.0 -9999.0 -9999.0 -9999.0 -9999.0 -9999.0 -9999.0 -9999.0 -9999.0 -9999.0 -9999.0 -9999.0 -9999.0 -9999.0 -9999.0 -9999.0 -9999.0 -9999.0 -9999.0 -9999.0 -9999.0 -9999.0 -9999.0 -9999.0 -9999.0 -9999.0 -9999.0 -9999.0 -9999.0 -9999.0 -9999.0 -9999.0 -9999.0 -9999.0 -9999.0 -9999.0 -9999.0 -9999.0 -9999.0 -9999.0 -9999.0 -9999.0 -9999.0 -9999.0 -9999.0 -9999.0 -9999.0 -9999.0 -9999.0 -9999.0 -9999.0 -9999.0
-9999.0 -9999.0 -9999.0 -9999.0 -9999.0 -9999.0 -9999.0 -9999.0 -9999.0 -9999.0 -9999.0 -9999.0 -9999.0 -9999.0 -9999.0 -9999.0 -9999.0 -9999.0 -9999.0 -9999.0 -9999.0 -9999.0 -9999.0 -9999.0 -9999.0 -9999.0 -9999.0 -9999.0 -9999.0 -9999.0 -9999.0 -9999.0 -9999.0 -9999.0 -9999.0 -9999.0 -9999.0 -9999.0 -9999.0 -9999.0 -9999.0 -9999.0 -9999.0 -9999.0 -9999.0 -9999.0 -9999.0 -9999.0 -9999.0 -9999.0 -9999.0 -9999.0 -9999.0 -9999.0 -9999.0 -9999.0 -9999.0 -9999.0 -9999.0 -9999.0 -9999.0 -9999.0 -9999.0 -9999.0 -9999.0 -9999.0 -9999.0 -9999.0 -9999.0 -9999.0 -9999.0 -9999.0 -9999.0 -9999.0 -9999.0 -9999.0 -9999.0 -9999.0 -9999.0 -9999.0
-9999.0 -9999.0 -9999.0 -9999.0 -9999.0 -9999.0 -9999.0 -9999.0 -9999.0 -9999.0 -9999.0 -9999.0 -9999.0 -9999.0 -9999.0 -9999.0 -9999.0 -9999.0 -9999.0 -9999.0 -576.077138 -574.921137 -577.653893 -580.819503 -583.448069 -583.731945 -580.765849 -577.259336 -573.250963 -572.396987 -575.492647 -574.791124 -575.980548 -576.615764 -576.631200 -575.764719 -575.345692 -574.048652 -573.200509 -573.539915 -574.501334 -575.202564 -575.782746 -575.547583 -574.500458 -575.956058 -573.805315 -571.636151 -570.840560 -570.944319 -573.970120 -575.265022 -575.763243 -578.143878 -573.832384 -572.463520 -569.133516 -568.752347 -568.234504 -571.980502 -575.664899 -9999.0 -9999.0 -9999.0 -9999.0 -9999.0 -9999.0 -9999.0 -9999.0 -9999.0 -9999.0 -9999.0 -9999.0 -9999.0 -9999.0 -9999.0 -9999.0 -9999.0 -9999.0 -9999.0
-9999.0 -9999.0 -9999.0 -9999.0 -9999.0 -9999.0 -9999.0 -9999.0 -9999.0 -9999.0 -9999.0 -9999.0 -9999.0 -9999.0 -581.546266 -582.960812 -583.610114 -583.943593 -581.277438 -579.115482 -578.903740 -580.378902 -579.262927 -582.205060 -584.787029 -583.224721 -580.884730 -578.839854 -575.585659 -573.128203 -575.324525 -575.864045 -574.635591 -570.364441 -568.386789 -569.237177 -574.077934 -569.483636 -567.010106 -565.413465 -565.625798 -567.837811 -564.692190 -561.013157 -562.845869 -566.736726 -565.936630 -563.708732 -560.113330 -562.198653 -574.380271 -575.851353 -575.326114 -575.193147 -576.844055 -577.984355 -573.605258 -574.129909 -574.902834 -575.878414 -578.629011 -582.884795 -584.736719 -580.413861 -576.357411 -568.260607 -9999.0 -9999.0 -9999.0 -9999.0 -9999.0 -9999.0 -9999.0 -9999.0 -9999.0 -9999.0 -9999.0 -9999.0 -9999.0 -9999.0
-9999.0 -9999.0 -9999.0 -9999.0 -9999.0 -9999.0 -9999.0 -9999.0 -9999.0 -584.136825 -584.484473 -584.077519 -584.953741 -583.690533 -585.670351 -585.173112 -585.479869 -583.643591 -582.045147 -579.388441 -575.983557 -578.372559 -578.675658 -576.930857 -576.649991 -575.848099 -574.164268 -568.405530 -561.659115 -551.393731 -559.888136 -560.277087 -555.511830 -538.114974 -521.581364 -516.149680 -525.212372 -525.150335 -513.990378 -499.869160 -499.461329 -500.676491 -484.362966 -473.744975 -466.367317 -482.466341 -497.687907 -499.975264 -480.952058 -513.112822 -538.420186 -557.459274 -556.402639 -563.064357 -570.288922 -573.035270 -573.941776 -568.949133 -570.957404 -575.742029 -579.632145 -578.680949 -580.771775 -578.689563 -577.065377 -570.852611 -565.151040 -559.666500 -559.403430 -562.862125 -9999.0 -9999.0 -9999.0 -9999.0 -9999.0 -9999.0 -9999.0 -9999.0 -9999.0 -9999.0
-9999.0 -9999.0 -9999.0 -9999.0 -9999.0 -9999.0 -586.873547 -586.999465 -586.164493 -588.556662 -586.746913 -587.898396 -586.548902 -585.896775 -584.947334 -584.803348 -582.481432 -580.336715 -576.727128 -571.898478 -567.411208 -569.568194 -568.373943 -561.973670 -549.396942 -537.448169 -529.582813 -514.787366 -459.017694 -401.650672 -376.675389 -364.155740 -349.151038 -320.685622 -266.522260 -216.396804 -270.023840 -289.905081 -274.078976 -231.543168 -149.845403 -147.913909 -142.588965 -135.536662 -109.652362 -115.077778 -225.290163 -255.830125 -265.287187 -274.251663 -313.679762 -355.111155 -418.458704 -475.852933 -522.457892 -543.731950 -547.193905 -543.765603 -552.393734 -563.693059 -570.411231 -570.605141 -571.968360 -574.295275 -573.173181 -570.593657 -566.680450 -564.257159 -566.138944 -568.767666 -570.857503 -574.883647 -574.283945 -570.401639 -9999.0 -9999.0 -9999.0 -9999.0 -9999.0 -9999.0
-9999.0 -9999.0 -9999.0 -9999.0 -590.765510 -589.616984 -592.997717 -591.041016 -589.474945 -588.242301 -588.094954 -585.945541 -585.236632 -583.619724 -580.264496 -577.510894 -572.690645 -568.878833 -558.650577 -537.336240 -515.429322 -500.782202 -490.483544 -420.032233 -346.654248 -309.933850 -296.637493 -273.573712 -225.063043 -102.978275 -77.007285 -98.612570 -53.797606 -59.581233 10.446251 45.054656 26.454227 19.957581 22.141753 29.519915 53.318272 54.039515 54.828828 54.902295 56.942125 58.725143 38.977624 8.196338 -37.270875 -9.535032 -28.017511 -87.424509 -192.341654 -232.031334 -257.386560 -294.741380 -345.170405 -370.371300 -448.454160 -497.290525 -530.665044 -541.420848 -551.534803 -556.840060 -563.515123 -562.382133 -560.630566 -564.061872 -568.570531 -572.805454 -573.490192 -575.359316 -577.282967 -572.338628 -570.439817 -564.980010 -9999.0 -9999.0 -9999.0 -9999.0
-9999.0 -9999.0 -591.125640 -590.908428 -587.695779 -589.530882 -590.662248 -592.250958 -591.487312 -588.317142 -582.270302 -579.384597 -575.066777 -572.553812 -562.569692 -537.431607 -504.596664 -471.274725 -393.153269 -334.188397 -288.378669 -247.684998 -163.212147 -123.442467 -80.404341 -32.415923 -10.243275 9.671701 31.726484 58.631470 84.183392 97.354114 104.593197 98.530801 98.077059 96.091000 94.635076 90.025925 74.067926 71.687608 78.589810 81.066897 84.438521 72.124472 68.355168 80.530836 82.949376 83.124490 84.616918 93.834526 104.152542 75.410280 22.809039 11.898263 8.146966 -28.729114 -89.418392 -186.209452 -217.209566 -257.308877 -322.774761 -358.809040 -424.759364 -486.079315 -520.027534 -534.259985 -548.109800 -556.700744 -564.504164 -571.536395 -573.781343 -575.163628 -574.326413 -574.921116 -572.262172 -570.169307 -567.193393 -566.016554 -9999.0 -9999.0
-9999.0 -592.263313 -593.140871 -587.402538 -586.119139 -584.771365 -583.082108 -581.622581 -579.927839 -581.721138 -565.239723 -532.666348 -494.982679 -476.618244 -408.279878 -312.769733 -159.629209 -125.822308 -100.935670 -60.244936 -12.997419 25.129479 49.377668 81.809424 104.949947 99.141545 97.595926 95.898448 87.078626 79.620475 69.968413 78.409710 76.724621 61.748299 50.689718 49.462287 47.208531 22.303768 -2.174576 -14.204240 -9.250946 11.798845 1.758510 -18.289108 -22.119873 -2.853799 12.727974 3.756547 -37.451022 7.765692 38.497491 55.200735 71.258471 85.266174 105.096816 83.101101 50.751289 11.946109 0.303686 -22.755022 -129.029497 -194.282648 -247.396308 -306.936958 -353.886440 -430.744705 -496.917489 -526.917500 -547.710699 -555.568123 -560.486114 -570.033045 -572.601101 -570.734107 -571.988180 -572.145343 -570.958146 -570.008728 -9999.0 -9999.0
-9999.0 -597.497555 -592.339720 -585.946148 -577.587574 -575.733948 -548.668925 -521.832548 -511.435160 -525.327583 -444.184170 -155.424067 -92.755054 -91.689572 -39.946817 27.232441 67.955583 89.915565 103.844430 94.362972 88.800609 90.694195 86.516762 77.868745 64.429082 57.046990 57.009338 55.017958 37.726964 21.123632 6.351859 5.719999 -6.940192 -40.261168 -69.969007 -84.082741 -105.550595 -172.899848 -215.441341 -244.270257 -257.334981 -237.715774 -248.201315 -266.559436 -270.102305 -246.428965 -212.822664 -218.345651 -212.813053 -188.846982 -143.779428 -58.544274 -38.689389 -13.392934 18.753855 55.646816 74.014264 92.691208 99.598341 75.599611 38.202517 -6.460677 -34.175589 -143.085322 -217.192597 -292.587551 -337.478854 -371.612516 -452.506892 -496.228747 -523.147535 -543.975571 -558.450616 -561.898673 -568.847078 -570.221661 -9999.0 -9999.0 -9999.0 -9999.0
-9999.0 -597.916832 -592.789160 -580.780146 -549.874375 -501.995161 -348.724160 -224.406451 -58.269988 -101.416014 14.780520 87.625096 96.348828 80.104357 54.346910 50.846015 60.267929 62.358821 58.405558 49.425577 39.600224 36.123860 34.739420 27.075535 15.437259 1.154791 -9.282103 -20.292777 -107.714477 -144.816582 -172.394548 -189.081559 -222.641163 -301.150619 -329.236070 -348.079339 -411.172170 -429.480130 -447.427880 -478.190174 -491.534090 -499.570808 -488.856495 -491.403570 -492.272572 -485.438874 -466.391130 -448.680921 -393.883067 -354.920642 -327.125397 -284.001109 -251.637738 -207.311317 -154.648808 -52.486523 -24.935991 -26.347783 40.340210 76.412539 96.808687 89.136265 61.136988 26.950660 -30.303538 -147.267806 -199.099486 -264.312291 -314.453595 -347.327028 -371.729353 -433.569379 -501.894746 -540.674717 -550.632614 -9999.0 -9999.0 -9999.0 -9999.0 -9999.0
-9999.0 -605.234820 -592.889719 -582.905828 -529.910459 -336.349601 -248.507470 14.590656 69.339920 0.004575 -104.842155 -24.696950 8.617357 8.840004 -15.547842 -25.172914 -30.377070 -31.080485 -18.605434 -48.611619 -125.385703 -144.063573 -146.063226 -158.720189 -182.023490 -201.411716 -216.214070 -237.613346 -288.704896 -324.116196 -370.683989 -405.605303 -484.316856 -522.345145 -539.109206 -552.920380 -565.370292 -565.147172 -561.291646 -564.735133 -568.471305 -572.254028 -567.619848 -565.381629 -563.312938 -565.797345 -564.953253 -558.388560 -547.129327 -534.434578 -513.557734 -477.995595 -425.577029 -358.560575 -334.874126 -291.887803 -248.564182 -200.159231 -124.789904 -5.445671 21.705485 50.953813 86.849707 105.168645 66.806491 29.965573 -23.732857 -139.389230 -234.651519 -272.475900 -289.828444 -313.295963 -348.944312 -9999.0 -9999.0 -9999.0 -9999.0 -9999.0 -9999.0 -9999.0
-9999.0 -609.258633 -596.173002 -593.737483 -576.210475 -535.678960 -449.310949 -332.220809 -170.358753 -289.592375 -303.505213 -282.029022 -255.377117 -234.853046 -257.114642 -286.937931 -306.249419 -302.771308 -301.265788 -319.176497 -340.235737 -348.903849 -349.581669 -357.750105 -393.408154 -419.001194 -434.652349 -461.202728 -492.623627 -520.792976 -550.304499 -564.008633 -573.326950 -576.648088 -579.070835 -581.575781 -586.009876 -583.655825 -581.778532 -582.259468 -583.666540 -584.685631 -581.356284 -580.091273 -579.016430 -581.945917 -579.801699 -577.711376 -573.125828 -568.254897 -561.214835 -550.652755 -536.593778 -525.548497 -516.864527 -498.531740 -460.707758 -378.233035 -315.155711 -224.493224 -150.111263 -58.562364 -8.705158 23.834739 41.671590 52.080575 58.299290 26.946272 -207.011266 -236.653608 -240.667752 -9999.0 -9999.0 -9999.0 -9999.0 -9999.0 -9999.0 -9999.0 -9999.0 -9999.0
-9999.0 -9999.0 -612.048285 -606.564553 -601.713288 -596.322002 -588.482625 -578.153234 -569.658653 -558.197220 -540.800710 -519.498018 -503.684978 -495.544803 -506.207487 -525.102593 -535.031038 -534.415612 -537.027154 -542.048821 -550.520499 -553.571891 -555.648263 -557.312101 -560.812838 -562.295679 -562.953513 -564.345665 -567.323314 -573.661933 -579.128088 -582.899375 -586.881574 -586.908469 -587.603643 -588.950881 -587.948043 -588.211871 -587.839589 -588.009889 -587.690973 -587.052825 -586.235299 -585.136231 -585.023169 -584.702382 -584.263609 -583.017850 -581.085585 -578.460571 -573.493710 -566.205517 -560.451304 -558.979182 -561.820099 -560.892453 -556.700265 -546.174500 -509.680873 -422.494605 -337.320752 -277.553739 -207.063810 -158.199538 -136.647676 -66.198180 -12.275457 -147.278401 -282.958466 -269.893272 -9999.0 -9999.0 -9999.0 -9999.0 -9999.0 -9999.0 -9999.0 -9999.0 -9999.0 -9999.0
-9999.0 -9999.0 -9999.0 -9999.0 -614.345756 -606.667050 -599.708712 -600.217800 -594.939422 -591.472106 -588.077421 -583.994823 -580.558673 -578.382908 -580.892557 -581.512995 -582.093291 -581.778611 -582.371606 -583.043802 -583.394447 -583.849840 -584.332048 -584.939287 -584.723614 -584.166493 -584.036596 -585.062878 -585.195882 -587.131541 -587.499483 -588.709947 -589.871482 -591.139967 -590.942739 -591.084649 -590.567857 -591.138719 -590.266693 -590.741394 -590.050017 -589.703338 -588.825710 -587.423128 -587.830874 -587.022862 -586.931082 -585.843425 -585.244710 -582.194506 -577.227711 -571.385335 -567.320674 -567.435949 -572.361779 -574.483444 -575.608968 -572.402229 -566.608369 -553.856847 -518.890238 -468.088056 -376.014462 -336.956488 -312.257193 -269.532053 -226.642167 -216.216612 -9999.0 -9999.0 -9999.0 -9999.0 -9999.0 -9999.0 -9999.0 -9999.0 -9999.0 -9999.0 -9999.0 -9999.0
-9999.0 -9999.0 -9999.0 -9999.0 -9999.0 -9999.0 -611.080404 -607.246418 -608.297207 -605.296302 -602.560908 -600.352233 -597.086275 -597.374363 -596.425744 -593.944441 -594.300865 -595.501569 -596.990947 -594.821708 -593.865123 -593.671569 -596.087214 -595.442027 -595.186271 -594.261567 -594.355682 -593.989379 -596.043533 -593.674624 -592.556562 -593.064388 -593.556323 -593.153276 -593.680468 -592.191906 -592.015345 -593.216231 -593.554899 -591.804829 -591.270756 -591.470368 -591.067910 -589.792722 -587.974752 -587.654231 -588.406685 -589.429943 -587.471220 -582.971983 -577.712307 -572.895981 -569.682879 -568.672889 -572.893095 -578.429760 -581.164186 -581.447248 -579.021322 -574.300060 -563.097509 -554.712797 -547.346633 -538.023147 -526.356916 -460.098768 -9999.0 -9999.0 -9999.0 -9999.0 -9999.0 -9999.0 -9999.0 -9999.0 -9999.0 -9999.0 -9999.0 -9999.0 -9999.0 -9999.0
-9999.0 -9999.0 -9999.0 -9999.0 -9999.0 -9999.0 -9999.0 -9999.0 -9999.0 -9999.0 -9999.0 -9999.0 -9999.0 -9999.0 -9999.0 -9999.0 -9999.0 -9999.0 -9999.0 -9999.0 -9999.0 -9999.0 -9999.0 -9999.0 -9999.0 -9999.0 -9999.0 -9999.0 -9999.0 -9999.0 -9999.0 -9999.0 -9999.0 -9999.0 -9999.0 -9999.0 -9999.0 -9999.0 -9999.0 -9999.0 -9999.0 -9999.0 -9999.0 -9999.0 -9999.0 -9999.0 -9999.0 -9999.0 -9999.0 -9999.0 -9999.0 -9999.0 -9999.0 -9999.0 -9999.0 -9999.0 -9999.0 -9999.0 -9999.0 -9999.0 -9999.0 -9999.0 -9999.0 -9999.0 -9999.0 -9999.0 -9999.0 -9999.0 -9999.0 -9999.0 -9999.0 -9999.0 -9999.0 -9999.0 -9999.0 -9999.0 -9999.0 -9999.0 -9999.0 -9999.0
-9999.0 -9999.0 -9999.0 -9999.0 -9999.0 -9999.0 -9999.0 -9999.0 -9999.0 -9999.0 -9999.0 -9999.0 -9999.0 -9999.0 -9999.0 -9999.0 -9999.0 -9999.0 -9999.0 -9999.0 -9999.0 -9999.0 -9999.0 -9999.0 -9999.0 -9999.0 -9999.0 -9999.0 -9999.0 -9999.0 -9999.0 -9999.0 -9999.0 -9999.0 -9999.0 -9999.0 -9999.0 -9999.0 -9999.0 -9999.0 -9999.0 -9999.0 -9999.0 -9999.0 -9999.0 -9999.0 -9999.0 -9999.0 -9999.0 -9999.0 -9999.0 -9999.0 -9999.0 -9999.0 -9999.0 -9999.0 -9999.0 -9999.0 -9999.0 -9999.0 -9999.0 -9999.0 -9999.0 -9999.0 -9999.0 -9999.0 -9999.0 -9999.0 -9999.0 -9999.0 -9999.0 -9999.0 -9999.0 -9999.0 -9999.0 -9999.0 -9999.0 -9999.0 -9999.0 -9999.0