Borden_/Borden1m_014/output_maps/psiliqL0009N0031.asc
ncols         80
nrows         18
xllcorner     620200.000000
yllcorner     5168000.000000
cellsize      1.000000
NODATA_value  -9999.0
-9999.0 -9999.0 -9999.0 -9999.0 -9999.0 -9999.0 -9999.0 -9999.0 -9999.0 -9999.0 -9999.0 -9999.0 -9999.0 -9999.0 -9999.0 -9999.0 -9999.0 -9999.0 -9999.0 -9999.0 -9999.0 -9999.0 -9999.0 -9999.0 -9999.0 -9999.0 -9999.0 -9999.0 -9999.0 -9999.0 -9999.0 -9999.0 -9999.0 -9999.0 -9999.0 -9999.0 -9999.0 -9999.0 -9999.0 -9999.0 -9999.0 -9999.0 -9999.0 -9999.0 -9999.0 -9999.0 -9999.0 -9999.0 -9999.0 -9999.0 -9999.0 -9999.0 -9999.0 -9999.0 -9999.0 -9999.0 -9999.0 -9999.0 -9999.0 -9999.0 -9999.0 -9999.0 -9999.0 -9999.0 -9999.0 -9999.0 -9999.0 -9999.0 -9999.0 -9999.0 -9999.0 -9999.0 -9999.0 -9999.0 -9999.0 -9999.0 -9999.0 -9999.0 -9999.0 -9999.0
-9999.0 -9999.0 -9999.0 -9999.0 -9999.0 -9999.0 -9999.0 -9999.0 -9999.0 -9999.0 -9999.0 -9999.0 -9999.0 -9999.0 -9999.0 -9999.0 -9999.0 -9999.0 -9999.0 -9999.0 -9999.0 -9999.0 -9999.0 -9999.0 -9999.0 -9999.0 -9999.0 -9999.0 -9999.0 -9999.0 -9999.0 -9999.0 -9999.0 -9999.0 -9999.0 -9999.0 -9999.0 -9999.0 -9999.0 -9999.0 -9999.0 -9999.0 -9999.0 -9999.0 -9999.0 -9999.0 -9999.0 -9999.0 -9999.0 -9999.0 -9999.0 -9999.0 -9999.0 -9999.0 -9999.0 -9999.0 -9999.0 -9999.0 -9999.0 -9999.0 -9999.0 -9999.0 -9999.0 -9999.0 -9999.0 -9999.0 -9999.0 -9999.0 -9999.0 -9999.0 -9999.0 -9999.0 -9999.0 -9999.0 -9999.0 -9999.0 -9999.0 -9999.0 -9999.0 -9999.0
-9999.0 -9999.0 -9999.0 -9999.0 -9999.0 -9999.0 -9999.0 -9999.0 -9999.0 -9999.0 -9999.0 -9999.0 -9999.0 -9999.0 -9999.0 -9999.0 -9999.0 -9999.0 -9999.0 -9999.0 -65.588097 -62.541282 -85.023126 -118.793742 -146.918748 -144.668079 -109.346390 -67.752667 -29.215478 -18.196954 -35.761375 -33.733267 -38.258751 -38.012766 -34.532132 -28.005078 -24.803694 -12.891263 -3.796180 -3.408086 -9.026314 -14.223533 -14.751024 -11.020848 -6.071286 -15.801777 -2.760704 12.130696 17.772967 11.542862 -17.072448 -33.951627 -43.094607 -58.463370 -34.601989 -22.633309 -0.010188 3.959146 2.316510 -25.059800 -55.357651 -9999.0 -9999.0 -9999.0 -9999.0 -9999.0 -9999.0 -9999.0 -9999.0 -9999.0 -9999.0 -9999.0 -9999.0 -9999.0 -9999.0 -9999.0 -9999.0 -9999.0 -9999.0 -9999.0
-9999.0 -9999.0 -9999.0 -9999.0 -9999.0 -9999.0 -9999.0 -9999.0 -9999.0 -9999.0 -9999.0 -9999.0 -9999.0 -9999.0 -156.627036 -166.631835 -169.476594 -160.731014 -126.689474 -96.456566 -83.809741 -91.186111 -90.975475 -114.189676 -134.038253 -119.468367 -89.456619 -57.113820 -21.602677 0.130584 -11.604447 -13.533683 -2.114063 26.601342 42.485887 40.621868 19.598377 43.048944 60.757783 71.991334 72.562588 64.934487 80.745626 97.975977 91.021105 71.969192 73.896085 84.635510 98.062104 80.415645 12.438229 -10.632237 -15.540786 -23.549567 -38.196189 -45.593085 -21.270803 -20.868327 -29.586819 -47.984821 -80.616331 -124.817429 -142.964269 -104.673998 -60.465658 -2.606827 -9999.0 -9999.0 -9999.0 -9999.0 -9999.0 -9999.0 -9999.0 -9999.0 -9999.0 -9999.0 -9999.0 -9999.0 -9999.0 -9999.0
-9999.0 -9999.0 -9999.0 -9999.0 -9999.0 -9999.0 -9999.0 -9999.0 -9999.0 -214.097847 -210.307040 -203.105587 -201.138816 -185.362357 -187.061013 -179.901472 -171.798269 -145.154707 -113.591019 -77.928861 -48.444100 -57.629611 -56.468415 -43.506360 -35.853951 -21.652688 1.141878 44.742163 91.292451 137.239116 110.636609 110.194418 132.214912 186.199417 229.080867 241.128127 220.554656 226.062242 256.622591 287.886913 293.080456 294.165610 322.833361 338.482538 343.196394 320.441292 296.374148 291.230839 315.660834 255.765803 180.779971 120.848689 117.711964 81.832790 36.474079 11.479279 6.969216 27.675602 10.975998 -27.925100 -65.520477 -75.946220 -93.167175 -77.191329 -54.910588 -8.177696 30.309755 58.815922 58.784629 41.259831 -9999.0 -9999.0 -9999.0 -9999.0 -9999.0 -9999.0 -9999.0 -9999.0 -9999.0 -9999.0
-9999.0 -9999.0 -9999.0 -9999.0 -9999.0 -9999.0 -292.831092 -283.972419 -264.199031 -258.731063 -234.191887 -226.514083 -205.741926 -186.043133 -164.873618 -147.252444 -115.504737 -81.754106 -38.699895 7.571406 42.711853 40.985771 54.438789 92.595209 140.369021 176.920845 206.498549 254.991381 345.709951 398.598277 415.434640 423.502006 434.688233 479.646344 542.484252 561.404298 539.353181 524.118271 544.424480 585.623789 609.880816 615.430246 624.837903 633.679657 658.549049 647.014289 591.775175 567.708019 559.417788 545.027082 489.454243 426.993453 380.434419 322.383714 227.414641 160.305329 157.253573 170.216612 134.349382 75.326526 28.589604 15.334699 -1.313418 -16.895130 -12.581817 5.981870 28.608811 39.495864 26.597985 5.694412 -17.524048 -46.381750 -44.728607 -19.329417 -9999.0 -9999.0 -9999.0 -9999.0 -9999.0 -9999.0
-9999.0 -9999.0 -9999.0 -9999.0 -342.522924 -330.138167 -341.861468 -318.138028 -286.072955 -252.609077 -219.842605 -181.841649 -153.839621 -122.943046 -79.735777 -39.503263 7.997608 47.701146 108.706635 185.636702 247.918542 283.962547 309.649312 378.889869 444.017438 495.377177 515.977123 545.214594 593.493914 667.531434 697.989421 705.158814 723.395702 752.044260 794.544442 825.147289 810.510967 805.325801 810.115509 821.869358 849.383477 852.269498 854.489805 855.754584 858.359697 857.044897 831.127165 795.754657 778.976419 772.465018 747.923933 683.106231 627.281504 591.471749 560.474882 511.392571 444.168105 419.113262 355.353008 288.972105 209.602658 177.102006 139.060694 107.666427 72.472496 69.950010 70.408927 48.771315 16.806496 -15.794908 -31.063142 -49.860247 -60.169391 -30.296498 -12.581340 18.404560 -9999.0 -9999.0 -9999.0 -9999.0
-9999.0 -9999.0 -400.699952 -350.901792 -294.981573 -286.326873 -284.170737 -278.832140 -251.344616 -199.705362 -119.646365 -64.167537 -15.735032 19.419238 85.454105 179.240371 270.688825 331.155158 397.113435 465.479665 527.085736 568.223686 602.019720 642.731630 692.918121 744.915739 770.301741 794.098966 826.755980 860.351057 881.534586 896.746511 903.630255 901.512134 903.235425 902.554681 899.156869 894.326899 876.770823 874.403185 882.472035 886.589126 889.596690 876.969653 872.966146 885.224620 886.741906 885.157344 884.967862 893.486580 901.116212 867.640430 817.797190 798.875347 791.776500 748.550308 689.190004 634.928087 608.165786 564.414320 485.094036 430.469190 373.666116 313.239960 246.585202 203.021542 147.629117 100.741765 51.973352 5.029739 -19.172438 -37.931792 -40.375489 -39.941696 -23.892509 -8.245474 7.210748 15.052551 -9999.0 -9999.0
-9999.0 -500.032543 -427.425744 -299.880539 -220.585560 -174.837507 -134.281770 -104.309966 -77.232307 -58.108746 57.052992 173.042154 278.076016 319.310373 379.809224 482.085116 587.132900 631.300301 666.022186 711.639389 764.520739 813.787216 844.429680 870.561626 899.234009 901.759134 901.866425 902.573275 896.928180 889.845618 880.290619 887.509213 884.816126 868.043135 853.695002 850.830498 844.120899 818.735266 790.308292 776.313602 779.903291 801.268784 790.717295 770.751257 767.124540 787.182670 803.933820 794.672941 781.598195 801.889992 836.960718 858.547839 872.815514 886.886562 907.699638 884.180654 852.906497 812.034562 792.564104 761.835081 695.072035 631.154898 575.741997 511.511767 443.588697 368.621306 294.711848 222.194266 147.446368 102.892597 68.835287 15.367308 -8.621637 -7.787548 -17.315217 -20.035154 -13.569542 -7.146765 -9999.0 -9999.0
-9999.0 -572.638709 -429.192879 -243.006771 -94.620687 -28.984424 93.260876 185.879563 222.298020 201.487367 328.566234 562.034899 649.317443 663.863509 728.878463 807.131573 843.377965 871.957597 890.504288 889.468613 889.111920 896.112074 894.392677 887.970097 874.161272 866.371236 865.203003 861.619216 841.940199 821.372416 802.050821 800.117796 781.772530 745.426357 714.279813 697.401580 677.406143 647.991124 610.135484 582.267339 568.464823 586.551539 577.319112 559.377134 555.730183 579.223224 612.407923 607.162096 613.362390 637.073547 680.360727 728.157046 751.962170 778.726536 817.472735 860.532516 879.051243 899.466550 904.451173 881.060957 836.476877 787.249782 752.353887 681.398528 605.877210 524.850028 460.953241 399.807180 326.404803 271.032495 213.464310 148.217725 85.795948 55.047748 14.099365 -7.365249 -9999.0 -9999.0 -9999.0 -9999.0
-9999.0 -639.824070 -448.451685 -182.427707 83.078381 224.611750 431.868171 569.040763 647.279246 695.938383 728.357528 841.859695 867.097544 858.896925 845.099873 846.265912 860.051464 863.735543 859.984917 849.525434 838.294858 834.314246 832.801747 825.349381 812.989075 797.816969 784.516066 769.401960 721.729583 685.834773 653.049396 637.315458 600.666945 511.609414 469.726337 437.711399 381.466679 368.396736 353.913878 320.862009 298.754625 281.046224 300.635396 300.965327 302.020132 311.055468 334.202126 356.620495 401.875190 439.643633 484.353376 538.656452 574.219140 618.789994 669.534912 734.319048 767.430982 797.858034 842.549595 882.258745 904.140350 895.091300 864.987377 820.896207 750.753471 673.693528 620.210267 545.482801 480.367882 429.891060 387.573846 333.842792 257.357328 150.486551 103.556084 -9999.0 -9999.0 -9999.0 -9999.0 -9999.0
-9999.0 -796.958671 -528.957585 -231.739061 104.227342 432.349805 548.924306 711.637705 787.334840 729.902776 708.833239 739.663503 778.070145 785.691249 765.749892 758.305436 750.042912 750.083142 762.252587 734.068582 695.936837 680.199748 678.637322 666.329944 643.067552 624.480166 610.115734 588.081378 535.995039 486.179227 411.082797 382.162126 301.889973 226.064151 172.752148 120.268410 65.419045 61.394264 75.633576 57.632855 34.129298 14.792420 40.616452 56.461043 67.761434 58.529819 68.784347 105.670324 157.977669 206.423091 265.311648 330.790977 383.741067 437.949961 473.633922 528.565983 577.253966 625.895475 701.123526 785.495292 821.082872 855.631223 890.226170 905.002088 856.170288 803.436119 747.580057 671.516459 577.424776 531.666497 511.371467 481.028017 429.414889 -9999.0 -9999.0 -9999.0 -9999.0 -9999.0 -9999.0 -9999.0
-9999.0 -930.151517 -699.632993 -452.508591 -151.590331 92.361056 286.993846 410.375236 501.898321 492.277816 502.641606 532.391999 563.684859 586.060652 563.517096 527.334055 501.174910 504.836971 503.439622 478.868269 448.375975 433.386542 431.591127 423.441069 395.777673 377.261212 363.303994 336.403003 292.972911 227.688535 137.859368 65.224893 -0.080461 -38.408309 -70.564652 -104.878405 -144.311503 -134.317746 -120.259772 -125.214981 -137.804950 -142.382007 -112.824913 -94.403238 -84.321094 -97.244547 -78.519246 -51.098303 -8.403264 34.915124 85.325972 143.452522 201.679758 238.331872 260.508678 298.558511 349.454890 412.903091 500.699414 598.571252 674.971623 730.823778 779.356109 812.653523 826.698762 843.142068 818.338867 728.658508 585.122384 572.900460 574.609483 -9999.0 -9999.0 -9999.0 -9999.0 -9999.0 -9999.0 -9999.0 -9999.0 -9999.0
-9999.0 -9999.0 -936.284962 -747.167262 -588.666723 -402.139693 -249.715315 -139.897870 -61.739709 29.629336 121.794322 202.063571 248.469831 267.495796 247.570164 203.032858 174.808621 174.249984 164.224942 149.262412 123.839327 113.765494 103.564347 94.918894 80.619428 72.064990 65.340141 52.365967 27.215682 -22.458703 -77.071395 -130.495599 -186.022266 -211.955218 -234.443653 -257.405342 -261.065948 -263.026559 -256.287952 -255.168269 -249.860815 -238.161046 -217.401618 -196.036553 -186.635858 -179.540739 -166.956428 -143.211194 -109.907442 -68.599737 -15.645320 41.065350 80.564324 94.057983 86.332821 95.042749 121.332847 173.059856 273.225859 375.150445 472.029679 544.965158 617.021116 667.399154 685.384968 710.614679 725.304012 640.884887 372.022164 505.212951 -9999.0 -9999.0 -9999.0 -9999.0 -9999.0 -9999.0 -9999.0 -9999.0 -9999.0 -9999.0
-9999.0 -9999.0 -9999.0 -9999.0 -890.435243 -733.782441 -639.996515 -557.602115 -436.031503 -326.498839 -234.030581 -157.009699 -103.301754 -79.352500 -90.571524 -96.276339 -104.749842 -108.703356 -117.485813 -122.993851 -128.691826 -136.746927 -148.436882 -156.298010 -157.316666 -154.121118 -156.546666 -170.074484 -186.582810 -214.114897 -238.445985 -273.995130 -311.258953 -340.549127 -353.649914 -360.563038 -360.322971 -365.854458 -356.306583 -349.933344 -335.064288 -319.635206 -295.628937 -267.326332 -254.756756 -240.585718 -230.887248 -210.045444 -180.021189 -127.299420 -65.133660 -9.220580 24.523501 27.808043 1.344316 -14.615211 -17.357577 12.400952 63.744581 140.998679 256.350076 344.886365 415.927650 464.469562 497.560065 543.873831 586.605306 602.035428 -9999.0 -9999.0 -9999.0 -9999.0 -9999.0 -9999.0 -9999.0 -9999.0 -9999.0 -9999.0 -9999.0 -9999.0
-9999.0 -9999.0 -9999.0 -9999.0 -9999.0 -9999.0 -945.994152 -851.465471 -764.967352 -643.218123 -529.667153 -437.617757 -363.017027 -337.852185 -320.179765 -297.839682 -302.366946 -319.334233 -335.959170 -319.438266 -309.830727 -314.797279 -342.395092 -343.910526 -340.435360 -331.161912 -332.423684 -338.571790 -363.448637 -355.278003 -356.705604 -379.819887 -405.944849 -420.319695 -431.828097 -421.765026 -420.877148 -433.369912 -430.921988 -404.784044 -385.030710 -371.550196 -349.014167 -315.903944 -284.000102 -269.793760 -268.908354 -262.763349 -221.323826 -151.172253 -81.235464 -28.185395 2.146024 8.873972 -20.379150 -62.144755 -84.310881 -78.014934 -43.149912 11.860565 92.521823 147.934302 185.010103 211.656521 245.441194 350.069196 -9999.0 -9999.0 -9999.0 -9999.0 -9999.0 -9999.0 -9999.0 -9999.0 -9999.0 -9999.0 -9999.0 -9999.0 -9999.0 -9999.0
-9999.0 -9999.0 -9999.0 -9999.0 -9999.0 -9999.0 -9999.0 -9999.0 -9999.0 -9999.0 -9999.0 -9999.0 -9999.0 -9999.0 -9999.0 -9999.0 -9999.0 -9999.0 -9999.0 -9999.0 -9999.0 -9999.0 -9999.0 -9999.0 -9999.0 -9999.0 -9999.0 -9999.0 -9999.0 -9999.0 -9999.0 -9999.0 -9999.0 -9999.0 -9999.0 -9999.0 -9999.0 -9999.0 -9999.0 -9999.0 -9999.0 -9999.0 -9999.0 -9999.0 -9999.0 -9999.0 -9999.0 -9999.0 -9999.0 -9999.0 -9999.0 -9999.0 -9999.0 -9999.0 -9999.0 -9999.0 -9999.0 -9999.0 -9999.0 -9999.0 -9999.0 -9999.0 -9999.0 -9999.0 -9999.0 -9999.0 -9999.0 -9999.0 -9999.0 -9999.0 -9999.0 -9999.0 -9999.0 -9999.0 -9999.0 -9999.0 -9999.0 -9999.0 -9999.0 -9999.0
-9999.0 -9999.0 -9999.0 -9999.0 -9999.0 -9999.0 -9999.0 -9999.0 -9999.0 -9999.0 -9999.0 -9999.0 -9999.0 -9999.0 -9999.0 -9999.0 -9999.0 -9999.0 -9999.0 -9999.0 -9999.0 -9999.0 -9999.0 -9999.0 -9999.0 -9999.0 -9999.0 -9999.0 -9999.0 -9999.0 -9999.0 -9999.0 -9999.0 -9999.0 -9999.0 -9999.0 -9999.0 -9999.0 -9999.0 -9999.0 -9999.0 -9999.0 -9999.0 -9999.0 -9999.0 -9999.0 -9999.0 -9999.0 -9999.0 -9999.0 -9999.0 -9999.0 -9999.0 -9999.0 -9999.0 -9999.0 -9999.0 -9999.0 -9999.0 -9999.0 -9999.0 -9999.0 -9999.0 -9999.0 -9999.0 -9999.0 -9999.0 -9999.0 -9999.0 -9999.0 -9999.0 -9999.0 -9999.0 -9999.0 -9999.0 -9999.0 -9999.0 -9999.0 -9999.0 -9999.0