Borden_/Borden1m_014/output_maps/psiliqL0007N0018.asc
ncols         80
nrows         18
xllcorner     620200.000000
yllcorner     5168000.000000
cellsize      1.000000
NODATA_value  -9999.0
-9999.0 -9999.0 -9999.0 -9999.0 -9999.0 -9999.0 -9999.0 -9999.0 -9999.0 -9999.0 -9999.0 -9999.0 -9999.0 -9999.0 -9999.0 -9999.0 -9999.0 -9999.0 -9999.0 -9999.0 -9999.0 -9999.0 -9999.0 -9999.0 -9999.0 -9999.0 -9999.0 -9999.0 -9999.0 -9999.0 -9999.0 -9999.0 -9999.0 -9999.0 -9999.0 -9999.0 -9999.0 -9999.0 -9999.0 -9999.0 -9999.0 -9999.0 -9999.0 -9999.0 -9999.0 -9999.0 -9999.0 -9999.0 -9999.0 -9999.0 -9999.0 -9999.0 -9999.0 -9999.0 -9999.0 -9999.0 -9999.0 -9999.0 -9999.0 -9999.0 -9999.0 -9999.0 -9999.0 -9999.0 -9999.0 -9999.0 -9999.0 -9999.0 -9999.0 -9999.0 -9999.0 -9999.0 -9999.0 -9999.0 -9999.0 -9999.0 -9999.0 -9999.0 -9999.0 -9999.0
-9999.0 -9999.0 -9999.0 -9999.0 -9999.0 -9999.0 -9999.0 -9999.0 -9999.0 -9999.0 -9999.0 -9999.0 -9999.0 -9999.0 -9999.0 -9999.0 -9999.0 -9999.0 -9999.0 -9999.0 -9999.0 -9999.0 -9999.0 -9999.0 -9999.0 -9999.0 -9999.0 -9999.0 -9999.0 -9999.0 -9999.0 -9999.0 -9999.0 -9999.0 -9999.0 -9999.0 -9999.0 -9999.0 -9999.0 -9999.0 -9999.0 -9999.0 -9999.0 -9999.0 -9999.0 -9999.0 -9999.0 -9999.0 -9999.0 -9999.0 -9999.0 -9999.0 -9999.0 -9999.0 -9999.0 -9999.0 -9999.0 -9999.0 -9999.0 -9999.0 -9999.0 -9999.0 -9999.0 -9999.0 -9999.0 -9999.0 -9999.0 -9999.0 -9999.0 -9999.0 -9999.0 -9999.0 -9999.0 -9999.0 -9999.0 -9999.0 -9999.0 -9999.0 -9999.0 -9999.0
-9999.0 -9999.0 -9999.0 -9999.0 -9999.0 -9999.0 -9999.0 -9999.0 -9999.0 -9999.0 -9999.0 -9999.0 -9999.0 -9999.0 -9999.0 -9999.0 -9999.0 -9999.0 -9999.0 -9999.0 -472.750868 -469.728249 -492.788234 -527.089245 -555.812383 -554.346445 -519.756996 -479.117860 -441.734275 -431.398190 -449.774345 -448.710542 -454.089950 -454.164634 -451.079005 -445.198783 -442.733010 -431.040130 -422.475173 -422.755693 -429.085067 -435.037408 -436.622289 -433.005610 -428.006839 -436.586179 -422.893320 -407.190367 -400.434797 -405.554716 -433.141743 -449.000033 -456.811068 -470.846941 -445.912210 -432.826829 -409.330766 -404.638613 -405.467436 -432.332531 -462.268025 -9999.0 -9999.0 -9999.0 -9999.0 -9999.0 -9999.0 -9999.0 -9999.0 -9999.0 -9999.0 -9999.0 -9999.0 -9999.0 -9999.0 -9999.0 -9999.0 -9999.0 -9999.0 -9999.0
-9999.0 -9999.0 -9999.0 -9999.0 -9999.0 -9999.0 -9999.0 -9999.0 -9999.0 -9999.0 -9999.0 -9999.0 -9999.0 -9999.0 -561.956920 -572.482030 -575.946084 -567.874485 -534.579531 -505.060439 -492.518069 -500.468650 -500.933525 -524.923591 -545.474589 -531.833820 -503.075238 -472.207178 -438.474080 -418.074994 -431.358443 -434.337618 -423.468939 -394.440698 -378.568493 -381.150996 -403.219743 -379.927784 -362.924721 -352.855935 -354.042347 -363.153821 -347.682264 -330.547654 -337.442295 -355.871978 -352.537437 -340.331226 -324.826894 -341.073956 -408.780724 -430.903431 -433.632308 -439.797114 -452.549115 -458.763639 -433.536110 -431.992550 -439.777871 -457.244235 -488.996862 -532.729403 -550.040331 -511.236039 -466.239173 -407.622285 -9999.0 -9999.0 -9999.0 -9999.0 -9999.0 -9999.0 -9999.0 -9999.0 -9999.0 -9999.0 -9999.0 -9999.0 -9999.0 -9999.0
-9999.0 -9999.0 -9999.0 -9999.0 -9999.0 -9999.0 -9999.0 -9999.0 -9999.0 -617.501283 -614.370106 -607.747067 -606.542593 -591.438378 -593.442832 -587.067264 -579.577034 -554.345574 -523.960445 -489.390761 -460.831449 -471.502946 -471.731572 -459.636052 -452.388377 -439.219682 -418.313960 -376.921729 -332.682321 -288.044949 -316.838358 -317.772984 -292.891349 -233.414442 -189.517218 -177.494390 -197.822281 -194.561784 -166.503548 -137.503987 -137.567641 -139.306714 -109.572435 -91.850543 -82.878511 -107.790361 -131.281856 -133.882745 -102.427248 -164.502849 -236.033712 -301.020755 -305.912243 -340.817561 -384.653764 -408.414667 -411.771689 -388.956196 -404.224322 -441.656598 -477.872976 -486.580670 -502.498962 -485.759270 -462.398692 -414.548477 -375.391484 -346.038325 -345.177383 -362.201046 -9999.0 -9999.0 -9999.0 -9999.0 -9999.0 -9999.0 -9999.0 -9999.0 -9999.0 -9999.0
-9999.0 -9999.0 -9999.0 -9999.0 -9999.0 -9999.0 -695.177848 -686.911047 -667.834622 -662.575891 -639.099356 -632.148729 -612.363954 -593.725806 -574.163786 -557.864077 -527.585634 -495.850678 -454.594265 -409.760835 -376.301523 -380.563388 -370.087269 -332.016216 -277.157796 -237.318381 -210.672987 -167.516349 -67.447770 12.456784 47.404015 68.430092 105.429329 143.085332 192.482191 220.522142 187.709389 172.008932 185.447242 215.370631 244.066476 247.242698 254.468596 262.761355 288.491274 279.443174 220.290771 201.218807 198.330901 191.223841 151.694315 96.529902 -5.699149 -92.202965 -190.153160 -253.796967 -260.655857 -250.789833 -287.873160 -344.952509 -389.717333 -400.801598 -415.455832 -429.479008 -423.580558 -403.292174 -378.844618 -366.616622 -378.323515 -398.230116 -420.840562 -449.132432 -447.048708 -421.231582 -9999.0 -9999.0 -9999.0 -9999.0 -9999.0 -9999.0
-9999.0 -9999.0 -9999.0 -9999.0 -744.257423 -732.399769 -744.275072 -721.646104 -690.587876 -658.443245 -626.908295 -590.483929 -564.434155 -535.725386 -494.495869 -456.051933 -411.877321 -375.902125 -314.822815 -233.345703 -173.104894 -139.958719 -117.003412 -13.256311 107.061882 155.589803 168.798334 187.718225 224.338153 304.277955 333.550293 338.093141 361.551047 394.820233 434.468475 467.170250 448.830390 434.618916 443.879829 452.538277 477.816954 479.187204 480.604771 481.371195 484.058095 484.608080 461.627027 423.448490 417.607322 405.990649 393.369204 329.080526 258.520638 224.176283 204.095574 169.731009 114.869885 71.245964 -46.964194 -129.282060 -207.832426 -240.138344 -281.243012 -311.335280 -344.344980 -344.011581 -340.780776 -360.104189 -389.936725 -421.155056 -435.343577 -453.312200 -462.747100 -432.382828 -414.243206 -382.780603 -9999.0 -9999.0 -9999.0 -9999.0
-9999.0 -9999.0 -801.323763 -751.608031 -696.704218 -688.891973 -687.166352 -683.250183 -657.664883 -608.499425 -530.588601 -477.966304 -432.831216 -402.354166 -338.088828 -240.209126 -154.793292 -88.920698 24.687719 123.503848 174.087413 203.520468 239.061518 279.798277 331.525699 386.835190 403.675167 430.772640 458.620302 489.254489 512.651638 527.708393 535.914543 531.999687 533.363371 531.504865 528.581902 521.838531 505.047461 502.139947 508.592632 511.766815 515.354993 502.804814 499.426033 512.183524 514.040648 513.681813 516.798278 525.725126 536.024459 503.774771 450.633390 434.743161 432.095800 392.130647 335.631297 273.912615 241.526985 206.534311 149.210917 101.919537 -10.268037 -102.581134 -174.440049 -218.102437 -269.581642 -312.279901 -357.922826 -402.599850 -425.110942 -442.727961 -444.059497 -442.577619 -425.921647 -409.724458 -393.910433 -385.894623 -9999.0 -9999.0
-9999.0 -898.823808 -826.531616 -699.490192 -621.931228 -578.233727 -537.993054 -509.161289 -486.279229 -473.356469 -361.852442 -240.961036 -142.172536 -101.406228 -3.208670 131.809590 228.231121 266.926181 300.299538 354.330423 399.379085 448.017601 475.866525 505.574501 533.209244 532.445027 530.770529 531.157991 524.011726 516.449539 506.580616 514.320472 512.204602 496.869316 484.085821 481.744176 475.471919 448.096077 420.972092 407.251829 403.555338 429.110468 422.048552 401.008854 399.800847 419.242786 434.030298 420.927470 418.224900 435.443104 473.473400 490.540944 504.942393 518.743022 539.354758 516.652356 484.898452 445.041164 424.887738 392.898327 338.449697 280.290399 223.883641 170.297307 112.216175 -14.995823 -119.018211 -192.183266 -264.425731 -305.882110 -338.045022 -390.957416 -413.898004 -411.404788 -420.024398 -421.926889 -414.790657 -408.119440 -9999.0 -9999.0
-9999.0 -968.369484 -825.234417 -640.189575 -495.090665 -433.213359 -301.652543 -212.466057 -184.896980 -208.044373 -66.551324 208.688993 291.039185 300.647423 366.179952 444.432133 482.930741 508.629388 526.241332 523.867593 521.208179 526.589044 523.312811 514.536988 500.962837 493.292121 492.532785 490.468395 473.441969 452.048368 435.919640 433.365445 417.496535 384.660109 357.286737 342.300517 320.659294 273.024614 234.795289 210.804640 199.747391 217.028755 209.180693 194.319268 191.445930 210.237199 239.106493 235.958515 250.702618 283.322045 328.679744 369.943913 390.049991 415.920345 447.235187 491.151665 509.709235 529.270486 535.155453 511.529823 474.188020 425.864481 394.608667 328.363459 263.790952 191.036793 140.822636 86.192599 -50.464074 -125.642479 -188.450825 -256.819409 -320.628118 -349.731847 -388.972461 -409.777963 -9999.0 -9999.0 -9999.0 -9999.0
-9999.0 -1031.080483 -839.441852 -573.753089 -316.478232 -162.750879 108.554545 243.066595 314.808112 328.626567 380.256510 486.502623 507.239801 495.830080 477.960677 478.567107 490.980973 494.372634 490.978847 483.315593 476.739708 473.764525 470.850535 453.483890 444.328729 429.291063 417.101437 405.136628 357.339582 323.853332 291.711647 269.380158 234.043284 164.440180 135.310005 104.968659 -1.249159 -28.629319 -53.178646 -97.759775 -122.024572 -138.990132 -118.385190 -120.082873 -120.195280 -109.267551 -79.675832 -48.855762 34.360295 109.287622 147.997068 187.766522 218.061900 266.566452 312.975387 375.191616 403.664182 430.044359 476.676430 513.220017 535.074617 527.383656 498.729260 460.924227 399.333427 330.175806 291.435059 236.863938 177.680310 135.131467 91.823785 -25.084506 -140.263574 -255.316511 -299.726347 -9999.0 -9999.0 -9999.0 -9999.0 -9999.0
-9999.0 -1179.942876 -912.533874 -615.660434 -271.620422 105.628214 230.426092 399.142290 463.101045 393.940586 345.154305 379.550853 420.232865 424.014889 404.235539 398.942016 392.188034 392.446208 405.709910 383.391785 355.117115 335.857858 330.221104 309.167885 276.531025 253.456821 239.268030 222.258825 182.974542 146.100529 72.209217 8.906934 -110.863915 -191.852340 -242.472440 -297.329002 -356.755144 -359.482617 -343.884095 -361.435997 -384.125325 -403.293101 -377.568255 -362.363341 -351.605653 -361.464282 -352.448101 -316.624489 -264.094893 -215.313993 -158.447762 -87.736406 -7.711234 104.613878 138.480692 178.851017 216.699610 268.007179 346.711830 421.580202 455.140977 488.442361 524.605700 542.651916 500.342467 457.002881 415.101687 377.443813 298.136965 251.851427 224.953620 180.018305 129.661776 -9999.0 -9999.0 -9999.0 -9999.0 -9999.0 -9999.0 -9999.0
-9999.0 -1315.556379 -1080.654828 -829.133753 -529.056594 -284.762574 -81.379005 100.814777 188.759240 159.800340 162.220835 181.893484 205.023946 222.215399 204.263543 178.934867 160.841765 165.308659 166.757336 149.800817 129.559695 118.163586 114.210731 92.504146 29.427159 -10.135368 -34.377029 -72.820079 -123.891348 -188.913290 -280.283716 -353.507332 -417.470049 -453.846925 -484.285407 -517.393816 -556.437789 -545.477076 -530.322714 -535.072401 -547.798157 -552.691154 -523.162781 -505.166824 -495.369513 -509.232569 -491.391207 -464.957521 -423.632785 -382.412329 -334.388874 -279.400093 -224.310880 -187.405048 -165.099671 -125.718731 -61.447814 60.431256 154.945639 239.890618 316.181089 373.256736 421.800761 457.746944 475.495707 495.223739 489.978173 446.909479 373.738353 328.456094 299.542874 -9999.0 -9999.0 -9999.0 -9999.0 -9999.0 -9999.0 -9999.0 -9999.0 -9999.0
-9999.0 -9999.0 -1318.203990 -1124.580339 -959.970090 -775.118839 -630.663447 -529.199249 -457.876559 -367.457908 -273.757384 -201.108493 -159.280689 -141.438318 -162.515726 -206.582977 -233.895277 -233.920907 -243.195467 -259.218519 -288.352191 -301.899157 -313.298911 -322.961145 -339.155148 -347.719957 -353.341593 -364.732618 -388.004361 -435.568149 -489.365410 -541.196389 -595.099158 -619.402029 -640.857552 -663.339710 -667.097672 -668.200336 -661.038510 -659.901747 -654.991105 -643.630728 -622.958577 -602.084623 -593.033488 -586.705786 -574.551833 -551.506918 -519.085623 -479.280579 -428.171169 -373.542730 -336.235184 -324.842275 -334.646566 -328.161615 -303.963853 -252.445180 -150.025969 -9.253718 128.783045 193.965790 267.208046 324.013362 353.761094 374.313677 415.383808 413.989166 265.413731 345.890640 -9999.0 -9999.0 -9999.0 -9999.0 -9999.0 -9999.0 -9999.0 -9999.0 -9999.0 -9999.0
-9999.0 -9999.0 -9999.0 -9999.0 -1267.442235 -1109.850965 -1017.628199 -937.017440 -821.076634 -718.530920 -631.139320 -558.911931 -509.517196 -487.253825 -500.324386 -508.265846 -517.346386 -520.445324 -528.707389 -535.055290 -541.413768 -548.975446 -559.239258 -566.506814 -567.311145 -563.906897 -565.515916 -577.945686 -592.782463 -620.279320 -644.431022 -679.141398 -715.779085 -744.372340 -756.997712 -763.969746 -763.467086 -768.499063 -758.789017 -752.746790 -738.102862 -722.764438 -698.907560 -671.047378 -658.990360 -645.183030 -635.748909 -615.257937 -586.034169 -534.397929 -473.448111 -419.032689 -386.883446 -385.037990 -413.380476 -431.133585 -436.000314 -409.146855 -360.967451 -285.323449 -170.358130 -68.710451 67.110868 136.460908 168.338312 210.788292 282.138040 349.439322 -9999.0 -9999.0 -9999.0 -9999.0 -9999.0 -9999.0 -9999.0 -9999.0 -9999.0 -9999.0 -9999.0 -9999.0
-9999.0 -9999.0 -9999.0 -9999.0 -9999.0 -9999.0 -1326.158703 -1232.841934 -1144.159453 -1027.802402 -920.999557 -833.765806 -763.203701 -740.805061 -725.904288 -704.977652 -710.064555 -726.284220 -741.814293 -725.915715 -717.306145 -721.631386 -747.811714 -749.284098 -746.018177 -736.428238 -737.192586 -742.851995 -766.953787 -759.461398 -761.123114 -783.573459 -809.111373 -823.297854 -834.536411 -824.450392 -823.402970 -835.498269 -832.616552 -806.930719 -787.541061 -774.145932 -751.661397 -718.853233 -687.291561 -673.507807 -672.876777 -666.960569 -625.719896 -556.474663 -487.699863 -435.961368 -406.878583 -401.162704 -431.722925 -474.934897 -498.906702 -494.820346 -462.976276 -411.711742 -334.131320 -281.836296 -242.826412 -211.463052 -175.691655 -55.156388 -9999.0 -9999.0 -9999.0 -9999.0 -9999.0 -9999.0 -9999.0 -9999.0 -9999.0 -9999.0 -9999.0 -9999.0 -9999.0 -9999.0
-9999.0 -9999.0 -9999.0 -9999.0 -9999.0 -9999.0 -9999.0 -9999.0 -9999.0 -9999.0 -9999.0 -9999.0 -9999.0 -9999.0 -9999.0 -9999.0 -9999.0 -9999.0 -9999.0 -9999.0 -9999.0 -9999.0 -9999.0 -9999.0 -9999.0 -9999.0 -9999.0 -9999.0 -9999.0 -9999.0 -9999.0 -9999.0 -9999.0 -9999.0 -9999.0 -9999.0 -9999.0 -9999.0 -9999.0 -9999.0 -9999.0 -9999.0 -9999.0 -9999.0 -9999.0 -9999.0 -9999.0 -9999.0 -9999.0 -9999.0 -9999.0 -9999.0 -9999.0 -9999.0 -9999.0 -9999.0 -9999.0 -9999.0 -9999.0 -9999.0 -9999.0 -9999.0 -9999.0 -9999.0 -9999.0 -9999.0 -9999.0 -9999.0 -9999.0 -9999.0 -9999.0 -9999.0 -9999.0 -9999.0 -9999.0 -9999.0 -9999.0 -9999.0 -9999.0 -9999.0
-9999.0 -9999.0 -9999.0 -9999.0 -9999.0 -9999.0 -9999.0 -9999.0 -9999.0 -9999.0 -9999.0 -9999.0 -9999.0 -9999.0 -9999.0 -9999.0 -9999.0 -9999.0 -9999.0 -9999.0 -9999.0 -9999.0 -9999.0 -9999.0 -9999.0 -9999.0 -9999.0 -9999.0 -9999.0 -9999.0 -9999.0 -9999.0 -9999.0 -9999.0 -9999.0 -9999.0 -9999.0 -9999.0 -9999.0 -9999.0 -9999.0 -9999.0 -9999.0 -9999.0 -9999.0 -9999.0 -9999.0 -9999.0 -9999.0 -9999.0 -9999.0 -9999.0 -9999.0 -9999.0 -9999.0 -9999.0 -9999.0 -9999.0 -9999.0 -9999.0 -9999.0 -9999.0 -9999.0 -9999.0 -9999.0 -9999.0 -9999.0 -9999.0 -9999.0 -9999.0 -9999.0 -9999.0 -9999.0 -9999.0 -9999.0 -9999.0 -9999.0 -9999.0 -9999.0 -9999.0