Borden_/Borden1m_014/output_maps/psiliqL0009N0014.asc
ncols         80
nrows         18
xllcorner     620200.000000
yllcorner     5168000.000000
cellsize      1.000000
NODATA_value  -9999.0
-9999.0 -9999.0 -9999.0 -9999.0 -9999.0 -9999.0 -9999.0 -9999.0 -9999.0 -9999.0 -9999.0 -9999.0 -9999.0 -9999.0 -9999.0 -9999.0 -9999.0 -9999.0 -9999.0 -9999.0 -9999.0 -9999.0 -9999.0 -9999.0 -9999.0 -9999.0 -9999.0 -9999.0 -9999.0 -9999.0 -9999.0 -9999.0 -9999.0 -9999.0 -9999.0 -9999.0 -9999.0 -9999.0 -9999.0 -9999.0 -9999.0 -9999.0 -9999.0 -9999.0 -9999.0 -9999.0 -9999.0 -9999.0 -9999.0 -9999.0 -9999.0 -9999.0 -9999.0 -9999.0 -9999.0 -9999.0 -9999.0 -9999.0 -9999.0 -9999.0 -9999.0 -9999.0 -9999.0 -9999.0 -9999.0 -9999.0 -9999.0 -9999.0 -9999.0 -9999.0 -9999.0 -9999.0 -9999.0 -9999.0 -9999.0 -9999.0 -9999.0 -9999.0 -9999.0 -9999.0
-9999.0 -9999.0 -9999.0 -9999.0 -9999.0 -9999.0 -9999.0 -9999.0 -9999.0 -9999.0 -9999.0 -9999.0 -9999.0 -9999.0 -9999.0 -9999.0 -9999.0 -9999.0 -9999.0 -9999.0 -9999.0 -9999.0 -9999.0 -9999.0 -9999.0 -9999.0 -9999.0 -9999.0 -9999.0 -9999.0 -9999.0 -9999.0 -9999.0 -9999.0 -9999.0 -9999.0 -9999.0 -9999.0 -9999.0 -9999.0 -9999.0 -9999.0 -9999.0 -9999.0 -9999.0 -9999.0 -9999.0 -9999.0 -9999.0 -9999.0 -9999.0 -9999.0 -9999.0 -9999.0 -9999.0 -9999.0 -9999.0 -9999.0 -9999.0 -9999.0 -9999.0 -9999.0 -9999.0 -9999.0 -9999.0 -9999.0 -9999.0 -9999.0 -9999.0 -9999.0 -9999.0 -9999.0 -9999.0 -9999.0 -9999.0 -9999.0 -9999.0 -9999.0 -9999.0 -9999.0
-9999.0 -9999.0 -9999.0 -9999.0 -9999.0 -9999.0 -9999.0 -9999.0 -9999.0 -9999.0 -9999.0 -9999.0 -9999.0 -9999.0 -9999.0 -9999.0 -9999.0 -9999.0 -9999.0 -9999.0 -67.443306 -64.457573 -87.124965 -121.219679 -149.643095 -147.524334 -112.133173 -70.569932 -32.398485 -21.826844 -39.630532 -37.571029 -41.828061 -41.127562 -37.270304 -30.463220 -27.060400 -15.259013 -6.652249 -6.992700 -13.340313 -19.146473 -20.227303 -16.809060 -11.755746 -20.925494 -7.145617 8.353077 14.448312 8.752678 -19.536876 -36.436605 -45.559009 -60.791947 -36.636105 -24.515785 -1.850691 2.150476 0.605475 -26.638756 -56.885644 -9999.0 -9999.0 -9999.0 -9999.0 -9999.0 -9999.0 -9999.0 -9999.0 -9999.0 -9999.0 -9999.0 -9999.0 -9999.0 -9999.0 -9999.0 -9999.0 -9999.0 -9999.0 -9999.0
-9999.0 -9999.0 -9999.0 -9999.0 -9999.0 -9999.0 -9999.0 -9999.0 -9999.0 -9999.0 -9999.0 -9999.0 -9999.0 -9999.0 -158.531815 -168.665655 -171.687597 -163.118188 -129.087028 -98.738904 -86.019739 -93.561883 -93.554183 -117.135947 -137.266796 -122.596522 -92.475614 -60.532841 -26.022309 -5.312763 -17.457380 -19.275088 -7.076320 23.159053 39.705255 38.094724 17.663615 41.035686 57.527327 66.800083 65.514669 56.549603 70.920862 87.283703 80.444844 62.850556 67.060540 79.323442 93.491903 77.332557 9.921060 -13.915063 -19.008594 -26.579939 -40.626325 -47.746169 -23.425214 -23.065884 -31.643032 -49.833843 -82.425321 -126.882096 -145.013293 -106.289505 -61.712709 -3.691082 -9999.0 -9999.0 -9999.0 -9999.0 -9999.0 -9999.0 -9999.0 -9999.0 -9999.0 -9999.0 -9999.0 -9999.0 -9999.0 -9999.0
-9999.0 -9999.0 -9999.0 -9999.0 -9999.0 -9999.0 -9999.0 -9999.0 -9999.0 -215.389068 -211.733370 -204.733655 -203.006492 -187.455569 -189.321518 -182.378604 -174.547085 -148.088439 -116.504166 -80.637036 -51.181844 -60.798606 -60.155228 -47.501237 -39.410580 -24.153493 -1.480108 40.103404 82.860917 125.596954 98.123096 98.409370 124.591118 189.480509 234.716485 246.335429 229.163959 234.919710 260.658916 284.096089 281.952338 279.218037 303.648008 317.115881 321.663584 302.780736 288.188862 288.555553 315.007664 260.066148 186.638565 117.167791 111.151527 76.443391 33.544756 9.426673 4.012050 24.128048 7.742952 -30.492217 -67.699229 -78.043159 -95.224126 -78.899249 -56.282135 -9.287449 29.386963 58.041443 58.185988 40.821865 -9999.0 -9999.0 -9999.0 -9999.0 -9999.0 -9999.0 -9999.0 -9999.0 -9999.0 -9999.0
-9999.0 -9999.0 -9999.0 -9999.0 -9999.0 -9999.0 -293.925508 -285.156870 -265.498180 -260.207499 -235.898777 -228.550483 -208.149908 -188.832154 -167.999488 -150.713774 -119.318366 -85.831226 -42.658584 4.366819 39.031595 35.640210 47.035546 84.490965 137.754112 184.034876 214.894487 256.241548 335.414749 382.892788 399.886736 413.303295 449.016324 569.071713 649.024936 666.529538 652.227336 640.739654 654.276602 679.095196 680.578661 678.867187 684.022013 689.457560 710.707807 706.555360 679.411543 671.620618 670.466944 657.787213 586.810380 451.621579 378.312963 318.617390 232.605891 168.268200 156.495227 163.833396 127.981939 71.173008 26.208364 12.757845 -3.922294 -19.132403 -14.362944 4.605835 27.625173 38.847975 26.234352 5.534214 -17.519236 -46.382465 -44.752596 -19.367068 -9999.0 -9999.0 -9999.0 -9999.0 -9999.0 -9999.0
-9999.0 -9999.0 -9999.0 -9999.0 -343.614857 -331.356324 -343.367498 -319.772847 -287.811489 -254.608869 -222.333672 -184.914079 -157.607206 -127.261939 -84.285583 -44.089345 1.535331 39.504063 101.991833 188.457313 250.465187 279.577956 297.077291 370.860484 484.042291 599.501170 633.689039 654.126981 680.193078 722.781179 742.008711 748.617649 769.994017 812.150666 851.637268 877.785093 865.781242 862.059253 864.727805 869.499282 886.549320 885.281611 885.684007 886.140534 888.628177 890.986725 876.486429 854.972920 848.089130 842.415646 819.007953 750.487691 712.103854 690.375060 668.978490 617.002372 494.163801 430.177577 352.472275 289.074014 215.665742 176.096525 134.691720 103.686167 69.350178 67.631882 69.110204 48.220100 16.768172 -15.578653 -30.788047 -49.673974 -60.093808 -30.270499 -12.627093 18.273195 -9999.0 -9999.0 -9999.0 -9999.0
-9999.0 -9999.0 -401.472561 -351.841597 -295.955184 -287.566303 -285.800987 -280.930257 -253.903164 -202.872962 -123.464236 -68.682448 -22.556479 10.748665 76.789802 176.601380 259.497147 315.594914 401.040743 555.656612 636.814258 665.111834 675.066889 705.180137 756.561020 816.107575 838.287708 854.693591 871.414160 891.523129 907.672300 922.395770 930.696228 931.883087 933.318729 931.978663 930.098823 927.970781 912.704933 910.018757 915.498821 917.470505 920.327363 908.750541 905.190702 917.768663 921.738126 924.982444 928.650882 936.743333 943.059908 909.309481 869.274080 860.705116 857.589698 822.939919 763.261870 722.506255 705.628130 673.790498 593.072592 473.522229 380.705140 313.425462 243.613051 198.435347 145.567815 100.238938 52.561953 6.044658 -18.213594 -37.243424 -39.944614 -39.743673 -23.851248 -8.321410 7.051727 14.851161 -9999.0 -9999.0
-9999.0 -500.572817 -428.221840 -300.748571 -221.532234 -175.998791 -135.290242 -105.976355 -80.373162 -62.386352 49.964158 167.125861 262.044594 299.246928 373.239151 549.879167 653.463019 691.776875 725.888844 784.799601 832.917159 864.251814 881.056974 901.986384 930.438957 934.608930 934.875056 934.591622 926.849750 918.056118 907.975072 915.440399 915.132950 901.274674 887.700037 883.273580 879.276783 863.689809 845.907359 837.792142 841.184663 858.652380 850.415177 835.649966 832.883398 847.901740 860.840946 855.179607 847.499520 862.437768 889.465778 903.852640 916.831637 930.901399 949.731994 925.181444 895.269261 864.839891 854.333936 837.298746 795.558468 738.057563 689.738084 628.454928 510.489444 385.218946 301.300524 224.066330 150.304474 106.440666 71.662014 17.214451 -7.430718 -7.195020 -17.104097 -20.029203 -13.692374 -7.319357 -9999.0 -9999.0
-9999.0 -573.093356 -430.100731 -243.846421 -94.912585 -27.574713 103.366526 192.330459 218.785649 197.005015 319.850862 608.215121 698.401352 708.686705 766.617987 847.336270 878.969503 905.610767 923.758721 925.343910 924.278922 926.575820 921.054967 913.466469 900.907409 895.695268 897.211644 897.601438 886.269248 872.635082 857.365678 855.568642 845.607079 817.442917 787.875628 758.408220 739.641211 724.344657 700.888501 683.219979 673.743917 689.612920 682.941087 669.821227 666.477986 683.019166 708.231230 703.774058 712.518182 738.612794 784.304979 815.952793 830.346178 850.475315 876.298170 906.220309 919.608473 939.173295 943.865069 923.788614 890.771077 854.827778 835.747315 794.095067 733.625514 663.167658 587.078868 454.060223 352.352714 290.373210 224.451633 153.765542 89.362015 56.331227 14.555567 -7.227981 -9999.0 -9999.0 -9999.0 -9999.0
-9999.0 -640.130716 -449.478358 -183.269456 84.608515 240.916845 534.609877 664.821627 707.840481 756.291036 769.750692 882.617574 905.724650 895.742381 881.615750 883.867807 897.326100 900.646135 896.647711 888.215554 880.247913 875.251743 872.821460 867.275558 859.646154 850.989988 844.756100 840.279612 816.075933 788.428945 745.300427 728.156130 700.824473 626.930519 567.775361 462.177884 371.727250 357.218409 345.475031 315.080693 296.005335 279.708894 299.053701 300.034775 300.726173 307.301218 328.051587 351.708064 407.862833 479.314312 592.815145 657.785048 687.878726 728.006657 777.681224 821.084440 840.174136 859.433023 892.329805 923.478176 944.418433 937.033347 913.203786 885.625059 840.337068 799.368542 768.254943 704.762135 651.186804 588.622254 476.326616 369.084368 278.168500 152.643296 104.147604 -9999.0 -9999.0 -9999.0 -9999.0 -9999.0
-9999.0 -797.006390 -529.873211 -232.642552 111.834054 513.599335 653.958102 787.440077 848.935997 804.433520 799.281289 815.801110 844.760768 848.222100 834.035599 832.405001 827.233330 827.414675 837.675407 813.617986 779.781917 758.478245 754.419593 743.412960 724.432082 712.280997 705.279296 693.537017 655.302785 591.838331 436.694115 383.989335 298.823098 231.059502 177.069395 115.109249 56.494274 52.841719 68.310445 51.809066 29.533998 10.845417 36.650783 52.522141 63.600517 53.598461 62.816199 98.941798 151.071307 201.737457 265.952680 329.975050 387.714450 472.223199 581.367605 648.525701 687.493763 726.689473 795.993014 855.567636 879.652779 903.859443 936.099239 954.354148 914.312995 880.120588 852.870105 820.418651 770.473510 742.122632 710.539408 662.615448 610.133572 -9999.0 -9999.0 -9999.0 -9999.0 -9999.0 -9999.0 -9999.0
-9999.0 -930.153363 -699.883892 -454.295534 -152.287813 99.175516 299.027392 500.188773 595.692384 613.610108 634.601898 656.430132 677.462600 694.299255 678.368779 652.499840 632.928253 636.644213 632.056510 596.175757 519.327387 458.280765 444.852176 429.098626 391.330481 370.241672 357.105707 332.214962 293.644882 231.496051 134.545725 59.411055 -5.008981 -41.668959 -73.953595 -109.397441 -149.317976 -138.861062 -124.204337 -128.702611 -141.020160 -145.406609 -115.494578 -96.910319 -86.872947 -100.155780 -81.647595 -54.491983 -12.082363 31.060796 81.225506 137.436562 193.057324 230.902832 261.532274 299.256855 349.959737 436.241037 598.919158 703.869858 781.923193 820.456129 857.265194 883.398847 894.447889 914.741395 903.199197 846.675104 766.203551 790.137390 797.854234 -9999.0 -9999.0 -9999.0 -9999.0 -9999.0 -9999.0 -9999.0 -9999.0 -9999.0
-9999.0 -9999.0 -936.287010 -747.372102 -590.221037 -406.461769 -254.339224 -140.912022 -57.628565 40.554648 138.066204 214.894811 255.316802 271.525665 254.821986 216.345452 191.023451 190.352121 178.758815 159.465333 124.985887 108.088897 95.588038 86.069419 71.433476 63.488193 57.857228 46.387187 23.098329 -25.360425 -80.522384 -134.503679 -189.920571 -215.406502 -237.699282 -260.591711 -264.045012 -265.797152 -258.835737 -257.525855 -252.063122 -240.267967 -219.477781 -198.121385 -188.787204 -181.816655 -169.386460 -145.764513 -112.481386 -71.141311 -18.334831 37.720647 76.368070 89.567517 82.428775 90.543498 115.759543 168.419754 274.087722 391.978912 575.466483 664.208672 732.026525 791.499895 809.858333 824.293504 841.851567 791.131930 515.983221 722.719734 -9999.0 -9999.0 -9999.0 -9999.0 -9999.0 -9999.0 -9999.0 -9999.0 -9999.0 -9999.0
-9999.0 -9999.0 -9999.0 -9999.0 -890.458733 -734.300127 -641.667854 -561.087988 -441.405106 -331.079548 -236.663857 -159.327225 -105.310678 -81.423598 -92.478201 -97.640631 -106.169369 -110.531361 -120.118560 -126.640484 -133.573697 -142.517876 -154.580983 -162.415905 -163.129680 -159.475923 -161.409133 -174.429637 -190.381117 -217.469788 -241.549477 -276.982548 -314.223493 -343.470533 -356.387061 -363.105799 -362.671000 -368.065702 -358.369316 -351.891311 -336.894736 -321.352195 -297.221032 -268.851005 -256.315968 -242.223805 -232.657120 -211.985350 -182.151009 -129.449757 -67.163998 -11.439280 21.977815 25.069903 -1.442674 -17.683589 -20.886467 8.525666 59.640615 137.476983 258.855804 349.511646 447.890300 585.578413 645.037759 691.684387 761.965099 790.699664 -9999.0 -9999.0 -9999.0 -9999.0 -9999.0 -9999.0 -9999.0 -9999.0 -9999.0 -9999.0 -9999.0 -9999.0
-9999.0 -9999.0 -9999.0 -9999.0 -9999.0 -9999.0 -946.005203 -851.550332 -765.490276 -645.153130 -533.447620 -442.393381 -368.034812 -342.809436 -324.896171 -302.058887 -306.838106 -324.434560 -341.591979 -324.776476 -315.018139 -320.030050 -347.867685 -349.148500 -345.372226 -335.714862 -336.690436 -342.565554 -367.299995 -358.711349 -359.814688 -382.685086 -408.496344 -422.579320 -433.859156 -423.649958 -422.632782 -434.999641 -432.488520 -406.344299 -386.585007 -373.102918 -350.539888 -317.323536 -285.337295 -271.167959 -270.392176 -264.392823 -223.111710 -153.079246 -83.010829 -30.029911 0.107266 6.686060 -22.676967 -64.754863 -87.397884 -81.376923 -46.530557 8.348109 89.030433 144.183786 185.686435 227.168459 266.092832 367.855556 -9999.0 -9999.0 -9999.0 -9999.0 -9999.0 -9999.0 -9999.0 -9999.0 -9999.0 -9999.0 -9999.0 -9999.0 -9999.0 -9999.0
-9999.0 -9999.0 -9999.0 -9999.0 -9999.0 -9999.0 -9999.0 -9999.0 -9999.0 -9999.0 -9999.0 -9999.0 -9999.0 -9999.0 -9999.0 -9999.0 -9999.0 -9999.0 -9999.0 -9999.0 -9999.0 -9999.0 -9999.0 -9999.0 -9999.0 -9999.0 -9999.0 -9999.0 -9999.0 -9999.0 -9999.0 -9999.0 -9999.0 -9999.0 -9999.0 -9999.0 -9999.0 -9999.0 -9999.0 -9999.0 -9999.0 -9999.0 -9999.0 -9999.0 -9999.0 -9999.0 -9999.0 -9999.0 -9999.0 -9999.0 -9999.0 -9999.0 -9999.0 -9999.0 -9999.0 -9999.0 -9999.0 -9999.0 -9999.0 -9999.0 -9999.0 -9999.0 -9999.0 -9999.0 -9999.0 -9999.0 -9999.0 -9999.0 -9999.0 -9999.0 -9999.0 -9999.0 -9999.0 -9999.0 -9999.0 -9999.0 -9999.0 -9999.0 -9999.0 -9999.0
-9999.0 -9999.0 -9999.0 -9999.0 -9999.0 -9999.0 -9999.0 -9999.0 -9999.0 -9999.0 -9999.0 -9999.0 -9999.0 -9999.0 -9999.0 -9999.0 -9999.0 -9999.0 -9999.0 -9999.0 -9999.0 -9999.0 -9999.0 -9999.0 -9999.0 -9999.0 -9999.0 -9999.0 -9999.0 -9999.0 -9999.0 -9999.0 -9999.0 -9999.0 -9999.0 -9999.0 -9999.0 -9999.0 -9999.0 -9999.0 -9999.0 -9999.0 -9999.0 -9999.0 -9999.0 -9999.0 -9999.0 -9999.0 -9999.0 -9999.0 -9999.0 -9999.0 -9999.0 -9999.0 -9999.0 -9999.0 -9999.0 -9999.0 -9999.0 -9999.0 -9999.0 -9999.0 -9999.0 -9999.0 -9999.0 -9999.0 -9999.0 -9999.0 -9999.0 -9999.0 -9999.0 -9999.0 -9999.0 -9999.0 -9999.0 -9999.0 -9999.0 -9999.0 -9999.0 -9999.0