Borden_/Borden1m_014/output_maps/psiliqL0011N0006.asc
ncols         80
nrows         18
xllcorner     620200.000000
yllcorner     5168000.000000
cellsize      1.000000
NODATA_value  -9999.0
-9999.0 -9999.0 -9999.0 -9999.0 -9999.0 -9999.0 -9999.0 -9999.0 -9999.0 -9999.0 -9999.0 -9999.0 -9999.0 -9999.0 -9999.0 -9999.0 -9999.0 -9999.0 -9999.0 -9999.0 -9999.0 -9999.0 -9999.0 -9999.0 -9999.0 -9999.0 -9999.0 -9999.0 -9999.0 -9999.0 -9999.0 -9999.0 -9999.0 -9999.0 -9999.0 -9999.0 -9999.0 -9999.0 -9999.0 -9999.0 -9999.0 -9999.0 -9999.0 -9999.0 -9999.0 -9999.0 -9999.0 -9999.0 -9999.0 -9999.0 -9999.0 -9999.0 -9999.0 -9999.0 -9999.0 -9999.0 -9999.0 -9999.0 -9999.0 -9999.0 -9999.0 -9999.0 -9999.0 -9999.0 -9999.0 -9999.0 -9999.0 -9999.0 -9999.0 -9999.0 -9999.0 -9999.0 -9999.0 -9999.0 -9999.0 -9999.0 -9999.0 -9999.0 -9999.0 -9999.0
-9999.0 -9999.0 -9999.0 -9999.0 -9999.0 -9999.0 -9999.0 -9999.0 -9999.0 -9999.0 -9999.0 -9999.0 -9999.0 -9999.0 -9999.0 -9999.0 -9999.0 -9999.0 -9999.0 -9999.0 -9999.0 -9999.0 -9999.0 -9999.0 -9999.0 -9999.0 -9999.0 -9999.0 -9999.0 -9999.0 -9999.0 -9999.0 -9999.0 -9999.0 -9999.0 -9999.0 -9999.0 -9999.0 -9999.0 -9999.0 -9999.0 -9999.0 -9999.0 -9999.0 -9999.0 -9999.0 -9999.0 -9999.0 -9999.0 -9999.0 -9999.0 -9999.0 -9999.0 -9999.0 -9999.0 -9999.0 -9999.0 -9999.0 -9999.0 -9999.0 -9999.0 -9999.0 -9999.0 -9999.0 -9999.0 -9999.0 -9999.0 -9999.0 -9999.0 -9999.0 -9999.0 -9999.0 -9999.0 -9999.0 -9999.0 -9999.0 -9999.0 -9999.0 -9999.0 -9999.0
-9999.0 -9999.0 -9999.0 -9999.0 -9999.0 -9999.0 -9999.0 -9999.0 -9999.0 -9999.0 -9999.0 -9999.0 -9999.0 -9999.0 -9999.0 -9999.0 -9999.0 -9999.0 -9999.0 -9999.0 332.534600 335.344087 312.979349 279.198888 251.130231 253.306381 288.253543 329.705525 368.168213 378.588453 360.756419 362.779421 358.013005 357.437755 360.428000 367.184395 370.980204 382.878996 392.277404 393.173326 388.064821 383.316300 383.171575 386.523078 391.600315 381.459086 394.697522 409.106147 413.736154 407.540824 379.688079 363.626955 354.876069 339.712981 363.948009 375.770555 398.275089 402.196969 400.470832 373.218238 342.955002 -9999.0 -9999.0 -9999.0 -9999.0 -9999.0 -9999.0 -9999.0 -9999.0 -9999.0 -9999.0 -9999.0 -9999.0 -9999.0 -9999.0 -9999.0 -9999.0 -9999.0 -9999.0 -9999.0
-9999.0 -9999.0 -9999.0 -9999.0 -9999.0 -9999.0 -9999.0 -9999.0 -9999.0 -9999.0 -9999.0 -9999.0 -9999.0 -9999.0 242.163038 232.299961 229.400905 237.831455 271.454389 301.554558 314.047651 306.693748 306.838723 283.367057 263.077590 277.290500 307.162210 339.177737 374.038128 394.618287 382.732727 380.320953 390.529494 417.234787 431.822941 430.139008 409.906715 433.467445 451.314149 463.110445 464.301972 456.840257 470.827165 486.686867 479.726768 462.295344 466.238732 476.716878 487.604436 470.759714 405.131914 384.313848 380.448987 373.701625 359.663902 352.522686 376.999838 377.146292 368.632232 350.403610 317.626985 273.235329 254.930843 293.372768 337.452368 395.010233 -9999.0 -9999.0 -9999.0 -9999.0 -9999.0 -9999.0 -9999.0 -9999.0 -9999.0 -9999.0 -9999.0 -9999.0 -9999.0 -9999.0
-9999.0 -9999.0 -9999.0 -9999.0 -9999.0 -9999.0 -9999.0 -9999.0 -9999.0 185.202269 189.263443 196.428231 198.418445 213.967443 211.924379 218.921761 226.386080 252.819521 283.825562 318.990614 348.075708 339.026888 339.772911 351.049600 356.365622 369.247217 391.361647 433.195492 475.634813 517.318047 489.002764 486.856548 506.518132 556.746297 596.899069 609.686648 588.935349 594.913557 625.748776 659.174533 663.709470 663.580150 687.946429 700.827066 703.522203 684.776786 670.597286 667.486467 685.663048 625.252528 553.882877 499.470531 501.930322 471.457171 430.956356 407.197749 402.486056 422.832628 407.292039 369.470769 332.352244 321.549229 304.209613 320.669374 343.007809 389.592708 428.113250 456.692575 456.704647 439.385375 -9999.0 -9999.0 -9999.0 -9999.0 -9999.0 -9999.0 -9999.0 -9999.0 -9999.0 -9999.0
-9999.0 -9999.0 -9999.0 -9999.0 -9999.0 -9999.0 106.447159 115.566820 135.540268 140.732809 165.536620 172.947031 193.378517 212.536626 233.438523 250.169791 280.763095 313.544666 354.905143 399.005265 432.467473 429.977075 441.495802 474.007720 515.537207 547.729330 575.243139 620.143880 703.146151 746.848112 756.249537 760.829966 771.484916 826.271070 909.719362 945.212174 909.423978 888.673288 924.164512 992.542953 1010.989663 1014.930506 1022.932912 1029.805701 1053.018799 1046.676119 1012.942808 996.019615 976.287441 928.274959 847.240684 776.207369 740.433748 693.076137 608.365560 540.888902 537.438964 552.081191 521.190151 466.025624 421.674910 409.161154 393.166614 378.601782 383.963621 403.075746 425.913355 437.313600 424.786596 404.093412 381.205331 352.473208 354.239113 379.565345 -9999.0 -9999.0 -9999.0 -9999.0 -9999.0 -9999.0
-9999.0 -9999.0 -9999.0 -9999.0 56.696230 69.163136 57.172333 81.305341 113.521349 147.145229 179.307885 216.445982 243.534803 273.336333 314.443838 351.464291 395.810963 431.962630 487.388481 558.022776 615.264756 650.762905 670.401486 728.842345 790.443277 847.473993 876.370978 922.141598 990.854299 1053.048674 1076.641554 1080.780397 1095.188433 1125.967644 1171.905742 1206.994352 1188.428198 1182.557327 1195.776398 1218.821304 1246.395209 1248.820462 1250.144045 1250.765804 1253.295741 1254.287091 1235.955663 1205.875066 1187.316265 1166.954416 1135.262237 1074.036643 1042.021890 1017.439589 977.434718 888.098055 801.463033 778.802269 722.302812 662.346069 587.070387 557.239494 522.466387 493.682421 462.257052 462.573835 465.454787 445.585149 414.532436 382.628261 367.689576 349.010494 338.551512 368.565638 386.302034 417.088042 -9999.0 -9999.0 -9999.0 -9999.0
-9999.0 -9999.0 -1.488191 47.641241 103.632436 112.001283 113.234916 118.599961 146.266168 197.720395 275.242745 328.222154 372.744634 404.993352 464.987337 549.906861 631.836251 683.689731 742.923193 816.278640 895.901810 967.667511 997.003179 1030.770130 1075.416179 1127.813654 1152.417308 1181.653705 1216.894095 1246.677303 1260.361947 1272.730780 1277.942241 1276.935682 1280.379134 1282.237954 1280.248811 1279.278994 1268.149296 1271.369791 1280.882041 1285.097183 1286.937812 1273.412638 1268.741208 1282.000559 1286.220114 1286.433870 1284.717566 1287.392232 1289.891087 1256.594148 1221.347996 1210.757029 1199.322113 1147.800097 1087.086852 1051.255811 1032.803327 981.622547 864.654697 794.850515 734.867698 674.056367 616.023634 581.117166 533.940541 492.757679 447.383820 402.035342 378.625877 360.356224 358.107053 358.621596 374.952792 390.682224 406.269317 414.177575 -9999.0 -9999.0
-9999.0 -102.001995 -29.676941 96.873637 175.720385 220.037269 256.610628 284.019324 311.032000 332.130200 441.029486 546.693647 639.058435 672.234626 722.990206 829.802447 957.151604 1011.827596 1046.184726 1094.635112 1151.887477 1204.670364 1233.200753 1249.971474 1278.200085 1283.919619 1285.024938 1288.476517 1285.412656 1278.512854 1269.237472 1274.505681 1269.987888 1250.935345 1236.742853 1236.189964 1235.258605 1219.639615 1201.193438 1193.660863 1198.554343 1218.307131 1206.552953 1185.788275 1179.923141 1200.744020 1218.293313 1210.914549 1198.823737 1210.899420 1237.309477 1254.268833 1268.991076 1285.381322 1303.413951 1276.412182 1249.793650 1217.588671 1203.623412 1175.588814 1114.241926 1053.567573 990.071415 891.514474 806.544480 725.130401 659.254030 599.579842 533.996932 493.356826 461.689128 410.013451 387.699246 389.750554 381.156529 378.843906 385.509516 392.014203 -9999.0 -9999.0
-9999.0 -177.426968 -34.735580 149.872288 296.446554 356.880012 470.177022 559.331555 588.841558 566.277211 679.482430 932.270844 1031.568583 1044.060365 1103.116215 1177.824636 1211.143795 1243.093943 1262.979299 1266.775573 1271.658174 1282.231534 1281.687406 1276.369376 1264.830914 1259.698842 1260.238539 1258.685564 1243.011450 1226.079605 1210.561130 1206.290074 1185.531022 1134.642308 1099.617343 1085.038546 1076.407318 1064.320574 1040.355953 1021.569043 1011.195881 1026.995584 1016.555532 995.487070 985.390544 1012.324014 1044.776384 1039.576862 1043.224244 1059.262327 1092.050837 1128.765367 1159.263267 1189.795811 1220.489283 1256.595479 1273.947521 1296.863081 1302.002655 1281.061050 1242.871145 1199.046533 1167.847523 1102.255792 1023.578603 915.216396 837.987265 772.586035 698.028256 645.445257 593.344096 531.140814 473.458128 449.169553 410.754264 391.077507 -9999.0 -9999.0 -9999.0 -9999.0
-9999.0 -248.848717 -59.225144 202.327198 467.007117 588.495809 803.488733 962.465030 1023.582336 1085.079394 1090.579651 1219.009291 1251.724493 1244.264378 1232.447594 1228.908556 1239.598293 1242.006537 1239.034530 1232.663401 1228.794847 1229.274978 1230.798898 1226.918175 1219.481823 1209.179229 1198.870354 1185.193722 1142.071620 1106.461082 1073.048927 1057.261590 1010.889760 882.633297 822.370761 784.537359 732.333507 728.720407 723.366913 697.543292 679.980358 662.331658 679.887984 678.781806 677.923034 685.826406 705.403711 725.665569 766.055743 800.148660 846.313309 911.763411 981.800984 1035.946737 1080.650952 1134.159855 1173.839529 1205.181051 1245.137279 1279.262067 1301.264057 1292.916361 1267.572786 1230.422482 1170.170168 1108.054676 1066.066928 997.798894 911.811915 835.847536 771.409411 695.760928 620.213051 537.099868 496.830091 -9999.0 -9999.0 -9999.0 -9999.0 -9999.0
-9999.0 -414.004634 -146.725496 145.256995 468.325310 797.139380 932.418130 1071.682182 1139.414135 1103.430415 1110.948652 1145.536778 1188.570181 1194.630604 1171.007437 1149.810133 1130.703057 1126.841064 1138.512123 1116.604269 1094.058356 1085.954761 1088.714694 1081.172956 1063.965234 1051.282459 1039.546698 1011.011625 929.999332 858.922780 771.389680 742.493671 666.003031 595.465919 545.368387 495.997265 446.124361 445.781615 463.068779 448.290347 426.582736 407.882977 432.882101 448.115487 458.919827 449.108914 458.236792 492.704140 540.042326 581.221549 629.424656 685.639173 739.558387 793.614001 833.029120 901.339314 986.888811 1043.755610 1114.721105 1192.155554 1224.730623 1255.076757 1289.055923 1307.487692 1265.192574 1227.099283 1192.271591 1148.105471 1074.863421 1030.431500 984.746021 872.681273 780.089078 -9999.0 -9999.0 -9999.0 -9999.0 -9999.0 -9999.0 -9999.0
-9999.0 -544.740393 -318.857718 -79.105378 212.663821 446.822236 626.234168 734.719138 816.032948 842.564984 886.128744 955.101120 998.522132 1019.246800 985.701007 911.481046 862.193164 859.133584 854.200980 827.245290 797.159571 783.058778 782.942696 777.624692 754.602169 740.935329 729.761294 703.457988 659.127478 598.918033 517.007242 447.677784 386.173813 350.337948 319.212694 286.114460 249.058941 260.019255 274.358760 270.494528 258.951698 254.959544 284.087132 302.340189 312.173211 299.551377 318.082672 344.468598 385.263252 426.001642 472.553879 525.774578 578.831498 609.139409 625.919513 658.783811 710.310417 772.772372 874.032564 1003.478974 1085.493259 1135.184546 1191.072669 1226.050359 1243.469906 1269.120930 1258.009708 1192.466893 1088.454262 1111.894021 1112.851704 -9999.0 -9999.0 -9999.0 -9999.0 -9999.0 -9999.0 -9999.0 -9999.0 -9999.0
-9999.0 -9999.0 -554.357255 -369.936431 -219.387605 -37.585448 110.027870 214.795608 293.508745 393.435462 493.382993 579.958773 626.471989 643.106822 622.521013 574.957626 544.116159 541.336767 530.918640 517.921686 495.940331 488.130583 479.277062 472.482447 461.560676 455.582717 450.217206 438.061351 413.787277 365.953780 314.361516 262.569253 208.730277 183.385257 161.383574 139.209167 136.644755 134.472616 141.182722 142.634287 148.520899 160.483913 180.920425 202.281420 211.627238 219.066541 231.327420 254.536602 286.989652 327.524867 379.338919 434.460850 472.134666 483.754274 474.389836 481.060741 504.699619 550.319840 637.685049 732.577337 833.987398 923.470765 1028.866763 1091.417032 1118.735280 1155.369696 1186.535016 1126.358036 767.361268 1042.122395 -9999.0 -9999.0 -9999.0 -9999.0 -9999.0 -9999.0 -9999.0 -9999.0 -9999.0 -9999.0
-9999.0 -9999.0 -9999.0 -9999.0 -513.424252 -358.297155 -264.385752 -182.949712 -60.626111 50.847630 145.628487 224.819254 281.024542 305.146272 294.751635 290.247852 281.355281 275.973536 266.752752 262.765611 258.976462 251.843594 240.258350 233.336655 233.610603 237.866640 235.821812 222.562177 205.959716 180.286277 157.555944 122.773809 86.257117 57.316746 44.482526 38.171712 38.512613 32.822029 42.275434 49.004519 63.994072 79.349554 103.230091 131.639147 144.432510 158.624055 168.114443 188.495390 218.040308 270.161091 331.854906 387.324951 420.585478 423.326994 396.828071 380.447837 376.706756 404.337499 450.652553 520.180339 622.385249 700.094951 772.725239 832.906115 890.822840 990.274841 1088.412040 1129.573248 -9999.0 -9999.0 -9999.0 -9999.0 -9999.0 -9999.0 -9999.0 -9999.0 -9999.0 -9999.0 -9999.0 -9999.0
-9999.0 -9999.0 -9999.0 -9999.0 -9999.0 -9999.0 -565.814939 -470.092535 -386.255732 -260.305130 -142.737038 -48.392260 27.171035 53.609346 73.002564 95.828682 91.437229 73.767378 56.472694 73.706421 84.739461 79.927545 52.186165 51.408496 55.623171 64.934690 63.713536 57.768335 33.184500 42.490472 41.948495 19.215838 -6.469468 -20.407260 -31.769562 -21.658721 -20.781939 -33.407228 -31.358069 -5.034245 14.820963 28.160612 50.407030 83.435794 115.353079 129.695939 130.526338 136.391875 177.010209 246.461977 316.170036 369.155633 399.292094 405.697648 376.482847 334.617475 312.175016 317.657395 350.997524 402.895056 477.783383 527.351825 560.013656 584.383942 618.159877 724.279706 -9999.0 -9999.0 -9999.0 -9999.0 -9999.0 -9999.0 -9999.0 -9999.0 -9999.0 -9999.0 -9999.0 -9999.0 -9999.0 -9999.0
-9999.0 -9999.0 -9999.0 -9999.0 -9999.0 -9999.0 -9999.0 -9999.0 -9999.0 -9999.0 -9999.0 -9999.0 -9999.0 -9999.0 -9999.0 -9999.0 -9999.0 -9999.0 -9999.0 -9999.0 -9999.0 -9999.0 -9999.0 -9999.0 -9999.0 -9999.0 -9999.0 -9999.0 -9999.0 -9999.0 -9999.0 -9999.0 -9999.0 -9999.0 -9999.0 -9999.0 -9999.0 -9999.0 -9999.0 -9999.0 -9999.0 -9999.0 -9999.0 -9999.0 -9999.0 -9999.0 -9999.0 -9999.0 -9999.0 -9999.0 -9999.0 -9999.0 -9999.0 -9999.0 -9999.0 -9999.0 -9999.0 -9999.0 -9999.0 -9999.0 -9999.0 -9999.0 -9999.0 -9999.0 -9999.0 -9999.0 -9999.0 -9999.0 -9999.0 -9999.0 -9999.0 -9999.0 -9999.0 -9999.0 -9999.0 -9999.0 -9999.0 -9999.0 -9999.0 -9999.0
-9999.0 -9999.0 -9999.0 -9999.0 -9999.0 -9999.0 -9999.0 -9999.0 -9999.0 -9999.0 -9999.0 -9999.0 -9999.0 -9999.0 -9999.0 -9999.0 -9999.0 -9999.0 -9999.0 -9999.0 -9999.0 -9999.0 -9999.0 -9999.0 -9999.0 -9999.0 -9999.0 -9999.0 -9999.0 -9999.0 -9999.0 -9999.0 -9999.0 -9999.0 -9999.0 -9999.0 -9999.0 -9999.0 -9999.0 -9999.0 -9999.0 -9999.0 -9999.0 -9999.0 -9999.0 -9999.0 -9999.0 -9999.0 -9999.0 -9999.0 -9999.0 -9999.0 -9999.0 -9999.0 -9999.0 -9999.0 -9999.0 -9999.0 -9999.0 -9999.0 -9999.0 -9999.0 -9999.0 -9999.0 -9999.0 -9999.0 -9999.0 -9999.0 -9999.0 -9999.0 -9999.0 -9999.0 -9999.0 -9999.0 -9999.0 -9999.0 -9999.0 -9999.0 -9999.0 -9999.0