Borden_/Borden1m_014/output_maps/psiliqL0028N0011.asc
ncols         80
nrows         18
xllcorner     620200.000000
yllcorner     5168000.000000
cellsize      1.000000
NODATA_value  -9999.0
-9999.0 -9999.0 -9999.0 -9999.0 -9999.0 -9999.0 -9999.0 -9999.0 -9999.0 -9999.0 -9999.0 -9999.0 -9999.0 -9999.0 -9999.0 -9999.0 -9999.0 -9999.0 -9999.0 -9999.0 -9999.0 -9999.0 -9999.0 -9999.0 -9999.0 -9999.0 -9999.0 -9999.0 -9999.0 -9999.0 -9999.0 -9999.0 -9999.0 -9999.0 -9999.0 -9999.0 -9999.0 -9999.0 -9999.0 -9999.0 -9999.0 -9999.0 -9999.0 -9999.0 -9999.0 -9999.0 -9999.0 -9999.0 -9999.0 -9999.0 -9999.0 -9999.0 -9999.0 -9999.0 -9999.0 -9999.0 -9999.0 -9999.0 -9999.0 -9999.0 -9999.0 -9999.0 -9999.0 -9999.0 -9999.0 -9999.0 -9999.0 -9999.0 -9999.0 -9999.0 -9999.0 -9999.0 -9999.0 -9999.0 -9999.0 -9999.0 -9999.0 -9999.0 -9999.0 -9999.0
-9999.0 -9999.0 -9999.0 -9999.0 -9999.0 -9999.0 -9999.0 -9999.0 -9999.0 -9999.0 -9999.0 -9999.0 -9999.0 -9999.0 -9999.0 -9999.0 -9999.0 -9999.0 -9999.0 -9999.0 -9999.0 -9999.0 -9999.0 -9999.0 -9999.0 -9999.0 -9999.0 -9999.0 -9999.0 -9999.0 -9999.0 -9999.0 -9999.0 -9999.0 -9999.0 -9999.0 -9999.0 -9999.0 -9999.0 -9999.0 -9999.0 -9999.0 -9999.0 -9999.0 -9999.0 -9999.0 -9999.0 -9999.0 -9999.0 -9999.0 -9999.0 -9999.0 -9999.0 -9999.0 -9999.0 -9999.0 -9999.0 -9999.0 -9999.0 -9999.0 -9999.0 -9999.0 -9999.0 -9999.0 -9999.0 -9999.0 -9999.0 -9999.0 -9999.0 -9999.0 -9999.0 -9999.0 -9999.0 -9999.0 -9999.0 -9999.0 -9999.0 -9999.0 -9999.0 -9999.0
-9999.0 -9999.0 -9999.0 -9999.0 -9999.0 -9999.0 -9999.0 -9999.0 -9999.0 -9999.0 -9999.0 -9999.0 -9999.0 -9999.0 -9999.0 -9999.0 -9999.0 -9999.0 -9999.0 -9999.0 3725.108082 3725.771606 3704.092022 3669.785297 3641.327639 3642.897143 3675.320255 3715.608307 3754.224381 3760.940312 3741.418577 3745.206080 3740.569476 3735.304826 3734.937283 3742.657203 3749.544683 3758.877572 3765.490195 3762.792285 3755.167911 3750.130849 3753.078044 3754.418618 3760.833671 3745.743288 3762.090513 3778.571771 3783.208919 3780.895399 3757.733159 3746.472452 3738.786121 3723.372345 3750.480935 3762.327179 3786.136988 3791.063278 3789.257386 3762.821115 3732.936636 -9999.0 -9999.0 -9999.0 -9999.0 -9999.0 -9999.0 -9999.0 -9999.0 -9999.0 -9999.0 -9999.0 -9999.0 -9999.0 -9999.0 -9999.0 -9999.0 -9999.0 -9999.0 -9999.0
-9999.0 -9999.0 -9999.0 -9999.0 -9999.0 -9999.0 -9999.0 -9999.0 -9999.0 -9999.0 -9999.0 -9999.0 -9999.0 -9999.0 3635.221263 3626.476197 3623.363827 3630.203125 3662.213019 3692.237733 3703.672172 3695.980186 3695.493218 3670.274077 3646.710354 3658.712001 3687.656628 3717.528900 3750.332699 3766.832500 3755.597517 3752.630075 3758.772589 3776.991418 3783.896763 3779.934619 3762.530369 3786.863411 3799.522374 3803.106410 3800.806414 3790.669512 3798.603241 3812.265608 3805.130070 3790.203359 3802.204787 3817.782465 3828.297667 3821.185591 3764.210453 3753.658785 3750.956327 3747.730835 3735.214030 3732.170292 3761.454401 3761.392251 3754.777941 3738.109609 3705.073780 3659.989317 3641.423538 3682.835985 3726.904706 3783.457490 -9999.0 -9999.0 -9999.0 -9999.0 -9999.0 -9999.0 -9999.0 -9999.0 -9999.0 -9999.0 -9999.0 -9999.0 -9999.0 -9999.0
-9999.0 -9999.0 -9999.0 -9999.0 -9999.0 -9999.0 -9999.0 -9999.0 -9999.0 3578.017213 3584.048394 3590.694245 3592.902865 3607.622434 3603.909359 3610.427775 3613.493006 3640.365680 3669.127760 3701.904904 3728.144220 3718.492559 3716.497155 3718.838322 3711.149789 3717.755440 3737.523086 3773.307494 3802.815732 3836.925403 3802.336297 3796.735751 3813.736035 3853.755143 3874.718746 3875.481574 3856.584669 3874.870703 3898.083789 3912.569217 3908.586086 3901.945567 3928.271063 3943.869909 3936.185685 3914.101419 3914.876610 3923.748030 3953.766446 3903.020733 3836.936874 3800.954265 3819.121448 3799.677298 3776.134261 3767.061743 3768.817838 3789.751063 3779.007875 3746.066939 3713.756944 3702.345299 3686.138639 3708.435173 3732.431719 3779.381204 3819.890608 3850.211450 3849.882971 3832.866997 -9999.0 -9999.0 -9999.0 -9999.0 -9999.0 -9999.0 -9999.0 -9999.0 -9999.0 -9999.0
-9999.0 -9999.0 -9999.0 -9999.0 -9999.0 -9999.0 3499.649670 3510.128173 3530.663090 3532.583880 3558.883966 3563.368330 3581.436805 3597.770542 3619.076069 3630.680231 3654.188115 3683.018957 3717.578988 3753.634126 3779.902984 3766.716286 3771.041405 3788.060130 3812.113704 3828.804707 3850.885002 3888.410925 3960.497695 3996.321156 3986.204596 3986.308290 3994.319183 4045.077167 4109.149651 4119.218138 4098.423790 4085.711597 4110.291891 4148.454527 4145.427553 4144.108622 4158.162951 4169.428922 4196.387348 4184.760314 4148.888619 4144.988004 4153.335790 4128.857976 4057.790316 4001.438816 3985.158806 3938.095688 3854.018721 3813.412314 3840.760355 3870.691405 3850.562534 3801.994390 3771.367841 3767.246580 3757.331280 3752.089290 3766.156465 3790.232076 3814.810285 3829.440453 3818.034004 3797.502205 3776.269677 3748.437865 3751.419757 3776.480527 -9999.0 -9999.0 -9999.0 -9999.0 -9999.0 -9999.0
-9999.0 -9999.0 -9999.0 -9999.0 3450.573844 3463.127691 3447.416773 3473.329242 3504.603811 3537.502863 3563.630636 3593.808697 3615.625886 3641.089352 3672.259237 3691.350685 3721.131787 3749.335771 3794.976458 3854.666936 3897.597579 3909.066393 3916.679036 3966.942776 4022.785085 4069.092232 4087.780382 4114.041833 4161.478836 4218.359780 4240.244627 4242.497086 4259.474375 4304.619032 4363.022245 4398.757305 4380.756801 4371.357805 4382.416019 4397.556762 4419.721835 4419.755556 4420.902498 4425.512868 4433.813293 4431.618860 4404.061938 4370.189373 4357.066617 4346.503566 4306.190155 4232.753239 4203.639494 4173.752321 4128.109600 4072.687524 4028.445745 4032.481245 3977.312965 3921.704740 3873.666686 3868.144946 3849.609638 3835.233561 3819.858639 3833.934916 3847.324888 3833.141657 3803.548177 3774.794337 3762.334079 3745.175211 3733.971375 3765.508598 3783.588189 3812.991640 -9999.0 -9999.0 -9999.0 -9999.0
-9999.0 -9999.0 3392.217661 3436.482622 3492.990988 3497.962369 3489.188639 3490.723183 3515.896969 3563.801420 3623.226224 3657.252634 3683.110151 3712.511418 3761.340899 3820.071004 3878.138256 3920.230084 3978.767413 4048.724377 4107.905265 4134.163212 4142.368523 4178.463723 4234.259021 4305.657614 4334.532473 4361.693878 4394.581234 4432.441061 4420.475314 4430.555723 4443.816466 4458.615030 4475.466852 4483.606762 4478.371797 4473.686877 4454.905997 4449.390433 4455.807443 4464.502588 4463.001746 4448.050507 4444.059160 4459.344667 4466.044656 4463.648194 4460.246432 4464.711171 4458.510932 4407.938887 4394.232391 4378.391155 4365.619661 4318.465511 4250.456145 4218.999877 4196.427982 4154.183920 4080.144146 4044.441191 4006.030082 3972.629670 3936.578759 3925.581466 3894.779693 3863.636848 3825.721432 3785.589887 3767.148183 3753.573345 3753.620836 3754.459905 3772.579696 3788.400155 3804.468484 3812.590333 -9999.0 -9999.0
-9999.0 3281.147848 3351.420377 3471.365797 3547.815020 3582.300312 3585.692888 3584.448969 3608.630958 3641.952644 3725.151303 3767.895739 3850.374508 3888.878763 3928.431388 4018.361585 4114.463878 4158.894991 4199.181586 4265.361828 4333.150859 4381.212280 4408.037788 4380.912010 4422.154085 4455.598242 4464.946334 4472.867960 4473.826464 4465.218140 4459.120843 4465.637427 4462.458185 4442.824828 4426.320395 4424.401538 4420.896082 4397.181898 4369.341226 4353.407131 4354.348276 4379.811868 4366.321279 4344.749958 4340.255024 4362.222242 4384.341604 4373.386207 4360.099655 4376.819265 4411.997420 4438.064825 4437.511394 4456.526330 4477.755255 4447.940631 4427.870444 4382.869022 4365.560182 4339.816200 4281.817549 4226.884128 4178.330032 4130.071063 4078.233148 4030.594186 3983.438521 3936.592766 3884.118985 3851.801693 3828.218392 3786.648761 3775.293033 3782.574157 3778.292870 3777.050230 3783.807916 3790.445865 -9999.0 -9999.0
-9999.0 3181.152115 3318.667478 3493.873221 3634.564754 3671.248460 3725.009218 3776.632497 3788.413959 3728.674645 3830.073886 4048.996572 4177.061136 4196.172753 4273.926267 4372.089953 4348.679731 4380.984540 4405.174729 4434.650953 4458.274981 4473.861527 4472.468758 4467.669427 4450.889775 4442.817380 4441.859338 4439.649281 4421.903169 4402.635001 4385.596480 4382.115599 4363.559078 4312.309689 4278.430407 4260.207254 4239.741507 4226.779471 4200.034232 4173.648811 4156.333465 4165.450748 4164.745812 4151.954137 4147.557350 4165.198135 4196.170122 4195.159000 4208.380299 4228.288638 4263.856366 4302.883168 4322.369547 4351.921193 4387.945760 4437.278694 4445.022107 4467.733364 4470.326823 4461.355095 4413.710678 4361.340491 4331.587804 4275.544877 4215.903414 4154.133682 4104.827130 4060.050680 4004.580651 3971.170652 3932.616726 3879.289127 3838.058162 3832.696484 3800.100277 3788.127488 -9999.0 -9999.0 -9999.0 -9999.0
-9999.0 3073.509766 3250.123780 3483.602656 3780.599402 3845.293977 4048.717437 4163.207986 4201.016265 4270.009751 4133.543847 4354.125449 4411.627831 4407.843491 4427.965303 4431.879360 4446.688971 4445.780696 4440.681187 4429.474796 4419.623468 4414.847808 4413.873787 4405.909115 4393.165022 4378.410211 4366.330334 4354.577091 4317.251132 4284.739813 4244.058382 4231.155154 4184.451044 4091.587044 4052.957142 4013.098207 3950.536989 3954.015360 3963.635636 3940.097572 3920.118418 3890.158337 3921.376388 3933.599062 3938.340406 3932.444863 3941.009672 3971.279753 4020.622673 4055.457900 4094.319415 4142.666979 4173.595089 4212.986520 4252.507239 4305.182470 4336.943156 4366.125573 4416.082168 4453.341863 4476.298874 4461.563941 4444.002476 4398.053615 4337.328189 4287.707375 4258.186079 4206.962914 4163.189018 4119.865203 4073.441615 4020.755589 3959.253169 3909.896534 3876.765306 -9999.0 -9999.0 -9999.0 -9999.0 -9999.0
-9999.0 2841.382764 3102.807703 3362.006523 3627.361971 3974.064980 4156.706947 4248.262016 4312.882644 4300.489774 4328.252599 4333.426792 4371.033909 4378.996445 4357.717004 4343.243942 4324.747805 4323.657925 4336.799288 4309.033947 4278.228117 4264.579824 4265.552262 4254.877040 4230.653292 4215.810942 4206.609199 4187.713504 4144.546371 4093.606529 4008.259887 3971.884365 3891.580566 3855.767666 3820.413570 3773.631188 3730.091460 3736.875158 3762.953908 3754.974094 3734.606354 3718.004292 3748.025178 3769.634135 3783.192428 3766.161078 3772.549560 3806.937074 3853.237919 3893.578668 3937.075339 3984.840009 4027.009676 4065.631087 4085.403538 4123.719530 4166.042553 4207.887933 4278.608462 4358.381226 4395.269950 4430.522201 4458.687777 4480.919453 4437.600816 4411.948774 4387.753497 4363.719904 4316.905464 4271.171774 4230.590554 4164.970116 4105.404136 -9999.0 -9999.0 -9999.0 -9999.0 -9999.0 -9999.0 -9999.0
-9999.0 2740.849478 2917.879355 3097.794486 3336.474401 3564.624584 3794.409962 3884.456327 3955.596689 4035.364217 4093.930144 4133.369036 4159.177167 4181.184926 4158.741047 4111.503700 4078.671496 4083.864850 4073.972257 4053.497186 4026.099777 4013.500875 4010.653748 4006.221617 3985.513172 3975.893298 3969.580949 3951.963277 3927.660700 3874.897114 3804.754930 3731.064341 3678.733183 3661.892098 3640.947349 3615.579268 3591.137938 3605.264338 3617.998024 3618.975417 3613.619645 3614.740434 3643.776734 3663.923032 3673.322155 3662.769856 3680.839762 3703.292540 3739.359940 3778.156131 3822.327053 3871.933201 3919.936121 3938.938071 3939.443078 3948.962743 3975.306603 4017.779814 4093.715095 4180.031246 4259.483030 4305.703552 4357.040665 4397.750574 4426.767408 4450.063916 4473.702759 4467.712201 4440.974796 4407.142570 4347.363354 -9999.0 -9999.0 -9999.0 -9999.0 -9999.0 -9999.0 -9999.0 -9999.0 -9999.0
-9999.0 -9999.0 2704.691108 2836.855277 2920.258840 3072.952186 3209.262025 3313.547979 3417.346037 3565.276329 3691.872557 3788.168794 3835.687438 3851.484222 3838.105859 3811.056158 3794.933650 3794.445889 3782.384199 3777.191761 3764.324139 3759.745521 3747.663395 3740.610981 3738.213046 3738.996245 3737.704774 3730.549741 3715.316669 3675.466911 3641.672290 3599.353199 3555.154094 3535.141027 3518.691217 3503.605743 3509.731348 3505.114400 3511.046486 3514.715140 3525.403057 3540.237109 3559.503660 3582.499667 3592.171917 3602.725047 3613.140553 3634.176214 3663.320093 3702.945460 3753.780168 3808.188578 3843.530692 3849.467388 3830.098164 3823.435459 3829.619263 3856.560697 3917.418457 3985.319411 4076.020896 4142.195847 4209.335687 4265.968925 4293.113561 4329.515466 4400.993724 4449.114144 4493.124717 4470.635475 -9999.0 -9999.0 -9999.0 -9999.0 -9999.0 -9999.0 -9999.0 -9999.0 -9999.0 -9999.0
-9999.0 -9999.0 -9999.0 -9999.0 2712.875354 2834.399823 2928.482293 3001.462157 3134.245185 3265.557727 3371.672546 3459.782394 3530.780350 3557.158905 3560.098956 3580.264754 3580.502416 3570.555742 3559.462091 3566.196955 3573.062116 3567.544029 3550.355051 3545.184784 3550.933217 3560.901991 3560.763810 3549.773159 3533.480513 3523.441161 3514.403522 3486.637410 3457.245764 3432.189839 3422.430122 3421.764550 3423.331309 3416.235568 3425.311185 3435.367473 3451.945398 3467.279603 3490.789373 3520.751495 3535.744173 3550.304055 3558.371382 3576.057424 3604.130827 3655.119319 3716.390841 3772.668049 3806.402953 3806.181318 3776.834051 3754.099230 3740.176564 3756.049779 3783.235543 3831.926296 3920.427819 3982.234732 4026.093426 4063.680467 4099.989227 4166.284900 4262.866996 4345.203905 -9999.0 -9999.0 -9999.0 -9999.0 -9999.0 -9999.0 -9999.0 -9999.0 -9999.0 -9999.0 -9999.0 -9999.0
-9999.0 -9999.0 -9999.0 -9999.0 -9999.0 -9999.0 2695.339698 2803.296718 2833.683684 2986.654477 3135.361689 3243.890057 3327.979032 3365.371825 3401.901199 3433.706666 3435.193957 3414.495990 3391.980882 3415.157432 3436.578890 3430.439918 3397.685720 3400.637709 3409.633188 3418.901143 3418.099372 3414.494423 3392.567973 3413.595805 3421.918502 3402.310366 3379.964131 3370.318503 3360.970152 3372.692031 3374.142597 3360.512525 3359.629550 3388.597162 3410.369999 3423.344680 3444.161169 3477.380550 3509.850367 3525.520393 3525.986165 3529.880165 3565.186083 3632.653076 3703.374212 3758.343562 3789.176956 3793.379397 3761.968115 3716.447212 3689.489001 3687.118332 3709.869043 3747.264383 3807.019691 3841.907569 3850.373399 3848.441664 3858.529988 3959.692688 -9999.0 -9999.0 -9999.0 -9999.0 -9999.0 -9999.0 -9999.0 -9999.0 -9999.0 -9999.0 -9999.0 -9999.0 -9999.0 -9999.0
-9999.0 -9999.0 -9999.0 -9999.0 -9999.0 -9999.0 -9999.0 -9999.0 -9999.0 -9999.0 -9999.0 -9999.0 -9999.0 -9999.0 -9999.0 -9999.0 -9999.0 -9999.0 -9999.0 -9999.0 -9999.0 -9999.0 -9999.0 -9999.0 -9999.0 -9999.0 -9999.0 -9999.0 -9999.0 -9999.0 -9999.0 -9999.0 -9999.0 -9999.0 -9999.0 -9999.0 -9999.0 -9999.0 -9999.0 -9999.0 -9999.0 -9999.0 -9999.0 -9999.0 -9999.0 -9999.0 -9999.0 -9999.0 -9999.0 -9999.0 -9999.0 -9999.0 -9999.0 -9999.0 -9999.0 -9999.0 -9999.0 -9999.0 -9999.0 -9999.0 -9999.0 -9999.0 -9999.0 -9999.0 -9999.0 -9999.0 -9999.0 -9999.0 -9999.0 -9999.0 -9999.0 -9999.0 -9999.0 -9999.0 -9999.0 -9999.0 -9999.0 -9999.0 -9999.0 -9999.0
-9999.0 -9999.0 -9999.0 -9999.0 -9999.0 -9999.0 -9999.0 -9999.0 -9999.0 -9999.0 -9999.0 -9999.0 -9999.0 -9999.0 -9999.0 -9999.0 -9999.0 -9999.0 -9999.0 -9999.0 -9999.0 -9999.0 -9999.0 -9999.0 -9999.0 -9999.0 -9999.0 -9999.0 -9999.0 -9999.0 -9999.0 -9999.0 -9999.0 -9999.0 -9999.0 -9999.0 -9999.0 -9999.0 -9999.0 -9999.0 -9999.0 -9999.0 -9999.0 -9999.0 -9999.0 -9999.0 -9999.0 -9999.0 -9999.0 -9999.0 -9999.0 -9999.0 -9999.0 -9999.0 -9999.0 -9999.0 -9999.0 -9999.0 -9999.0 -9999.0 -9999.0 -9999.0 -9999.0 -9999.0 -9999.0 -9999.0 -9999.0 -9999.0 -9999.0 -9999.0 -9999.0 -9999.0 -9999.0 -9999.0 -9999.0 -9999.0 -9999.0 -9999.0 -9999.0 -9999.0