Borden_/Borden1m_014/output_maps/psiliqL0003N0007.asc
ncols         80
nrows         18
xllcorner     620200.000000
yllcorner     5168000.000000
cellsize      1.000000
NODATA_value  -9999.0
-9999.0 -9999.0 -9999.0 -9999.0 -9999.0 -9999.0 -9999.0 -9999.0 -9999.0 -9999.0 -9999.0 -9999.0 -9999.0 -9999.0 -9999.0 -9999.0 -9999.0 -9999.0 -9999.0 -9999.0 -9999.0 -9999.0 -9999.0 -9999.0 -9999.0 -9999.0 -9999.0 -9999.0 -9999.0 -9999.0 -9999.0 -9999.0 -9999.0 -9999.0 -9999.0 -9999.0 -9999.0 -9999.0 -9999.0 -9999.0 -9999.0 -9999.0 -9999.0 -9999.0 -9999.0 -9999.0 -9999.0 -9999.0 -9999.0 -9999.0 -9999.0 -9999.0 -9999.0 -9999.0 -9999.0 -9999.0 -9999.0 -9999.0 -9999.0 -9999.0 -9999.0 -9999.0 -9999.0 -9999.0 -9999.0 -9999.0 -9999.0 -9999.0 -9999.0 -9999.0 -9999.0 -9999.0 -9999.0 -9999.0 -9999.0 -9999.0 -9999.0 -9999.0 -9999.0 -9999.0
-9999.0 -9999.0 -9999.0 -9999.0 -9999.0 -9999.0 -9999.0 -9999.0 -9999.0 -9999.0 -9999.0 -9999.0 -9999.0 -9999.0 -9999.0 -9999.0 -9999.0 -9999.0 -9999.0 -9999.0 -9999.0 -9999.0 -9999.0 -9999.0 -9999.0 -9999.0 -9999.0 -9999.0 -9999.0 -9999.0 -9999.0 -9999.0 -9999.0 -9999.0 -9999.0 -9999.0 -9999.0 -9999.0 -9999.0 -9999.0 -9999.0 -9999.0 -9999.0 -9999.0 -9999.0 -9999.0 -9999.0 -9999.0 -9999.0 -9999.0 -9999.0 -9999.0 -9999.0 -9999.0 -9999.0 -9999.0 -9999.0 -9999.0 -9999.0 -9999.0 -9999.0 -9999.0 -9999.0 -9999.0 -9999.0 -9999.0 -9999.0 -9999.0 -9999.0 -9999.0 -9999.0 -9999.0 -9999.0 -9999.0 -9999.0 -9999.0 -9999.0 -9999.0 -9999.0 -9999.0
-9999.0 -9999.0 -9999.0 -9999.0 -9999.0 -9999.0 -9999.0 -9999.0 -9999.0 -9999.0 -9999.0 -9999.0 -9999.0 -9999.0 -9999.0 -9999.0 -9999.0 -9999.0 -9999.0 -9999.0 -660.867102 -658.119716 -664.922636 -673.053522 -679.923662 -680.610161 -672.825164 -663.763305 -653.751518 -651.639449 -659.112508 -657.443453 -660.291783 -661.809924 -661.806220 -659.657905 -658.596572 -655.391291 -653.281761 -654.069003 -656.409534 -658.137756 -659.452678 -658.840368 -656.320998 -659.913592 -654.662462 -649.398398 -647.478973 -647.823563 -655.243279 -658.523568 -659.833745 -665.702650 -655.159099 -651.787782 -643.836527 -642.889757 -641.764804 -650.681981 -659.726874 -9999.0 -9999.0 -9999.0 -9999.0 -9999.0 -9999.0 -9999.0 -9999.0 -9999.0 -9999.0 -9999.0 -9999.0 -9999.0 -9999.0 -9999.0 -9999.0 -9999.0 -9999.0 -9999.0
-9999.0 -9999.0 -9999.0 -9999.0 -9999.0 -9999.0 -9999.0 -9999.0 -9999.0 -9999.0 -9999.0 -9999.0 -9999.0 -9999.0 -675.268177 -678.896296 -680.555071 -681.313156 -674.275195 -668.594998 -667.902269 -671.577437 -668.883139 -676.412458 -683.137302 -679.054083 -672.853021 -667.375098 -659.038843 -652.992532 -658.274003 -659.589464 -656.565673 -646.489112 -641.965104 -643.907347 -655.175585 -644.360273 -638.609619 -634.980443 -635.449855 -640.413598 -633.379651 -625.309536 -629.280533 -637.876828 -636.057219 -631.026964 -623.287678 -627.810259 -655.825572 -659.504665 -658.369457 -658.186748 -662.309599 -665.080877 -654.368336 -655.550306 -657.486189 -660.102922 -667.173082 -678.234111 -683.107191 -671.837089 -661.413361 -641.886144 -9999.0 -9999.0 -9999.0 -9999.0 -9999.0 -9999.0 -9999.0 -9999.0 -9999.0 -9999.0 -9999.0 -9999.0 -9999.0 -9999.0
-9999.0 -9999.0 -9999.0 -9999.0 -9999.0 -9999.0 -9999.0 -9999.0 -9999.0 -682.310896 -683.152038 -682.049231 -684.269971 -680.914590 -685.987976 -684.638097 -685.374261 -680.400794 -676.022433 -669.019504 -660.458544 -666.256951 -666.991315 -662.697135 -662.038995 -660.086311 -655.801342 -642.017008 -626.821001 -605.796233 -623.781055 -624.983903 -616.448295 -589.204165 -564.553994 -556.774512 -571.121589 -571.572832 -554.473676 -534.053304 -534.694443 -536.237723 -519.610466 -510.681269 -503.707796 -516.130331 -531.396251 -535.667077 -517.036213 -552.718168 -591.189811 -620.848855 -615.924372 -629.866095 -646.275668 -652.854364 -654.745367 -643.021328 -647.784282 -659.472123 -669.352844 -667.275249 -672.585590 -667.252850 -662.968115 -647.731220 -634.332305 -622.097693 -621.537734 -629.142291 -9999.0 -9999.0 -9999.0 -9999.0 -9999.0 -9999.0 -9999.0 -9999.0 -9999.0 -9999.0
-9999.0 -9999.0 -9999.0 -9999.0 -9999.0 -9999.0 -689.918762 -690.183551 -687.863269 -694.129317 -689.169255 -692.129640 -688.455705 -686.613544 -683.936001 -683.395499 -677.219772 -671.477063 -662.149572 -650.273352 -639.798230 -644.696029 -641.860160 -627.913090 -606.737856 -589.787861 -577.988100 -555.867287 -500.775489 -468.068942 -455.974619 -451.711023 -443.931665 -389.887534 -19.222441 26.031560 -4.920587 -272.873856 -6.207985 28.143655 28.868188 28.735576 29.164824 29.507099 31.885410 31.546358 28.683502 27.939543 26.996721 -8.659879 -366.800173 -445.559113 -479.253224 -511.807384 -564.462073 -603.492849 -602.815575 -591.949450 -607.185195 -631.134720 -646.527895 -647.059310 -650.364419 -655.909904 -653.156718 -646.868097 -637.700962 -632.195913 -636.502383 -642.709731 -647.868866 -657.618995 -656.183989 -646.871350 -9999.0 -9999.0 -9999.0 -9999.0 -9999.0 -9999.0
-9999.0 -9999.0 -9999.0 -9999.0 -700.554287 -697.395584 -706.598930 -701.132172 -696.740878 -693.231171 -692.617333 -686.732555 -684.639279 -680.185902 -671.356126 -664.331765 -652.485681 -643.232612 -621.260234 -586.206282 -555.604496 -536.423760 -527.307270 -482.945143 -429.696139 -360.773128 -312.698316 -14.753624 27.223087 32.064727 33.560277 33.627104 34.892119 37.921990 45.927355 49.672269 47.502814 44.082472 47.602617 48.714215 50.917231 50.649975 50.714962 50.577464 50.635054 51.215820 49.883002 47.642453 46.873142 45.443788 39.308396 33.016314 30.546749 28.830708 13.777440 -288.002947 -431.988790 -453.751977 -495.104535 -532.321984 -577.741948 -590.042555 -605.757535 -616.137845 -630.295073 -627.754420 -623.982835 -631.611553 -642.065129 -652.229015 -654.114110 -658.779471 -663.474233 -651.434769 -646.786036 -634.150964 -9999.0 -9999.0 -9999.0 -9999.0
-9999.0 -9999.0 -701.847661 -701.063457 -692.128466 -696.969073 -700.034815 -704.243127 -701.951533 -693.107748 -676.937782 -669.432996 -658.409388 -651.983925 -629.572999 -587.616167 -540.754391 -509.266510 -469.174050 -408.188405 -272.929491 3.380854 27.083504 29.636434 33.274409 38.088725 40.556012 46.195844 48.608632 50.179944 63.005541 77.377237 81.509811 77.198439 75.538707 74.286554 72.733381 69.225752 54.414192 54.039627 60.924228 62.841982 66.345127 54.440311 51.599913 62.699707 64.891137 65.906181 68.157702 76.070332 85.641675 58.254214 47.807683 47.519823 47.145530 40.171453 33.900694 30.995822 29.969245 0.686425 -370.646407 -441.752426 -485.822866 -523.172318 -556.148505 -573.107891 -597.873021 -615.319633 -632.513003 -648.927471 -654.537915 -658.094647 -656.195840 -657.552655 -651.110157 -646.067088 -639.159304 -636.424980 -9999.0 -9999.0
-9999.0 -705.545140 -707.646890 -691.551760 -687.677745 -683.810888 -679.516800 -675.660753 -671.000500 -674.712410 -635.648312 -580.440741 -524.725993 -510.633955 -476.191299 -379.091345 -16.090434 28.275969 31.033967 34.911857 40.770595 47.477548 49.564154 60.290926 82.728958 78.117387 74.653142 73.713246 65.691916 58.024308 50.300379 56.321498 54.733904 49.634110 48.662323 49.020925 49.181454 47.883939 46.471424 46.011072 46.538945 48.540532 47.620118 46.137147 45.823053 47.232899 48.353708 47.465639 46.169406 47.134114 49.208941 50.131695 53.951645 67.547789 86.389215 64.965671 49.935172 47.441241 46.846991 44.725690 36.648208 31.228601 1.554855 -337.681108 -432.511088 -492.299225 -530.781824 -563.338389 -597.530009 -613.208410 -623.738169 -645.340207 -651.594140 -647.357593 -650.345361 -650.748000 -647.928978 -645.661540 -9999.0 -9999.0
-9999.0 -720.735293 -705.801012 -687.716832 -665.224560 -660.393960 -610.271296 -558.039409 -543.554152 -561.945619 -494.105405 -18.427596 30.874365 30.881564 35.796849 42.378773 49.598974 68.175684 80.954293 72.321789 66.044705 68.201270 63.204415 54.643548 49.870474 49.463116 49.874635 50.120354 49.055964 47.709819 46.568692 46.776102 45.425275 38.578943 34.985048 33.902079 33.544956 32.684657 30.629752 29.186144 28.276999 30.343397 29.445647 28.048050 27.615927 29.200587 31.736987 30.562393 30.609275 31.816389 34.709382 38.731645 43.573561 45.801319 47.704267 50.273931 55.479856 74.933484 80.715990 57.351295 49.079368 45.943645 44.187489 36.161970 26.761934 -259.613260 -400.692560 -450.400008 -499.354261 -529.505423 -558.969030 -590.584995 -619.202606 -626.795328 -642.631042 -646.170450 -9999.0 -9999.0 -9999.0 -9999.0
-9999.0 -722.686548 -707.717812 -674.663881 -602.630849 -540.996503 -358.707438 17.106370 31.128184 36.307602 39.097997 68.837344 76.429725 60.636831 49.697482 48.708428 49.318477 49.466710 48.783725 48.234624 48.046264 48.160275 48.282413 47.960380 47.586078 46.971662 46.459689 46.171564 43.002151 36.310725 33.033345 32.094427 25.617933 -321.815176 -408.002328 -436.198527 -476.448180 -480.823984 -491.422035 -514.067954 -526.047639 -532.801076 -522.452117 -527.255644 -528.731864 -520.115590 -503.422150 -494.838971 -467.751199 -440.921847 -396.624910 -285.829817 3.443300 30.165942 33.769621 38.881485 44.444381 46.614622 49.237057 57.472114 77.193923 70.236854 50.959943 48.524444 44.122189 37.358863 33.657779 28.433482 -24.537681 -369.867993 -433.085198 -486.830016 -532.840903 -583.586420 -602.942503 -9999.0 -9999.0 -9999.0 -9999.0 -9999.0
-9999.0 -745.234644 -709.081751 -681.288462 -574.052184 -231.054612 -25.224468 37.675927 54.571623 38.679989 38.837102 43.593347 47.116453 47.184475 45.383232 44.144859 38.719302 37.962288 39.348864 36.843773 34.653766 33.956184 34.369649 33.726096 32.279174 31.409347 30.887433 29.223031 -18.749188 -373.567845 -457.092438 -468.387545 -517.387054 -565.793658 -590.141802 -612.434188 -635.722395 -635.148860 -626.546904 -634.032624 -642.594116 -651.353076 -640.549709 -635.326709 -630.658164 -636.180441 -634.207477 -619.810908 -597.629363 -577.592251 -550.736336 -517.891843 -487.825720 -446.489170 -412.138363 -311.849679 3.243241 30.259122 36.650297 45.952449 47.763436 49.947225 69.711353 87.512286 51.951313 48.098862 46.312380 44.562704 39.739884 32.489117 26.086128 -216.542344 -407.035452 -9999.0 -9999.0 -9999.0 -9999.0 -9999.0 -9999.0 -9999.0
-9999.0 -757.265885 -719.000462 -711.910083 -664.546936 -585.147410 -490.803188 -404.540119 -279.511474 -306.196128 -218.751468 14.387970 28.516309 30.539894 27.871770 -17.673255 -341.336514 -338.077308 -337.859531 -384.287483 -420.847310 -436.053546 -435.537162 -441.669016 -464.285279 -476.782294 -484.473223 -500.772264 -528.820264 -561.152923 -605.233946 -632.977622 -654.312340 -662.595685 -668.740445 -675.213221 -686.723322 -680.638706 -675.803919 -677.011136 -680.628790 -683.199032 -674.511969 -671.143865 -668.386257 -675.681508 -670.155830 -664.699831 -653.231569 -641.444888 -625.421296 -603.289647 -577.284618 -561.939587 -554.015653 -535.954436 -506.382871 -463.979964 -361.948611 7.598516 34.115648 40.102470 45.849523 48.099356 49.041997 60.689052 68.318619 49.002825 42.074817 42.992631 42.578943 -9999.0 -9999.0 -9999.0 -9999.0 -9999.0 -9999.0 -9999.0 -9999.0 -9999.0
-9999.0 -9999.0 -766.033474 -749.605794 -735.385660 -719.361798 -697.409473 -677.505466 -663.531070 -635.779447 -598.846292 -560.073966 -536.047543 -525.830113 -540.045122 -570.752638 -587.341524 -585.788490 -590.126457 -597.514963 -610.605206 -613.910108 -617.392772 -619.945431 -626.156602 -629.035529 -630.417224 -633.453501 -640.249369 -655.255526 -668.804502 -678.771409 -689.478387 -689.786363 -691.761117 -695.422550 -692.718021 -693.458311 -692.446265 -692.853393 -691.923182 -690.128793 -687.852256 -684.816683 -684.428792 -683.501936 -682.271695 -678.880144 -673.671606 -666.665849 -654.053569 -636.624067 -623.585222 -620.346704 -626.600761 -624.799832 -616.050584 -596.729535 -547.664500 -486.374059 -408.650442 -179.384841 27.932304 34.733945 37.045885 43.074613 46.568183 45.206478 29.339501 39.387757 -9999.0 -9999.0 -9999.0 -9999.0 -9999.0 -9999.0 -9999.0 -9999.0 -9999.0 -9999.0
-9999.0 -9999.0 -9999.0 -9999.0 -773.386423 -750.040759 -729.393589 -730.634136 -715.041701 -704.551875 -694.522367 -683.001416 -673.556831 -667.863164 -674.047662 -675.514693 -676.968025 -676.286223 -677.870601 -679.488373 -680.259596 -681.440174 -682.817484 -684.435765 -683.843746 -682.353979 -682.038936 -684.792731 -685.305481 -690.458752 -691.518396 -694.916889 -698.185844 -701.744128 -701.255741 -701.618136 -700.213017 -701.797764 -699.398150 -700.605759 -698.642877 -697.622790 -695.140671 -691.233903 -692.192429 -689.963419 -689.658061 -686.681045 -684.868114 -676.576638 -663.600958 -649.047194 -639.325930 -639.543010 -651.105838 -656.361967 -659.107704 -651.244867 -637.658248 -610.735881 -557.126100 -512.939177 -460.644763 -410.343734 -340.040571 -0.612353 38.276551 42.426462 -9999.0 -9999.0 -9999.0 -9999.0 -9999.0 -9999.0 -9999.0 -9999.0 -9999.0 -9999.0 -9999.0 -9999.0
-9999.0 -9999.0 -9999.0 -9999.0 -9999.0 -9999.0 -763.395383 -751.609932 -754.651057 -744.852283 -735.878180 -728.769553 -718.977811 -719.385187 -716.412794 -709.393168 -710.329952 -713.775368 -718.057152 -711.937830 -709.136710 -708.671648 -715.524087 -713.729253 -712.940622 -710.359549 -710.624585 -709.651925 -715.408980 -708.746231 -705.612322 -707.094521 -708.545320 -707.464425 -708.939708 -704.805818 -704.315723 -707.669224 -708.628073 -703.685714 -702.112792 -702.585271 -701.391185 -697.772052 -692.744533 -691.791343 -693.759836 -696.423132 -690.991086 -678.802365 -664.997325 -652.822240 -644.975433 -642.632369 -652.724818 -666.464746 -673.484094 -674.134484 -667.725332 -655.629344 -629.463393 -611.675790 -598.905061 -588.714247 -574.536099 -506.064597 -9999.0 -9999.0 -9999.0 -9999.0 -9999.0 -9999.0 -9999.0 -9999.0 -9999.0 -9999.0 -9999.0 -9999.0 -9999.0 -9999.0
-9999.0 -9999.0 -9999.0 -9999.0 -9999.0 -9999.0 -9999.0 -9999.0 -9999.0 -9999.0 -9999.0 -9999.0 -9999.0 -9999.0 -9999.0 -9999.0 -9999.0 -9999.0 -9999.0 -9999.0 -9999.0 -9999.0 -9999.0 -9999.0 -9999.0 -9999.0 -9999.0 -9999.0 -9999.0 -9999.0 -9999.0 -9999.0 -9999.0 -9999.0 -9999.0 -9999.0 -9999.0 -9999.0 -9999.0 -9999.0 -9999.0 -9999.0 -9999.0 -9999.0 -9999.0 -9999.0 -9999.0 -9999.0 -9999.0 -9999.0 -9999.0 -9999.0 -9999.0 -9999.0 -9999.0 -9999.0 -9999.0 -9999.0 -9999.0 -9999.0 -9999.0 -9999.0 -9999.0 -9999.0 -9999.0 -9999.0 -9999.0 -9999.0 -9999.0 -9999.0 -9999.0 -9999.0 -9999.0 -9999.0 -9999.0 -9999.0 -9999.0 -9999.0 -9999.0 -9999.0
-9999.0 -9999.0 -9999.0 -9999.0 -9999.0 -9999.0 -9999.0 -9999.0 -9999.0 -9999.0 -9999.0 -9999.0 -9999.0 -9999.0 -9999.0 -9999.0 -9999.0 -9999.0 -9999.0 -9999.0 -9999.0 -9999.0 -9999.0 -9999.0 -9999.0 -9999.0 -9999.0 -9999.0 -9999.0 -9999.0 -9999.0 -9999.0 -9999.0 -9999.0 -9999.0 -9999.0 -9999.0 -9999.0 -9999.0 -9999.0 -9999.0 -9999.0 -9999.0 -9999.0 -9999.0 -9999.0 -9999.0 -9999.0 -9999.0 -9999.0 -9999.0 -9999.0 -9999.0 -9999.0 -9999.0 -9999.0 -9999.0 -9999.0 -9999.0 -9999.0 -9999.0 -9999.0 -9999.0 -9999.0 -9999.0 -9999.0 -9999.0 -9999.0 -9999.0 -9999.0 -9999.0 -9999.0 -9999.0 -9999.0 -9999.0 -9999.0 -9999.0 -9999.0 -9999.0 -9999.0