Borden_/Borden1m_014/output_maps/psiliqL0008N0023.asc
ncols         80
nrows         18
xllcorner     620200.000000
yllcorner     5168000.000000
cellsize      1.000000
NODATA_value  -9999.0
-9999.0 -9999.0 -9999.0 -9999.0 -9999.0 -9999.0 -9999.0 -9999.0 -9999.0 -9999.0 -9999.0 -9999.0 -9999.0 -9999.0 -9999.0 -9999.0 -9999.0 -9999.0 -9999.0 -9999.0 -9999.0 -9999.0 -9999.0 -9999.0 -9999.0 -9999.0 -9999.0 -9999.0 -9999.0 -9999.0 -9999.0 -9999.0 -9999.0 -9999.0 -9999.0 -9999.0 -9999.0 -9999.0 -9999.0 -9999.0 -9999.0 -9999.0 -9999.0 -9999.0 -9999.0 -9999.0 -9999.0 -9999.0 -9999.0 -9999.0 -9999.0 -9999.0 -9999.0 -9999.0 -9999.0 -9999.0 -9999.0 -9999.0 -9999.0 -9999.0 -9999.0 -9999.0 -9999.0 -9999.0 -9999.0 -9999.0 -9999.0 -9999.0 -9999.0 -9999.0 -9999.0 -9999.0 -9999.0 -9999.0 -9999.0 -9999.0 -9999.0 -9999.0 -9999.0 -9999.0
-9999.0 -9999.0 -9999.0 -9999.0 -9999.0 -9999.0 -9999.0 -9999.0 -9999.0 -9999.0 -9999.0 -9999.0 -9999.0 -9999.0 -9999.0 -9999.0 -9999.0 -9999.0 -9999.0 -9999.0 -9999.0 -9999.0 -9999.0 -9999.0 -9999.0 -9999.0 -9999.0 -9999.0 -9999.0 -9999.0 -9999.0 -9999.0 -9999.0 -9999.0 -9999.0 -9999.0 -9999.0 -9999.0 -9999.0 -9999.0 -9999.0 -9999.0 -9999.0 -9999.0 -9999.0 -9999.0 -9999.0 -9999.0 -9999.0 -9999.0 -9999.0 -9999.0 -9999.0 -9999.0 -9999.0 -9999.0 -9999.0 -9999.0 -9999.0 -9999.0 -9999.0 -9999.0 -9999.0 -9999.0 -9999.0 -9999.0 -9999.0 -9999.0 -9999.0 -9999.0 -9999.0 -9999.0 -9999.0 -9999.0 -9999.0 -9999.0 -9999.0 -9999.0 -9999.0 -9999.0
-9999.0 -9999.0 -9999.0 -9999.0 -9999.0 -9999.0 -9999.0 -9999.0 -9999.0 -9999.0 -9999.0 -9999.0 -9999.0 -9999.0 -9999.0 -9999.0 -9999.0 -9999.0 -9999.0 -9999.0 -269.308843 -266.283237 -289.042347 -323.164569 -351.792551 -349.917997 -314.729103 -273.598802 -235.714204 -225.036812 -242.960362 -241.390091 -246.306806 -246.219894 -242.982223 -236.854939 -234.108084 -222.423803 -213.734931 -213.817549 -219.905402 -225.563304 -226.655230 -222.979362 -217.980170 -227.087250 -213.653217 -198.260245 -191.931799 -197.471366 -225.411990 -241.663100 -250.086465 -264.724215 -240.392894 -227.868618 -204.824607 -200.483777 -201.708355 -228.781822 -258.830524 -9999.0 -9999.0 -9999.0 -9999.0 -9999.0 -9999.0 -9999.0 -9999.0 -9999.0 -9999.0 -9999.0 -9999.0 -9999.0 -9999.0 -9999.0 -9999.0 -9999.0 -9999.0 -9999.0
-9999.0 -9999.0 -9999.0 -9999.0 -9999.0 -9999.0 -9999.0 -9999.0 -9999.0 -9999.0 -9999.0 -9999.0 -9999.0 -9999.0 -359.729503 -370.070959 -373.279017 -364.832799 -330.937354 -300.926932 -288.304731 -295.963286 -296.097657 -319.730772 -340.013914 -325.767768 -296.308145 -264.800757 -230.206644 -209.036093 -221.435306 -223.786390 -212.546876 -183.770970 -168.066179 -170.337597 -191.928876 -168.840072 -151.804942 -141.399763 -141.826128 -150.187239 -134.466402 -117.173628 -123.901907 -142.756884 -140.326882 -128.853189 -114.185898 -130.980903 -198.175922 -220.635481 -224.575122 -231.773896 -245.456227 -252.201650 -227.487809 -226.512959 -234.762157 -252.653364 -284.756838 -328.790498 -346.628549 -307.886813 -263.290725 -205.129317 -9999.0 -9999.0 -9999.0 -9999.0 -9999.0 -9999.0 -9999.0 -9999.0 -9999.0 -9999.0 -9999.0 -9999.0 -9999.0 -9999.0
-9999.0 -9999.0 -9999.0 -9999.0 -9999.0 -9999.0 -9999.0 -9999.0 -9999.0 -416.289453 -412.867342 -406.002993 -404.490971 -389.044177 -390.941283 -384.185104 -376.374758 -350.238192 -319.010085 -283.802188 -254.857407 -264.781049 -264.273868 -251.577080 -243.903835 -230.225828 -208.494362 -166.104777 -120.040910 -74.005358 -100.830280 -101.185309 -78.544972 -24.077898 19.352210 32.136628 10.285114 14.105032 43.362160 74.217848 77.691840 77.856266 109.537429 128.229532 135.628405 109.425240 82.302724 78.002406 107.592562 44.521690 -29.005148 -88.905859 -92.938915 -129.134805 -174.023217 -198.242116 -202.113515 -180.501964 -196.613289 -234.806466 -271.575441 -281.113256 -297.673208 -281.345698 -258.570659 -211.343052 -172.520449 -143.607388 -143.163209 -160.385260 -9999.0 -9999.0 -9999.0 -9999.0 -9999.0 -9999.0 -9999.0 -9999.0 -9999.0 -9999.0
-9999.0 -9999.0 -9999.0 -9999.0 -9999.0 -9999.0 -494.551928 -486.031707 -466.643292 -461.349656 -437.375303 -430.156591 -409.902332 -390.706147 -370.226760 -353.135487 -321.927273 -289.032893 -246.719967 -201.155110 -167.063252 -170.023162 -157.654711 -118.324502 -68.410119 -31.411673 -3.289857 43.917282 145.549106 208.138578 229.999275 241.063622 256.094251 297.593973 358.324797 388.093984 353.612663 334.927189 352.017999 390.828133 421.397692 426.930715 435.936899 445.010907 470.260901 458.357010 396.201682 372.602796 366.078574 354.572551 305.400358 247.283872 189.765654 119.291497 17.912817 -48.306755 -52.026229 -39.706196 -76.218101 -134.689809 -180.331783 -192.444833 -208.171814 -223.073696 -218.011065 -198.591463 -175.043464 -163.460824 -175.712050 -196.076156 -218.944946 -247.483484 -245.647754 -220.100202 -9999.0 -9999.0 -9999.0 -9999.0 -9999.0 -9999.0
-9999.0 -9999.0 -9999.0 -9999.0 -543.931620 -531.878412 -543.822606 -520.722006 -489.208231 -456.451058 -424.307745 -386.967442 -359.839814 -329.826895 -287.329977 -247.961701 -202.147811 -163.613729 -101.828485 -24.655550 36.541844 72.199004 100.269626 187.109704 262.229064 311.750301 328.704247 354.189824 402.121239 483.137948 514.553011 518.619546 538.489567 565.010970 610.982625 645.434903 626.202029 618.286540 622.195313 632.680464 660.087340 662.613475 664.559910 665.687131 668.242044 667.409732 641.998224 608.603565 592.947801 586.017429 560.481985 500.264364 437.307790 399.021137 369.810192 327.120773 264.656796 236.255350 159.614020 81.383923 0.121789 -31.924973 -70.278263 -101.589411 -135.760274 -136.929944 -135.101111 -155.424493 -186.231252 -218.109838 -232.835224 -251.217786 -261.127610 -231.124300 -213.260088 -182.089360 -9999.0 -9999.0 -9999.0 -9999.0
-9999.0 -9999.0 -601.394955 -551.718067 -496.335097 -488.231480 -486.458622 -482.017759 -455.582744 -405.007868 -325.398062 -271.320812 -224.640229 -191.294381 -125.156300 -31.189152 59.253700 127.726208 209.163193 281.198428 338.263831 376.391443 416.547835 460.467699 507.867280 563.386062 584.045963 604.957595 638.665400 672.266492 694.916909 710.060190 716.341892 714.198684 715.855944 715.713705 711.531551 705.455341 687.777855 685.064728 692.762916 696.348205 699.383323 686.956786 683.095031 695.471449 697.240220 696.879561 697.204059 705.727021 714.002316 682.149998 630.793173 614.803000 603.110212 567.952989 507.562448 447.426432 416.610554 374.140955 301.535374 250.595139 184.082384 108.962304 36.785535 -7.030939 -61.055305 -105.367432 -152.249611 -198.052857 -221.488662 -239.774503 -241.795771 -240.956867 -224.712270 -208.860077 -193.274556 -185.368944 -9999.0 -9999.0
-9999.0 -699.714241 -627.379200 -500.123195 -421.604589 -376.617182 -335.605806 -306.237947 -281.582179 -265.652668 -151.722141 -34.518270 69.614321 114.849847 190.461895 296.676033 403.368146 448.617881 482.518471 526.727250 581.185829 626.711297 657.110147 685.858671 713.243524 714.703609 713.391921 713.601354 707.581206 700.804267 691.122940 697.784487 696.052637 680.058819 666.537078 664.480495 658.055096 630.188539 601.894800 587.617681 591.093078 612.031879 601.637957 582.006798 578.510123 598.454075 615.343455 607.756365 595.478131 614.828931 649.434622 670.660181 685.607763 700.220651 719.882444 697.619269 665.661016 624.207710 600.161280 575.437564 508.362405 445.451125 389.684766 326.929480 262.995778 179.977922 91.537985 16.920113 -56.867369 -100.291056 -133.472550 -186.765277 -210.581012 -209.205572 -218.416933 -220.814763 -214.083761 -207.566625 -9999.0 -9999.0
-9999.0 -770.752170 -627.666356 -441.950760 -294.572105 -230.363687 -104.729866 -14.549115 18.760107 -2.713206 137.890948 381.639812 461.789852 479.004328 544.935049 622.074531 660.346161 688.207024 705.758740 703.724973 702.238809 707.289033 705.030510 698.211298 684.920174 677.158306 676.103565 672.788875 653.503818 634.259372 616.117896 610.612035 596.288876 560.791456 531.660402 517.010589 499.083847 458.817702 416.594508 386.619323 372.371910 390.086654 381.119332 364.037691 360.616424 383.513766 417.374954 414.421777 423.478858 449.202688 492.616434 542.772596 566.512566 595.372025 630.787846 672.592437 690.991716 710.724892 715.251564 693.111121 651.243081 602.390327 568.479287 496.380893 423.990687 346.121436 287.249121 231.081768 145.469380 77.125598 14.652813 -52.677214 -116.281975 -146.851741 -187.120160 -208.360673 -9999.0 -9999.0 -9999.0 -9999.0
-9999.0 -835.619218 -644.440381 -378.141855 -116.752334 30.217072 253.323370 387.674964 474.173975 510.211508 554.351682 660.714946 682.112466 673.963231 658.422877 659.300343 672.548347 676.243698 672.588581 662.921430 651.591095 642.723478 642.849564 633.429889 624.926861 609.998139 596.966149 582.119748 531.420875 496.794525 464.993941 446.377317 408.618211 324.756705 288.266375 258.803486 195.479938 177.126570 156.975938 115.079771 88.786316 70.105384 91.101382 90.446412 91.126033 102.648228 132.056985 160.118577 214.726417 258.229909 299.664863 350.175763 385.584746 432.028411 482.269037 548.761780 580.434697 609.483696 652.293375 693.937361 716.556220 708.235037 678.938728 637.429903 570.887540 495.572202 449.287779 385.709872 322.523284 271.151513 226.499101 158.291752 61.778802 -52.462874 -98.093554 -9999.0 -9999.0 -9999.0 -9999.0 -9999.0
-9999.0 -988.475826 -721.200361 -423.909916 -84.834089 254.962286 369.908508 545.667599 620.572971 556.472679 521.366923 550.987881 585.328171 598.505466 579.594430 573.389762 565.999643 566.295792 578.978890 552.374385 511.726958 495.166240 493.249990 479.512642 454.331348 433.871894 418.319916 396.072676 345.977375 301.481077 230.963757 194.937980 98.867772 16.801173 -35.524435 -87.163793 -143.503615 -147.618957 -133.472634 -151.977411 -175.411772 -194.757106 -169.005007 -153.551234 -142.557098 -151.783680 -141.633975 -104.849138 -52.572120 -4.828960 53.625202 125.579554 190.515999 255.333176 289.416965 339.762352 386.357832 436.683886 511.682128 599.072302 634.308740 669.159449 705.321143 721.767258 676.637434 629.278327 584.006282 533.639394 445.304612 389.651793 358.487137 318.392253 263.979186 -9999.0 -9999.0 -9999.0 -9999.0 -9999.0 -9999.0 -9999.0
-9999.0 -1122.854894 -890.278189 -641.620557 -339.611458 -96.208601 107.719118 242.494679 338.668067 314.810659 318.508346 343.047184 370.554210 392.201813 371.296121 339.331588 316.496505 320.850494 320.939078 299.390475 272.246721 258.860765 256.918266 246.442514 211.739337 188.330870 170.787735 137.548280 86.108148 19.040815 -70.285322 -142.413636 -208.229171 -245.898112 -276.978171 -310.818197 -350.770435 -340.267979 -325.561931 -330.450080 -343.167123 -347.901141 -318.207824 -299.985149 -290.059474 -303.388111 -285.081517 -258.095751 -215.997213 -173.720913 -124.814476 -68.465095 -11.353065 25.337761 47.377140 87.659068 149.215041 227.564770 313.816151 410.655287 487.700413 547.615208 599.673726 633.568811 650.605105 671.049045 660.735434 605.273608 506.948273 464.276457 435.854956 -9999.0 -9999.0 -9999.0 -9999.0 -9999.0 -9999.0 -9999.0 -9999.0 -9999.0
-9999.0 -9999.0 -1127.245525 -935.982492 -774.889028 -590.608710 -441.559561 -331.835193 -256.938911 -167.429513 -77.855230 -1.335065 42.984175 61.965683 41.006995 -3.457646 -31.270240 -31.315411 -40.819103 -55.780687 -81.396100 -91.797082 -102.051281 -111.175027 -126.868443 -136.025990 -142.741983 -155.570883 -180.306256 -228.931832 -282.907972 -335.912479 -391.432137 -416.769348 -438.864515 -461.699369 -465.378768 -466.836809 -459.776536 -458.586133 -453.414242 -441.806640 -420.959427 -399.705089 -390.426958 -383.696214 -371.243391 -347.654790 -314.571134 -273.981407 -222.068799 -166.490163 -128.198257 -115.804276 -124.514142 -116.810868 -91.006842 -39.428047 62.986323 183.965715 286.502867 358.326445 433.995146 489.025601 517.028817 544.808129 581.714962 563.400116 357.439116 451.851489 -9999.0 -9999.0 -9999.0 -9999.0 -9999.0 -9999.0 -9999.0 -9999.0 -9999.0 -9999.0
-9999.0 -9999.0 -9999.0 -9999.0 -1078.950892 -922.089365 -829.557151 -748.535562 -630.752939 -524.557140 -433.507957 -357.624639 -305.926190 -283.017886 -294.928333 -301.473671 -310.058742 -313.567527 -322.158616 -328.223893 -334.511379 -342.695950 -354.090362 -361.954593 -362.995157 -359.678608 -361.715061 -374.823063 -390.604277 -418.303011 -442.662183 -477.930192 -514.955449 -543.885860 -556.663301 -563.516522 -563.054204 -568.275682 -558.577931 -552.324495 -537.512412 -522.078883 -498.082270 -469.931815 -457.601418 -443.597359 -434.036869 -413.319533 -383.538985 -331.004568 -269.381771 -214.321922 -181.422181 -178.866422 -206.227745 -223.031881 -226.709121 -198.241046 -148.307521 -71.651809 43.694703 143.384307 233.103009 286.449846 321.826088 373.689970 443.490101 502.263700 -9999.0 -9999.0 -9999.0 -9999.0 -9999.0 -9999.0 -9999.0 -9999.0 -9999.0 -9999.0 -9999.0 -9999.0
-9999.0 -9999.0 -9999.0 -9999.0 -9999.0 -9999.0 -1136.082181 -1042.198004 -954.842452 -836.558061 -727.336721 -638.045509 -565.497568 -541.692232 -525.320739 -503.480141 -508.381298 -525.211017 -541.493806 -525.121755 -515.909703 -520.580775 -547.633606 -549.047602 -545.557597 -535.961204 -536.859189 -542.653538 -567.087511 -559.062584 -560.451163 -583.123098 -608.817512 -622.962510 -634.228769 -624.070367 -623.037179 -635.277910 -632.580851 -606.652072 -587.071594 -573.631514 -551.108614 -518.101092 -486.314877 -472.315701 -471.600327 -465.613579 -424.186559 -354.115314 -284.539761 -232.231056 -202.569667 -196.367664 -226.240757 -268.585380 -291.532806 -286.269958 -252.979941 -199.748508 -120.772843 -66.768048 -28.545779 0.036835 36.633337 156.452691 -9999.0 -9999.0 -9999.0 -9999.0 -9999.0 -9999.0 -9999.0 -9999.0 -9999.0 -9999.0 -9999.0 -9999.0 -9999.0 -9999.0
-9999.0 -9999.0 -9999.0 -9999.0 -9999.0 -9999.0 -9999.0 -9999.0 -9999.0 -9999.0 -9999.0 -9999.0 -9999.0 -9999.0 -9999.0 -9999.0 -9999.0 -9999.0 -9999.0 -9999.0 -9999.0 -9999.0 -9999.0 -9999.0 -9999.0 -9999.0 -9999.0 -9999.0 -9999.0 -9999.0 -9999.0 -9999.0 -9999.0 -9999.0 -9999.0 -9999.0 -9999.0 -9999.0 -9999.0 -9999.0 -9999.0 -9999.0 -9999.0 -9999.0 -9999.0 -9999.0 -9999.0 -9999.0 -9999.0 -9999.0 -9999.0 -9999.0 -9999.0 -9999.0 -9999.0 -9999.0 -9999.0 -9999.0 -9999.0 -9999.0 -9999.0 -9999.0 -9999.0 -9999.0 -9999.0 -9999.0 -9999.0 -9999.0 -9999.0 -9999.0 -9999.0 -9999.0 -9999.0 -9999.0 -9999.0 -9999.0 -9999.0 -9999.0 -9999.0 -9999.0
-9999.0 -9999.0 -9999.0 -9999.0 -9999.0 -9999.0 -9999.0 -9999.0 -9999.0 -9999.0 -9999.0 -9999.0 -9999.0 -9999.0 -9999.0 -9999.0 -9999.0 -9999.0 -9999.0 -9999.0 -9999.0 -9999.0 -9999.0 -9999.0 -9999.0 -9999.0 -9999.0 -9999.0 -9999.0 -9999.0 -9999.0 -9999.0 -9999.0 -9999.0 -9999.0 -9999.0 -9999.0 -9999.0 -9999.0 -9999.0 -9999.0 -9999.0 -9999.0 -9999.0 -9999.0 -9999.0 -9999.0 -9999.0 -9999.0 -9999.0 -9999.0 -9999.0 -9999.0 -9999.0 -9999.0 -9999.0 -9999.0 -9999.0 -9999.0 -9999.0 -9999.0 -9999.0 -9999.0 -9999.0 -9999.0 -9999.0 -9999.0 -9999.0 -9999.0 -9999.0 -9999.0 -9999.0 -9999.0 -9999.0 -9999.0 -9999.0 -9999.0 -9999.0 -9999.0 -9999.0