Borden_/Borden1m_014/output_maps/psiliqL0024N0036.asc
ncols         80
nrows         18
xllcorner     620200.000000
yllcorner     5168000.000000
cellsize      1.000000
NODATA_value  -9999.0
-9999.0 -9999.0 -9999.0 -9999.0 -9999.0 -9999.0 -9999.0 -9999.0 -9999.0 -9999.0 -9999.0 -9999.0 -9999.0 -9999.0 -9999.0 -9999.0 -9999.0 -9999.0 -9999.0 -9999.0 -9999.0 -9999.0 -9999.0 -9999.0 -9999.0 -9999.0 -9999.0 -9999.0 -9999.0 -9999.0 -9999.0 -9999.0 -9999.0 -9999.0 -9999.0 -9999.0 -9999.0 -9999.0 -9999.0 -9999.0 -9999.0 -9999.0 -9999.0 -9999.0 -9999.0 -9999.0 -9999.0 -9999.0 -9999.0 -9999.0 -9999.0 -9999.0 -9999.0 -9999.0 -9999.0 -9999.0 -9999.0 -9999.0 -9999.0 -9999.0 -9999.0 -9999.0 -9999.0 -9999.0 -9999.0 -9999.0 -9999.0 -9999.0 -9999.0 -9999.0 -9999.0 -9999.0 -9999.0 -9999.0 -9999.0 -9999.0 -9999.0 -9999.0 -9999.0 -9999.0
-9999.0 -9999.0 -9999.0 -9999.0 -9999.0 -9999.0 -9999.0 -9999.0 -9999.0 -9999.0 -9999.0 -9999.0 -9999.0 -9999.0 -9999.0 -9999.0 -9999.0 -9999.0 -9999.0 -9999.0 -9999.0 -9999.0 -9999.0 -9999.0 -9999.0 -9999.0 -9999.0 -9999.0 -9999.0 -9999.0 -9999.0 -9999.0 -9999.0 -9999.0 -9999.0 -9999.0 -9999.0 -9999.0 -9999.0 -9999.0 -9999.0 -9999.0 -9999.0 -9999.0 -9999.0 -9999.0 -9999.0 -9999.0 -9999.0 -9999.0 -9999.0 -9999.0 -9999.0 -9999.0 -9999.0 -9999.0 -9999.0 -9999.0 -9999.0 -9999.0 -9999.0 -9999.0 -9999.0 -9999.0 -9999.0 -9999.0 -9999.0 -9999.0 -9999.0 -9999.0 -9999.0 -9999.0 -9999.0 -9999.0 -9999.0 -9999.0 -9999.0 -9999.0 -9999.0 -9999.0
-9999.0 -9999.0 -9999.0 -9999.0 -9999.0 -9999.0 -9999.0 -9999.0 -9999.0 -9999.0 -9999.0 -9999.0 -9999.0 -9999.0 -9999.0 -9999.0 -9999.0 -9999.0 -9999.0 -9999.0 2933.732081 2935.132106 2913.677542 2879.999567 2852.204105 2854.486945 2888.018455 2929.005667 2968.040279 2976.175313 2957.675360 2961.649583 2957.523465 2953.530290 2954.332504 2962.197109 2969.005368 2978.765550 2986.046604 2984.188120 2977.203180 2972.310300 2974.569678 2976.378071 2982.429189 2968.430749 2983.798846 2983.674376 2988.356520 2985.672840 2975.706546 2962.813591 2954.080947 2937.948218 2963.635866 2974.825907 2988.605635 2993.203011 2991.591936 2972.183114 2942.124065 -9999.0 -9999.0 -9999.0 -9999.0 -9999.0 -9999.0 -9999.0 -9999.0 -9999.0 -9999.0 -9999.0 -9999.0 -9999.0 -9999.0 -9999.0 -9999.0 -9999.0 -9999.0 -9999.0
-9999.0 -9999.0 -9999.0 -9999.0 -9999.0 -9999.0 -9999.0 -9999.0 -9999.0 -9999.0 -9999.0 -9999.0 -9999.0 -9999.0 2842.535509 2833.854163 2831.279764 2839.032029 2871.907337 2902.292383 2913.978806 2906.721843 2906.794495 2882.540853 2860.385359 2873.524269 2903.189399 2933.562932 2967.155066 2985.105074 2974.363616 2972.169458 2979.681663 2984.635858 2992.814776 2989.387819 2988.315937 2995.310084 3008.345885 3013.029618 3010.990077 3001.171278 3010.300013 3024.369688 3017.334004 3001.998217 3012.329732 3026.836688 3038.030026 3029.686995 2987.134946 2973.749423 2969.952541 2965.151317 2951.667259 2947.503406 2975.074971 2973.978900 2966.287143 2949.033727 2915.823180 2870.819101 2851.862043 2891.970861 2935.439910 2986.049304 -9999.0 -9999.0 -9999.0 -9999.0 -9999.0 -9999.0 -9999.0 -9999.0 -9999.0 -9999.0 -9999.0 -9999.0 -9999.0 -9999.0
-9999.0 -9999.0 -9999.0 -9999.0 -9999.0 -9999.0 -9999.0 -9999.0 -9999.0 2799.854064 2790.388715 2797.437842 2799.897551 2815.318025 2812.291995 2819.420455 2824.129354 2851.526096 2881.360974 2915.163087 2942.086418 2933.450316 2932.145736 2937.084290 2933.106249 2941.812069 2962.438935 2984.445345 3015.705464 3050.953513 3017.700144 3012.845848 3030.228791 3071.668320 3095.684147 3098.067379 3079.685431 3094.843086 3118.190779 3134.310944 3130.852043 3125.072855 3150.449343 3165.268976 3160.166403 3139.154255 3136.833047 3143.668453 3172.562904 3122.435058 3057.568228 3018.373858 3033.303503 3011.918873 2985.388174 2988.027903 2988.033293 2995.619021 2984.000262 2960.827790 2927.570672 2915.858394 2898.749840 2918.946089 2941.840024 2981.555116 3021.523268 3051.494696 3051.313035 3034.276554 -9999.0 -9999.0 -9999.0 -9999.0 -9999.0 -9999.0 -9999.0 -9999.0 -9999.0 -9999.0
-9999.0 -9999.0 -9999.0 -9999.0 -9999.0 -9999.0 2717.924679 2729.786204 2752.470278 2757.113319 2785.672779 2793.039169 2791.258246 2808.727484 2830.568976 2844.087619 2869.981730 2900.411212 2936.692806 2974.987296 2989.950175 2992.984014 2983.676013 3003.426628 3031.010334 3050.601218 3072.801690 3109.647148 3176.963386 3212.843721 3206.731918 3207.629819 3215.757974 3265.493909 3329.074135 3340.377024 3319.853783 3306.576068 3329.446513 3366.243611 3364.978047 3363.829246 3375.495516 3385.978640 3412.661540 3402.321340 3367.290353 3361.124946 3366.884546 3345.497993 3278.405486 3221.276010 3201.594184 3160.025479 3078.233542 3034.905126 3056.783114 3083.696227 3061.805088 3013.160067 2993.838946 2987.474069 2975.460756 2967.291940 2978.569707 2992.693104 3016.900692 3030.913954 3019.370305 2999.027286 2980.944565 2952.476323 2954.726613 2979.542098 -9999.0 -9999.0 -9999.0 -9999.0 -9999.0 -9999.0
-9999.0 -9999.0 -9999.0 -9999.0 2665.506704 2679.940677 2667.614721 2696.104406 2731.001971 2767.526090 2797.901123 2807.319998 2830.750965 2858.117101 2891.975321 2915.859069 2949.439098 2979.793321 3011.869704 3072.724875 3116.796821 3130.964236 3139.223462 3185.751651 3241.579605 3288.596867 3306.981956 3332.313576 3375.913285 3431.852686 3454.182104 3457.217835 3474.060226 3516.017152 3570.802621 3605.381799 3587.974224 3579.201600 3588.641731 3602.376764 3624.502032 3624.591354 3625.679365 3629.506584 3636.739758 3635.261121 3609.334241 3576.224330 3563.498484 3553.710486 3517.220025 3446.183041 3415.452434 3387.405821 3347.813395 3294.779913 3245.935822 3245.636890 3192.030571 3142.135891 3091.792360 3082.755833 3061.930120 3045.587991 3027.583081 3039.015745 3050.425601 3035.277197 3005.696787 2981.343816 2967.769744 2949.614136 2938.014083 2968.697921 2984.352556 3014.011392 -9999.0 -9999.0 -9999.0 -9999.0
-9999.0 -9999.0 2603.083901 2650.197319 2709.294460 2718.255824 2715.748918 2722.595384 2753.207594 2806.769095 2844.677274 2882.627927 2913.484886 2944.286387 2980.810677 3043.454143 3103.542687 3145.503823 3198.146206 3266.247182 3324.748962 3351.579402 3360.642803 3394.809391 3448.529343 3515.965895 3543.377320 3569.340923 3600.260004 3635.772845 3630.271167 3641.359202 3653.207118 3664.588114 3678.277125 3684.720304 3680.088704 3675.539109 3657.119127 3652.167933 3658.697832 3666.267093 3665.605287 3651.113973 3647.155248 3661.961436 3667.882104 3666.009325 3663.559080 3668.743032 3665.361390 3618.462705 3598.295866 3583.484869 3572.603343 3527.120233 3461.340653 3428.513571 3407.878039 3368.651622 3295.957920 3257.725077 3218.216675 3183.274744 3148.766623 3134.303837 3101.042588 3068.560513 3029.587452 2988.860057 2974.678065 2959.370914 2958.287231 2958.247840 2975.429772 2989.058362 3004.947761 3013.015036 -9999.0 -9999.0
-9999.0 2493.441077 2565.251968 2689.166630 2769.450551 2796.302720 2808.399172 2814.515662 2840.463431 2872.400882 2960.671428 3000.760684 3082.765833 3118.687638 3159.204251 3244.373069 3336.715341 3378.288410 3415.900374 3477.538543 3541.630310 3587.853114 3613.781825 3597.002809 3635.220064 3662.120856 3669.311239 3675.644673 3674.967835 3666.524338 3659.750767 3666.524841 3663.697536 3644.789702 3628.973446 3627.321420 3623.980171 3600.904777 3573.667111 3558.483609 3560.161192 3584.714450 3571.903521 3550.660315 3546.292747 3567.756445 3588.567066 3578.037839 3565.080388 3581.469015 3615.708157 3639.835752 3642.188517 3660.380594 3681.415635 3652.914018 3630.670095 3587.593714 3571.051399 3545.870402 3489.817849 3435.162625 3387.543703 3339.874478 3287.524836 3238.082772 3190.584641 3146.212081 3092.511840 3059.464483 3034.925060 2991.662175 2982.600352 2984.376271 2981.520567 2979.498093 2984.295397 2990.868336 -9999.0 -9999.0
-9999.0 2399.521865 2539.457299 2719.646276 2853.491837 2896.405852 2963.698542 3011.926777 3026.006114 2989.341314 3073.364996 3283.395007 3399.100473 3415.000390 3488.439312 3580.689517 3567.940610 3598.466710 3620.847403 3643.732366 3662.186682 3675.473049 3673.485183 3668.023700 3651.737751 3643.779925 3642.955991 3640.917813 3623.756476 3605.013703 3588.371216 3585.448268 3568.039437 3519.936310 3487.233132 3470.340470 3452.494967 3438.749517 3411.193385 3385.628226 3370.536623 3381.137049 3378.577244 3365.363125 3360.935896 3378.632379 3409.397737 3406.657695 3417.303505 3436.657260 3471.971491 3509.417332 3528.470186 3557.198259 3592.370004 3639.270440 3648.836400 3671.048893 3674.247686 3662.631147 3616.953180 3566.213137 3537.139313 3482.429024 3423.048742 3362.228833 3313.806843 3269.360713 3214.626974 3180.434339 3143.083684 3089.516580 3045.685859 3036.381556 3002.644644 2988.910264 -9999.0 -9999.0 -9999.0 -9999.0
-9999.0 2300.796406 2481.783489 2724.700688 3000.025554 3074.564173 3270.946852 3383.005070 3421.767411 3487.394924 3381.839365 3576.163235 3625.069093 3619.068149 3631.189838 3633.786160 3647.627527 3647.207584 3642.148989 3631.294451 3621.928548 3617.528383 3616.398518 3608.528289 3596.002775 3581.500600 3569.842533 3558.673124 3522.608379 3491.159182 3453.140729 3441.013886 3398.282112 3308.340200 3269.788310 3232.452662 3173.488888 3175.373849 3181.195796 3161.426827 3142.363309 3115.591493 3143.908851 3153.469330 3157.252962 3153.702290 3164.093708 3187.103114 3233.391839 3267.067862 3305.681448 3352.933795 3382.021946 3420.739619 3460.555457 3512.366401 3542.924051 3571.484570 3619.329631 3656.104547 3678.621450 3665.169016 3645.747136 3602.165187 3542.556149 3493.578394 3465.179813 3415.509493 3372.860789 3329.347273 3283.159817 3230.659565 3171.266517 3115.792789 3081.399406 -9999.0 -9999.0 -9999.0 -9999.0 -9999.0
-9999.0 2084.466168 2348.999610 2619.034767 2887.663016 3217.086141 3377.714887 3473.420731 3535.085260 3513.663707 3532.907417 3540.283738 3576.781808 3583.391193 3561.971886 3548.701664 3531.873270 3530.785056 3543.777746 3516.832970 3487.101040 3474.043645 3474.885346 3464.182697 3440.703806 3425.829680 3416.527440 3398.562364 3356.533975 3307.320908 3224.924308 3192.651959 3119.883719 3079.747888 3043.075796 2996.922532 2968.081536 2972.601517 2981.653798 2986.549140 2965.949496 2948.845070 2977.700023 2983.841529 2996.568610 2980.980899 2987.688847 3021.585620 3067.678450 3107.511541 3151.097570 3194.684731 3235.605073 3274.755162 3296.299660 3336.154478 3376.891565 3417.910422 3487.166618 3564.050988 3598.892057 3632.871266 3662.436802 3684.016200 3641.588658 3614.713887 3591.490681 3568.706144 3523.192399 3478.228564 3437.730245 3374.236372 3315.113723 -9999.0 -9999.0 -9999.0 -9999.0 -9999.0 -9999.0 -9999.0
-9999.0 1970.101117 2167.280329 2364.658890 2620.901607 2836.019347 3042.993846 3133.709161 3200.344827 3264.145325 3314.034995 3349.983905 3375.091527 3396.175043 3373.482677 3329.331033 3297.754783 3302.546628 3294.479158 3273.276573 3245.717061 3232.861062 3230.798521 3226.044904 3204.839655 3194.493354 3187.815944 3173.918149 3148.326874 3096.350272 3025.276574 2968.913600 2915.226839 2894.019298 2870.427822 2842.822851 2815.416715 2828.218072 2840.385068 2840.495243 2833.621830 2833.485212 2862.489486 2881.505736 2891.104613 2880.271055 2898.722073 2922.477415 2960.096145 2987.320646 3031.457054 3080.863967 3128.862063 3149.364208 3152.408245 3165.046774 3188.676469 3231.775445 3307.676103 3392.007136 3467.665893 3512.274376 3562.361045 3601.486529 3628.759028 3655.137595 3676.339248 3668.489261 3643.302863 3610.436224 3552.825006 -9999.0 -9999.0 -9999.0 -9999.0 -9999.0 -9999.0 -9999.0 -9999.0 -9999.0
-9999.0 -9999.0 1940.509208 2096.729935 2200.139481 2365.453158 2510.390100 2620.452614 2724.155183 2828.921221 2948.082160 3024.071379 3069.014910 3084.025253 3070.039016 3041.108549 3023.399965 3023.098563 3011.753791 3004.972192 2990.101226 2984.992115 2991.373348 2983.941056 2978.982229 2977.662841 2975.086610 2967.027380 2949.818854 2907.920936 2869.552409 2825.316918 2810.802769 2786.985355 2766.676074 2747.677182 2749.946941 2744.314598 2749.117008 2751.585592 2760.701113 2774.631894 2794.168484 2794.422467 2803.883389 2813.915563 2825.073837 2847.040838 2877.248670 2917.325447 2968.910604 3013.214492 3048.441191 3055.283695 3037.938116 3033.600894 3042.452333 3072.110812 3136.106717 3200.739112 3288.883348 3353.305874 3418.844430 3473.961931 3500.105812 3536.447912 3605.340698 3653.268784 3694.183172 3671.870434 -9999.0 -9999.0 -9999.0 -9999.0 -9999.0 -9999.0 -9999.0 -9999.0 -9999.0 -9999.0
-9999.0 -9999.0 -9999.0 -9999.0 1957.473742 2105.798107 2203.653087 2284.432243 2418.853908 2549.688427 2657.874623 2746.723396 2816.860122 2804.072716 2804.125412 2819.463641 2818.179609 2809.529890 2798.847269 2802.850775 2806.885698 2801.150072 2827.415699 2820.657019 2823.603350 2830.469355 2827.936808 2814.338169 2795.500184 2778.967574 2763.817761 2731.806347 2698.965280 2670.655281 2657.993005 2654.094592 2653.795306 2645.747832 2653.922088 2662.543345 2678.348372 2693.491968 2717.015075 2746.205859 2761.088449 2776.356821 2785.911363 2805.652783 2814.457280 2865.782230 2927.721084 2984.039385 3009.064669 3009.420230 2992.668134 2972.487455 2962.078909 2981.659540 2995.854687 3047.342479 3136.410131 3193.679831 3239.425792 3278.608016 3314.788709 3377.886648 3470.570069 3550.840419 -9999.0 -9999.0 -9999.0 -9999.0 -9999.0 -9999.0 -9999.0 -9999.0 -9999.0 -9999.0 -9999.0 -9999.0
-9999.0 -9999.0 -9999.0 -9999.0 -9999.0 -9999.0 1932.319563 2038.007363 2107.908704 2260.211550 2405.151224 2514.099614 2599.129142 2635.906375 2670.488340 2701.447873 2702.163366 2682.240117 2660.592293 2681.661256 2699.777710 2693.143710 2661.379194 2662.409347 2668.890689 2676.515707 2673.738157 2667.467467 2642.515060 2658.122932 2661.654930 2638.768427 2613.337295 2600.359230 2588.756736 2598.453874 2598.390672 2583.907713 2582.909054 2610.595975 2631.553445 2644.456849 2665.606060 2698.892003 2731.660245 2747.766408 2749.390447 2755.098505 2792.938657 2842.277961 2913.076778 2968.020601 2991.198754 2995.873572 2975.694676 2932.213838 2907.667645 2908.620733 2935.119065 2977.025580 3020.021202 3056.470247 3068.722303 3071.027719 3083.871500 3176.267736 -9999.0 -9999.0 -9999.0 -9999.0 -9999.0 -9999.0 -9999.0 -9999.0 -9999.0 -9999.0 -9999.0 -9999.0 -9999.0 -9999.0
-9999.0 -9999.0 -9999.0 -9999.0 -9999.0 -9999.0 -9999.0 -9999.0 -9999.0 -9999.0 -9999.0 -9999.0 -9999.0 -9999.0 -9999.0 -9999.0 -9999.0 -9999.0 -9999.0 -9999.0 -9999.0 -9999.0 -9999.0 -9999.0 -9999.0 -9999.0 -9999.0 -9999.0 -9999.0 -9999.0 -9999.0 -9999.0 -9999.0 -9999.0 -9999.0 -9999.0 -9999.0 -9999.0 -9999.0 -9999.0 -9999.0 -9999.0 -9999.0 -9999.0 -9999.0 -9999.0 -9999.0 -9999.0 -9999.0 -9999.0 -9999.0 -9999.0 -9999.0 -9999.0 -9999.0 -9999.0 -9999.0 -9999.0 -9999.0 -9999.0 -9999.0 -9999.0 -9999.0 -9999.0 -9999.0 -9999.0 -9999.0 -9999.0 -9999.0 -9999.0 -9999.0 -9999.0 -9999.0 -9999.0 -9999.0 -9999.0 -9999.0 -9999.0 -9999.0 -9999.0
-9999.0 -9999.0 -9999.0 -9999.0 -9999.0 -9999.0 -9999.0 -9999.0 -9999.0 -9999.0 -9999.0 -9999.0 -9999.0 -9999.0 -9999.0 -9999.0 -9999.0 -9999.0 -9999.0 -9999.0 -9999.0 -9999.0 -9999.0 -9999.0 -9999.0 -9999.0 -9999.0 -9999.0 -9999.0 -9999.0 -9999.0 -9999.0 -9999.0 -9999.0 -9999.0 -9999.0 -9999.0 -9999.0 -9999.0 -9999.0 -9999.0 -9999.0 -9999.0 -9999.0 -9999.0 -9999.0 -9999.0 -9999.0 -9999.0 -9999.0 -9999.0 -9999.0 -9999.0 -9999.0 -9999.0 -9999.0 -9999.0 -9999.0 -9999.0 -9999.0 -9999.0 -9999.0 -9999.0 -9999.0 -9999.0 -9999.0 -9999.0 -9999.0 -9999.0 -9999.0 -9999.0 -9999.0 -9999.0 -9999.0 -9999.0 -9999.0 -9999.0 -9999.0 -9999.0 -9999.0