Borden_/Borden1m_014/output_maps/psiliqL0002N0031.asc
ncols         80
nrows         18
xllcorner     620200.000000
yllcorner     5168000.000000
cellsize      1.000000
NODATA_value  -9999.0
-9999.0 -9999.0 -9999.0 -9999.0 -9999.0 -9999.0 -9999.0 -9999.0 -9999.0 -9999.0 -9999.0 -9999.0 -9999.0 -9999.0 -9999.0 -9999.0 -9999.0 -9999.0 -9999.0 -9999.0 -9999.0 -9999.0 -9999.0 -9999.0 -9999.0 -9999.0 -9999.0 -9999.0 -9999.0 -9999.0 -9999.0 -9999.0 -9999.0 -9999.0 -9999.0 -9999.0 -9999.0 -9999.0 -9999.0 -9999.0 -9999.0 -9999.0 -9999.0 -9999.0 -9999.0 -9999.0 -9999.0 -9999.0 -9999.0 -9999.0 -9999.0 -9999.0 -9999.0 -9999.0 -9999.0 -9999.0 -9999.0 -9999.0 -9999.0 -9999.0 -9999.0 -9999.0 -9999.0 -9999.0 -9999.0 -9999.0 -9999.0 -9999.0 -9999.0 -9999.0 -9999.0 -9999.0 -9999.0 -9999.0 -9999.0 -9999.0 -9999.0 -9999.0 -9999.0 -9999.0
-9999.0 -9999.0 -9999.0 -9999.0 -9999.0 -9999.0 -9999.0 -9999.0 -9999.0 -9999.0 -9999.0 -9999.0 -9999.0 -9999.0 -9999.0 -9999.0 -9999.0 -9999.0 -9999.0 -9999.0 -9999.0 -9999.0 -9999.0 -9999.0 -9999.0 -9999.0 -9999.0 -9999.0 -9999.0 -9999.0 -9999.0 -9999.0 -9999.0 -9999.0 -9999.0 -9999.0 -9999.0 -9999.0 -9999.0 -9999.0 -9999.0 -9999.0 -9999.0 -9999.0 -9999.0 -9999.0 -9999.0 -9999.0 -9999.0 -9999.0 -9999.0 -9999.0 -9999.0 -9999.0 -9999.0 -9999.0 -9999.0 -9999.0 -9999.0 -9999.0 -9999.0 -9999.0 -9999.0 -9999.0 -9999.0 -9999.0 -9999.0 -9999.0 -9999.0 -9999.0 -9999.0 -9999.0 -9999.0 -9999.0 -9999.0 -9999.0 -9999.0 -9999.0 -9999.0 -9999.0
-9999.0 -9999.0 -9999.0 -9999.0 -9999.0 -9999.0 -9999.0 -9999.0 -9999.0 -9999.0 -9999.0 -9999.0 -9999.0 -9999.0 -9999.0 -9999.0 -9999.0 -9999.0 -9999.0 -9999.0 -589.365988 -588.434276 -590.518469 -592.886803 -594.859204 -595.092483 -592.871693 -590.269156 -587.262625 -586.624313 -589.011658 -588.458656 -589.392079 -589.883902 -589.901934 -589.246989 -588.942519 -587.961735 -587.326325 -587.590946 -588.320681 -588.850401 -589.331008 -589.157196 -588.347770 -589.439960 -587.803962 -586.160172 -585.556997 -585.611081 -587.887797 -588.849005 -589.201481 -591.034350 -587.709381 -586.682581 -584.135977 -583.864299 -583.424887 -586.293284 -589.087333 -9999.0 -9999.0 -9999.0 -9999.0 -9999.0 -9999.0 -9999.0 -9999.0 -9999.0 -9999.0 -9999.0 -9999.0 -9999.0 -9999.0 -9999.0 -9999.0 -9999.0 -9999.0 -9999.0
-9999.0 -9999.0 -9999.0 -9999.0 -9999.0 -9999.0 -9999.0 -9999.0 -9999.0 -9999.0 -9999.0 -9999.0 -9999.0 -9999.0 -593.315079 -594.411436 -594.916815 -595.208868 -593.217849 -591.631273 -591.526025 -592.670265 -591.768228 -594.000023 -595.948655 -594.759341 -593.034431 -591.566644 -589.157530 -587.293046 -588.988320 -589.403590 -588.464350 -585.154906 -583.626189 -584.296296 -588.095745 -584.532834 -582.632106 -581.380144 -581.538510 -583.279275 -580.791086 -577.882286 -579.343152 -582.407764 -581.813350 -580.101512 -577.240556 -578.850973 -588.331450 -589.406157 -588.961254 -588.820596 -590.073492 -590.970238 -587.608670 -588.044668 -588.622031 -589.294208 -591.314951 -594.493982 -595.884645 -592.628872 -589.615130 -583.415164 -9999.0 -9999.0 -9999.0 -9999.0 -9999.0 -9999.0 -9999.0 -9999.0 -9999.0 -9999.0 -9999.0 -9999.0 -9999.0 -9999.0
-9999.0 -9999.0 -9999.0 -9999.0 -9999.0 -9999.0 -9999.0 -9999.0 -9999.0 -595.173648 -595.473434 -595.171269 -595.876365 -594.921919 -596.480815 -596.109308 -596.360904 -595.010350 -593.867179 -591.912276 -589.324653 -591.194902 -591.429905 -590.052766 -589.806140 -589.216875 -587.999615 -583.604111 -578.377244 -570.158131 -576.993953 -577.282402 -573.498500 -559.191648 -545.166866 -540.344850 -548.240942 -548.295643 -538.704829 -526.130466 -525.441395 -526.510346 -511.698756 -501.810134 -494.700702 -509.846347 -524.188544 -526.368237 -509.006573 -537.957189 -559.370181 -575.027629 -574.183740 -579.481042 -585.131690 -587.243304 -587.986007 -584.079852 -585.622379 -589.257409 -592.179313 -591.346893 -592.938978 -591.383271 -590.221877 -585.506996 -581.155881 -576.880664 -576.665967 -579.385959 -9999.0 -9999.0 -9999.0 -9999.0 -9999.0 -9999.0 -9999.0 -9999.0 -9999.0 -9999.0
-9999.0 -9999.0 -9999.0 -9999.0 -9999.0 -9999.0 -597.131048 -597.259591 -596.652340 -598.538149 -597.187684 -598.106449 -597.094322 -596.631636 -595.959451 -595.890285 -594.146376 -592.581143 -589.894442 -586.254191 -582.817498 -584.520992 -583.602969 -578.559917 -568.371359 -558.466889 -551.935967 -539.364317 -488.045303 -431.805229 -407.607674 -395.886138 -382.305447 -353.083544 -298.649931 -268.105807 -301.768955 -320.475563 -303.822595 -260.319868 -175.501717 -174.394964 -168.935665 -162.144539 -136.097311 -140.821197 -253.866644 -285.094754 -295.264358 -304.764523 -345.639346 -388.257446 -448.585332 -504.102495 -545.860788 -563.737453 -566.737923 -564.051632 -571.073269 -579.998489 -585.193270 -585.290023 -586.311732 -588.145079 -587.312108 -585.386286 -582.383924 -580.503339 -581.955449 -583.942081 -585.474045 -588.555496 -588.085604 -585.099936 -9999.0 -9999.0 -9999.0 -9999.0 -9999.0 -9999.0
-9999.0 -9999.0 -9999.0 -9999.0 -600.089136 -599.214148 -601.816627 -600.348170 -599.189757 -598.303731 -598.254064 -596.648413 -596.168080 -594.993505 -592.475838 -590.406451 -586.749709 -583.897865 -575.920153 -558.525732 -539.919091 -526.922517 -517.331585 -449.673611 -379.557614 -342.044696 -327.915007 -303.701487 -254.644824 -129.479569 -102.459145 -98.780601 -77.460777 -56.108955 -15.468131 11.782659 -1.915728 -6.504961 -6.009145 1.777609 25.136500 25.497876 26.466681 26.416376 28.450808 30.320068 11.292881 -18.997010 -68.551723 -36.976294 -54.138328 -114.330661 -222.296611 -261.595632 -286.917772 -325.902039 -378.398584 -403.292369 -477.912549 -523.902732 -553.011456 -562.068118 -570.383162 -574.616231 -579.950686 -579.078920 -577.695779 -580.389532 -583.841837 -587.064209 -587.519350 -588.915981 -590.407093 -586.602673 -585.192018 -580.948127 -9999.0 -9999.0 -9999.0 -9999.0
-9999.0 -9999.0 -600.271579 -600.156053 -597.751080 -599.198623 -600.039992 -601.280646 -600.748649 -598.404008 -593.836540 -591.723163 -588.451049 -586.639039 -578.907094 -558.411654 -529.806699 -499.279981 -423.915300 -366.628224 -319.134474 -277.141646 -191.229788 -167.133236 -105.872383 -97.033637 -37.482834 -53.793162 4.661338 29.955201 55.863944 68.935660 78.421937 68.610590 70.052452 66.329218 65.091769 62.266880 44.748618 42.988882 50.016457 52.008410 55.906415 43.205025 39.631843 51.886028 54.328934 54.693455 55.691705 64.964504 76.204696 46.770600 -5.507580 -51.025327 -18.297387 -95.166372 -117.161348 -216.835439 -247.127786 -287.547509 -355.485079 -392.596767 -455.079797 -513.897052 -544.155939 -556.350190 -567.795502 -574.650518 -580.732444 -586.144489 -587.812768 -588.822725 -588.136586 -588.632492 -586.594656 -585.010463 -582.693962 -581.794433 -9999.0 -9999.0
-9999.0 -600.979889 -601.733910 -597.426290 -596.611999 -595.653117 -594.310881 -593.156509 -591.931668 -593.545018 -580.843175 -553.821971 -520.961675 -504.153918 -437.970710 -343.486011 -184.812687 -170.112235 -126.494206 -124.436820 -82.067749 -2.777878 20.871789 52.697567 77.923104 69.393637 69.563208 65.678333 58.536875 51.388066 40.126140 49.023572 46.707478 32.782338 21.596158 20.836134 18.602483 -4.301594 -30.539850 -41.833078 -36.579904 -15.934336 -25.449189 -45.931060 -49.601279 -30.274910 -14.815789 -23.668970 -68.907289 -20.412377 10.753227 26.498063 42.617247 55.849908 77.085667 53.748449 22.486133 -12.658614 -26.785503 -50.264457 -160.575936 -225.554133 -278.653187 -339.419357 -387.700188 -461.188183 -523.906663 -550.157223 -567.438512 -573.679038 -577.504149 -584.968475 -586.927642 -585.438067 -586.416860 -586.534415 -585.618329 -584.894844 -9999.0 -9999.0
-9999.0 -604.825485 -600.950966 -596.254852 -590.150976 -588.943838 -567.268188 -544.770470 -535.287464 -547.703191 -472.224219 -179.270062 -118.915037 -118.005673 -67.185837 -0.168613 40.247477 61.170077 76.676467 65.479108 59.038849 61.861044 57.888915 48.905190 35.330287 28.058637 27.675959 26.213024 10.141134 -6.347271 -52.356076 -22.059676 -69.467190 -68.113403 -99.675320 -113.859426 -153.173236 -204.335541 -245.416415 -273.508141 -286.345115 -266.180635 -277.249124 -296.000960 -299.633817 -275.579425 -241.998483 -248.676111 -243.735859 -220.604690 -174.931387 -86.016220 -66.563641 -72.213793 -8.963173 27.121250 44.987859 64.826959 70.583172 46.215429 9.016171 -34.258035 -61.613126 -174.304084 -249.174871 -325.662734 -371.677158 -406.093827 -482.298998 -523.234231 -546.840277 -564.273168 -575.966279 -578.653289 -584.069671 -585.049667 -9999.0 -9999.0 -9999.0 -9999.0
-9999.0 -604.892820 -601.025144 -592.011706 -568.441608 -527.652135 -381.808319 -254.995123 -83.610145 -130.965487 -9.337522 60.676429 69.465567 52.043294 26.017483 22.435943 31.884752 33.824651 29.981709 20.984631 6.946970 8.092603 6.967097 -0.946399 -12.725223 -26.957203 -37.698528 -47.765449 -138.178329 -175.618804 -203.339103 -219.245056 -252.290643 -332.559404 -362.080886 -381.186680 -440.964170 -459.093862 -476.844785 -506.337485 -518.633137 -525.795734 -516.167429 -518.595120 -519.426529 -513.080650 -495.108984 -478.086481 -425.334860 -388.687481 -360.128132 -315.284829 -282.493783 -238.660786 -185.663913 -79.577432 -52.620587 -26.459407 11.832915 47.243528 67.307498 60.416239 32.271830 -0.976528 -57.640003 -179.148874 -232.295238 -299.796631 -350.165938 -382.680114 -406.631009 -464.240830 -528.217049 -561.614645 -569.691751 -9999.0 -9999.0 -9999.0 -9999.0 -9999.0
-9999.0 -610.008627 -600.674796 -593.188247 -550.761731 -368.126749 -279.980800 -10.665604 41.455206 -26.944531 -135.247949 -51.061270 -18.009045 -18.447996 -43.123834 -53.315190 -57.422331 -58.234146 -45.663523 -77.240400 -157.116091 -175.656857 -177.767731 -189.912515 -212.693778 -231.797216 -246.407037 -267.736715 -319.913775 -356.891169 -403.910266 -436.258438 -511.752716 -545.715544 -559.805940 -571.071985 -580.998390 -580.834830 -577.819429 -580.562382 -583.455352 -586.412442 -582.841782 -581.159105 -579.553577 -581.495338 -580.872425 -575.747807 -566.764430 -556.334076 -538.493827 -506.407053 -455.851468 -392.403211 -368.165338 -323.183231 -278.863174 -230.682002 -155.147622 -33.201206 -6.988631 22.135651 57.393460 76.609961 38.355335 2.830697 -51.696766 -173.402900 -271.808859 -310.512470 -326.610725 -348.433558 -383.816548 -9999.0 -9999.0 -9999.0 -9999.0 -9999.0 -9999.0 -9999.0
-9999.0 -613.120805 -603.025364 -601.010855 -587.662489 -555.445614 -477.853116 -363.870585 -194.825352 -320.679898 -335.204083 -312.522283 -284.649101 -263.778176 -286.702491 -317.757928 -337.970979 -334.556695 -333.109806 -351.912426 -373.896086 -382.832394 -383.422996 -391.139132 -424.462343 -449.085113 -464.396918 -490.199605 -519.671402 -544.444134 -569.130718 -579.887654 -587.062573 -589.579318 -591.385623 -593.251108 -596.667722 -594.858686 -593.419173 -593.807395 -594.905593 -595.722797 -593.200460 -592.288476 -591.475348 -593.768252 -592.146427 -590.605508 -587.149871 -583.485938 -578.088606 -569.767610 -558.305252 -548.953243 -541.406207 -525.168862 -489.801847 -410.891011 -347.340167 -255.071613 -180.982956 -87.566074 -70.802462 -4.422846 13.829086 22.471458 30.491922 3.605715 -244.351413 -276.026747 -279.097252 -9999.0 -9999.0 -9999.0 -9999.0 -9999.0 -9999.0 -9999.0 -9999.0 -9999.0
-9999.0 -9999.0 -615.039368 -610.755530 -606.797736 -602.736307 -596.925273 -589.128466 -582.861982 -574.282196 -560.502986 -542.801243 -529.129371 -521.867785 -531.404833 -547.837343 -556.236956 -555.683088 -557.827779 -562.014506 -569.015009 -571.523762 -573.178556 -574.504796 -577.331840 -578.528704 -579.044187 -580.114648 -582.405345 -587.262312 -591.430770 -594.228739 -597.216531 -597.174326 -597.680577 -598.713845 -597.960157 -598.149385 -597.868914 -598.018112 -597.806758 -597.350913 -596.760189 -595.967378 -595.912484 -595.699759 -595.389328 -594.482567 -593.074477 -591.183977 -587.502734 -581.975268 -577.548017 -576.405786 -578.628850 -577.852092 -574.502063 -566.038744 -534.976506 -452.841303 -370.204628 -309.000030 -238.561760 -190.516166 -168.725905 -96.192241 -38.153093 -182.332806 -324.373948 -311.966193 -9999.0 -9999.0 -9999.0 -9999.0 -9999.0 -9999.0 -9999.0 -9999.0 -9999.0 -9999.0
-9999.0 -9999.0 -9999.0 -9999.0 -616.527179 -610.757013 -605.520703 -605.943038 -602.090469 -599.707973 -597.361563 -594.470652 -592.061553 -590.455207 -592.471124 -593.048099 -593.506301 -593.207892 -593.628974 -594.193352 -594.503404 -594.842381 -595.151053 -595.612846 -595.468105 -595.068751 -594.965367 -595.737868 -595.781033 -597.298748 -597.585172 -598.478909 -599.341691 -600.295295 -600.131929 -600.260650 -599.862562 -600.291003 -599.622188 -600.023183 -599.517685 -599.275860 -598.635728 -597.606978 -597.973465 -597.377071 -597.325480 -596.515128 -596.136464 -593.920100 -590.258594 -585.894069 -582.827964 -582.929607 -586.730965 -588.298304 -589.136513 -586.677945 -582.237852 -572.223271 -543.086454 -496.959334 -408.866248 -370.638410 -345.809645 -303.170809 -262.124892 -253.090095 -9999.0 -9999.0 -9999.0 -9999.0 -9999.0 -9999.0 -9999.0 -9999.0 -9999.0 -9999.0 -9999.0 -9999.0
-9999.0 -9999.0 -9999.0 -9999.0 -9999.0 -9999.0 -614.226214 -611.425575 -612.122300 -610.101295 -608.304554 -606.817832 -604.478740 -604.814101 -604.212068 -602.383350 -602.679945 -603.556112 -604.644978 -603.030807 -602.365828 -602.197566 -603.989395 -603.507233 -603.342301 -602.641648 -602.713303 -602.427078 -603.987082 -602.226120 -601.400561 -601.772684 -602.132378 -601.821160 -602.225770 -601.088758 -600.954638 -601.866295 -602.115380 -600.803169 -600.426107 -600.600887 -600.316715 -599.383150 -598.027495 -597.816892 -598.410112 -599.220212 -597.767113 -594.440681 -590.569647 -587.012184 -584.615506 -583.823009 -587.036308 -591.226300 -593.271053 -593.491706 -591.694410 -588.180422 -579.576875 -573.024229 -567.081549 -559.247995 -549.443682 -489.267927 -9999.0 -9999.0 -9999.0 -9999.0 -9999.0 -9999.0 -9999.0 -9999.0 -9999.0 -9999.0 -9999.0 -9999.0 -9999.0 -9999.0
-9999.0 -9999.0 -9999.0 -9999.0 -9999.0 -9999.0 -9999.0 -9999.0 -9999.0 -9999.0 -9999.0 -9999.0 -9999.0 -9999.0 -9999.0 -9999.0 -9999.0 -9999.0 -9999.0 -9999.0 -9999.0 -9999.0 -9999.0 -9999.0 -9999.0 -9999.0 -9999.0 -9999.0 -9999.0 -9999.0 -9999.0 -9999.0 -9999.0 -9999.0 -9999.0 -9999.0 -9999.0 -9999.0 -9999.0 -9999.0 -9999.0 -9999.0 -9999.0 -9999.0 -9999.0 -9999.0 -9999.0 -9999.0 -9999.0 -9999.0 -9999.0 -9999.0 -9999.0 -9999.0 -9999.0 -9999.0 -9999.0 -9999.0 -9999.0 -9999.0 -9999.0 -9999.0 -9999.0 -9999.0 -9999.0 -9999.0 -9999.0 -9999.0 -9999.0 -9999.0 -9999.0 -9999.0 -9999.0 -9999.0 -9999.0 -9999.0 -9999.0 -9999.0 -9999.0 -9999.0
-9999.0 -9999.0 -9999.0 -9999.0 -9999.0 -9999.0 -9999.0 -9999.0 -9999.0 -9999.0 -9999.0 -9999.0 -9999.0 -9999.0 -9999.0 -9999.0 -9999.0 -9999.0 -9999.0 -9999.0 -9999.0 -9999.0 -9999.0 -9999.0 -9999.0 -9999.0 -9999.0 -9999.0 -9999.0 -9999.0 -9999.0 -9999.0 -9999.0 -9999.0 -9999.0 -9999.0 -9999.0 -9999.0 -9999.0 -9999.0 -9999.0 -9999.0 -9999.0 -9999.0 -9999.0 -9999.0 -9999.0 -9999.0 -9999.0 -9999.0 -9999.0 -9999.0 -9999.0 -9999.0 -9999.0 -9999.0 -9999.0 -9999.0 -9999.0 -9999.0 -9999.0 -9999.0 -9999.0 -9999.0 -9999.0 -9999.0 -9999.0 -9999.0 -9999.0 -9999.0 -9999.0 -9999.0 -9999.0 -9999.0 -9999.0 -9999.0 -9999.0 -9999.0 -9999.0 -9999.0