Borden_/Borden1m_014/output_maps/psiliqL0024N0021.asc
ncols         80
nrows         18
xllcorner     620200.000000
yllcorner     5168000.000000
cellsize      1.000000
NODATA_value  -9999.0
-9999.0 -9999.0 -9999.0 -9999.0 -9999.0 -9999.0 -9999.0 -9999.0 -9999.0 -9999.0 -9999.0 -9999.0 -9999.0 -9999.0 -9999.0 -9999.0 -9999.0 -9999.0 -9999.0 -9999.0 -9999.0 -9999.0 -9999.0 -9999.0 -9999.0 -9999.0 -9999.0 -9999.0 -9999.0 -9999.0 -9999.0 -9999.0 -9999.0 -9999.0 -9999.0 -9999.0 -9999.0 -9999.0 -9999.0 -9999.0 -9999.0 -9999.0 -9999.0 -9999.0 -9999.0 -9999.0 -9999.0 -9999.0 -9999.0 -9999.0 -9999.0 -9999.0 -9999.0 -9999.0 -9999.0 -9999.0 -9999.0 -9999.0 -9999.0 -9999.0 -9999.0 -9999.0 -9999.0 -9999.0 -9999.0 -9999.0 -9999.0 -9999.0 -9999.0 -9999.0 -9999.0 -9999.0 -9999.0 -9999.0 -9999.0 -9999.0 -9999.0 -9999.0 -9999.0 -9999.0
-9999.0 -9999.0 -9999.0 -9999.0 -9999.0 -9999.0 -9999.0 -9999.0 -9999.0 -9999.0 -9999.0 -9999.0 -9999.0 -9999.0 -9999.0 -9999.0 -9999.0 -9999.0 -9999.0 -9999.0 -9999.0 -9999.0 -9999.0 -9999.0 -9999.0 -9999.0 -9999.0 -9999.0 -9999.0 -9999.0 -9999.0 -9999.0 -9999.0 -9999.0 -9999.0 -9999.0 -9999.0 -9999.0 -9999.0 -9999.0 -9999.0 -9999.0 -9999.0 -9999.0 -9999.0 -9999.0 -9999.0 -9999.0 -9999.0 -9999.0 -9999.0 -9999.0 -9999.0 -9999.0 -9999.0 -9999.0 -9999.0 -9999.0 -9999.0 -9999.0 -9999.0 -9999.0 -9999.0 -9999.0 -9999.0 -9999.0 -9999.0 -9999.0 -9999.0 -9999.0 -9999.0 -9999.0 -9999.0 -9999.0 -9999.0 -9999.0 -9999.0 -9999.0 -9999.0 -9999.0
-9999.0 -9999.0 -9999.0 -9999.0 -9999.0 -9999.0 -9999.0 -9999.0 -9999.0 -9999.0 -9999.0 -9999.0 -9999.0 -9999.0 -9999.0 -9999.0 -9999.0 -9999.0 -9999.0 -9999.0 2930.358949 2931.653640 2910.034474 2876.151840 2848.120871 2850.138335 2883.375393 2924.050885 2962.745808 2970.547166 2951.755279 2955.495992 2951.202724 2947.215276 2947.916548 2955.666573 2962.223393 2971.973043 2979.071362 2976.984723 2969.767842 2964.678193 2966.806160 2968.569352 2974.677553 2960.830617 2976.469540 2981.354383 2986.251476 2983.536268 2969.574688 2956.948958 2948.589175 2932.830554 2958.870100 2970.396075 2987.203296 2992.000622 2990.414881 2968.873124 2938.886385 -9999.0 -9999.0 -9999.0 -9999.0 -9999.0 -9999.0 -9999.0 -9999.0 -9999.0 -9999.0 -9999.0 -9999.0 -9999.0 -9999.0 -9999.0 -9999.0 -9999.0 -9999.0 -9999.0
-9999.0 -9999.0 -9999.0 -9999.0 -9999.0 -9999.0 -9999.0 -9999.0 -9999.0 -9999.0 -9999.0 -9999.0 -9999.0 -9999.0 2839.723028 2830.890043 2828.089612 2835.591409 2868.233739 2898.447640 2910.119627 2902.696186 2902.571080 2878.080018 2855.658886 2868.504294 2897.852417 2928.024276 2961.252983 2978.827678 2967.762462 2965.318574 2972.724265 2982.127249 2990.349500 2986.704299 2981.011436 2992.525284 3005.664215 3010.300939 3008.217747 2998.367117 3007.483329 3021.546374 3014.518978 2999.206215 3009.568583 3024.269789 3035.540470 3027.167275 2980.371987 2967.274152 2963.877573 2959.475928 2946.368383 2942.399944 2970.295094 2969.665594 2962.281585 2945.178873 2912.154303 2867.254190 2848.533623 2888.916918 2932.662092 2985.239884 -9999.0 -9999.0 -9999.0 -9999.0 -9999.0 -9999.0 -9999.0 -9999.0 -9999.0 -9999.0 -9999.0 -9999.0 -9999.0 -9999.0
-9999.0 -9999.0 -9999.0 -9999.0 -9999.0 -9999.0 -9999.0 -9999.0 -9999.0 2797.737525 2787.984646 2794.850884 2797.110756 2812.270597 2809.090683 2815.972572 2820.381190 2847.465481 2877.018047 2910.563114 2937.394848 2928.323466 2926.902097 2931.565504 2927.279805 2935.656095 2955.994571 2981.976323 3013.325607 3048.450389 3015.072805 3010.097452 3027.358919 3068.811927 3092.732493 3095.049541 3076.476100 3091.735563 3115.035802 3131.101679 3127.592779 3121.782256 3147.190920 3162.009011 3156.914780 3135.922943 3133.589173 3140.474655 3169.443894 3119.435135 3054.593035 3015.584031 3030.698940 3009.406096 2982.903926 2981.910321 2982.212121 2993.604208 2982.161320 2956.175162 2923.026285 2911.617733 2894.857642 2915.414639 2938.667667 2980.629995 3020.743860 3050.814626 3050.723882 3033.748124 -9999.0 -9999.0 -9999.0 -9999.0 -9999.0 -9999.0 -9999.0 -9999.0 -9999.0 -9999.0
-9999.0 -9999.0 -9999.0 -9999.0 -9999.0 -9999.0 2716.691320 2728.321921 2750.661786 2754.932511 2783.123689 2790.178543 2787.850872 2805.022122 2826.515823 2839.639088 2865.103344 2895.124279 2931.214921 2969.224272 2987.634968 2986.426312 2981.158366 3000.968345 3028.379432 3047.789377 3069.818259 3106.667809 3176.377494 3212.279802 3206.145295 3207.020369 3215.123032 3264.832057 3328.388855 3339.685228 3319.151891 3305.867320 3328.728617 3365.515995 3364.241599 3363.092735 3375.346364 3385.838998 3412.521966 3402.172366 3366.556198 3360.392409 3366.157248 3344.794096 3277.735270 3220.646614 3200.957661 3156.953412 3075.243272 3031.967486 3054.031328 3081.248243 3059.538440 3010.774052 2988.144881 2982.165278 2970.631366 2962.947622 2974.703967 2991.489635 3015.932899 3030.093237 3018.678880 2998.360880 2979.580390 2951.304394 2953.731818 2978.659060 -9999.0 -9999.0 -9999.0 -9999.0 -9999.0 -9999.0
-9999.0 -9999.0 -9999.0 -9999.0 2664.832184 2679.101874 2666.473005 2694.602477 2729.058942 2765.108766 2795.043513 2803.301939 2826.357291 2853.193677 2886.699416 2910.054691 2943.064926 2972.980195 3009.329156 3070.088289 3114.053533 3127.905118 3136.134578 3185.131781 3240.965609 3287.941346 3306.289538 3331.599875 3375.816217 3431.763271 3454.090320 3457.123968 3473.964148 3515.918531 3570.702725 3605.360907 3587.954453 3579.181668 3588.621500 3602.356217 3624.481307 3624.570590 3625.668878 3629.496204 3636.729345 3635.250552 3609.313361 3576.202145 3563.393838 3553.607130 3517.120125 3446.087162 3415.359864 3387.258709 3347.098694 3294.093191 3245.291638 3245.037194 3191.426820 3139.197919 3088.934012 3080.151907 3059.589024 3043.499299 3025.675733 3037.437333 3049.093608 3034.167545 3004.739199 2979.516529 2966.203134 2948.319946 2936.935301 2967.793973 2984.036981 3013.785447 -9999.0 -9999.0 -9999.0 -9999.0
-9999.0 -9999.0 2602.743923 2649.786266 2708.729757 2717.484201 2714.660698 2721.045369 2751.097195 2804.099006 2839.968802 2877.559442 2907.718404 2937.903683 2978.293012 3040.873619 3100.697960 3142.484159 3197.538399 3265.632807 3324.088955 3350.886939 3359.923472 3394.708832 3448.434435 3515.866379 3543.273866 3569.235510 3600.248350 3635.762573 3630.260801 3641.348776 3653.196638 3664.577574 3678.266541 3684.711056 3680.079467 3675.529846 3657.108386 3652.157187 3658.687027 3666.257797 3665.594641 3651.103204 3647.144444 3661.950679 3667.872689 3665.999876 3663.546748 3668.732271 3665.350785 3618.452259 3598.285567 3583.472798 3572.498019 3527.017228 3461.241948 3428.419225 3407.775507 3367.934943 3295.282209 3257.106697 3217.658928 3182.723892 3146.302102 3132.145688 3099.230477 3067.015909 3028.328634 2987.748738 2972.946103 2957.902172 2957.034755 2957.250427 2974.607436 2988.783641 3004.773371 3012.871644 -9999.0 -9999.0
-9999.0 2493.201690 2564.976396 2688.824363 2769.018993 2794.055766 2805.530673 2810.989329 2836.132939 2867.083341 2954.842474 2998.331897 3080.185737 3115.810038 3156.193473 3243.741143 3336.081195 3378.152039 3415.811742 3477.444735 3541.532522 3587.832085 3613.761338 3596.992485 3635.209572 3662.110055 3669.300196 3675.633475 3674.958067 3666.514585 3659.741067 3666.515233 3663.686630 3644.778917 3628.962876 3627.311044 3623.969925 3600.893167 3573.569914 3558.385448 3560.054510 3584.701140 3571.807464 3550.552874 3546.184808 3567.659117 3588.555077 3578.026083 3564.980825 3581.456961 3615.697448 3639.824868 3642.177564 3660.369536 3681.404615 3652.903113 3630.659328 3587.581657 3570.951791 3545.762658 3489.715174 3435.064017 3387.443397 3339.235993 3286.911840 3237.537562 3190.095609 3144.208324 3090.849410 3058.114578 3033.739578 2990.654309 2981.171691 2983.746628 2980.612569 2978.767843 2984.090665 2990.721187 -9999.0 -9999.0
-9999.0 2399.308620 2539.233462 2719.409891 2851.558075 2893.808648 2960.350946 3010.164549 3023.826161 2982.941531 3070.533037 3282.820944 3398.981493 3414.877223 3488.308431 3580.670786 3567.922648 3598.456897 3620.837677 3643.722251 3662.176248 3675.463715 3673.475695 3668.014149 3651.728065 3643.770124 3642.944643 3640.906509 3623.745241 3605.002693 3588.360497 3585.436444 3567.942936 3519.832971 3487.134088 3470.245340 3452.401742 3438.658423 3411.101932 3385.479882 3369.811729 3380.994283 3378.431810 3364.634098 3360.202291 3378.484199 3409.260418 3406.566145 3417.207383 3436.559632 3471.869642 3509.311295 3528.370312 3557.096600 3592.357681 3639.259369 3648.825200 3671.037525 3674.236354 3662.619823 3616.940532 3566.109643 3537.039168 3482.326216 3422.943702 3361.582897 3313.246003 3268.868214 3214.218982 3180.075620 3141.635404 3088.285101 3044.638493 3035.662372 3002.111152 2988.533297 -9999.0 -9999.0 -9999.0 -9999.0
-9999.0 2300.625957 2481.619168 2724.580453 2999.112818 3073.388582 3270.563672 3382.926374 3421.675990 3487.160027 3381.724201 3576.145228 3625.060398 3619.058981 3631.178924 3633.776430 3647.617609 3647.197565 3642.138816 3631.284163 3621.918182 3617.517973 3616.388057 3608.517794 3595.992258 3581.488612 3569.742678 3558.573574 3522.502278 3491.057634 3453.044553 3440.921016 3398.137716 3307.657253 3269.139106 3231.840916 3172.775733 3174.689638 3180.609012 3158.402697 3139.305153 3112.628584 3140.939975 3150.520806 3154.268298 3150.734032 3161.091767 3186.489976 3232.793373 3266.430545 3304.998007 3352.256899 3381.919672 3420.641476 3460.453843 3512.259371 3542.822755 3571.380690 3619.316871 3656.093115 3678.611379 3665.157409 3645.735732 3602.152727 3542.457658 3493.478578 3465.093926 3415.432176 3372.426871 3328.967967 3282.804343 3230.340320 3169.976367 3114.894771 3080.736615 -9999.0 -9999.0 -9999.0 -9999.0 -9999.0
-9999.0 2084.332036 2348.891368 2619.017746 2885.535929 3216.736100 3377.641466 3473.336246 3535.019598 3513.589664 3532.826972 3540.200132 3576.771919 3583.380872 3561.884987 3548.603694 3531.774954 3530.686719 3543.679734 3516.735690 3487.004807 3473.948491 3474.789754 3464.088080 3440.610318 3425.737464 3416.433936 3398.416262 3355.839138 3306.661716 3224.312601 3191.912713 3116.875502 3076.838560 3040.350338 2994.247163 2961.198985 2965.990269 2979.222499 2980.326602 2959.803425 2942.812566 2971.739440 2981.524762 2994.335888 2978.710578 2985.350976 3019.222960 3065.156655 3104.887763 3148.286515 3194.092254 3235.026756 3274.125802 3295.616416 3335.426508 3376.786756 3417.808852 3487.059724 3563.949784 3598.879479 3632.859780 3662.425243 3684.006280 3641.577706 3614.703804 3591.481290 3568.645595 3523.140717 3478.181368 3437.682148 3374.188865 3314.783464 -9999.0 -9999.0 -9999.0 -9999.0 -9999.0 -9999.0 -9999.0
-9999.0 1969.987112 2167.201918 2364.672403 2621.162718 2833.001666 3041.225898 3131.541182 3199.677281 3263.525264 3313.351837 3349.392895 3374.966836 3396.055962 3373.349309 3328.658747 3297.077638 3301.874182 3293.815310 3272.625747 3245.082555 3232.240535 3230.041053 3225.304658 3204.118868 3193.792957 3187.093093 3170.909753 3145.383798 3093.596886 3022.613009 2962.418764 2908.820016 2887.968155 2864.719231 2837.403741 2810.070239 2823.121133 2835.682381 2835.765388 2828.991551 2828.928113 2857.962096 2877.205562 2886.738308 2875.773458 2894.030811 2917.532284 2954.883812 2985.239523 3029.289826 3078.665302 3126.448947 3146.706699 3149.493488 3161.915760 3188.027227 3231.107869 3306.947111 3391.899539 3467.561810 3512.163075 3562.257295 3601.474024 3628.748276 3655.127845 3676.332586 3668.484867 3643.302384 3610.434104 3552.784019 -9999.0 -9999.0 -9999.0 -9999.0 -9999.0 -9999.0 -9999.0 -9999.0 -9999.0
-9999.0 -9999.0 1940.441224 2096.724516 2200.254132 2365.758032 2510.938919 2621.190802 2724.835146 2823.455225 2942.337389 3021.324766 3066.288588 3081.318713 3067.241842 3038.198339 3020.461368 3020.165199 3008.849725 3002.119009 2987.316144 2982.133389 2983.718168 2976.354806 2971.598207 2970.534186 2968.246540 2960.414499 2943.571672 2902.085846 2864.110266 2819.967105 2809.285735 2785.470614 2765.186664 2746.145833 2748.248719 2742.334014 2746.796575 2748.936859 2757.795096 2771.556633 2791.010210 2791.085099 2800.555130 2810.470198 2821.459470 2843.203307 2873.211473 2913.099978 2964.368587 3011.442544 3046.646717 3053.286647 3035.615766 3031.039446 3039.702201 3069.032346 3132.855748 3200.040506 3288.153264 3352.567067 3418.730801 3473.856201 3499.999472 3536.359511 3605.332433 3653.266688 3694.190350 3671.874874 -9999.0 -9999.0 -9999.0 -9999.0 -9999.0 -9999.0 -9999.0 -9999.0 -9999.0 -9999.0
-9999.0 -9999.0 -9999.0 -9999.0 1957.515759 2105.889368 2203.741866 2284.513833 2418.766186 2549.217325 2656.799255 2744.919447 2814.502475 2798.136284 2798.117678 2813.279331 2811.886467 2803.174939 2792.464013 2796.466471 2800.524190 2794.671460 2828.665563 2821.395391 2823.644530 2829.797882 2826.667863 2812.672750 2793.663272 2777.142562 2762.081255 2730.143506 2697.352388 2669.081478 2656.447135 2652.527964 2652.132873 2643.922017 2651.896677 2660.317341 2675.960680 2690.997526 2714.476472 2743.721176 2758.654333 2774.000263 2783.650183 2803.476182 2811.189728 2862.386783 2924.006777 2980.136165 3007.656058 3007.813962 2987.232902 2966.492918 2955.468822 2974.447318 2992.830268 3044.140095 3133.027154 3192.942891 3238.687404 3277.817349 3313.980002 3377.781057 3470.496473 3550.783641 -9999.0 -9999.0 -9999.0 -9999.0 -9999.0 -9999.0 -9999.0 -9999.0 -9999.0 -9999.0 -9999.0 -9999.0
-9999.0 -9999.0 -9999.0 -9999.0 -9999.0 -9999.0 1932.168552 2037.798887 2107.516090 2259.463881 2403.932424 2512.288301 2596.874813 2633.475312 2668.183625 2699.590221 2700.899346 2681.589527 2660.505764 2682.035230 2700.433275 2693.848525 2661.945673 2662.562939 2668.496844 2675.563099 2672.315644 2665.730476 2640.640991 2656.259634 2659.873886 2637.072883 2611.711791 2598.801175 2587.227355 2596.914513 2596.791113 2582.204278 2581.080566 2608.611370 2629.451524 2642.278463 2663.395453 2696.693237 2729.496002 2745.654369 2747.337639 2753.094084 2790.961779 2839.282145 2909.863292 2964.552162 2990.019039 2994.518443 2970.780035 2926.761303 2901.608869 2901.855446 2927.668777 2968.868115 3016.728478 3053.014573 3064.926441 3066.976267 3079.734806 3175.505462 -9999.0 -9999.0 -9999.0 -9999.0 -9999.0 -9999.0 -9999.0 -9999.0 -9999.0 -9999.0 -9999.0 -9999.0 -9999.0 -9999.0
-9999.0 -9999.0 -9999.0 -9999.0 -9999.0 -9999.0 -9999.0 -9999.0 -9999.0 -9999.0 -9999.0 -9999.0 -9999.0 -9999.0 -9999.0 -9999.0 -9999.0 -9999.0 -9999.0 -9999.0 -9999.0 -9999.0 -9999.0 -9999.0 -9999.0 -9999.0 -9999.0 -9999.0 -9999.0 -9999.0 -9999.0 -9999.0 -9999.0 -9999.0 -9999.0 -9999.0 -9999.0 -9999.0 -9999.0 -9999.0 -9999.0 -9999.0 -9999.0 -9999.0 -9999.0 -9999.0 -9999.0 -9999.0 -9999.0 -9999.0 -9999.0 -9999.0 -9999.0 -9999.0 -9999.0 -9999.0 -9999.0 -9999.0 -9999.0 -9999.0 -9999.0 -9999.0 -9999.0 -9999.0 -9999.0 -9999.0 -9999.0 -9999.0 -9999.0 -9999.0 -9999.0 -9999.0 -9999.0 -9999.0 -9999.0 -9999.0 -9999.0 -9999.0 -9999.0 -9999.0
-9999.0 -9999.0 -9999.0 -9999.0 -9999.0 -9999.0 -9999.0 -9999.0 -9999.0 -9999.0 -9999.0 -9999.0 -9999.0 -9999.0 -9999.0 -9999.0 -9999.0 -9999.0 -9999.0 -9999.0 -9999.0 -9999.0 -9999.0 -9999.0 -9999.0 -9999.0 -9999.0 -9999.0 -9999.0 -9999.0 -9999.0 -9999.0 -9999.0 -9999.0 -9999.0 -9999.0 -9999.0 -9999.0 -9999.0 -9999.0 -9999.0 -9999.0 -9999.0 -9999.0 -9999.0 -9999.0 -9999.0 -9999.0 -9999.0 -9999.0 -9999.0 -9999.0 -9999.0 -9999.0 -9999.0 -9999.0 -9999.0 -9999.0 -9999.0 -9999.0 -9999.0 -9999.0 -9999.0 -9999.0 -9999.0 -9999.0 -9999.0 -9999.0 -9999.0 -9999.0 -9999.0 -9999.0 -9999.0 -9999.0 -9999.0 -9999.0 -9999.0 -9999.0 -9999.0 -9999.0