Borden_/Borden1m_014/output_maps/psiliqL0015N0039.asc
ncols         80
nrows         18
xllcorner     620200.000000
yllcorner     5168000.000000
cellsize      1.000000
NODATA_value  -9999.0
-9999.0 -9999.0 -9999.0 -9999.0 -9999.0 -9999.0 -9999.0 -9999.0 -9999.0 -9999.0 -9999.0 -9999.0 -9999.0 -9999.0 -9999.0 -9999.0 -9999.0 -9999.0 -9999.0 -9999.0 -9999.0 -9999.0 -9999.0 -9999.0 -9999.0 -9999.0 -9999.0 -9999.0 -9999.0 -9999.0 -9999.0 -9999.0 -9999.0 -9999.0 -9999.0 -9999.0 -9999.0 -9999.0 -9999.0 -9999.0 -9999.0 -9999.0 -9999.0 -9999.0 -9999.0 -9999.0 -9999.0 -9999.0 -9999.0 -9999.0 -9999.0 -9999.0 -9999.0 -9999.0 -9999.0 -9999.0 -9999.0 -9999.0 -9999.0 -9999.0 -9999.0 -9999.0 -9999.0 -9999.0 -9999.0 -9999.0 -9999.0 -9999.0 -9999.0 -9999.0 -9999.0 -9999.0 -9999.0 -9999.0 -9999.0 -9999.0 -9999.0 -9999.0 -9999.0 -9999.0
-9999.0 -9999.0 -9999.0 -9999.0 -9999.0 -9999.0 -9999.0 -9999.0 -9999.0 -9999.0 -9999.0 -9999.0 -9999.0 -9999.0 -9999.0 -9999.0 -9999.0 -9999.0 -9999.0 -9999.0 -9999.0 -9999.0 -9999.0 -9999.0 -9999.0 -9999.0 -9999.0 -9999.0 -9999.0 -9999.0 -9999.0 -9999.0 -9999.0 -9999.0 -9999.0 -9999.0 -9999.0 -9999.0 -9999.0 -9999.0 -9999.0 -9999.0 -9999.0 -9999.0 -9999.0 -9999.0 -9999.0 -9999.0 -9999.0 -9999.0 -9999.0 -9999.0 -9999.0 -9999.0 -9999.0 -9999.0 -9999.0 -9999.0 -9999.0 -9999.0 -9999.0 -9999.0 -9999.0 -9999.0 -9999.0 -9999.0 -9999.0 -9999.0 -9999.0 -9999.0 -9999.0 -9999.0 -9999.0 -9999.0 -9999.0 -9999.0 -9999.0 -9999.0 -9999.0 -9999.0
-9999.0 -9999.0 -9999.0 -9999.0 -9999.0 -9999.0 -9999.0 -9999.0 -9999.0 -9999.0 -9999.0 -9999.0 -9999.0 -9999.0 -9999.0 -9999.0 -9999.0 -9999.0 -9999.0 -9999.0 1150.579837 1153.482110 1132.294300 1099.698860 1073.040177 1076.692141 1112.724406 1155.622811 1195.905585 1207.310213 1190.870650 1194.921435 1191.735468 1191.493274 1194.925801 1202.926805 1208.458991 1220.670366 1230.272321 1231.126932 1226.304301 1222.300984 1223.477256 1226.541837 1231.591720 1219.489815 1232.259504 1245.885507 1249.131958 1241.948634 1212.787995 1195.192150 1183.991588 1166.238024 1188.760410 1198.543115 1219.449770 1221.896715 1218.631100 1190.378218 1159.482253 -9999.0 -9999.0 -9999.0 -9999.0 -9999.0 -9999.0 -9999.0 -9999.0 -9999.0 -9999.0 -9999.0 -9999.0 -9999.0 -9999.0 -9999.0 -9999.0 -9999.0 -9999.0 -9999.0
-9999.0 -9999.0 -9999.0 -9999.0 -9999.0 -9999.0 -9999.0 -9999.0 -9999.0 -9999.0 -9999.0 -9999.0 -9999.0 -9999.0 1056.870956 1048.211015 1046.664056 1056.300704 1091.038957 1122.239528 1134.644085 1128.171189 1129.475306 1107.218509 1087.985799 1103.574587 1135.188015 1168.726884 1205.193323 1227.021629 1217.385458 1216.696872 1227.636070 1253.776938 1267.431208 1265.829942 1247.547572 1272.373559 1289.488387 1299.377168 1300.439594 1293.254271 1306.502610 1322.094425 1314.720999 1296.776321 1301.008168 1311.407821 1321.335997 1305.643197 1239.885906 1218.558786 1211.716943 1202.735497 1186.419025 1178.090141 1201.668933 1199.802887 1189.852007 1170.355356 1136.330329 1091.239690 1071.499095 1108.948254 1151.403155 1207.497811 -9999.0 -9999.0 -9999.0 -9999.0 -9999.0 -9999.0 -9999.0 -9999.0 -9999.0 -9999.0 -9999.0 -9999.0 -9999.0 -9999.0
-9999.0 -9999.0 -9999.0 -9999.0 -9999.0 -9999.0 -9999.0 -9999.0 -9999.0 995.638361 1001.124779 1009.619606 1013.339435 1030.275813 1028.843222 1037.303359 1045.652073 1074.235380 1106.727557 1143.165391 1173.116867 1165.658912 1167.692864 1179.022445 1183.601464 1197.321105 1221.202357 1263.861682 1305.284772 1347.792711 1320.677160 1319.873916 1340.417552 1388.309928 1421.605955 1429.235099 1412.294208 1423.141716 1450.118723 1474.015647 1475.764016 1474.855700 1500.366069 1514.237117 1514.165453 1492.965788 1479.494873 1478.072609 1500.872323 1447.201804 1378.580869 1326.672594 1328.984475 1297.358048 1258.086750 1236.186933 1231.252036 1249.462063 1232.515700 1193.455562 1155.466202 1142.615453 1123.468707 1139.068889 1159.584594 1204.170896 1241.426056 1268.325368 1266.319538 1247.744791 -9999.0 -9999.0 -9999.0 -9999.0 -9999.0 -9999.0 -9999.0 -9999.0 -9999.0 -9999.0
-9999.0 -9999.0 -9999.0 -9999.0 -9999.0 -9999.0 914.876473 925.349639 946.840039 952.518594 979.334368 988.114482 1010.284283 1031.159845 1054.530998 1072.699845 1104.413506 1139.112868 1181.685433 1226.608776 1260.675331 1257.356123 1269.581395 1301.221059 1341.196681 1371.637987 1399.059638 1441.493583 1519.268950 1562.762813 1570.599233 1576.377810 1586.899463 1636.056445 1700.064312 1715.265105 1696.341783 1683.657654 1705.983735 1744.385963 1752.484923 1755.423108 1766.581350 1776.093869 1801.225839 1790.510175 1749.134582 1733.021144 1728.789762 1709.914857 1646.860085 1582.470564 1547.605234 1496.634749 1412.218425 1355.903138 1360.854798 1377.036552 1345.715158 1289.417862 1246.217386 1233.150206 1215.767405 1200.441316 1204.667434 1221.653371 1241.667874 1250.686880 1235.641593 1212.766868 1188.465906 1158.523394 1159.506163 1184.105835 -9999.0 -9999.0 -9999.0 -9999.0 -9999.0 -9999.0
-9999.0 -9999.0 -9999.0 -9999.0 863.550547 877.280167 866.017795 892.483398 926.641245 962.444380 995.936205 1034.552346 1063.809899 1096.166057 1138.580829 1174.994046 1219.119570 1256.882320 1313.529546 1384.014013 1437.692721 1463.746705 1480.988909 1539.962739 1601.637769 1654.862729 1677.414758 1706.688127 1751.942988 1813.397168 1841.352468 1848.479969 1866.170231 1901.561658 1948.650527 1981.771137 1966.087154 1959.778757 1967.595430 1981.024705 2006.420727 2009.117074 2011.580910 2014.056752 2018.167202 2016.217534 1990.465518 1955.568386 1939.772223 1928.639743 1897.806286 1828.175285 1787.039964 1755.599792 1720.347485 1666.957557 1602.117527 1585.375783 1527.128642 1468.125359 1403.526373 1379.231311 1346.162026 1318.154914 1286.556690 1285.346649 1285.568205 1262.097710 1227.157513 1192.731267 1176.003290 1155.964420 1144.016666 1173.345761 1190.314928 1220.188602 -9999.0 -9999.0 -9999.0 -9999.0
-9999.0 -9999.0 802.791764 851.942290 909.904296 919.865559 921.593260 929.224217 959.705870 1013.972677 1091.217169 1143.528152 1187.981028 1224.422245 1286.600908 1368.111591 1442.806846 1493.344725 1554.340405 1625.322365 1688.822115 1724.029544 1743.021867 1782.763563 1836.681510 1898.631176 1926.120648 1953.254479 1985.189931 2019.748788 2031.232720 2045.392344 2053.858513 2056.841375 2062.453593 2064.072044 2059.588031 2054.689926 2037.223531 2034.413332 2042.509735 2048.769398 2050.627173 2037.367840 2033.245671 2046.260770 2049.284124 2047.279040 2045.627138 2051.770629 2054.485520 2014.931388 1977.304982 1960.897586 1949.668675 1904.335521 1838.781102 1796.078329 1772.200862 1728.373441 1649.435790 1596.524537 1544.695735 1494.683646 1440.347757 1406.679618 1356.792594 1310.927824 1261.309655 1212.785007 1187.551591 1168.369448 1165.025207 1164.127077 1179.604699 1194.316916 1209.155785 1216.668079 -9999.0 -9999.0
-9999.0 699.016373 771.755430 898.555439 979.698036 1025.543479 1058.459051 1083.253452 1114.400748 1143.228146 1249.873226 1340.282378 1433.260724 1472.640069 1524.842561 1623.371093 1719.042715 1765.615000 1804.080051 1860.474676 1920.807061 1968.768406 1998.297053 2009.445498 2043.739851 2057.617293 2061.182117 2064.928734 2061.613050 2054.203210 2045.718753 2051.897813 2047.911106 2028.388243 2011.457803 2007.322559 2000.907881 1976.579340 1948.558952 1934.200215 1937.269961 1960.602786 1948.931333 1928.413877 1924.594585 1945.528743 1964.573114 1955.694463 1943.871207 1961.879551 1996.978592 2019.631576 2029.948494 2046.529921 2067.026747 2041.112782 2012.216270 1969.817683 1949.565077 1919.428442 1859.588216 1796.845650 1740.902100 1678.990463 1610.923878 1541.390937 1475.958744 1411.702683 1342.801931 1299.755475 1267.398400 1216.653559 1195.281201 1196.448103 1186.929127 1183.262145 1188.586199 1194.554504 -9999.0 -9999.0
-9999.0 618.049789 760.687026 945.651824 1095.072460 1154.941068 1257.266100 1338.006593 1368.567952 1342.317780 1451.810700 1671.303490 1774.488059 1793.326828 1865.536807 1953.568674 1972.834114 2005.373274 2027.607008 2038.082121 2046.790941 2057.289680 2056.617166 2051.760456 2037.707155 2030.133231 2028.718702 2025.249045 2006.695718 1986.450300 1967.912065 1962.777219 1943.295005 1897.967794 1863.242726 1844.267756 1826.836516 1807.036775 1774.804483 1748.626089 1734.404111 1750.310835 1743.709239 1727.165974 1723.360363 1745.171964 1777.261520 1773.376636 1781.682966 1804.068771 1844.591073 1885.226346 1908.738501 1939.667292 1977.273597 2022.207904 2037.915673 2059.495980 2063.555743 2044.167052 1998.769324 1944.825786 1908.266620 1843.081127 1767.754316 1686.707859 1619.013739 1553.914847 1482.950406 1435.920999 1389.189788 1332.533542 1279.187724 1256.615693 1216.774227 1196.515746 -9999.0 -9999.0 -9999.0 -9999.0
-9999.0 538.345041 726.363356 984.545772 1261.884110 1372.899631 1576.490188 1704.949495 1763.591685 1832.517548 1809.993859 1959.033117 1999.310571 1996.304656 1996.298363 2001.079550 2017.247903 2021.092311 2017.684769 2007.664801 1998.686089 1994.932550 1993.984635 1986.623794 1974.212829 1958.899956 1944.916571 1930.711367 1891.285216 1856.617217 1819.551792 1803.770417 1763.874025 1671.713383 1627.461442 1590.207031 1533.055060 1526.948510 1521.413846 1493.724246 1474.624691 1454.399205 1476.369516 1480.840536 1483.301538 1486.656847 1503.479405 1527.366643 1572.056244 1609.101266 1654.310630 1707.509425 1742.913178 1787.082715 1834.283077 1891.295194 1925.039793 1956.784058 2004.658858 2043.689813 2066.146731 2053.477867 2023.989691 1974.553827 1899.826370 1828.474578 1773.787663 1696.214023 1629.136604 1576.068948 1532.061280 1484.233959 1422.170265 1345.020823 1303.431132 -9999.0 -9999.0 -9999.0 -9999.0 -9999.0
-9999.0 357.423167 625.016829 912.580382 1225.969668 1553.701702 1687.105569 1814.794421 1887.232381 1854.824862 1862.736131 1884.971823 1927.979045 1937.868957 1919.576461 1911.483271 1900.537116 1900.617067 1913.036894 1885.982865 1855.959634 1842.360780 1841.817341 1830.014934 1806.724541 1789.545685 1776.712013 1755.410274 1706.512761 1654.440117 1572.244005 1541.568754 1465.665930 1408.939816 1363.447573 1312.969817 1261.830915 1260.341157 1277.455574 1262.782504 1240.644169 1222.383587 1249.090523 1266.970542 1279.344954 1268.201578 1277.605259 1313.970760 1364.169183 1409.310228 1460.513136 1516.118458 1563.230516 1611.691484 1644.936131 1696.479775 1744.869787 1792.194280 1866.426277 1945.362372 1982.112802 2015.871799 2046.421018 2058.243631 2001.748525 1945.789178 1886.555421 1817.476826 1731.026276 1684.123232 1661.708765 1626.273879 1574.164038 -9999.0 -9999.0 -9999.0 -9999.0 -9999.0 -9999.0 -9999.0
-9999.0 231.385771 449.659942 678.554028 962.702677 1200.500986 1395.476902 1503.834039 1583.344525 1619.062129 1654.826029 1690.891131 1723.336187 1747.412728 1726.853928 1688.121324 1659.700377 1663.547514 1658.714090 1633.993748 1603.745508 1588.373157 1585.677199 1578.600419 1554.234699 1539.592959 1528.383017 1505.142888 1470.690075 1414.130755 1333.754699 1260.881125 1199.492682 1166.962419 1136.567436 1103.296977 1067.238884 1077.099226 1089.618709 1086.014597 1075.446444 1072.523366 1101.764341 1120.884850 1131.167187 1119.750533 1139.210362 1166.365613 1208.657814 1252.628625 1302.897128 1359.333987 1414.397980 1445.152936 1460.615137 1487.735832 1528.264632 1583.006545 1669.590837 1763.822898 1840.656328 1888.535064 1937.382265 1967.754914 1976.233107 1980.825170 1947.671712 1857.799767 1737.845723 1731.377462 1732.896439 -9999.0 -9999.0 -9999.0 -9999.0 -9999.0 -9999.0 -9999.0 -9999.0 -9999.0
-9999.0 -9999.0 216.396343 393.983783 532.505446 712.773812 863.535660 974.025824 1062.755129 1175.189186 1280.074158 1364.575015 1409.896246 1428.195033 1414.052839 1380.156586 1358.078923 1357.562542 1346.846659 1335.031734 1313.927927 1305.312636 1294.046432 1285.594300 1275.076011 1269.047123 1263.150621 1251.051490 1228.123088 1180.508374 1130.807340 1078.827033 1025.012366 998.974685 976.517539 954.439444 952.513617 948.609998 954.245300 955.661901 962.348708 974.860600 995.084022 1017.085926 1026.937090 1035.737020 1048.502016 1072.594765 1106.234030 1149.105553 1203.791442 1262.324772 1303.157989 1317.107291 1308.866693 1315.442235 1337.506053 1381.896946 1464.663937 1549.342575 1643.720986 1713.570728 1782.447702 1830.891135 1842.084121 1850.517672 1856.417605 1785.344173 1532.280631 1662.919599 -9999.0 -9999.0 -9999.0 -9999.0 -9999.0 -9999.0 -9999.0 -9999.0 -9999.0 -9999.0
-9999.0 -9999.0 -9999.0 -9999.0 252.790618 408.163407 505.328127 589.233089 717.571364 836.567942 936.014509 1018.717051 1079.791490 1106.140638 1100.937859 1104.383973 1098.940154 1092.861478 1082.931280 1080.700470 1078.351064 1070.444154 1056.400309 1048.712495 1049.022401 1053.297128 1050.342857 1036.208428 1018.104219 994.235624 972.710117 937.693777 901.132605 871.519749 857.974818 851.754449 851.350588 844.526964 853.280970 860.398535 875.531230 890.803884 914.639521 943.569240 957.215434 972.013147 981.951789 1002.806321 1033.529328 1087.302881 1151.155896 1209.424835 1245.767056 1250.888017 1226.868149 1212.298375 1209.892231 1239.297617 1286.319663 1355.595765 1458.261436 1531.173155 1587.884362 1630.585790 1658.785648 1697.633569 1737.079578 1759.828525 -9999.0 -9999.0 -9999.0 -9999.0 -9999.0 -9999.0 -9999.0 -9999.0 -9999.0 -9999.0 -9999.0 -9999.0
-9999.0 -9999.0 -9999.0 -9999.0 -9999.0 -9999.0 209.869097 310.655451 392.737263 528.495260 655.932095 755.685811 835.035411 865.710349 890.404635 916.142772 913.635731 895.388037 876.605563 894.513476 907.113885 901.129058 871.447675 870.606023 874.909248 883.063076 880.727224 873.987150 848.546977 858.855042 858.609491 834.935319 808.493602 794.174206 782.090186 791.524870 791.695611 778.207656 779.089379 805.686444 825.817668 839.034381 861.010105 894.241284 926.575084 941.706538 943.166495 949.543004 990.150589 1060.738528 1132.572808 1188.169431 1220.937662 1229.500887 1202.673425 1163.152986 1143.380559 1151.475582 1187.541621 1241.809442 1319.092573 1369.070093 1395.804512 1409.642456 1427.175423 1514.209781 -9999.0 -9999.0 -9999.0 -9999.0 -9999.0 -9999.0 -9999.0 -9999.0 -9999.0 -9999.0 -9999.0 -9999.0 -9999.0 -9999.0
-9999.0 -9999.0 -9999.0 -9999.0 -9999.0 -9999.0 -9999.0 -9999.0 -9999.0 -9999.0 -9999.0 -9999.0 -9999.0 -9999.0 -9999.0 -9999.0 -9999.0 -9999.0 -9999.0 -9999.0 -9999.0 -9999.0 -9999.0 -9999.0 -9999.0 -9999.0 -9999.0 -9999.0 -9999.0 -9999.0 -9999.0 -9999.0 -9999.0 -9999.0 -9999.0 -9999.0 -9999.0 -9999.0 -9999.0 -9999.0 -9999.0 -9999.0 -9999.0 -9999.0 -9999.0 -9999.0 -9999.0 -9999.0 -9999.0 -9999.0 -9999.0 -9999.0 -9999.0 -9999.0 -9999.0 -9999.0 -9999.0 -9999.0 -9999.0 -9999.0 -9999.0 -9999.0 -9999.0 -9999.0 -9999.0 -9999.0 -9999.0 -9999.0 -9999.0 -9999.0 -9999.0 -9999.0 -9999.0 -9999.0 -9999.0 -9999.0 -9999.0 -9999.0 -9999.0 -9999.0
-9999.0 -9999.0 -9999.0 -9999.0 -9999.0 -9999.0 -9999.0 -9999.0 -9999.0 -9999.0 -9999.0 -9999.0 -9999.0 -9999.0 -9999.0 -9999.0 -9999.0 -9999.0 -9999.0 -9999.0 -9999.0 -9999.0 -9999.0 -9999.0 -9999.0 -9999.0 -9999.0 -9999.0 -9999.0 -9999.0 -9999.0 -9999.0 -9999.0 -9999.0 -9999.0 -9999.0 -9999.0 -9999.0 -9999.0 -9999.0 -9999.0 -9999.0 -9999.0 -9999.0 -9999.0 -9999.0 -9999.0 -9999.0 -9999.0 -9999.0 -9999.0 -9999.0 -9999.0 -9999.0 -9999.0 -9999.0 -9999.0 -9999.0 -9999.0 -9999.0 -9999.0 -9999.0 -9999.0 -9999.0 -9999.0 -9999.0 -9999.0 -9999.0 -9999.0 -9999.0 -9999.0 -9999.0 -9999.0 -9999.0 -9999.0 -9999.0 -9999.0 -9999.0 -9999.0 -9999.0