Borden_/Borden1m_014/output_maps/psiliqL0026N0019.asc
ncols         80
nrows         18
xllcorner     620200.000000
yllcorner     5168000.000000
cellsize      1.000000
NODATA_value  -9999.0
-9999.0 -9999.0 -9999.0 -9999.0 -9999.0 -9999.0 -9999.0 -9999.0 -9999.0 -9999.0 -9999.0 -9999.0 -9999.0 -9999.0 -9999.0 -9999.0 -9999.0 -9999.0 -9999.0 -9999.0 -9999.0 -9999.0 -9999.0 -9999.0 -9999.0 -9999.0 -9999.0 -9999.0 -9999.0 -9999.0 -9999.0 -9999.0 -9999.0 -9999.0 -9999.0 -9999.0 -9999.0 -9999.0 -9999.0 -9999.0 -9999.0 -9999.0 -9999.0 -9999.0 -9999.0 -9999.0 -9999.0 -9999.0 -9999.0 -9999.0 -9999.0 -9999.0 -9999.0 -9999.0 -9999.0 -9999.0 -9999.0 -9999.0 -9999.0 -9999.0 -9999.0 -9999.0 -9999.0 -9999.0 -9999.0 -9999.0 -9999.0 -9999.0 -9999.0 -9999.0 -9999.0 -9999.0 -9999.0 -9999.0 -9999.0 -9999.0 -9999.0 -9999.0 -9999.0 -9999.0
-9999.0 -9999.0 -9999.0 -9999.0 -9999.0 -9999.0 -9999.0 -9999.0 -9999.0 -9999.0 -9999.0 -9999.0 -9999.0 -9999.0 -9999.0 -9999.0 -9999.0 -9999.0 -9999.0 -9999.0 -9999.0 -9999.0 -9999.0 -9999.0 -9999.0 -9999.0 -9999.0 -9999.0 -9999.0 -9999.0 -9999.0 -9999.0 -9999.0 -9999.0 -9999.0 -9999.0 -9999.0 -9999.0 -9999.0 -9999.0 -9999.0 -9999.0 -9999.0 -9999.0 -9999.0 -9999.0 -9999.0 -9999.0 -9999.0 -9999.0 -9999.0 -9999.0 -9999.0 -9999.0 -9999.0 -9999.0 -9999.0 -9999.0 -9999.0 -9999.0 -9999.0 -9999.0 -9999.0 -9999.0 -9999.0 -9999.0 -9999.0 -9999.0 -9999.0 -9999.0 -9999.0 -9999.0 -9999.0 -9999.0 -9999.0 -9999.0 -9999.0 -9999.0 -9999.0 -9999.0
-9999.0 -9999.0 -9999.0 -9999.0 -9999.0 -9999.0 -9999.0 -9999.0 -9999.0 -9999.0 -9999.0 -9999.0 -9999.0 -9999.0 -9999.0 -9999.0 -9999.0 -9999.0 -9999.0 -9999.0 3325.209315 3326.092160 3304.293067 3270.007389 3241.539703 3243.091152 3275.679830 3315.941370 3354.371165 3361.396146 3341.997690 3345.508530 3340.787068 3335.985431 3335.910976 3343.422854 3349.872606 3359.384335 3366.143597 3363.663876 3356.174652 3351.064202 3353.575637 3355.115670 3361.383939 3346.943393 3363.004697 3379.316066 3384.149503 3381.627957 3358.219073 3346.597806 3338.945883 3323.707861 3350.597391 3362.562919 3386.300795 3391.221055 3389.533126 3363.126121 3333.274389 -9999.0 -9999.0 -9999.0 -9999.0 -9999.0 -9999.0 -9999.0 -9999.0 -9999.0 -9999.0 -9999.0 -9999.0 -9999.0 -9999.0 -9999.0 -9999.0 -9999.0 -9999.0 -9999.0
-9999.0 -9999.0 -9999.0 -9999.0 -9999.0 -9999.0 -9999.0 -9999.0 -9999.0 -9999.0 -9999.0 -9999.0 -9999.0 -9999.0 3235.459583 3226.546651 3223.398701 3230.346397 3262.451875 3292.396883 3303.920513 3296.202991 3295.710694 3270.620478 3247.351620 3259.479457 3288.347454 3318.234587 3351.024329 3367.806776 3356.388444 3353.397001 3359.898235 3378.874849 3386.443331 3382.564484 3364.862121 3388.899517 3401.829711 3405.925837 3403.722954 3393.722015 3402.245256 3416.105753 3409.024311 3393.907495 3405.094295 3420.292068 3431.210079 3423.461789 3366.012663 3354.579759 3351.959294 3348.528054 3336.060352 3332.761356 3361.649729 3361.762721 3355.075921 3338.379255 3305.515771 3260.604319 3242.178093 3283.324046 3327.457083 3384.150468 -9999.0 -9999.0 -9999.0 -9999.0 -9999.0 -9999.0 -9999.0 -9999.0 -9999.0 -9999.0 -9999.0 -9999.0 -9999.0 -9999.0
-9999.0 -9999.0 -9999.0 -9999.0 -9999.0 -9999.0 -9999.0 -9999.0 -9999.0 3178.657245 3184.192880 3190.831681 3192.939648 3207.688180 3204.136136 3210.634327 3214.110803 3240.801167 3269.675425 3302.560920 3328.953929 3319.195832 3317.339205 3320.542681 3314.183595 3321.279627 3340.988208 3376.953018 3407.410897 3441.996547 3407.980318 3402.656607 3419.745565 3460.474358 3482.874411 3484.384352 3465.581314 3482.381380 3505.619857 3520.878549 3517.119621 3510.887716 3536.768445 3551.975944 3545.585711 3524.048170 3523.257833 3531.150290 3560.670806 3510.338941 3444.893802 3407.463413 3424.163306 3403.824894 3378.809042 3368.643364 3370.035911 3391.119776 3380.081210 3346.904506 3314.331569 3303.223184 3287.085823 3308.856633 3332.787483 3379.773615 3420.124503 3450.346432 3450.160707 3433.180907 -9999.0 -9999.0 -9999.0 -9999.0 -9999.0 -9999.0 -9999.0 -9999.0 -9999.0 -9999.0
-9999.0 -9999.0 -9999.0 -9999.0 -9999.0 -9999.0 3100.336228 3110.625433 3131.047381 3133.306369 3159.362050 3164.098196 3182.007411 3198.543883 3219.661680 3231.683918 3255.780306 3284.807172 3319.861442 3356.501990 3383.125794 3370.728736 3375.394756 3393.824399 3419.500085 3437.487503 3459.481308 3496.661113 3568.360268 3604.225969 3596.097220 3596.583577 3604.636964 3654.866614 3718.677625 3729.358998 3708.693538 3695.693877 3719.412867 3756.885926 3754.733600 3753.498840 3766.740619 3777.620554 3804.441231 3793.452251 3757.620119 3752.589338 3759.647083 3736.730771 3667.673105 3610.959173 3592.973648 3546.597595 3463.736353 3421.819048 3446.592415 3475.265690 3454.403649 3405.704731 3374.237044 3369.661324 3359.460018 3353.495579 3366.839452 3390.547355 3415.124455 3429.559535 3418.184116 3397.764847 3376.450009 3348.606370 3351.514130 3376.645277 -9999.0 -9999.0 -9999.0 -9999.0 -9999.0 -9999.0
-9999.0 -9999.0 -9999.0 -9999.0 3051.225581 3063.739655 3048.429111 3074.069198 3105.365465 3138.230070 3164.887465 3195.254521 3217.428823 3243.143053 3275.156549 3295.891572 3326.738357 3355.293263 3401.436721 3461.626708 3505.034808 3517.592954 3525.498065 3575.955563 3631.794257 3678.429338 3696.941490 3722.722840 3768.640653 3825.055128 3847.160847 3849.803734 3866.712319 3910.261677 3966.855264 4002.057966 3984.354531 3975.268631 3985.517633 3999.955336 4022.100402 4022.161893 4023.285263 4027.504113 4035.270893 4033.434276 4006.686458 3973.194530 3960.222664 3950.047956 3911.648033 3839.413410 3809.493162 3780.491740 3737.505686 3683.297380 3636.782536 3638.679672 3584.289977 3529.569026 3480.456693 3473.394159 3453.933709 3438.782372 3422.243294 3435.259729 3447.853614 3433.361434 3403.892347 3375.016425 3362.440248 3345.241069 3334.227621 3365.655235 3383.740949 3413.339732 -9999.0 -9999.0 -9999.0 -9999.0
-9999.0 -9999.0 2992.945427 3037.745927 3094.137679 3099.424137 3091.706832 3093.529700 3118.800166 3166.854572 3227.444037 3263.004724 3290.431157 3319.650865 3369.096250 3429.733458 3488.597952 3530.476343 3588.072569 3657.097017 3715.908496 3742.431321 3751.047248 3786.579158 3841.339971 3910.754855 3938.895689 3965.456969 3997.414323 4034.101401 4025.367634 4035.951824 4048.506124 4061.595873 4076.866267 4084.158534 4079.225260 4074.607990 4056.006759 4050.773378 4057.246802 4065.379821 4064.297767 4049.576424 4045.601368 4060.647242 4066.958297 4064.823659 4061.896096 4066.721293 4061.930437 4013.195159 3996.258572 3980.931487 3969.051198 3922.733987 3855.842019 3823.702882 3802.094551 3760.960904 3687.622365 3650.692401 3611.772408 3577.606930 3540.724241 3528.248756 3496.495117 3464.896797 3426.678457 3386.365651 3367.674374 3353.789862 3353.746015 3354.673195 3372.667754 3388.530576 3404.584462 3412.701872 -9999.0 -9999.0
-9999.0 2884.299249 2954.945756 3074.288624 3150.869205 3186.009727 3192.801412 3194.272457 3218.205935 3249.458013 3334.464127 3382.385230 3464.508443 3501.483484 3541.409520 3630.965987 3725.186362 3768.510773 3807.490392 3871.396583 3937.334623 3984.521020 4010.898396 3988.951834 4028.681404 4058.853710 4067.122815 4074.250260 4074.391866 4065.865960 4059.430555 4066.075936 4063.071959 4043.801433 4027.641205 4025.855870 4022.432589 3999.037062 3971.448365 3955.889092 3957.193540 3982.255963 3969.057348 3947.643599 3943.212058 3964.933546 3986.447852 3975.705678 3962.532889 3979.137634 4013.847010 4038.944416 4039.844043 4058.447493 4079.579495 4050.421436 4029.264457 3985.224858 3968.248693 3942.781646 3885.759048 3830.967188 3782.879833 3734.568233 3682.492680 3633.996579 3586.706060 3539.803617 3486.995986 3454.567339 3430.644517 3388.377595 3376.105178 3383.003341 3378.372241 3377.096561 3383.905256 3390.553526 -9999.0 -9999.0
-9999.0 2787.306018 2925.532571 3100.305294 3241.142263 3279.820716 3339.057221 3392.869885 3405.453028 3349.159475 3449.418089 3665.828611 3788.010021 3805.512996 3881.104499 3976.379328 3958.300179 3989.720318 4013.005814 4039.186195 4060.225192 4074.662242 4072.971839 4067.841396 4051.308523 4043.293350 4042.401524 4040.277431 4022.823745 4003.818398 3986.978052 3983.775541 3965.743850 3916.063775 3882.775061 3865.219408 3846.064793 3832.712292 3805.561549 3779.550239 3762.969241 3773.209023 3771.575157 3758.191542 3753.776606 3771.827270 3802.702078 3800.856116 3812.787092 3832.417272 3867.855831 3906.089718 3925.362798 3954.501535 3990.151232 4038.268591 4046.923205 4069.384988 4072.281132 4061.987004 4015.325097 3963.717489 3934.306296 3878.928303 3819.416326 3757.771067 3708.962893 3664.396324 3609.349241 3575.580067 3536.685064 3483.434299 3441.066130 3433.997800 3400.977270 3388.243722 -9999.0 -9999.0 -9999.0 -9999.0
-9999.0 2692.870114 2862.370612 3097.318082 3389.572698 3459.001526 3659.577562 3773.060096 3811.337461 3878.530272 3757.622714 3965.134346 4018.343762 4013.450860 4029.571663 4032.827507 4047.152894 4046.488730 4041.409594 4030.379065 4020.770405 4016.182466 4015.130495 4007.213026 3994.578212 3979.948923 3968.029047 3956.567990 3919.868926 3887.891329 3848.544496 3836.031324 3791.280784 3699.528018 3660.960216 3622.387134 3561.535376 3564.235982 3572.042232 3548.308636 3528.759221 3500.471287 3530.234164 3541.144048 3545.378945 3540.674451 3550.124025 3578.802580 3626.628644 3660.860037 3699.568251 3747.371332 3777.750412 3816.807250 3856.473440 3908.713331 3939.875674 3968.745534 4017.699008 4054.717028 4077.454721 4063.360206 4044.868648 4000.102675 3939.885796 3890.585915 3861.634089 3811.192460 3767.750942 3724.368704 3678.079875 3625.511801 3564.250730 3512.163124 3478.588345 -9999.0 -9999.0 -9999.0 -9999.0 -9999.0
-9999.0 2468.773158 2732.663214 2983.463584 3254.213883 3595.339408 3767.167754 3860.791354 3923.946267 3907.034480 3930.534098 3936.807509 3973.902520 3981.188244 3959.794711 3945.916811 3928.254395 3927.165355 3940.232558 3912.877888 3882.609568 3869.257301 3870.164004 3859.475614 3835.624949 3820.767471 3811.514816 3793.051132 3750.095911 3700.043696 3616.203127 3581.774036 3503.318039 3465.439588 3429.586727 3383.163817 3339.298500 3345.356899 3370.370413 3361.719410 3341.301781 3324.565384 3354.037820 3374.888453 3388.104400 3371.768533 3378.267860 3412.394318 3458.469746 3498.479338 3541.865076 3589.390876 3630.944385 3669.797183 3690.420524 3729.475604 3771.407453 3812.841307 3882.826483 3961.158160 3997.074213 4031.690531 4060.556046 4082.462470 4039.588823 4013.325893 3989.617034 3966.178646 3920.019904 3874.673754 3834.133497 3769.576918 3710.058324 -9999.0 -9999.0 -9999.0 -9999.0 -9999.0 -9999.0 -9999.0
-9999.0 2357.049987 2549.653678 2740.245084 2968.639157 3195.807247 3417.272667 3507.308582 3577.404055 3649.340728 3703.523111 3741.299594 3767.060021 3788.609224 3766.032916 3719.989618 3687.783981 3692.780457 3683.806381 3662.975987 3635.507719 3622.788726 3620.220120 3615.638363 3594.694026 3584.724327 3578.215586 3560.520936 3535.633725 3483.424959 3412.896609 3340.486462 3287.732813 3269.329274 3247.671913 3221.709090 3195.977284 3209.800516 3222.747785 3223.195357 3217.159700 3217.715730 3246.758046 3266.664805 3276.082190 3265.227000 3283.235137 3305.989778 3342.400938 3381.125263 3425.214354 3474.693953 3522.523311 3542.076967 3543.638164 3554.527652 3581.582901 3624.356267 3700.233255 3785.957964 3863.515123 3908.925390 3959.641469 3999.611804 4027.757417 4052.595497 4075.017420 4068.098395 4042.138638 4008.788311 3950.071154 -9999.0 -9999.0 -9999.0 -9999.0 -9999.0 -9999.0 -9999.0 -9999.0 -9999.0
-9999.0 -9999.0 2324.406114 2476.160436 2572.068490 2734.695644 2849.304222 2954.110295 3047.862093 3188.327187 3310.486431 3403.771194 3450.010981 3465.567350 3451.818539 3423.747635 3406.823594 3406.447042 3394.779446 3388.843304 3375.035812 3370.134939 3358.528547 3351.532000 3348.189070 3348.277976 3346.705173 3339.332908 3323.596930 3283.346655 3247.912647 3204.848048 3160.384580 3139.954143 3123.003719 3107.190793 3112.351516 3108.048719 3114.079736 3117.501050 3127.633667 3142.130855 3161.520574 3183.941058 3193.545422 3203.691319 3214.261452 3235.464928 3264.875532 3304.443775 3355.172633 3409.347540 3444.615266 3450.844446 3432.227244 3426.532822 3433.891121 3461.919822 3524.191558 3592.589525 3681.991310 3747.282448 3814.025434 3869.905207 3896.549025 3932.931191 4003.162772 4051.190387 4093.657939 4071.255438 -9999.0 -9999.0 -9999.0 -9999.0 -9999.0 -9999.0 -9999.0 -9999.0 -9999.0 -9999.0
-9999.0 -9999.0 -9999.0 -9999.0 2337.537835 2484.526530 2582.485538 2662.933987 2798.562488 2893.996845 2991.329249 3077.557838 3146.386202 3171.511101 3172.908819 3190.446325 3189.849549 3180.581352 3169.798002 3175.328364 3180.978812 3175.305304 3159.534204 3154.169009 3159.283311 3168.607169 3168.313477 3157.181771 3141.018565 3129.305539 3118.804705 3090.353802 3060.257126 3034.855294 3024.787339 3023.490727 3024.932075 3018.015095 3027.137909 3036.787042 3053.175856 3068.507187 3092.045874 3121.794086 3136.507903 3151.000677 3159.207096 3177.166619 3205.039447 3256.047295 3317.218785 3373.218619 3406.670697 3406.583119 3377.375383 3355.098150 3341.968528 3358.651266 3387.194197 3437.130985 3525.754217 3587.495038 3632.295109 3670.644987 3706.875581 3772.025780 3866.676625 3947.989956 -9999.0 -9999.0 -9999.0 -9999.0 -9999.0 -9999.0 -9999.0 -9999.0 -9999.0 -9999.0 -9999.0 -9999.0
-9999.0 -9999.0 -9999.0 -9999.0 -9999.0 -9999.0 2316.332527 2422.997683 2490.054263 2645.825330 2794.171618 2863.879855 2947.003856 2983.259603 3009.569580 3040.286999 3041.147051 3020.868961 2999.005434 3021.463531 3041.641021 3035.658936 3003.536497 3006.052188 3014.483001 3023.758950 3022.937106 3019.109685 2996.945289 3016.644118 3023.975198 3004.059111 2981.399239 2975.055932 2965.232394 2976.512699 2977.691119 2964.029639 2963.378330 2989.275968 3010.800141 3023.813040 3044.787304 3077.965769 3110.349812 3125.845617 3126.337715 3130.436895 3166.307941 3233.650546 3304.131701 3358.726822 3389.305304 3393.608230 3362.324485 3317.058554 3290.388574 3288.577444 3312.036251 3350.405056 3410.959424 3446.481609 3456.547535 3456.498212 3467.852565 3567.498705 -9999.0 -9999.0 -9999.0 -9999.0 -9999.0 -9999.0 -9999.0 -9999.0 -9999.0 -9999.0 -9999.0 -9999.0 -9999.0 -9999.0
-9999.0 -9999.0 -9999.0 -9999.0 -9999.0 -9999.0 -9999.0 -9999.0 -9999.0 -9999.0 -9999.0 -9999.0 -9999.0 -9999.0 -9999.0 -9999.0 -9999.0 -9999.0 -9999.0 -9999.0 -9999.0 -9999.0 -9999.0 -9999.0 -9999.0 -9999.0 -9999.0 -9999.0 -9999.0 -9999.0 -9999.0 -9999.0 -9999.0 -9999.0 -9999.0 -9999.0 -9999.0 -9999.0 -9999.0 -9999.0 -9999.0 -9999.0 -9999.0 -9999.0 -9999.0 -9999.0 -9999.0 -9999.0 -9999.0 -9999.0 -9999.0 -9999.0 -9999.0 -9999.0 -9999.0 -9999.0 -9999.0 -9999.0 -9999.0 -9999.0 -9999.0 -9999.0 -9999.0 -9999.0 -9999.0 -9999.0 -9999.0 -9999.0 -9999.0 -9999.0 -9999.0 -9999.0 -9999.0 -9999.0 -9999.0 -9999.0 -9999.0 -9999.0 -9999.0 -9999.0
-9999.0 -9999.0 -9999.0 -9999.0 -9999.0 -9999.0 -9999.0 -9999.0 -9999.0 -9999.0 -9999.0 -9999.0 -9999.0 -9999.0 -9999.0 -9999.0 -9999.0 -9999.0 -9999.0 -9999.0 -9999.0 -9999.0 -9999.0 -9999.0 -9999.0 -9999.0 -9999.0 -9999.0 -9999.0 -9999.0 -9999.0 -9999.0 -9999.0 -9999.0 -9999.0 -9999.0 -9999.0 -9999.0 -9999.0 -9999.0 -9999.0 -9999.0 -9999.0 -9999.0 -9999.0 -9999.0 -9999.0 -9999.0 -9999.0 -9999.0 -9999.0 -9999.0 -9999.0 -9999.0 -9999.0 -9999.0 -9999.0 -9999.0 -9999.0 -9999.0 -9999.0 -9999.0 -9999.0 -9999.0 -9999.0 -9999.0 -9999.0 -9999.0 -9999.0 -9999.0 -9999.0 -9999.0 -9999.0 -9999.0 -9999.0 -9999.0 -9999.0 -9999.0 -9999.0 -9999.0