Borden_/Borden1m_014/output_maps/psiliqL0007N0040.asc
ncols         80
nrows         18
xllcorner     620200.000000
yllcorner     5168000.000000
cellsize      1.000000
NODATA_value  -9999.0
-9999.0 -9999.0 -9999.0 -9999.0 -9999.0 -9999.0 -9999.0 -9999.0 -9999.0 -9999.0 -9999.0 -9999.0 -9999.0 -9999.0 -9999.0 -9999.0 -9999.0 -9999.0 -9999.0 -9999.0 -9999.0 -9999.0 -9999.0 -9999.0 -9999.0 -9999.0 -9999.0 -9999.0 -9999.0 -9999.0 -9999.0 -9999.0 -9999.0 -9999.0 -9999.0 -9999.0 -9999.0 -9999.0 -9999.0 -9999.0 -9999.0 -9999.0 -9999.0 -9999.0 -9999.0 -9999.0 -9999.0 -9999.0 -9999.0 -9999.0 -9999.0 -9999.0 -9999.0 -9999.0 -9999.0 -9999.0 -9999.0 -9999.0 -9999.0 -9999.0 -9999.0 -9999.0 -9999.0 -9999.0 -9999.0 -9999.0 -9999.0 -9999.0 -9999.0 -9999.0 -9999.0 -9999.0 -9999.0 -9999.0 -9999.0 -9999.0 -9999.0 -9999.0 -9999.0 -9999.0
-9999.0 -9999.0 -9999.0 -9999.0 -9999.0 -9999.0 -9999.0 -9999.0 -9999.0 -9999.0 -9999.0 -9999.0 -9999.0 -9999.0 -9999.0 -9999.0 -9999.0 -9999.0 -9999.0 -9999.0 -9999.0 -9999.0 -9999.0 -9999.0 -9999.0 -9999.0 -9999.0 -9999.0 -9999.0 -9999.0 -9999.0 -9999.0 -9999.0 -9999.0 -9999.0 -9999.0 -9999.0 -9999.0 -9999.0 -9999.0 -9999.0 -9999.0 -9999.0 -9999.0 -9999.0 -9999.0 -9999.0 -9999.0 -9999.0 -9999.0 -9999.0 -9999.0 -9999.0 -9999.0 -9999.0 -9999.0 -9999.0 -9999.0 -9999.0 -9999.0 -9999.0 -9999.0 -9999.0 -9999.0 -9999.0 -9999.0 -9999.0 -9999.0 -9999.0 -9999.0 -9999.0 -9999.0 -9999.0 -9999.0 -9999.0 -9999.0 -9999.0 -9999.0 -9999.0 -9999.0
-9999.0 -9999.0 -9999.0 -9999.0 -9999.0 -9999.0 -9999.0 -9999.0 -9999.0 -9999.0 -9999.0 -9999.0 -9999.0 -9999.0 -9999.0 -9999.0 -9999.0 -9999.0 -9999.0 -9999.0 -470.270388 -467.154893 -490.150112 -524.384065 -553.034591 -551.311425 -516.288247 -475.188312 -437.241719 -426.450164 -444.658574 -443.351392 -448.491054 -448.252644 -444.875242 -438.813688 -436.283287 -424.319408 -415.371895 -415.277197 -421.356152 -427.143337 -428.448044 -424.597104 -419.622692 -428.573083 -415.081652 -399.489798 -392.933122 -398.701795 -427.190405 -443.692277 -452.006620 -466.515364 -441.902371 -429.072079 -405.694101 -401.205490 -402.279260 -429.528717 -459.732486 -9999.0 -9999.0 -9999.0 -9999.0 -9999.0 -9999.0 -9999.0 -9999.0 -9999.0 -9999.0 -9999.0 -9999.0 -9999.0 -9999.0 -9999.0 -9999.0 -9999.0 -9999.0 -9999.0
-9999.0 -9999.0 -9999.0 -9999.0 -9999.0 -9999.0 -9999.0 -9999.0 -9999.0 -9999.0 -9999.0 -9999.0 -9999.0 -9999.0 -560.316693 -570.775365 -574.079999 -565.729050 -532.030097 -502.198390 -489.539870 -497.336179 -497.580062 -521.328662 -541.597220 -527.518785 -498.233965 -466.631958 -431.819830 -410.333876 -423.316374 -425.925948 -414.445304 -384.516418 -367.657934 -369.779342 -392.220789 -368.576390 -350.289671 -338.571853 -338.589289 -347.090835 -330.197085 -311.975777 -319.125190 -338.983754 -337.213479 -325.660780 -310.206897 -328.787333 -399.017087 -422.560177 -426.252445 -433.437482 -447.118176 -453.931957 -429.013163 -427.768178 -435.980891 -453.903359 -486.023149 -529.975773 -547.573601 -508.901960 -464.007418 -405.264797 -9999.0 -9999.0 -9999.0 -9999.0 -9999.0 -9999.0 -9999.0 -9999.0 -9999.0 -9999.0 -9999.0 -9999.0 -9999.0 -9999.0
-9999.0 -9999.0 -9999.0 -9999.0 -9999.0 -9999.0 -9999.0 -9999.0 -9999.0 -616.536639 -613.296328 -606.500083 -605.115346 -589.750649 -591.628897 -584.996177 -577.148794 -551.385249 -520.413376 -485.251652 -456.118613 -466.343220 -465.962619 -452.943737 -444.676438 -430.559357 -408.405687 -364.524323 -316.075259 -267.550887 -296.522976 -297.342788 -273.550607 -211.726889 -159.962809 -145.517717 -168.657445 -164.280773 -130.082987 -96.055485 -89.762549 -88.898845 -60.657305 -45.724893 -39.583829 -61.397606 -87.962781 -93.925401 -69.068041 -130.958450 -215.330265 -283.814935 -288.323363 -325.994115 -373.567665 -399.423749 -403.464519 -381.086977 -397.487526 -436.183318 -473.317948 -482.586508 -498.999114 -482.670464 -459.621700 -411.876100 -372.627268 -343.089716 -342.502476 -360.044441 -9999.0 -9999.0 -9999.0 -9999.0 -9999.0 -9999.0 -9999.0 -9999.0 -9999.0 -9999.0
-9999.0 -9999.0 -9999.0 -9999.0 -9999.0 -9999.0 -694.701322 -686.335178 -667.072410 -661.681351 -637.910633 -630.686585 -610.485288 -591.367377 -571.228086 -554.227447 -523.033085 -490.258068 -447.602607 -400.996508 -365.403233 -367.703304 -354.783625 -314.103617 -260.958927 -218.311250 -184.884495 -131.728696 -39.453124 15.125447 33.485862 41.002652 51.014535 94.209206 155.534810 173.306095 153.758424 140.372492 161.569913 204.766660 242.465305 248.058129 256.072235 264.103015 289.503409 279.341641 211.560257 184.539106 174.463381 160.471815 105.497543 44.561795 -4.351897 -62.003479 -159.943883 -237.391046 -244.382365 -231.091447 -270.478669 -331.907581 -380.056128 -392.775174 -408.772638 -423.993694 -419.061270 -399.420206 -375.432036 -363.639629 -375.940496 -396.359190 -419.356334 -447.959552 -446.050871 -420.281650 -9999.0 -9999.0 -9999.0 -9999.0 -9999.0 -9999.0
-9999.0 -9999.0 -9999.0 -9999.0 -744.014199 -732.066348 -743.917549 -721.088876 -689.697784 -657.088250 -624.873787 -587.529574 -560.512831 -530.751165 -488.057764 -447.427016 -399.592620 -359.872342 -296.032227 -210.493346 -138.946920 -100.016237 -73.910026 -3.372279 60.005955 110.488011 130.733687 160.645983 209.285371 295.473024 326.034927 330.506362 340.976950 373.743357 407.916782 443.834795 424.318757 427.834155 432.754220 443.399224 470.909583 473.142042 474.893713 475.595592 477.952801 477.821555 453.452034 420.480195 407.200396 397.823794 366.766370 310.347902 241.906112 205.789439 176.462728 128.386734 58.921724 32.043328 -30.770668 -96.051084 -183.397450 -222.071027 -264.490406 -297.608616 -334.159870 -336.163955 -334.857601 -355.853498 -386.919459 -418.938831 -433.613676 -451.936389 -461.634478 -431.408003 -413.366403 -381.866883 -9999.0 -9999.0 -9999.0 -9999.0
-9999.0 -9999.0 -801.256066 -751.422920 -696.244297 -688.182725 -686.136002 -681.807100 -655.529702 -605.204263 -525.244786 -469.959877 -421.215831 -387.389863 -319.155938 -214.418658 -110.063988 -49.356040 15.974455 81.613771 143.279920 184.840549 225.480897 271.291444 314.274829 369.048551 385.981167 416.019193 447.068852 478.935671 502.359952 517.242129 523.065356 518.916027 519.350610 517.633796 514.823344 511.317872 494.925406 492.930532 501.043222 504.276353 507.650056 495.158445 491.269519 503.576256 505.323188 504.722421 505.613316 513.482761 521.681206 490.573951 438.153419 423.196592 408.227659 375.763363 309.421832 245.292511 218.364129 176.944938 96.411818 42.398947 -13.222647 -74.415705 -144.384178 -193.911208 -254.994966 -303.650737 -352.709398 -399.027880 -422.485242 -440.751524 -442.536407 -441.401160 -424.968493 -408.915220 -393.199186 -385.227860 -9999.0 -9999.0
-9999.0 -898.815847 -826.485105 -699.094620 -620.788589 -575.902507 -533.723806 -502.856550 -478.064261 -463.512061 -345.086123 -211.504544 -97.186669 -58.311581 2.891596 105.738948 225.201623 267.533922 292.964927 340.063159 393.790694 435.181558 464.693165 494.935390 521.185824 520.088975 518.926521 518.836988 512.372245 505.160687 495.519751 502.784746 500.161712 483.867144 469.459402 466.513128 455.330958 436.139420 410.308986 397.690916 402.403897 423.497649 413.358270 393.363321 389.660983 409.432900 425.598883 416.852169 403.249384 422.157142 455.090547 476.127724 491.760657 505.783938 525.644398 503.423280 470.211855 428.859275 403.376592 382.321578 304.753544 239.650950 184.817421 119.300290 53.414454 -19.673469 -93.598467 -170.017502 -252.007718 -298.102387 -332.723004 -387.147269 -411.257449 -409.624444 -418.777483 -421.027645 -414.126009 -407.537793 -9999.0 -9999.0
-9999.0 -968.367970 -825.178485 -639.319065 -492.343561 -426.467149 -295.080744 -190.797504 -149.650659 -173.397826 -38.085742 211.083120 283.902703 299.737400 359.290678 433.428364 474.241445 500.234211 516.289700 511.241893 508.674075 512.356975 509.259414 502.780006 489.096038 481.519269 480.915367 477.726553 458.333053 439.161057 422.629926 419.958911 401.737972 366.155892 326.888113 308.603762 281.416011 255.835132 220.696699 195.012381 183.062213 202.796605 192.583142 173.847883 169.967937 193.568490 226.043522 219.534377 223.530182 246.180558 290.792381 348.664870 372.817162 398.392538 435.329065 477.429362 496.091629 515.283505 519.890828 496.759108 448.259107 406.231687 372.529516 290.465761 213.101469 130.606656 69.001199 12.478805 -57.939278 -112.733766 -174.619647 -246.871037 -314.045641 -346.225037 -387.005830 -408.579299 -9999.0 -9999.0 -9999.0 -9999.0
-9999.0 -1031.080128 -839.373397 -571.950188 -309.239670 -148.251440 51.462029 192.437527 290.093362 320.542482 381.135551 481.153176 498.646214 488.011557 468.443512 467.365281 479.651885 482.588694 478.061302 466.738071 455.277065 448.319293 441.667597 441.905594 430.425255 415.643364 403.448330 388.451391 330.491000 293.351068 262.419266 247.466373 213.180261 124.976985 81.961178 51.673659 -2.926387 -16.122362 -31.298319 -63.642796 -84.545379 -100.539797 -81.846690 -83.072642 -82.845833 -73.056713 -49.718425 -29.281560 14.830232 50.579053 93.822899 148.700008 183.754110 227.547449 279.781366 354.950272 387.201136 413.226168 451.852639 497.763360 519.309552 511.560128 481.671978 439.630344 371.905095 281.554566 224.608788 148.415136 85.168408 38.980133 1.719871 -48.656845 -125.447361 -244.926431 -294.841616 -9999.0 -9999.0 -9999.0 -9999.0 -9999.0
-9999.0 -1179.942808 -912.503733 -613.564263 -265.439795 60.820059 168.197108 356.172724 430.855936 364.138692 325.384672 369.290378 397.408239 411.829239 389.890263 379.407738 374.432621 374.151047 384.378176 345.426391 302.587238 286.678008 285.077571 274.012222 251.923645 233.926329 220.061804 198.595199 145.110613 96.240684 25.457517 -0.765374 -79.167332 -161.460096 -223.033788 -280.692259 -339.126323 -343.193386 -328.519740 -347.526940 -371.519166 -391.430204 -365.161630 -349.628935 -338.486953 -347.822717 -337.582191 -299.800084 -244.026497 -190.247096 -124.740547 -57.724834 -5.158734 48.256810 83.242033 139.765126 187.708449 234.832162 310.147300 404.190845 435.795840 471.498954 507.576208 522.454158 477.092157 425.604677 365.615655 276.553523 176.394216 129.093603 110.700051 86.883518 40.611628 -9999.0 -9999.0 -9999.0 -9999.0 -9999.0 -9999.0 -9999.0
-9999.0 -1315.556338 -1080.654534 -828.928588 -524.825911 -274.955208 -76.279589 48.636059 156.744323 118.142682 118.820099 149.615487 181.127876 203.362019 179.703769 142.874033 116.702004 119.673321 118.265861 91.440454 60.642370 46.265195 45.087591 37.646471 10.930246 -7.679920 -21.463544 -47.864534 -91.354949 -160.175295 -262.231148 -337.588505 -404.599376 -444.055292 -476.149698 -510.396228 -550.553020 -540.062864 -525.140782 -530.239440 -543.266003 -548.304268 -518.602860 -500.455672 -490.499986 -504.181804 -485.941789 -458.748987 -416.103438 -373.000775 -321.982865 -261.459158 -197.789772 -156.090624 -130.708631 -89.546519 -38.420712 25.330298 110.509235 208.766606 283.386875 346.301788 400.708630 423.886358 444.386286 456.264572 442.643670 360.899056 196.390171 167.830255 166.490015 -9999.0 -9999.0 -9999.0 -9999.0 -9999.0 -9999.0 -9999.0 -9999.0 -9999.0
-9999.0 -9999.0 -1318.203961 -1124.580160 -959.731080 -772.107425 -623.486495 -517.062232 -442.889488 -356.772307 -263.415221 -176.227368 -127.072276 -107.860574 -129.843921 -181.513826 -215.656026 -216.427742 -227.573326 -245.817221 -275.406015 -286.894794 -297.208704 -306.098973 -322.000349 -331.227726 -337.835046 -350.699444 -376.196926 -426.395190 -482.249965 -535.492287 -590.849706 -616.123814 -638.275536 -661.330552 -665.361423 -666.585304 -659.419416 -658.329737 -653.418276 -641.971946 -621.086072 -599.994227 -590.803416 -584.341643 -571.933836 -548.482886 -515.512902 -474.992628 -422.795066 -366.483012 -326.936485 -313.677547 -322.290726 -313.557233 -286.028593 -229.334267 -115.989164 -11.436314 81.420502 153.023043 224.412290 270.986667 285.410389 304.595698 347.267146 257.459557 65.518206 112.775539 -9999.0 -9999.0 -9999.0 -9999.0 -9999.0 -9999.0 -9999.0 -9999.0 -9999.0 -9999.0
-9999.0 -9999.0 -9999.0 -9999.0 -1267.442185 -1109.845933 -1017.529501 -936.264285 -819.360151 -715.116606 -625.546366 -551.200693 -500.486560 -477.523519 -490.722299 -499.260700 -508.667497 -511.860416 -520.297211 -526.923313 -533.708893 -541.679794 -552.382054 -560.066419 -561.292208 -558.220279 -560.202852 -573.178604 -588.715727 -617.080202 -642.006255 -677.468179 -714.718776 -743.684138 -756.476929 -763.540704 -763.071165 -768.151539 -758.411440 -752.346583 -737.632211 -722.207423 -698.199758 -670.147090 -657.974570 -644.028849 -634.448239 -613.683106 -584.036937 -531.825478 -470.283569 -415.062847 -382.014779 -379.513287 -407.457302 -424.504487 -428.157733 -399.072026 -346.673685 -265.088379 -136.837736 -45.557738 26.368630 72.303183 102.833363 145.052070 187.793244 200.017983 -9999.0 -9999.0 -9999.0 -9999.0 -9999.0 -9999.0 -9999.0 -9999.0 -9999.0 -9999.0 -9999.0 -9999.0
-9999.0 -9999.0 -9999.0 -9999.0 -9999.0 -9999.0 -1326.158665 -1232.841773 -1144.158228 -1027.791785 -920.916719 -833.343734 -761.987090 -739.076524 -723.891473 -702.607671 -707.812084 -724.365083 -740.224291 -724.140375 -715.458460 -719.950327 -746.594212 -748.147616 -744.884668 -735.227353 -736.064471 -741.872154 -766.282695 -758.804924 -760.552442 -783.206040 -808.894785 -823.146967 -834.424802 -824.329223 -823.288545 -835.411180 -832.528730 -806.797250 -787.360149 -773.923145 -751.353608 -718.393306 -686.659509 -672.768597 -672.080212 -666.046821 -624.412764 -554.548989 -485.259209 -432.957786 -403.279359 -397.110564 -427.473321 -470.371220 -493.722003 -488.612571 -455.104809 -400.980624 -318.907057 -261.213366 -219.470660 -186.789608 -146.619251 -38.996172 -9999.0 -9999.0 -9999.0 -9999.0 -9999.0 -9999.0 -9999.0 -9999.0 -9999.0 -9999.0 -9999.0 -9999.0 -9999.0 -9999.0
-9999.0 -9999.0 -9999.0 -9999.0 -9999.0 -9999.0 -9999.0 -9999.0 -9999.0 -9999.0 -9999.0 -9999.0 -9999.0 -9999.0 -9999.0 -9999.0 -9999.0 -9999.0 -9999.0 -9999.0 -9999.0 -9999.0 -9999.0 -9999.0 -9999.0 -9999.0 -9999.0 -9999.0 -9999.0 -9999.0 -9999.0 -9999.0 -9999.0 -9999.0 -9999.0 -9999.0 -9999.0 -9999.0 -9999.0 -9999.0 -9999.0 -9999.0 -9999.0 -9999.0 -9999.0 -9999.0 -9999.0 -9999.0 -9999.0 -9999.0 -9999.0 -9999.0 -9999.0 -9999.0 -9999.0 -9999.0 -9999.0 -9999.0 -9999.0 -9999.0 -9999.0 -9999.0 -9999.0 -9999.0 -9999.0 -9999.0 -9999.0 -9999.0 -9999.0 -9999.0 -9999.0 -9999.0 -9999.0 -9999.0 -9999.0 -9999.0 -9999.0 -9999.0 -9999.0 -9999.0
-9999.0 -9999.0 -9999.0 -9999.0 -9999.0 -9999.0 -9999.0 -9999.0 -9999.0 -9999.0 -9999.0 -9999.0 -9999.0 -9999.0 -9999.0 -9999.0 -9999.0 -9999.0 -9999.0 -9999.0 -9999.0 -9999.0 -9999.0 -9999.0 -9999.0 -9999.0 -9999.0 -9999.0 -9999.0 -9999.0 -9999.0 -9999.0 -9999.0 -9999.0 -9999.0 -9999.0 -9999.0 -9999.0 -9999.0 -9999.0 -9999.0 -9999.0 -9999.0 -9999.0 -9999.0 -9999.0 -9999.0 -9999.0 -9999.0 -9999.0 -9999.0 -9999.0 -9999.0 -9999.0 -9999.0 -9999.0 -9999.0 -9999.0 -9999.0 -9999.0 -9999.0 -9999.0 -9999.0 -9999.0 -9999.0 -9999.0 -9999.0 -9999.0 -9999.0 -9999.0 -9999.0 -9999.0 -9999.0 -9999.0 -9999.0 -9999.0 -9999.0 -9999.0 -9999.0 -9999.0