Borden_/Borden1m_014/output_maps/psiliqL0006N0003.asc
ncols         80
nrows         18
xllcorner     620200.000000
yllcorner     5168000.000000
cellsize      1.000000
NODATA_value  -9999.0
-9999.0 -9999.0 -9999.0 -9999.0 -9999.0 -9999.0 -9999.0 -9999.0 -9999.0 -9999.0 -9999.0 -9999.0 -9999.0 -9999.0 -9999.0 -9999.0 -9999.0 -9999.0 -9999.0 -9999.0 -9999.0 -9999.0 -9999.0 -9999.0 -9999.0 -9999.0 -9999.0 -9999.0 -9999.0 -9999.0 -9999.0 -9999.0 -9999.0 -9999.0 -9999.0 -9999.0 -9999.0 -9999.0 -9999.0 -9999.0 -9999.0 -9999.0 -9999.0 -9999.0 -9999.0 -9999.0 -9999.0 -9999.0 -9999.0 -9999.0 -9999.0 -9999.0 -9999.0 -9999.0 -9999.0 -9999.0 -9999.0 -9999.0 -9999.0 -9999.0 -9999.0 -9999.0 -9999.0 -9999.0 -9999.0 -9999.0 -9999.0 -9999.0 -9999.0 -9999.0 -9999.0 -9999.0 -9999.0 -9999.0 -9999.0 -9999.0 -9999.0 -9999.0 -9999.0 -9999.0
-9999.0 -9999.0 -9999.0 -9999.0 -9999.0 -9999.0 -9999.0 -9999.0 -9999.0 -9999.0 -9999.0 -9999.0 -9999.0 -9999.0 -9999.0 -9999.0 -9999.0 -9999.0 -9999.0 -9999.0 -9999.0 -9999.0 -9999.0 -9999.0 -9999.0 -9999.0 -9999.0 -9999.0 -9999.0 -9999.0 -9999.0 -9999.0 -9999.0 -9999.0 -9999.0 -9999.0 -9999.0 -9999.0 -9999.0 -9999.0 -9999.0 -9999.0 -9999.0 -9999.0 -9999.0 -9999.0 -9999.0 -9999.0 -9999.0 -9999.0 -9999.0 -9999.0 -9999.0 -9999.0 -9999.0 -9999.0 -9999.0 -9999.0 -9999.0 -9999.0 -9999.0 -9999.0 -9999.0 -9999.0 -9999.0 -9999.0 -9999.0 -9999.0 -9999.0 -9999.0 -9999.0 -9999.0 -9999.0 -9999.0 -9999.0 -9999.0 -9999.0 -9999.0 -9999.0 -9999.0
-9999.0 -9999.0 -9999.0 -9999.0 -9999.0 -9999.0 -9999.0 -9999.0 -9999.0 -9999.0 -9999.0 -9999.0 -9999.0 -9999.0 -9999.0 -9999.0 -9999.0 -9999.0 -9999.0 -9999.0 -649.014992 -645.962331 -668.964122 -703.059923 -731.650103 -730.303624 -696.095939 -656.122317 -619.568133 -609.496832 -627.695701 -626.958901 -632.548205 -632.763140 -629.949070 -624.527877 -622.459718 -611.173769 -602.970859 -603.296941 -609.456476 -615.306535 -617.132137 -613.613565 -608.803701 -616.782934 -603.550360 -588.315914 -581.525311 -586.117423 -612.482574 -627.653280 -634.924640 -648.380473 -623.634582 -610.453622 -587.089888 -582.225219 -582.741437 -609.088864 -638.606519 -9999.0 -9999.0 -9999.0 -9999.0 -9999.0 -9999.0 -9999.0 -9999.0 -9999.0 -9999.0 -9999.0 -9999.0 -9999.0 -9999.0 -9999.0 -9999.0 -9999.0 -9999.0 -9999.0
-9999.0 -9999.0 -9999.0 -9999.0 -9999.0 -9999.0 -9999.0 -9999.0 -9999.0 -9999.0 -9999.0 -9999.0 -9999.0 -9999.0 -737.359690 -747.952466 -751.472250 -743.468716 -710.434599 -681.298570 -668.890775 -676.878722 -677.443011 -701.276112 -721.643526 -708.293683 -680.218666 -650.198898 -617.573836 -598.009161 -611.278807 -614.537162 -604.494795 -577.434145 -563.266487 -566.323369 -587.649019 -565.890394 -550.252644 -541.061677 -542.300848 -550.955770 -536.564453 -520.721752 -527.268230 -544.287976 -541.197481 -529.763825 -514.831052 -528.921188 -591.698510 -611.850257 -613.611163 -619.047898 -630.991686 -636.806146 -611.816585 -609.912675 -617.286824 -634.245722 -665.377681 -708.559245 -725.574307 -687.049901 -642.253712 -583.971751 -9999.0 -9999.0 -9999.0 -9999.0 -9999.0 -9999.0 -9999.0 -9999.0 -9999.0 -9999.0 -9999.0 -9999.0 -9999.0 -9999.0
-9999.0 -9999.0 -9999.0 -9999.0 -9999.0 -9999.0 -9999.0 -9999.0 -9999.0 -792.549250 -789.572430 -783.006408 -781.894934 -766.877161 -768.837466 -762.559443 -755.021725 -730.171513 -700.210423 -666.276083 -638.369098 -649.229508 -649.721092 -637.978752 -631.165071 -619.238184 -600.153021 -561.836530 -521.903848 -482.512575 -510.859051 -513.419894 -495.389001 -447.328550 -410.168976 -401.043401 -419.202843 -417.147971 -393.250933 -369.714976 -371.228309 -373.430945 -351.311830 -339.351174 -331.591710 -348.736229 -366.385606 -368.440440 -343.360834 -390.737540 -450.665686 -502.760836 -500.680442 -529.951295 -569.632948 -591.222117 -593.401866 -570.300836 -584.274530 -620.178208 -655.347359 -663.406533 -678.816071 -662.231696 -638.920564 -591.337080 -552.557972 -523.317223 -522.083706 -538.703948 -9999.0 -9999.0 -9999.0 -9999.0 -9999.0 -9999.0 -9999.0 -9999.0 -9999.0 -9999.0
-9999.0 -9999.0 -9999.0 -9999.0 -9999.0 -9999.0 -870.034763 -861.882116 -842.915522 -837.551319 -814.286054 -807.310903 -787.602709 -769.057107 -749.832355 -733.689495 -703.784523 -672.850293 -632.908409 -590.485516 -559.866757 -564.973971 -556.354512 -523.863600 -481.948151 -450.852064 -429.458847 -395.084806 -324.555043 -281.691202 -265.642906 -259.427254 -248.699034 -196.784064 -120.438808 -95.305615 -124.503089 -145.900207 -124.825896 -74.633849 -60.843976 -60.416321 -46.601856 -11.241820 182.001780 172.383044 -52.181462 -94.424857 -105.813370 -117.942690 -181.819509 -253.609654 -297.791205 -340.936264 -413.766044 -469.338161 -470.263465 -454.101854 -482.356165 -532.426989 -572.788328 -581.828183 -594.813620 -607.902594 -601.698860 -581.332908 -556.761975 -544.263875 -555.330232 -574.632381 -596.868175 -624.810161 -622.621244 -596.779150 -9999.0 -9999.0 -9999.0 -9999.0 -9999.0 -9999.0
-9999.0 -9999.0 -9999.0 -9999.0 -919.068220 -907.253103 -918.970050 -896.513234 -865.540726 -833.562390 -802.033407 -765.756611 -740.027118 -711.867103 -671.499555 -634.478772 -593.091374 -561.085375 -509.309555 -443.854528 -395.004335 -370.967120 -359.548267 -303.329749 -235.472844 -175.466750 -153.552548 -123.008387 -55.832774 191.636355 223.155406 226.292158 232.426797 243.750707 260.893733 274.468235 265.270153 262.316458 264.529226 268.775469 279.235550 278.516802 280.358479 285.250867 301.219822 301.474321 277.340626 260.410461 255.735906 253.682741 244.443983 206.229095 66.418607 -49.581122 -89.618651 -152.712004 -236.587793 -264.987072 -317.098097 -365.447127 -426.556759 -449.239390 -478.027910 -500.933189 -529.065454 -526.580946 -521.898334 -539.462810 -567.697196 -597.947284 -611.645515 -629.215183 -638.311740 -607.954241 -589.743777 -558.202676 -9999.0 -9999.0 -9999.0 -9999.0
-9999.0 -9999.0 -976.059614 -926.130211 -871.342324 -863.458628 -861.356640 -857.433965 -832.040353 -783.320910 -706.130198 -655.305882 -612.345608 -584.977542 -528.777373 -448.847792 -380.980902 -339.237761 -283.937203 -211.926807 -144.573904 -102.103689 -73.604618 49.649825 207.263732 242.316103 251.744996 261.871095 277.230488 305.957083 318.141539 328.564194 332.228604 327.440041 325.429505 322.867169 321.256994 318.898668 309.601021 307.736371 311.873410 313.164200 316.802492 307.433341 306.834142 312.837969 313.065984 314.339898 316.962886 326.476647 336.150057 312.600722 280.232220 267.309964 264.186042 245.801074 216.769678 155.312097 -15.852455 -92.536828 -186.257718 -250.441581 -301.733938 -346.103717 -392.521281 -420.038382 -461.409403 -497.578964 -538.820069 -580.937680 -602.283242 -619.204912 -620.123177 -618.287284 -601.517061 -585.175686 -569.264154 -561.190582 -9999.0 -9999.0
-9999.0 -1072.989588 -1000.615893 -873.331034 -795.940881 -752.347648 -711.844157 -683.472289 -662.098817 -651.526890 -548.534002 -448.114828 -366.457245 -341.978671 -291.725724 -193.745837 -89.241831 11.385602 190.977676 227.761464 250.820974 268.082341 278.386397 298.964123 329.717480 328.370695 325.560668 324.850593 320.222224 319.172869 314.765803 318.043026 315.857119 308.846966 304.082934 304.742098 303.935041 292.648278 267.058356 255.035927 254.557173 265.641172 259.661091 249.911166 248.466345 258.634428 269.637681 264.998824 261.971461 284.219605 301.182864 307.264253 313.027086 318.565607 337.039181 318.033168 304.907366 284.532799 266.811435 253.183612 228.006001 167.120383 -83.117139 -165.873751 -239.658677 -303.622817 -354.586244 -402.972554 -459.364378 -492.944602 -520.253381 -569.452524 -590.977985 -587.738045 -595.909227 -597.493893 -590.128965 -583.377520 -9999.0 -9999.0
-9999.0 -1141.266231 -997.900568 -812.619093 -668.680090 -610.243585 -496.621468 -419.885521 -397.454068 -420.223452 -323.983615 -74.833936 188.872038 208.850420 236.485866 266.720014 280.646882 300.335993 328.582872 325.350150 320.254406 322.097023 317.889137 314.523596 309.741080 306.509293 306.506452 306.969711 302.770678 298.560168 293.341684 290.471226 268.638960 245.496141 232.593242 227.710021 223.324766 201.033049 6.040172 -71.084501 -91.226917 -52.010674 -74.588660 -107.550568 -113.991506 -74.931700 2.895227 -25.362789 -15.366000 178.369471 221.759190 238.406831 246.168458 262.111900 290.542360 307.753105 314.702972 326.792146 331.632373 315.821865 300.979204 278.889741 251.891319 211.177301 -13.002439 -142.445298 -203.760031 -260.426029 -315.975872 -354.759410 -397.679409 -450.352293 -504.048129 -528.075691 -565.312016 -585.604195 -9999.0 -9999.0 -9999.0 -9999.0
-9999.0 -1202.104251 -1009.845111 -743.375795 -496.266778 -379.362700 -192.913161 129.337448 204.886510 235.911071 244.995365 293.075460 318.638387 312.039957 302.541343 299.456971 303.132751 304.311071 304.352868 302.911283 301.922877 301.972908 302.074534 299.870386 294.336943 277.411673 265.563513 259.630212 244.597953 233.675156 220.239292 200.299120 -2.811341 -160.403452 -209.553328 -240.958869 -292.639165 -300.421246 -314.564759 -342.256923 -358.211505 -370.117476 -354.496816 -356.780632 -357.596138 -350.092290 -330.795571 -317.301133 -282.313801 -248.442068 -199.393784 -144.998723 -105.313435 -14.147399 202.300380 239.674896 252.644793 270.461080 299.233032 315.772124 332.994794 326.574594 310.637814 295.848378 257.920831 229.840903 200.647081 -28.114042 -123.241365 -185.003230 -243.675554 -300.995032 -360.918083 -440.309609 -478.298785 -9999.0 -9999.0 -9999.0 -9999.0 -9999.0
-9999.0 -1347.476398 -1079.840818 -782.092585 -454.115859 -155.927222 -14.331656 222.482630 267.901041 240.643454 234.637896 242.000521 261.262860 265.413944 254.381940 250.054830 244.625218 244.303609 252.304516 242.688121 232.835553 229.331751 230.554694 225.108980 204.626747 70.474748 -12.844257 -57.285643 -127.962175 -182.605169 -265.505612 -285.717411 -352.216548 -412.622415 -453.943126 -496.998499 -544.828219 -545.963100 -530.923315 -546.859572 -567.780555 -585.848363 -561.814720 -547.906564 -538.083655 -547.511774 -539.904055 -508.343589 -464.424448 -427.508016 -384.618716 -338.091924 -300.670675 -254.780858 -213.832803 -154.292243 -94.186725 26.676422 217.641691 265.309918 292.701987 306.394205 322.560974 340.278649 314.389673 298.166442 284.539074 255.623660 224.984442 196.060105 27.836137 -142.191048 -216.159477 -9999.0 -9999.0 -9999.0 -9999.0 -9999.0 -9999.0 -9999.0
-9999.0 -1484.170177 -1247.232074 -992.772310 -692.057762 -471.230938 -328.725546 -226.537338 -153.180093 -156.894095 -141.485951 -109.936563 -62.839862 -19.558360 -74.958169 -131.025745 -165.223052 -161.903293 -161.993892 -190.683165 -223.335853 -240.040261 -240.592751 -249.087811 -278.505430 -296.176282 -306.208286 -326.135279 -358.295173 -406.121182 -481.082294 -541.495204 -598.488322 -632.372547 -661.060297 -692.891390 -731.434446 -720.599809 -705.495795 -710.324536 -723.112515 -728.164113 -699.059087 -681.487637 -671.891917 -685.765464 -668.384104 -642.647297 -602.842134 -564.389563 -521.093972 -472.813213 -426.551791 -401.269835 -388.861518 -363.527672 -327.607885 -276.514796 -180.500427 -40.594821 205.362116 239.937023 267.696582 294.971770 303.861415 320.480957 322.602464 292.604548 259.582759 264.352735 248.703491 -9999.0 -9999.0 -9999.0 -9999.0 -9999.0 -9999.0 -9999.0 -9999.0 -9999.0
-9999.0 -9999.0 -1485.292646 -1289.601730 -1121.618834 -936.462953 -793.025901 -696.597243 -634.539304 -558.618833 -480.004055 -415.532748 -381.314479 -367.606030 -385.552484 -424.452589 -449.602588 -448.876286 -456.684748 -470.112250 -493.372852 -501.522047 -509.158285 -515.609120 -528.355536 -535.158573 -539.510343 -549.036045 -569.743665 -613.933367 -665.609287 -716.093633 -769.313716 -793.364006 -814.756801 -837.358441 -841.468050 -842.401622 -835.205622 -834.170070 -829.512129 -818.340073 -797.711258 -777.047799 -768.094460 -762.003054 -749.907915 -727.052809 -694.989594 -656.001900 -606.352129 -554.152044 -519.610949 -510.469296 -521.617889 -517.681690 -498.619588 -459.651293 -382.265422 -304.695138 -211.644665 -135.133872 10.728792 211.280855 233.894087 250.885924 286.092691 275.710272 176.620666 247.240175 -9999.0 -9999.0 -9999.0 -9999.0 -9999.0 -9999.0 -9999.0 -9999.0 -9999.0 -9999.0
-9999.0 -9999.0 -9999.0 -9999.0 -1432.371981 -1274.130410 -1181.980030 -1101.193952 -986.133461 -885.282121 -799.780099 -729.885575 -683.197412 -662.121534 -675.454587 -684.040629 -692.923998 -695.436373 -703.120028 -709.542712 -715.947292 -723.207998 -732.848773 -739.983052 -740.935395 -737.760656 -739.306219 -751.506415 -765.944119 -793.763355 -818.255336 -853.015752 -889.806058 -918.477440 -931.197462 -938.420328 -937.958674 -942.898637 -933.167410 -927.296570 -912.745959 -897.424697 -873.588934 -845.872157 -833.972517 -820.241011 -810.793443 -790.283236 -761.198342 -709.975715 -649.822332 -596.594623 -565.682712 -564.440523 -592.674567 -610.462611 -615.781250 -591.129146 -548.487515 -486.079510 -395.515482 -332.317176 -272.756112 -213.155626 -166.225884 -71.261913 223.840093 265.750291 -9999.0 -9999.0 -9999.0 -9999.0 -9999.0 -9999.0 -9999.0 -9999.0 -9999.0 -9999.0 -9999.0 -9999.0
-9999.0 -9999.0 -9999.0 -9999.0 -9999.0 -9999.0 -1492.475604 -1399.654752 -1309.804156 -1195.066872 -1090.014655 -1003.704633 -933.810155 -912.123688 -898.175811 -877.787600 -883.111664 -899.064155 -914.239477 -898.683292 -890.630166 -894.852597 -920.677393 -922.325510 -919.302175 -909.715668 -910.469304 -916.191874 -940.337156 -933.409811 -935.477521 -958.019936 -983.674094 -998.043344 -1009.357152 -999.340392 -998.309289 -1010.338184 -1007.299733 -981.755299 -962.470298 -949.062792 -926.520708 -893.756998 -862.273731 -848.595732 -847.967640 -841.992276 -800.631988 -731.654300 -663.559164 -612.703148 -584.431944 -579.132718 -609.501119 -652.285019 -676.154541 -672.483319 -642.071255 -594.119937 -524.899911 -483.003757 -456.917738 -438.040777 -413.640451 -325.777716 -9999.0 -9999.0 -9999.0 -9999.0 -9999.0 -9999.0 -9999.0 -9999.0 -9999.0 -9999.0 -9999.0 -9999.0 -9999.0 -9999.0
-9999.0 -9999.0 -9999.0 -9999.0 -9999.0 -9999.0 -9999.0 -9999.0 -9999.0 -9999.0 -9999.0 -9999.0 -9999.0 -9999.0 -9999.0 -9999.0 -9999.0 -9999.0 -9999.0 -9999.0 -9999.0 -9999.0 -9999.0 -9999.0 -9999.0 -9999.0 -9999.0 -9999.0 -9999.0 -9999.0 -9999.0 -9999.0 -9999.0 -9999.0 -9999.0 -9999.0 -9999.0 -9999.0 -9999.0 -9999.0 -9999.0 -9999.0 -9999.0 -9999.0 -9999.0 -9999.0 -9999.0 -9999.0 -9999.0 -9999.0 -9999.0 -9999.0 -9999.0 -9999.0 -9999.0 -9999.0 -9999.0 -9999.0 -9999.0 -9999.0 -9999.0 -9999.0 -9999.0 -9999.0 -9999.0 -9999.0 -9999.0 -9999.0 -9999.0 -9999.0 -9999.0 -9999.0 -9999.0 -9999.0 -9999.0 -9999.0 -9999.0 -9999.0 -9999.0 -9999.0
-9999.0 -9999.0 -9999.0 -9999.0 -9999.0 -9999.0 -9999.0 -9999.0 -9999.0 -9999.0 -9999.0 -9999.0 -9999.0 -9999.0 -9999.0 -9999.0 -9999.0 -9999.0 -9999.0 -9999.0 -9999.0 -9999.0 -9999.0 -9999.0 -9999.0 -9999.0 -9999.0 -9999.0 -9999.0 -9999.0 -9999.0 -9999.0 -9999.0 -9999.0 -9999.0 -9999.0 -9999.0 -9999.0 -9999.0 -9999.0 -9999.0 -9999.0 -9999.0 -9999.0 -9999.0 -9999.0 -9999.0 -9999.0 -9999.0 -9999.0 -9999.0 -9999.0 -9999.0 -9999.0 -9999.0 -9999.0 -9999.0 -9999.0 -9999.0 -9999.0 -9999.0 -9999.0 -9999.0 -9999.0 -9999.0 -9999.0 -9999.0 -9999.0 -9999.0 -9999.0 -9999.0 -9999.0 -9999.0 -9999.0 -9999.0 -9999.0 -9999.0 -9999.0 -9999.0 -9999.0