Borden_/Borden1m_014/output_maps/psiliqL0021N0003.asc
ncols         80
nrows         18
xllcorner     620200.000000
yllcorner     5168000.000000
cellsize      1.000000
NODATA_value  -9999.0
-9999.0 -9999.0 -9999.0 -9999.0 -9999.0 -9999.0 -9999.0 -9999.0 -9999.0 -9999.0 -9999.0 -9999.0 -9999.0 -9999.0 -9999.0 -9999.0 -9999.0 -9999.0 -9999.0 -9999.0 -9999.0 -9999.0 -9999.0 -9999.0 -9999.0 -9999.0 -9999.0 -9999.0 -9999.0 -9999.0 -9999.0 -9999.0 -9999.0 -9999.0 -9999.0 -9999.0 -9999.0 -9999.0 -9999.0 -9999.0 -9999.0 -9999.0 -9999.0 -9999.0 -9999.0 -9999.0 -9999.0 -9999.0 -9999.0 -9999.0 -9999.0 -9999.0 -9999.0 -9999.0 -9999.0 -9999.0 -9999.0 -9999.0 -9999.0 -9999.0 -9999.0 -9999.0 -9999.0 -9999.0 -9999.0 -9999.0 -9999.0 -9999.0 -9999.0 -9999.0 -9999.0 -9999.0 -9999.0 -9999.0 -9999.0 -9999.0 -9999.0 -9999.0 -9999.0 -9999.0
-9999.0 -9999.0 -9999.0 -9999.0 -9999.0 -9999.0 -9999.0 -9999.0 -9999.0 -9999.0 -9999.0 -9999.0 -9999.0 -9999.0 -9999.0 -9999.0 -9999.0 -9999.0 -9999.0 -9999.0 -9999.0 -9999.0 -9999.0 -9999.0 -9999.0 -9999.0 -9999.0 -9999.0 -9999.0 -9999.0 -9999.0 -9999.0 -9999.0 -9999.0 -9999.0 -9999.0 -9999.0 -9999.0 -9999.0 -9999.0 -9999.0 -9999.0 -9999.0 -9999.0 -9999.0 -9999.0 -9999.0 -9999.0 -9999.0 -9999.0 -9999.0 -9999.0 -9999.0 -9999.0 -9999.0 -9999.0 -9999.0 -9999.0 -9999.0 -9999.0 -9999.0 -9999.0 -9999.0 -9999.0 -9999.0 -9999.0 -9999.0 -9999.0 -9999.0 -9999.0 -9999.0 -9999.0 -9999.0 -9999.0 -9999.0 -9999.0 -9999.0 -9999.0 -9999.0 -9999.0
-9999.0 -9999.0 -9999.0 -9999.0 -9999.0 -9999.0 -9999.0 -9999.0 -9999.0 -9999.0 -9999.0 -9999.0 -9999.0 -9999.0 -9999.0 -9999.0 -9999.0 -9999.0 -9999.0 -9999.0 2335.077477 2336.982343 2315.660016 2282.448595 2255.175766 2258.045073 2292.510673 2334.239378 2373.913476 2383.506119 2366.066881 2370.236528 2366.266410 2363.090487 2364.120235 2371.358707 2377.001007 2386.860391 2394.042798 2392.227007 2385.223057 2380.119761 2381.803062 2384.197655 2390.374022 2377.534385 2392.610535 2408.238639 2412.770293 2408.574541 2382.924299 2368.717294 2359.292518 2342.699547 2367.423532 2378.273530 2400.247546 2403.669179 2401.027563 2373.734329 2343.405521 -9999.0 -9999.0 -9999.0 -9999.0 -9999.0 -9999.0 -9999.0 -9999.0 -9999.0 -9999.0 -9999.0 -9999.0 -9999.0 -9999.0 -9999.0 -9999.0 -9999.0 -9999.0 -9999.0
-9999.0 -9999.0 -9999.0 -9999.0 -9999.0 -9999.0 -9999.0 -9999.0 -9999.0 -9999.0 -9999.0 -9999.0 -9999.0 -9999.0 2244.093808 2235.278799 2232.878499 2241.103958 2274.452950 2304.962565 2316.725405 2309.715700 2310.241293 2286.813054 2265.882758 2280.082446 2310.588088 2342.280911 2377.115804 2396.942474 2387.182752 2385.790983 2394.405910 2416.683536 2426.344112 2422.661086 2403.627860 2427.475944 2441.239694 2446.781767 2445.020803 2435.614024 2445.918999 2460.946254 2454.582569 2438.970267 2447.693732 2461.177272 2472.135271 2461.363507 2400.193986 2384.384142 2379.609913 2373.482621 2359.170868 2353.637858 2379.882014 2378.416345 2369.849020 2351.736035 2318.297359 2273.287309 2254.032102 2293.225520 2336.384405 2392.505058 -9999.0 -9999.0 -9999.0 -9999.0 -9999.0 -9999.0 -9999.0 -9999.0 -9999.0 -9999.0 -9999.0 -9999.0 -9999.0 -9999.0
-9999.0 -9999.0 -9999.0 -9999.0 -9999.0 -9999.0 -9999.0 -9999.0 -9999.0 2185.752399 2191.451771 2199.053614 2202.041529 2217.795476 2214.940316 2222.237913 2227.940646 2255.583853 2286.167226 2320.701679 2348.555867 2340.206388 2340.179715 2347.492171 2346.876922 2357.776778 2380.050258 2420.291624 2455.784292 2495.271491 2465.875275 2463.498279 2482.241594 2525.606959 2551.772776 2554.673663 2535.656109 2548.596889 2571.937339 2589.300842 2586.341918 2581.447263 2605.730250 2621.182200 2619.281745 2599.148779 2594.622430 2598.907275 2626.189073 2575.284707 2509.024760 2464.892621 2474.428943 2449.107354 2417.578887 2401.213202 2399.305246 2418.647950 2404.298418 2367.791479 2332.769894 2320.576033 2302.641976 2321.216078 2343.342020 2388.890652 2427.716863 2456.334617 2455.294325 2437.601883 -9999.0 -9999.0 -9999.0 -9999.0 -9999.0 -9999.0 -9999.0 -9999.0 -9999.0 -9999.0
-9999.0 -9999.0 -9999.0 -9999.0 -9999.0 -9999.0 2106.217477 2116.813344 2137.993573 2141.937198 2168.531015 2175.256186 2195.599548 2214.244798 2236.223128 2250.855767 2278.367783 2310.104856 2348.521140 2389.066978 2419.696294 2411.173279 2420.248667 2444.936186 2478.651410 2503.882331 2529.636917 2570.341194 2646.670486 2689.210305 2691.187924 2695.645601 2705.177364 2754.480347 2817.147791 2826.644152 2805.150618 2790.748504 2812.001093 2847.758500 2848.035315 2847.820061 2789.912119 2799.798877 2826.294412 2816.942353 2854.176738 2844.258287 2848.391560 2828.158007 2761.576031 2699.744178 2671.590965 2619.765124 2537.384798 2488.457832 2503.076835 2524.647449 2498.032538 2445.985071 2408.071081 2398.966157 2384.742732 2373.944245 2382.890892 2403.346921 2425.605922 2437.409490 2424.265004 2402.673546 2380.063900 2351.323117 2353.378277 2378.291036 -9999.0 -9999.0 -9999.0 -9999.0 -9999.0 -9999.0
-9999.0 -9999.0 -9999.0 -9999.0 2055.712498 2068.944240 2055.793072 2082.264656 2115.395378 2150.052567 2180.115588 2215.035612 2240.982120 2269.973366 2306.213931 2333.417430 2369.949993 2402.932984 2455.017970 2520.771092 2569.171064 2587.814571 2600.715918 2657.766775 2720.365935 2773.653428 2796.803239 2826.649461 2788.505435 2843.852804 2866.661084 2870.398526 2887.228185 2926.857454 2978.969456 3010.407540 2993.444418 2985.141090 2993.367275 3006.047708 3028.142593 3028.273883 3029.279848 3032.519958 3038.952699 3038.010526 3013.344234 2980.804613 2970.545925 2961.275817 2927.550895 2858.159896 2826.039750 2799.150622 2838.319172 2782.759658 2725.302495 2715.689390 2656.963240 2598.600441 2541.384526 2524.897917 2497.591393 2475.535111 2451.894464 2457.916432 2464.447020 2445.592536 2413.349320 2381.571138 2366.981724 2348.379340 2336.887861 2367.390134 2385.038287 2414.856552 -9999.0 -9999.0 -9999.0 -9999.0
-9999.0 -9999.0 1996.165513 2042.916112 2100.068033 2107.691243 2104.762002 2110.019760 2138.649356 2190.464063 2259.767716 2303.280848 2339.173612 2372.286246 2428.148630 2496.525119 2561.852445 2607.745955 2672.490488 2745.899434 2808.499505 2838.185050 2852.877212 2808.895829 2861.242932 2925.907689 2952.369089 2977.546354 3004.540382 3038.294133 3037.641257 3049.485659 3060.274643 3069.093089 3080.410347 3085.581089 3081.401744 3076.953088 3058.803026 3054.274577 3060.888743 3067.613817 3067.581069 3053.434389 3049.500097 3063.946967 3069.283240 3067.802867 3066.065141 3071.788193 3070.519835 3026.375197 3001.362116 2987.321555 2980.099022 2935.757130 2871.490559 2837.450455 2818.175302 2856.028370 2777.356737 2729.307544 2680.514646 2637.546455 2588.863155 2565.766192 2525.020852 2486.659830 2442.679782 2397.906451 2375.387415 2358.687945 2356.935974 2357.010099 2374.024467 2389.554344 2405.284315 2413.257986 -9999.0 -9999.0
-9999.0 1889.155359 1960.551423 2083.850771 2162.382624 2202.804372 2222.251582 2235.681286 2264.772306 2296.907796 2392.197979 2460.442003 2548.284498 2587.965827 2633.974677 2728.081438 2823.615898 2794.357364 2830.249101 2888.702992 2950.198005 2992.890775 3018.151692 3009.092524 3045.043086 3067.038118 3072.611489 3077.754500 3075.851565 3067.531537 3060.250315 3067.216926 3064.652814 3046.288285 3030.987349 3029.534528 3026.315356 3003.717704 2979.323146 2964.624143 2966.849331 2988.408438 2978.344179 2957.370902 2953.105302 2974.179644 2991.753462 2981.544611 2971.188739 2984.974602 3018.510474 3041.184007 3045.717302 3063.292872 3084.182843 3056.665926 3032.790826 2991.156621 2977.551579 2952.680757 2897.889022 2843.229940 2796.071236 2818.055889 2754.221887 2693.982826 2635.348493 2576.525616 2515.092436 2476.341691 2447.178932 2399.712614 2382.462055 2386.741413 2380.078733 2378.115223 2384.611989 2391.115598 -9999.0 -9999.0
-9999.0 1799.358517 1939.282639 2119.043782 2263.500873 2311.612778 2391.033411 2459.607225 2483.326753 2443.052848 2549.463909 2770.936613 2817.004726 2830.697247 2901.103511 2987.186732 2982.440231 3011.596583 3032.622467 3050.565745 3065.144437 3076.706966 3074.273433 3068.315907 3052.400716 3044.529194 3043.805674 3041.895891 3025.171997 3006.821820 2990.474744 2987.968471 2973.855470 2928.018683 2896.070026 2880.049796 2864.036480 2849.567861 2821.318812 2796.200468 2856.830043 2794.355195 2790.436844 2847.659427 2843.762904 2790.213744 2820.766385 2816.882433 2825.713121 2844.722723 2880.004924 2916.433713 2935.283525 2963.538280 2995.707234 3040.785596 3051.719895 3073.559043 3077.212185 3063.611546 3019.406626 2972.385106 2943.582728 2889.593161 2830.113912 2841.945233 2779.823923 2720.091353 2653.642191 2609.814953 2562.526338 2504.398347 2455.297341 2441.133384 2405.425761 2389.843407 -9999.0 -9999.0 -9999.0 -9999.0
-9999.0 1706.717078 1888.956624 2134.522663 2419.114554 2506.342316 2710.448705 2798.490032 2838.274246 2901.253497 2819.465054 2992.730768 3035.163326 3027.502371 3033.626009 3035.236698 3048.352908 3048.299924 3043.272537 3032.682319 3023.680634 3019.561996 3018.314892 3010.514960 2998.152738 2983.839174 2974.984646 2964.165169 2928.964459 2898.161597 2861.966096 2850.240905 2810.301595 2803.312287 2759.578838 2719.705573 2658.352558 2653.654391 2650.702867 2619.519089 2599.344378 2571.752747 2597.338670 2606.856760 2610.349991 2607.848363 2620.874434 2650.068297 2699.020091 2737.859846 2782.969691 2836.008669 2789.951626 2828.315979 2868.532140 2919.920182 2949.749925 2978.028782 3021.786901 3058.200695 3080.388668 3067.897412 3047.078506 3005.268235 2948.743919 2899.891679 2871.852667 2822.820036 2820.053333 2766.703254 2713.183713 2653.180009 2586.200984 2522.909298 2486.285740 -9999.0 -9999.0 -9999.0 -9999.0 -9999.0
-9999.0 1502.011949 1766.379225 2039.484269 2328.033720 2662.056898 2793.839920 2892.963264 2952.798435 2924.860489 2937.904100 2947.091564 2981.104235 2986.700603 2967.215727 2954.929403 2939.386812 2938.326283 2951.226251 2924.896779 2895.943111 2883.279411 2883.951572 2873.137405 2850.109153 2835.111560 2825.697024 2808.264228 2844.665470 2793.019335 2707.991484 2671.753953 2588.817572 2542.155721 2500.937148 2451.677904 2402.448544 2403.550809 2423.361261 2410.202234 2387.975011 2369.594626 2397.356521 2417.395496 2430.225738 2416.034143 2423.767031 2458.408539 2506.853485 2550.208566 2598.020230 2651.788520 2695.965466 2742.347311 2773.052402 2821.577385 2786.727559 2827.343261 2895.752031 2970.708360 3001.628996 3034.655651 3065.272114 3086.362081 3044.600201 3016.803821 2994.301541 2973.290925 2928.096313 2883.628040 2843.309104 2781.346216 2735.731558 -9999.0 -9999.0 -9999.0 -9999.0 -9999.0 -9999.0 -9999.0
-9999.0 1383.669168 1586.577727 1792.087828 2053.308493 2283.871883 2492.889091 2591.987097 2670.914970 2731.600403 2781.242727 2820.028479 2788.171998 2808.626486 2785.882372 2813.079810 2782.969384 2788.388415 2782.793244 2762.025395 2734.852375 2721.454977 2718.047916 2710.353461 2684.547055 2668.356619 2656.382109 2632.875701 2605.310199 2551.516112 2476.158822 2401.636524 2344.490862 2319.084823 2292.937787 2263.252949 2232.592946 2243.698606 2255.019364 2253.029822 2244.335148 2242.800874 2271.527132 2290.589543 2300.207081 2288.973322 2307.539943 2332.158857 2371.277938 2413.117560 2460.125185 2512.132587 2563.376313 2589.192426 2599.004920 2619.127277 2655.358755 2708.354092 2794.892875 2802.766864 2875.809305 2919.471217 2968.782421 3004.306695 3030.270946 3058.957736 3078.322976 3069.058673 3045.010938 3012.878062 2957.056012 -9999.0 -9999.0 -9999.0 -9999.0 -9999.0 -9999.0 -9999.0 -9999.0 -9999.0
-9999.0 -9999.0 1357.286657 1518.772571 1630.813227 1797.483783 1940.207471 2046.900306 2142.510867 2273.031723 2388.866270 2479.373623 2524.185966 2541.491845 2528.819294 2500.888121 2482.793815 2483.224518 2472.956032 2465.400799 2449.078792 2442.487735 2429.405592 2420.415938 2412.021019 2407.357838 2402.427088 2392.916552 2374.171023 2330.815473 2288.962249 2241.793276 2192.123243 2168.773664 2149.013614 2130.089903 2131.759176 2127.164495 2132.416813 2134.509943 2142.732352 2156.048295 2175.596403 2197.907660 2207.496628 2216.918668 2228.380548 2250.789510 2282.024558 2322.809829 2375.131228 2431.478267 2469.463883 2479.812674 2466.937068 2467.891099 2482.612087 2520.126250 2594.371542 2675.011381 2773.020942 2847.232847 2827.794964 2881.882464 2907.333125 2943.452219 3008.597889 3056.352954 3094.887316 3072.734640 -9999.0 -9999.0 -9999.0 -9999.0 -9999.0 -9999.0 -9999.0 -9999.0 -9999.0 -9999.0
-9999.0 -9999.0 -9999.0 -9999.0 1375.937869 1524.594633 1619.928721 1699.279453 1829.520896 1954.488005 2057.243533 2142.014221 2207.261753 2233.988569 2233.198874 2245.314658 2243.263348 2236.032986 2226.189261 2228.693570 2231.033209 2224.316130 2208.551642 2201.358156 2203.223922 2209.136903 2206.807760 2193.985705 2176.878312 2159.665580 2144.145501 2112.664251 2079.549378 2052.021297 2040.176722 2036.455199 2036.857345 2029.728566 2038.398038 2046.663914 2062.275639 2077.401761 2100.899622 2130.060649 2144.139059 2158.641741 2167.505521 2186.639757 2215.912811 2268.008487 2330.179892 2386.868700 2421.897797 2424.528537 2398.170817 2380.010486 2372.581462 2396.179288 2435.294058 2495.518217 2593.158533 2665.835932 2721.204182 2769.871866 2811.678888 2788.023668 2877.505497 2955.622563 -9999.0 -9999.0 -9999.0 -9999.0 -9999.0 -9999.0 -9999.0 -9999.0 -9999.0 -9999.0 -9999.0 -9999.0
-9999.0 -9999.0 -9999.0 -9999.0 -9999.0 -9999.0 1341.734713 1444.421440 1516.514171 1661.206091 1798.313798 1901.996007 1983.335526 2017.111268 2047.669924 2076.717445 2076.553261 2057.626557 2037.525525 2058.178127 2075.040407 2069.020813 2037.870208 2038.315721 2044.104542 2052.086322 2049.972461 2044.482612 2020.677249 2036.017794 2039.820524 2018.107916 1993.611108 1981.397499 1970.563992 1981.015769 1981.716187 1968.075576 1968.031403 1995.601256 2016.362311 2029.337601 2050.630361 2083.677460 2115.901685 2131.104739 2131.905551 2136.880392 2174.688272 2243.497697 2314.393138 2369.193331 2400.772780 2407.254396 2378.644494 2336.530648 2313.785927 2317.478900 2347.760542 2394.566349 2465.244983 2510.079725 2532.081776 2544.175197 2564.271036 2663.327014 -9999.0 -9999.0 -9999.0 -9999.0 -9999.0 -9999.0 -9999.0 -9999.0 -9999.0 -9999.0 -9999.0 -9999.0 -9999.0 -9999.0
-9999.0 -9999.0 -9999.0 -9999.0 -9999.0 -9999.0 -9999.0 -9999.0 -9999.0 -9999.0 -9999.0 -9999.0 -9999.0 -9999.0 -9999.0 -9999.0 -9999.0 -9999.0 -9999.0 -9999.0 -9999.0 -9999.0 -9999.0 -9999.0 -9999.0 -9999.0 -9999.0 -9999.0 -9999.0 -9999.0 -9999.0 -9999.0 -9999.0 -9999.0 -9999.0 -9999.0 -9999.0 -9999.0 -9999.0 -9999.0 -9999.0 -9999.0 -9999.0 -9999.0 -9999.0 -9999.0 -9999.0 -9999.0 -9999.0 -9999.0 -9999.0 -9999.0 -9999.0 -9999.0 -9999.0 -9999.0 -9999.0 -9999.0 -9999.0 -9999.0 -9999.0 -9999.0 -9999.0 -9999.0 -9999.0 -9999.0 -9999.0 -9999.0 -9999.0 -9999.0 -9999.0 -9999.0 -9999.0 -9999.0 -9999.0 -9999.0 -9999.0 -9999.0 -9999.0 -9999.0
-9999.0 -9999.0 -9999.0 -9999.0 -9999.0 -9999.0 -9999.0 -9999.0 -9999.0 -9999.0 -9999.0 -9999.0 -9999.0 -9999.0 -9999.0 -9999.0 -9999.0 -9999.0 -9999.0 -9999.0 -9999.0 -9999.0 -9999.0 -9999.0 -9999.0 -9999.0 -9999.0 -9999.0 -9999.0 -9999.0 -9999.0 -9999.0 -9999.0 -9999.0 -9999.0 -9999.0 -9999.0 -9999.0 -9999.0 -9999.0 -9999.0 -9999.0 -9999.0 -9999.0 -9999.0 -9999.0 -9999.0 -9999.0 -9999.0 -9999.0 -9999.0 -9999.0 -9999.0 -9999.0 -9999.0 -9999.0 -9999.0 -9999.0 -9999.0 -9999.0 -9999.0 -9999.0 -9999.0 -9999.0 -9999.0 -9999.0 -9999.0 -9999.0 -9999.0 -9999.0 -9999.0 -9999.0 -9999.0 -9999.0 -9999.0 -9999.0 -9999.0 -9999.0 -9999.0 -9999.0