Borden_/Borden1m_014/output_maps/psiliqL0004N0031.asc
ncols         80
nrows         18
xllcorner     620200.000000
yllcorner     5168000.000000
cellsize      1.000000
NODATA_value  -9999.0
-9999.0 -9999.0 -9999.0 -9999.0 -9999.0 -9999.0 -9999.0 -9999.0 -9999.0 -9999.0 -9999.0 -9999.0 -9999.0 -9999.0 -9999.0 -9999.0 -9999.0 -9999.0 -9999.0 -9999.0 -9999.0 -9999.0 -9999.0 -9999.0 -9999.0 -9999.0 -9999.0 -9999.0 -9999.0 -9999.0 -9999.0 -9999.0 -9999.0 -9999.0 -9999.0 -9999.0 -9999.0 -9999.0 -9999.0 -9999.0 -9999.0 -9999.0 -9999.0 -9999.0 -9999.0 -9999.0 -9999.0 -9999.0 -9999.0 -9999.0 -9999.0 -9999.0 -9999.0 -9999.0 -9999.0 -9999.0 -9999.0 -9999.0 -9999.0 -9999.0 -9999.0 -9999.0 -9999.0 -9999.0 -9999.0 -9999.0 -9999.0 -9999.0 -9999.0 -9999.0 -9999.0 -9999.0 -9999.0 -9999.0 -9999.0 -9999.0 -9999.0 -9999.0 -9999.0 -9999.0
-9999.0 -9999.0 -9999.0 -9999.0 -9999.0 -9999.0 -9999.0 -9999.0 -9999.0 -9999.0 -9999.0 -9999.0 -9999.0 -9999.0 -9999.0 -9999.0 -9999.0 -9999.0 -9999.0 -9999.0 -9999.0 -9999.0 -9999.0 -9999.0 -9999.0 -9999.0 -9999.0 -9999.0 -9999.0 -9999.0 -9999.0 -9999.0 -9999.0 -9999.0 -9999.0 -9999.0 -9999.0 -9999.0 -9999.0 -9999.0 -9999.0 -9999.0 -9999.0 -9999.0 -9999.0 -9999.0 -9999.0 -9999.0 -9999.0 -9999.0 -9999.0 -9999.0 -9999.0 -9999.0 -9999.0 -9999.0 -9999.0 -9999.0 -9999.0 -9999.0 -9999.0 -9999.0 -9999.0 -9999.0 -9999.0 -9999.0 -9999.0 -9999.0 -9999.0 -9999.0 -9999.0 -9999.0 -9999.0 -9999.0 -9999.0 -9999.0 -9999.0 -9999.0 -9999.0 -9999.0
-9999.0 -9999.0 -9999.0 -9999.0 -9999.0 -9999.0 -9999.0 -9999.0 -9999.0 -9999.0 -9999.0 -9999.0 -9999.0 -9999.0 -9999.0 -9999.0 -9999.0 -9999.0 -9999.0 -9999.0 -602.625486 -600.580703 -606.368522 -613.427345 -619.233053 -619.667685 -613.007802 -604.996681 -596.190635 -594.150645 -600.350621 -599.158419 -601.439605 -602.511037 -602.366037 -600.584832 -599.743757 -596.882492 -594.942574 -595.513860 -597.503820 -599.044566 -600.079454 -599.459004 -597.428064 -600.374175 -595.954789 -591.361691 -589.584675 -590.112273 -596.852911 -599.954866 -601.240123 -605.985229 -597.390910 -594.311187 -587.380485 -586.407967 -585.669150 -593.458892 -601.327491 -9999.0 -9999.0 -9999.0 -9999.0 -9999.0 -9999.0 -9999.0 -9999.0 -9999.0 -9999.0 -9999.0 -9999.0 -9999.0 -9999.0 -9999.0 -9999.0 -9999.0 -9999.0 -9999.0
-9999.0 -9999.0 -9999.0 -9999.0 -9999.0 -9999.0 -9999.0 -9999.0 -9999.0 -9999.0 -9999.0 -9999.0 -9999.0 -9999.0 -616.177276 -619.034084 -620.301707 -620.578016 -614.554896 -609.461284 -608.441755 -611.348536 -609.508223 -615.714120 -621.159749 -617.836642 -612.414892 -607.269190 -599.804449 -594.463385 -598.938042 -600.038678 -597.352663 -588.555504 -584.310329 -585.863781 -595.179842 -586.185960 -580.993219 -577.703345 -578.141117 -582.280559 -576.162590 -569.141075 -572.449674 -579.946887 -578.472762 -574.028792 -567.223909 -571.814253 -595.980156 -599.833388 -599.120893 -599.287114 -602.774154 -605.004112 -596.210875 -596.912208 -598.669691 -601.389205 -607.801499 -617.252279 -621.257456 -611.965329 -602.694540 -585.829976 -9999.0 -9999.0 -9999.0 -9999.0 -9999.0 -9999.0 -9999.0 -9999.0 -9999.0 -9999.0 -9999.0 -9999.0 -9999.0 -9999.0
-9999.0 -9999.0 -9999.0 -9999.0 -9999.0 -9999.0 -9999.0 -9999.0 -9999.0 -622.686207 -623.185908 -622.253032 -623.759414 -621.015037 -624.592314 -623.482521 -623.770535 -619.526100 -615.402378 -609.128409 -601.857521 -606.438605 -606.977484 -603.425540 -602.603629 -600.512938 -596.393517 -584.240453 -570.178236 -551.036992 -566.028812 -566.761078 -557.701641 -527.844283 -500.298349 -491.627971 -506.175052 -505.718926 -487.096567 -464.333292 -463.427745 -465.001865 -439.532098 -424.168918 -415.038897 -437.056661 -460.230906 -463.749401 -436.414889 -485.671584 -528.636107 -561.375997 -560.208657 -573.101053 -587.768268 -593.821243 -595.398436 -585.754314 -589.997482 -600.249736 -608.890230 -607.803412 -612.164614 -607.721200 -603.624435 -590.372445 -578.438235 -567.633916 -567.139841 -573.774403 -9999.0 -9999.0 -9999.0 -9999.0 -9999.0 -9999.0 -9999.0 -9999.0 -9999.0 -9999.0
-9999.0 -9999.0 -9999.0 -9999.0 -9999.0 -9999.0 -629.669324 -629.697413 -627.713627 -631.954346 -627.996051 -629.887717 -626.838808 -625.046154 -622.626947 -621.743445 -616.397423 -611.160570 -602.795668 -592.051779 -582.560648 -586.266648 -583.634582 -570.751729 -547.908414 -527.571078 -513.774325 -488.103616 -407.219980 -347.527593 -323.826948 -312.501817 -299.350027 -267.855038 -212.119862 -183.441305 -215.326815 -233.670326 -216.478522 -172.750937 -99.748386 -97.007279 -90.879811 -83.699747 -57.828156 -64.604313 -166.328601 -197.190798 -207.173107 -217.258362 -259.949776 -305.587054 -365.135428 -428.531230 -501.474267 -537.986738 -543.184038 -536.663004 -552.549927 -574.338181 -588.263913 -589.317603 -592.463051 -597.083086 -594.807493 -589.160517 -581.093264 -576.334248 -580.151458 -585.808892 -590.798324 -599.154722 -598.042773 -590.084596 -9999.0 -9999.0 -9999.0 -9999.0 -9999.0 -9999.0
-9999.0 -9999.0 -9999.0 -9999.0 -637.878626 -635.501233 -642.126490 -637.955997 -634.350192 -631.270404 -630.117598 -625.064577 -622.829678 -618.778489 -611.036403 -604.315825 -593.583219 -584.847713 -564.223182 -526.560521 -489.943845 -465.882796 -448.290565 -365.949315 -295.772284 -256.173585 -241.274120 -216.352465 -166.737722 -51.550575 -23.205834 -19.282032 1.753434 23.142038 64.472121 91.469111 78.571006 74.035631 75.222868 83.702544 108.633534 109.440960 110.591288 110.693108 112.777246 114.155026 93.179187 61.438370 20.406745 42.636823 23.868126 -36.122681 -134.127447 -173.629518 -199.666387 -239.794157 -294.686025 -320.400006 -395.417978 -459.899973 -514.760995 -532.775874 -550.706446 -561.107904 -573.759290 -571.851329 -568.844031 -575.577414 -584.914527 -593.919740 -596.012853 -600.210494 -603.934843 -593.933220 -589.597918 -578.711521 -9999.0 -9999.0 -9999.0 -9999.0
-9999.0 -9999.0 -639.494273 -638.331013 -631.246966 -634.469663 -636.603883 -639.494231 -637.383032 -630.035455 -616.328135 -608.798286 -598.884670 -592.675795 -572.169153 -527.351750 -472.846100 -421.318214 -340.865624 -281.564080 -232.027607 -189.636971 -113.970079 -84.736263 -28.034725 -8.915756 40.283438 35.025622 86.540759 114.250872 139.742615 153.391036 161.938843 153.597880 154.644610 151.482620 149.948599 146.765032 129.328779 127.483981 134.714686 136.972329 140.721143 128.096542 124.435506 136.697923 138.906059 138.937016 139.210260 149.048299 159.844497 130.117767 76.609410 38.039089 59.734486 -6.793412 -37.910127 -128.383534 -158.643713 -199.645023 -269.637347 -309.615063 -372.068688 -442.057623 -495.954918 -519.820435 -544.290571 -560.586553 -576.180779 -590.603189 -595.802194 -599.220602 -597.942814 -598.766600 -593.334437 -588.815436 -582.969105 -580.503313 -9999.0 -9999.0
-9999.0 -642.896098 -643.815791 -630.900025 -626.518294 -622.649504 -618.212773 -614.430798 -610.320650 -612.560855 -578.260083 -520.694558 -458.380592 -428.877170 -355.104718 -258.216133 -111.083124 -88.812378 -49.445958 -37.704741 6.661457 78.260330 104.174982 135.823191 161.177356 153.966284 153.941228 150.625283 143.813452 136.650417 125.454027 134.248898 131.801803 117.703468 106.083219 105.000902 101.619088 78.030103 51.413901 39.655575 44.646788 65.345917 55.660947 35.346532 31.679038 51.102991 66.682397 57.372514 20.216995 61.409888 93.619564 110.958087 126.958805 139.656670 161.254267 137.875520 106.663214 70.060383 54.920840 29.475261 -71.846906 -136.837861 -190.288832 -252.005092 -303.536143 -378.342314 -457.937661 -507.016251 -543.264161 -558.447525 -568.513404 -587.349314 -593.082817 -589.908088 -592.478233 -592.843411 -590.427059 -588.422905 -9999.0 -9999.0
-9999.0 -654.029579 -642.526485 -626.984600 -606.655579 -599.921712 -549.020615 -503.252762 -486.108304 -506.449565 -392.236551 -109.429372 -45.274782 -41.259674 11.961467 80.318204 121.613410 143.485583 159.191301 148.966604 142.941479 146.664661 142.978745 134.341950 120.743673 113.317469 112.873277 111.007103 93.694248 75.995738 37.031695 59.110315 19.744144 12.422913 -18.315810 -33.071287 -68.589414 -116.065742 -156.979381 -185.146451 -198.145962 -178.223320 -189.052083 -207.769080 -211.418060 -187.351844 -153.748778 -160.252221 -155.244810 -131.810758 -86.212317 -5.721380 14.780563 16.872207 73.633695 111.708504 129.900423 149.709793 155.422303 130.983830 91.000649 47.736426 18.549408 -85.470076 -160.537837 -237.954597 -286.577815 -325.046133 -402.486638 -458.776731 -501.766972 -537.174373 -563.804554 -571.341131 -585.144558 -588.931856 -9999.0 -9999.0 -9999.0 -9999.0
-9999.0 -655.667232 -644.003267 -616.065893 -551.454003 -471.660707 -298.756256 -168.553623 -16.895513 -44.104459 61.350883 139.305534 149.859584 133.832800 109.022521 105.985079 116.038141 118.215166 114.309212 104.819947 90.958391 90.795433 89.551317 81.743539 69.869280 55.480365 44.306432 32.706169 -49.117415 -86.580469 -114.965537 -130.667315 -164.352452 -245.780752 -277.032813 -297.867686 -357.456473 -375.796866 -394.678135 -431.557557 -451.398113 -464.070152 -447.773651 -451.032269 -452.036813 -441.869721 -416.321134 -395.250006 -342.105365 -305.039219 -273.920373 -227.222654 -193.959196 -150.092393 -96.971694 0.648536 29.191035 56.027672 95.386362 132.120295 152.403276 145.362644 116.814871 81.357507 21.830624 -90.322986 -143.679646 -212.272985 -264.747376 -299.730601 -326.497716 -384.731008 -467.857513 -531.994607 -550.129072 -9999.0 -9999.0 -9999.0 -9999.0 -9999.0
-9999.0 -672.211187 -645.576321 -621.761455 -520.314615 -286.174191 -193.410086 55.356031 115.330050 44.437791 -46.591143 25.855008 58.674640 61.011987 37.090076 27.492361 22.654648 22.008117 34.374972 3.031938 -68.552054 -86.983038 -89.061235 -101.261255 -124.157522 -143.266952 -157.880010 -179.355582 -231.970843 -270.803690 -322.001141 -354.033939 -440.988648 -501.701207 -530.364320 -554.667113 -577.991577 -577.806030 -570.702795 -577.380295 -584.951471 -592.329508 -583.089985 -578.422183 -574.410371 -578.982895 -576.912641 -563.999740 -542.743949 -520.378696 -485.477926 -430.175518 -371.577466 -308.670054 -282.457160 -235.513812 -190.483627 -142.061928 -66.448204 47.655360 75.979819 106.684221 141.855742 160.669795 121.122117 81.562034 27.017504 -84.758080 -183.678682 -223.636633 -240.167449 -262.768358 -300.665139 -9999.0 -9999.0 -9999.0 -9999.0 -9999.0 -9999.0 -9999.0
-9999.0 -681.015778 -653.304544 -646.953438 -607.254954 -529.520044 -402.775002 -283.117530 -131.334832 -235.835968 -248.898138 -225.200097 -196.943731 -175.886690 -198.901641 -230.724710 -251.763882 -248.280095 -247.091847 -266.784000 -290.316804 -300.150804 -300.819048 -308.706178 -341.605658 -365.821558 -381.600004 -410.563690 -453.382828 -499.213796 -549.028232 -575.653544 -595.113586 -602.925898 -608.692947 -614.617892 -624.045960 -619.418331 -615.491067 -616.508491 -619.478969 -621.440046 -614.336350 -611.278519 -608.959044 -614.626819 -610.051755 -605.059231 -594.940786 -584.250572 -569.605715 -549.093199 -523.707018 -504.806577 -490.765661 -460.892236 -408.317043 -328.387287 -260.559656 -166.857333 -92.307024 -6.869151 18.282577 75.415862 94.437276 106.695759 109.331133 67.639045 -156.070181 -187.929564 -191.100548 -9999.0 -9999.0 -9999.0 -9999.0 -9999.0 -9999.0 -9999.0 -9999.0 -9999.0
-9999.0 -9999.0 -687.437892 -675.311608 -664.719860 -651.644947 -632.912278 -610.210251 -591.633608 -568.575573 -536.243717 -499.255938 -472.891635 -459.937243 -476.621371 -507.379242 -524.131068 -523.371625 -527.964194 -536.548277 -550.995516 -556.164773 -559.939730 -563.059525 -569.644625 -572.562340 -574.002947 -577.059200 -583.487434 -596.865552 -609.013117 -617.968738 -627.107716 -627.962589 -629.849411 -632.892003 -631.089695 -631.621785 -630.760896 -631.023923 -630.271577 -628.772440 -626.686211 -624.026876 -623.505436 -622.686946 -621.466026 -618.365822 -613.577111 -607.042983 -595.698284 -580.175823 -568.343522 -565.246148 -570.502816 -568.715438 -560.489348 -540.386944 -479.048363 -370.501998 -284.567753 -220.993054 -150.271928 -101.752701 -79.974866 -16.048282 33.827741 -94.057745 -240.407159 -225.819859 -9999.0 -9999.0 -9999.0 -9999.0 -9999.0 -9999.0 -9999.0 -9999.0 -9999.0 -9999.0
-9999.0 -9999.0 -9999.0 -9999.0 -692.819864 -675.604978 -660.567639 -661.008958 -648.952862 -640.192809 -631.395720 -621.291084 -612.897792 -608.000299 -612.908791 -614.305628 -615.721148 -615.357451 -616.779672 -618.172541 -618.995531 -620.101340 -621.413345 -622.769181 -622.384744 -621.230634 -621.058542 -623.349078 -624.147562 -628.454422 -629.767516 -632.864092 -635.803715 -638.722973 -638.558277 -638.898921 -637.906549 -639.083407 -637.280097 -638.037734 -636.457458 -635.510177 -633.376323 -630.126439 -630.536859 -628.684064 -628.253341 -625.682165 -623.610458 -616.152227 -604.599234 -591.613220 -582.849328 -582.917400 -592.826005 -597.548891 -599.775752 -592.867166 -580.287102 -554.765564 -494.216714 -417.000358 -326.320802 -285.996512 -259.767725 -215.739720 -173.972429 -164.493841 -9999.0 -9999.0 -9999.0 -9999.0 -9999.0 -9999.0 -9999.0 -9999.0 -9999.0 -9999.0 -9999.0 -9999.0
-9999.0 -9999.0 -9999.0 -9999.0 -9999.0 -9999.0 -685.504770 -676.839826 -678.978960 -671.594249 -664.641319 -658.892823 -651.127189 -651.123237 -648.799902 -643.480185 -644.232077 -646.931450 -650.196774 -645.614740 -643.504004 -643.243548 -648.478465 -647.228426 -646.627210 -644.659071 -644.854540 -644.252802 -648.654009 -643.847579 -641.665323 -642.988953 -644.293703 -643.675431 -644.821493 -641.812743 -641.457227 -643.932190 -644.579928 -640.850732 -639.534414 -639.707477 -638.576268 -635.551592 -631.491979 -630.560193 -631.923783 -633.666330 -628.943090 -618.461730 -606.199331 -595.162371 -588.006869 -586.037890 -594.926103 -606.713944 -612.681677 -612.993217 -607.150230 -596.117276 -572.731201 -555.732405 -541.294313 -525.584733 -504.926281 -407.013052 -9999.0 -9999.0 -9999.0 -9999.0 -9999.0 -9999.0 -9999.0 -9999.0 -9999.0 -9999.0 -9999.0 -9999.0 -9999.0 -9999.0
-9999.0 -9999.0 -9999.0 -9999.0 -9999.0 -9999.0 -9999.0 -9999.0 -9999.0 -9999.0 -9999.0 -9999.0 -9999.0 -9999.0 -9999.0 -9999.0 -9999.0 -9999.0 -9999.0 -9999.0 -9999.0 -9999.0 -9999.0 -9999.0 -9999.0 -9999.0 -9999.0 -9999.0 -9999.0 -9999.0 -9999.0 -9999.0 -9999.0 -9999.0 -9999.0 -9999.0 -9999.0 -9999.0 -9999.0 -9999.0 -9999.0 -9999.0 -9999.0 -9999.0 -9999.0 -9999.0 -9999.0 -9999.0 -9999.0 -9999.0 -9999.0 -9999.0 -9999.0 -9999.0 -9999.0 -9999.0 -9999.0 -9999.0 -9999.0 -9999.0 -9999.0 -9999.0 -9999.0 -9999.0 -9999.0 -9999.0 -9999.0 -9999.0 -9999.0 -9999.0 -9999.0 -9999.0 -9999.0 -9999.0 -9999.0 -9999.0 -9999.0 -9999.0 -9999.0 -9999.0
-9999.0 -9999.0 -9999.0 -9999.0 -9999.0 -9999.0 -9999.0 -9999.0 -9999.0 -9999.0 -9999.0 -9999.0 -9999.0 -9999.0 -9999.0 -9999.0 -9999.0 -9999.0 -9999.0 -9999.0 -9999.0 -9999.0 -9999.0 -9999.0 -9999.0 -9999.0 -9999.0 -9999.0 -9999.0 -9999.0 -9999.0 -9999.0 -9999.0 -9999.0 -9999.0 -9999.0 -9999.0 -9999.0 -9999.0 -9999.0 -9999.0 -9999.0 -9999.0 -9999.0 -9999.0 -9999.0 -9999.0 -9999.0 -9999.0 -9999.0 -9999.0 -9999.0 -9999.0 -9999.0 -9999.0 -9999.0 -9999.0 -9999.0 -9999.0 -9999.0 -9999.0 -9999.0 -9999.0 -9999.0 -9999.0 -9999.0 -9999.0 -9999.0 -9999.0 -9999.0 -9999.0 -9999.0 -9999.0 -9999.0 -9999.0 -9999.0 -9999.0 -9999.0 -9999.0 -9999.0