Borden_/Borden1m_014/output_maps/psiliqL0025N0039.asc
ncols         80
nrows         18
xllcorner     620200.000000
yllcorner     5168000.000000
cellsize      1.000000
NODATA_value  -9999.0
-9999.0 -9999.0 -9999.0 -9999.0 -9999.0 -9999.0 -9999.0 -9999.0 -9999.0 -9999.0 -9999.0 -9999.0 -9999.0 -9999.0 -9999.0 -9999.0 -9999.0 -9999.0 -9999.0 -9999.0 -9999.0 -9999.0 -9999.0 -9999.0 -9999.0 -9999.0 -9999.0 -9999.0 -9999.0 -9999.0 -9999.0 -9999.0 -9999.0 -9999.0 -9999.0 -9999.0 -9999.0 -9999.0 -9999.0 -9999.0 -9999.0 -9999.0 -9999.0 -9999.0 -9999.0 -9999.0 -9999.0 -9999.0 -9999.0 -9999.0 -9999.0 -9999.0 -9999.0 -9999.0 -9999.0 -9999.0 -9999.0 -9999.0 -9999.0 -9999.0 -9999.0 -9999.0 -9999.0 -9999.0 -9999.0 -9999.0 -9999.0 -9999.0 -9999.0 -9999.0 -9999.0 -9999.0 -9999.0 -9999.0 -9999.0 -9999.0 -9999.0 -9999.0 -9999.0 -9999.0
-9999.0 -9999.0 -9999.0 -9999.0 -9999.0 -9999.0 -9999.0 -9999.0 -9999.0 -9999.0 -9999.0 -9999.0 -9999.0 -9999.0 -9999.0 -9999.0 -9999.0 -9999.0 -9999.0 -9999.0 -9999.0 -9999.0 -9999.0 -9999.0 -9999.0 -9999.0 -9999.0 -9999.0 -9999.0 -9999.0 -9999.0 -9999.0 -9999.0 -9999.0 -9999.0 -9999.0 -9999.0 -9999.0 -9999.0 -9999.0 -9999.0 -9999.0 -9999.0 -9999.0 -9999.0 -9999.0 -9999.0 -9999.0 -9999.0 -9999.0 -9999.0 -9999.0 -9999.0 -9999.0 -9999.0 -9999.0 -9999.0 -9999.0 -9999.0 -9999.0 -9999.0 -9999.0 -9999.0 -9999.0 -9999.0 -9999.0 -9999.0 -9999.0 -9999.0 -9999.0 -9999.0 -9999.0 -9999.0 -9999.0 -9999.0 -9999.0 -9999.0 -9999.0 -9999.0 -9999.0
-9999.0 -9999.0 -9999.0 -9999.0 -9999.0 -9999.0 -9999.0 -9999.0 -9999.0 -9999.0 -9999.0 -9999.0 -9999.0 -9999.0 -9999.0 -9999.0 -9999.0 -9999.0 -9999.0 -9999.0 3126.836058 3127.886649 3106.118133 3071.957647 3043.618812 3045.307788 3078.129108 3118.518874 3157.002950 3164.332720 3145.144822 3148.664854 3144.042133 3139.539689 3139.738422 3147.267038 3153.674881 3163.274443 3170.174231 3167.872637 3160.511553 3155.410613 3157.732798 3159.384361 3165.570054 3151.423450 3167.260949 3180.251273 3185.112013 3182.508157 3161.733362 3149.761402 3141.906390 3126.546968 3153.135713 3164.979559 3186.724659 3191.581925 3189.952926 3164.934071 3135.057377 -9999.0 -9999.0 -9999.0 -9999.0 -9999.0 -9999.0 -9999.0 -9999.0 -9999.0 -9999.0 -9999.0 -9999.0 -9999.0 -9999.0 -9999.0 -9999.0 -9999.0 -9999.0 -9999.0
-9999.0 -9999.0 -9999.0 -9999.0 -9999.0 -9999.0 -9999.0 -9999.0 -9999.0 -9999.0 -9999.0 -9999.0 -9999.0 -9999.0 3036.850361 3027.929543 3024.880550 3032.016953 3064.301762 3094.309481 3105.893035 3098.258666 3097.875202 3072.989095 3050.030638 3062.397547 3091.397689 3121.366347 3154.298935 3171.387460 3160.042126 3157.202791 3164.009446 3180.430576 3188.308851 3184.548472 3170.105663 3190.616685 3203.638867 3208.002647 3205.858399 3195.932317 3204.752491 3218.713863 3211.658660 3196.442998 3207.216529 3222.159557 3233.258912 3225.215464 3170.643893 3158.566788 3155.737178 3151.975395 3139.325384 3135.791672 3164.291756 3164.207012 3157.300338 3140.500136 3107.621693 3062.745335 3044.257214 3085.119341 3129.139006 3184.680626 -9999.0 -9999.0 -9999.0 -9999.0 -9999.0 -9999.0 -9999.0 -9999.0 -9999.0 -9999.0 -9999.0 -9999.0 -9999.0 -9999.0
-9999.0 -9999.0 -9999.0 -9999.0 -9999.0 -9999.0 -9999.0 -9999.0 -9999.0 2984.365649 2985.481342 2992.163208 2994.257398 3009.139928 3005.735170 3012.347193 3016.187551 3042.959733 3072.056994 3105.157500 3131.694128 3122.135506 3120.418405 3124.226412 3118.744991 3126.313580 3146.176649 3179.385343 3210.278026 3245.129839 3211.429304 3206.274207 3223.440194 3264.510079 3287.657489 3289.562263 3270.875527 3286.891371 3310.155485 3325.814383 3322.178791 3316.157414 3341.805833 3356.818309 3351.074805 3329.808399 3328.241988 3335.632980 3364.884203 3314.726063 3249.606073 3211.401240 3227.319588 3206.511992 3180.768369 3172.888312 3173.892287 3192.301856 3181.067258 3149.833733 3117.066091 3105.928787 3089.619041 3110.920055 3134.623520 3180.182596 3220.413034 3250.562819 3250.427800 3233.452344 -9999.0 -9999.0 -9999.0 -9999.0 -9999.0 -9999.0 -9999.0 -9999.0 -9999.0 -9999.0
-9999.0 -9999.0 -9999.0 -9999.0 -9999.0 -9999.0 2905.249885 2915.912709 2936.899814 2939.838971 2966.450315 2971.816489 2983.982596 3000.711904 3021.908715 3034.347818 3058.973769 3088.335721 3123.772906 3160.911622 3185.320666 3176.224987 3178.193257 3197.297792 3223.829752 3242.514843 3264.512518 3301.504992 3372.391132 3408.271961 3401.140940 3401.822461 3409.901386 3459.871352 3523.555793 3534.544842 3513.945880 3500.803627 3524.093793 3561.223987 3559.510650 3558.318074 3571.054172 3581.739540 3608.491344 3597.822930 3562.110016 3556.513624 3562.925125 3540.785093 3472.726429 3415.824125 3396.989558 3351.599343 3269.325510 3226.751445 3250.185551 3278.137169 3256.862926 3208.154455 3178.921058 3173.859682 3163.208757 3156.588509 3169.301090 3190.987260 3215.498412 3229.801815 3218.412200 3198.053109 3177.381990 3149.414493 3152.168641 3177.257286 -9999.0 -9999.0 -9999.0 -9999.0 -9999.0 -9999.0
-9999.0 -9999.0 -9999.0 -9999.0 2855.294690 2868.333036 2853.918269 2880.266977 2912.534629 2946.362308 2973.989194 2998.112903 3020.536976 3046.643824 3079.258656 3101.107188 3132.813472 3161.818836 3205.294528 3265.745421 3309.409197 3322.607573 3330.651881 3380.567166 3436.400718 3483.207079 3501.637961 3527.183134 3572.234919 3628.414812 3650.631310 3653.469702 3670.344234 3713.096289 3768.785228 3803.711255 3786.156200 3777.226876 3787.071319 3801.157555 3823.292647 3823.368029 3824.477925 3828.500997 3836.000954 3834.343275 3808.001702 3774.700271 3761.814803 3751.834074 3714.390395 3642.756352 3612.432460 3583.885697 3542.323919 3488.717409 3441.058396 3441.878466 3387.881032 3334.217662 3284.558661 3276.656212 3256.662719 3241.057878 3223.890212 3236.287145 3248.423808 3233.724736 3204.287795 3176.325309 3163.530070 3146.126416 3135.050084 3166.292043 3183.888660 3213.560251 -9999.0 -9999.0 -9999.0 -9999.0
-9999.0 -9999.0 2795.968491 2841.466935 2898.601957 2904.965957 2898.935699 2902.200738 2928.942025 2978.451633 3032.199673 3068.559274 3097.126250 3126.584079 3173.602743 3235.192220 3294.522001 3336.338766 3392.828638 3461.385498 3520.020186 3546.681472 3555.507358 3590.650707 3644.893185 3713.316870 3741.091256 3767.352765 3798.832271 3834.932778 3827.815012 3838.651105 3850.852190 3863.087538 3877.567223 3884.435481 3879.653055 3875.069613 3856.558408 3851.466116 3857.967764 3865.819503 3864.947028 3850.340653 3846.373743 3861.299795 3867.416200 3865.412479 3862.722408 3867.727618 3863.641434 3815.824519 3797.272870 3782.203142 3770.781173 3724.882101 3658.548212 3626.067027 3604.941920 3564.469778 3491.474436 3453.920590 3414.735403 3380.187740 3343.385918 3330.094115 3297.779606 3265.889774 3227.451414 3187.023700 3169.238598 3154.973756 3154.690482 3155.439962 3173.230423 3188.657449 3204.677727 3212.786169 -9999.0 -9999.0
-9999.0 2692.732040 2764.382458 2879.167918 2956.718675 2989.206689 2998.059078 3001.269510 3025.533058 3056.314861 3142.418874 3190.250825 3272.218827 3308.503291 3348.632475 3437.376402 3530.653786 3573.341226 3611.656734 3674.426560 3739.439673 3786.178376 3812.331623 3792.972967 3831.946294 3860.482717 3868.212360 3874.942732 3874.675691 3866.190989 3859.586527 3866.296296 3863.380129 3844.291010 3828.302858 3826.584260 3823.202048 3799.966036 3772.514787 3757.143088 3758.630631 3783.479676 3770.438084 3749.104963 3744.705192 3766.302074 3787.502450 3776.866821 3763.762623 3780.298259 3814.773060 3839.385490 3841.011652 3859.409374 3880.492910 3851.663118 3829.962726 3786.404217 3769.606078 3744.278909 3687.743599 3633.021922 3585.168359 3536.920646 3484.723518 3435.787160 3388.421073 3341.895007 3288.836001 3256.273760 3232.144673 3189.486138 3177.653819 3183.368156 3179.009803 3177.572637 3183.997884 3190.636714 -9999.0 -9999.0
-9999.0 2597.363622 2736.944025 2907.226120 3045.603993 3085.682001 3148.169242 3201.437941 3214.540894 3163.288280 3259.829874 3474.344401 3593.504260 3610.203703 3684.715387 3778.526721 3763.112952 3794.089404 3816.922498 3841.455003 3861.201526 3875.063676 3873.224474 3867.928475 3851.519008 3843.532461 3842.673955 3840.592837 3823.285362 3804.411397 3787.670101 3784.606935 3766.849033 3717.954800 3684.960761 3667.738316 3649.239243 3635.691205 3608.337583 3582.525634 3566.410611 3577.111920 3575.013970 3561.433925 3557.010699 3575.166283 3605.990727 3603.716997 3615.003369 3634.494662 3669.869218 3707.707202 3726.872526 3755.805055 3791.255441 3838.764843 3847.875070 3870.212138 3873.259620 3862.304293 3816.133821 3764.919619 3735.678707 3680.633768 3621.187079 3559.695263 3511.121756 3466.650044 3411.799983 3377.843697 3339.075195 3285.800202 3242.817018 3234.808819 3201.534234 3188.383785 -9999.0 -9999.0 -9999.0 -9999.0
-9999.0 2496.514156 2676.671818 2908.128337 3194.327519 3266.142452 3465.087092 3577.999269 3616.513577 3682.859226 3569.681767 3770.641401 3821.702788 3816.255659 3830.376191 3833.302731 3847.386027 3846.843923 3841.774997 3830.832413 3821.345095 3816.851021 3815.760080 3807.866220 3795.286050 3780.719718 3768.891631 3757.576659 3721.192196 3689.480819 3650.800526 3638.482213 3594.719574 3503.613495 3465.070517 3427.134227 3367.182347 3369.488363 3376.347263 3353.182999 3333.859805 3306.383311 3335.419771 3345.652095 3349.641645 3345.526013 3355.424422 3382.668855 3429.731130 3463.666762 3502.306046 3549.833643 3579.841963 3618.730703 3658.470132 3710.493138 3741.355245 3770.069196 3818.508957 3855.405953 3878.033798 3864.259703 3845.303072 3801.128691 3741.177546 3692.038563 3663.369533 3613.317642 3570.102242 3526.681253 3480.456367 3427.941105 3367.052397 3313.499029 3279.645153 -9999.0 -9999.0 -9999.0 -9999.0 -9999.0
-9999.0 2276.237120 2540.344121 2798.329357 3068.989368 3406.058805 3572.413250 3667.073210 3729.488124 3710.317258 3731.685931 3738.509117 3775.338050 3782.285410 3760.845021 3747.266444 3730.020908 3728.932276 3741.962352 3714.812924 3684.813235 3671.608855 3672.483031 3661.787925 3638.123637 3623.258404 3613.980511 3595.744157 3552.988257 3503.373361 3420.277823 3386.873109 3309.940278 3270.998393 3234.843972 3188.602313 3147.698251 3153.237141 3174.712026 3168.621296 3148.171257 3131.324720 3160.498855 3178.108648 3191.114412 3175.133807 3181.703119 3215.701425 3261.700767 3301.555170 3344.931136 3391.765508 3433.006386 3471.983686 3493.041983 3532.474708 3574.104233 3615.331604 3684.949865 3762.559934 3797.977851 3832.276045 3861.491538 3883.235117 3840.584112 3814.015639 3790.549915 3767.415850 3721.583886 3676.430868 3635.911183 3571.886459 3512.436349 -9999.0 -9999.0 -9999.0 -9999.0 -9999.0 -9999.0 -9999.0
-9999.0 2163.152597 2357.951308 2551.701999 2790.653289 3013.321548 3229.468486 3319.666064 3388.588681 3456.462024 3508.463564 3545.365861 3571.023337 3592.341150 3569.700878 3524.345398 3492.453316 3497.350108 3488.833570 3467.823236 3440.316858 3427.536106 3425.161372 3420.501635 3399.435464 3389.286669 3382.685048 3365.556246 3340.358934 3288.375680 3217.644253 3148.904711 3095.921846 3076.477629 3054.207087 3027.728396 3001.282214 3014.810812 3027.660425 3027.898811 3021.497358 3021.748458 3050.784739 3070.378526 3079.833260 3068.886709 3086.958630 3109.996606 3146.735818 3183.118267 3227.173501 3276.585651 3324.380043 3344.270749 3346.426738 3358.059268 3384.830615 3427.755255 3503.613815 3588.936057 3665.545124 3710.551255 3760.955508 3800.543915 3828.253685 3853.862429 3875.675506 3868.291996 3842.720600 3809.611419 3751.430264 -9999.0 -9999.0 -9999.0 -9999.0 -9999.0 -9999.0 -9999.0 -9999.0 -9999.0
-9999.0 -9999.0 2131.870598 2285.702048 2385.105739 2548.772821 2693.434443 2803.568249 2877.088221 3003.845420 3123.677942 3212.444572 3258.033054 3273.302290 3259.382702 3230.824867 3213.500454 3213.171568 3201.687916 3195.362527 3181.065083 3176.040721 3168.322960 3161.266577 3157.316882 3156.918685 3155.065495 3147.497377 3131.316768 3090.611575 3054.091580 3010.651567 2975.510349 2954.071445 2936.020780 2919.110982 2923.213056 2918.577478 2924.264838 2927.353797 2937.073521 2951.333355 2970.735772 2986.490536 2995.992901 3005.990784 3016.721535 3038.123416 3067.722636 3107.357872 3158.209942 3210.350299 3245.566866 3251.991226 3233.842184 3228.693751 3236.688915 3265.347339 3328.356279 3396.342646 3485.097594 3549.946070 3616.385816 3671.887525 3698.281071 3734.650636 3804.248282 3852.228740 3893.923671 3871.564868 -9999.0 -9999.0 -9999.0 -9999.0 -9999.0 -9999.0 -9999.0 -9999.0 -9999.0 -9999.0
-9999.0 -9999.0 -9999.0 -9999.0 2146.478852 2293.998389 2391.810895 2472.289633 2607.224324 2739.612685 2815.366289 2901.721290 2970.333737 2982.902027 2983.049063 2999.344094 2998.348232 2989.392743 2978.707171 2983.556302 2988.506968 2982.867372 2980.635743 2974.860128 2979.149018 2987.583482 2986.593048 2974.723117 2957.823875 2944.368975 2932.212006 2902.583130 2871.621502 2845.533924 2834.627678 2832.422572 2833.314289 2826.092499 2834.939704 2844.027808 2860.205720 2875.481638 2899.018863 2928.510301 2943.205310 2957.897431 2966.508667 2984.976342 3007.190731 3058.176285 3119.461507 3175.420667 3207.128274 3207.158582 3180.444457 3158.729056 3146.380334 3163.874045 3189.919220 3240.509455 3329.222102 3390.249260 3435.518119 3474.259015 3510.454599 3574.910728 3668.591045 3749.390340 -9999.0 -9999.0 -9999.0 -9999.0 -9999.0 -9999.0 -9999.0 -9999.0 -9999.0 -9999.0 -9999.0 -9999.0
-9999.0 -9999.0 -9999.0 -9999.0 -9999.0 -9999.0 2123.143968 2229.308937 2297.831985 2452.033024 2598.823249 2709.004068 2794.749575 2832.251819 2829.007364 2859.119782 2859.807434 2839.712568 2818.023994 2839.887347 2859.150661 2852.952380 2821.115882 2823.050756 2830.747830 2839.515353 2838.111003 2833.533531 2810.522900 2828.768215 2834.796775 2813.960578 2790.676426 2800.401558 2788.946755 2798.711659 2798.659410 2784.104839 2782.953470 2795.271298 2816.400724 2829.389032 2850.445419 2883.641419 2916.111054 2931.735732 2932.545881 2937.133162 2973.577883 3035.622946 3106.047094 3160.586008 3189.637102 3194.034832 3164.965809 3120.136234 3093.974626 3092.883285 3117.150564 3156.508526 3213.723420 3249.586879 3260.546075 3261.516002 3273.541710 3371.529296 -9999.0 -9999.0 -9999.0 -9999.0 -9999.0 -9999.0 -9999.0 -9999.0 -9999.0 -9999.0 -9999.0 -9999.0 -9999.0 -9999.0
-9999.0 -9999.0 -9999.0 -9999.0 -9999.0 -9999.0 -9999.0 -9999.0 -9999.0 -9999.0 -9999.0 -9999.0 -9999.0 -9999.0 -9999.0 -9999.0 -9999.0 -9999.0 -9999.0 -9999.0 -9999.0 -9999.0 -9999.0 -9999.0 -9999.0 -9999.0 -9999.0 -9999.0 -9999.0 -9999.0 -9999.0 -9999.0 -9999.0 -9999.0 -9999.0 -9999.0 -9999.0 -9999.0 -9999.0 -9999.0 -9999.0 -9999.0 -9999.0 -9999.0 -9999.0 -9999.0 -9999.0 -9999.0 -9999.0 -9999.0 -9999.0 -9999.0 -9999.0 -9999.0 -9999.0 -9999.0 -9999.0 -9999.0 -9999.0 -9999.0 -9999.0 -9999.0 -9999.0 -9999.0 -9999.0 -9999.0 -9999.0 -9999.0 -9999.0 -9999.0 -9999.0 -9999.0 -9999.0 -9999.0 -9999.0 -9999.0 -9999.0 -9999.0 -9999.0 -9999.0
-9999.0 -9999.0 -9999.0 -9999.0 -9999.0 -9999.0 -9999.0 -9999.0 -9999.0 -9999.0 -9999.0 -9999.0 -9999.0 -9999.0 -9999.0 -9999.0 -9999.0 -9999.0 -9999.0 -9999.0 -9999.0 -9999.0 -9999.0 -9999.0 -9999.0 -9999.0 -9999.0 -9999.0 -9999.0 -9999.0 -9999.0 -9999.0 -9999.0 -9999.0 -9999.0 -9999.0 -9999.0 -9999.0 -9999.0 -9999.0 -9999.0 -9999.0 -9999.0 -9999.0 -9999.0 -9999.0 -9999.0 -9999.0 -9999.0 -9999.0 -9999.0 -9999.0 -9999.0 -9999.0 -9999.0 -9999.0 -9999.0 -9999.0 -9999.0 -9999.0 -9999.0 -9999.0 -9999.0 -9999.0 -9999.0 -9999.0 -9999.0 -9999.0 -9999.0 -9999.0 -9999.0 -9999.0 -9999.0 -9999.0 -9999.0 -9999.0 -9999.0 -9999.0 -9999.0 -9999.0