Borden_/Borden1m_014/output_maps/psiliqL0026N0016.asc
ncols         80
nrows         18
xllcorner     620200.000000
yllcorner     5168000.000000
cellsize      1.000000
NODATA_value  -9999.0
-9999.0 -9999.0 -9999.0 -9999.0 -9999.0 -9999.0 -9999.0 -9999.0 -9999.0 -9999.0 -9999.0 -9999.0 -9999.0 -9999.0 -9999.0 -9999.0 -9999.0 -9999.0 -9999.0 -9999.0 -9999.0 -9999.0 -9999.0 -9999.0 -9999.0 -9999.0 -9999.0 -9999.0 -9999.0 -9999.0 -9999.0 -9999.0 -9999.0 -9999.0 -9999.0 -9999.0 -9999.0 -9999.0 -9999.0 -9999.0 -9999.0 -9999.0 -9999.0 -9999.0 -9999.0 -9999.0 -9999.0 -9999.0 -9999.0 -9999.0 -9999.0 -9999.0 -9999.0 -9999.0 -9999.0 -9999.0 -9999.0 -9999.0 -9999.0 -9999.0 -9999.0 -9999.0 -9999.0 -9999.0 -9999.0 -9999.0 -9999.0 -9999.0 -9999.0 -9999.0 -9999.0 -9999.0 -9999.0 -9999.0 -9999.0 -9999.0 -9999.0 -9999.0 -9999.0 -9999.0
-9999.0 -9999.0 -9999.0 -9999.0 -9999.0 -9999.0 -9999.0 -9999.0 -9999.0 -9999.0 -9999.0 -9999.0 -9999.0 -9999.0 -9999.0 -9999.0 -9999.0 -9999.0 -9999.0 -9999.0 -9999.0 -9999.0 -9999.0 -9999.0 -9999.0 -9999.0 -9999.0 -9999.0 -9999.0 -9999.0 -9999.0 -9999.0 -9999.0 -9999.0 -9999.0 -9999.0 -9999.0 -9999.0 -9999.0 -9999.0 -9999.0 -9999.0 -9999.0 -9999.0 -9999.0 -9999.0 -9999.0 -9999.0 -9999.0 -9999.0 -9999.0 -9999.0 -9999.0 -9999.0 -9999.0 -9999.0 -9999.0 -9999.0 -9999.0 -9999.0 -9999.0 -9999.0 -9999.0 -9999.0 -9999.0 -9999.0 -9999.0 -9999.0 -9999.0 -9999.0 -9999.0 -9999.0 -9999.0 -9999.0 -9999.0 -9999.0 -9999.0 -9999.0 -9999.0 -9999.0
-9999.0 -9999.0 -9999.0 -9999.0 -9999.0 -9999.0 -9999.0 -9999.0 -9999.0 -9999.0 -9999.0 -9999.0 -9999.0 -9999.0 -9999.0 -9999.0 -9999.0 -9999.0 -9999.0 -9999.0 3325.199632 3326.082082 3304.282381 3269.995924 3241.527312 3243.077732 3275.665363 3315.925942 3354.354770 3361.378778 3341.979342 3345.489163 3340.766649 3335.964335 3335.888794 3343.399627 3349.848009 3359.359581 3366.118283 3363.638028 3356.148364 3351.037594 3353.548831 3355.088757 3361.357037 3346.916644 3362.978390 3379.314357 3384.148083 3381.626435 3358.197048 3346.577174 3338.926850 3323.690299 3350.581166 3362.547923 3386.299783 3391.220260 3389.532317 3363.115736 3333.264349 -9999.0 -9999.0 -9999.0 -9999.0 -9999.0 -9999.0 -9999.0 -9999.0 -9999.0 -9999.0 -9999.0 -9999.0 -9999.0 -9999.0 -9999.0 -9999.0 -9999.0 -9999.0 -9999.0
-9999.0 -9999.0 -9999.0 -9999.0 -9999.0 -9999.0 -9999.0 -9999.0 -9999.0 -9999.0 -9999.0 -9999.0 -9999.0 -9999.0 3235.451765 3226.538350 3223.389645 3230.336457 3262.441054 3292.385357 3303.908881 3296.190687 3295.697624 3270.606441 3247.336423 3259.462974 3288.329725 3318.216303 3351.005054 3367.786428 3356.367005 3353.374408 3359.874582 3378.872963 3386.441560 3382.562407 3364.833594 3388.897333 3401.827715 3405.923791 3403.720865 3393.719893 3402.243121 3416.103604 3409.022159 3393.905355 3405.092181 3420.290226 3431.208315 3423.459913 3365.986890 3354.555704 3351.937097 3348.507476 3336.041252 3332.743103 3361.632836 3361.747881 3355.062423 3338.366510 3305.503781 3260.592740 3242.167483 3283.314508 3327.448521 3384.149993 -9999.0 -9999.0 -9999.0 -9999.0 -9999.0 -9999.0 -9999.0 -9999.0 -9999.0 -9999.0 -9999.0 -9999.0 -9999.0 -9999.0
-9999.0 -9999.0 -9999.0 -9999.0 -9999.0 -9999.0 -9999.0 -9999.0 -9999.0 3178.575901 3184.184540 3190.823259 3192.931389 3207.679169 3204.126759 3210.624159 3214.099589 3240.788788 3269.661896 3302.546239 3328.938692 3319.178807 3317.321641 3320.523882 3314.163215 3321.257484 3340.964520 3376.951108 3407.409147 3441.994698 3407.978370 3402.654567 3419.743421 3460.472307 3482.872262 3484.382134 3465.578812 3482.379059 3505.617480 3520.876110 3517.117133 3510.885196 3536.765953 3551.973439 3545.583199 3524.045666 3523.255311 3531.147825 3560.668430 3510.336696 3444.891509 3407.461292 3424.161344 3403.823010 3378.807085 3368.619311 3370.013536 3391.118247 3380.079854 3346.887715 3314.315421 3303.208434 3287.072629 3308.844949 3332.777137 3379.773052 3420.124077 3450.346071 3450.160405 3433.180642 -9999.0 -9999.0 -9999.0 -9999.0 -9999.0 -9999.0 -9999.0 -9999.0 -9999.0 -9999.0
-9999.0 -9999.0 -9999.0 -9999.0 -9999.0 -9999.0 3100.264877 3110.546694 3130.959096 3133.210886 3159.256258 3163.985111 3181.995965 3198.532227 3219.648907 3231.669760 3255.764537 3284.789748 3319.842993 3356.481920 3383.123935 3370.704619 3375.392802 3393.822587 3419.498121 3437.485365 3459.478993 3496.658857 3568.360121 3604.225832 3596.097077 3596.583426 3604.636808 3654.866452 3718.677459 3729.358829 3708.693367 3695.693706 3719.412691 3756.885746 3754.733417 3753.498655 3766.740589 3777.620525 3804.441202 3793.452221 3757.619933 3752.589156 3759.646902 3736.730599 3667.672942 3610.959022 3592.973489 3546.595217 3463.734062 3421.816737 3446.590294 3475.263921 3454.402032 3405.702875 3374.214606 3369.641056 3359.442142 3353.479930 3366.825723 3390.546580 3415.123900 3429.559079 3418.183746 3397.764448 3376.445050 3348.602222 3351.510751 3376.642404 -9999.0 -9999.0 -9999.0 -9999.0 -9999.0 -9999.0
-9999.0 -9999.0 -9999.0 -9999.0 3051.166195 3063.671115 3048.349362 3073.975718 3105.256603 3138.105782 3164.752605 3195.239201 3217.413818 3243.126224 3275.138517 3295.871528 3326.715985 3355.268811 3401.434725 3461.624720 3505.032793 3517.590565 3525.495722 3575.955407 3631.794109 3678.429179 3696.941319 3722.722661 3768.640643 3825.055119 3847.160839 3849.803725 3866.712310 3910.261667 3966.855254 4002.057964 3984.354530 3975.268629 3985.517631 3999.955334 4022.100400 4022.161891 4023.285262 4027.504113 4035.270893 4033.434275 4006.686457 3973.194527 3960.222654 3950.047946 3911.648024 3839.413401 3809.493153 3780.491710 3737.505507 3683.297211 3636.782380 3638.679528 3584.289826 3529.566779 3480.454477 3473.392202 3453.932007 3438.780900 3422.241991 3435.258729 3447.852796 3433.360774 3403.891767 3375.008907 3362.433948 3345.236045 3334.223671 3365.652129 3383.740796 3413.339644 -9999.0 -9999.0 -9999.0 -9999.0
-9999.0 -9999.0 2992.902322 3037.696867 3094.074721 3099.345085 3091.607793 3093.408819 3118.655769 3166.687420 3227.424425 3262.985806 3290.409661 3319.626959 3369.094193 3429.731465 3488.595736 3530.473961 3588.072414 3657.096868 3715.908335 3742.431149 3751.047066 3786.579148 3841.339963 3910.754846 3938.895679 3965.456958 3997.414323 4034.101401 4025.367634 4035.951823 4048.506124 4061.595873 4076.866266 4084.158535 4079.225259 4074.607989 4056.006758 4050.773378 4057.246801 4065.379822 4064.297767 4049.576424 4045.601368 4060.647241 4066.958296 4064.823658 4061.896095 4066.721293 4061.930437 4013.195159 3996.258572 3980.931487 3969.051188 3922.733977 3855.842009 3823.702873 3802.094542 3760.960724 3687.622200 3650.692257 3611.772280 3577.606804 3540.722502 3528.247287 3496.493921 3464.895809 3426.677681 3386.364932 3367.666071 3353.783251 3353.740821 3354.669471 3372.664934 3388.530447 3404.584398 3412.701823 -9999.0 -9999.0
-9999.0 2883.996358 2954.608596 3074.231554 3150.796969 3186.000402 3192.789470 3194.257439 3218.187310 3249.434977 3334.439944 3382.383132 3464.506309 3501.481095 3541.407122 3630.965821 3725.186202 3768.510745 3807.490383 3871.396575 3937.334612 3984.521018 4010.898394 3988.951833 4028.681404 4058.853709 4067.122815 4074.250259 4074.391865 4065.865961 4059.430555 4066.075935 4063.071959 4043.801432 4027.641205 4025.855869 4022.432589 3999.037062 3971.448355 3955.889083 3957.193529 3982.255963 3969.057339 3947.643589 3943.212047 3964.933537 3986.447852 3975.705678 3962.532880 3979.137634 4013.847010 4038.944415 4039.844043 4058.447492 4079.579494 4050.421436 4029.264457 3985.224858 3968.248684 3942.781635 3885.759039 3830.967178 3782.879824 3734.568087 3682.492539 3633.996458 3586.705953 3539.802221 3486.994875 3454.566479 3430.643774 3388.376984 3376.098134 3383.002989 3378.368934 3377.094145 3383.905170 3390.553475 -9999.0 -9999.0
-9999.0 2786.979143 2925.173611 3100.242124 3241.134224 3279.809983 3339.042433 3392.868445 3405.451104 3349.130125 3449.415516 3665.828453 3788.009996 3805.512969 3881.104469 3976.379327 3958.300178 3989.720318 4013.005814 4039.186195 4060.225191 4074.662241 4072.971839 4067.841396 4051.308522 4043.293349 4042.401523 4040.277431 4022.823745 4003.818397 3986.978052 3983.775540 3965.743841 3916.063765 3882.775051 3865.219398 3846.064783 3832.712282 3805.561540 3779.550208 3762.969052 3773.208993 3771.575129 3758.191354 3753.776418 3771.827240 3802.702051 3800.856108 3812.787083 3832.417262 3867.855821 3906.089708 3925.362790 3954.501525 3990.151232 4038.268591 4046.923205 4069.384987 4072.281131 4061.987003 4015.325097 3963.717479 3934.306287 3878.928294 3819.416316 3757.770919 3708.962770 3664.396218 3609.349159 3575.579997 3536.684121 3483.433571 3441.065545 3433.997453 3400.977020 3388.243556 -9999.0 -9999.0 -9999.0 -9999.0
-9999.0 2694.293174 2861.963641 3097.249559 3389.571562 3459.000699 3659.577377 3773.060080 3811.337440 3878.530011 3757.622688 3965.134344 4018.343762 4013.450860 4029.571662 4032.827507 4047.152894 4046.488730 4041.409594 4030.379064 4020.770405 4016.182466 4015.130495 4007.213026 3994.578212 3979.948922 3968.029038 3956.567980 3919.868916 3887.891318 3848.544487 3836.031314 3791.280754 3699.527842 3660.960053 3622.386980 3561.535005 3564.235624 3572.042076 3548.306061 3528.756624 3500.468789 3530.231668 3541.141679 3545.376552 3540.672083 3550.121627 3578.802425 3626.628502 3660.859886 3699.568090 3747.371177 3777.750403 3816.807242 3856.473430 3908.713321 3939.875665 3968.745524 4017.699007 4054.717028 4077.454720 4063.360206 4044.868647 4000.102675 3939.885786 3890.585906 3861.634082 3811.192454 3767.750853 3724.368633 3678.079809 3625.511747 3564.250015 3512.162680 3478.588042 -9999.0 -9999.0 -9999.0 -9999.0 -9999.0
-9999.0 2470.255489 2734.735893 2983.354720 3254.204171 3595.339030 3767.167690 3860.791277 3923.946252 3907.034471 3930.534090 3936.807501 3973.902520 3981.188244 3959.794702 3945.916801 3928.254386 3927.165345 3940.232548 3912.877880 3882.609558 3869.257291 3870.163993 3859.475604 3835.624940 3820.767461 3811.514806 3793.051103 3750.095732 3700.043530 3616.202972 3581.773656 3503.315555 3465.437246 3429.584580 3383.161612 3339.271455 3345.330854 3370.368262 3361.693644 3341.276039 3324.539936 3354.012478 3374.886525 3388.102659 3371.766772 3378.266059 3412.392519 3458.467846 3498.477461 3541.863051 3589.390738 3630.944257 3669.797039 3690.420365 3729.475429 3771.407443 3812.841297 3882.826473 3961.158151 3997.074213 4031.690531 4060.556045 4082.462469 4039.588823 4013.325892 3989.617034 3966.178642 3920.019902 3874.673750 3834.133495 3769.576915 3710.058275 -9999.0 -9999.0 -9999.0 -9999.0 -9999.0 -9999.0 -9999.0
-9999.0 2358.550527 2551.787550 2743.625764 2968.484344 3195.758613 3417.259566 3507.292732 3577.401616 3649.340347 3703.522754 3741.299440 3767.059987 3788.609200 3766.032890 3719.989453 3687.783818 3692.780296 3683.806223 3662.975831 3635.507565 3622.788573 3620.219718 3615.637968 3594.693642 3584.723954 3578.215207 3560.518443 3535.631320 3483.422747 3412.894387 3340.459943 3287.706063 3269.304689 3247.649451 3221.688345 3195.957059 3209.781221 3222.729799 3223.176838 3217.141277 3217.697436 3246.739825 3266.648413 3276.065664 3265.210149 3283.217757 3305.971645 3342.381804 3381.123729 3425.212848 3474.692488 3522.521685 3542.075143 3543.636114 3554.525381 3581.582745 3624.356111 3700.233078 3785.957954 3863.515113 3908.925380 3959.641459 3999.611804 4027.757416 4052.595496 4075.017420 4068.098395 4042.138637 4008.788311 3950.071151 -9999.0 -9999.0 -9999.0 -9999.0 -9999.0 -9999.0 -9999.0 -9999.0 -9999.0
-9999.0 -9999.0 2326.686249 2479.414400 2576.770313 2741.466034 2848.040833 2952.642429 3047.548879 3188.284830 3310.456805 3403.766737 3450.006481 3465.565053 3451.816283 3423.745326 3406.821315 3406.444812 3394.777269 3388.841184 3375.033747 3370.132665 3358.497584 3351.501606 3348.159439 3348.249174 3346.677260 3339.305544 3323.571043 3283.322799 3247.890922 3204.825896 3160.179590 3139.764267 3122.829676 3107.030240 3112.201033 3107.906055 3113.942660 3117.366110 3127.499815 3141.997369 3161.387453 3183.928047 3193.533375 3203.678959 3214.248614 3235.451421 3264.862100 3304.429784 3355.157459 3409.346318 3444.614139 3450.843171 3432.225650 3426.531020 3433.889137 3461.917540 3524.189193 3592.589357 3681.991138 3747.282278 3814.025424 3869.905198 3896.549016 3932.931183 4003.162772 4051.190387 4093.657940 4071.255438 -9999.0 -9999.0 -9999.0 -9999.0 -9999.0 -9999.0 -9999.0 -9999.0 -9999.0 -9999.0
-9999.0 -9999.0 -9999.0 -9999.0 2342.054848 2490.140073 2589.228185 2671.563984 2808.799503 2892.422444 2991.004494 3077.272260 3146.084866 3171.464801 3172.881422 3190.418794 3189.822261 3180.554640 3169.772033 3175.303207 3180.954460 3175.279387 3159.268770 3153.910006 3159.032604 3168.364730 3168.079637 3156.957324 3140.806544 3129.108762 3118.624249 3090.188291 3060.100852 3034.703819 3024.648352 3023.362428 3024.812202 3017.901583 3027.028768 3036.686210 3053.076157 3068.407836 3091.946570 3121.697510 3136.409711 3150.899221 3159.100816 3177.054779 3205.028169 3256.036949 3317.207419 3373.206572 3406.669814 3406.582072 3377.357352 3355.077783 3341.945352 3358.624965 3387.191926 3437.128644 3525.751817 3587.494864 3632.294940 3670.644801 3706.875385 3772.025770 3866.676619 3947.989952 -9999.0 -9999.0 -9999.0 -9999.0 -9999.0 -9999.0 -9999.0 -9999.0 -9999.0 -9999.0 -9999.0 -9999.0
-9999.0 -9999.0 -9999.0 -9999.0 -9999.0 -9999.0 2322.229633 2429.747854 2498.187804 2655.550058 2805.095941 2862.245334 2945.317887 2981.517032 3009.286770 3040.018012 3040.878276 3020.604046 2998.747040 3021.213302 3041.399695 3035.425802 3003.305868 3005.828434 3014.266512 3023.549928 3022.736126 3018.917876 2996.764619 3016.476297 3023.821069 3003.918188 2981.261910 2974.166370 2964.398982 2975.738623 2976.969337 2963.350977 2962.733910 2989.187150 3010.718483 3023.731681 3044.705727 3077.883687 3110.265953 3125.758738 3126.246500 3130.340078 3166.206867 3233.641290 3304.122390 3358.716657 3389.304592 3393.607381 3362.309003 3317.040976 3290.368420 3288.554136 3312.009566 3350.374534 3410.957070 3446.479218 3456.544827 3456.495219 3467.849381 3567.498527 -9999.0 -9999.0 -9999.0 -9999.0 -9999.0 -9999.0 -9999.0 -9999.0 -9999.0 -9999.0 -9999.0 -9999.0 -9999.0 -9999.0
-9999.0 -9999.0 -9999.0 -9999.0 -9999.0 -9999.0 -9999.0 -9999.0 -9999.0 -9999.0 -9999.0 -9999.0 -9999.0 -9999.0 -9999.0 -9999.0 -9999.0 -9999.0 -9999.0 -9999.0 -9999.0 -9999.0 -9999.0 -9999.0 -9999.0 -9999.0 -9999.0 -9999.0 -9999.0 -9999.0 -9999.0 -9999.0 -9999.0 -9999.0 -9999.0 -9999.0 -9999.0 -9999.0 -9999.0 -9999.0 -9999.0 -9999.0 -9999.0 -9999.0 -9999.0 -9999.0 -9999.0 -9999.0 -9999.0 -9999.0 -9999.0 -9999.0 -9999.0 -9999.0 -9999.0 -9999.0 -9999.0 -9999.0 -9999.0 -9999.0 -9999.0 -9999.0 -9999.0 -9999.0 -9999.0 -9999.0 -9999.0 -9999.0 -9999.0 -9999.0 -9999.0 -9999.0 -9999.0 -9999.0 -9999.0 -9999.0 -9999.0 -9999.0 -9999.0 -9999.0
-9999.0 -9999.0 -9999.0 -9999.0 -9999.0 -9999.0 -9999.0 -9999.0 -9999.0 -9999.0 -9999.0 -9999.0 -9999.0 -9999.0 -9999.0 -9999.0 -9999.0 -9999.0 -9999.0 -9999.0 -9999.0 -9999.0 -9999.0 -9999.0 -9999.0 -9999.0 -9999.0 -9999.0 -9999.0 -9999.0 -9999.0 -9999.0 -9999.0 -9999.0 -9999.0 -9999.0 -9999.0 -9999.0 -9999.0 -9999.0 -9999.0 -9999.0 -9999.0 -9999.0 -9999.0 -9999.0 -9999.0 -9999.0 -9999.0 -9999.0 -9999.0 -9999.0 -9999.0 -9999.0 -9999.0 -9999.0 -9999.0 -9999.0 -9999.0 -9999.0 -9999.0 -9999.0 -9999.0 -9999.0 -9999.0 -9999.0 -9999.0 -9999.0 -9999.0 -9999.0 -9999.0 -9999.0 -9999.0 -9999.0 -9999.0 -9999.0 -9999.0 -9999.0 -9999.0 -9999.0