Borden_/Borden1m_014/output_maps/psiliqL0019N0038.asc
ncols         80
nrows         18
xllcorner     620200.000000
yllcorner     5168000.000000
cellsize      1.000000
NODATA_value  -9999.0
-9999.0 -9999.0 -9999.0 -9999.0 -9999.0 -9999.0 -9999.0 -9999.0 -9999.0 -9999.0 -9999.0 -9999.0 -9999.0 -9999.0 -9999.0 -9999.0 -9999.0 -9999.0 -9999.0 -9999.0 -9999.0 -9999.0 -9999.0 -9999.0 -9999.0 -9999.0 -9999.0 -9999.0 -9999.0 -9999.0 -9999.0 -9999.0 -9999.0 -9999.0 -9999.0 -9999.0 -9999.0 -9999.0 -9999.0 -9999.0 -9999.0 -9999.0 -9999.0 -9999.0 -9999.0 -9999.0 -9999.0 -9999.0 -9999.0 -9999.0 -9999.0 -9999.0 -9999.0 -9999.0 -9999.0 -9999.0 -9999.0 -9999.0 -9999.0 -9999.0 -9999.0 -9999.0 -9999.0 -9999.0 -9999.0 -9999.0 -9999.0 -9999.0 -9999.0 -9999.0 -9999.0 -9999.0 -9999.0 -9999.0 -9999.0 -9999.0 -9999.0 -9999.0 -9999.0 -9999.0
-9999.0 -9999.0 -9999.0 -9999.0 -9999.0 -9999.0 -9999.0 -9999.0 -9999.0 -9999.0 -9999.0 -9999.0 -9999.0 -9999.0 -9999.0 -9999.0 -9999.0 -9999.0 -9999.0 -9999.0 -9999.0 -9999.0 -9999.0 -9999.0 -9999.0 -9999.0 -9999.0 -9999.0 -9999.0 -9999.0 -9999.0 -9999.0 -9999.0 -9999.0 -9999.0 -9999.0 -9999.0 -9999.0 -9999.0 -9999.0 -9999.0 -9999.0 -9999.0 -9999.0 -9999.0 -9999.0 -9999.0 -9999.0 -9999.0 -9999.0 -9999.0 -9999.0 -9999.0 -9999.0 -9999.0 -9999.0 -9999.0 -9999.0 -9999.0 -9999.0 -9999.0 -9999.0 -9999.0 -9999.0 -9999.0 -9999.0 -9999.0 -9999.0 -9999.0 -9999.0 -9999.0 -9999.0 -9999.0 -9999.0 -9999.0 -9999.0 -9999.0 -9999.0 -9999.0 -9999.0
-9999.0 -9999.0 -9999.0 -9999.0 -9999.0 -9999.0 -9999.0 -9999.0 -9999.0 -9999.0 -9999.0 -9999.0 -9999.0 -9999.0 -9999.0 -9999.0 -9999.0 -9999.0 -9999.0 -9999.0 1956.400777 1959.033657 1938.361618 1906.083680 1879.841969 1883.893275 1919.870895 1962.985637 2003.796627 2014.825339 1998.483441 2003.374532 2000.495726 1999.263285 2002.121276 2010.704197 2017.448206 2029.367370 2038.748731 2039.278572 2034.340840 2030.615294 2032.648770 2035.236982 2040.526441 2027.111362 2040.354703 2053.857741 2056.340740 2049.386321 2020.793898 2003.825101 1992.254229 1973.791379 1996.363469 2005.513201 2025.779084 2027.679129 2023.833711 1995.486473 1964.497627 -9999.0 -9999.0 -9999.0 -9999.0 -9999.0 -9999.0 -9999.0 -9999.0 -9999.0 -9999.0 -9999.0 -9999.0 -9999.0 -9999.0 -9999.0 -9999.0 -9999.0 -9999.0 -9999.0
-9999.0 -9999.0 -9999.0 -9999.0 -9999.0 -9999.0 -9999.0 -9999.0 -9999.0 -9999.0 -9999.0 -9999.0 -9999.0 -9999.0 1861.723580 1853.632516 1852.487571 1862.227506 1897.001630 1928.465189 1940.601828 1934.362080 1935.866420 1913.596828 1894.058899 1909.638656 1941.507809 1974.838131 2011.074363 2032.269548 2023.209954 2022.755966 2032.960590 2057.398938 2069.461137 2067.629570 2050.179598 2075.668395 2092.113955 2100.768260 2101.491368 2093.945431 2105.688060 2120.643978 2113.149386 2095.810310 2101.971024 2113.056955 2122.004310 2107.770740 2043.340118 2024.065663 2017.095167 2008.569067 1992.164265 1984.310632 2008.376134 2005.596838 1995.463498 1975.917024 1941.538538 1896.096198 1875.780666 1913.311395 1955.153380 2010.339515 -9999.0 -9999.0 -9999.0 -9999.0 -9999.0 -9999.0 -9999.0 -9999.0 -9999.0 -9999.0 -9999.0 -9999.0 -9999.0 -9999.0
-9999.0 -9999.0 -9999.0 -9999.0 -9999.0 -9999.0 -9999.0 -9999.0 -9999.0 1799.102219 1805.350574 1814.204237 1818.552330 1835.794100 1834.197405 1842.963744 1850.783105 1879.959560 1912.298606 1948.491240 1977.992166 1970.921540 1972.530914 1981.939710 1983.761033 1996.396992 2020.129564 2061.920977 2100.087592 2140.792376 2112.431390 2111.071383 2131.145295 2176.922960 2206.501427 2212.170596 2195.231815 2209.026571 2235.333401 2256.771543 2257.155610 2254.837504 2280.216711 2294.468412 2291.842569 2270.217966 2261.410505 2262.574616 2286.722763 2233.157590 2164.523906 2116.463518 2122.451140 2093.710975 2058.318054 2038.897875 2034.769312 2052.545649 2036.184762 1997.678481 1960.494493 1947.023249 1927.478858 1943.738559 1963.949653 2007.729471 2044.708991 2071.215320 2068.453655 2049.525333 -9999.0 -9999.0 -9999.0 -9999.0 -9999.0 -9999.0 -9999.0 -9999.0 -9999.0 -9999.0
-9999.0 -9999.0 -9999.0 -9999.0 -9999.0 -9999.0 1717.516892 1728.728426 1750.908129 1756.258276 1783.955351 1792.604150 1814.916886 1835.755215 1859.688511 1877.130394 1907.665011 1941.812167 1982.885793 2026.141371 2059.193432 2053.814407 2064.892658 2092.529433 2128.490336 2155.727449 2182.496893 2224.156115 2300.776323 2342.587250 2345.861147 2350.798406 2361.257259 2411.442291 2475.677021 2488.551919 2469.376583 2457.208216 2480.746961 2519.485179 2524.286491 2526.504714 2540.370399 2550.770711 2576.256251 2564.682059 2523.491630 2510.627346 2510.284483 2488.912475 2422.235253 2358.843533 2328.348438 2276.852258 2192.523094 2140.239248 2150.797496 2169.806103 2140.726709 2085.910639 2045.008292 2033.228084 2016.520181 2002.608635 2008.212924 2025.516709 2045.005816 2053.857740 2038.249584 2014.731903 1990.295155 1960.116799 1960.989859 1985.263325 -9999.0 -9999.0 -9999.0 -9999.0 -9999.0 -9999.0
-9999.0 -9999.0 -9999.0 -9999.0 1665.461129 1679.644738 1668.091483 1695.664066 1730.379753 1766.760153 1799.484764 1837.246275 1865.997035 1897.953180 1938.356851 1970.775175 2011.737310 2047.721740 2102.336261 2170.668471 2222.098280 2244.527362 2259.727978 2317.290871 2378.557614 2431.115623 2453.769340 2483.128467 2530.495257 2591.279126 2618.300225 2624.768430 2642.834146 2681.587299 2732.520426 2768.439309 2752.431126 2745.370231 2754.457950 2768.883209 2793.788594 2796.276098 2798.886003 2802.201054 2807.423261 2804.920332 2777.924187 2742.404672 2724.873697 2713.201767 2678.442148 2606.367234 2568.006107 2535.715676 2495.678503 2440.442548 2380.397425 2368.607425 2309.976315 2250.474904 2189.788717 2169.700480 2139.302405 2113.646988 2085.177428 2086.340200 2088.083973 2065.008225 2029.465737 1994.854685 1978.043388 1957.812513 1945.224302 1974.527587 1991.186279 2020.474110 -9999.0 -9999.0 -9999.0 -9999.0
-9999.0 -9999.0 1603.672278 1652.022152 1710.683700 1720.506103 1720.650181 1728.256139 1759.145416 1813.572433 1887.403557 1935.786252 1976.299565 2012.516165 2072.717719 2148.110703 2218.313036 2266.989032 2329.855383 2402.502536 2466.199992 2498.976488 2515.546320 2557.243583 2613.541062 2679.837202 2708.894329 2737.120763 2772.519527 2809.046436 2813.898081 2827.080017 2836.997549 2843.399344 2852.189905 2855.668764 2850.726401 2845.631059 2827.468628 2823.918092 2831.773694 2839.262553 2840.174858 2826.476116 2822.361247 2835.925131 2839.975167 2837.518920 2834.828639 2840.477640 2840.282915 2796.944792 2766.158142 2748.944355 2734.136952 2687.040725 2619.597292 2579.389774 2555.193802 2508.460816 2429.318726 2379.634042 2329.659242 2282.742878 2230.684806 2201.361683 2154.448307 2110.236723 2061.545318 2013.296080 1988.334788 1969.695395 1966.428245 1965.165764 1980.697480 1995.055245 2009.696489 2017.096171 -9999.0 -9999.0
-9999.0 1497.179866 1569.633861 1695.281685 1776.433422 1820.742473 1846.709939 1865.776084 1897.361686 1930.311571 2031.451760 2108.659144 2199.697038 2240.826619 2291.131315 2388.947457 2486.108107 2535.846600 2577.409328 2638.811020 2703.164351 2754.858260 2785.050520 2785.873181 2823.387307 2843.974735 2849.717988 2855.109029 2853.584538 2845.908470 2837.989080 2843.856819 2839.314524 2818.933564 2801.321805 2797.116241 2790.937519 2765.965881 2735.789024 2720.451333 2722.581557 2748.287006 2734.506827 2713.463824 2709.590570 2731.325868 2753.234914 2744.092496 2731.108223 2750.583487 2786.343049 2810.483018 2817.862132 2835.370391 2856.040459 2828.742402 2802.170033 2758.103920 2735.533778 2704.910550 2644.209407 2582.622686 2526.168731 2463.671177 2397.023777 2330.568155 2266.587408 2203.095316 2136.231346 2094.094613 2062.845158 2013.932540 1994.716647 1996.859399 1987.985949 1984.275904 1989.205163 1995.011319 -9999.0 -9999.0
-9999.0 1410.492340 1552.072504 1735.139759 1883.617949 1938.294255 2027.701815 2101.953617 2129.344382 2095.641871 2204.533330 2425.966603 2541.559271 2563.614146 2640.028246 2736.113154 2744.530261 2779.062480 2803.493822 2821.009345 2835.364370 2848.548233 2848.457157 2844.360604 2829.961467 2822.289275 2820.564929 2817.026534 2798.225177 2777.538306 2758.510874 2752.684970 2730.271573 2681.545872 2645.839547 2626.037181 2606.928958 2588.550842 2558.249711 2531.311950 2514.440262 2528.320774 2524.544489 2508.125263 2504.351993 2526.447586 2557.787897 2555.643408 2567.309517 2589.313356 2629.356960 2670.523956 2694.366596 2726.202482 2765.806568 2812.992185 2826.899212 2849.095844 2852.446897 2835.601531 2788.332263 2731.198537 2694.198599 2628.399486 2553.773824 2472.040139 2404.635736 2339.830201 2268.780888 2223.205556 2177.821317 2122.089075 2072.311227 2054.541115 2016.107235 1997.492101 -9999.0 -9999.0 -9999.0 -9999.0
-9999.0 1322.374858 1507.414208 1759.049179 2044.050212 2142.237340 2348.608631 2477.042658 2532.491145 2605.481633 2550.497480 2726.532962 2775.862618 2775.366142 2783.603928 2790.167920 2807.459910 2811.077048 2808.049386 2798.313675 2789.557935 2785.773055 2784.876833 2777.469868 2764.948460 2749.244530 2733.134389 2718.627121 2678.740363 2643.434548 2603.740067 2587.459660 2544.891650 2449.664351 2405.838936 2366.544007 2306.685436 2302.706178 2301.175034 2273.599537 2254.491618 2230.477785 2255.435705 2263.362605 2266.857231 2266.962565 2281.493314 2308.865937 2356.243264 2393.869584 2438.604166 2491.932515 2529.146661 2573.634406 2619.255761 2676.155314 2711.132034 2743.617846 2794.600421 2833.858511 2856.760663 2842.516725 2814.680550 2762.671304 2684.870004 2614.556232 2560.140681 2481.783796 2415.686801 2363.048237 2317.601135 2269.041847 2207.643202 2139.545231 2100.358441 -9999.0 -9999.0 -9999.0 -9999.0 -9999.0
-9999.0 1125.762382 1392.141570 1671.995602 1971.754823 2307.174247 2459.339865 2578.787221 2652.253602 2630.238061 2647.894704 2667.298537 2713.403398 2724.883892 2705.884238 2696.494818 2683.838856 2684.039640 2697.055611 2670.182349 2640.178630 2626.421487 2625.992298 2614.189851 2590.211292 2573.259729 2561.711346 2539.834819 2489.936469 2436.820167 2352.027847 2317.976796 2238.984415 2188.678601 2145.708290 2095.429851 2045.371170 2045.708283 2065.293442 2052.489105 2030.877224 2012.939105 2040.735423 2060.488532 2073.619257 2060.900883 2069.730996 2105.749295 2155.535061 2200.279100 2250.208796 2305.421810 2352.018037 2399.089283 2429.963913 2479.191318 2529.355884 2577.121134 2651.369497 2732.062906 2771.910415 2806.564909 2835.379348 2847.476841 2789.359191 2734.593507 2674.901940 2606.758974 2527.361146 2477.823022 2450.719574 2410.783195 2357.858097 -9999.0 -9999.0 -9999.0 -9999.0 -9999.0 -9999.0 -9999.0
-9999.0 1004.951148 1213.972123 1429.080506 1700.717143 1936.989155 2144.404393 2248.904216 2329.118890 2382.558420 2428.586386 2467.699760 2500.547803 2525.750915 2506.771371 2465.271362 2435.813269 2440.266149 2433.941317 2410.510494 2380.973552 2366.030934 2362.727504 2355.951045 2332.183343 2318.443081 2307.885055 2284.715494 2253.144103 2197.095029 2118.956967 2044.420109 1985.142836 1956.731174 1928.335776 1896.602255 1863.459377 1873.894050 1885.761827 1883.491266 1874.426338 1872.631801 1901.743974 1921.134564 1931.364687 1920.596098 1940.164544 1966.536036 2007.878889 2051.793083 2101.474197 2156.835421 2210.967000 2239.641548 2252.206618 2275.495212 2313.762021 2366.824147 2452.121164 2547.457616 2626.448782 2674.784876 2724.767697 2757.308083 2766.865629 2767.996864 2737.057294 2654.713316 2553.643802 2531.809642 2528.289108 -9999.0 -9999.0 -9999.0 -9999.0 -9999.0 -9999.0 -9999.0 -9999.0 -9999.0
-9999.0 -9999.0 983.697806 1151.930314 1275.127678 1448.936690 1597.047046 1707.401570 1802.739330 1928.765860 2042.354818 2132.081230 2178.684417 2197.306909 2184.847405 2154.847964 2135.399522 2135.109875 2123.991757 2114.139535 2095.381819 2087.559913 2075.201848 2066.644164 2058.097664 2053.538487 2048.378399 2037.289067 2016.026131 1969.873767 1924.046317 1874.037942 1822.041072 1796.841621 1775.240830 1754.425940 1754.259334 1749.487371 1754.677106 1756.527031 1764.280292 1777.410081 1797.322025 1819.755574 1829.789993 1839.515772 1852.103330 1875.974080 1909.147879 1952.020672 2006.762226 2065.671472 2106.517662 2119.843266 2110.153092 2114.525834 2133.284597 2174.151547 2251.791503 2333.459896 2428.702261 2498.963611 2568.712157 2617.619233 2629.462917 2639.576064 2647.938392 2597.789066 2477.682352 2487.134916 -9999.0 -9999.0 -9999.0 -9999.0 -9999.0 -9999.0 -9999.0 -9999.0 -9999.0 -9999.0
-9999.0 -9999.0 -9999.0 -9999.0 1012.120281 1164.504977 1262.263237 1344.971360 1476.389378 1601.048216 1704.282311 1789.940882 1855.125490 1882.675417 1881.022408 1890.487276 1887.226840 1880.045292 1869.659356 1869.975554 1870.176331 1862.654203 1847.289973 1839.930916 1841.358404 1846.711909 1843.862613 1829.894920 1811.396360 1790.703972 1771.904476 1738.070923 1702.748973 1673.567136 1660.280792 1654.970512 1654.507990 1647.055545 1655.484105 1663.227550 1678.631876 1693.831436 1717.533394 1746.790737 1761.032115 1776.094164 1785.944580 1806.467877 1837.259252 1891.167016 1955.354767 2014.213321 2051.496691 2056.855810 2033.248331 2018.180403 2014.377125 2041.911577 2085.382278 2150.201766 2250.087045 2321.340072 2374.278674 2414.548368 2442.668690 2482.828091 2526.126333 2557.488278 -9999.0 -9999.0 -9999.0 -9999.0 -9999.0 -9999.0 -9999.0 -9999.0 -9999.0 -9999.0 -9999.0 -9999.0
-9999.0 -9999.0 -9999.0 -9999.0 -9999.0 -9999.0 977.668646 1080.847292 1157.787203 1301.116963 1436.613739 1540.514208 1622.491914 1656.210964 1685.381701 1713.548018 1712.542392 1693.575334 1673.510783 1692.777438 1707.774414 1701.433142 1670.566287 1670.478803 1675.666463 1683.481024 1680.835776 1674.186166 1648.836302 1661.344484 1662.616399 1639.139059 1612.986388 1599.167836 1587.109932 1596.525814 1596.487791 1582.478265 1582.449166 1609.501731 1629.968568 1643.027892 1664.628644 1697.901334 1730.452176 1746.064274 1747.671047 1753.860330 1793.530220 1864.084912 1936.638021 1993.179506 2026.832266 2035.877725 2009.910095 1970.647660 1951.005569 1958.452401 1993.069887 2044.603500 2118.931641 2165.846472 2187.557487 2195.930987 2209.148736 2297.344004 -9999.0 -9999.0 -9999.0 -9999.0 -9999.0 -9999.0 -9999.0 -9999.0 -9999.0 -9999.0 -9999.0 -9999.0 -9999.0 -9999.0
-9999.0 -9999.0 -9999.0 -9999.0 -9999.0 -9999.0 -9999.0 -9999.0 -9999.0 -9999.0 -9999.0 -9999.0 -9999.0 -9999.0 -9999.0 -9999.0 -9999.0 -9999.0 -9999.0 -9999.0 -9999.0 -9999.0 -9999.0 -9999.0 -9999.0 -9999.0 -9999.0 -9999.0 -9999.0 -9999.0 -9999.0 -9999.0 -9999.0 -9999.0 -9999.0 -9999.0 -9999.0 -9999.0 -9999.0 -9999.0 -9999.0 -9999.0 -9999.0 -9999.0 -9999.0 -9999.0 -9999.0 -9999.0 -9999.0 -9999.0 -9999.0 -9999.0 -9999.0 -9999.0 -9999.0 -9999.0 -9999.0 -9999.0 -9999.0 -9999.0 -9999.0 -9999.0 -9999.0 -9999.0 -9999.0 -9999.0 -9999.0 -9999.0 -9999.0 -9999.0 -9999.0 -9999.0 -9999.0 -9999.0 -9999.0 -9999.0 -9999.0 -9999.0 -9999.0 -9999.0
-9999.0 -9999.0 -9999.0 -9999.0 -9999.0 -9999.0 -9999.0 -9999.0 -9999.0 -9999.0 -9999.0 -9999.0 -9999.0 -9999.0 -9999.0 -9999.0 -9999.0 -9999.0 -9999.0 -9999.0 -9999.0 -9999.0 -9999.0 -9999.0 -9999.0 -9999.0 -9999.0 -9999.0 -9999.0 -9999.0 -9999.0 -9999.0 -9999.0 -9999.0 -9999.0 -9999.0 -9999.0 -9999.0 -9999.0 -9999.0 -9999.0 -9999.0 -9999.0 -9999.0 -9999.0 -9999.0 -9999.0 -9999.0 -9999.0 -9999.0 -9999.0 -9999.0 -9999.0 -9999.0 -9999.0 -9999.0 -9999.0 -9999.0 -9999.0 -9999.0 -9999.0 -9999.0 -9999.0 -9999.0 -9999.0 -9999.0 -9999.0 -9999.0 -9999.0 -9999.0 -9999.0 -9999.0 -9999.0 -9999.0 -9999.0 -9999.0 -9999.0 -9999.0 -9999.0 -9999.0