Borden_/Borden1m_014/output_maps/psiliqL0005N0005.asc
ncols         80
nrows         18
xllcorner     620200.000000
yllcorner     5168000.000000
cellsize      1.000000
NODATA_value  -9999.0
-9999.0 -9999.0 -9999.0 -9999.0 -9999.0 -9999.0 -9999.0 -9999.0 -9999.0 -9999.0 -9999.0 -9999.0 -9999.0 -9999.0 -9999.0 -9999.0 -9999.0 -9999.0 -9999.0 -9999.0 -9999.0 -9999.0 -9999.0 -9999.0 -9999.0 -9999.0 -9999.0 -9999.0 -9999.0 -9999.0 -9999.0 -9999.0 -9999.0 -9999.0 -9999.0 -9999.0 -9999.0 -9999.0 -9999.0 -9999.0 -9999.0 -9999.0 -9999.0 -9999.0 -9999.0 -9999.0 -9999.0 -9999.0 -9999.0 -9999.0 -9999.0 -9999.0 -9999.0 -9999.0 -9999.0 -9999.0 -9999.0 -9999.0 -9999.0 -9999.0 -9999.0 -9999.0 -9999.0 -9999.0 -9999.0 -9999.0 -9999.0 -9999.0 -9999.0 -9999.0 -9999.0 -9999.0 -9999.0 -9999.0 -9999.0 -9999.0 -9999.0 -9999.0 -9999.0 -9999.0
-9999.0 -9999.0 -9999.0 -9999.0 -9999.0 -9999.0 -9999.0 -9999.0 -9999.0 -9999.0 -9999.0 -9999.0 -9999.0 -9999.0 -9999.0 -9999.0 -9999.0 -9999.0 -9999.0 -9999.0 -9999.0 -9999.0 -9999.0 -9999.0 -9999.0 -9999.0 -9999.0 -9999.0 -9999.0 -9999.0 -9999.0 -9999.0 -9999.0 -9999.0 -9999.0 -9999.0 -9999.0 -9999.0 -9999.0 -9999.0 -9999.0 -9999.0 -9999.0 -9999.0 -9999.0 -9999.0 -9999.0 -9999.0 -9999.0 -9999.0 -9999.0 -9999.0 -9999.0 -9999.0 -9999.0 -9999.0 -9999.0 -9999.0 -9999.0 -9999.0 -9999.0 -9999.0 -9999.0 -9999.0 -9999.0 -9999.0 -9999.0 -9999.0 -9999.0 -9999.0 -9999.0 -9999.0 -9999.0 -9999.0 -9999.0 -9999.0 -9999.0 -9999.0 -9999.0 -9999.0
-9999.0 -9999.0 -9999.0 -9999.0 -9999.0 -9999.0 -9999.0 -9999.0 -9999.0 -9999.0 -9999.0 -9999.0 -9999.0 -9999.0 -9999.0 -9999.0 -9999.0 -9999.0 -9999.0 -9999.0 -773.989992 -770.869090 -793.908604 -827.998327 -856.592278 -855.252182 -820.993584 -781.029218 -744.534658 -734.367974 -752.528639 -751.879164 -757.495703 -757.566552 -754.661863 -749.306719 -747.376439 -736.035500 -727.787923 -728.046306 -734.163510 -740.036371 -741.998305 -738.417808 -733.654155 -741.429511 -728.286860 -713.089406 -706.237756 -710.893877 -737.348018 -752.629500 -759.888611 -773.288163 -748.610030 -735.391058 -712.040465 -707.177462 -707.656567 -734.000905 -763.507822 -9999.0 -9999.0 -9999.0 -9999.0 -9999.0 -9999.0 -9999.0 -9999.0 -9999.0 -9999.0 -9999.0 -9999.0 -9999.0 -9999.0 -9999.0 -9999.0 -9999.0 -9999.0 -9999.0
-9999.0 -9999.0 -9999.0 -9999.0 -9999.0 -9999.0 -9999.0 -9999.0 -9999.0 -9999.0 -9999.0 -9999.0 -9999.0 -9999.0 -862.290488 -872.936063 -876.467492 -868.430704 -835.367347 -806.256784 -793.821244 -801.817643 -802.384157 -826.177601 -846.453663 -833.065365 -805.015427 -774.992039 -742.373584 -722.723266 -736.050361 -739.317233 -729.165179 -701.857665 -687.487943 -690.519216 -711.951813 -690.272545 -674.556262 -665.210079 -666.418494 -675.027667 -660.458725 -644.562578 -651.088309 -668.158894 -665.324149 -654.013521 -638.961280 -653.238551 -716.160972 -736.583016 -738.316116 -743.815164 -755.741734 -761.634981 -736.768574 -734.808319 -742.203765 -759.170527 -790.247796 -833.374883 -850.345621 -811.903733 -767.086802 -708.755630 -9999.0 -9999.0 -9999.0 -9999.0 -9999.0 -9999.0 -9999.0 -9999.0 -9999.0 -9999.0 -9999.0 -9999.0 -9999.0 -9999.0
-9999.0 -9999.0 -9999.0 -9999.0 -9999.0 -9999.0 -9999.0 -9999.0 -9999.0 -917.422496 -914.532947 -907.969205 -906.889084 -891.862788 -893.773025 -887.501872 -879.836378 -855.043975 -825.048718 -791.081597 -763.127539 -774.022416 -774.471187 -762.460869 -755.233678 -743.156499 -724.094365 -685.716599 -645.509820 -606.011692 -634.158270 -636.639096 -618.620165 -570.480914 -533.011352 -523.660228 -541.744687 -540.229555 -516.490917 -492.641488 -493.882534 -495.880963 -473.893000 -461.893915 -453.997703 -470.763824 -489.063624 -491.850177 -467.183547 -513.990915 -573.374620 -625.799868 -624.166386 -653.689778 -693.812410 -715.752251 -718.042727 -694.881235 -708.944369 -744.929698 -780.179400 -788.142553 -803.529152 -787.107984 -763.816484 -716.215154 -677.485825 -648.275911 -646.997291 -663.605931 -9999.0 -9999.0 -9999.0 -9999.0 -9999.0 -9999.0 -9999.0 -9999.0 -9999.0 -9999.0
-9999.0 -9999.0 -9999.0 -9999.0 -9999.0 -9999.0 -994.882826 -986.796632 -967.874842 -962.412266 -939.233702 -932.187391 -912.432348 -893.823556 -874.658275 -858.385781 -828.298173 -797.304232 -757.210019 -714.610087 -683.876024 -688.754327 -680.018126 -647.107103 -604.741846 -573.328845 -552.090438 -518.098961 -448.085606 -406.448214 -391.314871 -385.643549 -375.129990 -317.088549 -197.665388 -134.073467 -204.313789 -243.695986 -198.839694 82.069381 116.322785 118.552201 120.627790 122.095948 130.065688 126.983804 96.040564 -102.583169 -163.735300 -193.276646 -296.853949 -378.448974 -420.716461 -463.739662 -535.938888 -591.793334 -593.569995 -577.799498 -606.225413 -656.295035 -696.917189 -706.093528 -719.163938 -732.475564 -726.496115 -706.236260 -681.665637 -669.228022 -680.283907 -699.550500 -721.814804 -749.759929 -747.593644 -721.729147 -9999.0 -9999.0 -9999.0 -9999.0 -9999.0 -9999.0
-9999.0 -9999.0 -9999.0 -9999.0 -1043.915089 -1032.121074 -1043.723918 -1021.365828 -990.401944 -958.449908 -926.766608 -890.315578 -864.474362 -836.237471 -795.607858 -758.077116 -716.364952 -684.261396 -632.349872 -566.898096 -518.212416 -494.017687 -482.437395 -426.077669 -359.753330 -289.305506 -257.482837 -196.491300 75.111701 128.990378 136.774737 137.348928 141.286155 149.396513 163.238868 174.533237 166.561333 164.389313 169.147417 185.043296 195.686896 195.965638 196.313614 196.002736 196.036178 196.648369 189.781954 170.745732 163.751943 160.463250 152.907345 134.031431 124.906749 110.875129 -50.845246 -251.862941 -361.226992 -387.767114 -440.168036 -488.630578 -549.716701 -572.740171 -601.745875 -624.859296 -653.336072 -651.177784 -646.740560 -664.397649 -692.590888 -722.882886 -736.616269 -754.197613 -763.233959 -732.910083 -714.695825 -683.093482 -9999.0 -9999.0 -9999.0 -9999.0
-9999.0 -9999.0 -1100.867491 -1050.776246 -996.037502 -988.070603 -985.657884 -981.666980 -956.267087 -907.524368 -829.826386 -778.523684 -735.079277 -707.779987 -651.416055 -571.055708 -503.182714 -461.324331 -408.179773 -334.830409 -242.810736 -143.393379 80.561814 120.226911 135.111611 150.882477 156.941971 166.327888 185.710906 194.782345 202.184657 215.960377 219.494785 215.238823 212.920561 211.263408 209.779845 207.807219 198.853980 200.283893 206.556242 208.893029 212.104431 199.551265 196.644648 204.536688 207.034507 208.095718 210.139926 217.802205 226.228420 200.877868 186.604028 183.756548 174.864985 155.071215 137.265932 126.661397 114.353493 -84.420612 -301.931187 -373.164475 -426.097783 -470.382815 -516.551287 -544.345933 -585.920347 -622.201411 -663.525798 -705.696555 -727.124293 -744.141349 -745.087128 -743.222730 -726.491006 -710.134687 -694.227548 -686.155309 -9999.0 -9999.0
-9999.0 -1197.393461 -1124.959731 -997.465168 -920.048122 -876.194670 -834.631003 -805.412802 -784.121185 -774.201802 -670.683860 -568.314652 -487.609684 -464.863394 -416.826369 -310.015049 -40.656641 111.520792 127.058061 140.504749 156.512293 172.345168 189.233302 200.188492 222.114325 218.361314 214.576763 214.110306 207.182841 201.110806 196.960921 199.923883 199.254247 193.791617 190.288347 190.965623 191.263278 186.658384 181.173616 177.678365 171.841578 184.844899 179.875207 162.170324 160.758563 179.183846 186.734972 184.787205 180.706359 184.270003 191.608889 194.693025 200.538151 210.191442 228.143046 205.978516 194.160078 185.411089 181.456851 165.857314 144.188033 118.907606 -71.482347 -275.267015 -361.400545 -428.732573 -479.149170 -527.153660 -583.509077 -617.094020 -644.499717 -693.913182 -715.728575 -712.603915 -720.886191 -722.480609 -715.098296 -708.343580 -9999.0 -9999.0
-9999.0 -1264.763855 -1121.231025 -935.661660 -791.629947 -732.573700 -617.216352 -539.096582 -517.285899 -539.023436 -445.678930 51.756033 126.165488 127.411535 144.845202 166.348182 184.430567 206.698804 221.565621 213.445971 207.636053 210.053198 206.102411 199.243807 195.521832 194.353404 195.123412 195.302279 190.975827 187.176436 183.777821 183.983499 178.072132 153.012853 141.963976 138.414519 136.986705 133.406882 124.709512 110.360961 -42.299546 111.310174 88.107607 -158.666612 -173.521224 87.304161 126.577953 125.383669 126.033168 130.301353 139.512726 149.391665 157.873486 176.402547 185.697509 194.909622 200.393488 217.834442 223.078760 201.325615 190.961610 178.603411 164.472678 141.251468 94.876630 -235.567241 -324.960268 -383.144128 -440.106074 -478.714206 -521.502179 -574.073305 -628.110738 -652.669302 -690.037849 -710.567673 -9999.0 -9999.0 -9999.0 -9999.0
-9999.0 -1324.264057 -1131.558446 -864.146518 -618.470506 -500.107136 -298.020333 85.804313 126.600166 145.260768 153.566562 204.364176 215.623498 201.410418 192.229039 188.546297 191.093085 192.047528 190.837768 189.311773 188.644996 188.965373 189.481190 188.628393 187.366067 184.973320 182.394094 178.185744 155.341908 144.216938 135.155021 131.315823 99.963943 -263.264515 -333.316279 -366.905829 -417.497983 -424.167331 -437.293226 -465.420482 -481.327932 -492.235626 -477.407939 -480.345384 -481.331751 -473.178103 -453.065310 -440.055065 -404.931428 -370.920293 -320.540776 -246.016201 -153.971177 104.040294 134.530023 150.779740 163.349635 180.427573 191.678866 201.750735 220.988380 214.571656 197.373744 189.044687 172.255992 145.408751 133.569825 88.190588 -191.283092 -299.301676 -364.031127 -424.449080 -484.389897 -564.603564 -602.728673 -9999.0 -9999.0 -9999.0 -9999.0 -9999.0
-9999.0 -1467.143185 -1199.344263 -900.495281 -570.642457 -233.692675 28.350680 146.378387 173.584129 149.585141 146.375410 156.496248 179.933927 182.616144 174.104638 158.313789 151.228449 150.300672 155.470214 148.207301 141.251348 139.022725 140.400113 138.210666 133.108300 129.616541 125.684370 96.742601 -206.716560 -300.292620 -391.029249 -408.910820 -473.718320 -535.012157 -576.265609 -619.097378 -667.002715 -668.357972 -653.639463 -669.794719 -690.723297 -708.827845 -684.971876 -671.288710 -661.576616 -670.784427 -663.145453 -631.685750 -587.886330 -551.175352 -508.627865 -462.684483 -425.740603 -377.736391 -337.135682 -259.469175 -111.094504 113.450412 145.361450 179.090151 187.004537 194.296117 210.711896 228.840311 199.948778 188.422313 181.236642 171.399699 143.383488 127.932500 89.370463 -222.329910 -334.795455 -9999.0 -9999.0 -9999.0 -9999.0 -9999.0 -9999.0 -9999.0
-9999.0 -1604.608595 -1366.215791 -1109.644513 -807.158472 -586.461515 -446.360988 -342.235624 -244.628846 -257.063188 -233.770531 -156.470855 92.482312 120.536367 83.013664 -211.784487 -275.338058 -271.332679 -271.219627 -310.307490 -348.606578 -366.257082 -366.251905 -374.136525 -402.150428 -418.295466 -428.470111 -448.994106 -481.628047 -528.846031 -603.631779 -663.593946 -720.703377 -755.069583 -783.976272 -815.991050 -854.936629 -844.196052 -829.024377 -834.018955 -847.019217 -852.247151 -823.140288 -805.642556 -796.041334 -810.009653 -792.648190 -766.818181 -726.908414 -688.471027 -645.214778 -597.010742 -550.896254 -525.571000 -513.013233 -487.612265 -451.856501 -399.847407 -292.107978 79.950774 136.923060 152.439977 178.041338 187.921009 191.979711 208.809377 212.442981 185.832478 163.684660 167.973537 165.673806 -9999.0 -9999.0 -9999.0 -9999.0 -9999.0 -9999.0 -9999.0 -9999.0 -9999.0
-9999.0 -9999.0 -1604.641678 -1407.474137 -1237.065357 -1051.015476 -907.373434 -811.089432 -750.008615 -676.307842 -599.196644 -535.857901 -501.930707 -488.175127 -506.509839 -545.764433 -571.089419 -570.321036 -577.966117 -591.603683 -615.113417 -623.346840 -630.837823 -637.259002 -650.291198 -657.306151 -661.742526 -671.331081 -692.186828 -736.491817 -788.675351 -839.392244 -892.869905 -917.035521 -938.569541 -961.385932 -965.787972 -966.616306 -959.384192 -958.423872 -953.938215 -942.870785 -922.203045 -901.606232 -892.673436 -886.709509 -874.566387 -851.659317 -819.512770 -780.543585 -730.928971 -678.796527 -644.286201 -635.059666 -645.975601 -641.746312 -622.341446 -583.115430 -505.811335 -428.430993 -334.440222 -221.704970 100.948150 138.970654 146.819396 168.024842 182.032006 173.867778 111.146818 154.752610 -9999.0 -9999.0 -9999.0 -9999.0 -9999.0 -9999.0 -9999.0 -9999.0 -9999.0 -9999.0
-9999.0 -9999.0 -9999.0 -9999.0 -1550.178936 -1391.472560 -1299.368451 -1218.407716 -1103.855077 -1003.877370 -918.964616 -849.591314 -803.598494 -782.674349 -796.472589 -805.879447 -815.022936 -817.322828 -824.908850 -831.707262 -838.490762 -845.801147 -855.226165 -862.416506 -863.560265 -860.579630 -862.165385 -874.400104 -888.784778 -917.111997 -942.045526 -977.005784 -1014.007485 -1042.782172 -1055.586773 -1062.996992 -1062.566911 -1067.445282 -1057.695320 -1051.944066 -1037.451376 -1022.130482 -998.285401 -970.632769 -958.821504 -945.113661 -935.626657 -915.035755 -885.921964 -834.692665 -774.571410 -721.431690 -690.602031 -689.318817 -717.520112 -735.166494 -740.239714 -715.340360 -672.271798 -609.532096 -519.312365 -456.856692 -395.915346 -336.123954 -276.670742 63.247849 150.647444 167.243894 -9999.0 -9999.0 -9999.0 -9999.0 -9999.0 -9999.0 -9999.0 -9999.0 -9999.0 -9999.0 -9999.0 -9999.0
-9999.0 -9999.0 -9999.0 -9999.0 -9999.0 -9999.0 -1611.273383 -1518.806752 -1428.121755 -1314.541077 -1210.735874 -1125.064302 -1055.575374 -1034.337653 -1021.035118 -1000.973109 -1006.491783 -1022.308693 -1037.274310 -1021.935844 -1014.264668 -1018.432340 -1044.059160 -1045.838708 -1042.986004 -1033.390394 -1034.142655 -1039.925728 -1064.134411 -1057.609931 -1059.974507 -1082.600760 -1108.349432 -1122.853570 -1134.223542 -1124.255501 -1123.236387 -1135.219542 -1132.069053 -1106.622469 -1087.408547 -1073.988675 -1051.397286 -1018.646591 -987.191502 -973.570417 -972.937690 -966.902862 -925.369582 -856.348716 -788.328655 -737.590461 -709.393067 -704.062913 -734.401022 -777.106261 -800.887438 -797.043750 -766.413691 -718.165264 -648.698645 -606.651138 -580.134324 -560.775415 -536.197166 -449.726571 -9999.0 -9999.0 -9999.0 -9999.0 -9999.0 -9999.0 -9999.0 -9999.0 -9999.0 -9999.0 -9999.0 -9999.0 -9999.0 -9999.0
-9999.0 -9999.0 -9999.0 -9999.0 -9999.0 -9999.0 -9999.0 -9999.0 -9999.0 -9999.0 -9999.0 -9999.0 -9999.0 -9999.0 -9999.0 -9999.0 -9999.0 -9999.0 -9999.0 -9999.0 -9999.0 -9999.0 -9999.0 -9999.0 -9999.0 -9999.0 -9999.0 -9999.0 -9999.0 -9999.0 -9999.0 -9999.0 -9999.0 -9999.0 -9999.0 -9999.0 -9999.0 -9999.0 -9999.0 -9999.0 -9999.0 -9999.0 -9999.0 -9999.0 -9999.0 -9999.0 -9999.0 -9999.0 -9999.0 -9999.0 -9999.0 -9999.0 -9999.0 -9999.0 -9999.0 -9999.0 -9999.0 -9999.0 -9999.0 -9999.0 -9999.0 -9999.0 -9999.0 -9999.0 -9999.0 -9999.0 -9999.0 -9999.0 -9999.0 -9999.0 -9999.0 -9999.0 -9999.0 -9999.0 -9999.0 -9999.0 -9999.0 -9999.0 -9999.0 -9999.0
-9999.0 -9999.0 -9999.0 -9999.0 -9999.0 -9999.0 -9999.0 -9999.0 -9999.0 -9999.0 -9999.0 -9999.0 -9999.0 -9999.0 -9999.0 -9999.0 -9999.0 -9999.0 -9999.0 -9999.0 -9999.0 -9999.0 -9999.0 -9999.0 -9999.0 -9999.0 -9999.0 -9999.0 -9999.0 -9999.0 -9999.0 -9999.0 -9999.0 -9999.0 -9999.0 -9999.0 -9999.0 -9999.0 -9999.0 -9999.0 -9999.0 -9999.0 -9999.0 -9999.0 -9999.0 -9999.0 -9999.0 -9999.0 -9999.0 -9999.0 -9999.0 -9999.0 -9999.0 -9999.0 -9999.0 -9999.0 -9999.0 -9999.0 -9999.0 -9999.0 -9999.0 -9999.0 -9999.0 -9999.0 -9999.0 -9999.0 -9999.0 -9999.0 -9999.0 -9999.0 -9999.0 -9999.0 -9999.0 -9999.0 -9999.0 -9999.0 -9999.0 -9999.0 -9999.0 -9999.0