Borden_/Borden1m_014/output_maps/psiliqL0015N0038.asc
ncols         80
nrows         18
xllcorner     620200.000000
yllcorner     5168000.000000
cellsize      1.000000
NODATA_value  -9999.0
-9999.0 -9999.0 -9999.0 -9999.0 -9999.0 -9999.0 -9999.0 -9999.0 -9999.0 -9999.0 -9999.0 -9999.0 -9999.0 -9999.0 -9999.0 -9999.0 -9999.0 -9999.0 -9999.0 -9999.0 -9999.0 -9999.0 -9999.0 -9999.0 -9999.0 -9999.0 -9999.0 -9999.0 -9999.0 -9999.0 -9999.0 -9999.0 -9999.0 -9999.0 -9999.0 -9999.0 -9999.0 -9999.0 -9999.0 -9999.0 -9999.0 -9999.0 -9999.0 -9999.0 -9999.0 -9999.0 -9999.0 -9999.0 -9999.0 -9999.0 -9999.0 -9999.0 -9999.0 -9999.0 -9999.0 -9999.0 -9999.0 -9999.0 -9999.0 -9999.0 -9999.0 -9999.0 -9999.0 -9999.0 -9999.0 -9999.0 -9999.0 -9999.0 -9999.0 -9999.0 -9999.0 -9999.0 -9999.0 -9999.0 -9999.0 -9999.0 -9999.0 -9999.0 -9999.0 -9999.0
-9999.0 -9999.0 -9999.0 -9999.0 -9999.0 -9999.0 -9999.0 -9999.0 -9999.0 -9999.0 -9999.0 -9999.0 -9999.0 -9999.0 -9999.0 -9999.0 -9999.0 -9999.0 -9999.0 -9999.0 -9999.0 -9999.0 -9999.0 -9999.0 -9999.0 -9999.0 -9999.0 -9999.0 -9999.0 -9999.0 -9999.0 -9999.0 -9999.0 -9999.0 -9999.0 -9999.0 -9999.0 -9999.0 -9999.0 -9999.0 -9999.0 -9999.0 -9999.0 -9999.0 -9999.0 -9999.0 -9999.0 -9999.0 -9999.0 -9999.0 -9999.0 -9999.0 -9999.0 -9999.0 -9999.0 -9999.0 -9999.0 -9999.0 -9999.0 -9999.0 -9999.0 -9999.0 -9999.0 -9999.0 -9999.0 -9999.0 -9999.0 -9999.0 -9999.0 -9999.0 -9999.0 -9999.0 -9999.0 -9999.0 -9999.0 -9999.0 -9999.0 -9999.0 -9999.0 -9999.0
-9999.0 -9999.0 -9999.0 -9999.0 -9999.0 -9999.0 -9999.0 -9999.0 -9999.0 -9999.0 -9999.0 -9999.0 -9999.0 -9999.0 -9999.0 -9999.0 -9999.0 -9999.0 -9999.0 -9999.0 1150.399773 1153.302620 1132.114400 1099.515642 1072.849305 1076.489095 1112.505282 1155.384609 1195.645942 1207.027900 1190.566406 1194.592294 1191.375883 1191.098168 1194.497075 1202.472048 1207.986757 1220.185925 1229.781515 1230.636410 1225.818151 1221.823627 1223.011814 1226.088153 1231.148413 1219.054191 1231.829485 1245.464590 1248.728062 1241.569017 1212.441219 1194.875959 1183.698678 1165.963240 1188.500533 1198.296974 1219.215672 1221.674551 1218.422037 1190.182946 1159.296974 -9999.0 -9999.0 -9999.0 -9999.0 -9999.0 -9999.0 -9999.0 -9999.0 -9999.0 -9999.0 -9999.0 -9999.0 -9999.0 -9999.0 -9999.0 -9999.0 -9999.0 -9999.0 -9999.0
-9999.0 -9999.0 -9999.0 -9999.0 -9999.0 -9999.0 -9999.0 -9999.0 -9999.0 -9999.0 -9999.0 -9999.0 -9999.0 -9999.0 1056.701126 1048.035640 1046.480625 1056.108660 1090.839145 1122.035527 1134.445291 1127.975889 1129.281877 1107.022648 1087.781503 1103.355395 1134.950104 1168.469583 1204.915607 1226.719379 1217.059858 1216.345037 1227.248480 1253.342678 1266.953690 1265.320578 1247.021144 1271.838456 1288.954926 1298.854930 1299.930249 1292.762069 1306.034354 1321.646734 1314.286150 1296.343353 1300.571966 1310.976850 1320.924392 1305.254170 1239.532517 1218.238256 1211.415564 1202.446804 1186.142144 1177.828219 1201.420678 1199.566353 1189.628276 1170.145657 1136.134024 1091.055396 1071.329077 1108.790403 1151.253239 1207.351031 -9999.0 -9999.0 -9999.0 -9999.0 -9999.0 -9999.0 -9999.0 -9999.0 -9999.0 -9999.0 -9999.0 -9999.0 -9999.0 -9999.0
-9999.0 -9999.0 -9999.0 -9999.0 -9999.0 -9999.0 -9999.0 -9999.0 -9999.0 995.499661 1000.976624 1009.458641 1013.165787 1030.091951 1028.654586 1037.105386 1045.443271 1074.015977 1106.497965 1142.928534 1172.882541 1165.434837 1167.479345 1178.811102 1183.381160 1197.079645 1220.937399 1263.584776 1305.002833 1347.491646 1320.354116 1319.530517 1340.040568 1387.873331 1421.117962 1428.699803 1411.744180 1422.590698 1449.591399 1473.530186 1475.313327 1474.438826 1500.001895 1513.913030 1513.855078 1492.636488 1479.132986 1477.700574 1500.526038 1446.872929 1378.285833 1326.404253 1328.713300 1297.073679 1257.794444 1235.907439 1230.988434 1249.206493 1232.267702 1193.217043 1155.240298 1142.406787 1123.279119 1138.895568 1159.423114 1204.017241 1241.278800 1268.189000 1266.200291 1247.641549 -9999.0 -9999.0 -9999.0 -9999.0 -9999.0 -9999.0 -9999.0 -9999.0 -9999.0 -9999.0
-9999.0 -9999.0 -9999.0 -9999.0 -9999.0 -9999.0 914.768895 925.230480 946.704998 952.368725 979.167797 987.930290 1010.084244 1030.945808 1054.302930 1072.454635 1104.152800 1138.840241 1181.401292 1226.316694 1260.398452 1257.115163 1269.380014 1301.038154 1341.010878 1371.420903 1398.812142 1441.263790 1519.087737 1562.593693 1570.409019 1576.195851 1586.731493 1635.830808 1699.806431 1714.913417 1696.015193 1683.310748 1705.646857 1744.088604 1752.237593 1755.209450 1766.412648 1775.959395 1801.098592 1790.352272 1748.916996 1732.760773 1728.555457 1709.783243 1646.826716 1582.439680 1547.510937 1496.458463 1411.983723 1355.672681 1360.645497 1376.822357 1345.482516 1289.164335 1245.956450 1232.906387 1215.548657 1200.243656 1204.485605 1221.486084 1241.517362 1250.557797 1235.538176 1212.688908 1188.416517 1158.488481 1159.476587 1184.076783 -9999.0 -9999.0 -9999.0 -9999.0 -9999.0 -9999.0
-9999.0 -9999.0 -9999.0 -9999.0 863.466840 877.184659 865.905251 892.350313 926.484817 962.263485 995.729361 1034.320047 1063.559317 1095.900476 1138.295498 1174.681587 1218.791537 1256.553246 1313.202557 1383.695161 1437.441666 1463.595774 1480.943674 1539.962941 1601.653828 1654.837879 1677.323673 1706.589350 1751.847821 1813.313474 1841.218749 1848.383381 1866.197258 1901.524904 1948.682581 1981.638548 1966.072194 1959.662575 1967.460111 1980.905007 2006.323499 2009.024976 2011.503022 2014.022073 2018.145415 2016.151745 1990.332128 1955.367587 1939.587324 1928.647610 1897.976776 1828.309305 1787.076541 1755.542073 1720.313030 1666.972989 1602.180010 1585.407483 1527.074195 1467.960925 1403.288991 1378.998840 1345.953766 1317.961078 1286.369791 1285.173767 1285.421028 1261.984081 1227.078694 1192.679973 1175.970462 1155.940002 1143.993176 1173.319141 1190.285087 1220.156453 -9999.0 -9999.0 -9999.0 -9999.0
-9999.0 -9999.0 802.732468 851.873300 909.819134 919.760661 921.462590 929.061276 959.508483 1013.740472 1090.949864 1143.226996 1187.671341 1224.114186 1286.283335 1367.765204 1442.466598 1493.042250 1554.083868 1625.113978 1688.768045 1724.111766 1743.227500 1782.936909 1836.824971 1898.711022 1926.089608 1953.180309 1985.080654 2019.728834 2031.210074 2045.395380 2053.940012 2056.937197 2062.557177 2064.121745 2059.671778 2054.722699 2037.211656 2034.384316 2042.461551 2048.662933 2050.464357 2037.298008 2033.207662 2046.142079 2049.124030 2047.134441 2045.538341 2051.836515 2054.659431 2015.090670 1977.370042 1960.830557 1949.750572 1904.524024 1839.044810 1796.299049 1772.333019 1728.373270 1649.357875 1596.462892 1544.650366 1494.623824 1440.258047 1406.583010 1356.712185 1310.874169 1261.287976 1212.783676 1187.555447 1168.369410 1165.015217 1164.105301 1179.575590 1194.285218 1209.124222 1216.636740 -9999.0 -9999.0
-9999.0 698.964838 771.696117 898.481715 979.602924 1025.423279 1058.305747 1083.053917 1114.155472 1142.941445 1249.557384 1339.936872 1432.951714 1472.393953 1524.640501 1623.165296 1718.825036 1765.391282 1803.869643 1860.282575 1920.895865 1968.980881 1998.546312 2009.706015 2044.026897 2057.866545 2061.372027 2065.078371 2061.721218 2054.280833 2045.738191 2051.963690 2048.105978 2028.623900 2011.705588 2007.591716 2001.158346 1976.691996 1948.592402 1934.180489 1937.185636 1960.382638 1948.539211 1928.209298 1924.443172 1945.228476 1964.234369 1955.501110 1943.772311 1961.920282 1997.088747 2019.763751 2030.033554 2046.537135 2067.139905 2041.327231 2012.495594 1970.088199 1949.779737 1919.491513 1859.535559 1796.836912 1740.968982 1679.109937 1611.093674 1541.580285 1476.134787 1411.854466 1342.944937 1299.881079 1267.491221 1216.710831 1195.301200 1196.433249 1186.897917 1183.228745 1188.554673 1194.523720 -9999.0 -9999.0
-9999.0 617.997050 760.624639 945.569886 1094.963619 1154.816232 1257.124916 1337.823523 1368.344315 1342.055134 1451.572510 1671.072978 1774.284444 1793.194179 1865.456973 1953.502042 1972.771514 2005.337951 2027.648969 2038.187984 2047.035208 2057.506825 2056.775109 2051.996776 2038.059503 2030.489026 2029.039129 2025.514147 2006.889942 1986.543411 1967.910304 1962.863723 1943.603024 1898.284797 1863.592823 1844.668884 1827.118572 1807.158284 1774.813479 1748.553549 1734.260092 1750.085037 1743.417035 1726.964682 1723.204652 1744.986219 1777.097477 1773.299154 1781.679007 1804.137387 1844.680387 1885.320746 1908.771781 1939.580816 1977.303374 2022.357998 2038.117656 2059.663335 2063.629316 2044.162585 1998.683847 1944.827567 1908.382704 1843.287439 1768.110787 1687.184436 1619.562764 1554.482373 1483.476415 1436.358821 1389.509290 1332.739174 1279.287133 1256.613457 1216.734489 1196.477002 -9999.0 -9999.0 -9999.0 -9999.0
-9999.0 538.290909 726.297889 984.456563 1261.769045 1372.825837 1576.496056 1704.988858 1763.627555 1832.484227 1809.907221 1958.922852 1999.208066 1996.243967 1996.277547 2001.086873 2017.280209 2021.191082 2017.924060 2008.045522 1999.078272 1995.133421 1993.980719 1986.759056 1974.552213 1959.267774 1945.241891 1930.968220 1891.465574 1856.707495 1819.570058 1803.813019 1764.003552 1671.836535 1627.616263 1590.392305 1533.161804 1526.951664 1521.328233 1493.561123 1474.398428 1454.128317 1476.090292 1480.596468 1483.089589 1486.470645 1503.337256 1527.276175 1572.014120 1609.089574 1654.303543 1707.511063 1742.907561 1787.053347 1834.305288 1891.385424 1925.145802 1956.808975 2004.555672 2043.671406 2066.189131 2053.617525 2024.214993 1974.837905 1900.322935 1829.178833 1774.648241 1697.146404 1630.056916 1576.927137 1532.795814 1484.773019 1422.483408 1345.047505 1303.374085 -9999.0 -9999.0 -9999.0 -9999.0 -9999.0
-9999.0 357.369113 624.951645 912.492639 1225.864407 1553.672343 1687.190561 1814.962904 1887.404870 1854.916153 1862.713526 1884.866762 1927.831690 1937.765871 1919.521218 1911.474022 1900.561405 1900.732438 1913.347122 1886.528056 1856.448797 1842.692791 1842.032772 1830.271798 1807.053804 1789.844976 1776.942427 1755.562688 1706.588186 1654.452493 1572.222308 1541.523564 1465.586892 1408.802169 1363.312595 1312.858601 1261.704526 1260.178734 1277.254242 1262.546651 1240.382231 1222.106204 1248.811317 1266.701554 1279.089864 1267.962830 1277.382295 1313.753307 1363.946246 1409.079447 1460.295839 1515.944164 1563.091454 1611.584023 1644.864195 1696.455151 1744.888886 1792.211695 1866.405246 1945.444654 1982.310840 2016.205058 2046.876060 2058.759075 2002.450961 1946.719406 1887.685359 1818.692300 1732.225420 1685.290106 1662.773717 1627.104527 1574.830734 -9999.0 -9999.0 -9999.0 -9999.0 -9999.0 -9999.0 -9999.0
-9999.0 231.332928 449.596921 678.472798 962.603084 1200.425052 1395.507280 1503.937967 1583.451470 1619.079917 1654.728949 1690.704661 1723.108762 1747.197188 1726.656629 1687.953088 1659.576675 1663.506899 1658.815335 1634.258651 1604.039189 1588.635416 1585.907846 1578.822059 1554.436222 1539.734345 1528.451879 1505.132624 1470.594104 1413.961748 1333.569200 1260.697613 1199.302317 1166.759896 1136.373966 1103.119704 1067.064534 1076.916660 1089.423233 1085.806574 1075.228869 1072.300146 1101.539550 1120.662051 1130.948306 1119.535986 1138.996201 1166.142315 1208.414306 1252.357457 1302.600494 1359.018331 1414.067610 1444.832477 1460.331837 1487.522564 1528.135695 1582.943012 1669.570744 1763.923194 1840.914995 1888.995411 1938.039452 1968.446317 1977.104470 1981.943681 1948.987419 1859.195606 1739.167736 1732.721037 1734.198232 -9999.0 -9999.0 -9999.0 -9999.0 -9999.0 -9999.0 -9999.0 -9999.0 -9999.0
-9999.0 -9999.0 216.332689 393.907461 532.411010 712.671128 863.446019 973.943762 1062.648983 1175.023764 1279.822318 1364.252509 1409.553716 1427.851967 1413.697781 1379.799570 1357.754552 1357.296261 1346.664664 1334.943479 1313.892062 1305.295721 1294.031984 1285.572388 1275.033220 1268.968978 1263.034014 1250.897612 1227.935184 1180.299224 1130.601859 1078.632508 1024.824596 998.791906 976.344308 954.276576 952.356191 948.452630 954.084725 955.497089 962.180073 974.689137 994.910832 1016.911917 1026.762588 1035.561187 1048.321544 1072.403520 1106.024158 1148.869484 1203.523474 1262.021293 1302.821902 1316.757537 1308.525358 1315.125504 1337.220015 1381.644491 1464.482294 1549.301343 1643.838634 1713.886851 1782.979054 1831.579241 1842.995666 1851.695349 1857.809645 1786.752051 1533.431664 1664.287877 -9999.0 -9999.0 -9999.0 -9999.0 -9999.0 -9999.0 -9999.0 -9999.0 -9999.0 -9999.0
-9999.0 -9999.0 -9999.0 -9999.0 252.694794 408.057485 505.208908 589.098557 717.409777 836.366475 935.759589 1018.412542 1079.458891 1105.794818 1100.585040 1104.037083 1098.617652 1092.575950 1082.693202 1080.512820 1078.201529 1070.316733 1056.281970 1048.592257 1048.891587 1053.150047 1050.178852 1036.030057 1017.916202 994.045770 972.527526 937.521343 900.969259 871.364607 857.828056 851.615219 851.216391 844.394876 853.148843 860.265081 875.395926 890.666609 914.500336 943.428148 957.071994 971.866169 981.798733 1002.643186 1033.350897 1087.103237 1150.928949 1209.166398 1245.478947 1250.582210 1226.558532 1211.991671 1209.588833 1238.997162 1286.036778 1355.364994 1458.134893 1531.238572 1588.166079 1631.070977 1659.518415 1698.672733 1738.443825 1761.290214 -9999.0 -9999.0 -9999.0 -9999.0 -9999.0 -9999.0 -9999.0 -9999.0 -9999.0 -9999.0 -9999.0 -9999.0
-9999.0 -9999.0 -9999.0 -9999.0 -9999.0 -9999.0 209.744926 310.516205 392.574724 528.300623 655.700139 755.416308 834.739572 865.399233 890.088350 915.832832 913.343642 895.121865 876.370562 894.310673 906.938131 900.971678 871.299410 870.458799 874.757128 882.902943 880.558914 873.812926 848.370610 858.681906 858.443816 834.778514 808.345480 794.034316 781.957918 791.399149 791.574558 778.089164 778.971725 805.568401 825.698469 838.913572 860.887390 894.116240 926.447031 941.574238 943.027791 949.394749 989.988780 1060.558356 1132.368835 1187.938168 1220.680519 1229.226371 1202.391702 1162.868157 1143.091539 1151.180324 1187.243532 1241.521650 1318.845042 1368.922084 1395.798576 1409.816451 1427.594630 1514.901988 -9999.0 -9999.0 -9999.0 -9999.0 -9999.0 -9999.0 -9999.0 -9999.0 -9999.0 -9999.0 -9999.0 -9999.0 -9999.0 -9999.0
-9999.0 -9999.0 -9999.0 -9999.0 -9999.0 -9999.0 -9999.0 -9999.0 -9999.0 -9999.0 -9999.0 -9999.0 -9999.0 -9999.0 -9999.0 -9999.0 -9999.0 -9999.0 -9999.0 -9999.0 -9999.0 -9999.0 -9999.0 -9999.0 -9999.0 -9999.0 -9999.0 -9999.0 -9999.0 -9999.0 -9999.0 -9999.0 -9999.0 -9999.0 -9999.0 -9999.0 -9999.0 -9999.0 -9999.0 -9999.0 -9999.0 -9999.0 -9999.0 -9999.0 -9999.0 -9999.0 -9999.0 -9999.0 -9999.0 -9999.0 -9999.0 -9999.0 -9999.0 -9999.0 -9999.0 -9999.0 -9999.0 -9999.0 -9999.0 -9999.0 -9999.0 -9999.0 -9999.0 -9999.0 -9999.0 -9999.0 -9999.0 -9999.0 -9999.0 -9999.0 -9999.0 -9999.0 -9999.0 -9999.0 -9999.0 -9999.0 -9999.0 -9999.0 -9999.0 -9999.0
-9999.0 -9999.0 -9999.0 -9999.0 -9999.0 -9999.0 -9999.0 -9999.0 -9999.0 -9999.0 -9999.0 -9999.0 -9999.0 -9999.0 -9999.0 -9999.0 -9999.0 -9999.0 -9999.0 -9999.0 -9999.0 -9999.0 -9999.0 -9999.0 -9999.0 -9999.0 -9999.0 -9999.0 -9999.0 -9999.0 -9999.0 -9999.0 -9999.0 -9999.0 -9999.0 -9999.0 -9999.0 -9999.0 -9999.0 -9999.0 -9999.0 -9999.0 -9999.0 -9999.0 -9999.0 -9999.0 -9999.0 -9999.0 -9999.0 -9999.0 -9999.0 -9999.0 -9999.0 -9999.0 -9999.0 -9999.0 -9999.0 -9999.0 -9999.0 -9999.0 -9999.0 -9999.0 -9999.0 -9999.0 -9999.0 -9999.0 -9999.0 -9999.0 -9999.0 -9999.0 -9999.0 -9999.0 -9999.0 -9999.0 -9999.0 -9999.0 -9999.0 -9999.0 -9999.0 -9999.0