Borden_/Borden1m_014/output_maps/psiliqL0006N0040.asc
ncols         80
nrows         18
xllcorner     620200.000000
yllcorner     5168000.000000
cellsize      1.000000
NODATA_value  -9999.0
-9999.0 -9999.0 -9999.0 -9999.0 -9999.0 -9999.0 -9999.0 -9999.0 -9999.0 -9999.0 -9999.0 -9999.0 -9999.0 -9999.0 -9999.0 -9999.0 -9999.0 -9999.0 -9999.0 -9999.0 -9999.0 -9999.0 -9999.0 -9999.0 -9999.0 -9999.0 -9999.0 -9999.0 -9999.0 -9999.0 -9999.0 -9999.0 -9999.0 -9999.0 -9999.0 -9999.0 -9999.0 -9999.0 -9999.0 -9999.0 -9999.0 -9999.0 -9999.0 -9999.0 -9999.0 -9999.0 -9999.0 -9999.0 -9999.0 -9999.0 -9999.0 -9999.0 -9999.0 -9999.0 -9999.0 -9999.0 -9999.0 -9999.0 -9999.0 -9999.0 -9999.0 -9999.0 -9999.0 -9999.0 -9999.0 -9999.0 -9999.0 -9999.0 -9999.0 -9999.0 -9999.0 -9999.0 -9999.0 -9999.0 -9999.0 -9999.0 -9999.0 -9999.0 -9999.0 -9999.0
-9999.0 -9999.0 -9999.0 -9999.0 -9999.0 -9999.0 -9999.0 -9999.0 -9999.0 -9999.0 -9999.0 -9999.0 -9999.0 -9999.0 -9999.0 -9999.0 -9999.0 -9999.0 -9999.0 -9999.0 -9999.0 -9999.0 -9999.0 -9999.0 -9999.0 -9999.0 -9999.0 -9999.0 -9999.0 -9999.0 -9999.0 -9999.0 -9999.0 -9999.0 -9999.0 -9999.0 -9999.0 -9999.0 -9999.0 -9999.0 -9999.0 -9999.0 -9999.0 -9999.0 -9999.0 -9999.0 -9999.0 -9999.0 -9999.0 -9999.0 -9999.0 -9999.0 -9999.0 -9999.0 -9999.0 -9999.0 -9999.0 -9999.0 -9999.0 -9999.0 -9999.0 -9999.0 -9999.0 -9999.0 -9999.0 -9999.0 -9999.0 -9999.0 -9999.0 -9999.0 -9999.0 -9999.0 -9999.0 -9999.0 -9999.0 -9999.0 -9999.0 -9999.0 -9999.0 -9999.0
-9999.0 -9999.0 -9999.0 -9999.0 -9999.0 -9999.0 -9999.0 -9999.0 -9999.0 -9999.0 -9999.0 -9999.0 -9999.0 -9999.0 -9999.0 -9999.0 -9999.0 -9999.0 -9999.0 -9999.0 -646.344400 -643.132421 -666.411990 -700.868906 -729.722719 -728.310142 -693.510429 -652.624074 -614.921690 -604.296818 -622.862351 -621.845175 -627.365031 -627.295930 -624.091002 -618.249015 -615.977186 -604.057584 -595.275111 -595.391028 -601.678419 -607.687830 -609.409828 -605.589761 -600.577125 -609.141409 -595.441694 -579.622650 -572.727683 -578.083751 -606.202492 -622.382673 -630.257781 -644.443403 -619.295215 -606.073000 -582.330593 -577.622359 -578.375601 -605.571659 -635.761536 -9999.0 -9999.0 -9999.0 -9999.0 -9999.0 -9999.0 -9999.0 -9999.0 -9999.0 -9999.0 -9999.0 -9999.0 -9999.0 -9999.0 -9999.0 -9999.0 -9999.0 -9999.0 -9999.0
-9999.0 -9999.0 -9999.0 -9999.0 -9999.0 -9999.0 -9999.0 -9999.0 -9999.0 -9999.0 -9999.0 -9999.0 -9999.0 -9999.0 -735.589126 -746.261269 -749.792450 -741.769588 -708.365610 -678.794006 -666.220317 -674.279169 -674.654233 -698.781352 -719.381037 -705.604687 -676.700390 -645.533375 -611.217362 -590.082299 -603.640336 -606.630135 -595.365582 -565.336080 -548.514430 -550.882710 -573.844848 -550.378437 -532.372205 -520.923870 -521.479201 -530.408109 -513.411726 -495.028944 -502.147600 -521.991084 -520.076670 -508.218665 -491.771333 -510.114998 -580.189533 -603.319917 -606.143812 -612.665276 -625.732252 -632.207454 -606.813052 -605.234223 -613.152173 -630.746148 -662.617405 -706.502659 -723.826052 -684.917678 -639.697301 -580.447164 -9999.0 -9999.0 -9999.0 -9999.0 -9999.0 -9999.0 -9999.0 -9999.0 -9999.0 -9999.0 -9999.0 -9999.0 -9999.0 -9999.0
-9999.0 -9999.0 -9999.0 -9999.0 -9999.0 -9999.0 -9999.0 -9999.0 -9999.0 -790.814689 -787.894908 -781.310644 -780.278971 -765.168993 -767.298589 -760.944106 -753.372301 -728.198415 -697.722400 -662.908849 -633.963449 -644.831238 -644.936798 -632.110300 -623.932639 -610.128215 -588.645046 -545.528673 -497.393776 -448.254333 -478.544677 -479.585689 -455.363415 -389.936389 -333.320716 -317.302565 -343.116896 -339.698631 -303.165710 -266.970225 -260.969310 -260.540895 -230.878658 -215.441063 -208.296106 -230.419590 -258.854170 -264.958730 -237.961144 -303.000557 -393.030710 -465.053868 -469.425416 -507.183987 -554.644396 -580.176070 -583.773815 -560.446748 -576.368565 -614.647649 -651.439225 -659.975331 -676.019466 -659.380265 -635.972036 -587.694706 -548.112655 -518.091767 -517.154907 -534.705656 -9999.0 -9999.0 -9999.0 -9999.0 -9999.0 -9999.0 -9999.0 -9999.0 -9999.0 -9999.0
-9999.0 -9999.0 -9999.0 -9999.0 -9999.0 -9999.0 -867.801089 -859.785927 -840.923817 -835.967644 -812.661277 -805.842064 -786.052134 -767.429883 -748.003034 -731.598915 -700.922967 -668.821138 -626.678977 -580.513403 -545.492159 -548.494210 -536.511844 -495.625904 -440.366538 -395.100414 -360.363908 -304.051790 -207.312756 -151.044795 -131.412213 -123.427627 -113.435110 -72.747240 -12.801423 5.074532 -14.551117 -28.227764 -7.359869 36.621623 84.980839 90.029359 97.444922 105.157466 130.925984 121.843772 43.509824 14.893921 4.236509 -8.990841 -61.793474 -119.801605 -170.631601 -229.702743 -332.895542 -415.750809 -424.091918 -410.214721 -451.050654 -512.580593 -560.145972 -571.973893 -587.238478 -602.029210 -596.550372 -576.313432 -551.618740 -539.303810 -551.267442 -571.411731 -594.238259 -622.790996 -620.692793 -594.568378 -9999.0 -9999.0 -9999.0 -9999.0 -9999.0 -9999.0
-9999.0 -9999.0 -9999.0 -9999.0 -916.851989 -904.987952 -917.157838 -894.653086 -863.794311 -831.940634 -800.541733 -764.001712 -737.887701 -708.969694 -666.845087 -626.469842 -579.265634 -540.886121 -477.242419 -388.222108 -311.440004 -270.141587 -243.002445 -169.133877 -105.660789 -57.154688 -37.817163 -8.412439 40.729886 136.719918 166.657197 170.583557 175.543019 212.648032 240.315021 281.552973 256.685283 265.956332 270.283781 279.956221 306.865207 308.573433 310.069408 310.527125 312.771407 313.250437 289.931273 257.680707 245.071830 236.101642 200.325677 151.474109 73.036958 36.114756 7.804420 -38.821807 -106.616205 -133.777270 -197.957834 -264.933523 -359.064190 -400.406695 -444.525494 -477.661804 -513.893107 -514.821426 -512.384876 -532.600761 -562.985348 -594.652607 -608.950489 -627.038404 -636.505344 -605.885846 -587.599425 -555.473734 -9999.0 -9999.0 -9999.0 -9999.0
-9999.0 -9999.0 -972.892237 -923.843397 -869.249198 -861.758007 -859.826401 -856.092124 -830.716420 -781.696236 -702.788448 -648.033491 -599.450372 -567.407466 -500.196460 -391.720591 -279.743584 -216.735267 -148.892559 -85.552817 -25.620498 16.631123 64.544306 112.857015 150.282745 207.958715 218.475292 253.353577 283.532719 313.972034 338.087565 352.965348 358.659230 353.601018 353.722111 351.651924 349.300482 345.864528 329.627349 327.537788 335.441384 338.187641 341.694114 329.256179 325.420190 337.732403 339.599291 339.243330 340.630782 348.510767 357.418048 327.408113 274.227707 260.144531 240.406457 214.885314 147.352565 75.803657 48.327956 7.518440 -72.221227 -123.819584 -179.551076 -243.172294 -318.011469 -371.115005 -434.210914 -482.107650 -530.038478 -575.648634 -598.525467 -616.386189 -617.707533 -616.246288 -599.464016 -583.062840 -566.928061 -558.758738 -9999.0 -9999.0
-9999.0 -1067.543684 -997.533419 -871.179174 -794.418743 -750.646472 -708.693779 -677.328051 -653.593557 -641.995034 -524.577108 -385.228874 -263.373642 -224.731325 -161.021609 -59.075381 70.984851 111.004799 131.231491 179.958278 232.600721 272.470034 301.202476 332.523024 357.646268 354.762220 353.248707 352.562804 345.780938 338.379630 328.604513 336.099032 333.827760 318.094431 304.508859 302.210642 288.667505 272.508393 247.169768 234.792073 239.789888 260.654075 250.676290 230.647380 226.909458 246.570689 262.438756 253.624724 239.786534 258.316344 290.210739 310.719725 326.729438 340.507401 360.290865 338.432333 305.329035 264.911901 234.967697 220.699533 134.537641 69.140065 14.747088 -50.823328 -114.128121 -186.316611 -262.486835 -343.436856 -429.134421 -474.959590 -508.992637 -563.356478 -587.077052 -584.698862 -593.579038 -595.481109 -588.185776 -581.406050 -9999.0 -9999.0
-9999.0 -1136.199554 -994.706548 -810.991052 -665.929958 -601.156714 -466.570007 -357.762147 -315.434903 -342.916453 -198.605455 62.931855 125.419985 143.879309 200.626169 272.720149 314.561176 339.042862 354.304762 347.455673 343.794760 346.657414 342.899340 336.111294 322.399999 314.922471 314.583400 311.761237 292.926034 274.312989 258.250533 256.296998 238.688078 204.596906 162.320210 144.470619 112.334621 85.909493 50.585277 24.955774 13.211138 33.375333 22.759364 3.753997 -0.142583 23.675157 56.156089 49.364201 52.937528 75.373969 120.626572 186.307654 210.027654 234.483933 270.520090 311.807106 330.482724 349.617515 354.236987 330.925165 279.146553 242.823209 210.613256 120.408846 42.924458 -39.228474 -98.117259 -150.245857 -220.071756 -276.593926 -343.246277 -421.200144 -490.159956 -521.635149 -561.901042 -583.178164 -9999.0 -9999.0 -9999.0 -9999.0
-9999.0 -1195.180761 -1006.628374 -741.371704 -481.697963 -307.790774 -112.260964 28.657207 142.146746 156.290217 234.064937 325.978339 339.726498 327.615130 305.624936 303.660556 315.004444 317.638436 313.185039 302.445379 291.029033 283.966963 272.567133 277.714538 266.292308 251.573755 239.988021 225.605778 159.546816 121.923280 91.943462 77.116294 43.654439 -43.449873 -84.732631 -112.698794 -166.943955 -181.454349 -197.900944 -231.498625 -253.167503 -269.402446 -250.126339 -252.211260 -252.385218 -241.568136 -216.992250 -196.667880 -151.582265 -116.699219 -75.768111 -21.553822 13.190916 56.794336 109.638856 192.733583 224.260164 249.201709 282.550348 331.877206 353.045907 345.780423 316.396717 276.337558 211.535162 112.243558 54.971538 -20.417687 -81.257925 -124.191739 -158.375390 -208.833190 -289.331901 -419.086370 -469.070792 -9999.0 -9999.0 -9999.0 -9999.0 -9999.0
-9999.0 -1339.985338 -1074.964935 -779.071168 -424.451597 -99.794494 3.118440 210.439533 281.897059 211.449403 157.740519 211.626054 231.037708 251.563337 228.611671 216.747337 213.712132 213.410083 223.753822 180.281277 132.538579 116.342739 114.576253 103.653414 81.692112 63.635525 49.752064 28.416303 -25.601901 -72.896637 -139.160796 -165.120361 -245.208797 -334.230099 -400.014196 -459.462336 -518.988723 -522.679177 -507.779260 -527.044223 -550.816108 -570.703926 -544.596810 -529.519100 -518.620932 -528.006692 -518.073727 -480.607265 -423.980890 -368.003792 -297.933705 -227.526218 -173.674756 -119.561863 -86.114363 -30.150904 17.414352 64.431013 139.763454 241.291526 269.641577 306.094917 342.399830 358.140583 315.420834 267.423400 206.347525 108.746361 6.899546 -39.541344 -57.025148 -79.048958 -122.708030 -9999.0 -9999.0 -9999.0 -9999.0 -9999.0 -9999.0 -9999.0
-9999.0 -1473.693860 -1237.121144 -990.374836 -687.938924 -436.480788 -230.172596 -105.797161 16.389121 -43.594126 -48.628884 -18.625656 12.491979 34.472357 10.573949 -25.727600 -51.119065 -48.099916 -48.825850 -74.941037 -104.682557 -118.113617 -119.022206 -126.364001 -153.506146 -173.064025 -187.284465 -214.242815 -259.196786 -332.330176 -441.168479 -516.501455 -582.861978 -622.180837 -654.099494 -688.232973 -728.532275 -717.576768 -702.187389 -707.285037 -720.452770 -725.686912 -695.912011 -677.901897 -667.983198 -682.190510 -664.133984 -637.169432 -594.843729 -552.587553 -502.660858 -442.512152 -376.997881 -332.685560 -305.291920 -260.700334 -207.089933 -141.011104 -59.219548 38.899980 113.009825 182.029464 238.165169 255.889882 283.598321 293.395147 287.332148 215.369949 31.228935 -1.891019 -4.119096 -9999.0 -9999.0 -9999.0 -9999.0 -9999.0 -9999.0 -9999.0 -9999.0 -9999.0
-9999.0 -9999.0 -1477.523633 -1285.041942 -1119.064686 -931.928745 -777.715545 -678.075182 -609.373976 -527.705830 -434.649172 -344.501932 -292.892656 -273.071609 -296.899012 -353.513527 -390.445963 -390.766164 -402.164232 -421.579611 -452.972865 -464.964054 -475.221815 -484.171084 -500.825433 -510.207435 -516.555927 -529.041487 -554.068607 -603.713535 -659.914027 -712.814367 -767.358360 -791.624482 -813.103327 -835.763693 -839.724245 -840.696315 -833.517015 -832.513858 -827.850418 -816.679679 -796.075751 -775.365326 -766.406037 -760.270024 -748.091992 -724.980007 -692.359185 -652.337579 -600.695073 -545.129084 -506.449637 -494.024000 -503.478251 -495.335798 -468.127865 -410.213594 -287.841368 -178.058281 -87.730871 -17.152281 54.120867 100.098802 114.884570 135.701119 194.962949 93.988736 -76.883825 -51.595516 -9999.0 -9999.0 -9999.0 -9999.0 -9999.0 -9999.0 -9999.0 -9999.0 -9999.0 -9999.0
-9999.0 -9999.0 -9999.0 -9999.0 -1427.850051 -1270.046548 -1177.277658 -1098.407941 -983.747891 -882.924493 -795.910067 -723.107103 -673.922397 -651.535936 -665.780773 -676.082113 -686.130035 -688.860689 -697.119695 -704.244555 -711.474317 -719.245239 -729.334842 -736.805656 -737.993964 -734.888379 -736.575012 -749.135773 -763.870631 -792.059025 -816.588233 -851.279493 -887.850452 -916.361515 -928.847416 -935.974454 -935.403114 -940.390600 -930.630621 -924.955563 -910.488533 -895.326083 -871.655849 -844.045466 -832.321910 -818.604426 -809.213574 -788.695573 -759.613456 -707.966022 -646.777125 -591.961803 -559.434414 -557.439428 -586.113066 -603.745964 -608.116710 -579.981729 -528.745125 -447.310271 -311.446648 -215.089264 -140.029954 -95.574548 -65.960744 -23.975182 19.047771 29.683079 -9999.0 -9999.0 -9999.0 -9999.0 -9999.0 -9999.0 -9999.0 -9999.0 -9999.0 -9999.0 -9999.0 -9999.0
-9999.0 -9999.0 -9999.0 -9999.0 -9999.0 -9999.0 -1483.673197 -1391.598903 -1305.471216 -1192.022170 -1087.897010 -1002.181647 -932.470726 -910.942111 -896.980586 -876.460312 -881.790756 -897.775812 -913.016134 -897.331476 -889.220879 -893.393043 -919.308399 -920.860202 -917.827312 -908.209194 -908.969845 -914.587224 -938.775881 -931.549539 -933.380154 -955.683728 -981.011697 -994.988918 -1006.213079 -995.965467 -994.902113 -1007.032771 -1004.168843 -978.656403 -959.614925 -946.505311 -924.249386 -891.719702 -860.338618 -846.772319 -846.260459 -840.477192 -799.190967 -729.956920 -661.105877 -609.189987 -579.892871 -573.993621 -604.842910 -648.366514 -672.420643 -668.060133 -635.438468 -582.568278 -501.996144 -445.083609 -401.974090 -366.439667 -322.011912 -206.673422 -9999.0 -9999.0 -9999.0 -9999.0 -9999.0 -9999.0 -9999.0 -9999.0 -9999.0 -9999.0 -9999.0 -9999.0 -9999.0 -9999.0
-9999.0 -9999.0 -9999.0 -9999.0 -9999.0 -9999.0 -9999.0 -9999.0 -9999.0 -9999.0 -9999.0 -9999.0 -9999.0 -9999.0 -9999.0 -9999.0 -9999.0 -9999.0 -9999.0 -9999.0 -9999.0 -9999.0 -9999.0 -9999.0 -9999.0 -9999.0 -9999.0 -9999.0 -9999.0 -9999.0 -9999.0 -9999.0 -9999.0 -9999.0 -9999.0 -9999.0 -9999.0 -9999.0 -9999.0 -9999.0 -9999.0 -9999.0 -9999.0 -9999.0 -9999.0 -9999.0 -9999.0 -9999.0 -9999.0 -9999.0 -9999.0 -9999.0 -9999.0 -9999.0 -9999.0 -9999.0 -9999.0 -9999.0 -9999.0 -9999.0 -9999.0 -9999.0 -9999.0 -9999.0 -9999.0 -9999.0 -9999.0 -9999.0 -9999.0 -9999.0 -9999.0 -9999.0 -9999.0 -9999.0 -9999.0 -9999.0 -9999.0 -9999.0 -9999.0 -9999.0
-9999.0 -9999.0 -9999.0 -9999.0 -9999.0 -9999.0 -9999.0 -9999.0 -9999.0 -9999.0 -9999.0 -9999.0 -9999.0 -9999.0 -9999.0 -9999.0 -9999.0 -9999.0 -9999.0 -9999.0 -9999.0 -9999.0 -9999.0 -9999.0 -9999.0 -9999.0 -9999.0 -9999.0 -9999.0 -9999.0 -9999.0 -9999.0 -9999.0 -9999.0 -9999.0 -9999.0 -9999.0 -9999.0 -9999.0 -9999.0 -9999.0 -9999.0 -9999.0 -9999.0 -9999.0 -9999.0 -9999.0 -9999.0 -9999.0 -9999.0 -9999.0 -9999.0 -9999.0 -9999.0 -9999.0 -9999.0 -9999.0 -9999.0 -9999.0 -9999.0 -9999.0 -9999.0 -9999.0 -9999.0 -9999.0 -9999.0 -9999.0 -9999.0 -9999.0 -9999.0 -9999.0 -9999.0 -9999.0 -9999.0 -9999.0 -9999.0 -9999.0 -9999.0 -9999.0 -9999.0