Borden_/Borden1m_014/output_maps/psiliqL0021N0040.asc
ncols         80
nrows         18
xllcorner     620200.000000
yllcorner     5168000.000000
cellsize      1.000000
NODATA_value  -9999.0
-9999.0 -9999.0 -9999.0 -9999.0 -9999.0 -9999.0 -9999.0 -9999.0 -9999.0 -9999.0 -9999.0 -9999.0 -9999.0 -9999.0 -9999.0 -9999.0 -9999.0 -9999.0 -9999.0 -9999.0 -9999.0 -9999.0 -9999.0 -9999.0 -9999.0 -9999.0 -9999.0 -9999.0 -9999.0 -9999.0 -9999.0 -9999.0 -9999.0 -9999.0 -9999.0 -9999.0 -9999.0 -9999.0 -9999.0 -9999.0 -9999.0 -9999.0 -9999.0 -9999.0 -9999.0 -9999.0 -9999.0 -9999.0 -9999.0 -9999.0 -9999.0 -9999.0 -9999.0 -9999.0 -9999.0 -9999.0 -9999.0 -9999.0 -9999.0 -9999.0 -9999.0 -9999.0 -9999.0 -9999.0 -9999.0 -9999.0 -9999.0 -9999.0 -9999.0 -9999.0 -9999.0 -9999.0 -9999.0 -9999.0 -9999.0 -9999.0 -9999.0 -9999.0 -9999.0 -9999.0
-9999.0 -9999.0 -9999.0 -9999.0 -9999.0 -9999.0 -9999.0 -9999.0 -9999.0 -9999.0 -9999.0 -9999.0 -9999.0 -9999.0 -9999.0 -9999.0 -9999.0 -9999.0 -9999.0 -9999.0 -9999.0 -9999.0 -9999.0 -9999.0 -9999.0 -9999.0 -9999.0 -9999.0 -9999.0 -9999.0 -9999.0 -9999.0 -9999.0 -9999.0 -9999.0 -9999.0 -9999.0 -9999.0 -9999.0 -9999.0 -9999.0 -9999.0 -9999.0 -9999.0 -9999.0 -9999.0 -9999.0 -9999.0 -9999.0 -9999.0 -9999.0 -9999.0 -9999.0 -9999.0 -9999.0 -9999.0 -9999.0 -9999.0 -9999.0 -9999.0 -9999.0 -9999.0 -9999.0 -9999.0 -9999.0 -9999.0 -9999.0 -9999.0 -9999.0 -9999.0 -9999.0 -9999.0 -9999.0 -9999.0 -9999.0 -9999.0 -9999.0 -9999.0 -9999.0 -9999.0
-9999.0 -9999.0 -9999.0 -9999.0 -9999.0 -9999.0 -9999.0 -9999.0 -9999.0 -9999.0 -9999.0 -9999.0 -9999.0 -9999.0 -9999.0 -9999.0 -9999.0 -9999.0 -9999.0 -9999.0 2358.399835 2360.857116 2340.371011 2308.168777 2282.053300 2286.235898 2322.129819 2365.286007 2406.321012 2417.115200 2400.757513 2406.027231 2403.280427 2401.457806 2404.051814 2412.949719 2420.395288 2432.027162 2441.258491 2441.577863 2436.511283 2432.852119 2435.279885 2437.623087 2443.035506 2428.980227 2442.555165 2456.058409 2458.245369 2451.430313 2423.167565 2406.601618 2394.912034 2376.173895 2398.874375 2407.878073 2427.736550 2429.441649 2425.384455 2397.127050 2366.146210 -9999.0 -9999.0 -9999.0 -9999.0 -9999.0 -9999.0 -9999.0 -9999.0 -9999.0 -9999.0 -9999.0 -9999.0 -9999.0 -9999.0 -9999.0 -9999.0 -9999.0 -9999.0 -9999.0
-9999.0 -9999.0 -9999.0 -9999.0 -9999.0 -9999.0 -9999.0 -9999.0 -9999.0 -9999.0 -9999.0 -9999.0 -9999.0 -9999.0 2263.394863 2255.538378 2254.523579 2264.243744 2298.976328 2330.529174 2342.507411 2336.343810 2337.846416 2315.488834 2295.729903 2311.251886 2343.185452 2376.196108 2412.281304 2433.153409 2424.324354 2423.956142 2433.814565 2457.750486 2469.181472 2467.282305 2450.044262 2476.022553 2492.196229 2500.284813 2500.848779 2493.094170 2504.082421 2518.749446 2511.186148 2494.104283 2501.223870 2512.699284 2521.206470 2507.582214 2443.361277 2425.082277 2418.059330 2409.811494 2393.423262 2386.067561 2410.573538 2407.256413 2397.087290 2377.626931 2343.135351 2297.515366 2276.969246 2314.641299 2356.319728 2410.997811 -9999.0 -9999.0 -9999.0 -9999.0 -9999.0 -9999.0 -9999.0 -9999.0 -9999.0 -9999.0 -9999.0 -9999.0 -9999.0 -9999.0
-9999.0 -9999.0 -9999.0 -9999.0 -9999.0 -9999.0 -9999.0 -9999.0 -9999.0 2200.323705 2206.866704 2215.812566 2220.394620 2237.715549 2235.996401 2244.851240 2252.332277 2281.732066 2313.910700 2349.914663 2378.965001 2372.187361 2373.275868 2381.636820 2382.071457 2394.177890 2417.830401 2459.638957 2495.915359 2535.871793 2506.897313 2505.277120 2525.266463 2570.335245 2598.433156 2603.329683 2586.331386 2601.635770 2627.808556 2648.279458 2648.214332 2645.235007 2669.866908 2684.298531 2680.396871 2658.499206 2652.511176 2654.898496 2679.634589 2625.780052 2556.615264 2510.127037 2517.792850 2490.774704 2457.153032 2438.535250 2434.966163 2452.757454 2436.697256 2398.260185 2361.757496 2348.049508 2328.378215 2345.075075 2365.311993 2408.677369 2445.637192 2472.079576 2469.032943 2449.973062 -9999.0 -9999.0 -9999.0 -9999.0 -9999.0 -9999.0 -9999.0 -9999.0 -9999.0 -9999.0
-9999.0 -9999.0 -9999.0 -9999.0 -9999.0 -9999.0 2118.407192 2129.942218 2152.407952 2157.545622 2185.612821 2194.011407 2216.326890 2237.052549 2261.166764 2278.186494 2308.095417 2341.902746 2381.949157 2424.340181 2457.298314 2450.624060 2461.467211 2486.702733 2520.796170 2546.628047 2573.313941 2614.880524 2691.417341 2732.921807 2734.150072 2738.720352 2749.193025 2799.980172 2864.473008 2876.292011 2856.968342 2845.113545 2869.476193 2908.786356 2912.533555 2914.460974 2834.448897 2843.369703 2869.706185 2860.942390 2912.268195 2900.957625 2902.419370 2879.531517 2810.764443 2747.666639 2718.930523 2665.967750 2582.046385 2531.347809 2544.561117 2564.945057 2536.871842 2483.086828 2442.837754 2431.743633 2415.412000 2402.297270 2408.818919 2426.472160 2445.836859 2454.733027 2438.941570 2415.167381 2390.704099 2360.513624 2361.401728 2385.565064 -9999.0 -9999.0 -9999.0 -9999.0 -9999.0 -9999.0
-9999.0 -9999.0 -9999.0 -9999.0 2066.048619 2080.396085 2068.625220 2096.663373 2131.559855 2168.108945 2200.240784 2237.599030 2266.032719 2297.673609 2336.793922 2367.246441 2406.791563 2441.912510 2495.641287 2563.209838 2613.908656 2634.823550 2649.195469 2706.332152 2767.503004 2819.751489 2842.571843 2872.023075 2831.725150 2887.506113 2911.487904 2916.075258 2933.603399 2973.865181 3026.204981 3023.008094 3005.483439 2997.225269 3005.538459 3018.326954 3040.524328 3040.737627 3040.551691 3043.812038 3050.248560 3049.284547 3025.775496 2993.774749 3018.592212 3008.858118 2974.096713 2903.340259 2869.486024 2841.963445 2883.981565 2827.752634 2769.923439 2760.354331 2701.183758 2641.149645 2582.119786 2563.861625 2534.610100 2510.052816 2483.505869 2485.886802 2488.426162 2465.618341 2429.842821 2395.157011 2378.478961 2358.261516 2345.449108 2374.840717 2391.376056 2420.421839 -9999.0 -9999.0 -9999.0 -9999.0
-9999.0 -9999.0 2003.854282 2051.754745 2110.673298 2120.296908 2119.512667 2126.954708 2157.894627 2212.244169 2284.526562 2330.859288 2369.443015 2405.484004 2465.339460 2537.764526 2606.420328 2653.567290 2718.549212 2792.161747 2856.076420 2887.874306 2903.409767 2853.866662 2906.858552 2972.944125 3000.625874 3026.588593 3016.639304 3049.921597 3049.379160 3061.285191 3072.120306 3080.976998 3092.312763 3096.845955 3092.623258 3088.147892 3070.639089 3066.103340 3072.722208 3078.815270 3079.436092 3065.325264 3061.413779 3075.870206 3080.577828 3079.124751 3078.710336 3083.729315 3082.383502 3038.124175 3012.950134 2999.348780 3028.422192 2983.232989 2917.520876 2881.753818 2862.324481 2898.907632 2819.661867 2771.341170 2722.087362 2677.219824 2625.104095 2597.956245 2552.383177 2509.124462 2460.872132 2412.785171 2387.927862 2369.728698 2366.652966 2365.301347 2381.013496 2395.227147 2409.829351 2417.206690 -9999.0 -9999.0
-9999.0 1896.045116 1968.297991 2093.293886 2174.295516 2217.838277 2240.278556 2256.351374 2288.112778 2323.255793 2421.727893 2493.149659 2583.051289 2625.209212 2674.678061 2773.545294 2871.936334 2836.053338 2873.322081 2933.830675 2996.712468 3005.605927 3030.655622 3020.700414 3056.921225 3079.147189 3084.891179 3090.147162 3087.647330 3079.328995 3071.996131 3078.868951 3076.829320 3058.314653 3042.840004 3041.200083 3037.805799 3015.719098 3027.241053 3012.496123 3015.272414 3000.763412 3025.622404 3006.101954 3002.012044 3021.961288 3003.697207 2993.657487 3020.344050 2997.435039 3030.466058 3053.304268 3057.949793 3075.585463 3096.417624 3068.825391 3044.830591 3003.674543 3026.549500 3001.517855 2944.769125 2888.557635 2839.452883 2856.152334 2790.476653 2725.920865 2662.309195 2598.252211 2532.550785 2490.800453 2460.066064 2412.044358 2393.886038 2396.637691 2388.134413 2384.581122 2389.366606 2395.129481 -9999.0 -9999.0
-9999.0 1806.472184 1947.451342 2129.461710 2277.513128 2329.742140 2412.665492 2484.063872 2510.149476 2472.447512 2581.949302 2806.006052 2852.777764 2868.759832 2941.482931 2998.423023 2993.789157 3022.364403 3043.779023 3062.054336 3076.893105 3088.043235 3085.770748 3079.950889 3064.152598 3056.357716 3056.318002 3054.344985 3037.489315 3018.942112 3002.341441 3000.184546 3021.691918 2975.904097 2942.514531 2925.014846 2907.562159 2891.943126 2863.646671 2839.079006 2905.495025 2835.533562 2832.470427 2899.794798 2895.947539 2833.171647 2862.454738 2859.508162 2870.505834 2890.327348 2927.304390 2965.558046 2984.913495 3014.068994 3008.517339 3053.114121 3064.202433 3086.146885 3089.775034 3076.101558 3032.409097 3022.679775 2992.047994 2935.828518 2873.640572 2864.849228 2798.237589 2733.735507 2662.295218 2617.336518 2572.361552 2516.868313 2468.704402 2453.187636 2415.444639 2397.694514 -9999.0 -9999.0 -9999.0 -9999.0
-9999.0 1714.119530 1897.591481 2145.827620 2435.136716 2527.443084 2735.792173 2821.660127 2865.615445 2932.217329 2853.519156 3003.112005 3044.482606 3037.384264 3044.552294 3046.015576 3059.431006 3059.611619 3054.761585 3044.283252 3035.339140 3031.247571 3030.021705 3022.233438 3009.864426 2996.172583 3023.882254 3012.355503 2976.732586 2944.258544 2906.262774 2892.685395 2852.826727 2838.829900 2795.225403 2754.703532 2693.279601 2690.276667 2690.687916 2662.409843 2644.230474 2617.555096 2643.987816 2654.544273 2658.530898 2656.147560 2669.551509 2699.556651 2748.442081 2786.614286 2831.374886 2884.841934 2835.262562 2874.691387 2916.177390 2969.486176 2999.996189 3029.394636 3034.926546 3070.890388 3092.529249 3080.714818 3059.669581 3018.013725 2994.572353 2941.764580 2906.691526 2850.268925 2809.444287 2757.861396 2711.739969 2662.523737 2600.946386 2536.817134 2498.598249 -9999.0 -9999.0 -9999.0 -9999.0 -9999.0
-9999.0 1509.628654 1775.334943 2051.286348 2344.378781 2684.558406 2813.186856 2917.456745 2982.015500 2957.514053 2973.416465 2984.820695 2990.914379 2997.000949 3009.903925 2999.659091 2984.730976 2984.057417 2997.054828 2970.514228 2941.125598 2927.991102 2928.226859 2916.976796 2893.431753 2877.811934 2868.337286 2850.677704 2881.751030 2828.214188 2742.022154 2706.014110 2624.184391 2577.633207 2535.528327 2485.021147 2434.919963 2436.285269 2457.520397 2445.874921 2424.586924 2406.822079 2435.202303 2456.283309 2469.793672 2456.239416 2464.775343 2500.208703 2549.968401 2594.863884 2644.428028 2700.729196 2746.563721 2793.181113 2823.074789 2871.025494 2832.650471 2874.798715 2945.082321 3020.872156 3014.663916 3047.333644 3078.014152 3098.180428 3056.448868 3027.483576 3003.497019 2994.879361 2941.908645 2895.615293 2857.360027 2798.326673 2751.218410 -9999.0 -9999.0 -9999.0 -9999.0 -9999.0 -9999.0 -9999.0
-9999.0 1391.404461 1595.736641 1803.840184 2069.274803 2305.212974 2519.863221 2622.949123 2704.955092 2766.552700 2817.219107 2857.725336 2822.987529 2844.051824 2824.075591 2855.004300 2824.772435 2829.254301 2821.838576 2798.657691 2769.235059 2754.484184 2750.912453 2744.303547 2720.802074 2707.468645 2697.137396 2673.161025 2643.818918 2587.707544 2510.231746 2434.211041 2376.296407 2349.856786 2322.363629 2291.383304 2259.962046 2270.764775 2282.179791 2280.893820 2272.645168 2271.444330 2300.493795 2319.763549 2329.913517 2319.431290 2339.030257 2364.985812 2405.840669 2450.179340 2499.746052 2554.365940 2608.315802 2636.212894 2647.491709 2668.870609 2706.161820 2758.666287 2843.293332 2849.562760 2924.020262 2970.129983 3019.085356 3017.034145 3041.825492 3069.263173 3085.745034 3073.033337 3044.525119 3013.630101 2964.618633 -9999.0 -9999.0 -9999.0 -9999.0 -9999.0 -9999.0 -9999.0 -9999.0 -9999.0
-9999.0 -9999.0 1366.888363 1530.355253 1645.725720 1816.198578 1962.969724 2073.226197 2171.723757 2304.650742 2422.652682 2515.762822 2562.636543 2581.368726 2569.429352 2541.682820 2523.207754 2522.785535 2511.208586 2502.060514 2484.263570 2476.741668 2463.486994 2454.903449 2447.352211 2443.570043 2438.886898 2428.783039 2408.395379 2362.901786 2318.950247 2270.115768 2218.923352 2194.203539 2173.082125 2152.955756 2153.754372 2148.624875 2153.648125 2155.789377 2164.118012 2177.586608 2197.365444 2220.085128 2230.201524 2240.361049 2252.826835 2276.552312 2309.447743 2352.093518 2406.774356 2466.168425 2507.119150 2520.146478 2509.669149 2512.863407 2529.553931 2568.865600 2644.264940 2724.970501 2821.057223 2891.688828 2875.904958 2928.456687 2951.825094 2981.346332 3016.073735 3057.685258 3086.377398 3066.928140 -9999.0 -9999.0 -9999.0 -9999.0 -9999.0 -9999.0 -9999.0 -9999.0 -9999.0 -9999.0
-9999.0 -9999.0 -9999.0 -9999.0 1390.934521 1541.733960 1639.638449 1721.620488 1854.421867 1981.822321 2087.050795 2174.155115 2241.410835 2269.661985 2269.653975 2281.942101 2279.597140 2271.731118 2260.989400 2262.462972 2263.859418 2256.518587 2240.606950 2233.475197 2235.520414 2241.494069 2238.795564 2225.031214 2206.421715 2187.391459 2170.029607 2136.895914 2102.358421 2073.478747 2060.394353 2055.604067 2055.173920 2047.462754 2055.780275 2063.879697 2079.452916 2094.638333 2118.277614 2147.633260 2162.149998 2177.319442 2187.089214 2207.389605 2238.238440 2292.166091 2356.457214 2415.358285 2453.210808 2458.583860 2434.987570 2419.383379 2414.675423 2441.077228 2483.136218 2545.687652 2644.527312 2715.946122 2766.694471 2805.798615 2834.622202 2826.726990 2904.441790 2971.800417 -9999.0 -9999.0 -9999.0 -9999.0 -9999.0 -9999.0 -9999.0 -9999.0 -9999.0 -9999.0 -9999.0 -9999.0
-9999.0 -9999.0 -9999.0 -9999.0 -9999.0 -9999.0 1360.435825 1464.707016 1538.953272 1686.006812 1825.488934 1931.481876 2014.764944 2049.894258 2081.245355 2110.545240 2110.201794 2090.789927 2070.007672 2089.905467 2106.076473 2099.567594 2068.210952 2068.559527 2074.259693 2081.994268 2079.292779 2072.790871 2047.585716 2061.302550 2063.434620 2040.145686 2014.226720 2000.716788 1988.759045 1998.235489 1998.148905 1983.923968 1983.485179 2010.797460 2031.461298 2044.461975 2065.886307 2099.173157 2131.824815 2147.659068 2149.308251 2155.354513 2194.457008 2264.983106 2337.854653 2394.733210 2428.709238 2437.865461 2412.354690 2372.911554 2353.088793 2359.970542 2393.584594 2443.535951 2516.719971 2562.139039 2581.540680 2587.414867 2599.037992 2688.535943 -9999.0 -9999.0 -9999.0 -9999.0 -9999.0 -9999.0 -9999.0 -9999.0 -9999.0 -9999.0 -9999.0 -9999.0 -9999.0 -9999.0
-9999.0 -9999.0 -9999.0 -9999.0 -9999.0 -9999.0 -9999.0 -9999.0 -9999.0 -9999.0 -9999.0 -9999.0 -9999.0 -9999.0 -9999.0 -9999.0 -9999.0 -9999.0 -9999.0 -9999.0 -9999.0 -9999.0 -9999.0 -9999.0 -9999.0 -9999.0 -9999.0 -9999.0 -9999.0 -9999.0 -9999.0 -9999.0 -9999.0 -9999.0 -9999.0 -9999.0 -9999.0 -9999.0 -9999.0 -9999.0 -9999.0 -9999.0 -9999.0 -9999.0 -9999.0 -9999.0 -9999.0 -9999.0 -9999.0 -9999.0 -9999.0 -9999.0 -9999.0 -9999.0 -9999.0 -9999.0 -9999.0 -9999.0 -9999.0 -9999.0 -9999.0 -9999.0 -9999.0 -9999.0 -9999.0 -9999.0 -9999.0 -9999.0 -9999.0 -9999.0 -9999.0 -9999.0 -9999.0 -9999.0 -9999.0 -9999.0 -9999.0 -9999.0 -9999.0 -9999.0
-9999.0 -9999.0 -9999.0 -9999.0 -9999.0 -9999.0 -9999.0 -9999.0 -9999.0 -9999.0 -9999.0 -9999.0 -9999.0 -9999.0 -9999.0 -9999.0 -9999.0 -9999.0 -9999.0 -9999.0 -9999.0 -9999.0 -9999.0 -9999.0 -9999.0 -9999.0 -9999.0 -9999.0 -9999.0 -9999.0 -9999.0 -9999.0 -9999.0 -9999.0 -9999.0 -9999.0 -9999.0 -9999.0 -9999.0 -9999.0 -9999.0 -9999.0 -9999.0 -9999.0 -9999.0 -9999.0 -9999.0 -9999.0 -9999.0 -9999.0 -9999.0 -9999.0 -9999.0 -9999.0 -9999.0 -9999.0 -9999.0 -9999.0 -9999.0 -9999.0 -9999.0 -9999.0 -9999.0 -9999.0 -9999.0 -9999.0 -9999.0 -9999.0 -9999.0 -9999.0 -9999.0 -9999.0 -9999.0 -9999.0 -9999.0 -9999.0 -9999.0 -9999.0 -9999.0 -9999.0