Borden_/Borden1m_014/output_maps/psiliqL0004N0025.asc
ncols         80
nrows         18
xllcorner     620200.000000
yllcorner     5168000.000000
cellsize      1.000000
NODATA_value  -9999.0
-9999.0 -9999.0 -9999.0 -9999.0 -9999.0 -9999.0 -9999.0 -9999.0 -9999.0 -9999.0 -9999.0 -9999.0 -9999.0 -9999.0 -9999.0 -9999.0 -9999.0 -9999.0 -9999.0 -9999.0 -9999.0 -9999.0 -9999.0 -9999.0 -9999.0 -9999.0 -9999.0 -9999.0 -9999.0 -9999.0 -9999.0 -9999.0 -9999.0 -9999.0 -9999.0 -9999.0 -9999.0 -9999.0 -9999.0 -9999.0 -9999.0 -9999.0 -9999.0 -9999.0 -9999.0 -9999.0 -9999.0 -9999.0 -9999.0 -9999.0 -9999.0 -9999.0 -9999.0 -9999.0 -9999.0 -9999.0 -9999.0 -9999.0 -9999.0 -9999.0 -9999.0 -9999.0 -9999.0 -9999.0 -9999.0 -9999.0 -9999.0 -9999.0 -9999.0 -9999.0 -9999.0 -9999.0 -9999.0 -9999.0 -9999.0 -9999.0 -9999.0 -9999.0 -9999.0 -9999.0
-9999.0 -9999.0 -9999.0 -9999.0 -9999.0 -9999.0 -9999.0 -9999.0 -9999.0 -9999.0 -9999.0 -9999.0 -9999.0 -9999.0 -9999.0 -9999.0 -9999.0 -9999.0 -9999.0 -9999.0 -9999.0 -9999.0 -9999.0 -9999.0 -9999.0 -9999.0 -9999.0 -9999.0 -9999.0 -9999.0 -9999.0 -9999.0 -9999.0 -9999.0 -9999.0 -9999.0 -9999.0 -9999.0 -9999.0 -9999.0 -9999.0 -9999.0 -9999.0 -9999.0 -9999.0 -9999.0 -9999.0 -9999.0 -9999.0 -9999.0 -9999.0 -9999.0 -9999.0 -9999.0 -9999.0 -9999.0 -9999.0 -9999.0 -9999.0 -9999.0 -9999.0 -9999.0 -9999.0 -9999.0 -9999.0 -9999.0 -9999.0 -9999.0 -9999.0 -9999.0 -9999.0 -9999.0 -9999.0 -9999.0 -9999.0 -9999.0 -9999.0 -9999.0 -9999.0 -9999.0
-9999.0 -9999.0 -9999.0 -9999.0 -9999.0 -9999.0 -9999.0 -9999.0 -9999.0 -9999.0 -9999.0 -9999.0 -9999.0 -9999.0 -9999.0 -9999.0 -9999.0 -9999.0 -9999.0 -9999.0 -604.165990 -601.760636 -608.194132 -615.973078 -622.432219 -622.985367 -615.620755 -606.863406 -597.193976 -595.040996 -602.030445 -600.590672 -603.201908 -604.514589 -604.430983 -602.420382 -601.447407 -598.325212 -596.237962 -596.930753 -599.155206 -600.840240 -602.034151 -601.397612 -599.073496 -602.422229 -597.461168 -592.388541 -590.476661 -590.941039 -598.244035 -601.537209 -602.884790 -608.286084 -598.530405 -595.198019 -587.544029 -586.536382 -585.613593 -594.203209 -602.886452 -9999.0 -9999.0 -9999.0 -9999.0 -9999.0 -9999.0 -9999.0 -9999.0 -9999.0 -9999.0 -9999.0 -9999.0 -9999.0 -9999.0 -9999.0 -9999.0 -9999.0 -9999.0 -9999.0
-9999.0 -9999.0 -9999.0 -9999.0 -9999.0 -9999.0 -9999.0 -9999.0 -9999.0 -9999.0 -9999.0 -9999.0 -9999.0 -9999.0 -618.620491 -621.888777 -623.361321 -623.840393 -617.183785 -611.651247 -610.723484 -614.060155 -611.803540 -618.794810 -624.978880 -621.227490 -615.283729 -609.809078 -601.688767 -595.837989 -600.842914 -602.079187 -599.147956 -589.417137 -584.838856 -586.629858 -597.164635 -587.012033 -581.360744 -577.811641 -578.295321 -582.972239 -576.225352 -568.471071 -572.218839 -580.505529 -578.763404 -573.850909 -566.360158 -571.107861 -597.959871 -601.923751 -600.994633 -601.010839 -604.893607 -607.432276 -597.472332 -598.399644 -600.301120 -603.088944 -610.035265 -620.508522 -625.018382 -614.565024 -604.450968 -585.772473 -9999.0 -9999.0 -9999.0 -9999.0 -9999.0 -9999.0 -9999.0 -9999.0 -9999.0 -9999.0 -9999.0 -9999.0 -9999.0 -9999.0
-9999.0 -9999.0 -9999.0 -9999.0 -9999.0 -9999.0 -9999.0 -9999.0 -9999.0 -625.610186 -626.251969 -625.219117 -627.053687 -623.968508 -628.265802 -627.025083 -627.509576 -622.819990 -618.444122 -611.636085 -603.549856 -608.823297 -609.470826 -605.495208 -604.732289 -602.581762 -598.207957 -584.858463 -569.752278 -548.935671 -565.693046 -566.565769 -556.778634 -524.300616 -495.944076 -487.813638 -501.929268 -501.557317 -483.377204 -462.155873 -462.508713 -464.320405 -441.259996 -426.969411 -417.628756 -438.815411 -458.870161 -461.876360 -435.305280 -481.961557 -525.013404 -560.784031 -558.920427 -572.845497 -588.815512 -595.326330 -597.161335 -586.244170 -590.877467 -602.150146 -611.639413 -610.099013 -615.017279 -610.022110 -605.680470 -591.049854 -577.978940 -566.096714 -565.556155 -572.886311 -9999.0 -9999.0 -9999.0 -9999.0 -9999.0 -9999.0 -9999.0 -9999.0 -9999.0 -9999.0
-9999.0 -9999.0 -9999.0 -9999.0 -9999.0 -9999.0 -633.137223 -633.244846 -631.050975 -636.212100 -631.720172 -634.095847 -630.695121 -628.819543 -626.214820 -625.452858 -619.591792 -613.963188 -604.892095 -593.217400 -582.867509 -587.258149 -584.462500 -570.569795 -545.705549 -523.660202 -509.501999 -484.705248 -407.204628 -342.675095 -315.687690 -301.266767 -281.938148 -254.464421 -203.237894 -139.456226 -207.439950 -226.883599 -213.044775 -173.794994 -98.477376 -95.606162 -89.821052 -82.387002 -56.621899 -63.577210 -168.355696 -196.521602 -204.182052 -211.919940 -247.920389 -287.976624 -360.036053 -428.732193 -497.348564 -534.775726 -540.875489 -533.840923 -550.514440 -574.127083 -589.275054 -590.180295 -593.525737 -598.701373 -596.113855 -589.941538 -581.054274 -575.766419 -579.956002 -586.094708 -591.368099 -600.650093 -599.358481 -590.499251 -9999.0 -9999.0 -9999.0 -9999.0 -9999.0 -9999.0
-9999.0 -9999.0 -9999.0 -9999.0 -642.571700 -639.814062 -647.656102 -642.836983 -638.793184 -635.431356 -634.452780 -628.905059 -626.662595 -622.318103 -613.868546 -606.763942 -595.126695 -585.858379 -563.541405 -522.942825 -485.889522 -463.636735 -449.673961 -362.666071 -279.859519 -244.272133 -232.474988 -212.102887 -165.599624 -49.104616 -21.653982 -14.445671 1.962095 0.967010 65.665453 100.813828 81.084800 75.175843 77.100305 85.005158 109.926361 110.943311 111.887100 112.140308 114.203368 115.636695 94.394327 63.737464 51.817482 45.258106 27.411354 -33.515758 -132.354705 -172.767087 -196.680280 -230.490191 -277.592484 -304.759841 -393.908046 -458.214383 -510.856339 -529.764629 -548.702801 -559.616458 -573.447935 -571.164009 -567.674662 -575.062861 -585.278503 -595.148489 -597.234317 -601.798830 -606.075270 -594.815707 -590.157075 -578.074227 -9999.0 -9999.0 -9999.0 -9999.0
-9999.0 -9999.0 -644.157158 -643.071109 -635.020971 -638.970395 -641.565107 -645.086919 -642.842404 -634.653030 -619.497044 -611.654413 -600.996023 -594.473789 -572.154727 -523.631279 -470.806710 -424.160434 -332.920574 -267.871525 -224.912277 -188.254635 -109.191867 -70.293625 -26.561909 -5.089109 44.109642 65.043220 88.590910 116.356223 141.014227 156.467732 162.116464 155.911713 155.824387 153.963522 152.158093 147.748528 131.185716 128.874796 136.161310 138.667061 141.955783 129.771396 125.950767 138.404080 140.126092 140.588474 142.596068 150.767656 161.361043 132.133623 79.034248 67.127664 62.161494 26.246977 -32.988229 -123.739053 -156.145029 -195.417962 -255.532016 -290.400028 -366.297847 -442.015632 -492.522372 -515.978373 -541.469424 -558.921052 -575.857252 -591.734344 -597.306980 -600.909166 -599.315278 -600.384524 -594.303922 -589.367413 -582.826960 -580.137757 -9999.0 -9999.0
-9999.0 -647.845380 -649.202723 -634.603546 -630.224721 -626.246220 -621.726944 -617.852725 -613.419842 -616.392757 -578.559546 -516.848817 -457.140907 -431.537942 -350.455553 -250.101845 -109.552844 -73.784964 -45.616723 -5.444324 41.883275 80.719190 106.077031 138.089398 162.035086 156.989234 155.162227 153.768903 145.203042 138.110106 128.249126 136.120865 134.776012 119.486105 107.687168 107.411177 103.664528 79.206625 53.279067 40.991614 46.005244 66.904544 56.789054 36.996793 33.194343 52.732386 67.878625 59.702748 48.080170 63.859530 95.233982 112.588644 128.739926 142.552333 162.585061 140.703017 108.385419 71.398205 55.187778 31.656980 -66.117836 -129.936743 -183.652837 -240.180508 -285.236385 -372.401776 -456.959930 -503.399335 -540.659299 -556.713953 -567.429590 -588.230853 -594.392005 -590.615928 -593.454515 -593.843937 -591.155126 -588.954045 -9999.0 -9999.0
-9999.0 -660.898189 -647.705072 -630.600967 -608.661872 -602.354053 -545.933431 -497.894378 -482.507738 -503.074423 -392.544129 -108.084942 -42.120052 -39.755503 14.177759 82.253039 123.269102 145.604086 160.244500 151.470004 146.093560 148.433612 143.872854 135.754948 122.576650 115.306137 115.026359 113.277235 95.666516 78.335964 63.055856 62.037731 48.915159 15.202935 -14.052181 -25.177904 -43.518125 -111.350562 -156.098948 -185.601893 -198.263320 -179.656138 -189.542960 -206.243542 -209.551978 -187.684058 -154.650425 -158.984973 -151.444033 -126.412713 -81.607500 -3.327812 17.224031 42.734076 75.493334 113.153067 131.651966 150.989734 157.343213 133.221971 94.912445 49.900932 21.121780 -79.410658 -151.378432 -224.622653 -267.580415 -302.297848 -397.774838 -455.997472 -497.544573 -533.990438 -562.594054 -570.437486 -585.672420 -589.493356 -9999.0 -9999.0 -9999.0 -9999.0
-9999.0 -662.749754 -649.462191 -618.575142 -548.066945 -466.376311 -281.499968 -162.876756 -7.761390 -41.923447 63.154945 141.123248 151.330517 135.661372 110.769596 107.826798 117.496136 119.709762 115.388912 106.553633 96.232933 92.870768 90.620478 81.723615 71.785428 57.801538 46.868805 35.644017 -45.819393 -81.653761 -109.588955 -127.513449 -162.588907 -236.636290 -262.128471 -281.014202 -353.139940 -372.646692 -392.972589 -431.734802 -450.082702 -461.765384 -446.371245 -449.717399 -450.846407 -441.494483 -416.451738 -394.235326 -332.250079 -286.369560 -259.345852 -219.841174 -188.777725 -143.852651 -91.998658 2.674207 31.004939 57.243243 97.510480 134.076295 154.680335 147.148367 118.891994 83.222190 24.887980 -80.449712 -127.713511 -186.526816 -240.400447 -275.172602 -301.430998 -375.202161 -464.677303 -527.903290 -547.215223 -9999.0 -9999.0 -9999.0 -9999.0 -9999.0
-9999.0 -682.187385 -651.116446 -624.925810 -514.256600 -271.578757 -184.485101 65.633542 124.984987 54.114215 -42.320627 28.168378 62.422355 63.034491 39.408676 31.098908 24.634144 23.958135 36.086194 8.437791 -61.608146 -79.563709 -81.921612 -96.100395 -120.261156 -140.583004 -155.909537 -177.077340 -224.573443 -256.897671 -304.290449 -345.945767 -440.699385 -497.517972 -526.807989 -552.991141 -578.511095 -578.130505 -570.051172 -577.324505 -585.627379 -593.907930 -583.592892 -578.461639 -573.993146 -579.200540 -577.106891 -562.999362 -540.259856 -517.004623 -482.434034 -430.958533 -367.099821 -289.953959 -266.649915 -227.527517 -187.029382 -137.790663 -62.676775 49.815783 78.462363 108.810369 144.559043 162.285901 123.815381 85.200929 34.903426 -37.305214 -136.298976 -187.751536 -212.757023 -241.079448 -277.893200 -9999.0 -9999.0 -9999.0 -9999.0 -9999.0 -9999.0 -9999.0
-9999.0 -692.471835 -659.928660 -653.181143 -609.195782 -524.509846 -397.492395 -267.979605 -121.428406 -226.259291 -238.107457 -218.655446 -194.668529 -175.629759 -196.482999 -223.433586 -240.955049 -237.382886 -235.781134 -252.093058 -271.465509 -279.863654 -280.805140 -290.444170 -332.547017 -360.626106 -378.036929 -409.801349 -451.651691 -494.849608 -547.045827 -575.821449 -596.958161 -605.211231 -611.375395 -617.760849 -628.359636 -622.953537 -618.508916 -619.629394 -622.958007 -625.227881 -617.216106 -613.908186 -611.323261 -617.876501 -612.739571 -607.372062 -596.294883 -584.691595 -568.801014 -546.717879 -520.092277 -501.320737 -487.542296 -459.744574 -408.890775 -313.469229 -249.008153 -161.859086 -87.174766 -1.642084 47.141720 63.160186 99.551348 112.074970 116.261460 86.359068 -61.034340 -130.547152 -151.915037 -9999.0 -9999.0 -9999.0 -9999.0 -9999.0 -9999.0 -9999.0 -9999.0 -9999.0
-9999.0 -9999.0 -700.061920 -685.944702 -673.788604 -659.242832 -638.665585 -613.665660 -593.023873 -567.076517 -531.930599 -494.073092 -468.827617 -456.783485 -472.550295 -502.675049 -519.883655 -518.989758 -523.766471 -532.962175 -548.813004 -554.545002 -558.645284 -561.997600 -569.159424 -572.283076 -573.762369 -576.941910 -583.771653 -598.402785 -611.621110 -621.300218 -631.370829 -632.020809 -633.997965 -637.377566 -635.148777 -635.782684 -634.831347 -635.155642 -634.297346 -632.622426 -630.381643 -627.470325 -626.979965 -626.083043 -624.815099 -621.487717 -616.359503 -609.385625 -597.058416 -580.070133 -567.211927 -563.932914 -569.843304 -567.964772 -559.194283 -538.130715 -476.706304 -363.963938 -270.166366 -213.288542 -141.946011 -90.206665 -53.547721 -5.889920 45.998553 18.569866 -146.169931 -150.940479 -9999.0 -9999.0 -9999.0 -9999.0 -9999.0 -9999.0 -9999.0 -9999.0 -9999.0 -9999.0
-9999.0 -9999.0 -9999.0 -9999.0 -706.470107 -686.322571 -668.676233 -669.441822 -655.568908 -645.830110 -636.258658 -625.242249 -616.111671 -610.715845 -616.287259 -617.686875 -619.165783 -618.671537 -620.222768 -621.755683 -622.593354 -623.778408 -625.179472 -626.684168 -626.188215 -624.840033 -624.598848 -627.150570 -627.862798 -632.620387 -633.852333 -637.168544 -640.338414 -643.604719 -643.314407 -643.668993 -642.485988 -643.860924 -641.769422 -642.711620 -640.923345 -639.907420 -637.555617 -633.925239 -634.548047 -632.479086 -632.080696 -629.260946 -627.213494 -619.146076 -606.562161 -592.382336 -582.834074 -582.973424 -594.011308 -599.173967 -601.736411 -594.171858 -580.624831 -553.291575 -490.989453 -418.131366 -310.804275 -268.056053 -242.707808 -199.176098 -135.856356 -93.025671 -9999.0 -9999.0 -9999.0 -9999.0 -9999.0 -9999.0 -9999.0 -9999.0 -9999.0 -9999.0 -9999.0 -9999.0
-9999.0 -9999.0 -9999.0 -9999.0 -9999.0 -9999.0 -697.791416 -687.620199 -690.251968 -681.678469 -673.701584 -667.241016 -658.421846 -658.586472 -655.903381 -649.704165 -650.546236 -653.638416 -657.425519 -652.062315 -649.590322 -649.240224 -655.299213 -653.783781 -653.081953 -650.804065 -651.032325 -650.261361 -655.341787 -649.629053 -646.995299 -648.428608 -649.838849 -649.027915 -650.339139 -646.802855 -646.384326 -649.276911 -650.064312 -645.741197 -644.271284 -644.555041 -643.351394 -639.979903 -635.393505 -634.410235 -636.054691 -638.217509 -633.052554 -621.506989 -608.136171 -596.165158 -588.408325 -586.203014 -595.982273 -609.069705 -615.713919 -616.198532 -609.929417 -598.052642 -572.486738 -554.410737 -539.652497 -523.145247 -502.705377 -407.672393 -9999.0 -9999.0 -9999.0 -9999.0 -9999.0 -9999.0 -9999.0 -9999.0 -9999.0 -9999.0 -9999.0 -9999.0 -9999.0 -9999.0
-9999.0 -9999.0 -9999.0 -9999.0 -9999.0 -9999.0 -9999.0 -9999.0 -9999.0 -9999.0 -9999.0 -9999.0 -9999.0 -9999.0 -9999.0 -9999.0 -9999.0 -9999.0 -9999.0 -9999.0 -9999.0 -9999.0 -9999.0 -9999.0 -9999.0 -9999.0 -9999.0 -9999.0 -9999.0 -9999.0 -9999.0 -9999.0 -9999.0 -9999.0 -9999.0 -9999.0 -9999.0 -9999.0 -9999.0 -9999.0 -9999.0 -9999.0 -9999.0 -9999.0 -9999.0 -9999.0 -9999.0 -9999.0 -9999.0 -9999.0 -9999.0 -9999.0 -9999.0 -9999.0 -9999.0 -9999.0 -9999.0 -9999.0 -9999.0 -9999.0 -9999.0 -9999.0 -9999.0 -9999.0 -9999.0 -9999.0 -9999.0 -9999.0 -9999.0 -9999.0 -9999.0 -9999.0 -9999.0 -9999.0 -9999.0 -9999.0 -9999.0 -9999.0 -9999.0 -9999.0
-9999.0 -9999.0 -9999.0 -9999.0 -9999.0 -9999.0 -9999.0 -9999.0 -9999.0 -9999.0 -9999.0 -9999.0 -9999.0 -9999.0 -9999.0 -9999.0 -9999.0 -9999.0 -9999.0 -9999.0 -9999.0 -9999.0 -9999.0 -9999.0 -9999.0 -9999.0 -9999.0 -9999.0 -9999.0 -9999.0 -9999.0 -9999.0 -9999.0 -9999.0 -9999.0 -9999.0 -9999.0 -9999.0 -9999.0 -9999.0 -9999.0 -9999.0 -9999.0 -9999.0 -9999.0 -9999.0 -9999.0 -9999.0 -9999.0 -9999.0 -9999.0 -9999.0 -9999.0 -9999.0 -9999.0 -9999.0 -9999.0 -9999.0 -9999.0 -9999.0 -9999.0 -9999.0 -9999.0 -9999.0 -9999.0 -9999.0 -9999.0 -9999.0 -9999.0 -9999.0 -9999.0 -9999.0 -9999.0 -9999.0 -9999.0 -9999.0 -9999.0 -9999.0 -9999.0 -9999.0