Borden_/Borden1m_014/output_maps/psiliqL0019N0004.asc
ncols         80
nrows         18
xllcorner     620200.000000
yllcorner     5168000.000000
cellsize      1.000000
NODATA_value  -9999.0
-9999.0 -9999.0 -9999.0 -9999.0 -9999.0 -9999.0 -9999.0 -9999.0 -9999.0 -9999.0 -9999.0 -9999.0 -9999.0 -9999.0 -9999.0 -9999.0 -9999.0 -9999.0 -9999.0 -9999.0 -9999.0 -9999.0 -9999.0 -9999.0 -9999.0 -9999.0 -9999.0 -9999.0 -9999.0 -9999.0 -9999.0 -9999.0 -9999.0 -9999.0 -9999.0 -9999.0 -9999.0 -9999.0 -9999.0 -9999.0 -9999.0 -9999.0 -9999.0 -9999.0 -9999.0 -9999.0 -9999.0 -9999.0 -9999.0 -9999.0 -9999.0 -9999.0 -9999.0 -9999.0 -9999.0 -9999.0 -9999.0 -9999.0 -9999.0 -9999.0 -9999.0 -9999.0 -9999.0 -9999.0 -9999.0 -9999.0 -9999.0 -9999.0 -9999.0 -9999.0 -9999.0 -9999.0 -9999.0 -9999.0 -9999.0 -9999.0 -9999.0 -9999.0 -9999.0 -9999.0
-9999.0 -9999.0 -9999.0 -9999.0 -9999.0 -9999.0 -9999.0 -9999.0 -9999.0 -9999.0 -9999.0 -9999.0 -9999.0 -9999.0 -9999.0 -9999.0 -9999.0 -9999.0 -9999.0 -9999.0 -9999.0 -9999.0 -9999.0 -9999.0 -9999.0 -9999.0 -9999.0 -9999.0 -9999.0 -9999.0 -9999.0 -9999.0 -9999.0 -9999.0 -9999.0 -9999.0 -9999.0 -9999.0 -9999.0 -9999.0 -9999.0 -9999.0 -9999.0 -9999.0 -9999.0 -9999.0 -9999.0 -9999.0 -9999.0 -9999.0 -9999.0 -9999.0 -9999.0 -9999.0 -9999.0 -9999.0 -9999.0 -9999.0 -9999.0 -9999.0 -9999.0 -9999.0 -9999.0 -9999.0 -9999.0 -9999.0 -9999.0 -9999.0 -9999.0 -9999.0 -9999.0 -9999.0 -9999.0 -9999.0 -9999.0 -9999.0 -9999.0 -9999.0 -9999.0 -9999.0
-9999.0 -9999.0 -9999.0 -9999.0 -9999.0 -9999.0 -9999.0 -9999.0 -9999.0 -9999.0 -9999.0 -9999.0 -9999.0 -9999.0 -9999.0 -9999.0 -9999.0 -9999.0 -9999.0 -9999.0 1937.725888 1939.927464 1918.608202 1885.547865 1858.396922 1861.413028 1896.272091 1938.268126 1978.014032 1988.066748 1970.771250 1974.601274 1970.471566 1967.801940 1969.095672 1976.089685 1981.205390 1991.465582 1999.083552 1997.946314 1991.735987 1987.427134 1989.683355 1993.146918 1999.535742 1987.096109 2001.144133 2015.662328 2019.566805 2014.603004 1988.323174 1973.585580 1964.078709 1947.455003 1971.683138 1982.343664 2004.151677 2007.391370 2004.665178 1977.139743 1946.674371 -9999.0 -9999.0 -9999.0 -9999.0 -9999.0 -9999.0 -9999.0 -9999.0 -9999.0 -9999.0 -9999.0 -9999.0 -9999.0 -9999.0 -9999.0 -9999.0 -9999.0 -9999.0 -9999.0
-9999.0 -9999.0 -9999.0 -9999.0 -9999.0 -9999.0 -9999.0 -9999.0 -9999.0 -9999.0 -9999.0 -9999.0 -9999.0 -9999.0 1846.528554 1837.657164 1835.385954 1843.889402 1877.476528 1908.012231 1919.910458 1913.006656 1913.748214 1890.640870 1870.143974 1884.623039 1915.306735 1947.494077 1982.702540 2003.029227 1993.118549 1991.626020 2000.500375 2023.273770 2033.588361 2030.045473 2010.896739 2034.491653 2048.913499 2055.648872 2054.943594 2046.955890 2059.446816 2076.009915 2070.101936 2053.777378 2060.418364 2072.100484 2082.307590 2070.179562 2008.366831 1991.541782 1986.735110 1980.041596 1965.296739 1958.961865 1984.480217 1983.127197 1974.248756 1955.742089 1922.155968 1877.151321 1857.785055 1896.460567 1939.452497 1995.638840 -9999.0 -9999.0 -9999.0 -9999.0 -9999.0 -9999.0 -9999.0 -9999.0 -9999.0 -9999.0 -9999.0 -9999.0 -9999.0 -9999.0
-9999.0 -9999.0 -9999.0 -9999.0 -9999.0 -9999.0 -9999.0 -9999.0 -9999.0 1787.941179 1793.473259 1801.220045 1804.255708 1820.185783 1817.612771 1825.104665 1831.490098 1859.215439 1890.136042 1924.978494 1953.338382 1945.106886 1945.818933 1954.421472 1955.311376 1966.820080 1989.301450 2029.857661 2067.281781 2107.614300 2078.807066 2076.573434 2095.281907 2139.330092 2167.063959 2170.866345 2152.041509 2163.734011 2187.759578 2207.011644 2205.784760 2203.394677 2230.751157 2248.232898 2248.097082 2227.359527 2218.147760 2219.051627 2244.062655 2192.505221 2126.475965 2080.948024 2088.996854 2061.715094 2027.739351 2009.845594 2007.163516 2026.384762 2011.385640 1974.130849 1938.034766 1925.620653 1907.305848 1924.952161 1946.643021 1992.028398 2030.503440 2058.768392 2057.626302 2039.795755 -9999.0 -9999.0 -9999.0 -9999.0 -9999.0 -9999.0 -9999.0 -9999.0 -9999.0 -9999.0
-9999.0 -9999.0 -9999.0 -9999.0 -9999.0 -9999.0 1708.235155 1718.739462 1739.922452 1744.308154 1770.795075 1778.009650 1798.680848 1817.765093 1839.893215 1855.399389 1884.054569 1916.525066 1955.966124 1997.414028 2028.565524 2021.744488 2031.890341 2059.244157 2094.755067 2121.185467 2146.995947 2188.012751 2264.876526 2307.841566 2311.690857 2316.239430 2325.567467 2374.318092 2437.027761 2447.946073 2426.773899 2412.431538 2433.738581 2470.318673 2473.427668 2476.082280 2493.992075 2510.089017 2539.266265 2528.127507 2484.491628 2470.241543 2470.401540 2450.471064 2385.652978 2324.142929 2294.891317 2243.405971 2159.319057 2107.887442 2119.705936 2140.099542 2112.164013 2058.224646 2018.434974 2007.836180 1992.449554 1980.158219 1987.670738 2007.188104 2029.017461 2040.246232 2026.790430 2005.017529 1982.054503 1952.983575 1954.691523 1979.491584 -9999.0 -9999.0 -9999.0 -9999.0 -9999.0 -9999.0
-9999.0 -9999.0 -9999.0 -9999.0 1657.501512 1670.887874 1658.341795 1684.738584 1718.052436 1752.853235 1783.765495 1819.492826 1846.134704 1875.797808 1913.672356 1943.482347 1982.270060 2016.785336 2069.868595 2136.331425 2185.789281 2206.861602 2222.004015 2280.887612 2343.246288 2396.092140 2418.739185 2448.791817 2498.648503 2563.116642 2592.160540 2598.734791 2615.604732 2652.613603 2701.915381 2736.864469 2719.454518 2710.628541 2717.355059 2728.969708 2751.494483 2753.840017 2759.340584 2767.286078 2775.940904 2774.688593 2747.367432 2711.785492 2694.348225 2684.072060 2650.993183 2580.496963 2542.424300 2507.764659 2465.462915 2409.694546 2350.462345 2339.820554 2281.333385 2221.044089 2160.279840 2140.573062 2110.799232 2086.552065 2060.278462 2064.269372 2069.247954 2049.458022 2016.823186 1984.505839 1969.325651 1950.249810 1938.560863 1968.631331 1986.039766 2015.883078 -9999.0 -9999.0 -9999.0 -9999.0
-9999.0 -9999.0 1597.611034 1645.113183 1702.496292 1710.894470 1709.523857 1715.491025 1744.459024 1796.643953 1867.870818 1913.725641 1951.919610 1985.537035 2042.506999 2114.847374 2183.322091 2232.163306 2295.084418 2367.112000 2429.822859 2462.048586 2480.168913 2526.157946 2585.301976 2652.540086 2681.782620 2710.784527 2749.423028 2789.279964 2795.976517 2809.156859 2817.715030 2822.287620 2829.657516 2832.359963 2826.857089 2820.525822 2799.642593 2792.221202 2796.720227 2802.882817 2804.715091 2793.521893 2792.139467 2808.183489 2814.720239 2814.397445 2813.396941 2820.414101 2820.912650 2778.054659 2747.198526 2728.209381 2711.045552 2664.109206 2598.503600 2559.962770 2534.898055 2484.215240 2402.893397 2351.667925 2300.124507 2253.337928 2203.057610 2176.559786 2133.420383 2093.299278 2048.161758 2002.526173 1979.190919 1961.464715 1958.969709 1958.610192 1975.087409 1990.385205 2005.885594 2013.747965 -9999.0 -9999.0
-9999.0 1491.720814 1563.506301 1687.877939 1767.214936 1809.434285 1833.471684 1850.644531 1879.857675 1909.980154 2007.987772 2082.549726 2172.060475 2211.199508 2258.643269 2353.677023 2450.785275 2504.091211 2548.380845 2610.653664 2674.896193 2727.443335 2759.365853 2763.616679 2803.717405 2825.286572 2831.147542 2837.127445 2837.695756 2832.756046 2826.544391 2832.196435 2825.674450 2802.877369 2783.991646 2779.728391 2773.936566 2748.068552 2713.676338 2692.750310 2690.233414 2713.561830 2698.733153 2678.497818 2676.905478 2702.497560 2730.620576 2725.568471 2714.276205 2735.140400 2770.045274 2792.912462 2799.741306 2817.022313 2837.554070 2810.961435 2786.577709 2744.659310 2721.208414 2688.835606 2627.308971 2564.292458 2504.428830 2439.962083 2373.663795 2308.881527 2248.096827 2188.572030 2125.157444 2085.179918 2054.607144 2005.342070 1986.125518 1989.094030 1981.453583 1979.003544 1985.232016 1991.612960 -9999.0 -9999.0
-9999.0 1404.849077 1545.578600 1726.903841 1872.826804 1924.869896 2012.505759 2085.370596 2110.402177 2073.804854 2179.591244 2399.498284 2516.355305 2538.406492 2612.836631 2706.627431 2714.716161 2752.177391 2779.780133 2799.563843 2815.469702 2830.133905 2831.932854 2830.375059 2817.978958 2810.966035 2808.685474 2804.866561 2787.524219 2769.297490 2751.936791 2745.446043 2718.974603 2665.859850 2627.855802 2607.888747 2589.417232 2570.163943 2535.652947 2501.717624 2479.334773 2490.446849 2485.262063 2468.607916 2466.601088 2493.567538 2531.302114 2533.633209 2547.446206 2569.346134 2607.758171 2647.210487 2671.326656 2705.225949 2747.134861 2795.085270 2810.794192 2835.427359 2839.973599 2823.540802 2777.438117 2720.147653 2682.659275 2617.718039 2544.776419 2463.303966 2398.573964 2337.325390 2268.970134 2223.465463 2175.012103 2114.891536 2062.670362 2045.161211 2008.054635 1991.094899 -9999.0 -9999.0 -9999.0 -9999.0
-9999.0 1316.503294 1500.513921 1749.998304 2031.750366 2127.039225 2332.680964 2461.580857 2515.487306 2586.446349 2528.867899 2703.390251 2753.781160 2753.788869 2760.441372 2764.859733 2781.356875 2786.503139 2786.246774 2779.854923 2774.466393 2773.565506 2775.083659 2769.853556 2758.741309 2742.794673 2723.784194 2706.683119 2666.248683 2632.175554 2593.595110 2576.484480 2530.030538 2428.348409 2381.347005 2341.338247 2281.753957 2277.242339 2273.150138 2241.411504 2219.091213 2193.190221 2216.921799 2224.325091 2228.624955 2231.046304 2248.595676 2278.084953 2325.978250 2362.784742 2405.861580 2457.995838 2496.814598 2545.232344 2593.236778 2651.595407 2689.394629 2725.806897 2780.264597 2821.034961 2846.276110 2834.438098 2809.641607 2762.350571 2689.388022 2624.637314 2577.189338 2505.404604 2439.969422 2384.875406 2330.810424 2267.898829 2198.102588 2128.809140 2090.471472 -9999.0 -9999.0 -9999.0 -9999.0 -9999.0
-9999.0 1119.744791 1384.990222 1662.539692 1958.918759 2291.106861 2441.926076 2559.967634 2631.383233 2608.591193 2625.495575 2644.101944 2691.348031 2703.210315 2681.507651 2669.784985 2655.981740 2656.817099 2672.014539 2648.598547 2622.511935 2612.054186 2614.067583 2604.008573 2580.788017 2562.847628 2548.031407 2521.243514 2468.307673 2415.101431 2331.033313 2297.067059 2216.559132 2164.017446 2119.973227 2069.849606 2020.365070 2020.682408 2039.119941 2024.400708 2001.202731 1982.163431 2009.111646 2028.253409 2041.455908 2029.418737 2039.052433 2075.220905 2124.085151 2166.936547 2214.381424 2267.227978 2313.043131 2361.277680 2393.429710 2444.222447 2498.500807 2551.852455 2629.744496 2713.576443 2758.540775 2797.449736 2831.672963 2851.248821 2802.462372 2759.522701 2713.607426 2656.654649 2584.097702 2535.020321 2495.578131 2420.987501 2350.671840 -9999.0 -9999.0 -9999.0 -9999.0 -9999.0 -9999.0 -9999.0
-9999.0 998.876906 1206.715451 1419.668364 1687.959979 1920.267596 2123.898140 2224.898948 2302.212819 2355.043015 2400.975797 2439.932573 2473.540693 2499.149745 2477.711545 2433.246205 2402.504134 2407.196040 2402.344624 2381.313928 2354.529612 2341.979519 2340.463289 2334.851305 2311.471051 2297.011623 2284.445994 2258.678003 2226.295447 2171.124823 2094.587433 2021.337047 1962.546138 1934.141432 1906.010582 1874.867753 1842.287761 1852.941956 1864.506002 1861.423726 1851.602805 1849.199504 1877.814598 1896.889022 1906.910214 1896.024416 1915.341802 1941.008754 1980.984959 2022.740904 2069.785209 2122.427248 2174.350062 2201.736600 2213.497200 2236.524016 2275.850487 2331.448859 2419.561183 2519.695985 2604.275354 2658.996445 2717.240853 2761.074733 2782.642699 2799.515844 2788.314550 2724.419433 2637.118446 2624.644450 2611.718861 -9999.0 -9999.0 -9999.0 -9999.0 -9999.0 -9999.0 -9999.0 -9999.0 -9999.0
-9999.0 -9999.0 976.155730 1142.749469 1263.228237 1433.875322 1578.558804 1685.573823 1778.113605 1902.381649 2014.626486 2103.032953 2148.856204 2166.857170 2152.938779 2121.706176 2101.841899 2101.965807 2091.988413 2083.818787 2066.941883 2060.778073 2049.666392 2041.912419 2033.738775 2029.043255 2023.310550 2011.676924 1990.774251 1945.906064 1901.746290 1853.217032 1802.324306 1777.899055 1757.014516 1736.898643 1737.295090 1732.844069 1738.055193 1739.660704 1747.093711 1759.896273 1779.481298 1801.573150 1811.268448 1820.594334 1832.607382 1855.582261 1887.436572 1928.561514 1981.089183 2037.408065 2075.786317 2087.031770 2075.582019 2078.502199 2096.259379 2136.492239 2213.796477 2296.556600 2395.170527 2471.550390 2552.389007 2612.762738 2638.627366 2667.869048 2705.334019 2676.334969 2567.590170 2594.915613 -9999.0 -9999.0 -9999.0 -9999.0 -9999.0 -9999.0 -9999.0 -9999.0 -9999.0 -9999.0
-9999.0 -9999.0 -9999.0 -9999.0 1000.281047 1150.852881 1246.430956 1326.767231 1455.846970 1578.478205 1679.853390 1763.815180 1827.655334 1854.171222 1851.586863 1860.503221 1857.205376 1850.464572 1840.930672 1842.391778 1843.834817 1837.429640 1822.925721 1816.168462 1817.968444 1823.495275 1820.746109 1807.068432 1789.346971 1769.896331 1752.529624 1720.036390 1685.829023 1657.570044 1645.076697 1640.448613 1640.520918 1633.416705 1641.992945 1649.713172 1664.989221 1680.001862 1703.481499 1732.492929 1746.392082 1760.991337 1770.208816 1789.858872 1819.440382 1871.817613 1934.173320 1991.014490 2026.047002 2029.254828 2003.590194 1986.616854 1980.891106 2006.404979 2047.751909 2111.032886 2210.881827 2285.013802 2344.355146 2393.900220 2435.103504 2498.910388 2582.270069 2636.651891 -9999.0 -9999.0 -9999.0 -9999.0 -9999.0 -9999.0 -9999.0 -9999.0 -9999.0 -9999.0 -9999.0 -9999.0
-9999.0 -9999.0 -9999.0 -9999.0 -9999.0 -9999.0 962.915526 1064.679111 1139.726072 1281.072125 1414.651016 1516.778180 1597.287854 1629.923085 1658.325503 1686.120268 1685.154610 1666.586897 1647.206298 1667.338399 1683.260215 1677.767198 1647.579154 1648.002840 1653.561456 1661.668514 1659.358261 1653.248905 1628.767342 1642.425049 1644.971591 1622.723252 1597.651514 1584.754019 1573.468973 1583.534353 1584.006712 1570.350791 1570.517196 1597.630309 1618.042919 1630.969152 1652.377907 1685.402327 1717.606184 1732.747865 1733.727296 1739.093174 1777.699884 1846.864584 1917.779389 1972.535522 2004.210752 2011.172121 1983.003561 1941.698309 1919.872756 1924.895887 1956.894875 2006.005643 2078.802260 2126.250192 2151.414095 2165.896028 2187.445098 2285.224866 -9999.0 -9999.0 -9999.0 -9999.0 -9999.0 -9999.0 -9999.0 -9999.0 -9999.0 -9999.0 -9999.0 -9999.0 -9999.0 -9999.0
-9999.0 -9999.0 -9999.0 -9999.0 -9999.0 -9999.0 -9999.0 -9999.0 -9999.0 -9999.0 -9999.0 -9999.0 -9999.0 -9999.0 -9999.0 -9999.0 -9999.0 -9999.0 -9999.0 -9999.0 -9999.0 -9999.0 -9999.0 -9999.0 -9999.0 -9999.0 -9999.0 -9999.0 -9999.0 -9999.0 -9999.0 -9999.0 -9999.0 -9999.0 -9999.0 -9999.0 -9999.0 -9999.0 -9999.0 -9999.0 -9999.0 -9999.0 -9999.0 -9999.0 -9999.0 -9999.0 -9999.0 -9999.0 -9999.0 -9999.0 -9999.0 -9999.0 -9999.0 -9999.0 -9999.0 -9999.0 -9999.0 -9999.0 -9999.0 -9999.0 -9999.0 -9999.0 -9999.0 -9999.0 -9999.0 -9999.0 -9999.0 -9999.0 -9999.0 -9999.0 -9999.0 -9999.0 -9999.0 -9999.0 -9999.0 -9999.0 -9999.0 -9999.0 -9999.0 -9999.0
-9999.0 -9999.0 -9999.0 -9999.0 -9999.0 -9999.0 -9999.0 -9999.0 -9999.0 -9999.0 -9999.0 -9999.0 -9999.0 -9999.0 -9999.0 -9999.0 -9999.0 -9999.0 -9999.0 -9999.0 -9999.0 -9999.0 -9999.0 -9999.0 -9999.0 -9999.0 -9999.0 -9999.0 -9999.0 -9999.0 -9999.0 -9999.0 -9999.0 -9999.0 -9999.0 -9999.0 -9999.0 -9999.0 -9999.0 -9999.0 -9999.0 -9999.0 -9999.0 -9999.0 -9999.0 -9999.0 -9999.0 -9999.0 -9999.0 -9999.0 -9999.0 -9999.0 -9999.0 -9999.0 -9999.0 -9999.0 -9999.0 -9999.0 -9999.0 -9999.0 -9999.0 -9999.0 -9999.0 -9999.0 -9999.0 -9999.0 -9999.0 -9999.0 -9999.0 -9999.0 -9999.0 -9999.0 -9999.0 -9999.0 -9999.0 -9999.0 -9999.0 -9999.0 -9999.0 -9999.0