Borden_/Borden1m_014/output_maps/psiliqL0026N0018.asc
ncols         80
nrows         18
xllcorner     620200.000000
yllcorner     5168000.000000
cellsize      1.000000
NODATA_value  -9999.0
-9999.0 -9999.0 -9999.0 -9999.0 -9999.0 -9999.0 -9999.0 -9999.0 -9999.0 -9999.0 -9999.0 -9999.0 -9999.0 -9999.0 -9999.0 -9999.0 -9999.0 -9999.0 -9999.0 -9999.0 -9999.0 -9999.0 -9999.0 -9999.0 -9999.0 -9999.0 -9999.0 -9999.0 -9999.0 -9999.0 -9999.0 -9999.0 -9999.0 -9999.0 -9999.0 -9999.0 -9999.0 -9999.0 -9999.0 -9999.0 -9999.0 -9999.0 -9999.0 -9999.0 -9999.0 -9999.0 -9999.0 -9999.0 -9999.0 -9999.0 -9999.0 -9999.0 -9999.0 -9999.0 -9999.0 -9999.0 -9999.0 -9999.0 -9999.0 -9999.0 -9999.0 -9999.0 -9999.0 -9999.0 -9999.0 -9999.0 -9999.0 -9999.0 -9999.0 -9999.0 -9999.0 -9999.0 -9999.0 -9999.0 -9999.0 -9999.0 -9999.0 -9999.0 -9999.0 -9999.0
-9999.0 -9999.0 -9999.0 -9999.0 -9999.0 -9999.0 -9999.0 -9999.0 -9999.0 -9999.0 -9999.0 -9999.0 -9999.0 -9999.0 -9999.0 -9999.0 -9999.0 -9999.0 -9999.0 -9999.0 -9999.0 -9999.0 -9999.0 -9999.0 -9999.0 -9999.0 -9999.0 -9999.0 -9999.0 -9999.0 -9999.0 -9999.0 -9999.0 -9999.0 -9999.0 -9999.0 -9999.0 -9999.0 -9999.0 -9999.0 -9999.0 -9999.0 -9999.0 -9999.0 -9999.0 -9999.0 -9999.0 -9999.0 -9999.0 -9999.0 -9999.0 -9999.0 -9999.0 -9999.0 -9999.0 -9999.0 -9999.0 -9999.0 -9999.0 -9999.0 -9999.0 -9999.0 -9999.0 -9999.0 -9999.0 -9999.0 -9999.0 -9999.0 -9999.0 -9999.0 -9999.0 -9999.0 -9999.0 -9999.0 -9999.0 -9999.0 -9999.0 -9999.0 -9999.0 -9999.0
-9999.0 -9999.0 -9999.0 -9999.0 -9999.0 -9999.0 -9999.0 -9999.0 -9999.0 -9999.0 -9999.0 -9999.0 -9999.0 -9999.0 -9999.0 -9999.0 -9999.0 -9999.0 -9999.0 -9999.0 3325.205641 3326.088337 3304.289014 3270.003042 3241.535008 3243.086070 3275.674357 3315.935540 3354.364975 3361.389593 3341.990769 3345.501223 3340.779361 3335.977467 3335.902602 3343.414086 3349.863322 3359.374998 3366.134057 3363.654144 3356.164764 3351.054202 3353.565569 3355.105566 3361.373839 3346.933347 3362.994815 3379.315386 3384.148937 3381.627350 3358.210760 3346.590012 3338.938691 3323.701222 3350.591255 3362.557246 3386.300391 3391.220737 3389.532802 3363.122180 3333.270575 -9999.0 -9999.0 -9999.0 -9999.0 -9999.0 -9999.0 -9999.0 -9999.0 -9999.0 -9999.0 -9999.0 -9999.0 -9999.0 -9999.0 -9999.0 -9999.0 -9999.0 -9999.0 -9999.0
-9999.0 -9999.0 -9999.0 -9999.0 -9999.0 -9999.0 -9999.0 -9999.0 -9999.0 -9999.0 -9999.0 -9999.0 -9999.0 -9999.0 3235.456622 3226.543507 3223.395271 3230.342633 3262.447777 3292.392519 3303.916108 3296.198333 3295.705747 3270.615167 3247.345872 3259.473227 3288.340760 3318.227693 3351.017069 3367.799117 3356.380376 3353.388497 3359.889331 3378.874100 3386.442627 3382.563658 3364.851385 3388.898648 3401.828917 3405.925023 3403.722124 3393.721173 3402.244409 3416.104901 3409.023458 3393.906647 3405.093456 3420.291337 3431.209378 3423.461043 3366.002956 3354.570692 3351.950924 3348.520293 3336.053145 3332.754462 3361.643347 3361.757112 3355.070814 3338.374426 3305.511223 3260.599922 3242.174057 3283.320413 3327.453818 3384.150277 -9999.0 -9999.0 -9999.0 -9999.0 -9999.0 -9999.0 -9999.0 -9999.0 -9999.0 -9999.0 -9999.0 -9999.0 -9999.0 -9999.0
-9999.0 -9999.0 -9999.0 -9999.0 -9999.0 -9999.0 -9999.0 -9999.0 -9999.0 3178.628337 3184.189730 3190.828501 3192.936530 3207.684778 3204.132593 3210.630484 3214.106565 3240.796489 3269.670312 3302.555373 3328.948175 3319.189407 3317.332579 3320.535590 3314.175910 3321.271282 3340.979293 3376.952261 3407.410204 3441.995816 3407.979548 3402.655801 3419.744717 3460.473546 3482.873560 3484.383472 3465.580322 3482.380460 3505.618914 3520.877583 3517.118636 3510.886720 3536.767460 3551.974954 3545.584719 3524.047181 3523.256836 3531.149314 3560.669865 3510.338051 3444.892893 3407.462572 3424.162528 3403.824147 3378.808266 3368.634312 3370.027484 3391.119168 3380.080670 3346.898165 3314.325460 3303.217595 3287.080815 3308.852190 3332.783544 3379.773388 3420.124332 3450.346286 3450.160585 3433.180799 -9999.0 -9999.0 -9999.0 -9999.0 -9999.0 -9999.0 -9999.0 -9999.0 -9999.0 -9999.0
-9999.0 -9999.0 -9999.0 -9999.0 -9999.0 -9999.0 3100.310818 3110.597433 3131.016037 3133.272502 3159.324580 3164.058191 3182.003101 3198.539493 3219.656868 3231.678583 3255.774364 3284.800606 3319.854491 3356.494433 3383.125056 3370.719672 3375.393982 3393.823681 3419.499307 3437.486656 3459.480392 3496.660222 3568.360207 3604.225912 3596.097161 3596.583515 3604.636899 3654.866547 3718.677556 3729.358928 3708.693467 3695.693806 3719.412794 3756.885852 3754.733524 3753.498763 3766.740606 3777.620542 3804.441219 3793.452238 3757.620042 3752.589262 3759.647008 3736.730700 3667.673037 3610.959110 3592.973582 3546.596655 3463.735447 3421.818133 3446.591575 3475.264989 3454.403008 3405.703994 3374.228586 3369.653668 3359.453253 3353.489645 3366.834238 3390.547045 3415.124232 3429.559351 3418.183967 3397.764685 3376.448091 3348.604759 3351.512813 3376.644153 -9999.0 -9999.0 -9999.0 -9999.0 -9999.0 -9999.0
-9999.0 -9999.0 -9999.0 -9999.0 3051.204374 3063.715234 3048.400762 3074.036044 3105.326933 3138.186147 3164.839887 3195.248766 3217.423188 3243.136735 3275.149778 3295.884043 3326.729954 3355.284084 3401.435931 3461.625922 3505.034011 3517.592009 3525.497140 3575.955498 3631.794195 3678.429272 3696.941419 3722.722766 3768.640649 3825.055124 3847.160844 3849.803730 3866.712315 3910.261673 3966.855260 4002.057965 3984.354530 3975.268630 3985.517632 3999.955335 4022.100401 4022.161892 4023.285262 4027.504113 4035.270893 4033.434275 4006.686458 3973.194529 3960.222660 3950.047952 3911.648029 3839.413406 3809.493158 3780.491727 3737.505612 3683.297310 3636.782471 3638.679612 3584.289914 3529.568137 3480.455815 3473.393383 3453.933032 3438.781786 3422.242774 3435.259329 3447.853286 3433.361168 3403.892113 3375.013536 3362.437815 3345.239120 3334.226082 3365.654021 3383.740886 3413.339695 -9999.0 -9999.0 -9999.0 -9999.0
-9999.0 -9999.0 2992.929949 3037.728364 3094.115227 3099.396054 3091.671760 3093.487004 3118.749273 3166.795784 3227.436684 3262.997639 3290.423113 3319.641924 3369.095438 3429.732671 3488.597078 3530.475403 3588.072505 3657.096956 3715.908429 3742.431250 3751.047173 3786.579154 3841.339967 3910.754851 3938.895685 3965.456964 3997.414323 4034.101401 4025.367634 4035.951824 4048.506124 4061.595873 4076.866267 4084.158534 4079.225260 4074.607990 4056.006759 4050.773378 4057.246802 4065.379821 4064.297767 4049.576424 4045.601368 4060.647241 4066.958297 4064.823659 4061.896095 4066.721293 4061.930437 4013.195159 3996.258572 3980.931487 3969.051194 3922.733983 3855.842015 3823.702878 3802.094547 3760.960829 3687.622296 3650.692341 3611.772355 3577.606877 3540.723549 3528.248170 3496.494639 3464.896401 3426.678144 3386.365360 3367.671174 3353.787301 3353.743993 3354.671739 3372.666648 3388.530522 3404.584435 3412.701852 -9999.0 -9999.0
-9999.0 2884.207827 2954.845375 3074.268231 3150.843533 3186.006184 3192.796894 3194.266801 3218.198944 3249.449385 3334.455089 3382.384403 3464.507603 3501.482544 3541.408577 3630.965918 3725.186296 3768.510761 3807.490389 3871.396580 3937.334618 3984.521019 4010.898395 3988.951833 4028.681404 4058.853710 4067.122815 4074.250260 4074.391866 4065.865960 4059.430555 4066.075935 4063.071959 4043.801432 4027.641205 4025.855870 4022.432589 3999.037062 3971.448361 3955.889088 3957.193535 3982.255963 3969.057344 3947.643595 3943.212053 3964.933542 3986.447852 3975.705678 3962.532885 3979.137634 4013.847010 4038.944415 4039.844043 4058.447492 4079.579494 4050.421436 4029.264457 3985.224857 3968.248689 3942.781641 3885.759044 3830.967184 3782.879829 3734.568172 3682.492621 3633.996528 3586.706016 3539.803059 3486.995540 3454.566992 3430.644216 3388.377346 3376.102439 3383.003196 3378.370943 3377.095611 3383.905221 3390.553505 -9999.0 -9999.0
-9999.0 2787.207942 2925.426569 3100.282768 3241.139198 3279.816642 3339.051635 3392.869314 3405.452268 3349.148516 3449.417076 3665.828546 3788.010011 3805.512985 3881.104486 3976.379328 3958.300179 3989.720318 4013.005814 4039.186195 4060.225192 4074.662242 4072.971839 4067.841396 4051.308522 4043.293349 4042.401523 4040.277431 4022.823745 4003.818397 3986.978052 3983.775540 3965.743846 3916.063770 3882.775057 3865.219404 3846.064789 3832.712288 3805.561545 3779.550226 3762.969163 3773.209011 3771.575145 3758.191464 3753.776528 3771.827257 3802.702067 3800.856112 3812.787088 3832.417268 3867.855827 3906.089714 3925.362795 3954.501531 3990.151232 4038.268591 4046.923205 4069.384987 4072.281132 4061.987004 4015.325097 3963.717484 3934.306292 3878.928299 3819.416322 3757.771005 3708.962842 3664.396280 3609.349206 3575.580037 3536.684682 3483.434002 3441.065890 3433.997657 3400.977167 3388.243653 -9999.0 -9999.0 -9999.0 -9999.0
-9999.0 2693.966248 2862.251289 3097.293665 3389.572251 3459.001194 3659.577487 3773.060089 3811.337452 3878.530169 3757.622703 3965.134346 4018.343762 4013.450860 4029.571663 4032.827507 4047.152894 4046.488730 4041.409594 4030.379065 4020.770405 4016.182466 4015.130495 4007.213026 3994.578212 3979.948922 3968.029043 3956.567986 3919.868921 3887.891324 3848.544492 3836.031319 3791.280772 3699.527945 3660.960149 3622.387070 3561.535227 3564.235838 3572.042167 3548.307620 3528.758195 3500.470299 3530.233177 3541.143111 3545.377999 3540.673514 3550.123078 3578.802516 3626.628585 3660.859974 3699.568184 3747.371268 3777.750408 3816.807247 3856.473436 3908.713327 3939.875670 3968.745530 4017.699007 4054.717028 4077.454721 4063.360206 4044.868647 4000.102675 3939.885792 3890.585911 3861.634086 3811.192458 3767.750905 3724.368674 3678.079847 3625.511778 3564.250437 3512.162941 3478.588220 -9999.0 -9999.0 -9999.0 -9999.0 -9999.0
-9999.0 2469.935714 2734.021723 2983.427120 3254.210182 3595.339262 3767.167729 3860.791324 3923.946260 3907.034476 3930.534095 3936.807506 3973.902520 3981.188244 3959.794707 3945.916807 3928.254391 3927.165351 3940.232554 3912.877884 3882.609564 3869.257296 3870.163999 3859.475610 3835.624945 3820.767467 3811.514811 3793.051120 3750.095837 3700.043628 3616.203063 3581.773883 3503.317060 3465.438664 3429.585879 3383.162946 3339.288374 3345.347152 3370.369563 3361.709769 3341.292142 3324.555851 3354.028327 3374.887688 3388.103709 3371.767834 3378.267146 3412.393604 3458.468992 3498.478594 3541.864272 3589.390818 3630.944332 3669.797123 3690.420458 3729.475531 3771.407448 3812.841303 3882.826479 3961.158156 3997.074213 4031.690531 4060.556045 4082.462470 4039.588823 4013.325892 3989.617034 3966.178644 3920.019903 3874.673752 3834.133496 3769.576917 3710.058303 -9999.0 -9999.0 -9999.0 -9999.0 -9999.0 -9999.0 -9999.0
-9999.0 2358.264126 2551.126963 2742.142060 2968.587168 3195.791885 3417.267955 3507.302900 3577.403132 3649.340575 3703.522967 3741.299530 3767.060007 3788.609214 3766.032905 3719.989550 3687.783913 3692.780390 3683.806315 3662.975922 3635.507655 3622.788663 3620.219959 3615.638204 3594.693872 3584.724177 3578.215433 3560.519953 3535.632775 3483.424085 3412.895731 3340.476519 3287.722776 3269.320040 3247.663471 3221.701292 3195.969684 3209.793269 3222.741031 3223.188402 3217.152780 3217.708855 3246.751196 3266.658641 3276.075974 3265.220660 3283.228595 3305.982946 3342.393725 3381.124652 3425.213754 3474.693370 3522.522664 3542.076242 3543.637350 3554.526751 3581.582836 3624.356202 3700.233181 3785.957960 3863.515119 3908.925386 3959.641465 3999.611804 4027.757417 4052.595496 4075.017420 4068.098395 4042.138637 4008.788311 3950.071152 -9999.0 -9999.0 -9999.0 -9999.0 -9999.0 -9999.0 -9999.0 -9999.0 -9999.0
-9999.0 -9999.0 2326.038622 2478.182815 2574.726547 2738.039291 2848.951498 2953.705896 3047.755158 3188.311585 3310.475279 3403.769470 3450.009245 3465.566440 3451.817644 3423.746719 3406.822689 3406.446157 3394.778582 3388.842463 3375.034995 3370.134040 3358.516917 3351.520593 3348.177959 3348.267180 3346.694708 3339.322644 3323.587211 3283.337691 3247.904478 3204.839715 3160.312064 3139.886870 3122.941982 3107.133803 3112.298115 3107.998142 3114.031207 3117.453348 3127.586399 3142.083741 3161.473612 3183.936151 3193.540875 3203.686652 3214.256601 3235.459821 3264.870448 3304.438476 3355.166886 3409.347052 3444.614816 3450.843937 3432.226609 3426.532104 3433.890332 3461.918916 3524.190620 3592.589455 3681.991238 3747.282377 3814.025430 3869.905203 3896.549021 3932.931188 4003.162772 4051.190387 4093.657940 4071.255438 -9999.0 -9999.0 -9999.0 -9999.0 -9999.0 -9999.0 -9999.0 -9999.0 -9999.0 -9999.0
-9999.0 -9999.0 -9999.0 -9999.0 2340.359811 2487.774290 2586.278124 2667.367065 2803.612127 2893.560600 2991.218725 3077.457486 3146.280417 3171.494115 3172.898490 3190.435936 3189.839239 3180.571250 3169.788177 3175.318847 3180.969607 3175.295524 3159.439552 3154.076727 3159.194155 3168.521129 3168.230628 3157.102333 3140.943534 3129.235855 3118.740729 3090.295058 3060.201594 3034.801418 3024.737856 3023.445026 3024.889383 3017.974700 3027.099114 3036.751239 3053.140489 3068.471960 3092.010662 3121.759824 3136.473036 3150.964605 3159.169254 3177.126757 3205.035167 3256.043364 3317.214466 3373.214043 3406.670343 3406.582700 3377.368549 3355.090437 3341.959761 3358.641332 3387.193294 3437.130054 3525.753264 3587.494965 3632.295039 3670.644910 3706.875499 3772.025776 3866.676623 3947.989954 -9999.0 -9999.0 -9999.0 -9999.0 -9999.0 -9999.0 -9999.0 -9999.0 -9999.0 -9999.0 -9999.0 -9999.0
-9999.0 -9999.0 -9999.0 -9999.0 -9999.0 -9999.0 2320.136287 2427.169571 2494.779945 2651.213994 2800.160760 2863.421865 2946.530946 2982.770206 3009.469828 3040.191950 3041.051895 3020.774957 2998.913519 3021.374308 3041.554803 3035.575554 3003.454010 3005.972248 3014.405790 3023.684540 3022.865668 3019.041570 2996.881141 3016.584503 3023.920396 3004.008951 2981.350321 2974.781564 2964.974036 2976.271694 2977.465619 2963.817253 2963.176890 2989.244349 3010.771087 3023.784105 3044.758290 3077.936558 3110.319942 3125.814634 3126.305141 3130.402273 3166.271775 3233.647024 3304.128156 3358.722953 3389.305018 3393.607889 3362.318606 3317.051883 3290.380933 3288.568617 3312.026156 3350.393522 3410.958487 3446.480658 3456.546459 3456.497023 3467.851302 3567.498631 -9999.0 -9999.0 -9999.0 -9999.0 -9999.0 -9999.0 -9999.0 -9999.0 -9999.0 -9999.0 -9999.0 -9999.0 -9999.0 -9999.0
-9999.0 -9999.0 -9999.0 -9999.0 -9999.0 -9999.0 -9999.0 -9999.0 -9999.0 -9999.0 -9999.0 -9999.0 -9999.0 -9999.0 -9999.0 -9999.0 -9999.0 -9999.0 -9999.0 -9999.0 -9999.0 -9999.0 -9999.0 -9999.0 -9999.0 -9999.0 -9999.0 -9999.0 -9999.0 -9999.0 -9999.0 -9999.0 -9999.0 -9999.0 -9999.0 -9999.0 -9999.0 -9999.0 -9999.0 -9999.0 -9999.0 -9999.0 -9999.0 -9999.0 -9999.0 -9999.0 -9999.0 -9999.0 -9999.0 -9999.0 -9999.0 -9999.0 -9999.0 -9999.0 -9999.0 -9999.0 -9999.0 -9999.0 -9999.0 -9999.0 -9999.0 -9999.0 -9999.0 -9999.0 -9999.0 -9999.0 -9999.0 -9999.0 -9999.0 -9999.0 -9999.0 -9999.0 -9999.0 -9999.0 -9999.0 -9999.0 -9999.0 -9999.0 -9999.0 -9999.0
-9999.0 -9999.0 -9999.0 -9999.0 -9999.0 -9999.0 -9999.0 -9999.0 -9999.0 -9999.0 -9999.0 -9999.0 -9999.0 -9999.0 -9999.0 -9999.0 -9999.0 -9999.0 -9999.0 -9999.0 -9999.0 -9999.0 -9999.0 -9999.0 -9999.0 -9999.0 -9999.0 -9999.0 -9999.0 -9999.0 -9999.0 -9999.0 -9999.0 -9999.0 -9999.0 -9999.0 -9999.0 -9999.0 -9999.0 -9999.0 -9999.0 -9999.0 -9999.0 -9999.0 -9999.0 -9999.0 -9999.0 -9999.0 -9999.0 -9999.0 -9999.0 -9999.0 -9999.0 -9999.0 -9999.0 -9999.0 -9999.0 -9999.0 -9999.0 -9999.0 -9999.0 -9999.0 -9999.0 -9999.0 -9999.0 -9999.0 -9999.0 -9999.0 -9999.0 -9999.0 -9999.0 -9999.0 -9999.0 -9999.0 -9999.0 -9999.0 -9999.0 -9999.0 -9999.0 -9999.0