Borden_/Borden1m_014/output_maps/psiliqL0013N0011.asc
ncols         80
nrows         18
xllcorner     620200.000000
yllcorner     5168000.000000
cellsize      1.000000
NODATA_value  -9999.0
-9999.0 -9999.0 -9999.0 -9999.0 -9999.0 -9999.0 -9999.0 -9999.0 -9999.0 -9999.0 -9999.0 -9999.0 -9999.0 -9999.0 -9999.0 -9999.0 -9999.0 -9999.0 -9999.0 -9999.0 -9999.0 -9999.0 -9999.0 -9999.0 -9999.0 -9999.0 -9999.0 -9999.0 -9999.0 -9999.0 -9999.0 -9999.0 -9999.0 -9999.0 -9999.0 -9999.0 -9999.0 -9999.0 -9999.0 -9999.0 -9999.0 -9999.0 -9999.0 -9999.0 -9999.0 -9999.0 -9999.0 -9999.0 -9999.0 -9999.0 -9999.0 -9999.0 -9999.0 -9999.0 -9999.0 -9999.0 -9999.0 -9999.0 -9999.0 -9999.0 -9999.0 -9999.0 -9999.0 -9999.0 -9999.0 -9999.0 -9999.0 -9999.0 -9999.0 -9999.0 -9999.0 -9999.0 -9999.0 -9999.0 -9999.0 -9999.0 -9999.0 -9999.0 -9999.0 -9999.0
-9999.0 -9999.0 -9999.0 -9999.0 -9999.0 -9999.0 -9999.0 -9999.0 -9999.0 -9999.0 -9999.0 -9999.0 -9999.0 -9999.0 -9999.0 -9999.0 -9999.0 -9999.0 -9999.0 -9999.0 -9999.0 -9999.0 -9999.0 -9999.0 -9999.0 -9999.0 -9999.0 -9999.0 -9999.0 -9999.0 -9999.0 -9999.0 -9999.0 -9999.0 -9999.0 -9999.0 -9999.0 -9999.0 -9999.0 -9999.0 -9999.0 -9999.0 -9999.0 -9999.0 -9999.0 -9999.0 -9999.0 -9999.0 -9999.0 -9999.0 -9999.0 -9999.0 -9999.0 -9999.0 -9999.0 -9999.0 -9999.0 -9999.0 -9999.0 -9999.0 -9999.0 -9999.0 -9999.0 -9999.0 -9999.0 -9999.0 -9999.0 -9999.0 -9999.0 -9999.0 -9999.0 -9999.0 -9999.0 -9999.0 -9999.0 -9999.0 -9999.0 -9999.0 -9999.0 -9999.0
-9999.0 -9999.0 -9999.0 -9999.0 -9999.0 -9999.0 -9999.0 -9999.0 -9999.0 -9999.0 -9999.0 -9999.0 -9999.0 -9999.0 -9999.0 -9999.0 -9999.0 -9999.0 -9999.0 -9999.0 741.419257 744.362316 722.713168 689.709010 662.634527 665.906404 701.613118 743.661290 782.593396 793.084066 775.881071 779.384279 776.545526 777.868346 782.956080 791.850450 797.508439 809.748205 818.530837 818.060441 811.663146 806.107305 805.813647 808.651468 813.846811 803.398206 817.400008 832.466635 837.184219 830.666998 801.546404 783.582924 772.661680 755.640522 778.655722 789.112593 810.393221 813.198081 810.452898 782.576556 751.940802 -9999.0 -9999.0 -9999.0 -9999.0 -9999.0 -9999.0 -9999.0 -9999.0 -9999.0 -9999.0 -9999.0 -9999.0 -9999.0 -9999.0 -9999.0 -9999.0 -9999.0 -9999.0 -9999.0
-9999.0 -9999.0 -9999.0 -9999.0 -9999.0 -9999.0 -9999.0 -9999.0 -9999.0 -9999.0 -9999.0 -9999.0 -9999.0 -9999.0 648.543519 639.305489 637.161166 646.374121 680.867721 711.902487 724.618215 717.914005 718.859248 696.390575 677.334404 693.125675 724.356809 756.862866 791.648607 812.004808 800.997294 800.111092 812.569774 842.148251 859.544137 860.175715 842.675539 867.232729 883.261988 891.365652 889.961376 880.825176 893.314920 908.562348 901.607494 884.954723 890.790441 903.143445 915.154259 899.507908 832.539990 808.699895 801.406366 792.634776 777.065721 768.875400 792.105289 790.566409 780.941796 761.902244 728.383857 683.565433 664.342084 702.153875 745.316985 802.068058 -9999.0 -9999.0 -9999.0 -9999.0 -9999.0 -9999.0 -9999.0 -9999.0 -9999.0 -9999.0 -9999.0 -9999.0 -9999.0 -9999.0
-9999.0 -9999.0 -9999.0 -9999.0 -9999.0 -9999.0 -9999.0 -9999.0 -9999.0 590.071345 594.758826 602.466001 605.193492 621.343473 619.566948 627.365368 635.424188 663.232043 695.518405 732.069803 762.296030 754.436361 756.201398 768.444825 775.452386 791.604229 816.039089 857.497906 897.106846 937.119508 908.695224 908.377031 932.489562 989.172070 1032.849528 1046.346647 1032.185904 1041.966357 1066.858171 1087.549517 1084.982211 1081.214847 1104.417458 1117.084544 1118.689861 1100.494883 1090.074373 1091.869957 1116.772134 1063.174817 990.816845 929.105706 926.506216 893.703119 853.478495 830.105857 823.217090 840.809994 823.762858 785.070389 747.277172 734.903440 716.139069 731.792944 752.924528 798.324284 836.244995 863.933470 862.892796 844.919880 -9999.0 -9999.0 -9999.0 -9999.0 -9999.0 -9999.0 -9999.0 -9999.0 -9999.0 -9999.0
-9999.0 -9999.0 -9999.0 -9999.0 -9999.0 -9999.0 510.868974 520.650640 541.311379 546.578664 572.261461 580.240852 601.418351 621.405939 643.689402 661.467918 692.965558 727.264647 770.366272 816.801957 852.504534 850.031874 862.194484 896.363552 943.009125 983.703777 1015.238535 1055.986859 1128.968934 1167.265163 1174.047749 1181.001179 1199.202511 1267.477832 1351.702155 1376.897954 1363.148313 1351.616179 1369.982056 1401.254251 1403.150235 1401.612893 1409.037795 1416.559421 1441.419354 1435.282456 1402.374377 1392.261833 1390.484151 1372.224554 1300.652662 1211.702921 1165.881347 1114.195303 1030.614228 969.771232 964.541063 975.517439 942.667352 886.680106 842.641401 828.045245 809.872991 793.960607 797.893289 815.332507 836.404521 846.398242 832.472730 810.572841 786.952964 757.313692 758.323339 783.012501 -9999.0 -9999.0 -9999.0 -9999.0 -9999.0 -9999.0
-9999.0 -9999.0 -9999.0 -9999.0 460.570571 473.821295 462.249940 487.599316 520.769961 555.413615 588.200526 626.068178 654.183028 685.430510 727.891417 765.842720 810.639115 848.535221 907.300564 983.405358 1044.438546 1073.787773 1090.892645 1152.851635 1227.510089 1306.281944 1339.293879 1366.358906 1401.533379 1451.844769 1473.540182 1479.392833 1499.849298 1541.635970 1595.341807 1632.369607 1621.018370 1616.933781 1622.629969 1631.277829 1651.304325 1650.436336 1650.911153 1652.213726 1656.146746 1657.466266 1638.771927 1610.858027 1599.604504 1589.584053 1557.093204 1482.121913 1441.155720 1413.794647 1382.040424 1322.393475 1233.750401 1205.052859 1144.784688 1086.417715 1018.288892 985.333263 947.360240 916.831139 882.813789 880.586623 881.002821 858.671615 825.261503 791.648715 775.236312 755.176051 743.278765 772.371132 789.298868 819.342087 -9999.0 -9999.0 -9999.0 -9999.0
-9999.0 -9999.0 400.851338 450.272590 507.672687 517.439292 519.508602 526.243226 555.318195 608.215280 685.859433 738.932003 783.375008 818.291917 881.784150 969.737008 1047.883909 1099.746492 1164.947737 1249.723668 1332.746195 1373.876495 1390.841462 1427.501443 1483.405440 1552.012594 1582.352236 1606.377746 1630.436944 1655.957012 1665.764786 1678.695393 1687.380710 1691.682090 1699.097426 1702.683955 1701.944709 1700.249298 1684.607514 1681.666577 1687.793104 1691.561345 1693.240459 1680.482451 1676.763959 1690.358449 1695.217105 1696.607986 1697.722393 1704.218738 1706.472668 1667.427911 1629.389467 1616.547768 1607.641071 1561.833401 1493.034873 1450.790236 1431.035465 1391.084632 1307.643605 1232.113871 1168.588808 1111.414893 1048.469638 1009.466055 957.646117 912.160443 863.609580 815.518945 789.612352 769.224255 764.917248 763.520680 778.599668 793.287521 808.144204 815.682564 -9999.0 -9999.0
-9999.0 298.533976 371.335565 498.662224 579.863488 626.911544 663.892643 690.441302 719.293130 744.409096 852.918564 952.128703 1044.782254 1082.394951 1139.861474 1255.868031 1358.841313 1405.656887 1443.740767 1502.029518 1566.218780 1612.923962 1638.569424 1652.469438 1686.054333 1699.968279 1704.668826 1707.810804 1702.123620 1692.073597 1680.834683 1686.106978 1682.802290 1664.713306 1648.659878 1645.992592 1643.271683 1624.538393 1601.912113 1590.841887 1594.522702 1616.256066 1605.685159 1586.914309 1583.358573 1602.451437 1619.647068 1611.891385 1601.361596 1618.139312 1650.336151 1670.599717 1682.517407 1698.505219 1717.771247 1691.227923 1661.278792 1623.505553 1608.290830 1583.609804 1528.851156 1464.196570 1407.931690 1340.481723 1252.236417 1169.259509 1095.698606 1028.341633 958.845647 914.410591 878.210463 822.980335 797.685643 796.667471 786.045600 782.151947 787.556543 793.569386 -9999.0 -9999.0
-9999.0 220.338147 363.497843 549.624419 700.675310 766.776047 882.222661 966.041690 994.297488 969.900898 1082.240221 1316.588113 1417.673092 1433.928665 1502.909422 1590.956681 1617.052297 1648.448376 1669.368711 1677.230084 1684.620788 1693.551115 1691.276937 1685.848212 1673.748255 1669.412231 1671.462056 1671.399146 1656.348024 1636.960138 1616.538424 1610.464460 1591.927978 1547.194467 1507.435517 1486.042211 1471.575447 1456.313109 1429.401058 1407.934605 1396.407921 1413.395878 1406.818631 1391.268221 1387.300197 1407.008115 1436.492165 1431.413206 1438.948074 1461.991925 1504.807547 1547.621429 1570.923407 1598.873880 1632.237468 1672.839419 1688.235511 1710.018056 1715.384252 1696.866731 1656.956180 1609.281056 1579.468348 1521.525415 1446.997385 1363.930416 1283.899843 1209.839311 1135.542264 1081.546079 1021.057486 952.198053 888.608361 858.925554 816.857913 795.455867 -9999.0 -9999.0 -9999.0 -9999.0
-9999.0 144.737287 334.307682 596.508812 874.043770 1005.421528 1233.982197 1365.899729 1421.091830 1486.551077 1477.928476 1615.844115 1651.101814 1645.554762 1641.103089 1645.914123 1661.359662 1664.196582 1658.881124 1647.539523 1638.321966 1634.484891 1633.363512 1627.510196 1618.451960 1607.767956 1599.184104 1590.964140 1557.771875 1522.440066 1477.467694 1457.047353 1416.875057 1319.511675 1255.996500 1207.463877 1147.506171 1141.884943 1137.331299 1111.706742 1094.277356 1076.205215 1097.393831 1100.944246 1102.553270 1105.909312 1122.412695 1144.602995 1189.853875 1232.618216 1292.081807 1361.440560 1401.687033 1445.727939 1493.512802 1552.233939 1585.200024 1614.976645 1659.439314 1695.817836 1718.217654 1708.920404 1684.138467 1645.561925 1583.296150 1524.580024 1478.590062 1411.116330 1350.351045 1288.063879 1211.923801 1133.276966 1047.221905 950.620038 904.739902 -9999.0 -9999.0 -9999.0 -9999.0 -9999.0
-9999.0 -28.601778 239.777040 532.431494 859.560700 1207.735084 1347.669042 1479.530812 1554.990442 1524.790725 1531.574448 1552.699053 1591.037187 1598.166161 1581.174141 1575.840463 1566.239333 1564.027672 1570.817733 1536.653263 1501.547453 1485.636143 1484.481182 1474.076905 1454.178964 1441.091946 1432.800566 1416.853844 1370.956110 1310.492740 1203.743403 1163.127351 1084.105743 1021.223352 968.009339 913.206705 860.274992 858.957549 876.667921 862.668167 841.421947 823.566292 850.084547 867.292633 878.969679 867.697177 876.263904 911.694309 961.600469 1007.930126 1063.748010 1125.652078 1176.532712 1231.033590 1277.273704 1348.564431 1404.032005 1453.746452 1530.897562 1605.686384 1638.992639 1672.016243 1706.025437 1724.530199 1679.920385 1639.003840 1598.677142 1551.342087 1482.332182 1441.879471 1402.020269 1324.601332 1231.598210 -9999.0 -9999.0 -9999.0 -9999.0 -9999.0 -9999.0 -9999.0
-9999.0 -157.512939 65.415873 301.481629 594.036951 839.331749 1034.510856 1155.885484 1255.904830 1297.680092 1333.997725 1366.363361 1394.610853 1415.952902 1396.846144 1362.527151 1335.950071 1336.240861 1322.140269 1277.064141 1229.119239 1205.393376 1200.411617 1192.575053 1168.058004 1154.562369 1145.424343 1124.320630 1089.934143 1029.975674 940.249317 863.918711 800.266801 765.135658 732.482818 697.652114 660.243788 670.566797 684.320389 681.016416 670.366958 667.275899 696.807240 715.742910 725.782352 713.468664 732.163392 758.846015 800.706767 844.125986 894.525927 951.506286 1006.734501 1039.513521 1060.692671 1097.154776 1144.965907 1211.141465 1320.911876 1422.765940 1501.714565 1553.795132 1605.161622 1640.608675 1658.850758 1679.164407 1663.107983 1592.111604 1481.878281 1506.309500 1511.142974 -9999.0 -9999.0 -9999.0 -9999.0 -9999.0 -9999.0 -9999.0 -9999.0 -9999.0
-9999.0 -9999.0 -170.023344 12.122638 158.087974 342.140218 495.065063 608.521993 700.832370 813.603753 918.006134 999.561572 1041.892456 1058.737222 1044.473459 1010.362553 987.221636 984.427381 968.626201 947.332377 917.792243 904.984767 892.809677 884.281327 873.312532 867.736312 863.048903 852.171364 829.621220 781.119836 728.032519 674.230725 619.298441 592.955847 570.068157 547.438437 544.949646 541.948303 548.322442 550.021282 556.559277 569.006458 589.498600 611.266377 620.833938 628.811682 641.175485 664.769826 697.939209 740.017137 793.882791 851.411890 891.284836 905.115315 898.296136 907.560387 932.777664 982.343904 1075.423948 1169.392906 1278.678271 1368.963645 1449.142392 1509.484423 1538.166119 1563.004898 1585.775432 1517.309403 1124.140437 1425.106445 -9999.0 -9999.0 -9999.0 -9999.0 -9999.0 -9999.0 -9999.0 -9999.0 -9999.0 -9999.0
-9999.0 -9999.0 -9999.0 -9999.0 -131.422219 25.419892 122.044445 206.662102 335.106186 453.416880 552.508315 633.694467 692.015665 717.288904 710.318833 711.101023 704.299771 697.550346 685.616104 679.213093 673.147281 663.635494 649.741696 641.998576 642.273956 646.832971 644.795625 631.574444 614.492656 589.488310 566.690918 531.158308 494.149506 464.534661 451.082920 444.651683 444.571875 438.375781 447.617521 454.713250 469.948049 485.416441 509.398153 538.133731 551.344212 565.757459 575.367728 595.906435 626.049866 679.150494 742.182602 799.321857 834.426767 838.862563 814.451010 800.111296 798.350521 828.924050 878.821861 951.813079 1060.761110 1144.599542 1216.084070 1282.929882 1344.249652 1407.564929 1482.942531 1518.885223 -9999.0 -9999.0 -9999.0 -9999.0 -9999.0 -9999.0 -9999.0 -9999.0 -9999.0 -9999.0 -9999.0 -9999.0
-9999.0 -9999.0 -9999.0 -9999.0 -9999.0 -9999.0 -180.043066 -80.325154 4.325766 137.180413 261.196195 359.199579 436.990578 465.798004 488.170836 512.741936 509.091353 490.306214 470.950085 487.016120 497.441156 490.994745 461.634963 460.575706 464.879106 473.837560 472.345953 466.248422 441.346802 451.098330 450.477146 426.992783 400.700472 386.416723 374.596761 384.314700 384.851559 371.870789 373.444884 400.022208 420.140781 433.530619 455.737370 488.940765 521.085436 535.778659 536.848210 542.898716 583.471791 653.552361 724.483087 778.929520 810.572168 818.369032 790.836398 750.807204 730.512580 738.472042 774.850268 830.149337 909.876041 964.903264 1001.156282 1030.763389 1068.253719 1167.741579 -9999.0 -9999.0 -9999.0 -9999.0 -9999.0 -9999.0 -9999.0 -9999.0 -9999.0 -9999.0 -9999.0 -9999.0 -9999.0 -9999.0
-9999.0 -9999.0 -9999.0 -9999.0 -9999.0 -9999.0 -9999.0 -9999.0 -9999.0 -9999.0 -9999.0 -9999.0 -9999.0 -9999.0 -9999.0 -9999.0 -9999.0 -9999.0 -9999.0 -9999.0 -9999.0 -9999.0 -9999.0 -9999.0 -9999.0 -9999.0 -9999.0 -9999.0 -9999.0 -9999.0 -9999.0 -9999.0 -9999.0 -9999.0 -9999.0 -9999.0 -9999.0 -9999.0 -9999.0 -9999.0 -9999.0 -9999.0 -9999.0 -9999.0 -9999.0 -9999.0 -9999.0 -9999.0 -9999.0 -9999.0 -9999.0 -9999.0 -9999.0 -9999.0 -9999.0 -9999.0 -9999.0 -9999.0 -9999.0 -9999.0 -9999.0 -9999.0 -9999.0 -9999.0 -9999.0 -9999.0 -9999.0 -9999.0 -9999.0 -9999.0 -9999.0 -9999.0 -9999.0 -9999.0 -9999.0 -9999.0 -9999.0 -9999.0 -9999.0 -9999.0
-9999.0 -9999.0 -9999.0 -9999.0 -9999.0 -9999.0 -9999.0 -9999.0 -9999.0 -9999.0 -9999.0 -9999.0 -9999.0 -9999.0 -9999.0 -9999.0 -9999.0 -9999.0 -9999.0 -9999.0 -9999.0 -9999.0 -9999.0 -9999.0 -9999.0 -9999.0 -9999.0 -9999.0 -9999.0 -9999.0 -9999.0 -9999.0 -9999.0 -9999.0 -9999.0 -9999.0 -9999.0 -9999.0 -9999.0 -9999.0 -9999.0 -9999.0 -9999.0 -9999.0 -9999.0 -9999.0 -9999.0 -9999.0 -9999.0 -9999.0 -9999.0 -9999.0 -9999.0 -9999.0 -9999.0 -9999.0 -9999.0 -9999.0 -9999.0 -9999.0 -9999.0 -9999.0 -9999.0 -9999.0 -9999.0 -9999.0 -9999.0 -9999.0 -9999.0 -9999.0 -9999.0 -9999.0 -9999.0 -9999.0 -9999.0 -9999.0 -9999.0 -9999.0 -9999.0 -9999.0