Borden_/Borden1m_014/output_maps/psiliqL0028N0015.asc
ncols         80
nrows         18
xllcorner     620200.000000
yllcorner     5168000.000000
cellsize      1.000000
NODATA_value  -9999.0
-9999.0 -9999.0 -9999.0 -9999.0 -9999.0 -9999.0 -9999.0 -9999.0 -9999.0 -9999.0 -9999.0 -9999.0 -9999.0 -9999.0 -9999.0 -9999.0 -9999.0 -9999.0 -9999.0 -9999.0 -9999.0 -9999.0 -9999.0 -9999.0 -9999.0 -9999.0 -9999.0 -9999.0 -9999.0 -9999.0 -9999.0 -9999.0 -9999.0 -9999.0 -9999.0 -9999.0 -9999.0 -9999.0 -9999.0 -9999.0 -9999.0 -9999.0 -9999.0 -9999.0 -9999.0 -9999.0 -9999.0 -9999.0 -9999.0 -9999.0 -9999.0 -9999.0 -9999.0 -9999.0 -9999.0 -9999.0 -9999.0 -9999.0 -9999.0 -9999.0 -9999.0 -9999.0 -9999.0 -9999.0 -9999.0 -9999.0 -9999.0 -9999.0 -9999.0 -9999.0 -9999.0 -9999.0 -9999.0 -9999.0 -9999.0 -9999.0 -9999.0 -9999.0 -9999.0 -9999.0
-9999.0 -9999.0 -9999.0 -9999.0 -9999.0 -9999.0 -9999.0 -9999.0 -9999.0 -9999.0 -9999.0 -9999.0 -9999.0 -9999.0 -9999.0 -9999.0 -9999.0 -9999.0 -9999.0 -9999.0 -9999.0 -9999.0 -9999.0 -9999.0 -9999.0 -9999.0 -9999.0 -9999.0 -9999.0 -9999.0 -9999.0 -9999.0 -9999.0 -9999.0 -9999.0 -9999.0 -9999.0 -9999.0 -9999.0 -9999.0 -9999.0 -9999.0 -9999.0 -9999.0 -9999.0 -9999.0 -9999.0 -9999.0 -9999.0 -9999.0 -9999.0 -9999.0 -9999.0 -9999.0 -9999.0 -9999.0 -9999.0 -9999.0 -9999.0 -9999.0 -9999.0 -9999.0 -9999.0 -9999.0 -9999.0 -9999.0 -9999.0 -9999.0 -9999.0 -9999.0 -9999.0 -9999.0 -9999.0 -9999.0 -9999.0 -9999.0 -9999.0 -9999.0 -9999.0 -9999.0
-9999.0 -9999.0 -9999.0 -9999.0 -9999.0 -9999.0 -9999.0 -9999.0 -9999.0 -9999.0 -9999.0 -9999.0 -9999.0 -9999.0 -9999.0 -9999.0 -9999.0 -9999.0 -9999.0 -9999.0 3725.108090 3725.771615 3704.092030 3669.785307 3641.327649 3642.897156 3675.320267 3715.608321 3754.224396 3760.940328 3741.418595 3745.206099 3740.569495 3735.304846 3734.937303 3742.657224 3749.544705 3758.877594 3765.490217 3762.792307 3755.167935 3750.130872 3753.078068 3754.418644 3760.833695 3745.743312 3762.090537 3778.571771 3783.208920 3780.895400 3757.733178 3746.472470 3738.786138 3723.372360 3750.480949 3762.327192 3786.136989 3791.063278 3789.257387 3762.821123 3732.936644 -9999.0 -9999.0 -9999.0 -9999.0 -9999.0 -9999.0 -9999.0 -9999.0 -9999.0 -9999.0 -9999.0 -9999.0 -9999.0 -9999.0 -9999.0 -9999.0 -9999.0 -9999.0 -9999.0
-9999.0 -9999.0 -9999.0 -9999.0 -9999.0 -9999.0 -9999.0 -9999.0 -9999.0 -9999.0 -9999.0 -9999.0 -9999.0 -9999.0 3635.221270 3626.476205 3623.363836 3630.203134 3662.213027 3692.237743 3703.672183 3695.980196 3695.493229 3670.274090 3646.710367 3658.712016 3687.656644 3717.528917 3750.332718 3766.832520 3755.597537 3752.630097 3758.772613 3776.991418 3783.896764 3779.934620 3762.530395 3786.863413 3799.522375 3803.106412 3800.806414 3790.669514 3798.603241 3812.265609 3805.130071 3790.203361 3802.204787 3817.782466 3828.297668 3821.185593 3764.210477 3753.658807 3750.956347 3747.730853 3735.214048 3732.170308 3761.454417 3761.392263 3754.777953 3738.109619 3705.073790 3659.989327 3641.423545 3682.835993 3726.904712 3783.457490 -9999.0 -9999.0 -9999.0 -9999.0 -9999.0 -9999.0 -9999.0 -9999.0 -9999.0 -9999.0 -9999.0 -9999.0 -9999.0 -9999.0
-9999.0 -9999.0 -9999.0 -9999.0 -9999.0 -9999.0 -9999.0 -9999.0 -9999.0 3578.017379 3584.048403 3590.694252 3592.902872 3607.622442 3603.909368 3610.427784 3613.493016 3640.365691 3669.127772 3701.904918 3728.144233 3718.492575 3716.497172 3718.838340 3711.149809 3717.755461 3737.523109 3773.307494 3802.815733 3836.925404 3802.336299 3796.735751 3813.736036 3853.755144 3874.718748 3875.481574 3856.584670 3874.870705 3898.083789 3912.569218 3908.586087 3901.945569 3928.271064 3943.869910 3936.185686 3914.101420 3914.876612 3923.748032 3953.766446 3903.020734 3836.936874 3800.954267 3819.121449 3799.677299 3776.134262 3767.061765 3768.817859 3789.751065 3779.007876 3746.066954 3713.756960 3702.345311 3686.138650 3708.435183 3732.431727 3779.381204 3819.890609 3850.211451 3849.882971 3832.866998 -9999.0 -9999.0 -9999.0 -9999.0 -9999.0 -9999.0 -9999.0 -9999.0 -9999.0 -9999.0
-9999.0 -9999.0 -9999.0 -9999.0 -9999.0 -9999.0 3499.649805 3510.128328 3530.663269 3532.584079 3558.884195 3563.368577 3581.436816 3597.770554 3619.076080 3630.680244 3654.188130 3683.018973 3717.579005 3753.634146 3779.902986 3766.716310 3771.041406 3788.060130 3812.113705 3828.804708 3850.885004 3888.410926 3960.497695 3996.321156 3986.204595 3986.308291 3994.319182 4045.077167 4109.149650 4119.218139 4098.423791 4085.711596 4110.291892 4148.454527 4145.427553 4144.108622 4158.162951 4169.428922 4196.387349 4184.760314 4148.888619 4144.988002 4153.335791 4128.857976 4057.790317 4001.438815 3985.158806 3938.095689 3854.018723 3813.412314 3840.760357 3870.691405 3850.562536 3801.994391 3771.367861 3767.246599 3757.331296 3752.089303 3766.156477 3790.232076 3814.810285 3829.440452 3818.034003 3797.502206 3776.269681 3748.437868 3751.419760 3776.480528 -9999.0 -9999.0 -9999.0 -9999.0 -9999.0 -9999.0
-9999.0 -9999.0 -9999.0 -9999.0 3450.573948 3463.127814 3447.416928 3473.329432 3504.604042 3537.503138 3563.630940 3593.808714 3615.625900 3641.089367 3672.259255 3691.350706 3721.131809 3749.335796 3794.976459 3854.666938 3897.597580 3909.066394 3916.679037 3966.942776 4022.785086 4069.092232 4087.780382 4114.041832 4161.478836 4218.359781 4240.244627 4242.497086 4259.474374 4304.619033 4363.022245 4398.757305 4380.756800 4371.357805 4382.416020 4397.556762 4419.721835 4419.755556 4420.902498 4425.512869 4433.813292 4431.618860 4404.061938 4370.189373 4357.066617 4346.503567 4306.190155 4232.753238 4203.639495 4173.752322 4128.109599 4072.687524 4028.445745 4032.481246 3977.312965 3921.704741 3873.666686 3868.144948 3849.609638 3835.233563 3819.858638 3833.934917 3847.324889 3833.141657 3803.548178 3774.794342 3762.334082 3745.175214 3733.971377 3765.508601 3783.588189 3812.991640 -9999.0 -9999.0 -9999.0 -9999.0
-9999.0 -9999.0 3392.217732 3436.482701 3492.991096 3497.962514 3489.188835 3490.723438 3515.897291 3563.801808 3623.226245 3657.252654 3683.110174 3712.511444 3761.340900 3820.071004 3878.138258 3920.230085 3978.767413 4048.724377 4107.905265 4134.163211 4142.368524 4178.463723 4234.259020 4305.657614 4334.532472 4361.693878 4394.581234 4432.441061 4420.475313 4430.555724 4443.816466 4458.615030 4475.466853 4483.606761 4478.371798 4473.686878 4454.905997 4449.390432 4455.807444 4464.502587 4463.001746 4448.050507 4444.059159 4459.344668 4466.044657 4463.648194 4460.246432 4464.711171 4458.510932 4407.938887 4394.232391 4378.391155 4365.619661 4318.465512 4250.456144 4218.999877 4196.427981 4154.183920 4080.144147 4044.441189 4006.030084 3972.629670 3936.578760 3925.581466 3894.779694 3863.636848 3825.721433 3785.589886 3767.148190 3753.573349 3753.620839 3754.459907 3772.579698 3788.400154 3804.468485 3812.590333 -9999.0 -9999.0
-9999.0 3281.149206 3351.421978 3471.365894 3547.815145 3582.300321 3585.692899 3584.448983 3608.630978 3641.952668 3725.151329 3767.895739 3850.374508 3888.878763 3928.431390 4018.361585 4114.463878 4158.894991 4199.181587 4265.361827 4333.150860 4381.212280 4408.037789 4380.912010 4422.154084 4455.598243 4464.946334 4472.867960 4473.826464 4465.218139 4459.120843 4465.637427 4462.458184 4442.824829 4426.320395 4424.401538 4420.896082 4397.181897 4369.341226 4353.407131 4354.348276 4379.811868 4366.321280 4344.749958 4340.255024 4362.222242 4384.341604 4373.386207 4360.099655 4376.819264 4411.997420 4438.064825 4437.511394 4456.526331 4477.755255 4447.940630 4427.870444 4382.869021 4365.560182 4339.816200 4281.817549 4226.884129 4178.330031 4130.071063 4078.233148 4030.594187 3983.438520 3936.592767 3884.118985 3851.801694 3828.218393 3786.648760 3775.293037 3782.574157 3778.292872 3777.050232 3783.807916 3790.445866 -9999.0 -9999.0
-9999.0 3181.153702 3318.669186 3493.873328 3634.564760 3671.248470 3725.009232 3776.632497 3788.413960 3728.674677 3830.073887 4048.996574 4177.061136 4196.172753 4273.926268 4372.089952 4348.679731 4380.984540 4405.174729 4434.650953 4458.274981 4473.861528 4472.468758 4467.669427 4450.889775 4442.817380 4441.859338 4439.649281 4421.903169 4402.635002 4385.596480 4382.115600 4363.559077 4312.309689 4278.430407 4260.207255 4239.741508 4226.779471 4200.034232 4173.648811 4156.333464 4165.450749 4164.745811 4151.954137 4147.557350 4165.198136 4196.170120 4195.159000 4208.380299 4228.288639 4263.856367 4302.883169 4322.369546 4351.921193 4387.945759 4437.278694 4445.022107 4467.733364 4470.326824 4461.355095 4413.710677 4361.340491 4331.587805 4275.544877 4215.903414 4154.133681 4104.827131 4060.050681 4004.580651 3971.170653 3932.616725 3879.289128 3838.058163 3832.696484 3800.100277 3788.127488 -9999.0 -9999.0 -9999.0 -9999.0
-9999.0 3073.542618 3250.125978 3483.602771 3780.599404 3845.293977 4048.717436 4163.207986 4201.016265 4270.009751 4133.543847 4354.125449 4411.627831 4407.843491 4427.965303 4431.879360 4446.688971 4445.780695 4440.681188 4429.474796 4419.623468 4414.847807 4413.873786 4405.909115 4393.165022 4378.410210 4366.330333 4354.577092 4317.251131 4284.739814 4244.058381 4231.155153 4184.451044 4091.587044 4052.957142 4013.098207 3950.536989 3954.015361 3963.635635 3940.097574 3920.118420 3890.158337 3921.376391 3933.599063 3938.340406 3932.444865 3941.009674 3971.279753 4020.622672 4055.457899 4094.319414 4142.666979 4173.595090 4212.986520 4252.507240 4305.182471 4336.943155 4366.125573 4416.082168 4453.341863 4476.298874 4461.563941 4444.002476 4398.053614 4337.328190 4287.707374 4258.186078 4206.962914 4163.189018 4119.865202 4073.441617 4020.755588 3959.253169 3909.896534 3876.765306 -9999.0 -9999.0 -9999.0 -9999.0 -9999.0
-9999.0 2841.849355 3102.850921 3362.007182 3627.361996 3974.064982 4156.706948 4248.262016 4312.882644 4300.489775 4328.252598 4333.426791 4371.033909 4378.996444 4357.717005 4343.243942 4324.747804 4323.657925 4336.799289 4309.033946 4278.228117 4264.579824 4265.552262 4254.877040 4230.653291 4215.810942 4206.609199 4187.713503 4144.546372 4093.606529 4008.259888 3971.884365 3891.580567 3855.767666 3820.413573 3773.631188 3730.091489 3736.875185 3762.953910 3754.974120 3734.606378 3718.004317 3748.025202 3769.634136 3783.192430 3766.161078 3772.549561 3806.937074 3853.237921 3893.578668 3937.075341 3984.840009 4027.009675 4065.631088 4085.403537 4123.719530 4166.042553 4207.887933 4278.608461 4358.381226 4395.269950 4430.522200 4458.687777 4480.919454 4437.600816 4411.948775 4387.753496 4363.719904 4316.905463 4271.171775 4230.590553 4164.970117 4105.404136 -9999.0 -9999.0 -9999.0 -9999.0 -9999.0 -9999.0 -9999.0
-9999.0 2743.543731 2918.474468 3097.854863 3336.480212 3564.625162 3794.410027 3884.456381 3955.596694 4035.364217 4093.930144 4133.369035 4159.177166 4181.184926 4158.741046 4111.503700 4078.671497 4083.864850 4073.972256 4053.497186 4026.099777 4013.500875 4010.653749 4006.221618 3985.513172 3975.893298 3969.580950 3951.963279 3927.660700 3874.897116 3804.754930 3731.064369 3678.733211 3661.892124 3640.947372 3615.579289 3591.137959 3605.264357 3617.998041 3618.975434 3613.619662 3614.740451 3643.776751 3663.923048 3673.322168 3662.769871 3680.839778 3703.292557 3739.359957 3778.156133 3822.327054 3871.933202 3919.936122 3938.938072 3939.443078 3948.962743 3975.306602 4017.779814 4093.715095 4180.031246 4259.483030 4305.703552 4357.040665 4397.750574 4426.767408 4450.063916 4473.702758 4467.712201 4440.974797 4407.142569 4347.363355 -9999.0 -9999.0 -9999.0 -9999.0 -9999.0 -9999.0 -9999.0 -9999.0 -9999.0
-9999.0 -9999.0 2708.102658 2837.635743 2921.278396 3073.062911 3209.277510 3313.558114 3417.347492 3565.276421 3691.872588 3788.168799 3835.687443 3851.484223 3838.105860 3811.056160 3794.933650 3794.445890 3782.384201 3777.191761 3764.324141 3759.745522 3747.663429 3740.611014 3738.213078 3738.996275 3737.704803 3730.549769 3715.316696 3675.466935 3641.672311 3599.353222 3555.154558 3535.141453 3518.691605 3503.606099 3509.731680 3505.114712 3511.046784 3514.715430 3525.403341 3540.237388 3559.503937 3582.499679 3592.171928 3602.725058 3613.140566 3634.176225 3663.320104 3702.945472 3753.780180 3808.188579 3843.530692 3849.467388 3830.098165 3823.435459 3829.619264 3856.560698 3917.418459 3985.319411 4076.020897 4142.195846 4209.335687 4265.968925 4293.113560 4329.515465 4400.993724 4449.114144 4493.124716 4470.635475 -9999.0 -9999.0 -9999.0 -9999.0 -9999.0 -9999.0 -9999.0 -9999.0 -9999.0 -9999.0
-9999.0 -9999.0 -9999.0 -9999.0 2718.279899 2835.638710 2929.923323 3001.662614 3134.412542 3265.569720 3371.674191 3459.783023 3530.781023 3557.159006 3560.098984 3580.264779 3580.502443 3570.555768 3559.462117 3566.196979 3573.062141 3567.544057 3550.355659 3545.185382 3550.933797 3560.902549 3560.764342 3549.773663 3533.480981 3523.441590 3514.403913 3486.637766 3457.246099 3432.190178 3422.430431 3421.764833 3423.331575 3416.235816 3425.311422 3435.367678 3451.945599 3467.279798 3490.789568 3520.751681 3535.744363 3550.304250 3558.371585 3576.057639 3604.130837 3655.119327 3716.390850 3772.668058 3806.402953 3806.181320 3776.834066 3754.099248 3740.176584 3756.049804 3783.235544 3831.926298 3920.427820 3982.234733 4026.093426 4063.680468 4099.989227 4166.284900 4262.866996 4345.203906 -9999.0 -9999.0 -9999.0 -9999.0 -9999.0 -9999.0 -9999.0 -9999.0 -9999.0 -9999.0 -9999.0 -9999.0
-9999.0 -9999.0 -9999.0 -9999.0 -9999.0 -9999.0 2701.727863 2809.832255 2835.419008 2986.826314 3135.543001 3243.902349 3327.991232 3365.384475 3401.901819 3433.707216 3435.194504 3414.496529 3391.981412 3415.157951 3436.579401 3430.440421 3397.686228 3400.638205 3409.633672 3418.901606 3418.099813 3414.494837 3392.568359 3413.596160 3421.918822 3402.310660 3379.964432 3370.324232 3360.975450 3372.696914 3374.147148 3360.516826 3359.633667 3388.597348 3410.370154 3423.344836 3444.161322 3477.380704 3509.850523 3525.520554 3525.986333 3529.880343 3565.186269 3632.653084 3703.374220 3758.343570 3789.176956 3793.379396 3761.968129 3716.447227 3689.489018 3687.118353 3709.869066 3747.264411 3807.019692 3841.907570 3850.373401 3848.441665 3858.529991 3959.692688 -9999.0 -9999.0 -9999.0 -9999.0 -9999.0 -9999.0 -9999.0 -9999.0 -9999.0 -9999.0 -9999.0 -9999.0 -9999.0 -9999.0
-9999.0 -9999.0 -9999.0 -9999.0 -9999.0 -9999.0 -9999.0 -9999.0 -9999.0 -9999.0 -9999.0 -9999.0 -9999.0 -9999.0 -9999.0 -9999.0 -9999.0 -9999.0 -9999.0 -9999.0 -9999.0 -9999.0 -9999.0 -9999.0 -9999.0 -9999.0 -9999.0 -9999.0 -9999.0 -9999.0 -9999.0 -9999.0 -9999.0 -9999.0 -9999.0 -9999.0 -9999.0 -9999.0 -9999.0 -9999.0 -9999.0 -9999.0 -9999.0 -9999.0 -9999.0 -9999.0 -9999.0 -9999.0 -9999.0 -9999.0 -9999.0 -9999.0 -9999.0 -9999.0 -9999.0 -9999.0 -9999.0 -9999.0 -9999.0 -9999.0 -9999.0 -9999.0 -9999.0 -9999.0 -9999.0 -9999.0 -9999.0 -9999.0 -9999.0 -9999.0 -9999.0 -9999.0 -9999.0 -9999.0 -9999.0 -9999.0 -9999.0 -9999.0 -9999.0 -9999.0
-9999.0 -9999.0 -9999.0 -9999.0 -9999.0 -9999.0 -9999.0 -9999.0 -9999.0 -9999.0 -9999.0 -9999.0 -9999.0 -9999.0 -9999.0 -9999.0 -9999.0 -9999.0 -9999.0 -9999.0 -9999.0 -9999.0 -9999.0 -9999.0 -9999.0 -9999.0 -9999.0 -9999.0 -9999.0 -9999.0 -9999.0 -9999.0 -9999.0 -9999.0 -9999.0 -9999.0 -9999.0 -9999.0 -9999.0 -9999.0 -9999.0 -9999.0 -9999.0 -9999.0 -9999.0 -9999.0 -9999.0 -9999.0 -9999.0 -9999.0 -9999.0 -9999.0 -9999.0 -9999.0 -9999.0 -9999.0 -9999.0 -9999.0 -9999.0 -9999.0 -9999.0 -9999.0 -9999.0 -9999.0 -9999.0 -9999.0 -9999.0 -9999.0 -9999.0 -9999.0 -9999.0 -9999.0 -9999.0 -9999.0 -9999.0 -9999.0 -9999.0 -9999.0 -9999.0 -9999.0