Borden_/Borden1m_014/output_maps/psiliqL0019N0036.asc
ncols         80
nrows         18
xllcorner     620200.000000
yllcorner     5168000.000000
cellsize      1.000000
NODATA_value  -9999.0
-9999.0 -9999.0 -9999.0 -9999.0 -9999.0 -9999.0 -9999.0 -9999.0 -9999.0 -9999.0 -9999.0 -9999.0 -9999.0 -9999.0 -9999.0 -9999.0 -9999.0 -9999.0 -9999.0 -9999.0 -9999.0 -9999.0 -9999.0 -9999.0 -9999.0 -9999.0 -9999.0 -9999.0 -9999.0 -9999.0 -9999.0 -9999.0 -9999.0 -9999.0 -9999.0 -9999.0 -9999.0 -9999.0 -9999.0 -9999.0 -9999.0 -9999.0 -9999.0 -9999.0 -9999.0 -9999.0 -9999.0 -9999.0 -9999.0 -9999.0 -9999.0 -9999.0 -9999.0 -9999.0 -9999.0 -9999.0 -9999.0 -9999.0 -9999.0 -9999.0 -9999.0 -9999.0 -9999.0 -9999.0 -9999.0 -9999.0 -9999.0 -9999.0 -9999.0 -9999.0 -9999.0 -9999.0 -9999.0 -9999.0 -9999.0 -9999.0 -9999.0 -9999.0 -9999.0 -9999.0
-9999.0 -9999.0 -9999.0 -9999.0 -9999.0 -9999.0 -9999.0 -9999.0 -9999.0 -9999.0 -9999.0 -9999.0 -9999.0 -9999.0 -9999.0 -9999.0 -9999.0 -9999.0 -9999.0 -9999.0 -9999.0 -9999.0 -9999.0 -9999.0 -9999.0 -9999.0 -9999.0 -9999.0 -9999.0 -9999.0 -9999.0 -9999.0 -9999.0 -9999.0 -9999.0 -9999.0 -9999.0 -9999.0 -9999.0 -9999.0 -9999.0 -9999.0 -9999.0 -9999.0 -9999.0 -9999.0 -9999.0 -9999.0 -9999.0 -9999.0 -9999.0 -9999.0 -9999.0 -9999.0 -9999.0 -9999.0 -9999.0 -9999.0 -9999.0 -9999.0 -9999.0 -9999.0 -9999.0 -9999.0 -9999.0 -9999.0 -9999.0 -9999.0 -9999.0 -9999.0 -9999.0 -9999.0 -9999.0 -9999.0 -9999.0 -9999.0 -9999.0 -9999.0 -9999.0 -9999.0
-9999.0 -9999.0 -9999.0 -9999.0 -9999.0 -9999.0 -9999.0 -9999.0 -9999.0 -9999.0 -9999.0 -9999.0 -9999.0 -9999.0 -9999.0 -9999.0 -9999.0 -9999.0 -9999.0 -9999.0 1955.967409 1958.595269 1937.914319 1905.622543 1879.361241 1883.389365 1919.345672 1962.447188 2003.255806 2014.289847 1997.953598 2002.838156 1999.931160 1998.647465 2001.442153 2009.957753 2016.633540 2028.489020 2037.821330 2038.320783 2033.369190 2029.644335 2031.688978 2034.291436 2039.592764 2026.186620 2039.442451 2052.972054 2055.498036 2048.599879 2020.076288 2003.170573 1991.650774 1973.226800 1995.830292 2005.009255 2025.304047 2027.230864 2023.410908 1995.086962 1964.113785 -9999.0 -9999.0 -9999.0 -9999.0 -9999.0 -9999.0 -9999.0 -9999.0 -9999.0 -9999.0 -9999.0 -9999.0 -9999.0 -9999.0 -9999.0 -9999.0 -9999.0 -9999.0 -9999.0
-9999.0 -9999.0 -9999.0 -9999.0 -9999.0 -9999.0 -9999.0 -9999.0 -9999.0 -9999.0 -9999.0 -9999.0 -9999.0 -9999.0 1861.349377 1853.246068 1852.083535 1861.804167 1896.559045 1928.007408 1940.141841 1933.897193 1935.394612 1913.112701 1893.554282 1909.107837 1940.954539 1974.277510 2010.525197 2031.742288 2022.704471 2022.255495 2032.435750 2056.819170 2068.810992 2066.903458 2049.371835 2074.784768 2091.177717 2099.806554 2100.523157 2092.987261 2104.752648 2119.731754 2112.250290 2094.913954 2101.081491 2112.193609 2121.186953 2107.005086 2042.637889 2023.423452 2016.496415 2007.999250 1991.617950 1983.792133 2007.886528 2005.133459 1995.024545 1975.502066 1941.145667 1895.724689 1875.432871 1912.984882 1954.843366 2010.040799 -9999.0 -9999.0 -9999.0 -9999.0 -9999.0 -9999.0 -9999.0 -9999.0 -9999.0 -9999.0 -9999.0 -9999.0 -9999.0 -9999.0
-9999.0 -9999.0 -9999.0 -9999.0 -9999.0 -9999.0 -9999.0 -9999.0 -9999.0 1798.803100 1805.033691 1813.863090 1818.186485 1835.407524 1833.798647 1842.547847 1850.349048 1879.508116 1911.828537 1948.002595 1977.492922 1970.421058 1972.033378 1981.438465 1983.241148 1995.845807 2019.554032 2061.353254 2099.566892 2140.333920 2112.030670 2110.702154 2130.762515 2176.484613 2205.988972 2211.572743 2194.529924 2208.221929 2234.468329 2255.890813 2256.282116 2253.988821 2279.407616 2293.695549 2291.082775 2269.448949 2260.640050 2261.834232 2286.041223 2232.519138 2163.931079 2115.913948 2121.918098 2093.175780 2057.780275 2038.379187 2034.278134 2052.076256 2035.731671 1997.243947 1960.081846 1946.636370 1927.118536 1943.401673 1963.632759 2007.432783 2044.438525 2070.977664 2068.252486 2049.353285 -9999.0 -9999.0 -9999.0 -9999.0 -9999.0 -9999.0 -9999.0 -9999.0 -9999.0 -9999.0
-9999.0 -9999.0 -9999.0 -9999.0 -9999.0 -9999.0 1717.281600 1728.470279 1750.618924 1755.940540 1783.607314 1792.225774 1814.511279 1835.327143 1859.240708 1876.662942 1907.185113 1941.327720 1982.393544 2025.634114 2058.679779 2053.319081 2064.432217 2092.093990 2128.051376 2155.253923 2181.994923 2223.682960 2300.407714 2342.337718 2345.713787 2350.718072 2361.186264 2411.335875 2475.513887 2488.300788 2469.002655 2456.684865 2480.132288 2518.845792 2523.659284 2525.908065 2539.833801 2550.270235 2575.765199 2564.178749 2522.972819 2510.154835 2509.910295 2488.603050 2421.952494 2358.561692 2328.027079 2276.466410 2192.093249 2139.812086 2150.393971 2169.407493 2140.316309 2085.495334 2044.601865 2032.845175 2016.162685 2002.272377 2007.896684 2025.226401 2044.750333 2053.645771 2038.084899 2014.613241 1990.231348 1960.076733 1960.956425 1985.228493 -9999.0 -9999.0 -9999.0 -9999.0 -9999.0 -9999.0
-9999.0 -9999.0 -9999.0 -9999.0 1665.278031 1679.438920 1667.851890 1695.385215 1730.056648 1766.392020 1799.072443 1836.794672 1865.521361 1897.463283 1937.854296 1970.262007 2011.237142 2047.259346 2101.907813 2170.248839 2221.690075 2244.175794 2259.463611 2317.114519 2378.415102 2430.943441 2453.549844 2482.918219 2530.382726 2591.275062 2618.389850 2624.925737 2643.010655 2681.767888 2732.697436 2768.607639 2752.497630 2745.242674 2754.198199 2768.569921 2793.463173 2795.968036 2798.625946 2801.965363 2807.201217 2804.717907 2777.753979 2742.315692 2724.882195 2713.280167 2678.503342 2606.376659 2567.952512 2535.606105 2495.524957 2440.290909 2380.259712 2368.439182 2309.741297 2250.192732 2189.495758 2169.423292 2139.036945 2113.385063 2084.921371 2086.104583 2087.887881 2064.865499 2029.376733 1994.809236 1978.027184 1957.805253 1945.211721 1974.502524 1991.149373 2020.429040 -9999.0 -9999.0 -9999.0 -9999.0
-9999.0 -9999.0 1603.539419 1651.871577 1710.503435 1720.290834 1720.389318 1727.937939 1758.763670 1813.125942 1886.896309 1935.238893 1975.751700 2011.987920 2072.210700 2147.626559 2217.900235 2266.697200 2329.686803 2402.390343 2466.106162 2498.946151 2515.615002 2557.423346 2613.752303 2680.012684 2709.000349 2737.212606 2772.695475 2809.269196 2814.178476 2827.410645 2837.360763 2843.804350 2852.644018 2856.115521 2851.058838 2845.750603 2827.428917 2823.784385 2831.584277 2839.072276 2840.048845 2826.363541 2822.273047 2835.902423 2840.019999 2837.651206 2835.088532 2840.822967 2840.601882 2797.187833 2766.349643 2749.122394 2734.266785 2687.161236 2619.707799 2579.437862 2555.166435 2508.420399 2429.316561 2379.660779 2329.674859 2282.732769 2230.638961 2201.316787 2154.430855 2110.266460 2061.617760 2013.390814 1988.426186 1969.765100 1966.464628 1965.164579 1980.669818 1995.012453 2009.647010 2017.044221 -9999.0 -9999.0
-9999.0 1497.062142 1569.503072 1695.127583 1776.246497 1820.516325 1846.431280 1865.421315 1896.920135 1929.781761 2030.853382 2108.034719 2199.133007 2240.353072 2290.745712 2388.644718 2485.925206 2535.859694 2577.575437 2639.056719 2703.425174 2755.231613 2785.476223 2786.316712 2823.804683 2844.333075 2849.998444 2855.365306 2853.854459 2846.197715 2838.323385 2844.213691 2839.694460 2819.401251 2801.897393 2797.703985 2791.402734 2766.209207 2735.832978 2720.356716 2722.381454 2748.065109 2734.351594 2713.305582 2709.465308 2731.303098 2753.338880 2744.274620 2731.400886 2750.990712 2786.731844 2810.794747 2818.137109 2835.660239 2856.331620 2829.015661 2802.407940 2758.269300 2735.639078 2705.097094 2644.517401 2583.001001 2526.549750 2464.035739 2397.394396 2330.963567 2266.991942 2203.496986 2136.634852 2094.470965 2063.163873 2014.165871 1994.852079 1996.903242 1987.972301 1984.237854 1989.156868 1994.959968 -9999.0 -9999.0
-9999.0 1410.373306 1551.939574 1734.980743 1883.427168 1938.081186 2027.459226 2101.636316 2128.923447 2095.098571 2203.912146 2425.353084 2541.073930 2563.272340 2639.813887 2736.039752 2744.588002 2779.278637 2803.854164 2821.481341 2835.896725 2849.174720 2849.081386 2844.926948 2830.444939 2822.685215 2820.879852 2817.305156 2798.486185 2777.787615 2758.791389 2752.951360 2730.539768 2681.922821 2646.359713 2626.594616 2607.377777 2588.793902 2558.281076 2531.155577 2514.133289 2527.943661 2524.196741 2507.773807 2504.033997 2526.232136 2557.668948 2555.633453 2567.432207 2589.513073 2629.564503 2670.708132 2694.561839 2726.443950 2766.086443 2813.262686 2827.145847 2849.318917 2852.696691 2835.989630 2788.899276 2731.840108 2694.882762 2629.158398 2554.625594 2472.956380 2405.616215 2340.846514 2269.787124 2224.114640 2178.553424 2122.625504 2072.641348 2054.661576 2016.116107 1997.460388 -9999.0 -9999.0 -9999.0 -9999.0
-9999.0 1322.254546 1507.279665 1758.889636 2043.872595 2142.092625 2348.526828 2476.968393 2532.317248 2605.097763 2549.920085 2725.934256 2775.422550 2775.092242 2783.474114 2790.165430 2807.570413 2811.316155 2808.431133 2798.840230 2790.201429 2786.529530 2785.592089 2778.074721 2765.432028 2749.614409 2733.402261 2718.850243 2678.942727 2643.636037 2603.949959 2587.630120 2545.021527 2449.829305 2406.091292 2366.832879 2306.906060 2302.779524 2301.071750 2273.318344 2254.075674 2229.977985 2254.920631 2262.850948 2266.372822 2266.538869 2281.150225 2308.620694 2356.089561 2393.771576 2438.527114 2491.875515 2529.146866 2573.696314 2619.349766 2676.267007 2711.266946 2743.790360 2794.874257 2834.275872 2857.365161 2843.282752 2815.615907 2763.813220 2686.157995 2616.007880 2561.735922 2483.477156 2417.343345 2364.610657 2318.960628 2270.077641 2208.312160 2139.764505 2100.398065 -9999.0 -9999.0 -9999.0 -9999.0 -9999.0
-9999.0 1125.642272 1392.008134 1671.841095 1971.595667 2307.086265 2459.374230 2578.879941 2652.268736 2630.027062 2647.426352 2666.730413 2712.930076 2724.543995 2705.663423 2696.382344 2683.823899 2684.139778 2697.301223 2670.586224 2640.698153 2627.015152 2626.561120 2614.669180 2590.570767 2573.502532 2561.863396 2539.918602 2489.969860 2436.839874 2352.044504 2317.950321 2238.889518 2188.566556 2145.631893 2095.383585 2045.300556 2045.564614 2065.044665 2052.129671 2030.427616 2012.428503 2040.198764 2059.943821 2073.086156 2060.398715 2069.268635 2105.322919 2155.134174 2199.889678 2249.833954 2305.085345 2351.723664 2398.850783 2429.772800 2479.050961 2529.303165 2577.157457 2651.512283 2732.358277 2772.445138 2807.344251 2836.448233 2848.890185 2791.103216 2736.652895 2677.132782 2609.004659 2529.584076 2479.996106 2452.720779 2412.327450 2359.070191 -9999.0 -9999.0 -9999.0 -9999.0 -9999.0 -9999.0 -9999.0
-9999.0 1004.831906 1213.840011 1428.930368 1700.558858 1936.871159 2144.380430 2248.933068 2329.097460 2382.357324 2428.162947 2467.136719 2499.976190 2525.235346 2506.339140 2464.918880 2435.545699 2440.103002 2433.908088 2410.617344 2381.186856 2366.304241 2362.996600 2356.164542 2332.307258 2318.472174 2307.829097 2284.580495 2252.953621 2196.870829 2118.731002 2044.186844 1984.894133 1956.480936 1928.109528 1896.400716 1863.257730 1873.660092 1885.472599 1883.141102 1874.022481 1872.188491 1901.278088 1920.658835 1930.889432 1920.129515 1939.707673 1966.081347 2007.413874 2051.305391 2100.961876 2156.303388 2210.426667 2239.116723 2251.721208 2275.078224 2313.444733 2366.617542 2452.036761 2547.574245 2626.810216 2675.465579 2725.837722 2758.909220 2768.995409 2770.600264 2739.801742 2657.409429 2556.233928 2534.425139 2530.792241 -9999.0 -9999.0 -9999.0 -9999.0 -9999.0 -9999.0 -9999.0 -9999.0 -9999.0
-9999.0 -9999.0 983.562542 1151.780594 1274.960476 1448.770128 1596.897771 1707.251722 1802.533497 1928.441674 2041.877312 2131.475964 2178.033160 2196.658210 2184.221314 2154.267143 2134.882889 2134.674676 2123.654734 2113.906633 2095.232959 2087.460497 2075.109400 2066.529701 2057.940261 2053.331681 2048.125553 2036.997177 2015.704292 1969.539803 1923.723089 1873.729855 1821.743612 1796.557538 1774.977500 1754.181389 1754.020382 1749.236290 1754.400175 1756.218669 1763.941910 1777.047473 1796.942645 1819.365186 1829.394235 1839.117477 1851.700729 1875.560058 1908.711362 1951.550294 2006.250221 2065.113429 2105.920859 2119.229552 2109.548953 2113.955002 2132.762741 2173.696626 2251.441220 2333.292388 2428.780946 2499.379934 2569.622466 2619.113246 2631.630188 2642.358980 2650.948461 2600.666541 2480.278028 2489.874296 -9999.0 -9999.0 -9999.0 -9999.0 -9999.0 -9999.0 -9999.0 -9999.0 -9999.0 -9999.0
-9999.0 -9999.0 -9999.0 -9999.0 1011.941169 1164.315975 1262.055876 1344.739159 1476.106492 1600.683719 1703.814533 1789.378743 1854.507632 1882.033655 1880.380297 1889.867812 1886.650519 1879.526517 1869.208545 1869.595152 1869.855415 1862.372546 1847.025063 1839.662667 1841.073679 1846.405319 1843.534719 1829.550088 1811.042059 1790.352230 1771.567760 1737.753652 1702.450403 1673.286985 1660.019290 1654.724254 1654.268780 1646.813023 1655.229665 1662.956382 1678.343136 1693.527075 1717.216749 1746.465067 1760.699075 1775.753742 1785.594085 1806.101436 1836.867559 1890.740253 1954.884504 2013.695115 2050.931699 2056.260564 2032.642966 2017.579622 2013.789090 2041.346060 2084.867536 2149.789100 2249.858803 2321.437882 2374.806972 2415.608511 2444.342341 2485.195538 2529.016788 2560.468295 -9999.0 -9999.0 -9999.0 -9999.0 -9999.0 -9999.0 -9999.0 -9999.0 -9999.0 -9999.0 -9999.0 -9999.0
-9999.0 -9999.0 -9999.0 -9999.0 -9999.0 -9999.0 977.435732 1080.590511 1157.486240 1300.751233 1436.170872 1539.995731 1621.919377 1655.608407 1684.770166 1712.948985 1711.974450 1693.051387 1673.038548 1692.358131 1707.401050 1701.092670 1670.243966 1670.160294 1675.342063 1683.146206 1680.490334 1673.833388 1648.482433 1660.998367 1662.285980 1638.827945 1612.694990 1598.895457 1586.854723 1596.284248 1596.253707 1582.244308 1582.208992 1609.250950 1629.705612 1642.753212 1664.343778 1697.607828 1730.150495 1745.753528 1747.348365 1753.520627 1793.166256 1863.686928 1936.198035 1992.693422 2026.300357 2035.312148 2009.326029 1970.056332 1950.411714 1957.861086 1992.496844 2044.084896 2118.541141 2165.693734 2187.753579 2196.577827 2210.317188 2298.995664 -9999.0 -9999.0 -9999.0 -9999.0 -9999.0 -9999.0 -9999.0 -9999.0 -9999.0 -9999.0 -9999.0 -9999.0 -9999.0 -9999.0
-9999.0 -9999.0 -9999.0 -9999.0 -9999.0 -9999.0 -9999.0 -9999.0 -9999.0 -9999.0 -9999.0 -9999.0 -9999.0 -9999.0 -9999.0 -9999.0 -9999.0 -9999.0 -9999.0 -9999.0 -9999.0 -9999.0 -9999.0 -9999.0 -9999.0 -9999.0 -9999.0 -9999.0 -9999.0 -9999.0 -9999.0 -9999.0 -9999.0 -9999.0 -9999.0 -9999.0 -9999.0 -9999.0 -9999.0 -9999.0 -9999.0 -9999.0 -9999.0 -9999.0 -9999.0 -9999.0 -9999.0 -9999.0 -9999.0 -9999.0 -9999.0 -9999.0 -9999.0 -9999.0 -9999.0 -9999.0 -9999.0 -9999.0 -9999.0 -9999.0 -9999.0 -9999.0 -9999.0 -9999.0 -9999.0 -9999.0 -9999.0 -9999.0 -9999.0 -9999.0 -9999.0 -9999.0 -9999.0 -9999.0 -9999.0 -9999.0 -9999.0 -9999.0 -9999.0 -9999.0
-9999.0 -9999.0 -9999.0 -9999.0 -9999.0 -9999.0 -9999.0 -9999.0 -9999.0 -9999.0 -9999.0 -9999.0 -9999.0 -9999.0 -9999.0 -9999.0 -9999.0 -9999.0 -9999.0 -9999.0 -9999.0 -9999.0 -9999.0 -9999.0 -9999.0 -9999.0 -9999.0 -9999.0 -9999.0 -9999.0 -9999.0 -9999.0 -9999.0 -9999.0 -9999.0 -9999.0 -9999.0 -9999.0 -9999.0 -9999.0 -9999.0 -9999.0 -9999.0 -9999.0 -9999.0 -9999.0 -9999.0 -9999.0 -9999.0 -9999.0 -9999.0 -9999.0 -9999.0 -9999.0 -9999.0 -9999.0 -9999.0 -9999.0 -9999.0 -9999.0 -9999.0 -9999.0 -9999.0 -9999.0 -9999.0 -9999.0 -9999.0 -9999.0 -9999.0 -9999.0 -9999.0 -9999.0 -9999.0 -9999.0 -9999.0 -9999.0 -9999.0 -9999.0 -9999.0 -9999.0