Borden_/Borden1m_014/output_maps/psiliqL0021N0019.asc
ncols         80
nrows         18
xllcorner     620200.000000
yllcorner     5168000.000000
cellsize      1.000000
NODATA_value  -9999.0
-9999.0 -9999.0 -9999.0 -9999.0 -9999.0 -9999.0 -9999.0 -9999.0 -9999.0 -9999.0 -9999.0 -9999.0 -9999.0 -9999.0 -9999.0 -9999.0 -9999.0 -9999.0 -9999.0 -9999.0 -9999.0 -9999.0 -9999.0 -9999.0 -9999.0 -9999.0 -9999.0 -9999.0 -9999.0 -9999.0 -9999.0 -9999.0 -9999.0 -9999.0 -9999.0 -9999.0 -9999.0 -9999.0 -9999.0 -9999.0 -9999.0 -9999.0 -9999.0 -9999.0 -9999.0 -9999.0 -9999.0 -9999.0 -9999.0 -9999.0 -9999.0 -9999.0 -9999.0 -9999.0 -9999.0 -9999.0 -9999.0 -9999.0 -9999.0 -9999.0 -9999.0 -9999.0 -9999.0 -9999.0 -9999.0 -9999.0 -9999.0 -9999.0 -9999.0 -9999.0 -9999.0 -9999.0 -9999.0 -9999.0 -9999.0 -9999.0 -9999.0 -9999.0 -9999.0 -9999.0
-9999.0 -9999.0 -9999.0 -9999.0 -9999.0 -9999.0 -9999.0 -9999.0 -9999.0 -9999.0 -9999.0 -9999.0 -9999.0 -9999.0 -9999.0 -9999.0 -9999.0 -9999.0 -9999.0 -9999.0 -9999.0 -9999.0 -9999.0 -9999.0 -9999.0 -9999.0 -9999.0 -9999.0 -9999.0 -9999.0 -9999.0 -9999.0 -9999.0 -9999.0 -9999.0 -9999.0 -9999.0 -9999.0 -9999.0 -9999.0 -9999.0 -9999.0 -9999.0 -9999.0 -9999.0 -9999.0 -9999.0 -9999.0 -9999.0 -9999.0 -9999.0 -9999.0 -9999.0 -9999.0 -9999.0 -9999.0 -9999.0 -9999.0 -9999.0 -9999.0 -9999.0 -9999.0 -9999.0 -9999.0 -9999.0 -9999.0 -9999.0 -9999.0 -9999.0 -9999.0 -9999.0 -9999.0 -9999.0 -9999.0 -9999.0 -9999.0 -9999.0 -9999.0 -9999.0 -9999.0
-9999.0 -9999.0 -9999.0 -9999.0 -9999.0 -9999.0 -9999.0 -9999.0 -9999.0 -9999.0 -9999.0 -9999.0 -9999.0 -9999.0 -9999.0 -9999.0 -9999.0 -9999.0 -9999.0 -9999.0 2356.943503 2359.471858 2339.100456 2307.034295 2281.019136 2285.206380 2321.007119 2364.047520 2405.086724 2416.092332 2400.108493 2405.758648 2403.206283 2401.232427 2403.396069 2411.622954 2418.158902 2428.548071 2436.359952 2435.239917 2428.905706 2424.305551 2426.201717 2428.459296 2434.215000 2420.879503 2435.463518 2450.300243 2454.006946 2448.765713 2422.018697 2406.296510 2395.046509 2376.546039 2399.452549 2408.645151 2428.553167 2430.290166 2426.290341 2398.205084 2367.336349 -9999.0 -9999.0 -9999.0 -9999.0 -9999.0 -9999.0 -9999.0 -9999.0 -9999.0 -9999.0 -9999.0 -9999.0 -9999.0 -9999.0 -9999.0 -9999.0 -9999.0 -9999.0 -9999.0
-9999.0 -9999.0 -9999.0 -9999.0 -9999.0 -9999.0 -9999.0 -9999.0 -9999.0 -9999.0 -9999.0 -9999.0 -9999.0 -9999.0 2261.116340 2253.266723 2252.291172 2262.109179 2296.986045 2328.692236 2340.852878 2334.821741 2336.512546 2314.409641 2294.869626 2310.444439 2342.255505 2375.086368 2411.192604 2432.414383 2424.165467 2424.389706 2434.605633 2458.472759 2469.417358 2466.742239 2448.440190 2472.968437 2487.466708 2493.852514 2492.935964 2484.111697 2494.509401 2509.114625 2501.960582 2485.714336 2494.093856 2507.131998 2517.384923 2505.510422 2442.855751 2425.395629 2418.658529 2410.516256 2394.317251 2387.250670 2411.917973 2408.570008 2398.373532 2379.012676 2344.717054 2299.425924 2279.083681 2316.901622 2358.683814 2413.370967 -9999.0 -9999.0 -9999.0 -9999.0 -9999.0 -9999.0 -9999.0 -9999.0 -9999.0 -9999.0 -9999.0 -9999.0 -9999.0 -9999.0
-9999.0 -9999.0 -9999.0 -9999.0 -9999.0 -9999.0 -9999.0 -9999.0 -9999.0 2198.807442 2205.078605 2213.698451 2217.994832 2235.160251 2233.461463 2242.328446 2249.867760 2279.421110 2311.815574 2347.994903 2377.153972 2370.533023 2371.940103 2380.826184 2381.774349 2394.066055 2417.570343 2459.125598 2495.428854 2536.073073 2508.148450 2507.599267 2528.318157 2573.449806 2601.022018 2605.005664 2586.667181 2600.216136 2624.343384 2642.747422 2640.921800 2636.710290 2660.562634 2674.966719 2671.550706 2650.615371 2646.287712 2650.547724 2677.372830 2625.497968 2557.951089 2512.185787 2519.706791 2492.481548 2458.985287 2440.750139 2437.377181 2455.043137 2438.742211 2400.307487 2364.032919 2350.567663 2331.048045 2347.855736 2368.218182 2411.741098 2449.209129 2476.028957 2473.264737 2454.381166 -9999.0 -9999.0 -9999.0 -9999.0 -9999.0 -9999.0 -9999.0 -9999.0 -9999.0 -9999.0
-9999.0 -9999.0 -9999.0 -9999.0 -9999.0 -9999.0 2118.047381 2129.325144 2151.383939 2156.042624 2183.655785 2191.620651 2213.565057 2234.110914 2258.204604 2275.252074 2305.273039 2339.388934 2379.877690 2422.590977 2455.654423 2449.174416 2460.560592 2486.809958 2522.040584 2548.368684 2574.910806 2616.183924 2692.784567 2735.464830 2738.356696 2744.621895 2756.361488 2807.503539 2871.595233 2882.343443 2861.367523 2847.385051 2869.351389 2906.303513 2908.129393 2908.835998 2814.936174 2824.165773 2850.680056 2842.025476 2909.294756 2899.921759 2903.871951 2883.156442 2815.996905 2753.261369 2723.587789 2669.669697 2585.986562 2535.825600 2549.306998 2569.308194 2540.566614 2486.627423 2446.536737 2435.637233 2419.340407 2406.231534 2412.885963 2430.800527 2450.564876 2459.862084 2444.377263 2420.841261 2396.838201 2366.381291 2366.741973 2390.432281 -9999.0 -9999.0 -9999.0 -9999.0 -9999.0 -9999.0
-9999.0 -9999.0 -9999.0 -9999.0 2066.324373 2080.550143 2068.469732 2096.112996 2130.483508 2166.424673 2197.918436 2234.627984 2262.628036 2294.150414 2333.394243 2363.996423 2403.784860 2439.525946 2494.282318 2562.672746 2613.653488 2634.771953 2649.893338 2708.751092 2771.949365 2825.175331 2847.941617 2876.983910 2813.115070 2868.260158 2891.497874 2895.695287 2913.125883 2953.474405 3006.138820 3014.266617 2997.162206 2988.891972 2997.158341 3009.876217 3031.992273 3032.141959 3032.374192 3035.624765 3042.067219 3041.129435 3017.246635 2984.877870 2999.237686 2989.562827 2955.061859 2884.729659 2851.629212 2824.515444 2891.781020 2836.325860 2778.830848 2768.516179 2708.031223 2647.570119 2588.730053 2570.644632 2541.160921 2516.398129 2490.085180 2492.740077 2495.705618 2473.401792 2437.890992 2403.203997 2386.263413 2365.353240 2351.625636 2380.056310 2395.606326 2423.969065 -9999.0 -9999.0 -9999.0 -9999.0
-9999.0 -9999.0 2004.311538 2052.241235 2111.137445 2120.693044 2119.663745 2126.594644 2156.823600 2210.375856 2281.761887 2327.287912 2365.412918 2401.559665 2461.968944 2534.898838 2604.089036 2652.277734 2719.528644 2794.927983 2859.521501 2891.332999 2907.416281 2834.457674 2887.277103 2953.017612 2980.346454 3006.071897 3007.876337 3041.479463 3040.849333 3052.702778 3063.499783 3072.331442 3083.663309 3088.656628 3084.483433 3080.043729 3062.106461 3057.580725 3064.195814 3070.719572 3070.889541 3056.753234 3052.830068 3067.287726 3072.434719 3070.961455 3069.625236 3075.114544 3073.810623 3029.626860 3004.572308 2990.672125 3009.038771 2964.004881 2898.781911 2863.732023 2844.476851 2909.859306 2831.226088 2783.199042 2733.435395 2688.467713 2636.165029 2609.274900 2564.179101 2521.776730 2473.650303 2425.052660 2399.039409 2379.397491 2374.702204 2371.584938 2385.911213 2398.894766 2412.561585 2419.462643 -9999.0 -9999.0
-9999.0 1896.539989 1968.836184 2093.940832 2175.100271 2218.818978 2241.186121 2256.607111 2287.412439 2321.565170 2419.057140 2489.507717 2578.984260 2621.746082 2672.544047 2772.800291 2872.128034 2817.604723 2854.467909 2914.362323 2976.933529 2996.771439 3021.986976 3012.255622 3048.295314 3070.373130 3076.010625 3081.199640 3079.121557 3070.802232 3063.499537 3070.427837 3068.014638 3049.593390 3034.236866 3032.737191 3029.485770 3007.073918 3007.624921 2992.937619 2995.735470 2991.907472 3006.456479 2986.361451 2982.224379 3002.665069 2995.122596 2984.959993 3000.817318 2988.467654 3021.831984 3044.549659 3049.119416 3066.715854 3087.586212 3060.041846 3036.129938 2994.652538 3006.947092 2982.137155 2926.316571 2870.701879 2822.535321 2873.707964 2808.823912 2745.616462 2682.769851 2618.913706 2553.032904 2510.131664 2477.642181 2426.689421 2405.214121 2404.923211 2394.026071 2388.918540 2392.270046 2397.440028 -9999.0 -9999.0
-9999.0 1807.021366 1948.105540 2130.362214 2278.883061 2331.780611 2415.121494 2485.898087 2510.843096 2471.968676 2580.671128 2804.104343 2837.319201 2852.168638 2923.904021 2990.555979 2985.858957 3014.495395 3035.638545 3053.688318 3068.356742 3079.804789 3077.426033 3071.516644 3055.647492 3047.810147 3047.310554 3045.390709 3028.634729 3010.224751 2993.794352 2991.385330 3001.783031 2955.826940 2922.852821 2905.848555 2889.055024 2874.153358 2846.078968 2821.544667 2905.175786 2818.965110 2815.476958 2898.882664 2895.482462 2815.783813 2845.574112 2842.331829 2852.419163 2872.063633 2908.390572 2945.897572 2964.946649 2993.829556 2999.271494 3044.203783 3055.191572 3077.071246 3080.724468 3067.104920 3023.063519 3003.045811 2973.332803 2918.495840 2857.865245 2893.612078 2829.465848 2767.003571 2696.718290 2649.680784 2599.715731 2539.020565 2485.530872 2464.503340 2423.166961 2403.114265 -9999.0 -9999.0 -9999.0 -9999.0
-9999.0 1714.744506 1898.373373 2147.004126 2437.239862 2531.076421 2741.378271 2812.559373 2854.600602 2919.620963 2839.644259 2995.935657 3037.746014 3030.241189 3036.661264 3038.199252 3051.380468 3051.380760 3046.399599 3035.845464 3026.870438 3022.772053 3021.542797 3013.759873 3001.410216 2987.304653 3003.971875 2992.826880 2957.602720 2925.741631 2888.264620 2875.236967 2835.085766 2846.951217 2803.552427 2762.291549 2698.745933 2693.035101 2690.900798 2660.638545 2641.487505 2614.039932 2640.342615 2651.255291 2655.729419 2654.082039 2668.927614 2701.495708 2753.402187 2794.064619 2840.201104 2894.457346 2816.837892 2855.837780 2896.959715 2949.496348 2979.642152 3008.706680 3025.463256 3061.745342 3083.769968 3071.497816 3050.622177 3008.892442 2978.390361 2928.065580 2896.743874 2844.488125 2859.659487 2806.228738 2754.375350 2696.096128 2625.212354 2551.327887 2508.584522 -9999.0 -9999.0 -9999.0 -9999.0 -9999.0
-9999.0 1510.308495 1776.215708 2052.659945 2346.811755 2689.168973 2805.706380 2907.815173 2970.499137 2944.752150 2959.629679 2970.344755 2983.870141 2989.601549 2992.919272 2981.712426 2966.349033 2965.347666 2978.161489 2951.598816 2922.300341 2909.265254 2909.616488 2898.552243 2875.312954 2860.111730 2850.764780 2833.393277 2888.958272 2835.576311 2748.909687 2711.545709 2628.303962 2581.624978 2539.484321 2488.409348 2436.902008 2436.740185 2456.348434 2443.509013 2421.495275 2403.296728 2431.547857 2452.694492 2466.561664 2453.668945 2463.306605 2500.270781 2551.799798 2598.168614 2648.666693 2706.033177 2753.028633 2801.283781 2832.180033 2880.707143 2813.860329 2855.439236 2925.199042 3000.749748 3005.269676 3038.198955 3068.860590 3089.702119 3048.014800 3019.938673 2997.100480 2993.251465 2944.697682 2899.304247 2859.223188 2796.327614 2788.252045 -9999.0 -9999.0 -9999.0 -9999.0 -9999.0 -9999.0 -9999.0
-9999.0 1392.106689 1596.653681 1805.199866 2071.504371 2308.913299 2525.469709 2630.096082 2712.720408 2773.786898 2823.275129 2862.384784 2809.706275 2830.298476 2809.064633 2861.330634 2832.934107 2839.377290 2834.012861 2812.810638 2784.689472 2770.008930 2765.222975 2756.333553 2729.930195 2713.893195 2701.574997 2676.438180 2647.057499 2591.012752 2513.364950 2436.669559 2378.189938 2351.489596 2323.865558 2292.527247 2260.414837 2270.316991 2280.812379 2278.812235 2270.096220 2268.635481 2297.611534 2316.976308 2327.373846 2317.329339 2337.590674 2364.394891 2406.131023 2451.229876 2501.268818 2556.238875 2610.927294 2639.789107 2651.874310 2674.061673 2712.809837 2767.763977 2854.646897 2830.511847 2904.734099 2950.223233 2999.748164 3007.924223 3033.603716 3062.018512 3080.621821 3070.468719 3045.182155 3013.501566 2972.159251 -9999.0 -9999.0 -9999.0 -9999.0 -9999.0 -9999.0 -9999.0 -9999.0 -9999.0
-9999.0 -9999.0 1367.841691 1531.622076 1647.541449 1818.774482 1966.448854 2077.491449 2176.190202 2308.872026 2426.116736 2518.006315 2563.772535 2582.282329 2571.072334 2544.898692 2528.031467 2529.160793 2519.068572 2511.229308 2494.216596 2486.629749 2472.323941 2462.200123 2452.731798 2447.131954 2441.075335 2430.218496 2409.565703 2364.076582 2320.112284 2271.096193 2219.638316 2194.753859 2173.502600 2153.139940 2153.548147 2147.932842 2152.472675 2154.221705 2162.283830 2175.605912 2195.341460 2218.091494 2228.368814 2238.807958 2251.668391 2275.865207 2309.219487 2352.197723 2407.079056 2466.627891 2507.905702 2521.435234 2511.529255 2515.433224 2533.180996 2574.218225 2651.620888 2735.167295 2834.885075 2909.607200 2857.354936 2911.499116 2936.992125 2970.611820 3010.988593 3057.027892 3092.678996 3071.445433 -9999.0 -9999.0 -9999.0 -9999.0 -9999.0 -9999.0 -9999.0 -9999.0 -9999.0 -9999.0
-9999.0 -9999.0 -9999.0 -9999.0 1392.605958 1543.733142 1641.965673 1724.274260 1857.179527 1984.388745 2089.089969 2175.431328 2242.084650 2270.143097 2270.584647 2283.820082 2282.582690 2275.792349 2266.029071 2268.297541 2270.125033 2262.702930 2246.228377 2238.086380 2238.878470 2243.646833 2240.005650 2225.660677 2206.801222 2187.732765 2170.373575 2137.179473 2102.545348 2073.570814 2060.380728 2055.425699 2054.756042 2046.760539 2054.797169 2062.659130 2078.070791 2093.173607 2116.804571 2146.224623 2160.865978 2176.221677 2186.230112 2206.790033 2237.879294 2291.992097 2356.392073 2415.341972 2453.294996 2458.956962 2435.860798 2420.815991 2416.917105 2444.438692 2488.049465 2552.696302 2654.524663 2730.726056 2787.549417 2833.646739 2869.646246 2815.530755 2900.800426 2974.476868 -9999.0 -9999.0 -9999.0 -9999.0 -9999.0 -9999.0 -9999.0 -9999.0 -9999.0 -9999.0 -9999.0 -9999.0
-9999.0 -9999.0 -9999.0 -9999.0 -9999.0 -9999.0 1362.286668 1466.691313 1540.962813 1687.878792 1827.014624 1932.500064 2015.391161 2050.428538 2082.075712 2112.047749 2112.527711 2093.924553 2073.860049 2094.316440 2110.762775 2104.159296 2072.366762 2071.944378 2076.706880 2083.534750 2080.107464 2073.134273 2047.701860 2061.360989 2063.488837 2040.173641 2014.206554 2000.645035 1988.604621 1997.952450 1997.691642 1983.266956 1982.630288 2009.755610 2030.298450 2043.243152 2064.672445 2098.020921 2130.780790 2146.764566 2148.594083 2154.828681 2194.096563 2264.739620 2337.690416 2394.603303 2428.609252 2437.987478 2412.955908 2374.005671 2354.856461 2362.648239 2397.474589 2449.123351 2525.029705 2574.505370 2599.360599 2611.226252 2628.516313 2722.975534 -9999.0 -9999.0 -9999.0 -9999.0 -9999.0 -9999.0 -9999.0 -9999.0 -9999.0 -9999.0 -9999.0 -9999.0 -9999.0 -9999.0
-9999.0 -9999.0 -9999.0 -9999.0 -9999.0 -9999.0 -9999.0 -9999.0 -9999.0 -9999.0 -9999.0 -9999.0 -9999.0 -9999.0 -9999.0 -9999.0 -9999.0 -9999.0 -9999.0 -9999.0 -9999.0 -9999.0 -9999.0 -9999.0 -9999.0 -9999.0 -9999.0 -9999.0 -9999.0 -9999.0 -9999.0 -9999.0 -9999.0 -9999.0 -9999.0 -9999.0 -9999.0 -9999.0 -9999.0 -9999.0 -9999.0 -9999.0 -9999.0 -9999.0 -9999.0 -9999.0 -9999.0 -9999.0 -9999.0 -9999.0 -9999.0 -9999.0 -9999.0 -9999.0 -9999.0 -9999.0 -9999.0 -9999.0 -9999.0 -9999.0 -9999.0 -9999.0 -9999.0 -9999.0 -9999.0 -9999.0 -9999.0 -9999.0 -9999.0 -9999.0 -9999.0 -9999.0 -9999.0 -9999.0 -9999.0 -9999.0 -9999.0 -9999.0 -9999.0 -9999.0
-9999.0 -9999.0 -9999.0 -9999.0 -9999.0 -9999.0 -9999.0 -9999.0 -9999.0 -9999.0 -9999.0 -9999.0 -9999.0 -9999.0 -9999.0 -9999.0 -9999.0 -9999.0 -9999.0 -9999.0 -9999.0 -9999.0 -9999.0 -9999.0 -9999.0 -9999.0 -9999.0 -9999.0 -9999.0 -9999.0 -9999.0 -9999.0 -9999.0 -9999.0 -9999.0 -9999.0 -9999.0 -9999.0 -9999.0 -9999.0 -9999.0 -9999.0 -9999.0 -9999.0 -9999.0 -9999.0 -9999.0 -9999.0 -9999.0 -9999.0 -9999.0 -9999.0 -9999.0 -9999.0 -9999.0 -9999.0 -9999.0 -9999.0 -9999.0 -9999.0 -9999.0 -9999.0 -9999.0 -9999.0 -9999.0 -9999.0 -9999.0 -9999.0 -9999.0 -9999.0 -9999.0 -9999.0 -9999.0 -9999.0 -9999.0 -9999.0 -9999.0 -9999.0 -9999.0 -9999.0