Borden_/Borden1m_014/output_maps/psiliqL0027N0018.asc
ncols         80
nrows         18
xllcorner     620200.000000
yllcorner     5168000.000000
cellsize      1.000000
NODATA_value  -9999.0
-9999.0 -9999.0 -9999.0 -9999.0 -9999.0 -9999.0 -9999.0 -9999.0 -9999.0 -9999.0 -9999.0 -9999.0 -9999.0 -9999.0 -9999.0 -9999.0 -9999.0 -9999.0 -9999.0 -9999.0 -9999.0 -9999.0 -9999.0 -9999.0 -9999.0 -9999.0 -9999.0 -9999.0 -9999.0 -9999.0 -9999.0 -9999.0 -9999.0 -9999.0 -9999.0 -9999.0 -9999.0 -9999.0 -9999.0 -9999.0 -9999.0 -9999.0 -9999.0 -9999.0 -9999.0 -9999.0 -9999.0 -9999.0 -9999.0 -9999.0 -9999.0 -9999.0 -9999.0 -9999.0 -9999.0 -9999.0 -9999.0 -9999.0 -9999.0 -9999.0 -9999.0 -9999.0 -9999.0 -9999.0 -9999.0 -9999.0 -9999.0 -9999.0 -9999.0 -9999.0 -9999.0 -9999.0 -9999.0 -9999.0 -9999.0 -9999.0 -9999.0 -9999.0 -9999.0 -9999.0
-9999.0 -9999.0 -9999.0 -9999.0 -9999.0 -9999.0 -9999.0 -9999.0 -9999.0 -9999.0 -9999.0 -9999.0 -9999.0 -9999.0 -9999.0 -9999.0 -9999.0 -9999.0 -9999.0 -9999.0 -9999.0 -9999.0 -9999.0 -9999.0 -9999.0 -9999.0 -9999.0 -9999.0 -9999.0 -9999.0 -9999.0 -9999.0 -9999.0 -9999.0 -9999.0 -9999.0 -9999.0 -9999.0 -9999.0 -9999.0 -9999.0 -9999.0 -9999.0 -9999.0 -9999.0 -9999.0 -9999.0 -9999.0 -9999.0 -9999.0 -9999.0 -9999.0 -9999.0 -9999.0 -9999.0 -9999.0 -9999.0 -9999.0 -9999.0 -9999.0 -9999.0 -9999.0 -9999.0 -9999.0 -9999.0 -9999.0 -9999.0 -9999.0 -9999.0 -9999.0 -9999.0 -9999.0 -9999.0 -9999.0 -9999.0 -9999.0 -9999.0 -9999.0 -9999.0 -9999.0
-9999.0 -9999.0 -9999.0 -9999.0 -9999.0 -9999.0 -9999.0 -9999.0 -9999.0 -9999.0 -9999.0 -9999.0 -9999.0 -9999.0 -9999.0 -9999.0 -9999.0 -9999.0 -9999.0 -9999.0 3525.148916 3525.921689 3504.181717 3469.884706 3441.421069 3442.980468 3475.485246 3515.758999 3554.280867 3561.150255 3541.689108 3545.337227 3540.657152 3535.623377 3535.401337 3543.016225 3549.683487 3559.105624 3565.790954 3563.201521 3555.644188 3550.570021 3553.299063 3554.739206 3561.080860 3546.315579 3562.520326 3578.942430 3583.677975 3581.260357 3557.953532 3546.514014 3538.846541 3523.522166 3550.522617 3562.429767 3586.218021 3591.141481 3589.394562 3562.963148 3533.095423 -9999.0 -9999.0 -9999.0 -9999.0 -9999.0 -9999.0 -9999.0 -9999.0 -9999.0 -9999.0 -9999.0 -9999.0 -9999.0 -9999.0 -9999.0 -9999.0 -9999.0 -9999.0 -9999.0
-9999.0 -9999.0 -9999.0 -9999.0 -9999.0 -9999.0 -9999.0 -9999.0 -9999.0 -9999.0 -9999.0 -9999.0 -9999.0 -9999.0 3435.332468 3426.502976 3423.372043 3430.264634 3462.321417 3492.305560 3503.784498 3496.079039 3495.588602 3470.432912 3447.015406 3459.078795 3487.983768 3517.862811 3550.658462 3567.298378 3555.970523 3552.989876 3559.310664 3577.931471 3585.168492 3581.247735 3563.666750 3587.879559 3600.674300 3604.514336 3602.262854 3592.193904 3600.422373 3614.183791 3607.075297 3592.053547 3603.647683 3619.035650 3629.752327 3622.322050 3565.084900 3554.094434 3551.434905 3548.108232 3535.617540 3532.447084 3561.534732 3561.562288 3554.913150 3538.231487 3505.282643 3460.285139 3441.790163 3483.070495 3527.172382 3583.803577 -9999.0 -9999.0 -9999.0 -9999.0 -9999.0 -9999.0 -9999.0 -9999.0 -9999.0 -9999.0 -9999.0 -9999.0 -9999.0 -9999.0
-9999.0 -9999.0 -9999.0 -9999.0 -9999.0 -9999.0 -9999.0 -9999.0 -9999.0 3378.231226 3384.112156 3390.754353 3392.912779 3407.646044 3404.013125 3410.520614 3413.790388 3440.570703 3469.387685 3502.217812 3528.533378 3518.826624 3516.900008 3519.671022 3512.645544 3519.494516 3539.230922 3575.128567 3605.111761 3639.459325 3605.156566 3599.694350 3616.738882 3657.112917 3678.794666 3679.930994 3661.080781 3678.623991 3701.849720 3716.721725 3712.850647 3706.414404 3732.517539 3747.920696 3740.883460 3719.072564 3719.064980 3727.446973 3757.216519 3706.677849 3640.913309 3604.206967 3621.640646 3601.749436 3577.469933 3567.827518 3569.403630 3590.434083 3579.543360 3546.468439 3514.027737 3502.769227 3486.598880 3508.634152 3532.599246 3579.576930 3620.007196 3650.278638 3650.021586 3633.023733 -9999.0 -9999.0 -9999.0 -9999.0 -9999.0 -9999.0 -9999.0 -9999.0 -9999.0 -9999.0
-9999.0 -9999.0 -9999.0 -9999.0 -9999.0 -9999.0 3299.902139 3310.275545 3330.740374 3332.819830 3358.982922 3363.582391 3381.710265 3398.145112 3419.355608 3431.167370 3454.967823 3483.894942 3518.701012 3555.047132 3581.512753 3568.697228 3573.216352 3590.940655 3615.805148 3633.144202 3655.181091 3692.533996 3764.428865 3800.273454 3791.150792 3791.445814 3799.477948 3849.971761 3913.913504 3924.288435 3903.558529 3890.702600 3914.852241 3952.670084 3950.080431 3948.803583 3962.451762 3973.524716 4000.414268 3989.106259 3953.254221 3948.788525 3956.491294 3932.794237 3862.731583 3806.198874 3789.066101 3742.344518 3658.875497 3617.613628 3643.674505 3672.976977 3652.481662 3603.847928 3572.779165 3568.433068 3558.377347 3552.776518 3566.484071 3590.389051 3614.966896 3629.499607 3618.108748 3597.633196 3576.355129 3548.518223 3551.463809 3576.560259 -9999.0 -9999.0 -9999.0 -9999.0 -9999.0 -9999.0
-9999.0 -9999.0 -9999.0 -9999.0 3250.826195 3263.347675 3247.821182 3273.577973 3304.841357 3337.700979 3364.077559 3394.515648 3416.511606 3442.098498 3473.688916 3493.600047 3523.911523 3552.288717 3598.204814 3658.145052 3701.314394 3713.327540 3721.086448 3771.449046 3827.289554 3873.760657 3892.360799 3918.382192 3965.059737 4021.707449 4043.702731 4046.150403 4063.093340 4107.440348 4164.938747 4200.407634 4182.555664 4173.313217 4183.966825 4198.756048 4220.911117 4220.958723 4222.093880 4226.508491 4234.542092 4232.526568 4205.374197 4171.691950 4158.644633 4148.275754 4108.919087 4036.083317 4006.566323 3977.122008 3932.807499 3877.992318 3832.614017 3835.580345 3780.801353 3725.634878 3677.059723 3670.767826 3651.770177 3637.006681 3621.049832 3634.596458 3647.588549 3633.250982 3603.719773 3574.898085 3562.381144 3545.203405 3534.095823 3565.579060 3583.664447 3613.165617 -9999.0 -9999.0 -9999.0 -9999.0
-9999.0 -9999.0 3192.530136 3237.054746 3293.486455 3298.593422 3290.320078 3291.967510 3317.155470 3365.101242 3425.314545 3460.108646 3486.747791 3516.055618 3565.216732 3624.900444 3683.366118 3725.351072 3783.419868 3852.910579 3911.906751 3938.297128 3946.707740 3982.521433 4037.799489 4108.206228 4136.714073 4163.575416 4195.997778 4233.271231 4222.921473 4233.253774 4246.161295 4260.105451 4276.166560 4283.882647 4278.798529 4274.147434 4255.456378 4250.081904 4256.527123 4264.941204 4263.649756 4248.813465 4244.830263 4259.995955 4266.501477 4264.235927 4261.071263 4265.716231 4260.220684 4210.567023 4195.245481 4179.661320 4167.335422 4120.599743 4053.149075 4021.351373 3999.261259 3957.572269 3883.883125 3847.566680 3808.901146 3775.118200 3738.649971 3726.913826 3695.636367 3664.265972 3626.199284 3585.977165 3567.403298 3553.675342 3553.678581 3554.563118 3572.621155 3588.465263 3604.526423 3612.646064 -9999.0 -9999.0
-9999.0 3082.178461 3152.559535 3272.758071 3349.252363 3384.145721 3389.235017 3389.345185 3413.398933 3445.680982 3529.781914 3575.138602 3657.439552 3695.178962 3734.918277 3824.663653 3919.824992 3963.702861 4003.335984 4068.379198 4135.242734 4182.866648 4209.468091 4184.931922 4225.417743 4257.225976 4266.034574 4273.559110 4274.109165 4265.542050 4259.275699 4265.856681 4262.765071 4243.313130 4226.980800 4225.128704 4221.664335 4198.109479 4170.394789 4154.648105 4155.770901 4181.033915 4167.689308 4146.196771 4141.733533 4163.577888 4185.394728 4174.545942 4161.316265 4177.978449 4212.922215 4238.504620 4238.677718 4257.486911 4278.667374 4249.181032 4228.567450 4184.046939 4166.904431 4141.298915 4083.788292 4028.925652 3980.604925 3932.319532 3880.362804 3832.295289 3785.072207 3738.196981 3685.556534 3653.183790 3629.430835 3587.512674 3575.692509 3582.788465 3578.329541 3577.071212 3583.856518 3590.499656 -9999.0 -9999.0
-9999.0 2983.642291 3121.434224 3297.012705 3437.845600 3475.523817 3532.018099 3584.749921 3596.931777 3538.885602 3639.743668 3857.412467 3982.535559 4000.842853 4077.515361 4174.234639 4153.489954 4185.352429 4209.090271 4236.918573 4259.250086 4274.261885 4272.720299 4267.755411 4251.099149 4243.055364 4242.130430 4239.963356 4222.363457 4203.226700 4186.287266 4182.945570 4164.651457 4114.186724 4080.602727 4062.713325 4042.903143 4029.745875 4002.797884 3976.599502 3959.651201 3969.329864 3968.160462 3955.072691 3950.666829 3968.512681 3999.436077 3998.007552 4010.583689 4030.352949 4065.856093 4104.486437 4123.866166 4153.211357 4189.048495 4237.773642 4245.972656 4268.559176 4271.303978 4261.671049 4214.517887 4162.528982 4132.947044 4077.236583 4017.659863 3955.952256 3906.894916 3862.223420 3806.964883 3773.375307 3734.650103 3681.361111 3639.561670 3633.346861 3600.538573 3588.185473 -9999.0 -9999.0 -9999.0 -9999.0
-9999.0 2879.340534 3055.497980 3290.377694 3585.085040 3652.147043 3854.147345 3968.134029 4006.176848 4074.269781 3945.583260 4159.629897 4214.985796 4210.647175 4228.768482 4232.353433 4246.920932 4246.134712 4241.045391 4229.926930 4220.196936 4215.515136 4214.502140 4206.561070 4193.871617 4179.179566 4167.179683 4155.572534 4118.560021 4086.315564 4046.301431 4033.593231 3987.865891 3895.557390 3856.958548 3817.742547 3756.035865 3759.125367 3767.838810 3744.200804 3724.436508 3695.312593 3725.803065 3737.369450 3741.857547 3736.557552 3745.564712 3775.041045 3823.625545 3858.158849 3896.943705 3945.019032 3975.672744 4014.896879 4054.490333 4106.947894 4138.409407 4167.435547 4216.890587 4254.029445 4276.876797 4262.462073 4244.435562 4199.078144 4138.606987 4089.146638 4059.910078 4009.077683 3965.469913 3922.116899 3875.760697 3823.133653 3761.751365 3711.029469 3677.676582 -9999.0 -9999.0 -9999.0 -9999.0 -9999.0
-9999.0 2661.432150 2913.233514 3172.590204 3440.778714 3784.701860 3961.937296 4054.526617 4118.414444 4103.762121 4129.393342 4135.117144 4172.468214 4180.092344 4158.755852 4144.580370 4126.501093 4125.411633 4138.515916 4110.955910 4080.418836 4066.918556 4067.858125 4057.176319 4033.139113 4018.289200 4009.062000 3990.382294 3947.321000 3896.824980 3812.231385 3776.828879 3697.447069 3660.601523 3624.998225 3578.395527 3534.666143 3541.088305 3566.660254 3558.319550 3537.927014 3521.258184 3551.004975 3572.259602 3585.646887 3568.963257 3575.407125 3609.664109 3655.852157 3696.027343 3739.468416 3787.115335 3828.976929 3867.714023 3887.911905 3926.597428 3968.724996 4010.364614 4080.717465 4159.769686 4196.172082 4231.106365 4259.621911 4281.690962 4238.594820 4212.637334 4188.685265 4164.949272 4118.462681 4072.922762 4032.362023 3967.273516 3907.731194 -9999.0 -9999.0 -9999.0 -9999.0 -9999.0 -9999.0 -9999.0
-9999.0 2551.044468 2741.488723 2913.064084 3152.443997 3380.146061 3605.826698 3695.864046 3766.497997 3842.352149 3898.726329 3937.334193 3963.118567 3984.897057 3962.386961 3915.746528 3883.227609 3888.322525 3878.889192 3858.236462 3830.803625 3818.144678 3815.436591 3810.929654 3790.103272 3780.308496 3773.897949 3756.239878 3731.645066 3679.159067 3608.823791 3535.747326 3483.204793 3465.584826 3444.286043 3418.622406 3393.536400 3407.512225 3420.354133 3421.066135 3415.370587 3416.209188 3445.248609 3465.277008 3474.685119 3463.981030 3482.019495 3504.622431 3540.860665 3579.639360 3623.769388 3673.312293 3721.228288 3740.505913 3741.538809 3751.743182 3778.444629 3821.067916 3896.974034 3982.994598 4061.499070 4107.314464 4158.341060 4198.681188 4227.262412 4251.329706 4274.360089 4267.905298 4241.556718 4207.965440 4148.717253 -9999.0 -9999.0 -9999.0 -9999.0 -9999.0 -9999.0 -9999.0 -9999.0 -9999.0
-9999.0 -9999.0 2517.098868 2666.875172 2759.318465 2893.753153 3026.851746 3130.730074 3232.180148 3376.755613 3501.149066 3595.965814 3642.844952 3658.523757 3644.960208 3617.399857 3600.876606 3600.444490 3588.579890 3583.015642 3569.678130 3564.938195 3553.063088 3546.039227 3543.169636 3543.606648 3542.175561 3534.912585 3519.429708 3479.381882 3444.769822 3402.077587 3357.494640 3337.294533 3320.616259 3305.185153 3310.841401 3306.391676 3312.380648 3315.928531 3326.340517 3341.006991 3360.335689 3383.207152 3392.846430 3403.195621 3413.687952 3434.806838 3464.084140 3503.680382 3554.460944 3608.767003 3644.072000 3650.154805 3631.161313 3624.982563 3631.753450 3659.238245 3720.802908 3788.954335 3879.005968 3944.739011 4011.680553 4067.937059 4094.831286 4131.223322 4202.078248 4250.152265 4293.391328 4270.945457 -9999.0 -9999.0 -9999.0 -9999.0 -9999.0 -9999.0 -9999.0 -9999.0 -9999.0 -9999.0
-9999.0 -9999.0 -9999.0 -9999.0 2528.990852 2675.581948 2773.956231 2819.311471 2951.992442 3076.389039 3181.052770 3268.296226 3338.185580 3364.283497 3366.475778 3385.327293 3385.148012 3375.541153 3364.603352 3370.736691 3376.995204 3371.397684 3354.590932 3349.330235 3354.771280 3364.428200 3364.224199 3353.176576 3336.966569 3326.111916 3316.365235 3288.277103 3258.545832 3233.324404 3223.427418 3222.460464 3223.975459 3216.977308 3226.082208 3235.945500 3252.430511 3267.763988 3291.288577 3321.147575 3335.999025 3350.521436 3358.652461 3376.468313 3404.573837 3455.572912 3516.793387 3572.931192 3606.536065 3606.381317 3577.086376 3554.577916 3541.048803 3557.323431 3585.212882 3634.526583 3723.088894 3784.864749 3829.194135 3867.162582 3903.432249 3969.155333 4064.771806 4146.596928 -9999.0 -9999.0 -9999.0 -9999.0 -9999.0 -9999.0 -9999.0 -9999.0 -9999.0 -9999.0 -9999.0 -9999.0
-9999.0 -9999.0 -9999.0 -9999.0 -9999.0 -9999.0 2510.483133 2617.848251 2683.974815 2801.703664 2948.890517 3050.320539 3133.770280 3170.466434 3205.367207 3236.647226 3237.822864 3217.341152 3195.160715 3217.988014 3238.797505 3232.745473 3200.308217 3203.049238 3211.770801 3221.052212 3220.251325 3216.548016 3194.518284 3214.899471 3222.745066 3203.000815 3180.503378 3170.908930 3161.449603 3173.073195 3174.488299 3160.919254 3160.206730 3188.822164 3210.479775 3223.474144 3244.369479 3277.568035 3309.992942 3325.572263 3326.045984 3330.035819 3365.619010 3433.142601 3503.743671 3558.525030 3589.240523 3593.493085 3562.130677 3516.735097 3489.918308 3487.824105 3510.925294 3548.803292 3608.987496 3644.192486 3653.458081 3652.467294 3663.188461 3763.595557 -9999.0 -9999.0 -9999.0 -9999.0 -9999.0 -9999.0 -9999.0 -9999.0 -9999.0 -9999.0 -9999.0 -9999.0 -9999.0 -9999.0
-9999.0 -9999.0 -9999.0 -9999.0 -9999.0 -9999.0 -9999.0 -9999.0 -9999.0 -9999.0 -9999.0 -9999.0 -9999.0 -9999.0 -9999.0 -9999.0 -9999.0 -9999.0 -9999.0 -9999.0 -9999.0 -9999.0 -9999.0 -9999.0 -9999.0 -9999.0 -9999.0 -9999.0 -9999.0 -9999.0 -9999.0 -9999.0 -9999.0 -9999.0 -9999.0 -9999.0 -9999.0 -9999.0 -9999.0 -9999.0 -9999.0 -9999.0 -9999.0 -9999.0 -9999.0 -9999.0 -9999.0 -9999.0 -9999.0 -9999.0 -9999.0 -9999.0 -9999.0 -9999.0 -9999.0 -9999.0 -9999.0 -9999.0 -9999.0 -9999.0 -9999.0 -9999.0 -9999.0 -9999.0 -9999.0 -9999.0 -9999.0 -9999.0 -9999.0 -9999.0 -9999.0 -9999.0 -9999.0 -9999.0 -9999.0 -9999.0 -9999.0 -9999.0 -9999.0 -9999.0
-9999.0 -9999.0 -9999.0 -9999.0 -9999.0 -9999.0 -9999.0 -9999.0 -9999.0 -9999.0 -9999.0 -9999.0 -9999.0 -9999.0 -9999.0 -9999.0 -9999.0 -9999.0 -9999.0 -9999.0 -9999.0 -9999.0 -9999.0 -9999.0 -9999.0 -9999.0 -9999.0 -9999.0 -9999.0 -9999.0 -9999.0 -9999.0 -9999.0 -9999.0 -9999.0 -9999.0 -9999.0 -9999.0 -9999.0 -9999.0 -9999.0 -9999.0 -9999.0 -9999.0 -9999.0 -9999.0 -9999.0 -9999.0 -9999.0 -9999.0 -9999.0 -9999.0 -9999.0 -9999.0 -9999.0 -9999.0 -9999.0 -9999.0 -9999.0 -9999.0 -9999.0 -9999.0 -9999.0 -9999.0 -9999.0 -9999.0 -9999.0 -9999.0 -9999.0 -9999.0 -9999.0 -9999.0 -9999.0 -9999.0 -9999.0 -9999.0 -9999.0 -9999.0 -9999.0 -9999.0