Borden_/Borden1m_014/output_maps/psiliqL0018N0030.asc
ncols         80
nrows         18
xllcorner     620200.000000
yllcorner     5168000.000000
cellsize      1.000000
NODATA_value  -9999.0
-9999.0 -9999.0 -9999.0 -9999.0 -9999.0 -9999.0 -9999.0 -9999.0 -9999.0 -9999.0 -9999.0 -9999.0 -9999.0 -9999.0 -9999.0 -9999.0 -9999.0 -9999.0 -9999.0 -9999.0 -9999.0 -9999.0 -9999.0 -9999.0 -9999.0 -9999.0 -9999.0 -9999.0 -9999.0 -9999.0 -9999.0 -9999.0 -9999.0 -9999.0 -9999.0 -9999.0 -9999.0 -9999.0 -9999.0 -9999.0 -9999.0 -9999.0 -9999.0 -9999.0 -9999.0 -9999.0 -9999.0 -9999.0 -9999.0 -9999.0 -9999.0 -9999.0 -9999.0 -9999.0 -9999.0 -9999.0 -9999.0 -9999.0 -9999.0 -9999.0 -9999.0 -9999.0 -9999.0 -9999.0 -9999.0 -9999.0 -9999.0 -9999.0 -9999.0 -9999.0 -9999.0 -9999.0 -9999.0 -9999.0 -9999.0 -9999.0 -9999.0 -9999.0 -9999.0 -9999.0
-9999.0 -9999.0 -9999.0 -9999.0 -9999.0 -9999.0 -9999.0 -9999.0 -9999.0 -9999.0 -9999.0 -9999.0 -9999.0 -9999.0 -9999.0 -9999.0 -9999.0 -9999.0 -9999.0 -9999.0 -9999.0 -9999.0 -9999.0 -9999.0 -9999.0 -9999.0 -9999.0 -9999.0 -9999.0 -9999.0 -9999.0 -9999.0 -9999.0 -9999.0 -9999.0 -9999.0 -9999.0 -9999.0 -9999.0 -9999.0 -9999.0 -9999.0 -9999.0 -9999.0 -9999.0 -9999.0 -9999.0 -9999.0 -9999.0 -9999.0 -9999.0 -9999.0 -9999.0 -9999.0 -9999.0 -9999.0 -9999.0 -9999.0 -9999.0 -9999.0 -9999.0 -9999.0 -9999.0 -9999.0 -9999.0 -9999.0 -9999.0 -9999.0 -9999.0 -9999.0 -9999.0 -9999.0 -9999.0 -9999.0 -9999.0 -9999.0 -9999.0 -9999.0 -9999.0 -9999.0
-9999.0 -9999.0 -9999.0 -9999.0 -9999.0 -9999.0 -9999.0 -9999.0 -9999.0 -9999.0 -9999.0 -9999.0 -9999.0 -9999.0 -9999.0 -9999.0 -9999.0 -9999.0 -9999.0 -9999.0 1753.499672 1756.199533 1735.400654 1703.035052 1676.656301 1680.549957 1716.477991 1759.501741 1800.180971 1811.341020 1795.030814 1799.731326 1796.723503 1795.610179 1798.404097 1806.581699 1812.689142 1824.339253 1833.440324 1833.791685 1828.722958 1824.869371 1826.704007 1829.460137 1834.740808 1821.695921 1834.869804 1848.531283 1851.419415 1844.710581 1816.338612 1799.514060 1788.252803 1770.112425 1792.778104 1802.176329 1822.729022 1824.857965 1821.238267 1792.978253 1762.064231 -9999.0 -9999.0 -9999.0 -9999.0 -9999.0 -9999.0 -9999.0 -9999.0 -9999.0 -9999.0 -9999.0 -9999.0 -9999.0 -9999.0 -9999.0 -9999.0 -9999.0 -9999.0 -9999.0
-9999.0 -9999.0 -9999.0 -9999.0 -9999.0 -9999.0 -9999.0 -9999.0 -9999.0 -9999.0 -9999.0 -9999.0 -9999.0 -9999.0 1659.190861 1650.924886 1649.632657 1659.295746 1694.007327 1725.360658 1737.571111 1731.275521 1732.751183 1710.491280 1690.996394 1706.505175 1738.238726 1771.619429 1807.969498 1829.418593 1820.339139 1819.896900 1830.243869 1854.897298 1867.101081 1865.041201 1847.022650 1871.871251 1888.056762 1896.708965 1897.337501 1889.842986 1902.028390 1917.231828 1909.830042 1892.357563 1898.060951 1909.095879 1918.525285 1904.274831 1840.011391 1820.593918 1813.869709 1805.337389 1789.040315 1781.152470 1805.186225 1802.745111 1792.737406 1773.274531 1739.061206 1693.802738 1673.721286 1711.300723 1753.340483 1808.810718 -9999.0 -9999.0 -9999.0 -9999.0 -9999.0 -9999.0 -9999.0 -9999.0 -9999.0 -9999.0 -9999.0 -9999.0 -9999.0 -9999.0
-9999.0 -9999.0 -9999.0 -9999.0 -9999.0 -9999.0 -9999.0 -9999.0 -9999.0 1597.152719 1603.151169 1611.830499 1615.935783 1633.036189 1631.451421 1640.092101 1647.991286 1676.973083 1709.299547 1745.486969 1775.079812 1767.905383 1769.715848 1779.665326 1782.145073 1794.936792 1818.594291 1860.542046 1899.745185 1941.130694 1913.352874 1912.317926 1932.519172 1978.624474 2008.848994 2014.699635 1997.237700 2009.663180 2035.556225 2057.209592 2057.704216 2055.729349 2081.386334 2095.717390 2093.790728 2072.212546 2062.144776 2062.789766 2086.889499 2033.683759 1965.628065 1917.079356 1922.323623 1892.821867 1856.489506 1836.651831 1832.443196 1850.377753 1833.923442 1795.368826 1758.038000 1744.823233 1725.478616 1741.648786 1761.989037 1806.060580 1843.214031 1869.936503 1867.496634 1848.764417 -9999.0 -9999.0 -9999.0 -9999.0 -9999.0 -9999.0 -9999.0 -9999.0 -9999.0 -9999.0
-9999.0 -9999.0 -9999.0 -9999.0 -9999.0 -9999.0 1516.045697 1526.984978 1548.871227 1554.189037 1581.551686 1590.131428 1612.304676 1633.079309 1656.816143 1674.366806 1705.139677 1739.415685 1780.865610 1824.436353 1857.591473 1852.813994 1864.303346 1893.169984 1930.137276 1957.993035 1984.739268 2026.620953 2103.880703 2146.521497 2151.365896 2156.871766 2167.553723 2217.540051 2281.706919 2295.156316 2275.353562 2262.196792 2284.664994 2322.778343 2328.046308 2330.383319 2343.505032 2353.807827 2379.240145 2367.849622 2326.876633 2313.347303 2312.205063 2291.865538 2226.588296 2163.292940 2131.754055 2080.322085 1995.777944 1942.716317 1952.093735 1970.444671 1940.763753 1885.496985 1844.154963 1832.180628 1815.416989 1801.219968 1806.521522 1823.830586 1843.585591 1852.646017 1837.356807 1814.167400 1789.958665 1759.895071 1760.786126 1785.107906 -9999.0 -9999.0 -9999.0 -9999.0 -9999.0 -9999.0
-9999.0 -9999.0 -9999.0 -9999.0 1464.382843 1478.374149 1466.768266 1493.918049 1528.329396 1564.403300 1597.165612 1634.958528 1663.719437 1695.727567 1736.611969 1769.934692 1811.632726 1848.171526 1903.352971 1972.102017 2023.943676 2047.389212 2063.426263 2121.686932 2183.225896 2235.863609 2258.346421 2287.759982 2334.854274 2396.105709 2423.751336 2430.772037 2449.034602 2487.193561 2537.382666 2572.393406 2555.913229 2548.187498 2556.091157 2569.651402 2594.309196 2596.714718 2599.309611 2602.466038 2607.424992 2605.052759 2578.428537 2543.208384 2526.621475 2515.408144 2481.981521 2410.767650 2371.830599 2339.662829 2300.826246 2246.269020 2185.285329 2172.259283 2113.479412 2053.893214 1992.278519 1971.326710 1940.378182 1914.150981 1884.879878 1885.553455 1887.108515 1864.171432 1829.006072 1794.610523 1777.893119 1757.699881 1745.202364 1774.414962 1791.069347 1820.440204 -9999.0 -9999.0 -9999.0 -9999.0
-9999.0 -9999.0 1403.028119 1451.520310 1509.908806 1519.651517 1520.033616 1527.436807 1557.995753 1612.161400 1686.576384 1735.710774 1777.105986 1813.423542 1874.069722 1950.920275 2022.197163 2071.787150 2134.434400 2206.844794 2270.558112 2304.276605 2321.743971 2362.930566 2418.698720 2483.812980 2512.358330 2540.449593 2574.975867 2611.291691 2618.096203 2631.812042 2641.651790 2647.536859 2655.882538 2659.069376 2653.908143 2648.065565 2629.144371 2625.055238 2632.499546 2639.438773 2640.502827 2626.904136 2622.822267 2636.336713 2640.301707 2638.172058 2636.003597 2642.101755 2642.882258 2600.627136 2568.170043 2551.095384 2537.464291 2490.995445 2424.322915 2383.566047 2359.106875 2313.235029 2234.293619 2183.992009 2133.550641 2085.671220 2033.113802 2002.781612 1955.340297 1910.971945 1862.287851 1814.076424 1789.028305 1770.108243 1766.617970 1765.234507 1780.581031 1794.922475 1809.542857 1816.936536 -9999.0 -9999.0
-9999.0 1297.268542 1369.754009 1495.616173 1576.663329 1621.203933 1648.705185 1668.890541 1700.029801 1731.650918 1833.881358 1913.965644 2005.489591 2046.438252 2097.552978 2195.723435 2292.604509 2341.710619 2382.965523 2443.459581 2507.099615 2557.838657 2588.080270 2591.596163 2628.285235 2647.077962 2652.166522 2657.199122 2655.408993 2647.984416 2640.079888 2646.154045 2641.919141 2622.131207 2605.220361 2601.409931 2595.074127 2569.417017 2538.864885 2522.855897 2524.607064 2549.061342 2535.909928 2514.971067 2511.191427 2532.932436 2554.232851 2545.523910 2533.422202 2552.687960 2588.457029 2612.265532 2620.402159 2637.693693 2658.353501 2631.549388 2604.568838 2560.950112 2539.171096 2508.752108 2448.661177 2386.975496 2330.833850 2268.875903 2201.961779 2134.830116 2070.643674 2007.250775 1940.002047 1897.583321 1865.826131 1816.083887 1795.878745 1797.324706 1787.995776 1784.120071 1789.045810 1794.850982 -9999.0 -9999.0
-9999.0 1212.013972 1353.819021 1537.279333 1685.852492 1741.693499 1834.187329 1909.593125 1937.312225 1905.241378 2013.980473 2234.593289 2346.915871 2368.488648 2444.389538 2538.532006 2550.001572 2584.511104 2608.901438 2625.097512 2638.376355 2651.168862 2651.049039 2646.736228 2632.296639 2624.455451 2622.621915 2619.045216 2600.393422 2579.924537 2561.059086 2555.357756 2533.985802 2486.452524 2451.681038 2432.637306 2413.981245 2394.373159 2362.232478 2334.422287 2317.622944 2331.516232 2326.674800 2310.413079 2306.767893 2328.891639 2361.037102 2358.935261 2370.059908 2392.643030 2432.916207 2473.897477 2497.682102 2529.401725 2568.350922 2615.055870 2629.548437 2651.704138 2655.340402 2638.063587 2591.622895 2535.960669 2499.411879 2434.346189 2360.058066 2279.319797 2212.239856 2147.729360 2076.852752 2030.589136 1984.223959 1927.443779 1875.858853 1855.965802 1816.675017 1797.427379 -9999.0 -9999.0 -9999.0 -9999.0
-9999.0 1126.004418 1311.749511 1564.938617 1847.836330 1949.201206 2155.039391 2283.046078 2338.780088 2410.397694 2363.103671 2531.656064 2578.761854 2577.967041 2584.644432 2591.276226 2608.725428 2612.891354 2610.333016 2601.113366 2592.747556 2589.237617 2588.331883 2580.753839 2568.001809 2552.075987 2536.487819 2521.876062 2482.167558 2447.102788 2408.056109 2391.732989 2349.499978 2255.454781 2211.999268 2173.611431 2114.375940 2109.225082 2105.789273 2077.379919 2057.451223 2034.054307 2058.100649 2065.027980 2068.398370 2069.734078 2085.272227 2112.106266 2159.174611 2196.891030 2241.835002 2295.231523 2331.960431 2376.543733 2422.742376 2479.654936 2514.458591 2547.018127 2597.289216 2636.783090 2659.989841 2646.595260 2618.896201 2568.288521 2492.534790 2422.932891 2369.508134 2292.438055 2226.528576 2173.510678 2127.605086 2077.721436 2014.508228 1942.189872 1901.663042 -9999.0 -9999.0 -9999.0 -9999.0 -9999.0
-9999.0 933.328131 1199.973161 1481.681262 1784.766326 2118.369787 2265.938194 2387.274533 2460.119628 2435.099280 2449.745047 2469.305005 2514.140225 2525.408611 2507.248142 2498.751337 2487.006389 2487.719478 2501.263035 2475.122709 2445.660755 2432.200064 2431.735284 2419.709185 2395.535173 2378.091166 2365.618060 2343.561809 2293.970961 2241.062712 2156.908806 2123.529364 2045.161310 1993.127428 1949.857341 1899.862572 1849.626230 1849.174075 1867.573233 1853.733324 1831.541744 1813.239100 1840.615590 1859.797432 1872.804370 1860.668336 1869.877876 1906.241773 1956.212860 2001.012877 2051.231572 2106.534997 2153.558062 2201.182094 2232.774721 2282.757458 2332.599705 2380.650586 2455.356414 2535.968631 2575.322303 2610.341108 2640.316543 2653.342448 2596.859820 2543.275818 2485.161016 2418.395967 2337.876676 2289.367796 2263.196043 2221.954977 2167.593570 -9999.0 -9999.0 -9999.0 -9999.0 -9999.0 -9999.0 -9999.0
-9999.0 811.224814 1022.522939 1241.034160 1515.757322 1752.467238 1956.943107 2062.505184 2142.121039 2190.796047 2233.641144 2271.286967 2303.564034 2328.498986 2309.298356 2269.159936 2240.484476 2245.331659 2240.009053 2216.936741 2187.727841 2172.928335 2169.789232 2162.726239 2138.428816 2124.028366 2112.880628 2089.386073 2056.662321 2000.401809 1921.857247 1847.830720 1787.901187 1758.460878 1729.725505 1697.763684 1663.881867 1674.024077 1685.824760 1682.896731 1673.206070 1670.955018 1700.003938 1719.330300 1729.606074 1718.753205 1738.382627 1765.006718 1806.562923 1850.325245 1900.009503 1955.582586 2009.858354 2039.025073 2052.390269 2076.901768 2116.171059 2170.121084 2256.205117 2351.617830 2430.859487 2479.795096 2530.369517 2563.558060 2574.505367 2578.327310 2548.238150 2465.909038 2363.928210 2345.005821 2341.663125 -9999.0 -9999.0 -9999.0 -9999.0 -9999.0 -9999.0 -9999.0 -9999.0 -9999.0
-9999.0 -9999.0 791.510403 962.047174 1089.048204 1264.503612 1413.363706 1523.783308 1617.281566 1739.491161 1850.256566 1937.871759 1983.789331 2002.243067 1989.521750 1958.838401 1939.203604 1939.325297 1928.813484 1918.996609 1900.078519 1892.299781 1880.312193 1871.673548 1862.413823 1857.213487 1851.579202 1839.915806 1818.030088 1771.463212 1724.742672 1674.273931 1621.856849 1596.482665 1574.749369 1553.694991 1553.099618 1548.481487 1553.665705 1555.260714 1562.615618 1575.488454 1595.410088 1617.693046 1627.678076 1637.190960 1649.840651 1673.758129 1706.992906 1749.781305 1804.366067 1862.966529 1903.631203 1917.022051 1907.722098 1912.795310 1932.667525 1974.636010 2053.834769 2136.813682 2232.581477 2303.698956 2374.389711 2424.936391 2438.590823 2449.972101 2459.709590 2408.089313 2276.909394 2297.898749 -9999.0 -9999.0 -9999.0 -9999.0 -9999.0 -9999.0 -9999.0 -9999.0 -9999.0 -9999.0
-9999.0 -9999.0 -9999.0 -9999.0 821.854191 974.964989 1072.535162 1155.487409 1285.979943 1408.934257 1510.779972 1595.248555 1659.091956 1686.194616 1683.706208 1691.873583 1688.369666 1681.788678 1671.857742 1671.870698 1671.705387 1664.247871 1649.251054 1641.756794 1642.786117 1647.716026 1644.679922 1630.522265 1612.025095 1590.515667 1571.073445 1536.988345 1501.387554 1472.143724 1458.848200 1453.356693 1452.923573 1445.604154 1454.057282 1461.570397 1476.832820 1491.988016 1515.679117 1544.836329 1558.915834 1573.903506 1583.763190 1604.338205 1635.034944 1688.802734 1752.767425 1811.342743 1848.205813 1853.405851 1829.688442 1814.820108 1811.469070 1839.578744 1884.024804 1950.270296 2051.311390 2123.840444 2179.082113 2221.509997 2251.385388 2293.542436 2338.390800 2368.732619 -9999.0 -9999.0 -9999.0 -9999.0 -9999.0 -9999.0 -9999.0 -9999.0 -9999.0 -9999.0 -9999.0 -9999.0
-9999.0 -9999.0 -9999.0 -9999.0 -9999.0 -9999.0 785.126889 887.637560 965.722730 1106.922957 1240.100609 1342.631075 1423.704994 1456.554008 1484.610494 1512.291121 1511.116163 1492.572718 1473.082420 1492.245746 1506.835467 1500.703952 1470.167566 1469.866155 1474.760147 1482.561054 1479.891233 1473.132033 1447.706741 1459.655301 1460.576917 1437.095501 1410.917472 1397.026169 1385.006471 1394.462065 1394.491777 1380.603603 1380.769456 1407.661471 1427.993868 1441.047065 1462.705246 1495.942213 1528.417565 1543.890189 1545.435872 1551.633591 1591.478676 1661.933670 1734.171293 1790.338547 1823.627155 1832.450877 1806.201704 1766.907954 1747.277074 1754.935651 1790.003181 1842.400535 1917.748467 1966.116283 1990.063324 2001.014565 2016.725857 2106.061044 -9999.0 -9999.0 -9999.0 -9999.0 -9999.0 -9999.0 -9999.0 -9999.0 -9999.0 -9999.0 -9999.0 -9999.0 -9999.0 -9999.0
-9999.0 -9999.0 -9999.0 -9999.0 -9999.0 -9999.0 -9999.0 -9999.0 -9999.0 -9999.0 -9999.0 -9999.0 -9999.0 -9999.0 -9999.0 -9999.0 -9999.0 -9999.0 -9999.0 -9999.0 -9999.0 -9999.0 -9999.0 -9999.0 -9999.0 -9999.0 -9999.0 -9999.0 -9999.0 -9999.0 -9999.0 -9999.0 -9999.0 -9999.0 -9999.0 -9999.0 -9999.0 -9999.0 -9999.0 -9999.0 -9999.0 -9999.0 -9999.0 -9999.0 -9999.0 -9999.0 -9999.0 -9999.0 -9999.0 -9999.0 -9999.0 -9999.0 -9999.0 -9999.0 -9999.0 -9999.0 -9999.0 -9999.0 -9999.0 -9999.0 -9999.0 -9999.0 -9999.0 -9999.0 -9999.0 -9999.0 -9999.0 -9999.0 -9999.0 -9999.0 -9999.0 -9999.0 -9999.0 -9999.0 -9999.0 -9999.0 -9999.0 -9999.0 -9999.0 -9999.0
-9999.0 -9999.0 -9999.0 -9999.0 -9999.0 -9999.0 -9999.0 -9999.0 -9999.0 -9999.0 -9999.0 -9999.0 -9999.0 -9999.0 -9999.0 -9999.0 -9999.0 -9999.0 -9999.0 -9999.0 -9999.0 -9999.0 -9999.0 -9999.0 -9999.0 -9999.0 -9999.0 -9999.0 -9999.0 -9999.0 -9999.0 -9999.0 -9999.0 -9999.0 -9999.0 -9999.0 -9999.0 -9999.0 -9999.0 -9999.0 -9999.0 -9999.0 -9999.0 -9999.0 -9999.0 -9999.0 -9999.0 -9999.0 -9999.0 -9999.0 -9999.0 -9999.0 -9999.0 -9999.0 -9999.0 -9999.0 -9999.0 -9999.0 -9999.0 -9999.0 -9999.0 -9999.0 -9999.0 -9999.0 -9999.0 -9999.0 -9999.0 -9999.0 -9999.0 -9999.0 -9999.0 -9999.0 -9999.0 -9999.0 -9999.0 -9999.0 -9999.0 -9999.0 -9999.0 -9999.0