Borden_/Borden1m_014/output_maps/psiliqL0005N0019.asc
ncols         80
nrows         18
xllcorner     620200.000000
yllcorner     5168000.000000
cellsize      1.000000
NODATA_value  -9999.0
-9999.0 -9999.0 -9999.0 -9999.0 -9999.0 -9999.0 -9999.0 -9999.0 -9999.0 -9999.0 -9999.0 -9999.0 -9999.0 -9999.0 -9999.0 -9999.0 -9999.0 -9999.0 -9999.0 -9999.0 -9999.0 -9999.0 -9999.0 -9999.0 -9999.0 -9999.0 -9999.0 -9999.0 -9999.0 -9999.0 -9999.0 -9999.0 -9999.0 -9999.0 -9999.0 -9999.0 -9999.0 -9999.0 -9999.0 -9999.0 -9999.0 -9999.0 -9999.0 -9999.0 -9999.0 -9999.0 -9999.0 -9999.0 -9999.0 -9999.0 -9999.0 -9999.0 -9999.0 -9999.0 -9999.0 -9999.0 -9999.0 -9999.0 -9999.0 -9999.0 -9999.0 -9999.0 -9999.0 -9999.0 -9999.0 -9999.0 -9999.0 -9999.0 -9999.0 -9999.0 -9999.0 -9999.0 -9999.0 -9999.0 -9999.0 -9999.0 -9999.0 -9999.0 -9999.0 -9999.0
-9999.0 -9999.0 -9999.0 -9999.0 -9999.0 -9999.0 -9999.0 -9999.0 -9999.0 -9999.0 -9999.0 -9999.0 -9999.0 -9999.0 -9999.0 -9999.0 -9999.0 -9999.0 -9999.0 -9999.0 -9999.0 -9999.0 -9999.0 -9999.0 -9999.0 -9999.0 -9999.0 -9999.0 -9999.0 -9999.0 -9999.0 -9999.0 -9999.0 -9999.0 -9999.0 -9999.0 -9999.0 -9999.0 -9999.0 -9999.0 -9999.0 -9999.0 -9999.0 -9999.0 -9999.0 -9999.0 -9999.0 -9999.0 -9999.0 -9999.0 -9999.0 -9999.0 -9999.0 -9999.0 -9999.0 -9999.0 -9999.0 -9999.0 -9999.0 -9999.0 -9999.0 -9999.0 -9999.0 -9999.0 -9999.0 -9999.0 -9999.0 -9999.0 -9999.0 -9999.0 -9999.0 -9999.0 -9999.0 -9999.0 -9999.0 -9999.0 -9999.0 -9999.0 -9999.0 -9999.0
-9999.0 -9999.0 -9999.0 -9999.0 -9999.0 -9999.0 -9999.0 -9999.0 -9999.0 -9999.0 -9999.0 -9999.0 -9999.0 -9999.0 -9999.0 -9999.0 -9999.0 -9999.0 -9999.0 -9999.0 -761.252225 -757.636591 -780.009066 -812.415003 -839.558141 -838.693020 -806.295732 -768.367159 -733.077541 -723.430200 -741.719693 -740.671278 -746.479376 -746.967533 -744.364315 -738.983447 -736.962540 -725.929869 -717.959033 -718.392605 -724.506304 -730.244463 -732.339184 -728.950204 -724.017577 -731.947913 -718.757355 -703.704667 -697.030898 -701.335474 -727.074982 -741.641491 -748.481504 -762.087725 -737.105612 -724.382370 -701.331799 -696.723462 -696.850633 -722.834935 -751.662601 -9999.0 -9999.0 -9999.0 -9999.0 -9999.0 -9999.0 -9999.0 -9999.0 -9999.0 -9999.0 -9999.0 -9999.0 -9999.0 -9999.0 -9999.0 -9999.0 -9999.0 -9999.0 -9999.0
-9999.0 -9999.0 -9999.0 -9999.0 -9999.0 -9999.0 -9999.0 -9999.0 -9999.0 -9999.0 -9999.0 -9999.0 -9999.0 -9999.0 -842.290524 -852.819679 -856.533061 -850.157587 -819.201794 -792.015202 -780.922361 -789.122178 -788.746595 -812.063151 -832.068491 -818.991989 -792.362648 -764.091083 -732.583766 -713.315718 -726.673464 -729.950676 -720.014382 -692.779123 -678.518445 -681.676442 -703.817005 -681.587639 -665.797913 -656.247673 -657.452668 -666.450218 -651.314738 -634.718094 -641.512480 -659.340177 -656.510739 -645.023808 -629.275704 -643.832221 -707.923000 -727.448955 -728.751643 -733.668320 -745.465968 -751.483332 -726.322937 -724.869182 -732.024803 -747.922800 -777.559096 -818.964049 -835.434024 -798.057775 -755.342318 -697.877693 -9999.0 -9999.0 -9999.0 -9999.0 -9999.0 -9999.0 -9999.0 -9999.0 -9999.0 -9999.0 -9999.0 -9999.0 -9999.0 -9999.0
-9999.0 -9999.0 -9999.0 -9999.0 -9999.0 -9999.0 -9999.0 -9999.0 -9999.0 -890.616907 -888.825629 -882.965924 -883.333278 -869.367903 -873.471298 -867.627255 -861.547212 -838.441716 -810.950818 -778.872487 -751.558995 -762.914200 -763.522529 -751.621280 -744.980027 -733.546982 -715.159361 -676.859410 -635.815112 -593.404793 -622.858118 -624.983899 -605.058695 -547.901836 -498.168974 -484.679229 -507.896693 -506.334745 -474.647913 -439.899569 -441.499004 -444.254583 -409.337422 -388.534301 -375.463140 -405.620728 -434.005532 -438.196734 -398.463075 -472.410257 -549.764468 -612.498249 -612.751074 -644.219958 -685.235618 -706.883896 -709.449208 -685.659884 -699.575107 -735.006049 -769.273704 -775.751801 -790.971632 -774.817985 -752.874125 -706.128353 -667.809471 -638.334333 -637.044177 -653.977485 -9999.0 -9999.0 -9999.0 -9999.0 -9999.0 -9999.0 -9999.0 -9999.0 -9999.0 -9999.0
-9999.0 -9999.0 -9999.0 -9999.0 -9999.0 -9999.0 -954.338653 -948.729250 -932.991673 -933.270348 -911.979403 -908.094173 -890.082214 -873.829573 -856.564221 -842.495259 -814.226824 -785.156370 -746.780618 -705.307442 -674.734195 -680.107460 -671.313441 -636.779067 -588.625213 -549.444224 -522.258747 -476.913692 -359.032311 -262.583958 -225.137476 -204.284755 -163.498839 -137.258293 -96.101884 -47.941465 -100.459476 -115.576112 -104.556078 -76.185974 -20.488788 -17.613617 -11.448887 -3.878654 21.774918 13.805052 -72.242903 -92.286442 -95.733862 -100.788652 -130.758411 -170.170315 -285.780519 -389.438466 -499.505119 -568.302567 -576.392057 -562.205147 -594.674961 -647.252401 -688.267858 -696.821163 -709.483830 -722.879911 -716.782762 -696.903038 -672.419375 -659.809397 -670.879593 -689.835966 -711.183846 -738.831391 -736.497828 -710.829465 -9999.0 -9999.0 -9999.0 -9999.0 -9999.0 -9999.0
-9999.0 -9999.0 -9999.0 -9999.0 -998.553827 -987.350602 -1003.878800 -982.967967 -956.536688 -929.613318 -903.980564 -870.990154 -848.227832 -822.184409 -783.646063 -748.120666 -707.198605 -675.278728 -620.944377 -545.371018 -480.328743 -443.029732 -422.066928 -293.262451 -162.964476 -127.475794 -117.911026 -103.202815 -68.996946 32.615817 60.083421 52.367346 86.874376 97.818624 152.894936 185.456499 167.112805 141.033292 162.230062 170.268691 195.624527 196.644178 197.796164 198.087704 200.230548 201.288892 179.013176 128.859808 136.585820 110.223611 110.330504 50.878045 -37.482417 -73.079950 -89.456805 -116.148576 -158.140274 -198.995301 -338.049505 -433.716974 -522.157523 -554.901066 -589.821560 -614.939500 -644.744260 -642.281898 -637.376371 -655.276479 -683.381742 -713.280071 -726.121529 -743.116633 -752.487345 -722.077818 -704.512483 -672.816610 -9999.0 -9999.0 -9999.0 -9999.0
-9999.0 -9999.0 -1037.437692 -1003.825545 -957.081835 -954.976669 -955.330894 -954.903828 -933.096109 -888.353718 -815.530537 -767.804393 -725.473439 -698.798032 -640.773025 -548.688261 -457.547598 -386.063307 -245.762171 -151.862288 -113.240482 -87.041037 -28.963911 0.529143 60.248348 106.191826 129.972094 148.891979 174.444893 203.470227 228.586776 241.715538 250.250845 243.296745 245.066652 242.006400 240.802159 234.223538 218.663618 215.862693 223.441866 225.449023 229.217853 216.758512 213.087044 225.398157 227.535011 226.250148 230.283572 236.621060 248.509767 218.523714 164.533628 133.228901 146.584885 111.920608 54.562208 -23.586995 -57.052318 -87.824108 -135.091752 -169.286928 -293.543543 -408.635472 -487.854902 -527.433947 -574.758343 -612.818459 -654.693883 -696.912956 -717.692803 -733.934201 -734.271531 -732.960883 -716.241790 -700.224912 -684.130560 -676.160831 -9999.0 -9999.0
-9999.0 -1096.611542 -1059.689583 -957.704384 -895.922113 -857.902778 -820.622307 -793.568889 -773.166532 -765.195357 -660.535827 -541.250623 -436.094416 -396.720035 -274.388373 -142.032573 -32.865320 -8.144000 33.602391 60.824827 126.879901 165.890379 192.136505 223.576499 249.326904 244.402160 243.270233 242.307094 233.516721 227.033576 216.755352 225.023420 222.949240 208.286304 195.831204 194.511471 190.358370 163.375952 138.748752 126.061464 131.248575 151.401106 141.888137 122.163913 118.612846 137.652905 152.575135 125.662018 133.890786 135.496887 182.368575 200.528519 216.457442 228.838333 250.341277 228.260438 196.155598 157.660229 140.399310 117.095327 37.341387 -22.122687 -74.751727 -121.021751 -163.690290 -301.752242 -430.317542 -504.864961 -571.702467 -607.457060 -635.288227 -685.372897 -706.663488 -702.791328 -711.004670 -712.540621 -705.172021 -698.509227 -9999.0 -9999.0
-9999.0 -1157.364793 -1055.225996 -908.491941 -778.301706 -723.793507 -597.952784 -506.686931 -479.292024 -508.093525 -342.625914 -37.561380 33.759818 37.639086 95.988669 167.143319 207.409696 229.727781 246.192910 237.647235 234.588575 236.289085 232.876477 224.573152 210.792014 203.356794 202.755798 200.831890 183.208866 166.256997 149.689414 146.882835 134.112631 102.404211 74.755711 62.184566 45.966177 -20.849096 -61.560906 -84.373018 -93.463597 -77.668889 -85.499585 -98.588497 -101.419211 -84.963904 -58.312947 -62.123654 -49.226663 -20.080832 22.326503 83.890336 103.712365 114.783004 162.815586 201.460631 219.815809 238.832254 245.424036 221.268808 182.554431 135.272432 107.905055 25.443549 -38.952739 -105.113879 -143.231025 -181.709601 -341.115229 -429.491571 -497.071666 -561.404149 -619.221321 -643.521849 -681.216338 -700.645003 -9999.0 -9999.0 -9999.0 -9999.0
-9999.0 -1188.591534 -1064.293497 -843.966740 -606.089460 -451.805514 -161.724916 -54.832550 69.421168 46.901848 136.825921 221.838194 234.313707 219.535213 196.491718 194.402475 204.823497 207.505957 203.307822 194.804169 187.971880 180.144118 178.923059 170.793443 158.501728 144.054316 132.527456 121.081482 54.248799 21.585461 -7.907043 -29.551227 -62.570695 -122.143041 -143.186486 -163.923771 -279.682432 -307.535158 -336.966566 -393.208454 -420.826943 -439.032115 -415.175761 -419.923237 -421.408030 -407.366062 -370.949708 -338.684550 -241.333789 -164.557397 -137.478705 -106.049098 -80.371714 -35.673368 12.344441 90.108239 117.561324 137.016559 188.113790 222.603500 243.441136 235.386822 207.327437 171.532846 111.993862 26.145711 -13.658905 -63.669072 -115.323261 -146.852126 -176.075192 -303.146098 -444.623281 -552.083301 -592.253638 -9999.0 -9999.0 -9999.0 -9999.0 -9999.0
-9999.0 -1299.435989 -1104.803784 -877.163252 -546.288950 -157.975119 -67.547418 147.518665 209.287693 137.721578 55.952730 110.594189 142.536892 146.407524 124.692336 117.874225 110.976114 110.733018 123.242270 99.277945 60.933274 31.804194 26.063234 8.787667 -21.991806 -44.615701 -58.651693 -74.763186 -110.066872 -137.426375 -194.588972 -262.866389 -408.303711 -501.429831 -555.001146 -604.409638 -656.648486 -658.120724 -643.059369 -660.062039 -681.337527 -699.939628 -675.578596 -661.906111 -651.943641 -661.531274 -653.761774 -621.224311 -573.935535 -530.640554 -472.097978 -391.916985 -295.164461 -168.452651 -144.206829 -112.668060 -80.726224 -30.778507 56.267031 137.401229 166.462709 197.253500 233.192256 251.550518 211.420538 171.506499 126.079501 93.589906 -4.127511 -54.985515 -79.289409 -112.655258 -149.441950 -9999.0 -9999.0 -9999.0 -9999.0 -9999.0 -9999.0 -9999.0
-9999.0 -1379.494987 -1196.862788 -1056.168367 -792.047363 -563.853448 -348.211285 -153.345986 -45.527564 -116.632581 -122.046407 -106.463983 -88.110167 -72.802157 -89.228353 -110.185529 -124.440670 -120.870094 -119.100113 -132.327200 -147.492011 -155.804889 -158.097647 -176.265463 -244.382909 -287.313659 -314.232100 -361.731804 -424.243409 -496.742461 -589.317486 -652.652195 -711.266344 -744.921875 -772.589115 -802.901340 -840.820380 -829.323698 -814.441658 -819.187877 -831.730554 -837.179659 -808.832331 -792.413942 -783.099716 -797.689366 -780.650185 -756.089245 -717.207957 -679.470040 -636.089371 -585.871397 -534.548917 -501.811629 -479.942859 -435.422049 -360.520451 -210.218866 -131.048756 -57.308049 15.837567 86.744996 135.001223 168.257803 187.516059 202.818377 205.005307 176.383114 120.926737 25.368492 -16.016696 -9999.0 -9999.0 -9999.0 -9999.0 -9999.0 -9999.0 -9999.0 -9999.0 -9999.0
-9999.0 -9999.0 -1405.773977 -1284.324284 -1167.149758 -1020.314805 -887.774527 -783.607964 -721.177549 -652.729591 -574.344924 -499.646101 -453.930031 -433.774022 -459.992913 -512.567382 -544.373498 -543.859667 -553.187003 -570.343585 -598.427271 -608.695530 -616.849176 -624.022482 -638.720305 -646.432948 -651.160517 -661.152743 -682.253491 -726.345843 -776.808882 -824.513216 -874.457659 -894.667729 -913.142825 -933.411184 -935.020602 -936.171270 -929.907052 -929.419303 -925.301489 -915.487228 -897.712344 -879.384573 -871.851712 -866.460105 -855.770021 -834.969321 -805.346392 -768.855917 -721.019711 -669.544688 -634.981579 -625.711293 -637.062763 -632.491257 -611.851142 -567.655973 -463.629420 -289.215405 -151.685365 -101.037211 -33.871789 21.398363 65.474844 85.490464 135.594019 162.490128 103.576130 96.847557 -9999.0 -9999.0 -9999.0 -9999.0 -9999.0 -9999.0 -9999.0 -9999.0 -9999.0 -9999.0
-9999.0 -9999.0 -9999.0 -9999.0 -1403.547120 -1277.447782 -1191.954537 -1148.753720 -1055.213051 -973.030245 -898.884623 -834.859354 -791.148198 -770.770919 -784.959300 -793.958534 -802.570513 -804.406217 -811.606691 -818.109962 -824.306131 -831.082757 -839.759251 -846.557919 -847.295998 -844.139930 -845.363668 -856.892163 -869.226217 -895.108620 -915.771476 -945.176351 -975.247888 -998.964168 -1007.372123 -1012.740654 -1010.977600 -1015.919383 -1006.878960 -1004.187938 -992.267450 -980.537516 -961.183760 -937.596527 -929.216736 -917.098573 -909.436966 -891.262683 -866.439773 -819.517888 -762.633303 -711.160127 -680.892913 -679.785800 -708.147148 -725.413786 -730.693290 -706.216324 -663.551500 -597.580234 -486.501568 -373.936435 -206.739645 -146.142337 -122.209445 -87.452855 -19.673861 68.977128 -9999.0 -9999.0 -9999.0 -9999.0 -9999.0 -9999.0 -9999.0 -9999.0 -9999.0 -9999.0 -9999.0 -9999.0
-9999.0 -9999.0 -9999.0 -9999.0 -9999.0 -9999.0 -1400.430530 -1335.144421 -1304.654290 -1226.502754 -1149.962804 -1082.967265 -1022.835012 -1006.407787 -993.878665 -973.510732 -978.460691 -993.185032 -1007.803650 -991.668112 -983.756602 -986.668039 -1011.305792 -1011.328597 -1008.551103 -999.326881 -1000.094513 -1003.703190 -1026.361689 -1015.868922 -1014.631128 -1031.662236 -1050.259799 -1058.088138 -1066.954489 -1055.473522 -1054.209163 -1065.872648 -1065.246611 -1043.285286 -1029.272912 -1021.057598 -1004.549908 -978.146483 -951.077645 -940.187908 -941.126863 -938.265820 -901.970692 -838.911148 -775.181753 -726.640311 -699.266317 -693.864147 -723.762826 -765.716282 -788.906744 -785.690944 -756.502320 -709.792038 -640.051963 -595.884994 -564.738036 -537.139659 -500.857988 -356.106308 -9999.0 -9999.0 -9999.0 -9999.0 -9999.0 -9999.0 -9999.0 -9999.0 -9999.0 -9999.0 -9999.0 -9999.0 -9999.0 -9999.0
-9999.0 -9999.0 -9999.0 -9999.0 -9999.0 -9999.0 -9999.0 -9999.0 -9999.0 -9999.0 -9999.0 -9999.0 -9999.0 -9999.0 -9999.0 -9999.0 -9999.0 -9999.0 -9999.0 -9999.0 -9999.0 -9999.0 -9999.0 -9999.0 -9999.0 -9999.0 -9999.0 -9999.0 -9999.0 -9999.0 -9999.0 -9999.0 -9999.0 -9999.0 -9999.0 -9999.0 -9999.0 -9999.0 -9999.0 -9999.0 -9999.0 -9999.0 -9999.0 -9999.0 -9999.0 -9999.0 -9999.0 -9999.0 -9999.0 -9999.0 -9999.0 -9999.0 -9999.0 -9999.0 -9999.0 -9999.0 -9999.0 -9999.0 -9999.0 -9999.0 -9999.0 -9999.0 -9999.0 -9999.0 -9999.0 -9999.0 -9999.0 -9999.0 -9999.0 -9999.0 -9999.0 -9999.0 -9999.0 -9999.0 -9999.0 -9999.0 -9999.0 -9999.0 -9999.0 -9999.0
-9999.0 -9999.0 -9999.0 -9999.0 -9999.0 -9999.0 -9999.0 -9999.0 -9999.0 -9999.0 -9999.0 -9999.0 -9999.0 -9999.0 -9999.0 -9999.0 -9999.0 -9999.0 -9999.0 -9999.0 -9999.0 -9999.0 -9999.0 -9999.0 -9999.0 -9999.0 -9999.0 -9999.0 -9999.0 -9999.0 -9999.0 -9999.0 -9999.0 -9999.0 -9999.0 -9999.0 -9999.0 -9999.0 -9999.0 -9999.0 -9999.0 -9999.0 -9999.0 -9999.0 -9999.0 -9999.0 -9999.0 -9999.0 -9999.0 -9999.0 -9999.0 -9999.0 -9999.0 -9999.0 -9999.0 -9999.0 -9999.0 -9999.0 -9999.0 -9999.0 -9999.0 -9999.0 -9999.0 -9999.0 -9999.0 -9999.0 -9999.0 -9999.0 -9999.0 -9999.0 -9999.0 -9999.0 -9999.0 -9999.0 -9999.0 -9999.0 -9999.0 -9999.0 -9999.0 -9999.0