Borden_/Borden1m_014/output_maps/psiliqL0029N0036.asc
ncols         80
nrows         18
xllcorner     620200.000000
yllcorner     5168000.000000
cellsize      1.000000
NODATA_value  -9999.0
-9999.0 -9999.0 -9999.0 -9999.0 -9999.0 -9999.0 -9999.0 -9999.0 -9999.0 -9999.0 -9999.0 -9999.0 -9999.0 -9999.0 -9999.0 -9999.0 -9999.0 -9999.0 -9999.0 -9999.0 -9999.0 -9999.0 -9999.0 -9999.0 -9999.0 -9999.0 -9999.0 -9999.0 -9999.0 -9999.0 -9999.0 -9999.0 -9999.0 -9999.0 -9999.0 -9999.0 -9999.0 -9999.0 -9999.0 -9999.0 -9999.0 -9999.0 -9999.0 -9999.0 -9999.0 -9999.0 -9999.0 -9999.0 -9999.0 -9999.0 -9999.0 -9999.0 -9999.0 -9999.0 -9999.0 -9999.0 -9999.0 -9999.0 -9999.0 -9999.0 -9999.0 -9999.0 -9999.0 -9999.0 -9999.0 -9999.0 -9999.0 -9999.0 -9999.0 -9999.0 -9999.0 -9999.0 -9999.0 -9999.0 -9999.0 -9999.0 -9999.0 -9999.0 -9999.0 -9999.0
-9999.0 -9999.0 -9999.0 -9999.0 -9999.0 -9999.0 -9999.0 -9999.0 -9999.0 -9999.0 -9999.0 -9999.0 -9999.0 -9999.0 -9999.0 -9999.0 -9999.0 -9999.0 -9999.0 -9999.0 -9999.0 -9999.0 -9999.0 -9999.0 -9999.0 -9999.0 -9999.0 -9999.0 -9999.0 -9999.0 -9999.0 -9999.0 -9999.0 -9999.0 -9999.0 -9999.0 -9999.0 -9999.0 -9999.0 -9999.0 -9999.0 -9999.0 -9999.0 -9999.0 -9999.0 -9999.0 -9999.0 -9999.0 -9999.0 -9999.0 -9999.0 -9999.0 -9999.0 -9999.0 -9999.0 -9999.0 -9999.0 -9999.0 -9999.0 -9999.0 -9999.0 -9999.0 -9999.0 -9999.0 -9999.0 -9999.0 -9999.0 -9999.0 -9999.0 -9999.0 -9999.0 -9999.0 -9999.0 -9999.0 -9999.0 -9999.0 -9999.0 -9999.0 -9999.0 -9999.0
-9999.0 -9999.0 -9999.0 -9999.0 -9999.0 -9999.0 -9999.0 -9999.0 -9999.0 -9999.0 -9999.0 -9999.0 -9999.0 -9999.0 -9999.0 -9999.0 -9999.0 -9999.0 -9999.0 -9999.0 3925.068077 3925.622387 3904.003243 3869.686880 3841.235283 3842.814995 3875.156533 3915.458988 3954.169362 3960.731940 3941.149715 3945.076693 3940.483648 3934.988169 3934.475198 3942.300229 3949.408043 3958.651690 3965.191658 3962.385326 3954.693971 3949.694048 3952.859433 3954.100461 3960.588905 3945.173406 3961.663063 3978.201216 3982.739949 3980.530538 3957.514722 3946.432702 3938.727372 3923.224059 3950.440663 3962.225894 3986.056025 3990.985120 3989.120263 3962.679962 3932.778694 -9999.0 -9999.0 -9999.0 -9999.0 -9999.0 -9999.0 -9999.0 -9999.0 -9999.0 -9999.0 -9999.0 -9999.0 -9999.0 -9999.0 -9999.0 -9999.0 -9999.0 -9999.0 -9999.0
-9999.0 -9999.0 -9999.0 -9999.0 -9999.0 -9999.0 -9999.0 -9999.0 -9999.0 -9999.0 -9999.0 -9999.0 -9999.0 -9999.0 3835.110734 3826.450141 3823.356402 3830.142484 3862.105559 3892.170913 3903.560860 3895.882403 3895.398980 3870.116482 3846.406643 3858.346677 3887.331075 3917.196638 3950.008696 3966.368503 3955.226492 3952.272375 3958.236706 3976.051484 3982.625147 3978.621639 3961.396540 3985.847406 3998.370573 4001.698618 3999.350100 3989.145261 3996.784240 4010.347560 4003.184979 3988.353316 4000.762018 4016.529397 4026.843119 4020.049256 3963.338322 3953.225292 3950.479730 3947.355267 3934.812221 3931.895111 3961.375567 3961.223507 3954.643907 3937.988824 3904.865944 3859.694484 3841.057797 3882.602272 3926.637730 3983.111433 -9999.0 -9999.0 -9999.0 -9999.0 -9999.0 -9999.0 -9999.0 -9999.0 -9999.0 -9999.0 -9999.0 -9999.0 -9999.0 -9999.0
-9999.0 -9999.0 -9999.0 -9999.0 -9999.0 -9999.0 -9999.0 -9999.0 -9999.0 3777.815206 3783.985419 3790.634912 3792.893681 3807.599623 3803.806431 3810.335834 3813.196618 3840.161761 3868.869041 3901.593310 3927.756416 3918.160027 3916.095887 3918.007328 3909.655891 3916.018387 3935.817427 3971.486545 4000.519820 4034.391599 3999.516167 3993.777283 4010.733333 4050.397498 4070.642969 4071.032290 4052.088719 4071.117568 4094.317998 4108.416866 4104.321680 4097.476894 4124.024748 4139.819277 4131.488068 4109.130432 4110.688407 4120.049247 4150.316515 4099.363759 4032.960577 3997.701707 4016.602380 3997.605277 3974.798722 3966.298153 3968.234071 3989.068150 3978.472479 3945.666927 3913.487579 3901.922646 3885.679533 3908.237184 3932.265054 3979.185505 4019.774048 4050.144287 4049.744369 4032.710278 -9999.0 -9999.0 -9999.0 -9999.0 -9999.0 -9999.0 -9999.0 -9999.0 -9999.0 -9999.0
-9999.0 -9999.0 -9999.0 -9999.0 -9999.0 -9999.0 3699.407244 3709.992145 3730.598840 3732.362282 3758.801202 3763.171742 3781.164414 3797.397039 3818.797687 3830.194382 3853.409847 3882.144563 3916.458647 3952.222964 3978.293346 3964.737576 3968.866590 3985.179717 4008.422389 4024.465355 4046.589071 4084.287999 4156.566533 4192.368867 4181.258400 4181.170782 4189.160423 4240.182584 4304.385801 4314.147856 4293.289063 4280.720595 4305.731557 4344.238979 4340.774682 4339.413666 4353.874142 4365.333126 4392.360438 4380.414369 4344.523024 4341.187483 4350.180301 4324.921723 4252.849066 4196.678760 4181.251515 4133.847010 4049.162099 4009.211144 4037.846347 4068.405937 4048.643513 4000.140972 3969.958541 3966.061903 3956.286790 3951.403417 3965.830036 3990.075147 4014.653703 4029.381320 4017.959275 3997.371239 3976.184593 3948.357808 3951.375944 3976.400987 -9999.0 -9999.0 -9999.0 -9999.0 -9999.0 -9999.0
-9999.0 -9999.0 -9999.0 -9999.0 3650.329381 3662.917067 3647.023682 3673.094240 3704.382755 3737.324044 3763.204971 3793.103244 3814.741567 3840.081777 3870.831247 3889.103209 3918.354146 3946.385129 3991.748234 4051.188955 4093.880892 4104.805401 4112.271772 4162.436515 4218.280630 4264.423809 4283.199975 4309.701477 4357.897936 4415.012117 4436.786523 4438.843766 4455.855405 4501.797722 4561.105740 4597.106976 4578.957931 4569.402394 4580.865215 4596.357476 4618.532553 4618.552390 4619.711117 4624.517249 4633.084487 4630.711154 4602.749676 4568.686800 4555.488599 4544.731382 4503.461221 4429.423157 4400.712674 4370.382640 4323.411701 4267.382739 4224.277482 4229.382155 4173.824588 4117.774745 4070.273786 4065.522197 4047.449197 4033.460539 4018.667518 4033.273441 4047.061281 4033.032369 4003.376618 3974.691172 3962.287479 3945.147380 3933.847200 3965.438357 3983.511934 4012.817670 -9999.0 -9999.0 -9999.0 -9999.0
-9999.0 -9999.0 3591.910701 3635.916729 3692.503857 3697.342233 3688.071506 3689.497070 3714.661024 3762.528419 3821.139840 3854.398421 3879.474577 3908.969536 3957.465203 4015.241690 4072.910550 4115.109252 4174.114968 4244.538186 4303.903785 4330.029298 4338.029320 4374.406016 4430.718549 4503.109002 4532.350867 4559.812343 4593.164689 4631.610890 4618.029148 4627.857679 4641.471639 4657.124609 4674.767147 4683.330868 4677.945071 4673.226325 4654.355617 4648.698955 4655.087769 4664.063964 4662.353737 4647.287549 4643.288050 4658.693385 4665.587838 4663.060465 4659.421601 4663.706107 4656.801179 4605.310750 4593.219300 4577.120986 4563.903900 4516.331288 4447.763215 4416.648381 4393.594702 4350.795583 4276.405178 4241.315699 4203.159035 4170.141142 4134.507658 4124.249190 4093.923090 4063.007778 4025.243626 3985.202644 3966.893703 3953.471834 3953.563458 3954.356945 3972.538427 3988.335048 4004.410550 4012.534603 -9999.0 -9999.0
-9999.0 3480.197374 3550.374249 3669.980978 3746.387268 3780.455728 3782.151823 3779.554143 3803.864766 3838.226546 3920.523027 3960.653013 4043.309604 4082.578722 4121.944665 4212.059525 4309.102775 4354.087125 4395.027194 4462.344450 4531.058990 4579.557911 4606.607488 4576.892102 4618.890421 4653.970512 4663.858095 4672.176812 4673.543766 4664.894226 4658.965989 4665.418175 4662.151293 4642.336530 4625.659990 4623.674376 4620.127826 4596.254308 4568.287668 4552.166156 4552.925655 4578.589820 4564.953257 4543.303141 4538.776516 4560.866599 4583.288478 4572.226471 4558.883047 4575.660076 4611.072621 4637.625032 4636.345069 4655.565753 4676.843134 4646.700224 4627.173436 4581.691100 4564.215934 4538.333485 4479.846807 4424.842613 4376.055132 4327.822602 4276.103502 4228.893093 4181.804837 4134.988631 4082.681498 4050.419649 4027.005994 3985.784877 3974.894053 3982.359867 3978.256420 3977.029410 3983.759315 3990.392080 -9999.0 -9999.0
-9999.0 3378.752336 3516.000228 3690.741956 3831.284584 3866.974011 3918.001637 3968.515163 3979.896272 3918.466547 4020.404276 4240.580695 4371.586713 4391.502650 4470.337182 4569.945261 4543.869509 4576.616654 4601.259185 4632.383329 4657.299876 4673.461173 4672.217220 4667.583439 4650.680402 4642.579395 4641.588246 4639.335203 4621.442883 4602.043307 4584.905695 4581.285632 4562.466697 4510.432651 4476.258090 4457.701188 4436.579874 4423.813072 4397.270577 4370.698124 4353.015730 4361.571643 4361.331155 4348.835595 4344.447884 4361.883595 4392.904158 4392.310450 4406.176911 4426.224334 4461.856647 4501.279905 4520.872922 4550.631029 4586.843021 4636.783747 4644.071559 4666.907556 4669.349673 4661.039140 4612.903464 4560.151996 4530.228571 4473.853171 4414.146965 4352.315110 4302.759355 4257.877949 4202.196420 4168.966004 4130.583393 4077.217189 4036.554691 4032.046125 3999.661993 3988.069512 -9999.0 -9999.0 -9999.0 -9999.0
-9999.0 3268.996545 3444.870648 3676.836527 3976.113868 4038.440959 4243.287535 4358.281944 4395.855686 4465.749739 4321.504435 4548.621003 4608.269867 4605.039806 4627.162121 4631.405285 4646.457009 4645.426673 4640.316988 4629.022665 4619.050000 4614.180476 4613.245429 4605.257160 4592.458431 4577.640851 4565.480983 4553.581655 4515.942238 4483.164067 4441.815325 4428.717075 4381.036200 4287.616707 4248.955741 4208.453873 4145.038136 4148.905380 4159.432464 4135.994511 4115.800502 4085.004236 4116.949882 4129.828819 4134.823408 4128.332328 4136.454789 4167.518471 4217.619801 4252.756956 4291.695128 4340.314930 4371.517438 4411.076161 4450.524149 4503.417053 4535.476896 4564.815603 4615.273747 4652.654280 4675.720950 4660.665809 4643.569391 4597.029077 4536.049400 4486.268106 4456.462076 4404.848147 4360.908132 4317.613506 4271.122546 4218.377518 4156.755007 4108.763618 4075.854046 -9999.0 -9999.0 -9999.0 -9999.0 -9999.0
-9999.0 3032.775351 3294.054469 3551.453381 3813.946473 4163.428186 4351.476614 4441.997430 4507.350848 4497.217433 4527.111852 4531.736437 4569.599603 4577.900541 4556.678164 4541.907516 4522.994513 4521.904219 4535.082662 4507.111978 4476.037401 4462.241095 4463.246399 4452.577757 4428.167465 4413.332687 4404.156398 4385.044708 4341.771759 4290.388084 4204.288404 4166.939879 4085.714233 4050.933958 4015.829068 3968.866995 3925.519388 3932.664505 3959.247715 3951.631054 3931.288077 3914.752745 3945.047699 3967.008791 3980.738090 3963.359006 3969.692111 4004.210148 4050.623808 4091.130103 4134.682396 4182.564690 4225.042426 4263.548165 4282.895175 4320.841642 4363.360114 4405.411258 4476.499456 4556.992767 4594.367820 4629.938031 4657.753645 4680.147950 4636.606814 4611.260221 4586.821725 4562.490535 4515.348238 4469.420791 4428.819076 4362.666720 4303.077082 -9999.0 -9999.0 -9999.0 -9999.0 -9999.0 -9999.0 -9999.0
-9999.0 2926.531797 3108.155111 3284.844503 3520.645885 3749.125783 3982.996274 4073.051783 4144.695742 4228.376321 4289.133986 4329.403884 4355.235768 4377.472801 4355.095130 4307.260880 4274.115396 4279.407181 4269.055325 4248.757922 4221.395936 4208.857077 4205.870937 4201.513614 4180.923101 4171.478129 4165.263982 4147.686845 4123.676486 4070.635312 4000.686211 3926.383876 3874.264159 3858.201740 3837.610806 3812.538114 3788.741416 3803.018286 3815.643605 3816.886422 3811.870404 3813.273359 3842.306525 3862.570520 3871.960651 3861.560182 3879.661582 3901.964274 3937.860924 3976.673006 4020.884812 4070.554198 4118.644057 4137.370344 4137.347471 4146.182445 4172.168583 4214.491716 4290.456166 4377.067894 4457.466992 4504.092643 4555.740273 4596.819958 4626.272403 4648.798127 4673.045427 4667.519106 4640.392883 4606.319696 4546.009460 -9999.0 -9999.0 -9999.0 -9999.0 -9999.0 -9999.0 -9999.0 -9999.0 -9999.0
-9999.0 -9999.0 2886.319782 3025.275042 3104.701489 3256.327035 3392.251693 3496.892577 3602.584709 3753.803124 3882.598866 3980.372200 4028.530359 4044.444843 4031.251652 4004.712614 3988.990837 3988.447434 3976.188657 3971.368016 3958.970289 3954.553002 3942.266762 3935.185735 3933.259366 3934.388648 3933.236681 3926.189517 3911.206096 3871.554195 3838.576807 3796.630962 3752.845761 3733.017141 3716.793159 3702.051169 3708.644579 3703.859183 3709.733445 3713.522448 3724.486008 3739.487460 3758.691725 3781.793368 3791.498473 3802.255569 3812.594303 3833.546784 3862.557210 3902.211749 3953.100699 4007.610236 4042.989451 4048.780042 4029.035114 4021.888468 4027.485206 4053.883290 4114.034163 4181.684493 4273.035839 4339.652685 4406.990819 4464.000789 4491.395834 4527.807606 4599.909200 4648.076022 4692.858100 4670.325494 -9999.0 -9999.0 -9999.0 -9999.0 -9999.0 -9999.0 -9999.0 -9999.0 -9999.0 -9999.0
-9999.0 -9999.0 -9999.0 -9999.0 2885.143161 3021.793491 3115.837218 3189.144584 3322.718074 3455.334446 3562.372774 3651.312716 3723.422189 3750.041146 3753.724671 3775.204731 3775.859326 3765.572791 3754.323242 3761.659567 3769.131331 3763.692930 3746.160880 3741.080373 3747.135063 3757.414349 3757.340429 3746.404982 3730.027415 3720.800722 3712.469432 3685.022929 3655.969441 3631.078852 3621.454351 3621.088440 3622.705664 3615.511302 3624.556907 3634.804386 3651.474979 3666.809752 3690.304624 3720.369358 3735.503449 3750.101225 3758.105488 3775.662467 3803.688826 3854.666598 3915.989252 3972.405920 4006.269893 4005.981391 3976.583280 3953.622322 3939.306362 3954.778478 3981.258351 4029.326164 4117.766892 4179.604727 4222.992729 4260.198368 4296.546211 4363.414466 4460.962185 4543.810886 -9999.0 -9999.0 -9999.0 -9999.0 -9999.0 -9999.0 -9999.0 -9999.0 -9999.0 -9999.0 -9999.0 -9999.0
-9999.0 -9999.0 -9999.0 -9999.0 -9999.0 -9999.0 2863.312792 2969.658002 3022.321571 3177.934698 3328.629980 3438.089459 3522.826097 3560.937392 3598.478674 3630.805726 3632.604384 3611.689444 3588.838757 3612.363609 3634.396133 3628.169502 3595.098547 3598.260772 3607.529222 3616.782542 3615.978502 3612.470268 3590.645154 3612.317473 3621.115022 3601.640932 3579.445983 3570.025714 3560.766565 3572.565662 3574.034808 3560.331088 3559.268460 3588.385511 3610.271931 3623.226840 3643.964430 3677.204651 3709.719579 3725.480692 3725.939074 3729.737972 3764.767137 3832.164344 3903.005527 3958.162940 3989.113435 3993.265754 3961.806876 3916.160835 3889.061436 3886.414602 3908.815143 3945.728191 4005.052036 4039.622796 4047.288892 4044.416214 4053.871720 4155.789829 -9999.0 -9999.0 -9999.0 -9999.0 -9999.0 -9999.0 -9999.0 -9999.0 -9999.0 -9999.0 -9999.0 -9999.0 -9999.0 -9999.0
-9999.0 -9999.0 -9999.0 -9999.0 -9999.0 -9999.0 -9999.0 -9999.0 -9999.0 -9999.0 -9999.0 -9999.0 -9999.0 -9999.0 -9999.0 -9999.0 -9999.0 -9999.0 -9999.0 -9999.0 -9999.0 -9999.0 -9999.0 -9999.0 -9999.0 -9999.0 -9999.0 -9999.0 -9999.0 -9999.0 -9999.0 -9999.0 -9999.0 -9999.0 -9999.0 -9999.0 -9999.0 -9999.0 -9999.0 -9999.0 -9999.0 -9999.0 -9999.0 -9999.0 -9999.0 -9999.0 -9999.0 -9999.0 -9999.0 -9999.0 -9999.0 -9999.0 -9999.0 -9999.0 -9999.0 -9999.0 -9999.0 -9999.0 -9999.0 -9999.0 -9999.0 -9999.0 -9999.0 -9999.0 -9999.0 -9999.0 -9999.0 -9999.0 -9999.0 -9999.0 -9999.0 -9999.0 -9999.0 -9999.0 -9999.0 -9999.0 -9999.0 -9999.0 -9999.0 -9999.0
-9999.0 -9999.0 -9999.0 -9999.0 -9999.0 -9999.0 -9999.0 -9999.0 -9999.0 -9999.0 -9999.0 -9999.0 -9999.0 -9999.0 -9999.0 -9999.0 -9999.0 -9999.0 -9999.0 -9999.0 -9999.0 -9999.0 -9999.0 -9999.0 -9999.0 -9999.0 -9999.0 -9999.0 -9999.0 -9999.0 -9999.0 -9999.0 -9999.0 -9999.0 -9999.0 -9999.0 -9999.0 -9999.0 -9999.0 -9999.0 -9999.0 -9999.0 -9999.0 -9999.0 -9999.0 -9999.0 -9999.0 -9999.0 -9999.0 -9999.0 -9999.0 -9999.0 -9999.0 -9999.0 -9999.0 -9999.0 -9999.0 -9999.0 -9999.0 -9999.0 -9999.0 -9999.0 -9999.0 -9999.0 -9999.0 -9999.0 -9999.0 -9999.0 -9999.0 -9999.0 -9999.0 -9999.0 -9999.0 -9999.0 -9999.0 -9999.0 -9999.0 -9999.0 -9999.0 -9999.0