Borden_/Borden1m_014/output_maps/psiliqL0014N0038.asc
ncols         80
nrows         18
xllcorner     620200.000000
yllcorner     5168000.000000
cellsize      1.000000
NODATA_value  -9999.0
-9999.0 -9999.0 -9999.0 -9999.0 -9999.0 -9999.0 -9999.0 -9999.0 -9999.0 -9999.0 -9999.0 -9999.0 -9999.0 -9999.0 -9999.0 -9999.0 -9999.0 -9999.0 -9999.0 -9999.0 -9999.0 -9999.0 -9999.0 -9999.0 -9999.0 -9999.0 -9999.0 -9999.0 -9999.0 -9999.0 -9999.0 -9999.0 -9999.0 -9999.0 -9999.0 -9999.0 -9999.0 -9999.0 -9999.0 -9999.0 -9999.0 -9999.0 -9999.0 -9999.0 -9999.0 -9999.0 -9999.0 -9999.0 -9999.0 -9999.0 -9999.0 -9999.0 -9999.0 -9999.0 -9999.0 -9999.0 -9999.0 -9999.0 -9999.0 -9999.0 -9999.0 -9999.0 -9999.0 -9999.0 -9999.0 -9999.0 -9999.0 -9999.0 -9999.0 -9999.0 -9999.0 -9999.0 -9999.0 -9999.0 -9999.0 -9999.0 -9999.0 -9999.0 -9999.0 -9999.0
-9999.0 -9999.0 -9999.0 -9999.0 -9999.0 -9999.0 -9999.0 -9999.0 -9999.0 -9999.0 -9999.0 -9999.0 -9999.0 -9999.0 -9999.0 -9999.0 -9999.0 -9999.0 -9999.0 -9999.0 -9999.0 -9999.0 -9999.0 -9999.0 -9999.0 -9999.0 -9999.0 -9999.0 -9999.0 -9999.0 -9999.0 -9999.0 -9999.0 -9999.0 -9999.0 -9999.0 -9999.0 -9999.0 -9999.0 -9999.0 -9999.0 -9999.0 -9999.0 -9999.0 -9999.0 -9999.0 -9999.0 -9999.0 -9999.0 -9999.0 -9999.0 -9999.0 -9999.0 -9999.0 -9999.0 -9999.0 -9999.0 -9999.0 -9999.0 -9999.0 -9999.0 -9999.0 -9999.0 -9999.0 -9999.0 -9999.0 -9999.0 -9999.0 -9999.0 -9999.0 -9999.0 -9999.0 -9999.0 -9999.0 -9999.0 -9999.0 -9999.0 -9999.0 -9999.0 -9999.0
-9999.0 -9999.0 -9999.0 -9999.0 -9999.0 -9999.0 -9999.0 -9999.0 -9999.0 -9999.0 -9999.0 -9999.0 -9999.0 -9999.0 -9999.0 -9999.0 -9999.0 -9999.0 -9999.0 -9999.0 948.345841 951.296082 929.940072 897.211554 870.384454 873.869645 909.845082 952.608230 992.681134 1004.099267 987.547638 991.308546 987.961810 987.873326 991.379045 999.177749 1004.365612 1016.588865 1026.202572 1027.097630 1022.260951 1018.156603 1019.115898 1022.317610 1027.332965 1015.587768 1028.300286 1042.030935 1045.561213 1038.403298 1009.191063 991.555127 980.556143 963.079633 985.691497 995.735122 1016.853610 1019.499721 1016.445452 988.287660 957.458043 -9999.0 -9999.0 -9999.0 -9999.0 -9999.0 -9999.0 -9999.0 -9999.0 -9999.0 -9999.0 -9999.0 -9999.0 -9999.0 -9999.0 -9999.0 -9999.0 -9999.0 -9999.0 -9999.0
-9999.0 -9999.0 -9999.0 -9999.0 -9999.0 -9999.0 -9999.0 -9999.0 -9999.0 -9999.0 -9999.0 -9999.0 -9999.0 -9999.0 854.972624 846.131750 844.428818 853.981138 888.658129 919.755215 932.227144 925.669537 926.871186 904.555845 885.330796 900.848602 932.314135 965.803625 1002.249786 1024.167678 1014.292480 1013.465787 1024.531158 1051.105090 1065.147665 1063.551571 1044.956999 1069.611858 1086.914287 1097.137422 1098.285349 1091.179229 1104.842207 1120.650815 1113.331726 1095.223380 1098.986342 1109.279028 1119.552397 1103.492457 1037.335817 1015.547126 1008.822863 999.814959 983.602660 975.269431 998.834800 997.254781 987.416618 968.006909 934.135198 889.163982 869.631551 907.139753 949.823032 1006.169248 -9999.0 -9999.0 -9999.0 -9999.0 -9999.0 -9999.0 -9999.0 -9999.0 -9999.0 -9999.0 -9999.0 -9999.0 -9999.0 -9999.0
-9999.0 -9999.0 -9999.0 -9999.0 -9999.0 -9999.0 -9999.0 -9999.0 -9999.0 794.253503 799.496218 807.830966 811.323795 828.123177 826.696925 835.018925 843.427071 871.787092 904.240337 940.677545 970.685282 963.104799 965.166934 976.918143 982.143386 996.082401 1019.951995 1062.887900 1105.137172 1148.141248 1121.262223 1120.552793 1141.234441 1189.767229 1224.139399 1232.254956 1215.198372 1225.307383 1252.619037 1277.354448 1279.627147 1279.135137 1304.721460 1318.589522 1319.190620 1298.014468 1283.262072 1281.160056 1303.698937 1249.824234 1180.926671 1127.911025 1129.248468 1096.882240 1056.572260 1034.003430 1028.960035 1047.389385 1030.342476 991.164079 953.068243 940.463036 921.509372 937.045888 957.742338 1002.594505 1039.991623 1067.081030 1065.344214 1046.909225 -9999.0 -9999.0 -9999.0 -9999.0 -9999.0 -9999.0 -9999.0 -9999.0 -9999.0 -9999.0
-9999.0 -9999.0 -9999.0 -9999.0 -9999.0 -9999.0 713.794885 724.033967 745.285346 750.984018 777.496099 786.201540 808.245487 829.039327 852.176021 870.430649 902.351354 937.098398 979.947366 1025.269204 1059.682071 1056.877190 1069.479024 1102.136330 1143.206384 1174.514302 1202.186877 1245.073627 1323.555045 1367.794840 1376.835046 1382.851192 1393.413652 1442.205699 1506.110007 1521.594463 1502.726588 1489.897043 1512.046792 1550.656317 1560.088735 1563.373591 1574.160478 1583.527945 1608.576646 1597.888106 1555.720672 1538.575757 1533.503510 1515.329718 1453.272527 1388.642695 1352.370283 1301.043908 1216.293481 1158.720858 1162.266061 1177.755087 1145.775275 1089.049656 1045.158744 1031.824167 1014.361993 998.792226 1002.813270 1019.853308 1040.124421 1049.307747 1034.510807 1011.885065 987.703569 957.889133 958.942922 983.649439 -9999.0 -9999.0 -9999.0 -9999.0 -9999.0 -9999.0
-9999.0 -9999.0 -9999.0 -9999.0 662.725234 676.281113 665.013287 691.105734 725.014664 760.551594 794.094530 832.810051 862.081649 894.419937 937.212093 974.553669 1019.486147 1057.699029 1114.964074 1186.213036 1240.823851 1268.102384 1286.203293 1345.835714 1407.702448 1460.995494 1483.441230 1512.762917 1557.864596 1620.009525 1648.248133 1655.575035 1673.346139 1707.769279 1754.007380 1786.491120 1771.064514 1764.802279 1772.361819 1785.650240 1811.333353 1814.115817 1816.562117 1818.882672 1822.731833 1820.825924 1795.155017 1760.243696 1744.521555 1733.736559 1704.142272 1635.068523 1592.674637 1561.006659 1526.768741 1473.896428 1407.948320 1389.829193 1331.372320 1272.085690 1206.094327 1180.602140 1146.810863 1118.217297 1085.900151 1084.185066 1084.141278 1060.708129 1026.048041 991.771133 975.166485 955.246699 943.507117 972.877430 989.941598 1019.977872 -9999.0 -9999.0 -9999.0 -9999.0
-9999.0 -9999.0 602.330025 651.631066 709.333086 719.214798 721.197208 728.668611 758.875339 812.931149 890.925396 944.126042 989.528367 1025.994299 1088.800268 1172.032997 1248.343619 1299.543301 1360.446632 1431.123574 1494.814429 1530.810303 1550.930430 1590.620939 1643.897696 1704.580371 1731.530222 1758.312030 1789.806648 1824.191887 1837.364846 1851.788714 1860.000231 1862.148077 1866.993638 1868.083645 1863.747533 1858.825910 1841.509600 1838.886702 1847.034481 1852.906669 1854.896791 1841.875234 1837.794047 1850.551823 1853.248373 1851.370808 1849.997696 1856.458332 1860.100114 1821.508597 1781.913342 1765.362215 1754.886346 1710.207934 1645.113845 1601.390474 1577.419806 1533.749117 1454.600262 1400.894593 1348.565250 1297.676491 1242.394949 1207.505557 1156.797863 1110.557523 1060.782738 1012.270271 987.018154 967.756246 964.436982 963.661248 979.163757 993.988441 1008.900757 1016.454594 -9999.0 -9999.0
-9999.0 499.267386 572.033523 699.042362 780.057284 826.160827 860.665882 886.721970 917.586091 945.216692 1053.319507 1147.431623 1241.245846 1280.408263 1333.280111 1432.203103 1528.019335 1574.202475 1611.917123 1666.988956 1726.633867 1774.221083 1803.766943 1817.540776 1851.012889 1863.103169 1866.032033 1869.290482 1865.489368 1858.139567 1849.453505 1855.784653 1852.127268 1832.913234 1816.179986 1812.063291 1805.452765 1781.028667 1753.239963 1739.071085 1742.259254 1765.073198 1753.389689 1733.264685 1729.532703 1750.062020 1768.582849 1759.983077 1748.300294 1766.313131 1801.481296 1823.929936 1834.919194 1851.105855 1871.715708 1846.327805 1816.909378 1774.790980 1754.685377 1724.373680 1664.238380 1601.290332 1545.512385 1483.426346 1415.103485 1344.854454 1278.890205 1214.115758 1144.566883 1101.210591 1068.478549 1017.176584 995.200490 996.110530 986.447269 982.844948 988.305348 994.330924 -9999.0 -9999.0
-9999.0 419.713143 562.558312 747.890908 897.451333 958.614454 1064.223483 1146.791077 1178.242277 1153.610033 1263.851535 1483.618859 1584.158235 1602.337363 1673.477877 1759.904725 1781.990524 1814.038196 1835.741103 1844.435715 1851.829098 1861.573050 1860.679924 1855.726651 1841.893381 1834.336917 1832.946280 1829.388465 1810.697979 1790.401677 1771.874916 1767.032458 1748.277124 1703.825712 1669.315351 1650.487957 1633.004390 1612.490121 1579.757027 1553.612331 1539.701344 1556.000171 1548.785047 1532.144693 1528.386072 1550.295527 1582.456217 1578.309576 1586.068436 1608.565002 1649.410799 1690.300694 1713.780319 1744.265705 1781.848670 1826.498631 1842.731500 1864.066277 1868.186628 1848.076818 1802.943913 1749.575899 1713.286701 1648.071949 1572.773371 1491.756524 1424.240836 1359.198484 1288.138661 1240.499582 1192.981788 1135.626766 1081.015139 1056.957125 1016.698748 996.065172 -9999.0 -9999.0 -9999.0 -9999.0
-9999.0 342.091951 530.791766 790.507998 1066.038934 1180.801995 1384.183826 1513.493226 1573.553797 1641.002310 1626.689427 1769.515421 1807.515579 1803.862161 1801.733879 1806.027096 1821.906225 1825.835168 1822.443418 1812.410709 1803.198622 1799.057402 1797.835380 1790.707357 1778.605774 1763.420923 1749.599876 1735.278271 1695.470222 1660.686596 1624.160400 1608.498407 1569.473547 1477.757042 1433.413238 1396.668352 1339.932737 1333.050559 1326.333675 1298.311301 1279.155396 1259.654244 1280.914456 1284.712223 1286.961002 1291.067060 1308.557030 1331.849680 1376.085458 1413.107697 1458.528102 1511.881275 1547.159893 1591.279075 1638.957407 1696.419714 1729.990833 1761.390905 1808.623735 1847.848675 1870.316135 1858.211411 1828.499550 1779.788826 1705.784730 1634.331005 1579.762158 1502.330940 1435.014327 1381.915726 1338.034810 1289.903596 1226.942171 1146.477612 1103.977990 -9999.0 -9999.0 -9999.0 -9999.0 -9999.0
-9999.0 165.071421 432.918222 722.325255 1039.269449 1365.722310 1495.397400 1626.323384 1698.933106 1663.373953 1668.224408 1691.137367 1733.541245 1743.078358 1724.707547 1716.825729 1706.314752 1706.435017 1718.869443 1691.841271 1661.384623 1647.458027 1646.695353 1634.939307 1611.898779 1594.614131 1581.532218 1560.177363 1510.995499 1459.029766 1377.431165 1347.432455 1271.907808 1213.303913 1166.949568 1116.283644 1064.678981 1062.691649 1079.214790 1064.036132 1041.720873 1023.329000 1049.798245 1067.311964 1079.523278 1068.762843 1078.324764 1114.764728 1165.177244 1210.609577 1262.417386 1318.583742 1365.977203 1414.942127 1448.864665 1501.140974 1549.472800 1596.767056 1670.980971 1749.977613 1786.527569 1820.400923 1851.666213 1863.641404 1808.010762 1752.164331 1693.287453 1623.552043 1535.415588 1488.956876 1467.109503 1432.588162 1380.469835 -9999.0 -9999.0 -9999.0 -9999.0 -9999.0 -9999.0 -9999.0
-9999.0 37.713443 258.256552 490.487369 777.727907 1016.247375 1208.960942 1318.889166 1398.812617 1429.330614 1461.932884 1497.089448 1529.437062 1553.246985 1532.385015 1494.086342 1465.909062 1469.683253 1465.373368 1440.480615 1410.007052 1394.465076 1391.867516 1384.692761 1360.109477 1345.108371 1333.591839 1310.041175 1274.711215 1217.662957 1136.378550 1063.704078 1001.746234 968.149727 937.262823 903.649451 866.921033 876.673916 889.355494 885.463057 874.523592 871.313312 900.589535 919.611903 929.892582 918.290361 937.695966 964.999952 1007.488063 1051.501402 1101.937408 1158.675809 1214.108090 1245.559480 1261.908547 1290.215227 1331.607926 1387.043135 1474.101007 1568.703602 1645.319112 1693.731474 1742.838338 1773.033737 1781.768075 1787.807374 1754.793679 1662.776138 1535.136900 1533.880892 1537.080890 -9999.0 -9999.0 -9999.0 -9999.0 -9999.0 -9999.0 -9999.0 -9999.0 -9999.0
-9999.0 -9999.0 24.195874 204.043071 346.256620 528.038653 679.465594 789.993749 877.049600 985.942824 1088.575216 1171.946651 1216.984022 1235.210336 1220.505839 1185.483873 1162.635048 1162.091796 1151.539217 1139.285087 1117.577909 1108.744531 1097.681458 1089.229618 1078.167081 1071.719900 1065.615636 1053.287158 1029.911695 981.866286 931.177751 878.765424 824.532824 798.349027 775.746409 753.417331 751.110707 747.464740 753.234482 754.565063 760.995410 773.357221 793.662100 815.559419 825.353654 833.899986 846.676205 870.772960 904.454299 947.210618 1001.780020 1060.177460 1100.966138 1115.031478 1107.108865 1114.222473 1137.104386 1182.578186 1267.110926 1353.157787 1447.773653 1518.038168 1587.320592 1635.853129 1647.439855 1656.627662 1662.557150 1583.927297 1242.352550 1457.436870 -9999.0 -9999.0 -9999.0 -9999.0 -9999.0 -9999.0 -9999.0 -9999.0 -9999.0 -9999.0
-9999.0 -9999.0 -9999.0 -9999.0 62.301302 218.345477 315.248842 399.320100 526.751980 644.211966 742.611713 824.489543 884.474819 910.494273 904.339494 906.235623 900.240970 894.480079 884.723460 881.921777 878.984801 871.022751 857.346022 849.595638 849.633693 853.649754 850.690568 836.551548 818.584367 793.969178 771.829122 736.598835 699.810912 670.159422 656.611953 650.217435 649.871574 643.234555 652.091415 659.067017 674.140494 689.434224 713.300186 742.132270 755.614404 770.325222 780.253506 801.143962 831.798921 885.461150 949.132052 1007.126464 1043.156979 1048.120549 1023.886266 1009.313194 1007.135385 1036.929307 1084.939617 1155.541625 1259.455138 1333.538919 1391.710329 1435.422599 1464.298808 1503.596923 1542.995799 1563.937879 -9999.0 -9999.0 -9999.0 -9999.0 -9999.0 -9999.0 -9999.0 -9999.0 -9999.0 -9999.0 -9999.0 -9999.0
-9999.0 -9999.0 -9999.0 -9999.0 -9999.0 -9999.0 17.072424 117.171151 200.411444 334.165604 459.482860 558.096311 636.712434 666.553194 690.094743 715.226866 712.363231 694.328954 675.913642 693.547713 705.609933 699.764464 670.425111 669.426888 673.535274 681.802983 679.576541 672.854269 647.438106 657.265035 656.714331 633.059398 606.609031 592.219743 580.183509 589.671385 589.929790 576.594572 577.722110 604.219648 624.275436 637.533744 659.601515 692.814674 725.083176 740.075305 741.467281 747.844999 788.627461 859.167289 930.743103 985.995830 1018.441755 1026.789442 999.674047 959.951520 940.001042 948.099732 984.374973 1039.238864 1117.424889 1168.453502 1196.853404 1212.594893 1232.042873 1319.786579 -9999.0 -9999.0 -9999.0 -9999.0 -9999.0 -9999.0 -9999.0 -9999.0 -9999.0 -9999.0 -9999.0 -9999.0 -9999.0 -9999.0
-9999.0 -9999.0 -9999.0 -9999.0 -9999.0 -9999.0 -9999.0 -9999.0 -9999.0 -9999.0 -9999.0 -9999.0 -9999.0 -9999.0 -9999.0 -9999.0 -9999.0 -9999.0 -9999.0 -9999.0 -9999.0 -9999.0 -9999.0 -9999.0 -9999.0 -9999.0 -9999.0 -9999.0 -9999.0 -9999.0 -9999.0 -9999.0 -9999.0 -9999.0 -9999.0 -9999.0 -9999.0 -9999.0 -9999.0 -9999.0 -9999.0 -9999.0 -9999.0 -9999.0 -9999.0 -9999.0 -9999.0 -9999.0 -9999.0 -9999.0 -9999.0 -9999.0 -9999.0 -9999.0 -9999.0 -9999.0 -9999.0 -9999.0 -9999.0 -9999.0 -9999.0 -9999.0 -9999.0 -9999.0 -9999.0 -9999.0 -9999.0 -9999.0 -9999.0 -9999.0 -9999.0 -9999.0 -9999.0 -9999.0 -9999.0 -9999.0 -9999.0 -9999.0 -9999.0 -9999.0
-9999.0 -9999.0 -9999.0 -9999.0 -9999.0 -9999.0 -9999.0 -9999.0 -9999.0 -9999.0 -9999.0 -9999.0 -9999.0 -9999.0 -9999.0 -9999.0 -9999.0 -9999.0 -9999.0 -9999.0 -9999.0 -9999.0 -9999.0 -9999.0 -9999.0 -9999.0 -9999.0 -9999.0 -9999.0 -9999.0 -9999.0 -9999.0 -9999.0 -9999.0 -9999.0 -9999.0 -9999.0 -9999.0 -9999.0 -9999.0 -9999.0 -9999.0 -9999.0 -9999.0 -9999.0 -9999.0 -9999.0 -9999.0 -9999.0 -9999.0 -9999.0 -9999.0 -9999.0 -9999.0 -9999.0 -9999.0 -9999.0 -9999.0 -9999.0 -9999.0 -9999.0 -9999.0 -9999.0 -9999.0 -9999.0 -9999.0 -9999.0 -9999.0 -9999.0 -9999.0 -9999.0 -9999.0 -9999.0 -9999.0 -9999.0 -9999.0 -9999.0 -9999.0 -9999.0 -9999.0