Borden_/Borden1m_014/output_maps/psiliqL0016N0039.asc
ncols         80
nrows         18
xllcorner     620200.000000
yllcorner     5168000.000000
cellsize      1.000000
NODATA_value  -9999.0
-9999.0 -9999.0 -9999.0 -9999.0 -9999.0 -9999.0 -9999.0 -9999.0 -9999.0 -9999.0 -9999.0 -9999.0 -9999.0 -9999.0 -9999.0 -9999.0 -9999.0 -9999.0 -9999.0 -9999.0 -9999.0 -9999.0 -9999.0 -9999.0 -9999.0 -9999.0 -9999.0 -9999.0 -9999.0 -9999.0 -9999.0 -9999.0 -9999.0 -9999.0 -9999.0 -9999.0 -9999.0 -9999.0 -9999.0 -9999.0 -9999.0 -9999.0 -9999.0 -9999.0 -9999.0 -9999.0 -9999.0 -9999.0 -9999.0 -9999.0 -9999.0 -9999.0 -9999.0 -9999.0 -9999.0 -9999.0 -9999.0 -9999.0 -9999.0 -9999.0 -9999.0 -9999.0 -9999.0 -9999.0 -9999.0 -9999.0 -9999.0 -9999.0 -9999.0 -9999.0 -9999.0 -9999.0 -9999.0 -9999.0 -9999.0 -9999.0 -9999.0 -9999.0 -9999.0 -9999.0
-9999.0 -9999.0 -9999.0 -9999.0 -9999.0 -9999.0 -9999.0 -9999.0 -9999.0 -9999.0 -9999.0 -9999.0 -9999.0 -9999.0 -9999.0 -9999.0 -9999.0 -9999.0 -9999.0 -9999.0 -9999.0 -9999.0 -9999.0 -9999.0 -9999.0 -9999.0 -9999.0 -9999.0 -9999.0 -9999.0 -9999.0 -9999.0 -9999.0 -9999.0 -9999.0 -9999.0 -9999.0 -9999.0 -9999.0 -9999.0 -9999.0 -9999.0 -9999.0 -9999.0 -9999.0 -9999.0 -9999.0 -9999.0 -9999.0 -9999.0 -9999.0 -9999.0 -9999.0 -9999.0 -9999.0 -9999.0 -9999.0 -9999.0 -9999.0 -9999.0 -9999.0 -9999.0 -9999.0 -9999.0 -9999.0 -9999.0 -9999.0 -9999.0 -9999.0 -9999.0 -9999.0 -9999.0 -9999.0 -9999.0 -9999.0 -9999.0 -9999.0 -9999.0 -9999.0 -9999.0
-9999.0 -9999.0 -9999.0 -9999.0 -9999.0 -9999.0 -9999.0 -9999.0 -9999.0 -9999.0 -9999.0 -9999.0 -9999.0 -9999.0 -9999.0 -9999.0 -9999.0 -9999.0 -9999.0 -9999.0 1352.423808 1355.269709 1334.232680 1301.745127 1275.222938 1279.006621 1315.057193 1358.046084 1398.493345 1409.837934 1393.462377 1397.757982 1394.682544 1394.231600 1397.543633 1405.709222 1411.556081 1423.725942 1433.292006 1434.084706 1429.255148 1425.339326 1426.733802 1429.672481 1434.772424 1422.330236 1435.187247 1448.747438 1451.760497 1444.602456 1415.551189 1398.063547 1386.723127 1368.746646 1391.232673 1400.803853 1421.531815 1423.811669 1420.368869 1392.055502 1361.115886 -9999.0 -9999.0 -9999.0 -9999.0 -9999.0 -9999.0 -9999.0 -9999.0 -9999.0 -9999.0 -9999.0 -9999.0 -9999.0 -9999.0 -9999.0 -9999.0 -9999.0 -9999.0 -9999.0
-9999.0 -9999.0 -9999.0 -9999.0 -9999.0 -9999.0 -9999.0 -9999.0 -9999.0 -9999.0 -9999.0 -9999.0 -9999.0 -9999.0 1258.425404 1249.926772 1248.507610 1258.198544 1292.970679 1324.254322 1336.592822 1330.191678 1331.575110 1309.346329 1290.069181 1305.687327 1337.400550 1370.936369 1407.376971 1429.071363 1419.620216 1419.023021 1429.794059 1455.475551 1468.715310 1467.069684 1449.047050 1474.031183 1490.964729 1500.531171 1501.506870 1494.238722 1507.101432 1522.512192 1515.100914 1497.314765 1502.020341 1512.562364 1522.205892 1506.892226 1441.531870 1420.710144 1413.804370 1404.898591 1388.523621 1380.254179 1403.899154 1401.783801 1391.757603 1372.213645 1338.070671 1292.880327 1272.966329 1310.396064 1352.656478 1408.514796 -9999.0 -9999.0 -9999.0 -9999.0 -9999.0 -9999.0 -9999.0 -9999.0 -9999.0 -9999.0 -9999.0 -9999.0 -9999.0 -9999.0
-9999.0 -9999.0 -9999.0 -9999.0 -9999.0 -9999.0 -9999.0 -9999.0 -9999.0 1196.759901 1202.464387 1211.084177 1214.995199 1232.037622 1230.580452 1239.145742 1247.395652 1276.161776 1308.651359 1345.054820 1374.925631 1367.572001 1369.548731 1380.428265 1384.332186 1397.793594 1421.647476 1464.035906 1504.650481 1546.675356 1519.275282 1518.350053 1538.753511 1586.033547 1618.308333 1625.428906 1608.535216 1620.113517 1646.847907 1670.032549 1671.353056 1670.068827 1695.579739 1709.522018 1708.801220 1687.524548 1675.233647 1674.471686 1697.590281 1644.038933 1575.569220 1524.713978 1527.978853 1497.067944 1458.801463 1437.571707 1432.796072 1450.840095 1434.023580 1395.106907 1357.270278 1344.225701 1324.938731 1340.655868 1361.040567 1405.396058 1442.541029 1469.292735 1467.058892 1448.373167 -9999.0 -9999.0 -9999.0 -9999.0 -9999.0 -9999.0 -9999.0 -9999.0 -9999.0 -9999.0
-9999.0 -9999.0 -9999.0 -9999.0 -9999.0 -9999.0 1115.745437 1126.426868 1148.121295 1153.746704 1180.822340 1189.623842 1211.870751 1232.779650 1256.334536 1274.360641 1305.813016 1340.412133 1382.659611 1427.165678 1460.915018 1457.095408 1468.985406 1499.637145 1538.559102 1568.146330 1595.339638 1637.460929 1714.770063 1757.684836 1764.336861 1769.902756 1780.415285 1829.844854 1893.926708 1908.688419 1889.727670 1877.149483 1899.703375 1938.047625 1945.089994 1947.768900 1959.410658 1969.116904 1994.339290 1983.497712 1942.562176 1927.346134 1923.992645 1904.513361 1840.573358 1776.448903 1742.815332 1691.953989 1607.647043 1552.466623 1558.839874 1575.725915 1545.009563 1489.092409 1446.542724 1433.782261 1416.536354 1401.516697 1406.016513 1423.015463 1442.838161 1451.757547 1436.523451 1413.450393 1389.079609 1359.044285 1359.977234 1384.481237 -9999.0 -9999.0 -9999.0 -9999.0 -9999.0 -9999.0
-9999.0 -9999.0 -9999.0 -9999.0 1064.201158 1078.073436 1066.775391 1093.563123 1127.911771 1163.916546 1197.283463 1235.729351 1264.907389 1297.216399 1339.186672 1374.615754 1417.922507 1455.233080 1511.310197 1581.136513 1634.092193 1659.120712 1675.723594 1734.202915 1795.728318 1848.801412 1871.371705 1900.622250 1946.199022 2007.238234 2034.899858 2041.868222 2059.667016 2095.907540 2143.983960 2177.578664 2161.822671 2155.296431 2163.377923 2176.995193 2202.181267 2204.798525 2207.290414 2209.967499 2214.353209 2212.295192 2186.322385 2151.323008 2135.343598 2124.070722 2092.232669 2022.012348 1981.807583 1950.339354 1914.021839 1860.176749 1796.535417 1781.100475 1722.876683 1663.905328 1600.449000 1577.287246 1544.927505 1517.512568 1486.652900 1485.998875 1486.557462 1463.132440 1427.992039 1393.480776 1376.682940 1356.560948 1344.427450 1373.729538 1390.611215 1420.328542 -9999.0 -9999.0 -9999.0 -9999.0
-9999.0 -9999.0 1003.132809 1052.106912 1110.284762 1120.265191 1121.661746 1129.361193 1160.022527 1214.404522 1290.822576 1342.178058 1385.654313 1422.051444 1483.637911 1563.512518 1636.843332 1686.867841 1748.120761 1819.458217 1882.952955 1917.566422 1935.762063 1975.655439 2030.149015 2093.230035 2121.115761 2148.533097 2181.011728 2215.983663 2225.806460 2239.730104 2248.556686 2252.386885 2258.798964 2260.887763 2256.307225 2251.352618 2233.692548 2230.681682 2238.706297 2245.276213 2246.906697 2233.523407 2229.395556 2242.560143 2245.859770 2243.750827 2241.848498 2247.851455 2249.796378 2209.280971 2173.447521 2156.918788 2145.061688 2099.246765 2033.284463 1991.385981 1967.442320 1923.191772 1844.305107 1792.223455 1740.886715 1691.657726 1638.086502 1605.553279 1556.453049 1510.990534 1461.586238 1413.105499 1387.926235 1368.850689 1365.500341 1364.492999 1379.960300 1394.571803 1409.348098 1416.824585 -9999.0 -9999.0
-9999.0 898.661660 971.351034 1097.899811 1179.102009 1224.610637 1255.845918 1279.272769 1310.593228 1340.504327 1445.717895 1532.596484 1624.960032 1664.700031 1716.355285 1814.585119 1910.367463 1957.430935 1996.633873 2054.278366 2115.637679 2164.220347 2193.823365 2202.356156 2237.470025 2253.060801 2257.188393 2261.366837 2258.509314 2251.043052 2242.713328 2248.805774 2244.649185 2224.877445 2207.771684 2203.644370 2197.366713 2172.917927 2144.548417 2129.946146 2132.813754 2156.546564 2144.564735 2123.907002 2120.062139 2141.193796 2160.759615 2151.814167 2139.874103 2158.079642 2193.262317 2216.209562 2225.794711 2242.635123 2263.160164 2236.861289 2208.554185 2165.812094 2145.274286 2115.095715 2055.239186 1992.736238 1936.689327 1874.886403 1807.140384 1738.337245 1673.340868 1609.446945 1541.106690 1498.327695 1466.291981 1416.052416 1395.251891 1396.665226 1387.300781 1383.593824 1388.801279 1394.720082 -9999.0 -9999.0
-9999.0 816.273851 958.673584 1143.210493 1292.421587 1350.974061 1450.035820 1529.022696 1558.720918 1530.708947 1639.774729 1859.377823 1965.350466 1984.950074 2058.262344 2147.999690 2164.489350 2197.529177 2220.337198 2232.599324 2242.753093 2253.946831 2253.409595 2248.734602 2234.588799 2226.997451 2225.520685 2222.069033 2203.536384 2183.232088 2164.591116 2159.278108 2139.277042 2093.070661 2058.136157 2039.033752 2021.359986 2002.015804 1970.181794 1943.857041 1929.171729 1944.581697 1938.542505 1922.166579 1918.362221 1940.077837 1972.092154 1968.600369 1977.586368 1999.937657 2040.235402 2080.806297 2104.318877 2135.486251 2173.369149 2218.786906 2234.028250 2255.790975 2259.689312 2240.948379 2195.144609 2140.643537 2103.937104 2038.716401 1963.506881 1882.484207 1814.749782 1749.672726 1678.737829 1632.154257 1585.936305 1529.703011 1477.409490 1456.164514 1416.711804 1396.857212 -9999.0 -9999.0 -9999.0 -9999.0
-9999.0 734.475978 921.778364 1178.364239 1457.529296 1565.092635 1769.146125 1897.102835 1954.629317 2024.738167 1994.053334 2149.461385 2192.006731 2189.665153 2191.776619 2197.043136 2213.505005 2217.307608 2214.011132 2204.109614 2195.282979 2191.603375 2190.663979 2183.273698 2170.814990 2155.409369 2141.152321 2126.942296 2087.627377 2052.916204 2015.235600 1999.356623 1958.694085 1865.991196 1821.861730 1784.132878 1726.405198 1720.909246 1716.432205 1688.918513 1669.781474 1648.727277 1671.423432 1676.642250 1679.350095 1681.966773 1698.193250 1722.804223 1768.073621 1805.205921 1850.232853 1903.364905 1938.977951 1983.180858 2029.999081 2086.800207 2120.769414 2152.717473 2201.160887 2240.177257 2262.711860 2249.597771 2220.450010 2170.330308 2095.050461 2023.925917 1969.278013 1891.608046 1824.800875 1771.760401 1727.479873 1679.653200 1618.044962 1543.577104 1502.732269 -9999.0 -9999.0 -9999.0 -9999.0 -9999.0
-9999.0 549.642688 816.955539 1102.620519 1412.516456 1741.864359 1879.447939 2004.499402 2076.954558 2047.381633 2057.975854 2079.515345 2123.106016 2133.410695 2115.162949 2106.842880 2095.484021 2095.603864 2108.198053 2081.292981 2051.438700 2037.891752 2037.404426 2025.611483 2002.160794 1985.056670 1972.432755 1951.064165 1902.229800 1849.957572 1767.146597 1735.714980 1659.254311 1604.193892 1559.449240 1509.113509 1458.359622 1457.333082 1475.026075 1460.819358 1438.821426 1420.661896 1447.623441 1465.907109 1478.460420 1466.935655 1476.194471 1512.496352 1562.529318 1607.463113 1658.213734 1713.476969 1760.425408 1808.466900 1841.074825 1891.977020 1940.559993 1987.934273 2062.165818 2141.346198 2178.543263 2212.400449 2242.409203 2254.177933 2197.109980 2141.343200 2081.984743 2013.490477 1928.730527 1881.212478 1857.981573 1821.416898 1769.157161 -9999.0 -9999.0 -9999.0 -9999.0 -9999.0 -9999.0 -9999.0
-9999.0 424.920093 640.902603 866.396258 1147.415540 1384.659450 1582.365977 1689.482833 1768.852789 1809.324843 1847.903472 1884.775172 1917.288506 1941.655501 1921.419603 1882.193985 1853.549280 1857.548447 1852.337878 1827.955203 1797.920763 1782.670448 1779.833648 1772.843268 1748.656606 1734.284435 1723.285501 1700.211351 1666.485879 1610.197216 1530.553432 1457.398726 1396.545238 1365.059550 1335.172806 1302.278302 1266.914900 1276.899056 1289.259982 1285.952387 1275.753462 1273.113300 1302.321379 1321.534756 1331.814306 1320.572685 1340.072324 1367.050646 1409.114156 1453.022515 1503.113260 1559.263426 1614.014713 1644.160669 1658.829964 1684.918463 1724.768369 1778.971655 1865.157120 1959.311397 2036.604624 2084.350872 2133.268753 2163.896598 2172.431239 2175.961374 2143.154192 2055.660964 1942.960366 1930.994008 1930.618599 -9999.0 -9999.0 -9999.0 -9999.0 -9999.0 -9999.0 -9999.0 -9999.0 -9999.0
-9999.0 -9999.0 408.412145 583.697368 718.451170 897.144186 1047.239018 1157.693856 1248.083228 1363.962418 1471.032701 1556.712211 1602.360913 1620.748199 1607.092708 1574.213172 1552.862759 1552.415961 1541.605749 1530.298841 1509.811571 1501.413232 1489.924090 1481.456773 1471.449961 1465.801598 1460.086099 1448.199790 1425.689777 1378.471364 1329.758379 1278.244831 1224.876158 1199.019822 1176.747523 1154.956903 1153.441650 1149.299573 1154.810882 1156.321390 1163.268069 1175.931040 1196.073808 1218.179570 1228.082016 1237.124691 1249.861028 1273.920761 1307.474479 1350.399966 1405.138500 1463.757621 1504.591932 1518.393701 1509.812170 1515.851736 1537.116842 1580.530085 1661.808209 1745.475688 1839.881674 1909.635403 1978.442235 2026.955150 2038.092323 2046.353916 2052.849920 1989.381733 1795.591571 1870.880782 -9999.0 -9999.0 -9999.0 -9999.0 -9999.0 -9999.0 -9999.0 -9999.0 -9999.0 -9999.0
-9999.0 -9999.0 -9999.0 -9999.0 442.954372 597.615405 694.982682 778.649466 907.821297 1028.286190 1128.708065 1212.175696 1274.299872 1300.956357 1296.674330 1301.654344 1296.773471 1290.414521 1280.359500 1278.752736 1277.030643 1269.206538 1254.812971 1247.195474 1247.777380 1252.310875 1249.366183 1235.248434 1217.024016 1193.926952 1173.053785 1138.294337 1102.000185 1072.461262 1058.950933 1052.932053 1052.491656 1045.495030 1054.155623 1061.420905 1076.615943 1091.867852 1115.671219 1144.692867 1158.495765 1173.369984 1183.302414 1204.096678 1234.856604 1288.697568 1352.676194 1411.152788 1447.751811 1452.975892 1429.116926 1414.493833 1411.800421 1440.772930 1486.835963 1554.904747 1656.633816 1728.798794 1784.397918 1826.334181 1854.223345 1893.119915 1933.195643 1958.009463 -9999.0 -9999.0 -9999.0 -9999.0 -9999.0 -9999.0 -9999.0 -9999.0 -9999.0 -9999.0 -9999.0 -9999.0
-9999.0 -9999.0 -9999.0 -9999.0 -9999.0 -9999.0 402.250575 503.677720 584.534281 722.234831 851.731021 952.560173 1032.597801 1064.069315 1089.900388 1116.251029 1114.118587 1095.683665 1076.567374 1094.792520 1107.969825 1101.874900 1071.871537 1071.201014 1075.709751 1083.760777 1081.327706 1074.586842 1049.143790 1059.967669 1060.065445 1036.406710 1010.005077 995.783940 983.678350 993.083678 993.183793 979.553090 980.196680 1006.899699 1027.109552 1040.284742 1062.166818 1095.412142 1127.805423 1143.066302 1144.578100 1150.930046 1191.333377 1261.937101 1333.984941 1389.868426 1422.904176 1431.634097 1405.053039 1365.674264 1346.009853 1354.019068 1389.792463 1443.410248 1519.849021 1568.929838 1594.227317 1606.466474 1622.569032 1709.502414 -9999.0 -9999.0 -9999.0 -9999.0 -9999.0 -9999.0 -9999.0 -9999.0 -9999.0 -9999.0 -9999.0 -9999.0 -9999.0 -9999.0
-9999.0 -9999.0 -9999.0 -9999.0 -9999.0 -9999.0 -9999.0 -9999.0 -9999.0 -9999.0 -9999.0 -9999.0 -9999.0 -9999.0 -9999.0 -9999.0 -9999.0 -9999.0 -9999.0 -9999.0 -9999.0 -9999.0 -9999.0 -9999.0 -9999.0 -9999.0 -9999.0 -9999.0 -9999.0 -9999.0 -9999.0 -9999.0 -9999.0 -9999.0 -9999.0 -9999.0 -9999.0 -9999.0 -9999.0 -9999.0 -9999.0 -9999.0 -9999.0 -9999.0 -9999.0 -9999.0 -9999.0 -9999.0 -9999.0 -9999.0 -9999.0 -9999.0 -9999.0 -9999.0 -9999.0 -9999.0 -9999.0 -9999.0 -9999.0 -9999.0 -9999.0 -9999.0 -9999.0 -9999.0 -9999.0 -9999.0 -9999.0 -9999.0 -9999.0 -9999.0 -9999.0 -9999.0 -9999.0 -9999.0 -9999.0 -9999.0 -9999.0 -9999.0 -9999.0 -9999.0
-9999.0 -9999.0 -9999.0 -9999.0 -9999.0 -9999.0 -9999.0 -9999.0 -9999.0 -9999.0 -9999.0 -9999.0 -9999.0 -9999.0 -9999.0 -9999.0 -9999.0 -9999.0 -9999.0 -9999.0 -9999.0 -9999.0 -9999.0 -9999.0 -9999.0 -9999.0 -9999.0 -9999.0 -9999.0 -9999.0 -9999.0 -9999.0 -9999.0 -9999.0 -9999.0 -9999.0 -9999.0 -9999.0 -9999.0 -9999.0 -9999.0 -9999.0 -9999.0 -9999.0 -9999.0 -9999.0 -9999.0 -9999.0 -9999.0 -9999.0 -9999.0 -9999.0 -9999.0 -9999.0 -9999.0 -9999.0 -9999.0 -9999.0 -9999.0 -9999.0 -9999.0 -9999.0 -9999.0 -9999.0 -9999.0 -9999.0 -9999.0 -9999.0 -9999.0 -9999.0 -9999.0 -9999.0 -9999.0 -9999.0 -9999.0 -9999.0 -9999.0 -9999.0 -9999.0 -9999.0