Borden_/Borden1m_014/output_maps/psiliqL0024N0020.asc
ncols         80
nrows         18
xllcorner     620200.000000
yllcorner     5168000.000000
cellsize      1.000000
NODATA_value  -9999.0
-9999.0 -9999.0 -9999.0 -9999.0 -9999.0 -9999.0 -9999.0 -9999.0 -9999.0 -9999.0 -9999.0 -9999.0 -9999.0 -9999.0 -9999.0 -9999.0 -9999.0 -9999.0 -9999.0 -9999.0 -9999.0 -9999.0 -9999.0 -9999.0 -9999.0 -9999.0 -9999.0 -9999.0 -9999.0 -9999.0 -9999.0 -9999.0 -9999.0 -9999.0 -9999.0 -9999.0 -9999.0 -9999.0 -9999.0 -9999.0 -9999.0 -9999.0 -9999.0 -9999.0 -9999.0 -9999.0 -9999.0 -9999.0 -9999.0 -9999.0 -9999.0 -9999.0 -9999.0 -9999.0 -9999.0 -9999.0 -9999.0 -9999.0 -9999.0 -9999.0 -9999.0 -9999.0 -9999.0 -9999.0 -9999.0 -9999.0 -9999.0 -9999.0 -9999.0 -9999.0 -9999.0 -9999.0 -9999.0 -9999.0 -9999.0 -9999.0 -9999.0 -9999.0 -9999.0 -9999.0
-9999.0 -9999.0 -9999.0 -9999.0 -9999.0 -9999.0 -9999.0 -9999.0 -9999.0 -9999.0 -9999.0 -9999.0 -9999.0 -9999.0 -9999.0 -9999.0 -9999.0 -9999.0 -9999.0 -9999.0 -9999.0 -9999.0 -9999.0 -9999.0 -9999.0 -9999.0 -9999.0 -9999.0 -9999.0 -9999.0 -9999.0 -9999.0 -9999.0 -9999.0 -9999.0 -9999.0 -9999.0 -9999.0 -9999.0 -9999.0 -9999.0 -9999.0 -9999.0 -9999.0 -9999.0 -9999.0 -9999.0 -9999.0 -9999.0 -9999.0 -9999.0 -9999.0 -9999.0 -9999.0 -9999.0 -9999.0 -9999.0 -9999.0 -9999.0 -9999.0 -9999.0 -9999.0 -9999.0 -9999.0 -9999.0 -9999.0 -9999.0 -9999.0 -9999.0 -9999.0 -9999.0 -9999.0 -9999.0 -9999.0 -9999.0 -9999.0 -9999.0 -9999.0 -9999.0 -9999.0
-9999.0 -9999.0 -9999.0 -9999.0 -9999.0 -9999.0 -9999.0 -9999.0 -9999.0 -9999.0 -9999.0 -9999.0 -9999.0 -9999.0 -9999.0 -9999.0 -9999.0 -9999.0 -9999.0 -9999.0 2930.103904 2931.390040 2909.757404 2875.857976 2847.807954 2849.804527 2883.018907 2923.670367 2962.338298 2970.111929 2951.294833 2955.015186 2950.708104 2946.721623 2947.418294 2955.164256 2961.708730 2971.464539 2978.557647 2976.462475 2969.235767 2964.137120 2966.258738 2968.019534 2974.130541 2960.291275 2975.944265 2981.223360 2986.132666 2983.415111 2969.104931 2956.496123 2948.162386 2932.431184 2958.496660 2970.046725 2987.124579 2991.933721 2990.349344 2968.608690 2938.627645 -9999.0 -9999.0 -9999.0 -9999.0 -9999.0 -9999.0 -9999.0 -9999.0 -9999.0 -9999.0 -9999.0 -9999.0 -9999.0 -9999.0 -9999.0 -9999.0 -9999.0 -9999.0 -9999.0
-9999.0 -9999.0 -9999.0 -9999.0 -9999.0 -9999.0 -9999.0 -9999.0 -9999.0 -9999.0 -9999.0 -9999.0 -9999.0 -9999.0 2839.516472 2830.671593 2827.853274 2835.334935 2867.958249 2898.157983 2909.827897 2902.390895 2902.249294 2877.738170 2855.294937 2868.116989 2897.440807 2927.596571 2960.796117 2978.338934 2967.244854 2964.778244 2972.172810 2981.986225 2990.209935 2986.550477 2980.449259 2992.364771 3005.510618 3010.145406 3008.060735 2998.209260 3007.325502 3021.388417 3014.361160 2999.048824 3009.411728 3024.123482 3035.398043 3027.022541 2979.848923 2966.769727 2963.402117 2959.030641 2945.951145 2941.996809 2969.915066 2969.321210 2961.961355 2944.871276 2911.860225 2866.966540 2848.263292 2888.667124 2932.432663 2985.194963 -9999.0 -9999.0 -9999.0 -9999.0 -9999.0 -9999.0 -9999.0 -9999.0 -9999.0 -9999.0 -9999.0 -9999.0 -9999.0 -9999.0
-9999.0 -9999.0 -9999.0 -9999.0 -9999.0 -9999.0 -9999.0 -9999.0 -9999.0 2798.104515 2787.806886 2794.660953 2796.907071 2812.047409 2808.855298 2815.717834 2820.102663 2847.161674 2876.690958 2910.215065 2937.038413 2927.933431 2926.500188 2931.139001 2926.826356 2935.175780 2955.491160 2981.836783 3013.192378 3048.311068 3014.926807 3009.944078 3027.197164 3068.649259 3092.562426 3094.874326 3076.288298 3091.553924 3114.851724 3130.915442 3127.404967 3121.593869 3147.005374 3161.823680 3156.729487 3135.737620 3133.401379 3140.288420 3169.261337 3119.259672 3054.419401 3015.422309 3030.548616 3009.261526 2982.760369 2981.421345 2981.744997 2993.489015 2982.056646 2955.801015 2922.660820 2911.274594 2894.540742 2915.125153 2938.404834 2980.578024 3020.700068 3050.776244 3050.690493 3033.718094 -9999.0 -9999.0 -9999.0 -9999.0 -9999.0 -9999.0 -9999.0 -9999.0 -9999.0 -9999.0
-9999.0 -9999.0 -9999.0 -9999.0 -9999.0 -9999.0 2717.139703 2728.765941 2751.090509 2755.329805 2783.496578 2790.528350 2787.600703 2804.749910 2826.216439 2839.308638 2864.738726 2894.726032 2930.798272 2968.782792 2987.504006 2985.921250 2981.015887 3000.828895 3028.228964 3047.627270 3069.645599 3106.495497 3176.355287 3212.258556 3206.123229 3206.997442 3215.099066 3264.806895 3328.362592 3339.658568 3319.124725 3305.839799 3328.700664 3365.487622 3364.212887 3363.063935 3375.341804 3385.834683 3412.517649 3402.167798 3366.527308 3360.363706 3366.128831 3344.766747 3277.709432 3220.622513 3200.933255 3156.772528 3075.067633 3031.794970 3053.870673 3081.106511 3059.407622 3010.635845 2987.681674 2981.731879 2970.234939 2962.588830 2974.381035 2991.420884 3015.877744 3030.046245 3018.639105 2998.321802 2979.440444 2951.181165 2953.625121 2978.563508 -9999.0 -9999.0 -9999.0 -9999.0 -9999.0 -9999.0
-9999.0 -9999.0 -9999.0 -9999.0 2665.298416 2679.586160 2666.961450 2695.088796 2729.528877 2765.548794 2795.446396 2803.005063 2826.034254 2852.829882 2886.306123 2909.619185 2942.583659 2972.460418 3009.185317 3069.937974 3113.896413 3127.729080 3135.956626 3185.108253 3240.942280 3287.916253 3306.262848 3331.572133 3375.813715 3431.760960 3454.087940 3457.121534 3473.961659 3515.915977 3570.700126 3605.360458 3587.954023 3579.181234 3588.621057 3602.355765 3624.480850 3624.570130 3625.668693 3629.496020 3636.729161 3635.250365 3609.312898 3576.201662 3563.391096 3553.604443 3517.117540 3446.084687 3415.357480 3387.254220 3347.070718 3294.066580 3245.266873 3245.014256 3191.403702 3139.024187 3088.765430 3079.998987 3059.452188 3043.377574 3025.564944 3037.345835 3049.016131 3034.102613 3004.682482 2979.330033 2966.038951 2948.180659 2936.817553 2967.694543 2984.018427 3013.772485 -9999.0 -9999.0 -9999.0 -9999.0
-9999.0 -9999.0 2603.150467 2650.229490 2709.220837 2718.017446 2715.223676 2721.610807 2751.640371 2804.606335 2839.616631 2877.183772 2907.290946 2937.426642 2978.151207 3040.727857 3100.536615 3142.311650 3197.515345 3265.609418 3324.063639 3350.860257 3359.895581 3394.706243 3448.431989 3515.863801 3543.271172 3569.232740 3600.248146 3635.762393 3630.260619 3641.348592 3653.196453 3664.577389 3678.266355 3684.710894 3680.079305 3675.529684 3657.108198 3652.156999 3658.686837 3666.257635 3665.594454 3651.103016 3647.144255 3661.950490 3667.872525 3665.999711 3663.546532 3668.732084 3665.350601 3618.452078 3598.285389 3583.472586 3572.495258 3527.014550 3461.239394 3428.416792 3407.772872 3367.906906 3295.256071 3257.082997 3217.637748 3182.703132 3146.155114 3132.017360 3099.122292 3066.923122 3028.252290 2987.680301 2972.752139 2957.736238 2956.893437 2957.138577 2974.515588 2988.767525 3004.763480 3012.863610 -9999.0 -9999.0
-9999.0 2493.596710 2565.397915 2689.300041 2769.567040 2793.874468 2805.302282 2810.713055 2835.799099 2866.678505 2954.401711 2998.192010 3080.038023 3115.645395 3156.020729 3243.716931 3336.056809 3378.147914 3415.809466 3477.442314 3541.529977 3587.831630 3613.760886 3596.992305 3635.209388 3662.109864 3669.300002 3675.633277 3674.957894 3666.514412 3659.740894 3666.515063 3663.686437 3644.778727 3628.962690 3627.310861 3623.969746 3600.892963 3573.567335 3558.382857 3560.051679 3584.700904 3571.804927 3550.550044 3546.181964 3567.656545 3588.554865 3578.025878 3564.978186 3581.456752 3615.697262 3639.824680 3642.177374 3660.369344 3681.404423 3652.902923 3630.659141 3587.581447 3570.949171 3545.759843 3489.712513 3435.061492 3387.440851 3339.211259 3286.888347 3237.516886 3190.077135 3144.083167 3090.744722 3058.028692 3033.663925 2990.590382 2980.999387 2983.707788 2980.509978 2978.686096 2984.078854 2990.712927 -9999.0 -9999.0
-9999.0 2399.718818 2539.678860 2719.928622 2851.398752 2893.596020 2960.077770 3010.059499 3023.696858 2982.444661 3070.365709 3282.798430 3398.977858 3414.873410 3488.304361 3580.670380 3567.922256 3598.456724 3620.837508 3643.722075 3662.176065 3675.463551 3673.475527 3668.013980 3651.727894 3643.769950 3642.944441 3640.906309 3623.745042 3605.002498 3588.360307 3585.436235 3567.940386 3519.830264 3487.131508 3470.242864 3452.399295 3438.656030 3411.099555 3385.475314 3369.782762 3380.989885 3378.427348 3364.605114 3360.173138 3378.479661 3409.256156 3406.563777 3417.204909 3436.557118 3471.867019 3509.308554 3528.367723 3557.093942 3592.357467 3639.259177 3648.825005 3671.037326 3674.236155 3662.619625 3616.940311 3566.106921 3537.036563 3482.323566 3422.941026 3361.557566 3313.224217 3268.849149 3214.203299 3180.061916 3141.538140 3088.204392 3044.571445 3035.617744 3002.078717 2988.510871 -9999.0 -9999.0 -9999.0 -9999.0
-9999.0 2301.061961 2482.093038 2725.139901 2999.057476 3073.317465 3270.547115 3382.924016 3421.673181 3487.148576 3381.720600 3576.144839 3625.060245 3619.058819 3631.178730 3633.776261 3647.617437 3647.197391 3642.138639 3631.283983 3621.918000 3617.517790 3616.387873 3608.517608 3595.992072 3581.488400 3569.740021 3558.570944 3522.499481 3491.054969 3453.042038 3440.918582 3398.133320 3307.630710 3269.114171 3231.817534 3172.745421 3174.660472 3180.586259 3158.224327 3139.124428 3112.453061 3140.763807 3150.346105 3154.091601 3150.558788 3160.914274 3186.466283 3232.770424 3266.406136 3304.971769 3352.230753 3381.917087 3420.638986 3460.451240 3512.256606 3542.820121 3571.377960 3619.316648 3656.092914 3678.611202 3665.157205 3645.735533 3602.152511 3542.455077 3493.475991 3465.091728 3415.430236 3372.409412 3328.952901 3282.790489 3230.328312 3169.890967 3114.838104 3080.695923 -9999.0 -9999.0 -9999.0 -9999.0 -9999.0
-9999.0 2084.791600 2349.394985 2619.617132 2885.355557 3216.720185 3377.639261 3473.333650 3535.017876 3513.587747 3532.824888 3540.197952 3576.771746 3583.380691 3561.882711 3548.601149 3531.772416 3530.684188 3543.677214 3516.733188 3487.002325 3473.946028 3474.787254 3464.085598 3440.607863 3425.735042 3416.431494 3398.411800 3355.811802 3306.636035 3224.288946 3191.881166 3116.699129 3076.669376 3040.193085 2994.093612 2960.655884 2965.476618 2979.082443 2979.862180 2959.350044 2942.370428 2971.302682 2981.389603 2994.206312 2978.579146 2985.215948 3019.086321 3065.010528 3104.735481 3148.122062 3194.069987 3235.004977 3274.101966 3295.590350 3335.398403 3376.784096 3417.806255 3487.056958 3563.947138 3598.879260 3632.859580 3662.425041 3684.006107 3641.577515 3614.703629 3591.481130 3568.644039 3523.139439 3478.180217 3437.680991 3374.187791 3314.771291 -9999.0 -9999.0 -9999.0 -9999.0 -9999.0 -9999.0 -9999.0
-9999.0 1970.462892 2167.735636 2365.300075 2621.941782 2832.746064 3041.117830 3131.407748 3199.643786 3263.498273 3313.321745 3349.369456 3374.962956 3396.052283 3373.345257 3328.632401 3297.051406 3301.848323 3293.789943 3272.601014 3245.058537 3232.217077 3230.008895 3225.273229 3204.088210 3193.763102 3187.062321 3170.733100 3145.211120 3093.435783 3022.457761 2961.900936 2908.311865 2887.489008 2864.267499 2836.976864 2809.654227 2822.730316 2835.327308 2835.414088 2828.651119 2828.594987 2857.631594 2876.891034 2886.416975 2875.439214 2893.677365 2917.153755 2954.478359 2985.120752 3029.166209 3078.539595 3126.310492 3146.553429 3149.324377 3161.732535 3188.002616 3231.082430 3306.918974 3391.896803 3467.559141 3512.160194 3562.254584 3601.473807 3628.748089 3655.127676 3676.332473 3668.484800 3643.302392 3610.434082 3552.782991 -9999.0 -9999.0 -9999.0 -9999.0 -9999.0 -9999.0 -9999.0 -9999.0 -9999.0
-9999.0 -9999.0 1941.011301 2097.376215 2201.045606 2366.686922 2512.018289 2622.413978 2726.172084 2823.005362 2941.869730 3021.154727 3066.120585 3081.155586 3067.073750 3038.024015 3020.286152 3019.991310 3008.678778 3001.952439 2987.155042 2981.968906 2983.069303 2975.721694 2970.992394 2969.959461 2967.703092 2959.894166 2943.081315 2901.626875 2863.681263 2819.545262 2810.175836 2786.305039 2765.953446 2746.831401 2748.850829 2742.868116 2747.290349 2749.420087 2758.288400 2772.070620 2791.546867 2790.839736 2800.309593 2810.213687 2821.187185 2842.910471 2872.900608 2912.771411 2964.013128 3011.342815 3046.546021 3053.174043 3035.483764 3030.893156 3039.544000 3068.853969 3132.665693 3200.014017 3288.125390 3352.538536 3418.727917 3473.853495 3499.996723 3536.357204 3605.332294 3653.266665 3694.190506 3671.874973 -9999.0 -9999.0 -9999.0 -9999.0 -9999.0 -9999.0 -9999.0 -9999.0 -9999.0 -9999.0
-9999.0 -9999.0 -9999.0 -9999.0 1958.343172 2106.798607 2204.760325 2285.634180 2419.977713 2550.501595 2658.144703 2746.297504 2815.904989 2797.670023 2797.643377 2812.785179 2811.376950 2802.654080 2791.935177 2795.932966 2799.990101 2794.126271 2830.255903 2822.817431 2824.872402 2830.856412 2827.612144 2813.564106 2794.542919 2778.018905 2762.938085 2730.962903 2698.133227 2669.813114 2657.122987 2653.142065 2652.686605 2644.426934 2652.370860 2660.778846 2676.426725 2691.479153 2714.979767 2744.248742 2759.217092 2774.608670 2784.315922 2804.205743 2810.937586 2862.124445 2923.718672 2979.831377 3007.578009 3007.724427 2986.803879 2966.018730 2954.942659 2973.867695 2992.656450 3043.954543 3132.829073 3192.915140 3238.659334 3277.786899 3313.948289 3377.778366 3470.494561 3550.782171 -9999.0 -9999.0 -9999.0 -9999.0 -9999.0 -9999.0 -9999.0 -9999.0 -9999.0 -9999.0 -9999.0 -9999.0
-9999.0 -9999.0 -9999.0 -9999.0 -9999.0 -9999.0 1933.189124 2038.879685 2108.669123 2260.689043 2405.219798 2513.615137 2598.237546 2634.868630 2669.607509 2701.077040 2702.450005 2683.191343 2662.141215 2683.680622 2702.052247 2695.397472 2663.395533 2663.868002 2669.644210 2676.571443 2673.224905 2666.585048 2641.472229 2657.077004 2660.668882 2637.833239 2612.432422 2599.485599 2587.866917 2597.503280 2597.331169 2582.704601 2581.553783 2609.060070 2629.900164 2642.739575 2663.877207 2697.202293 2730.040650 2746.243544 2747.980801 2753.798659 2791.726040 2839.050395 2909.614485 2964.282420 2989.954351 2994.443688 2970.393805 2926.331807 2901.128838 2901.315847 2927.068727 2968.203666 3016.538317 3052.812605 3064.701149 3066.731487 3079.479703 3175.475883 -9999.0 -9999.0 -9999.0 -9999.0 -9999.0 -9999.0 -9999.0 -9999.0 -9999.0 -9999.0 -9999.0 -9999.0 -9999.0 -9999.0
-9999.0 -9999.0 -9999.0 -9999.0 -9999.0 -9999.0 -9999.0 -9999.0 -9999.0 -9999.0 -9999.0 -9999.0 -9999.0 -9999.0 -9999.0 -9999.0 -9999.0 -9999.0 -9999.0 -9999.0 -9999.0 -9999.0 -9999.0 -9999.0 -9999.0 -9999.0 -9999.0 -9999.0 -9999.0 -9999.0 -9999.0 -9999.0 -9999.0 -9999.0 -9999.0 -9999.0 -9999.0 -9999.0 -9999.0 -9999.0 -9999.0 -9999.0 -9999.0 -9999.0 -9999.0 -9999.0 -9999.0 -9999.0 -9999.0 -9999.0 -9999.0 -9999.0 -9999.0 -9999.0 -9999.0 -9999.0 -9999.0 -9999.0 -9999.0 -9999.0 -9999.0 -9999.0 -9999.0 -9999.0 -9999.0 -9999.0 -9999.0 -9999.0 -9999.0 -9999.0 -9999.0 -9999.0 -9999.0 -9999.0 -9999.0 -9999.0 -9999.0 -9999.0 -9999.0 -9999.0
-9999.0 -9999.0 -9999.0 -9999.0 -9999.0 -9999.0 -9999.0 -9999.0 -9999.0 -9999.0 -9999.0 -9999.0 -9999.0 -9999.0 -9999.0 -9999.0 -9999.0 -9999.0 -9999.0 -9999.0 -9999.0 -9999.0 -9999.0 -9999.0 -9999.0 -9999.0 -9999.0 -9999.0 -9999.0 -9999.0 -9999.0 -9999.0 -9999.0 -9999.0 -9999.0 -9999.0 -9999.0 -9999.0 -9999.0 -9999.0 -9999.0 -9999.0 -9999.0 -9999.0 -9999.0 -9999.0 -9999.0 -9999.0 -9999.0 -9999.0 -9999.0 -9999.0 -9999.0 -9999.0 -9999.0 -9999.0 -9999.0 -9999.0 -9999.0 -9999.0 -9999.0 -9999.0 -9999.0 -9999.0 -9999.0 -9999.0 -9999.0 -9999.0 -9999.0 -9999.0 -9999.0 -9999.0 -9999.0 -9999.0 -9999.0 -9999.0 -9999.0 -9999.0 -9999.0 -9999.0