Borden_/Borden1m_014/output_maps/psiliqL0010N0008.asc
ncols         80
nrows         18
xllcorner     620200.000000
yllcorner     5168000.000000
cellsize      1.000000
NODATA_value  -9999.0
-9999.0 -9999.0 -9999.0 -9999.0 -9999.0 -9999.0 -9999.0 -9999.0 -9999.0 -9999.0 -9999.0 -9999.0 -9999.0 -9999.0 -9999.0 -9999.0 -9999.0 -9999.0 -9999.0 -9999.0 -9999.0 -9999.0 -9999.0 -9999.0 -9999.0 -9999.0 -9999.0 -9999.0 -9999.0 -9999.0 -9999.0 -9999.0 -9999.0 -9999.0 -9999.0 -9999.0 -9999.0 -9999.0 -9999.0 -9999.0 -9999.0 -9999.0 -9999.0 -9999.0 -9999.0 -9999.0 -9999.0 -9999.0 -9999.0 -9999.0 -9999.0 -9999.0 -9999.0 -9999.0 -9999.0 -9999.0 -9999.0 -9999.0 -9999.0 -9999.0 -9999.0 -9999.0 -9999.0 -9999.0 -9999.0 -9999.0 -9999.0 -9999.0 -9999.0 -9999.0 -9999.0 -9999.0 -9999.0 -9999.0 -9999.0 -9999.0 -9999.0 -9999.0 -9999.0 -9999.0
-9999.0 -9999.0 -9999.0 -9999.0 -9999.0 -9999.0 -9999.0 -9999.0 -9999.0 -9999.0 -9999.0 -9999.0 -9999.0 -9999.0 -9999.0 -9999.0 -9999.0 -9999.0 -9999.0 -9999.0 -9999.0 -9999.0 -9999.0 -9999.0 -9999.0 -9999.0 -9999.0 -9999.0 -9999.0 -9999.0 -9999.0 -9999.0 -9999.0 -9999.0 -9999.0 -9999.0 -9999.0 -9999.0 -9999.0 -9999.0 -9999.0 -9999.0 -9999.0 -9999.0 -9999.0 -9999.0 -9999.0 -9999.0 -9999.0 -9999.0 -9999.0 -9999.0 -9999.0 -9999.0 -9999.0 -9999.0 -9999.0 -9999.0 -9999.0 -9999.0 -9999.0 -9999.0 -9999.0 -9999.0 -9999.0 -9999.0 -9999.0 -9999.0 -9999.0 -9999.0 -9999.0 -9999.0 -9999.0 -9999.0 -9999.0 -9999.0 -9999.0 -9999.0 -9999.0 -9999.0
-9999.0 -9999.0 -9999.0 -9999.0 -9999.0 -9999.0 -9999.0 -9999.0 -9999.0 -9999.0 -9999.0 -9999.0 -9999.0 -9999.0 -9999.0 -9999.0 -9999.0 -9999.0 -9999.0 -9999.0 132.234611 135.111580 112.555101 78.590449 50.344645 52.454834 87.552342 129.047173 167.342104 177.777970 159.932741 161.973008 157.554086 157.873239 161.808455 169.062819 173.010553 185.029465 193.961679 193.945826 187.943212 182.490328 181.783964 185.150165 190.267631 180.734110 194.397802 209.471381 214.844840 208.686403 180.196165 163.450282 154.399065 139.156578 163.349135 175.304850 197.859390 201.820376 200.198358 172.973276 142.720428 -9999.0 -9999.0 -9999.0 -9999.0 -9999.0 -9999.0 -9999.0 -9999.0 -9999.0 -9999.0 -9999.0 -9999.0 -9999.0 -9999.0 -9999.0 -9999.0 -9999.0 -9999.0 -9999.0
-9999.0 -9999.0 -9999.0 -9999.0 -9999.0 -9999.0 -9999.0 -9999.0 -9999.0 -9999.0 -9999.0 -9999.0 -9999.0 -9999.0 41.617780 31.614293 28.634151 37.091008 70.834252 101.014530 113.641337 106.177424 106.181671 82.569384 62.281910 76.618234 106.623092 138.717731 173.340707 193.784893 181.639150 179.435737 190.614028 219.359671 236.487294 235.981369 216.549297 240.281462 256.986844 266.337068 265.468644 256.846246 270.732501 286.712398 279.898614 262.688180 267.070711 278.729143 291.401999 274.718679 207.178253 184.606593 180.163592 173.085663 159.100144 151.954364 176.294162 176.545948 168.037229 149.848561 117.156343 72.752302 54.582822 93.125487 137.448178 195.216664 -9999.0 -9999.0 -9999.0 -9999.0 -9999.0 -9999.0 -9999.0 -9999.0 -9999.0 -9999.0 -9999.0 -9999.0 -9999.0 -9999.0
-9999.0 -9999.0 -9999.0 -9999.0 -9999.0 -9999.0 -9999.0 -9999.0 -9999.0 -15.171773 -11.317986 -4.252868 -2.419035 13.077932 11.094462 18.013893 25.605404 51.949253 83.131463 118.584693 147.935516 138.593129 139.108986 150.696661 156.821458 170.473364 193.353356 235.846738 277.891679 319.096908 290.541578 288.983357 310.736536 366.752225 417.304038 433.269970 418.067545 424.948287 451.438496 474.671916 473.119315 470.533836 494.083578 506.802346 510.366042 492.373364 478.908217 478.460567 501.451377 443.847289 364.890749 304.359884 304.155916 272.542667 231.441868 207.564042 202.138723 222.340846 206.572317 168.673952 131.517605 121.003417 103.834320 120.274823 142.794550 189.585168 228.145456 256.778051 256.915024 239.630837 -9999.0 -9999.0 -9999.0 -9999.0 -9999.0 -9999.0 -9999.0 -9999.0 -9999.0 -9999.0
-9999.0 -9999.0 -9999.0 -9999.0 -9999.0 -9999.0 -93.837323 -84.897931 -65.079936 -59.822506 -35.270851 -27.910311 -7.555176 11.583005 32.309819 49.153296 79.990415 112.953721 154.930747 200.122373 234.832709 231.942767 242.732498 275.965408 319.710977 355.846181 388.266062 437.110899 515.448991 555.917908 565.290584 571.011187 586.495429 658.478950 782.086912 820.381059 810.849118 800.555646 816.654587 844.486039 846.779621 845.454821 851.294315 857.336963 879.884686 875.096394 845.462234 834.950046 827.983979 796.185351 682.861958 592.200500 549.689127 501.468479 418.771535 353.047486 342.308159 354.008549 321.857418 266.335389 221.653914 209.090555 193.189709 178.530034 183.768999 202.939744 225.942107 237.354556 224.906399 204.307484 181.403727 152.673572 154.413720 179.787633 -9999.0 -9999.0 -9999.0 -9999.0 -9999.0 -9999.0
-9999.0 -9999.0 -9999.0 -9999.0 -143.512389 -131.174540 -143.169761 -119.346605 -87.280069 -53.860180 -21.667416 15.515638 42.552822 72.359999 113.959952 151.932650 196.799716 233.284774 290.384810 365.380097 430.691707 463.178388 479.397338 538.041507 604.580597 675.729019 727.057534 791.279075 835.209742 883.016166 902.008190 905.863709 922.073640 957.880395 1013.582865 1050.530130 1041.626100 1039.257680 1043.767536 1050.375140 1068.630015 1067.663902 1068.135281 1068.763245 1071.336840 1073.194344 1057.825091 1032.864035 1021.238573 1006.636134 968.180756 903.429492 870.808166 849.839894 822.555533 754.218662 623.412961 588.205765 528.855655 468.555249 391.517655 359.699671 324.220514 295.189298 263.203796 263.255242 265.780898 245.756302 214.802913 182.860192 167.897249 149.208406 138.840234 168.802964 186.534450 217.406814 -9999.0 -9999.0 -9999.0 -9999.0
-9999.0 -9999.0 -201.479367 -152.132965 -96.274322 -87.945984 -86.502668 -81.397360 -54.044552 -2.848515 75.378974 129.148632 174.194844 206.186423 267.048480 354.816744 438.845853 491.615513 554.316292 642.497945 764.035165 815.843227 831.603201 859.789621 902.512909 956.192932 986.210114 1018.321368 1043.634959 1065.861947 1078.843242 1091.508024 1097.599220 1098.436546 1104.524048 1107.775942 1108.561989 1108.261969 1094.064646 1092.172179 1098.319904 1101.110220 1103.839169 1091.993953 1088.369099 1100.920585 1104.673812 1106.188718 1106.873627 1110.985421 1112.463950 1078.801801 1042.381703 1033.507602 1027.174665 984.013111 915.996316 877.752761 860.071967 810.865900 685.110578 605.888558 543.521134 481.330605 420.971197 385.130778 336.197025 294.143229 248.477331 202.901585 179.300544 160.846431 158.496105 158.979941 175.190693 190.899735 206.446280 214.335470 -9999.0 -9999.0
-9999.0 -301.348562 -228.945755 -102.028821 -23.140625 21.529029 59.627548 87.979514 114.414717 134.065735 244.268003 355.039478 447.551263 480.214592 533.284937 649.281881 786.507406 840.745042 874.379747 924.910006 989.284206 1032.840608 1054.127177 1070.477623 1097.173081 1102.219148 1104.693341 1108.790306 1103.388989 1094.175562 1083.361797 1089.245244 1086.090487 1069.013611 1056.447279 1056.689650 1056.664079 1042.247122 1024.257993 1016.205806 1020.453359 1039.820404 1030.977003 1014.798904 1011.597936 1027.595867 1041.043263 1033.055761 1021.716169 1033.690084 1059.345573 1076.380311 1089.949331 1104.711788 1122.684775 1096.828238 1067.900713 1036.369123 1023.492716 997.966055 939.382623 881.422998 822.753923 721.031500 625.143982 542.796750 468.259486 405.104517 338.742435 296.985529 264.496767 212.163341 188.988223 190.500999 181.510928 179.061407 185.683901 192.169700 -9999.0 -9999.0
-9999.0 -375.399967 -232.413532 -47.147518 100.159638 162.862334 280.684841 371.643402 400.812924 379.344387 495.321320 763.913474 860.211452 870.755031 926.723927 999.057405 1034.046416 1064.723224 1083.902611 1086.738107 1091.641648 1099.230712 1096.213393 1089.502529 1077.692635 1073.487569 1075.674210 1076.342394 1063.108004 1045.337526 1029.064948 1025.405317 1007.595420 961.024524 924.897596 909.739239 901.517882 890.092618 867.334138 849.766125 840.516845 857.613978 850.733399 836.469489 832.618478 849.862316 875.489556 868.073275 871.174745 888.114384 924.669420 970.047937 992.966454 1016.056522 1042.396575 1075.595437 1091.245977 1112.555700 1117.135866 1095.934799 1060.026989 1019.993276 993.545108 935.093837 867.884893 782.508333 667.577136 590.560160 516.141156 457.129682 401.412258 338.319594 277.946326 251.118057 211.795586 191.432733 -9999.0 -9999.0 -9999.0 -9999.0
-9999.0 -444.625145 -254.360894 9.322114 274.677517 408.678328 634.696915 799.588695 858.699938 917.144419 928.882192 1048.772648 1076.213156 1066.789179 1053.464943 1051.041801 1059.598834 1060.488877 1056.556269 1049.921803 1046.025332 1045.696406 1046.320517 1042.288533 1035.479276 1026.862976 1019.670591 1011.964196 978.086742 936.321330 899.121558 883.181342 841.090053 713.722508 638.348965 594.824176 540.443396 535.967576 529.722709 503.655750 486.536968 470.633241 489.877755 491.187184 491.809702 496.866445 514.393825 533.147797 574.155746 612.724582 674.642914 782.182871 831.995896 871.343988 911.117425 964.697765 999.789990 1026.249200 1062.393475 1094.751313 1116.455017 1109.144166 1084.656368 1052.404510 1000.462492 949.661615 903.617910 842.439822 774.130754 671.538736 594.964444 519.429236 433.268790 341.105724 298.915851 -9999.0 -9999.0 -9999.0 -9999.0 -9999.0
-9999.0 -605.530751 -338.465273 -43.721707 290.030366 657.800498 781.447520 912.892495 985.016812 950.923673 959.768830 983.338564 1017.187447 1020.869085 1001.760148 988.859774 964.221221 956.216550 964.782046 940.686857 917.022797 908.125224 910.203062 902.764761 886.629389 875.773103 868.108255 850.784691 791.852010 688.457613 583.382408 550.988974 474.415386 402.698493 349.860114 299.196637 248.288747 247.563145 264.590517 249.587835 228.167100 210.000649 235.738679 251.657905 262.606545 252.034627 260.268120 294.372377 342.197873 384.882553 437.554427 502.621771 553.868342 606.753474 651.986555 740.111121 823.690004 873.328002 940.938573 1014.979560 1045.268388 1075.016952 1107.543362 1125.352936 1084.577560 1050.036107 1017.906006 980.648920 918.682718 873.700403 836.991352 753.357474 616.330789 -9999.0 -9999.0 -9999.0 -9999.0 -9999.0 -9999.0 -9999.0
-9999.0 -737.451156 -509.475607 -266.720247 29.992219 271.314494 449.765988 568.752107 688.224271 719.194086 774.970087 811.683816 838.117111 855.478797 832.068490 781.759772 706.237349 692.746141 682.752151 646.017815 609.100264 591.963686 591.018769 584.839468 560.732054 547.024938 537.211357 514.198498 474.220660 407.732541 320.880027 250.403799 188.330889 152.006892 120.463997 86.914242 49.064794 60.063747 74.764119 70.795132 59.085148 55.098281 84.731911 103.266241 113.182539 99.996057 118.219716 144.644716 185.701457 226.849984 274.461515 329.298750 382.294701 412.640978 430.958531 467.765475 519.553643 583.692615 696.163247 834.901235 917.421817 972.814362 1018.974587 1047.475746 1062.237454 1087.597321 1077.284732 1016.656248 923.459297 946.271987 950.949528 -9999.0 -9999.0 -9999.0 -9999.0 -9999.0 -9999.0 -9999.0 -9999.0 -9999.0
-9999.0 -9999.0 -745.327685 -558.746585 -405.313854 -221.927749 -73.135177 32.991273 114.698792 215.415233 317.539872 398.916912 440.495906 455.979854 437.518395 393.834290 357.641317 352.154808 340.035443 324.348102 300.077311 291.165535 282.063235 275.017077 263.427323 257.280019 252.386524 241.164107 217.709464 168.927385 115.720048 63.097533 8.739584 -16.567295 -38.592089 -60.974750 -63.872926 -65.742332 -58.816551 -57.350017 -51.584932 -39.608310 -18.910729 2.478797 11.784366 18.880399 31.064068 54.271254 86.896191 127.590797 179.662130 235.033048 272.713551 284.302180 275.168225 282.399599 306.333637 352.913566 443.702151 543.997975 659.587895 786.426198 869.858675 921.508295 946.883717 980.928698 1009.419472 954.578234 634.308270 877.874811 -9999.0 -9999.0 -9999.0 -9999.0 -9999.0 -9999.0 -9999.0 -9999.0 -9999.0 -9999.0
-9999.0 -9999.0 -9999.0 -9999.0 -701.961894 -546.500693 -453.701964 -372.921190 -251.052158 -140.033197 -45.175267 33.059046 87.644020 111.395902 100.489981 95.299197 85.457365 79.876075 70.286600 65.194388 60.382179 52.876932 41.432636 34.332154 34.333382 38.457043 36.632860 23.673148 7.509685 -18.885615 -42.277543 -77.362755 -114.212152 -143.241647 -156.066135 -162.537422 -162.116029 -167.613472 -158.012066 -151.375064 -136.359548 -120.886018 -96.851231 -68.419843 -55.746848 -41.629071 -32.157033 -11.716194 17.845735 70.067347 131.902857 187.359951 220.482643 223.149625 196.457266 180.027194 176.315063 204.138711 251.474246 323.070775 429.705486 515.602557 586.475373 650.009968 719.208786 822.650389 917.770194 955.730289 -9999.0 -9999.0 -9999.0 -9999.0 -9999.0 -9999.0 -9999.0 -9999.0 -9999.0 -9999.0 -9999.0 -9999.0
-9999.0 -9999.0 -9999.0 -9999.0 -9999.0 -9999.0 -755.925301 -660.885524 -576.107628 -453.663862 -338.962908 -245.241644 -170.245420 -144.577103 -126.055380 -103.404551 -108.157722 -125.834500 -143.024060 -126.112376 -115.714922 -120.550231 -148.207914 -149.202344 -145.180769 -135.675730 -136.722849 -142.572459 -167.137323 -158.208406 -159.033333 -181.797362 -207.518588 -221.518879 -232.831924 -222.654721 -221.688707 -234.170918 -231.864899 -205.589353 -185.757620 -172.330695 -149.930144 -116.828233 -84.882131 -70.636899 -69.864996 -63.966591 -23.068486 46.517856 116.255280 169.138834 199.142654 205.495021 176.116642 134.048598 111.346183 116.812868 150.445177 203.062786 279.454330 330.808064 363.882497 389.575082 425.954920 532.873750 -9999.0 -9999.0 -9999.0 -9999.0 -9999.0 -9999.0 -9999.0 -9999.0 -9999.0 -9999.0 -9999.0 -9999.0 -9999.0 -9999.0
-9999.0 -9999.0 -9999.0 -9999.0 -9999.0 -9999.0 -9999.0 -9999.0 -9999.0 -9999.0 -9999.0 -9999.0 -9999.0 -9999.0 -9999.0 -9999.0 -9999.0 -9999.0 -9999.0 -9999.0 -9999.0 -9999.0 -9999.0 -9999.0 -9999.0 -9999.0 -9999.0 -9999.0 -9999.0 -9999.0 -9999.0 -9999.0 -9999.0 -9999.0 -9999.0 -9999.0 -9999.0 -9999.0 -9999.0 -9999.0 -9999.0 -9999.0 -9999.0 -9999.0 -9999.0 -9999.0 -9999.0 -9999.0 -9999.0 -9999.0 -9999.0 -9999.0 -9999.0 -9999.0 -9999.0 -9999.0 -9999.0 -9999.0 -9999.0 -9999.0 -9999.0 -9999.0 -9999.0 -9999.0 -9999.0 -9999.0 -9999.0 -9999.0 -9999.0 -9999.0 -9999.0 -9999.0 -9999.0 -9999.0 -9999.0 -9999.0 -9999.0 -9999.0 -9999.0 -9999.0
-9999.0 -9999.0 -9999.0 -9999.0 -9999.0 -9999.0 -9999.0 -9999.0 -9999.0 -9999.0 -9999.0 -9999.0 -9999.0 -9999.0 -9999.0 -9999.0 -9999.0 -9999.0 -9999.0 -9999.0 -9999.0 -9999.0 -9999.0 -9999.0 -9999.0 -9999.0 -9999.0 -9999.0 -9999.0 -9999.0 -9999.0 -9999.0 -9999.0 -9999.0 -9999.0 -9999.0 -9999.0 -9999.0 -9999.0 -9999.0 -9999.0 -9999.0 -9999.0 -9999.0 -9999.0 -9999.0 -9999.0 -9999.0 -9999.0 -9999.0 -9999.0 -9999.0 -9999.0 -9999.0 -9999.0 -9999.0 -9999.0 -9999.0 -9999.0 -9999.0 -9999.0 -9999.0 -9999.0 -9999.0 -9999.0 -9999.0 -9999.0 -9999.0 -9999.0 -9999.0 -9999.0 -9999.0 -9999.0 -9999.0 -9999.0 -9999.0 -9999.0 -9999.0 -9999.0 -9999.0