Borden_/Borden1m_014/output_maps/psiliqL0001N0018.asc
ncols         80
nrows         18
xllcorner     620200.000000
yllcorner     5168000.000000
cellsize      1.000000
NODATA_value  -9999.0
-9999.0 -9999.0 -9999.0 -9999.0 -9999.0 -9999.0 -9999.0 -9999.0 -9999.0 -9999.0 -9999.0 -9999.0 -9999.0 -9999.0 -9999.0 -9999.0 -9999.0 -9999.0 -9999.0 -9999.0 -9999.0 -9999.0 -9999.0 -9999.0 -9999.0 -9999.0 -9999.0 -9999.0 -9999.0 -9999.0 -9999.0 -9999.0 -9999.0 -9999.0 -9999.0 -9999.0 -9999.0 -9999.0 -9999.0 -9999.0 -9999.0 -9999.0 -9999.0 -9999.0 -9999.0 -9999.0 -9999.0 -9999.0 -9999.0 -9999.0 -9999.0 -9999.0 -9999.0 -9999.0 -9999.0 -9999.0 -9999.0 -9999.0 -9999.0 -9999.0 -9999.0 -9999.0 -9999.0 -9999.0 -9999.0 -9999.0 -9999.0 -9999.0 -9999.0 -9999.0 -9999.0 -9999.0 -9999.0 -9999.0 -9999.0 -9999.0 -9999.0 -9999.0 -9999.0 -9999.0
-9999.0 -9999.0 -9999.0 -9999.0 -9999.0 -9999.0 -9999.0 -9999.0 -9999.0 -9999.0 -9999.0 -9999.0 -9999.0 -9999.0 -9999.0 -9999.0 -9999.0 -9999.0 -9999.0 -9999.0 -9999.0 -9999.0 -9999.0 -9999.0 -9999.0 -9999.0 -9999.0 -9999.0 -9999.0 -9999.0 -9999.0 -9999.0 -9999.0 -9999.0 -9999.0 -9999.0 -9999.0 -9999.0 -9999.0 -9999.0 -9999.0 -9999.0 -9999.0 -9999.0 -9999.0 -9999.0 -9999.0 -9999.0 -9999.0 -9999.0 -9999.0 -9999.0 -9999.0 -9999.0 -9999.0 -9999.0 -9999.0 -9999.0 -9999.0 -9999.0 -9999.0 -9999.0 -9999.0 -9999.0 -9999.0 -9999.0 -9999.0 -9999.0 -9999.0 -9999.0 -9999.0 -9999.0 -9999.0 -9999.0 -9999.0 -9999.0 -9999.0 -9999.0 -9999.0 -9999.0
-9999.0 -9999.0 -9999.0 -9999.0 -9999.0 -9999.0 -9999.0 -9999.0 -9999.0 -9999.0 -9999.0 -9999.0 -9999.0 -9999.0 -9999.0 -9999.0 -9999.0 -9999.0 -9999.0 -9999.0 -517.465418 -516.458880 -518.226849 -520.148660 -521.859698 -522.164032 -520.309756 -518.330798 -516.010465 -515.675378 -517.828930 -517.176642 -518.085387 -518.695669 -518.840229 -518.248328 -517.937550 -517.225691 -516.824990 -517.145045 -517.765392 -518.153995 -518.633420 -518.582042 -517.800966 -518.820566 -517.395028 -516.111151 -515.733892 -515.549515 -517.080045 -517.610103 -517.765241 -519.504276 -516.388531 -515.689321 -513.665393 -513.577644 -513.022888 -515.279435 -517.502034 -9999.0 -9999.0 -9999.0 -9999.0 -9999.0 -9999.0 -9999.0 -9999.0 -9999.0 -9999.0 -9999.0 -9999.0 -9999.0 -9999.0 -9999.0 -9999.0 -9999.0 -9999.0 -9999.0
-9999.0 -9999.0 -9999.0 -9999.0 -9999.0 -9999.0 -9999.0 -9999.0 -9999.0 -9999.0 -9999.0 -9999.0 -9999.0 -9999.0 -519.902295 -520.995981 -521.531353 -522.034444 -520.369249 -519.208315 -519.440641 -520.576189 -519.483322 -521.527625 -523.389652 -522.285559 -520.945544 -520.105873 -518.415599 -517.034795 -518.484369 -518.846257 -518.163801 -515.497860 -514.481062 -515.137358 -518.583777 -515.400892 -514.057053 -513.186261 -513.307695 -514.883102 -512.856891 -510.481708 -511.802319 -514.326243 -513.723458 -512.393356 -510.062536 -510.860305 -518.625867 -518.969140 -518.365038 -517.956318 -519.000037 -519.846779 -516.752097 -517.369713 -517.753595 -517.906106 -519.302810 -521.953704 -523.231727 -520.260789 -518.019658 -512.973768 -9999.0 -9999.0 -9999.0 -9999.0 -9999.0 -9999.0 -9999.0 -9999.0 -9999.0 -9999.0 -9999.0 -9999.0 -9999.0 -9999.0
-9999.0 -9999.0 -9999.0 -9999.0 -9999.0 -9999.0 -9999.0 -9999.0 -9999.0 -521.163466 -521.554977 -521.298089 -522.149370 -521.265056 -523.087422 -522.756357 -523.206456 -522.080496 -521.405764 -520.003590 -517.825113 -519.692531 -519.966994 -518.765772 -518.776435 -518.556653 -517.920939 -514.617407 -511.068859 -504.613165 -510.589623 -510.802484 -507.651827 -494.884650 -484.366733 -481.619791 -486.806995 -486.895045 -480.226558 -472.238776 -473.043205 -473.961367 -465.194168 -460.239295 -456.377606 -464.375735 -471.578693 -472.806479 -461.531019 -479.696636 -494.935876 -508.775586 -507.800006 -511.763647 -515.969519 -517.312819 -518.093050 -514.566022 -515.679962 -518.438796 -520.664886 -519.426654 -520.880332 -519.483274 -518.858872 -515.137607 -511.941015 -508.667438 -508.506969 -510.672046 -9999.0 -9999.0 -9999.0 -9999.0 -9999.0 -9999.0 -9999.0 -9999.0 -9999.0 -9999.0
-9999.0 -9999.0 -9999.0 -9999.0 -9999.0 -9999.0 -522.526185 -522.757716 -522.245815 -524.553567 -523.241049 -524.432203 -523.528792 -523.287591 -522.826904 -523.080890 -521.700941 -520.669153 -518.792007 -516.226461 -513.740868 -515.591153 -515.033454 -511.278140 -502.089251 -493.733125 -489.131975 -480.871866 -451.779684 -418.490789 -393.210988 -373.552053 -306.535908 -289.254764 -261.912896 -205.567052 -264.762107 -274.583161 -267.608630 -247.955061 -181.608684 -181.311454 -176.657371 -169.838365 -144.037338 -148.346549 -242.347906 -259.053683 -261.622555 -263.630538 -283.974452 -310.166163 -429.720516 -459.946634 -485.307197 -498.437565 -501.234554 -500.377479 -505.511100 -512.155471 -515.859954 -515.476655 -516.060525 -517.643997 -516.868196 -515.491272 -513.197376 -511.664046 -512.746671 -514.077183 -514.825855 -517.366905 -516.881644 -514.374403 -9999.0 -9999.0 -9999.0 -9999.0 -9999.0 -9999.0
-9999.0 -9999.0 -9999.0 -9999.0 -525.582063 -524.646763 -527.631006 -526.083056 -525.014285 -524.325990 -524.702421 -523.393549 -523.319078 -522.541531 -520.637361 -519.455326 -516.894864 -515.232620 -509.368971 -494.403849 -480.589699 -472.444795 -468.733738 -431.449303 -306.575019 -282.002240 -275.952718 -266.664259 -243.514526 -136.321603 -110.872704 -134.796660 -112.791845 -64.044850 -27.960645 7.317457 -9.090912 -44.426696 -13.982197 -7.124606 15.552349 16.013463 16.712147 16.742267 18.829310 20.731659 2.063172 -57.367522 -39.423226 -74.590692 -62.458851 -122.440789 -218.211177 -244.672034 -254.705174 -273.796569 -302.964403 -357.762876 -447.709678 -470.896816 -490.418143 -498.079544 -505.210973 -508.023157 -512.224235 -511.254648 -509.827677 -511.854977 -514.344316 -516.709078 -516.646973 -517.628831 -519.096084 -515.695839 -514.819156 -511.350124 -9999.0 -9999.0 -9999.0 -9999.0
-9999.0 -9999.0 -525.390902 -525.625494 -523.267400 -525.076891 -526.130329 -527.649378 -527.319165 -525.233360 -521.388978 -520.378935 -518.189214 -517.309390 -511.503398 -494.118173 -474.850939 -459.022914 -406.135770 -300.586777 -274.244192 -256.648128 -192.004567 -159.499465 -138.442579 -68.324762 -75.722569 -25.780216 -4.278330 20.991123 46.815321 59.096108 68.373664 59.181231 60.471772 56.380601 56.802654 51.260881 35.862723 33.362624 40.035925 42.551795 45.972629 33.623741 29.723476 42.472586 44.122333 44.684584 46.829215 55.059354 66.422083 37.107296 -14.750932 -25.390568 -26.672091 -65.086638 -121.107547 -204.287369 -232.659465 -255.178205 -286.500081 -309.442852 -432.933767 -465.498316 -485.128086 -494.941025 -503.379636 -508.155027 -512.382953 -516.469291 -517.439793 -517.917949 -517.047681 -517.721158 -515.967680 -514.821695 -512.836606 -512.195722 -9999.0 -9999.0
-9999.0 -525.756707 -527.017084 -522.917834 -522.921589 -522.544212 -521.928023 -521.432671 -520.619342 -522.812537 -512.529289 -491.214325 -469.233579 -461.566680 -421.927176 -295.385373 -191.883821 -161.285419 -160.624818 -94.974748 -79.753549 -11.079558 11.310982 43.910466 68.185954 60.668487 58.396194 58.152741 48.519169 41.503915 30.905455 40.114220 37.458277 23.402456 12.140268 10.878833 8.565635 -16.010657 -38.707372 -50.676521 -77.660718 -24.756654 -34.520557 -54.680174 -58.441248 -38.834580 -24.350964 -62.017976 -44.724742 -44.008378 4.878365 16.567900 32.706363 46.238281 67.088340 44.168252 12.149747 -23.555967 -35.616660 -90.345850 -143.459609 -198.343882 -245.866482 -278.493054 -306.993601 -436.400881 -471.967687 -490.853696 -503.409599 -507.507292 -509.860497 -515.724504 -516.916373 -515.238718 -516.010680 -516.075529 -515.315997 -514.771798 -9999.0 -9999.0
-9999.0 -530.118883 -526.204297 -522.376319 -518.097852 -518.883447 -499.980501 -483.266857 -478.777268 -488.577000 -443.807491 -186.372233 -125.614897 -126.141933 -74.285509 -8.348460 31.383643 52.505967 65.722491 57.500192 49.554844 52.664126 48.066267 38.985330 25.590031 18.040214 17.701033 17.116698 4.700162 -15.434039 -30.811571 -29.770505 -43.794297 -75.596707 -102.590649 -114.506987 -124.290419 -204.966844 -238.338614 -254.713269 -260.533273 -246.543174 -253.923530 -264.245472 -266.364773 -253.933920 -232.281893 -236.851455 -226.417049 -195.508729 -145.754614 -92.929233 -75.348406 -51.152569 -37.614115 16.752002 35.129501 53.592108 61.184187 35.948552 4.691625 -43.157642 -69.912201 -154.752582 -212.596734 -267.377458 -292.781521 -322.455132 -448.261439 -470.154103 -486.875967 -500.666667 -509.356829 -510.603771 -514.797953 -514.851088 -9999.0 -9999.0 -9999.0 -9999.0
-9999.0 -530.126604 -526.384278 -518.772630 -501.018602 -469.634437 -302.337341 -182.307579 -70.819284 -139.106927 -16.738912 52.067782 60.407022 43.028977 16.928890 13.259562 22.433741 24.094137 19.178174 11.401108 5.682922 4.728171 4.644737 -31.178621 -21.490151 -35.410346 -45.893461 -54.008963 -125.854731 -160.029560 -188.855933 -209.973974 -236.426402 -279.489181 -292.924944 -306.882379 -427.259493 -436.228097 -445.379543 -461.022797 -467.479046 -471.949845 -465.835448 -467.535978 -468.228620 -464.717539 -455.219115 -447.787527 -405.561681 -307.120960 -288.804152 -268.950369 -250.838758 -210.550749 -168.116968 -87.152967 -61.528939 -48.391614 5.067946 37.635456 56.475990 50.663557 21.977515 -10.452914 -66.022963 -153.464590 -188.627514 -231.617922 -272.258278 -292.236434 -311.432636 -434.129365 -473.046652 -498.192917 -503.840140 -9999.0 -9999.0 -9999.0 -9999.0 -9999.0
-9999.0 -536.022828 -525.801404 -519.733744 -485.363665 -298.349966 -190.651524 4.125931 51.723541 -15.126113 -132.822572 -59.142654 -25.962126 -26.706266 -49.827585 -57.685633 -65.020265 -66.258176 -54.321265 -77.211044 -110.786134 -142.571620 -149.474143 -171.816386 -203.850915 -224.190155 -235.129661 -246.425845 -271.106121 -289.937565 -347.955648 -416.487321 -463.679833 -484.427165 -494.741443 -504.345679 -513.015566 -512.673832 -509.919897 -512.078611 -514.306257 -516.913267 -513.869344 -512.624518 -511.290620 -513.099361 -512.894325 -509.023278 -502.460320 -494.109290 -480.487802 -461.895504 -435.547317 -309.858410 -293.424851 -273.312217 -251.383272 -209.848342 -125.654504 -41.692003 -17.165288 12.333161 47.768672 66.671262 28.419225 -5.463416 -54.960832 -78.030713 -177.359177 -219.359978 -238.060099 -268.237379 -293.503298 -9999.0 -9999.0 -9999.0 -9999.0 -9999.0 -9999.0 -9999.0
-9999.0 -539.405829 -528.037489 -526.915806 -515.490942 -489.671704 -438.508503 -284.941329 -181.340012 -272.962469 -277.751694 -268.180556 -254.122842 -242.558196 -255.851450 -270.292884 -279.770788 -277.299478 -275.128307 -284.230019 -293.528583 -298.451266 -300.568945 -327.328615 -407.555612 -429.324064 -438.237689 -452.053748 -467.514721 -483.470751 -503.918231 -511.922009 -517.236066 -518.693133 -519.817144 -521.108178 -524.223380 -522.290680 -520.934829 -521.256764 -522.244938 -523.084323 -520.750989 -520.115516 -519.417869 -521.756288 -520.311636 -519.317802 -516.760781 -514.275936 -510.558741 -504.709382 -496.462201 -489.676763 -482.807777 -472.025422 -454.238103 -369.849670 -287.891574 -233.259447 -165.541870 -90.876934 -45.816607 -13.051321 6.174586 16.008591 25.071335 7.847457 -26.266329 -146.637968 -181.951671 -9999.0 -9999.0 -9999.0 -9999.0 -9999.0 -9999.0 -9999.0 -9999.0 -9999.0
-9999.0 -9999.0 -541.707093 -537.136349 -533.172295 -529.575443 -524.488139 -516.676973 -511.992990 -504.765382 -494.069002 -481.258785 -472.436207 -467.971819 -474.054476 -485.587085 -491.708043 -491.034473 -492.637379 -495.802926 -501.802535 -504.503858 -506.203152 -507.528868 -509.816937 -510.660385 -510.935549 -511.542207 -512.994818 -516.660207 -519.722987 -521.679933 -524.138434 -523.681059 -523.957130 -524.866108 -523.890618 -524.113838 -523.873215 -524.052807 -523.840146 -523.430742 -523.021489 -522.392303 -522.473241 -522.310921 -522.167778 -521.554222 -520.636684 -519.495558 -516.930673 -512.917935 -509.871092 -509.225328 -511.130573 -510.573778 -508.218469 -502.302640 -478.211630 -429.656785 -300.601910 -266.189360 -211.049315 -158.105273 -109.979889 -95.331198 -38.825904 5.848185 4.411766 -45.727692 -9999.0 -9999.0 -9999.0 -9999.0 -9999.0 -9999.0 -9999.0 -9999.0 -9999.0 -9999.0
-9999.0 -9999.0 -9999.0 -9999.0 -543.598140 -537.210607 -531.313697 -532.111464 -528.109884 -526.047640 -524.295209 -522.110916 -520.346899 -519.053948 -520.974705 -521.280248 -521.533297 -521.136428 -521.449173 -521.915901 -522.089826 -522.334547 -522.518536 -522.916913 -522.700976 -522.265534 -522.104415 -522.779972 -522.566208 -523.857036 -523.796736 -524.406076 -525.025648 -525.890464 -525.585780 -525.663802 -525.192932 -525.667639 -524.951895 -525.460490 -524.975338 -524.822241 -524.292878 -523.366285 -523.931798 -523.395576 -523.464871 -522.808489 -522.840777 -521.249127 -518.548780 -515.367946 -513.213735 -513.420051 -516.574242 -517.694733 -518.529321 -516.714166 -513.800938 -506.779811 -483.766805 -457.895039 -367.959795 -295.221792 -278.519779 -254.659181 -196.731968 -101.560926 -9999.0 -9999.0 -9999.0 -9999.0 -9999.0 -9999.0 -9999.0 -9999.0 -9999.0 -9999.0 -9999.0 -9999.0
-9999.0 -9999.0 -9999.0 -9999.0 -9999.0 -9999.0 -540.803076 -537.638468 -538.661814 -536.477286 -534.635654 -533.266724 -530.962720 -531.492279 -530.841992 -528.851293 -529.125887 -530.020647 -531.187742 -529.404756 -528.655473 -528.423495 -530.327152 -529.734104 -529.546365 -528.803413 -528.880834 -528.488930 -530.125027 -528.063876 -527.042049 -527.307863 -527.554773 -527.088277 -527.494528 -526.204734 -526.050756 -527.063729 -527.385161 -525.976954 -525.649047 -525.949957 -525.788670 -524.961642 -523.665168 -523.559731 -524.270450 -525.304847 -524.142850 -521.391247 -518.477333 -516.000426 -514.378972 -513.692419 -516.164787 -519.621006 -521.353791 -521.753392 -520.621669 -518.435254 -512.214803 -507.991030 -504.206419 -496.694877 -489.864186 -455.249888 -9999.0 -9999.0 -9999.0 -9999.0 -9999.0 -9999.0 -9999.0 -9999.0 -9999.0 -9999.0 -9999.0 -9999.0 -9999.0 -9999.0
-9999.0 -9999.0 -9999.0 -9999.0 -9999.0 -9999.0 -9999.0 -9999.0 -9999.0 -9999.0 -9999.0 -9999.0 -9999.0 -9999.0 -9999.0 -9999.0 -9999.0 -9999.0 -9999.0 -9999.0 -9999.0 -9999.0 -9999.0 -9999.0 -9999.0 -9999.0 -9999.0 -9999.0 -9999.0 -9999.0 -9999.0 -9999.0 -9999.0 -9999.0 -9999.0 -9999.0 -9999.0 -9999.0 -9999.0 -9999.0 -9999.0 -9999.0 -9999.0 -9999.0 -9999.0 -9999.0 -9999.0 -9999.0 -9999.0 -9999.0 -9999.0 -9999.0 -9999.0 -9999.0 -9999.0 -9999.0 -9999.0 -9999.0 -9999.0 -9999.0 -9999.0 -9999.0 -9999.0 -9999.0 -9999.0 -9999.0 -9999.0 -9999.0 -9999.0 -9999.0 -9999.0 -9999.0 -9999.0 -9999.0 -9999.0 -9999.0 -9999.0 -9999.0 -9999.0 -9999.0
-9999.0 -9999.0 -9999.0 -9999.0 -9999.0 -9999.0 -9999.0 -9999.0 -9999.0 -9999.0 -9999.0 -9999.0 -9999.0 -9999.0 -9999.0 -9999.0 -9999.0 -9999.0 -9999.0 -9999.0 -9999.0 -9999.0 -9999.0 -9999.0 -9999.0 -9999.0 -9999.0 -9999.0 -9999.0 -9999.0 -9999.0 -9999.0 -9999.0 -9999.0 -9999.0 -9999.0 -9999.0 -9999.0 -9999.0 -9999.0 -9999.0 -9999.0 -9999.0 -9999.0 -9999.0 -9999.0 -9999.0 -9999.0 -9999.0 -9999.0 -9999.0 -9999.0 -9999.0 -9999.0 -9999.0 -9999.0 -9999.0 -9999.0 -9999.0 -9999.0 -9999.0 -9999.0 -9999.0 -9999.0 -9999.0 -9999.0 -9999.0 -9999.0 -9999.0 -9999.0 -9999.0 -9999.0 -9999.0 -9999.0 -9999.0 -9999.0 -9999.0 -9999.0 -9999.0 -9999.0