Borden_/Borden1m_014/output_maps/psiliqL0027N0027.asc
ncols         80
nrows         18
xllcorner     620200.000000
yllcorner     5168000.000000
cellsize      1.000000
NODATA_value  -9999.0
-9999.0 -9999.0 -9999.0 -9999.0 -9999.0 -9999.0 -9999.0 -9999.0 -9999.0 -9999.0 -9999.0 -9999.0 -9999.0 -9999.0 -9999.0 -9999.0 -9999.0 -9999.0 -9999.0 -9999.0 -9999.0 -9999.0 -9999.0 -9999.0 -9999.0 -9999.0 -9999.0 -9999.0 -9999.0 -9999.0 -9999.0 -9999.0 -9999.0 -9999.0 -9999.0 -9999.0 -9999.0 -9999.0 -9999.0 -9999.0 -9999.0 -9999.0 -9999.0 -9999.0 -9999.0 -9999.0 -9999.0 -9999.0 -9999.0 -9999.0 -9999.0 -9999.0 -9999.0 -9999.0 -9999.0 -9999.0 -9999.0 -9999.0 -9999.0 -9999.0 -9999.0 -9999.0 -9999.0 -9999.0 -9999.0 -9999.0 -9999.0 -9999.0 -9999.0 -9999.0 -9999.0 -9999.0 -9999.0 -9999.0 -9999.0 -9999.0 -9999.0 -9999.0 -9999.0 -9999.0
-9999.0 -9999.0 -9999.0 -9999.0 -9999.0 -9999.0 -9999.0 -9999.0 -9999.0 -9999.0 -9999.0 -9999.0 -9999.0 -9999.0 -9999.0 -9999.0 -9999.0 -9999.0 -9999.0 -9999.0 -9999.0 -9999.0 -9999.0 -9999.0 -9999.0 -9999.0 -9999.0 -9999.0 -9999.0 -9999.0 -9999.0 -9999.0 -9999.0 -9999.0 -9999.0 -9999.0 -9999.0 -9999.0 -9999.0 -9999.0 -9999.0 -9999.0 -9999.0 -9999.0 -9999.0 -9999.0 -9999.0 -9999.0 -9999.0 -9999.0 -9999.0 -9999.0 -9999.0 -9999.0 -9999.0 -9999.0 -9999.0 -9999.0 -9999.0 -9999.0 -9999.0 -9999.0 -9999.0 -9999.0 -9999.0 -9999.0 -9999.0 -9999.0 -9999.0 -9999.0 -9999.0 -9999.0 -9999.0 -9999.0 -9999.0 -9999.0 -9999.0 -9999.0 -9999.0 -9999.0
-9999.0 -9999.0 -9999.0 -9999.0 -9999.0 -9999.0 -9999.0 -9999.0 -9999.0 -9999.0 -9999.0 -9999.0 -9999.0 -9999.0 -9999.0 -9999.0 -9999.0 -9999.0 -9999.0 -9999.0 3525.152760 3525.925690 3504.185959 3469.889258 3441.425988 3442.985795 3475.490986 3515.765125 3554.287382 3561.157165 3541.696414 3545.344938 3540.665270 3535.631721 3535.410085 3543.025363 3549.693173 3559.115331 3565.800872 3563.211645 3555.654489 3550.580449 3553.309576 3554.749766 3561.091415 3546.326074 3562.530619 3578.943167 3583.678572 3581.261017 3557.962197 3546.522164 3538.854065 3523.529110 3550.529034 3562.435687 3586.218477 3591.141831 3589.394926 3562.967254 3533.099404 -9999.0 -9999.0 -9999.0 -9999.0 -9999.0 -9999.0 -9999.0 -9999.0 -9999.0 -9999.0 -9999.0 -9999.0 -9999.0 -9999.0 -9999.0 -9999.0 -9999.0 -9999.0 -9999.0
-9999.0 -9999.0 -9999.0 -9999.0 -9999.0 -9999.0 -9999.0 -9999.0 -9999.0 -9999.0 -9999.0 -9999.0 -9999.0 -9999.0 3435.335573 3426.506274 3423.375641 3430.268583 3462.325713 3492.310135 3503.789113 3496.083919 3495.593789 3470.438483 3447.021436 3459.085334 3487.990798 3517.870042 3550.666094 3567.306449 3555.979034 3552.998849 3559.320022 3577.932301 3585.169256 3581.248651 3563.677885 3587.880521 3600.675158 3604.515215 3602.263748 3592.194814 3600.423285 3614.184709 3607.076216 3592.054464 3603.648585 3619.036421 3629.753067 3622.322859 3565.095009 3554.103907 3551.443650 3548.116340 3535.625070 3532.454302 3561.541405 3561.568133 3554.918470 3538.236536 3505.287397 3460.289733 3441.794372 3483.074283 3527.175775 3583.803789 -9999.0 -9999.0 -9999.0 -9999.0 -9999.0 -9999.0 -9999.0 -9999.0 -9999.0 -9999.0 -9999.0 -9999.0 -9999.0 -9999.0
-9999.0 -9999.0 -9999.0 -9999.0 -9999.0 -9999.0 -9999.0 -9999.0 -9999.0 3378.263926 3384.115669 3390.757818 3392.916057 3407.649620 3404.016850 3410.524651 3413.794841 3440.575620 3469.393056 3502.223637 3528.539398 3518.833373 3516.906951 3519.678456 3512.653602 3519.503264 3539.240250 3575.129403 3605.112508 3639.460112 3605.157399 3599.695219 3616.739798 3657.113772 3678.795564 3679.931919 3661.081849 3678.624960 3701.850706 3716.722738 3712.851678 3706.415449 3732.518571 3747.921730 3740.884497 3719.073599 3719.066025 3727.447996 3757.217504 3706.678784 3640.914286 3604.207874 3621.641485 3601.750241 3577.470791 3567.836970 3569.412433 3590.434759 3579.543957 3546.475049 3514.034134 3502.775072 3486.604113 3508.638788 3532.603342 3579.577178 3620.007380 3650.278795 3650.021716 3633.023849 -9999.0 -9999.0 -9999.0 -9999.0 -9999.0 -9999.0 -9999.0 -9999.0 -9999.0 -9999.0
-9999.0 -9999.0 -9999.0 -9999.0 -9999.0 -9999.0 3299.930458 3310.306973 3330.775842 3332.858397 3359.025741 3363.628002 3381.714928 3398.149740 3419.360677 3431.172990 3454.974083 3483.901857 3518.708310 3555.055045 3581.513584 3568.706701 3573.217207 3590.941427 3615.805986 3633.145114 3655.182077 3692.534932 3764.428935 3800.273518 3791.150857 3791.445887 3799.478020 3849.971838 3913.913581 3924.288516 3903.558610 3890.702679 3914.852325 3952.670169 3950.080517 3948.803669 3962.451779 3973.524730 4000.414287 3989.106276 3953.254307 3948.788608 3956.491380 3932.794318 3862.731662 3806.198944 3789.066176 3742.345502 3658.876452 3617.614609 3643.675409 3672.977714 3652.482339 3603.848739 3572.787990 3568.441067 3558.384406 3552.782700 3566.489485 3590.389392 3614.967134 3629.499803 3618.108908 3597.633379 3576.357097 3548.519878 3551.465160 3576.561409 -9999.0 -9999.0 -9999.0 -9999.0 -9999.0 -9999.0
-9999.0 -9999.0 -9999.0 -9999.0 3250.849371 3263.374590 3247.852790 3273.615348 3304.885239 3337.751407 3364.132177 3394.521993 3416.517558 3442.105172 3473.696050 3493.607978 3523.920371 3552.298366 3598.205683 3658.145899 3701.315234 3713.328553 3721.087417 3771.449121 3827.289625 3873.760730 3892.360880 3918.382274 3965.059743 4021.707454 4043.702735 4046.150407 4063.093343 4107.440355 4164.938751 4200.407635 4182.555663 4173.313219 4183.966826 4198.756049 4220.911118 4220.958725 4222.093881 4226.508492 4234.542090 4232.526568 4205.374197 4171.691953 4158.644637 4148.275761 4108.919091 4036.083321 4006.566329 3977.122026 3932.807581 3877.992398 3832.614091 3835.580414 3780.801426 3725.635811 3677.060665 3670.768663 3651.770903 3637.007315 3621.050394 3634.596885 3647.588899 3633.251265 3603.720030 3574.901041 3562.383642 3545.205403 3534.097399 3565.580303 3583.664519 3613.165658 -9999.0 -9999.0 -9999.0 -9999.0
-9999.0 -9999.0 3192.547244 3237.073692 3293.510944 3298.624343 3290.359211 3292.015794 3317.213709 3365.168953 3425.322640 3460.116118 3486.756283 3516.065048 3565.217623 3624.901288 3683.367060 3725.352079 3783.419943 3852.910649 3911.906827 3938.297207 3946.707827 3982.521440 4037.799493 4108.206233 4136.714077 4163.575422 4195.997778 4233.271231 4222.921472 4233.253776 4246.161296 4260.105452 4276.166560 4283.882645 4278.798531 4274.147435 4255.456378 4250.081903 4256.527125 4264.941201 4263.649757 4248.813466 4244.830261 4259.995956 4266.501478 4264.235928 4261.071264 4265.716230 4260.220684 4210.567023 4195.245481 4179.661320 4167.335428 4120.599750 4053.149080 4021.351378 3999.261264 3957.572354 3883.883204 3847.566746 3808.901209 3775.118261 3738.650699 3726.914443 3695.636873 3664.266393 3626.199617 3585.977486 3567.406562 3553.677955 3553.680646 3554.564601 3572.622282 3588.465323 3604.526453 3612.646086 -9999.0 -9999.0
-9999.0 3082.310807 3152.708378 3272.780583 3349.280189 3384.149548 3389.239824 3389.351219 3413.406428 3445.690272 3529.791428 3575.139505 3657.440452 3695.179968 3734.919269 3824.663732 3919.825068 3963.702876 4003.335989 4068.379201 4135.242741 4182.866650 4209.468093 4184.931923 4225.417742 4257.225977 4266.034575 4273.559110 4274.109166 4265.542048 4259.275700 4265.856682 4262.765070 4243.313132 4226.980800 4225.128705 4221.664334 4198.109477 4170.394796 4154.648109 4155.770907 4181.033915 4167.689314 4146.196775 4141.733539 4163.577893 4185.394727 4174.545942 4161.316271 4177.978448 4212.922213 4238.504621 4238.677719 4257.486913 4278.667374 4249.181031 4228.567450 4184.046938 4166.904436 4141.298921 4083.788297 4028.925660 3980.604928 3932.319600 3880.362871 3832.295347 3785.072259 3738.197568 3685.557005 3653.184159 3629.431165 3587.512951 3575.695275 3582.788633 3578.330856 3577.072176 3583.856559 3590.499681 -9999.0 -9999.0
-9999.0 2983.790437 3121.593580 3297.037434 3437.848884 3475.528021 3532.023874 3584.750546 3596.932617 3538.897114 3639.744772 3857.412545 3982.535572 4000.842867 4077.515379 4174.234638 4153.489955 4185.352431 4209.090271 4236.918573 4259.250087 4274.261886 4272.720300 4267.755410 4251.099149 4243.055365 4242.130431 4239.963354 4222.363458 4203.226701 4186.287266 4182.945571 4164.651461 4114.186729 4080.602733 4062.713331 4042.903149 4029.745881 4002.797887 3976.599519 3959.651287 3969.329883 3968.160475 3955.072780 3950.666918 3968.512698 3999.436090 3998.007557 4010.583694 4030.352956 4065.856100 4104.486443 4123.866168 4153.211362 4189.048495 4237.773643 4245.972657 4268.559177 4271.303979 4261.671049 4214.517886 4162.528986 4132.947051 4077.236588 4017.659868 3955.952323 3906.894974 3862.223472 3806.964922 3773.375344 3734.650506 3681.361430 3639.561934 3633.347017 3600.538688 3588.185550 -9999.0 -9999.0 -9999.0 -9999.0
-9999.0 2880.012492 3055.690135 3290.404613 3585.085600 3652.147401 3854.147438 3968.134038 4006.176860 4074.269914 3945.583275 4159.629898 4214.985797 4210.647175 4228.768482 4232.353433 4246.920932 4246.134710 4241.045392 4229.926932 4220.196937 4215.515136 4214.502139 4206.561071 4193.871619 4179.179565 4167.179687 4155.572541 4118.560025 4086.315570 4046.301434 4033.593236 3987.865909 3895.557472 3856.958624 3817.742619 3756.036048 3759.125544 3767.838884 3744.201887 3724.437603 3695.313647 3725.804121 3737.370430 3741.858535 3736.558533 3745.565703 3775.041120 3823.625611 3858.158920 3896.943780 3945.019102 3975.672751 4014.896883 4054.490339 4106.947901 4138.409409 4167.435553 4216.890587 4254.029445 4276.876797 4262.462074 4244.435562 4199.078142 4138.606993 4089.146641 4059.910081 4009.077687 3965.469956 3922.116932 3875.760732 3823.133679 3761.751678 3711.029666 3677.676719 -9999.0 -9999.0 -9999.0 -9999.0 -9999.0
-9999.0 2658.559242 2914.048998 3172.650449 3440.783339 3784.702160 3961.937347 4054.526675 4118.414455 4103.762128 4129.393345 4135.117148 4172.468214 4180.092342 4158.755859 4144.580375 4126.501097 4125.411639 4138.515922 4110.955913 4080.418841 4066.918561 4067.858131 4057.176323 4033.139116 4018.289206 4009.062005 3990.382309 3947.321085 3896.825057 3812.231460 3776.829069 3697.448121 3660.602516 3624.999140 3578.396485 3534.676826 3541.098573 3566.661207 3558.329642 3537.937100 3521.268145 3551.014860 3572.260440 3585.647630 3568.964005 3575.407891 3609.664873 3655.852968 3696.028125 3739.469261 3787.115401 3828.976989 3867.714092 3887.911979 3926.597511 3968.725002 4010.364620 4080.717469 4159.769691 4196.172082 4231.106363 4259.621912 4281.690964 4238.594820 4212.637336 4188.685264 4164.949274 4118.462681 4072.922766 4032.362022 3967.273518 3907.731220 -9999.0 -9999.0 -9999.0 -9999.0 -9999.0 -9999.0 -9999.0
-9999.0 2548.016332 2737.993091 2914.142643 3152.563754 3380.183168 3605.834788 3695.873028 3766.499431 3842.352365 3898.726512 3937.334267 3963.118588 3984.897072 3962.386975 3915.746606 3883.227688 3888.322601 3878.889265 3858.236537 3830.803697 3818.144749 3815.436794 3810.929854 3790.103465 3780.308685 3773.898142 3756.240932 3731.646084 3679.160008 3608.824754 3535.757782 3483.215592 3465.594764 3444.295130 3418.630803 3393.544600 3407.520031 3420.361373 3421.073584 3415.377983 3416.216525 3445.255910 3465.283427 3474.691588 3463.987636 3482.026320 3504.629567 3540.868183 3579.640035 3623.770036 3673.312909 3721.228972 3740.506678 3741.539667 3751.744128 3778.444704 3821.067989 3896.974118 3982.994603 4061.499075 4107.314470 4158.341066 4198.681188 4227.262412 4251.329707 4274.360089 4267.905299 4241.556720 4207.965439 4148.717255 -9999.0 -9999.0 -9999.0 -9999.0 -9999.0 -9999.0 -9999.0 -9999.0 -9999.0
-9999.0 -9999.0 2513.228935 2662.276172 2753.533452 2895.596942 3027.536922 3131.469225 3232.332285 3376.775905 3501.161134 3595.967962 3642.847107 3658.524769 3644.961170 3617.400846 3600.877582 3600.445449 3588.580827 3583.016553 3569.679018 3564.939196 3553.075687 3546.051609 3543.181679 3543.618323 3542.186848 3534.923626 3519.440147 3479.391505 3444.778600 3402.086774 3357.577478 3337.371411 3320.686697 3305.250177 3310.902409 3306.449515 3312.436141 3315.983023 3326.394426 3341.060625 3360.388948 3383.212514 3392.851276 3403.200598 3413.693132 3434.812291 3464.089455 3503.685904 3554.466916 3608.767544 3644.072477 3650.155343 3631.162001 3624.983340 3631.754303 3659.239221 3720.803895 3788.954416 3879.006051 3944.739088 4011.680558 4067.937063 4094.831290 4131.223325 4202.078248 4250.152266 4293.391326 4270.945457 -9999.0 -9999.0 -9999.0 -9999.0 -9999.0 -9999.0 -9999.0 -9999.0 -9999.0 -9999.0
-9999.0 -9999.0 -9999.0 -9999.0 2522.788422 2668.652106 2766.093386 2821.734186 2954.579314 3077.221091 3181.215247 3268.412680 3338.308225 3364.305681 3366.486865 3385.338389 3385.159037 3375.551973 3364.613905 3370.746945 3377.005161 3371.408563 3354.698676 3349.436019 3354.873837 3364.527303 3364.319547 3353.267778 3337.052425 3326.191404 3316.438050 3288.343869 3258.609102 3233.387311 3223.485159 3222.513784 3224.025305 3217.024489 3226.127499 3235.986172 3252.470612 3267.803855 3291.328353 3321.186068 3336.038134 3350.561834 3358.694760 3376.512669 3404.578525 3455.577015 3516.797892 3572.935940 3606.536451 3606.381779 3577.093483 3554.585963 3541.057956 3557.333791 3585.213883 3634.527592 3723.089897 3784.864835 3829.194216 3867.162672 3903.432341 3969.155338 4064.771809 4146.596931 -9999.0 -9999.0 -9999.0 -9999.0 -9999.0 -9999.0 -9999.0 -9999.0 -9999.0 -9999.0 -9999.0 -9999.0
-9999.0 -9999.0 -9999.0 -9999.0 -9999.0 -9999.0 2502.479005 2609.303120 2674.702149 2804.347709 2951.649843 3051.175402 3134.632798 3171.354182 3205.482800 3236.753690 3237.929107 3217.445888 3195.263087 3218.087560 3238.894068 3232.839380 3200.401974 3203.140554 3211.859299 3221.137611 3220.333264 3216.625979 3194.591499 3214.967325 3222.807297 3203.057699 3180.560437 3171.335845 3161.849231 3173.443948 3174.834980 3161.247152 3160.519325 3188.859055 3210.512507 3223.506684 3244.402045 3277.600761 3310.026353 3325.606865 3326.082295 3330.074327 3365.658925 3433.146377 3503.747366 3558.529052 3589.240836 3593.493459 3562.136804 3516.742067 3489.926298 3487.833345 3510.935839 3548.815318 3608.988514 3644.193489 3653.459218 3652.468545 3663.189789 3763.595643 -9999.0 -9999.0 -9999.0 -9999.0 -9999.0 -9999.0 -9999.0 -9999.0 -9999.0 -9999.0 -9999.0 -9999.0 -9999.0 -9999.0
-9999.0 -9999.0 -9999.0 -9999.0 -9999.0 -9999.0 -9999.0 -9999.0 -9999.0 -9999.0 -9999.0 -9999.0 -9999.0 -9999.0 -9999.0 -9999.0 -9999.0 -9999.0 -9999.0 -9999.0 -9999.0 -9999.0 -9999.0 -9999.0 -9999.0 -9999.0 -9999.0 -9999.0 -9999.0 -9999.0 -9999.0 -9999.0 -9999.0 -9999.0 -9999.0 -9999.0 -9999.0 -9999.0 -9999.0 -9999.0 -9999.0 -9999.0 -9999.0 -9999.0 -9999.0 -9999.0 -9999.0 -9999.0 -9999.0 -9999.0 -9999.0 -9999.0 -9999.0 -9999.0 -9999.0 -9999.0 -9999.0 -9999.0 -9999.0 -9999.0 -9999.0 -9999.0 -9999.0 -9999.0 -9999.0 -9999.0 -9999.0 -9999.0 -9999.0 -9999.0 -9999.0 -9999.0 -9999.0 -9999.0 -9999.0 -9999.0 -9999.0 -9999.0 -9999.0 -9999.0
-9999.0 -9999.0 -9999.0 -9999.0 -9999.0 -9999.0 -9999.0 -9999.0 -9999.0 -9999.0 -9999.0 -9999.0 -9999.0 -9999.0 -9999.0 -9999.0 -9999.0 -9999.0 -9999.0 -9999.0 -9999.0 -9999.0 -9999.0 -9999.0 -9999.0 -9999.0 -9999.0 -9999.0 -9999.0 -9999.0 -9999.0 -9999.0 -9999.0 -9999.0 -9999.0 -9999.0 -9999.0 -9999.0 -9999.0 -9999.0 -9999.0 -9999.0 -9999.0 -9999.0 -9999.0 -9999.0 -9999.0 -9999.0 -9999.0 -9999.0 -9999.0 -9999.0 -9999.0 -9999.0 -9999.0 -9999.0 -9999.0 -9999.0 -9999.0 -9999.0 -9999.0 -9999.0 -9999.0 -9999.0 -9999.0 -9999.0 -9999.0 -9999.0 -9999.0 -9999.0 -9999.0 -9999.0 -9999.0 -9999.0 -9999.0 -9999.0 -9999.0 -9999.0 -9999.0 -9999.0