Borden_/Borden1m_014/output_maps/psiliqL0029N0034.asc
ncols         80
nrows         18
xllcorner     620200.000000
yllcorner     5168000.000000
cellsize      1.000000
NODATA_value  -9999.0
-9999.0 -9999.0 -9999.0 -9999.0 -9999.0 -9999.0 -9999.0 -9999.0 -9999.0 -9999.0 -9999.0 -9999.0 -9999.0 -9999.0 -9999.0 -9999.0 -9999.0 -9999.0 -9999.0 -9999.0 -9999.0 -9999.0 -9999.0 -9999.0 -9999.0 -9999.0 -9999.0 -9999.0 -9999.0 -9999.0 -9999.0 -9999.0 -9999.0 -9999.0 -9999.0 -9999.0 -9999.0 -9999.0 -9999.0 -9999.0 -9999.0 -9999.0 -9999.0 -9999.0 -9999.0 -9999.0 -9999.0 -9999.0 -9999.0 -9999.0 -9999.0 -9999.0 -9999.0 -9999.0 -9999.0 -9999.0 -9999.0 -9999.0 -9999.0 -9999.0 -9999.0 -9999.0 -9999.0 -9999.0 -9999.0 -9999.0 -9999.0 -9999.0 -9999.0 -9999.0 -9999.0 -9999.0 -9999.0 -9999.0 -9999.0 -9999.0 -9999.0 -9999.0 -9999.0 -9999.0
-9999.0 -9999.0 -9999.0 -9999.0 -9999.0 -9999.0 -9999.0 -9999.0 -9999.0 -9999.0 -9999.0 -9999.0 -9999.0 -9999.0 -9999.0 -9999.0 -9999.0 -9999.0 -9999.0 -9999.0 -9999.0 -9999.0 -9999.0 -9999.0 -9999.0 -9999.0 -9999.0 -9999.0 -9999.0 -9999.0 -9999.0 -9999.0 -9999.0 -9999.0 -9999.0 -9999.0 -9999.0 -9999.0 -9999.0 -9999.0 -9999.0 -9999.0 -9999.0 -9999.0 -9999.0 -9999.0 -9999.0 -9999.0 -9999.0 -9999.0 -9999.0 -9999.0 -9999.0 -9999.0 -9999.0 -9999.0 -9999.0 -9999.0 -9999.0 -9999.0 -9999.0 -9999.0 -9999.0 -9999.0 -9999.0 -9999.0 -9999.0 -9999.0 -9999.0 -9999.0 -9999.0 -9999.0 -9999.0 -9999.0 -9999.0 -9999.0 -9999.0 -9999.0 -9999.0 -9999.0
-9999.0 -9999.0 -9999.0 -9999.0 -9999.0 -9999.0 -9999.0 -9999.0 -9999.0 -9999.0 -9999.0 -9999.0 -9999.0 -9999.0 -9999.0 -9999.0 -9999.0 -9999.0 -9999.0 -9999.0 3925.068056 3925.622365 3904.003220 3869.686855 3841.235256 3842.814966 3875.156502 3915.458954 3954.169327 3960.731903 3941.149675 3945.076651 3940.483604 3934.988123 3934.475151 3942.300180 3949.407990 3958.651638 3965.191604 3962.385271 3954.693916 3949.693992 3952.859377 3954.100404 3960.588849 3945.173350 3961.663008 3978.201212 3982.739945 3980.530534 3957.514676 3946.432658 3938.727331 3923.224021 3950.440628 3962.225862 3986.056022 3990.985118 3989.120261 3962.679940 3932.778672 -9999.0 -9999.0 -9999.0 -9999.0 -9999.0 -9999.0 -9999.0 -9999.0 -9999.0 -9999.0 -9999.0 -9999.0 -9999.0 -9999.0 -9999.0 -9999.0 -9999.0 -9999.0 -9999.0
-9999.0 -9999.0 -9999.0 -9999.0 -9999.0 -9999.0 -9999.0 -9999.0 -9999.0 -9999.0 -9999.0 -9999.0 -9999.0 -9999.0 3835.110717 3826.450123 3823.356382 3830.142462 3862.105536 3892.170888 3903.560835 3895.882377 3895.398952 3870.116451 3846.406611 3858.346641 3887.331037 3917.196599 3950.008655 3966.368459 3955.226446 3952.272326 3958.236656 3976.051479 3982.625142 3978.621633 3961.396481 3985.847400 3998.370568 4001.698612 3999.350095 3989.145255 3996.784235 4010.347555 4003.184973 3988.353310 4000.762013 4016.529393 4026.843114 4020.049251 3963.338268 3953.225241 3950.479683 3947.355223 3934.812180 3931.895072 3961.375531 3961.223476 3954.643878 3937.988797 3904.865918 3859.694458 3841.057774 3882.602251 3926.637711 3983.111432 -9999.0 -9999.0 -9999.0 -9999.0 -9999.0 -9999.0 -9999.0 -9999.0 -9999.0 -9999.0 -9999.0 -9999.0 -9999.0 -9999.0
-9999.0 -9999.0 -9999.0 -9999.0 -9999.0 -9999.0 -9999.0 -9999.0 -9999.0 3777.815028 3783.985397 3790.634892 3792.893663 3807.599604 3803.806410 3810.335812 3813.196594 3840.161734 3868.869012 3901.593278 3927.756384 3918.159990 3916.095849 3918.007288 3909.655847 3916.018340 3935.817377 3971.486540 4000.519815 4034.391595 3999.516161 3993.777278 4010.733327 4050.397493 4070.642964 4071.032285 4052.088713 4071.117562 4094.317993 4108.416860 4104.321674 4097.476887 4124.024742 4139.819272 4131.488063 4109.130426 4110.688401 4120.049241 4150.316510 4099.363753 4032.960572 3997.701701 4016.602375 3997.605272 3974.798716 3966.298103 3968.234024 3989.068145 3978.472475 3945.666891 3913.487544 3901.922615 3885.679505 3908.237158 3932.265032 3979.185504 4019.774047 4050.144286 4049.744368 4032.710277 -9999.0 -9999.0 -9999.0 -9999.0 -9999.0 -9999.0 -9999.0 -9999.0 -9999.0 -9999.0
-9999.0 -9999.0 -9999.0 -9999.0 -9999.0 -9999.0 3699.407091 3709.991973 3730.598645 3732.362070 3758.800967 3763.171494 3781.164388 3797.397014 3818.797660 3830.194351 3853.409813 3882.144526 3916.458608 3952.222921 3978.293340 3964.737525 3968.866585 3985.179712 4008.422384 4024.465350 4046.589065 4084.287994 4156.566532 4192.368867 4181.258400 4181.170781 4189.160423 4240.182583 4304.385800 4314.147855 4293.289062 4280.720595 4305.731556 4344.238978 4340.774682 4339.413666 4353.874142 4365.333127 4392.360437 4380.414369 4344.523024 4341.187483 4350.180300 4324.921722 4252.849065 4196.678760 4181.251515 4133.847004 4049.162093 4009.211138 4037.846342 4068.405934 4048.643509 4000.140967 3969.958494 3966.061860 3956.286752 3951.403384 3965.830007 3990.075145 4014.653702 4029.381319 4017.959275 3997.371238 3976.184582 3948.357799 3951.375937 3976.400981 -9999.0 -9999.0 -9999.0 -9999.0 -9999.0 -9999.0
-9999.0 -9999.0 -9999.0 -9999.0 3650.329255 3662.916921 3647.023509 3673.094035 3704.382514 3737.323765 3763.204673 3793.103206 3814.741534 3840.081741 3870.831209 3889.103166 3918.354099 3946.385077 3991.748229 4051.188950 4093.880887 4104.805396 4112.271766 4162.436515 4218.280629 4264.423809 4283.199975 4309.701477 4357.897936 4415.012117 4436.786523 4438.843766 4455.855405 4501.797721 4561.105741 4597.106976 4578.957931 4569.402394 4580.865215 4596.357476 4618.532553 4618.552390 4619.711117 4624.517249 4633.084487 4630.711154 4602.749677 4568.686800 4555.488599 4544.731382 4503.461221 4429.423157 4400.712673 4370.382640 4323.411701 4267.382739 4224.277482 4229.382155 4173.824587 4117.774739 4070.273781 4065.522191 4047.449193 4033.460535 4018.667515 4033.273438 4047.061278 4033.032367 4003.376617 3974.691156 3962.287466 3945.147369 3933.847192 3965.438350 3983.511934 4012.817670 -9999.0 -9999.0 -9999.0 -9999.0
-9999.0 -9999.0 3591.910604 3635.916627 3692.503725 3697.342067 3688.071294 3689.496807 3714.660705 3762.528048 3821.139792 3854.398381 3879.474531 3908.969485 3957.465198 4015.241685 4072.910544 4115.109247 4174.114967 4244.538185 4303.903785 4330.029298 4338.029319 4374.406015 4430.718549 4503.109002 4532.350868 4559.812343 4593.164689 4631.610891 4618.029149 4627.857678 4641.471638 4657.124609 4674.767147 4683.330869 4677.945071 4673.226325 4654.355617 4648.698956 4655.087769 4664.063965 4662.353737 4647.287549 4643.288051 4658.693385 4665.587838 4663.060465 4659.421601 4663.706107 4656.801179 4605.310750 4593.219300 4577.120986 4563.903900 4516.331288 4447.763214 4416.648381 4393.594702 4350.795583 4276.405178 4241.315699 4203.159034 4170.141142 4134.507653 4124.249187 4093.923087 4063.007776 4025.243624 3985.202642 3966.893685 3953.471820 3953.563447 3954.356937 3972.538421 3988.335048 4004.410550 4012.534603 -9999.0 -9999.0
-9999.0 3480.196578 3550.373357 3669.980852 3746.387121 3780.455705 3782.151796 3779.554109 3803.864724 3838.226494 3920.522976 3960.653008 4043.309598 4082.578716 4121.944659 4212.059524 4309.102774 4354.087124 4395.027194 4462.344451 4531.058990 4579.557911 4606.607488 4576.892102 4618.890421 4653.970512 4663.858095 4672.176812 4673.543766 4664.894226 4658.965989 4665.418175 4662.151293 4642.336530 4625.659990 4623.674375 4620.127826 4596.254309 4568.287668 4552.166156 4552.925655 4578.589820 4564.953257 4543.303141 4538.776516 4560.866599 4583.288478 4572.226471 4558.883047 4575.660077 4611.072622 4637.625032 4636.345069 4655.565753 4676.843134 4646.700224 4627.173437 4581.691100 4564.215934 4538.333485 4479.846807 4424.842613 4376.055132 4327.822602 4276.103502 4228.893092 4181.804837 4134.988628 4082.681496 4050.419647 4027.005992 3985.784875 3974.894039 3982.359866 3978.256413 3977.029405 3983.759315 3990.392080 -9999.0 -9999.0
-9999.0 3378.751377 3515.999266 3690.741818 3831.284566 3866.973988 3918.001606 3968.515159 3979.896267 3918.466486 4020.404270 4240.580694 4371.586713 4391.502651 4470.337181 4569.945262 4543.869509 4576.616654 4601.259185 4632.383329 4657.299876 4673.461173 4672.217220 4667.583440 4650.680402 4642.579395 4641.588246 4639.335203 4621.442883 4602.043307 4584.905695 4581.285632 4562.466697 4510.432652 4476.258090 4457.701188 4436.579874 4423.813072 4397.270577 4370.698124 4353.015730 4361.571642 4361.331156 4348.835594 4344.447883 4361.883595 4392.904158 4392.310450 4406.176911 4426.224334 4461.856647 4501.279905 4520.872923 4550.631029 4586.843021 4636.783747 4644.071559 4666.907556 4669.349673 4661.039140 4612.903465 4560.151997 4530.228571 4473.853171 4414.146965 4352.315109 4302.759355 4257.877948 4202.196420 4168.966004 4130.583391 4077.217186 4036.554689 4032.046124 3999.661992 3988.069511 -9999.0 -9999.0 -9999.0 -9999.0
-9999.0 3268.988595 3444.869338 3676.836374 3976.113863 4038.440957 4243.287535 4358.281944 4395.855686 4465.749738 4321.504435 4548.621003 4608.269867 4605.039806 4627.162122 4631.405285 4646.457009 4645.426673 4640.316987 4629.022665 4619.050000 4614.180476 4613.245429 4605.257160 4592.458431 4577.640852 4565.480983 4553.581654 4515.942238 4483.164066 4441.815325 4428.717075 4381.036200 4287.616706 4248.955741 4208.453873 4145.038134 4148.905379 4159.432464 4135.994504 4115.800495 4085.004230 4116.949875 4129.828813 4134.823403 4128.332322 4136.454783 4167.518471 4217.619801 4252.756955 4291.695128 4340.314929 4371.517438 4411.076161 4450.524149 4503.417052 4535.476897 4564.815603 4615.273747 4652.654280 4675.720950 4660.665809 4643.569391 4597.029078 4536.049399 4486.268106 4456.462076 4404.848147 4360.908132 4317.613506 4271.122545 4218.377519 4156.755006 4108.763617 4075.854045 -9999.0 -9999.0 -9999.0 -9999.0 -9999.0
-9999.0 3032.730770 3294.043999 3551.452822 3813.946429 4163.428181 4351.476613 4441.997429 4507.350848 4497.217433 4527.111852 4531.736437 4569.599603 4577.900542 4556.678164 4541.907516 4522.994513 4521.904219 4535.082662 4507.111978 4476.037401 4462.241095 4463.246399 4452.577758 4428.167466 4413.332687 4404.156398 4385.044708 4341.771758 4290.388083 4204.288403 4166.939877 4085.714226 4050.933953 4015.829062 3968.866990 3925.519330 3932.664450 3959.247709 3951.631000 3931.288023 3914.752692 3945.047647 3967.008786 3980.738085 3963.359002 3969.692106 4004.210144 4050.623803 4091.130099 4134.682391 4182.564689 4225.042425 4263.548164 4282.895175 4320.841641 4363.360113 4405.411257 4476.499456 4556.992767 4594.367820 4629.938031 4657.753645 4680.147950 4636.606814 4611.260221 4586.821725 4562.490535 4515.348239 4469.420791 4428.819076 4362.666720 4303.077081 -9999.0 -9999.0 -9999.0 -9999.0 -9999.0 -9999.0 -9999.0
-9999.0 2926.408926 3108.097869 3284.830324 3520.643617 3749.125344 3982.996185 4073.051704 4144.695728 4228.376319 4289.133985 4329.403884 4355.235768 4377.472801 4355.095130 4307.260880 4274.115395 4279.407180 4269.055325 4248.757921 4221.395936 4208.857076 4205.870936 4201.513612 4180.923099 4171.478128 4165.263980 4147.686838 4123.676481 4070.635306 4000.686206 3926.383819 3874.264098 3858.201684 3837.610756 3812.538067 3788.741369 3803.018242 3815.643565 3816.886380 3811.870362 3813.273318 3842.306484 3862.570486 3871.960617 3861.560147 3879.661545 3901.964236 3937.860884 3976.673001 4020.884809 4070.554194 4118.644053 4137.370340 4137.347466 4146.182439 4172.168582 4214.491716 4290.456165 4377.067894 4457.466992 4504.092643 4555.740273 4596.819958 4626.272403 4648.798127 4673.045427 4667.519106 4640.392882 4606.319696 4546.009460 -9999.0 -9999.0 -9999.0 -9999.0 -9999.0 -9999.0 -9999.0 -9999.0 -9999.0
-9999.0 -9999.0 2886.165072 3025.201948 3104.607533 3256.302063 3392.245173 3496.887574 3602.583521 3753.802971 3882.598794 3980.372185 4028.530343 4044.444837 4031.251647 4004.712607 3988.990831 3988.447428 3976.188651 3971.368011 3958.970284 3954.552996 3942.266691 3935.185665 3933.259298 3934.388582 3933.236618 3926.189455 3911.206037 3871.554141 3838.576758 3796.630908 3752.845309 3733.016718 3716.792772 3702.050811 3708.644244 3703.858866 3709.733141 3713.522150 3724.485714 3739.487167 3758.691436 3781.793337 3791.498446 3802.255541 3812.594273 3833.546754 3862.557181 3902.211719 3953.100667 4007.610232 4042.989448 4048.780040 4029.035110 4021.888463 4027.485201 4053.883285 4114.034157 4181.684493 4273.035838 4339.652685 4406.990819 4464.000789 4491.395834 4527.807606 4599.909200 4648.076022 4692.858100 4670.325494 -9999.0 -9999.0 -9999.0 -9999.0 -9999.0 -9999.0 -9999.0 -9999.0 -9999.0 -9999.0
-9999.0 -9999.0 -9999.0 -9999.0 2884.893075 3021.677705 3115.703947 3189.103059 3322.682791 3455.328571 3562.371481 3651.312043 3723.421489 3750.040985 3753.724607 3775.204669 3775.859264 3765.572729 3754.323181 3761.659509 3769.131274 3763.692865 3746.160291 3741.079790 3747.134497 3757.413803 3757.339904 3746.404481 3730.026944 3720.800287 3712.469033 3685.022564 3655.969093 3631.078488 3621.454017 3621.088132 3622.705374 3615.511029 3624.556645 3634.804163 3651.474758 3666.809535 3690.304407 3720.369150 3735.503237 3750.101006 3758.105259 3775.662228 3803.688798 3854.666575 3915.989228 3972.405894 4006.269891 4005.981388 3976.583242 3953.622278 3939.306313 3954.778422 3981.258345 4029.326158 4117.766887 4179.604726 4222.992728 4260.198367 4296.546210 4363.414466 4460.962185 4543.810886 -9999.0 -9999.0 -9999.0 -9999.0 -9999.0 -9999.0 -9999.0 -9999.0 -9999.0 -9999.0 -9999.0 -9999.0
-9999.0 -9999.0 -9999.0 -9999.0 -9999.0 -9999.0 2862.975720 2969.302874 3022.161469 3177.898381 3328.593636 3438.083637 3522.820519 3560.931684 3598.478007 3630.805147 3632.603807 3611.688875 3588.838199 3612.363066 3634.395606 3628.168987 3595.098029 3598.260267 3607.528732 3616.782070 3615.978049 3612.469838 3590.644751 3612.317099 3621.114680 3601.640619 3579.445651 3570.023022 3560.764036 3572.563318 3574.032618 3560.329015 3559.266493 3588.385296 3610.271753 3623.226661 3643.964253 3677.204473 3709.719397 3725.480504 3725.938877 3729.737763 3764.766923 3832.164322 3903.005507 3958.162918 3989.113432 3993.265752 3961.806842 3916.160797 3889.061393 3886.414551 3908.815086 3945.728127 4005.052030 4039.622791 4047.288885 4044.416207 4053.871712 4155.789828 -9999.0 -9999.0 -9999.0 -9999.0 -9999.0 -9999.0 -9999.0 -9999.0 -9999.0 -9999.0 -9999.0 -9999.0 -9999.0 -9999.0
-9999.0 -9999.0 -9999.0 -9999.0 -9999.0 -9999.0 -9999.0 -9999.0 -9999.0 -9999.0 -9999.0 -9999.0 -9999.0 -9999.0 -9999.0 -9999.0 -9999.0 -9999.0 -9999.0 -9999.0 -9999.0 -9999.0 -9999.0 -9999.0 -9999.0 -9999.0 -9999.0 -9999.0 -9999.0 -9999.0 -9999.0 -9999.0 -9999.0 -9999.0 -9999.0 -9999.0 -9999.0 -9999.0 -9999.0 -9999.0 -9999.0 -9999.0 -9999.0 -9999.0 -9999.0 -9999.0 -9999.0 -9999.0 -9999.0 -9999.0 -9999.0 -9999.0 -9999.0 -9999.0 -9999.0 -9999.0 -9999.0 -9999.0 -9999.0 -9999.0 -9999.0 -9999.0 -9999.0 -9999.0 -9999.0 -9999.0 -9999.0 -9999.0 -9999.0 -9999.0 -9999.0 -9999.0 -9999.0 -9999.0 -9999.0 -9999.0 -9999.0 -9999.0 -9999.0 -9999.0
-9999.0 -9999.0 -9999.0 -9999.0 -9999.0 -9999.0 -9999.0 -9999.0 -9999.0 -9999.0 -9999.0 -9999.0 -9999.0 -9999.0 -9999.0 -9999.0 -9999.0 -9999.0 -9999.0 -9999.0 -9999.0 -9999.0 -9999.0 -9999.0 -9999.0 -9999.0 -9999.0 -9999.0 -9999.0 -9999.0 -9999.0 -9999.0 -9999.0 -9999.0 -9999.0 -9999.0 -9999.0 -9999.0 -9999.0 -9999.0 -9999.0 -9999.0 -9999.0 -9999.0 -9999.0 -9999.0 -9999.0 -9999.0 -9999.0 -9999.0 -9999.0 -9999.0 -9999.0 -9999.0 -9999.0 -9999.0 -9999.0 -9999.0 -9999.0 -9999.0 -9999.0 -9999.0 -9999.0 -9999.0 -9999.0 -9999.0 -9999.0 -9999.0 -9999.0 -9999.0 -9999.0 -9999.0 -9999.0 -9999.0 -9999.0 -9999.0 -9999.0 -9999.0 -9999.0 -9999.0