Borden_/Borden1m_014/output_maps/psiliqL0017N0022.asc
ncols         80
nrows         18
xllcorner     620200.000000
yllcorner     5168000.000000
cellsize      1.000000
NODATA_value  -9999.0
-9999.0 -9999.0 -9999.0 -9999.0 -9999.0 -9999.0 -9999.0 -9999.0 -9999.0 -9999.0 -9999.0 -9999.0 -9999.0 -9999.0 -9999.0 -9999.0 -9999.0 -9999.0 -9999.0 -9999.0 -9999.0 -9999.0 -9999.0 -9999.0 -9999.0 -9999.0 -9999.0 -9999.0 -9999.0 -9999.0 -9999.0 -9999.0 -9999.0 -9999.0 -9999.0 -9999.0 -9999.0 -9999.0 -9999.0 -9999.0 -9999.0 -9999.0 -9999.0 -9999.0 -9999.0 -9999.0 -9999.0 -9999.0 -9999.0 -9999.0 -9999.0 -9999.0 -9999.0 -9999.0 -9999.0 -9999.0 -9999.0 -9999.0 -9999.0 -9999.0 -9999.0 -9999.0 -9999.0 -9999.0 -9999.0 -9999.0 -9999.0 -9999.0 -9999.0 -9999.0 -9999.0 -9999.0 -9999.0 -9999.0 -9999.0 -9999.0 -9999.0 -9999.0 -9999.0 -9999.0
-9999.0 -9999.0 -9999.0 -9999.0 -9999.0 -9999.0 -9999.0 -9999.0 -9999.0 -9999.0 -9999.0 -9999.0 -9999.0 -9999.0 -9999.0 -9999.0 -9999.0 -9999.0 -9999.0 -9999.0 -9999.0 -9999.0 -9999.0 -9999.0 -9999.0 -9999.0 -9999.0 -9999.0 -9999.0 -9999.0 -9999.0 -9999.0 -9999.0 -9999.0 -9999.0 -9999.0 -9999.0 -9999.0 -9999.0 -9999.0 -9999.0 -9999.0 -9999.0 -9999.0 -9999.0 -9999.0 -9999.0 -9999.0 -9999.0 -9999.0 -9999.0 -9999.0 -9999.0 -9999.0 -9999.0 -9999.0 -9999.0 -9999.0 -9999.0 -9999.0 -9999.0 -9999.0 -9999.0 -9999.0 -9999.0 -9999.0 -9999.0 -9999.0 -9999.0 -9999.0 -9999.0 -9999.0 -9999.0 -9999.0 -9999.0 -9999.0 -9999.0 -9999.0 -9999.0 -9999.0
-9999.0 -9999.0 -9999.0 -9999.0 -9999.0 -9999.0 -9999.0 -9999.0 -9999.0 -9999.0 -9999.0 -9999.0 -9999.0 -9999.0 -9999.0 -9999.0 -9999.0 -9999.0 -9999.0 -9999.0 1550.848790 1553.620007 1532.711068 1500.290379 1473.812412 1477.576085 1513.450763 1556.337020 1596.844579 1608.146798 1591.918096 1596.483953 1593.368614 1592.316334 1594.941419 1602.589389 1607.927409 1619.070838 1627.546453 1627.287920 1621.653906 1617.300117 1618.672596 1621.490861 1626.833986 1614.397002 1627.886389 1642.169770 1645.951807 1639.946619 1612.146727 1595.657938 1584.761069 1566.961978 1589.763024 1599.467799 1620.304214 1622.659273 1619.262484 1591.113399 1560.298594 -9999.0 -9999.0 -9999.0 -9999.0 -9999.0 -9999.0 -9999.0 -9999.0 -9999.0 -9999.0 -9999.0 -9999.0 -9999.0 -9999.0 -9999.0 -9999.0 -9999.0 -9999.0 -9999.0
-9999.0 -9999.0 -9999.0 -9999.0 -9999.0 -9999.0 -9999.0 -9999.0 -9999.0 -9999.0 -9999.0 -9999.0 -9999.0 -9999.0 1456.634911 1448.198748 1446.775337 1456.401258 1491.110098 1522.400652 1534.708118 1528.356469 1529.825191 1507.651185 1488.290702 1503.775497 1535.337251 1568.649301 1605.048313 1626.802200 1617.809884 1617.489383 1628.035542 1652.870448 1665.064137 1662.610502 1643.833097 1667.791175 1683.261448 1691.323324 1691.288147 1683.378646 1695.688305 1711.032915 1703.828227 1686.507377 1692.239381 1703.822438 1714.372903 1700.706427 1637.022744 1617.651574 1611.143899 1602.558435 1586.426619 1578.622635 1602.687422 1600.556503 1590.647337 1571.281083 1537.278945 1492.250950 1472.434212 1510.104765 1552.392327 1608.162031 -9999.0 -9999.0 -9999.0 -9999.0 -9999.0 -9999.0 -9999.0 -9999.0 -9999.0 -9999.0 -9999.0 -9999.0 -9999.0 -9999.0
-9999.0 -9999.0 -9999.0 -9999.0 -9999.0 -9999.0 -9999.0 -9999.0 -9999.0 1395.316368 1401.007159 1409.441973 1413.244267 1430.171736 1428.608066 1437.123105 1445.108161 1473.936827 1506.319474 1542.533587 1572.155848 1564.837036 1566.860725 1577.553106 1580.942059 1593.992722 1617.483326 1659.436737 1699.566384 1741.833200 1714.910044 1714.451372 1734.941936 1781.284681 1811.908508 1817.729810 1799.509121 1810.203798 1835.039864 1856.083749 1855.946150 1853.738610 1879.245868 1893.584300 1892.521922 1871.316758 1860.664313 1861.595412 1886.537722 1834.509044 1767.639609 1718.725578 1722.925075 1692.427877 1655.211848 1635.095961 1630.919734 1648.989753 1632.332823 1593.675663 1556.307735 1543.430846 1524.321991 1540.440260 1560.983723 1605.423387 1642.911272 1669.952218 1667.874519 1649.338168 -9999.0 -9999.0 -9999.0 -9999.0 -9999.0 -9999.0 -9999.0 -9999.0 -9999.0 -9999.0
-9999.0 -9999.0 -9999.0 -9999.0 -9999.0 -9999.0 1314.882814 1325.521173 1347.052525 1352.244924 1379.174215 1387.565761 1409.506636 1430.166743 1453.694593 1471.332179 1502.311080 1536.761922 1578.699174 1622.634822 1655.802911 1651.408946 1663.427375 1694.018190 1732.633859 1761.372936 1787.956279 1829.719812 1907.616386 1951.575136 1958.510709 1965.004946 1976.197443 2025.853047 2089.673499 2103.372074 2082.566022 2067.986954 2088.739407 2125.426744 2130.504659 2132.438745 2144.641641 2154.785122 2180.346891 2169.517549 2129.215382 2115.913369 2115.076191 2096.650729 2033.368393 1970.073458 1936.699394 1884.554254 1799.922816 1746.391854 1754.736515 1772.262297 1741.634756 1685.817752 1644.131564 1632.102765 1615.296954 1600.821772 1605.938962 1623.412687 1643.596023 1652.981741 1638.049019 1615.162789 1591.152432 1561.082833 1561.837485 1586.087502 -9999.0 -9999.0 -9999.0 -9999.0 -9999.0 -9999.0
-9999.0 -9999.0 -9999.0 -9999.0 1263.646172 1277.451495 1265.776357 1292.459747 1326.479114 1362.114904 1394.743666 1432.399316 1460.997545 1492.984730 1534.350560 1568.533470 1610.847249 1648.041269 1704.225549 1773.639036 1825.688520 1849.800615 1866.824854 1926.886507 1989.907171 2043.119748 2065.309700 2094.281725 2140.836566 2202.762198 2231.330820 2239.116292 2257.737629 2295.160132 2344.382863 2378.331757 2361.053753 2352.279906 2358.575752 2370.749674 2394.694335 2396.657238 2399.042223 2402.052851 2406.950220 2405.086399 2379.410426 2345.290327 2330.318059 2320.290055 2288.597074 2218.013667 2177.900658 2145.509456 2108.059477 2054.554665 1992.800721 1978.197281 1918.539243 1858.503400 1796.223453 1774.590954 1742.949611 1716.007874 1686.109416 1686.524982 1688.112589 1665.495381 1630.747940 1596.467291 1579.684970 1559.295859 1546.633325 1575.524318 1591.974740 1621.287684 -9999.0 -9999.0 -9999.0 -9999.0
-9999.0 -9999.0 1202.679437 1251.346799 1309.497823 1319.187289 1319.805573 1326.924932 1356.998052 1410.704167 1485.494522 1535.067622 1577.017525 1613.389829 1674.801468 1753.157471 1825.330412 1876.012932 1939.532069 2012.358169 2076.006674 2110.164683 2128.533290 2170.133894 2226.324796 2290.713759 2318.718620 2346.235343 2379.769050 2415.838899 2424.691038 2438.989215 2448.728459 2453.897742 2461.490862 2463.958803 2458.224467 2451.344107 2431.421456 2426.517635 2433.289815 2439.473676 2440.669404 2427.301777 2423.474676 2437.246170 2441.578385 2440.465108 2439.604678 2446.693784 2448.690387 2407.390431 2373.029263 2356.086654 2343.570600 2297.841155 2231.993484 2190.540761 2165.694225 2120.532336 2042.268147 1991.532219 1940.214746 1891.061556 1838.052887 1807.020019 1759.334405 1715.143942 1666.522330 1618.123689 1592.586380 1572.915425 1568.723207 1566.795208 1581.635932 1595.704080 1610.102303 1617.386188 -9999.0 -9999.0
-9999.0 1097.641260 1170.177071 1296.305352 1377.308540 1422.173802 1451.272737 1472.438489 1502.876749 1532.921139 1635.955140 1718.629134 1810.151359 1851.057903 1903.750343 2002.754855 2099.328728 2148.171695 2189.789266 2249.874930 2312.813915 2362.664304 2392.890031 2399.387128 2435.712008 2452.963634 2457.396466 2461.868713 2459.612018 2452.379170 2444.508110 2450.767974 2446.765799 2427.370924 2410.789018 2406.867001 2399.860334 2373.146648 2341.812880 2324.970115 2326.200838 2349.565335 2336.935327 2316.333236 2312.868545 2334.828996 2356.091109 2348.517813 2337.970664 2357.764246 2393.735216 2417.163324 2425.988312 2443.097134 2463.799227 2437.452135 2410.092430 2366.989952 2345.806601 2315.799738 2256.694975 2195.375540 2139.651154 2078.323620 2011.793363 1944.453247 1880.401646 1817.537735 1749.937443 1706.699682 1673.597764 1622.002690 1599.824854 1599.790660 1589.455328 1585.037684 1589.640518 1595.312883 -9999.0 -9999.0
-9999.0 1013.817180 1155.881315 1339.813222 1488.634822 1545.861426 1641.692254 1718.111245 1745.799647 1715.027587 1823.591991 2043.465069 2152.567029 2173.778916 2249.615735 2342.528488 2357.158922 2391.765971 2416.474635 2431.662625 2443.973629 2456.251867 2455.969271 2451.438855 2437.019158 2429.025813 2427.071799 2423.428519 2404.930699 2384.691984 2365.996636 2360.312312 2339.597972 2293.176423 2259.032520 2240.188221 2221.244856 2199.715792 2165.435220 2136.495124 2119.528750 2133.465318 2127.870216 2111.810074 2108.454745 2130.958164 2164.191996 2163.026975 2174.873666 2198.711406 2239.472171 2280.277671 2304.077475 2335.769522 2374.206148 2420.292390 2435.318113 2457.493142 2461.465276 2443.930839 2398.678312 2344.754376 2309.234218 2245.782928 2173.288814 2094.909023 2029.975087 1967.270388 1896.534064 1848.383686 1799.174523 1739.126429 1683.752411 1660.176732 1619.163182 1598.720914 -9999.0 -9999.0 -9999.0 -9999.0
-9999.0 929.916983 1116.415564 1371.268750 1652.368183 1757.437031 1963.537275 2091.429741 2147.296709 2217.193121 2177.357836 2338.742413 2383.476423 2382.341547 2387.679785 2394.661817 2412.489369 2417.404274 2415.572919 2407.108220 2399.278803 2395.961373 2394.822636 2386.829860 2373.532313 2357.114411 2341.655032 2326.994732 2287.656074 2253.043956 2214.623823 2197.864752 2155.721758 2062.661010 2019.539655 1981.570859 1922.018211 1914.844425 1908.831564 1879.005814 1858.178693 1835.313991 1858.550116 1864.714257 1868.089987 1870.793094 1887.926834 1915.368527 1963.433272 2002.163923 2047.550679 2101.015402 2137.735823 2182.780669 2229.463773 2286.199240 2320.745297 2353.444011 2403.169454 2443.052545 2466.869204 2454.879327 2428.159242 2380.336721 2308.456942 2242.547588 2193.900560 2121.800891 2057.345036 2002.748288 1953.007831 1897.153825 1828.399279 1748.529200 1705.486287 -9999.0 -9999.0 -9999.0 -9999.0 -9999.0
-9999.0 741.162617 1008.138920 1291.848089 1598.625642 1931.232083 2075.068623 2198.798022 2271.089359 2242.909437 2254.360593 2273.887633 2317.453265 2328.344729 2311.000546 2303.717602 2293.231621 2294.729884 2309.039569 2283.872155 2255.158979 2241.963749 2241.124559 2228.287090 2203.157416 2184.555722 2170.908576 2148.584669 2099.407508 2047.153415 1963.664490 1930.301226 1851.640036 1797.851701 1754.289081 1704.293747 1653.263289 1651.534440 1668.411931 1653.310959 1630.476805 1611.839821 1638.862411 1657.598472 1670.573436 1659.181340 1669.132795 1706.387385 1757.240435 1802.566942 1853.175298 1908.896536 1956.968715 2005.852803 2038.258386 2088.722560 2138.420509 2187.115857 2262.390716 2343.126937 2382.532963 2418.527015 2450.762491 2466.514265 2414.369471 2366.066466 2315.715744 2256.993111 2179.102239 2130.539799 2099.446479 2048.574179 1988.743335 -9999.0 -9999.0 -9999.0 -9999.0 -9999.0 -9999.0 -9999.0
-9999.0 617.752376 831.382938 1053.399068 1331.437838 1569.015539 1771.178062 1878.474018 1957.867620 2001.834952 2041.438978 2077.342704 2108.705216 2133.140862 2114.062510 2075.659332 2048.253913 2053.824873 2049.760258 2027.311388 1998.653536 1983.957588 1980.585469 1972.493762 1946.666342 1930.704812 1918.288296 1893.971947 1860.229219 1804.131666 1725.348396 1651.527782 1590.645398 1560.123909 1531.044974 1498.714344 1463.850543 1473.465511 1485.009740 1481.362919 1471.036729 1468.362796 1497.393220 1516.674925 1527.054679 1516.224684 1536.110239 1563.273769 1605.357392 1649.234997 1698.993710 1754.838455 1809.570577 1839.509352 1853.642753 1879.256288 1919.911729 1975.578267 2062.912693 2159.041240 2239.009038 2289.378659 2342.011593 2378.222560 2393.679084 2405.190663 2384.541899 2311.737050 2212.888063 2199.499791 2189.330705 -9999.0 -9999.0 -9999.0 -9999.0 -9999.0 -9999.0 -9999.0 -9999.0 -9999.0
-9999.0 -9999.0 599.589291 772.490185 903.379174 1080.608908 1230.421670 1341.215673 1433.053856 1551.672776 1659.656817 1744.988287 1789.774477 1807.884871 1795.146132 1764.367958 1744.980462 1745.776349 1736.037287 1726.383756 1707.358911 1699.485246 1687.470413 1678.212125 1667.585905 1661.167192 1654.644639 1642.231785 1619.773969 1573.029451 1525.579851 1474.631870 1421.667535 1396.085822 1374.198067 1352.827788 1351.683452 1347.109171 1352.210764 1353.518341 1360.476701 1373.117217 1393.083499 1415.263391 1425.248655 1434.620638 1447.445516 1471.565607 1505.029062 1547.838444 1602.324540 1660.723829 1701.341884 1714.883880 1705.931559 1711.645430 1732.758131 1776.234290 1857.406436 1942.576789 2039.813088 2112.880730 2186.487244 2241.150136 2260.089202 2278.654180 2300.185080 2256.424188 2106.115760 2158.516354 -9999.0 -9999.0 -9999.0 -9999.0 -9999.0 -9999.0 -9999.0 -9999.0 -9999.0 -9999.0
-9999.0 -9999.0 -9999.0 -9999.0 631.937230 785.807941 883.245985 966.559896 1096.249954 1217.670432 1318.209132 1401.407249 1463.767802 1490.406613 1487.263605 1494.436422 1490.935629 1485.093921 1475.678204 1475.402573 1474.819909 1467.267884 1452.378878 1444.413921 1444.681811 1448.874644 1445.430096 1430.980836 1412.513187 1390.304907 1370.316836 1336.001791 1300.103813 1270.771501 1257.435265 1251.711084 1251.242940 1243.999457 1252.440390 1259.708917 1274.837725 1289.971875 1313.681624 1342.764173 1356.719912 1371.684332 1381.623403 1402.338692 1433.054339 1486.785265 1550.603798 1608.933313 1645.469863 1650.559087 1626.728834 1612.043893 1609.218218 1638.058932 1683.748271 1751.861165 1854.720139 1929.854168 1989.555290 2036.675217 2071.604558 2121.531095 2180.910897 2221.178363 -9999.0 -9999.0 -9999.0 -9999.0 -9999.0 -9999.0 -9999.0 -9999.0 -9999.0 -9999.0 -9999.0 -9999.0
-9999.0 -9999.0 -9999.0 -9999.0 -9999.0 -9999.0 592.925594 694.861076 774.162336 913.376412 1044.336949 1145.503702 1225.659637 1257.672476 1284.757381 1312.139691 1310.937310 1292.880157 1273.968261 1293.009474 1307.118604 1301.044070 1270.622679 1269.863024 1274.223857 1281.811225 1278.975670 1272.039630 1246.546126 1257.998692 1258.626212 1235.157362 1208.945523 1194.960893 1182.956065 1192.414374 1192.469085 1178.665117 1179.000868 1205.720578 1225.925596 1238.994315 1260.742096 1293.980230 1326.420472 1341.799084 1343.339133 1349.608720 1389.695351 1460.144002 1532.152655 1587.997031 1620.976785 1629.627229 1603.159107 1563.857285 1544.303122 1552.278128 1587.935522 1641.464049 1718.369173 1769.156995 1796.970985 1812.366344 1832.653652 1925.521303 -9999.0 -9999.0 -9999.0 -9999.0 -9999.0 -9999.0 -9999.0 -9999.0 -9999.0 -9999.0 -9999.0 -9999.0 -9999.0 -9999.0
-9999.0 -9999.0 -9999.0 -9999.0 -9999.0 -9999.0 -9999.0 -9999.0 -9999.0 -9999.0 -9999.0 -9999.0 -9999.0 -9999.0 -9999.0 -9999.0 -9999.0 -9999.0 -9999.0 -9999.0 -9999.0 -9999.0 -9999.0 -9999.0 -9999.0 -9999.0 -9999.0 -9999.0 -9999.0 -9999.0 -9999.0 -9999.0 -9999.0 -9999.0 -9999.0 -9999.0 -9999.0 -9999.0 -9999.0 -9999.0 -9999.0 -9999.0 -9999.0 -9999.0 -9999.0 -9999.0 -9999.0 -9999.0 -9999.0 -9999.0 -9999.0 -9999.0 -9999.0 -9999.0 -9999.0 -9999.0 -9999.0 -9999.0 -9999.0 -9999.0 -9999.0 -9999.0 -9999.0 -9999.0 -9999.0 -9999.0 -9999.0 -9999.0 -9999.0 -9999.0 -9999.0 -9999.0 -9999.0 -9999.0 -9999.0 -9999.0 -9999.0 -9999.0 -9999.0 -9999.0
-9999.0 -9999.0 -9999.0 -9999.0 -9999.0 -9999.0 -9999.0 -9999.0 -9999.0 -9999.0 -9999.0 -9999.0 -9999.0 -9999.0 -9999.0 -9999.0 -9999.0 -9999.0 -9999.0 -9999.0 -9999.0 -9999.0 -9999.0 -9999.0 -9999.0 -9999.0 -9999.0 -9999.0 -9999.0 -9999.0 -9999.0 -9999.0 -9999.0 -9999.0 -9999.0 -9999.0 -9999.0 -9999.0 -9999.0 -9999.0 -9999.0 -9999.0 -9999.0 -9999.0 -9999.0 -9999.0 -9999.0 -9999.0 -9999.0 -9999.0 -9999.0 -9999.0 -9999.0 -9999.0 -9999.0 -9999.0 -9999.0 -9999.0 -9999.0 -9999.0 -9999.0 -9999.0 -9999.0 -9999.0 -9999.0 -9999.0 -9999.0 -9999.0 -9999.0 -9999.0 -9999.0 -9999.0 -9999.0 -9999.0 -9999.0 -9999.0 -9999.0 -9999.0 -9999.0 -9999.0