Borden_/Borden1m_014/output_maps/psiliqL0023N0020.asc
ncols         80
nrows         18
xllcorner     620200.000000
yllcorner     5168000.000000
cellsize      1.000000
NODATA_value  -9999.0
-9999.0 -9999.0 -9999.0 -9999.0 -9999.0 -9999.0 -9999.0 -9999.0 -9999.0 -9999.0 -9999.0 -9999.0 -9999.0 -9999.0 -9999.0 -9999.0 -9999.0 -9999.0 -9999.0 -9999.0 -9999.0 -9999.0 -9999.0 -9999.0 -9999.0 -9999.0 -9999.0 -9999.0 -9999.0 -9999.0 -9999.0 -9999.0 -9999.0 -9999.0 -9999.0 -9999.0 -9999.0 -9999.0 -9999.0 -9999.0 -9999.0 -9999.0 -9999.0 -9999.0 -9999.0 -9999.0 -9999.0 -9999.0 -9999.0 -9999.0 -9999.0 -9999.0 -9999.0 -9999.0 -9999.0 -9999.0 -9999.0 -9999.0 -9999.0 -9999.0 -9999.0 -9999.0 -9999.0 -9999.0 -9999.0 -9999.0 -9999.0 -9999.0 -9999.0 -9999.0 -9999.0 -9999.0 -9999.0 -9999.0 -9999.0 -9999.0 -9999.0 -9999.0 -9999.0 -9999.0
-9999.0 -9999.0 -9999.0 -9999.0 -9999.0 -9999.0 -9999.0 -9999.0 -9999.0 -9999.0 -9999.0 -9999.0 -9999.0 -9999.0 -9999.0 -9999.0 -9999.0 -9999.0 -9999.0 -9999.0 -9999.0 -9999.0 -9999.0 -9999.0 -9999.0 -9999.0 -9999.0 -9999.0 -9999.0 -9999.0 -9999.0 -9999.0 -9999.0 -9999.0 -9999.0 -9999.0 -9999.0 -9999.0 -9999.0 -9999.0 -9999.0 -9999.0 -9999.0 -9999.0 -9999.0 -9999.0 -9999.0 -9999.0 -9999.0 -9999.0 -9999.0 -9999.0 -9999.0 -9999.0 -9999.0 -9999.0 -9999.0 -9999.0 -9999.0 -9999.0 -9999.0 -9999.0 -9999.0 -9999.0 -9999.0 -9999.0 -9999.0 -9999.0 -9999.0 -9999.0 -9999.0 -9999.0 -9999.0 -9999.0 -9999.0 -9999.0 -9999.0 -9999.0 -9999.0 -9999.0
-9999.0 -9999.0 -9999.0 -9999.0 -9999.0 -9999.0 -9999.0 -9999.0 -9999.0 -9999.0 -9999.0 -9999.0 -9999.0 -9999.0 -9999.0 -9999.0 -9999.0 -9999.0 -9999.0 -9999.0 2756.173859 2758.461616 2738.170690 2706.037471 2679.984965 2684.155223 2719.772569 2762.802700 2804.025019 2814.693166 2798.504688 2804.287276 2801.606909 2798.538203 2800.244525 2808.637528 2816.024326 2825.836964 2833.561655 2832.364998 2826.061571 2821.683494 2824.109093 2826.173067 2831.992175 2817.854913 2832.592723 2792.895289 2797.221193 2794.228222 2819.245101 2804.077651 2792.914177 2774.349641 2797.572306 2806.914098 2793.643552 2797.679657 2795.868536 2796.392176 2765.602349 -9999.0 -9999.0 -9999.0 -9999.0 -9999.0 -9999.0 -9999.0 -9999.0 -9999.0 -9999.0 -9999.0 -9999.0 -9999.0 -9999.0 -9999.0 -9999.0 -9999.0 -9999.0 -9999.0
-9999.0 -9999.0 -9999.0 -9999.0 -9999.0 -9999.0 -9999.0 -9999.0 -9999.0 -9999.0 -9999.0 -9999.0 -9999.0 -9999.0 2660.568592 2652.861634 2651.875761 2661.513285 2696.194603 2727.876135 2739.840756 2733.814804 2735.397657 2713.065739 2693.130943 2708.505745 2740.317096 2772.429762 2808.466945 2829.294995 2821.060137 2821.076642 2830.580745 2794.751153 2803.565172 2800.770960 2842.934199 2806.891269 2820.015310 2825.085195 2823.180936 2813.471326 2822.879318 2837.054558 2830.044969 2814.603548 2824.519158 2838.508091 2849.628537 2840.702100 2837.267899 2820.998273 2814.427974 2806.708742 2790.659366 2784.632939 2810.140916 2806.107523 2796.070972 2777.056064 2742.695541 2697.218725 2676.752989 2714.863833 2756.710340 2789.338038 -9999.0 -9999.0 -9999.0 -9999.0 -9999.0 -9999.0 -9999.0 -9999.0 -9999.0 -9999.0 -9999.0 -9999.0 -9999.0 -9999.0
-9999.0 -9999.0 -9999.0 -9999.0 -9999.0 -9999.0 -9999.0 -9999.0 -9999.0 2598.200930 2604.650923 2613.272886 2617.688136 2634.819494 2632.922405 2641.762435 2648.822324 2678.444740 2710.522884 2746.384323 2774.586430 2768.626266 2768.916261 2776.636928 2775.976194 2787.578627 2810.850977 2795.444214 2827.127973 2863.014055 2830.491580 2826.290940 2844.338276 2886.638407 2911.969557 2915.133771 2897.301635 2911.729801 2935.281185 2951.935289 2948.682767 2943.128900 2968.059513 2982.665957 2978.219636 2957.508583 2954.618480 2960.871940 2989.248955 2938.781538 2873.650313 2832.851989 2846.234764 2823.943193 2796.241125 2835.132287 2832.687401 2803.825292 2791.402071 2796.284541 2761.325784 2747.680992 2728.166766 2745.576991 2766.227662 2785.172927 2824.678268 2854.224447 2853.765572 2836.510392 -9999.0 -9999.0 -9999.0 -9999.0 -9999.0 -9999.0 -9999.0 -9999.0 -9999.0 -9999.0
-9999.0 -9999.0 -9999.0 -9999.0 -9999.0 -9999.0 2517.257691 2528.769452 2551.012337 2555.403797 2583.357142 2590.806956 2612.689296 2633.006887 2657.169854 2673.691692 2702.991111 2736.648488 2775.449306 2816.958418 2799.839674 2842.154814 2795.256981 2815.930952 2845.126438 2866.216193 2889.144834 2926.247465 2982.061368 3017.960090 3012.887400 3014.023078 3022.230322 3071.774331 3135.290472 3146.924598 3126.493646 3113.097262 3135.563910 3172.042380 3171.234531 3170.142676 3179.934926 3190.220695 3216.835220 3206.819092 3173.284889 3166.532099 3171.627265 3150.956998 3084.776343 3027.364191 3006.791811 2977.466901 2895.810565 2851.192415 2870.907585 2896.156666 2873.096958 2824.210144 2839.297324 2829.323465 2813.594228 2801.490573 2809.339666 2797.426806 2820.912842 2834.256587 2822.218205 2801.645497 2794.625890 2764.442624 2765.060057 2788.820089 -9999.0 -9999.0 -9999.0 -9999.0 -9999.0 -9999.0
-9999.0 -9999.0 -9999.0 -9999.0 2465.442851 2479.695091 2467.245642 2495.207881 2529.628583 2565.629070 2596.214153 2632.666445 2660.298777 2691.420089 2728.761294 2757.369084 2795.752817 2830.456110 2824.656248 2886.626157 2931.778438 2947.505806 2956.506325 2991.496743 3047.366921 3094.651737 3113.043448 3138.210838 3179.585925 3235.291011 3257.734019 3260.967100 3277.777078 3318.938639 3372.821716 3407.039951 3389.780881 3381.164906 3390.200627 3403.584386 3425.699814 3425.803226 3426.873550 3430.505100 3437.471490 3436.171701 3410.655339 3377.735559 3365.185113 3355.587919 3320.049925 3249.609567 3218.471074 3190.924599 3154.085356 3101.565158 3051.474230 3050.002674 2996.742860 2958.729785 2907.010677 2896.058025 2873.609315 2855.800767 2836.391408 2846.148607 2856.164606 2839.970543 2809.729064 2800.115059 2783.826493 2763.234732 2749.597913 2778.475509 2785.576745 2815.069449 -9999.0 -9999.0 -9999.0 -9999.0
-9999.0 -9999.0 2403.379834 2450.714532 2509.635178 2518.683412 2516.462298 2523.022220 2553.137860 2606.405444 2676.590320 2719.722954 2756.032411 2791.699891 2794.100607 2858.379880 2919.972650 2962.692846 3004.010578 3071.721456 3130.153551 3157.193194 3166.544522 3198.962060 3252.165299 3318.615623 3345.665056 3371.333087 3401.679715 3436.606239 3432.720647 3444.060588 3455.555264 3466.081827 3478.980113 3484.999345 3480.518580 3476.002782 3457.672766 3452.862632 3459.420705 3466.708781 3466.256539 3451.880157 3447.929605 3462.616022 3468.342069 3466.600172 3464.387271 3469.751240 3467.074253 3421.093900 3399.311939 3384.757986 3374.428779 3329.359490 3264.133477 3230.959834 3210.807412 3173.616829 3101.147561 3062.157282 3022.247262 2986.845813 2961.519667 2944.884673 2909.683632 2875.822558 2835.518226 2793.832152 2794.786787 2776.194286 2772.328373 2769.418664 2784.532363 2790.113560 2805.675753 2813.612015 -9999.0 -9999.0
-9999.0 2294.428594 2366.383316 2490.630319 2571.204848 2613.994695 2632.614168 2644.648806 2675.574057 2712.383266 2806.770628 2817.458067 2900.165211 2936.508617 2978.221343 3051.962060 3143.434047 3183.231206 3220.142452 3280.650498 3343.822779 3389.515584 3415.220715 3401.025779 3438.486986 3463.751974 3470.402957 3476.339395 3475.254053 3466.851822 3459.909183 3466.747583 3464.007975 3445.281401 3429.637154 3428.051827 3424.751606 3401.835634 3374.830528 3359.833150 3361.697575 3385.939561 3373.378247 3352.219552 3347.884265 3369.220440 3389.623265 3379.200711 3366.409621 3382.631395 3416.636040 3440.278699 3443.358080 3461.344455 3482.331018 3454.157667 3431.370298 3388.774896 3372.506098 3347.464171 3291.892618 3237.301201 3189.910682 3143.551253 3090.948351 3040.908081 2993.181746 2957.003798 2901.587378 2867.104839 2841.442600 2796.836785 2801.022361 2787.031680 2791.825543 2787.638308 2785.094591 2791.478929 -9999.0 -9999.0
-9999.0 2201.998051 2342.313655 2523.188321 2670.971925 2721.102277 2797.479282 2827.214619 2843.233069 2847.796815 2894.517268 3093.026179 3204.695785 3219.800389 3292.169565 3382.840976 3372.758141 3402.837253 3424.765834 3446.003049 3463.165008 3475.876631 3473.740063 3468.113138 3451.950649 3444.021462 3443.230808 3441.235566 3424.220366 3405.608925 3389.065416 3386.281644 3369.239554 3321.920783 3289.507338 3272.944326 3255.751455 3241.808804 3214.049554 3188.731529 3175.509504 3185.162286 3182.139498 3170.127422 3165.700165 3182.098545 3212.810496 3209.598039 3219.602751 3238.819146 3274.072928 3311.127590 3330.073610 3358.599721 3393.475953 3439.768615 3449.790330 3471.878175 3475.228332 3462.950526 3417.763855 3367.516445 3338.606447 3284.223945 3224.902250 3165.519111 3117.124175 3072.582114 3017.862629 2983.350725 2952.346501 2897.489039 2851.866857 2840.195098 2805.285536 2790.468826 -9999.0 -9999.0 -9999.0 -9999.0
-9999.0 2105.458805 2287.327686 2532.037369 2807.719429 2886.411353 3077.120353 3188.003876 3227.017602 3291.963900 3193.998348 3381.674049 3428.429379 3421.874413 3431.995861 3434.263013 3447.862325 3447.564526 3442.516201 3431.749689 3422.505210 3418.198988 3417.030197 3409.183597 3396.712713 3382.273432 3370.805484 3359.779082 3324.028905 3292.840847 3255.483565 3243.545180 3201.842691 3113.798301 3075.172653 3038.385624 2980.402122 2981.848010 2986.604117 2978.223056 2959.494681 2933.189592 2960.831998 2970.003658 2973.678997 2970.599571 2981.661465 2992.124090 3037.661724 3071.116307 3109.755918 3156.794867 3184.192274 3222.744503 3262.638828 3314.239358 3344.499385 3372.909529 3420.141515 3456.795646 3479.202827 3466.070748 3446.183671 3403.193039 3343.943018 3295.118722 3266.988159 3217.692895 3176.157879 3132.462206 3086.233988 3033.653971 2980.041936 2920.973765 2885.181705 -9999.0 -9999.0 -9999.0 -9999.0 -9999.0
-9999.0 1893.128635 2158.146441 2430.347601 2717.495846 3028.329743 3183.001732 3279.761102 3340.671927 3317.004212 3334.125425 3342.059577 3378.218359 3384.489584 3363.105551 3350.137667 3333.725222 3332.636822 3345.592038 3318.852226 3289.388698 3276.479065 3277.287536 3266.577949 3243.284809 3228.401725 3219.073120 3201.379211 3160.850240 3111.973946 3030.205988 2999.035957 2938.206775 2896.429720 2858.624333 2811.964481 2823.240445 2824.609611 2794.372347 2833.697602 2811.805889 2793.734302 2822.389731 2795.540674 2808.059792 2792.937460 2799.932641 2833.844586 2880.482719 2920.904181 2965.405364 2998.118860 3038.759111 3078.142103 3100.240673 3140.595716 3179.669215 3220.486617 3289.383510 3365.550259 3399.797549 3433.458839 3463.374468 3484.791052 3442.585963 3415.405312 3392.424688 3369.998620 3324.794790 3280.019433 3239.541474 3176.571377 3118.077763 -9999.0 -9999.0 -9999.0 -9999.0 -9999.0 -9999.0 -9999.0
-9999.0 1777.509269 1977.170731 2178.345382 2438.056310 2674.737247 2860.825334 2953.406802 3011.936675 3072.371407 3120.238692 3155.253675 3179.151855 3200.010372 3177.260298 3135.050583 3103.765156 3108.431405 3100.791575 3079.372887 3051.737182 3038.784764 3037.045491 3032.185378 3010.832734 3000.279069 2993.515399 2990.678465 2964.449276 2911.907313 2839.799767 2822.507565 2765.568784 2740.760771 2714.119592 2683.751485 2654.175731 2664.590804 2674.162733 2673.506865 2665.479977 2664.518655 2693.367962 2712.069386 2722.307914 2712.460483 2732.601199 2758.802411 2799.546744 2796.646104 2841.378269 2891.195027 2940.036912 2961.899670 2966.642980 2981.104760 2993.102967 3036.456972 3112.498564 3195.068589 3269.784641 3313.997787 3363.774773 3402.420398 3429.257116 3456.406208 3476.998531 3468.682827 3443.883278 3411.258203 3354.218559 -9999.0 -9999.0 -9999.0 -9999.0 -9999.0 -9999.0 -9999.0 -9999.0 -9999.0
-9999.0 -9999.0 1749.742825 1908.518994 2016.192618 2183.615652 2329.401376 2439.833150 2541.576017 2681.200695 2802.428888 2842.302110 2886.784690 2902.579696 2888.762816 2859.731508 2841.639026 2841.255417 2829.857246 2822.352490 2806.584194 2801.060667 2855.497615 2845.876543 2837.873480 2833.430294 2828.038047 2818.024089 2798.017249 2753.081490 2711.035865 2663.846979 2612.994772 2588.791223 2568.182624 2548.693698 2550.239681 2544.402356 2548.847874 2550.864157 2559.451138 2573.061569 2592.613195 2615.743460 2626.035774 2636.806759 2649.398511 2673.253080 2706.080146 2748.133875 2802.527537 2820.308073 2856.039880 2863.883393 2847.998194 2845.147611 2855.486096 2887.133788 2953.245390 3005.758244 3093.395383 3157.494904 3221.292730 3276.033352 3301.929500 3338.251626 3406.426861 3454.306173 3494.444606 3472.176990 -9999.0 -9999.0 -9999.0 -9999.0 -9999.0 -9999.0 -9999.0 -9999.0 -9999.0 -9999.0
-9999.0 -9999.0 -9999.0 -9999.0 1769.427045 1918.712525 2016.713337 2097.972692 2231.805647 2361.238082 2467.755191 2554.999014 2623.600212 2652.412204 2654.246974 2669.953366 2669.443841 2661.908733 2651.804271 2655.284088 2658.400729 2651.331914 2634.812577 2627.222612 2628.949238 2634.604942 2631.281216 2617.180865 2598.230280 2580.873335 2565.061662 2532.736174 2499.242655 2470.742786 2457.920121 2453.646508 2453.147697 2444.993740 2452.974058 2461.197525 2476.757054 2491.812873 2515.340862 2544.707278 2559.548961 2574.907174 2584.686927 2604.790294 2635.826613 2689.714201 2753.966993 2812.255016 2814.407009 2815.546135 2832.579319 2816.549492 2811.503687 2837.280923 2809.252981 2862.695865 2953.383329 2997.743271 3044.047922 3083.753980 3119.989296 3180.851952 3272.553247 3352.292928 -9999.0 -9999.0 -9999.0 -9999.0 -9999.0 -9999.0 -9999.0 -9999.0 -9999.0 -9999.0 -9999.0 -9999.0
-9999.0 -9999.0 -9999.0 -9999.0 -9999.0 -9999.0 1742.478111 1847.707512 1918.937629 2069.188043 2211.895999 2319.236677 2403.233174 2439.368975 2473.042571 2503.991230 2505.049907 2486.003400 2465.285337 2486.476261 2504.233153 2497.642424 2465.715173 2465.963519 2471.472111 2478.423542 2475.089060 2468.361286 2443.155910 2458.126359 2461.252559 2438.288008 2412.730558 2399.618781 2387.869531 2397.432546 2397.250566 2382.704179 2381.724914 2409.112442 2429.845735 2442.709046 2463.929864 2497.245558 2530.039154 2546.147212 2547.887319 2553.807298 2592.198819 2662.608255 2735.623647 2792.525822 2795.544802 2800.889535 2810.928835 2771.280178 2751.602421 2758.467099 2791.701034 2841.137717 2834.967247 2873.233450 2888.060087 2892.836491 2907.299350 2981.782758 -9999.0 -9999.0 -9999.0 -9999.0 -9999.0 -9999.0 -9999.0 -9999.0 -9999.0 -9999.0 -9999.0 -9999.0 -9999.0 -9999.0
-9999.0 -9999.0 -9999.0 -9999.0 -9999.0 -9999.0 -9999.0 -9999.0 -9999.0 -9999.0 -9999.0 -9999.0 -9999.0 -9999.0 -9999.0 -9999.0 -9999.0 -9999.0 -9999.0 -9999.0 -9999.0 -9999.0 -9999.0 -9999.0 -9999.0 -9999.0 -9999.0 -9999.0 -9999.0 -9999.0 -9999.0 -9999.0 -9999.0 -9999.0 -9999.0 -9999.0 -9999.0 -9999.0 -9999.0 -9999.0 -9999.0 -9999.0 -9999.0 -9999.0 -9999.0 -9999.0 -9999.0 -9999.0 -9999.0 -9999.0 -9999.0 -9999.0 -9999.0 -9999.0 -9999.0 -9999.0 -9999.0 -9999.0 -9999.0 -9999.0 -9999.0 -9999.0 -9999.0 -9999.0 -9999.0 -9999.0 -9999.0 -9999.0 -9999.0 -9999.0 -9999.0 -9999.0 -9999.0 -9999.0 -9999.0 -9999.0 -9999.0 -9999.0 -9999.0 -9999.0
-9999.0 -9999.0 -9999.0 -9999.0 -9999.0 -9999.0 -9999.0 -9999.0 -9999.0 -9999.0 -9999.0 -9999.0 -9999.0 -9999.0 -9999.0 -9999.0 -9999.0 -9999.0 -9999.0 -9999.0 -9999.0 -9999.0 -9999.0 -9999.0 -9999.0 -9999.0 -9999.0 -9999.0 -9999.0 -9999.0 -9999.0 -9999.0 -9999.0 -9999.0 -9999.0 -9999.0 -9999.0 -9999.0 -9999.0 -9999.0 -9999.0 -9999.0 -9999.0 -9999.0 -9999.0 -9999.0 -9999.0 -9999.0 -9999.0 -9999.0 -9999.0 -9999.0 -9999.0 -9999.0 -9999.0 -9999.0 -9999.0 -9999.0 -9999.0 -9999.0 -9999.0 -9999.0 -9999.0 -9999.0 -9999.0 -9999.0 -9999.0 -9999.0 -9999.0 -9999.0 -9999.0 -9999.0 -9999.0 -9999.0 -9999.0 -9999.0 -9999.0 -9999.0 -9999.0 -9999.0