Borden_/Borden1m_014/output_maps/psiliqL0001N0013.asc
ncols         80
nrows         18
xllcorner     620200.000000
yllcorner     5168000.000000
cellsize      1.000000
NODATA_value  -9999.0
-9999.0 -9999.0 -9999.0 -9999.0 -9999.0 -9999.0 -9999.0 -9999.0 -9999.0 -9999.0 -9999.0 -9999.0 -9999.0 -9999.0 -9999.0 -9999.0 -9999.0 -9999.0 -9999.0 -9999.0 -9999.0 -9999.0 -9999.0 -9999.0 -9999.0 -9999.0 -9999.0 -9999.0 -9999.0 -9999.0 -9999.0 -9999.0 -9999.0 -9999.0 -9999.0 -9999.0 -9999.0 -9999.0 -9999.0 -9999.0 -9999.0 -9999.0 -9999.0 -9999.0 -9999.0 -9999.0 -9999.0 -9999.0 -9999.0 -9999.0 -9999.0 -9999.0 -9999.0 -9999.0 -9999.0 -9999.0 -9999.0 -9999.0 -9999.0 -9999.0 -9999.0 -9999.0 -9999.0 -9999.0 -9999.0 -9999.0 -9999.0 -9999.0 -9999.0 -9999.0 -9999.0 -9999.0 -9999.0 -9999.0 -9999.0 -9999.0 -9999.0 -9999.0 -9999.0 -9999.0
-9999.0 -9999.0 -9999.0 -9999.0 -9999.0 -9999.0 -9999.0 -9999.0 -9999.0 -9999.0 -9999.0 -9999.0 -9999.0 -9999.0 -9999.0 -9999.0 -9999.0 -9999.0 -9999.0 -9999.0 -9999.0 -9999.0 -9999.0 -9999.0 -9999.0 -9999.0 -9999.0 -9999.0 -9999.0 -9999.0 -9999.0 -9999.0 -9999.0 -9999.0 -9999.0 -9999.0 -9999.0 -9999.0 -9999.0 -9999.0 -9999.0 -9999.0 -9999.0 -9999.0 -9999.0 -9999.0 -9999.0 -9999.0 -9999.0 -9999.0 -9999.0 -9999.0 -9999.0 -9999.0 -9999.0 -9999.0 -9999.0 -9999.0 -9999.0 -9999.0 -9999.0 -9999.0 -9999.0 -9999.0 -9999.0 -9999.0 -9999.0 -9999.0 -9999.0 -9999.0 -9999.0 -9999.0 -9999.0 -9999.0 -9999.0 -9999.0 -9999.0 -9999.0 -9999.0 -9999.0
-9999.0 -9999.0 -9999.0 -9999.0 -9999.0 -9999.0 -9999.0 -9999.0 -9999.0 -9999.0 -9999.0 -9999.0 -9999.0 -9999.0 -9999.0 -9999.0 -9999.0 -9999.0 -9999.0 -9999.0 -479.172311 -477.903528 -479.869813 -481.953256 -483.891240 -484.302937 -482.257218 -480.212158 -477.792331 -477.582419 -480.070155 -479.201471 -480.292567 -481.127638 -481.391463 -480.700428 -480.301134 -479.606620 -479.268836 -479.700891 -480.393579 -480.776247 -481.344350 -481.364805 -480.424470 -481.646010 -480.029015 -478.685198 -478.375445 -477.994320 -479.384114 -479.750845 -479.819869 -481.892980 -478.209590 -477.564697 -475.421673 -475.430795 -474.685296 -477.055658 -479.417183 -9999.0 -9999.0 -9999.0 -9999.0 -9999.0 -9999.0 -9999.0 -9999.0 -9999.0 -9999.0 -9999.0 -9999.0 -9999.0 -9999.0 -9999.0 -9999.0 -9999.0 -9999.0 -9999.0
-9999.0 -9999.0 -9999.0 -9999.0 -9999.0 -9999.0 -9999.0 -9999.0 -9999.0 -9999.0 -9999.0 -9999.0 -9999.0 -9999.0 -481.267797 -482.598540 -483.267678 -484.004733 -482.159092 -480.987629 -481.477160 -482.857506 -481.406524 -483.796111 -486.027014 -484.734364 -483.324864 -482.681012 -481.061402 -479.690049 -481.298067 -481.707229 -481.061919 -478.287484 -477.368085 -478.153089 -482.119812 -478.478238 -477.200661 -476.395065 -476.517442 -478.333033 -476.187733 -473.651077 -475.167486 -477.877283 -477.111653 -475.728432 -473.266100 -473.686377 -482.052416 -481.953201 -481.101730 -480.427504 -481.574694 -482.569209 -478.943487 -479.817654 -480.163700 -480.027148 -481.357606 -484.285575 -485.783736 -482.316390 -480.050200 -474.616560 -9999.0 -9999.0 -9999.0 -9999.0 -9999.0 -9999.0 -9999.0 -9999.0 -9999.0 -9999.0 -9999.0 -9999.0 -9999.0 -9999.0
-9999.0 -9999.0 -9999.0 -9999.0 -9999.0 -9999.0 -9999.0 -9999.0 -9999.0 -482.494486 -483.013148 -482.720714 -483.838354 -482.793433 -485.173395 -484.788440 -485.463493 -484.208243 -483.661323 -482.285215 -479.878397 -482.151186 -482.514947 -481.190362 -481.467530 -481.441302 -481.012061 -477.672797 -474.475684 -467.852634 -474.648039 -474.963014 -472.534010 -458.806401 -447.499106 -445.002309 -449.907060 -450.046521 -443.818225 -436.789937 -437.780050 -438.682322 -431.159824 -427.377616 -424.507906 -430.812466 -436.531369 -437.625539 -427.569014 -443.452049 -458.485469 -473.971402 -471.178674 -475.029043 -479.163416 -480.292845 -481.282113 -477.169880 -478.239126 -481.046457 -483.326124 -481.578116 -483.272427 -481.644302 -481.208716 -477.288308 -474.118301 -470.780536 -470.626229 -472.898875 -9999.0 -9999.0 -9999.0 -9999.0 -9999.0 -9999.0 -9999.0 -9999.0 -9999.0 -9999.0
-9999.0 -9999.0 -9999.0 -9999.0 -9999.0 -9999.0 -483.869505 -484.196660 -483.608537 -486.661824 -485.062018 -486.671032 -485.628909 -485.462623 -485.009765 -485.519213 -484.066383 -483.132258 -481.360495 -478.995623 -476.548354 -478.905444 -478.466342 -474.936191 -468.181880 -457.133885 -452.096794 -444.604806 -420.519694 -401.614665 -391.587279 -387.175167 -370.239092 -66.251407 2.714652 2.948900 2.763441 2.611797 2.752311 3.035653 3.033625 2.993598 3.040377 3.073191 3.360491 3.314814 2.988828 2.929401 2.923495 2.808286 -49.166503 -367.402854 -408.561751 -426.759562 -448.650116 -461.905835 -467.841874 -464.279636 -468.843426 -475.405075 -478.960314 -478.159707 -478.547575 -480.296013 -479.358372 -478.012014 -475.666497 -474.015267 -475.099010 -476.308026 -476.724886 -479.490256 -478.885380 -476.126906 -9999.0 -9999.0 -9999.0 -9999.0 -9999.0 -9999.0
-9999.0 -9999.0 -9999.0 -9999.0 -487.668966 -486.488470 -490.338394 -488.392978 -487.126952 -486.379515 -487.081598 -485.663347 -485.813896 -485.103604 -483.181335 -482.385892 -479.967187 -478.714883 -473.205099 -459.334133 -444.202665 -436.801575 -434.281962 -410.566969 -335.744507 -33.669631 2.552526 2.764425 2.970763 3.441256 3.643408 3.672621 3.894737 4.626435 5.091825 5.774863 5.243084 5.182610 5.229060 5.254327 6.915424 7.205209 8.087700 8.043605 10.066291 12.127977 5.424405 5.078892 5.032721 5.007324 4.750154 3.669434 3.273265 3.099127 2.931137 -18.726603 -330.457040 -386.067107 -418.868347 -435.730761 -454.493472 -463.827300 -468.829078 -471.218660 -475.553643 -474.207349 -472.417198 -474.442538 -476.865837 -479.205141 -478.803395 -479.743466 -481.528548 -477.623645 -476.890460 -473.160804 -9999.0 -9999.0 -9999.0 -9999.0
-9999.0 -9999.0 -487.272630 -487.736882 -484.854716 -487.260989 -488.687771 -490.689032 -490.391563 -487.992291 -483.777736 -483.283123 -481.336745 -480.853352 -475.205458 -457.472676 -438.796558 -426.383153 -398.142669 -76.084981 2.558094 2.884827 2.925464 3.205094 3.780662 4.710641 4.955539 5.119571 5.311704 11.946886 36.552154 52.042830 55.093411 52.507522 49.447839 48.819057 46.345658 43.054671 26.666214 24.508892 31.339446 33.608228 36.845505 24.968955 21.177915 33.480703 35.653432 36.473597 38.222255 47.643112 57.031082 29.453088 5.180764 5.135831 5.202726 4.738271 3.813617 3.366100 3.271709 2.947107 -48.217123 -358.623504 -411.050803 -432.084422 -452.886185 -458.961473 -466.975633 -471.309811 -475.226309 -479.357068 -480.095008 -480.336720 -479.157057 -480.095562 -478.127833 -477.008310 -474.796793 -474.180875 -9999.0 -9999.0
-9999.0 -487.631727 -489.401133 -484.479942 -484.907474 -484.794568 -484.615706 -484.473334 -483.712909 -486.658377 -475.807678 -453.890272 -434.082634 -428.613979 -403.409663 -80.635552 2.730423 3.132649 3.431876 4.352036 4.890385 5.247231 5.589111 34.927530 57.627238 52.304037 50.110169 47.703436 39.910167 32.007949 22.503025 30.099399 29.992758 14.383345 5.519838 5.613654 5.514880 5.168443 4.941790 4.847268 4.913799 5.313103 5.073347 4.860696 4.802924 5.012895 5.308612 5.070830 4.884800 5.070942 5.485202 9.381606 25.662876 40.092259 58.753351 38.053732 6.166538 5.120097 5.075202 4.907396 4.448277 3.571669 3.041844 -26.197095 -329.463846 -414.458831 -438.911166 -456.106432 -467.289696 -470.843771 -472.724194 -478.757771 -479.693827 -477.516509 -478.317024 -478.363327 -477.537509 -476.987198 -9999.0 -9999.0
-9999.0 -493.314929 -488.505565 -484.265261 -480.092167 -482.466665 -462.460676 -445.990298 -442.628669 -453.356468 -415.619024 -16.781500 3.320962 3.280946 3.880322 5.094892 21.874945 43.706332 55.799405 47.753871 40.630385 42.643526 37.951957 29.436369 15.470134 9.909645 9.174702 8.240465 5.425656 5.215665 5.010599 5.128624 4.990225 4.708525 4.363451 3.770264 3.599800 3.467837 3.220964 3.049207 2.934462 3.184968 3.071850 2.916340 2.865548 3.045703 3.358546 3.223779 3.280589 3.555772 4.335798 4.687727 4.786762 4.963489 5.244311 10.624160 29.042204 47.791986 53.995845 30.228032 5.492703 4.976080 4.855922 4.424900 3.565369 2.748113 -59.219399 -375.884119 -419.323146 -436.348894 -453.906642 -464.437305 -472.863792 -473.274883 -477.581089 -477.034705 -9999.0 -9999.0 -9999.0 -9999.0
-9999.0 -493.455373 -488.967313 -480.471218 -462.508193 -433.450514 -62.692673 3.034476 3.447047 3.985267 4.468620 46.787121 53.180295 37.571563 10.761340 6.909664 12.583055 14.467821 10.783359 5.546445 5.340948 5.332104 5.366345 5.232359 5.123693 5.020244 4.962407 4.955658 4.692370 4.403267 3.641832 3.506427 3.288217 2.411558 -64.226582 -360.573083 -408.166694 -410.695558 -416.249489 -427.685390 -432.662164 -436.777125 -431.280733 -432.786819 -433.446079 -430.669417 -423.503445 -418.690531 -399.273110 -361.063160 -52.854318 2.740144 3.043672 3.449272 4.260843 4.745580 4.891815 5.047224 5.524839 31.040610 50.292626 43.782505 15.531196 5.376207 4.838010 4.489018 4.243850 3.288057 2.733019 -48.034817 -345.652795 -411.679058 -442.817784 -461.530347 -466.547344 -9999.0 -9999.0 -9999.0 -9999.0 -9999.0
-9999.0 -501.238740 -488.408591 -481.822385 -446.543823 -71.816045 2.963384 5.013509 37.605400 4.913317 4.558769 4.741672 5.183142 5.200204 4.876130 4.900572 4.826934 4.803496 5.054153 4.637798 3.977322 3.742235 3.778299 3.657155 3.444818 3.332469 3.284099 3.195391 2.747560 -47.809396 -381.809434 -400.362833 -429.627220 -447.838561 -459.750685 -469.503876 -476.680206 -476.048071 -472.815226 -475.021272 -477.301430 -480.241999 -476.856923 -475.598943 -474.137269 -476.271605 -476.295867 -472.399375 -466.143242 -460.220778 -445.980355 -428.809618 -412.509953 -372.680770 -64.532687 2.619554 3.047401 3.407077 4.417823 5.068589 5.265971 6.193127 41.714241 59.467261 22.344986 5.279536 5.036556 4.808297 4.376149 4.051652 3.399860 2.539327 -237.180383 -9999.0 -9999.0 -9999.0 -9999.0 -9999.0 -9999.0 -9999.0
-9999.0 -505.357381 -491.161492 -490.416076 -477.779560 -451.560640 -409.616250 -88.554201 2.465002 2.562496 2.712337 2.876690 3.061807 3.274650 3.066260 2.797121 2.586159 2.656029 2.576693 -39.099691 -314.028799 -364.650924 -365.117423 -373.800609 -397.460070 -406.882867 -411.631123 -420.664574 -432.437445 -447.042959 -467.769459 -475.369649 -480.527955 -481.603649 -482.564728 -483.718569 -487.258751 -484.819551 -483.222813 -483.557423 -484.674635 -485.691281 -482.955170 -482.336422 -481.553298 -484.423112 -482.764009 -481.896318 -479.349875 -477.098679 -473.680588 -468.163801 -460.360659 -455.384201 -449.442707 -437.212031 -423.240614 -387.118645 -53.491822 3.157172 4.321872 4.673915 5.029570 5.339142 5.474533 15.180711 24.301122 7.140792 4.596524 4.705494 4.668648 -9999.0 -9999.0 -9999.0 -9999.0 -9999.0 -9999.0 -9999.0 -9999.0 -9999.0
-9999.0 -9999.0 -508.387368 -502.919221 -498.371695 -494.362207 -488.823190 -481.873586 -474.799476 -466.832904 -455.874460 -443.684460 -436.157909 -432.552311 -437.598706 -448.232332 -454.250899 -453.463867 -455.161164 -459.362969 -468.536264 -469.719120 -470.641702 -471.207530 -473.143457 -473.843561 -473.989997 -474.399661 -475.612163 -479.321542 -482.272536 -484.121631 -486.786449 -485.987407 -486.187251 -487.208682 -485.867327 -486.170696 -485.901297 -486.127344 -485.846347 -485.356625 -484.956400 -484.267124 -484.437512 -484.251417 -484.175128 -483.597669 -482.771645 -481.826329 -479.382043 -475.437861 -472.613582 -472.177546 -474.380366 -473.841631 -471.665570 -466.478740 -442.816196 -408.065101 -69.828803 2.725311 3.471856 4.419970 4.593285 4.701516 4.992746 5.791411 4.366950 4.418936 -9999.0 -9999.0 -9999.0 -9999.0 -9999.0 -9999.0 -9999.0 -9999.0 -9999.0 -9999.0
-9999.0 -9999.0 -9999.0 -9999.0 -510.961541 -503.092919 -495.669710 -496.881920 -491.840290 -489.384881 -487.498007 -485.181133 -483.340475 -481.937667 -484.167796 -484.289924 -484.457139 -483.939788 -484.268808 -484.762343 -484.863778 -485.052794 -485.212098 -485.646067 -485.313066 -484.738721 -484.504057 -485.269827 -484.868955 -486.266132 -485.957275 -486.534427 -487.149272 -488.157010 -487.707945 -487.759939 -487.145197 -487.756227 -486.857046 -487.517809 -486.924235 -486.777529 -486.182105 -485.088385 -485.872219 -485.242910 -485.394806 -484.680999 -484.948448 -483.361432 -480.635205 -477.475351 -475.413855 -475.735427 -479.176108 -480.277557 -481.320523 -479.545415 -477.062306 -470.655165 -449.268853 -426.074916 -389.136008 -61.422548 2.545007 3.065811 4.095592 4.503495 -9999.0 -9999.0 -9999.0 -9999.0 -9999.0 -9999.0 -9999.0 -9999.0 -9999.0 -9999.0 -9999.0 -9999.0
-9999.0 -9999.0 -9999.0 -9999.0 -9999.0 -9999.0 -507.325143 -503.329518 -504.776105 -501.939765 -499.550149 -497.871124 -495.048600 -495.736497 -494.852962 -492.318440 -492.620126 -493.731586 -495.210519 -492.938041 -491.942055 -491.633000 -494.026441 -493.236448 -492.978072 -492.054067 -492.151899 -491.615958 -493.639506 -490.939245 -489.565412 -489.833830 -490.076464 -489.421164 -489.915268 -488.259366 -488.060412 -489.354325 -489.793324 -488.009188 -487.618981 -488.045536 -487.908529 -486.942288 -485.376954 -485.292909 -486.221965 -487.607231 -486.358214 -483.319498 -480.314637 -477.939531 -476.437991 -475.670539 -478.223831 -481.997645 -483.931310 -484.544979 -483.595627 -481.792749 -475.832038 -472.184376 -469.365964 -463.542366 -455.122743 -424.974461 -9999.0 -9999.0 -9999.0 -9999.0 -9999.0 -9999.0 -9999.0 -9999.0 -9999.0 -9999.0 -9999.0 -9999.0 -9999.0 -9999.0
-9999.0 -9999.0 -9999.0 -9999.0 -9999.0 -9999.0 -9999.0 -9999.0 -9999.0 -9999.0 -9999.0 -9999.0 -9999.0 -9999.0 -9999.0 -9999.0 -9999.0 -9999.0 -9999.0 -9999.0 -9999.0 -9999.0 -9999.0 -9999.0 -9999.0 -9999.0 -9999.0 -9999.0 -9999.0 -9999.0 -9999.0 -9999.0 -9999.0 -9999.0 -9999.0 -9999.0 -9999.0 -9999.0 -9999.0 -9999.0 -9999.0 -9999.0 -9999.0 -9999.0 -9999.0 -9999.0 -9999.0 -9999.0 -9999.0 -9999.0 -9999.0 -9999.0 -9999.0 -9999.0 -9999.0 -9999.0 -9999.0 -9999.0 -9999.0 -9999.0 -9999.0 -9999.0 -9999.0 -9999.0 -9999.0 -9999.0 -9999.0 -9999.0 -9999.0 -9999.0 -9999.0 -9999.0 -9999.0 -9999.0 -9999.0 -9999.0 -9999.0 -9999.0 -9999.0 -9999.0
-9999.0 -9999.0 -9999.0 -9999.0 -9999.0 -9999.0 -9999.0 -9999.0 -9999.0 -9999.0 -9999.0 -9999.0 -9999.0 -9999.0 -9999.0 -9999.0 -9999.0 -9999.0 -9999.0 -9999.0 -9999.0 -9999.0 -9999.0 -9999.0 -9999.0 -9999.0 -9999.0 -9999.0 -9999.0 -9999.0 -9999.0 -9999.0 -9999.0 -9999.0 -9999.0 -9999.0 -9999.0 -9999.0 -9999.0 -9999.0 -9999.0 -9999.0 -9999.0 -9999.0 -9999.0 -9999.0 -9999.0 -9999.0 -9999.0 -9999.0 -9999.0 -9999.0 -9999.0 -9999.0 -9999.0 -9999.0 -9999.0 -9999.0 -9999.0 -9999.0 -9999.0 -9999.0 -9999.0 -9999.0 -9999.0 -9999.0 -9999.0 -9999.0 -9999.0 -9999.0 -9999.0 -9999.0 -9999.0 -9999.0 -9999.0 -9999.0 -9999.0 -9999.0 -9999.0 -9999.0