Borden_/Borden1m_014/output_maps/psiliqL0008N0004.asc
ncols         80
nrows         18
xllcorner     620200.000000
yllcorner     5168000.000000
cellsize      1.000000
NODATA_value  -9999.0
-9999.0 -9999.0 -9999.0 -9999.0 -9999.0 -9999.0 -9999.0 -9999.0 -9999.0 -9999.0 -9999.0 -9999.0 -9999.0 -9999.0 -9999.0 -9999.0 -9999.0 -9999.0 -9999.0 -9999.0 -9999.0 -9999.0 -9999.0 -9999.0 -9999.0 -9999.0 -9999.0 -9999.0 -9999.0 -9999.0 -9999.0 -9999.0 -9999.0 -9999.0 -9999.0 -9999.0 -9999.0 -9999.0 -9999.0 -9999.0 -9999.0 -9999.0 -9999.0 -9999.0 -9999.0 -9999.0 -9999.0 -9999.0 -9999.0 -9999.0 -9999.0 -9999.0 -9999.0 -9999.0 -9999.0 -9999.0 -9999.0 -9999.0 -9999.0 -9999.0 -9999.0 -9999.0 -9999.0 -9999.0 -9999.0 -9999.0 -9999.0 -9999.0 -9999.0 -9999.0 -9999.0 -9999.0 -9999.0 -9999.0 -9999.0 -9999.0 -9999.0 -9999.0 -9999.0 -9999.0
-9999.0 -9999.0 -9999.0 -9999.0 -9999.0 -9999.0 -9999.0 -9999.0 -9999.0 -9999.0 -9999.0 -9999.0 -9999.0 -9999.0 -9999.0 -9999.0 -9999.0 -9999.0 -9999.0 -9999.0 -9999.0 -9999.0 -9999.0 -9999.0 -9999.0 -9999.0 -9999.0 -9999.0 -9999.0 -9999.0 -9999.0 -9999.0 -9999.0 -9999.0 -9999.0 -9999.0 -9999.0 -9999.0 -9999.0 -9999.0 -9999.0 -9999.0 -9999.0 -9999.0 -9999.0 -9999.0 -9999.0 -9999.0 -9999.0 -9999.0 -9999.0 -9999.0 -9999.0 -9999.0 -9999.0 -9999.0 -9999.0 -9999.0 -9999.0 -9999.0 -9999.0 -9999.0 -9999.0 -9999.0 -9999.0 -9999.0 -9999.0 -9999.0 -9999.0 -9999.0 -9999.0 -9999.0 -9999.0 -9999.0 -9999.0 -9999.0 -9999.0 -9999.0 -9999.0 -9999.0
-9999.0 -9999.0 -9999.0 -9999.0 -9999.0 -9999.0 -9999.0 -9999.0 -9999.0 -9999.0 -9999.0 -9999.0 -9999.0 -9999.0 -9999.0 -9999.0 -9999.0 -9999.0 -9999.0 -9999.0 -273.462748 -270.568063 -293.562122 -327.825447 -356.492004 -355.077966 -320.760176 -280.247873 -242.798117 -232.620624 -251.064539 -249.925475 -255.408881 -255.944787 -253.259113 -247.480656 -244.930073 -233.538942 -225.253261 -225.718509 -232.066745 -237.904820 -239.228402 -235.650878 -230.484637 -239.328247 -225.659752 -210.182138 -203.650498 -208.372208 -235.210555 -250.604432 -258.271324 -272.280375 -247.171838 -234.095057 -210.605592 -205.852497 -206.658087 -233.351454 -263.207497 -9999.0 -9999.0 -9999.0 -9999.0 -9999.0 -9999.0 -9999.0 -9999.0 -9999.0 -9999.0 -9999.0 -9999.0 -9999.0 -9999.0 -9999.0 -9999.0 -9999.0 -9999.0 -9999.0
-9999.0 -9999.0 -9999.0 -9999.0 -9999.0 -9999.0 -9999.0 -9999.0 -9999.0 -9999.0 -9999.0 -9999.0 -9999.0 -9999.0 -362.398036 -372.840592 -376.313075 -368.362383 -335.263201 -305.842003 -293.406706 -301.378335 -301.877348 -325.932031 -346.638022 -333.217321 -304.632457 -273.908817 -240.213822 -220.024764 -233.062160 -236.130997 -225.949290 -198.877247 -184.866545 -187.943827 -209.296128 -186.947119 -171.134086 -161.974235 -163.049618 -171.632011 -156.822192 -139.844121 -146.107319 -163.649571 -160.805724 -149.606327 -135.349307 -149.617034 -213.457526 -233.789606 -236.156692 -241.979742 -254.558330 -260.482440 -234.954658 -233.389557 -241.017282 -258.357848 -290.075039 -333.727706 -350.989222 -312.119603 -267.215049 -208.818569 -9999.0 -9999.0 -9999.0 -9999.0 -9999.0 -9999.0 -9999.0 -9999.0 -9999.0 -9999.0 -9999.0 -9999.0 -9999.0 -9999.0
-9999.0 -9999.0 -9999.0 -9999.0 -9999.0 -9999.0 -9999.0 -9999.0 -9999.0 -417.874032 -414.623705 -408.030105 -406.805306 -391.770497 -393.873694 -387.540629 -380.333931 -355.165952 -325.040600 -290.737314 -262.434148 -273.165853 -273.565805 -262.070714 -255.929863 -243.688890 -223.484929 -183.755781 -142.546394 -100.867563 -129.236483 -131.550795 -112.625987 -63.011498 -24.971125 -15.720734 -34.959088 -31.700319 -6.443915 18.935521 19.076233 18.422308 46.652819 67.000622 74.990637 54.978072 29.476443 22.729386 45.968065 -3.744526 -67.803231 -121.548236 -119.616317 -150.463976 -190.914342 -212.749018 -215.161156 -192.380676 -206.853279 -243.629357 -279.470082 -288.150930 -303.943485 -286.874335 -263.447005 -215.710461 -176.725694 -147.500069 -146.580990 -163.387323 -9999.0 -9999.0 -9999.0 -9999.0 -9999.0 -9999.0 -9999.0 -9999.0 -9999.0 -9999.0
-9999.0 -9999.0 -9999.0 -9999.0 -9999.0 -9999.0 -495.479018 -487.122224 -468.009536 -462.931465 -439.376594 -432.587689 -412.959825 -394.520820 -374.998346 -359.089209 -329.377106 -297.990115 -257.294793 -213.907950 -182.503823 -187.601861 -178.063680 -144.402171 -101.287891 -68.904600 -44.983990 -6.196300 72.348829 123.764317 138.970180 144.697046 154.364407 204.761769 279.687948 303.571363 275.145618 254.468966 278.034568 331.863228 351.631257 361.393397 412.352851 473.726969 503.005142 485.276980 374.737942 318.110243 301.879968 285.557388 220.277661 152.250196 111.132098 57.056515 -25.877590 -86.069135 -86.625770 -70.365759 -100.517019 -153.584369 -195.252871 -204.993428 -218.725236 -231.922564 -225.425534 -204.930878 -180.563763 -168.165295 -179.580605 -199.264414 -221.633592 -249.746240 -247.550270 -221.775787 -9999.0 -9999.0 -9999.0 -9999.0 -9999.0 -9999.0
-9999.0 -9999.0 -9999.0 -9999.0 -544.523733 -532.642910 -544.701076 -521.940818 -490.924636 -458.827456 -427.677414 -391.748318 -366.091434 -337.732926 -297.257396 -260.415725 -217.895774 -183.597364 -129.380630 -60.715645 -8.916955 17.575665 34.744723 102.314774 168.987462 226.258228 249.573423 285.582147 363.835611 496.508668 529.298802 534.293221 544.745803 564.690829 594.453061 616.943527 602.736127 597.641049 602.156262 611.417114 630.295960 632.814930 643.409872 656.714161 661.947915 659.675859 631.087219 600.571310 590.306304 584.910559 568.568921 521.953024 484.394554 393.147835 322.704817 251.903413 172.208647 149.152286 91.287411 28.041307 -40.165409 -65.861228 -97.736620 -122.479581 -151.380129 -149.079307 -144.551321 -162.641843 -191.678635 -222.336750 -236.241218 -253.991966 -263.379929 -232.932906 -214.759784 -183.411493 -9999.0 -9999.0 -9999.0 -9999.0
-9999.0 -9999.0 -601.635198 -552.189537 -497.246906 -489.603415 -488.419200 -484.675995 -459.231699 -410.365352 -333.863495 -282.818479 -238.399014 -208.519012 -150.328171 -67.633789 7.633158 62.946084 122.693888 192.279178 259.520758 305.852818 349.894650 467.211262 523.337271 565.150277 580.755484 599.123447 626.512636 661.942194 679.266710 692.254469 696.455412 691.964346 690.908200 688.682033 686.703401 684.300574 670.931539 666.626935 670.964406 673.463157 678.271708 669.324006 667.457994 678.114095 681.727358 683.952229 686.813093 694.597251 702.023799 674.447253 639.252100 618.205158 605.475365 572.729578 531.963817 503.507977 471.034565 334.409121 225.353881 160.346798 96.484735 44.578786 -6.722409 -37.691150 -81.515092 -119.505091 -162.051211 -205.070220 -226.820562 -243.878578 -244.916601 -243.283095 -226.451067 -210.192782 -194.299492 -186.239095 -9999.0 -9999.0
-9999.0 -699.777805 -627.583846 -500.921193 -423.566458 -380.611153 -342.848623 -316.045641 -293.061641 -279.171039 -172.481252 -67.515968 28.254725 58.813946 107.848115 206.373514 326.612650 458.194538 504.278129 540.884023 578.435576 609.794570 632.573091 666.013537 695.492617 695.873854 693.751170 693.437036 688.736613 686.263279 680.223449 685.976850 683.436037 668.717220 658.509122 658.370641 657.256936 642.731773 620.669126 593.845694 589.344283 607.064722 596.355954 579.883695 578.806034 601.635804 632.846282 633.412847 626.474497 637.186649 657.094178 667.059899 677.343014 688.574614 706.090732 683.765747 664.546535 640.895790 626.675310 591.289965 546.199748 484.784582 340.645230 249.301592 172.881679 93.680372 34.758330 -19.404211 -80.330146 -116.314627 -144.821175 -194.643316 -215.993013 -212.723796 -220.755389 -222.408489 -215.150378 -208.428649 -9999.0 -9999.0
-9999.0 -770.773273 -627.908550 -443.463508 -299.363946 -241.094199 -126.067874 -36.696791 -8.907775 -33.172078 70.297518 324.481969 484.011473 503.999950 549.478297 602.438804 629.279239 667.521080 689.105886 687.260203 684.617294 688.477623 685.855027 682.990310 675.435445 671.665909 671.321872 668.630686 658.502229 649.410781 640.546250 639.325001 622.690884 573.772138 546.925712 536.917651 530.756175 516.645343 474.419030 360.636883 325.470654 363.522170 336.685605 302.258632 299.014189 354.725135 480.676947 494.223614 500.021550 513.006267 536.822239 560.215337 577.950243 614.556902 641.297196 667.488697 680.425360 701.180795 705.595259 683.616943 656.745877 621.870817 586.568140 538.958739 464.216659 285.258245 208.295183 145.911500 74.657442 29.345940 -17.632894 -74.912766 -129.865642 -153.384375 -190.712388 -210.511954 -9999.0 -9999.0 -9999.0 -9999.0
-9999.0 -835.624757 -644.704386 -380.964889 -127.235997 -6.250287 208.373823 437.023181 498.719666 543.901287 554.005952 639.545213 671.317778 666.346067 652.768890 648.897595 656.759320 660.967937 659.975357 656.233242 653.753747 653.841690 654.805895 652.557159 647.669524 639.072423 626.954069 603.778456 570.798636 548.992265 527.630638 516.569350 466.583671 263.216712 199.916390 165.498869 114.187575 106.970630 92.422359 53.629031 32.500615 18.996368 34.516604 32.187747 32.723418 44.167201 74.090652 94.291093 133.784650 168.705277 213.071704 268.607328 323.427905 466.679106 523.065206 563.354841 589.045559 625.843382 658.212333 683.446378 704.354741 697.621817 674.767957 650.751081 605.917245 549.723512 517.330315 444.250808 292.043925 218.199220 157.751762 83.117733 14.933951 -65.702201 -104.197416 -9999.0 -9999.0 -9999.0 -9999.0 -9999.0
-9999.0 -988.475994 -721.330181 -426.825447 -100.478539 218.575304 390.480048 539.541903 593.779732 553.886408 547.788927 563.941068 600.115903 613.744891 588.342303 576.092394 565.804054 565.391334 577.124223 561.215622 544.708812 538.939049 541.393332 535.478385 521.696023 509.148888 484.940049 381.924113 288.785329 228.124429 146.985657 123.757166 50.242847 -23.909572 -71.099850 -117.835737 -167.581471 -168.929446 -153.750693 -170.794841 -192.884052 -211.430880 -186.589718 -171.828852 -161.322402 -170.897897 -162.008519 -128.423860 -82.032475 -42.030934 4.029948 54.149314 98.251636 157.330724 198.126446 258.598234 333.399823 473.444562 547.332849 611.231661 642.866233 666.629799 695.004058 713.977834 679.288300 650.071115 627.056525 595.427043 533.831176 500.052652 447.314687 260.513497 166.778330 -9999.0 -9999.0 -9999.0 -9999.0 -9999.0 -9999.0 -9999.0
-9999.0 -1122.854894 -890.280839 -642.153959 -346.418864 -119.522225 45.157611 151.223542 226.545732 233.963088 256.783861 295.505107 358.517417 433.467736 344.531694 275.043790 236.933184 239.169454 237.916328 211.064357 180.829201 166.102833 165.921163 159.309553 133.534228 116.962344 102.769483 71.209064 31.794752 -20.905564 -100.132087 -164.930340 -225.085002 -260.209068 -289.739936 -322.003672 -360.004391 -348.875519 -333.914016 -338.385208 -350.700078 -355.281888 -325.939544 -307.941932 -298.219411 -311.923542 -294.157953 -268.078587 -227.415849 -187.622799 -142.827178 -92.563347 -43.436544 -15.113186 -0.344254 27.663106 70.407790 136.112291 236.976646 394.556413 519.653422 566.858225 620.955885 648.699938 660.427072 683.831143 680.514058 633.957065 567.382890 582.722792 579.813179 -9999.0 -9999.0 -9999.0 -9999.0 -9999.0 -9999.0 -9999.0 -9999.0 -9999.0
-9999.0 -9999.0 -1127.245526 -935.984472 -775.277434 -592.782752 -449.766426 -351.523572 -283.263100 -196.918172 -110.419756 -38.599385 2.140095 21.711838 -1.407740 -43.684124 -70.201311 -69.910472 -78.471346 -91.852707 -115.113049 -123.371608 -131.770390 -138.723076 -151.371299 -158.425652 -163.733413 -174.789975 -196.607355 -242.270096 -294.312412 -345.207341 -398.218988 -422.096745 -443.160925 -465.177788 -468.426789 -469.684633 -462.594664 -461.336804 -456.159795 -444.661700 -424.118031 -403.212410 -394.172872 -387.676774 -375.676154 -352.860863 -320.794523 -281.223065 -230.483505 -177.032044 -141.433762 -131.594154 -142.586930 -138.282674 -118.023886 -75.487507 8.409582 97.753826 199.756249 292.136837 470.727350 534.903131 553.109980 580.145772 622.451084 593.684531 384.040581 540.671479 -9999.0 -9999.0 -9999.0 -9999.0 -9999.0 -9999.0 -9999.0 -9999.0 -9999.0 -9999.0
-9999.0 -9999.0 -9999.0 -9999.0 -1078.951098 -922.103905 -829.813908 -749.544995 -632.948081 -529.417761 -441.929108 -369.884684 -320.203511 -297.975788 -310.208197 -316.531539 -324.841652 -328.071275 -336.211797 -341.626507 -347.021072 -354.281699 -364.749943 -371.847199 -372.294889 -368.573835 -370.079683 -382.322131 -397.053155 -423.495783 -446.753943 -480.981460 -517.171236 -545.546315 -558.017504 -564.680796 -564.125321 -569.251406 -559.575771 -553.345731 -538.619575 -523.294698 -499.481158 -471.561299 -459.389174 -445.576107 -436.235831 -415.939307 -386.879690 -335.493585 -274.769970 -220.545575 -188.811369 -187.307909 -215.529207 -233.596897 -239.162189 -213.679967 -169.739940 -104.091808 -5.929573 65.977829 139.804268 198.648488 248.213985 347.964569 531.551760 584.636184 -9999.0 -9999.0 -9999.0 -9999.0 -9999.0 -9999.0 -9999.0 -9999.0 -9999.0 -9999.0 -9999.0 -9999.0
-9999.0 -9999.0 -9999.0 -9999.0 -9999.0 -9999.0 -1136.082245 -1042.198719 -954.851319 -836.644083 -727.849729 -639.618215 -568.487481 -545.438863 -529.542313 -508.155039 -512.900078 -529.274750 -545.091555 -528.873072 -519.668897 -524.062405 -550.499715 -551.756485 -548.221740 -538.660633 -539.421136 -544.966948 -568.930822 -560.795141 -561.974420 -584.270245 -609.644139 -623.610069 -634.756151 -624.593065 -623.526139 -635.692765 -632.990435 -607.151670 -587.652617 -574.281481 -551.885724 -519.079409 -487.505693 -473.652484 -473.036774 -467.235188 -426.363051 -357.398930 -288.775218 -237.068966 -208.140865 -202.659948 -233.189485 -276.559462 -300.794120 -297.274621 -266.281972 -216.693406 -144.850861 -99.849073 -70.582686 -49.031086 -20.740167 75.667126 -9999.0 -9999.0 -9999.0 -9999.0 -9999.0 -9999.0 -9999.0 -9999.0 -9999.0 -9999.0 -9999.0 -9999.0 -9999.0 -9999.0
-9999.0 -9999.0 -9999.0 -9999.0 -9999.0 -9999.0 -9999.0 -9999.0 -9999.0 -9999.0 -9999.0 -9999.0 -9999.0 -9999.0 -9999.0 -9999.0 -9999.0 -9999.0 -9999.0 -9999.0 -9999.0 -9999.0 -9999.0 -9999.0 -9999.0 -9999.0 -9999.0 -9999.0 -9999.0 -9999.0 -9999.0 -9999.0 -9999.0 -9999.0 -9999.0 -9999.0 -9999.0 -9999.0 -9999.0 -9999.0 -9999.0 -9999.0 -9999.0 -9999.0 -9999.0 -9999.0 -9999.0 -9999.0 -9999.0 -9999.0 -9999.0 -9999.0 -9999.0 -9999.0 -9999.0 -9999.0 -9999.0 -9999.0 -9999.0 -9999.0 -9999.0 -9999.0 -9999.0 -9999.0 -9999.0 -9999.0 -9999.0 -9999.0 -9999.0 -9999.0 -9999.0 -9999.0 -9999.0 -9999.0 -9999.0 -9999.0 -9999.0 -9999.0 -9999.0 -9999.0
-9999.0 -9999.0 -9999.0 -9999.0 -9999.0 -9999.0 -9999.0 -9999.0 -9999.0 -9999.0 -9999.0 -9999.0 -9999.0 -9999.0 -9999.0 -9999.0 -9999.0 -9999.0 -9999.0 -9999.0 -9999.0 -9999.0 -9999.0 -9999.0 -9999.0 -9999.0 -9999.0 -9999.0 -9999.0 -9999.0 -9999.0 -9999.0 -9999.0 -9999.0 -9999.0 -9999.0 -9999.0 -9999.0 -9999.0 -9999.0 -9999.0 -9999.0 -9999.0 -9999.0 -9999.0 -9999.0 -9999.0 -9999.0 -9999.0 -9999.0 -9999.0 -9999.0 -9999.0 -9999.0 -9999.0 -9999.0 -9999.0 -9999.0 -9999.0 -9999.0 -9999.0 -9999.0 -9999.0 -9999.0 -9999.0 -9999.0 -9999.0 -9999.0 -9999.0 -9999.0 -9999.0 -9999.0 -9999.0 -9999.0 -9999.0 -9999.0 -9999.0 -9999.0 -9999.0 -9999.0