Borden_/Borden1m_014/output_maps/psiliqL0011N0037.asc
ncols         80
nrows         18
xllcorner     620200.000000
yllcorner     5168000.000000
cellsize      1.000000
NODATA_value  -9999.0
-9999.0 -9999.0 -9999.0 -9999.0 -9999.0 -9999.0 -9999.0 -9999.0 -9999.0 -9999.0 -9999.0 -9999.0 -9999.0 -9999.0 -9999.0 -9999.0 -9999.0 -9999.0 -9999.0 -9999.0 -9999.0 -9999.0 -9999.0 -9999.0 -9999.0 -9999.0 -9999.0 -9999.0 -9999.0 -9999.0 -9999.0 -9999.0 -9999.0 -9999.0 -9999.0 -9999.0 -9999.0 -9999.0 -9999.0 -9999.0 -9999.0 -9999.0 -9999.0 -9999.0 -9999.0 -9999.0 -9999.0 -9999.0 -9999.0 -9999.0 -9999.0 -9999.0 -9999.0 -9999.0 -9999.0 -9999.0 -9999.0 -9999.0 -9999.0 -9999.0 -9999.0 -9999.0 -9999.0 -9999.0 -9999.0 -9999.0 -9999.0 -9999.0 -9999.0 -9999.0 -9999.0 -9999.0 -9999.0 -9999.0 -9999.0 -9999.0 -9999.0 -9999.0 -9999.0 -9999.0
-9999.0 -9999.0 -9999.0 -9999.0 -9999.0 -9999.0 -9999.0 -9999.0 -9999.0 -9999.0 -9999.0 -9999.0 -9999.0 -9999.0 -9999.0 -9999.0 -9999.0 -9999.0 -9999.0 -9999.0 -9999.0 -9999.0 -9999.0 -9999.0 -9999.0 -9999.0 -9999.0 -9999.0 -9999.0 -9999.0 -9999.0 -9999.0 -9999.0 -9999.0 -9999.0 -9999.0 -9999.0 -9999.0 -9999.0 -9999.0 -9999.0 -9999.0 -9999.0 -9999.0 -9999.0 -9999.0 -9999.0 -9999.0 -9999.0 -9999.0 -9999.0 -9999.0 -9999.0 -9999.0 -9999.0 -9999.0 -9999.0 -9999.0 -9999.0 -9999.0 -9999.0 -9999.0 -9999.0 -9999.0 -9999.0 -9999.0 -9999.0 -9999.0 -9999.0 -9999.0 -9999.0 -9999.0 -9999.0 -9999.0 -9999.0 -9999.0 -9999.0 -9999.0 -9999.0 -9999.0
-9999.0 -9999.0 -9999.0 -9999.0 -9999.0 -9999.0 -9999.0 -9999.0 -9999.0 -9999.0 -9999.0 -9999.0 -9999.0 -9999.0 -9999.0 -9999.0 -9999.0 -9999.0 -9999.0 -9999.0 340.872534 343.911368 321.942194 288.676275 261.194154 264.054093 299.750991 341.977928 381.300907 392.640138 375.615268 378.428603 374.513050 374.803757 378.466842 385.612777 389.701701 401.874849 411.386323 412.207972 407.106911 402.497376 402.676566 406.241305 411.170705 400.549132 413.284369 427.542334 432.137317 425.233795 396.018126 378.495962 368.344153 351.917991 375.050046 386.081690 407.979471 411.327941 409.013050 381.223189 350.642209 -9999.0 -9999.0 -9999.0 -9999.0 -9999.0 -9999.0 -9999.0 -9999.0 -9999.0 -9999.0 -9999.0 -9999.0 -9999.0 -9999.0 -9999.0 -9999.0 -9999.0 -9999.0 -9999.0
-9999.0 -9999.0 -9999.0 -9999.0 -9999.0 -9999.0 -9999.0 -9999.0 -9999.0 -9999.0 -9999.0 -9999.0 -9999.0 -9999.0 248.709635 239.243827 236.957425 246.133621 280.517406 311.197310 323.821399 316.871992 317.591788 294.895527 275.488480 290.622707 321.457031 354.576311 390.777755 412.842922 402.048789 400.695678 412.132545 440.179007 455.543364 453.943859 434.147251 458.244092 476.082981 487.210964 488.375599 481.230126 496.140186 512.687258 505.525053 486.869044 489.360650 499.632008 511.317794 494.069070 426.425541 403.359422 397.298706 388.518383 372.896326 364.821022 388.603795 388.056863 378.716121 359.725423 326.441251 281.857842 263.052771 300.894866 344.406234 401.607207 -9999.0 -9999.0 -9999.0 -9999.0 -9999.0 -9999.0 -9999.0 -9999.0 -9999.0 -9999.0 -9999.0 -9999.0 -9999.0 -9999.0
-9999.0 -9999.0 -9999.0 -9999.0 -9999.0 -9999.0 -9999.0 -9999.0 -9999.0 189.736585 194.174660 201.923592 204.615286 220.896151 219.399183 227.158588 235.559297 263.058193 295.184542 331.408876 361.358325 353.099846 354.906770 367.658281 374.636122 389.088822 412.767759 456.534761 501.452224 546.241141 519.782546 519.263849 540.656709 592.106470 630.907796 640.936543 622.895131 630.657069 659.548623 687.408110 691.540655 692.169914 718.277091 732.342919 735.065410 713.738477 694.564660 690.519445 712.748880 657.087158 585.599748 528.444283 526.867111 492.274989 448.741045 424.216374 419.119620 438.574793 421.428970 382.081805 343.926026 332.314645 314.157022 329.736034 351.203149 397.046486 435.024275 462.870171 462.046055 444.060440 -9999.0 -9999.0 -9999.0 -9999.0 -9999.0 -9999.0 -9999.0 -9999.0 -9999.0 -9999.0
-9999.0 -9999.0 -9999.0 -9999.0 -9999.0 -9999.0 110.215919 119.691547 140.144472 145.813028 171.274342 179.555671 201.024624 221.359917 243.550695 261.762258 293.980964 328.535935 371.930866 418.305202 453.658528 452.006319 465.478696 501.322733 546.144704 580.615962 609.581311 654.910469 737.191959 784.883743 797.823529 804.499204 815.011926 862.323548 925.841518 942.391274 923.470936 910.073768 931.819346 971.754244 987.418880 992.003969 1001.809031 1010.720615 1035.575325 1024.714601 977.801122 957.175334 949.799029 933.010620 873.728956 808.946270 767.867095 714.575133 627.092616 564.441156 563.700709 577.381631 543.168061 484.988563 438.980552 425.109650 407.670015 391.679708 395.462281 413.047206 434.422905 444.366787 430.486497 408.716641 384.964544 355.622001 356.972586 382.065515 -9999.0 -9999.0 -9999.0 -9999.0 -9999.0 -9999.0
-9999.0 -9999.0 -9999.0 -9999.0 59.923053 72.860389 61.448913 86.267320 119.251989 153.769163 187.165711 225.840226 254.779923 286.673515 330.226594 370.044665 417.269703 456.740266 516.225345 590.724618 649.317461 680.834227 702.171060 764.931879 827.651855 880.972068 902.952726 932.549027 978.404647 1044.836505 1073.681905 1081.342378 1098.820935 1130.002385 1173.874591 1205.375906 1190.890672 1184.909469 1191.596986 1204.427298 1231.253285 1234.296253 1236.685294 1238.370466 1241.449906 1239.907843 1214.466299 1179.947285 1164.742638 1153.071327 1126.902576 1059.950958 1011.999236 979.020343 947.090794 895.747329 826.985255 804.636313 744.905867 683.937934 612.238538 582.562104 546.203985 515.757926 481.366271 478.506618 478.075900 455.114100 421.589458 387.992148 371.963241 352.566656 341.589375 371.203488 388.629174 419.215058 -9999.0 -9999.0 -9999.0 -9999.0
-9999.0 -9999.0 0.738659 50.408721 107.182104 116.570111 118.986654 125.592956 154.585731 207.606277 287.460435 342.958212 390.930101 427.135491 492.060055 581.619469 665.189359 719.467105 781.072573 850.704110 914.599070 952.977551 978.342309 1019.233050 1070.695412 1128.109221 1153.092525 1178.254773 1209.326749 1242.879044 1260.777638 1275.684947 1282.721414 1282.152287 1284.982104 1284.826950 1280.961252 1276.018186 1259.199966 1257.149234 1265.543733 1270.524553 1273.249410 1260.469735 1256.428681 1268.885258 1270.849988 1269.261430 1268.887950 1275.257103 1281.392810 1245.893822 1200.501228 1183.627600 1174.602152 1131.906311 1067.755508 1019.209677 994.292691 951.170712 871.335287 815.712113 761.659721 707.303039 647.859569 608.479404 554.792851 507.424042 457.408261 409.254109 384.244656 365.011605 362.021252 361.832859 377.575177 392.840077 408.038177 415.747547 -9999.0 -9999.0
-9999.0 -100.147320 -27.382708 100.092481 180.403709 226.823628 265.614017 294.950097 324.422804 347.797611 460.633000 567.710214 666.094983 704.940230 760.399967 861.180773 960.253003 1005.503208 1041.089973 1091.946131 1149.446034 1195.243563 1224.986572 1246.480182 1277.117916 1284.041470 1285.031373 1286.750394 1281.667361 1274.544333 1265.479017 1271.940320 1268.903938 1250.611720 1234.693827 1230.666475 1223.171999 1198.693506 1171.631505 1158.160660 1161.952843 1184.066651 1173.260035 1153.182229 1149.497605 1169.755473 1187.097319 1178.206328 1167.087193 1183.782443 1219.367110 1241.466273 1254.690030 1269.963664 1290.456555 1266.309318 1235.102335 1193.362035 1172.816834 1143.055744 1080.848595 1016.878273 961.449357 898.164893 829.220608 756.724733 688.347366 620.846198 548.509062 504.127891 470.297026 417.387976 393.864619 394.383640 384.572887 381.358172 387.341473 393.579134 -9999.0 -9999.0
-9999.0 -175.519653 -32.165834 153.985936 303.523275 368.285942 484.040743 573.117197 607.849580 586.914208 702.401760 926.897459 1020.473218 1035.681273 1102.958215 1184.659451 1215.403757 1245.585312 1265.377975 1268.507312 1271.763408 1279.187908 1277.845662 1271.859698 1258.177826 1250.699737 1249.411446 1245.754216 1226.575632 1206.502364 1188.540238 1183.655869 1166.756221 1125.134619 1091.275594 1072.477875 1053.274814 1030.352480 996.353151 970.326719 957.242706 975.003141 966.527288 949.022531 945.257524 967.945154 1000.307229 995.054218 1001.434855 1023.889965 1066.133794 1109.567876 1133.527105 1162.884728 1200.340907 1243.854569 1261.367303 1281.977784 1286.383396 1264.659565 1220.360325 1167.662290 1132.634678 1065.649026 989.768696 908.194186 841.635382 777.539068 706.177161 656.178343 605.068363 544.390326 485.455462 457.017010 415.844304 394.360179 -9999.0 -9999.0 -9999.0 -9999.0
-9999.0 -246.940952 -56.347178 207.642692 477.951290 606.347471 809.840901 943.476306 1010.898764 1071.233864 1083.142626 1208.340576 1239.328811 1233.070199 1224.062592 1226.582129 1241.371090 1245.212956 1241.424132 1230.898982 1220.755381 1215.867763 1215.022692 1207.051724 1195.405800 1180.564234 1167.109749 1152.374104 1109.732969 1074.487560 1040.081953 1024.490484 987.559571 896.891282 852.521204 817.478897 761.589446 752.193421 741.894638 712.502286 692.933526 675.371536 694.901503 696.644708 698.159481 704.603026 724.310150 746.103980 789.530482 826.506939 872.396330 926.614184 962.007575 1006.298919 1055.549896 1115.750913 1148.977560 1179.711361 1225.609070 1265.259081 1287.563384 1276.874851 1246.841669 1200.587765 1128.059816 1054.170339 999.370557 922.242485 854.908143 802.523971 759.496582 710.149629 643.165207 550.456937 504.982950 -9999.0 -9999.0 -9999.0 -9999.0 -9999.0
-9999.0 -412.333985 -143.817944 150.821596 479.157712 803.641098 923.852477 1068.935075 1143.157588 1096.253551 1089.423475 1115.829968 1156.427188 1164.767221 1145.591233 1137.859349 1128.637913 1128.624742 1140.485249 1112.219822 1079.111041 1064.399650 1063.434527 1051.232707 1028.544134 1010.892289 997.263191 975.741072 925.149891 873.740633 794.642159 766.314176 690.692643 624.842762 574.778302 522.889289 469.455028 466.147322 481.218507 464.535566 441.644650 422.792026 448.746023 465.251328 476.940584 467.168788 477.142708 513.881976 565.412722 612.512824 667.420206 726.596608 775.574631 826.451514 862.074632 916.555648 964.963364 1012.529337 1087.225027 1167.807964 1203.871077 1238.088613 1271.468714 1284.802619 1232.007872 1176.544542 1118.336622 1045.108652 952.277852 905.758085 885.129948 854.051087 802.548305 -9999.0 -9999.0 -9999.0 -9999.0 -9999.0 -9999.0 -9999.0
-9999.0 -543.657164 -316.378875 -74.521399 221.672968 463.342225 652.354971 768.633998 852.500571 863.714643 885.079461 917.750632 949.946594 972.969874 951.065823 913.642954 886.081728 889.481796 886.453882 860.747074 829.569527 813.865250 811.737116 804.159870 778.661621 762.395713 749.942078 725.270828 686.845812 627.087501 541.538754 468.858467 404.958080 368.217701 336.036291 301.574992 263.003103 272.680388 286.051854 281.445480 269.467962 265.422498 294.852137 313.549223 323.759222 311.464138 330.579330 358.175191 401.130758 445.215871 496.197043 554.122280 611.319297 645.553307 664.965553 697.507526 742.213055 800.406930 888.719543 984.955413 1061.052451 1112.226234 1161.790296 1193.590403 1203.343327 1213.961741 1183.371740 1088.517491 948.809139 946.327276 950.659856 -9999.0 -9999.0 -9999.0 -9999.0 -9999.0 -9999.0 -9999.0 -9999.0 -9999.0
-9999.0 -9999.0 -552.956702 -366.588810 -213.733401 -28.035886 124.934442 235.337263 317.450217 415.696727 512.161762 593.503131 638.556909 656.806625 639.859575 600.290808 574.364434 573.568641 563.186661 549.166775 525.212255 515.589762 505.043518 496.526608 483.723555 476.072786 469.532462 456.735868 432.179314 382.890688 329.336829 275.867814 220.592313 194.245687 171.447780 148.549764 145.270467 142.534495 148.814620 149.971175 155.689949 167.634018 188.204055 209.785719 219.373004 227.094918 239.824361 263.821621 297.473368 339.669201 393.672613 451.525269 492.077801 506.295050 498.955209 507.382582 532.556538 581.782203 673.563842 765.271176 860.686411 932.334712 1002.865957 1052.059652 1065.241126 1078.623689 1088.646623 1002.247828 657.185631 865.847316 -9999.0 -9999.0 -9999.0 -9999.0 -9999.0 -9999.0 -9999.0 -9999.0 -9999.0 -9999.0
-9999.0 -9999.0 -9999.0 -9999.0 -510.402629 -352.615160 -256.840758 -172.751682 -48.349847 64.422279 159.622601 238.988770 295.622457 320.584792 311.448975 308.609206 300.908159 296.081028 286.781621 282.209320 277.477430 269.370341 256.837111 248.971510 248.299884 251.707465 248.937190 235.013019 217.704342 191.092017 167.358092 131.711468 94.442742 64.850437 51.443294 44.642706 44.568492 38.553619 47.778659 54.370138 69.299787 84.672086 108.632130 137.159831 150.122763 164.539184 174.382207 195.312088 225.682455 278.904542 341.884866 398.892336 433.838455 438.083376 412.822825 397.784317 395.769838 426.241939 477.029182 551.918167 661.308027 740.451261 803.685796 850.151788 881.060476 922.440695 962.566004 979.364823 -9999.0 -9999.0 -9999.0 -9999.0 -9999.0 -9999.0 -9999.0 -9999.0 -9999.0 -9999.0 -9999.0 -9999.0
-9999.0 -9999.0 -9999.0 -9999.0 -9999.0 -9999.0 -562.701491 -465.006152 -378.621034 -251.013517 -132.113973 -37.079517 39.258436 66.464657 86.513608 109.882015 105.950256 88.516409 71.154322 88.007513 98.501720 93.117324 64.829554 63.453431 67.098482 75.862050 74.118677 67.620759 42.432195 51.050031 49.791735 26.344128 -0.008931 -14.494228 -26.292167 -16.544285 -15.958967 -28.808902 -26.910520 -0.662866 19.194836 32.586509 54.935164 88.093673 120.159121 134.708259 135.846537 142.159005 183.406541 253.764234 324.484727 378.589399 409.946392 417.485081 389.260876 348.556733 327.614226 335.147006 371.343431 427.283542 507.932580 562.086518 595.705195 617.651393 644.128494 736.479933 -9999.0 -9999.0 -9999.0 -9999.0 -9999.0 -9999.0 -9999.0 -9999.0 -9999.0 -9999.0 -9999.0 -9999.0 -9999.0 -9999.0
-9999.0 -9999.0 -9999.0 -9999.0 -9999.0 -9999.0 -9999.0 -9999.0 -9999.0 -9999.0 -9999.0 -9999.0 -9999.0 -9999.0 -9999.0 -9999.0 -9999.0 -9999.0 -9999.0 -9999.0 -9999.0 -9999.0 -9999.0 -9999.0 -9999.0 -9999.0 -9999.0 -9999.0 -9999.0 -9999.0 -9999.0 -9999.0 -9999.0 -9999.0 -9999.0 -9999.0 -9999.0 -9999.0 -9999.0 -9999.0 -9999.0 -9999.0 -9999.0 -9999.0 -9999.0 -9999.0 -9999.0 -9999.0 -9999.0 -9999.0 -9999.0 -9999.0 -9999.0 -9999.0 -9999.0 -9999.0 -9999.0 -9999.0 -9999.0 -9999.0 -9999.0 -9999.0 -9999.0 -9999.0 -9999.0 -9999.0 -9999.0 -9999.0 -9999.0 -9999.0 -9999.0 -9999.0 -9999.0 -9999.0 -9999.0 -9999.0 -9999.0 -9999.0 -9999.0 -9999.0
-9999.0 -9999.0 -9999.0 -9999.0 -9999.0 -9999.0 -9999.0 -9999.0 -9999.0 -9999.0 -9999.0 -9999.0 -9999.0 -9999.0 -9999.0 -9999.0 -9999.0 -9999.0 -9999.0 -9999.0 -9999.0 -9999.0 -9999.0 -9999.0 -9999.0 -9999.0 -9999.0 -9999.0 -9999.0 -9999.0 -9999.0 -9999.0 -9999.0 -9999.0 -9999.0 -9999.0 -9999.0 -9999.0 -9999.0 -9999.0 -9999.0 -9999.0 -9999.0 -9999.0 -9999.0 -9999.0 -9999.0 -9999.0 -9999.0 -9999.0 -9999.0 -9999.0 -9999.0 -9999.0 -9999.0 -9999.0 -9999.0 -9999.0 -9999.0 -9999.0 -9999.0 -9999.0 -9999.0 -9999.0 -9999.0 -9999.0 -9999.0 -9999.0 -9999.0 -9999.0 -9999.0 -9999.0 -9999.0 -9999.0 -9999.0 -9999.0 -9999.0 -9999.0 -9999.0 -9999.0