Borden_/Borden1m_014/output_maps/psiliqL0015N0019.asc
ncols         80
nrows         18
xllcorner     620200.000000
yllcorner     5168000.000000
cellsize      1.000000
NODATA_value  -9999.0
-9999.0 -9999.0 -9999.0 -9999.0 -9999.0 -9999.0 -9999.0 -9999.0 -9999.0 -9999.0 -9999.0 -9999.0 -9999.0 -9999.0 -9999.0 -9999.0 -9999.0 -9999.0 -9999.0 -9999.0 -9999.0 -9999.0 -9999.0 -9999.0 -9999.0 -9999.0 -9999.0 -9999.0 -9999.0 -9999.0 -9999.0 -9999.0 -9999.0 -9999.0 -9999.0 -9999.0 -9999.0 -9999.0 -9999.0 -9999.0 -9999.0 -9999.0 -9999.0 -9999.0 -9999.0 -9999.0 -9999.0 -9999.0 -9999.0 -9999.0 -9999.0 -9999.0 -9999.0 -9999.0 -9999.0 -9999.0 -9999.0 -9999.0 -9999.0 -9999.0 -9999.0 -9999.0 -9999.0 -9999.0 -9999.0 -9999.0 -9999.0 -9999.0 -9999.0 -9999.0 -9999.0 -9999.0 -9999.0 -9999.0 -9999.0 -9999.0 -9999.0 -9999.0 -9999.0 -9999.0
-9999.0 -9999.0 -9999.0 -9999.0 -9999.0 -9999.0 -9999.0 -9999.0 -9999.0 -9999.0 -9999.0 -9999.0 -9999.0 -9999.0 -9999.0 -9999.0 -9999.0 -9999.0 -9999.0 -9999.0 -9999.0 -9999.0 -9999.0 -9999.0 -9999.0 -9999.0 -9999.0 -9999.0 -9999.0 -9999.0 -9999.0 -9999.0 -9999.0 -9999.0 -9999.0 -9999.0 -9999.0 -9999.0 -9999.0 -9999.0 -9999.0 -9999.0 -9999.0 -9999.0 -9999.0 -9999.0 -9999.0 -9999.0 -9999.0 -9999.0 -9999.0 -9999.0 -9999.0 -9999.0 -9999.0 -9999.0 -9999.0 -9999.0 -9999.0 -9999.0 -9999.0 -9999.0 -9999.0 -9999.0 -9999.0 -9999.0 -9999.0 -9999.0 -9999.0 -9999.0 -9999.0 -9999.0 -9999.0 -9999.0 -9999.0 -9999.0 -9999.0 -9999.0 -9999.0 -9999.0
-9999.0 -9999.0 -9999.0 -9999.0 -9999.0 -9999.0 -9999.0 -9999.0 -9999.0 -9999.0 -9999.0 -9999.0 -9999.0 -9999.0 -9999.0 -9999.0 -9999.0 -9999.0 -9999.0 -9999.0 1148.914379 1151.830721 1130.669319 1098.097024 1071.429501 1075.013900 1110.907012 1153.610988 1193.761859 1205.233429 1189.054886 1193.390251 1190.329905 1189.899100 1192.877609 1200.281493 1205.043860 1216.200819 1224.517350 1224.047999 1218.071523 1213.225333 1213.911366 1216.876424 1222.227394 1210.784106 1224.493742 1239.278015 1243.859764 1238.129098 1210.354044 1193.667603 1182.895926 1165.386776 1188.160963 1198.188580 1219.240318 1221.766171 1218.587466 1190.476809 1159.705964 -9999.0 -9999.0 -9999.0 -9999.0 -9999.0 -9999.0 -9999.0 -9999.0 -9999.0 -9999.0 -9999.0 -9999.0 -9999.0 -9999.0 -9999.0 -9999.0 -9999.0 -9999.0 -9999.0
-9999.0 -9999.0 -9999.0 -9999.0 -9999.0 -9999.0 -9999.0 -9999.0 -9999.0 -9999.0 -9999.0 -9999.0 -9999.0 -9999.0 1054.687617 1045.978999 1044.385540 1054.026951 1088.829264 1120.101385 1132.613605 1126.162223 1127.538293 1105.424619 1086.307960 1101.836916 1133.184037 1166.367364 1202.679222 1224.749555 1215.665330 1215.551861 1226.803850 1252.671703 1265.635913 1263.273854 1244.039852 1267.528786 1282.935460 1291.041191 1290.570839 1282.337210 1295.051559 1310.611269 1303.651121 1286.472697 1291.905374 1303.818711 1315.483042 1301.628427 1237.669063 1217.366754 1210.698414 1201.738198 1185.701108 1177.779705 1201.595690 1199.771545 1189.837212 1170.471714 1136.659411 1091.809895 1072.261782 1109.912107 1152.533573 1208.718846 -9999.0 -9999.0 -9999.0 -9999.0 -9999.0 -9999.0 -9999.0 -9999.0 -9999.0 -9999.0 -9999.0 -9999.0 -9999.0 -9999.0
-9999.0 -9999.0 -9999.0 -9999.0 -9999.0 -9999.0 -9999.0 -9999.0 -9999.0 994.166425 999.419907 1007.607171 1011.037355 1027.778352 1026.308135 1034.674889 1042.941384 1071.547782 1104.142740 1140.591923 1170.421502 1162.883744 1165.099048 1176.973519 1182.112355 1195.807931 1219.119630 1261.109117 1302.542104 1345.995385 1320.272618 1320.849249 1342.364722 1389.971944 1422.218283 1428.899440 1410.545999 1419.484310 1443.994273 1465.339150 1464.953645 1462.734576 1487.827511 1501.935478 1502.446684 1481.997765 1470.031759 1470.730102 1496.040344 1444.726054 1378.533284 1327.603870 1329.032010 1296.520965 1257.432849 1236.316350 1231.803375 1249.861833 1232.614112 1193.583050 1155.932540 1143.418235 1124.471995 1140.243124 1160.951294 1205.755844 1243.398709 1270.617490 1268.896359 1250.525800 -9999.0 -9999.0 -9999.0 -9999.0 -9999.0 -9999.0 -9999.0 -9999.0 -9999.0 -9999.0
-9999.0 -9999.0 -9999.0 -9999.0 -9999.0 -9999.0 914.270344 924.526319 945.673739 950.951446 977.339049 985.665917 1007.432004 1028.043472 1051.267897 1069.246256 1100.776971 1135.597102 1178.531834 1223.491252 1257.127210 1253.516041 1266.219612 1299.558603 1341.431362 1372.174449 1398.700892 1440.158019 1518.649494 1564.671259 1575.288032 1583.709837 1596.438006 1645.798310 1709.115045 1723.739615 1702.573435 1687.252293 1706.615594 1742.040212 1747.899286 1749.509115 1760.173832 1769.813401 1795.490439 1785.705828 1746.022711 1732.354050 1731.012685 1714.894628 1654.220337 1589.982974 1551.937965 1498.105825 1413.454408 1358.548122 1364.211721 1379.605775 1346.829464 1289.994027 1247.286641 1234.738843 1217.436451 1202.110867 1206.523122 1223.821346 1244.265717 1253.730630 1239.064661 1216.478684 1192.525597 1162.453088 1163.089528 1187.362556 -9999.0 -9999.0 -9999.0 -9999.0 -9999.0 -9999.0
-9999.0 -9999.0 -9999.0 -9999.0 863.403977 877.011380 865.477451 891.574394 925.232232 960.429103 993.227240 1031.110321 1059.753994 1091.836482 1134.223560 1170.372589 1214.071055 1252.395787 1310.629664 1381.914621 1434.989861 1460.519495 1478.824170 1541.714495 1607.802909 1662.287304 1684.094461 1712.052155 1756.862207 1819.340163 1848.940138 1857.960388 1877.384864 1913.382008 1960.589920 1993.232869 1975.743722 1966.794666 1972.060658 1983.140117 2006.776676 2008.403487 2010.451934 2013.016907 2017.602148 2016.537185 1992.250404 1959.382714 1946.186535 1937.237585 1907.900509 1838.194546 1795.446546 1762.863137 1728.358769 1676.827115 1612.998245 1594.484000 1532.391104 1471.530304 1407.620129 1383.963504 1350.166258 1321.370809 1289.729948 1288.838349 1289.636390 1266.842662 1232.378939 1198.125164 1181.287399 1160.796592 1148.200213 1176.847784 1193.192944 1222.602752 -9999.0 -9999.0 -9999.0 -9999.0
-9999.0 -9999.0 802.833265 851.979535 909.884169 919.729681 921.172116 928.194387 957.834987 1011.156465 1087.348310 1138.517563 1182.038227 1218.471932 1281.492090 1363.216865 1437.413025 1489.809176 1555.394704 1629.563444 1693.354408 1727.989759 1747.387572 1788.952709 1845.352750 1908.233443 1935.387943 1961.787066 1993.368577 2028.266742 2040.498760 2055.608768 2065.075506 2068.718062 2074.674785 2075.968022 2070.134329 2062.929498 2043.125889 2038.380136 2045.086954 2050.509761 2052.099443 2038.995780 2035.330492 2049.130508 2053.458208 2053.322086 2054.019914 2062.067409 2065.802879 2026.240940 1988.035380 1971.381403 1960.871460 1916.701196 1852.021179 1808.632818 1783.100549 1739.323026 1662.229755 1609.833741 1555.375420 1502.919226 1447.855750 1413.963811 1364.414482 1319.335276 1270.116252 1221.414507 1195.506578 1175.236986 1170.603926 1168.440840 1182.888258 1196.806262 1211.012284 1218.194506 -9999.0 -9999.0
-9999.0 699.076604 771.835722 898.686341 979.873580 1025.762920 1058.550688 1082.335017 1112.058258 1139.568843 1244.927652 1334.041920 1426.140540 1466.647040 1522.314833 1623.315163 1719.262150 1767.371329 1809.114879 1868.201250 1929.659218 1977.758846 2007.281856 2018.872195 2053.879122 2067.982268 2071.322705 2074.830305 2071.489419 2064.274829 2056.004187 2062.471642 2058.987368 2040.219206 2023.991070 2019.799717 2012.089086 1984.955522 1954.155391 1937.817538 1939.612196 1962.213483 1950.433593 1930.213101 1926.862950 1948.486060 1968.854788 1962.154352 1953.331851 1973.580202 2009.520240 2032.047548 2042.130268 2058.785475 2079.659127 2054.197658 2025.748155 1983.365454 1962.882111 1933.672289 1875.876952 1814.509995 1758.547213 1697.089578 1629.632367 1558.938904 1492.603176 1428.613575 1359.222248 1314.925286 1280.720277 1227.484327 1203.452334 1202.200456 1190.991158 1186.171363 1190.559821 1196.124993 -9999.0 -9999.0
-9999.0 618.097241 760.810644 945.925425 1095.651828 1156.217641 1259.468934 1338.806174 1367.179570 1339.454631 1448.711961 1668.839415 1772.490776 1792.427779 1867.150179 1957.430785 1977.818685 2011.877715 2036.431195 2049.147872 2059.277422 2070.102715 2069.026472 2063.658813 2049.125856 2041.009676 2039.183119 2035.710253 2017.546461 1997.630969 1978.901826 1973.296286 1953.810531 1909.506877 1876.087878 1857.152105 1837.617924 1813.693796 1777.962893 1749.428555 1733.827612 1748.996790 1742.446290 1726.346514 1723.027755 1745.503315 1779.144611 1778.268405 1790.746050 1816.387357 1857.876187 1898.174865 1921.710453 1953.103203 1990.912984 2035.728294 2051.581860 2073.583836 2078.101171 2059.534836 2015.638301 1963.348036 1928.536249 1866.149406 1794.178339 1716.128181 1651.441427 1588.286042 1515.196775 1464.709943 1413.583161 1351.202411 1292.198680 1264.545757 1221.975232 1200.185576 -9999.0 -9999.0 -9999.0 -9999.0
-9999.0 538.386906 726.527153 984.990581 1263.135410 1376.639216 1584.497941 1713.163861 1770.072210 1836.995480 1813.174961 1961.652958 2001.836221 1999.445924 2001.097178 2007.781640 2025.474997 2031.018228 2029.849954 2022.391273 2015.347475 2011.871437 2009.829917 2000.885294 1986.740346 1969.862910 1954.950477 1940.763683 1902.212424 1868.297974 1830.784710 1813.225971 1771.989469 1680.720721 1637.837667 1599.992121 1539.090964 1528.788553 1519.719661 1489.306247 1468.693234 1447.774126 1469.763581 1474.511776 1477.419661 1481.681134 1500.525672 1528.003110 1577.774279 1618.768949 1665.011185 1718.222454 1754.747326 1800.673295 1848.241796 1904.673433 1938.523417 1971.331724 2020.166931 2059.735200 2083.306588 2072.321428 2045.261125 1999.536046 1929.846466 1864.903993 1817.745796 1747.385458 1682.875042 1628.055811 1577.417404 1517.799847 1444.734283 1355.623260 1310.010506 -9999.0 -9999.0 -9999.0 -9999.0 -9999.0
-9999.0 357.386190 625.172860 913.198332 1228.012070 1559.880593 1697.122430 1826.437395 1898.155606 1864.286489 1870.361866 1890.831246 1932.743537 1942.655638 1925.778153 1919.775716 1910.718086 1912.752012 1927.693220 1903.862131 1876.292484 1862.868271 1860.806244 1846.265384 1819.471027 1799.239222 1784.523462 1762.677287 1714.589384 1663.579691 1580.919784 1547.143613 1467.741833 1410.536585 1365.871033 1315.234739 1262.306455 1258.791316 1274.139638 1258.142432 1235.264899 1216.669827 1243.308656 1261.285413 1273.926872 1263.352435 1273.846484 1311.929627 1364.248212 1410.823931 1462.403543 1519.023841 1569.125044 1621.316907 1655.648642 1706.901012 1756.160707 1806.049053 1882.166884 1961.688871 1999.735294 2035.417369 2068.929475 2085.183979 2034.706425 1986.986196 1938.741063 1882.378531 1803.840823 1757.870314 1727.634917 1675.660541 1614.220803 -9999.0 -9999.0 -9999.0 -9999.0 -9999.0 -9999.0 -9999.0
-9999.0 231.251600 449.696429 678.942420 963.916887 1203.683968 1401.686200 1513.532648 1593.296250 1628.423909 1662.697633 1696.398230 1726.932418 1750.535022 1731.310639 1695.053353 1669.050493 1674.975077 1672.456185 1650.503028 1622.414686 1607.370499 1603.231905 1592.976254 1564.040761 1545.342082 1531.255086 1506.192463 1471.290053 1415.364828 1335.457340 1261.630397 1199.033443 1166.379126 1136.308385 1102.931544 1066.167843 1075.210060 1086.988836 1082.820071 1071.913209 1068.830479 1098.042067 1117.223475 1127.667134 1116.560489 1136.534494 1164.387407 1207.385972 1251.710046 1301.882720 1358.355983 1414.163756 1446.126138 1462.121715 1489.858477 1532.960606 1592.393518 1681.945156 1778.372374 1857.923774 1908.643582 1961.508392 1997.522133 2013.101678 2027.094103 2006.874072 1932.788862 1824.186705 1824.489344 1818.049348 -9999.0 -9999.0 -9999.0 -9999.0 -9999.0 -9999.0 -9999.0 -9999.0 -9999.0
-9999.0 -9999.0 216.222821 394.014437 532.823812 713.728881 865.519035 977.307367 1066.324539 1178.584326 1282.357305 1364.668152 1408.244716 1426.046774 1412.798159 1380.877150 1360.853448 1361.975221 1352.854905 1342.678866 1322.707171 1314.134642 1301.875112 1291.536707 1278.538615 1270.286164 1262.800426 1249.789136 1226.726429 1179.574640 1130.295987 1078.174185 1024.070466 998.026212 975.668712 953.530065 951.336894 947.095420 952.411304 953.578293 960.106760 972.538204 992.742483 1014.778300 1024.725709 1033.695496 1046.713249 1071.117579 1105.042070 1148.029598 1202.590641 1260.923342 1301.741811 1315.910478 1307.877004 1314.838765 1338.079417 1384.482329 1469.338982 1558.205715 1657.353357 1731.618769 1806.684904 1862.410126 1881.999688 1900.781487 1921.876469 1866.635991 1613.143894 1768.770892 -9999.0 -9999.0 -9999.0 -9999.0 -9999.0 -9999.0 -9999.0 -9999.0 -9999.0 -9999.0
-9999.0 -9999.0 -9999.0 -9999.0 252.665506 408.235946 505.598948 589.772577 718.286864 837.265663 936.161269 1017.838518 1078.071763 1104.165401 1099.451055 1103.949502 1099.629931 1094.486249 1085.387552 1083.907739 1081.999723 1074.001741 1059.364999 1050.712762 1049.866698 1053.096625 1049.382646 1034.838463 1016.695799 993.058691 971.767824 936.801009 900.200645 870.585190 857.054835 850.792450 850.274277 843.298487 851.905145 858.903001 873.962791 889.206584 913.052245 942.024149 955.742360 970.643173 980.713653 1001.711084 1032.557674 1086.399642 1150.216690 1208.344499 1244.580001 1249.741446 1225.883603 1211.577641 1209.664459 1239.794118 1287.727070 1358.864008 1464.256059 1542.268023 1607.299129 1657.869191 1693.830705 1743.658810 1804.611721 1843.831316 -9999.0 -9999.0 -9999.0 -9999.0 -9999.0 -9999.0 -9999.0 -9999.0 -9999.0 -9999.0 -9999.0 -9999.0
-9999.0 -9999.0 -9999.0 -9999.0 -9999.0 -9999.0 209.352253 310.384591 392.433836 528.290589 655.503707 754.794020 833.698288 864.276270 889.288183 915.652085 913.799660 896.094515 877.777211 896.130295 908.961252 902.859431 872.736059 871.299150 874.943422 882.505939 879.725454 872.738863 847.249890 857.682039 857.578203 833.976220 807.571188 793.283528 781.213739 790.621932 790.726550 777.149368 777.936961 804.449584 824.527763 837.727085 859.723540 893.009331 925.415663 940.629718 942.180297 948.644725 989.320859 1059.953330 1131.795404 1187.313665 1219.998490 1228.592904 1201.935675 1162.649169 1143.187858 1151.700138 1188.307365 1243.485378 1322.393373 1375.729690 1407.859699 1427.218700 1450.151135 1542.914716 -9999.0 -9999.0 -9999.0 -9999.0 -9999.0 -9999.0 -9999.0 -9999.0 -9999.0 -9999.0 -9999.0 -9999.0 -9999.0 -9999.0
-9999.0 -9999.0 -9999.0 -9999.0 -9999.0 -9999.0 -9999.0 -9999.0 -9999.0 -9999.0 -9999.0 -9999.0 -9999.0 -9999.0 -9999.0 -9999.0 -9999.0 -9999.0 -9999.0 -9999.0 -9999.0 -9999.0 -9999.0 -9999.0 -9999.0 -9999.0 -9999.0 -9999.0 -9999.0 -9999.0 -9999.0 -9999.0 -9999.0 -9999.0 -9999.0 -9999.0 -9999.0 -9999.0 -9999.0 -9999.0 -9999.0 -9999.0 -9999.0 -9999.0 -9999.0 -9999.0 -9999.0 -9999.0 -9999.0 -9999.0 -9999.0 -9999.0 -9999.0 -9999.0 -9999.0 -9999.0 -9999.0 -9999.0 -9999.0 -9999.0 -9999.0 -9999.0 -9999.0 -9999.0 -9999.0 -9999.0 -9999.0 -9999.0 -9999.0 -9999.0 -9999.0 -9999.0 -9999.0 -9999.0 -9999.0 -9999.0 -9999.0 -9999.0 -9999.0 -9999.0
-9999.0 -9999.0 -9999.0 -9999.0 -9999.0 -9999.0 -9999.0 -9999.0 -9999.0 -9999.0 -9999.0 -9999.0 -9999.0 -9999.0 -9999.0 -9999.0 -9999.0 -9999.0 -9999.0 -9999.0 -9999.0 -9999.0 -9999.0 -9999.0 -9999.0 -9999.0 -9999.0 -9999.0 -9999.0 -9999.0 -9999.0 -9999.0 -9999.0 -9999.0 -9999.0 -9999.0 -9999.0 -9999.0 -9999.0 -9999.0 -9999.0 -9999.0 -9999.0 -9999.0 -9999.0 -9999.0 -9999.0 -9999.0 -9999.0 -9999.0 -9999.0 -9999.0 -9999.0 -9999.0 -9999.0 -9999.0 -9999.0 -9999.0 -9999.0 -9999.0 -9999.0 -9999.0 -9999.0 -9999.0 -9999.0 -9999.0 -9999.0 -9999.0 -9999.0 -9999.0 -9999.0 -9999.0 -9999.0 -9999.0 -9999.0 -9999.0 -9999.0 -9999.0 -9999.0 -9999.0