Borden_/Borden1m_014/output_maps/psiliqL0004N0037.asc
ncols         80
nrows         18
xllcorner     620200.000000
yllcorner     5168000.000000
cellsize      1.000000
NODATA_value  -9999.0
-9999.0 -9999.0 -9999.0 -9999.0 -9999.0 -9999.0 -9999.0 -9999.0 -9999.0 -9999.0 -9999.0 -9999.0 -9999.0 -9999.0 -9999.0 -9999.0 -9999.0 -9999.0 -9999.0 -9999.0 -9999.0 -9999.0 -9999.0 -9999.0 -9999.0 -9999.0 -9999.0 -9999.0 -9999.0 -9999.0 -9999.0 -9999.0 -9999.0 -9999.0 -9999.0 -9999.0 -9999.0 -9999.0 -9999.0 -9999.0 -9999.0 -9999.0 -9999.0 -9999.0 -9999.0 -9999.0 -9999.0 -9999.0 -9999.0 -9999.0 -9999.0 -9999.0 -9999.0 -9999.0 -9999.0 -9999.0 -9999.0 -9999.0 -9999.0 -9999.0 -9999.0 -9999.0 -9999.0 -9999.0 -9999.0 -9999.0 -9999.0 -9999.0 -9999.0 -9999.0 -9999.0 -9999.0 -9999.0 -9999.0 -9999.0 -9999.0 -9999.0 -9999.0 -9999.0 -9999.0
-9999.0 -9999.0 -9999.0 -9999.0 -9999.0 -9999.0 -9999.0 -9999.0 -9999.0 -9999.0 -9999.0 -9999.0 -9999.0 -9999.0 -9999.0 -9999.0 -9999.0 -9999.0 -9999.0 -9999.0 -9999.0 -9999.0 -9999.0 -9999.0 -9999.0 -9999.0 -9999.0 -9999.0 -9999.0 -9999.0 -9999.0 -9999.0 -9999.0 -9999.0 -9999.0 -9999.0 -9999.0 -9999.0 -9999.0 -9999.0 -9999.0 -9999.0 -9999.0 -9999.0 -9999.0 -9999.0 -9999.0 -9999.0 -9999.0 -9999.0 -9999.0 -9999.0 -9999.0 -9999.0 -9999.0 -9999.0 -9999.0 -9999.0 -9999.0 -9999.0 -9999.0 -9999.0 -9999.0 -9999.0 -9999.0 -9999.0 -9999.0 -9999.0 -9999.0 -9999.0 -9999.0 -9999.0 -9999.0 -9999.0 -9999.0 -9999.0 -9999.0 -9999.0 -9999.0 -9999.0
-9999.0 -9999.0 -9999.0 -9999.0 -9999.0 -9999.0 -9999.0 -9999.0 -9999.0 -9999.0 -9999.0 -9999.0 -9999.0 -9999.0 -9999.0 -9999.0 -9999.0 -9999.0 -9999.0 -9999.0 -605.279184 -603.429488 -608.870872 -615.531111 -620.965244 -621.334410 -615.074854 -607.472255 -599.118365 -597.128245 -602.910269 -601.855373 -603.958412 -604.893291 -604.709773 -603.052413 -602.284422 -599.554854 -597.684905 -598.187736 -600.054577 -601.522230 -602.471291 -601.854357 -599.982362 -602.710208 -598.578524 -594.228507 -592.512970 -593.086205 -599.556314 -602.569852 -603.826636 -608.214754 -600.247669 -597.293500 -590.726316 -589.765403 -589.126670 -596.518304 -603.964717 -9999.0 -9999.0 -9999.0 -9999.0 -9999.0 -9999.0 -9999.0 -9999.0 -9999.0 -9999.0 -9999.0 -9999.0 -9999.0 -9999.0 -9999.0 -9999.0 -9999.0 -9999.0 -9999.0
-9999.0 -9999.0 -9999.0 -9999.0 -9999.0 -9999.0 -9999.0 -9999.0 -9999.0 -9999.0 -9999.0 -9999.0 -9999.0 -9999.0 -618.323953 -620.949405 -622.101928 -622.270090 -616.610897 -611.763781 -610.691546 -613.360166 -611.751754 -617.519611 -622.545248 -619.465448 -614.336505 -609.363211 -602.236984 -597.151986 -601.348784 -602.376967 -599.812934 -591.482958 -587.373974 -588.795953 -597.482335 -589.092788 -584.096314 -580.895861 -581.306608 -585.175162 -579.328167 -572.623848 -575.717158 -582.864234 -581.556757 -577.334289 -570.817014 -575.432049 -598.305830 -602.138370 -601.551873 -601.810955 -605.089042 -607.151560 -598.987653 -599.560764 -601.247405 -603.945231 -610.076419 -618.957694 -622.674951 -614.039837 -605.224310 -589.290181 -9999.0 -9999.0 -9999.0 -9999.0 -9999.0 -9999.0 -9999.0 -9999.0 -9999.0 -9999.0 -9999.0 -9999.0 -9999.0 -9999.0
-9999.0 -9999.0 -9999.0 -9999.0 -9999.0 -9999.0 -9999.0 -9999.0 -9999.0 -624.530938 -624.955795 -624.082769 -625.409800 -622.863571 -626.041058 -625.007808 -625.189354 -621.205369 -617.229142 -611.249593 -604.417895 -608.619499 -609.096699 -605.771067 -604.905140 -602.830874 -598.820746 -587.235493 -573.529053 -554.970924 -569.208914 -569.872973 -561.079305 -531.958626 -503.842580 -494.677615 -509.854666 -509.287307 -489.489034 -464.904897 -462.610532 -463.818847 -437.326455 -422.197142 -413.661421 -435.097641 -460.042414 -464.147413 -437.331197 -488.096298 -532.822666 -564.650881 -563.865131 -576.412172 -590.556056 -596.418402 -597.857139 -588.878116 -592.938184 -602.676386 -610.869755 -610.041193 -614.094862 -609.957351 -605.985135 -593.445227 -582.054480 -571.743094 -571.269829 -577.586343 -9999.0 -9999.0 -9999.0 -9999.0 -9999.0 -9999.0 -9999.0 -9999.0 -9999.0 -9999.0
-9999.0 -9999.0 -9999.0 -9999.0 -9999.0 -9999.0 -631.149524 -631.141194 -629.289548 -633.024733 -629.382774 -631.010214 -628.171678 -626.437188 -624.132767 -623.186629 -618.134730 -613.113877 -605.119766 -594.835072 -585.731413 -589.043647 -586.449818 -573.930990 -551.867549 -531.931764 -517.783578 -490.229165 -408.481270 -351.191572 -329.460221 -320.010503 -309.368465 -274.968207 -218.659534 -200.894858 -220.519037 -235.741581 -216.073049 -171.427528 -102.112092 -98.969374 -92.648784 -85.553818 -59.559732 -66.084100 -164.546220 -195.139524 -206.273353 -218.045111 -265.318170 -315.476314 -369.354418 -429.126045 -504.767299 -542.226930 -547.068510 -540.658571 -556.513174 -577.669049 -591.089819 -592.255497 -595.317336 -599.650615 -597.544028 -592.157403 -584.489731 -579.987455 -583.632258 -589.068735 -593.939267 -601.817586 -600.803383 -593.310469 -9999.0 -9999.0 -9999.0 -9999.0 -9999.0 -9999.0
-9999.0 -9999.0 -9999.0 -9999.0 -638.637137 -636.481786 -642.413183 -638.627438 -635.293148 -632.397773 -631.171363 -626.417940 -624.198522 -620.318814 -612.968771 -606.433885 -596.117051 -587.548102 -567.586918 -530.685781 -492.760322 -466.536307 -446.372395 -368.700465 -304.287878 -261.222345 -243.987282 -216.619775 -167.167727 -53.480919 -48.848467 -19.463755 -1.878139 20.220534 63.057616 88.660104 77.277332 71.788320 73.747416 82.024696 107.062090 107.962487 109.150072 109.254280 111.250140 112.612371 91.957799 60.503092 49.366639 10.974665 21.485939 -38.005540 -135.375217 -173.616126 -199.674206 -243.202991 -304.296230 -330.242853 -397.890286 -460.575362 -518.589079 -536.789007 -554.597293 -564.969591 -577.180035 -575.491573 -572.739150 -579.184223 -588.115084 -596.697632 -598.813710 -602.825591 -606.248856 -596.917279 -592.735350 -582.438460 -9999.0 -9999.0 -9999.0 -9999.0
-9999.0 -9999.0 -640.227102 -639.055959 -632.555633 -635.379882 -637.254748 -639.790238 -637.774358 -630.937570 -618.072113 -610.697324 -601.115534 -594.997234 -575.262302 -531.491632 -473.086118 -419.870178 -346.315128 -288.158503 -233.387450 -190.111601 -122.436848 -72.958234 -29.678949 20.057270 41.185843 34.701299 84.997993 113.061205 136.684617 153.777743 158.651766 150.889143 153.423283 149.091631 148.355843 144.618972 127.772103 125.707889 133.411823 135.108078 139.070885 126.489711 123.061844 134.934798 137.512637 136.992421 140.296314 145.306768 157.895693 128.477348 75.178535 37.301097 58.724074 21.909069 -42.784562 -131.668886 -160.353913 -200.876689 -276.492120 -320.752538 -377.071702 -442.479024 -498.648490 -523.884873 -548.604772 -564.616296 -579.673668 -593.401268 -598.430135 -601.769152 -600.668834 -601.354675 -596.262912 -591.949858 -586.453414 -584.092115 -9999.0 -9999.0
-9999.0 -643.410430 -644.119749 -632.242157 -627.922435 -624.140643 -619.754146 -616.010227 -612.063531 -613.879154 -581.276956 -524.456930 -458.004741 -426.982102 -358.463097 -261.197319 -111.882120 -89.523512 -51.354325 -36.489268 38.820763 69.408830 102.680727 135.479002 157.585295 154.474640 152.601301 149.120104 142.043349 134.988372 125.350395 131.738528 131.131650 116.629971 104.250086 103.111427 96.240269 75.291125 49.715923 37.882963 43.445700 63.615219 54.147255 33.832195 30.376735 49.427278 65.331201 55.832187 45.311941 35.316960 91.214075 109.313090 125.633788 137.833315 159.490841 136.835284 104.941965 68.512337 50.097334 28.468851 -74.155594 -140.790912 -193.867412 -258.002041 -314.027778 -383.738515 -458.659630 -510.469725 -547.377706 -562.442755 -572.335797 -590.257656 -595.801144 -592.958109 -595.394757 -595.749478 -593.472620 -591.565912 -9999.0 -9999.0
-9999.0 -653.405668 -642.942476 -628.417767 -609.040625 -601.983223 -553.622817 -507.801862 -488.415685 -509.283815 -392.755436 -110.642489 -44.103208 -42.615589 10.120425 79.130793 120.614608 140.908539 157.148781 146.283715 143.671615 143.551810 141.008001 131.620590 118.407783 111.639198 111.520861 109.669367 91.953912 74.947135 59.424451 33.468916 44.804195 11.614087 -26.515755 -44.762688 -93.746884 -123.032475 -158.769815 -184.822213 -196.770403 -176.253631 -187.241048 -206.558101 -210.399448 -186.071715 -153.260758 -160.464205 -156.823183 -135.118409 -88.760120 -8.114708 13.371665 15.517512 71.822306 110.243186 128.128982 148.425987 152.311751 130.227232 91.005263 20.415610 16.349798 -88.659538 -165.454720 -245.543526 -297.957234 -339.588242 -408.379997 -461.418375 -505.690983 -541.528440 -567.598689 -575.119834 -588.248964 -592.060910 -9999.0 -9999.0 -9999.0 -9999.0
-9999.0 -654.889541 -644.239714 -618.138275 -556.322802 -475.925185 -308.310804 -172.434196 -26.136987 -46.334597 59.462454 137.483489 148.237303 132.133134 107.691252 104.297094 114.178614 116.818908 112.534768 103.195998 92.884519 65.762326 86.858040 77.096024 67.153019 53.255794 42.528831 30.746577 -50.894270 -88.890389 -117.402183 -132.573444 -164.961174 -249.450954 -285.130018 -307.958382 -362.182465 -379.173434 -397.149981 -431.817884 -451.690866 -464.836786 -448.273049 -451.366792 -452.235276 -441.896250 -417.265231 -397.372293 -349.245296 -315.654867 -281.172446 -230.379332 -196.398186 -153.051968 -99.590349 -1.426079 27.345333 54.559863 93.201704 130.103465 151.316513 142.444752 115.435637 79.392108 19.842406 -95.196139 -151.274106 -224.165872 -279.499639 -315.636049 -342.930082 -393.379095 -470.552377 -536.874540 -554.756679 -9999.0 -9999.0 -9999.0 -9999.0 -9999.0
-9999.0 -669.673309 -645.714345 -623.430850 -526.105078 -293.721453 -199.062069 45.311505 106.220908 34.984690 -49.520401 23.928219 56.951808 59.342992 35.209744 22.549547 20.359373 20.370912 31.872394 -7.201714 -73.815370 -92.287562 -93.096917 -105.736279 -127.237363 -145.516315 -159.627018 -180.817850 -234.833913 -277.769714 -333.037550 -360.157663 -441.326739 -505.048481 -534.590738 -558.472853 -580.858640 -580.809424 -574.201223 -580.643336 -587.891870 -594.817937 -586.110818 -581.660363 -577.864751 -582.109417 -580.002505 -567.575002 -546.695355 -524.102789 -487.363021 -430.372292 -375.499105 -319.271672 -290.566736 -238.562344 -192.079041 -144.749083 -69.009384 45.514370 74.630068 105.162043 139.930108 158.703739 119.373906 79.214915 20.514910 -94.234437 -197.420095 -240.794404 -256.735517 -276.988366 -315.250698 -9999.0 -9999.0 -9999.0 -9999.0 -9999.0 -9999.0 -9999.0
-9999.0 -677.577151 -652.764045 -646.728670 -609.614172 -534.765870 -408.319193 -291.909647 -141.092874 -240.948385 -253.289154 -226.234826 -196.070781 -174.586513 -198.356135 -232.744376 -256.105356 -252.882733 -252.257901 -274.846273 -301.187688 -312.228738 -312.809957 -319.983611 -348.598678 -370.318967 -385.174902 -412.475387 -454.311981 -502.731741 -552.859181 -578.713696 -597.450028 -605.117516 -610.693434 -616.370473 -625.135510 -620.952759 -617.318031 -618.278864 -621.047635 -622.834980 -616.246488 -613.328506 -611.155145 -616.329059 -612.066268 -607.268985 -597.641378 -587.377389 -573.246341 -553.205874 -527.725300 -507.906059 -492.967598 -460.967129 -409.441169 -337.802197 -265.928050 -169.591981 -95.465316 -11.700180 16.174545 75.015952 92.249396 101.749151 103.818873 58.695923 -169.830204 -205.463523 -208.120694 -9999.0 -9999.0 -9999.0 -9999.0 -9999.0 -9999.0 -9999.0 -9999.0 -9999.0
-9999.0 -9999.0 -683.285811 -672.380990 -662.762319 -650.656340 -633.073491 -611.688979 -594.156212 -572.546927 -541.172411 -503.458616 -475.409575 -461.658296 -479.162404 -511.464060 -528.574350 -527.881836 -532.522923 -541.030977 -555.057562 -560.000430 -563.657786 -566.688157 -572.991938 -575.848269 -577.299593 -580.344756 -586.651230 -599.455632 -611.059525 -619.616374 -628.212862 -629.168748 -630.990167 -633.827899 -632.262428 -632.736452 -631.931553 -632.162060 -631.473961 -630.082624 -628.098361 -625.594441 -625.062035 -624.291909 -623.103796 -620.139889 -615.546387 -609.249606 -598.408897 -583.592371 -572.195956 -569.141102 -574.074775 -572.277761 -564.169308 -544.068473 -480.204221 -375.626670 -291.977137 -224.986610 -154.434384 -106.738032 -90.638810 -59.650300 24.824657 -105.069840 -260.786812 -248.301179 -9999.0 -9999.0 -9999.0 -9999.0 -9999.0 -9999.0 -9999.0 -9999.0 -9999.0 -9999.0
-9999.0 -9999.0 -9999.0 -9999.0 -688.042964 -672.624300 -659.161192 -659.445442 -648.518323 -640.400804 -632.110232 -622.555253 -614.570920 -609.935755 -614.488930 -615.907808 -617.293944 -617.003109 -618.352655 -619.669401 -620.486757 -621.546600 -622.804604 -624.074532 -623.754474 -622.712363 -622.578910 -624.718000 -625.557329 -629.597701 -630.941068 -633.888040 -636.669592 -639.371520 -639.268014 -639.596694 -638.711903 -639.773536 -638.139060 -638.798759 -637.346954 -636.450629 -634.458247 -631.443733 -631.747186 -630.026016 -629.584801 -627.166864 -625.101065 -618.003674 -607.017568 -594.641882 -586.251309 -586.276058 -595.615491 -600.116744 -602.158004 -595.574036 -583.384868 -558.385720 -496.497296 -417.770760 -336.329138 -296.040055 -268.721145 -225.861453 -184.288100 -175.918044 -9999.0 -9999.0 -9999.0 -9999.0 -9999.0 -9999.0 -9999.0 -9999.0 -9999.0 -9999.0 -9999.0 -9999.0
-9999.0 -9999.0 -9999.0 -9999.0 -9999.0 -9999.0 -681.551897 -673.808139 -675.662865 -669.031401 -662.740878 -657.467719 -650.367631 -650.286014 -648.186609 -643.391158 -644.088908 -646.549275 -649.500525 -645.381862 -643.487249 -643.274091 -648.015202 -646.917100 -646.377354 -644.593847 -644.770057 -644.260635 -648.255188 -643.974669 -642.049105 -643.294323 -644.521740 -644.004287 -645.049994 -642.346900 -642.027758 -644.258430 -644.827867 -641.452162 -640.236161 -640.356636 -639.283034 -636.479327 -632.739585 -631.848494 -633.056637 -634.569139 -630.124515 -620.277807 -608.637995 -598.084074 -591.219718 -589.369286 -597.813796 -608.913830 -614.509269 -614.718969 -609.095262 -598.469508 -576.067439 -559.291312 -544.597238 -528.831750 -506.946951 -408.524922 -9999.0 -9999.0 -9999.0 -9999.0 -9999.0 -9999.0 -9999.0 -9999.0 -9999.0 -9999.0 -9999.0 -9999.0 -9999.0 -9999.0
-9999.0 -9999.0 -9999.0 -9999.0 -9999.0 -9999.0 -9999.0 -9999.0 -9999.0 -9999.0 -9999.0 -9999.0 -9999.0 -9999.0 -9999.0 -9999.0 -9999.0 -9999.0 -9999.0 -9999.0 -9999.0 -9999.0 -9999.0 -9999.0 -9999.0 -9999.0 -9999.0 -9999.0 -9999.0 -9999.0 -9999.0 -9999.0 -9999.0 -9999.0 -9999.0 -9999.0 -9999.0 -9999.0 -9999.0 -9999.0 -9999.0 -9999.0 -9999.0 -9999.0 -9999.0 -9999.0 -9999.0 -9999.0 -9999.0 -9999.0 -9999.0 -9999.0 -9999.0 -9999.0 -9999.0 -9999.0 -9999.0 -9999.0 -9999.0 -9999.0 -9999.0 -9999.0 -9999.0 -9999.0 -9999.0 -9999.0 -9999.0 -9999.0 -9999.0 -9999.0 -9999.0 -9999.0 -9999.0 -9999.0 -9999.0 -9999.0 -9999.0 -9999.0 -9999.0 -9999.0
-9999.0 -9999.0 -9999.0 -9999.0 -9999.0 -9999.0 -9999.0 -9999.0 -9999.0 -9999.0 -9999.0 -9999.0 -9999.0 -9999.0 -9999.0 -9999.0 -9999.0 -9999.0 -9999.0 -9999.0 -9999.0 -9999.0 -9999.0 -9999.0 -9999.0 -9999.0 -9999.0 -9999.0 -9999.0 -9999.0 -9999.0 -9999.0 -9999.0 -9999.0 -9999.0 -9999.0 -9999.0 -9999.0 -9999.0 -9999.0 -9999.0 -9999.0 -9999.0 -9999.0 -9999.0 -9999.0 -9999.0 -9999.0 -9999.0 -9999.0 -9999.0 -9999.0 -9999.0 -9999.0 -9999.0 -9999.0 -9999.0 -9999.0 -9999.0 -9999.0 -9999.0 -9999.0 -9999.0 -9999.0 -9999.0 -9999.0 -9999.0 -9999.0 -9999.0 -9999.0 -9999.0 -9999.0 -9999.0 -9999.0 -9999.0 -9999.0 -9999.0 -9999.0 -9999.0 -9999.0