Borden_/Borden1m_014/output_maps/psiliqL0014N0005.asc
ncols         80
nrows         18
xllcorner     620200.000000
yllcorner     5168000.000000
cellsize      1.000000
NODATA_value  -9999.0
-9999.0 -9999.0 -9999.0 -9999.0 -9999.0 -9999.0 -9999.0 -9999.0 -9999.0 -9999.0 -9999.0 -9999.0 -9999.0 -9999.0 -9999.0 -9999.0 -9999.0 -9999.0 -9999.0 -9999.0 -9999.0 -9999.0 -9999.0 -9999.0 -9999.0 -9999.0 -9999.0 -9999.0 -9999.0 -9999.0 -9999.0 -9999.0 -9999.0 -9999.0 -9999.0 -9999.0 -9999.0 -9999.0 -9999.0 -9999.0 -9999.0 -9999.0 -9999.0 -9999.0 -9999.0 -9999.0 -9999.0 -9999.0 -9999.0 -9999.0 -9999.0 -9999.0 -9999.0 -9999.0 -9999.0 -9999.0 -9999.0 -9999.0 -9999.0 -9999.0 -9999.0 -9999.0 -9999.0 -9999.0 -9999.0 -9999.0 -9999.0 -9999.0 -9999.0 -9999.0 -9999.0 -9999.0 -9999.0 -9999.0 -9999.0 -9999.0 -9999.0 -9999.0 -9999.0 -9999.0
-9999.0 -9999.0 -9999.0 -9999.0 -9999.0 -9999.0 -9999.0 -9999.0 -9999.0 -9999.0 -9999.0 -9999.0 -9999.0 -9999.0 -9999.0 -9999.0 -9999.0 -9999.0 -9999.0 -9999.0 -9999.0 -9999.0 -9999.0 -9999.0 -9999.0 -9999.0 -9999.0 -9999.0 -9999.0 -9999.0 -9999.0 -9999.0 -9999.0 -9999.0 -9999.0 -9999.0 -9999.0 -9999.0 -9999.0 -9999.0 -9999.0 -9999.0 -9999.0 -9999.0 -9999.0 -9999.0 -9999.0 -9999.0 -9999.0 -9999.0 -9999.0 -9999.0 -9999.0 -9999.0 -9999.0 -9999.0 -9999.0 -9999.0 -9999.0 -9999.0 -9999.0 -9999.0 -9999.0 -9999.0 -9999.0 -9999.0 -9999.0 -9999.0 -9999.0 -9999.0 -9999.0 -9999.0 -9999.0 -9999.0 -9999.0 -9999.0 -9999.0 -9999.0 -9999.0 -9999.0
-9999.0 -9999.0 -9999.0 -9999.0 -9999.0 -9999.0 -9999.0 -9999.0 -9999.0 -9999.0 -9999.0 -9999.0 -9999.0 -9999.0 -9999.0 -9999.0 -9999.0 -9999.0 -9999.0 -9999.0 935.606740 938.233377 916.374608 883.018684 855.454451 858.086525 893.123822 934.913801 973.992137 984.404196 966.888023 969.631078 965.123990 963.751024 966.016135 972.771969 977.100931 988.559321 997.632352 998.366248 993.580286 989.616185 990.698013 994.093836 999.460347 988.142410 1001.116706 1014.880404 1018.808529 1012.939764 985.663476 970.042836 960.904070 945.039597 968.996363 980.147103 1002.239898 1005.783939 1003.554582 976.077620 945.670660 -9999.0 -9999.0 -9999.0 -9999.0 -9999.0 -9999.0 -9999.0 -9999.0 -9999.0 -9999.0 -9999.0 -9999.0 -9999.0 -9999.0 -9999.0 -9999.0 -9999.0 -9999.0 -9999.0
-9999.0 -9999.0 -9999.0 -9999.0 -9999.0 -9999.0 -9999.0 -9999.0 -9999.0 -9999.0 -9999.0 -9999.0 -9999.0 -9999.0 844.820206 835.408135 832.858128 841.434000 875.124539 905.427049 917.683767 910.593473 911.133574 888.019401 867.867808 882.360182 912.738296 945.100304 980.384055 1001.051983 990.037593 987.996369 997.616866 1022.536160 1035.068288 1032.355013 1012.925567 1036.854543 1053.970106 1064.873617 1066.619084 1059.914592 1073.676420 1089.572129 1082.582723 1064.988978 1068.852794 1078.272295 1088.238122 1073.552699 1009.904864 990.739089 986.419657 979.417694 964.723744 957.556878 982.145656 981.574746 972.744871 954.214374 920.992933 876.324330 857.473246 895.795934 939.283170 996.226605 -9999.0 -9999.0 -9999.0 -9999.0 -9999.0 -9999.0 -9999.0 -9999.0 -9999.0 -9999.0 -9999.0 -9999.0 -9999.0 -9999.0
-9999.0 -9999.0 -9999.0 -9999.0 -9999.0 -9999.0 -9999.0 -9999.0 -9999.0 787.015432 791.707196 799.202271 801.703641 817.498410 815.327094 822.635867 829.861821 856.955158 888.078752 923.204588 952.093159 943.530008 944.675174 955.312158 959.235013 971.831930 994.394612 1036.112276 1077.295530 1118.686704 1090.339834 1088.081897 1106.983126 1153.705841 1186.782341 1194.048067 1176.051523 1185.723320 1214.573980 1243.657072 1248.271307 1248.863428 1274.705876 1288.577876 1289.274324 1268.552265 1253.394562 1247.395959 1267.334006 1214.009759 1147.558249 1097.728758 1102.402808 1072.633217 1033.753255 1012.061317 1007.910771 1027.513003 1011.854535 973.914656 936.879396 925.190233 907.230344 923.875211 945.739173 991.705261 1030.092863 1058.397916 1057.837941 1040.235318 -9999.0 -9999.0 -9999.0 -9999.0 -9999.0 -9999.0 -9999.0 -9999.0 -9999.0 -9999.0
-9999.0 -9999.0 -9999.0 -9999.0 -9999.0 -9999.0 707.861784 717.578838 738.097976 743.080025 768.649256 776.185646 796.876200 816.174504 837.707766 854.185070 884.292559 917.290065 958.196473 1001.351305 1033.760744 1029.715760 1041.568344 1072.953481 1112.436179 1142.376420 1169.224796 1212.530770 1293.105009 1336.530965 1343.739821 1347.968284 1357.179781 1406.157543 1471.971470 1488.505671 1467.859974 1455.067203 1483.420914 1535.778466 1550.869118 1556.284869 1567.673014 1576.815433 1601.403906 1591.034477 1547.538696 1520.323285 1508.294141 1487.020062 1423.328905 1360.041928 1327.594206 1278.197002 1191.930118 1132.535800 1135.770703 1152.470221 1122.175719 1066.595717 1023.879610 1011.737107 995.549229 981.532593 987.392104 1006.354660 1028.552511 1039.641819 1026.550202 1005.277692 982.223615 953.222114 954.843933 979.889090 -9999.0 -9999.0 -9999.0 -9999.0 -9999.0 -9999.0
-9999.0 -9999.0 -9999.0 -9999.0 657.667364 670.606255 658.580097 683.751885 716.566882 750.846541 782.846586 819.782417 847.005985 876.998343 917.070726 951.491979 993.842683 1030.106414 1084.966489 1153.480059 1206.002055 1233.396744 1253.583259 1313.709435 1375.545203 1429.548937 1454.148587 1489.732821 1546.220796 1609.756363 1636.045931 1641.125244 1656.411570 1688.880892 1733.823931 1765.773685 1749.987412 1744.913900 1756.345815 1776.275195 1804.762799 1808.828602 1811.666010 1813.882063 1817.962456 1817.144701 1792.059603 1753.988581 1735.670083 1723.696215 1694.474385 1629.416103 1593.374001 1561.864639 1517.368096 1454.044979 1384.356669 1367.219625 1309.112690 1247.448259 1180.148252 1154.656219 1121.351287 1094.278214 1064.601927 1065.927312 1069.184847 1048.938289 1016.920357 984.556738 969.247713 950.191942 939.088622 968.977778 986.495738 1016.864633 -9999.0 -9999.0 -9999.0 -9999.0
-9999.0 -9999.0 598.614014 647.250666 703.947257 712.621011 713.278657 719.327174 747.881098 800.025936 875.666140 926.503371 969.013492 1002.003843 1060.593056 1139.793873 1214.229559 1266.246691 1327.059457 1397.863444 1463.518572 1505.376957 1535.387867 1578.611452 1631.686941 1691.458192 1718.613203 1748.159555 1784.463835 1819.067818 1830.567383 1843.096139 1849.200981 1849.529291 1853.414599 1854.657207 1851.608094 1848.920044 1834.308081 1833.880817 1842.083527 1848.174785 1849.712347 1835.723632 1832.546106 1848.156239 1853.279476 1851.926905 1850.119348 1855.338745 1857.849782 1820.716686 1785.280514 1769.677790 1754.350265 1706.130515 1643.334028 1604.397684 1579.536582 1525.479782 1437.130127 1378.357116 1321.418539 1268.801293 1215.243735 1183.520300 1137.454267 1096.035201 1050.110273 1004.116763 980.303803 961.840156 959.178091 959.134101 975.352221 990.812894 1006.289123 1014.141063 -9999.0 -9999.0
-9999.0 496.027826 568.236708 694.147625 773.496104 817.540030 850.120366 874.419607 902.919983 928.102329 1033.408380 1126.516241 1217.661662 1252.979416 1301.482135 1398.876132 1500.340971 1555.583841 1596.623335 1651.823336 1711.190893 1760.657055 1794.281394 1809.934035 1844.186494 1856.665544 1860.138133 1864.904262 1863.405885 1857.198882 1848.655535 1853.807943 1847.927954 1826.318906 1809.159651 1806.469655 1803.232553 1782.804564 1757.601048 1743.066272 1742.940907 1765.580776 1751.850120 1727.405917 1725.058814 1752.937216 1776.866677 1770.869388 1759.496999 1774.744782 1805.145792 1824.450694 1835.716924 1852.740100 1871.481058 1844.804848 1818.170543 1780.666411 1761.667378 1728.788709 1668.245773 1603.173192 1537.830353 1467.677573 1395.849896 1323.216032 1259.809474 1199.883133 1134.247064 1093.138595 1061.210732 1009.845619 988.213697 990.221242 981.745085 979.205680 985.585683 991.994466 -9999.0 -9999.0
-9999.0 416.361107 558.421420 742.051102 888.823427 946.772398 1050.921446 1133.408248 1161.979937 1135.275941 1244.480532 1473.274084 1577.088543 1593.296776 1659.326171 1740.778386 1762.565821 1798.302684 1822.761523 1833.323702 1842.425178 1854.440102 1856.295407 1853.749384 1842.354840 1836.783714 1836.600366 1834.015205 1816.714172 1798.127145 1780.806125 1775.031119 1752.070959 1700.443248 1663.522040 1646.228914 1633.335082 1617.346137 1586.887818 1558.354776 1537.473203 1555.572463 1544.073422 1516.536422 1513.990874 1550.245535 1590.877860 1590.040247 1597.362829 1616.049978 1650.997407 1687.146537 1711.593574 1746.408632 1783.395352 1825.506351 1842.484056 1866.805211 1872.141913 1852.279439 1809.657486 1758.364278 1721.581299 1658.092344 1582.540435 1493.750037 1425.181547 1361.729281 1289.494405 1239.975444 1189.148561 1127.150268 1070.918452 1048.629500 1010.369963 991.493244 -9999.0 -9999.0 -9999.0 -9999.0
-9999.0 338.636354 526.291242 783.616944 1054.969103 1165.976636 1373.273235 1510.828879 1569.200678 1636.191909 1619.868496 1764.828163 1805.489040 1801.455511 1796.075119 1795.039214 1807.779819 1811.986295 1810.692767 1804.408389 1799.857828 1799.925288 1802.014127 1798.018879 1789.268547 1776.887968 1764.116607 1748.557971 1705.794009 1670.120499 1633.811893 1616.714754 1570.480273 1462.122893 1410.065888 1372.140702 1317.512562 1313.266877 1307.716314 1278.474099 1256.522585 1236.909810 1255.721498 1255.318362 1258.306635 1268.288543 1289.753884 1314.208212 1357.128428 1391.224983 1433.503789 1486.338149 1527.946884 1584.362209 1635.011970 1691.041173 1727.475978 1764.494199 1813.208079 1852.110006 1875.553313 1865.157310 1838.633282 1796.544332 1730.464472 1666.532708 1621.123211 1549.484414 1475.754852 1413.851905 1355.698333 1286.293777 1213.451356 1135.126114 1095.243724 -9999.0 -9999.0 -9999.0 -9999.0 -9999.0
-9999.0 161.651689 428.333905 715.164935 1027.909836 1352.640677 1486.627096 1616.679761 1686.360176 1654.290068 1663.763907 1690.329569 1738.711204 1749.157520 1726.344091 1708.962097 1692.195293 1690.479036 1704.144054 1681.653758 1657.494526 1648.521593 1651.358698 1643.012544 1623.468325 1608.773166 1595.493171 1568.075917 1504.602271 1445.140576 1360.909314 1330.252151 1252.558715 1189.341648 1141.473594 1091.681065 1041.959670 1041.515705 1058.675590 1043.258740 1020.197791 1001.432851 1026.803757 1043.027546 1055.439418 1046.304210 1056.828186 1092.657962 1140.621052 1182.057335 1229.115790 1281.856048 1329.568996 1382.565309 1418.888963 1474.378937 1532.386482 1593.051456 1672.975146 1755.379316 1793.209339 1827.609191 1862.173472 1880.996516 1835.478001 1793.708214 1752.359391 1700.494796 1622.922449 1577.204192 1535.562036 1446.901886 1368.788175 -9999.0 -9999.0 -9999.0 -9999.0 -9999.0 -9999.0 -9999.0
-9999.0 34.425814 253.909344 483.922962 767.228271 1000.470354 1188.153836 1292.878350 1369.509469 1404.755884 1444.078752 1487.958126 1533.747178 1560.669758 1532.518547 1476.664741 1438.512288 1439.089826 1434.812507 1411.710866 1384.165502 1371.365007 1371.186222 1366.274798 1343.816079 1330.410815 1318.970595 1292.903961 1252.760498 1194.485131 1114.637687 1043.674389 982.603176 948.926620 918.414127 885.705260 850.064124 860.623964 873.667422 869.756219 858.583297 855.104216 883.916357 902.499687 912.733655 901.385859 920.737223 947.212762 987.834975 1028.895010 1075.539384 1128.383367 1180.786246 1210.551046 1225.546849 1253.444999 1297.699222 1359.405754 1455.048692 1564.203186 1646.668792 1698.199739 1754.923285 1793.656549 1813.096946 1835.218420 1822.371041 1752.695548 1643.833926 1659.345732 1657.229934 -9999.0 -9999.0 -9999.0 -9999.0 -9999.0 -9999.0 -9999.0 -9999.0 -9999.0
-9999.0 -9999.0 19.985611 198.334600 338.029578 516.197826 663.300044 769.401706 853.313594 962.164496 1065.784546 1150.977761 1199.700782 1218.373868 1200.260152 1158.934629 1132.363851 1130.578195 1120.453637 1109.687592 1090.074669 1083.221487 1073.920864 1067.084118 1057.526426 1052.240284 1046.678169 1034.179543 1010.343191 962.999469 913.802595 862.871538 809.781201 784.330608 762.377923 740.715280 739.037142 735.842647 741.838664 743.197274 749.531428 761.727370 781.792916 803.451146 813.084949 821.488482 833.922590 857.264713 889.639594 930.496865 982.632344 1038.253878 1076.352750 1088.190813 1078.378624 1083.857908 1105.730509 1150.656658 1235.199994 1324.672310 1423.199546 1502.129341 1589.506926 1651.487212 1677.902228 1709.384712 1741.760018 1683.975089 1334.422106 1594.149969 -9999.0 -9999.0 -9999.0 -9999.0 -9999.0 -9999.0 -9999.0 -9999.0 -9999.0 -9999.0
-9999.0 -9999.0 -9999.0 -9999.0 55.094540 209.342250 304.194419 385.730658 510.852940 626.798992 724.232504 805.519528 865.454113 890.857613 883.246277 883.255742 876.099639 870.023568 860.673219 858.802364 857.091580 850.362355 837.824837 831.110648 832.080940 836.860706 834.464345 820.750401 803.262734 779.484807 758.410209 724.221191 688.333360 659.408017 646.469761 640.600184 640.687006 634.356851 643.377230 650.389101 665.405622 680.581324 704.285249 732.938620 746.227762 760.692363 770.225646 790.466038 820.127807 872.431211 934.439306 990.547572 1024.618822 1027.785026 1001.922998 985.738403 981.868869 1009.639335 1055.090192 1123.169604 1224.592427 1299.969559 1366.192459 1420.987405 1468.119029 1541.649002 1630.446255 1676.022135 -9999.0 -9999.0 -9999.0 -9999.0 -9999.0 -9999.0 -9999.0 -9999.0 -9999.0 -9999.0 -9999.0 -9999.0
-9999.0 -9999.0 -9999.0 -9999.0 -9999.0 -9999.0 8.213248 106.947665 188.418008 320.508140 444.364471 541.872739 619.603958 648.585059 671.225779 695.545658 692.206664 674.115977 656.037625 674.306891 687.180472 682.186721 653.660205 653.411050 658.185660 667.035394 665.329115 659.130336 634.325282 644.914949 645.230868 622.448794 596.790303 583.061204 571.566455 581.503023 582.114691 569.030056 570.299259 596.833805 616.839308 629.990729 651.908233 684.943238 717.003114 731.722710 732.718819 738.509516 778.451534 847.854672 918.076316 971.828467 1002.689127 1009.496789 980.909651 939.669914 918.009978 924.025650 957.674069 1009.368832 1084.032864 1133.274159 1163.413208 1183.955066 1212.066394 1312.206890 -9999.0 -9999.0 -9999.0 -9999.0 -9999.0 -9999.0 -9999.0 -9999.0 -9999.0 -9999.0 -9999.0 -9999.0 -9999.0 -9999.0
-9999.0 -9999.0 -9999.0 -9999.0 -9999.0 -9999.0 -9999.0 -9999.0 -9999.0 -9999.0 -9999.0 -9999.0 -9999.0 -9999.0 -9999.0 -9999.0 -9999.0 -9999.0 -9999.0 -9999.0 -9999.0 -9999.0 -9999.0 -9999.0 -9999.0 -9999.0 -9999.0 -9999.0 -9999.0 -9999.0 -9999.0 -9999.0 -9999.0 -9999.0 -9999.0 -9999.0 -9999.0 -9999.0 -9999.0 -9999.0 -9999.0 -9999.0 -9999.0 -9999.0 -9999.0 -9999.0 -9999.0 -9999.0 -9999.0 -9999.0 -9999.0 -9999.0 -9999.0 -9999.0 -9999.0 -9999.0 -9999.0 -9999.0 -9999.0 -9999.0 -9999.0 -9999.0 -9999.0 -9999.0 -9999.0 -9999.0 -9999.0 -9999.0 -9999.0 -9999.0 -9999.0 -9999.0 -9999.0 -9999.0 -9999.0 -9999.0 -9999.0 -9999.0 -9999.0 -9999.0
-9999.0 -9999.0 -9999.0 -9999.0 -9999.0 -9999.0 -9999.0 -9999.0 -9999.0 -9999.0 -9999.0 -9999.0 -9999.0 -9999.0 -9999.0 -9999.0 -9999.0 -9999.0 -9999.0 -9999.0 -9999.0 -9999.0 -9999.0 -9999.0 -9999.0 -9999.0 -9999.0 -9999.0 -9999.0 -9999.0 -9999.0 -9999.0 -9999.0 -9999.0 -9999.0 -9999.0 -9999.0 -9999.0 -9999.0 -9999.0 -9999.0 -9999.0 -9999.0 -9999.0 -9999.0 -9999.0 -9999.0 -9999.0 -9999.0 -9999.0 -9999.0 -9999.0 -9999.0 -9999.0 -9999.0 -9999.0 -9999.0 -9999.0 -9999.0 -9999.0 -9999.0 -9999.0 -9999.0 -9999.0 -9999.0 -9999.0 -9999.0 -9999.0 -9999.0 -9999.0 -9999.0 -9999.0 -9999.0 -9999.0 -9999.0 -9999.0 -9999.0 -9999.0 -9999.0 -9999.0