Borden_/Borden1m_014/output_maps/psiliqL0018N0034.asc
ncols         80
nrows         18
xllcorner     620200.000000
yllcorner     5168000.000000
cellsize      1.000000
NODATA_value  -9999.0
-9999.0 -9999.0 -9999.0 -9999.0 -9999.0 -9999.0 -9999.0 -9999.0 -9999.0 -9999.0 -9999.0 -9999.0 -9999.0 -9999.0 -9999.0 -9999.0 -9999.0 -9999.0 -9999.0 -9999.0 -9999.0 -9999.0 -9999.0 -9999.0 -9999.0 -9999.0 -9999.0 -9999.0 -9999.0 -9999.0 -9999.0 -9999.0 -9999.0 -9999.0 -9999.0 -9999.0 -9999.0 -9999.0 -9999.0 -9999.0 -9999.0 -9999.0 -9999.0 -9999.0 -9999.0 -9999.0 -9999.0 -9999.0 -9999.0 -9999.0 -9999.0 -9999.0 -9999.0 -9999.0 -9999.0 -9999.0 -9999.0 -9999.0 -9999.0 -9999.0 -9999.0 -9999.0 -9999.0 -9999.0 -9999.0 -9999.0 -9999.0 -9999.0 -9999.0 -9999.0 -9999.0 -9999.0 -9999.0 -9999.0 -9999.0 -9999.0 -9999.0 -9999.0 -9999.0 -9999.0
-9999.0 -9999.0 -9999.0 -9999.0 -9999.0 -9999.0 -9999.0 -9999.0 -9999.0 -9999.0 -9999.0 -9999.0 -9999.0 -9999.0 -9999.0 -9999.0 -9999.0 -9999.0 -9999.0 -9999.0 -9999.0 -9999.0 -9999.0 -9999.0 -9999.0 -9999.0 -9999.0 -9999.0 -9999.0 -9999.0 -9999.0 -9999.0 -9999.0 -9999.0 -9999.0 -9999.0 -9999.0 -9999.0 -9999.0 -9999.0 -9999.0 -9999.0 -9999.0 -9999.0 -9999.0 -9999.0 -9999.0 -9999.0 -9999.0 -9999.0 -9999.0 -9999.0 -9999.0 -9999.0 -9999.0 -9999.0 -9999.0 -9999.0 -9999.0 -9999.0 -9999.0 -9999.0 -9999.0 -9999.0 -9999.0 -9999.0 -9999.0 -9999.0 -9999.0 -9999.0 -9999.0 -9999.0 -9999.0 -9999.0 -9999.0 -9999.0 -9999.0 -9999.0 -9999.0 -9999.0
-9999.0 -9999.0 -9999.0 -9999.0 -9999.0 -9999.0 -9999.0 -9999.0 -9999.0 -9999.0 -9999.0 -9999.0 -9999.0 -9999.0 -9999.0 -9999.0 -9999.0 -9999.0 -9999.0 -9999.0 1754.391224 1757.095441 1736.302186 1703.947833 1677.593501 1681.524862 1717.494961 1760.550062 1801.236159 1812.378544 1796.033325 1800.699678 1797.679385 1796.593219 1799.459048 1807.765027 1814.075246 1825.979892 1835.338310 1835.905351 1830.987750 1827.213087 1829.064993 1831.803907 1837.057997 1823.985509 1837.111618 1850.674869 1853.409157 1846.503204 1817.903309 1800.884799 1789.483254 1771.244898 1793.831390 1803.154380 1823.636793 1825.705931 1822.033574 1793.726076 1762.778001 -9999.0 -9999.0 -9999.0 -9999.0 -9999.0 -9999.0 -9999.0 -9999.0 -9999.0 -9999.0 -9999.0 -9999.0 -9999.0 -9999.0 -9999.0 -9999.0 -9999.0 -9999.0 -9999.0
-9999.0 -9999.0 -9999.0 -9999.0 -9999.0 -9999.0 -9999.0 -9999.0 -9999.0 -9999.0 -9999.0 -9999.0 -9999.0 -9999.0 1660.007957 1651.766073 1650.508489 1660.208337 1694.956453 1726.339921 1738.548469 1732.258069 1733.733326 1711.475675 1692.002034 1707.555080 1739.339202 1772.747124 1809.079234 1830.477585 1821.325523 1820.809346 1831.106597 1855.756142 1868.011154 1866.078539 1848.318211 1873.491794 1889.998793 1898.905990 1899.702570 1892.280545 1904.455426 1919.614491 1912.180994 1894.703278 1900.381641 1911.321795 1920.583514 1906.126119 1841.601965 1821.964104 1815.106389 1806.499851 1790.138839 1782.170878 1806.128376 1803.627687 1793.571231 1774.060058 1739.795406 1694.481551 1674.339133 1711.862256 1753.854817 1809.289910 -9999.0 -9999.0 -9999.0 -9999.0 -9999.0 -9999.0 -9999.0 -9999.0 -9999.0 -9999.0 -9999.0 -9999.0 -9999.0 -9999.0
-9999.0 -9999.0 -9999.0 -9999.0 -9999.0 -9999.0 -9999.0 -9999.0 -9999.0 1597.816033 1603.859635 1612.599684 1616.764057 1633.908775 1632.341860 1641.017570 1648.956443 1677.974503 1710.340879 1746.577007 1776.207714 1769.043698 1770.831636 1780.751052 1783.236244 1796.083243 1819.806517 1861.764134 1900.874285 1942.122717 1914.186856 1912.988021 1933.047466 1979.067466 2009.267845 2015.209579 1998.114777 2011.004848 2037.334581 2059.303516 2059.988099 2058.074429 2083.674787 2097.917973 2095.958281 2074.423730 2064.379430 2064.938399 2088.856323 2035.454655 1967.101695 1918.299739 1923.454058 1893.960767 1857.620410 1837.696267 1833.396266 1851.277420 1834.797632 1796.212347 1758.826214 1745.540246 1726.125227 1742.233398 1762.515198 1806.521663 1843.588210 1870.219002 1867.691315 1848.895713 -9999.0 -9999.0 -9999.0 -9999.0 -9999.0 -9999.0 -9999.0 -9999.0 -9999.0 -9999.0
-9999.0 -9999.0 -9999.0 -9999.0 -9999.0 -9999.0 1516.539375 1527.536661 1549.503187 1554.896465 1582.338710 1590.999882 1613.244644 1634.072080 1657.850978 1675.451354 1706.265839 1740.559740 1782.033185 1825.664921 1858.885356 1854.102704 1865.505790 1894.253650 1931.171883 1959.086697 1985.912553 2027.761619 2104.792948 2147.164401 2151.744741 2156.967388 2167.361790 2217.083137 2281.043144 2294.472858 2275.160545 2262.621188 2285.669502 2324.191255 2329.681772 2332.101094 2345.181630 2355.422790 2380.840717 2369.502591 2328.576914 2314.971922 2313.684306 2293.157395 2227.555837 2164.008944 2132.486204 2081.227585 1996.775024 1943.610071 1952.862634 1971.185700 1941.554610 1886.328654 1844.954019 1832.900359 1816.064403 1801.811655 1807.052121 1824.276953 1843.925493 1852.868180 1837.466185 1814.179497 1789.864203 1759.765043 1760.658862 1784.996689 -9999.0 -9999.0 -9999.0 -9999.0 -9999.0 -9999.0
-9999.0 -9999.0 -9999.0 -9999.0 1464.748414 1478.793744 1467.270908 1494.520092 1529.045593 1565.236213 1598.117412 1636.026696 1664.870533 1696.920210 1737.834518 1771.205423 1812.923022 1849.402289 1904.518186 1973.291937 2025.195073 2048.592297 2064.437868 2122.439048 2183.834856 2236.509552 2259.071704 2288.459058 2335.358887 2396.375119 2423.779515 2430.510264 2448.434705 2486.191741 2536.053491 2570.896260 2554.802141 2547.629519 2556.175051 2570.228620 2595.187881 2597.751061 2600.391132 2603.531530 2608.481209 2606.115522 2579.450982 2544.131570 2527.548007 2516.262379 2482.552585 2411.088986 2372.165295 2340.169522 2301.366858 2246.624535 2185.464382 2172.451565 2113.855756 2054.447049 1992.849062 1971.822031 1940.832939 1914.602368 1885.304229 1885.895767 1887.323996 1864.235240 1828.932596 1794.441138 1777.671310 1757.477580 1745.014244 1774.276113 1790.977838 1820.383848 -9999.0 -9999.0 -9999.0 -9999.0
-9999.0 -9999.0 1403.281123 1451.812079 1510.268329 1520.094159 1520.588659 1528.140387 1558.864175 1613.191687 1687.767454 1737.051746 1778.516488 1814.805271 1875.393817 1952.234706 2023.456634 2072.831079 2135.214454 2207.512657 2271.227741 2304.893647 2322.190852 2363.198028 2418.905531 2484.091114 2512.700049 2540.743466 2575.083482 2611.231965 2617.875754 2631.371531 2640.877932 2646.349008 2654.336971 2657.367151 2652.450168 2647.077692 2628.772139 2625.213761 2633.036970 2640.219844 2641.399399 2627.801978 2623.693256 2637.161616 2640.989288 2638.694741 2636.480283 2642.518556 2643.071163 2600.630912 2568.199484 2551.291177 2537.646933 2490.942183 2424.066799 2383.297898 2358.963336 2313.196222 2234.194694 2183.803903 2133.387019 2085.595266 2033.099298 2002.722859 1955.172652 1910.644611 1861.822959 1813.550666 1788.518322 1769.670583 1766.286839 1765.018506 1780.453819 1794.857532 1809.519826 1816.933797 -9999.0 -9999.0
-9999.0 1297.486797 1370.001511 1495.915300 1577.039007 1621.675175 1649.308210 1669.700560 1701.065705 1732.883699 1835.276020 1915.514871 2007.035568 2047.796081 2098.655210 2196.654209 2293.399558 2342.267975 2383.255992 2443.587865 2507.148632 2557.767653 2587.889185 2591.340988 2628.035226 2646.896551 2652.049081 2657.075929 2655.216128 2647.718217 2639.735583 2645.702492 2641.212430 2621.048895 2603.768340 2599.765370 2593.558156 2568.327193 2538.442945 2523.013281 2525.218361 2549.994254 2537.012359 2516.065317 2512.226442 2533.859686 2554.895386 2545.911352 2533.708484 2552.899226 2588.463281 2612.120391 2620.243379 2637.608264 2658.226119 2631.231558 2604.079393 2560.404722 2538.667170 2508.235182 2448.021373 2386.194953 2329.979139 2267.983001 2200.995096 2133.777274 2069.528243 2006.040984 1938.712532 1896.332545 1864.716582 1815.202206 1795.267196 1796.966709 1787.806462 1784.024726 1789.014561 1794.845115 -9999.0 -9999.0
-9999.0 1212.234241 1354.069702 1537.588339 1686.237874 1742.140050 1834.707749 1910.333025 1938.312104 1906.453080 2015.286635 2235.982815 2348.236019 2369.569455 2445.147670 2538.989228 2550.244750 2584.528276 2608.683283 2624.705569 2637.885135 2650.593822 2650.409411 2646.121994 2631.737935 2623.977971 2622.236575 2618.715127 2600.076403 2579.589104 2560.708496 2555.042524 2533.553442 2485.713023 2450.571419 2431.302462 2412.723962 2393.543218 2362.043976 2334.879425 2318.601483 2332.834830 2328.123352 2311.849412 2308.119632 2330.068859 2361.921760 2359.489496 2370.374407 2392.803253 2432.932264 2473.807647 2497.540680 2529.256652 2568.137805 2614.693047 2629.030924 2651.074226 2654.629309 2637.257075 2590.658388 2534.842502 2498.113715 2432.815310 2358.221837 2277.181334 2209.790774 2145.000551 2074.023655 2027.941642 1981.983407 1925.726840 1874.714873 1855.380589 1816.390719 1797.281376 -9999.0 -9999.0 -9999.0 -9999.0
-9999.0 1126.225839 1312.000927 1565.245273 1848.187868 1949.478941 2155.143003 2283.161004 2339.086810 2411.020777 2364.027782 2532.826529 2579.957313 2578.914943 2585.234942 2591.539887 2608.728284 2612.649580 2609.841899 2600.407000 2591.911197 2588.328267 2587.385608 2579.920711 2567.286191 2551.497298 2536.071232 2521.583248 2481.952749 2446.905181 2407.882317 2391.667616 2349.458369 2255.262598 2211.532768 2172.962236 2113.806174 2109.000047 2106.084051 2078.240801 2058.757287 2035.650486 2059.798037 2066.716274 2070.000550 2071.156460 2086.418094 2112.943207 2159.760031 2197.322964 2242.176462 2295.467818 2332.061630 2376.546787 2422.672174 2479.472229 2514.108876 2546.483942 2596.561889 2635.902253 2658.916183 2645.315157 2617.359130 2566.396788 2490.166050 2420.005993 2365.935348 2288.228343 2221.992710 2168.995370 2123.551614 2074.589927 2012.417002 1941.324601 1901.260204 -9999.0 -9999.0 -9999.0 -9999.0 -9999.0
-9999.0 933.546866 1200.217967 1481.968363 1785.053528 2118.469744 2265.753099 2386.967756 2459.953250 2435.316505 2450.456355 2470.441543 2515.453665 2526.517566 2508.001180 2499.162108 2487.117105 2487.549775 2500.799735 2474.376373 2444.736584 2431.190955 2430.723940 2418.829473 2394.850291 2377.628334 2365.377504 2343.526559 2294.087939 2241.216830 2157.077354 2123.829491 2045.628191 1993.604490 1950.180503 1900.048475 1849.831611 1849.556583 1868.248203 1854.736552 1832.813899 1814.691264 1842.147691 1861.342876 1874.302201 1862.057977 1871.116709 1907.336364 1957.213519 2001.979366 2052.161272 2107.331164 2154.192491 2201.672804 2233.177027 2283.038112 2332.629784 2380.402247 2454.871589 2535.247406 2574.320931 2609.074096 2638.744718 2651.328373 2594.219429 2539.851717 2480.840943 2413.183361 2331.994669 2283.144921 2257.298353 2217.395179 2163.975563 -9999.0 -9999.0 -9999.0 -9999.0 -9999.0 -9999.0 -9999.0
-9999.0 811.439514 1022.763016 1241.310443 1516.044581 1752.652434 1956.894837 2062.322162 2142.041914 2191.068014 2234.402710 2272.519493 2305.062537 2329.927467 2310.464456 2270.002290 2241.014291 2245.567902 2239.946839 2216.578102 2187.148843 2172.236413 2169.096566 2162.157179 2138.076623 2123.923715 2113.027019 2089.788306 2057.264648 2001.087519 1922.520077 1848.509281 1788.624166 1759.168661 1730.340394 1698.290833 1664.397253 1674.616686 1686.561014 1683.798559 1674.251740 1672.102663 1701.205663 1720.546185 1730.803778 1719.904722 1739.476493 1766.058554 1807.611878 1851.414388 1901.150036 1956.744407 2011.020682 2040.165601 2053.474517 2077.826869 2116.797241 2170.415742 2256.217194 2351.265609 2430.157148 2478.741306 2528.937793 2561.569368 2571.740609 2574.624208 2543.512232 2460.181087 2357.322373 2337.576537 2334.232353 -9999.0 -9999.0 -9999.0 -9999.0 -9999.0 -9999.0 -9999.0 -9999.0 -9999.0
-9999.0 -9999.0 791.757318 962.324211 1089.362688 1264.818154 1413.639132 1524.054515 1617.676649 1740.137830 1851.276760 1939.292135 1985.451153 2003.929246 1991.089036 1960.175726 1940.276109 1940.146518 1929.388148 1919.332670 1900.227142 1892.346141 1880.349134 1871.780166 1862.651109 1857.604887 1852.125960 1840.608194 1818.831084 1772.295077 1725.536050 1675.031707 1622.594105 1597.183628 1575.391097 1554.284815 1553.674193 1549.085926 1554.334784 1556.008868 1563.437206 1576.366270 1596.322751 1618.621821 1628.605742 1638.106033 1650.742295 1674.660343 1707.922991 1750.770221 1805.435158 1864.121116 1904.863322 1918.303048 1909.004622 1914.010050 1933.745676 1975.543769 2054.517667 2137.102101 2232.445575 2303.083406 2373.193390 2423.086361 2435.908831 2446.272026 2454.822030 2402.286265 2270.457053 2290.169234 -9999.0 -9999.0 -9999.0 -9999.0 -9999.0 -9999.0 -9999.0 -9999.0 -9999.0 -9999.0
-9999.0 -9999.0 -9999.0 -9999.0 822.194225 975.331997 1072.949825 1155.959570 1286.567222 1409.701396 1511.797498 1596.530907 1660.557933 1687.722908 1685.187256 1693.218330 1689.535948 1682.773540 1672.665853 1672.514501 1672.219264 1664.685809 1649.669625 1642.206293 1643.301660 1648.313004 1645.358936 1631.272018 1612.818488 1591.309570 1571.832412 1537.706130 1502.067996 1472.784639 1459.447126 1453.921835 1453.474729 1446.165228 1454.647496 1462.199842 1477.501649 1492.689700 1516.403902 1545.574271 1559.660194 1574.651014 1584.516763 1605.108915 1635.841880 1689.668039 1753.711631 1812.376606 1849.330263 1854.597900 1830.912891 1816.040829 1812.658785 1840.722287 1885.080820 1951.138849 2051.879106 2123.874694 2178.475717 2220.225917 2249.296262 2290.311085 2333.585874 2363.059782 -9999.0 -9999.0 -9999.0 -9999.0 -9999.0 -9999.0 -9999.0 -9999.0 -9999.0 -9999.0 -9999.0 -9999.0
-9999.0 -9999.0 -9999.0 -9999.0 -9999.0 -9999.0 785.598008 888.164292 966.349845 1107.695956 1241.054203 1343.779179 1424.995389 1457.907377 1485.947155 1513.542487 1512.241227 1493.559439 1473.933370 1492.972763 1507.464539 1501.272699 1470.715699 1470.428320 1475.360072 1483.209822 1480.589159 1473.869056 1448.462460 1460.401462 1461.292194 1437.773086 1411.557187 1397.628183 1385.573687 1395.002299 1395.018675 1381.132940 1381.314330 1408.230129 1428.588114 1441.664092 1463.339835 1496.589281 1529.074321 1544.556127 1546.114812 1552.334863 1592.216584 1662.726970 1735.038335 1791.290306 1824.665495 1833.558795 1807.353529 1768.080048 1748.456917 1756.118182 1791.168990 1843.492376 1918.662031 1966.669798 1990.125122 2000.507789 2015.531197 2104.109132 -9999.0 -9999.0 -9999.0 -9999.0 -9999.0 -9999.0 -9999.0 -9999.0 -9999.0 -9999.0 -9999.0 -9999.0 -9999.0 -9999.0
-9999.0 -9999.0 -9999.0 -9999.0 -9999.0 -9999.0 -9999.0 -9999.0 -9999.0 -9999.0 -9999.0 -9999.0 -9999.0 -9999.0 -9999.0 -9999.0 -9999.0 -9999.0 -9999.0 -9999.0 -9999.0 -9999.0 -9999.0 -9999.0 -9999.0 -9999.0 -9999.0 -9999.0 -9999.0 -9999.0 -9999.0 -9999.0 -9999.0 -9999.0 -9999.0 -9999.0 -9999.0 -9999.0 -9999.0 -9999.0 -9999.0 -9999.0 -9999.0 -9999.0 -9999.0 -9999.0 -9999.0 -9999.0 -9999.0 -9999.0 -9999.0 -9999.0 -9999.0 -9999.0 -9999.0 -9999.0 -9999.0 -9999.0 -9999.0 -9999.0 -9999.0 -9999.0 -9999.0 -9999.0 -9999.0 -9999.0 -9999.0 -9999.0 -9999.0 -9999.0 -9999.0 -9999.0 -9999.0 -9999.0 -9999.0 -9999.0 -9999.0 -9999.0 -9999.0 -9999.0
-9999.0 -9999.0 -9999.0 -9999.0 -9999.0 -9999.0 -9999.0 -9999.0 -9999.0 -9999.0 -9999.0 -9999.0 -9999.0 -9999.0 -9999.0 -9999.0 -9999.0 -9999.0 -9999.0 -9999.0 -9999.0 -9999.0 -9999.0 -9999.0 -9999.0 -9999.0 -9999.0 -9999.0 -9999.0 -9999.0 -9999.0 -9999.0 -9999.0 -9999.0 -9999.0 -9999.0 -9999.0 -9999.0 -9999.0 -9999.0 -9999.0 -9999.0 -9999.0 -9999.0 -9999.0 -9999.0 -9999.0 -9999.0 -9999.0 -9999.0 -9999.0 -9999.0 -9999.0 -9999.0 -9999.0 -9999.0 -9999.0 -9999.0 -9999.0 -9999.0 -9999.0 -9999.0 -9999.0 -9999.0 -9999.0 -9999.0 -9999.0 -9999.0 -9999.0 -9999.0 -9999.0 -9999.0 -9999.0 -9999.0 -9999.0 -9999.0 -9999.0 -9999.0 -9999.0 -9999.0