Borden_/Borden1m_014/output_maps/psiliqL0012N0007.asc
ncols         80
nrows         18
xllcorner     620200.000000
yllcorner     5168000.000000
cellsize      1.000000
NODATA_value  -9999.0
-9999.0 -9999.0 -9999.0 -9999.0 -9999.0 -9999.0 -9999.0 -9999.0 -9999.0 -9999.0 -9999.0 -9999.0 -9999.0 -9999.0 -9999.0 -9999.0 -9999.0 -9999.0 -9999.0 -9999.0 -9999.0 -9999.0 -9999.0 -9999.0 -9999.0 -9999.0 -9999.0 -9999.0 -9999.0 -9999.0 -9999.0 -9999.0 -9999.0 -9999.0 -9999.0 -9999.0 -9999.0 -9999.0 -9999.0 -9999.0 -9999.0 -9999.0 -9999.0 -9999.0 -9999.0 -9999.0 -9999.0 -9999.0 -9999.0 -9999.0 -9999.0 -9999.0 -9999.0 -9999.0 -9999.0 -9999.0 -9999.0 -9999.0 -9999.0 -9999.0 -9999.0 -9999.0 -9999.0 -9999.0 -9999.0 -9999.0 -9999.0 -9999.0 -9999.0 -9999.0 -9999.0 -9999.0 -9999.0 -9999.0 -9999.0 -9999.0 -9999.0 -9999.0 -9999.0 -9999.0
-9999.0 -9999.0 -9999.0 -9999.0 -9999.0 -9999.0 -9999.0 -9999.0 -9999.0 -9999.0 -9999.0 -9999.0 -9999.0 -9999.0 -9999.0 -9999.0 -9999.0 -9999.0 -9999.0 -9999.0 -9999.0 -9999.0 -9999.0 -9999.0 -9999.0 -9999.0 -9999.0 -9999.0 -9999.0 -9999.0 -9999.0 -9999.0 -9999.0 -9999.0 -9999.0 -9999.0 -9999.0 -9999.0 -9999.0 -9999.0 -9999.0 -9999.0 -9999.0 -9999.0 -9999.0 -9999.0 -9999.0 -9999.0 -9999.0 -9999.0 -9999.0 -9999.0 -9999.0 -9999.0 -9999.0 -9999.0 -9999.0 -9999.0 -9999.0 -9999.0 -9999.0 -9999.0 -9999.0 -9999.0 -9999.0 -9999.0 -9999.0 -9999.0 -9999.0 -9999.0 -9999.0 -9999.0 -9999.0 -9999.0 -9999.0 -9999.0 -9999.0 -9999.0 -9999.0 -9999.0
-9999.0 -9999.0 -9999.0 -9999.0 -9999.0 -9999.0 -9999.0 -9999.0 -9999.0 -9999.0 -9999.0 -9999.0 -9999.0 -9999.0 -9999.0 -9999.0 -9999.0 -9999.0 -9999.0 -9999.0 535.422496 538.219752 516.067437 482.463545 454.633145 457.106904 492.292091 534.041963 572.774760 583.215846 565.592210 568.121435 563.987982 564.018104 567.817381 575.370605 579.850449 591.888870 601.395445 602.123300 596.861328 592.115977 592.188137 595.466239 600.698932 590.435251 604.023559 618.655133 623.115447 616.396104 587.558330 570.594087 560.995321 545.146736 568.959827 580.261974 602.344038 605.897944 603.810435 576.336470 545.925331 -9999.0 -9999.0 -9999.0 -9999.0 -9999.0 -9999.0 -9999.0 -9999.0 -9999.0 -9999.0 -9999.0 -9999.0 -9999.0 -9999.0 -9999.0 -9999.0 -9999.0 -9999.0 -9999.0
-9999.0 -9999.0 -9999.0 -9999.0 -9999.0 -9999.0 -9999.0 -9999.0 -9999.0 -9999.0 -9999.0 -9999.0 -9999.0 -9999.0 444.341783 434.714790 432.070540 440.731721 474.602221 505.001313 517.534875 510.399283 510.749184 487.454376 467.337422 481.906714 512.328408 544.797048 579.792119 600.283958 588.717135 586.781277 597.702191 625.544374 641.810846 641.099042 621.796704 645.426136 663.203280 673.707384 674.073991 666.196847 679.740690 695.494265 688.666535 671.711731 676.645024 688.061124 699.349979 682.468776 615.006019 592.761746 587.616522 580.196891 565.574951 558.020007 582.105226 581.677445 572.810749 554.282880 521.171323 476.553352 457.861944 496.066806 539.774805 596.996827 -9999.0 -9999.0 -9999.0 -9999.0 -9999.0 -9999.0 -9999.0 -9999.0 -9999.0 -9999.0 -9999.0 -9999.0 -9999.0 -9999.0
-9999.0 -9999.0 -9999.0 -9999.0 -9999.0 -9999.0 -9999.0 -9999.0 -9999.0 386.799517 391.153737 398.544124 400.830591 416.583155 414.586406 421.847933 429.444622 456.352025 487.729522 523.300906 552.761008 544.210471 545.197492 556.323264 561.442301 574.874066 598.175430 641.005430 682.537853 723.385619 694.795056 693.115500 714.383473 767.830251 812.868933 826.053126 808.128157 813.328462 843.982849 870.654334 871.533861 869.860412 893.944271 906.944443 909.256033 890.977307 878.959257 878.808183 900.927549 843.126589 766.315744 708.657123 709.696765 678.660577 638.381051 614.646352 609.255251 628.740960 612.795189 574.665162 537.228736 525.770337 507.885808 524.085850 545.974555 592.105414 630.404944 658.694261 658.337620 640.800749 -9999.0 -9999.0 -9999.0 -9999.0 -9999.0 -9999.0 -9999.0 -9999.0 -9999.0 -9999.0
-9999.0 -9999.0 -9999.0 -9999.0 -9999.0 -9999.0 307.695502 317.115093 337.410840 342.665769 367.883099 375.520608 396.220186 415.629043 436.995657 453.985520 484.804748 518.042533 559.784511 604.424493 638.657440 636.373781 647.934048 679.982121 721.404823 754.632669 785.188442 833.373519 911.866368 952.214052 959.630421 964.614375 978.077195 1040.565457 1137.299041 1166.186157 1144.590271 1117.966810 1153.459198 1196.005345 1203.488349 1204.410730 1212.441871 1220.007726 1244.375830 1238.313102 1205.317970 1193.145264 1185.907221 1155.903275 1063.556421 985.029748 946.833830 898.292949 813.742310 748.292537 744.940838 759.017990 727.824085 672.216365 627.760821 614.644535 597.988772 583.016307 587.990026 606.595279 628.856427 639.849380 626.876110 605.770643 582.647583 553.638157 555.196463 580.325763 -9999.0 -9999.0 -9999.0 -9999.0 -9999.0 -9999.0
-9999.0 -9999.0 -9999.0 -9999.0 257.645374 270.384324 258.531124 283.203429 315.851854 349.956234 382.381284 419.801363 447.244882 477.458251 518.724396 555.602163 599.985277 636.632547 692.723099 764.473989 822.932076 856.665766 875.204407 933.255019 995.756796 1055.663635 1091.138878 1144.687530 1192.906760 1246.618282 1268.310810 1272.698028 1289.711311 1326.853379 1381.840543 1418.479307 1403.828944 1395.375494 1407.987455 1422.689098 1446.117596 1447.218522 1448.686750 1450.172055 1453.677140 1454.770145 1436.160250 1407.413733 1393.154650 1377.007487 1337.983042 1269.434976 1233.686467 1207.522392 1169.847713 1092.810834 1007.630430 984.624370 927.327581 867.261544 793.880528 764.081723 728.847713 699.534009 667.597478 667.409004 669.754528 649.257479 617.474105 585.029574 569.624200 550.526321 539.612424 569.399488 586.922220 617.476667 -9999.0 -9999.0 -9999.0 -9999.0
-9999.0 -9999.0 198.959183 248.041380 304.458754 313.187750 314.549892 320.504083 348.847223 400.989962 478.516784 531.498806 575.762155 608.734966 669.148322 753.676149 834.036100 885.911862 946.484622 1022.139741 1102.372964 1161.251030 1185.825004 1220.287085 1267.737413 1324.854653 1354.475699 1388.303714 1418.438915 1445.532704 1456.823786 1469.082491 1475.694352 1477.509750 1484.511875 1487.896150 1486.803275 1484.982397 1472.711450 1473.332509 1481.720800 1486.511786 1489.233932 1477.029234 1473.262272 1486.077473 1489.812239 1489.994643 1489.020139 1492.142764 1491.880840 1455.139795 1418.556198 1406.556970 1395.078976 1344.501863 1280.410285 1242.244292 1222.525880 1173.518486 1068.708783 1000.920554 941.413242 882.024681 823.440477 788.169833 740.144932 698.067507 651.895328 605.571643 581.348283 562.478495 559.665813 559.666858 575.726146 591.203181 606.631988 614.461068 -9999.0 -9999.0
-9999.0 97.669568 170.060665 296.615353 375.999165 420.789402 456.726825 483.738106 511.849527 535.098862 643.853336 746.304939 838.500816 872.869415 924.108534 1029.981118 1146.467649 1199.005439 1235.320360 1287.806368 1348.775402 1400.760734 1429.184962 1444.430482 1474.154210 1482.722444 1486.207355 1491.562023 1487.681860 1478.865068 1468.312968 1473.392818 1468.893815 1449.761079 1435.479616 1434.954028 1433.965367 1417.256750 1397.451330 1388.866259 1394.021427 1415.945025 1406.259254 1388.259347 1384.671175 1402.568152 1418.006603 1408.960615 1396.269932 1409.116982 1436.773757 1454.904095 1468.733533 1485.131756 1503.196670 1475.745399 1447.756362 1412.978993 1397.700365 1369.097443 1307.960161 1245.704214 1184.196754 1097.880805 1014.913546 935.365603 868.116223 807.246900 741.129221 698.587970 665.304448 612.665078 589.741042 591.139458 582.180415 579.531701 585.913046 592.309847 -9999.0 -9999.0
-9999.0 20.834740 163.478393 348.148731 495.589157 556.565456 668.262052 755.646184 785.464131 762.636177 875.710418 1118.037956 1218.385592 1232.245762 1294.742566 1373.516561 1403.160816 1435.378273 1456.187852 1462.506542 1469.605339 1480.833666 1480.390677 1475.251119 1463.171538 1458.096786 1459.459678 1459.072933 1443.548851 1423.814543 1405.700492 1400.325620 1379.280379 1329.331576 1293.193587 1277.434804 1267.638851 1254.980793 1230.258462 1210.817482 1200.704558 1218.365821 1211.700008 1196.341821 1192.221873 1211.030233 1238.894536 1231.690266 1235.373079 1252.629041 1287.937629 1327.279145 1356.258163 1386.417251 1418.123873 1456.099463 1473.021333 1495.761159 1500.736576 1480.260541 1440.140487 1393.845657 1361.689442 1297.092406 1220.259198 1124.237410 1047.237839 982.281504 910.548198 854.244062 798.980085 734.883642 675.898847 650.855592 611.770671 591.956660 -9999.0 -9999.0 -9999.0 -9999.0
-9999.0 -52.685750 136.508760 397.293446 665.864658 787.180572 1001.264147 1149.511535 1209.860082 1274.802117 1275.201757 1410.100898 1445.006617 1438.401078 1429.186793 1427.730788 1437.916945 1439.398308 1435.887355 1428.878947 1424.506253 1424.638723 1425.974601 1421.634955 1413.528569 1402.962069 1393.519089 1382.983370 1345.166134 1303.887837 1265.181926 1247.514617 1202.279681 1085.988647 1027.159969 988.125514 934.929061 931.762246 927.718763 902.744466 885.916980 868.847866 889.276583 891.918724 893.030302 896.679006 912.851545 932.419444 973.048947 1008.047251 1056.099288 1122.477600 1180.765374 1230.742574 1275.806157 1330.942137 1369.021968 1400.626773 1442.824550 1478.492515 1500.855118 1492.023460 1466.349888 1427.273484 1365.114911 1303.821149 1261.115924 1197.272448 1129.149397 1046.864165 978.071698 902.696156 824.285928 739.196310 697.902431 -9999.0 -9999.0 -9999.0 -9999.0 -9999.0
-9999.0 -221.915319 45.506055 336.615958 658.884392 992.301595 1124.310326 1259.403023 1329.972021 1297.302610 1308.301001 1340.111191 1382.761641 1389.664829 1368.752478 1353.745691 1330.401562 1323.643451 1334.001182 1310.201573 1285.905922 1276.860508 1279.305868 1271.218443 1253.151682 1240.468950 1230.819079 1210.626602 1152.769280 1071.987624 977.583546 945.361684 867.945185 800.105686 749.888013 699.790268 649.877217 649.893428 667.915112 653.946430 632.856582 614.964995 641.116424 657.732055 669.004517 657.788460 665.807503 699.837541 747.211498 789.107154 838.771213 896.786771 950.118892 1003.089482 1042.256411 1108.978615 1181.972876 1236.163659 1309.096218 1387.375753 1421.777808 1454.300154 1488.544042 1506.728509 1462.970842 1423.700620 1387.086315 1342.648795 1271.604595 1223.236002 1179.033826 1082.222502 988.692652 -9999.0 -9999.0 -9999.0 -9999.0 -9999.0 -9999.0 -9999.0
-9999.0 -351.821058 -127.543372 109.517993 399.830812 636.419051 819.911345 929.572704 1014.378742 1047.778910 1095.052067 1150.820761 1188.839715 1210.665191 1185.603158 1134.265730 1075.723743 1067.092957 1059.317780 1031.127075 1000.132521 985.583156 985.083200 979.742955 956.962489 943.886171 933.920110 910.474605 871.254924 807.113256 722.547476 651.096607 589.071367 553.620899 522.319999 489.116080 452.515223 463.562600 477.877880 474.495607 463.569559 460.173483 489.616063 508.285425 518.161484 505.440185 523.692417 549.769968 590.464184 631.672826 679.143219 733.559755 787.499721 818.067979 835.154017 868.113522 917.962516 979.798818 1079.552157 1198.208451 1280.759407 1333.443106 1387.648911 1422.903702 1440.837212 1465.252155 1453.071340 1385.298135 1276.479337 1299.490818 1301.025422 -9999.0 -9999.0 -9999.0 -9999.0 -9999.0 -9999.0 -9999.0 -9999.0 -9999.0
-9999.0 -9999.0 -363.124154 -180.020233 -32.541946 149.007339 297.536887 404.198608 486.926463 592.251318 696.363510 783.481697 829.096814 845.868753 827.796756 785.193829 751.695990 746.442866 734.525156 721.025775 698.967286 690.996837 681.781821 674.895709 664.461097 658.906919 653.870184 642.197249 618.476890 569.645224 517.769675 465.544235 411.528724 385.891372 363.733653 341.648387 339.387287 336.995996 343.673037 345.341431 351.619651 363.872449 384.367108 405.931989 415.331985 422.912271 435.035999 458.184305 490.657361 531.532514 583.886060 639.784117 678.202609 690.354572 681.418696 688.535335 712.377822 758.343417 845.767420 939.916506 1043.744586 1135.670177 1226.405538 1286.452136 1313.670769 1347.645535 1377.594090 1313.375310 927.403351 1224.333707 -9999.0 -9999.0 -9999.0 -9999.0 -9999.0 -9999.0 -9999.0 -9999.0 -9999.0 -9999.0
-9999.0 -9999.0 -9999.0 -9999.0 -324.108639 -168.222384 -73.525500 8.571957 132.782589 246.963109 344.009534 424.924707 482.497932 507.031081 497.726779 494.751844 485.306435 478.696299 468.723465 464.905862 461.430877 454.200636 442.177794 435.289890 435.822089 440.329843 438.271525 424.944470 407.995882 382.606985 360.038746 325.134402 288.579806 259.467133 246.485150 240.269117 240.531867 234.691116 244.106683 251.061986 266.193998 281.610115 305.532288 334.083011 347.041873 361.272355 370.716197 391.025703 420.664785 473.013881 535.086664 591.104455 624.993343 628.217229 602.312174 586.462638 583.177611 611.367988 658.169153 728.411992 832.368741 912.195736 982.191829 1041.524001 1097.537784 1183.814733 1275.497287 1316.383669 -9999.0 -9999.0 -9999.0 -9999.0 -9999.0 -9999.0 -9999.0 -9999.0 -9999.0 -9999.0 -9999.0 -9999.0
-9999.0 -9999.0 -9999.0 -9999.0 -9999.0 -9999.0 -375.081683 -277.495009 -193.435779 -64.499114 55.993980 152.143008 228.786682 256.206071 276.677379 299.822830 295.324383 277.033174 259.086657 276.381627 287.830064 282.823361 254.741787 254.118361 258.543301 267.742417 266.386605 260.335540 235.581808 245.132530 244.662265 221.710425 195.871999 181.888314 170.410288 180.418595 181.208087 168.470455 170.324577 196.799869 216.795333 230.153020 252.357310 285.438050 317.423964 331.884624 332.756390 338.608843 379.057375 448.624062 518.719385 572.208440 602.852494 609.668708 580.964706 539.649574 517.837620 523.939674 557.975800 610.621718 686.657792 737.669863 770.514646 795.007684 828.727306 933.298675 -9999.0 -9999.0 -9999.0 -9999.0 -9999.0 -9999.0 -9999.0 -9999.0 -9999.0 -9999.0 -9999.0 -9999.0 -9999.0 -9999.0
-9999.0 -9999.0 -9999.0 -9999.0 -9999.0 -9999.0 -9999.0 -9999.0 -9999.0 -9999.0 -9999.0 -9999.0 -9999.0 -9999.0 -9999.0 -9999.0 -9999.0 -9999.0 -9999.0 -9999.0 -9999.0 -9999.0 -9999.0 -9999.0 -9999.0 -9999.0 -9999.0 -9999.0 -9999.0 -9999.0 -9999.0 -9999.0 -9999.0 -9999.0 -9999.0 -9999.0 -9999.0 -9999.0 -9999.0 -9999.0 -9999.0 -9999.0 -9999.0 -9999.0 -9999.0 -9999.0 -9999.0 -9999.0 -9999.0 -9999.0 -9999.0 -9999.0 -9999.0 -9999.0 -9999.0 -9999.0 -9999.0 -9999.0 -9999.0 -9999.0 -9999.0 -9999.0 -9999.0 -9999.0 -9999.0 -9999.0 -9999.0 -9999.0 -9999.0 -9999.0 -9999.0 -9999.0 -9999.0 -9999.0 -9999.0 -9999.0 -9999.0 -9999.0 -9999.0 -9999.0
-9999.0 -9999.0 -9999.0 -9999.0 -9999.0 -9999.0 -9999.0 -9999.0 -9999.0 -9999.0 -9999.0 -9999.0 -9999.0 -9999.0 -9999.0 -9999.0 -9999.0 -9999.0 -9999.0 -9999.0 -9999.0 -9999.0 -9999.0 -9999.0 -9999.0 -9999.0 -9999.0 -9999.0 -9999.0 -9999.0 -9999.0 -9999.0 -9999.0 -9999.0 -9999.0 -9999.0 -9999.0 -9999.0 -9999.0 -9999.0 -9999.0 -9999.0 -9999.0 -9999.0 -9999.0 -9999.0 -9999.0 -9999.0 -9999.0 -9999.0 -9999.0 -9999.0 -9999.0 -9999.0 -9999.0 -9999.0 -9999.0 -9999.0 -9999.0 -9999.0 -9999.0 -9999.0 -9999.0 -9999.0 -9999.0 -9999.0 -9999.0 -9999.0 -9999.0 -9999.0 -9999.0 -9999.0 -9999.0 -9999.0 -9999.0 -9999.0 -9999.0 -9999.0 -9999.0 -9999.0