Borden_/Borden1m_014/output_maps/psiliqL0006N0018.asc
ncols         80
nrows         18
xllcorner     620200.000000
yllcorner     5168000.000000
cellsize      1.000000
NODATA_value  -9999.0
-9999.0 -9999.0 -9999.0 -9999.0 -9999.0 -9999.0 -9999.0 -9999.0 -9999.0 -9999.0 -9999.0 -9999.0 -9999.0 -9999.0 -9999.0 -9999.0 -9999.0 -9999.0 -9999.0 -9999.0 -9999.0 -9999.0 -9999.0 -9999.0 -9999.0 -9999.0 -9999.0 -9999.0 -9999.0 -9999.0 -9999.0 -9999.0 -9999.0 -9999.0 -9999.0 -9999.0 -9999.0 -9999.0 -9999.0 -9999.0 -9999.0 -9999.0 -9999.0 -9999.0 -9999.0 -9999.0 -9999.0 -9999.0 -9999.0 -9999.0 -9999.0 -9999.0 -9999.0 -9999.0 -9999.0 -9999.0 -9999.0 -9999.0 -9999.0 -9999.0 -9999.0 -9999.0 -9999.0 -9999.0 -9999.0 -9999.0 -9999.0 -9999.0 -9999.0 -9999.0 -9999.0 -9999.0 -9999.0 -9999.0 -9999.0 -9999.0 -9999.0 -9999.0 -9999.0 -9999.0
-9999.0 -9999.0 -9999.0 -9999.0 -9999.0 -9999.0 -9999.0 -9999.0 -9999.0 -9999.0 -9999.0 -9999.0 -9999.0 -9999.0 -9999.0 -9999.0 -9999.0 -9999.0 -9999.0 -9999.0 -9999.0 -9999.0 -9999.0 -9999.0 -9999.0 -9999.0 -9999.0 -9999.0 -9999.0 -9999.0 -9999.0 -9999.0 -9999.0 -9999.0 -9999.0 -9999.0 -9999.0 -9999.0 -9999.0 -9999.0 -9999.0 -9999.0 -9999.0 -9999.0 -9999.0 -9999.0 -9999.0 -9999.0 -9999.0 -9999.0 -9999.0 -9999.0 -9999.0 -9999.0 -9999.0 -9999.0 -9999.0 -9999.0 -9999.0 -9999.0 -9999.0 -9999.0 -9999.0 -9999.0 -9999.0 -9999.0 -9999.0 -9999.0 -9999.0 -9999.0 -9999.0 -9999.0 -9999.0 -9999.0 -9999.0 -9999.0 -9999.0 -9999.0 -9999.0 -9999.0
-9999.0 -9999.0 -9999.0 -9999.0 -9999.0 -9999.0 -9999.0 -9999.0 -9999.0 -9999.0 -9999.0 -9999.0 -9999.0 -9999.0 -9999.0 -9999.0 -9999.0 -9999.0 -9999.0 -9999.0 -648.787173 -645.717908 -668.773504 -702.938806 -731.569481 -730.212285 -695.914883 -655.759773 -618.945372 -608.746361 -627.040877 -626.259955 -631.840904 -631.993621 -629.086523 -623.558792 -621.432943 -609.968975 -601.605689 -601.888562 -608.106216 -614.019431 -615.835491 -612.243136 -607.368791 -615.486943 -602.091532 -586.658197 -579.823201 -584.621601 -611.472828 -626.898693 -634.305126 -647.903946 -623.059348 -609.847734 -586.386757 -581.553286 -582.138573 -608.671964 -638.331252 -9999.0 -9999.0 -9999.0 -9999.0 -9999.0 -9999.0 -9999.0 -9999.0 -9999.0 -9999.0 -9999.0 -9999.0 -9999.0 -9999.0 -9999.0 -9999.0 -9999.0 -9999.0 -9999.0
-9999.0 -9999.0 -9999.0 -9999.0 -9999.0 -9999.0 -9999.0 -9999.0 -9999.0 -9999.0 -9999.0 -9999.0 -9999.0 -9999.0 -737.316080 -747.913818 -751.432331 -743.417087 -710.331953 -681.118826 -668.666405 -676.664173 -677.214950 -701.101954 -721.505357 -708.099326 -679.876798 -649.609148 -616.597478 -596.682360 -610.060185 -613.283756 -602.958388 -575.067692 -560.054932 -562.917974 -584.765262 -562.380774 -545.983848 -536.148932 -537.331413 -546.215726 -531.057595 -514.384744 -521.111690 -539.001701 -536.032226 -524.302402 -508.834547 -524.257552 -589.468821 -610.414007 -612.389611 -618.045354 -630.222972 -636.169419 -611.071244 -609.224672 -616.721151 -633.836528 -665.134885 -708.442529 -725.496666 -686.919173 -642.031506 -583.572908 -9999.0 -9999.0 -9999.0 -9999.0 -9999.0 -9999.0 -9999.0 -9999.0 -9999.0 -9999.0 -9999.0 -9999.0 -9999.0 -9999.0
-9999.0 -9999.0 -9999.0 -9999.0 -9999.0 -9999.0 -9999.0 -9999.0 -9999.0 -792.536366 -789.557766 -782.988037 -781.874056 -766.846838 -768.806813 -762.521272 -754.971924 -730.080972 -700.035200 -665.937145 -637.817960 -648.686701 -649.118622 -637.186325 -630.126200 -617.753623 -598.006728 -558.290616 -515.928743 -473.464131 -502.497287 -504.536183 -483.462519 -424.483277 -375.513537 -362.501969 -384.185172 -381.598890 -351.311597 -319.654359 -320.940322 -323.331777 -291.335403 -272.187814 -261.169433 -288.460521 -313.688022 -316.741466 -281.595753 -349.453411 -426.481945 -491.029828 -492.141289 -524.273018 -566.295273 -589.034222 -591.625330 -568.407851 -582.852745 -619.346257 -654.887211 -663.059228 -678.577154 -661.973261 -638.615823 -590.879586 -551.942993 -522.611683 -521.472534 -538.244928 -9999.0 -9999.0 -9999.0 -9999.0 -9999.0 -9999.0 -9999.0 -9999.0 -9999.0 -9999.0
-9999.0 -9999.0 -9999.0 -9999.0 -9999.0 -9999.0 -870.030876 -861.877769 -842.909484 -837.544755 -814.274654 -807.296145 -787.577679 -769.016087 -749.763742 -733.579997 -703.564852 -672.427378 -632.039850 -588.708877 -556.837818 -561.463417 -552.046761 -516.816441 -467.746134 -427.054261 -398.535663 -353.328140 -245.133110 -153.939799 -113.675639 -90.201273 -43.916752 -12.089361 31.118270 65.353028 26.751840 12.281009 23.950557 51.285726 89.033324 91.873831 98.412272 106.332023 132.120563 123.846910 56.292466 37.342708 34.743059 29.167732 -4.351848 -51.644134 -175.637318 -272.254691 -376.263032 -445.228999 -453.437694 -440.526442 -473.768597 -527.623392 -570.203352 -580.011855 -593.550711 -607.008082 -600.930873 -580.555342 -555.946814 -543.514946 -554.784286 -574.266331 -596.629642 -624.671791 -622.507599 -596.648261 -9999.0 -9999.0 -9999.0 -9999.0 -9999.0 -9999.0
-9999.0 -9999.0 -9999.0 -9999.0 -919.065894 -907.250426 -918.967963 -896.510366 -865.535929 -833.552626 -802.011259 -765.699400 -739.911236 -711.640637 -670.981478 -633.301396 -590.553553 -556.814493 -500.743704 -422.768715 -357.979869 -322.677480 -301.290632 -183.852626 -43.316980 -1.034396 9.680391 25.715101 58.872309 145.500328 173.472697 172.285274 195.762090 231.690412 270.342493 303.726431 285.429893 267.050405 280.524897 288.767220 313.805029 314.940499 316.153890 316.664506 319.134484 320.076797 297.729378 255.242830 254.111672 237.981741 231.055092 168.239433 90.514301 57.799078 40.865810 11.310379 -36.265293 -84.030928 -223.831980 -312.693984 -397.482677 -431.988628 -468.612359 -495.180523 -525.758870 -524.107663 -519.966849 -538.204744 -566.966461 -597.537672 -611.376678 -629.049042 -638.199147 -607.828832 -589.621379 -558.058477 -9999.0 -9999.0 -9999.0 -9999.0
-9999.0 -9999.0 -976.057387 -926.127977 -871.338742 -863.454543 -861.351594 -857.426868 -832.025283 -783.271290 -705.845188 -654.251424 -609.981379 -581.423398 -521.585023 -427.657937 -338.178548 -269.517225 -136.692422 -29.669967 14.068738 40.308606 82.431444 120.946128 166.979463 223.854909 235.994874 266.944177 293.811256 323.245979 347.510484 361.787820 370.086913 364.769361 365.954525 363.523627 361.516630 354.981192 338.788490 336.070990 342.414926 345.487160 349.141592 336.608262 333.131002 345.852455 347.535454 347.046495 350.234568 358.776937 369.738022 338.526766 284.927863 269.855410 268.426866 228.638183 173.180898 105.913795 73.730999 42.236204 -7.424112 -48.191218 -182.048628 -286.911272 -363.519664 -405.959187 -454.424122 -493.964647 -537.041642 -580.074037 -601.784023 -618.912084 -619.919212 -618.140574 -601.390190 -585.064068 -569.165542 -561.101002 -9999.0 -9999.0
-9999.0 -1072.987253 -1000.613990 -873.327620 -795.928169 -752.297324 -711.588179 -682.624823 -660.786941 -649.962438 -542.667074 -423.631516 -321.150088 -281.114808 -167.791435 -21.709061 75.236316 110.933851 138.002111 193.275697 231.898502 284.179310 311.064089 341.974816 368.331606 365.480765 363.368906 363.550323 355.789741 348.282877 338.224818 346.331192 344.179606 329.254338 316.963004 315.022512 309.831196 282.943726 256.979743 243.695520 235.341876 265.779880 259.073529 237.665837 236.526358 255.878378 270.090480 251.872461 252.949652 266.810054 306.926897 322.759644 337.731386 351.345682 371.931564 349.357358 317.462636 278.557801 259.586928 223.581508 169.128228 112.141477 57.663983 9.754602 -40.433717 -188.775882 -306.055947 -381.969637 -450.626839 -488.355718 -517.834113 -568.456921 -590.477733 -587.422121 -595.724653 -597.374931 -590.045827 -583.306722 -9999.0 -9999.0
-9999.0 -1141.264671 -997.898552 -812.611179 -668.469587 -608.668128 -483.415608 -391.345471 -363.892565 -389.225073 -235.274353 62.614096 139.659264 146.193599 208.322438 283.402818 322.778301 346.873528 363.007609 358.610095 354.114904 358.833407 355.170718 346.054620 332.664633 325.047332 324.445218 322.795483 306.657092 285.138082 269.745459 268.208937 252.948883 221.070302 194.189502 180.299421 160.536857 104.679368 67.433108 45.503238 35.808147 52.419876 44.738506 31.074483 28.397260 45.367076 72.170117 68.353335 82.454515 115.070095 161.503274 205.212917 224.573384 249.275153 277.114263 323.014520 341.701868 360.891216 367.221057 342.957939 307.162716 259.157215 229.005644 158.702130 96.340951 28.014977 -15.083641 -62.936599 -226.318948 -308.124494 -375.017370 -441.995815 -501.178675 -527.072836 -564.926542 -585.419934 -9999.0 -9999.0 -9999.0 -9999.0
-9999.0 -1202.102597 -1009.843164 -743.321669 -493.066826 -336.819699 -39.892502 90.814450 171.203787 164.807469 233.242860 331.658114 348.579916 335.207496 314.490114 313.709365 325.051254 327.886970 323.978738 316.214626 309.757826 307.158125 304.723530 283.456802 278.259996 263.742642 252.099055 240.926012 187.489299 153.848564 122.876616 100.479358 67.446540 5.594669 -18.633463 -44.567183 -170.271986 -199.128730 -226.444335 -276.456127 -302.078816 -319.412678 -297.438029 -300.593205 -301.420499 -289.124607 -256.444383 -225.031732 -129.002552 -42.044245 -8.939288 25.052224 51.924418 98.828063 144.037664 210.536198 238.053128 261.399069 309.171268 344.750368 365.864958 358.621261 329.941404 293.542105 233.557632 160.355216 122.902178 72.259272 17.589209 -18.348236 -55.093567 -193.614545 -323.162993 -435.941207 -476.914627 -9999.0 -9999.0 -9999.0 -9999.0 -9999.0
-9999.0 -1347.475424 -1079.838684 -781.892729 -441.725815 -40.755472 79.294156 255.541885 316.058703 244.427345 178.394473 220.749802 260.641035 262.990818 242.265286 236.403566 229.597894 229.401019 242.247360 219.841379 190.280094 167.981868 161.862605 140.150293 107.311092 84.783907 71.497144 56.167267 20.885411 -10.629807 -79.965221 -154.687207 -290.903984 -378.460753 -433.110082 -485.417076 -538.655473 -540.392505 -525.183115 -542.156278 -563.969312 -582.601027 -557.852322 -543.522715 -533.324601 -542.852389 -534.552052 -501.022996 -452.570657 -407.001430 -347.033194 -271.276671 -181.862333 -46.551343 -17.117456 17.410288 50.543325 99.815797 179.719410 255.647819 287.444036 319.814430 355.839855 374.164549 333.198843 291.855301 248.779652 215.308914 132.208481 86.341982 61.836383 21.101407 -22.137880 -9999.0 -9999.0 -9999.0 -9999.0 -9999.0 -9999.0 -9999.0
-9999.0 -1484.169344 -1247.229955 -992.770326 -691.711075 -457.399138 -245.566340 -39.051474 51.580968 6.380164 4.972677 21.654441 42.103186 57.574541 40.838232 18.693474 3.130887 7.067325 8.848265 -5.833210 -22.779914 -32.223851 -35.598551 -59.146842 -133.698455 -178.900742 -205.438937 -248.587978 -305.059908 -374.696897 -468.635225 -535.187781 -595.406098 -630.748350 -660.190098 -692.451104 -731.233024 -720.379560 -705.225831 -710.089112 -722.930186 -728.000928 -698.792004 -681.131021 -671.473327 -685.407355 -667.901787 -641.907694 -601.527255 -562.109605 -516.882552 -464.985289 -412.786020 -378.285512 -354.602034 -311.879757 -242.545270 -96.092440 -4.178454 72.752822 146.973341 207.821240 254.944147 290.492303 308.709035 326.551185 325.379509 290.679741 229.666944 163.438714 130.361397 -9999.0 -9999.0 -9999.0 -9999.0 -9999.0 -9999.0 -9999.0 -9999.0 -9999.0
-9999.0 -9999.0 -1485.292055 -1289.600989 -1121.617373 -936.082801 -790.285709 -689.154026 -625.047120 -546.185897 -458.165432 -381.327483 -337.019595 -318.132957 -341.827246 -391.046378 -422.206686 -422.311327 -432.363999 -450.163238 -479.289938 -490.375520 -499.334375 -506.934913 -521.348132 -529.014664 -533.962783 -544.430305 -566.480495 -612.226608 -664.939361 -715.847455 -769.237072 -793.325304 -814.735557 -837.346628 -841.457913 -842.392167 -835.195050 -834.159579 -829.500808 -818.326027 -797.689897 -777.015051 -768.054528 -761.956779 -749.846580 -726.952220 -694.796700 -655.607681 -605.507053 -552.445374 -516.802345 -506.791254 -517.475658 -512.278460 -490.554647 -444.223787 -338.907933 -179.258605 -27.074188 30.034824 98.825088 154.685816 188.772549 208.050749 253.938470 268.413477 171.837513 206.404949 -9999.0 -9999.0 -9999.0 -9999.0 -9999.0 -9999.0 -9999.0 -9999.0 -9999.0 -9999.0
-9999.0 -9999.0 -9999.0 -9999.0 -1432.371572 -1274.129677 -1181.977658 -1101.180408 -986.098343 -885.190290 -799.441013 -729.029799 -681.800482 -660.398996 -673.989190 -682.989182 -692.143832 -694.715847 -702.512806 -709.063557 -715.592165 -722.917519 -732.612543 -739.781665 -740.756118 -737.585291 -739.146651 -751.388175 -765.866810 -793.725984 -818.236478 -853.007591 -889.802033 -918.474715 -931.194949 -938.417932 -937.956202 -942.896315 -933.164886 -927.294098 -912.743214 -897.421630 -873.584952 -845.866102 -833.965143 -820.231282 -810.781417 -790.264341 -761.162220 -709.872526 -649.525618 -595.945223 -564.645264 -563.221623 -591.597726 -609.410975 -614.570111 -589.113352 -544.133039 -475.067592 -360.978401 -253.155874 -91.013504 -19.664684 8.018352 45.322257 114.069476 189.511287 -9999.0 -9999.0 -9999.0 -9999.0 -9999.0 -9999.0 -9999.0 -9999.0 -9999.0 -9999.0 -9999.0 -9999.0
-9999.0 -9999.0 -9999.0 -9999.0 -9999.0 -9999.0 -1492.474940 -1399.653895 -1309.803512 -1195.066116 -1090.013713 -1003.703131 -933.806893 -912.118717 -898.170568 -877.780642 -883.105706 -899.059911 -914.236424 -898.679344 -890.625600 -894.848471 -920.674890 -922.323033 -919.299602 -909.712704 -910.466460 -916.189271 -940.335340 -933.407653 -935.475265 -958.017947 -983.672234 -998.041409 -1009.355289 -999.338284 -998.307152 -1010.336244 -1007.297861 -981.753162 -962.468079 -949.060605 -926.518380 -893.754085 -862.269523 -848.590621 -847.962462 -841.986537 -800.618975 -731.601481 -663.375997 -612.296749 -583.793554 -578.364023 -608.862596 -651.843389 -675.781510 -672.000568 -641.144141 -592.008248 -519.373108 -472.425619 -438.980646 -408.445604 -370.006578 -236.916182 -9999.0 -9999.0 -9999.0 -9999.0 -9999.0 -9999.0 -9999.0 -9999.0 -9999.0 -9999.0 -9999.0 -9999.0 -9999.0 -9999.0
-9999.0 -9999.0 -9999.0 -9999.0 -9999.0 -9999.0 -9999.0 -9999.0 -9999.0 -9999.0 -9999.0 -9999.0 -9999.0 -9999.0 -9999.0 -9999.0 -9999.0 -9999.0 -9999.0 -9999.0 -9999.0 -9999.0 -9999.0 -9999.0 -9999.0 -9999.0 -9999.0 -9999.0 -9999.0 -9999.0 -9999.0 -9999.0 -9999.0 -9999.0 -9999.0 -9999.0 -9999.0 -9999.0 -9999.0 -9999.0 -9999.0 -9999.0 -9999.0 -9999.0 -9999.0 -9999.0 -9999.0 -9999.0 -9999.0 -9999.0 -9999.0 -9999.0 -9999.0 -9999.0 -9999.0 -9999.0 -9999.0 -9999.0 -9999.0 -9999.0 -9999.0 -9999.0 -9999.0 -9999.0 -9999.0 -9999.0 -9999.0 -9999.0 -9999.0 -9999.0 -9999.0 -9999.0 -9999.0 -9999.0 -9999.0 -9999.0 -9999.0 -9999.0 -9999.0 -9999.0
-9999.0 -9999.0 -9999.0 -9999.0 -9999.0 -9999.0 -9999.0 -9999.0 -9999.0 -9999.0 -9999.0 -9999.0 -9999.0 -9999.0 -9999.0 -9999.0 -9999.0 -9999.0 -9999.0 -9999.0 -9999.0 -9999.0 -9999.0 -9999.0 -9999.0 -9999.0 -9999.0 -9999.0 -9999.0 -9999.0 -9999.0 -9999.0 -9999.0 -9999.0 -9999.0 -9999.0 -9999.0 -9999.0 -9999.0 -9999.0 -9999.0 -9999.0 -9999.0 -9999.0 -9999.0 -9999.0 -9999.0 -9999.0 -9999.0 -9999.0 -9999.0 -9999.0 -9999.0 -9999.0 -9999.0 -9999.0 -9999.0 -9999.0 -9999.0 -9999.0 -9999.0 -9999.0 -9999.0 -9999.0 -9999.0 -9999.0 -9999.0 -9999.0 -9999.0 -9999.0 -9999.0 -9999.0 -9999.0 -9999.0 -9999.0 -9999.0 -9999.0 -9999.0 -9999.0 -9999.0