Borden_/Borden1m_014/output_maps/psiliqL0029N0010.asc
ncols         80
nrows         18
xllcorner     620200.000000
yllcorner     5168000.000000
cellsize      1.000000
NODATA_value  -9999.0
-9999.0 -9999.0 -9999.0 -9999.0 -9999.0 -9999.0 -9999.0 -9999.0 -9999.0 -9999.0 -9999.0 -9999.0 -9999.0 -9999.0 -9999.0 -9999.0 -9999.0 -9999.0 -9999.0 -9999.0 -9999.0 -9999.0 -9999.0 -9999.0 -9999.0 -9999.0 -9999.0 -9999.0 -9999.0 -9999.0 -9999.0 -9999.0 -9999.0 -9999.0 -9999.0 -9999.0 -9999.0 -9999.0 -9999.0 -9999.0 -9999.0 -9999.0 -9999.0 -9999.0 -9999.0 -9999.0 -9999.0 -9999.0 -9999.0 -9999.0 -9999.0 -9999.0 -9999.0 -9999.0 -9999.0 -9999.0 -9999.0 -9999.0 -9999.0 -9999.0 -9999.0 -9999.0 -9999.0 -9999.0 -9999.0 -9999.0 -9999.0 -9999.0 -9999.0 -9999.0 -9999.0 -9999.0 -9999.0 -9999.0 -9999.0 -9999.0 -9999.0 -9999.0 -9999.0 -9999.0
-9999.0 -9999.0 -9999.0 -9999.0 -9999.0 -9999.0 -9999.0 -9999.0 -9999.0 -9999.0 -9999.0 -9999.0 -9999.0 -9999.0 -9999.0 -9999.0 -9999.0 -9999.0 -9999.0 -9999.0 -9999.0 -9999.0 -9999.0 -9999.0 -9999.0 -9999.0 -9999.0 -9999.0 -9999.0 -9999.0 -9999.0 -9999.0 -9999.0 -9999.0 -9999.0 -9999.0 -9999.0 -9999.0 -9999.0 -9999.0 -9999.0 -9999.0 -9999.0 -9999.0 -9999.0 -9999.0 -9999.0 -9999.0 -9999.0 -9999.0 -9999.0 -9999.0 -9999.0 -9999.0 -9999.0 -9999.0 -9999.0 -9999.0 -9999.0 -9999.0 -9999.0 -9999.0 -9999.0 -9999.0 -9999.0 -9999.0 -9999.0 -9999.0 -9999.0 -9999.0 -9999.0 -9999.0 -9999.0 -9999.0 -9999.0 -9999.0 -9999.0 -9999.0 -9999.0 -9999.0
-9999.0 -9999.0 -9999.0 -9999.0 -9999.0 -9999.0 -9999.0 -9999.0 -9999.0 -9999.0 -9999.0 -9999.0 -9999.0 -9999.0 -9999.0 -9999.0 -9999.0 -9999.0 -9999.0 -9999.0 3925.068003 3925.622312 3904.003166 3869.686795 3841.235193 3842.814893 3875.156428 3915.458870 3954.169242 3960.731810 3941.149576 3945.076549 3940.483495 3934.988009 3934.475036 3942.300059 3949.407860 3958.651509 3965.191474 3962.385140 3954.693776 3949.693857 3952.859234 3954.100259 3960.588711 3945.173210 3961.662870 3978.201205 3982.739938 3980.530525 3957.514564 3946.432551 3938.727229 3923.223930 3950.440546 3962.225782 3986.056013 3990.985117 3989.120255 3962.679885 3932.778620 -9999.0 -9999.0 -9999.0 -9999.0 -9999.0 -9999.0 -9999.0 -9999.0 -9999.0 -9999.0 -9999.0 -9999.0 -9999.0 -9999.0 -9999.0 -9999.0 -9999.0 -9999.0 -9999.0
-9999.0 -9999.0 -9999.0 -9999.0 -9999.0 -9999.0 -9999.0 -9999.0 -9999.0 -9999.0 -9999.0 -9999.0 -9999.0 -9999.0 3835.110678 3826.450078 3823.356333 3830.142408 3862.105483 3892.170827 3903.560774 3895.882316 3895.398883 3870.116376 3846.406534 3858.346552 3887.330945 3917.196505 3950.008553 3966.368347 3955.226339 3952.272203 3958.236527 3976.051474 3982.625134 3978.621622 3961.396336 3985.847388 3998.370558 4001.698599 3999.350089 3989.145239 3996.784227 4010.347545 4003.184963 3988.353292 4000.762008 4016.529381 4026.843103 4020.049238 3963.338130 3953.225114 3950.479569 3947.355119 3934.812075 3931.894980 3961.375439 3961.223404 3954.643808 3937.988735 3904.865856 3859.694395 3841.057725 3882.602199 3926.637670 3983.111427 -9999.0 -9999.0 -9999.0 -9999.0 -9999.0 -9999.0 -9999.0 -9999.0 -9999.0 -9999.0 -9999.0 -9999.0 -9999.0 -9999.0
-9999.0 -9999.0 -9999.0 -9999.0 -9999.0 -9999.0 -9999.0 -9999.0 -9999.0 3777.814489 3783.985345 3790.634844 3792.893620 3807.599557 3803.806355 3810.335762 3813.196535 3840.161666 3868.868939 3901.593198 3927.756309 3918.159899 3916.095756 3918.007186 3909.655737 3916.018222 3935.817254 3971.486532 4000.519805 4034.391588 3999.516143 3993.777271 4010.733314 4050.397487 4070.642949 4071.032277 4052.088699 4071.117545 4094.317988 4108.416845 4104.321664 4097.476872 4124.024727 4139.819262 4131.488052 4109.130415 4110.688384 4120.049225 4150.316504 4099.363743 4032.960567 3997.701685 4016.602362 3997.605266 3974.798702 3966.297980 3968.233910 3989.068132 3978.472467 3945.666805 3913.487454 3901.922542 3885.679433 3908.237097 3932.264981 3979.185507 4019.774041 4050.144281 4049.744370 4032.710274 -9999.0 -9999.0 -9999.0 -9999.0 -9999.0 -9999.0 -9999.0 -9999.0 -9999.0 -9999.0
-9999.0 -9999.0 -9999.0 -9999.0 -9999.0 -9999.0 3699.406634 3709.991455 3730.598058 3732.361429 3758.800240 3763.170733 3781.164324 3797.396947 3818.797597 3830.194277 3853.409730 3882.144437 3916.458513 3952.222813 3978.293326 3964.737399 3968.866572 3985.179708 4008.422374 4024.465336 4046.589048 4084.287983 4156.566532 4192.368865 4181.258405 4181.170774 4189.160424 4240.182580 4304.385804 4314.147849 4293.289059 4280.720599 4305.731550 4344.238977 4340.774682 4339.413668 4353.874141 4365.333129 4392.360430 4380.414369 4344.523026 4341.187488 4350.180294 4324.921722 4252.849057 4196.678762 4181.251518 4133.846993 4049.162075 4009.211131 4037.846328 4068.405930 4048.643497 4000.140958 3969.958380 3966.061752 3956.286655 3951.403303 3965.829932 3990.075142 4014.653701 4029.381320 4017.959276 3997.371235 3976.184557 3948.357777 3951.375918 3976.400971 -9999.0 -9999.0 -9999.0 -9999.0 -9999.0 -9999.0
-9999.0 -9999.0 -9999.0 -9999.0 3650.328881 3662.916492 3647.022983 3673.093413 3704.381776 3737.322904 3763.203754 3793.103109 3814.741453 3840.081657 3870.831113 3889.103052 3918.353983 3946.384946 3991.748220 4051.188936 4093.880879 4104.805384 4112.271758 4162.436513 4218.280624 4264.423813 4283.199972 4309.701480 4357.897935 4415.012113 4436.786524 4438.843769 4455.855409 4501.797718 4561.105743 4597.106976 4578.957937 4569.402393 4580.865214 4596.357476 4618.532553 4618.552389 4619.711116 4624.517246 4633.084492 4630.711153 4602.749679 4568.686796 4555.488601 4544.731379 4503.461223 4429.423160 4400.712668 4370.382635 4323.411706 4267.382737 4224.277480 4229.382152 4173.824584 4117.774729 4070.273774 4065.522178 4047.449193 4033.460524 4018.667514 4033.273427 4047.061270 4033.032364 4003.376611 3974.691116 3962.287439 3945.147345 3933.847175 3965.438328 3983.511938 4012.817667 -9999.0 -9999.0 -9999.0 -9999.0
-9999.0 -9999.0 3591.910317 3635.916331 3692.503338 3697.341572 3688.070650 3689.496003 3714.659716 3762.526887 3821.139674 3854.398277 3879.474412 3908.969350 3957.465190 4015.241681 4072.910527 4115.109237 4174.114965 4244.538182 4303.903786 4330.029302 4338.029315 4374.406013 4430.718552 4503.109001 4532.350872 4559.812341 4593.164690 4631.610892 4618.029153 4627.857674 4641.471637 4657.124609 4674.767146 4683.330875 4677.945067 4673.226322 4654.355616 4648.698960 4655.087764 4664.063971 4662.353736 4647.287548 4643.288056 4658.693381 4665.587837 4663.060462 4659.421600 4663.706110 4656.801180 4605.310751 4593.219300 4577.120989 4563.903900 4516.331282 4447.763214 4416.648382 4393.594704 4350.795579 4276.405174 4241.315705 4203.159026 4170.141145 4134.507643 4124.249185 4093.923082 4063.007773 4025.243619 3985.202644 3966.893640 3953.471785 3953.563422 3954.356921 3972.538406 3988.335052 4004.410548 4012.534604 -9999.0 -9999.0
-9999.0 3480.193604 3550.369966 3669.980483 3746.386683 3780.455646 3782.151732 3779.554027 3803.864614 3838.226366 3920.522843 3960.653001 4043.309590 4082.578707 4121.944642 4212.059524 4309.102771 4354.087123 4395.027190 4462.344456 4531.058985 4579.557911 4606.607486 4576.892099 4618.890425 4653.970509 4663.858093 4672.176811 4673.543763 4664.894230 4658.965987 4665.418173 4662.151298 4642.336527 4625.659990 4623.674373 4620.127829 4596.254315 4568.287664 4552.166158 4552.925652 4578.589821 4564.953252 4543.303145 4538.776515 4560.866597 4583.288480 4572.226472 4558.883046 4575.660080 4611.072625 4637.625030 4636.345069 4655.565749 4676.843135 4646.700228 4627.173438 4581.691104 4564.215934 4538.333485 4479.846807 4424.842606 4376.055138 4327.822599 4276.103498 4228.893089 4181.804838 4134.988624 4082.681492 4050.419640 4027.005985 3985.784876 3974.894009 3982.359864 3978.256397 3977.029391 3983.759317 3990.392077 -9999.0 -9999.0
-9999.0 3378.747767 3515.995623 3690.741412 3831.284525 3866.973929 3918.001526 3968.515154 3979.896256 3918.466326 4020.404261 4240.580686 4371.586714 4391.502653 4470.337176 4569.945266 4543.869508 4576.616651 4601.259187 4632.383332 4657.299876 4673.461170 4672.217218 4667.583443 4650.680402 4642.579395 4641.588245 4639.335206 4621.442881 4602.043304 4584.905695 4581.285629 4562.466698 4510.432654 4476.258087 4457.701185 4436.579872 4423.813068 4397.270580 4370.698122 4353.015736 4361.571635 4361.331163 4348.835590 4344.447879 4361.883592 4392.904165 4392.310448 4406.176910 4426.224329 4461.856641 4501.279901 4520.872928 4550.631030 4586.843024 4636.783745 4644.071558 4666.907553 4669.349670 4661.039140 4612.903468 4560.151999 4530.228566 4473.853171 4414.146965 4352.315112 4302.759350 4257.877945 4202.196422 4168.966001 4130.583392 4077.217178 4036.554682 4032.046121 3999.661991 3988.069510 -9999.0 -9999.0 -9999.0 -9999.0
-9999.0 3268.945954 3444.864345 3676.835927 3976.113848 4038.440954 4243.287538 4358.281944 4395.855684 4465.749739 4321.504435 4548.621001 4608.269866 4605.039807 4627.162123 4631.405287 4646.457009 4645.426678 4640.316985 4629.022662 4619.050000 4614.180478 4613.245433 4605.257160 4592.458427 4577.640855 4565.480984 4553.581650 4515.942243 4483.164063 4441.815331 4428.717076 4381.036198 4287.616705 4248.955743 4208.453873 4145.038136 4148.905376 4159.432467 4135.994490 4115.800478 4085.004222 4116.949855 4129.828806 4134.823398 4128.332307 4136.454768 4167.518468 4217.619804 4252.756956 4291.695131 4340.314932 4371.517435 4411.076161 4450.524146 4503.417048 4535.476904 4564.815600 4615.273749 4652.654281 4675.720951 4660.665809 4643.569391 4597.029085 4536.049394 4486.268111 4456.462079 4404.848145 4360.908127 4317.613509 4271.122538 4218.377524 4156.755004 4108.763617 4075.854043 -9999.0 -9999.0 -9999.0 -9999.0 -9999.0
-9999.0 3032.343584 3293.987162 3551.450810 3813.946301 4163.428170 4351.476608 4441.997424 4507.350846 4497.217429 4527.111855 4531.736438 4569.599604 4577.900546 4556.678157 4541.907514 4522.994516 4521.904218 4535.082661 4507.111983 4476.037399 4462.241093 4463.246399 4452.577761 4428.167470 4413.332685 4404.156399 4385.044713 4341.771752 4290.388085 4204.288397 4166.939874 4085.714210 4050.933946 4015.829044 3968.866980 3925.519180 3932.664309 3959.247694 3951.630860 3931.287892 3914.752555 3945.047519 3967.008778 3980.738068 3963.358996 3969.692096 4004.210139 4050.623789 4091.130096 4134.682376 4182.564689 4225.042427 4263.548159 4282.895176 4320.841639 4363.360111 4405.411253 4476.499459 4556.992767 4594.367819 4629.938035 4657.753643 4680.147945 4636.606813 4611.260216 4586.821728 4562.490536 4515.348245 4469.420786 4428.819084 4362.666718 4303.077080 -9999.0 -9999.0 -9999.0 -9999.0 -9999.0 -9999.0 -9999.0
-9999.0 2924.294418 3107.593534 3284.752448 3520.632199 3749.123685 3982.995899 4073.051470 4144.695694 4228.376313 4289.133980 4329.403885 4355.235768 4377.472796 4355.095133 4307.260879 4274.115390 4279.407181 4269.055328 4248.757917 4221.395936 4208.857078 4205.870931 4201.513605 4180.923096 4171.478123 4165.263973 4147.686823 4123.676473 4070.635291 4000.686199 3926.383672 3874.263949 3858.201543 3837.610632 3812.537952 3788.741252 3803.018134 3815.643466 3816.886279 3811.870262 3813.273216 3842.306381 3862.570395 3871.960537 3861.560059 3879.661454 3901.964137 3937.860785 3976.672989 4020.884800 4070.554188 4118.644042 4137.370330 4137.347459 4146.182430 4172.168583 4214.491718 4290.456163 4377.067895 4457.466991 4504.092641 4555.740270 4596.819960 4626.272403 4648.798126 4673.045428 4667.519105 4640.392876 4606.319699 4546.009457 -9999.0 -9999.0 -9999.0 -9999.0 -9999.0 -9999.0 -9999.0 -9999.0 -9999.0
-9999.0 -9999.0 2883.447416 3024.556461 3103.763246 3256.162626 3392.215446 3496.867436 3602.579337 3753.802534 3882.598614 3980.372146 4028.530307 4044.444825 4031.251638 4004.712591 3988.990823 3988.447416 3976.188636 3971.368002 3958.970271 3954.552986 3942.266511 3935.185486 3933.259128 3934.388419 3933.236461 3926.189300 3911.205887 3871.554008 3838.576635 3796.630775 3752.843905 3733.015408 3716.791576 3702.049709 3708.643218 3703.857894 3709.732206 3713.521234 3724.484810 3739.486269 3758.690546 3781.793264 3791.498379 3802.255474 3812.594196 3833.546684 3862.557113 3902.211646 3953.100594 4007.610222 4042.989444 4048.780038 4029.035102 4021.888454 4027.485188 4053.883277 4114.034140 4181.684494 4273.035833 4339.652689 4406.990821 4464.000791 4491.395836 4527.807609 4599.909200 4648.076022 4692.858104 4670.325493 -9999.0 -9999.0 -9999.0 -9999.0 -9999.0 -9999.0 -9999.0 -9999.0 -9999.0 -9999.0
-9999.0 -9999.0 -9999.0 -9999.0 2880.390671 3020.641519 3114.496783 3188.837027 3322.482080 3455.304886 3562.366885 3651.309964 3723.419311 3750.040528 3753.724443 3775.204521 3775.859109 3765.572578 3754.323030 3761.659369 3769.131134 3763.692703 3746.158467 3741.077986 3747.132746 3757.412114 3757.338278 3746.402930 3730.025496 3720.798950 3712.467807 3685.021446 3655.968031 3631.077383 3621.453004 3621.087203 3622.704486 3615.510201 3624.555852 3634.803484 3651.474088 3666.808886 3690.303755 3720.368523 3735.502597 3750.100345 3758.104573 3775.661508 3803.688731 3854.666521 3915.989171 3972.405835 4006.269887 4005.981377 3976.583153 3953.622171 3939.306197 3954.778279 3981.258333 4029.326142 4117.766876 4179.604723 4222.992725 4260.198362 4296.546212 4363.414468 4460.962186 4543.810883 -9999.0 -9999.0 -9999.0 -9999.0 -9999.0 -9999.0 -9999.0 -9999.0 -9999.0 -9999.0 -9999.0 -9999.0
-9999.0 -9999.0 -9999.0 -9999.0 -9999.0 -9999.0 2856.978977 2962.919155 3020.697223 3177.692343 3328.385555 3438.060155 3522.798005 3560.908539 3598.475957 3630.803375 3632.602042 3611.687140 3588.836501 3612.361412 3634.393998 3628.167415 3595.096443 3598.258728 3607.527226 3616.780626 3615.976662 3612.468528 3590.643519 3612.315954 3621.113653 3601.639664 3579.444646 3570.012358 3560.754077 3572.554112 3574.024024 3560.320890 3559.258751 3588.384650 3610.271226 3623.226120 3643.963727 3677.203939 3709.718855 3725.479943 3725.938293 3729.737141 3764.766286 3832.164270 3903.005457 3958.162864 3989.113426 3993.265752 3961.806758 3916.160706 3889.061290 3886.414428 3908.814950 3945.727968 4005.052017 4039.622783 4047.288867 4044.416199 4053.871693 4155.789826 -9999.0 -9999.0 -9999.0 -9999.0 -9999.0 -9999.0 -9999.0 -9999.0 -9999.0 -9999.0 -9999.0 -9999.0 -9999.0 -9999.0
-9999.0 -9999.0 -9999.0 -9999.0 -9999.0 -9999.0 -9999.0 -9999.0 -9999.0 -9999.0 -9999.0 -9999.0 -9999.0 -9999.0 -9999.0 -9999.0 -9999.0 -9999.0 -9999.0 -9999.0 -9999.0 -9999.0 -9999.0 -9999.0 -9999.0 -9999.0 -9999.0 -9999.0 -9999.0 -9999.0 -9999.0 -9999.0 -9999.0 -9999.0 -9999.0 -9999.0 -9999.0 -9999.0 -9999.0 -9999.0 -9999.0 -9999.0 -9999.0 -9999.0 -9999.0 -9999.0 -9999.0 -9999.0 -9999.0 -9999.0 -9999.0 -9999.0 -9999.0 -9999.0 -9999.0 -9999.0 -9999.0 -9999.0 -9999.0 -9999.0 -9999.0 -9999.0 -9999.0 -9999.0 -9999.0 -9999.0 -9999.0 -9999.0 -9999.0 -9999.0 -9999.0 -9999.0 -9999.0 -9999.0 -9999.0 -9999.0 -9999.0 -9999.0 -9999.0 -9999.0
-9999.0 -9999.0 -9999.0 -9999.0 -9999.0 -9999.0 -9999.0 -9999.0 -9999.0 -9999.0 -9999.0 -9999.0 -9999.0 -9999.0 -9999.0 -9999.0 -9999.0 -9999.0 -9999.0 -9999.0 -9999.0 -9999.0 -9999.0 -9999.0 -9999.0 -9999.0 -9999.0 -9999.0 -9999.0 -9999.0 -9999.0 -9999.0 -9999.0 -9999.0 -9999.0 -9999.0 -9999.0 -9999.0 -9999.0 -9999.0 -9999.0 -9999.0 -9999.0 -9999.0 -9999.0 -9999.0 -9999.0 -9999.0 -9999.0 -9999.0 -9999.0 -9999.0 -9999.0 -9999.0 -9999.0 -9999.0 -9999.0 -9999.0 -9999.0 -9999.0 -9999.0 -9999.0 -9999.0 -9999.0 -9999.0 -9999.0 -9999.0 -9999.0 -9999.0 -9999.0 -9999.0 -9999.0 -9999.0 -9999.0 -9999.0 -9999.0 -9999.0 -9999.0 -9999.0 -9999.0