Borden_/Borden1m_014/output_maps/psiliqL0016N0038.asc
ncols         80
nrows         18
xllcorner     620200.000000
yllcorner     5168000.000000
cellsize      1.000000
NODATA_value  -9999.0
-9999.0 -9999.0 -9999.0 -9999.0 -9999.0 -9999.0 -9999.0 -9999.0 -9999.0 -9999.0 -9999.0 -9999.0 -9999.0 -9999.0 -9999.0 -9999.0 -9999.0 -9999.0 -9999.0 -9999.0 -9999.0 -9999.0 -9999.0 -9999.0 -9999.0 -9999.0 -9999.0 -9999.0 -9999.0 -9999.0 -9999.0 -9999.0 -9999.0 -9999.0 -9999.0 -9999.0 -9999.0 -9999.0 -9999.0 -9999.0 -9999.0 -9999.0 -9999.0 -9999.0 -9999.0 -9999.0 -9999.0 -9999.0 -9999.0 -9999.0 -9999.0 -9999.0 -9999.0 -9999.0 -9999.0 -9999.0 -9999.0 -9999.0 -9999.0 -9999.0 -9999.0 -9999.0 -9999.0 -9999.0 -9999.0 -9999.0 -9999.0 -9999.0 -9999.0 -9999.0 -9999.0 -9999.0 -9999.0 -9999.0 -9999.0 -9999.0 -9999.0 -9999.0 -9999.0 -9999.0
-9999.0 -9999.0 -9999.0 -9999.0 -9999.0 -9999.0 -9999.0 -9999.0 -9999.0 -9999.0 -9999.0 -9999.0 -9999.0 -9999.0 -9999.0 -9999.0 -9999.0 -9999.0 -9999.0 -9999.0 -9999.0 -9999.0 -9999.0 -9999.0 -9999.0 -9999.0 -9999.0 -9999.0 -9999.0 -9999.0 -9999.0 -9999.0 -9999.0 -9999.0 -9999.0 -9999.0 -9999.0 -9999.0 -9999.0 -9999.0 -9999.0 -9999.0 -9999.0 -9999.0 -9999.0 -9999.0 -9999.0 -9999.0 -9999.0 -9999.0 -9999.0 -9999.0 -9999.0 -9999.0 -9999.0 -9999.0 -9999.0 -9999.0 -9999.0 -9999.0 -9999.0 -9999.0 -9999.0 -9999.0 -9999.0 -9999.0 -9999.0 -9999.0 -9999.0 -9999.0 -9999.0 -9999.0 -9999.0 -9999.0 -9999.0 -9999.0 -9999.0 -9999.0 -9999.0 -9999.0
-9999.0 -9999.0 -9999.0 -9999.0 -9999.0 -9999.0 -9999.0 -9999.0 -9999.0 -9999.0 -9999.0 -9999.0 -9999.0 -9999.0 -9999.0 -9999.0 -9999.0 -9999.0 -9999.0 -9999.0 1352.240325 1355.087282 1334.050330 1301.559907 1275.030536 1278.802518 1314.837532 1357.807916 1398.234200 1409.556041 1393.157436 1397.426946 1394.320215 1393.833488 1397.111683 1405.250849 1411.080064 1423.238633 1432.799772 1433.594143 1428.770532 1424.864817 1426.272305 1429.223691 1434.334407 1421.899955 1434.762947 1448.332671 1451.362551 1444.227733 1415.206840 1397.747609 1386.429249 1368.470075 1390.970585 1400.555293 1421.295549 1423.587389 1420.157351 1391.856986 1360.926722 -9999.0 -9999.0 -9999.0 -9999.0 -9999.0 -9999.0 -9999.0 -9999.0 -9999.0 -9999.0 -9999.0 -9999.0 -9999.0 -9999.0 -9999.0 -9999.0 -9999.0 -9999.0 -9999.0
-9999.0 -9999.0 -9999.0 -9999.0 -9999.0 -9999.0 -9999.0 -9999.0 -9999.0 -9999.0 -9999.0 -9999.0 -9999.0 -9999.0 1258.249533 1249.745665 1248.318924 1258.001876 1292.767154 1324.047859 1336.392580 1329.996038 1331.382439 1309.152327 1289.867927 1305.472498 1337.168362 1370.685843 1407.106540 1428.776672 1419.300793 1418.675963 1429.411204 1455.047896 1468.245512 1466.568307 1448.528727 1473.505791 1490.442443 1500.020948 1501.011133 1493.761204 1506.647471 1522.078727 1514.680270 1496.896915 1501.600996 1512.149038 1521.811140 1506.519565 1441.190721 1420.397624 1413.509005 1404.614621 1388.250385 1379.994612 1403.652592 1401.548497 1391.534154 1372.002996 1337.872431 1292.693846 1272.793897 1310.235867 1352.504657 1408.366996 -9999.0 -9999.0 -9999.0 -9999.0 -9999.0 -9999.0 -9999.0 -9999.0 -9999.0 -9999.0 -9999.0 -9999.0 -9999.0 -9999.0
-9999.0 -9999.0 -9999.0 -9999.0 -9999.0 -9999.0 -9999.0 -9999.0 -9999.0 1196.614915 1202.309935 1210.917004 1214.815581 1231.848198 1230.386755 1238.943534 1247.183656 1275.940417 1308.421641 1344.820465 1374.696409 1367.355029 1369.344155 1380.228111 1384.125957 1397.569855 1421.403580 1463.780794 1504.387615 1546.392156 1518.967052 1518.017888 1538.386650 1585.612740 1617.837009 1624.912980 1608.005285 1619.585869 1646.342126 1669.563578 1670.917747 1669.666703 1695.223299 1709.201366 1708.494198 1687.204360 1674.889254 1674.120676 1697.263140 1643.733746 1575.295579 1524.461147 1527.722475 1496.799387 1458.526110 1437.306451 1432.544235 1450.595253 1433.784267 1394.874618 1357.048551 1344.019644 1324.750619 1340.483432 1360.879908 1405.243992 1442.397228 1469.161201 1466.944364 1448.273795 -9999.0 -9999.0 -9999.0 -9999.0 -9999.0 -9999.0 -9999.0 -9999.0 -9999.0 -9999.0
-9999.0 -9999.0 -9999.0 -9999.0 -9999.0 -9999.0 1115.633015 1126.302646 1147.980900 1153.591236 1180.650353 1189.434797 1211.666595 1232.562487 1256.104864 1274.116118 1305.555451 1340.145101 1382.384839 1426.888589 1460.656892 1456.874131 1468.803907 1499.476483 1538.400267 1567.964033 1595.132924 1637.265328 1714.603713 1757.518081 1764.144102 1769.706760 1780.217120 1829.598431 1893.639127 1908.323889 1889.376511 1876.795117 1899.363781 1937.745119 1944.832917 1947.546400 1959.231355 1968.971332 1994.203061 1983.337096 1942.352875 1927.104468 1923.779958 1904.388815 1840.528691 1776.404026 1742.716829 1691.788952 1607.438955 1552.261538 1558.650522 1575.530700 1544.795238 1488.856734 1446.298666 1433.552230 1416.328541 1401.328224 1405.842983 1422.856071 1442.695306 1451.635512 1436.425697 1413.376757 1389.033779 1359.012071 1359.949764 1384.453994 -9999.0 -9999.0 -9999.0 -9999.0 -9999.0 -9999.0
-9999.0 -9999.0 -9999.0 -9999.0 1064.113934 1077.974357 1066.659026 1093.426232 1127.751637 1163.732349 1197.074505 1235.496922 1264.658496 1296.954461 1338.908373 1374.315877 1417.610881 1454.922246 1511.005797 1580.848543 1633.869040 1658.987731 1675.683999 1734.208493 1795.752540 1848.795519 1871.314865 1900.559696 1946.133554 2007.166475 2034.779960 2041.767926 2059.634539 2095.837511 2143.933744 2177.416362 2161.731231 2155.160383 2163.231468 2176.863804 2202.072382 2204.699860 2207.209558 2209.927434 2214.327579 2212.234637 2186.205085 2151.153062 2135.201548 2124.086164 2092.376868 2022.127829 1981.841918 1950.299965 1913.997426 1860.189888 1796.581274 1781.117550 1722.819386 1663.754625 1600.237868 1577.078991 1544.740442 1517.339728 1486.488053 1485.847368 1486.428905 1463.033633 1427.924005 1393.437334 1376.656142 1356.541033 1344.407250 1373.705334 1390.583133 1420.297797 -9999.0 -9999.0 -9999.0 -9999.0
-9999.0 -9999.0 1003.070709 1052.035197 1110.197057 1120.158302 1121.529978 1129.198500 1159.826679 1214.175547 1290.561720 1341.888976 1385.358656 1421.757886 1483.338103 1563.192330 1636.527554 1686.581654 1747.877954 1819.271914 1882.901609 1917.635252 1935.937572 1975.827746 2030.311500 2093.343453 2121.145359 2148.533612 2180.982049 2215.989463 2225.789534 2239.727540 2248.609608 2252.455845 2258.862562 2260.908785 2256.345830 2251.362907 2233.667334 2230.641179 2238.651114 2245.178953 2246.773823 2233.466890 2229.369851 2242.476876 2245.742969 2243.643033 2241.796521 2247.930583 2249.964657 2209.436263 2173.528510 2156.914166 2145.158952 2099.424994 2033.517225 1991.581955 1967.557534 1923.187995 1844.229993 1792.158920 1740.841524 1691.610085 1638.023232 1605.489175 1556.403782 1510.964104 1461.585388 1413.119849 1387.942285 1368.859765 1365.496876 1364.475572 1379.933849 1394.541570 1409.317228 1416.793654 -9999.0 -9999.0
-9999.0 898.607407 971.289238 1097.824241 1179.006493 1224.492066 1255.697327 1279.082684 1310.361003 1340.234053 1445.422149 1532.280274 1624.673188 1664.462363 1716.151935 1814.381106 1910.156723 1957.222000 1996.453675 2054.152363 2115.729454 2164.419450 2194.068547 2202.625565 2237.770838 2253.331024 2257.407304 2261.549786 2258.648191 2251.132457 2242.737907 2248.862885 2244.812849 2225.081132 2207.985716 2203.869266 2197.565464 2173.016753 2144.571210 2129.918109 2132.731048 2156.361441 2144.267745 2123.746124 2119.949044 2140.984064 2160.526594 2151.679776 2139.824535 2158.141916 2193.380818 2216.343187 2225.890788 2242.679562 2263.286311 2237.072709 2208.819876 2166.067210 2145.468776 2115.156835 2055.200911 1992.733409 1936.756528 1875.006565 1807.309709 1738.532124 1673.533384 1609.624382 1541.275327 1498.476708 1466.406376 1416.127071 1395.284713 1396.659292 1387.274742 1383.562805 1388.770507 1394.689574 -9999.0 -9999.0
-9999.0 816.218514 958.609262 1143.128471 1292.316627 1350.855959 1449.904582 1528.857292 1558.518582 1530.470639 1639.548171 1859.160323 1965.161762 1984.817703 2058.172306 2147.924732 2164.422409 2197.492676 2220.378137 2232.719553 2242.992490 2254.174524 2253.605461 2248.999751 2234.952838 2227.362493 2225.848110 2222.343189 2203.739239 2183.332322 2164.599356 2159.350926 2139.524644 2093.340395 2058.435120 2039.364431 2021.592243 2002.115852 1970.179998 1943.781055 1929.033447 1944.377686 1938.293118 1921.991330 1918.230136 1939.932391 1971.969958 1968.546730 1977.597639 2000.009151 2040.324277 2080.898165 2104.367555 2135.460871 2173.424233 2218.941128 2234.230048 2255.964722 2259.779172 2240.963149 2195.092024 2140.666848 2104.067566 2038.939091 1963.866459 1882.952988 1815.284960 1750.226301 1679.258379 1632.598138 1586.272408 1529.928777 1477.528219 1456.179537 1416.683034 1396.823039 -9999.0 -9999.0 -9999.0 -9999.0
-9999.0 734.419442 921.711603 1178.277271 1457.423385 1565.020163 1769.137460 1897.123557 1954.643013 2024.693484 1993.962669 2149.353383 2191.909225 2189.600782 2191.744033 2197.036602 2213.526037 2217.394886 2214.228523 2204.458562 2195.654163 2191.835382 2190.756825 2183.468410 2171.168294 2155.779190 2141.473992 2127.197173 2087.805643 2053.005431 2015.254527 1999.390876 1958.799238 1866.096773 1821.992231 1784.282841 1726.487323 1720.900233 1716.342482 1688.759877 1669.569032 1648.477918 1671.168324 1676.419368 1679.158506 1681.800621 1698.065859 1722.721130 1768.031875 1805.189815 1850.221854 1903.361920 1938.972594 1983.164252 2030.025738 2086.888610 2120.880343 2152.773144 2201.116193 2240.188884 2262.774581 2249.751779 2220.694351 2170.651101 2095.565016 2024.626906 1970.119133 1892.514003 1825.691477 1772.588856 1728.189037 1680.178470 1618.361955 1543.628746 1502.696959 -9999.0 -9999.0 -9999.0 -9999.0 -9999.0
-9999.0 549.586212 816.889070 1102.535273 1412.419841 1741.829057 1879.508909 2004.629756 2077.086100 2047.441858 2057.940735 2079.413826 2122.974031 2133.308556 2115.095739 2106.814209 2095.493121 2095.701528 2108.467189 2081.756761 2051.882321 2038.222527 2037.650322 2025.886113 2002.487401 1985.350135 1972.657993 1951.213264 1902.302779 1849.967224 1767.118401 1735.665040 1659.179901 1604.078067 1559.335292 1509.015376 1458.244190 1457.182546 1474.837927 1460.598039 1438.575482 1420.401736 1447.362281 1465.656772 1478.224756 1466.716382 1475.990760 1512.299505 1562.330322 1607.258731 1658.018229 1713.312514 1760.288293 1808.357508 1841.000418 1891.950284 1940.579186 1987.960977 2062.171858 2141.440454 2178.744241 2212.728679 2242.858112 2254.711452 2197.826405 2142.272034 2083.093186 2014.674174 1929.897939 1882.342974 1859.009194 1822.212730 1769.792421 -9999.0 -9999.0 -9999.0 -9999.0 -9999.0 -9999.0 -9999.0
-9999.0 424.864551 640.837791 866.315875 1147.321795 1384.589698 1582.381426 1689.558093 1768.927128 1809.321703 1847.800219 1884.595019 1917.072668 1941.445081 1921.223622 1882.024204 1853.423669 1857.503603 1852.423630 1828.185528 1798.188754 1782.919901 1780.059739 1773.059346 1748.851174 1734.421539 1723.352762 1700.204078 1666.402957 1610.051414 1530.388103 1457.230650 1396.369988 1364.873780 1334.993563 1302.111373 1266.748642 1276.723410 1289.070697 1285.749979 1275.541111 1272.895181 1302.101971 1321.317885 1331.601978 1320.365164 1339.865914 1366.836781 1408.883234 1452.768031 1502.837067 1558.971529 1613.712583 1643.868784 1658.571795 1684.721086 1724.644650 1778.908216 1865.141607 1959.408590 2036.849193 2084.778710 2133.877569 2164.587038 2173.305906 2177.067996 2144.445452 2057.022791 1944.262319 1932.307482 1931.884746 -9999.0 -9999.0 -9999.0 -9999.0 -9999.0 -9999.0 -9999.0 -9999.0 -9999.0
-9999.0 -9999.0 408.346339 583.620275 718.358723 897.046803 1047.154271 1157.615326 1247.981618 1363.805042 1470.797633 1556.413241 1602.038447 1620.420963 1606.757478 1573.882076 1552.564990 1552.175925 1541.447186 1530.228726 1509.793726 1501.416060 1489.930046 1481.454369 1471.425473 1465.740983 1459.986060 1448.061998 1425.518313 1378.278136 1329.564874 1278.058711 1224.695035 1198.842584 1176.578322 1154.796567 1153.285635 1149.142790 1154.650206 1156.155885 1163.098281 1175.758170 1195.899207 1218.004303 1227.906516 1236.948125 1249.680167 1273.729737 1307.265987 1350.167178 1404.876783 1463.464733 1504.271778 1518.063133 1509.490963 1515.555233 1536.852137 1580.302003 1661.646818 1745.438996 1839.994434 1909.935113 1978.948998 2027.633791 2038.993910 2047.509308 2054.213229 1990.771375 1796.792659 1872.229388 -9999.0 -9999.0 -9999.0 -9999.0 -9999.0 -9999.0 -9999.0 -9999.0 -9999.0 -9999.0
-9999.0 -9999.0 -9999.0 -9999.0 442.858685 597.511138 694.866545 778.518943 907.664358 1028.089303 1128.459421 1211.879536 1273.975660 1300.618505 1296.330713 1301.318215 1296.462314 1290.141337 1280.134599 1278.578609 1276.895415 1269.094331 1254.710214 1247.090271 1247.660346 1252.175931 1249.212505 1235.078663 1216.842953 1193.742235 1172.874202 1138.123263 1101.837123 1072.305609 1058.802979 1052.791066 1052.355227 1045.360287 1054.020405 1061.283955 1076.476811 1091.726544 1115.527933 1144.547705 1158.348328 1173.219066 1183.145470 1203.929720 1234.674472 1288.494648 1352.447199 1410.894526 1447.466494 1452.674684 1428.812835 1414.194245 1411.507424 1440.488653 1486.575754 1554.701378 1656.535095 1728.878524 1784.683407 1826.825563 1854.958245 1894.147156 1934.538353 1959.453672 -9999.0 -9999.0 -9999.0 -9999.0 -9999.0 -9999.0 -9999.0 -9999.0 -9999.0 -9999.0 -9999.0 -9999.0
-9999.0 -9999.0 -9999.0 -9999.0 -9999.0 -9999.0 402.126068 503.538859 584.371829 722.039630 851.497654 952.289279 1032.300346 1063.756698 1089.583173 1115.941027 1113.827530 1095.420118 1076.336877 1094.596049 1107.801992 1101.726617 1071.733006 1071.063205 1075.565939 1083.607364 1081.164399 1074.415956 1048.969260 1059.794864 1059.898863 1036.248188 1009.854698 995.641370 983.543059 992.954642 993.059175 979.430787 980.074930 1006.777251 1026.985673 1040.159052 1062.039103 1095.282069 1127.672327 1142.928921 1144.434246 1150.776541 1191.166186 1261.751433 1333.775930 1389.633242 1422.644394 1431.357822 1404.769931 1365.389139 1345.723135 1353.730785 1389.508423 1443.146419 1519.638017 1568.826882 1594.274164 1606.699179 1623.037967 1710.215349 -9999.0 -9999.0 -9999.0 -9999.0 -9999.0 -9999.0 -9999.0 -9999.0 -9999.0 -9999.0 -9999.0 -9999.0 -9999.0 -9999.0
-9999.0 -9999.0 -9999.0 -9999.0 -9999.0 -9999.0 -9999.0 -9999.0 -9999.0 -9999.0 -9999.0 -9999.0 -9999.0 -9999.0 -9999.0 -9999.0 -9999.0 -9999.0 -9999.0 -9999.0 -9999.0 -9999.0 -9999.0 -9999.0 -9999.0 -9999.0 -9999.0 -9999.0 -9999.0 -9999.0 -9999.0 -9999.0 -9999.0 -9999.0 -9999.0 -9999.0 -9999.0 -9999.0 -9999.0 -9999.0 -9999.0 -9999.0 -9999.0 -9999.0 -9999.0 -9999.0 -9999.0 -9999.0 -9999.0 -9999.0 -9999.0 -9999.0 -9999.0 -9999.0 -9999.0 -9999.0 -9999.0 -9999.0 -9999.0 -9999.0 -9999.0 -9999.0 -9999.0 -9999.0 -9999.0 -9999.0 -9999.0 -9999.0 -9999.0 -9999.0 -9999.0 -9999.0 -9999.0 -9999.0 -9999.0 -9999.0 -9999.0 -9999.0 -9999.0 -9999.0
-9999.0 -9999.0 -9999.0 -9999.0 -9999.0 -9999.0 -9999.0 -9999.0 -9999.0 -9999.0 -9999.0 -9999.0 -9999.0 -9999.0 -9999.0 -9999.0 -9999.0 -9999.0 -9999.0 -9999.0 -9999.0 -9999.0 -9999.0 -9999.0 -9999.0 -9999.0 -9999.0 -9999.0 -9999.0 -9999.0 -9999.0 -9999.0 -9999.0 -9999.0 -9999.0 -9999.0 -9999.0 -9999.0 -9999.0 -9999.0 -9999.0 -9999.0 -9999.0 -9999.0 -9999.0 -9999.0 -9999.0 -9999.0 -9999.0 -9999.0 -9999.0 -9999.0 -9999.0 -9999.0 -9999.0 -9999.0 -9999.0 -9999.0 -9999.0 -9999.0 -9999.0 -9999.0 -9999.0 -9999.0 -9999.0 -9999.0 -9999.0 -9999.0 -9999.0 -9999.0 -9999.0 -9999.0 -9999.0 -9999.0 -9999.0 -9999.0 -9999.0 -9999.0 -9999.0 -9999.0