Borden_/Borden1m_014/output_maps/psiliqL0019N0037.asc
ncols         80
nrows         18
xllcorner     620200.000000
yllcorner     5168000.000000
cellsize      1.000000
NODATA_value  -9999.0
-9999.0 -9999.0 -9999.0 -9999.0 -9999.0 -9999.0 -9999.0 -9999.0 -9999.0 -9999.0 -9999.0 -9999.0 -9999.0 -9999.0 -9999.0 -9999.0 -9999.0 -9999.0 -9999.0 -9999.0 -9999.0 -9999.0 -9999.0 -9999.0 -9999.0 -9999.0 -9999.0 -9999.0 -9999.0 -9999.0 -9999.0 -9999.0 -9999.0 -9999.0 -9999.0 -9999.0 -9999.0 -9999.0 -9999.0 -9999.0 -9999.0 -9999.0 -9999.0 -9999.0 -9999.0 -9999.0 -9999.0 -9999.0 -9999.0 -9999.0 -9999.0 -9999.0 -9999.0 -9999.0 -9999.0 -9999.0 -9999.0 -9999.0 -9999.0 -9999.0 -9999.0 -9999.0 -9999.0 -9999.0 -9999.0 -9999.0 -9999.0 -9999.0 -9999.0 -9999.0 -9999.0 -9999.0 -9999.0 -9999.0 -9999.0 -9999.0 -9999.0 -9999.0 -9999.0 -9999.0
-9999.0 -9999.0 -9999.0 -9999.0 -9999.0 -9999.0 -9999.0 -9999.0 -9999.0 -9999.0 -9999.0 -9999.0 -9999.0 -9999.0 -9999.0 -9999.0 -9999.0 -9999.0 -9999.0 -9999.0 -9999.0 -9999.0 -9999.0 -9999.0 -9999.0 -9999.0 -9999.0 -9999.0 -9999.0 -9999.0 -9999.0 -9999.0 -9999.0 -9999.0 -9999.0 -9999.0 -9999.0 -9999.0 -9999.0 -9999.0 -9999.0 -9999.0 -9999.0 -9999.0 -9999.0 -9999.0 -9999.0 -9999.0 -9999.0 -9999.0 -9999.0 -9999.0 -9999.0 -9999.0 -9999.0 -9999.0 -9999.0 -9999.0 -9999.0 -9999.0 -9999.0 -9999.0 -9999.0 -9999.0 -9999.0 -9999.0 -9999.0 -9999.0 -9999.0 -9999.0 -9999.0 -9999.0 -9999.0 -9999.0 -9999.0 -9999.0 -9999.0 -9999.0 -9999.0 -9999.0
-9999.0 -9999.0 -9999.0 -9999.0 -9999.0 -9999.0 -9999.0 -9999.0 -9999.0 -9999.0 -9999.0 -9999.0 -9999.0 -9999.0 -9999.0 -9999.0 -9999.0 -9999.0 -9999.0 -9999.0 1956.189354 1958.820193 1938.144419 1905.860430 1879.610076 1883.651449 1919.620138 1962.729085 2003.538423 2014.568104 1998.225391 2003.106826 2000.206061 1998.939264 2001.757919 2010.302477 2017.012073 2028.904196 2038.269037 2038.791880 2033.853401 2030.131792 2032.172362 2034.768215 2040.064323 2026.655232 2039.906646 2053.423434 2055.925189 2048.994291 2020.432460 2003.493401 1991.947391 1973.503666 1996.091417 2005.256294 2025.537675 2027.452282 2023.620632 1995.285816 1964.305218 -9999.0 -9999.0 -9999.0 -9999.0 -9999.0 -9999.0 -9999.0 -9999.0 -9999.0 -9999.0 -9999.0 -9999.0 -9999.0 -9999.0 -9999.0 -9999.0 -9999.0 -9999.0 -9999.0
-9999.0 -9999.0 -9999.0 -9999.0 -9999.0 -9999.0 -9999.0 -9999.0 -9999.0 -9999.0 -9999.0 -9999.0 -9999.0 -9999.0 1861.537786 1853.442274 1852.290677 1862.023094 1896.789526 1928.247002 1940.382620 1934.141614 1935.643514 1913.368245 1893.820756 1909.389805 1941.251433 1974.580855 2010.823480 2032.028218 2022.973877 2022.509784 2032.687455 2057.081936 2069.095942 2067.219159 2049.728402 2075.185703 2091.617958 2100.273132 2101.003214 2093.468333 2105.225041 2120.193673 2112.707346 2095.373011 2101.541037 2112.640581 2121.604154 2107.385714 2042.979479 2023.733370 2016.785488 2008.274726 1991.882131 1984.043740 2008.125898 2005.362140 1995.242975 1975.709788 1941.343020 1895.911904 1875.608092 1913.149011 1954.998672 2010.189919 -9999.0 -9999.0 -9999.0 -9999.0 -9999.0 -9999.0 -9999.0 -9999.0 -9999.0 -9999.0 -9999.0 -9999.0 -9999.0 -9999.0
-9999.0 -9999.0 -9999.0 -9999.0 -9999.0 -9999.0 -9999.0 -9999.0 -9999.0 1798.946373 1805.185236 1814.026319 1818.362616 1835.596284 1833.997429 1842.758737 1850.572496 1879.743601 1912.076912 1948.264685 1977.765205 1970.698231 1972.310935 1981.716248 1983.525959 1996.149612 2019.878884 2061.683790 2099.878482 2140.615432 2112.273800 2110.899419 2130.933765 2176.651030 2206.170640 2211.787017 2194.795463 2208.548758 2234.848581 2256.303604 2256.709859 2254.415400 2279.819717 2294.091641 2291.475915 2269.854130 2261.055012 2262.235758 2286.396838 2232.825255 2164.197941 2116.159489 2122.162115 2093.425674 2058.032457 2038.624955 2034.515183 2052.307837 2035.959296 1997.464581 1960.292203 1946.833669 1927.301883 1943.572393 1963.792469 2007.581312 2044.572926 2071.094768 2068.350772 2049.436753 -9999.0 -9999.0 -9999.0 -9999.0 -9999.0 -9999.0 -9999.0 -9999.0 -9999.0 -9999.0
-9999.0 -9999.0 -9999.0 -9999.0 -9999.0 -9999.0 1717.394738 1728.593906 1750.756737 1756.091368 1783.771464 1792.403365 1814.702286 1835.532191 1859.460988 1876.899116 1907.433252 1941.583408 1982.659736 2025.918987 2058.983254 2053.623758 2064.724120 2092.364793 2128.311035 2155.534101 2182.307881 2224.003208 2300.691109 2342.570181 2345.882133 2350.785967 2361.182495 2411.287586 2475.464429 2488.289592 2469.052164 2456.818241 2480.348437 2519.116288 2523.956157 2526.210386 2540.117662 2550.538894 2576.035227 2564.469326 2523.287490 2510.451659 2510.125238 2488.719968 2422.024078 2358.641438 2328.148919 2276.635522 2192.282525 2140.003038 2150.582889 2169.604706 2140.527579 2085.713230 2044.815341 2033.045614 2016.348753 2002.446015 2008.058424 2025.373301 2044.878181 2053.750606 2038.165282 2014.670207 1990.260790 1960.094330 1960.970806 1985.243685 -9999.0 -9999.0 -9999.0 -9999.0 -9999.0 -9999.0
-9999.0 -9999.0 -9999.0 -9999.0 1665.366922 1679.538357 1667.967001 1695.518451 1730.209994 1766.565053 1799.263296 1836.999853 1865.736035 1897.688633 1938.094976 1970.518366 2011.495792 2047.505837 2102.147937 2170.509351 2221.981757 2244.461719 2259.714206 2317.300464 2378.547678 2431.092615 2453.752903 2483.155579 2530.600496 2591.454147 2618.506882 2624.896780 2642.862909 2681.521452 2732.424794 2768.345036 2752.283203 2745.119367 2754.192015 2768.656570 2793.612040 2796.148667 2798.800502 2802.124077 2807.356889 2804.884504 2777.929134 2742.461775 2724.921693 2713.172778 2678.361494 2606.284904 2567.939990 2535.654139 2495.575750 2440.336690 2380.312841 2368.525206 2309.874014 2250.355226 2189.662348 2169.579180 2139.184278 2113.527738 2085.057673 2086.227265 2087.988012 2064.936872 2029.419849 1994.829769 1978.032739 1957.806258 1945.215479 1974.512707 1991.165691 2020.449627 -9999.0 -9999.0 -9999.0 -9999.0
-9999.0 -9999.0 1603.604778 1651.945246 1710.590993 1720.394704 1720.514534 1728.090196 1758.945519 1813.336324 1887.129315 1935.480045 1975.984998 2012.213710 2072.439488 2147.861189 2218.111644 2266.854310 2329.795647 2402.518308 2466.302042 2499.144125 2515.774804 2557.493260 2613.741066 2680.021050 2709.074838 2737.339751 2772.812700 2809.362758 2814.228959 2827.334854 2837.141366 2843.452791 2852.224979 2855.682600 2850.668064 2845.470007 2827.295606 2823.780085 2831.684239 2839.236947 2840.207361 2826.494313 2822.384595 2835.996946 2840.077218 2837.629514 2834.950016 2840.552325 2840.328663 2796.997376 2766.259233 2749.096683 2734.204821 2687.080111 2619.643380 2579.424503 2555.206108 2508.474158 2429.347274 2379.673485 2329.692092 2282.760301 2230.678060 2201.349458 2154.445076 2110.253501 2061.580932 2013.341332 1988.377590 1969.727120 1966.443415 1965.162441 1980.681255 1995.031819 2009.670054 2017.068680 -9999.0 -9999.0
-9999.0 1497.120337 1569.567454 1695.202923 1776.337182 1820.625303 1846.565328 1865.593091 1897.135569 1930.040128 2031.137534 2108.309842 2199.359712 2240.527695 2290.893361 2388.776866 2486.013569 2535.853508 2577.509189 2639.022026 2703.504274 2755.300200 2785.515716 2786.283087 2823.701793 2844.242682 2849.963915 2855.374992 2853.880749 2846.243309 2838.373126 2844.189519 2839.518509 2819.061795 2801.446480 2797.210783 2790.943020 2765.868000 2735.666600 2720.340775 2722.498499 2748.281311 2734.558473 2713.477074 2709.604395 2731.402374 2753.352622 2744.171463 2731.201521 2750.687499 2786.451800 2810.599293 2818.027625 2835.601680 2856.233740 2828.887431 2802.295575 2758.207730 2735.621205 2705.044901 2644.395804 2582.841967 2526.398420 2463.893494 2397.239542 2330.785569 2266.801032 2203.300849 2136.433361 2094.280395 2063.000688 2014.044983 1994.780416 1996.877889 1987.976238 1984.254533 1989.179238 1994.984107 -9999.0 -9999.0
-9999.0 1410.432137 1552.004983 1735.058407 1883.519552 1938.183617 2027.576334 2101.794491 2129.141886 2095.388612 2204.242122 2425.647210 2541.270898 2563.361614 2639.853378 2736.045453 2744.551693 2779.171710 2803.693206 2821.324237 2835.815093 2849.109992 2849.045323 2844.843511 2830.318773 2822.567257 2820.797162 2817.253800 2798.468823 2777.835555 2758.890381 2753.021326 2730.442061 2681.657702 2645.969713 2626.150381 2606.959303 2588.489915 2558.141167 2531.178184 2514.292712 2528.191261 2524.450249 2508.005305 2504.238293 2526.388699 2557.752019 2555.610605 2567.310060 2589.334717 2629.403571 2670.596456 2694.501719 2726.419774 2766.032237 2813.164262 2827.047180 2849.251630 2852.641355 2835.854480 2788.649451 2731.552444 2694.602763 2628.856175 2554.260661 2472.535163 2405.147022 2340.347622 2269.285089 2223.656429 2178.181386 2122.350959 2072.470727 2054.596903 2016.108016 1997.473349 -9999.0 -9999.0 -9999.0 -9999.0
-9999.0 1322.314003 1507.345831 1758.967457 2043.958254 2142.161038 2348.565027 2477.012770 2532.434798 2605.356654 2550.294345 2726.261961 2775.581847 2775.126348 2783.461374 2790.130310 2807.508111 2811.206372 2808.268986 2798.644328 2790.017493 2786.374777 2785.524684 2777.973560 2765.307023 2749.501800 2733.319148 2718.785155 2678.894270 2643.617447 2603.964601 2587.642562 2544.960086 2449.669478 2405.854536 2366.558395 2306.656060 2302.618820 2301.038914 2273.418715 2254.277643 2230.246353 2255.206336 2263.130392 2266.634453 2266.767648 2281.326656 2308.724006 2356.127029 2393.774252 2438.530365 2491.887291 2529.162592 2573.713723 2619.342997 2676.233367 2711.225575 2743.761640 2794.843245 2834.153610 2857.127305 2842.974329 2815.264896 2763.388455 2685.618397 2615.351245 2560.979487 2482.650200 2416.518009 2363.823110 2318.270414 2269.549425 2207.969394 2139.649371 2100.373708 -9999.0 -9999.0 -9999.0 -9999.0 -9999.0
-9999.0 1125.701624 1392.073715 1671.916306 1971.671843 2307.125658 2459.353588 2578.838071 2652.285375 2630.187098 2647.728756 2667.032148 2713.100511 2724.612905 2705.703163 2696.405906 2683.826515 2684.103811 2697.210726 2670.440960 2640.532789 2626.865951 2626.461048 2614.569369 2590.478661 2573.434557 2561.821614 2539.900662 2489.972250 2436.855363 2352.070762 2317.983078 2238.911279 2188.561990 2145.592403 2095.321342 2045.251418 2045.564204 2065.118853 2052.282631 2030.643340 2012.686410 2040.474767 2060.224017 2073.359588 2060.655227 2069.500064 2105.526721 2155.316101 2200.062574 2250.002751 2305.240733 2351.868078 2398.978239 2429.877227 2479.129209 2529.348334 2577.183403 2651.515185 2732.285403 2772.258595 2807.061496 2836.066735 2848.380454 2790.388077 2735.734774 2676.088017 2607.915307 2528.481186 2478.901632 2451.704785 2411.540334 2358.451028 -9999.0 -9999.0 -9999.0 -9999.0 -9999.0 -9999.0 -9999.0
-9999.0 1004.890820 1213.904943 1429.003482 1700.634677 1936.925305 2144.386821 2248.915267 2329.112929 2382.473521 2428.390478 2467.402156 2500.195861 2525.416530 2506.502469 2465.072276 2435.675501 2440.194195 2433.946971 2410.600134 2381.133866 2366.243783 2362.951459 2356.130078 2332.293561 2318.487252 2307.874285 2284.656966 2253.053680 2196.986424 2118.846296 2044.296454 1984.994132 1956.567792 1928.176990 1896.453113 1863.311851 1873.737968 1885.589926 1883.300259 1874.217191 1872.408509 1901.512067 1920.898489 1931.128963 1920.364328 1939.935852 1966.305014 2007.639051 2051.539797 2101.208654 2156.560962 2210.690663 2239.376662 2251.964218 2275.290795 2313.615706 2366.746851 2452.121539 2547.569807 2626.700769 2675.231332 2725.456988 2758.340123 2768.112803 2769.429348 2738.515629 2656.109543 2554.953028 2533.109009 2529.521852 -9999.0 -9999.0 -9999.0 -9999.0 -9999.0 -9999.0 -9999.0 -9999.0 -9999.0
-9999.0 -9999.0 983.628997 1151.853622 1275.041074 1448.848956 1596.966455 1707.319833 1802.630159 1928.598417 2042.107239 2131.755087 2178.317317 2196.940952 2184.506149 2154.543598 2135.137452 2134.895967 2123.833531 2114.039903 2095.331028 2087.541313 2075.189563 2066.615185 2058.038426 2053.446771 2048.257961 2037.145209 2015.864642 1969.704266 1923.880017 1873.874740 1821.876819 1796.679035 1775.085898 1754.279719 1754.117335 1749.343214 1754.525445 1756.364787 1764.106954 1777.227121 1797.131975 1819.560619 1829.592647 1839.317186 1851.902076 1875.765948 1908.927053 1951.781800 2006.501788 2065.387342 2106.214214 2119.532694 2109.849703 2114.242734 2133.031250 2173.938731 2251.639387 2333.407566 2428.788395 2499.245461 2569.280439 2618.510383 2630.665827 2641.056613 2649.512935 2599.273881 2478.994170 2488.498161 -9999.0 -9999.0 -9999.0 -9999.0 -9999.0 -9999.0 -9999.0 -9999.0 -9999.0 -9999.0
-9999.0 -9999.0 -9999.0 -9999.0 1012.027666 1164.406387 1262.154042 1344.848188 1476.239341 1600.855631 1704.034975 1789.640723 1854.792277 1882.331898 1880.685381 1890.168355 1886.934470 1879.785262 1869.436213 1869.790197 1870.023101 1862.522860 1847.167795 1839.805392 1841.221756 1846.561513 1843.699375 1829.721663 1811.217217 1790.525102 1771.731954 1737.906338 1702.591493 1673.417169 1660.139272 1654.836561 1654.378425 1646.926142 1655.351083 1663.088361 1678.485577 1693.678398 1717.374815 1746.627996 1760.865923 1775.924400 1785.769682 1806.284618 1837.062720 1890.952225 1955.117468 2013.951295 2051.210819 2056.555301 2032.944325 2017.881070 2014.087195 2041.636434 2085.136741 2150.012180 2249.999385 2321.432780 2374.606213 2415.156902 2443.579356 2484.076618 2527.631333 2559.030614 -9999.0 -9999.0 -9999.0 -9999.0 -9999.0 -9999.0 -9999.0 -9999.0 -9999.0 -9999.0 -9999.0 -9999.0
-9999.0 -9999.0 -9999.0 -9999.0 -9999.0 -9999.0 977.546757 1080.712269 1157.628260 1300.923573 1436.379412 1540.239586 1622.188867 1655.894657 1685.064768 1713.241177 1712.253941 1693.310807 1673.273479 1692.567648 1707.588454 1701.264398 1670.406993 1670.320976 1675.504756 1683.313130 1680.661815 1674.008027 1648.657237 1661.168908 1662.448189 1638.979845 1612.836305 1599.026752 1586.977200 1596.399999 1596.366212 1582.357643 1582.326518 1609.374771 1629.836287 1642.890243 1664.486194 1697.754767 1730.301691 1745.909377 1747.510191 1753.690802 1793.348203 1863.885324 1936.416763 1992.934512 2026.563885 2035.592714 2009.616882 1970.352430 1950.711009 1958.161119 1992.789906 2044.353828 2118.752578 2165.796643 2187.694844 2196.304514 2209.786300 2298.222335 -9999.0 -9999.0 -9999.0 -9999.0 -9999.0 -9999.0 -9999.0 -9999.0 -9999.0 -9999.0 -9999.0 -9999.0 -9999.0 -9999.0
-9999.0 -9999.0 -9999.0 -9999.0 -9999.0 -9999.0 -9999.0 -9999.0 -9999.0 -9999.0 -9999.0 -9999.0 -9999.0 -9999.0 -9999.0 -9999.0 -9999.0 -9999.0 -9999.0 -9999.0 -9999.0 -9999.0 -9999.0 -9999.0 -9999.0 -9999.0 -9999.0 -9999.0 -9999.0 -9999.0 -9999.0 -9999.0 -9999.0 -9999.0 -9999.0 -9999.0 -9999.0 -9999.0 -9999.0 -9999.0 -9999.0 -9999.0 -9999.0 -9999.0 -9999.0 -9999.0 -9999.0 -9999.0 -9999.0 -9999.0 -9999.0 -9999.0 -9999.0 -9999.0 -9999.0 -9999.0 -9999.0 -9999.0 -9999.0 -9999.0 -9999.0 -9999.0 -9999.0 -9999.0 -9999.0 -9999.0 -9999.0 -9999.0 -9999.0 -9999.0 -9999.0 -9999.0 -9999.0 -9999.0 -9999.0 -9999.0 -9999.0 -9999.0 -9999.0 -9999.0
-9999.0 -9999.0 -9999.0 -9999.0 -9999.0 -9999.0 -9999.0 -9999.0 -9999.0 -9999.0 -9999.0 -9999.0 -9999.0 -9999.0 -9999.0 -9999.0 -9999.0 -9999.0 -9999.0 -9999.0 -9999.0 -9999.0 -9999.0 -9999.0 -9999.0 -9999.0 -9999.0 -9999.0 -9999.0 -9999.0 -9999.0 -9999.0 -9999.0 -9999.0 -9999.0 -9999.0 -9999.0 -9999.0 -9999.0 -9999.0 -9999.0 -9999.0 -9999.0 -9999.0 -9999.0 -9999.0 -9999.0 -9999.0 -9999.0 -9999.0 -9999.0 -9999.0 -9999.0 -9999.0 -9999.0 -9999.0 -9999.0 -9999.0 -9999.0 -9999.0 -9999.0 -9999.0 -9999.0 -9999.0 -9999.0 -9999.0 -9999.0 -9999.0 -9999.0 -9999.0 -9999.0 -9999.0 -9999.0 -9999.0 -9999.0 -9999.0 -9999.0 -9999.0 -9999.0 -9999.0