Borden_/Borden1m_014/output_maps/psiliqL0010N0027.asc
ncols         80
nrows         18
xllcorner     620200.000000
yllcorner     5168000.000000
cellsize      1.000000
NODATA_value  -9999.0
-9999.0 -9999.0 -9999.0 -9999.0 -9999.0 -9999.0 -9999.0 -9999.0 -9999.0 -9999.0 -9999.0 -9999.0 -9999.0 -9999.0 -9999.0 -9999.0 -9999.0 -9999.0 -9999.0 -9999.0 -9999.0 -9999.0 -9999.0 -9999.0 -9999.0 -9999.0 -9999.0 -9999.0 -9999.0 -9999.0 -9999.0 -9999.0 -9999.0 -9999.0 -9999.0 -9999.0 -9999.0 -9999.0 -9999.0 -9999.0 -9999.0 -9999.0 -9999.0 -9999.0 -9999.0 -9999.0 -9999.0 -9999.0 -9999.0 -9999.0 -9999.0 -9999.0 -9999.0 -9999.0 -9999.0 -9999.0 -9999.0 -9999.0 -9999.0 -9999.0 -9999.0 -9999.0 -9999.0 -9999.0 -9999.0 -9999.0 -9999.0 -9999.0 -9999.0 -9999.0 -9999.0 -9999.0 -9999.0 -9999.0 -9999.0 -9999.0 -9999.0 -9999.0 -9999.0 -9999.0
-9999.0 -9999.0 -9999.0 -9999.0 -9999.0 -9999.0 -9999.0 -9999.0 -9999.0 -9999.0 -9999.0 -9999.0 -9999.0 -9999.0 -9999.0 -9999.0 -9999.0 -9999.0 -9999.0 -9999.0 -9999.0 -9999.0 -9999.0 -9999.0 -9999.0 -9999.0 -9999.0 -9999.0 -9999.0 -9999.0 -9999.0 -9999.0 -9999.0 -9999.0 -9999.0 -9999.0 -9999.0 -9999.0 -9999.0 -9999.0 -9999.0 -9999.0 -9999.0 -9999.0 -9999.0 -9999.0 -9999.0 -9999.0 -9999.0 -9999.0 -9999.0 -9999.0 -9999.0 -9999.0 -9999.0 -9999.0 -9999.0 -9999.0 -9999.0 -9999.0 -9999.0 -9999.0 -9999.0 -9999.0 -9999.0 -9999.0 -9999.0 -9999.0 -9999.0 -9999.0 -9999.0 -9999.0 -9999.0 -9999.0 -9999.0 -9999.0 -9999.0 -9999.0 -9999.0 -9999.0
-9999.0 -9999.0 -9999.0 -9999.0 -9999.0 -9999.0 -9999.0 -9999.0 -9999.0 -9999.0 -9999.0 -9999.0 -9999.0 -9999.0 -9999.0 -9999.0 -9999.0 -9999.0 -9999.0 -9999.0 136.615414 139.638027 117.401786 83.860487 55.997766 58.485258 93.912484 135.696265 174.510833 185.626402 168.330879 170.725335 166.442531 166.583467 169.997417 176.681999 180.142429 191.929133 200.944343 201.299452 195.763407 190.768347 190.562562 194.219343 199.206878 189.103977 202.057094 216.748915 222.072933 215.802138 187.283080 170.388079 160.938099 145.192241 168.789605 180.393626 202.730412 206.470683 204.578834 177.103547 146.749656 -9999.0 -9999.0 -9999.0 -9999.0 -9999.0 -9999.0 -9999.0 -9999.0 -9999.0 -9999.0 -9999.0 -9999.0 -9999.0 -9999.0 -9999.0 -9999.0 -9999.0 -9999.0 -9999.0
-9999.0 -9999.0 -9999.0 -9999.0 -9999.0 -9999.0 -9999.0 -9999.0 -9999.0 -9999.0 -9999.0 -9999.0 -9999.0 -9999.0 45.155051 35.376283 32.749319 41.650457 75.810663 106.202831 118.811816 111.617056 112.050131 89.072436 69.386691 84.140778 114.411795 146.966481 182.718519 204.565589 193.373464 191.761543 203.101672 231.187578 246.486600 244.600433 223.942805 247.275312 264.513575 275.260109 275.840011 268.375364 283.784762 300.771411 293.864106 275.025875 277.226949 287.876676 300.756773 283.724777 216.730015 194.183708 188.892396 180.615924 165.630084 158.074420 182.240473 182.261541 173.336246 154.763246 121.936510 77.642724 59.251430 97.401106 141.299462 198.830323 -9999.0 -9999.0 -9999.0 -9999.0 -9999.0 -9999.0 -9999.0 -9999.0 -9999.0 -9999.0 -9999.0 -9999.0 -9999.0 -9999.0
-9999.0 -9999.0 -9999.0 -9999.0 -9999.0 -9999.0 -9999.0 -9999.0 -9999.0 -12.846452 -8.791175 -1.401031 0.838363 16.788066 15.149681 22.532365 30.694997 57.688320 89.446070 125.233951 154.775780 145.966549 147.422860 160.295221 167.543746 181.634309 204.527983 247.875902 293.715231 339.179710 313.133359 312.945860 334.583043 386.358451 426.206470 437.335528 417.186199 422.817678 451.293780 480.167670 484.326875 485.189968 513.609283 529.502265 533.620616 510.637053 488.297620 483.994080 508.481508 450.663850 379.358676 322.188429 319.822851 284.421338 240.065388 215.740710 211.189608 231.330677 214.525010 175.568577 137.909829 127.070387 109.531307 125.410232 147.365975 193.712891 231.995380 260.222411 259.912548 242.290761 -9999.0 -9999.0 -9999.0 -9999.0 -9999.0 -9999.0 -9999.0 -9999.0 -9999.0 -9999.0
-9999.0 -9999.0 -9999.0 -9999.0 -9999.0 -9999.0 -91.780313 -82.678765 -62.665265 -57.187564 -32.303218 -24.451420 -3.463205 16.437923 38.005156 55.767267 87.573105 121.605398 164.671964 210.601922 245.327883 243.450363 257.031646 294.487379 340.803826 375.559831 403.787862 450.030452 538.896594 591.114853 607.186604 615.824010 627.676461 673.800224 737.556352 758.830405 733.289320 716.253876 735.885649 775.508632 794.905587 800.038543 809.988620 819.274778 844.218095 832.570821 781.453035 759.539588 752.406869 737.513065 681.821687 618.917780 573.506938 515.347343 422.804115 359.361627 358.145602 371.372688 336.299185 277.730361 231.758710 218.571708 201.777454 186.143475 190.344473 208.580373 230.748448 241.347514 228.162536 206.999977 183.672760 154.646381 156.158907 181.383317 -9999.0 -9999.0 -9999.0 -9999.0 -9999.0 -9999.0
-9999.0 -9999.0 -9999.0 -9999.0 -141.657655 -129.054495 -140.706055 -116.549719 -84.184140 -50.371668 -17.491183 20.606415 48.859480 80.107822 123.298898 162.892667 209.749169 249.402869 309.719473 384.373216 443.077385 476.532745 501.253924 570.690394 636.889720 689.239271 709.449563 738.306706 785.323652 855.905230 885.444682 894.891550 913.820821 944.802922 988.300055 1021.038827 1002.911623 994.416597 1000.088863 1012.005015 1038.993945 1041.874030 1044.220334 1045.913373 1048.835257 1047.319292 1021.571428 987.089698 971.224285 961.137525 937.418105 871.578250 819.801614 784.851887 753.001631 704.319181 637.532760 613.339884 549.033793 482.653102 407.580404 377.505671 340.708540 309.730575 275.106082 272.729780 273.134235 251.277831 218.900703 186.027611 170.497147 151.445038 140.793441 170.491539 188.018204 218.755480 -9999.0 -9999.0 -9999.0 -9999.0
-9999.0 -9999.0 -200.243056 -150.542054 -94.282252 -85.374712 -83.239197 -77.495509 -49.531831 2.522334 82.126326 137.016827 184.721955 220.384668 285.822896 376.194218 462.073755 521.658106 588.355688 658.540861 720.092996 759.279893 789.418975 831.439595 883.073006 939.022358 962.394787 988.188947 1017.465097 1051.975286 1071.931543 1087.721458 1095.054615 1094.341152 1096.949703 1096.998290 1092.416875 1086.165132 1068.374182 1065.569508 1073.289357 1077.359996 1080.055156 1067.883211 1064.086950 1076.570264 1078.467296 1077.319516 1076.889194 1084.253490 1091.443475 1057.184245 1009.807324 993.371788 983.737189 942.560332 880.280930 828.796886 801.769176 757.804058 679.713835 625.482088 568.418832 508.383331 444.252297 403.254554 349.495854 303.215251 254.514060 207.264838 182.759730 163.767707 160.985375 161.028764 176.859497 192.268616 207.564352 215.323793 -9999.0 -9999.0
-9999.0 -300.301037 -227.671296 -100.225825 -20.577580 25.333099 64.787084 93.847320 121.520063 142.398113 255.748598 365.361841 465.830283 507.605571 568.374842 670.572998 771.565275 817.995567 853.778775 904.438075 958.273177 1004.916826 1035.222094 1059.338548 1089.250206 1094.341429 1094.385217 1095.906118 1089.976238 1083.103025 1073.973280 1081.085289 1078.337829 1061.234892 1046.702787 1043.896230 1037.007100 1010.362644 981.515029 966.733251 969.405402 989.824038 978.485336 960.123775 957.052714 977.515760 995.070731 986.987817 974.970566 992.350710 1027.764716 1050.523836 1064.596083 1079.704406 1099.722905 1076.310482 1045.054621 1003.414021 982.835439 952.428706 889.449591 826.808928 771.488791 707.916742 639.761855 564.654862 491.158091 421.128044 348.481726 304.101452 270.126589 216.875117 192.919361 193.405878 183.653001 180.650243 186.843480 193.157219 -9999.0 -9999.0
-9999.0 -374.327368 -230.972372 -44.926555 103.787216 168.659103 287.398736 376.081358 410.035912 389.279776 511.812201 740.343582 830.949248 847.354775 915.042551 995.583467 1029.209244 1059.161905 1078.608205 1080.443006 1081.688519 1088.960720 1087.370327 1081.241471 1067.436117 1059.852421 1058.483786 1054.827517 1035.290027 1014.923240 996.702787 993.364470 975.548782 936.812795 905.797824 889.537523 871.882802 842.327184 803.874798 775.006455 760.253113 777.225682 768.410914 751.373256 748.040896 771.484729 805.159303 801.130503 808.385726 832.085961 874.614823 919.742559 943.891626 973.440780 1009.537786 1052.859789 1070.786740 1091.114917 1095.856497 1073.333129 1029.118752 979.340218 944.836214 877.079734 802.927305 722.861712 658.488265 596.405477 522.073575 466.544249 410.985230 347.582195 286.173722 256.041094 214.904428 193.481081 -9999.0 -9999.0 -9999.0 -9999.0
-9999.0 -443.723703 -252.718234 12.098564 279.304923 413.626801 622.573435 757.397391 828.872147 882.391423 903.133428 1022.679469 1051.256047 1044.895010 1034.284248 1036.671829 1051.212495 1055.277909 1051.848901 1042.044423 1031.768685 1027.446076 1026.004360 1018.308213 1005.762899 990.531061 976.912648 961.877962 917.291547 882.140642 848.625828 832.307564 794.471675 705.266037 663.706373 631.001513 574.058957 561.057866 546.723822 512.963787 490.296603 471.759397 491.649284 492.835397 494.357647 502.976680 526.164800 550.030070 596.226224 634.797567 679.714479 733.598394 769.498749 814.672311 864.009705 925.447410 957.777058 987.972639 1034.047519 1074.361172 1097.062653 1087.893383 1058.095527 1012.740025 943.531276 870.987999 819.525337 746.428864 681.171474 629.091452 584.553321 528.820678 452.131479 349.939894 303.741237 -9999.0 -9999.0 -9999.0 -9999.0 -9999.0
-9999.0 -605.119971 -336.676435 -40.959698 290.547887 618.938940 739.121063 892.912511 967.636033 914.241396 898.606319 925.672180 965.302818 973.837780 955.070135 948.389128 939.917128 940.279597 952.917702 926.202223 891.513369 876.478416 875.014622 862.256936 838.340170 819.445000 804.831865 782.582867 731.366909 681.550351 604.906659 574.608524 493.404704 421.684650 371.365335 320.268087 266.291349 262.267520 276.380788 258.496081 234.933921 215.661386 241.474714 257.597058 269.108896 259.845077 270.275286 307.231147 358.909933 405.937009 461.958686 525.705176 578.990483 633.442043 668.947842 722.810008 771.343402 820.116576 895.000787 976.944527 1013.923142 1049.024563 1083.616512 1097.839462 1048.507733 996.433390 942.261213 872.080888 782.701793 737.980373 715.759793 680.559417 626.158795 -9999.0 -9999.0 -9999.0 -9999.0 -9999.0 -9999.0 -9999.0
-9999.0 -737.367458 -508.501805 -263.959222 34.438094 277.015975 470.523848 592.242377 678.878412 679.627704 694.251474 723.642367 754.391937 777.038794 755.444661 719.944046 694.153878 698.286749 696.803231 672.918857 643.126785 628.204302 626.126412 617.527629 589.342556 570.709373 556.462539 529.132499 486.283191 423.663965 337.630705 265.370685 200.475708 162.948444 131.145852 97.057263 58.103333 67.889253 81.494236 76.590149 64.215713 59.849264 89.291097 107.809348 117.944487 105.389044 124.333477 151.803267 194.449423 237.779227 287.910760 345.414293 402.432961 437.328100 457.717663 493.477257 543.834455 607.265265 695.653570 793.149497 870.338937 924.347943 975.154853 1006.705133 1020.338515 1036.584306 1010.684276 921.441567 785.563482 782.656562 784.974477 -9999.0 -9999.0 -9999.0 -9999.0 -9999.0 -9999.0 -9999.0 -9999.0 -9999.0
-9999.0 -9999.0 -745.228679 -557.680500 -401.915642 -215.812585 -63.064731 47.353715 127.147996 221.652958 314.580348 393.126127 437.627759 456.158747 437.855026 397.061286 371.172454 370.979396 361.338235 347.600870 323.653239 314.113903 303.778801 295.008826 281.086984 272.658061 265.758014 252.586638 227.519863 178.216237 124.575234 71.329890 15.946064 -10.119012 -32.637010 -55.456418 -58.876996 -61.215664 -54.725033 -53.614891 -48.130057 -36.333828 -15.693837 5.759860 15.243006 22.647408 35.293247 59.133523 92.523574 134.084832 187.268336 244.174786 283.750687 297.266239 289.577288 298.101111 324.000465 374.261919 469.559578 569.701010 667.812534 741.135017 814.067278 865.109272 883.073685 905.557287 918.880273 836.976828 527.256639 710.126669 -9999.0 -9999.0 -9999.0 -9999.0 -9999.0 -9999.0 -9999.0 -9999.0 -9999.0 -9999.0
-9999.0 -9999.0 -9999.0 -9999.0 -701.566524 -544.530462 -449.754489 -366.140114 -243.273404 -132.121628 -38.717717 39.001267 93.748456 118.011519 107.909473 103.931582 96.161663 91.971069 83.119709 78.274152 73.213690 65.181514 53.039000 45.109869 44.187772 47.430817 44.788727 31.032715 14.136944 -12.835603 -36.722576 -72.195786 -109.366744 -138.742765 -151.940463 -158.747949 -158.629785 -164.384533 -154.985935 -148.499418 -133.601327 -118.209695 -94.248532 -65.862743 -53.117487 -38.846431 -29.103195 -8.260826 21.874711 74.762643 137.157990 193.382712 227.481491 231.069533 205.125913 189.557319 187.098907 216.981727 267.638243 343.519665 454.995305 541.442170 612.295436 661.826533 695.733288 743.090657 789.665274 809.065033 -9999.0 -9999.0 -9999.0 -9999.0 -9999.0 -9999.0 -9999.0 -9999.0 -9999.0 -9999.0 -9999.0 -9999.0
-9999.0 -9999.0 -9999.0 -9999.0 -9999.0 -9999.0 -755.664770 -659.895072 -573.672347 -448.689363 -331.993062 -238.766818 -163.385991 -137.256532 -118.403029 -95.519796 -99.649448 -116.754671 -133.684498 -116.917652 -106.809602 -111.966710 -139.947716 -141.413033 -137.856544 -128.828334 -130.321081 -136.626364 -161.631548 -153.157542 -154.419505 -177.643526 -203.829126 -218.202273 -229.801942 -219.851302 -219.081182 -231.731285 -229.544835 -203.343307 -183.532035 -170.093580 -147.649530 -114.524610 -82.569403 -68.219569 -67.235313 -61.049585 -19.775213 50.410753 120.617866 174.015686 204.682939 211.683634 182.883984 141.610453 119.987010 126.733969 161.984111 217.126266 297.237080 352.078567 387.889923 412.536518 443.652995 546.148551 -9999.0 -9999.0 -9999.0 -9999.0 -9999.0 -9999.0 -9999.0 -9999.0 -9999.0 -9999.0 -9999.0 -9999.0 -9999.0 -9999.0
-9999.0 -9999.0 -9999.0 -9999.0 -9999.0 -9999.0 -9999.0 -9999.0 -9999.0 -9999.0 -9999.0 -9999.0 -9999.0 -9999.0 -9999.0 -9999.0 -9999.0 -9999.0 -9999.0 -9999.0 -9999.0 -9999.0 -9999.0 -9999.0 -9999.0 -9999.0 -9999.0 -9999.0 -9999.0 -9999.0 -9999.0 -9999.0 -9999.0 -9999.0 -9999.0 -9999.0 -9999.0 -9999.0 -9999.0 -9999.0 -9999.0 -9999.0 -9999.0 -9999.0 -9999.0 -9999.0 -9999.0 -9999.0 -9999.0 -9999.0 -9999.0 -9999.0 -9999.0 -9999.0 -9999.0 -9999.0 -9999.0 -9999.0 -9999.0 -9999.0 -9999.0 -9999.0 -9999.0 -9999.0 -9999.0 -9999.0 -9999.0 -9999.0 -9999.0 -9999.0 -9999.0 -9999.0 -9999.0 -9999.0 -9999.0 -9999.0 -9999.0 -9999.0 -9999.0 -9999.0
-9999.0 -9999.0 -9999.0 -9999.0 -9999.0 -9999.0 -9999.0 -9999.0 -9999.0 -9999.0 -9999.0 -9999.0 -9999.0 -9999.0 -9999.0 -9999.0 -9999.0 -9999.0 -9999.0 -9999.0 -9999.0 -9999.0 -9999.0 -9999.0 -9999.0 -9999.0 -9999.0 -9999.0 -9999.0 -9999.0 -9999.0 -9999.0 -9999.0 -9999.0 -9999.0 -9999.0 -9999.0 -9999.0 -9999.0 -9999.0 -9999.0 -9999.0 -9999.0 -9999.0 -9999.0 -9999.0 -9999.0 -9999.0 -9999.0 -9999.0 -9999.0 -9999.0 -9999.0 -9999.0 -9999.0 -9999.0 -9999.0 -9999.0 -9999.0 -9999.0 -9999.0 -9999.0 -9999.0 -9999.0 -9999.0 -9999.0 -9999.0 -9999.0 -9999.0 -9999.0 -9999.0 -9999.0 -9999.0 -9999.0 -9999.0 -9999.0 -9999.0 -9999.0 -9999.0 -9999.0