Borden_/Borden1m_014/output_maps/psiliqL0006N0029.asc
ncols         80
nrows         18
xllcorner     620200.000000
yllcorner     5168000.000000
cellsize      1.000000
NODATA_value  -9999.0
-9999.0 -9999.0 -9999.0 -9999.0 -9999.0 -9999.0 -9999.0 -9999.0 -9999.0 -9999.0 -9999.0 -9999.0 -9999.0 -9999.0 -9999.0 -9999.0 -9999.0 -9999.0 -9999.0 -9999.0 -9999.0 -9999.0 -9999.0 -9999.0 -9999.0 -9999.0 -9999.0 -9999.0 -9999.0 -9999.0 -9999.0 -9999.0 -9999.0 -9999.0 -9999.0 -9999.0 -9999.0 -9999.0 -9999.0 -9999.0 -9999.0 -9999.0 -9999.0 -9999.0 -9999.0 -9999.0 -9999.0 -9999.0 -9999.0 -9999.0 -9999.0 -9999.0 -9999.0 -9999.0 -9999.0 -9999.0 -9999.0 -9999.0 -9999.0 -9999.0 -9999.0 -9999.0 -9999.0 -9999.0 -9999.0 -9999.0 -9999.0 -9999.0 -9999.0 -9999.0 -9999.0 -9999.0 -9999.0 -9999.0 -9999.0 -9999.0 -9999.0 -9999.0 -9999.0 -9999.0
-9999.0 -9999.0 -9999.0 -9999.0 -9999.0 -9999.0 -9999.0 -9999.0 -9999.0 -9999.0 -9999.0 -9999.0 -9999.0 -9999.0 -9999.0 -9999.0 -9999.0 -9999.0 -9999.0 -9999.0 -9999.0 -9999.0 -9999.0 -9999.0 -9999.0 -9999.0 -9999.0 -9999.0 -9999.0 -9999.0 -9999.0 -9999.0 -9999.0 -9999.0 -9999.0 -9999.0 -9999.0 -9999.0 -9999.0 -9999.0 -9999.0 -9999.0 -9999.0 -9999.0 -9999.0 -9999.0 -9999.0 -9999.0 -9999.0 -9999.0 -9999.0 -9999.0 -9999.0 -9999.0 -9999.0 -9999.0 -9999.0 -9999.0 -9999.0 -9999.0 -9999.0 -9999.0 -9999.0 -9999.0 -9999.0 -9999.0 -9999.0 -9999.0 -9999.0 -9999.0 -9999.0 -9999.0 -9999.0 -9999.0 -9999.0 -9999.0 -9999.0 -9999.0 -9999.0 -9999.0
-9999.0 -9999.0 -9999.0 -9999.0 -9999.0 -9999.0 -9999.0 -9999.0 -9999.0 -9999.0 -9999.0 -9999.0 -9999.0 -9999.0 -9999.0 -9999.0 -9999.0 -9999.0 -9999.0 -9999.0 -648.013830 -644.895698 -668.058499 -702.376637 -731.117755 -729.731485 -695.199677 -654.683363 -617.439920 -607.036180 -625.456694 -624.574603 -630.119047 -630.153361 -627.093187 -621.408488 -619.207249 -607.513766 -598.951453 -599.173354 -605.450820 -611.433363 -613.220189 -609.524528 -604.579783 -612.892366 -599.319587 -583.668142 -576.783605 -581.844149 -609.324825 -625.130232 -632.767606 -646.631307 -621.646548 -608.416356 -584.826634 -580.052344 -580.732217 -607.567019 -637.473903 -9999.0 -9999.0 -9999.0 -9999.0 -9999.0 -9999.0 -9999.0 -9999.0 -9999.0 -9999.0 -9999.0 -9999.0 -9999.0 -9999.0 -9999.0 -9999.0 -9999.0 -9999.0 -9999.0
-9999.0 -9999.0 -9999.0 -9999.0 -9999.0 -9999.0 -9999.0 -9999.0 -9999.0 -9999.0 -9999.0 -9999.0 -9999.0 -9999.0 -736.957433 -747.580133 -751.099073 -743.057403 -709.821325 -680.425587 -667.892369 -675.912206 -676.410104 -700.411599 -720.902742 -707.339869 -678.792573 -648.083052 -614.452741 -593.971470 -607.444058 -610.555576 -599.745711 -570.737305 -554.810074 -557.428434 -579.823720 -556.882847 -539.753051 -529.203388 -530.190593 -539.149490 -523.059946 -505.518276 -512.348196 -531.240707 -528.769827 -516.923324 -500.858516 -517.770559 -585.332966 -607.400783 -609.800383 -615.867138 -628.449926 -634.632149 -609.395724 -607.665946 -615.366380 -632.727986 -664.316910 -707.905775 -725.074533 -686.346389 -641.274351 -582.469697 -9999.0 -9999.0 -9999.0 -9999.0 -9999.0 -9999.0 -9999.0 -9999.0 -9999.0 -9999.0 -9999.0 -9999.0 -9999.0 -9999.0
-9999.0 -9999.0 -9999.0 -9999.0 -9999.0 -9999.0 -9999.0 -9999.0 -9999.0 -792.262882 -789.287609 -782.704732 -781.597818 -766.532961 -768.519163 -762.205472 -754.627146 -729.609248 -699.348656 -664.902093 -636.395646 -647.262793 -647.556124 -635.222340 -627.618770 -614.516971 -593.900836 -552.530046 -507.037808 -460.902142 -490.285434 -491.593242 -468.495524 -406.728136 -352.926671 -336.224628 -363.195251 -360.486670 -324.314445 -284.622053 -280.708842 -281.189761 -244.252394 -224.479616 -215.309971 -242.393099 -275.516032 -281.399357 -246.130126 -322.329030 -409.619608 -477.165819 -480.633646 -516.095121 -560.977970 -585.060347 -588.175057 -564.939471 -580.114359 -617.472819 -653.618382 -661.989646 -677.744051 -661.112797 -637.697702 -589.706276 -550.498197 -520.934469 -519.908703 -536.985276 -9999.0 -9999.0 -9999.0 -9999.0 -9999.0 -9999.0 -9999.0 -9999.0 -9999.0 -9999.0
-9999.0 -9999.0 -9999.0 -9999.0 -9999.0 -9999.0 -869.742707 -861.603224 -842.636203 -837.324084 -814.028277 -807.062881 -787.305498 -768.696502 -749.358254 -733.060539 -702.755406 -671.172392 -629.945690 -585.200042 -551.794257 -555.643202 -544.938101 -506.201886 -453.336437 -410.875840 -379.420012 -324.203753 -209.198309 -147.349926 -124.836150 -114.196170 -100.980209 -64.122567 -4.328539 31.398879 -7.728372 -26.958075 -9.230851 33.775740 86.361200 91.445864 98.901140 107.001045 132.464341 122.563311 40.182176 11.444687 2.217837 -8.729933 -55.506598 -108.145170 -166.267478 -234.809809 -353.095150 -430.247809 -437.887090 -424.727882 -462.588288 -520.587947 -565.664220 -576.491435 -590.900963 -604.989041 -599.179015 -578.852530 -554.217041 -541.872425 -553.458105 -573.240165 -595.825524 -624.091485 -621.973356 -596.037297 -9999.0 -9999.0 -9999.0 -9999.0 -9999.0 -9999.0
-9999.0 -9999.0 -9999.0 -9999.0 -918.805200 -906.977607 -918.758319 -896.284402 -865.307507 -833.317016 -801.757626 -765.330548 -739.381689 -710.824949 -669.508442 -630.571669 -585.729190 -549.458893 -488.821508 -405.346800 -331.870151 -287.135950 -256.020580 -166.865996 -95.567286 -50.779281 -34.266986 -8.272595 41.509654 139.132245 166.534105 162.735796 190.311423 206.150814 258.258310 294.632016 276.486858 269.624878 272.479567 281.892809 308.853499 310.675628 312.096656 312.633853 314.845764 315.237924 291.504577 258.432319 230.876491 238.423120 216.330759 155.573544 75.059918 35.979728 7.425977 -34.616031 -94.477474 -121.888252 -196.526028 -277.622697 -377.556358 -415.394443 -456.349527 -486.841990 -520.346229 -519.994651 -516.685809 -535.832769 -565.355320 -596.448104 -610.526071 -628.402681 -637.687892 -607.250097 -589.033101 -557.324165 -9999.0 -9999.0 -9999.0 -9999.0
-9999.0 -9999.0 -975.703576 -925.861355 -871.070868 -863.233524 -861.148679 -857.242268 -831.817703 -782.939089 -704.875725 -651.845640 -605.522176 -575.134579 -511.010433 -409.951067 -300.282511 -223.712988 -143.376372 -78.170127 -24.099540 17.511298 76.508871 119.144077 163.995186 215.188480 238.395572 259.607108 285.709966 316.490925 340.794396 354.807138 361.662512 357.149588 357.707427 356.839831 354.208084 349.022517 332.375995 330.057073 337.559831 340.536638 343.838094 331.473961 327.632016 339.856542 341.813918 341.535172 341.638258 351.514838 360.745927 330.415016 277.015612 263.337713 255.203102 219.015327 157.625995 81.778870 51.354176 9.326251 -63.908529 -110.290730 -173.778201 -249.957427 -336.879860 -388.162432 -445.032751 -488.556073 -533.890558 -578.185672 -600.487267 -617.992225 -619.172670 -617.536137 -600.810813 -584.495724 -568.570141 -560.496182 -9999.0 -9999.0
-9999.0 -1072.416501 -1000.283694 -873.053010 -795.684469 -751.932811 -710.640560 -680.603834 -657.940209 -646.728890 -534.049476 -405.226500 -280.217925 -233.705643 -158.435808 -56.443723 71.697645 113.007227 141.590494 186.569133 235.876904 276.700465 304.670580 336.002766 360.911605 358.310632 357.078539 356.121159 348.200400 340.951800 331.469142 338.920421 337.310071 321.694579 309.288151 307.631064 302.774911 275.563512 250.003655 237.133104 241.453676 262.394371 252.247034 232.371133 228.697167 248.302655 264.463905 255.613969 231.511446 261.365682 294.152542 313.815502 329.638692 343.894027 363.604921 341.538379 308.840554 268.109778 249.826009 224.581651 140.075285 75.118186 20.683932 -42.381932 -101.126272 -179.876773 -271.698722 -359.722946 -439.587496 -481.817819 -513.689768 -566.213819 -589.110081 -586.426359 -595.015557 -596.813212 -589.550542 -582.824342 -9999.0 -9999.0
-9999.0 -1140.787225 -997.552661 -812.369953 -667.664069 -605.314127 -474.609010 -374.585088 -336.532325 -364.902534 -201.218664 63.843934 139.688636 146.133685 204.012526 275.400907 316.971252 341.764966 357.235721 351.114718 347.056732 350.270097 347.016187 339.183860 325.481330 318.018858 317.510819 314.672987 295.227450 276.541280 260.984621 256.655224 244.077940 209.612993 180.015368 165.242884 144.436434 94.952469 53.275237 24.292804 10.615150 29.600379 19.690674 1.342821 -2.250976 21.704096 55.583164 50.514755 56.210413 80.741364 125.298035 190.586566 213.507175 240.681536 274.634432 314.846997 333.463447 352.156463 358.505027 334.999250 294.174007 247.073109 214.859528 126.310742 51.532506 -27.133771 -81.608556 -130.103147 -210.649950 -281.026189 -356.269076 -431.078127 -495.922714 -524.800388 -563.790045 -584.691517 -9999.0 -9999.0 -9999.0 -9999.0
-9999.0 -1201.465051 -1009.500081 -742.894883 -488.113192 -316.497799 -100.853042 34.675698 153.725117 159.114681 236.273259 328.334270 343.675285 330.169288 308.320299 306.526645 317.760936 320.545013 316.489157 306.733029 295.434856 290.811601 289.557427 281.961081 269.865717 255.290347 243.446235 229.432295 162.683483 125.859656 96.760965 79.969402 45.008548 -38.960725 -73.677087 -98.740236 -158.956942 -177.018636 -196.398021 -237.550974 -265.316374 -285.441329 -261.470657 -264.352749 -264.766005 -250.815323 -219.797034 -195.438346 -143.163040 -103.916179 -66.968551 -17.082299 17.214070 62.275447 114.366286 196.548865 226.832516 242.822758 296.532824 335.941399 357.215956 349.220681 320.052309 280.848965 216.779558 121.701885 69.311291 -0.017513 -57.536978 -99.435254 -134.006485 -195.390005 -296.655836 -428.451104 -473.826743 -9999.0 -9999.0 -9999.0 -9999.0 -9999.0
-9999.0 -1346.886163 -1079.338275 -781.137389 -433.861220 -91.575549 12.257048 225.368834 295.915492 224.640659 162.138669 215.225427 252.503904 254.812834 232.134983 223.800097 217.251148 216.932589 229.064529 199.655218 143.047109 125.047446 123.137086 110.463565 86.905675 67.572526 52.770832 30.853068 -21.865718 -64.475522 -125.681370 -158.130297 -252.862433 -354.590396 -416.034200 -471.623095 -528.807828 -531.736817 -516.814398 -535.144314 -558.009408 -577.293304 -551.807480 -537.111466 -526.585317 -535.984784 -526.718603 -491.020731 -438.022851 -386.541100 -316.886299 -233.113158 -169.946244 -107.273274 -76.594283 -26.388752 19.886794 68.465862 144.446304 245.088976 277.223842 310.059443 346.077631 363.116558 320.488816 274.713065 220.867381 127.829601 31.691325 -10.439855 -29.188598 -55.668467 -100.537365 -9999.0 -9999.0 -9999.0 -9999.0 -9999.0 -9999.0 -9999.0
-9999.0 -1483.407964 -1246.277318 -992.513883 -690.461350 -446.719948 -223.775484 -93.449960 30.020764 -36.079848 -43.511985 -18.254448 10.841149 31.797353 8.966638 -23.885863 -46.381958 -42.685973 -42.086883 -63.354504 -89.838353 -101.751711 -102.791075 -111.444202 -144.227011 -167.417860 -183.548437 -214.672078 -269.748269 -351.503422 -454.268295 -525.752407 -589.714710 -627.180973 -657.824294 -690.990410 -730.428804 -719.537327 -704.272881 -709.228373 -722.205278 -727.333562 -697.873102 -680.034988 -670.256004 -684.305312 -666.550228 -640.087286 -598.756923 -557.920202 -510.400629 -454.456693 -394.892857 -353.202696 -325.780747 -274.965715 -208.327521 -130.439382 -52.714543 43.330249 118.989601 192.052903 243.014033 276.173102 291.572707 308.668508 300.911244 236.663321 57.119762 29.276424 25.943155 -9999.0 -9999.0 -9999.0 -9999.0 -9999.0 -9999.0 -9999.0 -9999.0 -9999.0
-9999.0 -9999.0 -1484.760757 -1289.249482 -1121.388834 -934.807398 -784.018614 -683.537010 -617.336104 -536.352345 -446.238480 -362.721627 -309.757966 -287.024674 -314.814232 -372.362696 -406.339909 -406.358295 -416.866256 -435.008266 -464.836857 -476.449540 -486.277167 -494.857568 -510.872668 -519.661371 -525.459020 -537.135007 -560.872102 -608.641008 -663.061083 -714.909883 -768.796385 -792.995412 -814.461552 -837.110241 -841.206569 -842.148178 -834.948101 -833.916923 -829.253760 -818.068969 -797.413490 -776.701891 -767.723970 -761.605713 -749.451900 -726.444804 -694.056603 -654.450607 -603.592021 -549.329346 -512.287350 -501.103762 -511.093134 -504.365671 -479.560953 -426.663336 -305.202658 -173.424039 -79.034907 -10.651175 61.639317 111.475481 132.347356 181.099658 216.053777 116.290763 -44.836586 -13.615823 -9999.0 -9999.0 -9999.0 -9999.0 -9999.0 -9999.0 -9999.0 -9999.0 -9999.0 -9999.0
-9999.0 -9999.0 -9999.0 -9999.0 -1432.075515 -1273.814372 -1181.555416 -1100.892576 -985.776139 -884.709370 -798.318786 -726.846199 -678.624361 -656.684782 -670.644260 -680.269277 -689.842527 -692.507213 -700.534623 -707.359232 -714.215916 -721.748803 -731.620476 -738.914127 -739.974148 -736.825498 -738.436250 -750.805146 -765.403964 -793.403154 -817.966717 -852.765808 -889.556551 -918.224441 -930.921362 -938.135894 -937.659969 -942.608655 -932.868690 -927.020405 -912.473269 -897.164776 -873.337352 -845.615920 -833.731143 -819.988249 -810.537635 -789.997041 -760.851038 -709.365775 -648.597645 -594.419890 -562.536544 -560.828533 -589.336235 -607.093318 -611.899626 -585.137942 -536.963132 -460.985147 -331.487799 -217.330782 -127.983546 -82.142272 -52.344329 -5.002289 39.654964 52.066863 -9999.0 -9999.0 -9999.0 -9999.0 -9999.0 -9999.0 -9999.0 -9999.0 -9999.0 -9999.0 -9999.0 -9999.0
-9999.0 -9999.0 -9999.0 -9999.0 -9999.0 -9999.0 -1491.862023 -1399.046956 -1309.480480 -1194.818247 -1089.823271 -1003.550408 -933.652271 -911.972482 -898.018318 -877.601707 -882.931837 -898.899334 -914.091080 -898.512157 -890.447593 -894.666850 -920.516158 -922.153471 -919.127833 -909.533214 -910.288430 -916.001014 -940.161963 -933.195884 -935.235382 -957.758622 -983.384648 -997.713307 -1009.022193 -998.971690 -997.935991 -1009.984228 -1006.965266 -981.411072 -962.146420 -948.769977 -926.253701 -893.504544 -862.016974 -848.345047 -847.732016 -841.778103 -800.389284 -731.232415 -662.682530 -611.189855 -582.307474 -576.658169 -607.320489 -650.580096 -674.601581 -670.558905 -638.852310 -587.842124 -511.140576 -458.826138 -419.551368 -386.429125 -342.815082 -205.076042 -9999.0 -9999.0 -9999.0 -9999.0 -9999.0 -9999.0 -9999.0 -9999.0 -9999.0 -9999.0 -9999.0 -9999.0 -9999.0 -9999.0
-9999.0 -9999.0 -9999.0 -9999.0 -9999.0 -9999.0 -9999.0 -9999.0 -9999.0 -9999.0 -9999.0 -9999.0 -9999.0 -9999.0 -9999.0 -9999.0 -9999.0 -9999.0 -9999.0 -9999.0 -9999.0 -9999.0 -9999.0 -9999.0 -9999.0 -9999.0 -9999.0 -9999.0 -9999.0 -9999.0 -9999.0 -9999.0 -9999.0 -9999.0 -9999.0 -9999.0 -9999.0 -9999.0 -9999.0 -9999.0 -9999.0 -9999.0 -9999.0 -9999.0 -9999.0 -9999.0 -9999.0 -9999.0 -9999.0 -9999.0 -9999.0 -9999.0 -9999.0 -9999.0 -9999.0 -9999.0 -9999.0 -9999.0 -9999.0 -9999.0 -9999.0 -9999.0 -9999.0 -9999.0 -9999.0 -9999.0 -9999.0 -9999.0 -9999.0 -9999.0 -9999.0 -9999.0 -9999.0 -9999.0 -9999.0 -9999.0 -9999.0 -9999.0 -9999.0 -9999.0
-9999.0 -9999.0 -9999.0 -9999.0 -9999.0 -9999.0 -9999.0 -9999.0 -9999.0 -9999.0 -9999.0 -9999.0 -9999.0 -9999.0 -9999.0 -9999.0 -9999.0 -9999.0 -9999.0 -9999.0 -9999.0 -9999.0 -9999.0 -9999.0 -9999.0 -9999.0 -9999.0 -9999.0 -9999.0 -9999.0 -9999.0 -9999.0 -9999.0 -9999.0 -9999.0 -9999.0 -9999.0 -9999.0 -9999.0 -9999.0 -9999.0 -9999.0 -9999.0 -9999.0 -9999.0 -9999.0 -9999.0 -9999.0 -9999.0 -9999.0 -9999.0 -9999.0 -9999.0 -9999.0 -9999.0 -9999.0 -9999.0 -9999.0 -9999.0 -9999.0 -9999.0 -9999.0 -9999.0 -9999.0 -9999.0 -9999.0 -9999.0 -9999.0 -9999.0 -9999.0 -9999.0 -9999.0 -9999.0 -9999.0 -9999.0 -9999.0 -9999.0 -9999.0 -9999.0 -9999.0