Borden_/Borden1m_014/output_maps/psiliqL0003N0012.asc
ncols         80
nrows         18
xllcorner     620200.000000
yllcorner     5168000.000000
cellsize      1.000000
NODATA_value  -9999.0
-9999.0 -9999.0 -9999.0 -9999.0 -9999.0 -9999.0 -9999.0 -9999.0 -9999.0 -9999.0 -9999.0 -9999.0 -9999.0 -9999.0 -9999.0 -9999.0 -9999.0 -9999.0 -9999.0 -9999.0 -9999.0 -9999.0 -9999.0 -9999.0 -9999.0 -9999.0 -9999.0 -9999.0 -9999.0 -9999.0 -9999.0 -9999.0 -9999.0 -9999.0 -9999.0 -9999.0 -9999.0 -9999.0 -9999.0 -9999.0 -9999.0 -9999.0 -9999.0 -9999.0 -9999.0 -9999.0 -9999.0 -9999.0 -9999.0 -9999.0 -9999.0 -9999.0 -9999.0 -9999.0 -9999.0 -9999.0 -9999.0 -9999.0 -9999.0 -9999.0 -9999.0 -9999.0 -9999.0 -9999.0 -9999.0 -9999.0 -9999.0 -9999.0 -9999.0 -9999.0 -9999.0 -9999.0 -9999.0 -9999.0 -9999.0 -9999.0 -9999.0 -9999.0 -9999.0 -9999.0
-9999.0 -9999.0 -9999.0 -9999.0 -9999.0 -9999.0 -9999.0 -9999.0 -9999.0 -9999.0 -9999.0 -9999.0 -9999.0 -9999.0 -9999.0 -9999.0 -9999.0 -9999.0 -9999.0 -9999.0 -9999.0 -9999.0 -9999.0 -9999.0 -9999.0 -9999.0 -9999.0 -9999.0 -9999.0 -9999.0 -9999.0 -9999.0 -9999.0 -9999.0 -9999.0 -9999.0 -9999.0 -9999.0 -9999.0 -9999.0 -9999.0 -9999.0 -9999.0 -9999.0 -9999.0 -9999.0 -9999.0 -9999.0 -9999.0 -9999.0 -9999.0 -9999.0 -9999.0 -9999.0 -9999.0 -9999.0 -9999.0 -9999.0 -9999.0 -9999.0 -9999.0 -9999.0 -9999.0 -9999.0 -9999.0 -9999.0 -9999.0 -9999.0 -9999.0 -9999.0 -9999.0 -9999.0 -9999.0 -9999.0 -9999.0 -9999.0 -9999.0 -9999.0 -9999.0 -9999.0
-9999.0 -9999.0 -9999.0 -9999.0 -9999.0 -9999.0 -9999.0 -9999.0 -9999.0 -9999.0 -9999.0 -9999.0 -9999.0 -9999.0 -9999.0 -9999.0 -9999.0 -9999.0 -9999.0 -9999.0 -561.976454 -560.038993 -564.248154 -569.146765 -573.369271 -573.897713 -569.194011 -563.883093 -557.928317 -556.837035 -561.642414 -560.399454 -562.304110 -563.467691 -563.616104 -562.245111 -561.530022 -559.675866 -558.522234 -559.127989 -560.589401 -561.593972 -562.504869 -562.240982 -560.561020 -562.896777 -559.585191 -556.419326 -555.369190 -555.309147 -559.485774 -561.192035 -561.838316 -565.668239 -558.805055 -556.891960 -552.039529 -551.602529 -550.681980 -556.106368 -561.575588 -9999.0 -9999.0 -9999.0 -9999.0 -9999.0 -9999.0 -9999.0 -9999.0 -9999.0 -9999.0 -9999.0 -9999.0 -9999.0 -9999.0 -9999.0 -9999.0 -9999.0 -9999.0 -9999.0
-9999.0 -9999.0 -9999.0 -9999.0 -9999.0 -9999.0 -9999.0 -9999.0 -9999.0 -9999.0 -9999.0 -9999.0 -9999.0 -9999.0 -569.878374 -572.252970 -573.368618 -574.085944 -569.830583 -566.549977 -566.472818 -568.906848 -566.900653 -571.664615 -575.968760 -573.398702 -569.767807 -566.883653 -562.164379 -558.638149 -561.951253 -562.780797 -561.051263 -554.938561 -552.306675 -553.631087 -561.030831 -554.035485 -550.667519 -548.547360 -548.835894 -552.152155 -547.722467 -542.570483 -545.272642 -550.762186 -549.456762 -546.347603 -541.389706 -543.713158 -561.328534 -562.890211 -561.888517 -561.426214 -563.944976 -565.755832 -558.835472 -559.857653 -560.936981 -562.075491 -566.078226 -572.773413 -575.827274 -568.760936 -562.703732 -550.711228 -9999.0 -9999.0 -9999.0 -9999.0 -9999.0 -9999.0 -9999.0 -9999.0 -9999.0 -9999.0 -9999.0 -9999.0 -9999.0 -9999.0
-9999.0 -9999.0 -9999.0 -9999.0 -9999.0 -9999.0 -9999.0 -9999.0 -9999.0 -573.872659 -574.512254 -573.842486 -575.431334 -573.322490 -576.887201 -576.057827 -576.741137 -573.759744 -571.418069 -567.431484 -562.181355 -566.081114 -566.620074 -563.949247 -563.839123 -562.966430 -560.745929 -552.538257 -543.760869 -530.262953 -542.527204 -543.283208 -538.044182 -518.630102 -496.235073 -490.966502 -500.340247 -500.869466 -488.779012 -475.431429 -476.511205 -477.829678 -465.200516 -458.500583 -453.574793 -463.790473 -474.141390 -476.312830 -460.856304 -487.931972 -517.936766 -540.915006 -536.868740 -545.461180 -555.285745 -558.930365 -560.351019 -552.670372 -555.444770 -562.358514 -568.140522 -566.256516 -569.617780 -566.266059 -564.038723 -554.867670 -546.919544 -539.382756 -539.039445 -543.837705 -9999.0 -9999.0 -9999.0 -9999.0 -9999.0 -9999.0 -9999.0 -9999.0 -9999.0 -9999.0
-9999.0 -9999.0 -9999.0 -9999.0 -9999.0 -9999.0 -578.217757 -578.488483 -577.087993 -581.520196 -578.377804 -580.554990 -578.299455 -577.337754 -575.840237 -575.845277 -572.217655 -569.055548 -563.806428 -557.080360 -550.889573 -554.461670 -552.928740 -544.578554 -531.142733 -516.493837 -506.092519 -490.002958 -448.818865 -419.701482 -406.448158 -401.132132 -387.002407 -50.651652 26.925688 29.059776 27.499773 26.181338 27.463495 30.000284 29.954169 29.678267 30.082105 30.421438 32.816374 32.490852 29.644141 29.052686 28.969376 27.787550 -33.216460 -384.423637 -430.242064 -458.551819 -496.949592 -523.410613 -529.027549 -521.702886 -531.422134 -546.252588 -555.364652 -555.111290 -556.833496 -560.324353 -558.521167 -554.870885 -549.340096 -545.870349 -548.465096 -552.004954 -554.619192 -560.629537 -559.639170 -553.830473 -9999.0 -9999.0 -9999.0 -9999.0 -9999.0 -9999.0
-9999.0 -9999.0 -9999.0 -9999.0 -585.104961 -583.036333 -589.252813 -585.713282 -583.005279 -580.959464 -580.996788 -577.513783 -576.600667 -574.153367 -569.060624 -565.463434 -558.662788 -553.747120 -540.585980 -517.610512 -490.605296 -476.244539 -470.582414 -433.751064 -355.730017 -19.906123 25.417981 27.506856 29.476256 33.644101 35.340975 35.631588 37.630630 44.451026 48.526023 51.418751 49.766701 49.537250 49.674092 49.776326 51.921234 51.544732 51.665971 51.462764 52.699205 54.863583 50.652039 48.449942 47.967580 47.640983 45.531152 35.684298 32.176998 30.565736 28.850135 -5.394815 -351.485572 -400.982645 -444.997365 -473.812619 -509.316979 -520.666198 -530.768953 -536.990548 -545.953027 -543.975277 -541.193023 -545.847867 -552.023652 -557.991771 -558.637300 -561.304770 -564.438249 -556.759399 -554.203101 -546.309880 -9999.0 -9999.0 -9999.0 -9999.0
-9999.0 -9999.0 -585.552772 -585.393864 -579.749229 -583.193613 -585.354806 -588.320175 -587.083329 -581.711794 -572.008615 -568.249634 -562.188242 -559.000510 -545.643963 -516.696965 -480.251372 -457.447285 -419.878752 -264.398370 5.259212 28.093944 28.956773 31.516604 36.509727 45.133528 47.396651 48.726462 50.001843 54.386113 78.737386 92.450411 99.561509 92.637300 92.666720 89.494728 89.175245 85.028614 69.355028 67.031271 73.833616 75.509823 79.166783 67.169402 63.544039 75.580888 78.127949 79.025911 81.712332 89.676975 100.080619 71.950199 49.145908 48.742246 49.030477 45.458411 36.805977 32.937001 32.069176 29.076988 -32.766437 -376.181456 -434.582780 -467.951495 -498.052973 -509.614098 -525.980572 -536.573600 -546.736070 -556.589542 -559.558110 -561.315451 -559.796330 -560.927452 -556.879117 -553.934634 -549.525563 -547.918029 -9999.0 -9999.0
-9999.0 -587.490644 -589.349467 -579.333971 -577.639576 -575.756284 -573.730329 -571.873083 -569.332641 -572.633943 -548.685823 -508.383868 -470.755220 -460.160418 -426.891478 -63.197862 27.136318 30.769222 33.247196 39.100945 46.176011 49.498287 51.070904 76.958089 99.844410 93.777481 92.158910 89.907627 81.599795 73.833448 63.857338 72.390710 71.329287 57.034834 50.275591 50.329422 50.301937 48.855834 47.313937 46.731851 47.194702 49.188915 48.228412 46.733907 46.417581 47.871125 49.075044 48.244375 47.112759 48.383529 50.997790 53.841762 69.947675 83.411094 103.133079 81.055609 51.666789 48.651489 48.167961 46.964780 42.960397 34.686480 29.871022 -12.842588 -351.814669 -440.197483 -478.848655 -503.292198 -525.985973 -535.406083 -541.322326 -554.641407 -557.995779 -554.825426 -556.630971 -556.838643 -555.085076 -553.735640 -9999.0 -9999.0
-9999.0 -597.441135 -588.104578 -577.431498 -564.683419 -563.837321 -529.134885 -493.881697 -485.526138 -500.959350 -442.617488 1.133856 32.446446 32.353271 37.761923 48.370681 64.135404 84.793189 98.951211 89.312090 83.106643 84.906683 80.022949 71.422926 58.187364 51.665912 51.925253 51.536952 50.321728 49.203814 47.782069 48.049175 47.278304 44.371966 38.997764 36.095359 34.929874 33.869942 31.705570 30.159442 29.190700 31.214699 30.333214 28.953184 28.532968 30.134844 32.737968 31.723032 32.218075 34.534335 41.869943 45.031801 45.902441 47.301777 49.283589 54.542529 72.070422 91.048480 97.874337 74.149340 51.012403 47.557380 46.506291 42.630026 34.363569 27.064342 -45.039965 -394.299714 -446.669609 -474.997547 -500.003080 -521.143563 -539.323967 -543.003034 -552.700469 -554.000321 -9999.0 -9999.0 -9999.0 -9999.0
-9999.0 -598.464940 -589.329178 -569.512317 -526.012916 -477.246699 -46.165193 29.656951 33.570304 38.221244 41.173260 88.237122 96.376431 79.766713 53.846048 50.634283 55.072068 57.091037 53.126043 50.369922 49.641420 49.436016 49.396382 48.948263 48.385068 47.676418 47.223219 47.179800 45.185079 42.520028 35.409503 34.066694 31.536879 -10.876132 -263.910409 -376.506384 -428.930997 -432.842338 -441.639421 -459.974437 -468.817697 -475.106650 -466.411934 -469.090225 -470.081294 -464.797969 -452.520529 -444.728621 -417.419539 -378.945339 -37.820770 27.110141 29.904968 33.201398 37.957002 44.827061 46.688508 48.131531 51.135219 74.555644 94.668677 87.098477 60.053346 50.474203 46.367446 43.276053 40.817544 32.037258 27.002920 -33.736946 -363.577336 -435.762826 -481.010859 -516.103715 -528.099882 -9999.0 -9999.0 -9999.0 -9999.0 -9999.0
-9999.0 -612.957455 -589.820565 -573.487946 -501.998375 -57.160929 28.742487 43.350427 76.595793 45.838870 44.146275 45.577031 48.416365 48.389454 46.684638 46.864526 46.395077 46.261871 47.584272 44.449340 38.053684 36.207526 36.307037 35.414851 33.634891 32.643387 32.190541 31.402028 27.323560 -30.839883 -400.425759 -419.357020 -463.628273 -498.471988 -519.920168 -534.529546 -549.274155 -548.610750 -542.778263 -547.445865 -552.659805 -558.323531 -551.451674 -548.327217 -545.345119 -549.111771 -548.230753 -539.371765 -525.456141 -512.652762 -492.895704 -462.463899 -435.965362 -389.190159 -273.385546 4.088811 29.548961 33.294389 42.724858 48.273120 49.505543 51.939409 85.006918 103.521268 66.468991 49.744813 47.817681 45.894111 42.152821 39.121044 32.695350 17.508423 -304.669389 -9999.0 -9999.0 -9999.0 -9999.0 -9999.0 -9999.0 -9999.0
-9999.0 -620.524411 -595.757012 -592.298564 -563.786868 -510.219960 -439.763336 -282.867636 21.517155 25.230541 26.851433 28.463790 30.198450 31.928484 30.229297 27.768543 25.833581 26.348013 25.442099 -27.996535 -341.268015 -377.137933 -376.897354 -386.214776 -414.864995 -427.839307 -434.979011 -449.049973 -469.810623 -497.228034 -530.140210 -547.262034 -559.907562 -564.293381 -567.638475 -571.222104 -578.387652 -574.283147 -571.201763 -571.926512 -574.177807 -575.886039 -570.413735 -568.507782 -566.813415 -571.704132 -568.263683 -565.281135 -558.621490 -551.960109 -542.688746 -529.212058 -512.384579 -502.171160 -496.275490 -477.087936 -452.881424 -407.058374 -36.891783 30.735588 39.039654 44.420938 47.742101 49.795101 50.757535 62.055220 69.480613 50.024572 43.009697 44.365656 44.230485 -9999.0 -9999.0 -9999.0 -9999.0 -9999.0 -9999.0 -9999.0 -9999.0 -9999.0
-9999.0 -9999.0 -626.211986 -615.967440 -607.301962 -597.895424 -584.857966 -572.709862 -558.940134 -541.320723 -517.338024 -492.058858 -476.650540 -469.763168 -479.251089 -499.517994 -512.395519 -511.548841 -515.016324 -523.179647 -533.337462 -535.333237 -537.475055 -538.963982 -542.877504 -544.569110 -545.273589 -546.893468 -550.706277 -559.704152 -567.483631 -573.075962 -579.441114 -579.196464 -580.230225 -582.456944 -580.514384 -581.017134 -580.404273 -580.700348 -580.109401 -579.007725 -577.720484 -575.927322 -575.818223 -575.276555 -574.652338 -572.757009 -569.886596 -566.118486 -558.966605 -548.749542 -541.136126 -539.400409 -543.588765 -542.471695 -537.181020 -525.285538 -487.538398 -435.301705 -241.599052 15.353336 33.111624 39.211574 43.447649 45.167589 47.543069 45.971041 29.900234 40.078783 -9999.0 -9999.0 -9999.0 -9999.0 -9999.0 -9999.0 -9999.0 -9999.0 -9999.0 -9999.0
-9999.0 -9999.0 -9999.0 -9999.0 -631.059028 -616.292368 -602.999829 -604.246316 -594.399055 -588.189127 -582.459255 -575.822352 -570.414645 -567.027394 -571.033788 -571.728287 -572.514570 -571.947777 -572.869478 -573.866087 -574.220375 -574.861344 -575.606246 -576.580299 -576.118632 -575.112336 -574.843224 -576.521817 -576.575688 -579.672576 -580.007603 -581.905682 -583.760124 -585.936787 -585.491546 -585.680097 -584.718258 -585.766792 -584.197259 -585.075276 -583.850527 -583.287666 -581.810859 -579.409881 -580.223562 -578.851605 -578.774435 -577.008408 -576.261088 -571.536840 -564.042323 -555.584291 -549.949994 -550.232714 -557.471719 -560.511694 -562.371430 -557.813795 -550.264834 -534.209493 -497.966867 -458.073255 -408.590033 -272.724904 -1.755407 29.714066 39.890366 43.179944 -9999.0 -9999.0 -9999.0 -9999.0 -9999.0 -9999.0 -9999.0 -9999.0 -9999.0 -9999.0 -9999.0 -9999.0
-9999.0 -9999.0 -9999.0 -9999.0 -9999.0 -9999.0 -624.459647 -616.960006 -619.220552 -613.206053 -607.778672 -603.583758 -597.554896 -598.058679 -596.184535 -591.603830 -592.185595 -594.368166 -597.126648 -593.109256 -591.277522 -590.911409 -595.331850 -594.092976 -593.585613 -591.913634 -592.086360 -591.365905 -595.073298 -590.593380 -588.435929 -589.270580 -590.075602 -589.245180 -590.180236 -587.425320 -587.097501 -589.308657 -589.978485 -586.774578 -585.834716 -586.258399 -585.619769 -583.423518 -580.267018 -579.759985 -581.138188 -583.065626 -579.870290 -572.575414 -564.526950 -557.578835 -553.118323 -551.616974 -557.687352 -566.087176 -570.377344 -571.019250 -567.578957 -561.090113 -545.792663 -535.467205 -527.940629 -521.312859 -507.033624 -453.722679 -9999.0 -9999.0 -9999.0 -9999.0 -9999.0 -9999.0 -9999.0 -9999.0 -9999.0 -9999.0 -9999.0 -9999.0 -9999.0 -9999.0
-9999.0 -9999.0 -9999.0 -9999.0 -9999.0 -9999.0 -9999.0 -9999.0 -9999.0 -9999.0 -9999.0 -9999.0 -9999.0 -9999.0 -9999.0 -9999.0 -9999.0 -9999.0 -9999.0 -9999.0 -9999.0 -9999.0 -9999.0 -9999.0 -9999.0 -9999.0 -9999.0 -9999.0 -9999.0 -9999.0 -9999.0 -9999.0 -9999.0 -9999.0 -9999.0 -9999.0 -9999.0 -9999.0 -9999.0 -9999.0 -9999.0 -9999.0 -9999.0 -9999.0 -9999.0 -9999.0 -9999.0 -9999.0 -9999.0 -9999.0 -9999.0 -9999.0 -9999.0 -9999.0 -9999.0 -9999.0 -9999.0 -9999.0 -9999.0 -9999.0 -9999.0 -9999.0 -9999.0 -9999.0 -9999.0 -9999.0 -9999.0 -9999.0 -9999.0 -9999.0 -9999.0 -9999.0 -9999.0 -9999.0 -9999.0 -9999.0 -9999.0 -9999.0 -9999.0 -9999.0
-9999.0 -9999.0 -9999.0 -9999.0 -9999.0 -9999.0 -9999.0 -9999.0 -9999.0 -9999.0 -9999.0 -9999.0 -9999.0 -9999.0 -9999.0 -9999.0 -9999.0 -9999.0 -9999.0 -9999.0 -9999.0 -9999.0 -9999.0 -9999.0 -9999.0 -9999.0 -9999.0 -9999.0 -9999.0 -9999.0 -9999.0 -9999.0 -9999.0 -9999.0 -9999.0 -9999.0 -9999.0 -9999.0 -9999.0 -9999.0 -9999.0 -9999.0 -9999.0 -9999.0 -9999.0 -9999.0 -9999.0 -9999.0 -9999.0 -9999.0 -9999.0 -9999.0 -9999.0 -9999.0 -9999.0 -9999.0 -9999.0 -9999.0 -9999.0 -9999.0 -9999.0 -9999.0 -9999.0 -9999.0 -9999.0 -9999.0 -9999.0 -9999.0 -9999.0 -9999.0 -9999.0 -9999.0 -9999.0 -9999.0 -9999.0 -9999.0 -9999.0 -9999.0 -9999.0 -9999.0