Borden_/Borden1m_014/output_maps/psiliqL0018N0026.asc
ncols         80
nrows         18
xllcorner     620200.000000
yllcorner     5168000.000000
cellsize      1.000000
NODATA_value  -9999.0
-9999.0 -9999.0 -9999.0 -9999.0 -9999.0 -9999.0 -9999.0 -9999.0 -9999.0 -9999.0 -9999.0 -9999.0 -9999.0 -9999.0 -9999.0 -9999.0 -9999.0 -9999.0 -9999.0 -9999.0 -9999.0 -9999.0 -9999.0 -9999.0 -9999.0 -9999.0 -9999.0 -9999.0 -9999.0 -9999.0 -9999.0 -9999.0 -9999.0 -9999.0 -9999.0 -9999.0 -9999.0 -9999.0 -9999.0 -9999.0 -9999.0 -9999.0 -9999.0 -9999.0 -9999.0 -9999.0 -9999.0 -9999.0 -9999.0 -9999.0 -9999.0 -9999.0 -9999.0 -9999.0 -9999.0 -9999.0 -9999.0 -9999.0 -9999.0 -9999.0 -9999.0 -9999.0 -9999.0 -9999.0 -9999.0 -9999.0 -9999.0 -9999.0 -9999.0 -9999.0 -9999.0 -9999.0 -9999.0 -9999.0 -9999.0 -9999.0 -9999.0 -9999.0 -9999.0 -9999.0
-9999.0 -9999.0 -9999.0 -9999.0 -9999.0 -9999.0 -9999.0 -9999.0 -9999.0 -9999.0 -9999.0 -9999.0 -9999.0 -9999.0 -9999.0 -9999.0 -9999.0 -9999.0 -9999.0 -9999.0 -9999.0 -9999.0 -9999.0 -9999.0 -9999.0 -9999.0 -9999.0 -9999.0 -9999.0 -9999.0 -9999.0 -9999.0 -9999.0 -9999.0 -9999.0 -9999.0 -9999.0 -9999.0 -9999.0 -9999.0 -9999.0 -9999.0 -9999.0 -9999.0 -9999.0 -9999.0 -9999.0 -9999.0 -9999.0 -9999.0 -9999.0 -9999.0 -9999.0 -9999.0 -9999.0 -9999.0 -9999.0 -9999.0 -9999.0 -9999.0 -9999.0 -9999.0 -9999.0 -9999.0 -9999.0 -9999.0 -9999.0 -9999.0 -9999.0 -9999.0 -9999.0 -9999.0 -9999.0 -9999.0 -9999.0 -9999.0 -9999.0 -9999.0 -9999.0 -9999.0
-9999.0 -9999.0 -9999.0 -9999.0 -9999.0 -9999.0 -9999.0 -9999.0 -9999.0 -9999.0 -9999.0 -9999.0 -9999.0 -9999.0 -9999.0 -9999.0 -9999.0 -9999.0 -9999.0 -9999.0 1752.671504 1755.368721 1734.571862 1702.209439 1675.823620 1679.694902 1715.590079 1758.585742 1799.263849 1810.451642 1794.177455 1798.889124 1795.840731 1794.623648 1797.266547 1805.254511 1811.120930 1822.479488 1831.265463 1831.322726 1826.022838 1822.023730 1823.797478 1826.558361 1831.885968 1818.920900 1832.227580 1846.100536 1849.265289 1842.868691 1814.808947 1798.222027 1787.119590 1769.089100 1791.850160 1801.341512 1821.978556 1824.175843 1820.614314 1792.409284 1761.537855 -9999.0 -9999.0 -9999.0 -9999.0 -9999.0 -9999.0 -9999.0 -9999.0 -9999.0 -9999.0 -9999.0 -9999.0 -9999.0 -9999.0 -9999.0 -9999.0 -9999.0 -9999.0 -9999.0
-9999.0 -9999.0 -9999.0 -9999.0 -9999.0 -9999.0 -9999.0 -9999.0 -9999.0 -9999.0 -9999.0 -9999.0 -9999.0 -9999.0 1658.391310 1650.103544 1648.782622 1658.419980 1693.108763 1724.440525 1736.653312 1730.352405 1731.840379 1709.606314 1690.124101 1705.614303 1737.307550 1770.661333 1807.039653 1828.564839 1819.571470 1819.177446 1829.499845 1854.043014 1866.080610 1863.812797 1845.499909 1869.985420 1885.776927 1894.068774 1894.426324 1886.778472 1898.923410 1914.160325 1906.817920 1889.413970 1895.250801 1906.523839 1916.281711 1902.391599 1838.491360 1819.333426 1812.744667 1804.287362 1788.074753 1780.293718 1804.423403 1802.050599 1792.094708 1772.688730 1738.547031 1693.379573 1673.387143 1711.051511 1753.168820 1808.701776 -9999.0 -9999.0 -9999.0 -9999.0 -9999.0 -9999.0 -9999.0 -9999.0 -9999.0 -9999.0 -9999.0 -9999.0 -9999.0 -9999.0
-9999.0 -9999.0 -9999.0 -9999.0 -9999.0 -9999.0 -9999.0 -9999.0 -9999.0 1596.545268 1602.490684 1611.097755 1615.132036 1632.180335 1630.575521 1639.181370 1647.044433 1676.001999 1708.306925 1744.455160 1774.002121 1766.807661 1768.661684 1778.706473 1781.259534 1794.047607 1817.650529 1859.578296 1898.890597 1940.474910 1912.898791 1911.997012 1932.217065 1978.211749 2008.274949 2013.917129 1996.052459 2007.971598 2033.342494 2054.542560 2054.718955 2052.589837 2078.249132 2092.665475 2090.811819 2069.266090 2059.316922 2060.241296 2084.756700 2031.967416 1964.333078 1916.052235 1921.342193 1891.804146 1855.511607 1835.805021 1831.717957 1849.713577 1833.277641 1794.759404 1757.515197 1744.408974 1725.166393 1741.432529 1761.876251 1806.074721 1843.414247 1870.285889 1867.956053 1849.287284 -9999.0 -9999.0 -9999.0 -9999.0 -9999.0 -9999.0 -9999.0 -9999.0 -9999.0 -9999.0
-9999.0 -9999.0 -9999.0 -9999.0 -9999.0 -9999.0 1515.642108 1526.524433 1548.326854 1553.556255 1580.826690 1589.307441 1611.389442 1632.098666 1655.788504 1673.283657 1704.008714 1738.279960 1779.741002 1823.269362 1856.334717 1851.526903 1863.136975 1892.269284 1929.463640 1957.368782 1984.044782 2025.911005 2103.409430 2146.424460 2151.617114 2157.364810 2168.147249 2218.087588 2282.212527 2295.527664 2275.172439 2261.335652 2283.200024 2320.827631 2325.782906 2327.974724 2341.104670 2351.473388 2376.966796 2365.615801 2324.747648 2311.507726 2310.820386 2290.928701 2226.035156 2162.917348 2131.241667 2079.573875 1994.989392 1942.092147 1951.638473 1970.017089 1940.254050 1884.944121 1843.693302 1831.857146 1815.206072 1801.108580 1806.541121 1824.021995 1843.969913 1853.204919 1838.044052 1814.936014 1790.815998 1760.711589 1761.510559 1785.749507 -9999.0 -9999.0 -9999.0 -9999.0 -9999.0 -9999.0
-9999.0 -9999.0 -9999.0 -9999.0 1464.103373 1478.049776 1466.368730 1493.425882 1527.724883 1563.677229 1596.306619 1633.953072 1662.590834 1694.534400 1735.383280 1768.640156 1810.284813 1846.897951 1902.225856 1971.005596 2022.747129 2046.161943 2062.432890 2121.217890 2183.228866 2236.037701 2258.464741 2287.817483 2335.057241 2396.608323 2424.550356 2431.778464 2450.142449 2488.302930 2538.551559 2573.506155 2556.534731 2548.109145 2555.458649 2568.583249 2592.952129 2595.211726 2597.774680 2600.957836 2605.969771 2603.676626 2577.193184 2542.235063 2526.028704 2515.190673 2482.009161 2410.885939 2371.827878 2339.488175 2300.657391 2246.289251 2185.524605 2172.480527 2113.455830 2053.683010 1992.164455 1971.389354 1940.532317 1914.367350 1885.242906 1886.130733 1887.926012 1865.217657 1830.198062 1795.842438 1779.081025 1758.756402 1746.085376 1775.124186 1791.625502 1820.886816 -9999.0 -9999.0 -9999.0 -9999.0
-9999.0 -9999.0 1402.838463 1451.303658 1509.641593 1519.321608 1519.613210 1526.884063 1557.288701 1611.299840 1685.543004 1734.474018 1775.711150 1812.017214 1872.729092 1949.566003 2020.820804 2070.644383 2133.716326 2206.380519 2270.102866 2303.796813 2321.454759 2363.073944 2419.269393 2484.592740 2513.119907 2541.151313 2575.754108 2612.246609 2619.248133 2633.088483 2642.963861 2648.853826 2657.243082 2660.365495 2654.854300 2648.433697 2628.969846 2624.441786 2631.584133 2638.363759 2639.373395 2625.787180 2621.772822 2635.417641 2639.572133 2637.726369 2635.931375 2642.370082 2643.331003 2601.130231 2568.616140 2551.459256 2537.812943 2491.451224 2425.008194 2384.304755 2359.725471 2313.782301 2235.047388 2184.975750 2134.580531 2086.712039 2034.291786 2004.213826 1957.055837 1912.984249 1864.448802 1816.184641 1790.923797 1771.696248 1767.862530 1766.151607 1781.242948 1795.391365 1809.865737 1817.185486 -9999.0 -9999.0
-9999.0 1297.107394 1369.571555 1495.400140 1576.397841 1620.879839 1648.294567 1668.303256 1699.241256 1730.699633 1832.775056 1912.630611 2003.989692 2045.065540 2096.478791 2194.829250 2291.786064 2341.147116 2382.822819 2443.644571 2507.422534 2558.252512 2588.600314 2592.307547 2629.202442 2648.101691 2653.183472 2658.191782 2656.443842 2649.134291 2641.368404 2647.503116 2643.268345 2623.465769 2606.592516 2602.757361 2596.161965 2569.932761 2538.737719 2522.220862 2523.612101 2547.872971 2534.636669 2513.720434 2510.037691 2531.964996 2553.543349 2545.184565 2533.528262 2553.181064 2589.119326 2612.979185 2621.131236 2638.439129 2659.128541 2632.386198 2605.555630 2562.026617 2540.231744 2509.861852 2450.049087 2388.731102 2332.869305 2271.209626 2204.707097 2138.005295 2074.165022 2011.090190 1943.945288 1901.291088 1869.059909 1818.668194 1797.773935 1798.613869 1788.853691 1784.694435 1789.396529 1795.109230 -9999.0 -9999.0
-9999.0 1211.851576 1353.637873 1537.065712 1685.604886 1741.442614 1833.945947 1909.182045 1936.687942 1904.495779 2013.217793 2233.721924 2345.934107 2367.639849 2443.832986 2538.261503 2549.904587 2584.650675 2609.389054 2625.908353 2639.389250 2652.271541 2652.158964 2647.835386 2633.373968 2625.502772 2623.626980 2620.042630 2601.440426 2581.060992 2562.297764 2556.586595 2535.148896 2487.576860 2452.870829 2433.848868 2414.967037 2394.740051 2361.880075 2333.423535 2316.156913 2329.796165 2324.898245 2308.661774 2305.130180 2327.503261 2360.010397 2358.399753 2370.067990 2393.057971 2433.508259 2474.566053 2498.457602 2530.295252 2569.319128 2616.059388 2630.649983 2652.934073 2656.667337 2639.524091 2593.380658 2538.170416 2502.132257 2437.752219 2364.364890 2284.549238 2218.360581 2154.594084 2083.924426 2037.149657 1989.750866 1931.697704 1878.840365 1857.804365 1817.839677 1798.190492 -9999.0 -9999.0 -9999.0 -9999.0
-9999.0 1125.842455 1311.572673 1564.739745 1847.651098 1949.172220 2155.323806 2283.416293 2339.066358 2410.557241 2363.159342 2531.534629 2578.431603 2577.635416 2584.497398 2591.379943 2609.065520 2613.500219 2611.273649 2602.397619 2594.289593 2590.891703 2589.908395 2582.167469 2569.181322 2553.060274 2537.319542 2522.656941 2482.994131 2448.036835 2409.036720 2392.557677 2350.114149 2255.994086 2212.629034 2174.249743 2114.750917 2109.074772 2104.997610 2075.951246 2055.570215 2031.913954 2055.891282 2062.843789 2066.330467 2067.917936 2083.859826 2111.215168 2158.801772 2196.872757 2241.958626 2295.472697 2332.437755 2377.246525 2423.538572 2480.483333 2515.425397 2548.213755 2598.694493 2638.409897 2661.966812 2649.084910 2622.090732 2572.473031 2498.041711 2429.942080 2378.214114 2302.739400 2237.462228 2184.058094 2136.737032 2084.574375 2019.187562 1944.631162 1903.208779 -9999.0 -9999.0 -9999.0 -9999.0 -9999.0
-9999.0 933.168850 1199.805458 1481.508531 1784.664481 2118.568145 2266.548323 2388.125884 2460.983693 2435.830617 2450.260018 2469.523876 2513.990026 2525.137315 2507.097360 2498.868427 2487.428962 2488.464249 2502.367652 2476.611423 2447.447885 2434.107414 2433.532131 2421.215940 2396.654797 2378.862304 2366.124170 2343.894259 2294.259715 2241.443092 2157.316890 2123.703092 2044.979579 1992.832181 1949.631845 1899.665693 1849.279443 1848.537497 1866.560583 1852.339721 1829.864740 1811.390825 1838.700140 1857.879764 1870.959378 1858.986650 1868.444657 1905.096769 1955.319360 2000.260536 2050.539616 2106.012372 2153.325400 2201.226103 2232.934134 2282.993675 2333.109678 2381.544126 2456.573113 2537.528079 2577.364895 2613.004112 2643.844302 2658.114684 2603.283032 2551.762811 2496.078965 2431.668678 2352.542498 2304.188191 2276.476368 2231.510231 2174.924280 -9999.0 -9999.0 -9999.0 -9999.0 -9999.0 -9999.0 -9999.0
-9999.0 811.069040 1022.357518 1240.863227 1515.631796 1752.524742 1957.329891 2063.162205 2142.826815 2191.372424 2233.945868 2271.193570 2303.039111 2327.788066 2308.707588 2268.886604 2240.570437 2245.764000 2240.796336 2218.091106 2189.175370 2174.494217 2171.252850 2163.890597 2139.171980 2124.366012 2112.867059 2089.075004 2056.198189 1999.966349 1921.496060 1847.400440 1787.331341 1757.849658 1729.159672 1697.222369 1663.277155 1673.279164 1684.891371 1681.768053 1671.922713 1669.571283 1698.573009 1717.896027 1728.209214 1717.438741 1737.184327 1763.930135 1805.573342 1849.358480 1899.019918 1954.606882 2008.957199 2038.206289 2051.626046 2076.275997 2115.923792 2170.373411 2256.888310 2352.855408 2432.736088 2482.463727 2534.090748 2568.823275 2581.732669 2588.002531 2560.877243 2481.364860 2381.271505 2363.585575 2359.131721 -9999.0 -9999.0 -9999.0 -9999.0 -9999.0 -9999.0 -9999.0 -9999.0 -9999.0
-9999.0 -9999.0 791.334920 961.862039 1088.860400 1264.361307 1413.320170 1523.833620 1617.310239 1739.409076 1849.918921 1937.146878 1982.689365 2000.977201 1988.341477 1957.949121 1938.644534 1939.064660 1928.835598 1919.290768 1900.582685 1892.884651 1880.821670 1871.987373 1862.457132 1856.987654 1851.118971 1839.271756 1817.292889 1770.749964 1724.098857 1673.647690 1621.208440 1595.837259 1574.132751 1553.094078 1552.473853 1547.791836 1552.886812 1554.386815 1561.661381 1574.477735 1594.368393 1616.642698 1626.642436 1636.191067 1648.889133 1672.851474 1706.106894 1748.877178 1803.411253 1861.959967 1902.592794 1915.968897 1906.675946 1911.828372 1931.907783 1974.171624 2053.739703 2137.368931 2233.919926 2306.027451 2378.121848 2430.429078 2446.254812 2460.341991 2473.666080 2424.828334 2294.612270 2318.269973 -9999.0 -9999.0 -9999.0 -9999.0 -9999.0 -9999.0 -9999.0 -9999.0 -9999.0 -9999.0
-9999.0 -9999.0 -9999.0 -9999.0 821.633527 974.737526 1072.290057 1155.234717 1285.675624 1408.530439 1510.186717 1594.397576 1658.006463 1684.994624 1682.554095 1690.900504 1687.617069 1681.244740 1671.505970 1671.691158 1671.651013 1664.238804 1649.199701 1641.593083 1642.470103 1647.245248 1644.074626 1629.818726 1611.278496 1589.788348 1570.394378 1536.344967 1500.763314 1471.538808 1458.264609 1452.784355 1452.342240 1444.993215 1453.402725 1460.867338 1476.086435 1491.209106 1514.880575 1544.031045 1558.114131 1573.113966 1582.989355 1603.574664 1634.266208 1688.006308 1751.919423 1810.432874 1847.237587 1852.397387 1828.668880 1813.834648 1810.579436 1838.838792 1883.520039 1950.189378 2051.875295 2125.496341 2182.247519 2226.441659 2258.423262 2303.602677 2353.160396 2386.443969 -9999.0 -9999.0 -9999.0 -9999.0 -9999.0 -9999.0 -9999.0 -9999.0 -9999.0 -9999.0 -9999.0 -9999.0
-9999.0 -9999.0 -9999.0 -9999.0 -9999.0 -9999.0 784.800475 887.286409 965.311618 1106.418971 1239.459850 1341.806300 1422.724944 1455.498139 1483.580899 1511.373917 1510.350591 1491.959827 1472.609866 1491.896164 1506.571381 1500.469162 1469.903255 1469.527444 1474.322321 1482.021516 1479.263372 1472.442630 1446.993250 1458.957971 1459.915732 1436.468445 1410.317540 1396.450041 1384.450111 1393.916539 1393.943656 1380.039303 1380.179116 1407.040294 1427.344174 1440.375367 1462.019946 1495.251048 1527.725471 1543.201017 1544.750133 1550.945645 1590.777143 1661.202687 1733.392194 1789.499219 1822.727942 1831.507999 1805.242649 1765.967185 1746.393349 1754.148357 1789.379622 1842.079042 1917.962367 1967.241020 1992.473606 2004.943511 2022.344847 2113.369603 -9999.0 -9999.0 -9999.0 -9999.0 -9999.0 -9999.0 -9999.0 -9999.0 -9999.0 -9999.0 -9999.0 -9999.0 -9999.0 -9999.0
-9999.0 -9999.0 -9999.0 -9999.0 -9999.0 -9999.0 -9999.0 -9999.0 -9999.0 -9999.0 -9999.0 -9999.0 -9999.0 -9999.0 -9999.0 -9999.0 -9999.0 -9999.0 -9999.0 -9999.0 -9999.0 -9999.0 -9999.0 -9999.0 -9999.0 -9999.0 -9999.0 -9999.0 -9999.0 -9999.0 -9999.0 -9999.0 -9999.0 -9999.0 -9999.0 -9999.0 -9999.0 -9999.0 -9999.0 -9999.0 -9999.0 -9999.0 -9999.0 -9999.0 -9999.0 -9999.0 -9999.0 -9999.0 -9999.0 -9999.0 -9999.0 -9999.0 -9999.0 -9999.0 -9999.0 -9999.0 -9999.0 -9999.0 -9999.0 -9999.0 -9999.0 -9999.0 -9999.0 -9999.0 -9999.0 -9999.0 -9999.0 -9999.0 -9999.0 -9999.0 -9999.0 -9999.0 -9999.0 -9999.0 -9999.0 -9999.0 -9999.0 -9999.0 -9999.0 -9999.0
-9999.0 -9999.0 -9999.0 -9999.0 -9999.0 -9999.0 -9999.0 -9999.0 -9999.0 -9999.0 -9999.0 -9999.0 -9999.0 -9999.0 -9999.0 -9999.0 -9999.0 -9999.0 -9999.0 -9999.0 -9999.0 -9999.0 -9999.0 -9999.0 -9999.0 -9999.0 -9999.0 -9999.0 -9999.0 -9999.0 -9999.0 -9999.0 -9999.0 -9999.0 -9999.0 -9999.0 -9999.0 -9999.0 -9999.0 -9999.0 -9999.0 -9999.0 -9999.0 -9999.0 -9999.0 -9999.0 -9999.0 -9999.0 -9999.0 -9999.0 -9999.0 -9999.0 -9999.0 -9999.0 -9999.0 -9999.0 -9999.0 -9999.0 -9999.0 -9999.0 -9999.0 -9999.0 -9999.0 -9999.0 -9999.0 -9999.0 -9999.0 -9999.0 -9999.0 -9999.0 -9999.0 -9999.0 -9999.0 -9999.0 -9999.0 -9999.0 -9999.0 -9999.0 -9999.0 -9999.0