Borden_/Borden1m_014/output_maps/psiliqL0030N0025.asc
ncols         80
nrows         18
xllcorner     620200.000000
yllcorner     5168000.000000
cellsize      1.000000
NODATA_value  -9999.0
-9999.0 -9999.0 -9999.0 -9999.0 -9999.0 -9999.0 -9999.0 -9999.0 -9999.0 -9999.0 -9999.0 -9999.0 -9999.0 -9999.0 -9999.0 -9999.0 -9999.0 -9999.0 -9999.0 -9999.0 -9999.0 -9999.0 -9999.0 -9999.0 -9999.0 -9999.0 -9999.0 -9999.0 -9999.0 -9999.0 -9999.0 -9999.0 -9999.0 -9999.0 -9999.0 -9999.0 -9999.0 -9999.0 -9999.0 -9999.0 -9999.0 -9999.0 -9999.0 -9999.0 -9999.0 -9999.0 -9999.0 -9999.0 -9999.0 -9999.0 -9999.0 -9999.0 -9999.0 -9999.0 -9999.0 -9999.0 -9999.0 -9999.0 -9999.0 -9999.0 -9999.0 -9999.0 -9999.0 -9999.0 -9999.0 -9999.0 -9999.0 -9999.0 -9999.0 -9999.0 -9999.0 -9999.0 -9999.0 -9999.0 -9999.0 -9999.0 -9999.0 -9999.0 -9999.0 -9999.0
-9999.0 -9999.0 -9999.0 -9999.0 -9999.0 -9999.0 -9999.0 -9999.0 -9999.0 -9999.0 -9999.0 -9999.0 -9999.0 -9999.0 -9999.0 -9999.0 -9999.0 -9999.0 -9999.0 -9999.0 -9999.0 -9999.0 -9999.0 -9999.0 -9999.0 -9999.0 -9999.0 -9999.0 -9999.0 -9999.0 -9999.0 -9999.0 -9999.0 -9999.0 -9999.0 -9999.0 -9999.0 -9999.0 -9999.0 -9999.0 -9999.0 -9999.0 -9999.0 -9999.0 -9999.0 -9999.0 -9999.0 -9999.0 -9999.0 -9999.0 -9999.0 -9999.0 -9999.0 -9999.0 -9999.0 -9999.0 -9999.0 -9999.0 -9999.0 -9999.0 -9999.0 -9999.0 -9999.0 -9999.0 -9999.0 -9999.0 -9999.0 -9999.0 -9999.0 -9999.0 -9999.0 -9999.0 -9999.0 -9999.0 -9999.0 -9999.0 -9999.0 -9999.0 -9999.0 -9999.0
-9999.0 -9999.0 -9999.0 -9999.0 -9999.0 -9999.0 -9999.0 -9999.0 -9999.0 -9999.0 -9999.0 -9999.0 -9999.0 -9999.0 -9999.0 -9999.0 -9999.0 -9999.0 -9999.0 -9999.0 4125.027928 4125.473020 4103.914312 4069.588295 4041.142748 4042.732647 4074.992603 4115.309438 4154.114104 4160.523312 4140.880580 4144.947020 4140.397519 4134.671200 4134.012792 4141.942920 4149.271043 4158.425452 4164.892758 4161.977999 4154.219649 4149.256869 4152.640432 4153.781909 4160.343756 4144.603138 4161.235233 4177.830638 4182.270957 4180.165652 4157.295972 4146.392654 4138.668343 4123.075518 4150.400158 4162.124390 4185.975040 4190.906954 4188.983124 4162.538658 4132.620606 -9999.0 -9999.0 -9999.0 -9999.0 -9999.0 -9999.0 -9999.0 -9999.0 -9999.0 -9999.0 -9999.0 -9999.0 -9999.0 -9999.0 -9999.0 -9999.0 -9999.0 -9999.0 -9999.0
-9999.0 -9999.0 -9999.0 -9999.0 -9999.0 -9999.0 -9999.0 -9999.0 -9999.0 -9999.0 -9999.0 -9999.0 -9999.0 -9999.0 4035.000093 4026.423962 4023.348841 4030.081695 4061.997947 4092.103924 4103.449378 4095.784446 4095.304551 4069.958679 4046.102715 4057.981108 4087.005265 4116.864112 4149.684411 4165.904202 4154.855160 4151.914338 4157.700473 4175.111526 4181.353504 4177.308625 4160.262307 4184.831364 4197.218742 4200.290789 4197.893761 4187.620970 4194.965212 4208.429481 4201.239856 4186.503231 4199.319225 4215.276298 4225.388541 4218.912887 4162.465815 4152.791448 4150.002814 4146.979405 4134.410127 4131.619669 4161.296483 4161.054557 4154.509678 4137.867861 4104.657934 4059.399478 4040.691911 4082.368417 4126.370634 4182.765366 -9999.0 -9999.0 -9999.0 -9999.0 -9999.0 -9999.0 -9999.0 -9999.0 -9999.0 -9999.0 -9999.0 -9999.0 -9999.0 -9999.0
-9999.0 -9999.0 -9999.0 -9999.0 -9999.0 -9999.0 -9999.0 -9999.0 -9999.0 3977.611814 3983.922297 3990.575445 3992.884377 4007.576682 4003.703357 4010.243748 4012.900067 4039.957657 4068.610122 4101.281497 4127.368397 4117.827243 4115.694361 4117.176057 4108.161691 4114.281010 4134.111426 4169.665569 4198.223878 4231.857772 4196.695995 4190.818789 4207.730595 4247.039828 4266.567155 4266.582978 4247.592730 4267.364391 4290.552183 4304.264476 4300.057240 4293.008179 4319.778394 4335.768614 4326.790418 4304.159411 4306.500161 4316.350423 4346.866558 4295.706752 4228.984256 4194.449108 4214.083278 4195.533231 4173.463145 4165.534220 4167.649984 4188.385204 4177.937060 4145.266674 4113.217971 4101.499786 4085.220232 4108.039023 4132.098243 4178.989805 4219.657478 4250.077113 4249.605767 4232.553553 -9999.0 -9999.0 -9999.0 -9999.0 -9999.0 -9999.0 -9999.0 -9999.0 -9999.0 -9999.0
-9999.0 -9999.0 -9999.0 -9999.0 -9999.0 -9999.0 3899.163636 3909.854785 3930.533082 3932.139038 3958.716591 3962.973213 3980.891844 3997.023358 4018.519124 4029.708326 4052.631348 4081.269918 4115.338041 4150.811506 4176.683671 4162.758518 4166.691741 4182.299282 4204.731044 4220.125967 4242.293098 4280.165041 4352.635369 4388.416574 4376.312210 4376.033262 4384.001664 4435.287994 4499.621953 4509.077563 4488.154329 4475.729598 4501.171212 4540.023427 4536.121810 4534.718712 4549.585332 4561.237334 4588.333517 4576.068424 4540.157430 4537.386969 4547.024802 4520.985467 4447.907803 4391.918707 4377.344227 4329.598298 4244.305434 4205.009945 4234.932303 4266.120452 4246.724463 4198.287525 4168.548922 4164.876930 4155.242036 4150.717319 4165.503405 4189.918208 4214.497116 4229.322185 4217.884546 4197.240265 4176.099438 4148.277690 4151.332081 4176.321412 -9999.0 -9999.0 -9999.0 -9999.0 -9999.0 -9999.0
-9999.0 -9999.0 -9999.0 -9999.0 3850.083952 3862.705327 3846.629246 3872.857644 3904.159815 3937.143036 3962.776967 3992.397528 4013.857024 4039.073962 4069.402993 4086.855429 4115.576182 4143.434128 4188.519981 4247.710939 4290.164178 4300.544376 4307.864479 4357.930250 4413.776166 4459.755391 4478.619563 4505.361125 4554.317034 4611.664449 4633.328420 4635.190449 4652.236441 4698.976405 4759.189239 4795.456647 4777.159069 4767.446982 4779.314409 4795.158190 4817.343271 4817.349223 4818.519735 4823.521626 4832.355688 4829.803446 4801.437418 4767.184222 4753.910583 4742.959194 4700.732290 4626.093079 4597.785845 4567.012953 4518.713808 4462.077951 4420.109216 4426.283060 4370.336205 4313.844717 4266.880859 4262.899412 4245.288742 4231.687489 4217.476386 4232.611942 4246.797655 4232.923071 4203.205046 4174.587899 4162.240797 4145.119480 4133.722974 4165.368064 4183.435683 4212.643696 -9999.0 -9999.0 -9999.0 -9999.0
-9999.0 -9999.0 3791.602997 3835.350061 3892.015718 3896.720817 3886.952722 3888.268901 3913.422568 3961.252486 4019.053129 4051.543925 4075.838681 4105.427292 4153.589478 4210.412354 4267.682801 4309.988388 4369.462518 4440.351989 4499.902305 4525.895388 4533.690108 4570.348305 4627.178081 4700.560389 4730.169268 4757.930805 4791.748146 4830.780721 4815.582990 4825.159627 4839.126809 4855.634187 4874.067440 4883.054984 4877.518339 4872.765768 4853.805236 4848.007484 4854.368088 4863.625349 4861.705727 4846.524590 4842.516948 4858.042097 4865.131018 4862.472732 4858.596769 4862.701047 4855.091427 4802.682615 4792.206209 4775.850821 4762.188139 4714.197056 4645.070284 4614.296885 4590.761425 4547.407240 4472.666204 4438.190216 4400.287974 4367.652617 4332.436528 4322.916900 4293.066470 4262.378697 4224.765806 4184.815397 4166.639101 4153.370228 4153.506009 4154.253936 4172.497117 4188.269945 4204.352613 4212.478874 -9999.0 -9999.0
-9999.0 3679.239890 3749.320204 3868.595197 3944.958381 3978.610986 3978.610577 3974.659087 3999.098278 4034.500091 4115.894391 4153.410260 4236.244670 4276.278649 4315.457901 4405.757463 4503.741665 4549.279255 4590.872796 4659.327081 4728.967114 4777.903543 4805.177185 4772.872189 4815.626763 4852.342777 4862.769854 4871.485662 4873.261065 4864.570317 4858.811133 4865.198920 4861.844408 4841.848227 4824.999585 4822.947209 4819.359574 4795.326728 4767.234104 4750.925183 4751.503030 4777.367773 4763.585228 4741.856329 4737.298007 4759.510953 4782.235355 4771.066736 4757.666437 4774.500893 4810.147828 4837.185237 4835.178745 4854.605171 4875.931015 4845.459823 4826.476431 4780.513183 4762.871685 4736.850770 4677.876065 4622.801088 4573.780240 4525.574137 4473.973850 4427.191993 4380.171155 4333.384480 4281.243998 4249.037588 4225.793581 4184.920988 4174.494983 4182.145572 4178.219924 4177.008553 4183.710716 4190.338291 -9999.0 -9999.0
-9999.0 3576.344053 3713.324453 3887.609636 4028.004294 4062.699403 4110.993840 4160.397810 4171.378553 4108.258016 4210.734632 4432.164804 4566.112291 4586.832552 4666.748088 4767.800576 4739.059285 4772.248764 4797.343643 4830.115709 4856.324771 4873.060815 4871.965679 4867.497456 4850.471028 4842.341410 4841.317153 4839.021129 4820.982594 4801.451608 4784.214909 4780.455661 4761.374318 4708.555617 4674.085769 4655.195118 4633.418238 4620.846668 4594.506926 4567.747434 4549.698001 4557.692526 4557.916508 4545.717046 4541.338410 4558.569050 4589.638204 4589.461898 4603.973521 4624.160023 4659.856920 4699.676636 4719.376305 4749.340865 4785.740286 4836.288798 4843.121010 4866.081744 4868.372518 4860.723186 4812.096256 4758.963506 4728.869331 4672.161465 4612.390516 4550.496540 4500.691573 4455.705212 4399.812191 4366.761351 4328.550055 4275.145232 4235.051204 4231.395759 4199.223705 4188.011533 -9999.0 -9999.0 -9999.0 -9999.0
-9999.0 3464.402282 3639.605799 3870.069229 4171.628298 4231.587931 4437.857637 4553.355901 4590.695104 4661.489726 4509.465023 4743.116555 4804.911901 4802.236122 4826.358942 4830.931212 4846.225047 4845.072658 4839.952784 4828.570530 4818.476532 4813.513147 4812.617077 4804.605205 4791.751835 4776.871497 4764.631634 4752.586211 4714.633350 4681.588315 4639.572277 4626.278997 4577.621353 4483.646366 4444.954341 4403.809539 4339.539279 4343.795391 4355.229296 4331.891409 4311.482542 4279.850104 4312.523327 4326.058547 4331.306385 4324.219754 4331.899866 4363.757184 4414.616934 4450.056011 4489.070844 4537.962883 4569.439783 4609.165802 4648.541055 4701.651629 4734.010647 4763.505629 4814.465328 4851.966698 4875.143027 4859.767676 4843.136306 4796.004550 4734.770602 4684.828844 4654.738077 4602.733378 4558.627239 4515.361812 4468.803466 4415.999456 4354.256838 4307.630699 4274.942780 -9999.0 -9999.0 -9999.0 -9999.0 -9999.0
-9999.0 3223.812938 3485.193569 3740.895363 4000.530638 4352.791361 4546.246271 4635.732835 4701.819049 4693.945086 4725.971109 4730.046084 4768.165299 4776.804643 4755.639315 4740.571088 4721.241225 4720.150511 4733.366034 4705.190016 4673.846682 4659.902363 4660.940536 4650.278479 4625.681645 4610.854429 4601.703597 4582.375919 4538.997136 4487.169639 4400.316910 4361.995383 4279.847857 4246.100222 4211.244523 4164.102771 4120.946910 4128.453468 4155.541481 4148.287636 4127.969432 4111.500826 4142.069862 4164.383419 4178.283713 4160.556912 4166.834633 4201.483201 4248.009662 4288.681520 4332.289417 4380.289369 4423.075177 4461.465233 4480.386814 4517.963749 4560.677670 4602.934576 4674.390454 4755.604307 4793.465688 4829.353867 4856.819510 4879.376440 4835.612810 4810.571660 4785.889957 4761.261168 4713.791022 4667.669802 4627.047608 4560.363321 4500.750025 -9999.0 -9999.0 -9999.0 -9999.0 -9999.0 -9999.0 -9999.0
-9999.0 3116.801241 3297.970825 3471.749155 3704.793743 3933.623044 4171.581863 4261.646628 4333.794698 4421.388411 4484.337817 4525.438733 4551.294369 4573.760670 4551.449217 4503.018058 4469.559287 4474.949511 4464.138396 4444.018650 4416.692094 4404.213280 4401.088114 4396.805596 4376.333020 4367.062949 4360.947000 4343.410371 4319.692243 4266.373470 4196.617465 4121.703014 4069.794719 4054.510995 4034.273918 4009.496639 3986.344572 4000.771933 4013.288911 4014.797144 4010.120881 4011.806002 4040.836034 4061.217765 4070.598919 4060.350266 4078.483149 4100.635740 4136.361633 4175.189850 4219.442548 4269.175174 4317.351966 4335.802589 4335.251839 4343.402116 4369.030562 4411.203620 4487.197232 4574.104542 4655.450952 4702.481731 4754.439878 4795.889344 4825.777399 4847.532337 4872.388097 4867.326009 4839.810960 4805.496826 4744.655562 -9999.0 -9999.0 -9999.0 -9999.0 -9999.0 -9999.0 -9999.0 -9999.0 -9999.0
-9999.0 -9999.0 3074.135577 3213.154712 3288.479497 3439.448642 3575.177757 3680.191653 3787.813243 3942.328770 4073.324678 4172.575501 4221.373176 4237.405426 4224.397415 4198.369028 4183.047994 4182.448943 4169.993075 4165.544242 4153.616404 4149.360448 4136.869636 4129.760002 4128.305216 4129.780598 4128.768152 4121.828866 4107.095114 4067.641108 4035.480986 3993.908355 3950.533869 3930.889933 3914.892065 3900.493793 3907.555193 3902.601485 3908.418022 3912.327420 3923.566651 3938.735517 3957.877520 3981.086861 3990.824843 4001.785902 4012.047846 4032.917154 4061.794134 4101.477835 4152.421020 4207.031868 4242.448195 4248.092685 4227.972040 4220.341449 4225.351115 4251.205855 4310.649827 4378.049575 4470.050772 4537.109528 4604.645954 4662.032655 4689.678110 4726.099750 4798.824676 4847.037900 4892.591489 4870.015512 -9999.0 -9999.0 -9999.0 -9999.0 -9999.0 -9999.0 -9999.0 -9999.0 -9999.0 -9999.0
-9999.0 -9999.0 -9999.0 -9999.0 3068.365411 3208.390024 3302.317820 3376.383331 3510.839284 3645.057608 3753.061909 3842.837738 3916.058494 3942.922180 3947.349940 3970.144289 3971.215809 3960.589420 3949.183978 3957.121787 3965.200158 3959.841385 3941.962086 3936.971389 3943.332468 3953.922418 3953.912921 3943.032864 3926.570627 3918.156875 3910.532219 3883.405594 3854.690403 3829.965032 3820.475981 3820.409939 3822.077754 3814.784912 3823.800592 3834.239560 3851.002843 3866.338223 3889.818193 3919.985605 3935.261078 3949.896695 3957.837824 3975.265656 4003.246636 4054.213726 4115.587501 4172.143622 4206.136821 4205.781439 4176.332256 4153.145117 4138.435831 4153.506789 4179.281123 4226.725990 4315.105933 4376.974715 4419.892025 4456.716259 4493.103195 4560.544034 4659.057375 4742.417863 -9999.0 -9999.0 -9999.0 -9999.0 -9999.0 -9999.0 -9999.0 -9999.0 -9999.0 -9999.0 -9999.0 -9999.0
-9999.0 -9999.0 -9999.0 -9999.0 -9999.0 -9999.0 3046.300965 3152.711815 3210.002111 3368.853732 3521.542004 3632.235934 3717.622651 3756.451189 3795.050916 3827.900263 3830.010307 3808.878467 3785.692296 3809.565566 3832.209275 3825.895079 3792.507337 3795.879906 3805.421424 3814.660256 3813.854094 3810.442761 3788.719188 3811.036221 3820.308897 3800.969057 3778.925256 3769.708901 3760.540469 3772.418452 3773.907540 3760.131209 3758.889809 3788.172195 3810.172494 3823.107613 3843.766326 3877.027374 3909.587388 3925.439540 3925.890468 3929.594170 3964.346542 4031.675466 4102.636704 4157.982170 4189.049898 4193.152105 4161.645407 4115.874203 4088.633582 4085.710529 4107.760861 4144.191559 4203.084344 4237.337994 4244.204338 4240.390729 4249.213400 4351.886965 -9999.0 -9999.0 -9999.0 -9999.0 -9999.0 -9999.0 -9999.0 -9999.0 -9999.0 -9999.0 -9999.0 -9999.0 -9999.0 -9999.0
-9999.0 -9999.0 -9999.0 -9999.0 -9999.0 -9999.0 -9999.0 -9999.0 -9999.0 -9999.0 -9999.0 -9999.0 -9999.0 -9999.0 -9999.0 -9999.0 -9999.0 -9999.0 -9999.0 -9999.0 -9999.0 -9999.0 -9999.0 -9999.0 -9999.0 -9999.0 -9999.0 -9999.0 -9999.0 -9999.0 -9999.0 -9999.0 -9999.0 -9999.0 -9999.0 -9999.0 -9999.0 -9999.0 -9999.0 -9999.0 -9999.0 -9999.0 -9999.0 -9999.0 -9999.0 -9999.0 -9999.0 -9999.0 -9999.0 -9999.0 -9999.0 -9999.0 -9999.0 -9999.0 -9999.0 -9999.0 -9999.0 -9999.0 -9999.0 -9999.0 -9999.0 -9999.0 -9999.0 -9999.0 -9999.0 -9999.0 -9999.0 -9999.0 -9999.0 -9999.0 -9999.0 -9999.0 -9999.0 -9999.0 -9999.0 -9999.0 -9999.0 -9999.0 -9999.0 -9999.0
-9999.0 -9999.0 -9999.0 -9999.0 -9999.0 -9999.0 -9999.0 -9999.0 -9999.0 -9999.0 -9999.0 -9999.0 -9999.0 -9999.0 -9999.0 -9999.0 -9999.0 -9999.0 -9999.0 -9999.0 -9999.0 -9999.0 -9999.0 -9999.0 -9999.0 -9999.0 -9999.0 -9999.0 -9999.0 -9999.0 -9999.0 -9999.0 -9999.0 -9999.0 -9999.0 -9999.0 -9999.0 -9999.0 -9999.0 -9999.0 -9999.0 -9999.0 -9999.0 -9999.0 -9999.0 -9999.0 -9999.0 -9999.0 -9999.0 -9999.0 -9999.0 -9999.0 -9999.0 -9999.0 -9999.0 -9999.0 -9999.0 -9999.0 -9999.0 -9999.0 -9999.0 -9999.0 -9999.0 -9999.0 -9999.0 -9999.0 -9999.0 -9999.0 -9999.0 -9999.0 -9999.0 -9999.0 -9999.0 -9999.0 -9999.0 -9999.0 -9999.0 -9999.0 -9999.0 -9999.0