Borden_/Borden1m_014/output_maps/psiliqL0022N0002.asc
ncols         80
nrows         18
xllcorner     620200.000000
yllcorner     5168000.000000
cellsize      1.000000
NODATA_value  -9999.0
-9999.0 -9999.0 -9999.0 -9999.0 -9999.0 -9999.0 -9999.0 -9999.0 -9999.0 -9999.0 -9999.0 -9999.0 -9999.0 -9999.0 -9999.0 -9999.0 -9999.0 -9999.0 -9999.0 -9999.0 -9999.0 -9999.0 -9999.0 -9999.0 -9999.0 -9999.0 -9999.0 -9999.0 -9999.0 -9999.0 -9999.0 -9999.0 -9999.0 -9999.0 -9999.0 -9999.0 -9999.0 -9999.0 -9999.0 -9999.0 -9999.0 -9999.0 -9999.0 -9999.0 -9999.0 -9999.0 -9999.0 -9999.0 -9999.0 -9999.0 -9999.0 -9999.0 -9999.0 -9999.0 -9999.0 -9999.0 -9999.0 -9999.0 -9999.0 -9999.0 -9999.0 -9999.0 -9999.0 -9999.0 -9999.0 -9999.0 -9999.0 -9999.0 -9999.0 -9999.0 -9999.0 -9999.0 -9999.0 -9999.0 -9999.0 -9999.0 -9999.0 -9999.0 -9999.0 -9999.0
-9999.0 -9999.0 -9999.0 -9999.0 -9999.0 -9999.0 -9999.0 -9999.0 -9999.0 -9999.0 -9999.0 -9999.0 -9999.0 -9999.0 -9999.0 -9999.0 -9999.0 -9999.0 -9999.0 -9999.0 -9999.0 -9999.0 -9999.0 -9999.0 -9999.0 -9999.0 -9999.0 -9999.0 -9999.0 -9999.0 -9999.0 -9999.0 -9999.0 -9999.0 -9999.0 -9999.0 -9999.0 -9999.0 -9999.0 -9999.0 -9999.0 -9999.0 -9999.0 -9999.0 -9999.0 -9999.0 -9999.0 -9999.0 -9999.0 -9999.0 -9999.0 -9999.0 -9999.0 -9999.0 -9999.0 -9999.0 -9999.0 -9999.0 -9999.0 -9999.0 -9999.0 -9999.0 -9999.0 -9999.0 -9999.0 -9999.0 -9999.0 -9999.0 -9999.0 -9999.0 -9999.0 -9999.0 -9999.0 -9999.0 -9999.0 -9999.0 -9999.0 -9999.0 -9999.0 -9999.0
-9999.0 -9999.0 -9999.0 -9999.0 -9999.0 -9999.0 -9999.0 -9999.0 -9999.0 -9999.0 -9999.0 -9999.0 -9999.0 -9999.0 -9999.0 -9999.0 -9999.0 -9999.0 -9999.0 -9999.0 2530.702088 2532.350902 2510.837801 2477.288835 2449.629574 2452.036905 2485.831298 2526.843751 2565.799899 2574.511371 2556.562320 2560.745141 2556.945107 2553.765545 2554.964988 2562.616394 2568.813237 2578.722301 2585.945228 2584.036660 2576.883332 2571.633048 2573.246316 2575.191318 2581.176566 2568.011631 2583.450168 2599.491896 2604.079064 2600.019234 2574.478571 2560.638460 2551.535296 2535.305476 2560.613668 2571.871445 2594.353474 2598.238120 2595.934641 2568.919122 2538.762112 -9999.0 -9999.0 -9999.0 -9999.0 -9999.0 -9999.0 -9999.0 -9999.0 -9999.0 -9999.0 -9999.0 -9999.0 -9999.0 -9999.0 -9999.0 -9999.0 -9999.0 -9999.0 -9999.0
-9999.0 -9999.0 -9999.0 -9999.0 -9999.0 -9999.0 -9999.0 -9999.0 -9999.0 -9999.0 -9999.0 -9999.0 -9999.0 -9999.0 2440.252844 2431.360288 2428.700677 2436.540158 2469.533840 2499.880084 2511.601252 2504.403779 2504.616818 2480.737666 2459.217597 2472.831634 2502.697270 2533.407421 2567.215448 2585.980536 2575.834110 2574.427792 2583.107861 2605.661046 2615.426115 2612.084348 2593.368945 2617.814073 2631.602603 2636.896744 2634.956644 2625.193614 2634.717357 2648.995302 2642.079523 2626.605850 2636.229208 2650.381241 2661.350344 2650.885988 2589.704863 2574.500642 2570.067589 2564.584702 2550.818457 2545.995857 2572.949542 2571.843979 2563.804655 2546.147191 2512.928169 2467.968124 2448.980159 2488.705711 2532.224097 2588.602750 -9999.0 -9999.0 -9999.0 -9999.0 -9999.0 -9999.0 -9999.0 -9999.0 -9999.0 -9999.0 -9999.0 -9999.0 -9999.0 -9999.0
-9999.0 -9999.0 -9999.0 -9999.0 -9999.0 -9999.0 -9999.0 -9999.0 -9999.0 2382.446326 2388.043120 2395.287622 2397.957767 2413.441039 2410.471549 2417.555684 2422.686939 2449.981842 2480.096904 2514.254161 2541.705217 2533.117312 2532.475611 2538.831584 2536.998816 2547.036435 2568.481303 2607.562642 2640.732505 2678.592051 2648.475856 2646.291191 2665.662179 2709.395196 2735.465027 2738.577960 2720.000827 2734.089976 2757.640820 2774.628477 2771.366103 2765.810753 2789.717582 2804.137321 2800.508320 2780.233634 2777.294317 2783.002171 2810.824069 2759.593847 2692.752528 2649.305418 2660.006692 2636.156085 2606.118568 2590.757618 2589.629655 2609.593287 2596.046889 2560.178421 2525.901524 2514.009019 2496.536962 2515.889998 2538.561191 2584.591576 2623.893810 2653.095227 2652.500047 2635.151381 -9999.0 -9999.0 -9999.0 -9999.0 -9999.0 -9999.0 -9999.0 -9999.0 -9999.0 -9999.0
-9999.0 -9999.0 -9999.0 -9999.0 -9999.0 -9999.0 2303.540867 2313.933056 2334.773160 2338.199186 2364.465238 2370.509470 2390.263364 2408.417899 2430.237767 2444.310576 2470.977011 2501.933965 2539.388426 2579.144387 2609.371317 2599.764436 2608.161292 2631.134070 2663.373581 2687.316767 2712.110763 2751.252767 2784.576311 2820.547668 2816.438887 2817.741135 2825.934727 2875.160721 2938.486030 2950.390561 2929.991391 2916.423612 2938.425050 2974.522503 2974.121616 2973.060310 2983.919191 2994.026611 3020.571697 3010.859071 2975.853405 2968.544954 2973.018325 2953.183363 2888.080505 2830.564858 2809.113181 2800.773276 2718.568890 2671.075314 2687.561311 2710.461054 2685.156087 2634.358498 2597.469348 2589.343352 2576.001634 2566.297891 2576.330125 2597.728368 2620.717921 2633.382406 2620.955419 2599.937702 2577.871734 2549.620719 2552.110897 2577.237436 -9999.0 -9999.0 -9999.0 -9999.0 -9999.0 -9999.0
-9999.0 -9999.0 -9999.0 -9999.0 2253.688172 2266.594511 2252.774522 2278.841366 2311.355305 2345.363990 2374.325428 2408.047061 2432.926084 2461.222388 2496.647502 2522.594573 2557.758670 2589.409920 2640.123062 2705.101911 2752.903988 2770.417584 2782.112826 2794.520367 2850.413058 2897.788713 2916.021332 2940.896741 2982.972098 3038.453576 3061.001456 3064.425704 3081.197572 3121.557123 3174.532177 3208.659826 3191.550540 3183.090828 3191.721409 3204.753042 3226.858094 3226.975130 3228.050878 3231.486687 3238.186187 3237.065191 3211.936048 3179.205371 3166.545246 3157.146574 3122.572784 3052.741783 3021.207752 2993.992839 2957.030735 2905.184491 2854.043713 2851.589510 2798.707286 2780.656665 2725.087221 2710.243561 2684.396846 2663.711409 2641.818426 2649.390350 2657.407256 2639.836148 2608.641672 2577.924457 2564.227067 2546.334594 2535.301328 2566.268861 2584.229728 2614.141618 -9999.0 -9999.0 -9999.0 -9999.0
-9999.0 -9999.0 2194.843017 2241.042194 2297.767048 2304.605559 2300.371588 2304.608240 2332.259215 2382.940773 2450.148015 2491.151779 2524.743503 2557.101128 2612.767949 2679.598024 2743.356984 2787.709535 2807.220546 2874.454207 2932.607969 2959.705162 2969.201209 3002.818351 3055.510677 3120.959249 3147.633017 3172.994771 3203.080594 3237.422169 3235.152369 3246.744108 3257.885530 3267.557653 3279.665191 3285.262180 3280.932272 3276.450302 3258.208379 3253.539370 3260.125610 3267.134385 3266.889902 3252.628353 3248.685885 3263.252479 3268.785663 3267.174670 3265.195517 3270.741627 3268.769530 3223.707783 3200.311012 3186.012239 3175.924456 3131.280310 3066.622138 3033.116370 3013.434985 2975.227385 2903.194307 2863.707354 2823.672322 2787.909769 2773.522411 2752.719575 2714.021150 2677.654822 2635.475649 2592.307027 2571.235222 2555.757417 2554.893440 2555.574252 2573.095167 2588.918450 2604.872157 2612.951273 -9999.0 -9999.0
-9999.0 2087.418797 2158.511033 2281.059340 2358.842174 2397.855959 2414.331588 2424.963151 2452.827871 2484.632370 2576.864824 2639.701010 2725.484812 2765.117929 2811.322849 2856.821134 2947.329684 2987.764863 3024.115730 3083.474920 3145.712131 3191.139024 3216.620175 3205.031565 3241.736138 3265.364739 3271.475878 3277.014962 3275.522763 3267.161703 3260.050072 3266.953042 3264.299609 3245.754731 3230.282916 3228.764618 3225.505692 3202.747490 3175.673803 3160.863929 3162.895350 3187.144250 3174.540191 3153.441880 3149.137108 3170.366855 3190.660439 3180.344706 3167.410158 3183.774461 3217.546273 3240.703675 3244.509426 3262.289899 3283.228063 3255.383137 3232.052567 3189.936620 3173.636127 3148.722417 3093.650672 3039.140786 2991.985875 2944.134186 2891.467218 2841.152387 2793.490388 2762.290255 2703.654475 2667.150040 2640.068996 2594.615492 2579.200406 2584.684802 2578.895883 2577.370866 2584.170836 2590.799347 -9999.0 -9999.0
-9999.0 1996.160032 2135.582198 2314.346689 2457.694904 2503.341858 2577.922927 2643.552044 2665.273142 2621.384654 2726.150134 2900.057363 3009.926826 3024.216223 3095.488033 3184.958529 3177.541556 3207.191953 3228.668067 3248.256768 3264.125705 3276.263758 3273.978093 3268.185434 3252.146113 3244.245385 3243.485997 3241.533836 3224.664992 3206.185277 3189.741280 3187.095506 3170.123845 3123.581931 3091.473487 3075.252153 3058.719299 3044.585493 3016.623709 2991.376577 2977.062189 2988.747655 2985.256256 2971.470782 2967.021002 2985.108311 3015.788231 3012.257319 3021.608008 3040.681886 3075.862599 3112.511436 3131.358489 3159.672285 3194.562264 3240.248469 3250.725489 3272.688323 3276.189838 3263.250913 3218.554032 3168.482238 3139.752647 3085.703146 3026.448846 2965.605873 2917.633196 2873.336749 2819.014311 2784.462692 2751.747393 2696.123508 2649.650777 2637.918595 2603.388359 2588.791144 -9999.0 -9999.0 -9999.0 -9999.0
-9999.0 1901.368936 2082.635804 2326.065816 2611.782746 2694.620307 2881.467323 2992.773223 3031.992915 3095.586739 3005.801301 3187.152511 3231.775684 3224.665668 3232.784468 3234.723883 3248.080825 3247.904889 3242.866490 3232.187685 3223.064364 3218.851873 3217.644002 3209.820934 3197.404673 3183.026439 3171.437553 3160.560191 3125.114381 3094.203208 3057.524698 3045.790903 3004.961991 2916.129060 2877.616229 2841.551186 2784.064344 2785.172969 2789.343744 2801.880015 2783.286620 2756.470621 2783.404594 2793.458121 2796.943496 2793.450653 2804.919611 2794.321812 2839.123377 2872.179934 2910.636693 2957.412504 2986.067424 3024.455654 3064.413616 3115.784053 3145.750585 3173.996407 3220.932782 3257.467453 3279.766505 3266.952832 3246.601079 3204.200889 3145.010181 3096.350446 3068.535143 3019.653916 2976.992411 2933.426035 2887.398208 2835.054687 2777.940691 2718.512972 2683.218198 -9999.0 -9999.0 -9999.0 -9999.0 -9999.0
-9999.0 1692.679037 1956.521299 2227.257306 2511.723054 2837.978959 2988.095575 3085.860360 3146.077679 3120.129162 3135.103320 3143.576087 3179.639804 3185.571914 3163.959051 3151.272017 3135.277118 3134.189741 3147.108503 3120.574869 3091.381137 3078.620562 3079.395524 3068.680559 3045.575806 3030.687785 3021.333201 3003.747477 2961.900032 2913.544694 2832.637903 2802.046607 2764.204300 2720.516917 2680.860479 2631.978253 2583.125025 2585.644619 2607.915816 2597.089250 2576.187008 2558.729965 2587.187564 2607.939808 2620.772768 2605.767576 2612.679739 2646.083981 2693.216464 2735.176715 2781.651961 2798.878614 2839.229085 2878.611675 2901.020290 2941.652939 2982.144196 3022.755883 3091.271599 3166.722190 3200.682827 3234.027285 3264.292672 3285.548582 3243.564918 3216.080190 3193.344154 3171.097272 3126.245963 3081.675126 3041.218511 2978.790416 2919.393553 -9999.0 -9999.0 -9999.0 -9999.0 -9999.0 -9999.0 -9999.0
-9999.0 1575.578709 1775.907245 1977.520908 2234.967389 2464.369282 2675.792186 2773.023267 2821.352171 2877.721820 2923.206845 2957.718344 2982.842023 3003.475056 2980.635429 2937.671105 2906.716927 2911.313389 2904.161258 2882.592454 2854.944817 2841.946503 2839.897571 2834.986881 2813.545466 2802.853501 2795.940667 2813.300138 2786.252752 2732.101473 2656.919732 2582.427849 2527.205231 2503.905137 2479.033583 2450.214123 2420.771915 2432.759931 2444.950617 2444.313023 2436.728906 2435.982686 2464.971229 2484.126769 2493.622053 2482.250209 2500.362399 2524.144026 2562.179317 2603.104773 2649.166295 2700.045809 2750.248668 2774.405683 2782.386777 2800.772495 2794.601248 2838.059742 2913.933481 2997.818590 3071.587283 3115.378369 3164.853088 3203.334347 3229.737509 3257.658717 3277.646766 3268.870730 3244.466161 3212.079693 3155.484306 -9999.0 -9999.0 -9999.0 -9999.0 -9999.0 -9999.0 -9999.0 -9999.0 -9999.0
-9999.0 -9999.0 1547.162606 1705.912375 1813.392348 1977.701035 2118.909430 2224.699823 2320.933843 2453.812505 2570.772877 2662.032212 2706.902144 2723.797113 2711.180505 2683.493741 2665.683825 2665.611380 2654.377807 2646.174728 2629.163605 2621.609325 2607.182788 2598.189382 2591.158004 2588.481877 2585.348846 2577.347748 2559.442796 2516.594755 2475.884559 2429.747747 2381.263027 2358.895429 2339.981337 2321.867325 2324.426462 2320.174114 2325.964295 2328.720487 2337.637639 2351.398751 2371.034722 2393.537721 2403.086918 2412.517757 2423.580790 2445.451124 2475.964287 2516.041811 2567.669972 2623.427524 2660.544208 2669.720801 2655.434592 2654.938984 2667.625843 2702.835652 2773.937378 2807.618491 2894.515244 2958.136992 3023.411994 3077.784950 3103.427249 3139.768601 3207.500865 3255.342744 3294.724014 3272.495114 -9999.0 -9999.0 -9999.0 -9999.0 -9999.0 -9999.0 -9999.0 -9999.0 -9999.0 -9999.0
-9999.0 -9999.0 -9999.0 -9999.0 1562.360492 1709.770954 1804.506366 1882.832134 2013.052965 2138.576845 2241.506151 2326.227026 2391.924184 2418.546669 2418.258285 2431.498230 2429.631736 2421.690047 2411.165561 2413.636429 2415.928332 2408.748853 2392.344839 2385.466510 2388.336595 2395.578811 2394.317412 2382.315759 2365.640256 2349.623400 2335.188028 2304.484385 2272.250257 2245.399858 2234.126886 2231.070410 2231.861295 2224.988494 2233.989486 2242.768074 2258.717800 2274.006626 2297.575387 2326.845167 2341.007126 2355.410647 2363.989888 2382.683215 2411.516402 2463.106507 2524.777603 2580.961364 2615.448735 2617.177267 2589.774254 2570.413379 2561.407646 2582.987099 2619.539778 2676.375835 2771.068347 2798.468361 2845.198132 2885.134384 2921.245536 2983.511766 3074.297209 3153.558980 -9999.0 -9999.0 -9999.0 -9999.0 -9999.0 -9999.0 -9999.0 -9999.0 -9999.0 -9999.0 -9999.0 -9999.0
-9999.0 -9999.0 -9999.0 -9999.0 -9999.0 -9999.0 1528.865109 1631.684443 1701.826396 1847.670923 1986.042103 2090.084455 2171.492243 2205.529789 2236.870609 2266.201918 2266.089538 2246.621059 2225.782649 2246.333906 2263.386352 2256.985827 2225.462902 2226.385631 2233.024870 2241.744277 2240.363626 2235.567420 2212.318817 2228.675828 2233.318553 2212.137227 2188.209537 2176.604889 2166.216773 2177.058490 2178.066978 2164.632251 2164.669053 2192.633518 2213.680403 2226.747440 2248.018603 2281.092513 2313.310780 2328.492116 2329.106778 2333.737424 2370.938663 2439.279201 2509.824353 2564.291846 2595.382373 2601.065658 2571.516237 2528.353002 2504.341386 2506.296470 2534.311910 2578.379530 2646.255773 2687.960552 2706.517720 2715.250137 2732.797341 2783.556368 -9999.0 -9999.0 -9999.0 -9999.0 -9999.0 -9999.0 -9999.0 -9999.0 -9999.0 -9999.0 -9999.0 -9999.0 -9999.0 -9999.0
-9999.0 -9999.0 -9999.0 -9999.0 -9999.0 -9999.0 -9999.0 -9999.0 -9999.0 -9999.0 -9999.0 -9999.0 -9999.0 -9999.0 -9999.0 -9999.0 -9999.0 -9999.0 -9999.0 -9999.0 -9999.0 -9999.0 -9999.0 -9999.0 -9999.0 -9999.0 -9999.0 -9999.0 -9999.0 -9999.0 -9999.0 -9999.0 -9999.0 -9999.0 -9999.0 -9999.0 -9999.0 -9999.0 -9999.0 -9999.0 -9999.0 -9999.0 -9999.0 -9999.0 -9999.0 -9999.0 -9999.0 -9999.0 -9999.0 -9999.0 -9999.0 -9999.0 -9999.0 -9999.0 -9999.0 -9999.0 -9999.0 -9999.0 -9999.0 -9999.0 -9999.0 -9999.0 -9999.0 -9999.0 -9999.0 -9999.0 -9999.0 -9999.0 -9999.0 -9999.0 -9999.0 -9999.0 -9999.0 -9999.0 -9999.0 -9999.0 -9999.0 -9999.0 -9999.0 -9999.0
-9999.0 -9999.0 -9999.0 -9999.0 -9999.0 -9999.0 -9999.0 -9999.0 -9999.0 -9999.0 -9999.0 -9999.0 -9999.0 -9999.0 -9999.0 -9999.0 -9999.0 -9999.0 -9999.0 -9999.0 -9999.0 -9999.0 -9999.0 -9999.0 -9999.0 -9999.0 -9999.0 -9999.0 -9999.0 -9999.0 -9999.0 -9999.0 -9999.0 -9999.0 -9999.0 -9999.0 -9999.0 -9999.0 -9999.0 -9999.0 -9999.0 -9999.0 -9999.0 -9999.0 -9999.0 -9999.0 -9999.0 -9999.0 -9999.0 -9999.0 -9999.0 -9999.0 -9999.0 -9999.0 -9999.0 -9999.0 -9999.0 -9999.0 -9999.0 -9999.0 -9999.0 -9999.0 -9999.0 -9999.0 -9999.0 -9999.0 -9999.0 -9999.0 -9999.0 -9999.0 -9999.0 -9999.0 -9999.0 -9999.0 -9999.0 -9999.0 -9999.0 -9999.0 -9999.0 -9999.0