Borden_/Borden1m_014/output_maps/psiliqL0026N0030.asc
ncols         80
nrows         18
xllcorner     620200.000000
yllcorner     5168000.000000
cellsize      1.000000
NODATA_value  -9999.0
-9999.0 -9999.0 -9999.0 -9999.0 -9999.0 -9999.0 -9999.0 -9999.0 -9999.0 -9999.0 -9999.0 -9999.0 -9999.0 -9999.0 -9999.0 -9999.0 -9999.0 -9999.0 -9999.0 -9999.0 -9999.0 -9999.0 -9999.0 -9999.0 -9999.0 -9999.0 -9999.0 -9999.0 -9999.0 -9999.0 -9999.0 -9999.0 -9999.0 -9999.0 -9999.0 -9999.0 -9999.0 -9999.0 -9999.0 -9999.0 -9999.0 -9999.0 -9999.0 -9999.0 -9999.0 -9999.0 -9999.0 -9999.0 -9999.0 -9999.0 -9999.0 -9999.0 -9999.0 -9999.0 -9999.0 -9999.0 -9999.0 -9999.0 -9999.0 -9999.0 -9999.0 -9999.0 -9999.0 -9999.0 -9999.0 -9999.0 -9999.0 -9999.0 -9999.0 -9999.0 -9999.0 -9999.0 -9999.0 -9999.0 -9999.0 -9999.0 -9999.0 -9999.0 -9999.0 -9999.0
-9999.0 -9999.0 -9999.0 -9999.0 -9999.0 -9999.0 -9999.0 -9999.0 -9999.0 -9999.0 -9999.0 -9999.0 -9999.0 -9999.0 -9999.0 -9999.0 -9999.0 -9999.0 -9999.0 -9999.0 -9999.0 -9999.0 -9999.0 -9999.0 -9999.0 -9999.0 -9999.0 -9999.0 -9999.0 -9999.0 -9999.0 -9999.0 -9999.0 -9999.0 -9999.0 -9999.0 -9999.0 -9999.0 -9999.0 -9999.0 -9999.0 -9999.0 -9999.0 -9999.0 -9999.0 -9999.0 -9999.0 -9999.0 -9999.0 -9999.0 -9999.0 -9999.0 -9999.0 -9999.0 -9999.0 -9999.0 -9999.0 -9999.0 -9999.0 -9999.0 -9999.0 -9999.0 -9999.0 -9999.0 -9999.0 -9999.0 -9999.0 -9999.0 -9999.0 -9999.0 -9999.0 -9999.0 -9999.0 -9999.0 -9999.0 -9999.0 -9999.0 -9999.0 -9999.0 -9999.0
-9999.0 -9999.0 -9999.0 -9999.0 -9999.0 -9999.0 -9999.0 -9999.0 -9999.0 -9999.0 -9999.0 -9999.0 -9999.0 -9999.0 -9999.0 -9999.0 -9999.0 -9999.0 -9999.0 -9999.0 3325.283530 3326.169261 3304.374643 3270.094676 3241.633707 3243.192510 3275.788595 3316.056922 3354.493653 3361.525730 3342.134503 3345.652849 3340.938975 3336.141530 3336.074383 3343.593185 3350.052606 3359.564358 3366.326938 3363.850369 3356.363714 3351.255099 3353.767630 3355.308197 3361.576270 3347.134693 3363.192506 3379.334806 3384.165248 3381.644884 3358.380400 3346.750163 3339.086950 3323.838391 3350.718351 3362.674795 3386.312256 3391.230159 3389.542419 3363.205342 3333.351488 -9999.0 -9999.0 -9999.0 -9999.0 -9999.0 -9999.0 -9999.0 -9999.0 -9999.0 -9999.0 -9999.0 -9999.0 -9999.0 -9999.0 -9999.0 -9999.0 -9999.0 -9999.0 -9999.0
-9999.0 -9999.0 -9999.0 -9999.0 -9999.0 -9999.0 -9999.0 -9999.0 -9999.0 -9999.0 -9999.0 -9999.0 -9999.0 -9999.0 3235.519102 3226.609829 3223.467548 3230.421845 3262.533860 3292.484048 3304.008494 3296.295811 3295.809088 3270.725912 3247.465383 3259.602255 3288.478860 3318.369304 3351.166020 3367.956204 3356.545857 3353.562831 3360.071062 3378.895515 3386.462828 3382.587283 3365.066239 3388.923442 3401.851567 3405.948118 3403.745591 3393.744896 3402.268211 3416.128789 3409.047349 3393.930436 3405.117039 3420.312033 3431.229324 3423.482328 3366.198580 3354.754749 3352.121309 3348.678556 3336.200444 3332.896070 3361.774643 3361.872877 3355.176675 3338.475434 3305.606803 3260.692714 3242.259778 3283.398151 3327.523972 3384.156191 -9999.0 -9999.0 -9999.0 -9999.0 -9999.0 -9999.0 -9999.0 -9999.0 -9999.0 -9999.0 -9999.0 -9999.0 -9999.0 -9999.0
-9999.0 -9999.0 -9999.0 -9999.0 -9999.0 -9999.0 -9999.0 -9999.0 -9999.0 3179.046856 3184.255059 3190.894381 3193.001394 3207.755544 3204.206507 3210.710666 3214.194896 3240.893845 3269.776516 3302.670269 3329.066775 3319.321620 3317.468460 3320.680808 3314.332883 3321.440973 3341.159262 3376.973685 3407.429704 3442.016288 3408.001036 3402.678342 3419.768441 3460.496330 3482.897457 3484.408191 3465.608176 3482.406287 3505.645246 3520.904440 3517.145906 3510.914215 3536.794597 3552.002140 3545.611941 3524.074366 3523.284294 3531.176310 3560.696058 3510.362970 3444.918472 3407.486276 3424.184506 3403.845328 3378.830288 3368.816384 3370.197838 3391.136616 3380.096253 3347.028037 3314.451817 3303.334016 3287.185951 3308.946202 3332.867307 3379.780321 3420.129663 3450.350877 3450.164501 3433.184273 -9999.0 -9999.0 -9999.0 -9999.0 -9999.0 -9999.0 -9999.0 -9999.0 -9999.0 -9999.0
-9999.0 -9999.0 -9999.0 -9999.0 -9999.0 -9999.0 3100.675454 3110.998777 3131.465284 3133.759123 3159.861940 3164.629793 3182.091371 3198.629640 3219.755759 3231.788199 3255.896293 3284.935110 3319.996381 3356.647772 3383.145976 3370.901500 3375.415849 3393.843948 3419.521216 3437.510412 3459.505939 3496.684858 3568.362558 3604.228075 3596.099414 3596.585864 3604.639344 3654.869094 3718.680200 3729.361605 3708.696198 3695.696560 3719.415604 3756.888715 3754.736434 3753.501686 3766.741150 3777.621056 3804.441738 3793.452782 3757.622978 3752.592166 3759.649876 3736.733445 3667.675636 3610.961528 3592.976145 3546.622595 3463.760608 3421.843679 3446.615151 3475.284747 3454.421155 3405.724945 3374.399660 3369.810144 3359.592692 3353.612983 3366.943162 3390.556409 3415.131077 3429.565068 3418.188708 3397.769850 3376.490895 3348.641321 3351.543193 3376.670404 -9999.0 -9999.0 -9999.0 -9999.0 -9999.0 -9999.0
-9999.0 -9999.0 -9999.0 -9999.0 3051.507348 3064.062758 3048.803569 3074.506225 3105.872942 3138.808630 3165.511617 3195.364811 3217.537009 3243.264304 3275.286389 3296.035953 3326.899252 3355.468265 3401.458074 3461.647971 3505.056283 3517.618232 3525.522654 3575.957978 3631.796545 3678.431799 3696.944124 3722.725578 3768.640866 3825.055317 3847.161041 3849.803932 3866.712521 3910.261888 3966.855475 4002.058011 3984.354571 3975.268675 3985.517677 3999.955381 4022.100448 4022.161940 4023.285278 4027.504129 4035.270905 4033.434291 4006.686504 3973.194580 3960.222885 3950.048175 3911.648241 3839.413608 3809.493358 3780.492260 3737.508433 3683.299996 3636.784963 3638.681907 3584.292329 3529.592804 3480.480479 3473.415416 3453.952432 3438.798776 3422.258045 3435.271210 3447.863152 3433.369272 3403.899389 3375.075892 3362.491508 3345.282869 3334.261275 3365.682207 3383.743107 3413.341009 -9999.0 -9999.0 -9999.0 -9999.0
-9999.0 -9999.0 2993.152691 3037.979599 3094.433485 3099.790215 3092.161521 3094.081938 3119.458035 3167.612219 3227.583020 3263.138341 3290.582475 3319.818552 3369.117862 3429.754467 3488.621260 3530.501261 3588.074958 3657.099319 3715.910985 3742.433963 3751.050014 3786.579380 3841.340169 3910.755066 3938.895907 3965.457196 3997.414338 4034.101414 4025.367645 4035.951840 4048.506139 4061.595887 4076.866281 4084.158543 4079.225273 4074.608003 4056.006773 4050.773390 4057.246819 4065.379830 4064.297781 4049.576438 4045.601380 4060.647257 4066.958309 4064.823672 4061.896112 4066.721305 4061.930450 4013.195172 3996.258585 3980.931503 3969.051422 3922.734207 3855.842225 3823.703078 3802.094774 3760.963656 3687.624921 3650.694694 3611.774442 3577.608988 3540.743360 3528.265207 3496.508723 3464.908286 3426.687696 3386.374429 3367.740315 3353.843777 3353.789615 3354.705216 3372.692530 3388.532426 3404.585415 3412.702630 -9999.0 -9999.0
-9999.0 2884.984391 2955.696017 3074.557013 3151.200855 3186.079588 3192.889036 3194.380274 3218.337709 3249.619591 3334.631868 3382.406952 3464.530441 3501.508032 3541.434092 3630.968508 3725.188787 3768.511260 3807.490580 3871.396778 3937.334832 3984.521065 4010.898443 3988.951848 4028.681415 4058.853725 4067.122830 4074.250275 4074.391879 4065.865971 4059.430568 4066.075948 4063.071971 4043.801448 4027.641219 4025.855885 4022.432601 3999.037075 3971.448567 3955.889293 3957.193771 3982.255983 3969.057547 3947.643827 3943.212289 3964.933747 3986.447869 3975.705693 3962.533093 3979.137648 4013.847022 4038.944430 4039.844057 4058.447508 4079.579508 4050.421448 4029.264470 3985.224872 3968.248896 3942.781874 3885.759264 3830.967394 3782.880042 3734.570516 3682.494919 3633.998534 3586.707850 3539.819404 3487.008904 3454.577633 3430.653713 3388.385418 3376.162942 3383.008106 3378.401065 3377.118039 3383.906520 3390.554309 -9999.0 -9999.0
-9999.0 2788.035724 2926.324874 3100.598214 3241.203195 3279.900156 3339.163835 3392.885410 3405.473159 3349.360511 3449.444384 3665.830986 3788.010451 3805.513449 3881.104980 3976.379369 3958.300219 3989.720334 4013.005826 4039.186207 4060.225205 4074.662255 4072.971852 4067.841407 4051.308534 4043.293362 4042.401539 4040.277444 4022.823761 4003.818414 3986.978066 3983.775558 3965.744050 3916.063995 3882.775273 3865.219612 3846.065005 3832.712498 3805.561742 3779.550776 3762.972117 3773.209540 3771.575674 3758.194401 3753.779485 3771.827793 3802.702566 3800.856309 3812.787291 3832.417476 3867.856045 3906.089940 3925.362996 3954.501739 3990.151247 4038.268606 4046.923220 4069.385004 4072.281148 4061.987018 4015.325112 3963.717698 3934.306500 3878.928516 3819.416548 3757.773396 3708.964874 3664.398095 3609.350664 3575.581330 3536.696514 3483.443482 3441.073809 3434.002532 3400.980768 3388.246096 -9999.0 -9999.0 -9999.0 -9999.0
-9999.0 2691.426267 2863.251227 3097.634035 3389.583966 3459.010999 3659.579968 3773.060380 3811.337811 3878.533060 3757.623161 3965.134388 4018.343775 4013.450873 4029.571678 4032.827519 4047.152907 4046.488740 4041.409609 4030.379080 4020.770419 4016.182479 4015.130507 4007.213040 3994.578228 3979.948937 3968.029253 3956.568198 3919.869152 3887.891547 3848.544697 3836.031534 3791.281302 3699.530661 3660.962694 3622.389477 3561.539908 3564.240346 3572.044630 3548.335214 3528.786190 3500.497371 3530.260272 3541.168860 3545.403999 3540.699237 3550.149022 3578.805006 3626.630875 3660.862399 3699.570788 3747.373757 3777.750629 3816.807450 3856.473651 3908.713557 3939.875874 3968.745746 4017.699024 4054.717043 4077.454733 4063.360221 4044.868662 4000.102688 3939.885997 3890.586120 3861.634262 3811.192618 3767.752459 3724.369982 3678.081085 3625.512853 3564.260067 3512.169156 3478.592567 -9999.0 -9999.0 -9999.0 -9999.0 -9999.0
-9999.0 2467.205353 2730.940752 2983.877947 3254.286601 3595.342968 3767.168410 3860.792115 3923.946502 3907.034661 3930.534277 3936.807684 3973.902534 3981.188257 3959.794890 3945.917018 3928.254600 3927.165561 3940.232763 3912.878090 3882.609771 3869.257503 3870.164221 3859.475827 3835.625159 3820.767680 3811.515026 3793.051652 3750.098627 3700.046240 3616.205490 3581.778750 3503.343834 3465.464140 3429.609349 3383.187019 3339.489138 3345.539882 3370.392991 3361.898746 3341.481310 3324.742961 3354.214238 3374.909068 3388.123081 3371.787426 3378.287199 3412.413665 3458.490252 3498.499692 3541.886962 3589.393096 3630.946460 3669.799470 3690.423039 3729.478331 3771.407678 3812.841519 3882.826706 3961.158365 3997.074230 4031.690543 4060.556061 4082.462484 4039.588838 4013.325908 3989.617045 3966.178761 3920.019998 3874.673841 3834.133581 3769.577002 3710.059322 -9999.0 -9999.0 -9999.0 -9999.0 -9999.0 -9999.0 -9999.0
-9999.0 2355.392994 2547.766998 2737.985549 2969.235014 3195.991944 3417.341566 3507.390776 3577.422400 3649.345250 3703.527604 3741.301974 3767.060565 3788.609657 3766.033384 3719.992186 3687.786535 3692.782969 3683.808847 3662.978405 3635.510079 3622.791067 3620.225012 3615.643170 3594.698717 3584.728890 3578.220288 3560.546888 3535.658965 3483.448309 3412.920097 3340.673855 3287.922937 3269.505097 3247.833531 3221.858793 3196.123321 3209.939410 3222.876564 3223.327708 3217.291175 3217.846287 3246.888172 3266.781986 3276.200552 3265.348072 3283.360571 3306.121421 3342.540103 3381.142272 3425.231131 3474.710241 3522.541309 3542.097031 3543.660536 3554.552127 3581.585385 3624.358744 3700.235999 3785.958195 3863.515339 3908.925624 3959.641679 3999.611819 4027.757430 4052.595510 4075.017427 4068.098400 4042.138640 4008.788311 3950.071227 -9999.0 -9999.0 -9999.0 -9999.0 -9999.0 -9999.0 -9999.0 -9999.0 -9999.0
-9999.0 -9999.0 2322.339184 2473.747231 2569.062396 2731.102242 2851.998449 2957.217967 3049.134726 3188.587976 3310.695227 3403.810757 3450.050172 3465.591656 3451.842733 3423.772503 3406.848297 3406.471318 3394.803157 3388.866344 3375.058148 3370.159296 3358.751537 3351.750493 3348.400968 3348.483135 3346.903615 3339.527300 3323.781356 3283.517465 3248.069064 3205.008121 3161.330489 3140.838174 3123.819366 3107.947295 3113.061799 3108.720604 3114.721778 3118.128164 3128.251675 3142.744524 3162.129508 3184.035994 3193.633890 3203.782372 3214.356445 3235.565378 3264.976044 3304.548624 3355.286089 3409.361423 3444.628069 3450.858852 3432.245109 3426.552840 3433.912929 3461.944665 3524.216997 3592.592206 3681.994017 3747.285100 3814.025676 3869.905425 3896.549247 3932.931366 4003.162783 4051.190389 4093.657926 4071.255431 -9999.0 -9999.0 -9999.0 -9999.0 -9999.0 -9999.0 -9999.0 -9999.0 -9999.0 -9999.0
-9999.0 -9999.0 -9999.0 -9999.0 2334.362096 2481.025324 2578.584362 2658.662885 2794.042312 2897.336544 2992.637534 3078.808270 3147.699670 3171.790640 3173.105388 3190.645086 3190.048141 3180.777286 3169.989700 3175.514857 3181.159641 3175.496784 3160.789836 3155.398379 3160.469868 3169.748570 3169.407726 3158.226407 3142.003053 3130.220605 3119.647604 3091.131006 3060.996467 3035.574292 3025.450911 3024.105978 3025.507867 3018.559445 3027.658889 3037.266515 3053.647138 3068.975042 3092.512841 3122.247978 3136.970662 3151.480713 3159.712133 3177.698245 3205.125187 3256.126645 3317.305967 3373.310456 3406.680935 3406.595142 3377.510797 3355.250538 3342.140713 3358.844658 3387.219327 3437.156701 3525.780342 3587.497831 3632.297822 3670.647942 3706.878662 3772.026006 3866.676768 3947.990065 -9999.0 -9999.0 -9999.0 -9999.0 -9999.0 -9999.0 -9999.0 -9999.0 -9999.0 -9999.0 -9999.0 -9999.0
-9999.0 -9999.0 -9999.0 -9999.0 -9999.0 -9999.0 2312.443652 2418.920559 2485.806738 2641.503353 2789.824381 2867.427910 2950.704305 2987.082874 3010.830432 3041.497908 3042.366544 3022.082812 3000.202607 3022.636396 3042.784594 3036.773269 3004.646407 3007.129846 3015.523086 3024.758541 3023.893139 3020.017990 2997.799043 3017.437893 3024.706780 3004.731317 2982.055763 2977.317845 2967.375095 2978.521290 2979.581440 2965.819277 2965.076692 2989.702836 3011.191885 3024.201930 3045.176736 3078.358048 3110.751613 3126.263394 3126.778091 3130.905908 3166.795973 3233.722242 3304.204110 3358.805512 3389.313669 3393.618137 3362.442518 3317.192119 3290.540666 3288.752106 3312.234420 3350.629575 3410.985571 3446.507991 3456.577218 3456.530803 3467.886852 3567.501572 -9999.0 -9999.0 -9999.0 -9999.0 -9999.0 -9999.0 -9999.0 -9999.0 -9999.0 -9999.0 -9999.0 -9999.0 -9999.0 -9999.0
-9999.0 -9999.0 -9999.0 -9999.0 -9999.0 -9999.0 -9999.0 -9999.0 -9999.0 -9999.0 -9999.0 -9999.0 -9999.0 -9999.0 -9999.0 -9999.0 -9999.0 -9999.0 -9999.0 -9999.0 -9999.0 -9999.0 -9999.0 -9999.0 -9999.0 -9999.0 -9999.0 -9999.0 -9999.0 -9999.0 -9999.0 -9999.0 -9999.0 -9999.0 -9999.0 -9999.0 -9999.0 -9999.0 -9999.0 -9999.0 -9999.0 -9999.0 -9999.0 -9999.0 -9999.0 -9999.0 -9999.0 -9999.0 -9999.0 -9999.0 -9999.0 -9999.0 -9999.0 -9999.0 -9999.0 -9999.0 -9999.0 -9999.0 -9999.0 -9999.0 -9999.0 -9999.0 -9999.0 -9999.0 -9999.0 -9999.0 -9999.0 -9999.0 -9999.0 -9999.0 -9999.0 -9999.0 -9999.0 -9999.0 -9999.0 -9999.0 -9999.0 -9999.0 -9999.0 -9999.0
-9999.0 -9999.0 -9999.0 -9999.0 -9999.0 -9999.0 -9999.0 -9999.0 -9999.0 -9999.0 -9999.0 -9999.0 -9999.0 -9999.0 -9999.0 -9999.0 -9999.0 -9999.0 -9999.0 -9999.0 -9999.0 -9999.0 -9999.0 -9999.0 -9999.0 -9999.0 -9999.0 -9999.0 -9999.0 -9999.0 -9999.0 -9999.0 -9999.0 -9999.0 -9999.0 -9999.0 -9999.0 -9999.0 -9999.0 -9999.0 -9999.0 -9999.0 -9999.0 -9999.0 -9999.0 -9999.0 -9999.0 -9999.0 -9999.0 -9999.0 -9999.0 -9999.0 -9999.0 -9999.0 -9999.0 -9999.0 -9999.0 -9999.0 -9999.0 -9999.0 -9999.0 -9999.0 -9999.0 -9999.0 -9999.0 -9999.0 -9999.0 -9999.0 -9999.0 -9999.0 -9999.0 -9999.0 -9999.0 -9999.0 -9999.0 -9999.0 -9999.0 -9999.0 -9999.0 -9999.0