Borden_/Borden1m_014/output_maps/psiliqL0026N0025.asc
ncols         80
nrows         18
xllcorner     620200.000000
yllcorner     5168000.000000
cellsize      1.000000
NODATA_value  -9999.0
-9999.0 -9999.0 -9999.0 -9999.0 -9999.0 -9999.0 -9999.0 -9999.0 -9999.0 -9999.0 -9999.0 -9999.0 -9999.0 -9999.0 -9999.0 -9999.0 -9999.0 -9999.0 -9999.0 -9999.0 -9999.0 -9999.0 -9999.0 -9999.0 -9999.0 -9999.0 -9999.0 -9999.0 -9999.0 -9999.0 -9999.0 -9999.0 -9999.0 -9999.0 -9999.0 -9999.0 -9999.0 -9999.0 -9999.0 -9999.0 -9999.0 -9999.0 -9999.0 -9999.0 -9999.0 -9999.0 -9999.0 -9999.0 -9999.0 -9999.0 -9999.0 -9999.0 -9999.0 -9999.0 -9999.0 -9999.0 -9999.0 -9999.0 -9999.0 -9999.0 -9999.0 -9999.0 -9999.0 -9999.0 -9999.0 -9999.0 -9999.0 -9999.0 -9999.0 -9999.0 -9999.0 -9999.0 -9999.0 -9999.0 -9999.0 -9999.0 -9999.0 -9999.0 -9999.0 -9999.0
-9999.0 -9999.0 -9999.0 -9999.0 -9999.0 -9999.0 -9999.0 -9999.0 -9999.0 -9999.0 -9999.0 -9999.0 -9999.0 -9999.0 -9999.0 -9999.0 -9999.0 -9999.0 -9999.0 -9999.0 -9999.0 -9999.0 -9999.0 -9999.0 -9999.0 -9999.0 -9999.0 -9999.0 -9999.0 -9999.0 -9999.0 -9999.0 -9999.0 -9999.0 -9999.0 -9999.0 -9999.0 -9999.0 -9999.0 -9999.0 -9999.0 -9999.0 -9999.0 -9999.0 -9999.0 -9999.0 -9999.0 -9999.0 -9999.0 -9999.0 -9999.0 -9999.0 -9999.0 -9999.0 -9999.0 -9999.0 -9999.0 -9999.0 -9999.0 -9999.0 -9999.0 -9999.0 -9999.0 -9999.0 -9999.0 -9999.0 -9999.0 -9999.0 -9999.0 -9999.0 -9999.0 -9999.0 -9999.0 -9999.0 -9999.0 -9999.0 -9999.0 -9999.0 -9999.0 -9999.0
-9999.0 -9999.0 -9999.0 -9999.0 -9999.0 -9999.0 -9999.0 -9999.0 -9999.0 -9999.0 -9999.0 -9999.0 -9999.0 -9999.0 -9999.0 -9999.0 -9999.0 -9999.0 -9999.0 -9999.0 3325.241816 3326.125945 3304.328840 3270.045702 3241.581014 3243.135755 3275.727744 3315.992300 3354.425154 3361.453256 3342.057993 3345.572183 3340.854160 3336.054582 3335.983531 3343.498640 3349.952754 3359.464669 3366.225487 3363.747220 3356.259165 3351.149538 3353.661463 3355.201746 3361.469953 3347.028978 3363.088840 3379.323285 3384.155544 3381.634446 3358.290901 3346.665440 3339.008421 3323.765674 3350.650919 3362.612432 3386.305157 3391.224506 3389.536647 3363.160946 3333.308206 -9999.0 -9999.0 -9999.0 -9999.0 -9999.0 -9999.0 -9999.0 -9999.0 -9999.0 -9999.0 -9999.0 -9999.0 -9999.0 -9999.0 -9999.0 -9999.0 -9999.0 -9999.0 -9999.0
-9999.0 -9999.0 -9999.0 -9999.0 -9999.0 -9999.0 -9999.0 -9999.0 -9999.0 -9999.0 -9999.0 -9999.0 -9999.0 -9999.0 3235.485655 3226.574334 3223.428887 3230.379506 3262.487887 3292.435207 3303.959201 3296.243842 3295.754030 3270.666956 3247.401834 3259.533742 3288.405620 3318.294298 3351.087119 3367.872972 3356.458169 3353.470496 3359.975023 3378.882794 3386.450820 3382.573264 3364.953731 3388.908745 3401.838140 3405.934445 3403.731711 3393.730877 3402.254152 3416.114687 3409.033249 3393.916394 3405.103111 3420.299788 3431.217506 3423.469707 3366.095867 3354.657828 3352.031481 3348.595067 3336.122681 3332.821168 3361.705169 3361.811565 3355.120519 3338.421668 3305.555851 3260.643188 3242.213931 3283.356481 3327.486330 3384.152603 -9999.0 -9999.0 -9999.0 -9999.0 -9999.0 -9999.0 -9999.0 -9999.0 -9999.0 -9999.0 -9999.0 -9999.0 -9999.0 -9999.0
-9999.0 -9999.0 -9999.0 -9999.0 -9999.0 -9999.0 -9999.0 -9999.0 -9999.0 3178.855817 3184.220334 3190.859355 3192.966847 3207.717853 3204.167099 3210.667919 3214.147831 3240.842011 3269.720025 3302.609233 3329.003898 3319.251560 3317.396555 3320.604012 3314.249972 3321.351498 3341.064622 3376.960998 3407.418168 3442.004188 3407.988342 3402.665024 3419.754424 3460.482865 3482.883343 3484.393594 3465.591742 3482.391052 3505.629730 3520.888635 3517.129874 3510.898064 3536.778662 3551.986185 3545.595971 3524.058415 3523.268176 3531.160444 3560.680639 3510.348275 3444.903367 3407.472263 3424.171506 3403.832786 3378.817249 3368.720857 3370.108296 3391.126246 3380.086975 3346.959453 3314.384844 3303.272168 3287.129957 3308.896007 3332.822530 3379.776126 3420.126425 3450.348080 3450.162106 3433.182143 -9999.0 -9999.0 -9999.0 -9999.0 -9999.0 -9999.0 -9999.0 -9999.0 -9999.0 -9999.0
-9999.0 -9999.0 -9999.0 -9999.0 -9999.0 -9999.0 3100.510033 3110.816673 3131.261275 3133.537709 3159.617534 3164.370232 3182.044628 3198.581843 3219.703318 3231.730084 3255.831689 3284.863900 3319.921397 3356.566954 3383.133581 3370.806088 3375.402908 3393.831954 3419.508260 3437.496381 3459.490878 3496.670370 3568.361042 3604.226682 3596.097964 3596.584354 3604.637770 3654.867454 3718.678496 3729.359878 3708.694436 3695.694782 3719.413792 3756.886870 3754.734561 3753.499807 3766.740789 3777.620716 3804.441396 3793.452422 3757.621092 3752.590297 3759.648029 3736.731674 3667.673960 3610.959966 3592.974490 3546.607356 3463.745800 3421.828621 3446.601232 3475.273063 3454.410412 3405.712529 3374.309764 3369.727610 3359.518936 3353.547567 3366.885316 3390.550770 3415.126935 3429.561597 3418.185817 3397.766695 3376.467759 3348.621459 3351.526613 3376.656024 -9999.0 -9999.0 -9999.0 -9999.0 -9999.0 -9999.0
-9999.0 -9999.0 -9999.0 -9999.0 3051.370433 3063.905882 3048.621687 3074.293903 3105.626232 3138.527110 3165.208268 3195.303730 3217.477021 3243.197081 3275.214440 3295.955960 3326.810162 3355.371524 3401.444995 3461.634950 3505.043144 3517.602792 3525.507657 3575.956378 3631.795030 3678.430169 3696.942383 3722.723772 3768.640716 3825.055185 3847.160905 3849.803793 3866.712379 3910.261740 3966.855326 4002.057979 3984.354542 3975.268644 3985.517645 3999.955349 4022.100415 4022.161907 4023.285267 4027.504118 4035.270896 4033.434280 4006.686471 3973.194544 3960.222729 3950.048021 3911.648094 3839.413468 3809.493220 3780.491907 3737.506619 3683.298266 3636.783356 3638.680425 3584.290769 3529.578289 3480.465918 3473.402370 3453.940910 3438.788656 3422.248916 3435.264083 3447.857215 3433.364377 3403.894977 3375.042562 3362.462600 3345.259200 3334.242133 3365.666812 3383.741718 3413.340182 -9999.0 -9999.0 -9999.0 -9999.0
-9999.0 -9999.0 2993.051931 3037.866132 3094.290213 3099.613459 3091.942196 3093.815497 3119.140375 3167.246547 3227.506405 3263.064686 3290.499106 3319.726254 3369.104669 3429.741634 3488.607032 3530.486070 3588.073377 3657.097796 3715.909339 3742.432217 3751.048190 3786.579223 3841.340029 3910.754918 3938.895753 3965.457037 3997.414327 4034.101404 4025.367636 4035.951829 4048.506128 4061.595877 4076.866271 4084.158536 4079.225264 4074.607993 4056.006763 4050.773380 4057.246807 4065.379822 4064.297771 4049.576428 4045.601370 4060.647246 4066.958300 4064.823663 4061.896100 4066.721296 4061.930440 4013.195162 3996.258576 3980.931491 3969.051264 3922.734053 3855.842079 3823.702939 3802.094616 3760.961838 3687.623228 3650.693171 3611.773089 3577.607614 3540.731602 3528.255054 3496.500300 3464.901145 3426.681931 3386.368929 3367.703409 3353.813434 3353.764929 3354.686999 3372.678375 3388.531232 3404.584795 3412.702136 -9999.0 -9999.0
-9999.0 2884.699314 2955.384138 3074.427245 3151.041455 3186.040749 3192.840511 3194.320822 3218.265227 3249.530816 3334.539931 3382.393747 3464.517073 3501.493124 3541.419174 3630.966844 3725.187187 3768.510930 3807.490448 3871.396640 3937.334685 3984.521033 4010.898410 3988.951838 4028.681406 4058.853714 4067.122819 4074.250264 4074.391870 4065.865963 4059.430559 4066.075939 4063.071961 4043.801437 4027.641209 4025.855874 4022.432592 3999.037065 3971.448426 3955.889151 3957.193609 3982.255968 3969.057408 3947.643666 3943.212126 3964.933606 3986.447856 3975.705682 3962.532950 3979.137637 4013.847013 4038.944420 4039.844047 4058.447497 4079.579498 4050.421438 4029.264460 3985.224861 3968.248753 3942.781713 3885.759112 3830.967249 3782.879893 3734.569002 3682.493428 3633.997228 3586.706650 3539.809655 3487.000888 3454.571214 3430.647946 3388.380482 3376.130490 3383.005068 3378.384642 3377.105748 3383.905701 3390.553799 -9999.0 -9999.0
-9999.0 2787.733046 2925.995823 3100.457245 3241.169280 3279.856159 3339.105137 3392.875909 3405.460905 3349.250822 3449.428452 3665.829422 3788.010159 3805.513143 3881.104656 3976.379339 3958.300191 3989.720323 4013.005817 4039.186198 4060.225195 4074.662246 4072.971843 4067.841399 4051.308526 4043.293353 4042.401528 4040.277434 4022.823750 4003.818402 3986.978056 3983.775545 3965.743909 3916.063840 3882.775124 3865.219469 3846.064857 3832.712354 3805.561605 3779.550412 3762.970223 3773.209190 3771.575322 3758.192515 3753.777586 3771.827437 3802.702235 3800.856173 3812.787150 3832.417332 3867.855895 3906.089784 3925.362856 3954.501595 3990.151235 4038.268595 4046.923209 4069.384992 4072.281137 4061.987008 4015.325100 3963.717550 3934.306357 3878.928366 3819.416391 3757.771851 3708.963555 3664.396910 3609.349704 3575.580474 3536.689370 3483.437709 3441.068945 3433.999513 3400.978525 3388.244567 -9999.0 -9999.0 -9999.0 -9999.0
-9999.0 2691.250052 2862.887525 3097.482296 3389.577215 3459.005141 3659.578431 3773.060186 3811.337574 3878.531351 3757.622860 3965.134358 4018.343766 4013.450863 4029.571667 4032.827510 4047.152898 4046.488732 4041.409598 4030.379069 4020.770409 4016.182469 4015.130497 4007.213030 3994.578217 3979.948926 3968.029108 3956.568052 3919.868992 3887.891394 3848.544555 3836.031386 3791.280951 3699.528919 3660.961058 3622.387929 3561.537042 3564.237586 3572.043045 3548.319085 3528.769808 3500.481514 3530.244396 3541.153766 3545.388758 3540.684155 3550.133823 3578.803399 3626.629394 3660.860831 3699.569104 3747.372150 3777.750476 3816.807309 3856.473502 3908.713398 3939.875732 3968.745597 4017.699012 4054.717032 4077.454724 4063.360210 4044.868651 4000.102678 3939.885856 3890.585975 3861.634139 3811.192506 3767.751441 3724.369118 3678.080264 3625.512132 3564.254168 3512.165313 3478.589863 -9999.0 -9999.0 -9999.0 -9999.0 -9999.0
-9999.0 2467.037214 2730.772243 2983.684091 3254.246292 3595.340820 3767.168009 3860.791653 3923.946345 3907.034535 3930.534151 3936.807560 3973.902524 3981.188247 3959.794765 3945.916872 3928.254455 3927.165416 3940.232618 3912.877947 3882.609628 3869.257361 3870.164069 3859.475677 3835.625012 3820.767534 3811.514878 3793.051298 3750.096837 3700.044560 3616.203929 3581.775758 3503.328140 3465.449169 3429.595534 3383.172853 3339.384169 3345.439205 3370.379230 3361.800419 3341.382860 3324.645607 3354.117623 3374.896473 3388.111654 3371.775866 3378.275361 3412.401816 3458.477682 3498.487202 3541.873544 3589.391616 3630.945077 3669.797948 3690.421368 3729.476524 3771.407519 3812.841370 3882.826548 3961.158221 3997.074218 4031.690533 4060.556050 4082.462474 4039.588827 4013.325897 3989.617037 3966.178679 3920.019930 3874.673778 3834.133519 3769.576941 3710.058634 -9999.0 -9999.0 -9999.0 -9999.0 -9999.0 -9999.0 -9999.0
-9999.0 2355.229337 2547.604712 2737.834127 2968.956251 3195.900327 3417.306432 3507.349000 3577.412115 3649.342411 3703.524753 3741.300402 3767.060202 3788.609364 3766.033065 3719.990486 3687.784842 3692.781302 3683.807211 3662.976803 3635.508516 3622.789519 3620.221915 3615.640128 3594.695750 3584.726003 3578.217305 3560.531101 3535.643583 3483.434060 3412.905758 3340.570738 3287.818147 3269.408030 3247.744151 3221.775904 3196.042399 3209.862501 3222.805387 3223.254615 3217.218631 3217.774277 3246.816408 3266.717353 3276.135235 3265.281199 3283.291205 3306.048521 3342.463043 3381.131785 3425.220776 3474.700194 3522.530217 3542.084682 3543.646789 3554.537130 3581.583732 3624.357099 3700.234182 3785.958032 3863.515187 3908.925460 3959.641531 3999.611807 4027.757420 4052.595500 4075.017422 4068.098396 4042.138639 4008.788310 3950.071174 -9999.0 -9999.0 -9999.0 -9999.0 -9999.0 -9999.0 -9999.0 -9999.0 -9999.0
-9999.0 -9999.0 2322.176204 2473.590485 2568.918024 2730.993848 2850.884935 2955.933827 3048.536111 3188.449743 3310.580937 3403.787607 3450.027340 3465.576846 3451.827947 3423.757288 3406.833156 3406.456418 3394.788592 3388.852187 3375.044428 3370.144360 3358.628181 3351.629589 3348.283835 3348.369850 3346.794133 3339.420129 3323.679655 3283.423172 3247.982585 3204.919522 3160.872848 3140.409245 3123.422839 3107.578824 3112.715441 3108.392931 3114.408953 3117.823183 3127.951655 3142.447008 3161.834841 3183.983362 3193.584753 3203.731756 3214.303579 3235.509414 3264.919959 3304.490133 3355.222862 3409.352820 3444.620132 3450.849932 3432.234069 3426.540491 3433.899506 3461.929406 3524.201411 3592.590423 3681.992220 3747.283343 3814.025505 3869.905271 3896.549090 3932.931242 4003.162775 4051.190388 4093.657935 4071.255436 -9999.0 -9999.0 -9999.0 -9999.0 -9999.0 -9999.0 -9999.0 -9999.0 -9999.0 -9999.0
-9999.0 -9999.0 -9999.0 -9999.0 2334.193416 2480.855442 2578.385131 2658.439336 2793.745206 2895.944665 2992.021895 3078.214053 3147.076237 3171.643061 3172.997161 3190.535485 3189.938409 3180.668790 3169.883338 3175.411205 3181.059005 3175.390268 3160.180512 3154.800402 3159.892438 3169.193290 3168.875876 3157.719286 3141.525499 3129.776680 3119.238296 3090.753081 3060.636074 3035.223622 3025.126702 3023.804907 3025.225826 3018.292765 3027.403860 3037.031886 3053.416888 3068.746733 3092.285114 3122.026824 3136.745123 3151.246630 3159.465733 3177.439112 3205.077179 3256.082109 3317.257046 3373.259029 3406.674563 3406.587673 3377.435253 3355.165580 3342.044880 3358.737327 3387.203840 3437.140876 3525.764300 3587.495969 3632.296016 3670.645978 3706.876617 3772.025845 3866.676667 3947.989987 -9999.0 -9999.0 -9999.0 -9999.0 -9999.0 -9999.0 -9999.0 -9999.0 -9999.0 -9999.0 -9999.0 -9999.0
-9999.0 -9999.0 -9999.0 -9999.0 -9999.0 -9999.0 2312.168661 2418.612368 2485.422486 2640.971163 2789.120734 2865.929310 2949.134584 2985.462322 3010.228105 3040.917826 3041.781356 3021.499002 2999.625268 3022.069114 3042.229822 3036.231198 3004.104869 3006.603378 3015.014724 3024.270079 3023.426307 3019.574875 2997.382799 3017.050884 3024.349834 3004.402940 2981.734997 2976.352022 2966.458212 2977.660067 2978.768526 2965.046846 2964.341614 2989.493531 3010.999791 3024.011454 3044.986112 3078.166050 3110.554913 3126.058788 3126.562322 3130.676051 3166.557318 3233.681913 3304.163338 3358.761268 3389.308447 3393.611962 3362.376405 3317.117350 3290.455669 3288.654672 3312.124165 3350.505013 3410.969444 3446.491743 3456.558970 3456.510804 3467.865872 3567.499663 -9999.0 -9999.0 -9999.0 -9999.0 -9999.0 -9999.0 -9999.0 -9999.0 -9999.0 -9999.0 -9999.0 -9999.0 -9999.0 -9999.0
-9999.0 -9999.0 -9999.0 -9999.0 -9999.0 -9999.0 -9999.0 -9999.0 -9999.0 -9999.0 -9999.0 -9999.0 -9999.0 -9999.0 -9999.0 -9999.0 -9999.0 -9999.0 -9999.0 -9999.0 -9999.0 -9999.0 -9999.0 -9999.0 -9999.0 -9999.0 -9999.0 -9999.0 -9999.0 -9999.0 -9999.0 -9999.0 -9999.0 -9999.0 -9999.0 -9999.0 -9999.0 -9999.0 -9999.0 -9999.0 -9999.0 -9999.0 -9999.0 -9999.0 -9999.0 -9999.0 -9999.0 -9999.0 -9999.0 -9999.0 -9999.0 -9999.0 -9999.0 -9999.0 -9999.0 -9999.0 -9999.0 -9999.0 -9999.0 -9999.0 -9999.0 -9999.0 -9999.0 -9999.0 -9999.0 -9999.0 -9999.0 -9999.0 -9999.0 -9999.0 -9999.0 -9999.0 -9999.0 -9999.0 -9999.0 -9999.0 -9999.0 -9999.0 -9999.0 -9999.0
-9999.0 -9999.0 -9999.0 -9999.0 -9999.0 -9999.0 -9999.0 -9999.0 -9999.0 -9999.0 -9999.0 -9999.0 -9999.0 -9999.0 -9999.0 -9999.0 -9999.0 -9999.0 -9999.0 -9999.0 -9999.0 -9999.0 -9999.0 -9999.0 -9999.0 -9999.0 -9999.0 -9999.0 -9999.0 -9999.0 -9999.0 -9999.0 -9999.0 -9999.0 -9999.0 -9999.0 -9999.0 -9999.0 -9999.0 -9999.0 -9999.0 -9999.0 -9999.0 -9999.0 -9999.0 -9999.0 -9999.0 -9999.0 -9999.0 -9999.0 -9999.0 -9999.0 -9999.0 -9999.0 -9999.0 -9999.0 -9999.0 -9999.0 -9999.0 -9999.0 -9999.0 -9999.0 -9999.0 -9999.0 -9999.0 -9999.0 -9999.0 -9999.0 -9999.0 -9999.0 -9999.0 -9999.0 -9999.0 -9999.0 -9999.0 -9999.0 -9999.0 -9999.0 -9999.0 -9999.0