Borden_/Borden1m_014/output_maps/psiliqL0005N0012.asc
ncols         80
nrows         18
xllcorner     620200.000000
yllcorner     5168000.000000
cellsize      1.000000
NODATA_value  -9999.0
-9999.0 -9999.0 -9999.0 -9999.0 -9999.0 -9999.0 -9999.0 -9999.0 -9999.0 -9999.0 -9999.0 -9999.0 -9999.0 -9999.0 -9999.0 -9999.0 -9999.0 -9999.0 -9999.0 -9999.0 -9999.0 -9999.0 -9999.0 -9999.0 -9999.0 -9999.0 -9999.0 -9999.0 -9999.0 -9999.0 -9999.0 -9999.0 -9999.0 -9999.0 -9999.0 -9999.0 -9999.0 -9999.0 -9999.0 -9999.0 -9999.0 -9999.0 -9999.0 -9999.0 -9999.0 -9999.0 -9999.0 -9999.0 -9999.0 -9999.0 -9999.0 -9999.0 -9999.0 -9999.0 -9999.0 -9999.0 -9999.0 -9999.0 -9999.0 -9999.0 -9999.0 -9999.0 -9999.0 -9999.0 -9999.0 -9999.0 -9999.0 -9999.0 -9999.0 -9999.0 -9999.0 -9999.0 -9999.0 -9999.0 -9999.0 -9999.0 -9999.0 -9999.0 -9999.0 -9999.0
-9999.0 -9999.0 -9999.0 -9999.0 -9999.0 -9999.0 -9999.0 -9999.0 -9999.0 -9999.0 -9999.0 -9999.0 -9999.0 -9999.0 -9999.0 -9999.0 -9999.0 -9999.0 -9999.0 -9999.0 -9999.0 -9999.0 -9999.0 -9999.0 -9999.0 -9999.0 -9999.0 -9999.0 -9999.0 -9999.0 -9999.0 -9999.0 -9999.0 -9999.0 -9999.0 -9999.0 -9999.0 -9999.0 -9999.0 -9999.0 -9999.0 -9999.0 -9999.0 -9999.0 -9999.0 -9999.0 -9999.0 -9999.0 -9999.0 -9999.0 -9999.0 -9999.0 -9999.0 -9999.0 -9999.0 -9999.0 -9999.0 -9999.0 -9999.0 -9999.0 -9999.0 -9999.0 -9999.0 -9999.0 -9999.0 -9999.0 -9999.0 -9999.0 -9999.0 -9999.0 -9999.0 -9999.0 -9999.0 -9999.0 -9999.0 -9999.0 -9999.0 -9999.0 -9999.0 -9999.0
-9999.0 -9999.0 -9999.0 -9999.0 -9999.0 -9999.0 -9999.0 -9999.0 -9999.0 -9999.0 -9999.0 -9999.0 -9999.0 -9999.0 -9999.0 -9999.0 -9999.0 -9999.0 -9999.0 -9999.0 -773.672867 -770.532386 -793.588017 -827.682357 -856.280489 -854.949496 -820.689994 -780.723903 -744.208849 -734.040991 -752.234671 -751.571710 -757.202340 -757.285121 -754.384534 -749.020176 -747.083906 -735.733202 -727.478969 -727.742568 -733.869956 -739.748235 -741.716902 -738.135751 -733.358440 -741.152404 -727.986009 -712.764423 -705.906004 -710.562431 -737.044672 -752.329910 -759.588067 -773.012953 -748.289863 -735.065576 -711.684155 -706.822058 -707.289853 -733.669504 -763.201326 -9999.0 -9999.0 -9999.0 -9999.0 -9999.0 -9999.0 -9999.0 -9999.0 -9999.0 -9999.0 -9999.0 -9999.0 -9999.0 -9999.0 -9999.0 -9999.0 -9999.0 -9999.0 -9999.0
-9999.0 -9999.0 -9999.0 -9999.0 -9999.0 -9999.0 -9999.0 -9999.0 -9999.0 -9999.0 -9999.0 -9999.0 -9999.0 -9999.0 -861.917284 -872.576471 -876.117246 -868.106731 -835.047258 -805.944688 -793.527633 -801.539883 -802.082463 -825.895073 -846.189070 -832.792047 -804.742181 -774.726314 -742.092077 -722.417496 -735.768127 -739.039707 -728.875043 -701.506443 -687.084384 -690.119081 -711.639054 -689.885086 -674.096497 -664.671043 -665.875330 -674.532216 -659.841020 -643.792234 -650.345766 -667.573349 -664.767617 -653.413600 -638.240296 -652.669055 -715.869786 -736.307681 -738.032731 -743.524975 -755.467359 -761.373210 -736.461893 -734.515600 -741.915514 -758.874943 -789.954835 -833.094232 -850.073883 -811.609514 -766.788461 -708.390480 -9999.0 -9999.0 -9999.0 -9999.0 -9999.0 -9999.0 -9999.0 -9999.0 -9999.0 -9999.0 -9999.0 -9999.0 -9999.0 -9999.0
-9999.0 -9999.0 -9999.0 -9999.0 -9999.0 -9999.0 -9999.0 -9999.0 -9999.0 -916.981894 -914.112210 -907.553281 -906.503677 -891.477613 -893.439020 -887.168431 -879.526978 -854.739916 -824.765103 -790.802271 -762.826916 -773.750011 -774.203340 -762.178246 -754.954997 -742.873643 -723.790932 -685.296622 -644.762243 -604.605179 -632.966705 -635.396217 -617.038372 -566.467546 -523.965246 -512.894580 -532.731689 -531.523477 -504.896327 -476.708403 -477.787818 -479.892832 -453.637465 -438.772699 -429.403173 -450.263016 -471.865993 -475.520262 -446.954536 -502.749565 -568.579246 -624.308104 -623.045248 -653.018115 -693.429123 -715.439055 -717.750049 -694.520158 -708.615780 -744.650030 -779.920844 -787.854326 -803.256689 -786.821576 -763.536797 -715.891274 -677.105353 -647.816231 -646.535895 -663.201225 -9999.0 -9999.0 -9999.0 -9999.0 -9999.0 -9999.0 -9999.0 -9999.0 -9999.0 -9999.0
-9999.0 -9999.0 -9999.0 -9999.0 -9999.0 -9999.0 -994.286738 -986.238009 -967.347876 -961.996326 -938.819677 -931.827801 -912.080657 -893.495957 -874.346305 -858.101705 -828.018772 -797.033603 -756.930971 -714.286409 -683.459037 -688.335346 -679.533738 -646.245032 -602.782976 -568.586491 -545.059474 -506.816199 -421.597671 -363.302538 -339.437410 -329.013755 -300.732190 30.135675 114.636519 122.156160 116.709048 112.170686 116.856841 125.890649 125.904305 125.002817 126.553587 127.968827 136.245229 135.013397 124.974677 122.656915 122.340230 117.773942 47.807068 -297.340002 -381.936072 -441.075111 -525.466501 -585.963446 -591.250924 -575.682195 -605.012749 -655.723485 -696.566426 -705.755693 -718.845982 -732.187632 -726.197403 -705.918627 -681.307192 -668.839297 -679.921636 -699.213169 -721.482777 -749.461748 -747.287099 -721.387945 -9999.0 -9999.0 -9999.0 -9999.0 -9999.0 -9999.0
-9999.0 -9999.0 -9999.0 -9999.0 -1043.321091 -1031.514331 -1043.235871 -1020.866251 -989.937413 -958.033657 -926.425543 -889.997188 -864.189540 -835.967867 -795.338924 -757.806825 -716.004750 -683.736814 -631.250982 -563.549618 -508.873498 -479.375961 -464.360977 -390.019309 -251.807843 60.878657 109.166632 116.854742 124.569573 139.512410 145.681052 146.998118 154.397361 177.084162 191.706121 201.195534 196.344717 195.510097 196.035177 196.663654 203.079166 202.040658 202.104334 201.823999 202.891282 205.498064 199.460856 191.885657 189.998017 188.580689 180.671246 147.601980 134.521598 128.246700 121.462287 75.608778 -243.757172 -325.662544 -410.127873 -472.676869 -543.955323 -570.277577 -600.493723 -624.104376 -652.861486 -650.713082 -646.262793 -663.998003 -692.256044 -722.586874 -736.312103 -753.901036 -762.959823 -732.589471 -714.368256 -682.704075 -9999.0 -9999.0 -9999.0 -9999.0
-9999.0 -9999.0 -1100.028548 -1050.164284 -995.478146 -987.617212 -985.253648 -981.322381 -955.955390 -907.230137 -829.542384 -778.250741 -734.697207 -707.304374 -650.492191 -566.889702 -490.409796 -439.158688 -362.748129 -147.996605 87.650036 119.014545 122.521039 132.116537 150.316409 179.281055 187.597166 192.570068 197.263861 204.739870 226.479554 240.364279 247.087485 241.842546 241.582448 238.391010 238.207399 235.236808 220.161140 217.927985 223.918945 225.236383 228.856148 217.308573 213.689559 225.512751 228.353956 230.454276 233.776833 241.551409 250.896812 222.530363 194.714245 192.961857 193.414612 180.633622 151.583796 137.454589 133.623793 122.597325 49.188980 -280.465933 -390.166371 -455.536021 -511.640123 -541.957184 -584.824471 -621.575716 -663.122640 -705.397493 -726.839580 -743.857099 -744.785415 -742.935984 -726.179984 -709.809447 -693.867286 -685.783869 -9999.0 -9999.0
-9999.0 -1195.991206 -1124.146490 -996.890766 -919.669504 -875.879399 -834.357781 -805.125389 -783.805894 -773.943346 -669.931559 -560.985776 -472.133272 -444.262329 -377.122197 16.700063 115.710686 128.880890 138.370256 159.168531 183.171507 195.180580 200.663260 225.151772 248.162945 243.727855 242.064900 239.868814 231.471295 223.279648 213.366323 221.529553 220.868453 207.131110 198.741156 198.389880 198.257853 193.482303 187.995138 185.854132 187.395628 193.945971 190.908222 185.699561 184.639527 189.721839 193.724076 191.216610 187.550966 192.117547 201.345070 206.433048 221.915517 235.106215 254.027916 231.514706 202.991702 192.961587 190.854554 186.256388 171.680318 143.726483 126.008895 71.577179 -241.258251 -398.033249 -469.564695 -523.610952 -582.262026 -616.412151 -644.017922 -693.603289 -715.439959 -712.285363 -720.578924 -722.173976 -714.780571 -708.018153 -9999.0 -9999.0
-9999.0 -1263.476730 -1120.390721 -935.241805 -791.319114 -732.284805 -613.473164 -530.435600 -506.470056 -530.114446 -412.527292 80.709529 134.185215 134.935150 154.667224 190.779741 211.519588 232.201329 246.294425 237.975658 232.463791 233.876387 228.489862 220.117896 207.225416 201.310617 202.198571 202.499795 199.228876 195.182024 190.002909 190.398542 187.506768 176.828558 158.961380 148.772575 144.204115 140.209720 132.415975 126.703201 123.292010 130.102915 127.188851 122.295062 120.859407 126.624429 135.787049 132.631647 134.673486 143.365894 167.732430 179.198576 182.721097 188.019572 195.361824 207.160353 223.126732 242.462425 248.507258 225.894015 201.407388 189.179184 184.728130 170.464129 142.303055 116.003981 37.524947 -312.153238 -414.541266 -468.438959 -517.886075 -572.843261 -627.603190 -652.256753 -689.718694 -710.242453 -9999.0 -9999.0 -9999.0 -9999.0
-9999.0 -1322.542525 -1130.717993 -863.766843 -617.706750 -488.706739 27.697757 123.530063 138.142491 154.782397 164.554505 232.374765 242.434932 226.869527 202.529190 199.573757 205.647810 207.566674 203.264775 199.158905 196.513600 195.564551 195.246236 193.780620 191.757587 189.222797 187.553695 187.140190 179.792963 169.970243 146.358142 140.954755 131.287842 71.609428 -145.251435 -285.614829 -379.675060 -389.254972 -406.349143 -442.813323 -462.566834 -475.808717 -458.215498 -462.158244 -463.342197 -452.722083 -427.440163 -409.287386 -355.414065 -282.429777 44.890330 115.765492 126.038255 138.274990 155.236368 178.390288 185.500957 191.110437 201.832168 225.694121 245.326381 238.147054 212.625240 199.555991 184.728862 172.954540 163.454284 133.760758 115.145956 48.232803 -263.791256 -396.456606 -478.597672 -563.556448 -602.093216 -9999.0 -9999.0 -9999.0 -9999.0 -9999.0
-9999.0 -1465.333328 -1198.101835 -900.087622 -566.043640 12.379888 120.049091 171.145470 216.491967 180.582261 175.781295 181.116414 190.955815 191.073229 185.461612 185.787199 184.101556 183.718779 187.821143 176.953780 155.974593 149.184244 149.209794 145.982970 139.574074 135.884760 134.093250 130.940430 116.397746 50.881946 -323.661499 -365.218912 -454.339466 -527.118268 -573.079288 -617.442494 -666.171639 -667.579851 -652.846858 -669.200902 -690.251713 -708.433489 -684.480174 -670.760771 -660.996761 -670.232583 -662.497712 -630.753401 -586.130897 -548.002512 -501.552640 -444.572390 -390.004423 -300.576063 -150.584932 88.092701 124.705198 138.842888 170.974086 191.069344 196.245200 204.287187 236.137287 254.432019 217.895418 197.239362 189.913464 182.091141 167.915948 156.898503 135.541769 99.273681 -187.507887 -9999.0 -9999.0 -9999.0 -9999.0 -9999.0 -9999.0 -9999.0
-9999.0 -1602.132293 -1363.748098 -1109.021010 -806.804095 -581.997491 -423.270046 -178.025314 94.275691 106.881821 113.388704 119.796194 126.391794 132.466313 126.446329 117.455009 110.436187 112.026571 108.850126 52.323077 -229.313762 -286.396622 -288.234042 -304.512413 -354.451644 -379.108534 -393.849382 -422.593851 -465.870780 -522.155663 -601.924590 -662.703063 -720.278948 -754.775407 -783.702751 -815.717558 -854.685892 -843.916299 -828.732374 -833.727718 -846.733935 -851.973385 -822.848124 -805.354723 -795.748042 -809.750211 -792.375270 -766.544882 -726.600677 -688.096224 -644.654346 -595.910763 -548.540719 -521.566282 -506.989016 -474.625466 -425.908621 -335.794584 46.263341 129.354461 158.695812 177.205234 189.511622 197.134537 200.828850 216.391626 218.992265 192.064868 170.305112 175.713062 175.601981 -9999.0 -9999.0 -9999.0 -9999.0 -9999.0 -9999.0 -9999.0 -9999.0 -9999.0
-9999.0 -9999.0 -1602.789478 -1406.350110 -1236.412930 -1050.664434 -906.700210 -807.740114 -741.396557 -669.942091 -593.033278 -526.164303 -487.890653 -471.890576 -493.070229 -537.261851 -565.195111 -564.702964 -572.859906 -588.146937 -613.158127 -621.750479 -629.328537 -635.890981 -649.263232 -656.436601 -660.967618 -670.702648 -691.728490 -736.171902 -788.397903 -839.106055 -892.572889 -916.688638 -938.191010 -960.990601 -965.343798 -966.180029 -958.955821 -958.003642 -953.518491 -942.459386 -921.820290 -901.241449 -892.326235 -886.366494 -874.238664 -851.348526 -819.220007 -780.264169 -730.629273 -678.407832 -643.766342 -634.469844 -645.429784 -641.112025 -621.387543 -581.022245 -496.228096 -391.460463 -123.920459 100.506197 137.835330 159.570798 173.575030 180.141491 188.437760 178.659566 114.232938 158.699808 -9999.0 -9999.0 -9999.0 -9999.0 -9999.0 -9999.0 -9999.0 -9999.0 -9999.0 -9999.0
-9999.0 -9999.0 -9999.0 -9999.0 -1549.074739 -1390.460993 -1298.198481 -1217.724733 -1103.307393 -1003.482264 -918.652051 -849.283234 -803.252139 -782.292960 -796.152433 -805.603232 -814.756758 -817.048238 -824.635295 -831.438016 -838.217785 -845.524992 -854.944412 -862.135001 -863.271743 -860.283858 -861.863642 -874.098538 -888.457613 -916.772394 -941.654892 -976.558465 -1013.486695 -1042.216100 -1054.958898 -1062.343878 -1061.885133 -1066.776050 -1057.018320 -1051.318031 -1036.847236 -1021.568640 -997.769465 -970.150494 -958.390339 -944.693112 -935.229130 -914.657675 -885.594666 -834.395410 -774.277584 -721.107748 -690.237048 -688.953673 -717.213989 -734.875531 -739.960177 -715.021246 -671.806178 -608.246539 -513.196136 -435.344610 -337.537986 -150.725986 81.540131 125.561652 160.883082 172.515428 -9999.0 -9999.0 -9999.0 -9999.0 -9999.0 -9999.0 -9999.0 -9999.0 -9999.0 -9999.0 -9999.0 -9999.0
-9999.0 -9999.0 -9999.0 -9999.0 -9999.0 -9999.0 -1609.188634 -1516.879385 -1427.052952 -1313.767127 -1210.181198 -1124.658266 -1055.222426 -1034.034342 -1020.729674 -1000.639905 -1006.155855 -1021.973746 -1036.951162 -1021.581787 -1013.896925 -1018.048588 -1043.692642 -1045.445939 -1042.590688 -1032.988007 -1033.741617 -1039.495599 -1063.713536 -1057.110450 -1059.412503 -1081.976547 -1107.641717 -1122.045545 -1133.393457 -1123.364947 -1122.337419 -1134.348159 -1131.242493 -1105.801441 -1086.648980 -1073.305867 -1050.788798 -1018.100372 -986.675403 -973.086437 -972.484994 -966.503683 -925.014299 -856.027054 -788.020532 -737.272010 -709.054351 -703.710113 -734.085865 -776.830814 -800.626184 -796.793373 -766.161864 -717.875462 -648.124851 -605.484428 -577.911826 -556.745817 -527.693698 -421.579648 -9999.0 -9999.0 -9999.0 -9999.0 -9999.0 -9999.0 -9999.0 -9999.0 -9999.0 -9999.0 -9999.0 -9999.0 -9999.0 -9999.0
-9999.0 -9999.0 -9999.0 -9999.0 -9999.0 -9999.0 -9999.0 -9999.0 -9999.0 -9999.0 -9999.0 -9999.0 -9999.0 -9999.0 -9999.0 -9999.0 -9999.0 -9999.0 -9999.0 -9999.0 -9999.0 -9999.0 -9999.0 -9999.0 -9999.0 -9999.0 -9999.0 -9999.0 -9999.0 -9999.0 -9999.0 -9999.0 -9999.0 -9999.0 -9999.0 -9999.0 -9999.0 -9999.0 -9999.0 -9999.0 -9999.0 -9999.0 -9999.0 -9999.0 -9999.0 -9999.0 -9999.0 -9999.0 -9999.0 -9999.0 -9999.0 -9999.0 -9999.0 -9999.0 -9999.0 -9999.0 -9999.0 -9999.0 -9999.0 -9999.0 -9999.0 -9999.0 -9999.0 -9999.0 -9999.0 -9999.0 -9999.0 -9999.0 -9999.0 -9999.0 -9999.0 -9999.0 -9999.0 -9999.0 -9999.0 -9999.0 -9999.0 -9999.0 -9999.0 -9999.0
-9999.0 -9999.0 -9999.0 -9999.0 -9999.0 -9999.0 -9999.0 -9999.0 -9999.0 -9999.0 -9999.0 -9999.0 -9999.0 -9999.0 -9999.0 -9999.0 -9999.0 -9999.0 -9999.0 -9999.0 -9999.0 -9999.0 -9999.0 -9999.0 -9999.0 -9999.0 -9999.0 -9999.0 -9999.0 -9999.0 -9999.0 -9999.0 -9999.0 -9999.0 -9999.0 -9999.0 -9999.0 -9999.0 -9999.0 -9999.0 -9999.0 -9999.0 -9999.0 -9999.0 -9999.0 -9999.0 -9999.0 -9999.0 -9999.0 -9999.0 -9999.0 -9999.0 -9999.0 -9999.0 -9999.0 -9999.0 -9999.0 -9999.0 -9999.0 -9999.0 -9999.0 -9999.0 -9999.0 -9999.0 -9999.0 -9999.0 -9999.0 -9999.0 -9999.0 -9999.0 -9999.0 -9999.0 -9999.0 -9999.0 -9999.0 -9999.0 -9999.0 -9999.0 -9999.0 -9999.0