Borden_/Borden1m_014/output_maps/psiliqL0009N0003.asc
ncols         80
nrows         18
xllcorner     620200.000000
yllcorner     5168000.000000
cellsize      1.000000
NODATA_value  -9999.0
-9999.0 -9999.0 -9999.0 -9999.0 -9999.0 -9999.0 -9999.0 -9999.0 -9999.0 -9999.0 -9999.0 -9999.0 -9999.0 -9999.0 -9999.0 -9999.0 -9999.0 -9999.0 -9999.0 -9999.0 -9999.0 -9999.0 -9999.0 -9999.0 -9999.0 -9999.0 -9999.0 -9999.0 -9999.0 -9999.0 -9999.0 -9999.0 -9999.0 -9999.0 -9999.0 -9999.0 -9999.0 -9999.0 -9999.0 -9999.0 -9999.0 -9999.0 -9999.0 -9999.0 -9999.0 -9999.0 -9999.0 -9999.0 -9999.0 -9999.0 -9999.0 -9999.0 -9999.0 -9999.0 -9999.0 -9999.0 -9999.0 -9999.0 -9999.0 -9999.0 -9999.0 -9999.0 -9999.0 -9999.0 -9999.0 -9999.0 -9999.0 -9999.0 -9999.0 -9999.0 -9999.0 -9999.0 -9999.0 -9999.0 -9999.0 -9999.0 -9999.0 -9999.0 -9999.0 -9999.0
-9999.0 -9999.0 -9999.0 -9999.0 -9999.0 -9999.0 -9999.0 -9999.0 -9999.0 -9999.0 -9999.0 -9999.0 -9999.0 -9999.0 -9999.0 -9999.0 -9999.0 -9999.0 -9999.0 -9999.0 -9999.0 -9999.0 -9999.0 -9999.0 -9999.0 -9999.0 -9999.0 -9999.0 -9999.0 -9999.0 -9999.0 -9999.0 -9999.0 -9999.0 -9999.0 -9999.0 -9999.0 -9999.0 -9999.0 -9999.0 -9999.0 -9999.0 -9999.0 -9999.0 -9999.0 -9999.0 -9999.0 -9999.0 -9999.0 -9999.0 -9999.0 -9999.0 -9999.0 -9999.0 -9999.0 -9999.0 -9999.0 -9999.0 -9999.0 -9999.0 -9999.0 -9999.0 -9999.0 -9999.0 -9999.0 -9999.0 -9999.0 -9999.0 -9999.0 -9999.0 -9999.0 -9999.0 -9999.0 -9999.0 -9999.0 -9999.0 -9999.0 -9999.0 -9999.0 -9999.0
-9999.0 -9999.0 -9999.0 -9999.0 -9999.0 -9999.0 -9999.0 -9999.0 -9999.0 -9999.0 -9999.0 -9999.0 -9999.0 -9999.0 -9999.0 -9999.0 -9999.0 -9999.0 -9999.0 -9999.0 -72.769506 -69.957027 -92.746915 -126.841310 -155.357425 -153.785716 -119.429110 -78.896683 -41.408315 -31.269938 -49.490647 -48.091078 -53.372997 -54.039836 -51.456832 -45.586983 -42.818827 -31.567394 -23.377067 -23.945262 -30.337105 -36.113117 -37.215137 -33.761463 -28.530028 -37.606316 -23.950313 -8.514883 -2.131029 -6.822796 -33.554808 -48.869533 -56.706311 -70.890966 -45.993375 -33.168214 -9.853450 -5.212245 -6.169277 -32.869355 -62.690951 -9999.0 -9999.0 -9999.0 -9999.0 -9999.0 -9999.0 -9999.0 -9999.0 -9999.0 -9999.0 -9999.0 -9999.0 -9999.0 -9999.0 -9999.0 -9999.0 -9999.0 -9999.0 -9999.0
-9999.0 -9999.0 -9999.0 -9999.0 -9999.0 -9999.0 -9999.0 -9999.0 -9999.0 -9999.0 -9999.0 -9999.0 -9999.0 -9999.0 -161.825512 -172.140411 -175.512502 -167.487273 -134.312492 -104.812207 -92.441596 -100.291494 -100.673332 -124.548869 -145.153569 -131.598190 -102.847501 -72.070291 -38.348000 -18.111606 -30.696192 -33.523874 -23.428228 3.244677 16.940179 13.840659 -7.225626 15.152348 30.742356 39.500534 38.250179 29.499520 43.561041 60.009006 54.342793 37.139481 40.335988 51.768954 65.796494 51.894403 -11.567452 -31.660658 -34.427214 -40.383512 -53.113681 -59.065199 -33.691086 -32.391717 -40.102237 -57.482916 -89.266033 -132.963026 -150.414724 -111.587012 -66.930306 -8.825167 -9999.0 -9999.0 -9999.0 -9999.0 -9999.0 -9999.0 -9999.0 -9999.0 -9999.0 -9999.0 -9999.0 -9999.0 -9999.0 -9999.0
-9999.0 -9999.0 -9999.0 -9999.0 -9999.0 -9999.0 -9999.0 -9999.0 -9999.0 -217.700437 -214.242286 -207.536924 -206.148971 -190.980057 -193.114495 -186.651323 -179.481596 -154.000037 -123.744148 -89.428474 -61.216297 -71.648148 -71.895532 -60.637308 -54.836659 -42.590868 -22.155994 17.668144 58.760101 100.717274 73.025704 70.964639 89.784954 138.271399 174.608520 182.974088 164.162222 168.254503 192.772321 216.140936 214.939177 212.763909 236.957173 253.326829 266.795421 248.174152 224.259885 220.052266 244.195139 195.285555 131.911218 79.081660 80.578414 50.070829 10.508183 -10.854559 -13.399650 8.764284 -5.775781 -42.409509 -78.102544 -87.129064 -103.116223 -86.062524 -62.860730 -15.428900 23.494616 52.653662 53.424460 36.562526 -9999.0 -9999.0 -9999.0 -9999.0 -9999.0 -9999.0 -9999.0 -9999.0 -9999.0 -9999.0
-9999.0 -9999.0 -9999.0 -9999.0 -9999.0 -9999.0 -295.610176 -287.103739 -267.825025 -262.831643 -238.945856 -232.091482 -212.242738 -193.608581 -173.726299 -157.764508 -128.080795 -96.567518 -56.042489 -12.879584 18.475780 13.229094 22.702312 55.753924 98.747126 130.717327 154.706086 193.245665 270.536344 322.621523 338.143132 344.246520 353.752629 401.868157 467.919381 485.638340 462.768873 445.398166 464.457507 503.055181 511.261551 512.307121 524.934725 552.167629 636.995845 628.042594 526.571709 493.653183 485.159946 472.330159 413.685862 346.463171 301.113005 250.049828 170.915706 113.386171 113.796860 129.308823 99.126349 46.754447 5.648944 -4.208294 -18.100462 -31.193811 -24.657780 -4.294463 19.835071 32.152215 20.599614 0.784435 -21.572444 -49.696414 -47.512403 -21.821630 -9999.0 -9999.0 -9999.0 -9999.0 -9999.0 -9999.0
-9999.0 -9999.0 -9999.0 -9999.0 -344.727973 -332.788548 -345.015311 -322.024325 -290.833817 -258.392085 -227.010554 -190.749590 -164.683432 -136.007947 -95.805441 -59.777445 -17.846618 16.365184 71.115269 139.443322 190.417576 215.236092 230.108811 292.964119 363.596310 420.767960 442.459903 472.545416 531.353997 657.551698 696.394340 703.196601 715.323547 738.102525 770.586591 794.765009 779.838931 773.956194 777.280445 784.513829 802.422209 802.074266 805.161768 812.795668 829.765429 829.972291 799.131866 769.546719 760.101639 755.246391 735.853555 673.495585 593.199414 531.384292 494.830367 440.369995 366.109814 339.138616 278.285544 223.005157 158.705452 133.969916 102.477541 77.862761 49.174684 51.594758 56.164392 37.951208 8.640690 -22.075518 -36.030005 -53.828538 -63.374056 -32.950844 -14.819336 16.407106 -9999.0 -9999.0 -9999.0 -9999.0
-9999.0 -9999.0 -401.934887 -352.729162 -297.639706 -290.042926 -289.227242 -285.380920 -259.444422 -209.634017 -133.064557 -82.262912 -38.146512 -7.541319 50.489874 131.041876 202.746741 252.653027 317.706258 388.639552 450.911513 486.554615 511.044916 581.890408 676.607193 733.652686 753.726540 774.094072 802.393276 843.017112 862.809516 875.696298 879.887060 876.531305 876.185801 874.296225 871.398659 867.259989 850.198790 845.472471 849.382184 851.238686 854.508965 844.774019 844.211961 854.913441 855.784004 856.826932 860.253031 871.211345 880.018768 848.464929 801.030576 782.094580 774.811144 740.282703 686.819738 625.813994 556.470030 498.815572 415.661333 354.389734 293.773648 243.618989 192.408746 162.499023 119.160479 81.046901 38.340734 -4.834255 -26.647364 -43.684833 -44.801032 -43.291904 -26.455906 -10.250359 5.636809 13.695565 -9999.0 -9999.0
-9999.0 -500.730739 -428.628365 -302.235430 -224.643441 -181.607239 -144.759801 -118.226145 -94.174911 -78.434859 27.359444 128.812370 225.141541 257.484390 305.318060 398.208890 492.456392 561.966701 651.738613 706.160507 750.742400 784.202680 805.175286 832.298246 870.610692 876.242038 875.848600 877.248402 874.390432 872.906479 866.544687 871.420569 866.466631 851.669420 840.890429 840.349127 837.122563 815.130802 778.413660 758.601107 757.613668 775.401605 765.453787 748.755233 746.401507 764.288611 781.512399 775.326357 770.546350 798.953168 830.706711 845.006661 853.982423 865.022677 885.400834 863.958375 839.254354 802.379198 778.958538 754.114437 707.068812 635.073923 516.223209 439.165124 361.441587 291.567932 234.571696 179.816616 119.274457 83.125658 54.433635 4.822271 -16.178160 -12.838733 -20.738856 -22.405514 -15.195279 -8.485640 -9999.0 -9999.0
-9999.0 -573.176777 -430.573257 -246.389600 -101.984930 -44.363544 67.427244 154.213328 184.595216 161.117394 263.037766 492.266227 643.173295 667.047588 719.156112 778.118978 800.433097 830.796369 863.112530 867.902885 868.193355 872.666262 869.392193 865.160945 856.093365 849.642207 848.764392 848.543969 839.222039 829.261417 817.654927 811.067365 781.963714 741.706502 716.116711 705.128516 694.753894 665.075259 570.939720 517.777441 498.454862 521.123444 507.622093 484.746039 480.369783 509.702809 556.432589 547.055059 562.114375 642.591719 693.958867 725.683305 742.332009 770.512352 811.900600 846.395962 859.603233 877.284805 882.174015 863.542770 832.981729 790.473080 751.662384 688.877793 564.495634 465.727790 401.154782 335.242073 270.497906 226.812794 179.640740 122.882155 68.685283 46.012486 8.892657 -10.540546 -9999.0 -9999.0 -9999.0 -9999.0
-9999.0 -640.168966 -449.957150 -187.335852 68.351659 184.480856 385.916176 576.793655 653.406668 709.503291 717.272133 811.056245 845.985245 842.612837 831.320583 828.715877 837.230030 840.624384 841.554864 838.457070 835.724362 835.231038 835.098793 829.856328 818.083707 794.615643 776.899311 765.964066 738.802557 716.862967 690.418682 664.897719 566.324830 445.495838 396.945417 364.381416 312.514992 302.463973 281.703728 248.215435 228.979813 214.173185 231.092567 230.253561 230.457278 237.653148 258.049546 275.233075 315.848938 358.933378 407.465432 459.352731 496.848640 564.221107 671.683491 728.476994 754.786815 784.956040 830.951417 863.858316 886.891225 879.364123 854.590122 822.712811 761.560957 710.068355 665.658760 543.958874 465.758956 406.283580 344.131533 276.986208 211.328522 133.013822 94.856807 -9999.0 -9999.0 -9999.0 -9999.0 -9999.0
-9999.0 -797.009110 -530.122929 -237.067674 85.498094 392.048004 512.841262 688.044300 758.161482 720.744758 715.837027 731.169315 765.458752 772.601282 755.038734 747.409867 738.011710 738.028595 751.401034 734.210328 715.621542 708.450353 709.615791 698.954340 669.212479 604.062493 560.404156 528.412597 474.102573 424.157007 345.208114 318.706830 239.411048 173.545403 128.662630 82.449051 32.912733 31.059782 45.379530 28.646921 6.668286 -11.761252 13.201850 28.255126 38.781200 28.653722 36.840411 69.898314 116.218756 157.100222 203.937803 253.822329 295.674697 346.921280 392.609316 449.543036 504.182402 581.409343 699.411925 776.215192 817.509931 846.029122 875.605740 895.274416 858.297975 826.523892 796.285225 749.094532 688.925354 645.159046 557.011520 436.168841 359.381136 -9999.0 -9999.0 -9999.0 -9999.0 -9999.0 -9999.0 -9999.0
-9999.0 -930.153410 -699.906812 -455.147137 -161.456808 64.452271 227.628855 335.328047 409.178424 422.159939 445.027664 475.330135 511.116590 538.809353 506.337430 461.815865 431.206219 434.414750 433.311580 409.019988 380.296562 365.824452 364.787204 356.690901 327.718477 303.232116 286.890003 263.341879 229.315851 178.094983 100.063600 34.386737 -26.118766 -60.410415 -89.620943 -121.646838 -159.184737 -148.253625 -133.780433 -138.225311 -150.334791 -154.704506 -125.454888 -107.402342 -97.713021 -111.126715 -93.341830 -67.469356 -27.110426 12.797567 57.886573 108.234694 157.128222 184.837660 200.030863 227.251990 267.058175 325.619939 425.008555 543.363939 678.644353 731.039348 779.838394 821.165220 839.161849 864.343909 859.060741 805.014337 724.807669 740.057732 725.384529 -9999.0 -9999.0 -9999.0 -9999.0 -9999.0 -9999.0 -9999.0 -9999.0 -9999.0
-9999.0 -9999.0 -936.287062 -747.388574 -590.560997 -409.432965 -265.668317 -164.979814 -94.233957 -4.638025 83.619287 155.497917 194.233629 210.061128 192.010760 153.158711 128.184046 128.617551 120.088498 107.435841 85.016846 76.890627 68.053947 60.562928 47.516228 39.469977 33.778483 23.225657 1.929731 -43.375871 -94.356920 -145.037786 -198.315699 -222.589930 -243.872969 -265.897153 -268.798668 -270.301080 -263.272391 -261.924443 -256.463026 -244.734182 -224.120629 -202.989742 -193.862880 -187.109845 -175.098036 -152.242207 -120.187443 -80.538984 -29.814567 23.792223 59.557814 69.495652 58.633664 62.824076 82.638378 124.449210 207.418849 293.413933 394.654930 472.082159 576.246130 686.584957 718.781707 749.081840 794.577814 757.659530 495.906308 693.610809 -9999.0 -9999.0 -9999.0 -9999.0 -9999.0 -9999.0 -9999.0 -9999.0 -9999.0 -9999.0
-9999.0 -9999.0 -9999.0 -9999.0 -890.459959 -734.356249 -641.989067 -561.991896 -444.512640 -339.129403 -249.354676 -175.285192 -124.231649 -101.740168 -112.965383 -117.892491 -125.722731 -129.271749 -137.520871 -142.317779 -147.128757 -154.389681 -165.368441 -172.621004 -173.055293 -169.333331 -171.047361 -183.495920 -198.613249 -224.693029 -247.679988 -282.015059 -318.138982 -346.476388 -358.861799 -365.251437 -364.655816 -369.894914 -360.243749 -353.818122 -338.982072 -323.633095 -299.784568 -271.681102 -259.317341 -245.402381 -236.061905 -215.763821 -186.564684 -135.014029 -74.242809 -19.950331 11.991193 13.610281 -14.341190 -32.254817 -37.783957 -12.351614 31.440760 96.751553 194.332912 264.116040 329.953442 393.189089 441.692739 525.020864 693.222092 751.147997 -9999.0 -9999.0 -9999.0 -9999.0 -9999.0 -9999.0 -9999.0 -9999.0 -9999.0 -9999.0 -9999.0 -9999.0
-9999.0 -9999.0 -9999.0 -9999.0 -9999.0 -9999.0 -946.005785 -851.555488 -765.542930 -645.483239 -534.680487 -445.366414 -373.392551 -349.481164 -332.419626 -310.321201 -314.788138 -331.515741 -347.781966 -331.126795 -321.264628 -325.809856 -352.742197 -353.819992 -350.020336 -340.458880 -341.248929 -346.743124 -370.692701 -361.915697 -362.643826 -384.857747 -410.116453 -423.882125 -434.947342 -424.705083 -423.620906 -435.866428 -433.343533 -407.339811 -387.718272 -374.359093 -352.025940 -319.164989 -287.496524 -273.518044 -272.896709 -267.153913 -226.379492 -157.232804 -88.449563 -36.615558 -7.538788 -1.991553 -32.306832 -75.323029 -99.215293 -95.506723 -64.525952 -15.206426 56.574101 101.412414 129.820739 151.504558 179.516080 274.960586 -9999.0 -9999.0 -9999.0 -9999.0 -9999.0 -9999.0 -9999.0 -9999.0 -9999.0 -9999.0 -9999.0 -9999.0 -9999.0 -9999.0
-9999.0 -9999.0 -9999.0 -9999.0 -9999.0 -9999.0 -9999.0 -9999.0 -9999.0 -9999.0 -9999.0 -9999.0 -9999.0 -9999.0 -9999.0 -9999.0 -9999.0 -9999.0 -9999.0 -9999.0 -9999.0 -9999.0 -9999.0 -9999.0 -9999.0 -9999.0 -9999.0 -9999.0 -9999.0 -9999.0 -9999.0 -9999.0 -9999.0 -9999.0 -9999.0 -9999.0 -9999.0 -9999.0 -9999.0 -9999.0 -9999.0 -9999.0 -9999.0 -9999.0 -9999.0 -9999.0 -9999.0 -9999.0 -9999.0 -9999.0 -9999.0 -9999.0 -9999.0 -9999.0 -9999.0 -9999.0 -9999.0 -9999.0 -9999.0 -9999.0 -9999.0 -9999.0 -9999.0 -9999.0 -9999.0 -9999.0 -9999.0 -9999.0 -9999.0 -9999.0 -9999.0 -9999.0 -9999.0 -9999.0 -9999.0 -9999.0 -9999.0 -9999.0 -9999.0 -9999.0
-9999.0 -9999.0 -9999.0 -9999.0 -9999.0 -9999.0 -9999.0 -9999.0 -9999.0 -9999.0 -9999.0 -9999.0 -9999.0 -9999.0 -9999.0 -9999.0 -9999.0 -9999.0 -9999.0 -9999.0 -9999.0 -9999.0 -9999.0 -9999.0 -9999.0 -9999.0 -9999.0 -9999.0 -9999.0 -9999.0 -9999.0 -9999.0 -9999.0 -9999.0 -9999.0 -9999.0 -9999.0 -9999.0 -9999.0 -9999.0 -9999.0 -9999.0 -9999.0 -9999.0 -9999.0 -9999.0 -9999.0 -9999.0 -9999.0 -9999.0 -9999.0 -9999.0 -9999.0 -9999.0 -9999.0 -9999.0 -9999.0 -9999.0 -9999.0 -9999.0 -9999.0 -9999.0 -9999.0 -9999.0 -9999.0 -9999.0 -9999.0 -9999.0 -9999.0 -9999.0 -9999.0 -9999.0 -9999.0 -9999.0 -9999.0 -9999.0 -9999.0 -9999.0 -9999.0 -9999.0