Borden_/Borden1m_014/output_maps/psiliqL0013N0035.asc
ncols         80
nrows         18
xllcorner     620200.000000
yllcorner     5168000.000000
cellsize      1.000000
NODATA_value  -9999.0
-9999.0 -9999.0 -9999.0 -9999.0 -9999.0 -9999.0 -9999.0 -9999.0 -9999.0 -9999.0 -9999.0 -9999.0 -9999.0 -9999.0 -9999.0 -9999.0 -9999.0 -9999.0 -9999.0 -9999.0 -9999.0 -9999.0 -9999.0 -9999.0 -9999.0 -9999.0 -9999.0 -9999.0 -9999.0 -9999.0 -9999.0 -9999.0 -9999.0 -9999.0 -9999.0 -9999.0 -9999.0 -9999.0 -9999.0 -9999.0 -9999.0 -9999.0 -9999.0 -9999.0 -9999.0 -9999.0 -9999.0 -9999.0 -9999.0 -9999.0 -9999.0 -9999.0 -9999.0 -9999.0 -9999.0 -9999.0 -9999.0 -9999.0 -9999.0 -9999.0 -9999.0 -9999.0 -9999.0 -9999.0 -9999.0 -9999.0 -9999.0 -9999.0 -9999.0 -9999.0 -9999.0 -9999.0 -9999.0 -9999.0 -9999.0 -9999.0 -9999.0 -9999.0 -9999.0 -9999.0
-9999.0 -9999.0 -9999.0 -9999.0 -9999.0 -9999.0 -9999.0 -9999.0 -9999.0 -9999.0 -9999.0 -9999.0 -9999.0 -9999.0 -9999.0 -9999.0 -9999.0 -9999.0 -9999.0 -9999.0 -9999.0 -9999.0 -9999.0 -9999.0 -9999.0 -9999.0 -9999.0 -9999.0 -9999.0 -9999.0 -9999.0 -9999.0 -9999.0 -9999.0 -9999.0 -9999.0 -9999.0 -9999.0 -9999.0 -9999.0 -9999.0 -9999.0 -9999.0 -9999.0 -9999.0 -9999.0 -9999.0 -9999.0 -9999.0 -9999.0 -9999.0 -9999.0 -9999.0 -9999.0 -9999.0 -9999.0 -9999.0 -9999.0 -9999.0 -9999.0 -9999.0 -9999.0 -9999.0 -9999.0 -9999.0 -9999.0 -9999.0 -9999.0 -9999.0 -9999.0 -9999.0 -9999.0 -9999.0 -9999.0 -9999.0 -9999.0 -9999.0 -9999.0 -9999.0 -9999.0
-9999.0 -9999.0 -9999.0 -9999.0 -9999.0 -9999.0 -9999.0 -9999.0 -9999.0 -9999.0 -9999.0 -9999.0 -9999.0 -9999.0 -9999.0 -9999.0 -9999.0 -9999.0 -9999.0 -9999.0 745.537546 748.518259 726.965181 694.065114 667.021029 670.287986 706.154715 748.730246 788.552545 799.956633 783.275130 786.724760 783.171379 783.163813 786.664303 794.187852 798.952279 811.095691 820.629698 821.484999 816.568468 812.320738 813.048070 816.390130 821.386752 810.019583 822.716741 836.612044 840.511948 833.480246 804.345402 786.803962 776.116821 759.005985 781.787076 792.161928 813.544788 816.438179 813.646384 785.635060 754.906870 -9999.0 -9999.0 -9999.0 -9999.0 -9999.0 -9999.0 -9999.0 -9999.0 -9999.0 -9999.0 -9999.0 -9999.0 -9999.0 -9999.0 -9999.0 -9999.0 -9999.0 -9999.0 -9999.0
-9999.0 -9999.0 -9999.0 -9999.0 -9999.0 -9999.0 -9999.0 -9999.0 -9999.0 -9999.0 -9999.0 -9999.0 -9999.0 -9999.0 652.608762 643.557000 641.655444 651.077184 685.646499 716.595434 729.118257 722.441726 723.498145 701.072073 681.790154 697.165677 728.408457 761.783725 798.178753 820.177904 810.065078 809.091381 820.242213 847.179744 861.534424 859.863929 840.827850 865.198222 882.600848 893.100681 894.271439 887.208362 901.323499 917.397969 910.156878 891.871612 895.172838 905.430530 916.174481 899.788620 833.312605 811.200873 804.712848 795.770888 779.741643 771.494232 795.128349 793.897772 784.236761 764.980567 731.320056 686.501638 667.226014 704.844200 747.795347 804.411424 -9999.0 -9999.0 -9999.0 -9999.0 -9999.0 -9999.0 -9999.0 -9999.0 -9999.0 -9999.0 -9999.0 -9999.0 -9999.0 -9999.0
-9999.0 -9999.0 -9999.0 -9999.0 -9999.0 -9999.0 -9999.0 -9999.0 -9999.0 592.526854 597.492063 605.618374 608.831909 625.447220 623.995135 632.127173 640.534549 668.610657 700.954120 737.309110 767.296982 759.530531 761.560654 773.676422 779.470864 793.528839 817.294981 860.503051 903.700385 947.332674 920.778152 920.215377 941.033119 990.175400 1025.635768 1034.214498 1016.791883 1025.986745 1053.640074 1079.333915 1082.186141 1082.144032 1108.005251 1122.027703 1123.348549 1102.069486 1085.847049 1083.107203 1105.612725 1051.303693 981.950972 927.851831 928.240787 895.116644 853.720458 830.540642 825.493194 844.234583 827.160342 787.937788 749.824394 737.552806 718.871583 734.416618 755.356987 800.521597 838.095663 865.426647 864.019566 845.775039 -9999.0 -9999.0 -9999.0 -9999.0 -9999.0 -9999.0 -9999.0 -9999.0 -9999.0 -9999.0
-9999.0 -9999.0 -9999.0 -9999.0 -9999.0 -9999.0 512.438242 522.408581 543.373934 549.047469 575.195025 583.749956 605.593956 626.231647 649.053972 667.299577 699.339496 734.061158 777.099798 822.710380 857.385947 855.056148 868.061031 901.800639 943.977883 976.084548 1003.987644 1047.593725 1127.477486 1172.992185 1183.566691 1190.011813 1200.590614 1248.862438 1312.508656 1328.229312 1309.105273 1295.894186 1317.716921 1356.602938 1367.707353 1371.440899 1381.966405 1391.245512 1416.219123 1405.449537 1362.076034 1343.874869 1338.378926 1320.929143 1259.878100 1194.997708 1157.042128 1104.954829 1019.308401 960.311191 962.534138 977.385894 944.710727 887.527543 842.959419 829.460453 812.018754 796.294426 800.202574 817.393751 838.019918 847.469494 833.020847 810.730444 786.749605 757.115551 758.268282 783.093130 -9999.0 -9999.0 -9999.0 -9999.0 -9999.0 -9999.0
-9999.0 -9999.0 -9999.0 -9999.0 461.673883 475.014066 463.684376 489.332599 522.911802 558.092724 591.578007 630.273888 659.450178 691.662030 734.715313 772.861331 818.568480 857.295356 915.255036 987.264439 1042.883422 1071.645948 1091.011377 1151.753735 1213.962167 1267.172969 1289.422376 1318.877878 1364.346932 1427.714179 1456.456305 1464.206663 1481.804266 1515.369177 1560.660150 1592.635000 1577.021300 1570.819484 1577.882167 1590.909306 1616.878305 1619.797182 1622.303391 1624.436729 1628.023899 1626.218907 1600.586105 1565.691754 1550.976095 1540.539998 1512.035871 1442.995120 1398.888937 1366.850574 1333.390041 1280.958725 1214.085073 1194.524495 1135.516388 1075.512066 1007.762699 981.045467 946.513129 917.305237 884.266440 882.135758 881.972322 858.744695 824.524568 790.518283 774.124547 754.379290 742.878688 772.305016 789.471043 819.674734 -9999.0 -9999.0 -9999.0 -9999.0
-9999.0 -9999.0 401.712527 451.129077 508.509570 518.224723 520.348496 527.520010 557.309383 611.012954 689.615159 743.556638 789.853575 826.278841 889.712392 974.728399 1053.134550 1105.624919 1166.942824 1237.245534 1300.901618 1337.892298 1359.741734 1399.582000 1452.223662 1511.524438 1537.969097 1564.490407 1596.024578 1630.181952 1645.104528 1659.838155 1667.783558 1669.007291 1673.239912 1673.911935 1669.670684 1664.397092 1646.824540 1644.193989 1652.209352 1657.843348 1660.295049 1647.349939 1643.293678 1656.055567 1658.531629 1656.745482 1656.206633 1662.983578 1667.312451 1629.370224 1587.825704 1571.569161 1561.710520 1517.231940 1452.490930 1407.436900 1383.156035 1339.487165 1260.171717 1205.798606 1152.755535 1100.582769 1043.884848 1007.590615 956.059909 909.561405 859.806055 811.445076 786.257727 766.969546 763.706539 763.071103 778.614251 793.565179 808.563796 816.165326 -9999.0 -9999.0
-9999.0 299.386295 372.147440 499.304187 580.086709 626.314114 662.245140 689.344113 719.723594 745.976375 855.552832 953.561692 1048.750757 1087.865455 1141.644030 1241.141780 1337.703525 1384.124659 1421.465496 1474.887540 1533.456467 1580.861174 1610.646388 1627.019664 1659.507326 1669.757338 1672.018989 1674.884232 1670.756424 1663.609295 1654.896465 1661.364303 1657.896753 1639.008385 1622.826202 1619.030753 1612.373473 1587.264925 1558.764719 1544.546540 1547.397337 1570.019356 1559.254232 1539.133128 1535.453278 1556.129484 1574.355991 1565.590693 1554.727843 1572.705806 1607.621004 1629.588861 1641.277097 1657.348585 1678.000320 1652.834687 1622.794547 1580.933343 1560.966616 1530.523511 1470.105053 1406.994598 1351.172723 1288.677368 1220.036447 1148.927702 1082.126190 1016.549083 946.277615 902.600316 869.450449 817.555675 794.954521 795.603618 785.819013 782.316411 787.939678 794.031782 -9999.0 -9999.0
-9999.0 221.232871 364.242231 549.846547 699.401661 761.767500 870.634049 954.954105 987.258463 964.062290 1075.812172 1296.737005 1395.352221 1412.467998 1482.375232 1567.263430 1592.343432 1624.118795 1645.423853 1652.276123 1658.257421 1667.442113 1666.433862 1661.234834 1647.298974 1639.659203 1638.233906 1634.660394 1615.932340 1595.864079 1577.591215 1572.797495 1554.506650 1511.073364 1477.350296 1459.094098 1441.602932 1419.479542 1385.433915 1358.827306 1344.802896 1361.516150 1354.032028 1337.108287 1333.397675 1355.733205 1388.158662 1383.792490 1391.434841 1414.130527 1455.231637 1496.479504 1520.135128 1550.624577 1588.005050 1632.067537 1648.675513 1669.970387 1674.459372 1653.690806 1609.045949 1556.315046 1520.040898 1454.544800 1379.239549 1298.268519 1231.100411 1166.261512 1094.957478 1046.337592 997.521933 939.034995 882.843029 857.081949 816.404208 795.466175 -9999.0 -9999.0 -9999.0 -9999.0
-9999.0 145.682327 335.010122 596.141707 869.787445 988.751393 1192.421546 1322.954789 1384.871490 1450.362382 1444.463724 1581.465178 1617.580695 1612.849146 1608.370718 1612.149715 1627.764852 1631.824628 1628.487989 1618.528167 1609.198194 1604.957275 1603.705388 1596.575015 1584.275452 1569.015144 1555.219116 1540.765102 1500.419996 1465.677320 1429.889469 1414.185164 1375.672901 1284.301335 1240.229390 1204.314582 1147.954676 1139.831576 1131.436033 1102.584739 1082.995007 1064.030337 1084.689529 1087.790499 1089.845623 1094.878200 1113.287324 1136.229717 1180.337447 1217.464251 1263.055701 1316.649891 1352.042677 1396.402065 1444.542321 1502.434580 1535.679083 1567.418473 1614.551995 1653.824034 1676.335349 1664.832823 1634.944127 1587.199543 1513.927709 1442.382339 1388.134473 1311.047133 1243.673412 1190.579870 1146.582556 1097.515157 1032.735888 947.805869 904.200279 -9999.0 -9999.0 -9999.0 -9999.0 -9999.0
-9999.0 -27.449137 240.608234 531.747820 852.262557 1178.026572 1304.675725 1439.733213 1512.751734 1473.591158 1474.861790 1498.767705 1541.181675 1549.671995 1530.847776 1523.127236 1513.045374 1513.216172 1525.700216 1498.800233 1467.950956 1453.894475 1452.997951 1441.064903 1417.883012 1400.273336 1386.841915 1365.336025 1315.727272 1263.962238 1183.155758 1153.622090 1077.898858 1016.904312 969.650095 918.907491 866.843622 864.266248 880.064840 864.208452 841.573422 822.963576 849.197671 866.336248 878.381743 868.034021 877.807695 914.355506 965.029255 1010.816118 1063.455253 1120.623360 1168.648945 1218.401028 1252.992343 1305.978121 1354.397134 1402.100690 1476.687515 1555.972467 1592.551081 1626.646957 1658.824816 1671.522103 1617.092641 1561.804604 1503.484149 1433.073229 1343.476981 1297.370898 1275.824746 1241.716943 1189.219380 -9999.0 -9999.0 -9999.0 -9999.0 -9999.0 -9999.0 -9999.0
-9999.0 -156.130954 66.648109 302.107502 592.334172 831.766137 1023.071124 1135.117079 1215.844965 1240.455391 1269.373924 1303.518757 1335.910806 1359.188871 1337.873198 1299.974185 1272.111854 1275.893724 1272.228112 1247.385111 1216.909911 1201.384790 1198.919520 1191.508125 1166.426344 1150.837825 1138.853609 1114.775541 1078.264192 1020.387202 938.080471 865.562936 802.942697 768.245531 736.960434 703.123194 665.794121 675.455415 688.272538 684.053188 672.700649 669.169811 698.463536 717.364039 727.626079 715.825421 735.161940 762.573341 805.186685 849.154197 899.681760 956.700951 1012.523052 1044.773763 1062.136173 1091.924436 1134.613923 1191.186650 1278.920270 1374.211498 1450.934601 1500.369907 1550.175616 1581.300360 1590.879449 1599.238557 1566.444086 1472.618211 1339.052260 1340.721164 1345.071031 -9999.0 -9999.0 -9999.0 -9999.0 -9999.0 -9999.0 -9999.0 -9999.0 -9999.0
-9999.0 -9999.0 -168.239514 13.804069 159.588017 342.761722 494.833478 605.409240 690.751996 795.962029 896.165964 978.366407 1023.228643 1041.361586 1025.907337 989.569480 965.933930 965.433154 955.129395 942.548278 920.339722 911.362470 900.511647 892.017602 880.323532 873.397209 867.057140 854.476929 830.621481 782.138534 730.541166 677.787159 623.188481 596.922214 574.253720 551.746486 549.111440 545.746154 551.651579 552.887491 559.048498 571.246817 591.621627 613.402545 623.126121 631.403107 644.168278 668.229826 701.887249 744.430129 798.764589 856.903314 897.521401 911.609808 903.945038 911.588588 935.319820 981.999889 1068.735509 1156.818101 1252.074162 1323.222646 1393.530573 1443.155076 1456.484703 1468.357103 1473.958098 1389.476951 1015.670684 1259.364503 -9999.0 -9999.0 -9999.0 -9999.0 -9999.0 -9999.0 -9999.0 -9999.0 -9999.0 -9999.0
-9999.0 -9999.0 -9999.0 -9999.0 -128.615649 28.037641 124.584813 208.718811 335.139342 450.974860 548.197429 629.116804 687.926731 713.558006 706.395962 706.732510 700.227145 694.838945 685.317176 682.016456 678.559089 670.589675 657.303502 649.497870 649.265185 653.033279 650.089212 635.973582 618.181509 592.876053 570.199285 534.829100 497.876761 468.242797 454.745240 448.220832 447.965396 441.531076 450.497761 457.330719 472.340626 487.647749 511.534617 540.257681 553.562901 568.172030 578.068327 598.963229 629.506167 682.993730 746.393776 804.004901 839.616398 844.326075 819.792633 805.128348 803.074222 833.139544 882.087255 954.107230 1059.657954 1135.691620 1196.082677 1241.493320 1272.023328 1313.089358 1352.919851 1372.124734 -9999.0 -9999.0 -9999.0 -9999.0 -9999.0 -9999.0 -9999.0 -9999.0 -9999.0 -9999.0 -9999.0 -9999.0
-9999.0 -9999.0 -9999.0 -9999.0 -9999.0 -9999.0 -176.265571 -76.924103 7.390447 139.058262 262.177386 359.542067 437.350932 466.294439 488.654389 513.189613 509.995996 492.207017 474.194998 491.604648 503.174766 497.503086 468.525011 467.389556 471.323137 479.729711 477.639503 470.967645 445.612429 455.017115 454.223287 430.640385 404.227866 389.811457 377.861826 387.438541 387.808742 374.637940 376.018108 402.420915 422.400818 435.696052 457.849719 491.036483 523.229380 538.067962 539.370603 545.719170 586.638779 657.085965 728.335950 783.158390 815.194126 823.249243 795.780154 755.770527 735.532326 743.488085 779.796223 835.086300 914.112879 966.342698 996.720371 1014.865050 1037.157979 1127.003439 -9999.0 -9999.0 -9999.0 -9999.0 -9999.0 -9999.0 -9999.0 -9999.0 -9999.0 -9999.0 -9999.0 -9999.0 -9999.0 -9999.0
-9999.0 -9999.0 -9999.0 -9999.0 -9999.0 -9999.0 -9999.0 -9999.0 -9999.0 -9999.0 -9999.0 -9999.0 -9999.0 -9999.0 -9999.0 -9999.0 -9999.0 -9999.0 -9999.0 -9999.0 -9999.0 -9999.0 -9999.0 -9999.0 -9999.0 -9999.0 -9999.0 -9999.0 -9999.0 -9999.0 -9999.0 -9999.0 -9999.0 -9999.0 -9999.0 -9999.0 -9999.0 -9999.0 -9999.0 -9999.0 -9999.0 -9999.0 -9999.0 -9999.0 -9999.0 -9999.0 -9999.0 -9999.0 -9999.0 -9999.0 -9999.0 -9999.0 -9999.0 -9999.0 -9999.0 -9999.0 -9999.0 -9999.0 -9999.0 -9999.0 -9999.0 -9999.0 -9999.0 -9999.0 -9999.0 -9999.0 -9999.0 -9999.0 -9999.0 -9999.0 -9999.0 -9999.0 -9999.0 -9999.0 -9999.0 -9999.0 -9999.0 -9999.0 -9999.0 -9999.0
-9999.0 -9999.0 -9999.0 -9999.0 -9999.0 -9999.0 -9999.0 -9999.0 -9999.0 -9999.0 -9999.0 -9999.0 -9999.0 -9999.0 -9999.0 -9999.0 -9999.0 -9999.0 -9999.0 -9999.0 -9999.0 -9999.0 -9999.0 -9999.0 -9999.0 -9999.0 -9999.0 -9999.0 -9999.0 -9999.0 -9999.0 -9999.0 -9999.0 -9999.0 -9999.0 -9999.0 -9999.0 -9999.0 -9999.0 -9999.0 -9999.0 -9999.0 -9999.0 -9999.0 -9999.0 -9999.0 -9999.0 -9999.0 -9999.0 -9999.0 -9999.0 -9999.0 -9999.0 -9999.0 -9999.0 -9999.0 -9999.0 -9999.0 -9999.0 -9999.0 -9999.0 -9999.0 -9999.0 -9999.0 -9999.0 -9999.0 -9999.0 -9999.0 -9999.0 -9999.0 -9999.0 -9999.0 -9999.0 -9999.0 -9999.0 -9999.0 -9999.0 -9999.0 -9999.0 -9999.0