Borden_/Borden1m_014/output_maps/psiliqL0010N0023.asc
ncols         80
nrows         18
xllcorner     620200.000000
yllcorner     5168000.000000
cellsize      1.000000
NODATA_value  -9999.0
-9999.0 -9999.0 -9999.0 -9999.0 -9999.0 -9999.0 -9999.0 -9999.0 -9999.0 -9999.0 -9999.0 -9999.0 -9999.0 -9999.0 -9999.0 -9999.0 -9999.0 -9999.0 -9999.0 -9999.0 -9999.0 -9999.0 -9999.0 -9999.0 -9999.0 -9999.0 -9999.0 -9999.0 -9999.0 -9999.0 -9999.0 -9999.0 -9999.0 -9999.0 -9999.0 -9999.0 -9999.0 -9999.0 -9999.0 -9999.0 -9999.0 -9999.0 -9999.0 -9999.0 -9999.0 -9999.0 -9999.0 -9999.0 -9999.0 -9999.0 -9999.0 -9999.0 -9999.0 -9999.0 -9999.0 -9999.0 -9999.0 -9999.0 -9999.0 -9999.0 -9999.0 -9999.0 -9999.0 -9999.0 -9999.0 -9999.0 -9999.0 -9999.0 -9999.0 -9999.0 -9999.0 -9999.0 -9999.0 -9999.0 -9999.0 -9999.0 -9999.0 -9999.0 -9999.0 -9999.0
-9999.0 -9999.0 -9999.0 -9999.0 -9999.0 -9999.0 -9999.0 -9999.0 -9999.0 -9999.0 -9999.0 -9999.0 -9999.0 -9999.0 -9999.0 -9999.0 -9999.0 -9999.0 -9999.0 -9999.0 -9999.0 -9999.0 -9999.0 -9999.0 -9999.0 -9999.0 -9999.0 -9999.0 -9999.0 -9999.0 -9999.0 -9999.0 -9999.0 -9999.0 -9999.0 -9999.0 -9999.0 -9999.0 -9999.0 -9999.0 -9999.0 -9999.0 -9999.0 -9999.0 -9999.0 -9999.0 -9999.0 -9999.0 -9999.0 -9999.0 -9999.0 -9999.0 -9999.0 -9999.0 -9999.0 -9999.0 -9999.0 -9999.0 -9999.0 -9999.0 -9999.0 -9999.0 -9999.0 -9999.0 -9999.0 -9999.0 -9999.0 -9999.0 -9999.0 -9999.0 -9999.0 -9999.0 -9999.0 -9999.0 -9999.0 -9999.0 -9999.0 -9999.0 -9999.0 -9999.0
-9999.0 -9999.0 -9999.0 -9999.0 -9999.0 -9999.0 -9999.0 -9999.0 -9999.0 -9999.0 -9999.0 -9999.0 -9999.0 -9999.0 -9999.0 -9999.0 -9999.0 -9999.0 -9999.0 -9999.0 136.145064 139.154611 116.907890 83.324617 55.396641 57.851207 93.274953 134.986917 173.686901 184.748546 167.461018 169.855621 165.551803 165.614337 168.910139 175.479207 178.840251 190.470609 199.267879 199.383102 193.645835 188.502227 188.180475 191.786732 196.812262 186.826081 199.936580 214.810275 220.347893 214.363429 186.141857 169.466296 160.141908 144.494409 168.141352 179.800446 202.172196 205.950802 204.104581 176.693476 146.405000 -9999.0 -9999.0 -9999.0 -9999.0 -9999.0 -9999.0 -9999.0 -9999.0 -9999.0 -9999.0 -9999.0 -9999.0 -9999.0 -9999.0 -9999.0 -9999.0 -9999.0 -9999.0 -9999.0
-9999.0 -9999.0 -9999.0 -9999.0 -9999.0 -9999.0 -9999.0 -9999.0 -9999.0 -9999.0 -9999.0 -9999.0 -9999.0 -9999.0 44.658134 34.849711 32.185587 41.059832 75.229695 105.628847 118.234258 111.013805 111.419258 88.407947 68.673032 83.397391 113.594827 145.974656 181.555774 203.353575 192.207522 190.633697 201.955422 229.862845 244.890214 242.811166 222.085405 245.226527 262.041868 272.262374 272.435059 264.706681 279.901158 296.827154 290.027020 271.341069 273.856521 284.838327 298.074928 281.619026 215.215853 193.010302 187.799463 179.586302 164.756951 157.347952 181.569456 181.630737 172.759582 154.274661 121.545952 77.266518 58.895022 97.135694 141.067855 198.586625 -9999.0 -9999.0 -9999.0 -9999.0 -9999.0 -9999.0 -9999.0 -9999.0 -9999.0 -9999.0 -9999.0 -9999.0 -9999.0 -9999.0
-9999.0 -9999.0 -9999.0 -9999.0 -9999.0 -9999.0 -9999.0 -9999.0 -9999.0 -13.196087 -9.185104 -1.855706 0.319173 16.216214 14.549411 21.883991 29.990507 56.955475 88.709385 124.441839 153.851542 144.940549 146.337057 159.233469 166.507311 180.458362 203.070100 246.006640 291.651125 337.340847 311.634197 311.691668 333.520396 384.720566 423.607296 434.276227 414.213336 419.503694 446.768167 474.162446 477.339052 477.704409 506.038430 522.372221 526.931122 503.508860 481.562777 478.043833 503.629427 446.960272 377.441646 321.081653 318.315733 282.554802 238.520814 214.603452 210.219796 230.377848 213.591507 174.755255 137.308942 126.593977 109.130933 125.072201 147.072854 193.450062 231.801575 260.102534 259.859997 242.287193 -9999.0 -9999.0 -9999.0 -9999.0 -9999.0 -9999.0 -9999.0 -9999.0 -9999.0 -9999.0
-9999.0 -9999.0 -9999.0 -9999.0 -9999.0 -9999.0 -91.973992 -82.906734 -62.957392 -57.553850 -32.769046 -25.020072 -4.137197 15.678820 37.177393 54.841627 86.525780 120.468451 163.464030 209.185860 243.505807 241.215225 254.670983 292.715172 339.602221 374.028550 401.458874 446.513603 536.420145 591.244298 608.950309 618.347668 631.265511 676.808232 739.654250 761.453880 734.856824 717.430892 735.785938 773.844636 792.555931 797.355680 807.175034 816.548117 841.630916 829.977000 779.141906 758.320133 752.403478 738.926800 684.691784 622.382946 573.969726 512.390139 420.093894 358.017203 357.223261 370.170135 334.685393 276.090382 230.585641 217.700172 201.030377 185.480756 189.825863 208.207029 230.523984 241.259738 228.177417 207.085279 183.826778 154.827872 156.326101 181.518709 -9999.0 -9999.0 -9999.0 -9999.0 -9999.0 -9999.0
-9999.0 -9999.0 -9999.0 -9999.0 -141.818113 -129.236186 -140.942116 -116.829350 -84.551080 -50.888756 -18.183864 19.724348 47.777682 78.903113 121.995836 161.252669 207.505916 247.019417 307.813187 382.175694 439.507219 471.580784 496.397350 570.222671 639.669499 692.035058 711.415679 738.896636 785.845932 857.156060 888.355649 895.630628 914.129310 944.783389 989.516290 1022.811117 1004.546662 996.242465 1000.729947 1011.895444 1038.511426 1041.252053 1043.505272 1045.123516 1048.079281 1046.667639 1021.196300 987.327562 972.346323 964.107033 939.044343 873.947160 821.215588 785.442795 754.398157 707.324399 641.619401 616.348324 548.305114 479.535398 405.833956 376.537987 339.647310 308.410783 274.102682 272.073895 272.800814 251.241306 219.044038 186.256142 170.763119 151.708538 141.019825 170.654523 188.133856 218.834992 -9999.0 -9999.0 -9999.0 -9999.0
-9999.0 -9999.0 -200.367594 -150.671678 -94.424475 -85.572232 -83.517207 -77.916596 -50.179539 1.636665 81.001662 135.396667 182.379807 217.801603 283.484469 373.219959 457.016709 517.488425 588.564988 660.524216 721.369616 759.130498 789.068257 832.164848 883.743492 940.063118 963.224847 987.569677 1019.352795 1053.516387 1073.589106 1088.882918 1096.043336 1095.520658 1098.377576 1098.597993 1093.879466 1087.323452 1069.006182 1065.841675 1073.476473 1077.747452 1080.480387 1067.882484 1063.985809 1076.551760 1078.689407 1078.001077 1078.128456 1086.249775 1093.385332 1059.099926 1011.463813 995.030341 985.250575 945.085643 883.196046 831.506039 803.364813 759.892609 683.836871 630.064584 569.998223 506.461614 442.467972 402.033661 348.796548 303.283847 254.962287 207.794916 183.277348 164.205172 161.314685 161.256815 177.008087 192.361824 207.618194 215.356701 -9999.0 -9999.0
-9999.0 -300.371468 -227.791511 -100.342966 -20.798598 25.003333 64.402836 93.095208 120.268797 140.788525 253.558769 361.984665 460.238360 502.571055 567.343962 671.072338 770.785278 817.384892 854.202382 904.231350 959.576996 1005.822537 1036.138398 1060.569757 1090.520860 1095.470577 1095.514759 1096.821246 1091.579441 1084.776364 1075.484462 1082.039209 1079.621853 1062.750250 1048.429691 1045.721269 1038.755671 1011.457182 981.946312 966.814298 969.656424 990.959581 980.212515 960.439149 956.982300 977.390404 995.178335 987.741997 976.702325 995.836772 1031.018096 1052.680110 1066.432748 1081.663101 1101.823343 1078.424375 1047.231396 1005.513673 983.852406 955.451288 894.084093 831.497215 775.533399 712.307952 644.868668 567.617478 491.311243 422.128827 349.907887 305.391653 271.277230 217.706022 193.444955 193.725976 183.851262 180.773883 186.909928 193.198926 -9999.0 -9999.0
-9999.0 -374.453397 -231.106708 -45.101790 103.530967 168.138323 287.210006 374.388164 406.937006 386.254710 509.913544 739.536641 829.172876 846.208601 915.091820 996.264808 1029.784870 1059.914550 1079.703499 1081.752570 1083.377703 1090.255528 1088.609488 1082.581168 1068.934835 1061.108473 1059.713695 1056.134143 1037.114325 1017.384015 998.874154 993.514346 977.067374 938.723111 908.355903 892.423421 874.772793 843.244008 803.401699 773.770233 758.953614 776.052483 767.456775 750.371696 746.965696 770.120046 804.073707 801.314616 810.385554 835.443964 877.974674 922.153762 946.118669 976.074353 1012.467356 1055.182705 1073.054357 1093.411294 1097.949312 1076.426795 1033.830142 983.570225 948.817905 882.405675 809.535231 730.864758 668.096348 607.390152 529.514349 470.578641 414.024639 349.548702 287.114268 256.476180 215.157596 193.647998 -9999.0 -9999.0 -9999.0 -9999.0
-9999.0 -443.875848 -252.856912 11.866939 278.810604 412.945855 625.977472 759.802337 830.696730 883.843930 904.651670 1023.186740 1051.189358 1045.086951 1034.880428 1037.655997 1052.400695 1056.707499 1053.579356 1044.158983 1034.063384 1028.237147 1026.851331 1018.877774 1007.346961 991.875765 978.134652 963.241834 919.440960 885.111067 851.358327 833.488667 795.005318 707.436612 667.337074 634.726690 575.341054 560.491186 544.244142 508.068865 484.550574 465.953575 485.871250 487.004872 488.540411 497.467995 522.101760 548.314589 597.879117 638.719247 683.237665 736.009007 772.178502 818.264633 867.591352 928.146279 960.710398 991.176126 1036.239742 1077.165115 1100.320254 1091.187751 1062.003263 1018.605986 950.197285 880.661685 833.712765 766.592249 701.795387 647.161987 598.976667 536.830791 454.437080 350.251113 303.976077 -9999.0 -9999.0 -9999.0 -9999.0 -9999.0
-9999.0 -605.242570 -336.808873 -41.181940 290.400906 621.498884 742.666569 896.751764 971.166699 917.597576 901.070092 925.127581 963.983293 974.011562 955.922935 949.918188 941.864231 942.555153 955.626196 929.713807 895.920619 880.894178 879.200744 865.814396 840.833648 820.948096 805.706827 783.316391 733.128046 684.811182 608.415807 575.489712 490.159855 419.017791 369.940596 319.341252 264.861524 260.471746 274.227455 255.997954 232.344564 213.086631 238.860433 254.955828 266.459410 257.245677 267.882890 305.190258 357.202844 403.998959 458.969475 522.888101 579.448476 637.076823 672.580120 725.084210 773.341183 823.112250 898.286892 980.503000 1017.153856 1052.365929 1087.809151 1103.647971 1055.920598 1007.250292 960.852788 906.976869 822.331458 770.747741 739.683199 695.792955 637.880590 -9999.0 -9999.0 -9999.0 -9999.0 -9999.0 -9999.0 -9999.0
-9999.0 -737.401232 -508.713626 -264.169210 34.186521 276.816278 471.343428 595.986141 682.098511 683.097020 697.448936 725.027505 754.349273 776.709477 755.934261 721.885851 697.170106 701.764794 700.779712 677.882013 649.180968 634.622235 632.258997 622.554696 591.971164 571.563291 555.830537 526.538127 482.551653 421.219774 336.424856 264.039183 198.732233 161.544256 130.149152 96.189926 57.106379 66.856679 80.429952 75.487451 63.098480 58.735726 88.191080 106.698169 116.820712 104.282672 123.236815 150.707026 193.308793 236.462261 286.182126 343.185185 400.026823 434.789312 454.582425 489.683884 542.037569 609.592750 698.710151 796.404364 874.038650 928.326029 980.608701 1014.869538 1030.685962 1050.047522 1033.842564 965.680394 852.308619 838.683631 821.517913 -9999.0 -9999.0 -9999.0 -9999.0 -9999.0 -9999.0 -9999.0 -9999.0 -9999.0
-9999.0 -9999.0 -745.268964 -557.956882 -402.358891 -216.380253 -63.774788 47.059298 126.642631 221.399387 313.906044 390.892377 433.838189 451.812998 434.183111 394.851716 369.868205 370.016350 360.707729 347.424026 323.924238 314.427598 303.902737 294.730032 280.202168 271.341232 264.134634 250.711531 225.680265 176.833395 123.641303 70.451775 15.023002 -10.939397 -33.336844 -56.075362 -59.482626 -61.821117 -55.341061 -54.235390 -48.755623 -36.970765 -16.344986 5.100644 14.578293 21.979965 34.628498 58.483687 91.883625 133.367206 186.343446 243.021654 282.405242 295.738171 287.814484 296.047830 321.969534 372.331544 467.025465 570.747553 671.206743 745.104848 820.559301 875.446326 898.694564 922.793818 950.971982 904.725849 596.440380 794.153675 -9999.0 -9999.0 -9999.0 -9999.0 -9999.0 -9999.0 -9999.0 -9999.0 -9999.0 -9999.0
-9999.0 -9999.0 -9999.0 -9999.0 -701.708731 -545.015981 -450.426315 -366.843710 -244.007983 -132.653256 -39.517364 37.972718 92.451822 116.520914 106.610712 102.965459 95.419899 91.322492 82.520376 77.728691 72.687339 64.590281 52.332846 44.289628 43.265293 46.446670 43.766891 29.999993 13.164128 -13.674088 -37.412015 -72.770816 -109.889202 -139.255688 -152.430794 -159.216408 -159.078421 -164.823814 -155.407019 -148.907403 -133.989874 -118.583414 -94.619134 -66.253412 -53.526060 -39.276286 -29.552703 -8.736183 21.376169 74.269100 136.603668 192.679166 226.657165 230.144639 204.107919 188.441237 185.889587 215.608726 265.933506 341.792193 452.594840 540.659855 617.088928 670.032617 706.889559 759.059950 824.944091 872.288629 -9999.0 -9999.0 -9999.0 -9999.0 -9999.0 -9999.0 -9999.0 -9999.0 -9999.0 -9999.0 -9999.0 -9999.0
-9999.0 -9999.0 -9999.0 -9999.0 -9999.0 -9999.0 -755.764625 -660.215267 -574.301360 -449.479843 -332.509264 -239.535154 -164.202570 -138.042084 -119.107575 -96.132045 -100.214468 -117.343475 -134.336612 -117.498673 -107.362370 -112.565724 -140.683202 -142.182592 -138.629453 -129.577254 -131.058316 -137.345056 -162.344677 -153.785880 -154.983681 -178.179886 -204.328214 -218.654659 -230.212242 -220.241008 -219.452234 -232.081833 -229.888628 -203.690862 -183.874416 -170.428314 -147.966988 -114.818210 -82.863007 -68.527136 -67.554657 -61.395737 -20.185363 49.986120 120.190961 173.479923 204.051234 210.982759 182.147768 140.883006 119.228415 125.872311 160.878804 215.746516 295.571295 350.459617 387.280214 412.884181 444.952228 550.099906 -9999.0 -9999.0 -9999.0 -9999.0 -9999.0 -9999.0 -9999.0 -9999.0 -9999.0 -9999.0 -9999.0 -9999.0 -9999.0 -9999.0
-9999.0 -9999.0 -9999.0 -9999.0 -9999.0 -9999.0 -9999.0 -9999.0 -9999.0 -9999.0 -9999.0 -9999.0 -9999.0 -9999.0 -9999.0 -9999.0 -9999.0 -9999.0 -9999.0 -9999.0 -9999.0 -9999.0 -9999.0 -9999.0 -9999.0 -9999.0 -9999.0 -9999.0 -9999.0 -9999.0 -9999.0 -9999.0 -9999.0 -9999.0 -9999.0 -9999.0 -9999.0 -9999.0 -9999.0 -9999.0 -9999.0 -9999.0 -9999.0 -9999.0 -9999.0 -9999.0 -9999.0 -9999.0 -9999.0 -9999.0 -9999.0 -9999.0 -9999.0 -9999.0 -9999.0 -9999.0 -9999.0 -9999.0 -9999.0 -9999.0 -9999.0 -9999.0 -9999.0 -9999.0 -9999.0 -9999.0 -9999.0 -9999.0 -9999.0 -9999.0 -9999.0 -9999.0 -9999.0 -9999.0 -9999.0 -9999.0 -9999.0 -9999.0 -9999.0 -9999.0
-9999.0 -9999.0 -9999.0 -9999.0 -9999.0 -9999.0 -9999.0 -9999.0 -9999.0 -9999.0 -9999.0 -9999.0 -9999.0 -9999.0 -9999.0 -9999.0 -9999.0 -9999.0 -9999.0 -9999.0 -9999.0 -9999.0 -9999.0 -9999.0 -9999.0 -9999.0 -9999.0 -9999.0 -9999.0 -9999.0 -9999.0 -9999.0 -9999.0 -9999.0 -9999.0 -9999.0 -9999.0 -9999.0 -9999.0 -9999.0 -9999.0 -9999.0 -9999.0 -9999.0 -9999.0 -9999.0 -9999.0 -9999.0 -9999.0 -9999.0 -9999.0 -9999.0 -9999.0 -9999.0 -9999.0 -9999.0 -9999.0 -9999.0 -9999.0 -9999.0 -9999.0 -9999.0 -9999.0 -9999.0 -9999.0 -9999.0 -9999.0 -9999.0 -9999.0 -9999.0 -9999.0 -9999.0 -9999.0 -9999.0 -9999.0 -9999.0 -9999.0 -9999.0 -9999.0 -9999.0