Borden_/Borden1m_014/output_maps/psiliqL0016N0033.asc
ncols         80
nrows         18
xllcorner     620200.000000
yllcorner     5168000.000000
cellsize      1.000000
NODATA_value  -9999.0
-9999.0 -9999.0 -9999.0 -9999.0 -9999.0 -9999.0 -9999.0 -9999.0 -9999.0 -9999.0 -9999.0 -9999.0 -9999.0 -9999.0 -9999.0 -9999.0 -9999.0 -9999.0 -9999.0 -9999.0 -9999.0 -9999.0 -9999.0 -9999.0 -9999.0 -9999.0 -9999.0 -9999.0 -9999.0 -9999.0 -9999.0 -9999.0 -9999.0 -9999.0 -9999.0 -9999.0 -9999.0 -9999.0 -9999.0 -9999.0 -9999.0 -9999.0 -9999.0 -9999.0 -9999.0 -9999.0 -9999.0 -9999.0 -9999.0 -9999.0 -9999.0 -9999.0 -9999.0 -9999.0 -9999.0 -9999.0 -9999.0 -9999.0 -9999.0 -9999.0 -9999.0 -9999.0 -9999.0 -9999.0 -9999.0 -9999.0 -9999.0 -9999.0 -9999.0 -9999.0 -9999.0 -9999.0 -9999.0 -9999.0 -9999.0 -9999.0 -9999.0 -9999.0 -9999.0 -9999.0
-9999.0 -9999.0 -9999.0 -9999.0 -9999.0 -9999.0 -9999.0 -9999.0 -9999.0 -9999.0 -9999.0 -9999.0 -9999.0 -9999.0 -9999.0 -9999.0 -9999.0 -9999.0 -9999.0 -9999.0 -9999.0 -9999.0 -9999.0 -9999.0 -9999.0 -9999.0 -9999.0 -9999.0 -9999.0 -9999.0 -9999.0 -9999.0 -9999.0 -9999.0 -9999.0 -9999.0 -9999.0 -9999.0 -9999.0 -9999.0 -9999.0 -9999.0 -9999.0 -9999.0 -9999.0 -9999.0 -9999.0 -9999.0 -9999.0 -9999.0 -9999.0 -9999.0 -9999.0 -9999.0 -9999.0 -9999.0 -9999.0 -9999.0 -9999.0 -9999.0 -9999.0 -9999.0 -9999.0 -9999.0 -9999.0 -9999.0 -9999.0 -9999.0 -9999.0 -9999.0 -9999.0 -9999.0 -9999.0 -9999.0 -9999.0 -9999.0 -9999.0 -9999.0 -9999.0 -9999.0
-9999.0 -9999.0 -9999.0 -9999.0 -9999.0 -9999.0 -9999.0 -9999.0 -9999.0 -9999.0 -9999.0 -9999.0 -9999.0 -9999.0 -9999.0 -9999.0 -9999.0 -9999.0 -9999.0 -9999.0 1351.203505 1354.039541 1332.984631 1300.464832 1273.888789 1277.600132 1313.571659 1356.490100 1396.886819 1408.197719 1391.794191 1396.029209 1392.836643 1392.211601 1395.329724 1403.312040 1408.982295 1420.978720 1430.395728 1431.085592 1426.199544 1422.276130 1423.702201 1426.685550 1431.826707 1419.416745 1432.315475 1445.963052 1449.122279 1442.156551 1413.347785 1396.084818 1384.914393 1367.063506 1389.651045 1399.318047 1420.134257 1422.496284 1419.134581 1390.899322 1360.014948 -9999.0 -9999.0 -9999.0 -9999.0 -9999.0 -9999.0 -9999.0 -9999.0 -9999.0 -9999.0 -9999.0 -9999.0 -9999.0 -9999.0 -9999.0 -9999.0 -9999.0 -9999.0 -9999.0
-9999.0 -9999.0 -9999.0 -9999.0 -9999.0 -9999.0 -9999.0 -9999.0 -9999.0 -9999.0 -9999.0 -9999.0 -9999.0 -9999.0 1257.339581 1248.803241 1247.330156 1256.962878 1291.677086 1322.914739 1335.255459 1328.846148 1330.217865 1307.961040 1288.624469 1304.154238 1335.776152 1369.252489 1405.681863 1427.383611 1417.944838 1417.305287 1427.944741 1453.403985 1466.401250 1464.545304 1446.317350 1471.102173 1487.879537 1497.362838 1498.304366 1491.064425 1504.019771 1519.523457 1512.165054 1494.378912 1499.089461 1509.717468 1519.528152 1504.389458 1439.283425 1418.705799 1411.953101 1403.139421 1386.841818 1378.673943 1402.418417 1400.387874 1390.442881 1370.981256 1336.916141 1291.796169 1271.961713 1309.460759 1351.771770 1407.659192 -9999.0 -9999.0 -9999.0 -9999.0 -9999.0 -9999.0 -9999.0 -9999.0 -9999.0 -9999.0 -9999.0 -9999.0 -9999.0 -9999.0
-9999.0 -9999.0 -9999.0 -9999.0 -9999.0 -9999.0 -9999.0 -9999.0 -9999.0 1195.895763 1201.541716 1210.080596 1213.909532 1230.884247 1229.391227 1237.897560 1246.082742 1274.787309 1307.209386 1343.540964 1373.370360 1366.017671 1368.017738 1378.900789 1382.745318 1396.085899 1419.829939 1462.216011 1502.969639 1545.140862 1517.867564 1516.957643 1537.233358 1584.239620 1616.215561 1623.096676 1605.939865 1617.278415 1643.861867 1667.033353 1668.384516 1667.200276 1692.934714 1707.064908 1706.403546 1685.037296 1672.654162 1671.975900 1695.319276 1641.863537 1573.600032 1522.971090 1526.290715 1495.332433 1457.024832 1435.886096 1431.228693 1449.348032 1432.588430 1393.735251 1355.981217 1343.035847 1323.847780 1339.647694 1360.099592 1404.514780 1441.727144 1468.570900 1466.450260 1447.860068 -9999.0 -9999.0 -9999.0 -9999.0 -9999.0 -9999.0 -9999.0 -9999.0 -9999.0 -9999.0
-9999.0 -9999.0 -9999.0 -9999.0 -9999.0 -9999.0 1115.076786 1125.687169 1147.284451 1152.819047 1179.792658 1188.484275 1210.630370 1231.453623 1254.928446 1272.863548 1304.244021 1338.803310 1380.997269 1425.414871 1459.121972 1455.379679 1467.424562 1498.207994 1537.125041 1566.560893 1593.634841 1635.904816 1713.698045 1757.045820 1764.005111 1769.676798 1780.147129 1829.376694 1893.175008 1907.702802 1888.483417 1875.612230 1897.894385 1936.155762 1943.260326 1946.040373 1957.856414 1967.692991 1992.944559 1982.024099 1940.998091 1925.897861 1922.841381 1903.599019 1839.866572 1775.832235 1742.002093 1690.780526 1606.148418 1551.010993 1557.530395 1574.439105 1543.655709 1487.674635 1445.143361 1432.488971 1415.353002 1400.415252 1404.986847 1422.075438 1442.015812 1451.081090 1436.007587 1413.086361 1388.882582 1358.926486 1359.883675 1384.384728 -9999.0 -9999.0 -9999.0 -9999.0 -9999.0 -9999.0
-9999.0 -9999.0 -9999.0 -9999.0 1063.684057 1077.484783 1066.082149 1092.744931 1126.952749 1162.811941 1196.023345 1234.311053 1263.371750 1295.598961 1337.481866 1372.800116 1416.079797 1453.487941 1509.650126 1579.461898 1632.470521 1657.773414 1674.810328 1733.687288 1795.369793 1848.327627 1870.742391 1900.095257 1946.040537 2007.465915 2035.409571 2042.427844 2060.232405 2096.439784 2144.322316 2177.781043 2161.951232 2155.201086 2162.881978 2176.266841 2201.390444 2204.022078 2206.586765 2209.329885 2213.748709 2211.700924 2185.785447 2151.003366 2135.369156 2124.376664 2092.585720 2022.262173 1981.831599 1950.096196 1913.616158 1859.890963 1796.446873 1780.915792 1722.322760 1662.967050 1599.343710 1576.252654 1543.947494 1516.521517 1485.652471 1485.072997 1485.789639 1462.573044 1427.643470 1393.295580 1376.604671 1356.524198 1344.384545 1373.655737 1390.506829 1420.202033 -9999.0 -9999.0 -9999.0 -9999.0
-9999.0 -9999.0 1002.765510 1051.682526 1109.764077 1119.627755 1120.871564 1128.377262 1158.833800 1213.014831 1289.226708 1340.374910 1383.775075 1420.190459 1481.791118 1561.616747 1635.105115 1685.574719 1747.285175 1818.882923 1882.568805 1917.491602 1936.117349 1976.219896 2030.717916 2093.678503 2121.371514 2148.871747 2181.598859 2216.795751 2226.776511 2240.727895 2249.584214 2253.475102 2259.902188 2262.027495 2257.432375 2252.159730 2233.982265 2230.593984 2238.408329 2244.888607 2246.515134 2233.164994 2229.096045 2242.354119 2245.830841 2244.016958 2242.481746 2248.732176 2250.669633 2210.038398 2174.075286 2157.440793 2145.562651 2099.862611 2034.057463 1992.002745 1967.717439 1923.243830 1844.381410 1792.417520 1740.978831 1691.501896 1637.686213 1605.105967 1556.106498 1510.828467 1461.629417 1413.272190 1388.120652 1369.006916 1365.575097 1364.473438 1379.874397 1394.450914 1409.212690 1416.683303 -9999.0 -9999.0
-9999.0 898.342034 970.986014 1097.452636 1178.533905 1223.899617 1254.946046 1278.095373 1309.143781 1338.828870 1443.878513 1530.580982 1623.077503 1663.110669 1715.085408 1813.493223 1909.512987 1956.994424 1996.663191 2054.696456 2116.398836 2165.266473 2195.009609 2203.588332 2238.642064 2254.097336 2258.084038 2262.285237 2259.516810 2252.146466 2243.883890 2249.996632 2245.872431 2226.259364 2209.435234 2205.571370 2199.310445 2174.325399 2145.172829 2129.980460 2132.466510 2155.999533 2143.954195 2123.316042 2119.561112 2140.863826 2160.718700 2152.156912 2140.644056 2159.126282 2194.260858 2217.110118 2226.649408 2243.499100 2264.069126 2237.844983 2209.615129 2166.777805 2146.017173 2115.845135 2056.148347 1993.872700 1937.850007 1876.023698 1808.292118 1739.476930 1674.405506 1610.474079 1542.167198 1499.324190 1467.113214 1416.641675 1395.576130 1396.738822 1387.235217 1383.478686 1388.668926 1394.581740 -9999.0 -9999.0
-9999.0 815.948093 958.294472 1142.726175 1291.797354 1350.259715 1449.231491 1527.945049 1557.381425 1529.182851 1638.362563 1858.034887 1964.218449 1984.039870 2057.655858 2147.659400 2164.412487 2197.812180 2221.053105 2233.735547 2244.233608 2255.615072 2255.040810 2250.348017 2236.108293 2228.338023 2226.695897 2223.166831 2204.624684 2184.354887 2165.726927 2160.364286 2140.335304 2094.343736 2059.908571 2041.202843 2023.413712 2003.328244 1970.604584 1943.532124 1928.311577 1943.425541 1937.310690 1920.952874 1917.262555 1939.221075 1971.590898 1968.530668 1977.961985 2000.576105 2040.894198 2081.453525 2105.012246 2136.267221 2174.247166 2219.736241 2235.055710 2256.839810 2260.727754 2242.100524 2196.509579 2142.356719 2105.814165 2040.826302 1965.973177 1885.317637 1817.896198 1753.003890 1681.977246 1634.998100 1588.175145 1531.277529 1478.301793 1456.397158 1416.656769 1396.742124 -9999.0 -9999.0 -9999.0 -9999.0
-9999.0 734.143633 921.386736 1177.854508 1456.904843 1564.655035 1769.115220 1897.201406 1954.656027 2024.445793 1993.521486 2148.781824 2191.360136 2189.120278 2191.464312 2197.003528 2213.728497 2217.886177 2215.072651 2205.703250 2197.229306 2193.695266 2192.541117 2185.075541 2172.457376 2156.780696 2142.258501 2127.860009 2088.439101 2053.713978 2016.012366 1999.980964 1959.111633 1866.420971 1822.653332 1785.224957 1727.363207 1721.328607 1716.170581 1687.984551 1668.323478 1646.957461 1669.589325 1674.823786 1677.636295 1680.494654 1697.072743 1722.061690 1767.682737 1805.012834 1850.091207 1903.323212 1939.124859 1983.527140 2030.456059 2087.352944 2121.470626 2153.568288 2202.150067 2241.423349 2264.280765 2251.565254 2222.779882 2173.131026 2098.483501 2028.100703 1974.147997 1896.996264 1830.351102 1777.125272 1732.196160 1683.198675 1620.224284 1544.060654 1502.669638 -9999.0 -9999.0 -9999.0 -9999.0 -9999.0
-9999.0 549.311762 816.568448 1102.127640 1411.969018 1741.701088 1879.871193 2005.310908 2077.759308 2047.776114 2057.819827 2078.969984 2122.449764 2132.708289 2114.621061 2106.582703 2095.485701 2095.983095 2109.147644 2082.915702 2053.348629 2039.880469 2039.264196 2027.314289 2003.577957 1986.104181 1973.133865 1951.460241 1902.392377 1850.039250 1767.219850 1735.572362 1658.709618 1603.395012 1558.795352 1508.681317 1457.937223 1456.693571 1474.053147 1459.495284 1437.212280 1418.869340 1445.756289 1464.020891 1476.615596 1465.204333 1474.609009 1511.022808 1561.102792 1606.030475 1656.847191 1712.362621 1759.590142 1807.894450 1840.648976 1891.723138 1940.627802 1988.347937 2062.852485 2142.397901 2180.079814 2214.489573 2245.095441 2257.584485 2201.458099 2146.772291 2088.268309 2020.357769 1935.930724 1888.554231 1864.842063 1826.785287 1773.463154 -9999.0 -9999.0 -9999.0 -9999.0 -9999.0 -9999.0 -9999.0
-9999.0 424.596074 640.525747 865.931547 1146.882690 1384.283619 1582.515968 1689.998051 1769.351881 1809.374794 1847.335548 1883.670600 1915.915945 1940.209734 1920.075238 1881.083906 1852.742012 1857.122702 1852.425540 1828.631492 1798.962513 1783.875977 1781.020629 1773.871555 1749.368467 1734.622976 1723.262951 1699.812962 1665.717735 1609.192260 1529.564682 1456.403159 1395.451548 1363.918196 1334.137688 1301.381609 1266.064950 1275.983767 1288.207111 1284.741723 1274.405009 1271.665478 1300.815665 1320.002114 1330.284655 1319.072372 1338.600231 1365.568923 1407.563115 1451.351349 1501.324721 1557.405608 1612.113858 1642.307165 1657.121528 1683.532720 1723.869612 1778.549981 1865.111461 1959.808158 2037.763116 2086.316053 2136.116581 2167.778092 2177.663731 2182.668571 2150.580640 2063.477460 1950.937465 1939.533582 1939.084539 -9999.0 -9999.0 -9999.0 -9999.0 -9999.0 -9999.0 -9999.0 -9999.0 -9999.0
-9999.0 -9999.0 408.028642 583.249485 717.916500 896.586089 1046.763387 1157.267553 1247.523540 1363.079810 1469.650091 1554.843090 1600.256813 1618.572313 1604.898046 1572.118897 1551.010415 1550.866923 1540.429694 1529.531910 1509.357954 1501.132879 1489.684209 1481.150244 1470.985308 1465.142133 1459.234362 1447.162503 1424.493129 1377.206447 1328.552406 1277.105606 1223.768286 1197.953259 1175.761327 1154.053140 1152.579537 1148.425663 1153.885560 1155.327464 1162.207252 1174.815316 1194.918521 1216.998144 1226.886753 1235.922041 1248.642645 1272.659273 1306.127704 1348.923988 1403.501886 1461.946024 1502.616981 1516.334442 1507.770802 1513.927168 1535.373524 1578.993340 1660.622205 1744.961165 1840.113678 1910.812378 1980.785029 2030.672172 2043.608245 2053.802703 2060.935868 1997.452404 1802.991969 1879.648923 -9999.0 -9999.0 -9999.0 -9999.0 -9999.0 -9999.0 -9999.0 -9999.0 -9999.0 -9999.0
-9999.0 -9999.0 -9999.0 -9999.0 442.398907 597.010704 694.308649 777.897746 906.920179 1027.156240 1127.255260 1210.392107 1272.297334 1298.848280 1294.540926 1299.593177 1294.874286 1288.720052 1278.902319 1277.541964 1276.023109 1268.326670 1253.984209 1246.352817 1246.873974 1251.325726 1248.298733 1234.110297 1215.842110 1192.750852 1171.934793 1137.242781 1101.007570 1071.526973 1058.079177 1052.115620 1051.708526 1044.717175 1053.360386 1060.594806 1075.754772 1090.973410 1114.748345 1143.746771 1157.529469 1172.382295 1182.283922 1203.027947 1233.708980 1287.437748 1351.270628 1409.580179 1446.016980 1451.131856 1427.230734 1412.608249 1409.927853 1438.912394 1485.051759 1553.368978 1655.586933 1728.727686 1785.532348 1828.799567 1858.349073 1899.206417 1940.954394 1966.233854 -9999.0 -9999.0 -9999.0 -9999.0 -9999.0 -9999.0 -9999.0 -9999.0 -9999.0 -9999.0 -9999.0 -9999.0
-9999.0 -9999.0 -9999.0 -9999.0 -9999.0 -9999.0 401.523007 502.868041 583.593014 721.105796 850.375795 950.962149 1030.819348 1062.185901 1087.985706 1114.381877 1112.360247 1094.073208 1075.124039 1093.517295 1106.837661 1100.841150 1070.886441 1070.222355 1074.708056 1082.721993 1080.250818 1073.482435 1048.032958 1058.882727 1059.032139 1035.432769 1009.089531 994.925349 982.873612 992.324371 992.453968 978.833731 979.471657 1006.157914 1026.345393 1039.496834 1061.356191 1094.579647 1126.950388 1142.185266 1143.661915 1149.962748 1190.292879 1260.796041 1332.713165 1388.446820 1421.336029 1429.957503 1403.316146 1363.901827 1344.199565 1352.158139 1387.894863 1441.548984 1518.189440 1567.815117 1593.927548 1607.230056 1624.765489 1713.263885 -9999.0 -9999.0 -9999.0 -9999.0 -9999.0 -9999.0 -9999.0 -9999.0 -9999.0 -9999.0 -9999.0 -9999.0 -9999.0 -9999.0
-9999.0 -9999.0 -9999.0 -9999.0 -9999.0 -9999.0 -9999.0 -9999.0 -9999.0 -9999.0 -9999.0 -9999.0 -9999.0 -9999.0 -9999.0 -9999.0 -9999.0 -9999.0 -9999.0 -9999.0 -9999.0 -9999.0 -9999.0 -9999.0 -9999.0 -9999.0 -9999.0 -9999.0 -9999.0 -9999.0 -9999.0 -9999.0 -9999.0 -9999.0 -9999.0 -9999.0 -9999.0 -9999.0 -9999.0 -9999.0 -9999.0 -9999.0 -9999.0 -9999.0 -9999.0 -9999.0 -9999.0 -9999.0 -9999.0 -9999.0 -9999.0 -9999.0 -9999.0 -9999.0 -9999.0 -9999.0 -9999.0 -9999.0 -9999.0 -9999.0 -9999.0 -9999.0 -9999.0 -9999.0 -9999.0 -9999.0 -9999.0 -9999.0 -9999.0 -9999.0 -9999.0 -9999.0 -9999.0 -9999.0 -9999.0 -9999.0 -9999.0 -9999.0 -9999.0 -9999.0
-9999.0 -9999.0 -9999.0 -9999.0 -9999.0 -9999.0 -9999.0 -9999.0 -9999.0 -9999.0 -9999.0 -9999.0 -9999.0 -9999.0 -9999.0 -9999.0 -9999.0 -9999.0 -9999.0 -9999.0 -9999.0 -9999.0 -9999.0 -9999.0 -9999.0 -9999.0 -9999.0 -9999.0 -9999.0 -9999.0 -9999.0 -9999.0 -9999.0 -9999.0 -9999.0 -9999.0 -9999.0 -9999.0 -9999.0 -9999.0 -9999.0 -9999.0 -9999.0 -9999.0 -9999.0 -9999.0 -9999.0 -9999.0 -9999.0 -9999.0 -9999.0 -9999.0 -9999.0 -9999.0 -9999.0 -9999.0 -9999.0 -9999.0 -9999.0 -9999.0 -9999.0 -9999.0 -9999.0 -9999.0 -9999.0 -9999.0 -9999.0 -9999.0 -9999.0 -9999.0 -9999.0 -9999.0 -9999.0 -9999.0 -9999.0 -9999.0 -9999.0 -9999.0 -9999.0 -9999.0