Borden_/Borden1m_014/output_maps/psiliqL0001N0003.asc
ncols         80
nrows         18
xllcorner     620200.000000
yllcorner     5168000.000000
cellsize      1.000000
NODATA_value  -9999.0
-9999.0 -9999.0 -9999.0 -9999.0 -9999.0 -9999.0 -9999.0 -9999.0 -9999.0 -9999.0 -9999.0 -9999.0 -9999.0 -9999.0 -9999.0 -9999.0 -9999.0 -9999.0 -9999.0 -9999.0 -9999.0 -9999.0 -9999.0 -9999.0 -9999.0 -9999.0 -9999.0 -9999.0 -9999.0 -9999.0 -9999.0 -9999.0 -9999.0 -9999.0 -9999.0 -9999.0 -9999.0 -9999.0 -9999.0 -9999.0 -9999.0 -9999.0 -9999.0 -9999.0 -9999.0 -9999.0 -9999.0 -9999.0 -9999.0 -9999.0 -9999.0 -9999.0 -9999.0 -9999.0 -9999.0 -9999.0 -9999.0 -9999.0 -9999.0 -9999.0 -9999.0 -9999.0 -9999.0 -9999.0 -9999.0 -9999.0 -9999.0 -9999.0 -9999.0 -9999.0 -9999.0 -9999.0 -9999.0 -9999.0 -9999.0 -9999.0 -9999.0 -9999.0 -9999.0 -9999.0
-9999.0 -9999.0 -9999.0 -9999.0 -9999.0 -9999.0 -9999.0 -9999.0 -9999.0 -9999.0 -9999.0 -9999.0 -9999.0 -9999.0 -9999.0 -9999.0 -9999.0 -9999.0 -9999.0 -9999.0 -9999.0 -9999.0 -9999.0 -9999.0 -9999.0 -9999.0 -9999.0 -9999.0 -9999.0 -9999.0 -9999.0 -9999.0 -9999.0 -9999.0 -9999.0 -9999.0 -9999.0 -9999.0 -9999.0 -9999.0 -9999.0 -9999.0 -9999.0 -9999.0 -9999.0 -9999.0 -9999.0 -9999.0 -9999.0 -9999.0 -9999.0 -9999.0 -9999.0 -9999.0 -9999.0 -9999.0 -9999.0 -9999.0 -9999.0 -9999.0 -9999.0 -9999.0 -9999.0 -9999.0 -9999.0 -9999.0 -9999.0 -9999.0 -9999.0 -9999.0 -9999.0 -9999.0 -9999.0 -9999.0 -9999.0 -9999.0 -9999.0 -9999.0 -9999.0 -9999.0
-9999.0 -9999.0 -9999.0 -9999.0 -9999.0 -9999.0 -9999.0 -9999.0 -9999.0 -9999.0 -9999.0 -9999.0 -9999.0 -9999.0 -9999.0 -9999.0 -9999.0 -9999.0 -9999.0 -9999.0 -559.889276 -558.675062 -560.980710 -563.562938 -565.845264 -566.202419 -563.704020 -560.980871 -557.851677 -557.369535 -560.114341 -559.310236 -560.432887 -561.184503 -561.339806 -560.563117 -560.138861 -559.183404 -558.618183 -559.006442 -559.817608 -560.335634 -560.878978 -560.784435 -559.798291 -561.150704 -559.294918 -557.588489 -557.072674 -556.918931 -559.029301 -559.810851 -560.077794 -562.302576 -558.338145 -557.383668 -554.745893 -554.583946 -553.953239 -556.899476 -559.838918 -9999.0 -9999.0 -9999.0 -9999.0 -9999.0 -9999.0 -9999.0 -9999.0 -9999.0 -9999.0 -9999.0 -9999.0 -9999.0 -9999.0 -9999.0 -9999.0 -9999.0 -9999.0 -9999.0
-9999.0 -9999.0 -9999.0 -9999.0 -9999.0 -9999.0 -9999.0 -9999.0 -9999.0 -9999.0 -9999.0 -9999.0 -9999.0 -9999.0 -563.519650 -564.906666 -565.575461 -566.141130 -563.885635 -562.249399 -562.429238 -563.860743 -562.542852 -565.207209 -567.636844 -566.192742 -564.327453 -563.025955 -560.643553 -558.788332 -560.638699 -561.104448 -560.200630 -556.856049 -555.571291 -556.375876 -560.666047 -556.625097 -554.850967 -553.733163 -553.889910 -555.839945 -553.316823 -550.360215 -551.949446 -555.097660 -554.334581 -552.595931 -549.736836 -550.831780 -560.697930 -561.226427 -560.547306 -560.129913 -561.531463 -562.591352 -558.617885 -559.342542 -559.881061 -560.249335 -562.228256 -565.806751 -567.502317 -563.576292 -560.491686 -553.942111 -9999.0 -9999.0 -9999.0 -9999.0 -9999.0 -9999.0 -9999.0 -9999.0 -9999.0 -9999.0 -9999.0 -9999.0 -9999.0 -9999.0
-9999.0 -9999.0 -9999.0 -9999.0 -9999.0 -9999.0 -9999.0 -9999.0 -9999.0 -565.402899 -565.847802 -565.491646 -566.522428 -565.349093 -567.604403 -567.150116 -567.678384 -566.107269 -565.061418 -563.079987 -560.211496 -562.527351 -562.862818 -561.346362 -561.393790 -561.101173 -560.126726 -555.741186 -551.110401 -543.276267 -550.611088 -551.025842 -548.128557 -537.904095 -528.534084 -525.880473 -531.422696 -531.399328 -524.503976 -516.709116 -517.503049 -518.404070 -510.560537 -506.426210 -500.640738 -507.336942 -516.175470 -517.437244 -507.480011 -523.791903 -538.809272 -549.898172 -547.170613 -552.007434 -557.392046 -559.188493 -560.011329 -555.547563 -557.025931 -560.712442 -563.741778 -562.362837 -564.261402 -562.404740 -561.429396 -556.503268 -552.260625 -548.077234 -547.885731 -550.607359 -9999.0 -9999.0 -9999.0 -9999.0 -9999.0 -9999.0 -9999.0 -9999.0 -9999.0 -9999.0
-9999.0 -9999.0 -9999.0 -9999.0 -9999.0 -9999.0 -567.468198 -567.702706 -566.969792 -569.817903 -568.049779 -569.496306 -568.275767 -567.879003 -567.160633 -567.373842 -565.490856 -563.977592 -561.347843 -557.916492 -554.691069 -556.943438 -556.174817 -551.602442 -544.058978 -537.928552 -533.651671 -525.242020 -500.558047 -480.648540 -472.816075 -470.218319 -465.710768 -436.720911 -380.390471 -358.778351 -383.315786 -400.754745 -385.074942 -342.828125 -329.927311 -330.312201 -319.652610 -291.997813 -7.885105 -17.117753 -331.312843 -362.928962 -372.303499 -379.790703 -425.818768 -467.174209 -489.565772 -506.543661 -529.978467 -544.115112 -543.128363 -538.516469 -544.094294 -552.436306 -557.253798 -556.842812 -557.658163 -559.656797 -558.630918 -556.747478 -553.752725 -551.798359 -553.213863 -555.038600 -556.205445 -559.517166 -558.913883 -555.693742 -9999.0 -9999.0 -9999.0 -9999.0 -9999.0 -9999.0
-9999.0 -9999.0 -9999.0 -9999.0 -571.469106 -570.251131 -574.037542 -571.988362 -570.516622 -569.493885 -569.812429 -568.005272 -567.749618 -566.590193 -563.976174 -562.361850 -558.954581 -556.582448 -549.360197 -536.490459 -524.281298 -516.898478 -513.932182 -491.452128 -457.878172 -421.671562 -407.314744 -386.199276 -338.454677 -4.108623 3.169363 3.217866 3.340684 3.563212 3.927547 4.320069 4.014408 3.944445 4.017704 4.108778 4.444821 4.381486 4.442200 4.504326 5.004564 5.085209 4.293036 3.910242 3.824460 3.793995 3.604654 2.711334 -189.362100 -328.679568 -356.763315 -404.701532 -459.672349 -474.772658 -498.563679 -515.579118 -533.773751 -538.063373 -543.778251 -547.128539 -552.232105 -551.006122 -549.303507 -551.906592 -555.225662 -558.395895 -558.499063 -559.855093 -561.714842 -557.351712 -556.114779 -551.701763 -9999.0 -9999.0 -9999.0 -9999.0
-9999.0 -9999.0 -571.457779 -571.599068 -568.413955 -570.634172 -571.982015 -573.847304 -573.292912 -570.424705 -565.266357 -563.835328 -560.760987 -559.323853 -552.055582 -536.879537 -519.031838 -505.337839 -481.255429 -445.802498 -400.910565 -367.929872 -347.523609 -209.619805 2.725788 3.549038 3.731039 3.935728 4.253139 4.994517 5.675734 14.713155 19.442899 14.576668 12.916755 11.305738 9.650534 6.572930 5.369971 5.295923 10.383225 12.411252 15.661980 5.665657 5.161386 6.310783 7.015383 6.858280 7.223410 15.095155 24.674967 5.501441 4.347825 4.054713 4.027217 3.610328 3.005781 -36.373806 -299.768017 -362.816157 -430.609092 -467.582498 -492.421796 -509.669949 -524.625223 -531.292648 -540.979423 -546.939443 -552.484608 -557.866257 -559.301724 -560.071696 -559.058738 -559.856445 -557.585313 -556.052676 -553.541237 -552.693778 -9999.0 -9999.0
-9999.0 -572.320905 -573.680299 -568.111184 -567.720915 -567.010550 -566.267162 -565.601191 -564.278813 -566.569613 -553.641465 -535.844236 -509.145345 -502.388304 -483.762333 -432.701525 -356.000874 -261.813764 -3.110092 3.239715 3.713465 4.086456 4.287067 5.210190 20.254819 15.756158 12.735499 11.514330 6.264634 5.713468 5.118851 5.523534 5.348875 5.051958 4.925710 5.012198 4.994661 4.699923 4.055386 3.786195 3.790958 4.124556 3.930845 3.695883 3.652108 3.888725 4.206233 4.026787 3.911427 4.508290 4.893958 5.049519 5.461355 6.170259 23.926161 5.794309 4.965794 4.506156 4.054753 3.769690 3.246539 -27.335202 -363.352738 -419.137482 -463.447954 -494.415919 -513.453195 -527.687198 -541.137281 -546.303533 -549.392319 -556.863467 -558.543362 -556.551758 -557.552365 -557.658221 -556.685708 -555.965718 -9999.0 -9999.0
-9999.0 -578.200281 -572.882768 -567.371195 -561.139067 -561.891187 -544.930974 -525.888364 -516.986021 -525.799030 -495.549197 -340.162207 -1.031027 2.878352 3.451256 4.097409 4.740700 9.823934 22.894069 14.542438 8.121332 10.207941 6.383833 5.368219 5.079528 4.982396 5.054056 5.085094 4.922121 4.822312 4.697697 4.688969 4.101327 3.598761 3.344954 3.261311 3.195403 2.600585 -277.998712 -347.805637 -362.100622 -323.334993 -345.803047 -374.618375 -380.279704 -348.144257 -265.359088 -304.856678 -304.972935 -15.915742 3.125047 3.471954 3.610513 3.938669 4.641161 5.043152 5.481265 11.275202 17.244400 5.366279 4.856532 4.387124 3.734469 2.767070 -301.251821 -406.115786 -443.210030 -473.613910 -498.604346 -512.697612 -525.716627 -538.114228 -548.558701 -550.313953 -555.731001 -556.074651 -9999.0 -9999.0 -9999.0 -9999.0
-9999.0 -578.685600 -573.515993 -562.986556 -539.812382 -517.818699 -425.637953 -49.295463 2.853664 3.556860 3.835751 8.776281 16.118082 5.847262 5.149604 5.016197 5.176259 5.181353 5.044596 4.941458 4.908216 4.924287 4.957861 4.884563 4.760843 4.326744 4.047796 3.933828 3.595348 3.380120 3.114799 2.576090 -287.119401 -416.128365 -445.942863 -461.477852 -484.484027 -487.398891 -496.289957 -507.485838 -512.761445 -516.464741 -511.149052 -512.711322 -513.351764 -510.347858 -502.449364 -498.407438 -483.748109 -467.151503 -440.538066 -405.138640 -378.046119 -303.162735 2.583312 3.498115 3.744430 4.125274 4.817513 5.501031 16.920201 9.892667 5.078119 4.751283 3.852434 3.281748 2.568104 -311.650939 -385.309544 -428.031941 -463.248453 -491.261133 -513.997749 -534.991787 -541.883979 -9999.0 -9999.0 -9999.0 -9999.0 -9999.0
-9999.0 -587.007481 -573.519807 -564.970466 -528.710202 -381.994636 -262.136654 3.223188 6.730371 3.642089 3.408488 3.547951 4.002380 4.103237 3.811427 3.733681 3.601467 3.580442 3.827632 3.569212 3.358735 3.287673 3.344693 3.220488 2.698774 -193.374811 -295.879761 -334.859860 -392.604231 -429.742743 -474.495571 -480.954198 -509.146079 -528.394650 -537.652815 -545.717080 -554.000283 -553.564728 -550.158273 -552.794434 -555.659742 -558.927362 -555.035673 -553.347337 -551.643088 -553.889879 -553.539367 -548.585621 -540.664373 -533.294999 -522.286917 -507.292208 -493.190763 -471.574151 -449.146372 -411.111220 -368.682879 -249.784273 2.918039 4.016872 4.681309 4.965494 5.957629 21.425182 5.398592 4.803396 4.549165 3.872639 3.256314 2.550274 -234.443354 -390.554524 -443.397744 -9999.0 -9999.0 -9999.0 -9999.0 -9999.0 -9999.0 -9999.0
-9999.0 -591.345196 -576.881588 -575.185855 -559.890173 -533.709815 -492.938474 -440.855595 -391.450989 -402.443407 -395.277051 -372.718253 -333.306959 -288.582778 -345.900662 -390.837253 -415.854265 -413.176872 -412.487112 -432.744503 -452.594841 -461.443702 -461.079024 -464.824001 -478.745601 -488.154652 -492.571040 -500.704422 -512.359619 -526.023834 -543.278630 -552.817675 -559.625385 -561.640685 -563.192369 -564.940959 -568.947759 -566.497970 -564.756935 -565.155775 -566.416311 -567.444964 -564.383846 -563.458819 -562.531652 -565.448084 -563.536656 -562.101627 -558.623477 -555.204333 -550.286529 -542.839288 -533.016922 -526.997317 -523.772202 -515.821582 -503.059554 -481.550153 -428.712799 -325.426775 2.645103 3.479274 4.065555 4.740549 4.933656 7.351853 16.530342 5.025295 4.235827 4.279322 3.836485 -9999.0 -9999.0 -9999.0 -9999.0 -9999.0 -9999.0 -9999.0 -9999.0 -9999.0
-9999.0 -9999.0 -594.536977 -588.748178 -583.756469 -578.717994 -571.890783 -565.989924 -562.553571 -553.420235 -540.413807 -526.105941 -517.054892 -512.581482 -518.688840 -530.448083 -536.783245 -535.891572 -537.556450 -540.203341 -545.129816 -546.099543 -547.300062 -548.080132 -550.282579 -551.224914 -551.561389 -552.342821 -554.251596 -559.021679 -563.014718 -565.776972 -569.127409 -568.706631 -569.150743 -570.356775 -569.113298 -569.418817 -569.093787 -569.293613 -568.971464 -568.384503 -567.775915 -566.867581 -566.906577 -566.640466 -566.395397 -565.494523 -564.141696 -562.406855 -558.804049 -553.395975 -549.326576 -548.436172 -550.881784 -550.298589 -547.401885 -540.792068 -520.786927 -493.359947 -447.205321 -400.309461 -272.214405 2.802138 3.365518 3.694423 4.607438 4.790149 3.407089 4.145520 -9999.0 -9999.0 -9999.0 -9999.0 -9999.0 -9999.0 -9999.0 -9999.0 -9999.0 -9999.0
-9999.0 -9999.0 -9999.0 -9999.0 -597.234141 -588.936196 -581.213728 -582.065101 -576.586069 -573.355058 -570.548000 -567.258180 -564.595658 -562.809757 -565.156083 -565.445254 -565.769378 -565.350844 -565.806672 -566.329690 -566.467233 -566.772676 -567.099767 -567.625763 -567.330015 -566.743992 -566.553963 -567.465733 -567.316404 -568.989943 -568.976898 -569.878794 -570.779940 -571.961583 -571.616903 -571.703030 -571.108931 -571.732589 -570.807125 -571.390646 -570.714340 -570.458850 -569.697590 -568.404891 -569.026753 -568.287335 -568.329289 -567.417927 -567.283149 -564.978275 -561.198754 -556.838620 -553.906682 -554.125060 -558.168568 -559.721808 -560.800079 -558.373918 -554.530619 -545.834745 -524.818506 -504.963891 -479.475926 -447.462434 -420.084661 -354.758405 3.156808 4.218569 -9999.0 -9999.0 -9999.0 -9999.0 -9999.0 -9999.0 -9999.0 -9999.0 -9999.0 -9999.0 -9999.0 -9999.0
-9999.0 -9999.0 -9999.0 -9999.0 -9999.0 -9999.0 -593.534540 -589.320035 -590.622652 -587.323404 -584.391656 -582.200662 -578.929725 -579.373815 -578.348340 -575.707063 -576.030476 -577.251177 -578.827300 -576.489947 -575.431007 -575.177066 -577.712149 -576.951749 -576.663461 -575.699595 -575.801118 -575.326205 -577.453970 -574.765226 -573.431266 -573.832652 -574.214697 -573.650018 -574.180770 -572.524157 -572.325281 -573.642549 -574.061725 -572.191457 -571.695784 -572.023292 -571.745300 -570.576551 -568.822515 -568.614495 -569.488861 -570.748276 -569.124241 -565.321748 -561.250498 -557.779504 -555.528849 -554.668012 -557.920814 -562.486883 -564.806668 -565.278075 -563.631246 -560.469914 -552.266575 -546.772881 -542.703480 -539.261287 -534.248458 -503.865283 -9999.0 -9999.0 -9999.0 -9999.0 -9999.0 -9999.0 -9999.0 -9999.0 -9999.0 -9999.0 -9999.0 -9999.0 -9999.0 -9999.0
-9999.0 -9999.0 -9999.0 -9999.0 -9999.0 -9999.0 -9999.0 -9999.0 -9999.0 -9999.0 -9999.0 -9999.0 -9999.0 -9999.0 -9999.0 -9999.0 -9999.0 -9999.0 -9999.0 -9999.0 -9999.0 -9999.0 -9999.0 -9999.0 -9999.0 -9999.0 -9999.0 -9999.0 -9999.0 -9999.0 -9999.0 -9999.0 -9999.0 -9999.0 -9999.0 -9999.0 -9999.0 -9999.0 -9999.0 -9999.0 -9999.0 -9999.0 -9999.0 -9999.0 -9999.0 -9999.0 -9999.0 -9999.0 -9999.0 -9999.0 -9999.0 -9999.0 -9999.0 -9999.0 -9999.0 -9999.0 -9999.0 -9999.0 -9999.0 -9999.0 -9999.0 -9999.0 -9999.0 -9999.0 -9999.0 -9999.0 -9999.0 -9999.0 -9999.0 -9999.0 -9999.0 -9999.0 -9999.0 -9999.0 -9999.0 -9999.0 -9999.0 -9999.0 -9999.0 -9999.0
-9999.0 -9999.0 -9999.0 -9999.0 -9999.0 -9999.0 -9999.0 -9999.0 -9999.0 -9999.0 -9999.0 -9999.0 -9999.0 -9999.0 -9999.0 -9999.0 -9999.0 -9999.0 -9999.0 -9999.0 -9999.0 -9999.0 -9999.0 -9999.0 -9999.0 -9999.0 -9999.0 -9999.0 -9999.0 -9999.0 -9999.0 -9999.0 -9999.0 -9999.0 -9999.0 -9999.0 -9999.0 -9999.0 -9999.0 -9999.0 -9999.0 -9999.0 -9999.0 -9999.0 -9999.0 -9999.0 -9999.0 -9999.0 -9999.0 -9999.0 -9999.0 -9999.0 -9999.0 -9999.0 -9999.0 -9999.0 -9999.0 -9999.0 -9999.0 -9999.0 -9999.0 -9999.0 -9999.0 -9999.0 -9999.0 -9999.0 -9999.0 -9999.0 -9999.0 -9999.0 -9999.0 -9999.0 -9999.0 -9999.0 -9999.0 -9999.0 -9999.0 -9999.0 -9999.0 -9999.0