Borden_/Borden1m_014/output_maps/psiliqL0022N0034.asc
ncols         80
nrows         18
xllcorner     620200.000000
yllcorner     5168000.000000
cellsize      1.000000
NODATA_value  -9999.0
-9999.0 -9999.0 -9999.0 -9999.0 -9999.0 -9999.0 -9999.0 -9999.0 -9999.0 -9999.0 -9999.0 -9999.0 -9999.0 -9999.0 -9999.0 -9999.0 -9999.0 -9999.0 -9999.0 -9999.0 -9999.0 -9999.0 -9999.0 -9999.0 -9999.0 -9999.0 -9999.0 -9999.0 -9999.0 -9999.0 -9999.0 -9999.0 -9999.0 -9999.0 -9999.0 -9999.0 -9999.0 -9999.0 -9999.0 -9999.0 -9999.0 -9999.0 -9999.0 -9999.0 -9999.0 -9999.0 -9999.0 -9999.0 -9999.0 -9999.0 -9999.0 -9999.0 -9999.0 -9999.0 -9999.0 -9999.0 -9999.0 -9999.0 -9999.0 -9999.0 -9999.0 -9999.0 -9999.0 -9999.0 -9999.0 -9999.0 -9999.0 -9999.0 -9999.0 -9999.0 -9999.0 -9999.0 -9999.0 -9999.0 -9999.0 -9999.0 -9999.0 -9999.0 -9999.0 -9999.0
-9999.0 -9999.0 -9999.0 -9999.0 -9999.0 -9999.0 -9999.0 -9999.0 -9999.0 -9999.0 -9999.0 -9999.0 -9999.0 -9999.0 -9999.0 -9999.0 -9999.0 -9999.0 -9999.0 -9999.0 -9999.0 -9999.0 -9999.0 -9999.0 -9999.0 -9999.0 -9999.0 -9999.0 -9999.0 -9999.0 -9999.0 -9999.0 -9999.0 -9999.0 -9999.0 -9999.0 -9999.0 -9999.0 -9999.0 -9999.0 -9999.0 -9999.0 -9999.0 -9999.0 -9999.0 -9999.0 -9999.0 -9999.0 -9999.0 -9999.0 -9999.0 -9999.0 -9999.0 -9999.0 -9999.0 -9999.0 -9999.0 -9999.0 -9999.0 -9999.0 -9999.0 -9999.0 -9999.0 -9999.0 -9999.0 -9999.0 -9999.0 -9999.0 -9999.0 -9999.0 -9999.0 -9999.0 -9999.0 -9999.0 -9999.0 -9999.0 -9999.0 -9999.0 -9999.0 -9999.0
-9999.0 -9999.0 -9999.0 -9999.0 -9999.0 -9999.0 -9999.0 -9999.0 -9999.0 -9999.0 -9999.0 -9999.0 -9999.0 -9999.0 -9999.0 -9999.0 -9999.0 -9999.0 -9999.0 -9999.0 2557.541322 2559.895513 2539.468767 2507.246487 2481.110782 2485.261120 2521.020327 2564.122381 2605.221005 2615.852780 2599.423678 2604.780282 2601.941777 2599.537674 2601.778355 2610.628523 2618.309505 2629.549542 2638.573476 2638.706220 2633.540532 2629.927100 2632.606684 2634.893015 2640.420753 2626.083703 2639.890042 2653.470830 2655.660022 2649.108773 2621.306310 2605.183625 2593.620296 2574.892810 2597.785364 2606.875627 2626.558167 2628.301809 2624.250465 2596.175484 2565.264292 -9999.0 -9999.0 -9999.0 -9999.0 -9999.0 -9999.0 -9999.0 -9999.0 -9999.0 -9999.0 -9999.0 -9999.0 -9999.0 -9999.0 -9999.0 -9999.0 -9999.0 -9999.0 -9999.0
-9999.0 -9999.0 -9999.0 -9999.0 -9999.0 -9999.0 -9999.0 -9999.0 -9999.0 -9999.0 -9999.0 -9999.0 -9999.0 -9999.0 2462.523407 2454.734958 2453.715051 2463.352856 2498.002874 2529.566361 2541.485115 2535.360893 2536.841039 2514.397948 2494.454443 2509.855231 2541.737185 2574.418872 2610.435436 2631.151302 2622.408888 2622.001625 2631.518562 2655.112745 2666.001086 2663.857986 2646.418600 2672.581445 2688.515973 2696.286593 2696.786013 2688.988099 2699.719980 2714.343947 2706.796772 2689.836901 2697.406574 2709.125552 2717.532067 2704.369479 2640.309804 2622.768031 2615.875587 2607.866360 2591.580339 2584.709645 2609.621832 2606.037820 2595.950617 2576.665854 2542.197139 2496.563370 2476.000835 2513.845545 2555.553687 2609.978445 -9999.0 -9999.0 -9999.0 -9999.0 -9999.0 -9999.0 -9999.0 -9999.0 -9999.0 -9999.0 -9999.0 -9999.0 -9999.0 -9999.0
-9999.0 -9999.0 -9999.0 -9999.0 -9999.0 -9999.0 -9999.0 -9999.0 -9999.0 2399.565270 2406.158445 2415.040559 2419.628250 2436.899333 2435.076940 2443.911596 2451.153742 2480.602301 2512.643342 2548.511931 2577.204392 2570.728057 2571.423794 2579.264898 2578.960403 2590.722773 2614.240382 2656.326614 2691.494283 2731.217639 2702.002506 2700.229784 2720.049592 2764.554640 2791.699074 2796.043165 2778.819476 2794.722119 2820.771042 2840.795796 2840.597444 2837.422732 2862.477307 2877.156651 2872.654713 2850.520811 2845.208541 2848.153706 2873.217259 2819.301986 2750.008329 2704.450645 2713.023191 2687.171087 2654.377558 2636.014146 2632.908406 2650.902451 2635.043656 2596.535876 2560.614448 2546.875015 2527.241223 2544.260363 2564.640105 2607.828359 2644.921276 2671.490181 2668.459651 2649.452280 -9999.0 -9999.0 -9999.0 -9999.0 -9999.0 -9999.0 -9999.0 -9999.0 -9999.0 -9999.0
-9999.0 -9999.0 -9999.0 -9999.0 -9999.0 -9999.0 2317.781705 2329.380143 2351.855695 2356.764937 2384.901281 2392.986340 2415.198439 2435.771117 2459.898741 2476.642974 2506.196968 2539.811866 2579.167862 2621.056519 2654.223329 2646.818323 2657.917601 2681.714210 2714.906661 2740.008887 2766.676398 2808.305978 2813.494834 2850.106944 2847.250415 2849.633628 2858.858327 2909.098741 2973.214418 2985.184989 2965.043584 2951.792137 2974.250653 3010.941985 3011.174032 3010.448246 2992.217796 3001.954184 3028.492861 3019.130024 3012.663661 3004.960919 3009.130322 2988.311975 2921.784118 2862.512404 2839.887901 2859.444535 2774.960191 2725.015115 2739.635204 2760.736442 2733.110588 2680.091509 2639.891503 2629.252082 2613.202763 2600.582337 2607.703054 2625.690849 2645.146693 2654.247787 2638.555146 2614.835449 2590.577753 2560.491577 2561.418670 2585.528908 -9999.0 -9999.0 -9999.0 -9999.0 -9999.0 -9999.0
-9999.0 -9999.0 -9999.0 -9999.0 2265.512525 2279.843719 2267.819412 2295.930705 2330.741244 2367.193711 2398.782636 2435.854854 2464.027535 2495.438454 2533.708161 2563.158028 2602.038678 2636.788972 2690.070914 2757.335154 2807.833276 2828.307959 2842.519826 2825.018501 2881.996662 2931.123173 2950.914920 2976.979612 2990.310267 3045.617290 3068.355881 3071.941563 3088.876086 3129.408144 3182.472736 3210.212779 3193.022293 3184.571519 3193.217240 3206.265005 3228.380751 3228.504133 3229.161025 3232.595960 3239.297965 3238.181220 3213.470518 3180.828204 3174.745142 3165.257327 3130.458846 3060.346104 3028.507577 3002.209573 2992.695914 2939.499371 2886.541197 2882.106979 2827.927685 2835.238863 2776.953433 2759.572841 2730.912937 2706.899066 2681.670067 2684.721991 2687.791254 2665.304420 2629.601823 2595.001652 2578.563097 2558.390943 2545.454404 2574.865449 2591.274129 2620.178742 -9999.0 -9999.0 -9999.0 -9999.0
-9999.0 -9999.0 2203.342066 2250.944495 2309.863328 2319.227828 2317.794921 2324.938088 2355.670223 2409.729299 2481.168233 2526.224863 2563.827335 2599.734195 2659.784813 2730.522660 2798.677504 2845.915357 2837.189037 2906.057287 2966.259861 2994.782655 3005.823719 3010.437942 3063.085246 3128.855073 3155.794824 3181.305439 3204.302809 3238.559297 3236.298923 3247.896062 3259.042742 3268.720597 3280.832338 3286.336464 3282.004951 3277.523811 3259.383301 3254.714191 3261.301485 3268.209751 3268.062176 3253.806684 3249.867691 3264.434918 3269.874048 3268.266907 3266.488880 3271.925869 3269.941736 3224.865779 3201.453261 3187.241700 3184.199111 3139.383451 3074.429875 3040.600574 3021.122536 3010.939615 2936.860980 2894.826073 2852.004388 2814.557757 2821.765737 2795.892523 2751.101596 2708.706263 2660.780044 2612.831531 2587.917107 2569.909100 2566.850680 2565.297189 2581.053276 2595.105742 2609.673054 2617.036037 -9999.0 -9999.0
-9999.0 2094.945284 2167.037139 2291.618674 2372.382856 2415.460867 2435.991710 2450.286508 2481.903252 2518.070261 2614.907083 2683.486284 2773.596776 2816.531113 2865.668803 2887.775747 2980.010168 2995.486712 3031.183243 3090.961114 3153.489668 3192.701394 3218.144210 3206.166798 3242.898551 3266.555552 3272.688445 3278.241803 3276.655296 3268.293574 3261.175498 3268.067780 3265.499368 3246.938422 3231.446944 3229.909626 3226.635727 3203.967362 3183.669257 3168.869610 3171.196581 3188.445597 3182.409395 3161.787101 3157.518494 3178.335878 3191.884966 3181.582101 3175.636704 3185.045330 3218.729657 3241.903897 3245.720739 3263.509225 3284.440908 3256.586213 3233.242339 3191.209952 3181.857355 3157.153931 3101.726083 3046.924509 2999.598867 2977.379453 2921.993886 2868.144157 2816.577606 2797.040056 2732.166962 2690.498972 2659.884959 2611.973837 2593.912453 2596.658918 2588.074492 2584.573220 2589.227810 2594.963437 -9999.0 -9999.0
-9999.0 2003.923562 2144.541251 2325.916968 2473.690519 2524.681830 2604.152880 2674.579094 2699.950078 2659.929213 2769.824593 2927.628984 3016.617000 3031.226096 3102.963910 3186.325990 3178.901366 3208.242293 3229.751809 3249.378425 3265.277810 3277.345788 3275.076768 3269.296986 3253.271484 3245.381452 3244.729199 3242.772419 3225.892220 3207.390885 3190.918221 3188.337468 3178.076260 3131.715400 3099.311088 3082.803593 3066.018942 3051.700898 3023.768484 2999.614343 3012.930805 2996.645810 2993.317097 3007.425040 3003.207520 2993.362741 3023.606083 3019.446765 3029.190178 3048.409299 3083.909902 3120.893551 3139.630508 3168.106894 3195.864602 3241.468823 3251.962038 3273.938842 3277.438063 3264.493925 3219.884838 3177.018245 3148.001041 3093.802621 3034.340718 2998.213360 2945.606300 2896.541232 2837.761156 2800.116571 2772.280632 2716.247645 2668.201772 2653.000015 2615.143636 2597.637471 -9999.0 -9999.0 -9999.0 -9999.0
-9999.0 1909.446704 2092.075250 2338.479729 2630.090501 2719.545513 2896.484615 2997.158474 3037.096860 3101.491722 3012.209550 3188.450794 3232.699138 3225.643464 3233.897252 3235.787935 3249.170305 3249.013326 3243.991938 3233.325235 3224.209443 3220.001108 3218.796698 3210.976340 3198.561515 3184.283711 3179.640944 3168.678779 3133.376514 3102.141040 3065.086076 3052.980573 3013.078050 2950.597212 2910.585768 2872.789841 2813.750577 2813.579406 2817.466835 2856.436585 2837.617527 2810.133522 2837.188770 2848.232000 2852.547119 2849.878045 2862.856238 2823.847066 2869.549700 2904.538262 2945.169521 2993.180463 2993.859532 3032.265006 3072.478793 3124.229839 3154.130085 3182.592468 3222.274108 3258.728125 3280.937951 3268.231234 3247.859091 3205.515654 3153.078405 3104.093090 3075.188271 3025.348319 2996.474774 2950.235171 2902.834294 2849.098496 2799.986992 2736.388763 2697.935690 -9999.0 -9999.0 -9999.0 -9999.0 -9999.0
-9999.0 1701.011658 1966.323414 2240.262279 2529.943163 2849.274688 2991.862736 3090.483802 3151.043570 3125.740692 3141.251412 3150.103408 3180.647435 3186.628749 3171.108156 3158.951207 3143.024972 3141.974113 3154.891353 3128.313476 3099.039863 3086.187865 3086.875380 3076.073536 3052.872543 3037.879814 3028.551818 3011.909633 2996.400376 2946.373557 2863.310292 2831.323796 2816.719806 2771.247162 2729.565107 2678.989629 2628.501927 2630.253912 2652.210109 2640.936075 2619.534610 2601.707138 2630.267949 2652.164764 2665.897668 2652.044747 2660.561245 2695.455205 2745.285968 2790.345344 2839.719752 2827.916709 2869.127066 2910.893861 2935.709507 2978.455604 2990.061156 3030.788616 3099.694567 3175.112551 3202.011144 3235.290248 3265.566746 3286.701557 3244.769437 3217.183187 3194.339556 3175.888363 3130.017965 3085.131310 3044.830788 2982.420495 2934.919010 -9999.0 -9999.0 -9999.0 -9999.0 -9999.0 -9999.0 -9999.0
-9999.0 1584.077061 1786.010931 1990.537038 2252.877755 2488.810496 2707.904703 2810.579123 2843.752101 2902.509445 2950.214209 2986.350423 2989.602595 3010.178210 2988.027076 2970.878675 2940.242031 2944.849258 2937.510779 2915.522248 2887.269101 2873.590349 2870.927861 2865.313738 2843.097887 2831.550291 2824.391220 2867.398943 2838.213304 2781.797661 2704.505668 2627.395836 2570.463562 2544.942231 2517.939815 2487.410067 2457.035992 2467.941495 2478.821204 2478.006196 2470.012696 2468.996932 2497.947538 2516.964541 2527.068837 2516.753232 2536.390253 2562.145125 2602.673641 2647.381047 2696.872700 2750.770889 2804.711520 2832.323495 2843.128701 2863.706314 2826.235365 2871.935361 2950.746639 3005.929561 3079.813218 3124.139851 3173.425039 3204.650625 3230.916042 3258.730023 3278.421764 3269.352515 3244.517613 3212.288245 3158.512587 -9999.0 -9999.0 -9999.0 -9999.0 -9999.0 -9999.0 -9999.0 -9999.0 -9999.0
-9999.0 -9999.0 1557.850801 1718.879859 1830.253872 1999.036707 2145.154694 2255.333667 2355.080275 2491.243082 2610.988853 2705.690337 2753.088721 2771.809443 2760.078839 2732.826904 2714.991618 2714.790838 2703.347573 2694.901646 2677.810922 2670.536419 2656.598169 2647.954635 2640.778193 2637.235011 2632.641131 2623.172228 2603.035044 2557.758868 2514.719297 2466.632789 2415.759885 2391.335109 2370.522506 2350.809266 2352.126970 2346.805031 2351.688385 2353.896170 2362.432669 2376.006881 2395.674737 2418.555859 2428.696954 2439.058193 2451.437481 2475.040781 2507.709987 2549.992997 2604.460616 2664.135188 2705.037828 2717.876742 2707.044837 2709.783523 2725.344235 2764.180153 2838.771242 2841.447066 2931.259056 2996.911215 3031.956164 3086.051183 3111.630959 3146.914265 3208.353825 3255.569879 3293.956970 3272.023813 -9999.0 -9999.0 -9999.0 -9999.0 -9999.0 -9999.0 -9999.0 -9999.0 -9999.0 -9999.0
-9999.0 -9999.0 -9999.0 -9999.0 1579.488422 1729.448324 1827.320178 1908.842782 2042.124065 2170.582456 2276.522675 2363.939376 2432.013885 2460.559332 2461.317707 2475.024752 2473.270598 2465.280960 2454.627254 2456.942163 2459.138789 2452.016231 2435.959841 2428.935986 2431.233511 2437.438084 2434.728341 2420.982478 2402.256821 2384.040502 2367.425685 2334.701477 2300.673609 2272.014803 2259.103071 2254.636550 2254.262410 2246.430649 2254.674347 2262.914206 2278.528872 2293.667483 2317.241271 2346.582538 2361.208127 2376.398356 2386.079581 2406.185936 2436.998497 2490.803588 2554.991558 2613.614047 2651.672871 2656.927535 2633.260568 2617.334924 2612.221797 2638.075726 2679.866766 2741.498124 2840.347800 2833.814752 2881.943636 2923.585004 2959.713279 2991.153878 3080.088244 3157.889014 -9999.0 -9999.0 -9999.0 -9999.0 -9999.0 -9999.0 -9999.0 -9999.0 -9999.0 -9999.0 -9999.0 -9999.0
-9999.0 -9999.0 -9999.0 -9999.0 -9999.0 -9999.0 1550.684642 1655.395403 1728.111173 1876.777578 2017.948981 2124.725289 2208.452029 2244.113574 2276.510772 2306.412156 2306.518009 2287.064658 2266.139570 2286.570175 2303.508249 2297.041712 2265.552429 2266.132649 2272.063715 2279.714594 2276.937000 2270.469343 2245.319175 2259.656755 2262.266135 2239.135715 2213.407890 2200.117323 2188.290033 2197.859311 2197.790317 2183.475860 2182.831815 2210.250247 2230.984989 2243.927431 2265.236960 2298.503950 2331.177565 2347.085553 2348.703724 2354.603133 2393.288269 2463.677283 2536.552838 2593.403159 2627.333972 2636.389432 2611.125098 2571.485306 2551.546510 2558.159171 2591.298781 2640.616619 2713.876269 2759.235677 2778.659748 2784.708895 2797.129274 2819.657894 -9999.0 -9999.0 -9999.0 -9999.0 -9999.0 -9999.0 -9999.0 -9999.0 -9999.0 -9999.0 -9999.0 -9999.0 -9999.0 -9999.0
-9999.0 -9999.0 -9999.0 -9999.0 -9999.0 -9999.0 -9999.0 -9999.0 -9999.0 -9999.0 -9999.0 -9999.0 -9999.0 -9999.0 -9999.0 -9999.0 -9999.0 -9999.0 -9999.0 -9999.0 -9999.0 -9999.0 -9999.0 -9999.0 -9999.0 -9999.0 -9999.0 -9999.0 -9999.0 -9999.0 -9999.0 -9999.0 -9999.0 -9999.0 -9999.0 -9999.0 -9999.0 -9999.0 -9999.0 -9999.0 -9999.0 -9999.0 -9999.0 -9999.0 -9999.0 -9999.0 -9999.0 -9999.0 -9999.0 -9999.0 -9999.0 -9999.0 -9999.0 -9999.0 -9999.0 -9999.0 -9999.0 -9999.0 -9999.0 -9999.0 -9999.0 -9999.0 -9999.0 -9999.0 -9999.0 -9999.0 -9999.0 -9999.0 -9999.0 -9999.0 -9999.0 -9999.0 -9999.0 -9999.0 -9999.0 -9999.0 -9999.0 -9999.0 -9999.0 -9999.0
-9999.0 -9999.0 -9999.0 -9999.0 -9999.0 -9999.0 -9999.0 -9999.0 -9999.0 -9999.0 -9999.0 -9999.0 -9999.0 -9999.0 -9999.0 -9999.0 -9999.0 -9999.0 -9999.0 -9999.0 -9999.0 -9999.0 -9999.0 -9999.0 -9999.0 -9999.0 -9999.0 -9999.0 -9999.0 -9999.0 -9999.0 -9999.0 -9999.0 -9999.0 -9999.0 -9999.0 -9999.0 -9999.0 -9999.0 -9999.0 -9999.0 -9999.0 -9999.0 -9999.0 -9999.0 -9999.0 -9999.0 -9999.0 -9999.0 -9999.0 -9999.0 -9999.0 -9999.0 -9999.0 -9999.0 -9999.0 -9999.0 -9999.0 -9999.0 -9999.0 -9999.0 -9999.0 -9999.0 -9999.0 -9999.0 -9999.0 -9999.0 -9999.0 -9999.0 -9999.0 -9999.0 -9999.0 -9999.0 -9999.0 -9999.0 -9999.0 -9999.0 -9999.0 -9999.0 -9999.0