Borden_/Borden1m_014/output_maps/psiliqL0030N0029.asc
ncols         80
nrows         18
xllcorner     620200.000000
yllcorner     5168000.000000
cellsize      1.000000
NODATA_value  -9999.0
-9999.0 -9999.0 -9999.0 -9999.0 -9999.0 -9999.0 -9999.0 -9999.0 -9999.0 -9999.0 -9999.0 -9999.0 -9999.0 -9999.0 -9999.0 -9999.0 -9999.0 -9999.0 -9999.0 -9999.0 -9999.0 -9999.0 -9999.0 -9999.0 -9999.0 -9999.0 -9999.0 -9999.0 -9999.0 -9999.0 -9999.0 -9999.0 -9999.0 -9999.0 -9999.0 -9999.0 -9999.0 -9999.0 -9999.0 -9999.0 -9999.0 -9999.0 -9999.0 -9999.0 -9999.0 -9999.0 -9999.0 -9999.0 -9999.0 -9999.0 -9999.0 -9999.0 -9999.0 -9999.0 -9999.0 -9999.0 -9999.0 -9999.0 -9999.0 -9999.0 -9999.0 -9999.0 -9999.0 -9999.0 -9999.0 -9999.0 -9999.0 -9999.0 -9999.0 -9999.0 -9999.0 -9999.0 -9999.0 -9999.0 -9999.0 -9999.0 -9999.0 -9999.0 -9999.0 -9999.0
-9999.0 -9999.0 -9999.0 -9999.0 -9999.0 -9999.0 -9999.0 -9999.0 -9999.0 -9999.0 -9999.0 -9999.0 -9999.0 -9999.0 -9999.0 -9999.0 -9999.0 -9999.0 -9999.0 -9999.0 -9999.0 -9999.0 -9999.0 -9999.0 -9999.0 -9999.0 -9999.0 -9999.0 -9999.0 -9999.0 -9999.0 -9999.0 -9999.0 -9999.0 -9999.0 -9999.0 -9999.0 -9999.0 -9999.0 -9999.0 -9999.0 -9999.0 -9999.0 -9999.0 -9999.0 -9999.0 -9999.0 -9999.0 -9999.0 -9999.0 -9999.0 -9999.0 -9999.0 -9999.0 -9999.0 -9999.0 -9999.0 -9999.0 -9999.0 -9999.0 -9999.0 -9999.0 -9999.0 -9999.0 -9999.0 -9999.0 -9999.0 -9999.0 -9999.0 -9999.0 -9999.0 -9999.0 -9999.0 -9999.0 -9999.0 -9999.0 -9999.0 -9999.0 -9999.0 -9999.0
-9999.0 -9999.0 -9999.0 -9999.0 -9999.0 -9999.0 -9999.0 -9999.0 -9999.0 -9999.0 -9999.0 -9999.0 -9999.0 -9999.0 -9999.0 -9999.0 -9999.0 -9999.0 -9999.0 -9999.0 4125.027929 4125.473021 4103.914312 4069.588296 4041.142749 4042.732648 4074.992604 4115.309439 4154.114105 4160.523313 4140.880581 4144.947021 4140.397520 4134.671201 4134.012794 4141.942922 4149.271045 4158.425454 4164.892759 4161.978000 4154.219651 4149.256870 4152.640434 4153.781911 4160.343757 4144.603139 4161.235235 4177.830638 4182.270957 4180.165652 4157.295972 4146.392655 4138.668345 4123.075519 4150.400159 4162.124391 4185.975040 4190.906953 4188.983125 4162.538659 4132.620607 -9999.0 -9999.0 -9999.0 -9999.0 -9999.0 -9999.0 -9999.0 -9999.0 -9999.0 -9999.0 -9999.0 -9999.0 -9999.0 -9999.0 -9999.0 -9999.0 -9999.0 -9999.0 -9999.0
-9999.0 -9999.0 -9999.0 -9999.0 -9999.0 -9999.0 -9999.0 -9999.0 -9999.0 -9999.0 -9999.0 -9999.0 -9999.0 -9999.0 4035.000093 4026.423962 4023.348842 4030.081696 4061.997947 4092.103925 4103.449379 4095.784446 4095.304552 4069.958681 4046.102715 4057.981110 4087.005266 4116.864113 4149.684412 4165.904204 4154.855161 4151.914340 4157.700475 4175.111526 4181.353504 4177.308625 4160.262309 4184.831364 4197.218742 4200.290790 4197.893760 4187.620971 4194.965211 4208.429481 4201.239856 4186.503232 4199.319224 4215.276299 4225.388542 4218.912888 4162.465818 4152.791450 4150.002815 4146.979406 4134.410130 4131.619670 4161.296484 4161.054557 4154.509678 4137.867861 4104.657934 4059.399479 4040.691910 4082.368418 4126.370634 4182.765366 -9999.0 -9999.0 -9999.0 -9999.0 -9999.0 -9999.0 -9999.0 -9999.0 -9999.0 -9999.0 -9999.0 -9999.0 -9999.0 -9999.0
-9999.0 -9999.0 -9999.0 -9999.0 -9999.0 -9999.0 -9999.0 -9999.0 -9999.0 3977.611822 3983.922298 3990.575445 3992.884377 4007.576682 4003.703358 4010.243748 4012.900068 4039.957658 4068.610123 4101.281498 4127.368397 4117.827244 4115.694362 4117.176058 4108.161693 4114.281011 4134.111427 4169.665568 4198.223879 4231.857771 4196.695996 4190.818788 4207.730595 4247.039827 4266.567155 4266.582978 4247.592730 4267.364392 4290.552182 4304.264476 4300.057240 4293.008180 4319.778394 4335.768614 4326.790418 4304.159410 4306.500162 4316.350424 4346.866557 4295.706752 4228.984255 4194.449109 4214.083278 4195.533231 4173.463146 4165.534221 4167.649985 4188.385205 4177.937060 4145.266675 4113.217973 4101.499786 4085.220234 4108.039024 4132.098243 4178.989804 4219.657478 4250.077114 4249.605766 4232.553553 -9999.0 -9999.0 -9999.0 -9999.0 -9999.0 -9999.0 -9999.0 -9999.0 -9999.0 -9999.0
-9999.0 -9999.0 -9999.0 -9999.0 -9999.0 -9999.0 3899.163642 3909.854793 3930.533090 3932.139047 3958.716603 3962.973224 3980.891845 3997.023359 4018.519124 4029.708326 4052.631349 4081.269918 4115.338041 4150.811508 4176.683672 4162.758519 4166.691741 4182.299282 4204.731044 4220.125968 4242.293099 4280.165041 4352.635369 4388.416575 4376.312209 4376.033263 4384.001663 4435.287995 4499.621953 4509.077564 4488.154330 4475.729597 4501.171213 4540.023427 4536.121810 4534.718711 4549.585332 4561.237334 4588.333518 4576.068424 4540.157429 4537.386968 4547.024802 4520.985467 4447.907805 4391.918706 4377.344226 4329.598298 4244.305435 4205.009945 4234.932303 4266.120451 4246.724463 4198.287525 4168.548923 4164.876931 4155.242038 4150.717320 4165.503407 4189.918207 4214.497116 4229.322185 4217.884546 4197.240265 4176.099438 4148.277690 4151.332081 4176.321412 -9999.0 -9999.0 -9999.0 -9999.0 -9999.0 -9999.0
-9999.0 -9999.0 -9999.0 -9999.0 3850.083958 3862.705333 3846.629255 3872.857653 3904.159826 3937.143050 3962.776979 3992.397530 4013.857025 4039.073962 4069.402994 4086.855432 4115.576183 4143.434130 4188.519980 4247.710939 4290.164178 4300.544376 4307.864478 4357.930250 4413.776166 4459.755390 4478.619563 4505.361124 4554.317034 4611.664449 4633.328420 4635.190449 4652.236441 4698.976406 4759.189239 4795.456647 4777.159068 4767.446982 4779.314410 4795.158190 4817.343271 4817.349223 4818.519735 4823.521626 4832.355688 4829.803446 4801.437418 4767.184222 4753.910583 4742.959194 4700.732290 4626.093078 4597.785846 4567.012954 4518.713807 4462.077951 4420.109216 4426.283060 4370.336205 4313.844718 4266.880858 4262.899413 4245.288740 4231.687489 4217.476385 4232.611943 4246.797656 4232.923071 4203.205047 4174.587900 4162.240797 4145.119480 4133.722974 4165.368065 4183.435682 4212.643696 -9999.0 -9999.0 -9999.0 -9999.0
-9999.0 -9999.0 3791.603002 3835.350065 3892.015723 3896.720824 3886.952732 3888.268913 3913.422583 3961.252503 4019.053131 4051.543927 4075.838683 4105.427295 4153.589478 4210.412353 4267.682802 4309.988387 4369.462518 4440.351989 4499.902304 4525.895387 4533.690109 4570.348305 4627.178081 4700.560389 4730.169267 4757.930805 4791.748146 4830.780721 4815.582989 4825.159628 4839.126809 4855.634187 4874.067440 4883.054983 4877.518339 4872.765769 4853.805236 4848.007484 4854.368089 4863.625348 4861.705727 4846.524590 4842.516947 4858.042098 4865.131018 4862.472732 4858.596769 4862.701046 4855.091427 4802.682615 4792.206209 4775.850821 4762.188139 4714.197057 4645.070284 4614.296885 4590.761425 4547.407240 4472.666204 4438.190215 4400.287976 4367.652616 4332.436529 4322.916899 4293.066470 4262.378697 4224.765807 4184.815396 4166.639102 4153.370229 4153.506009 4154.253936 4172.497117 4188.269944 4204.352613 4212.478874 -9999.0 -9999.0
-9999.0 3679.239941 3749.320263 3868.595202 3944.958387 3978.610987 3978.610578 3974.659088 3999.098280 4034.500092 4115.894393 4153.410260 4236.244670 4276.278649 4315.457902 4405.757463 4503.741666 4549.279256 4590.872797 4659.327080 4728.967115 4777.903543 4805.177185 4772.872190 4815.626762 4852.342778 4862.769854 4871.485662 4873.261065 4864.570316 4858.811133 4865.198921 4861.844407 4841.848228 4824.999585 4822.947210 4819.359573 4795.326727 4767.234105 4750.925183 4751.503031 4777.367773 4763.585229 4741.856329 4737.298007 4759.510953 4782.235355 4771.066735 4757.666437 4774.500893 4810.147827 4837.185237 4835.178745 4854.605172 4875.931014 4845.459822 4826.476431 4780.513183 4762.871685 4736.850770 4677.876065 4622.801089 4573.780239 4525.574137 4473.973851 4427.191994 4380.171154 4333.384480 4281.243998 4249.037588 4225.793581 4184.920987 4174.494982 4182.145572 4178.219924 4177.008554 4183.710716 4190.338291 -9999.0 -9999.0
-9999.0 3576.344119 3713.324516 3887.609642 4028.004294 4062.699404 4110.993842 4160.397810 4171.378553 4108.258019 4210.734631 4432.164805 4566.112291 4586.832551 4666.748089 4767.800576 4739.059285 4772.248765 4797.343643 4830.115709 4856.324771 4873.060816 4871.965679 4867.497456 4850.471028 4842.341410 4841.317153 4839.021128 4820.982595 4801.451609 4784.214909 4780.455662 4761.374318 4708.555617 4674.085770 4655.195118 4633.418239 4620.846668 4594.506926 4567.747434 4549.698000 4557.692527 4557.916507 4545.717046 4541.338411 4558.569051 4589.638203 4589.461898 4603.973521 4624.160024 4659.856921 4699.676637 4719.376304 4749.340865 4785.740286 4836.288798 4843.121010 4866.081744 4868.372519 4860.723186 4812.096256 4758.963505 4728.869332 4672.161465 4612.390516 4550.496540 4500.691573 4455.705212 4399.812191 4366.761352 4328.550054 4275.145233 4235.051205 4231.395759 4199.223705 4188.011533 -9999.0 -9999.0 -9999.0 -9999.0
-9999.0 3464.403261 3639.605892 3870.069235 4171.628299 4231.587930 4437.857636 4553.355901 4590.695104 4661.489725 4509.465023 4743.116555 4804.911902 4802.236122 4826.358942 4830.931212 4846.225047 4845.072657 4839.952784 4828.570530 4818.476532 4813.513147 4812.617076 4804.605205 4791.751835 4776.871496 4764.631633 4752.586212 4714.633350 4681.588316 4639.572276 4626.278997 4577.621354 4483.646366 4444.954341 4403.809538 4339.539279 4343.795391 4355.229295 4331.891410 4311.482542 4279.850104 4312.523328 4326.058546 4331.306384 4324.219755 4331.899867 4363.757184 4414.616933 4450.056011 4489.070843 4537.962882 4569.439783 4609.165802 4648.541056 4701.651629 4734.010645 4763.505629 4814.465328 4851.966698 4875.143027 4859.767676 4843.136306 4796.004549 4734.770603 4684.828843 4654.738077 4602.733378 4558.627240 4515.361812 4468.803467 4415.999455 4354.256837 4307.630699 4274.942780 -9999.0 -9999.0 -9999.0 -9999.0 -9999.0
-9999.0 3223.824597 3485.194920 3740.895405 4000.530641 4352.791361 4546.246271 4635.732836 4701.819049 4693.945086 4725.971109 4730.046084 4768.165298 4776.804643 4755.639316 4740.571088 4721.241225 4720.150511 4733.366034 4705.190015 4673.846682 4659.902363 4660.940536 4650.278479 4625.681644 4610.854429 4601.703597 4582.375918 4538.997137 4487.169638 4400.316911 4361.995383 4279.847858 4246.100222 4211.244524 4164.102771 4120.946913 4128.453470 4155.541481 4148.287638 4127.969433 4111.500828 4142.069863 4164.383418 4178.283714 4160.556911 4166.834633 4201.483200 4248.009663 4288.681519 4332.289417 4380.289369 4423.075176 4461.465234 4480.386813 4517.963749 4560.677671 4602.934577 4674.390454 4755.604307 4793.465688 4829.353866 4856.819511 4879.376441 4835.612811 4810.571661 4785.889957 4761.261167 4713.791021 4667.669803 4627.047607 4560.363321 4500.750025 -9999.0 -9999.0 -9999.0 -9999.0 -9999.0 -9999.0 -9999.0
-9999.0 3116.888533 3297.986498 3471.751011 3704.794074 3933.623082 4171.581870 4261.646631 4333.794698 4421.388411 4484.337818 4525.438732 4551.294368 4573.760670 4551.449217 4503.018058 4469.559288 4474.949511 4464.138395 4444.018651 4416.692094 4404.213279 4401.088115 4396.805597 4376.333020 4367.062949 4360.947000 4343.410371 4319.692242 4266.373471 4196.617464 4121.703017 4069.794721 4054.510997 4034.273918 4009.496640 3986.344573 4000.771934 4013.288912 4014.797145 4010.120882 4011.806003 4040.836036 4061.217767 4070.598919 4060.350267 4078.483151 4100.635742 4136.361634 4175.189850 4219.442548 4269.175174 4317.351966 4335.802590 4335.251838 4343.402116 4369.030562 4411.203619 4487.197232 4574.104542 4655.450952 4702.481731 4754.439878 4795.889344 4825.777398 4847.532337 4872.388097 4867.326009 4839.810961 4805.496826 4744.655562 -9999.0 -9999.0 -9999.0 -9999.0 -9999.0 -9999.0 -9999.0 -9999.0 -9999.0
-9999.0 -9999.0 3074.249086 3213.174260 3288.505370 3439.451984 3575.178479 3680.192043 3787.813325 3942.328778 4073.324680 4172.575502 4221.373177 4237.405426 4224.397414 4198.369028 4183.047993 4182.448943 4169.993076 4165.544242 4153.616404 4149.360448 4136.869638 4129.760004 4128.305218 4129.780600 4128.768154 4121.828868 4107.095116 4067.641110 4035.480987 3993.908356 3950.533889 3930.889954 3914.892083 3900.493810 3907.555207 3902.601499 3908.418035 3912.327433 3923.566665 3938.735530 3957.877534 3981.086861 3990.824844 4001.785902 4012.047848 4032.917154 4061.794134 4101.477836 4152.421020 4207.031869 4242.448195 4248.092684 4227.972040 4220.341449 4225.351115 4251.205854 4310.649828 4378.049575 4470.050773 4537.109527 4604.645954 4662.032655 4689.678110 4726.099749 4798.824676 4847.037900 4892.591489 4870.015512 -9999.0 -9999.0 -9999.0 -9999.0 -9999.0 -9999.0 -9999.0 -9999.0 -9999.0 -9999.0
-9999.0 -9999.0 -9999.0 -9999.0 3068.557330 3208.421768 3302.355062 3376.391535 3510.844066 3645.058063 3753.061998 3842.837769 3916.058528 3942.922186 3947.349943 3970.144290 3971.215811 3960.589422 3949.183981 3957.121788 3965.200160 3959.841387 3941.962112 3936.971415 3943.332494 3953.922443 3953.912945 3943.032888 3926.570648 3918.156894 3910.532237 3883.405610 3854.690418 3829.965048 3820.475996 3820.409952 3822.077770 3814.784924 3823.800603 3834.239570 3851.002854 3866.338231 3889.818202 3919.985614 3935.261087 3949.896705 3957.837833 3975.265667 4003.246637 4054.213727 4115.587501 4172.143622 4206.136821 4205.781440 4176.332257 4153.145119 4138.435832 4153.506792 4179.281123 4226.725991 4315.105933 4376.974715 4419.892026 4456.716260 4493.103195 4560.544034 4659.057374 4742.417863 -9999.0 -9999.0 -9999.0 -9999.0 -9999.0 -9999.0 -9999.0 -9999.0 -9999.0 -9999.0 -9999.0 -9999.0
-9999.0 -9999.0 -9999.0 -9999.0 -9999.0 -9999.0 3046.560623 3152.989233 3210.047532 3368.858641 3521.546827 3632.236375 3717.623062 3756.451614 3795.050947 3827.900289 3830.010332 3808.878492 3785.692321 3809.565590 3832.209298 3825.895102 3792.507361 3795.879928 3805.421447 3814.660276 3813.854115 3810.442780 3788.719206 3811.036239 3820.308910 3800.969072 3778.925271 3769.709094 3760.540648 3772.418618 3773.907694 3760.131354 3758.889949 3788.172205 3810.172500 3823.107623 3843.766333 3877.027382 3909.587396 3925.439548 3925.890476 3929.594179 3964.346551 4031.675467 4102.636705 4157.982171 4189.049899 4193.152104 4161.645409 4115.874204 4088.633583 4085.710531 4107.760862 4144.191561 4203.084344 4237.337993 4244.204339 4240.390728 4249.213401 4351.886965 -9999.0 -9999.0 -9999.0 -9999.0 -9999.0 -9999.0 -9999.0 -9999.0 -9999.0 -9999.0 -9999.0 -9999.0 -9999.0 -9999.0
-9999.0 -9999.0 -9999.0 -9999.0 -9999.0 -9999.0 -9999.0 -9999.0 -9999.0 -9999.0 -9999.0 -9999.0 -9999.0 -9999.0 -9999.0 -9999.0 -9999.0 -9999.0 -9999.0 -9999.0 -9999.0 -9999.0 -9999.0 -9999.0 -9999.0 -9999.0 -9999.0 -9999.0 -9999.0 -9999.0 -9999.0 -9999.0 -9999.0 -9999.0 -9999.0 -9999.0 -9999.0 -9999.0 -9999.0 -9999.0 -9999.0 -9999.0 -9999.0 -9999.0 -9999.0 -9999.0 -9999.0 -9999.0 -9999.0 -9999.0 -9999.0 -9999.0 -9999.0 -9999.0 -9999.0 -9999.0 -9999.0 -9999.0 -9999.0 -9999.0 -9999.0 -9999.0 -9999.0 -9999.0 -9999.0 -9999.0 -9999.0 -9999.0 -9999.0 -9999.0 -9999.0 -9999.0 -9999.0 -9999.0 -9999.0 -9999.0 -9999.0 -9999.0 -9999.0 -9999.0
-9999.0 -9999.0 -9999.0 -9999.0 -9999.0 -9999.0 -9999.0 -9999.0 -9999.0 -9999.0 -9999.0 -9999.0 -9999.0 -9999.0 -9999.0 -9999.0 -9999.0 -9999.0 -9999.0 -9999.0 -9999.0 -9999.0 -9999.0 -9999.0 -9999.0 -9999.0 -9999.0 -9999.0 -9999.0 -9999.0 -9999.0 -9999.0 -9999.0 -9999.0 -9999.0 -9999.0 -9999.0 -9999.0 -9999.0 -9999.0 -9999.0 -9999.0 -9999.0 -9999.0 -9999.0 -9999.0 -9999.0 -9999.0 -9999.0 -9999.0 -9999.0 -9999.0 -9999.0 -9999.0 -9999.0 -9999.0 -9999.0 -9999.0 -9999.0 -9999.0 -9999.0 -9999.0 -9999.0 -9999.0 -9999.0 -9999.0 -9999.0 -9999.0 -9999.0 -9999.0 -9999.0 -9999.0 -9999.0 -9999.0 -9999.0 -9999.0 -9999.0 -9999.0 -9999.0 -9999.0