Borden_/Borden1m_014/output_maps/psiliqL0012N0008.asc
ncols         80
nrows         18
xllcorner     620200.000000
yllcorner     5168000.000000
cellsize      1.000000
NODATA_value  -9999.0
-9999.0 -9999.0 -9999.0 -9999.0 -9999.0 -9999.0 -9999.0 -9999.0 -9999.0 -9999.0 -9999.0 -9999.0 -9999.0 -9999.0 -9999.0 -9999.0 -9999.0 -9999.0 -9999.0 -9999.0 -9999.0 -9999.0 -9999.0 -9999.0 -9999.0 -9999.0 -9999.0 -9999.0 -9999.0 -9999.0 -9999.0 -9999.0 -9999.0 -9999.0 -9999.0 -9999.0 -9999.0 -9999.0 -9999.0 -9999.0 -9999.0 -9999.0 -9999.0 -9999.0 -9999.0 -9999.0 -9999.0 -9999.0 -9999.0 -9999.0 -9999.0 -9999.0 -9999.0 -9999.0 -9999.0 -9999.0 -9999.0 -9999.0 -9999.0 -9999.0 -9999.0 -9999.0 -9999.0 -9999.0 -9999.0 -9999.0 -9999.0 -9999.0 -9999.0 -9999.0 -9999.0 -9999.0 -9999.0 -9999.0 -9999.0 -9999.0 -9999.0 -9999.0 -9999.0 -9999.0
-9999.0 -9999.0 -9999.0 -9999.0 -9999.0 -9999.0 -9999.0 -9999.0 -9999.0 -9999.0 -9999.0 -9999.0 -9999.0 -9999.0 -9999.0 -9999.0 -9999.0 -9999.0 -9999.0 -9999.0 -9999.0 -9999.0 -9999.0 -9999.0 -9999.0 -9999.0 -9999.0 -9999.0 -9999.0 -9999.0 -9999.0 -9999.0 -9999.0 -9999.0 -9999.0 -9999.0 -9999.0 -9999.0 -9999.0 -9999.0 -9999.0 -9999.0 -9999.0 -9999.0 -9999.0 -9999.0 -9999.0 -9999.0 -9999.0 -9999.0 -9999.0 -9999.0 -9999.0 -9999.0 -9999.0 -9999.0 -9999.0 -9999.0 -9999.0 -9999.0 -9999.0 -9999.0 -9999.0 -9999.0 -9999.0 -9999.0 -9999.0 -9999.0 -9999.0 -9999.0 -9999.0 -9999.0 -9999.0 -9999.0 -9999.0 -9999.0 -9999.0 -9999.0 -9999.0 -9999.0
-9999.0 -9999.0 -9999.0 -9999.0 -9999.0 -9999.0 -9999.0 -9999.0 -9999.0 -9999.0 -9999.0 -9999.0 -9999.0 -9999.0 -9999.0 -9999.0 -9999.0 -9999.0 -9999.0 -9999.0 536.426758 539.251235 517.139263 483.594886 455.861787 458.479036 493.823634 535.690568 574.486138 584.995369 567.512252 570.314454 566.625247 567.265340 571.752660 579.960784 584.970137 597.193900 606.263733 606.286856 600.383386 595.177916 594.976891 598.130169 603.350886 593.170949 606.897980 621.682457 626.241677 619.479492 590.414605 573.109682 563.185656 547.077616 570.695087 581.828222 603.728587 607.121385 604.911425 577.355830 546.897828 -9999.0 -9999.0 -9999.0 -9999.0 -9999.0 -9999.0 -9999.0 -9999.0 -9999.0 -9999.0 -9999.0 -9999.0 -9999.0 -9999.0 -9999.0 -9999.0 -9999.0 -9999.0 -9999.0
-9999.0 -9999.0 -9999.0 -9999.0 -9999.0 -9999.0 -9999.0 -9999.0 -9999.0 -9999.0 -9999.0 -9999.0 -9999.0 -9999.0 444.976325 435.392345 432.823000 441.591972 475.605255 506.151044 518.752503 511.658253 512.052461 488.842720 468.884776 483.690227 514.347733 546.932545 581.942085 602.462663 591.026275 589.418440 600.947954 629.711765 647.032405 647.413421 629.330539 653.703523 670.275209 679.203411 678.402653 669.802842 682.972810 698.571721 691.717964 674.847483 679.968333 691.620748 703.114840 686.270841 618.559711 595.806156 590.227730 582.522992 567.741442 560.047877 583.847873 583.161564 574.112971 555.467981 522.275303 477.602074 458.843696 497.004107 540.671068 597.856610 -9999.0 -9999.0 -9999.0 -9999.0 -9999.0 -9999.0 -9999.0 -9999.0 -9999.0 -9999.0 -9999.0 -9999.0 -9999.0 -9999.0
-9999.0 -9999.0 -9999.0 -9999.0 -9999.0 -9999.0 -9999.0 -9999.0 -9999.0 387.297443 391.680378 399.114114 401.451882 417.260033 415.308620 422.647412 430.354441 457.423457 489.036542 524.912985 554.642406 546.108425 547.082730 558.334462 563.794997 577.768227 601.582442 644.435656 685.761580 726.513337 698.021676 696.779566 719.006561 774.083864 820.838655 836.196465 822.178355 831.261247 857.121020 879.145182 877.437911 874.476707 897.973790 910.733409 913.000078 894.838569 883.098558 883.345685 905.960225 848.604129 771.720594 712.989718 713.309720 681.988321 641.808458 618.252048 612.055687 630.894535 614.576576 576.248340 538.685303 527.111304 509.127221 525.252181 547.069538 593.134291 631.394111 659.598725 659.151248 641.548162 -9999.0 -9999.0 -9999.0 -9999.0 -9999.0 -9999.0 -9999.0 -9999.0 -9999.0 -9999.0
-9999.0 -9999.0 -9999.0 -9999.0 -9999.0 -9999.0 308.146400 317.606908 337.954620 343.245731 368.514595 376.215761 396.986269 416.484114 437.965987 455.107100 486.113037 519.632731 561.872384 607.363691 642.559179 639.879649 651.013182 683.174374 725.423736 760.222910 792.300420 839.616686 916.939834 956.765464 964.219086 969.780971 984.690383 1049.802555 1147.527656 1179.880428 1168.643211 1157.966101 1176.322605 1207.368534 1210.068924 1209.045277 1216.257470 1223.517165 1247.856933 1241.958961 1209.287555 1197.606876 1191.196299 1162.764148 1072.192504 991.433034 951.997572 903.540667 820.582342 757.609367 750.709591 762.673708 730.585054 674.615366 629.981324 616.644350 599.831697 584.749474 589.598442 608.077875 630.179611 640.998637 627.869921 606.642152 583.432780 554.313117 555.764315 580.817119 -9999.0 -9999.0 -9999.0 -9999.0 -9999.0 -9999.0
-9999.0 -9999.0 -9999.0 -9999.0 258.053901 270.859219 259.065715 283.818113 316.555326 350.747721 383.275658 420.811376 448.368373 478.738240 520.241909 557.425318 602.061682 639.182077 696.484935 771.002214 833.557211 864.382674 880.564580 938.244409 1002.428166 1066.424545 1106.221662 1154.578957 1199.067777 1251.431014 1272.911964 1277.684457 1295.663052 1334.365981 1390.628196 1429.772325 1420.167615 1417.226845 1423.154610 1431.826205 1452.005770 1451.542354 1452.302241 1453.533066 1457.054386 1458.350858 1440.048730 1411.727730 1398.080572 1382.780934 1344.469500 1275.162858 1239.066232 1214.422514 1183.154239 1118.935096 1019.530800 990.583112 931.487750 871.141475 797.868622 767.529980 732.017860 702.607590 670.426777 670.020491 671.928681 651.008346 618.911307 586.242740 570.664442 551.401906 540.321501 569.958854 587.362737 617.833512 -9999.0 -9999.0 -9999.0 -9999.0
-9999.0 -9999.0 199.235665 248.413583 304.975086 313.878341 315.404442 321.492842 349.964276 402.259787 480.009212 533.217648 577.598668 610.789896 671.685997 756.986940 837.531541 889.973003 952.846856 1035.632062 1129.884288 1176.139160 1193.118948 1225.465040 1273.327373 1332.254184 1363.542132 1395.613019 1424.073051 1450.373715 1461.602667 1474.148929 1481.311564 1484.011069 1491.857328 1496.515959 1497.185437 1496.631737 1482.075447 1480.046347 1486.681697 1490.506440 1492.771128 1480.426181 1476.735803 1489.801168 1493.814663 1494.330585 1493.807360 1497.471906 1497.720182 1460.969652 1424.049594 1412.634955 1403.835729 1357.339951 1288.274816 1247.259658 1226.802559 1178.755317 1075.828107 1006.738599 947.040066 888.195978 829.111593 793.657535 744.259878 701.049340 654.213172 607.499480 582.999826 563.873633 560.755692 560.453653 576.277968 591.589283 606.900633 614.672299 -9999.0 -9999.0
-9999.0 97.887705 170.363241 297.123915 376.855085 422.126292 458.480004 485.687121 513.966386 537.454452 646.559360 749.341112 841.558730 876.186564 928.298049 1035.968974 1151.402869 1203.498123 1240.912319 1296.721284 1362.614774 1410.122309 1435.015599 1449.107827 1478.840304 1488.113814 1492.293062 1497.438091 1493.110911 1483.860760 1473.000444 1478.253337 1474.186774 1455.619214 1441.481090 1441.210381 1440.603993 1424.007977 1403.353165 1393.696857 1398.039596 1419.476908 1409.578263 1391.540530 1388.018246 1406.054873 1421.675179 1412.908780 1400.688429 1414.318046 1443.213238 1462.588060 1475.488182 1491.162045 1509.598579 1482.796761 1453.218466 1417.275331 1401.670977 1373.530065 1313.278256 1251.420933 1192.130457 1109.777045 1026.309378 948.439537 876.539696 812.535307 745.069123 701.949615 668.293156 615.303525 591.723096 592.424844 582.987021 580.033874 586.208717 592.528466 -9999.0 -9999.0
-9999.0 21.054214 163.855985 348.955806 497.329111 559.808390 672.590977 759.861308 789.704723 767.170651 880.731357 1122.805122 1222.532796 1236.248303 1299.115512 1378.659868 1408.080789 1440.181602 1461.299841 1468.496529 1476.670413 1486.605476 1484.884691 1479.156461 1466.901978 1462.181284 1464.106200 1464.127950 1448.811873 1428.922239 1410.328594 1404.949629 1384.731355 1336.361263 1299.271451 1282.694983 1272.487041 1259.606753 1234.530417 1214.679811 1204.238775 1221.709651 1215.010508 1199.698550 1195.637278 1214.507901 1242.492285 1235.581542 1239.951849 1258.791646 1297.579879 1341.940060 1366.457964 1393.332059 1424.135537 1462.175815 1478.308028 1500.274194 1504.987131 1484.648672 1444.814808 1399.077026 1368.462003 1307.137260 1235.905444 1152.286511 1062.582757 990.759830 916.984586 860.394685 804.869066 740.721308 680.053168 653.115323 613.038003 592.679222 -9999.0 -9999.0 -9999.0 -9999.0
-9999.0 -52.466369 136.977314 398.593915 669.572064 795.955199 1012.100769 1157.991428 1218.076401 1283.545433 1284.173127 1417.451249 1450.839513 1443.583261 1434.399527 1433.513321 1443.880093 1445.070210 1441.155368 1433.782673 1429.128328 1428.610315 1429.388921 1424.779873 1416.676217 1406.486456 1397.733074 1388.070960 1351.159356 1310.175480 1270.368555 1252.397834 1208.732987 1096.744455 1034.633220 993.389737 939.096989 935.563842 931.365267 906.268158 889.342339 872.229932 892.746287 895.500371 896.668474 900.322187 916.569257 936.460084 978.021832 1015.618322 1070.937907 1151.605912 1196.820079 1239.533181 1283.294323 1339.460587 1375.600204 1405.703610 1447.568977 1483.381720 1506.087735 1497.755110 1472.596118 1434.920190 1375.608750 1318.688800 1271.490501 1204.841817 1137.093099 1057.382991 989.637760 917.209143 833.840373 742.943906 699.865541 -9999.0 -9999.0 -9999.0 -9999.0 -9999.0
-9999.0 -221.768308 45.974738 338.249293 664.990293 1011.097031 1139.178409 1271.300812 1345.447641 1314.943209 1326.584213 1351.855628 1390.287707 1395.786547 1375.225639 1361.616587 1339.386915 1332.080893 1341.292373 1315.960236 1290.430563 1280.569505 1282.565043 1274.270816 1256.214373 1243.884084 1234.975470 1215.980297 1159.916318 1080.434749 983.451521 949.906547 872.360440 805.169382 753.852887 702.858029 652.428252 652.258212 670.238974 656.254790 635.175855 617.340166 643.569775 660.266918 671.585334 660.379358 668.456782 702.703832 750.611521 793.764249 846.319278 908.795184 959.369286 1010.787400 1051.698105 1123.264655 1191.366276 1242.567916 1315.369368 1393.447205 1428.393700 1461.885557 1495.711451 1513.679399 1470.312993 1431.650886 1393.682867 1348.453509 1278.210968 1232.903477 1195.633032 1115.524139 1010.141811 -9999.0 -9999.0 -9999.0 -9999.0 -9999.0 -9999.0 -9999.0
-9999.0 -351.746071 -127.258895 110.435783 402.733636 643.588068 828.434011 942.607203 1041.625016 1079.859008 1129.271874 1168.094830 1197.773104 1217.336765 1193.005986 1144.594299 1089.348760 1079.876494 1070.192260 1038.918874 1005.574999 989.812632 988.806890 983.184847 960.235686 947.321656 937.824342 915.052683 876.480841 812.123004 726.269507 653.947774 591.525583 555.967237 524.332270 490.824643 454.025643 465.010412 479.334124 475.979222 465.091959 461.756373 491.281988 510.022201 519.935475 507.219734 525.509072 551.688719 592.612971 634.321307 682.727047 738.304545 792.061339 822.573932 840.501369 875.067784 924.286640 986.317372 1088.366765 1206.515398 1290.631877 1346.375975 1397.238905 1430.259554 1447.339035 1471.030608 1457.954279 1389.729625 1281.244392 1306.084280 1310.975511 -9999.0 -9999.0 -9999.0 -9999.0 -9999.0 -9999.0 -9999.0 -9999.0 -9999.0
-9999.0 -9999.0 -363.030721 -179.678823 -31.686289 150.939796 300.494455 408.954849 495.377551 603.472361 709.269876 792.651425 835.483599 851.384255 833.730869 792.232358 758.948472 752.966004 740.011974 725.233695 702.163040 693.603172 684.096747 677.070377 666.596921 661.153338 656.354908 644.967329 621.410416 572.310562 519.915031 467.247920 412.939835 387.142658 364.848036 342.659697 340.335882 337.930156 344.626863 346.334162 352.661223 364.968645 385.517400 407.123712 416.545833 424.133725 436.276325 459.481870 492.080420 533.177909 585.860893 642.125554 680.691139 692.993941 684.398383 692.020919 716.093404 762.650977 851.580853 947.824694 1057.302298 1158.223017 1239.757391 1295.536127 1321.686869 1353.715878 1382.073077 1316.974656 930.070781 1228.486334 -9999.0 -9999.0 -9999.0 -9999.0 -9999.0 -9999.0 -9999.0 -9999.0 -9999.0 -9999.0
-9999.0 -9999.0 -9999.0 -9999.0 -323.871213 -167.648902 -72.620126 10.011630 135.209576 250.461933 348.292840 428.918138 486.078808 510.484826 501.311952 498.530710 488.936218 481.927200 471.470855 467.161563 463.288694 455.791512 443.611639 436.653598 437.185818 441.759320 439.804927 426.572248 409.637517 384.108321 361.323398 326.214435 289.492956 260.259960 247.196009 240.928112 241.166275 235.323674 244.759477 251.748243 266.924177 282.388977 306.362109 334.956243 347.940634 362.183409 371.639111 391.978124 421.685346 474.159683 536.404249 592.593362 626.618706 629.980531 604.258446 588.644826 585.613332 614.246518 661.925424 733.680037 840.507890 923.933256 992.225423 1051.479792 1109.011712 1191.637402 1280.394500 1320.071363 -9999.0 -9999.0 -9999.0 -9999.0 -9999.0 -9999.0 -9999.0 -9999.0 -9999.0 -9999.0 -9999.0 -9999.0
-9999.0 -9999.0 -9999.0 -9999.0 -9999.0 -9999.0 -374.875107 -277.041181 -192.664829 -63.155822 57.843512 154.266220 230.981153 258.468677 279.032546 302.226702 297.599557 279.058831 260.834112 277.896878 289.152494 283.996070 255.804751 255.138070 259.568608 268.809105 267.500017 261.474940 236.691136 246.166744 245.577072 222.492067 196.543596 182.484464 170.957900 180.935867 181.714184 168.982196 170.854731 197.357681 217.388739 230.784388 253.028556 286.150521 318.169889 332.648833 333.533538 339.410068 379.906831 449.563361 519.785977 573.398073 604.157312 611.094239 582.531318 541.388079 519.792913 526.246024 560.870827 614.453425 691.945358 744.429479 777.343195 802.080444 836.398573 940.335617 -9999.0 -9999.0 -9999.0 -9999.0 -9999.0 -9999.0 -9999.0 -9999.0 -9999.0 -9999.0 -9999.0 -9999.0 -9999.0 -9999.0
-9999.0 -9999.0 -9999.0 -9999.0 -9999.0 -9999.0 -9999.0 -9999.0 -9999.0 -9999.0 -9999.0 -9999.0 -9999.0 -9999.0 -9999.0 -9999.0 -9999.0 -9999.0 -9999.0 -9999.0 -9999.0 -9999.0 -9999.0 -9999.0 -9999.0 -9999.0 -9999.0 -9999.0 -9999.0 -9999.0 -9999.0 -9999.0 -9999.0 -9999.0 -9999.0 -9999.0 -9999.0 -9999.0 -9999.0 -9999.0 -9999.0 -9999.0 -9999.0 -9999.0 -9999.0 -9999.0 -9999.0 -9999.0 -9999.0 -9999.0 -9999.0 -9999.0 -9999.0 -9999.0 -9999.0 -9999.0 -9999.0 -9999.0 -9999.0 -9999.0 -9999.0 -9999.0 -9999.0 -9999.0 -9999.0 -9999.0 -9999.0 -9999.0 -9999.0 -9999.0 -9999.0 -9999.0 -9999.0 -9999.0 -9999.0 -9999.0 -9999.0 -9999.0 -9999.0 -9999.0
-9999.0 -9999.0 -9999.0 -9999.0 -9999.0 -9999.0 -9999.0 -9999.0 -9999.0 -9999.0 -9999.0 -9999.0 -9999.0 -9999.0 -9999.0 -9999.0 -9999.0 -9999.0 -9999.0 -9999.0 -9999.0 -9999.0 -9999.0 -9999.0 -9999.0 -9999.0 -9999.0 -9999.0 -9999.0 -9999.0 -9999.0 -9999.0 -9999.0 -9999.0 -9999.0 -9999.0 -9999.0 -9999.0 -9999.0 -9999.0 -9999.0 -9999.0 -9999.0 -9999.0 -9999.0 -9999.0 -9999.0 -9999.0 -9999.0 -9999.0 -9999.0 -9999.0 -9999.0 -9999.0 -9999.0 -9999.0 -9999.0 -9999.0 -9999.0 -9999.0 -9999.0 -9999.0 -9999.0 -9999.0 -9999.0 -9999.0 -9999.0 -9999.0 -9999.0 -9999.0 -9999.0 -9999.0 -9999.0 -9999.0 -9999.0 -9999.0 -9999.0 -9999.0 -9999.0 -9999.0