Borden_/Borden1m_014/output_maps/psiliqL0029N0013.asc
ncols         80
nrows         18
xllcorner     620200.000000
yllcorner     5168000.000000
cellsize      1.000000
NODATA_value  -9999.0
-9999.0 -9999.0 -9999.0 -9999.0 -9999.0 -9999.0 -9999.0 -9999.0 -9999.0 -9999.0 -9999.0 -9999.0 -9999.0 -9999.0 -9999.0 -9999.0 -9999.0 -9999.0 -9999.0 -9999.0 -9999.0 -9999.0 -9999.0 -9999.0 -9999.0 -9999.0 -9999.0 -9999.0 -9999.0 -9999.0 -9999.0 -9999.0 -9999.0 -9999.0 -9999.0 -9999.0 -9999.0 -9999.0 -9999.0 -9999.0 -9999.0 -9999.0 -9999.0 -9999.0 -9999.0 -9999.0 -9999.0 -9999.0 -9999.0 -9999.0 -9999.0 -9999.0 -9999.0 -9999.0 -9999.0 -9999.0 -9999.0 -9999.0 -9999.0 -9999.0 -9999.0 -9999.0 -9999.0 -9999.0 -9999.0 -9999.0 -9999.0 -9999.0 -9999.0 -9999.0 -9999.0 -9999.0 -9999.0 -9999.0 -9999.0 -9999.0 -9999.0 -9999.0 -9999.0 -9999.0
-9999.0 -9999.0 -9999.0 -9999.0 -9999.0 -9999.0 -9999.0 -9999.0 -9999.0 -9999.0 -9999.0 -9999.0 -9999.0 -9999.0 -9999.0 -9999.0 -9999.0 -9999.0 -9999.0 -9999.0 -9999.0 -9999.0 -9999.0 -9999.0 -9999.0 -9999.0 -9999.0 -9999.0 -9999.0 -9999.0 -9999.0 -9999.0 -9999.0 -9999.0 -9999.0 -9999.0 -9999.0 -9999.0 -9999.0 -9999.0 -9999.0 -9999.0 -9999.0 -9999.0 -9999.0 -9999.0 -9999.0 -9999.0 -9999.0 -9999.0 -9999.0 -9999.0 -9999.0 -9999.0 -9999.0 -9999.0 -9999.0 -9999.0 -9999.0 -9999.0 -9999.0 -9999.0 -9999.0 -9999.0 -9999.0 -9999.0 -9999.0 -9999.0 -9999.0 -9999.0 -9999.0 -9999.0 -9999.0 -9999.0 -9999.0 -9999.0 -9999.0 -9999.0 -9999.0 -9999.0
-9999.0 -9999.0 -9999.0 -9999.0 -9999.0 -9999.0 -9999.0 -9999.0 -9999.0 -9999.0 -9999.0 -9999.0 -9999.0 -9999.0 -9999.0 -9999.0 -9999.0 -9999.0 -9999.0 -9999.0 3925.068004 3925.622312 3904.003166 3869.686795 3841.235193 3842.814893 3875.156428 3915.458870 3954.169242 3960.731810 3941.149577 3945.076549 3940.483495 3934.988010 3934.475036 3942.300059 3949.407860 3958.651509 3965.191474 3962.385140 3954.693777 3949.693857 3952.859235 3954.100260 3960.588711 3945.173210 3961.662870 3978.201205 3982.739938 3980.530525 3957.514564 3946.432551 3938.727230 3923.223930 3950.440546 3962.225783 3986.056014 3990.985116 3989.120255 3962.679885 3932.778620 -9999.0 -9999.0 -9999.0 -9999.0 -9999.0 -9999.0 -9999.0 -9999.0 -9999.0 -9999.0 -9999.0 -9999.0 -9999.0 -9999.0 -9999.0 -9999.0 -9999.0 -9999.0 -9999.0
-9999.0 -9999.0 -9999.0 -9999.0 -9999.0 -9999.0 -9999.0 -9999.0 -9999.0 -9999.0 -9999.0 -9999.0 -9999.0 -9999.0 3835.110678 3826.450079 3823.356333 3830.142409 3862.105482 3892.170827 3903.560774 3895.882316 3895.398883 3870.116377 3846.406534 3858.346552 3887.330945 3917.196504 3950.008553 3966.368348 3955.226338 3952.272203 3958.236528 3976.051473 3982.625134 3978.621622 3961.396336 3985.847388 3998.370558 4001.698599 3999.350088 3989.145240 3996.784227 4010.347545 4003.184963 3988.353293 4000.762008 4016.529381 4026.843103 4020.049239 3963.338131 3953.225114 3950.479569 3947.355119 3934.812076 3931.894980 3961.375440 3961.223403 3954.643808 3937.988735 3904.865856 3859.694396 3841.057725 3882.602200 3926.637669 3983.111427 -9999.0 -9999.0 -9999.0 -9999.0 -9999.0 -9999.0 -9999.0 -9999.0 -9999.0 -9999.0 -9999.0 -9999.0 -9999.0 -9999.0
-9999.0 -9999.0 -9999.0 -9999.0 -9999.0 -9999.0 -9999.0 -9999.0 -9999.0 3777.814491 3783.985345 3790.634844 3792.893620 3807.599557 3803.806356 3810.335761 3813.196535 3840.161666 3868.868940 3901.593199 3927.756308 3918.159899 3916.095756 3918.007187 3909.655738 3916.018223 3935.817254 3971.486531 4000.519805 4034.391588 3999.516144 3993.777271 4010.733314 4050.397486 4070.642950 4071.032276 4052.088699 4071.117546 4094.317987 4108.416845 4104.321663 4097.476872 4124.024727 4139.819262 4131.488052 4109.130415 4110.688385 4120.049226 4150.316503 4099.363743 4032.960566 3997.701685 4016.602362 3997.605266 3974.798702 3966.297979 3968.233910 3989.068133 3978.472467 3945.666805 3913.487455 3901.922542 3885.679434 3908.237097 3932.264981 3979.185506 4019.774042 4050.144281 4049.744370 4032.710275 -9999.0 -9999.0 -9999.0 -9999.0 -9999.0 -9999.0 -9999.0 -9999.0 -9999.0 -9999.0
-9999.0 -9999.0 -9999.0 -9999.0 -9999.0 -9999.0 3699.406635 3709.991457 3730.598060 3732.361431 3758.800244 3763.170736 3781.164324 3797.396948 3818.797596 3830.194277 3853.409730 3882.144436 3916.458513 3952.222813 3978.293327 3964.737400 3968.866572 3985.179707 4008.422374 4024.465336 4046.589049 4084.287983 4156.566532 4192.368865 4181.258404 4181.170775 4189.160424 4240.182580 4304.385803 4314.147850 4293.289059 4280.720598 4305.731551 4344.238977 4340.774682 4339.413668 4353.874141 4365.333129 4392.360431 4380.414369 4344.523025 4341.187488 4350.180295 4324.921722 4252.849058 4196.678762 4181.251518 4133.846993 4049.162076 4009.211131 4037.846328 4068.405930 4048.643497 4000.140958 3969.958380 3966.061752 3956.286655 3951.403303 3965.829933 3990.075142 4014.653701 4029.381319 4017.959276 3997.371235 3976.184557 3948.357777 3951.375918 3976.400970 -9999.0 -9999.0 -9999.0 -9999.0 -9999.0 -9999.0
-9999.0 -9999.0 -9999.0 -9999.0 3650.328883 3662.916493 3647.022986 3673.093415 3704.381779 3737.322908 3763.203757 3793.103110 3814.741453 3840.081656 3870.831113 3889.103053 3918.353983 3946.384947 3991.748220 4051.188937 4093.880879 4104.805384 4112.271758 4162.436513 4218.280625 4264.423813 4283.199972 4309.701480 4357.897935 4415.012114 4436.786523 4438.843768 4455.855409 4501.797718 4561.105743 4597.106976 4578.957936 4569.402393 4580.865214 4596.357476 4618.532553 4618.552389 4619.711117 4624.517247 4633.084492 4630.711153 4602.749679 4568.686796 4555.488601 4544.731379 4503.461223 4429.423159 4400.712669 4370.382636 4323.411705 4267.382737 4224.277480 4229.382152 4173.824584 4117.774729 4070.273773 4065.522178 4047.449192 4033.460524 4018.667513 4033.273428 4047.061270 4033.032364 4003.376611 3974.691117 3962.287439 3945.147345 3933.847175 3965.438329 3983.511937 4012.817667 -9999.0 -9999.0 -9999.0 -9999.0
-9999.0 -9999.0 3591.910319 3635.916332 3692.503339 3697.341574 3688.070653 3689.496005 3714.659721 3762.526893 3821.139674 3854.398277 3879.474413 3908.969351 3957.465189 4015.241680 4072.910527 4115.109236 4174.114965 4244.538183 4303.903785 4330.029301 4338.029315 4374.406013 4430.718552 4503.109001 4532.350871 4559.812341 4593.164690 4631.610892 4618.029153 4627.857674 4641.471637 4657.124609 4674.767146 4683.330874 4677.945067 4673.226322 4654.355616 4648.698959 4655.087764 4664.063970 4662.353736 4647.287548 4643.288055 4658.693382 4665.587837 4663.060462 4659.421600 4663.706110 4656.801180 4605.310751 4593.219300 4577.120989 4563.903900 4516.331282 4447.763214 4416.648381 4393.594704 4350.795579 4276.405175 4241.315705 4203.159027 4170.141144 4134.507643 4124.249184 4093.923082 4063.007773 4025.243619 3985.202643 3966.893641 3953.471786 3953.563422 3954.356920 3972.538406 3988.335051 4004.410548 4012.534604 -9999.0 -9999.0
-9999.0 3480.193625 3550.369993 3669.980485 3746.386684 3780.455647 3782.151732 3779.554027 3803.864615 3838.226365 3920.522843 3960.653000 4043.309589 4082.578707 4121.944643 4212.059524 4309.102771 4354.087123 4395.027191 4462.344455 4531.058986 4579.557911 4606.607486 4576.892099 4618.890425 4653.970509 4663.858093 4672.176811 4673.543764 4664.894229 4658.965987 4665.418173 4662.151297 4642.336527 4625.659990 4623.674373 4620.127829 4596.254314 4568.287664 4552.166158 4552.925652 4578.589821 4564.953252 4543.303145 4538.776515 4560.866597 4583.288480 4572.226472 4558.883046 4575.660080 4611.072625 4637.625030 4636.345069 4655.565750 4676.843135 4646.700227 4627.173438 4581.691103 4564.215934 4538.333485 4479.846807 4424.842607 4376.055137 4327.822599 4276.103499 4228.893089 4181.804838 4134.988624 4082.681492 4050.419640 4027.005986 3985.784875 3974.894008 3982.359864 3978.256397 3977.029391 3983.759317 3990.392078 -9999.0 -9999.0
-9999.0 3378.747795 3515.995651 3690.741414 3831.284525 3866.973930 3918.001527 3968.515154 3979.896256 3918.466326 4020.404260 4240.580687 4371.586714 4391.502653 4470.337177 4569.945266 4543.869508 4576.616651 4601.259186 4632.383332 4657.299876 4673.461171 4672.217218 4667.583442 4650.680402 4642.579395 4641.588245 4639.335206 4621.442881 4602.043304 4584.905695 4581.285630 4562.466698 4510.432654 4476.258088 4457.701185 4436.579872 4423.813068 4397.270580 4370.698122 4353.015735 4361.571636 4361.331162 4348.835591 4344.447879 4361.883592 4392.904164 4392.310448 4406.176910 4426.224330 4461.856642 4501.279902 4520.872927 4550.631029 4586.843024 4636.783745 4644.071558 4666.907553 4669.349670 4661.039140 4612.903468 4560.151999 4530.228567 4473.853171 4414.146965 4352.315112 4302.759351 4257.877945 4202.196422 4168.966001 4130.583392 4077.217178 4036.554683 4032.046122 3999.661991 3988.069510 -9999.0 -9999.0 -9999.0 -9999.0
-9999.0 3268.946789 3444.864384 3676.835928 3976.113849 4038.440954 4243.287538 4358.281944 4395.855684 4465.749739 4321.504435 4548.621001 4608.269866 4605.039807 4627.162123 4631.405287 4646.457009 4645.426678 4640.316985 4629.022662 4619.050000 4614.180478 4613.245433 4605.257160 4592.458427 4577.640854 4565.480984 4553.581651 4515.942242 4483.164064 4441.815331 4428.717076 4381.036198 4287.616705 4248.955742 4208.453873 4145.038135 4148.905376 4159.432467 4135.994490 4115.800479 4085.004221 4116.949856 4129.828805 4134.823397 4128.332308 4136.454768 4167.518468 4217.619804 4252.756956 4291.695130 4340.314932 4371.517435 4411.076161 4450.524147 4503.417048 4535.476903 4564.815600 4615.273749 4652.654280 4675.720951 4660.665809 4643.569391 4597.029084 4536.049394 4486.268110 4456.462079 4404.848145 4360.908128 4317.613508 4271.122539 4218.377523 4156.755003 4108.763617 4075.854043 -9999.0 -9999.0 -9999.0 -9999.0 -9999.0
-9999.0 3032.363665 3293.988306 3551.450825 3813.946301 4163.428170 4351.476608 4441.997425 4507.350846 4497.217429 4527.111855 4531.736438 4569.599604 4577.900545 4556.678158 4541.907514 4522.994516 4521.904218 4535.082661 4507.111982 4476.037399 4462.241093 4463.246399 4452.577761 4428.167469 4413.332685 4404.156398 4385.044713 4341.771753 4290.388084 4204.288398 4166.939874 4085.714210 4050.933945 4015.829045 3968.866980 3925.519181 3932.664310 3959.247694 3951.630861 3931.287892 3914.752556 3945.047519 3967.008777 3980.738069 3963.358995 3969.692096 4004.210138 4050.623790 4091.130095 4134.682377 4182.564689 4225.042427 4263.548159 4282.895176 4320.841639 4363.360111 4405.411253 4476.499458 4556.992767 4594.367819 4629.938035 4657.753643 4680.147946 4636.606813 4611.260216 4586.821727 4562.490536 4515.348244 4469.420787 4428.819083 4362.666718 4303.077080 -9999.0 -9999.0 -9999.0 -9999.0 -9999.0 -9999.0 -9999.0
-9999.0 2924.617701 3107.620350 3284.754079 3520.632418 3749.123699 3982.995901 4073.051470 4144.695693 4228.376314 4289.133980 4329.403885 4355.235768 4377.472797 4355.095132 4307.260879 4274.115391 4279.407181 4269.055327 4248.757917 4221.395936 4208.857078 4205.870931 4201.513605 4180.923096 4171.478123 4165.263974 4147.686823 4123.676472 4070.635291 4000.686199 3926.383673 3874.263949 3858.201543 3837.610632 3812.537952 3788.741252 3803.018134 3815.643466 3816.886279 3811.870262 3813.273216 3842.306382 3862.570396 3871.960537 3861.560059 3879.661454 3901.964138 3937.860785 3976.672990 4020.884800 4070.554188 4118.644043 4137.370330 4137.347459 4146.182430 4172.168583 4214.491718 4290.456164 4377.067895 4457.466991 4504.092641 4555.740271 4596.819960 4626.272403 4648.798126 4673.045428 4667.519105 4640.392876 4606.319699 4546.009457 -9999.0 -9999.0 -9999.0 -9999.0 -9999.0 -9999.0 -9999.0 -9999.0 -9999.0
-9999.0 -9999.0 2883.871444 3024.591427 3103.810561 3256.165764 3392.215908 3496.867643 3602.579368 3753.802536 3882.598614 3980.372147 4028.530307 4044.444825 4031.251638 4004.712592 3988.990823 3988.447416 3976.188636 3971.368002 3958.970271 3954.552985 3942.266511 3935.185487 3933.259128 3934.388419 3933.236461 3926.189300 3911.205887 3871.554008 3838.576635 3796.630775 3752.843912 3733.015415 3716.791582 3702.049714 3708.643222 3703.857897 3709.732210 3713.521238 3724.484814 3739.486273 3758.690550 3781.793264 3791.498379 3802.255474 3812.594197 3833.546684 3862.557113 3902.211647 3953.100593 4007.610222 4042.989444 4048.780037 4029.035102 4021.888454 4027.485188 4053.883277 4114.034141 4181.684494 4273.035833 4339.652688 4406.990821 4464.000791 4491.395836 4527.807608 4599.909200 4648.076022 4692.858104 4670.325494 -9999.0 -9999.0 -9999.0 -9999.0 -9999.0 -9999.0 -9999.0 -9999.0 -9999.0 -9999.0
-9999.0 -9999.0 -9999.0 -9999.0 2881.113198 3020.700035 3114.566884 3188.846310 3322.486952 3455.305125 3562.366919 3651.309973 3723.419321 3750.040529 3753.724444 3775.204520 3775.859110 3765.572578 3754.323031 3761.659369 3769.131134 3763.692703 3746.158475 3741.077995 3747.132755 3757.412122 3757.338286 3746.402937 3730.025502 3720.798955 3712.467813 3685.021450 3655.968035 3631.077387 3621.453008 3621.087206 3622.704491 3615.510204 3624.555855 3634.803487 3651.474091 3666.808888 3690.303757 3720.368525 3735.502600 3750.100348 3758.104575 3775.661511 3803.688731 3854.666522 3915.989171 3972.405835 4006.269887 4005.981377 3976.583153 3953.622171 3939.306196 3954.778280 3981.258333 4029.326143 4117.766876 4179.604723 4222.992725 4260.198362 4296.546212 4363.414467 4460.962185 4543.810884 -9999.0 -9999.0 -9999.0 -9999.0 -9999.0 -9999.0 -9999.0 -9999.0 -9999.0 -9999.0 -9999.0 -9999.0
-9999.0 -9999.0 -9999.0 -9999.0 -9999.0 -9999.0 2857.954627 2963.977487 3020.785594 3177.697350 3328.390765 3438.060395 3522.798238 3560.908782 3598.475966 3630.803383 3632.602050 3611.687148 3588.836508 3612.361420 3634.394005 3628.167422 3595.096451 3598.258734 3607.527233 3616.780632 3615.976669 3612.468533 3590.643525 3612.315960 3621.113656 3601.639668 3579.444650 3570.012468 3560.754178 3572.554205 3574.024110 3560.320970 3559.258827 3588.384653 3610.271227 3623.226124 3643.963728 3677.203941 3709.718857 3725.479945 3725.938295 3729.737143 3764.766288 3832.164270 3903.005457 3958.162865 3989.113426 3993.265751 3961.806759 3916.160706 3889.061290 3886.414428 3908.814950 3945.727968 4005.052017 4039.622782 4047.288868 4044.416198 4053.871693 4155.789826 -9999.0 -9999.0 -9999.0 -9999.0 -9999.0 -9999.0 -9999.0 -9999.0 -9999.0 -9999.0 -9999.0 -9999.0 -9999.0 -9999.0
-9999.0 -9999.0 -9999.0 -9999.0 -9999.0 -9999.0 -9999.0 -9999.0 -9999.0 -9999.0 -9999.0 -9999.0 -9999.0 -9999.0 -9999.0 -9999.0 -9999.0 -9999.0 -9999.0 -9999.0 -9999.0 -9999.0 -9999.0 -9999.0 -9999.0 -9999.0 -9999.0 -9999.0 -9999.0 -9999.0 -9999.0 -9999.0 -9999.0 -9999.0 -9999.0 -9999.0 -9999.0 -9999.0 -9999.0 -9999.0 -9999.0 -9999.0 -9999.0 -9999.0 -9999.0 -9999.0 -9999.0 -9999.0 -9999.0 -9999.0 -9999.0 -9999.0 -9999.0 -9999.0 -9999.0 -9999.0 -9999.0 -9999.0 -9999.0 -9999.0 -9999.0 -9999.0 -9999.0 -9999.0 -9999.0 -9999.0 -9999.0 -9999.0 -9999.0 -9999.0 -9999.0 -9999.0 -9999.0 -9999.0 -9999.0 -9999.0 -9999.0 -9999.0 -9999.0 -9999.0
-9999.0 -9999.0 -9999.0 -9999.0 -9999.0 -9999.0 -9999.0 -9999.0 -9999.0 -9999.0 -9999.0 -9999.0 -9999.0 -9999.0 -9999.0 -9999.0 -9999.0 -9999.0 -9999.0 -9999.0 -9999.0 -9999.0 -9999.0 -9999.0 -9999.0 -9999.0 -9999.0 -9999.0 -9999.0 -9999.0 -9999.0 -9999.0 -9999.0 -9999.0 -9999.0 -9999.0 -9999.0 -9999.0 -9999.0 -9999.0 -9999.0 -9999.0 -9999.0 -9999.0 -9999.0 -9999.0 -9999.0 -9999.0 -9999.0 -9999.0 -9999.0 -9999.0 -9999.0 -9999.0 -9999.0 -9999.0 -9999.0 -9999.0 -9999.0 -9999.0 -9999.0 -9999.0 -9999.0 -9999.0 -9999.0 -9999.0 -9999.0 -9999.0 -9999.0 -9999.0 -9999.0 -9999.0 -9999.0 -9999.0 -9999.0 -9999.0 -9999.0 -9999.0 -9999.0 -9999.0