Borden_/Borden1m_014/output_maps/psiliqL0026N0012.asc
ncols         80
nrows         18
xllcorner     620200.000000
yllcorner     5168000.000000
cellsize      1.000000
NODATA_value  -9999.0
-9999.0 -9999.0 -9999.0 -9999.0 -9999.0 -9999.0 -9999.0 -9999.0 -9999.0 -9999.0 -9999.0 -9999.0 -9999.0 -9999.0 -9999.0 -9999.0 -9999.0 -9999.0 -9999.0 -9999.0 -9999.0 -9999.0 -9999.0 -9999.0 -9999.0 -9999.0 -9999.0 -9999.0 -9999.0 -9999.0 -9999.0 -9999.0 -9999.0 -9999.0 -9999.0 -9999.0 -9999.0 -9999.0 -9999.0 -9999.0 -9999.0 -9999.0 -9999.0 -9999.0 -9999.0 -9999.0 -9999.0 -9999.0 -9999.0 -9999.0 -9999.0 -9999.0 -9999.0 -9999.0 -9999.0 -9999.0 -9999.0 -9999.0 -9999.0 -9999.0 -9999.0 -9999.0 -9999.0 -9999.0 -9999.0 -9999.0 -9999.0 -9999.0 -9999.0 -9999.0 -9999.0 -9999.0 -9999.0 -9999.0 -9999.0 -9999.0 -9999.0 -9999.0 -9999.0 -9999.0
-9999.0 -9999.0 -9999.0 -9999.0 -9999.0 -9999.0 -9999.0 -9999.0 -9999.0 -9999.0 -9999.0 -9999.0 -9999.0 -9999.0 -9999.0 -9999.0 -9999.0 -9999.0 -9999.0 -9999.0 -9999.0 -9999.0 -9999.0 -9999.0 -9999.0 -9999.0 -9999.0 -9999.0 -9999.0 -9999.0 -9999.0 -9999.0 -9999.0 -9999.0 -9999.0 -9999.0 -9999.0 -9999.0 -9999.0 -9999.0 -9999.0 -9999.0 -9999.0 -9999.0 -9999.0 -9999.0 -9999.0 -9999.0 -9999.0 -9999.0 -9999.0 -9999.0 -9999.0 -9999.0 -9999.0 -9999.0 -9999.0 -9999.0 -9999.0 -9999.0 -9999.0 -9999.0 -9999.0 -9999.0 -9999.0 -9999.0 -9999.0 -9999.0 -9999.0 -9999.0 -9999.0 -9999.0 -9999.0 -9999.0 -9999.0 -9999.0 -9999.0 -9999.0 -9999.0 -9999.0
-9999.0 -9999.0 -9999.0 -9999.0 -9999.0 -9999.0 -9999.0 -9999.0 -9999.0 -9999.0 -9999.0 -9999.0 -9999.0 -9999.0 -9999.0 -9999.0 -9999.0 -9999.0 -9999.0 -9999.0 3325.192145 3326.074280 3304.274096 3269.987021 3241.517673 3243.067264 3275.654033 3315.913802 3354.341806 3361.364992 3341.964756 3345.473781 3340.750477 3335.947676 3335.871328 3343.381367 3349.828691 3359.340101 3366.098302 3363.617540 3356.127433 3351.016327 3353.527338 3355.067134 3361.335413 3346.895171 3362.957301 3379.313280 3384.147193 3381.625482 3358.179693 3346.560957 3338.911903 3323.676520 3350.568456 3362.536185 3386.299154 3391.219768 3389.531817 3363.107710 3333.256621 -9999.0 -9999.0 -9999.0 -9999.0 -9999.0 -9999.0 -9999.0 -9999.0 -9999.0 -9999.0 -9999.0 -9999.0 -9999.0 -9999.0 -9999.0 -9999.0 -9999.0 -9999.0 -9999.0
-9999.0 -9999.0 -9999.0 -9999.0 -9999.0 -9999.0 -9999.0 -9999.0 -9999.0 -9999.0 -9999.0 -9999.0 -9999.0 -9999.0 3235.445668 3226.531875 3223.382581 3230.328702 3262.432611 3292.376363 3303.899812 3296.181077 3295.687398 3270.595445 3247.324503 3259.450014 3288.315730 3318.201785 3350.989667 3367.770111 3356.349782 3353.356274 3359.855626 3378.871756 3386.440435 3382.561092 3364.810925 3388.895956 3401.826456 3405.922496 3403.719539 3393.718541 3402.241757 3416.102228 3409.020780 3393.903984 3405.090832 3420.289055 3431.207196 3423.458724 3365.966397 3354.536621 3351.919496 3348.491171 3336.026146 3332.728707 3361.619523 3361.736213 3355.051846 3338.356586 3305.494486 3260.583802 3242.159343 3283.307239 3327.442030 3384.149707 -9999.0 -9999.0 -9999.0 -9999.0 -9999.0 -9999.0 -9999.0 -9999.0 -9999.0 -9999.0 -9999.0 -9999.0 -9999.0 -9999.0
-9999.0 -9999.0 -9999.0 -9999.0 -9999.0 -9999.0 -9999.0 -9999.0 -9999.0 3178.494742 3184.177982 3190.816617 3192.924876 3207.672057 3204.119377 3210.616158 3214.090764 3240.779043 3269.651245 3302.534674 3328.926666 3319.165338 3317.307713 3320.508961 3314.147026 3321.239864 3340.945572 3376.949878 3407.408014 3441.993493 3407.977095 3402.653229 3419.742020 3460.470973 3482.870872 3484.380707 3465.577209 3482.377573 3505.615957 3520.874542 3517.115527 3510.883564 3536.764335 3551.971810 3545.581564 3524.044036 3523.253674 3531.146232 3560.666900 3510.335252 3444.890036 3407.459930 3424.160084 3403.821805 3378.805834 3368.600064 3369.995676 3391.117275 3380.078996 3346.874450 3314.302757 3303.196941 3287.062419 3308.835975 3332.769238 3379.772712 3420.123822 3450.345856 3450.160228 3433.180489 -9999.0 -9999.0 -9999.0 -9999.0 -9999.0 -9999.0 -9999.0 -9999.0 -9999.0 -9999.0
-9999.0 -9999.0 -9999.0 -9999.0 -9999.0 -9999.0 3100.194929 3110.468906 3130.871132 3133.115166 3159.149536 3163.870477 3181.986837 3198.522931 3219.638728 3231.658483 3255.751973 3284.775860 3319.828281 3356.465885 3383.122742 3370.685212 3375.391542 3393.821417 3419.496849 3437.483979 3459.477488 3496.657381 3568.360042 3604.225758 3596.097000 3596.583344 3604.636724 3654.866365 3718.677370 3729.358740 3708.693277 3695.693616 3719.412598 3756.885652 3754.733320 3753.498557 3766.740574 3777.620512 3804.441186 3793.452206 3757.619834 3752.589060 3759.646806 3736.730508 3667.672855 3610.958943 3592.973405 3546.593667 3463.732574 3421.815242 3446.588923 3475.262780 3454.400992 3405.701688 3374.196749 3369.625054 3359.428135 3353.467765 3366.815120 3390.546105 3415.123564 3429.558807 3418.183528 3397.764216 3376.441502 3348.599303 3351.508412 3376.640438 -9999.0 -9999.0 -9999.0 -9999.0 -9999.0 -9999.0
-9999.0 -9999.0 -9999.0 -9999.0 3051.109174 3063.604625 3048.271017 3073.882780 3105.147222 3137.979864 3164.614930 3195.226863 3217.401703 3243.112619 3275.123949 3295.855353 3326.697922 3355.249022 3401.433428 3461.623429 3505.031482 3517.589007 3525.494187 3575.955324 3631.794029 3678.429094 3696.941226 3722.722564 3768.640639 3825.055115 3847.160835 3849.803722 3866.712307 3910.261662 3966.855250 4002.057963 3984.354530 3975.268628 3985.517630 3999.955334 4022.100399 4022.161890 4023.285262 4027.504112 4035.270894 4033.434275 4006.686456 3973.194526 3960.222650 3950.047941 3911.648020 3839.413398 3809.493148 3780.491695 3737.505413 3683.297121 3636.782297 3638.679452 3584.289747 3529.565317 3480.453046 3473.390947 3453.930925 3438.779970 3422.241176 3435.258109 3447.852294 3433.360374 3403.891420 3375.003388 3362.429417 3345.232495 3334.220930 3365.650004 3383.740714 3413.339597 -9999.0 -9999.0 -9999.0 -9999.0
-9999.0 -9999.0 2992.862015 3037.650479 3094.014270 3099.267956 3091.509696 3093.287388 3118.508969 3166.515730 3227.408513 3262.970376 3290.392059 3319.607326 3369.092843 3429.730159 3488.594281 3530.472393 3588.072331 3657.096788 3715.908248 3742.431058 3751.046967 3786.579143 3841.339959 3910.754841 3938.895676 3965.456953 3997.414323 4034.101401 4025.367635 4035.951822 4048.506123 4061.595872 4076.866266 4084.158536 4079.225258 4074.607989 4056.006758 4050.773379 4057.246800 4065.379823 4064.297766 4049.576424 4045.601369 4060.647240 4066.958296 4064.823658 4061.896094 4066.721293 4061.930437 4013.195159 3996.258572 3980.931487 3969.051184 3922.733971 3855.842005 3823.702870 3802.094538 3760.960627 3687.622113 3650.692181 3611.772212 3577.606739 3540.721396 3528.246362 3496.493177 3464.895203 3426.677212 3386.364507 3367.660053 3353.778554 3353.737208 3354.666923 3372.663034 3388.530379 3404.584364 3412.701797 -9999.0 -9999.0
-9999.0 2883.592367 2954.150191 3074.177488 3150.727251 3185.993284 3192.780174 3194.245508 3218.172287 3249.416214 3334.420071 3382.381750 3464.504897 3501.479505 3541.405521 3630.965732 3725.186116 3768.510730 3807.490379 3871.396572 3937.334607 3984.521017 4010.898393 3988.951832 4028.681404 4058.853709 4067.122814 4074.250259 4074.391864 4065.865961 4059.430554 4066.075934 4063.071960 4043.801431 4027.641204 4025.855869 4022.432589 3999.037063 3971.448351 3955.889079 3957.193524 3982.255963 3969.057334 3947.643585 3943.212042 3964.933533 3986.447852 3975.705678 3962.532875 3979.137635 4013.847011 4038.944414 4039.844043 4058.447491 4079.579494 4050.421436 4029.264457 3985.224858 3968.248680 3942.781631 3885.759034 3830.967173 3782.879821 3734.568010 3682.492466 3633.996396 3586.705899 3539.801354 3486.994198 3454.565965 3430.643339 3388.376635 3376.093215 3383.002795 3378.366709 3377.092537 3383.905126 3390.553448 -9999.0 -9999.0
-9999.0 2786.540650 2924.681812 3100.182177 3241.128190 3279.801769 3339.030869 3392.867523 3405.449848 3349.105919 3449.413811 3665.828367 3788.009984 3805.512956 3881.104454 3976.379327 3958.300177 3989.720317 4013.005814 4039.186195 4060.225191 4074.662241 4072.971838 4067.841397 4051.308522 4043.293349 4042.401523 4040.277432 4022.823744 4003.818396 3986.978051 3983.775539 3965.743837 3916.063761 3882.775046 3865.219394 3846.064778 3832.712277 3805.561537 3779.550193 3762.968952 3773.208978 3771.575115 3758.191255 3753.776318 3771.827225 3802.702038 3800.856104 3812.787079 3832.417257 3867.855816 3906.089703 3925.362787 3954.501521 3990.151232 4038.268590 4046.923204 4069.384986 4072.281131 4061.987003 4015.325097 3963.717475 3934.306282 3878.928290 3819.416312 3757.770841 3708.962706 3664.396163 3609.349119 3575.579963 3536.683566 3483.433151 3441.065217 3433.997262 3400.976884 3388.243467 -9999.0 -9999.0 -9999.0 -9999.0
-9999.0 2692.257150 2861.402373 3097.184654 3389.570810 3459.000195 3659.577269 3773.060073 3811.337430 3878.529841 3757.622674 3965.134343 4018.343761 4013.450860 4029.571663 4032.827507 4047.152894 4046.488730 4041.409593 4030.379063 4020.770404 4016.182466 4015.130495 4007.213025 3994.578211 3979.948923 3968.029034 3956.567975 3919.868912 3887.891314 3848.544484 3836.031310 3791.280739 3699.527748 3660.959966 3622.386897 3561.534777 3564.235405 3572.041994 3548.304375 3528.754931 3500.467169 3530.230052 3541.140146 3545.375001 3540.670546 3550.120066 3578.802344 3626.628428 3660.859808 3699.568006 3747.371095 3777.750398 3816.807238 3856.473426 3908.713316 3939.875662 3968.745519 4017.699007 4054.717028 4077.454720 4063.360206 4044.868647 4000.102677 3939.885781 3890.585903 3861.634079 3811.192451 3767.750809 3724.368599 3678.079776 3625.511723 3564.249615 3512.162436 3478.587877 -9999.0 -9999.0 -9999.0 -9999.0 -9999.0
-9999.0 2468.067393 2732.288284 2983.236117 3254.196887 3595.338753 3767.167645 3860.791223 3923.946243 3907.034466 3930.534087 3936.807498 3973.902520 3981.188244 3959.794698 3945.916797 3928.254383 3927.165341 3940.232544 3912.877876 3882.609554 3869.257287 3870.163988 3859.475600 3835.624936 3820.767457 3811.514802 3793.051089 3750.095636 3700.043442 3616.202889 3581.773426 3503.313915 3465.435705 3429.583169 3383.160163 3339.249274 3345.309490 3370.366861 3361.672605 3341.255105 3324.519305 3353.991945 3374.885293 3388.101547 3371.765648 3378.264906 3412.391365 3458.466626 3498.476257 3541.861749 3589.390667 3630.944190 3669.796963 3690.420282 3729.475336 3771.407438 3812.841293 3882.826469 3961.158147 3997.074213 4031.690531 4060.556044 4082.462468 4039.588822 4013.325891 3989.617035 3966.178640 3920.019901 3874.673748 3834.133495 3769.576914 3710.058252 -9999.0 -9999.0 -9999.0 -9999.0 -9999.0 -9999.0 -9999.0
-9999.0 2356.245774 2549.104514 2740.316308 2968.316681 3195.699803 3417.247427 3507.277860 3577.399722 3649.340110 3703.522542 3741.299359 3767.059969 3788.609187 3766.032878 3719.989365 3687.783730 3692.780211 3683.806139 3662.975746 3635.507483 3622.788491 3620.219470 3615.637725 3594.693406 3584.723726 3578.214977 3560.516808 3535.629751 3483.421306 3412.892940 3340.438360 3287.684352 3269.284800 3247.631320 3221.671600 3195.940722 3209.765633 3222.715287 3223.161940 3217.126496 3217.682799 3246.725276 3266.635337 3276.052486 3265.196713 3283.203906 3305.957220 3342.366601 3381.122760 3425.211898 3474.691562 3522.520653 3542.073980 3543.634802 3554.523918 3581.582663 3624.356028 3700.232984 3785.957950 3863.515109 3908.925375 3959.641454 3999.611804 4027.757416 4052.595496 4075.017420 4068.098394 4042.138636 4008.788312 3950.071149 -9999.0 -9999.0 -9999.0 -9999.0 -9999.0 -9999.0 -9999.0 -9999.0 -9999.0
-9999.0 -9999.0 2323.731320 2475.868572 2572.230800 2735.821083 2846.182171 2950.432740 3047.215556 3188.248369 3310.433340 3403.763556 3450.003230 3465.563572 3451.814838 3423.743846 3406.819856 3406.443382 3394.775867 3388.839811 3375.032400 3370.131173 3358.472344 3351.476785 3348.135213 3348.225654 3346.654538 3339.283348 3323.550137 3283.303605 3247.873477 3204.808119 3159.972493 3139.573442 3122.655339 3106.869462 3112.049862 3107.762075 3113.803700 3117.228779 3127.363308 3141.861159 3161.251507 3183.917801 3193.523910 3203.669253 3214.238540 3235.440839 3264.851605 3304.418874 3355.145625 3409.345556 3444.613436 3450.842372 3432.224646 3426.529880 3433.887874 3461.916078 3524.187665 3592.589269 3681.991046 3747.282188 3814.025420 3869.905194 3896.549012 3932.931181 4003.162772 4051.190387 4093.657941 4071.255438 -9999.0 -9999.0 -9999.0 -9999.0 -9999.0 -9999.0 -9999.0 -9999.0 -9999.0 -9999.0
-9999.0 -9999.0 -9999.0 -9999.0 2337.286233 2484.782580 2583.310906 2665.156002 2802.340686 2890.056892 2990.653015 3076.982855 3145.777843 3171.424101 3172.859794 3190.397126 3189.800862 3180.533729 3169.751683 3175.283414 3180.935180 3175.258684 3159.005561 3153.651459 3158.780423 3168.119486 3167.842405 3156.729562 3140.591871 3128.910247 3118.442890 3090.022504 3059.944924 3034.553079 3024.510393 3023.235121 3024.692999 3017.788308 3026.919441 3036.584949 3052.975831 3068.307816 3091.846681 3121.600535 3136.311412 3150.798062 3158.995378 3176.944273 3205.019462 3256.028990 3317.198681 3373.197288 3406.669270 3406.581423 3377.343327 3355.061892 3341.927182 3358.604224 3387.190485 3437.127151 3525.750277 3587.494774 3632.294851 3670.644703 3706.875283 3772.025766 3866.676617 3947.989950 -9999.0 -9999.0 -9999.0 -9999.0 -9999.0 -9999.0 -9999.0 -9999.0 -9999.0 -9999.0 -9999.0 -9999.0
-9999.0 -9999.0 -9999.0 -9999.0 -9999.0 -9999.0 2316.578102 2423.936301 2492.294669 2649.734222 2799.352337 2859.817553 2942.814750 2978.933735 3009.002585 3039.749682 3040.612149 3020.343740 2998.494772 3020.969968 3041.165090 3035.198293 3003.079330 3005.606940 3014.050673 3023.340425 3022.534118 3018.725020 2996.583288 3016.308378 3023.667382 3003.778138 2981.125723 2973.005804 2963.320050 2974.740992 2976.039118 2962.471896 2961.891244 2989.098619 3010.637041 3023.650496 3044.624401 3077.802039 3110.182789 3125.672919 3126.156833 3130.245404 3166.108332 3233.634223 3304.115291 3358.708891 3389.304159 3393.606861 3362.297062 3317.027380 3290.352760 3288.535947 3311.988647 3350.350499 3410.955578 3446.477698 3456.543099 3456.493304 3467.847337 3567.498434 -9999.0 -9999.0 -9999.0 -9999.0 -9999.0 -9999.0 -9999.0 -9999.0 -9999.0 -9999.0 -9999.0 -9999.0 -9999.0 -9999.0
-9999.0 -9999.0 -9999.0 -9999.0 -9999.0 -9999.0 -9999.0 -9999.0 -9999.0 -9999.0 -9999.0 -9999.0 -9999.0 -9999.0 -9999.0 -9999.0 -9999.0 -9999.0 -9999.0 -9999.0 -9999.0 -9999.0 -9999.0 -9999.0 -9999.0 -9999.0 -9999.0 -9999.0 -9999.0 -9999.0 -9999.0 -9999.0 -9999.0 -9999.0 -9999.0 -9999.0 -9999.0 -9999.0 -9999.0 -9999.0 -9999.0 -9999.0 -9999.0 -9999.0 -9999.0 -9999.0 -9999.0 -9999.0 -9999.0 -9999.0 -9999.0 -9999.0 -9999.0 -9999.0 -9999.0 -9999.0 -9999.0 -9999.0 -9999.0 -9999.0 -9999.0 -9999.0 -9999.0 -9999.0 -9999.0 -9999.0 -9999.0 -9999.0 -9999.0 -9999.0 -9999.0 -9999.0 -9999.0 -9999.0 -9999.0 -9999.0 -9999.0 -9999.0 -9999.0 -9999.0
-9999.0 -9999.0 -9999.0 -9999.0 -9999.0 -9999.0 -9999.0 -9999.0 -9999.0 -9999.0 -9999.0 -9999.0 -9999.0 -9999.0 -9999.0 -9999.0 -9999.0 -9999.0 -9999.0 -9999.0 -9999.0 -9999.0 -9999.0 -9999.0 -9999.0 -9999.0 -9999.0 -9999.0 -9999.0 -9999.0 -9999.0 -9999.0 -9999.0 -9999.0 -9999.0 -9999.0 -9999.0 -9999.0 -9999.0 -9999.0 -9999.0 -9999.0 -9999.0 -9999.0 -9999.0 -9999.0 -9999.0 -9999.0 -9999.0 -9999.0 -9999.0 -9999.0 -9999.0 -9999.0 -9999.0 -9999.0 -9999.0 -9999.0 -9999.0 -9999.0 -9999.0 -9999.0 -9999.0 -9999.0 -9999.0 -9999.0 -9999.0 -9999.0 -9999.0 -9999.0 -9999.0 -9999.0 -9999.0 -9999.0 -9999.0 -9999.0 -9999.0 -9999.0 -9999.0 -9999.0