Borden_/Borden1m_014/output_maps/psiliqL0013N0033.asc
ncols         80
nrows         18
xllcorner     620200.000000
yllcorner     5168000.000000
cellsize      1.000000
NODATA_value  -9999.0
-9999.0 -9999.0 -9999.0 -9999.0 -9999.0 -9999.0 -9999.0 -9999.0 -9999.0 -9999.0 -9999.0 -9999.0 -9999.0 -9999.0 -9999.0 -9999.0 -9999.0 -9999.0 -9999.0 -9999.0 -9999.0 -9999.0 -9999.0 -9999.0 -9999.0 -9999.0 -9999.0 -9999.0 -9999.0 -9999.0 -9999.0 -9999.0 -9999.0 -9999.0 -9999.0 -9999.0 -9999.0 -9999.0 -9999.0 -9999.0 -9999.0 -9999.0 -9999.0 -9999.0 -9999.0 -9999.0 -9999.0 -9999.0 -9999.0 -9999.0 -9999.0 -9999.0 -9999.0 -9999.0 -9999.0 -9999.0 -9999.0 -9999.0 -9999.0 -9999.0 -9999.0 -9999.0 -9999.0 -9999.0 -9999.0 -9999.0 -9999.0 -9999.0 -9999.0 -9999.0 -9999.0 -9999.0 -9999.0 -9999.0 -9999.0 -9999.0 -9999.0 -9999.0 -9999.0 -9999.0
-9999.0 -9999.0 -9999.0 -9999.0 -9999.0 -9999.0 -9999.0 -9999.0 -9999.0 -9999.0 -9999.0 -9999.0 -9999.0 -9999.0 -9999.0 -9999.0 -9999.0 -9999.0 -9999.0 -9999.0 -9999.0 -9999.0 -9999.0 -9999.0 -9999.0 -9999.0 -9999.0 -9999.0 -9999.0 -9999.0 -9999.0 -9999.0 -9999.0 -9999.0 -9999.0 -9999.0 -9999.0 -9999.0 -9999.0 -9999.0 -9999.0 -9999.0 -9999.0 -9999.0 -9999.0 -9999.0 -9999.0 -9999.0 -9999.0 -9999.0 -9999.0 -9999.0 -9999.0 -9999.0 -9999.0 -9999.0 -9999.0 -9999.0 -9999.0 -9999.0 -9999.0 -9999.0 -9999.0 -9999.0 -9999.0 -9999.0 -9999.0 -9999.0 -9999.0 -9999.0 -9999.0 -9999.0 -9999.0 -9999.0 -9999.0 -9999.0 -9999.0 -9999.0 -9999.0 -9999.0
-9999.0 -9999.0 -9999.0 -9999.0 -9999.0 -9999.0 -9999.0 -9999.0 -9999.0 -9999.0 -9999.0 -9999.0 -9999.0 -9999.0 -9999.0 -9999.0 -9999.0 -9999.0 -9999.0 -9999.0 745.159013 748.133996 726.573233 693.661513 666.597619 669.838116 705.674355 748.219263 788.018439 799.408828 782.721550 786.154494 782.565841 782.503531 785.942637 793.411979 798.120789 810.198598 819.664450 820.464849 815.510665 811.246098 811.973839 815.323926 820.332029 808.975981 821.688385 835.618166 839.577699 832.626060 803.597518 786.149740 775.528157 758.464992 781.284560 791.695492 813.108440 816.029494 813.265932 785.283977 754.577219 -9999.0 -9999.0 -9999.0 -9999.0 -9999.0 -9999.0 -9999.0 -9999.0 -9999.0 -9999.0 -9999.0 -9999.0 -9999.0 -9999.0 -9999.0 -9999.0 -9999.0 -9999.0 -9999.0
-9999.0 -9999.0 -9999.0 -9999.0 -9999.0 -9999.0 -9999.0 -9999.0 -9999.0 -9999.0 -9999.0 -9999.0 -9999.0 -9999.0 652.282220 643.216192 641.294074 650.693631 685.239984 716.166673 728.684056 721.997509 723.043998 700.605062 681.298989 696.637739 727.838017 761.179206 797.562411 819.559531 809.456714 808.467234 819.567149 846.417019 860.675566 858.942399 839.838048 864.126259 881.441488 891.883426 893.014834 885.946565 900.097126 916.208346 908.988965 890.695246 893.990973 904.289095 915.112112 898.797818 832.462093 810.478621 804.058488 795.155840 779.162802 770.964021 794.638933 793.439930 783.810709 764.588584 730.960706 686.168548 666.920823 704.562240 747.528456 804.150711 -9999.0 -9999.0 -9999.0 -9999.0 -9999.0 -9999.0 -9999.0 -9999.0 -9999.0 -9999.0 -9999.0 -9999.0 -9999.0 -9999.0
-9999.0 -9999.0 -9999.0 -9999.0 -9999.0 -9999.0 -9999.0 -9999.0 -9999.0 592.271966 597.217094 605.315181 608.499463 625.090343 623.624750 631.732288 640.111068 668.159522 700.470055 736.782466 766.732182 758.945605 760.969466 773.081292 778.845768 792.840169 816.537414 859.721079 902.985854 946.682739 920.202178 919.627781 940.375598 989.389259 1024.691288 1033.221014 1015.679884 1024.776724 1052.328398 1078.009962 1080.848723 1080.838168 1106.861761 1121.014778 1122.370394 1100.994815 1084.677055 1081.993063 1104.619640 1050.264120 981.041039 927.133143 927.558412 894.405218 852.988526 829.880989 824.898852 843.672558 826.628693 787.444435 749.378304 737.154265 718.514238 734.090591 755.055291 800.238943 837.829639 865.185590 863.816743 845.608547 -9999.0 -9999.0 -9999.0 -9999.0 -9999.0 -9999.0 -9999.0 -9999.0 -9999.0 -9999.0
-9999.0 -9999.0 -9999.0 -9999.0 -9999.0 -9999.0 512.244456 522.191134 543.123632 548.766226 574.876519 583.388827 605.192306 625.795480 648.582699 666.781599 698.775896 733.466365 776.463487 821.999048 856.597902 854.253217 867.297222 901.111284 943.286764 975.292414 1003.087541 1046.760863 1127.030034 1172.855562 1183.659186 1190.052145 1200.581004 1248.847803 1312.261300 1328.051681 1308.772820 1295.508810 1317.114863 1355.909213 1367.049445 1370.807005 1381.410896 1390.747585 1415.725230 1404.902164 1361.489342 1343.417142 1337.877190 1320.464425 1259.487826 1194.861243 1156.806114 1104.432219 1018.490963 959.590469 961.928654 976.792991 944.090764 886.897674 842.373298 828.949490 811.566489 795.879508 799.820092 817.050399 837.723649 847.229155 832.842416 810.608156 786.683249 757.077673 758.239696 783.063118 -9999.0 -9999.0 -9999.0 -9999.0 -9999.0 -9999.0
-9999.0 -9999.0 -9999.0 -9999.0 461.525015 474.841220 463.476913 489.080982 522.608477 557.734003 591.154072 629.774800 658.889004 691.061580 734.066459 772.127400 817.773342 856.521710 914.501225 986.451247 1041.985183 1070.811729 1090.386304 1151.482976 1213.853079 1267.033174 1289.116429 1318.606821 1364.306174 1427.971897 1457.067764 1464.433945 1481.866519 1515.682773 1560.359365 1592.604496 1577.043955 1571.145874 1577.913613 1590.756723 1616.702231 1619.597742 1622.095115 1624.236208 1627.828917 1626.049172 1600.571757 1566.029666 1550.769636 1540.428473 1511.522473 1442.955320 1398.889816 1366.636343 1332.974548 1280.801710 1214.154853 1194.544468 1135.244151 1074.982163 1007.164586 980.540629 946.048896 916.824092 883.775560 881.689968 881.611278 858.487801 824.367242 790.432126 774.082740 754.358432 742.861227 772.280223 789.437675 819.634352 -9999.0 -9999.0 -9999.0 -9999.0
-9999.0 -9999.0 401.608932 451.006655 508.353212 518.024557 520.089322 527.180940 556.884908 610.502700 688.997714 742.793080 789.004379 825.445536 888.886006 973.799242 1052.207056 1104.945393 1166.586947 1237.189311 1300.807030 1337.786425 1359.755115 1399.814203 1452.398703 1511.863060 1537.956742 1564.542311 1596.230435 1630.498922 1645.521860 1660.086732 1667.881619 1669.329814 1673.330943 1674.136783 1669.968508 1664.899516 1647.173699 1644.346946 1652.381113 1657.936808 1660.224118 1647.237868 1643.188902 1655.992124 1658.639958 1657.153261 1656.365021 1663.142672 1667.336006 1629.563642 1587.987026 1571.423458 1561.201924 1517.250108 1452.764973 1407.599111 1383.010908 1339.407715 1260.290405 1206.064699 1152.888526 1100.446351 1043.503136 1007.167011 955.704831 909.324693 859.703122 811.422012 786.267714 766.986183 763.710786 763.055827 778.584363 793.527453 808.523632 816.123999 -9999.0 -9999.0
-9999.0 299.298836 372.042853 499.168701 579.900215 626.062634 661.904528 688.852335 719.089683 745.230791 854.689757 952.458292 1047.610838 1087.025545 1141.122991 1240.709564 1337.265838 1383.631821 1421.199753 1475.479774 1534.020208 1581.422872 1611.019219 1627.380304 1659.827867 1670.050478 1672.203639 1675.102078 1671.046505 1663.913627 1655.211944 1661.555841 1657.960769 1639.254007 1623.130603 1619.440587 1612.871052 1588.018057 1559.500829 1544.905704 1547.933129 1570.420883 1559.164519 1538.913381 1535.239188 1555.988899 1574.466005 1566.133288 1554.835608 1573.016401 1607.844878 1629.872285 1641.553191 1657.521684 1678.032144 1653.061646 1623.089005 1581.011061 1560.549633 1530.585177 1470.487297 1407.604070 1351.765119 1289.224498 1220.539079 1149.310296 1082.321688 1016.668237 946.453158 902.782848 869.599411 817.662865 795.003080 795.595107 785.785691 782.278418 787.900928 793.992359 -9999.0 -9999.0
-9999.0 221.142644 364.129866 549.687372 699.164247 761.461714 870.264784 954.346396 986.469206 963.193761 1075.107770 1295.925876 1394.357638 1411.842873 1482.088594 1567.145618 1592.297884 1624.109388 1645.556480 1652.809636 1658.924739 1668.235759 1667.037702 1661.771015 1647.778202 1640.026944 1638.541581 1634.932548 1616.217543 1596.142662 1577.838943 1572.820411 1554.200361 1511.153839 1477.726240 1459.628711 1442.077562 1419.943105 1385.683424 1358.749882 1344.595372 1361.138163 1353.486927 1336.530695 1332.853603 1355.290264 1387.933952 1383.867908 1391.559030 1414.369684 1455.473101 1496.739152 1520.385170 1550.796772 1588.200324 1632.379832 1649.075964 1670.181786 1674.443056 1653.937294 1609.371508 1557.017343 1520.840927 1455.432032 1380.210228 1299.353898 1232.313512 1167.576088 1096.166992 1047.275369 998.169618 939.445180 883.027137 857.071578 816.344433 795.420553 -9999.0 -9999.0 -9999.0 -9999.0
-9999.0 145.588287 334.890042 595.958473 869.499528 988.551251 1192.542544 1323.089770 1384.966265 1450.252998 1444.209740 1580.952475 1616.797221 1612.352848 1608.162294 1612.131362 1627.853713 1632.027231 1628.845699 1619.120607 1610.040003 1606.259117 1604.593724 1597.312408 1584.873320 1569.437007 1555.547026 1541.005097 1500.636930 1465.917487 1430.118605 1414.220691 1375.463013 1284.209963 1240.384463 1204.611772 1148.171258 1139.912175 1131.279300 1102.107936 1082.261577 1063.126691 1083.767423 1086.866686 1088.961992 1094.130851 1112.769895 1135.951976 1180.252737 1217.485599 1263.065762 1316.689363 1352.159305 1396.588732 1444.756495 1502.760969 1536.262594 1567.572366 1614.491062 1654.118435 1676.801901 1665.544618 1635.782402 1588.157686 1515.052744 1443.771157 1389.853454 1313.108541 1245.929031 1192.824721 1148.576454 1098.947753 1033.466161 947.806189 904.068024 -9999.0 -9999.0 -9999.0 -9999.0 -9999.0
-9999.0 -27.542797 240.491168 531.570127 852.019002 1178.049556 1305.030221 1440.285819 1513.289900 1473.894544 1474.785897 1498.269261 1540.288044 1549.062973 1530.541496 1523.054240 1513.093287 1513.410599 1526.096362 1499.456253 1468.736817 1454.841841 1453.809348 1441.797489 1418.444665 1400.642197 1387.065989 1365.429356 1315.743207 1264.002762 1183.250298 1153.527535 1077.446401 1016.243305 969.101661 918.503343 866.474271 863.854455 879.554723 863.575801 840.838759 822.161151 848.368745 865.493864 877.548461 867.248896 877.089446 913.679190 964.341820 1010.078176 1062.735144 1120.125932 1168.373967 1218.303876 1252.922949 1305.952953 1354.550504 1402.278405 1476.847908 1556.278181 1592.956449 1627.276976 1659.583017 1672.319519 1618.232192 1563.348103 1505.438851 1435.473293 1346.280497 1300.428596 1278.754367 1244.043296 1191.099157 -9999.0 -9999.0 -9999.0 -9999.0 -9999.0 -9999.0 -9999.0
-9999.0 -156.218984 66.537330 301.949735 592.119102 831.586438 1023.246058 1135.520659 1216.238638 1240.601196 1269.160623 1302.889135 1334.984316 1358.370157 1337.231851 1299.535787 1271.858738 1275.801466 1272.327210 1247.720466 1217.417336 1201.999836 1199.522187 1192.040274 1166.772368 1150.989401 1138.836484 1114.555063 1077.795110 1019.769045 937.549141 865.061340 802.385952 767.670258 736.454168 702.692344 665.395308 675.051601 687.837208 683.575542 672.184599 668.624646 697.898798 716.786970 727.046588 715.254994 734.599690 762.000946 804.570907 848.462407 898.907100 955.872570 1011.632492 1043.867857 1061.272379 1091.255336 1134.283018 1191.121279 1278.930956 1374.384633 1451.275653 1500.936070 1550.805265 1581.759721 1592.056088 1601.060080 1568.607898 1475.171313 1341.998530 1344.195653 1348.612398 -9999.0 -9999.0 -9999.0 -9999.0 -9999.0 -9999.0 -9999.0 -9999.0 -9999.0
-9999.0 -9999.0 -168.351383 13.662106 159.396399 342.531450 494.618437 605.217195 690.491162 795.571914 895.505339 977.381675 1022.097256 1040.260430 1024.823148 988.563237 965.077447 964.702463 954.535855 942.110197 920.033283 911.131577 900.302405 891.789608 880.032247 873.033663 866.627419 853.978124 830.059838 781.568289 730.035905 677.330399 622.749101 596.505418 573.875180 551.404025 548.789483 545.427778 551.324247 552.544740 558.689446 570.873196 591.236059 613.008070 622.725998 630.999672 643.758853 667.804575 701.428280 743.916056 798.176444 856.228237 896.750885 910.776120 903.096946 910.774365 934.567788 981.280754 1068.118213 1156.585444 1252.107426 1323.536500 1394.115929 1443.945963 1457.925929 1470.604822 1476.358747 1392.047645 1017.940725 1262.912810 -9999.0 -9999.0 -9999.0 -9999.0 -9999.0 -9999.0 -9999.0 -9999.0 -9999.0 -9999.0
-9999.0 -9999.0 -9999.0 -9999.0 -128.798566 27.824996 124.329569 208.428776 334.788272 450.551015 547.641638 628.408121 687.112585 712.712013 705.555503 705.941266 699.513762 694.198418 684.751562 681.527168 678.134132 670.203595 656.932122 649.123584 648.874790 652.622911 649.659853 635.528549 617.731082 592.441459 569.800271 534.463370 497.537156 467.927425 454.453936 447.950048 447.707970 441.278564 450.243963 457.071168 472.073267 487.371712 511.249874 539.965056 553.263150 567.864989 577.751197 598.630038 629.147832 682.598253 745.944283 803.489169 839.032006 843.692217 819.135209 804.458500 802.386809 832.408001 881.308025 953.344327 1058.973792 1135.439815 1196.292551 1242.025528 1273.023500 1314.783046 1355.239168 1374.721666 -9999.0 -9999.0 -9999.0 -9999.0 -9999.0 -9999.0 -9999.0 -9999.0 -9999.0 -9999.0 -9999.0 -9999.0
-9999.0 -9999.0 -9999.0 -9999.0 -9999.0 -9999.0 -176.507991 -77.203442 7.069222 138.674733 261.726962 358.998989 436.745371 465.655225 488.009316 512.565043 509.411889 491.668546 473.701983 491.155561 502.762590 497.115549 468.147728 467.014643 470.945503 479.347632 477.253078 470.580297 445.230437 454.653378 453.884251 430.324738 403.933703 389.538222 377.607756 387.200628 387.581751 374.416138 375.797049 402.197513 422.172995 435.462665 457.610348 490.790144 522.975167 537.805220 539.096865 545.429520 586.326626 656.743957 727.950479 782.719731 814.701946 822.716658 795.224578 755.196057 734.929588 742.835763 779.074356 834.289596 913.252495 965.562093 996.092134 1014.430873 1037.126487 1127.694253 -9999.0 -9999.0 -9999.0 -9999.0 -9999.0 -9999.0 -9999.0 -9999.0 -9999.0 -9999.0 -9999.0 -9999.0 -9999.0 -9999.0
-9999.0 -9999.0 -9999.0 -9999.0 -9999.0 -9999.0 -9999.0 -9999.0 -9999.0 -9999.0 -9999.0 -9999.0 -9999.0 -9999.0 -9999.0 -9999.0 -9999.0 -9999.0 -9999.0 -9999.0 -9999.0 -9999.0 -9999.0 -9999.0 -9999.0 -9999.0 -9999.0 -9999.0 -9999.0 -9999.0 -9999.0 -9999.0 -9999.0 -9999.0 -9999.0 -9999.0 -9999.0 -9999.0 -9999.0 -9999.0 -9999.0 -9999.0 -9999.0 -9999.0 -9999.0 -9999.0 -9999.0 -9999.0 -9999.0 -9999.0 -9999.0 -9999.0 -9999.0 -9999.0 -9999.0 -9999.0 -9999.0 -9999.0 -9999.0 -9999.0 -9999.0 -9999.0 -9999.0 -9999.0 -9999.0 -9999.0 -9999.0 -9999.0 -9999.0 -9999.0 -9999.0 -9999.0 -9999.0 -9999.0 -9999.0 -9999.0 -9999.0 -9999.0 -9999.0 -9999.0
-9999.0 -9999.0 -9999.0 -9999.0 -9999.0 -9999.0 -9999.0 -9999.0 -9999.0 -9999.0 -9999.0 -9999.0 -9999.0 -9999.0 -9999.0 -9999.0 -9999.0 -9999.0 -9999.0 -9999.0 -9999.0 -9999.0 -9999.0 -9999.0 -9999.0 -9999.0 -9999.0 -9999.0 -9999.0 -9999.0 -9999.0 -9999.0 -9999.0 -9999.0 -9999.0 -9999.0 -9999.0 -9999.0 -9999.0 -9999.0 -9999.0 -9999.0 -9999.0 -9999.0 -9999.0 -9999.0 -9999.0 -9999.0 -9999.0 -9999.0 -9999.0 -9999.0 -9999.0 -9999.0 -9999.0 -9999.0 -9999.0 -9999.0 -9999.0 -9999.0 -9999.0 -9999.0 -9999.0 -9999.0 -9999.0 -9999.0 -9999.0 -9999.0 -9999.0 -9999.0 -9999.0 -9999.0 -9999.0 -9999.0 -9999.0 -9999.0 -9999.0 -9999.0 -9999.0 -9999.0