Borden_/Borden1m_014/output_maps/psiliqL0025N0033.asc
ncols         80
nrows         18
xllcorner     620200.000000
yllcorner     5168000.000000
cellsize      1.000000
NODATA_value  -9999.0
-9999.0 -9999.0 -9999.0 -9999.0 -9999.0 -9999.0 -9999.0 -9999.0 -9999.0 -9999.0 -9999.0 -9999.0 -9999.0 -9999.0 -9999.0 -9999.0 -9999.0 -9999.0 -9999.0 -9999.0 -9999.0 -9999.0 -9999.0 -9999.0 -9999.0 -9999.0 -9999.0 -9999.0 -9999.0 -9999.0 -9999.0 -9999.0 -9999.0 -9999.0 -9999.0 -9999.0 -9999.0 -9999.0 -9999.0 -9999.0 -9999.0 -9999.0 -9999.0 -9999.0 -9999.0 -9999.0 -9999.0 -9999.0 -9999.0 -9999.0 -9999.0 -9999.0 -9999.0 -9999.0 -9999.0 -9999.0 -9999.0 -9999.0 -9999.0 -9999.0 -9999.0 -9999.0 -9999.0 -9999.0 -9999.0 -9999.0 -9999.0 -9999.0 -9999.0 -9999.0 -9999.0 -9999.0 -9999.0 -9999.0 -9999.0 -9999.0 -9999.0 -9999.0 -9999.0 -9999.0
-9999.0 -9999.0 -9999.0 -9999.0 -9999.0 -9999.0 -9999.0 -9999.0 -9999.0 -9999.0 -9999.0 -9999.0 -9999.0 -9999.0 -9999.0 -9999.0 -9999.0 -9999.0 -9999.0 -9999.0 -9999.0 -9999.0 -9999.0 -9999.0 -9999.0 -9999.0 -9999.0 -9999.0 -9999.0 -9999.0 -9999.0 -9999.0 -9999.0 -9999.0 -9999.0 -9999.0 -9999.0 -9999.0 -9999.0 -9999.0 -9999.0 -9999.0 -9999.0 -9999.0 -9999.0 -9999.0 -9999.0 -9999.0 -9999.0 -9999.0 -9999.0 -9999.0 -9999.0 -9999.0 -9999.0 -9999.0 -9999.0 -9999.0 -9999.0 -9999.0 -9999.0 -9999.0 -9999.0 -9999.0 -9999.0 -9999.0 -9999.0 -9999.0 -9999.0 -9999.0 -9999.0 -9999.0 -9999.0 -9999.0 -9999.0 -9999.0 -9999.0 -9999.0 -9999.0 -9999.0
-9999.0 -9999.0 -9999.0 -9999.0 -9999.0 -9999.0 -9999.0 -9999.0 -9999.0 -9999.0 -9999.0 -9999.0 -9999.0 -9999.0 -9999.0 -9999.0 -9999.0 -9999.0 -9999.0 -9999.0 3126.410218 3127.446097 3105.654653 3071.465235 3043.092825 3044.744855 3077.527583 3117.879661 3156.323762 3163.613180 3144.386718 3147.870715 3143.215908 3138.704655 3138.877019 3146.379564 3152.742604 3162.345475 3169.226310 3166.903578 3159.522746 3154.406035 3156.718184 3158.366145 3164.555975 3150.421002 3166.287091 3180.042636 3184.928796 3182.316981 3160.895645 3148.961573 3141.161073 3125.854398 3152.491726 3164.383593 3186.596045 3191.475144 3189.846120 3164.498201 3134.630167 -9999.0 -9999.0 -9999.0 -9999.0 -9999.0 -9999.0 -9999.0 -9999.0 -9999.0 -9999.0 -9999.0 -9999.0 -9999.0 -9999.0 -9999.0 -9999.0 -9999.0 -9999.0 -9999.0
-9999.0 -9999.0 -9999.0 -9999.0 -9999.0 -9999.0 -9999.0 -9999.0 -9999.0 -9999.0 -9999.0 -9999.0 -9999.0 -9999.0 3036.503330 3027.562515 3024.483148 3031.585003 3063.836561 3093.818836 3105.399056 3097.740749 3097.329363 3072.408614 3049.410276 3061.734045 3090.691384 3120.641893 3153.533589 3170.577843 3159.190143 3156.311452 3163.094674 3180.202221 3188.088940 3184.301799 3169.088160 3190.359835 3203.397499 3207.757066 3205.608973 3195.680174 3204.499382 3218.460149 3211.405498 3196.191600 3206.967746 3221.934141 3233.040657 3224.988785 3169.705174 3157.671848 3154.902747 3151.197667 3138.599460 3135.089793 3163.638858 3163.625989 3156.764137 3139.981934 3107.128703 3062.265490 3043.810338 3084.710506 3128.768771 3184.609937 -9999.0 -9999.0 -9999.0 -9999.0 -9999.0 -9999.0 -9999.0 -9999.0 -9999.0 -9999.0 -9999.0 -9999.0 -9999.0 -9999.0
-9999.0 -9999.0 -9999.0 -9999.0 -9999.0 -9999.0 -9999.0 -9999.0 -9999.0 2983.560252 2985.156357 2991.824748 2993.907372 3008.757824 3005.334431 3011.913935 3015.713501 3042.441819 3071.497658 3104.559068 3131.082574 3121.459189 3119.727712 3123.493987 3117.962522 3125.478030 3145.300932 3179.160170 3210.067277 3244.908569 3211.197171 3206.031182 3223.185901 3264.261637 3287.399669 3289.297499 3270.586719 3286.617457 3309.877226 3325.531235 3321.891373 3315.867479 3341.519178 3356.531513 3350.788461 3329.523376 3327.955183 3335.350630 3364.608867 3314.461869 3249.339033 3211.151567 3227.086891 3206.286741 3180.540297 3172.026701 3173.078161 3192.117608 3180.900232 3149.195744 3116.438150 3105.344667 3089.085620 3110.438045 3134.192308 3180.101330 3220.347152 3250.505516 3250.378304 3233.408015 -9999.0 -9999.0 -9999.0 -9999.0 -9999.0 -9999.0 -9999.0 -9999.0 -9999.0 -9999.0
-9999.0 -9999.0 -9999.0 -9999.0 -9999.0 -9999.0 2904.595549 2915.189143 2936.081583 2938.936107 2965.448881 2970.746866 2983.535081 3000.238846 3021.390446 3033.776067 3058.342384 3087.645486 3123.053618 3160.147516 3185.104942 3175.342491 3177.963819 3197.079809 3223.595997 3242.264066 3264.245654 3301.244338 3372.345095 3408.228658 3401.095897 3401.775657 3409.852622 3459.820590 3523.503208 3534.491736 3513.891877 3500.749152 3524.038554 3561.167941 3559.453883 3558.261403 3571.041761 3581.727971 3608.479782 3597.810540 3562.053481 3556.457142 3562.869108 3540.730983 3472.674912 3415.775781 3396.939543 3351.329150 3269.061592 3226.487404 3249.939184 3277.923419 3256.665306 3207.936306 3178.112179 3173.107896 3162.529777 3155.980844 3168.762220 3190.880765 3215.415977 3229.732158 3218.353638 3197.993345 3177.171365 3149.232180 3152.014671 3177.122017 -9999.0 -9999.0 -9999.0 -9999.0 -9999.0 -9999.0
-9999.0 -9999.0 -9999.0 -9999.0 2854.775156 2867.740040 2853.225076 2879.453379 2911.581884 2945.265662 2972.796163 2997.559000 3019.961713 3045.999758 3078.570698 3100.345971 3131.971456 3160.914022 3205.063646 3265.511043 3309.169343 3322.334090 3330.381814 3380.518530 3436.353631 3483.156765 3501.584718 3527.128389 3572.227691 3628.408321 3650.624644 3653.462881 3670.337250 3713.089117 3768.777977 3803.709567 3786.154605 3777.225267 3787.069684 3801.155893 3823.290969 3823.366351 3824.477150 3828.500234 3836.000191 3834.342494 3808.000016 3774.698473 3761.807204 3751.826560 3714.383140 3642.749395 3612.425709 3583.873523 3542.269064 3488.664604 3441.008928 3441.832516 3387.833718 3333.959445 3284.302341 3276.423691 3256.454671 3240.873008 3223.721413 3236.150819 3248.309216 3233.629499 3204.203819 3176.034671 3163.275393 3145.915849 3134.876808 3166.150150 3183.860750 3213.541737 -9999.0 -9999.0 -9999.0 -9999.0
-9999.0 -9999.0 2795.598094 2841.042274 2898.074946 2904.324604 2898.143584 2901.232907 2927.777595 2977.103539 3031.528247 3067.877777 3096.354595 3125.732853 3173.372379 3234.962339 3294.268331 3336.070003 3392.780818 3461.338339 3519.969536 3546.628171 3555.452155 3590.643222 3644.886294 3713.309639 3741.083732 3767.345112 3798.831417 3834.932044 3827.814271 3838.650359 3850.851439 3863.086782 3877.566464 3884.434835 3879.652408 3875.068964 3856.557637 3851.465345 3857.966985 3865.818853 3864.946267 3850.339880 3846.372969 3861.299025 3867.415541 3865.411816 3862.721508 3867.726847 3863.640675 3815.823772 3797.272133 3782.202239 3770.773531 3724.874614 3658.541048 3626.060183 3604.934287 3564.414826 3491.422533 3453.873221 3414.692776 3380.144749 3343.171549 3329.906517 3297.622569 3265.755618 3227.342264 3186.923526 3168.932649 3154.716991 3154.476018 3155.276715 3173.100339 3188.633216 3204.663543 3212.774609 -9999.0 -9999.0
-9999.0 2692.348142 2763.968900 2878.710680 2956.161757 2988.867780 2997.632630 3000.751251 3024.902758 3055.543425 3141.603487 3190.026838 3271.986397 3308.244324 3348.367990 3437.326689 3530.605084 3573.329883 3611.650267 3674.419749 3739.432578 3786.176675 3812.329970 3792.972224 3831.945544 3860.481944 3868.211568 3874.941930 3874.675009 3866.190310 3859.585851 3866.295625 3863.379350 3844.290236 3828.302100 3826.583516 3823.201314 3799.965189 3772.507903 3757.136097 3758.622881 3783.478668 3770.431264 3749.097144 3744.697335 3766.295163 3787.501558 3776.865963 3763.755596 3780.297381 3814.772294 3839.384710 3841.010870 3859.408583 3880.492121 3851.662338 3829.961956 3786.403339 3769.599026 3744.271077 3687.736143 3633.014757 3585.160941 3536.872917 3484.676745 3435.745520 3388.383095 3341.719793 3288.690455 3256.155930 3232.039268 3189.395527 3177.388018 3183.311014 3178.861977 3177.458693 3183.980405 3190.624829 -9999.0 -9999.0
-9999.0 2596.979285 2736.532300 2906.746980 3045.309255 3085.292764 3147.662739 3201.275735 3214.337280 3162.353378 3259.566960 3474.299005 3593.494343 3610.193463 3684.704581 3778.525182 3763.111506 3794.088680 3816.921802 3841.454280 3861.200779 3875.063022 3873.223810 3867.927810 3851.518333 3843.531777 3842.673144 3840.592029 3823.284557 3804.410608 3787.669334 3784.606071 3766.842174 3717.947281 3684.953557 3667.731401 3649.232375 3635.684499 3608.330897 3582.513289 3566.354782 3577.100024 3575.001859 3561.377785 3556.954202 3575.154010 3605.979426 3603.710328 3614.996387 3634.487580 3669.861825 3707.699519 3726.865448 3755.797869 3791.254542 3838.764049 3847.874269 3870.211324 3873.258809 3862.303481 3816.132899 3764.912299 3735.671606 3680.626326 3621.179307 3559.646970 3511.079809 3466.612568 3411.768961 3377.816019 3338.947937 3285.693130 3242.725097 3234.747822 3201.488568 3188.351760 -9999.0 -9999.0 -9999.0 -9999.0
-9999.0 2496.129574 2676.262523 2907.627909 3194.234179 3266.037480 3465.053275 3577.992637 3616.505835 3682.832847 3569.672056 3770.639918 3821.702146 3816.254985 3830.375377 3833.302029 3847.385313 3846.843205 3841.774267 3830.831675 3821.344352 3816.850276 3815.759332 3807.865468 3795.285296 3780.718844 3768.884556 3757.569567 3721.184478 3689.473434 3650.793540 3638.475340 3594.707575 3503.560996 3465.020587 3427.087033 3367.119838 3369.428316 3376.300663 3352.908893 3333.581232 3306.113386 3335.149425 3345.388968 3349.375627 3345.262014 3355.158622 3382.620638 3429.685211 3463.617971 3502.253738 3549.782995 3579.834391 3618.723576 3658.462759 3710.485364 3741.348062 3770.061846 3818.508026 3855.405137 3878.033096 3864.258873 3845.302257 3801.127785 3741.170582 3692.031336 3663.363323 3613.311948 3570.070012 3526.653118 3480.429566 3427.916769 3366.941430 3313.422584 3279.589408 -9999.0 -9999.0 -9999.0 -9999.0 -9999.0
-9999.0 2275.851989 2539.938704 2797.780053 3068.654945 3406.024620 3572.406194 3667.065302 3729.482898 3710.311657 3731.679954 3738.503048 3775.337307 3782.284641 3760.838855 3747.259322 3730.013762 3728.925131 3741.955232 3714.805858 3684.806244 3671.601939 3672.475974 3661.780942 3638.116742 3623.251608 3613.973579 3595.732013 3552.934756 3503.322568 3420.230555 3386.807663 3309.669618 3270.736894 3234.600034 3188.357543 3146.752104 3152.329627 3174.482534 3167.748714 3147.299585 3130.464607 3159.648653 3177.893686 3190.912790 3174.929192 3181.492856 3215.490235 3261.475938 3301.326180 3344.686493 3391.719228 3432.962283 3471.935632 3492.989707 3532.419043 3574.096432 3615.324215 3684.942099 3762.552772 3797.976933 3832.275222 3861.490712 3883.234424 3840.583330 3814.014916 3790.549233 3767.411599 3721.580159 3676.427476 3635.907729 3571.882983 3512.411846 -9999.0 -9999.0 -9999.0 -9999.0 -9999.0 -9999.0 -9999.0
-9999.0 2162.766094 2357.541377 2551.264187 2789.900556 3012.824077 3229.265052 3319.421540 3388.500789 3456.406270 3508.403150 3545.319910 3571.012563 3592.331262 3569.689779 3524.293794 3492.401311 3497.298537 3488.782706 3467.773381 3440.268240 3427.488315 3425.094453 3420.436070 3399.371598 3389.224596 3382.620451 3365.284853 3340.092911 3288.127455 3217.399127 3147.988173 3095.002617 3075.617519 3053.405744 3026.977374 3000.544077 3014.108784 3027.013441 3027.238611 3020.845577 3021.103391 3050.142481 3069.785265 3079.232437 3068.269603 3086.316396 3109.319837 3146.022446 3182.929518 3226.981755 3276.395818 3324.171552 3344.040471 3346.173096 3357.786504 3384.779763 3427.704004 3503.557996 3588.928043 3665.537559 3710.543181 3760.948167 3800.543002 3828.252914 3853.861733 3875.675042 3868.291680 3842.720559 3809.611259 3751.427404 -9999.0 -9999.0 -9999.0 -9999.0 -9999.0 -9999.0 -9999.0 -9999.0 -9999.0
-9999.0 -9999.0 2131.446892 2285.251536 2384.617439 2548.275293 2692.940693 2803.053696 2875.465864 3002.927172 3122.753366 3212.156297 3257.750480 3273.054204 3259.128495 3230.561254 3213.235451 3212.908248 3201.428326 3195.108423 3180.817629 3175.779751 3167.234392 3160.193519 3156.276930 3155.914612 3154.098052 3146.554184 3130.422015 3089.777913 3053.320251 3009.876764 2973.882976 2952.523141 2934.568713 2917.741598 2921.908247 2917.327660 2923.059629 2926.172929 2935.908324 2950.175782 2969.589633 2986.017961 2995.535709 3005.518569 3016.226941 3037.598601 3067.182234 3106.794564 3157.604261 3210.191122 3245.412644 3251.819176 3233.636782 3228.466315 3236.444655 3265.072978 3328.072909 3396.287866 3485.041603 3549.890765 3616.377377 3671.879832 3698.273330 3734.644392 3804.247677 3852.228585 3893.924174 3871.565181 -9999.0 -9999.0 -9999.0 -9999.0 -9999.0 -9999.0 -9999.0 -9999.0 -9999.0 -9999.0
-9999.0 -9999.0 -9999.0 -9999.0 2145.950800 2293.442050 2391.188765 2471.594476 2606.395895 2738.580360 2813.623343 2899.882437 2968.387005 2981.925864 2982.131568 2998.406130 2997.401172 2988.446685 2977.769422 2982.632311 2987.600436 2981.930687 2978.550853 2972.780968 2977.114154 2985.606247 2984.686614 2972.899264 2956.099910 2942.756149 2930.710513 2901.180951 2870.272183 2844.245091 2833.420719 2831.286719 2832.236716 2825.062182 2833.945729 2843.079259 2859.271976 2874.554357 2898.093192 2927.608009 2942.286727 2956.947728 2965.514627 2983.938949 3006.741380 3057.732958 3118.975618 3174.913083 3207.005044 3207.016655 3179.719131 3157.919648 3145.478214 3162.880016 3189.643291 3240.223825 3328.928099 3390.191437 3435.461419 3474.198197 3510.392403 3574.902837 3668.585850 3749.386347 -9999.0 -9999.0 -9999.0 -9999.0 -9999.0 -9999.0 -9999.0 -9999.0 -9999.0 -9999.0 -9999.0 -9999.0
-9999.0 -9999.0 -9999.0 -9999.0 -9999.0 -9999.0 2122.436523 2228.537161 2296.935972 2450.939126 2597.512230 2707.446469 2793.011520 2830.412137 2827.046741 2857.163181 2857.835613 2837.741713 2816.064802 2837.946101 2857.230364 2851.050611 2819.192006 2821.155376 2828.895080 2837.717711 2836.381212 2831.884100 2808.966613 2827.312666 2833.442974 2812.702291 2789.476321 2799.502867 2788.090719 2797.893545 2797.863569 2783.311244 2782.145746 2794.433351 2815.598175 2828.592141 2849.647667 2882.837988 2915.289702 2930.884598 2931.652874 2936.187412 2972.601568 3035.227053 3105.633601 3160.140025 3189.534354 3193.915535 3164.317574 3119.408672 3093.157427 3091.959177 3116.121828 3155.367394 3213.429640 3249.286223 3260.213923 3261.158807 3273.175253 3371.470491 -9999.0 -9999.0 -9999.0 -9999.0 -9999.0 -9999.0 -9999.0 -9999.0 -9999.0 -9999.0 -9999.0 -9999.0 -9999.0 -9999.0
-9999.0 -9999.0 -9999.0 -9999.0 -9999.0 -9999.0 -9999.0 -9999.0 -9999.0 -9999.0 -9999.0 -9999.0 -9999.0 -9999.0 -9999.0 -9999.0 -9999.0 -9999.0 -9999.0 -9999.0 -9999.0 -9999.0 -9999.0 -9999.0 -9999.0 -9999.0 -9999.0 -9999.0 -9999.0 -9999.0 -9999.0 -9999.0 -9999.0 -9999.0 -9999.0 -9999.0 -9999.0 -9999.0 -9999.0 -9999.0 -9999.0 -9999.0 -9999.0 -9999.0 -9999.0 -9999.0 -9999.0 -9999.0 -9999.0 -9999.0 -9999.0 -9999.0 -9999.0 -9999.0 -9999.0 -9999.0 -9999.0 -9999.0 -9999.0 -9999.0 -9999.0 -9999.0 -9999.0 -9999.0 -9999.0 -9999.0 -9999.0 -9999.0 -9999.0 -9999.0 -9999.0 -9999.0 -9999.0 -9999.0 -9999.0 -9999.0 -9999.0 -9999.0 -9999.0 -9999.0
-9999.0 -9999.0 -9999.0 -9999.0 -9999.0 -9999.0 -9999.0 -9999.0 -9999.0 -9999.0 -9999.0 -9999.0 -9999.0 -9999.0 -9999.0 -9999.0 -9999.0 -9999.0 -9999.0 -9999.0 -9999.0 -9999.0 -9999.0 -9999.0 -9999.0 -9999.0 -9999.0 -9999.0 -9999.0 -9999.0 -9999.0 -9999.0 -9999.0 -9999.0 -9999.0 -9999.0 -9999.0 -9999.0 -9999.0 -9999.0 -9999.0 -9999.0 -9999.0 -9999.0 -9999.0 -9999.0 -9999.0 -9999.0 -9999.0 -9999.0 -9999.0 -9999.0 -9999.0 -9999.0 -9999.0 -9999.0 -9999.0 -9999.0 -9999.0 -9999.0 -9999.0 -9999.0 -9999.0 -9999.0 -9999.0 -9999.0 -9999.0 -9999.0 -9999.0 -9999.0 -9999.0 -9999.0 -9999.0 -9999.0 -9999.0 -9999.0 -9999.0 -9999.0 -9999.0 -9999.0