Borden_/Borden1m_014/output_maps/psiliqL0005N0029.asc
ncols         80
nrows         18
xllcorner     620200.000000
yllcorner     5168000.000000
cellsize      1.000000
NODATA_value  -9999.0
-9999.0 -9999.0 -9999.0 -9999.0 -9999.0 -9999.0 -9999.0 -9999.0 -9999.0 -9999.0 -9999.0 -9999.0 -9999.0 -9999.0 -9999.0 -9999.0 -9999.0 -9999.0 -9999.0 -9999.0 -9999.0 -9999.0 -9999.0 -9999.0 -9999.0 -9999.0 -9999.0 -9999.0 -9999.0 -9999.0 -9999.0 -9999.0 -9999.0 -9999.0 -9999.0 -9999.0 -9999.0 -9999.0 -9999.0 -9999.0 -9999.0 -9999.0 -9999.0 -9999.0 -9999.0 -9999.0 -9999.0 -9999.0 -9999.0 -9999.0 -9999.0 -9999.0 -9999.0 -9999.0 -9999.0 -9999.0 -9999.0 -9999.0 -9999.0 -9999.0 -9999.0 -9999.0 -9999.0 -9999.0 -9999.0 -9999.0 -9999.0 -9999.0 -9999.0 -9999.0 -9999.0 -9999.0 -9999.0 -9999.0 -9999.0 -9999.0 -9999.0 -9999.0 -9999.0 -9999.0
-9999.0 -9999.0 -9999.0 -9999.0 -9999.0 -9999.0 -9999.0 -9999.0 -9999.0 -9999.0 -9999.0 -9999.0 -9999.0 -9999.0 -9999.0 -9999.0 -9999.0 -9999.0 -9999.0 -9999.0 -9999.0 -9999.0 -9999.0 -9999.0 -9999.0 -9999.0 -9999.0 -9999.0 -9999.0 -9999.0 -9999.0 -9999.0 -9999.0 -9999.0 -9999.0 -9999.0 -9999.0 -9999.0 -9999.0 -9999.0 -9999.0 -9999.0 -9999.0 -9999.0 -9999.0 -9999.0 -9999.0 -9999.0 -9999.0 -9999.0 -9999.0 -9999.0 -9999.0 -9999.0 -9999.0 -9999.0 -9999.0 -9999.0 -9999.0 -9999.0 -9999.0 -9999.0 -9999.0 -9999.0 -9999.0 -9999.0 -9999.0 -9999.0 -9999.0 -9999.0 -9999.0 -9999.0 -9999.0 -9999.0 -9999.0 -9999.0 -9999.0 -9999.0 -9999.0 -9999.0
-9999.0 -9999.0 -9999.0 -9999.0 -9999.0 -9999.0 -9999.0 -9999.0 -9999.0 -9999.0 -9999.0 -9999.0 -9999.0 -9999.0 -9999.0 -9999.0 -9999.0 -9999.0 -9999.0 -9999.0 -713.867545 -709.744979 -728.172990 -753.254097 -773.941170 -774.075284 -749.613781 -720.309965 -691.301713 -683.678792 -700.339163 -698.585688 -704.168589 -705.483738 -703.796918 -698.907817 -696.898838 -687.620850 -681.012394 -681.778373 -687.298924 -692.189566 -694.367005 -691.731147 -686.905451 -694.411769 -682.380143 -669.049319 -663.358645 -666.529021 -688.302269 -699.897958 -705.156527 -717.714754 -694.808041 -684.390910 -664.237218 -660.560656 -660.017184 -682.697114 -707.111010 -9999.0 -9999.0 -9999.0 -9999.0 -9999.0 -9999.0 -9999.0 -9999.0 -9999.0 -9999.0 -9999.0 -9999.0 -9999.0 -9999.0 -9999.0 -9999.0 -9999.0 -9999.0 -9999.0
-9999.0 -9999.0 -9999.0 -9999.0 -9999.0 -9999.0 -9999.0 -9999.0 -9999.0 -9999.0 -9999.0 -9999.0 -9999.0 -9999.0 -771.185283 -779.875732 -783.306375 -780.752664 -758.045937 -738.034105 -730.913017 -738.544941 -736.336985 -755.771486 -772.616517 -761.894050 -741.496630 -720.149707 -694.296914 -677.712551 -689.871820 -692.858797 -684.347020 -659.769963 -647.054348 -650.219362 -671.964359 -650.475397 -635.984380 -626.955712 -628.062221 -637.071855 -622.180370 -605.839917 -612.584075 -630.207013 -627.589570 -616.736206 -601.027810 -614.675512 -675.410155 -691.114825 -691.335522 -694.508749 -704.832569 -710.502671 -687.267716 -687.006745 -692.947750 -704.983638 -728.377391 -761.188030 -774.463337 -744.084803 -710.591130 -660.815292 -9999.0 -9999.0 -9999.0 -9999.0 -9999.0 -9999.0 -9999.0 -9999.0 -9999.0 -9999.0 -9999.0 -9999.0 -9999.0 -9999.0
-9999.0 -9999.0 -9999.0 -9999.0 -9999.0 -9999.0 -9999.0 -9999.0 -9999.0 -801.257903 -801.313839 -797.506446 -799.941754 -789.972761 -796.934570 -792.753050 -790.396209 -773.784374 -754.837103 -730.510073 -707.581833 -718.654937 -719.540368 -709.156453 -704.469969 -695.577468 -680.436632 -645.815137 -607.054770 -564.547537 -594.288301 -596.049756 -576.186534 -517.139562 -464.955014 -449.665560 -475.349808 -473.770071 -439.943158 -402.393291 -400.877553 -402.767131 -365.180731 -344.969085 -334.609361 -362.274204 -395.077814 -400.322316 -362.634274 -437.510942 -519.047466 -583.805565 -583.908831 -615.084249 -654.065932 -673.050824 -675.980721 -652.999162 -665.331917 -696.190490 -724.760336 -727.388583 -740.473485 -726.760587 -710.039859 -669.781863 -635.806311 -608.465482 -607.271406 -623.288600 -9999.0 -9999.0 -9999.0 -9999.0 -9999.0 -9999.0 -9999.0 -9999.0 -9999.0 -9999.0
-9999.0 -9999.0 -9999.0 -9999.0 -9999.0 -9999.0 -835.765415 -834.010740 -825.193823 -832.645770 -818.047799 -819.547604 -807.430390 -797.769235 -786.523206 -778.620663 -757.760107 -736.209132 -705.703887 -670.677263 -643.219910 -649.220017 -641.105336 -607.369176 -558.778226 -518.358504 -490.237650 -441.131419 -326.286706 -263.470914 -239.621792 -228.081052 -214.249140 -180.740019 -123.250922 -81.989361 -126.717903 -146.362750 -129.420652 -86.412608 -22.460598 -18.404578 -11.815620 -4.130790 21.526995 13.163586 -80.085468 -109.784187 -119.125887 -129.180262 -172.852272 -220.918676 -281.840487 -351.774475 -466.211005 -538.147708 -546.988034 -533.178050 -566.827176 -618.499635 -656.580761 -663.043171 -673.680283 -685.957720 -680.186824 -662.947809 -640.829269 -628.992183 -639.115619 -655.759081 -673.268787 -697.503727 -695.077171 -672.429892 -9999.0 -9999.0 -9999.0 -9999.0 -9999.0 -9999.0
-9999.0 -9999.0 -9999.0 -9999.0 -864.930090 -856.958193 -874.922011 -860.373350 -845.054294 -830.131006 -818.244355 -796.553883 -782.864185 -764.729861 -735.280584 -707.965811 -672.757570 -644.217728 -591.898978 -514.727293 -445.850126 -404.904216 -376.953235 -282.805576 -210.092487 -168.580859 -153.426384 -128.704828 -79.209221 27.968553 54.694036 44.511213 78.111761 86.293945 144.426639 180.589187 162.177466 155.466666 158.003475 166.599644 192.539049 193.902536 195.054774 195.386558 197.521035 198.502495 176.147586 143.866177 109.954083 124.804807 103.963375 44.133802 -45.984775 -85.512974 -112.731336 -152.679509 -208.783458 -235.601552 -313.152848 -395.045997 -490.399248 -525.376007 -561.940659 -587.241272 -616.859323 -614.002213 -608.625201 -625.418882 -650.896849 -677.239953 -686.983099 -701.030004 -710.107256 -682.675260 -668.126753 -639.259026 -9999.0 -9999.0 -9999.0 -9999.0
-9999.0 -9999.0 -878.584519 -867.388978 -839.594278 -844.790582 -848.752760 -853.614234 -841.640849 -811.468951 -758.484678 -723.969705 -688.562469 -665.778169 -610.974497 -517.656161 -417.802897 -342.368071 -257.655868 -194.774168 -144.025250 -102.638088 -33.722087 8.056495 51.957933 101.921836 124.656413 145.265806 169.775571 199.151943 224.026790 237.655551 244.657313 239.409586 239.594490 238.303464 236.138242 231.205615 214.845678 212.515755 219.779904 222.516554 225.857928 213.520292 209.710570 221.916397 224.048846 223.966894 224.419273 234.268879 243.989299 214.387091 160.971930 148.378884 141.569231 105.648427 44.533192 -39.525210 -70.365883 -111.591210 -181.752170 -223.993886 -289.040792 -368.298841 -453.851070 -498.632422 -548.641151 -586.155601 -625.461750 -664.115631 -681.602102 -694.609503 -693.653196 -693.615999 -678.585557 -664.791458 -649.849719 -642.810833 -9999.0 -9999.0
-9999.0 -899.047188 -893.480588 -839.252214 -809.504587 -787.343879 -763.505833 -744.585607 -728.484842 -725.800980 -629.143245 -508.420195 -395.973670 -352.125562 -272.697302 -172.700052 -35.035149 3.490112 30.428386 73.739536 122.065306 161.759901 188.423731 220.380920 244.479068 240.476097 239.056275 237.763346 229.445577 222.111004 212.551202 220.372519 218.796879 203.457847 191.595331 190.151112 186.281825 159.690624 134.744974 122.235327 126.823878 147.779379 137.691805 117.758674 114.025893 133.479611 149.383395 140.391085 110.138902 145.440966 177.499794 196.136600 212.110788 226.240441 245.984797 223.993938 191.375352 151.333216 135.192690 111.089442 18.228330 -46.910703 -100.806371 -162.584513 -216.620522 -295.286691 -390.345475 -473.648205 -545.037596 -580.679804 -606.939297 -654.102878 -672.382564 -667.314694 -674.603775 -675.872083 -669.237728 -663.389589 -9999.0 -9999.0
-9999.0 -937.597434 -889.773542 -815.415285 -727.857326 -688.631927 -567.158817 -474.986876 -444.139196 -475.824322 -313.508266 -37.630828 32.934511 37.086718 92.485994 162.010348 203.643284 227.196429 241.958413 234.365031 229.574465 232.194327 228.536893 220.342890 206.732201 199.313403 199.003669 196.523768 177.778176 159.890949 144.693539 141.423456 129.256523 95.377715 65.825128 51.371757 30.122445 -26.341507 -68.521748 -97.481290 -110.911841 -91.635726 -101.791209 -120.176000 -123.759164 -99.890229 -66.094384 -71.356994 -65.793517 -41.392491 3.456553 76.432508 98.293081 124.684083 157.894253 196.914635 215.449191 234.016740 240.689368 216.980553 177.367958 131.286042 100.713959 4.340784 -70.178921 -147.598742 -198.135126 -240.755564 -322.799455 -394.069856 -465.830520 -534.058819 -592.552104 -614.601816 -649.708850 -665.147795 -9999.0 -9999.0 -9999.0 -9999.0
-9999.0 -947.123745 -895.521705 -772.506341 -575.404637 -419.684852 -213.767906 -82.165928 54.776497 41.619096 134.092146 218.670092 231.094096 216.366797 192.725579 190.167331 200.627110 203.111861 199.066844 189.595878 178.713213 174.501116 173.198916 165.573710 153.651341 139.219763 127.940459 114.957096 40.185549 3.172551 -25.182445 -41.949754 -76.331856 -158.042837 -189.976561 -212.424454 -274.059231 -292.771077 -312.673671 -355.226098 -382.786816 -402.159119 -378.126230 -382.044325 -383.080752 -368.842080 -336.804414 -312.581010 -258.001740 -218.686225 -185.440340 -138.172949 -104.660630 -59.861079 -7.443940 82.438403 111.650351 121.294333 179.518834 217.865020 238.764532 230.943748 202.245646 164.959681 103.472733 0.024526 -52.189430 -119.831977 -174.270063 -212.379334 -242.793687 -305.109726 -408.701569 -525.874912 -565.539894 -9999.0 -9999.0 -9999.0 -9999.0 -9999.0
-9999.0 -1008.382406 -908.064005 -795.535836 -515.124640 -202.767803 -105.531900 127.087120 192.428207 120.598679 41.708366 104.984203 140.809351 142.208531 118.811117 109.985716 103.984965 103.515988 115.749030 86.000532 21.550508 3.155075 1.191315 -11.480207 -34.956190 -54.340983 -69.149453 -90.854845 -143.056883 -182.660859 -237.905567 -271.551380 -368.849058 -467.470303 -523.888040 -574.144343 -625.816728 -627.062211 -612.294945 -628.961870 -648.933633 -666.914434 -643.680063 -631.212118 -621.672692 -631.206120 -624.071744 -592.723907 -545.465884 -500.070242 -435.599262 -352.231927 -287.236514 -222.243615 -194.323921 -146.913877 -101.837318 -53.358404 22.489768 130.300594 160.570493 192.154133 228.180324 245.779786 204.998755 162.515507 108.789070 7.213491 -89.000924 -129.378555 -147.468829 -172.559063 -213.691662 -9999.0 -9999.0 -9999.0 -9999.0 -9999.0 -9999.0 -9999.0
-9999.0 -1043.298584 -942.651796 -901.027094 -737.014428 -531.824699 -328.583630 -201.297234 -63.354791 -150.593398 -161.543157 -137.841623 -109.777600 -89.038766 -111.668279 -143.255892 -164.420098 -160.790534 -159.759648 -179.647048 -204.009162 -214.577028 -215.432029 -223.945241 -258.144310 -282.621159 -299.029607 -330.625258 -386.090148 -463.153556 -559.947906 -621.602840 -676.091255 -704.725706 -726.750743 -749.919112 -780.812411 -769.302650 -756.970179 -760.599024 -770.549097 -775.683495 -752.609010 -740.389276 -732.780316 -746.904694 -732.547064 -713.399428 -680.643646 -647.823191 -607.979887 -558.995695 -505.944039 -469.678860 -444.575683 -395.110106 -326.515432 -244.108681 -172.101724 -78.043392 -2.881410 77.311191 127.954164 160.904598 177.254623 192.263003 190.279449 138.158021 -61.765815 -91.232314 -95.065280 -9999.0 -9999.0 -9999.0 -9999.0 -9999.0 -9999.0 -9999.0 -9999.0 -9999.0
-9999.0 -9999.0 -1065.906559 -1015.542164 -967.825307 -900.426617 -814.118539 -732.047538 -677.025120 -617.145026 -542.131356 -466.798087 -419.575516 -398.744449 -425.328103 -479.966493 -512.664031 -511.881651 -521.400832 -538.830001 -567.656678 -578.084899 -586.218164 -593.252822 -607.936705 -615.454385 -619.884225 -629.204516 -648.563332 -687.998730 -729.476584 -765.139256 -801.155277 -811.259262 -821.699260 -834.436986 -831.906128 -833.255043 -829.517357 -829.765983 -826.941681 -820.735725 -810.417546 -798.753815 -794.726655 -791.150611 -784.612283 -770.654801 -749.832626 -722.730262 -683.611762 -638.236289 -606.598032 -598.072783 -609.278946 -604.566409 -584.004196 -538.864921 -424.665010 -288.098691 -196.808927 -131.736042 -60.115609 -10.704677 10.603449 67.975157 110.407856 -2.050814 -149.717220 -129.418186 -9999.0 -9999.0 -9999.0 -9999.0 -9999.0 -9999.0 -9999.0 -9999.0 -9999.0 -9999.0
-9999.0 -9999.0 -9999.0 -9999.0 -1082.464852 -1015.463752 -961.489036 -954.656391 -904.884239 -862.395911 -818.932216 -774.867158 -741.426708 -724.565313 -737.855034 -744.695802 -751.061664 -751.701783 -757.200803 -762.215771 -766.373470 -771.179584 -777.204141 -782.279666 -782.120014 -779.069901 -779.436677 -787.957729 -794.750035 -812.238030 -822.597138 -838.656186 -853.988274 -866.837834 -868.893840 -871.035947 -868.508867 -872.282284 -866.122346 -866.897064 -860.314601 -854.971573 -844.856814 -831.060026 -828.757596 -821.142136 -817.499038 -806.184075 -792.434634 -760.179943 -716.683872 -673.959468 -647.650161 -646.990046 -673.080113 -687.909160 -693.139931 -671.920150 -633.943463 -569.587081 -450.742203 -336.161224 -241.755324 -198.445989 -170.723483 -125.003250 -80.947616 -69.564475 -9999.0 -9999.0 -9999.0 -9999.0 -9999.0 -9999.0 -9999.0 -9999.0 -9999.0 -9999.0 -9999.0 -9999.0
-9999.0 -9999.0 -9999.0 -9999.0 -9999.0 -9999.0 -1059.531111 -1026.238947 -1028.722465 -995.892467 -962.940129 -933.014392 -898.966427 -893.278632 -884.470815 -867.583708 -870.671277 -880.785682 -891.912016 -877.856095 -871.194581 -871.729077 -889.809100 -887.403077 -885.320170 -878.576934 -879.198754 -879.200115 -894.856644 -882.038574 -877.224626 -884.635235 -892.187347 -892.682789 -897.287322 -887.904642 -886.819619 -895.033627 -896.374845 -882.933050 -876.628209 -874.872193 -868.036942 -854.280063 -838.047691 -832.681789 -835.400593 -837.379424 -815.603309 -772.671947 -725.382160 -686.535229 -663.490624 -658.465510 -684.574175 -720.551418 -739.866492 -738.390258 -715.570672 -676.845626 -612.822159 -569.741288 -537.019998 -506.564311 -465.645993 -323.892056 -9999.0 -9999.0 -9999.0 -9999.0 -9999.0 -9999.0 -9999.0 -9999.0 -9999.0 -9999.0 -9999.0 -9999.0 -9999.0 -9999.0
-9999.0 -9999.0 -9999.0 -9999.0 -9999.0 -9999.0 -9999.0 -9999.0 -9999.0 -9999.0 -9999.0 -9999.0 -9999.0 -9999.0 -9999.0 -9999.0 -9999.0 -9999.0 -9999.0 -9999.0 -9999.0 -9999.0 -9999.0 -9999.0 -9999.0 -9999.0 -9999.0 -9999.0 -9999.0 -9999.0 -9999.0 -9999.0 -9999.0 -9999.0 -9999.0 -9999.0 -9999.0 -9999.0 -9999.0 -9999.0 -9999.0 -9999.0 -9999.0 -9999.0 -9999.0 -9999.0 -9999.0 -9999.0 -9999.0 -9999.0 -9999.0 -9999.0 -9999.0 -9999.0 -9999.0 -9999.0 -9999.0 -9999.0 -9999.0 -9999.0 -9999.0 -9999.0 -9999.0 -9999.0 -9999.0 -9999.0 -9999.0 -9999.0 -9999.0 -9999.0 -9999.0 -9999.0 -9999.0 -9999.0 -9999.0 -9999.0 -9999.0 -9999.0 -9999.0 -9999.0
-9999.0 -9999.0 -9999.0 -9999.0 -9999.0 -9999.0 -9999.0 -9999.0 -9999.0 -9999.0 -9999.0 -9999.0 -9999.0 -9999.0 -9999.0 -9999.0 -9999.0 -9999.0 -9999.0 -9999.0 -9999.0 -9999.0 -9999.0 -9999.0 -9999.0 -9999.0 -9999.0 -9999.0 -9999.0 -9999.0 -9999.0 -9999.0 -9999.0 -9999.0 -9999.0 -9999.0 -9999.0 -9999.0 -9999.0 -9999.0 -9999.0 -9999.0 -9999.0 -9999.0 -9999.0 -9999.0 -9999.0 -9999.0 -9999.0 -9999.0 -9999.0 -9999.0 -9999.0 -9999.0 -9999.0 -9999.0 -9999.0 -9999.0 -9999.0 -9999.0 -9999.0 -9999.0 -9999.0 -9999.0 -9999.0 -9999.0 -9999.0 -9999.0 -9999.0 -9999.0 -9999.0 -9999.0 -9999.0 -9999.0 -9999.0 -9999.0 -9999.0 -9999.0 -9999.0 -9999.0