Borden_/Borden1m_014/output_maps/psiliqL0020N0018.asc
ncols         80
nrows         18
xllcorner     620200.000000
yllcorner     5168000.000000
cellsize      1.000000
NODATA_value  -9999.0
-9999.0 -9999.0 -9999.0 -9999.0 -9999.0 -9999.0 -9999.0 -9999.0 -9999.0 -9999.0 -9999.0 -9999.0 -9999.0 -9999.0 -9999.0 -9999.0 -9999.0 -9999.0 -9999.0 -9999.0 -9999.0 -9999.0 -9999.0 -9999.0 -9999.0 -9999.0 -9999.0 -9999.0 -9999.0 -9999.0 -9999.0 -9999.0 -9999.0 -9999.0 -9999.0 -9999.0 -9999.0 -9999.0 -9999.0 -9999.0 -9999.0 -9999.0 -9999.0 -9999.0 -9999.0 -9999.0 -9999.0 -9999.0 -9999.0 -9999.0 -9999.0 -9999.0 -9999.0 -9999.0 -9999.0 -9999.0 -9999.0 -9999.0 -9999.0 -9999.0 -9999.0 -9999.0 -9999.0 -9999.0 -9999.0 -9999.0 -9999.0 -9999.0 -9999.0 -9999.0 -9999.0 -9999.0 -9999.0 -9999.0 -9999.0 -9999.0 -9999.0 -9999.0 -9999.0 -9999.0
-9999.0 -9999.0 -9999.0 -9999.0 -9999.0 -9999.0 -9999.0 -9999.0 -9999.0 -9999.0 -9999.0 -9999.0 -9999.0 -9999.0 -9999.0 -9999.0 -9999.0 -9999.0 -9999.0 -9999.0 -9999.0 -9999.0 -9999.0 -9999.0 -9999.0 -9999.0 -9999.0 -9999.0 -9999.0 -9999.0 -9999.0 -9999.0 -9999.0 -9999.0 -9999.0 -9999.0 -9999.0 -9999.0 -9999.0 -9999.0 -9999.0 -9999.0 -9999.0 -9999.0 -9999.0 -9999.0 -9999.0 -9999.0 -9999.0 -9999.0 -9999.0 -9999.0 -9999.0 -9999.0 -9999.0 -9999.0 -9999.0 -9999.0 -9999.0 -9999.0 -9999.0 -9999.0 -9999.0 -9999.0 -9999.0 -9999.0 -9999.0 -9999.0 -9999.0 -9999.0 -9999.0 -9999.0 -9999.0 -9999.0 -9999.0 -9999.0 -9999.0 -9999.0 -9999.0 -9999.0
-9999.0 -9999.0 -9999.0 -9999.0 -9999.0 -9999.0 -9999.0 -9999.0 -9999.0 -9999.0 -9999.0 -9999.0 -9999.0 -9999.0 -9999.0 -9999.0 -9999.0 -9999.0 -9999.0 -9999.0 2158.763078 2161.485518 2141.192086 2109.307896 2083.469607 2087.795792 2123.755451 2166.795258 2207.714356 2218.905116 2203.151936 2209.005464 2206.893480 2205.761158 2208.533104 2217.002780 2223.476370 2234.148490 2241.982192 2240.763902 2234.210351 2229.300346 2230.805164 2233.143449 2238.979477 2226.266006 2241.059524 2256.194562 2260.211004 2254.874824 2227.717001 2211.409843 2199.742726 2180.937217 2203.402169 2212.315653 2232.054753 2233.514685 2229.320074 2200.980516 2170.007644 -9999.0 -9999.0 -9999.0 -9999.0 -9999.0 -9999.0 -9999.0 -9999.0 -9999.0 -9999.0 -9999.0 -9999.0 -9999.0 -9999.0 -9999.0 -9999.0 -9999.0 -9999.0 -9999.0
-9999.0 -9999.0 -9999.0 -9999.0 -9999.0 -9999.0 -9999.0 -9999.0 -9999.0 -9999.0 -9999.0 -9999.0 -9999.0 -9999.0 2062.268243 2054.442945 2053.630655 2063.737612 2098.924869 2130.818991 2143.126395 2137.209133 2139.102616 2117.309464 2098.185969 2114.044105 2145.941736 2178.914812 2215.003206 2236.410952 2228.291485 2228.938819 2239.923385 2264.605536 2276.343514 2274.085708 2256.004891 2280.373967 2294.894803 2301.258232 2300.022641 2290.930383 2301.442428 2316.135419 2309.207854 2293.256557 2301.705465 2315.013086 2325.764398 2313.627300 2250.661200 2232.267800 2225.012025 2216.270456 2199.702214 2192.036932 2216.099717 2212.623597 2202.090489 2182.439733 2148.077925 2102.915008 2082.499832 2119.985039 2161.591402 2216.344137 -9999.0 -9999.0 -9999.0 -9999.0 -9999.0 -9999.0 -9999.0 -9999.0 -9999.0 -9999.0 -9999.0 -9999.0 -9999.0 -9999.0
-9999.0 -9999.0 -9999.0 -9999.0 -9999.0 -9999.0 -9999.0 -9999.0 -9999.0 1999.846255 2006.048882 2014.746466 2019.082324 2036.364440 2034.827905 2043.852773 2051.835340 2081.607018 2114.444134 2151.057296 2180.707018 2174.149764 2176.085995 2185.852390 2187.953161 2200.876575 2224.561865 2265.942171 2302.976627 2343.914823 2316.568707 2316.757778 2338.301483 2384.463182 2413.227235 2417.914669 2399.889822 2412.775320 2436.758847 2455.169765 2452.977123 2448.580158 2472.601981 2486.857440 2484.353454 2464.163277 2459.128509 2463.503815 2490.543833 2438.988628 2371.526115 2324.435338 2330.435303 2301.807971 2267.128396 2248.198104 2244.135545 2261.290941 2244.404171 2205.650217 2168.804178 2155.246105 2135.468987 2151.706979 2171.729039 2215.192063 2252.551380 2279.115203 2276.177099 2257.129053 -9999.0 -9999.0 -9999.0 -9999.0 -9999.0 -9999.0 -9999.0 -9999.0 -9999.0 -9999.0
-9999.0 -9999.0 -9999.0 -9999.0 -9999.0 -9999.0 1919.241289 1930.472802 1952.516558 1957.330616 1984.871167 1993.115237 2015.245435 2036.059791 2060.296263 2077.846391 2108.518869 2143.216366 2184.743100 2228.407673 2261.862704 2256.312158 2268.041091 2296.029542 2332.906651 2360.486123 2387.233815 2428.336355 2504.478551 2547.026095 2551.166649 2558.316497 2570.978715 2622.537663 2686.900086 2697.938294 2677.296569 2663.269041 2684.589885 2720.692334 2722.331793 2722.623028 2736.624094 2747.240994 2773.701945 2763.621811 2724.527007 2715.297886 2719.527237 2699.877372 2633.575391 2570.066832 2538.731811 2485.229444 2401.012580 2349.813896 2361.531295 2380.246691 2350.455942 2295.635380 2255.015744 2243.419078 2226.442389 2212.444859 2218.204347 2235.515480 2254.947653 2263.792781 2247.962319 2224.170473 2199.907793 2169.035289 2168.946434 2192.367392 -9999.0 -9999.0 -9999.0 -9999.0 -9999.0 -9999.0
-9999.0 -9999.0 -9999.0 -9999.0 1867.521010 1881.851121 1870.067045 1897.696428 1932.188611 1968.224766 2000.196208 2037.294944 2065.670109 2097.621152 2137.865452 2169.834162 2210.715645 2247.407226 2303.357276 2372.908781 2424.732770 2446.785317 2462.544609 2522.135826 2586.313423 2640.421263 2663.354435 2692.153790 2739.519778 2800.831488 2829.158495 2837.518847 2857.680120 2898.418408 2950.539834 2842.813437 2825.380225 2817.462871 2825.470513 2837.926916 2860.080326 2860.304035 2861.434276 2864.577656 2870.808709 2870.077112 2845.792800 2814.373958 2940.918020 2931.213754 2896.603305 2823.599646 2784.388177 2750.833983 2709.883089 2654.687817 2595.634484 2583.600272 2522.876717 2462.476189 2402.660720 2383.274255 2352.543873 2326.617122 2298.721160 2300.187878 2302.169888 2279.144367 2243.139088 2207.875156 2190.267454 2168.712525 2154.453045 2182.251821 2197.405026 2225.521318 -9999.0 -9999.0 -9999.0 -9999.0
-9999.0 -9999.0 1805.268497 1853.646496 1912.748057 1922.799292 1922.637873 1930.010337 1960.515157 2014.366480 2086.729168 2133.484293 2172.781107 2209.366360 2270.374318 2345.356643 2415.719748 2465.460004 2532.442013 2608.423752 2673.506110 2705.404933 2722.090861 2766.973928 2826.302516 2895.150641 2924.929259 2952.990708 2838.397443 2870.889625 2871.996388 2884.197435 2894.783397 2902.946903 2913.636468 2917.517933 2913.538660 2909.188262 2892.207370 2887.828942 2894.443286 2899.887419 2901.108256 2887.133643 2883.302501 2897.769669 2902.054780 2900.861698 2901.475221 2906.211671 2905.397409 2861.827612 2834.806908 2821.475412 2955.844991 2908.817253 2840.887266 2800.389215 2775.765164 2727.639481 2649.139549 2600.170588 2549.347893 2502.568560 2449.822830 2421.088975 2374.585243 2330.899846 2281.782772 2232.270705 2205.331215 2184.477695 2178.662975 2174.633554 2188.045708 2200.456537 2213.598857 2220.223530 -9999.0 -9999.0
-9999.0 1697.986996 1770.567208 1896.354602 1978.132826 2022.910761 2047.732350 2065.185439 2096.237235 2129.526964 2228.554012 2302.055098 2392.416812 2435.075550 2486.969964 2586.718101 2685.996006 2739.697967 2785.352920 2851.022129 2917.815324 2825.422138 2850.409122 2844.832082 2880.864653 2901.953372 2907.527290 2912.623381 2909.477729 2901.138169 2893.450558 2900.143550 2898.287037 2879.673332 2864.087725 2862.246278 2858.714651 2837.105834 2949.286684 2932.257622 2932.936185 2822.679019 2944.124712 2923.344529 2920.178056 2943.140878 2825.593410 2815.958846 2951.966376 2820.310449 2852.962500 2875.537398 2881.109989 2898.618692 2919.289387 2891.860785 2867.094454 2826.519218 2960.775463 2931.032290 2871.580333 2811.912452 2755.479240 2692.245346 2626.445081 2561.405979 2497.649279 2433.472058 2366.079814 2321.979665 2287.953764 2235.104745 2211.553099 2209.401855 2197.061460 2190.854057 2193.416226 2198.237024 -9999.0 -9999.0
-9999.0 1609.947091 1751.567033 1934.857297 2084.407314 2139.605181 2227.372286 2300.379692 2326.244286 2289.557462 2398.005512 2619.858266 2739.768946 2764.100408 2843.637871 2816.606186 2815.287125 2845.373425 2867.069811 2884.310279 2898.346521 2908.957410 2906.803598 2901.094382 2885.703778 2878.175251 2878.675423 2876.752556 2859.894122 2841.139769 2824.125396 2821.859809 2949.168447 2899.905776 2863.928229 2842.694172 2820.493967 2799.333928 2767.640141 2738.842141 2719.732503 2732.388507 2730.087706 2713.699947 2710.544428 2734.354475 2766.898764 2768.560178 2785.877304 2811.040438 2853.074524 2895.245465 2919.864161 2952.537927 2831.832179 2875.712839 2887.502133 2909.486085 2913.306546 2898.907329 2855.929148 2963.976260 2928.703333 2865.075027 2794.174293 2714.142121 2649.340829 2586.283851 2515.232739 2466.929602 2415.496915 2352.498612 2295.798551 2271.203928 2227.764622 2205.923483 -9999.0 -9999.0 -9999.0 -9999.0
-9999.0 1519.820655 1704.517143 1955.486315 2244.638780 2342.999101 2554.073777 2685.419992 2739.798431 2812.383696 2748.178707 2823.687887 2864.554522 2857.839473 2864.042240 2865.490994 2879.144599 2879.825654 2875.260501 2865.063191 2856.346078 2852.391137 2851.148744 2843.441226 2831.210129 2818.004589 2952.637860 2938.262879 2898.630541 2863.156545 2821.764642 2803.452268 2759.364891 2662.281225 2618.225040 2576.787213 2513.149451 2506.543804 2503.546067 2474.124128 2454.633399 2428.813267 2454.596266 2464.282095 2468.674767 2468.565415 2484.354430 2516.188133 2568.522088 2610.156377 2657.125071 2711.842044 2751.847660 2798.191290 2843.851046 2900.975604 2936.761479 2970.374528 2858.440354 2894.379303 2915.841395 2904.848001 2883.148245 2841.953674 2931.356841 2867.065301 2819.209857 2747.029517 2682.513947 2628.150715 2575.211652 2514.379131 2440.575162 2360.323732 2315.109667 -9999.0 -9999.0 -9999.0 -9999.0 -9999.0
-9999.0 1319.326570 1585.877158 1864.942089 2163.631841 2505.364065 2667.813898 2788.423460 2862.643728 2842.246285 2861.147616 2879.099891 2809.841451 2816.311434 2920.814641 2913.116736 2902.186921 2904.561291 2920.064658 2895.685592 2867.549105 2854.096649 2852.186654 2837.248958 2809.310934 2789.361713 2777.151442 2754.696769 2704.049494 2650.621355 2563.934832 2526.617918 2444.272573 2395.089393 2352.031890 2300.392869 2248.282763 2247.161780 2265.875218 2252.654464 2230.689984 2212.561471 2240.671179 2261.303264 2275.129221 2262.822254 2272.916221 2310.786802 2363.227393 2410.534799 2462.045715 2519.378896 2567.660818 2617.042269 2648.937955 2698.326405 2750.947095 2801.068535 2877.205586 2960.297662 2838.242930 2870.860885 2902.237530 2921.746121 2880.009436 2849.284098 2823.405072 2887.641471 2816.377176 2767.346016 2732.300754 2673.176450 2608.051842 -9999.0 -9999.0 -9999.0 -9999.0 -9999.0 -9999.0 -9999.0
-9999.0 1199.814757 1406.998755 1619.620446 1889.980792 2128.896779 2343.270021 2449.848214 2532.204157 2590.045926 2637.972125 2676.913167 2709.060497 2734.701477 2718.043586 2677.682468 2649.977833 2656.546248 2651.812849 2630.591733 2602.504307 2587.584331 2582.361505 2572.398703 2544.758538 2527.777752 2515.122700 2490.610937 2460.048970 2403.877117 2325.364276 2248.745005 2188.918359 2160.801967 2132.284069 2100.072042 2066.620213 2076.065915 2086.739295 2084.337938 2075.352764 2073.712080 2102.811503 2122.328841 2132.876337 2122.854734 2143.378204 2170.827898 2213.455522 2259.056885 2309.827213 2365.872641 2421.388282 2451.466496 2464.796798 2488.352627 2528.017402 2583.994798 2672.141984 2772.109066 2855.295571 2908.396553 2963.890440 2840.845319 2864.482248 2891.269568 2903.427443 2884.684484 2849.501082 2821.685464 2832.838623 -9999.0 -9999.0 -9999.0 -9999.0 -9999.0 -9999.0 -9999.0 -9999.0 -9999.0
-9999.0 -9999.0 1177.493643 1344.059618 1464.556359 1638.313165 1787.645958 1899.739227 1997.803549 2127.943756 2243.787449 2334.494279 2380.585301 2399.365598 2388.286201 2361.226434 2344.087628 2345.332084 2335.414465 2327.107098 2309.411242 2301.304873 2286.919142 2276.006457 2265.211945 2258.619107 2252.032927 2240.571598 2219.460120 2173.460549 2128.176145 2078.071298 2025.781913 2000.274519 1978.418202 1957.358348 1956.991909 1951.364503 1955.911205 1957.544003 1965.385990 1978.610391 1998.480536 2021.162124 2031.495050 2041.861630 2055.006760 2079.608737 2113.553905 2157.184829 2212.659454 2272.548932 2314.435235 2328.793298 2319.862729 2324.844741 2344.255460 2386.930938 2466.545519 2551.844378 2652.689973 2728.844716 2806.738502 2863.747172 2884.864123 2906.661194 2833.581556 2865.809350 2876.795256 2863.318539 -9999.0 -9999.0 -9999.0 -9999.0 -9999.0 -9999.0 -9999.0 -9999.0 -9999.0 -9999.0
-9999.0 -9999.0 -9999.0 -9999.0 1205.382261 1357.768102 1456.500587 1539.857622 1672.857698 1799.537913 1904.012432 1990.237448 2056.265103 2084.283233 2084.172666 2096.219299 2094.616766 2088.122592 2078.385586 2079.843883 2080.761679 2072.840624 2056.121501 2047.301812 2047.240840 2051.286629 2047.327921 2032.759734 2013.841865 1993.746341 1975.372626 1941.485695 1906.119023 1876.681110 1863.101277 1857.627785 1856.735265 1848.731037 1856.759203 1864.444282 1879.805064 1894.958906 1918.664686 1948.081839 1962.659266 1978.079532 1988.308188 2009.242550 2040.658326 2095.181720 2159.990850 2219.429338 2257.670614 2263.920411 2241.382541 2227.164959 2224.369083 2253.345739 2298.713853 2365.900084 2469.940197 2547.676141 2607.619898 2655.935925 2692.789224 2745.177795 2809.100491 2855.400445 -9999.0 -9999.0 -9999.0 -9999.0 -9999.0 -9999.0 -9999.0 -9999.0 -9999.0 -9999.0 -9999.0 -9999.0
-9999.0 -9999.0 -9999.0 -9999.0 -9999.0 -9999.0 1173.773946 1278.074047 1354.339251 1500.152590 1638.030627 1743.087838 1825.778706 1860.428606 1891.204561 1920.748296 1920.919290 1902.439999 1882.539742 1902.414966 1917.940623 1911.025268 1879.031900 1877.941230 1882.032062 1888.577390 1884.962885 1877.770398 1852.120521 1864.981532 1866.423752 1842.726625 1816.355575 1802.363044 1790.026246 1799.132607 1798.728565 1784.297074 1783.806968 1810.800341 1831.265820 1844.271901 1865.825159 1899.207831 1931.983416 1947.959339 1949.920848 1956.442774 1996.287382 2067.319731 2140.527951 2197.718260 2232.081298 2241.958168 2217.257579 2178.979359 2160.598327 2169.545187 2205.985026 2259.788326 2337.844179 2389.919305 2417.859351 2432.641441 2451.821663 2546.038014 -9999.0 -9999.0 -9999.0 -9999.0 -9999.0 -9999.0 -9999.0 -9999.0 -9999.0 -9999.0 -9999.0 -9999.0 -9999.0 -9999.0
-9999.0 -9999.0 -9999.0 -9999.0 -9999.0 -9999.0 -9999.0 -9999.0 -9999.0 -9999.0 -9999.0 -9999.0 -9999.0 -9999.0 -9999.0 -9999.0 -9999.0 -9999.0 -9999.0 -9999.0 -9999.0 -9999.0 -9999.0 -9999.0 -9999.0 -9999.0 -9999.0 -9999.0 -9999.0 -9999.0 -9999.0 -9999.0 -9999.0 -9999.0 -9999.0 -9999.0 -9999.0 -9999.0 -9999.0 -9999.0 -9999.0 -9999.0 -9999.0 -9999.0 -9999.0 -9999.0 -9999.0 -9999.0 -9999.0 -9999.0 -9999.0 -9999.0 -9999.0 -9999.0 -9999.0 -9999.0 -9999.0 -9999.0 -9999.0 -9999.0 -9999.0 -9999.0 -9999.0 -9999.0 -9999.0 -9999.0 -9999.0 -9999.0 -9999.0 -9999.0 -9999.0 -9999.0 -9999.0 -9999.0 -9999.0 -9999.0 -9999.0 -9999.0 -9999.0 -9999.0
-9999.0 -9999.0 -9999.0 -9999.0 -9999.0 -9999.0 -9999.0 -9999.0 -9999.0 -9999.0 -9999.0 -9999.0 -9999.0 -9999.0 -9999.0 -9999.0 -9999.0 -9999.0 -9999.0 -9999.0 -9999.0 -9999.0 -9999.0 -9999.0 -9999.0 -9999.0 -9999.0 -9999.0 -9999.0 -9999.0 -9999.0 -9999.0 -9999.0 -9999.0 -9999.0 -9999.0 -9999.0 -9999.0 -9999.0 -9999.0 -9999.0 -9999.0 -9999.0 -9999.0 -9999.0 -9999.0 -9999.0 -9999.0 -9999.0 -9999.0 -9999.0 -9999.0 -9999.0 -9999.0 -9999.0 -9999.0 -9999.0 -9999.0 -9999.0 -9999.0 -9999.0 -9999.0 -9999.0 -9999.0 -9999.0 -9999.0 -9999.0 -9999.0 -9999.0 -9999.0 -9999.0 -9999.0 -9999.0 -9999.0 -9999.0 -9999.0 -9999.0 -9999.0 -9999.0 -9999.0