Borden_/Borden1m_014/output_maps/psiliqL0018N0002.asc
ncols         80
nrows         18
xllcorner     620200.000000
yllcorner     5168000.000000
cellsize      1.000000
NODATA_value  -9999.0
-9999.0 -9999.0 -9999.0 -9999.0 -9999.0 -9999.0 -9999.0 -9999.0 -9999.0 -9999.0 -9999.0 -9999.0 -9999.0 -9999.0 -9999.0 -9999.0 -9999.0 -9999.0 -9999.0 -9999.0 -9999.0 -9999.0 -9999.0 -9999.0 -9999.0 -9999.0 -9999.0 -9999.0 -9999.0 -9999.0 -9999.0 -9999.0 -9999.0 -9999.0 -9999.0 -9999.0 -9999.0 -9999.0 -9999.0 -9999.0 -9999.0 -9999.0 -9999.0 -9999.0 -9999.0 -9999.0 -9999.0 -9999.0 -9999.0 -9999.0 -9999.0 -9999.0 -9999.0 -9999.0 -9999.0 -9999.0 -9999.0 -9999.0 -9999.0 -9999.0 -9999.0 -9999.0 -9999.0 -9999.0 -9999.0 -9999.0 -9999.0 -9999.0 -9999.0 -9999.0 -9999.0 -9999.0 -9999.0 -9999.0 -9999.0 -9999.0 -9999.0 -9999.0 -9999.0 -9999.0
-9999.0 -9999.0 -9999.0 -9999.0 -9999.0 -9999.0 -9999.0 -9999.0 -9999.0 -9999.0 -9999.0 -9999.0 -9999.0 -9999.0 -9999.0 -9999.0 -9999.0 -9999.0 -9999.0 -9999.0 -9999.0 -9999.0 -9999.0 -9999.0 -9999.0 -9999.0 -9999.0 -9999.0 -9999.0 -9999.0 -9999.0 -9999.0 -9999.0 -9999.0 -9999.0 -9999.0 -9999.0 -9999.0 -9999.0 -9999.0 -9999.0 -9999.0 -9999.0 -9999.0 -9999.0 -9999.0 -9999.0 -9999.0 -9999.0 -9999.0 -9999.0 -9999.0 -9999.0 -9999.0 -9999.0 -9999.0 -9999.0 -9999.0 -9999.0 -9999.0 -9999.0 -9999.0 -9999.0 -9999.0 -9999.0 -9999.0 -9999.0 -9999.0 -9999.0 -9999.0 -9999.0 -9999.0 -9999.0 -9999.0 -9999.0 -9999.0 -9999.0 -9999.0 -9999.0 -9999.0
-9999.0 -9999.0 -9999.0 -9999.0 -9999.0 -9999.0 -9999.0 -9999.0 -9999.0 -9999.0 -9999.0 -9999.0 -9999.0 -9999.0 -9999.0 -9999.0 -9999.0 -9999.0 -9999.0 -9999.0 1730.186145 1732.231614 1710.420510 1676.832589 1649.057484 1651.335224 1685.392858 1726.344647 1764.896605 1774.165259 1756.376873 1759.911945 1755.885395 1753.789538 1755.542132 1762.687690 1767.741500 1778.209108 1785.756996 1784.286834 1777.400372 1772.009961 1772.780117 1775.150694 1780.856423 1768.979082 1783.807596 1799.473696 1804.487772 1800.089316 1774.043627 1759.497692 1750.552435 1734.766519 1759.718873 1771.230156 1793.885172 1797.889093 1795.897420 1768.895442 1738.794884 -9999.0 -9999.0 -9999.0 -9999.0 -9999.0 -9999.0 -9999.0 -9999.0 -9999.0 -9999.0 -9999.0 -9999.0 -9999.0 -9999.0 -9999.0 -9999.0 -9999.0 -9999.0 -9999.0
-9999.0 -9999.0 -9999.0 -9999.0 -9999.0 -9999.0 -9999.0 -9999.0 -9999.0 -9999.0 -9999.0 -9999.0 -9999.0 -9999.0 1640.098577 1630.827467 1628.031830 1636.020582 1669.153617 1699.312465 1711.254521 1703.932867 1704.114626 1680.439378 1659.433149 1673.222369 1702.916854 1733.961787 1767.882714 1787.280725 1776.807616 1775.344972 1784.717745 1808.250925 1819.252960 1816.082026 1797.061159 1820.580742 1834.881068 1841.207225 1839.470792 1830.022409 1840.881622 1855.633025 1848.854293 1832.950782 1840.789147 1854.137862 1865.940621 1854.305806 1792.682831 1775.642665 1771.322345 1765.358660 1751.658512 1746.078062 1772.177490 1771.759631 1763.675142 1745.927967 1713.035087 1668.429332 1649.801620 1689.092161 1732.804938 1789.653355 -9999.0 -9999.0 -9999.0 -9999.0 -9999.0 -9999.0 -9999.0 -9999.0 -9999.0 -9999.0 -9999.0 -9999.0 -9999.0 -9999.0
-9999.0 -9999.0 -9999.0 -9999.0 -9999.0 -9999.0 -9999.0 -9999.0 -9999.0 1582.767652 1587.776125 1594.949046 1597.325828 1612.795044 1610.137889 1617.126944 1623.009780 1649.886018 1680.237973 1714.631589 1742.611119 1733.522390 1733.470552 1741.706860 1742.622736 1753.682009 1775.065191 1814.024865 1850.247190 1889.463910 1860.841753 1859.379317 1878.950118 1924.019820 1952.915165 1957.513856 1939.115269 1950.175074 1973.791698 1992.356600 1989.561780 1984.982567 2009.029371 2022.956559 2022.027030 2002.646539 1995.506765 1999.064219 2025.847086 1975.409161 1909.787511 1863.205309 1870.550576 1843.795106 1810.602396 1793.583663 1791.528241 1811.493078 1797.382856 1761.336246 1726.204984 1714.918845 1697.671150 1716.070086 1738.654527 1784.974585 1824.038076 1853.120905 1852.877589 1835.644101 -9999.0 -9999.0 -9999.0 -9999.0 -9999.0 -9999.0 -9999.0 -9999.0 -9999.0 -9999.0
-9999.0 -9999.0 -9999.0 -9999.0 -9999.0 -9999.0 1504.120067 1514.015209 1534.477647 1538.477642 1564.117285 1570.634243 1590.528832 1609.006834 1630.444007 1645.308807 1673.107807 1704.516705 1743.453156 1784.602650 1815.048194 1807.440224 1816.149386 1843.200124 1879.201367 1905.997098 1930.740919 1969.503970 2043.330324 2084.435231 2090.150634 2096.729439 2107.790245 2157.417751 2220.561298 2232.746559 2212.136227 2197.815669 2218.164571 2252.996175 2254.325967 2253.690776 2265.039310 2275.288937 2302.238446 2293.475794 2256.144380 2245.902330 2247.442588 2228.928296 2164.412938 2101.087362 2070.038406 2021.009160 1939.630450 1889.256703 1900.368130 1920.364147 1893.263247 1841.172778 1803.092736 1793.879343 1779.908448 1768.729064 1777.186020 1797.830222 1820.916204 1833.295606 1821.024864 1800.312181 1778.119892 1749.863054 1752.233884 1777.519232 -9999.0 -9999.0 -9999.0 -9999.0 -9999.0 -9999.0
-9999.0 -9999.0 -9999.0 -9999.0 1454.407224 1467.115640 1453.938639 1479.272234 1511.622741 1545.393013 1575.411967 1610.038919 1635.564792 1664.394340 1701.926407 1731.330095 1768.756984 1801.546277 1853.818781 1920.233210 1969.180579 1989.076909 2001.871651 2058.890035 2121.906966 2175.859411 2198.012081 2225.592475 2270.574761 2332.379104 2363.817057 2373.746351 2393.186802 2431.087441 2480.138702 2514.042659 2496.777910 2488.144323 2494.511542 2505.519753 2526.966783 2526.936590 2528.330348 2531.589115 2537.718529 2537.341011 2513.610904 2481.268144 2466.488759 2456.193204 2422.409348 2349.349527 2308.134788 2276.171650 2238.976908 2185.511444 2124.593418 2111.491388 2054.626371 1998.402995 1940.089430 1921.695642 1893.655665 1871.085378 1846.019815 1851.418505 1857.932594 1839.831986 1809.011794 1778.217226 1764.291685 1746.353182 1735.734304 1766.505702 1784.513822 1814.825825 -9999.0 -9999.0 -9999.0 -9999.0
-9999.0 -9999.0 1395.941359 1443.132090 1499.477987 1506.787822 1504.493112 1509.158215 1536.844458 1587.664278 1657.885274 1702.419406 1739.492004 1771.939317 1828.348935 1900.196000 1966.024492 2011.702504 2072.639340 2145.317220 2208.052234 2238.996345 2253.821137 2295.745503 2356.613553 2425.623878 2455.488468 2483.056723 2516.893036 2553.517723 2562.474883 2578.035377 2588.851652 2594.843673 2602.455271 2604.443738 2598.159072 2591.235697 2571.301267 2565.886519 2571.587081 2577.150767 2577.599343 2564.150939 2560.609218 2574.882836 2580.124668 2579.423589 2578.301016 2585.075194 2585.915345 2542.691942 2508.931922 2491.821941 2478.643615 2432.475129 2364.651455 2321.453490 2297.088977 2252.950271 2175.289325 2124.947078 2075.749127 2031.011458 1983.158163 1958.530042 1917.596179 1879.796785 1837.038548 1793.628256 1772.241461 1756.105223 1755.054298 1755.948371 1773.227082 1789.164978 1805.097806 1813.171231 -9999.0 -9999.0
-9999.0 1291.132420 1362.595605 1486.440988 1564.384282 1604.934094 1628.287198 1644.745991 1672.429476 1699.926178 1796.546973 1870.315178 1956.983679 1994.761563 2042.770276 2136.431142 2228.452980 2274.982258 2317.966197 2382.733696 2447.932322 2497.504484 2525.536057 2529.244350 2569.531203 2591.878379 2599.091109 2605.022533 2603.507556 2595.976960 2587.920142 2594.011553 2590.124317 2570.804169 2553.751108 2548.813264 2540.595044 2512.658987 2480.455501 2463.885901 2465.189305 2489.332969 2475.867745 2454.967579 2451.103182 2472.531389 2493.821905 2485.066241 2472.891074 2493.547255 2530.918432 2555.011851 2562.683846 2579.969068 2601.393316 2575.458261 2548.416248 2503.872219 2482.224375 2452.979219 2392.893152 2328.372134 2270.950801 2209.969005 2145.204866 2082.741020 2025.268210 1969.761208 1909.693062 1872.819047 1844.863898 1797.979908 1780.773077 1785.488000 1779.032408 1777.433814 1784.357697 1791.011133 -9999.0 -9999.0
-9999.0 1205.671120 1346.165190 1526.775389 1670.663332 1720.490651 1807.115953 1878.149378 1903.032943 1867.457031 1970.072208 2183.865153 2292.691211 2314.231920 2390.233919 2482.328575 2490.441946 2523.462347 2549.821858 2570.057804 2585.478102 2597.667462 2595.545442 2590.054386 2576.496421 2570.694384 2571.019750 2569.450033 2552.177535 2531.115863 2509.714056 2502.131327 2480.017659 2432.971066 2398.428014 2378.490129 2357.610706 2334.692794 2300.774366 2272.786018 2256.405578 2270.488014 2265.569993 2249.086739 2244.871951 2265.941585 2296.794516 2293.244873 2303.683705 2327.203557 2370.318054 2412.267762 2435.871526 2467.869835 2508.925724 2557.722555 2573.392841 2596.358380 2601.648322 2585.912223 2540.120069 2482.847958 2446.044052 2381.631780 2307.562787 2229.723193 2167.749222 2110.433707 2046.830262 2005.250792 1960.688345 1904.644060 1855.645827 1840.454139 1805.094174 1788.994281 -9999.0 -9999.0 -9999.0 -9999.0
-9999.0 1119.439287 1303.583861 1553.154284 1829.701249 1922.823299 2121.193963 2245.373079 2300.955834 2372.015495 2320.682800 2483.175265 2526.988727 2526.207157 2533.820486 2539.965410 2555.847536 2559.302769 2558.055614 2551.619463 2545.178337 2541.191904 2537.650478 2526.705116 2511.668285 2495.771047 2481.529365 2469.314310 2431.638799 2395.717119 2352.739006 2333.877613 2291.414482 2198.239189 2155.606047 2117.457870 2057.907985 2052.058513 2048.747269 2021.450055 2002.510933 1979.886318 2003.891428 2010.162985 2012.631113 2012.661009 2026.196554 2050.332893 2094.951952 2131.195531 2175.742275 2227.991945 2263.404602 2307.985458 2356.397817 2416.536636 2453.585015 2488.420001 2542.398720 2583.822288 2608.597452 2596.207407 2570.508404 2523.139955 2450.539624 2386.268070 2338.985877 2270.317112 2210.957404 2159.570941 2109.217831 2052.168568 1988.368175 1923.015742 1886.802736 -9999.0 -9999.0 -9999.0 -9999.0 -9999.0
-9999.0 926.689700 1191.601135 1469.468710 1765.849127 2090.165894 2229.217811 2346.240130 2418.119546 2393.853000 2407.259570 2423.115097 2464.829816 2475.005022 2456.815806 2448.225481 2435.931065 2436.363403 2450.560281 2426.050757 2397.901929 2383.687382 2380.039384 2363.144893 2334.517428 2315.754103 2304.590060 2285.015334 2237.818100 2185.625353 2100.660324 2067.631964 1991.358925 1941.860195 1900.888149 1852.634916 1803.717772 1804.129077 1823.396843 1810.628801 1789.396488 1771.699756 1799.033341 1817.581081 1829.671726 1816.212497 1823.500768 1857.365674 1904.249597 1945.766681 1992.675208 2044.071236 2087.643589 2132.966140 2164.099579 2214.680095 2265.371803 2315.650857 2394.346987 2477.411359 2520.306609 2558.034503 2591.711239 2611.033164 2562.680242 2519.710171 2474.248141 2420.863840 2350.590972 2303.490515 2265.557668 2198.931584 2135.195267 -9999.0 -9999.0 -9999.0 -9999.0 -9999.0 -9999.0 -9999.0
-9999.0 804.629006 1014.255171 1229.424044 1498.359981 1726.958240 1922.733116 2022.075639 2098.058953 2146.382458 2188.426846 2223.540810 2253.008321 2276.319094 2256.524762 2216.116550 2187.132322 2191.792483 2186.611334 2164.011317 2135.026983 2119.386951 2114.232187 2104.507302 2078.236140 2063.851426 2054.466437 2033.893222 2004.220482 1950.698808 1874.353684 1802.763314 1745.466308 1718.706072 1692.319544 1662.213207 1629.728621 1641.035608 1653.916343 1651.785142 1642.755941 1640.888128 1669.944548 1688.976387 1698.563118 1686.608344 1704.625524 1729.096668 1767.895137 1808.270157 1854.253629 1905.772142 1955.844593 1981.266133 1991.687782 2013.678371 2050.522465 2103.017295 2189.248312 2285.527784 2367.733958 2420.068465 2475.953027 2519.498829 2542.177636 2560.866461 2550.355256 2488.492979 2402.938294 2392.083425 2377.405677 -9999.0 -9999.0 -9999.0 -9999.0 -9999.0 -9999.0 -9999.0 -9999.0 -9999.0
-9999.0 -9999.0 783.098639 951.270010 1074.257240 1244.465749 1387.422138 1492.620386 1582.203337 1701.920076 1810.322198 1894.922659 1938.095450 1954.700886 1941.222924 1910.379017 1890.760310 1890.893299 1880.489709 1870.884103 1852.071594 1843.990550 1831.360997 1822.080816 1812.746920 1808.426952 1804.506583 1795.115812 1775.926273 1732.129517 1687.970721 1639.923672 1589.929859 1566.777718 1546.971350 1527.496825 1528.155679 1524.588872 1530.653082 1532.888981 1540.693542 1553.790796 1573.683189 1595.673071 1605.087335 1613.702460 1625.070925 1647.274553 1678.332060 1718.528668 1770.037607 1825.036612 1861.894850 1871.568350 1858.745830 1860.295305 1876.405535 1914.259305 1989.306346 2068.522861 2162.698741 2234.520481 2310.587305 2372.017798 2399.318703 2428.936423 2467.296881 2439.829679 2325.219982 2363.340251 -9999.0 -9999.0 -9999.0 -9999.0 -9999.0 -9999.0 -9999.0 -9999.0 -9999.0 -9999.0
-9999.0 -9999.0 -9999.0 -9999.0 807.889500 958.258264 1052.682352 1132.202246 1259.373709 1379.413007 1478.457177 1560.137472 1621.518558 1646.838590 1643.419576 1651.220455 1647.609171 1641.013425 1631.140180 1631.263412 1631.188693 1623.722296 1608.650609 1601.313094 1602.900839 1608.885345 1607.357951 1595.068479 1578.718302 1559.457571 1542.200256 1510.178697 1476.505484 1449.033922 1437.280727 1433.084200 1433.718102 1427.278735 1436.431400 1444.453815 1460.041725 1475.339967 1498.992872 1527.934781 1541.549545 1555.801812 1564.627327 1583.827782 1612.741024 1664.363361 1725.833013 1781.622843 1815.289471 1817.166312 1790.011693 1771.595332 1764.208215 1787.577208 1826.476483 1886.890451 1982.738195 2051.972664 2108.021003 2156.736777 2197.520772 2260.109581 2343.324807 2397.713237 -9999.0 -9999.0 -9999.0 -9999.0 -9999.0 -9999.0 -9999.0 -9999.0 -9999.0 -9999.0 -9999.0 -9999.0
-9999.0 -9999.0 -9999.0 -9999.0 -9999.0 -9999.0 767.669806 868.182985 943.598921 1081.975161 1212.365847 1312.251578 1391.056955 1422.256893 1449.289593 1476.430749 1475.023231 1456.414781 1436.948762 1456.173331 1470.851983 1464.830140 1434.455570 1434.548406 1440.145380 1448.983605 1447.669171 1442.534917 1418.941781 1432.799520 1435.622166 1413.968520 1389.490619 1377.140677 1366.451883 1377.038067 1378.015799 1364.907352 1365.681011 1393.016317 1413.616537 1426.773221 1448.374798 1481.390976 1513.436797 1528.251114 1528.886768 1533.892028 1572.221698 1640.772297 1710.803944 1764.538224 1795.065918 1800.825053 1771.179360 1728.432243 1704.836643 1707.780934 1737.310258 1783.582583 1852.752115 1896.299676 1918.402962 1931.387115 1952.088398 2048.283312 -9999.0 -9999.0 -9999.0 -9999.0 -9999.0 -9999.0 -9999.0 -9999.0 -9999.0 -9999.0 -9999.0 -9999.0 -9999.0 -9999.0
-9999.0 -9999.0 -9999.0 -9999.0 -9999.0 -9999.0 -9999.0 -9999.0 -9999.0 -9999.0 -9999.0 -9999.0 -9999.0 -9999.0 -9999.0 -9999.0 -9999.0 -9999.0 -9999.0 -9999.0 -9999.0 -9999.0 -9999.0 -9999.0 -9999.0 -9999.0 -9999.0 -9999.0 -9999.0 -9999.0 -9999.0 -9999.0 -9999.0 -9999.0 -9999.0 -9999.0 -9999.0 -9999.0 -9999.0 -9999.0 -9999.0 -9999.0 -9999.0 -9999.0 -9999.0 -9999.0 -9999.0 -9999.0 -9999.0 -9999.0 -9999.0 -9999.0 -9999.0 -9999.0 -9999.0 -9999.0 -9999.0 -9999.0 -9999.0 -9999.0 -9999.0 -9999.0 -9999.0 -9999.0 -9999.0 -9999.0 -9999.0 -9999.0 -9999.0 -9999.0 -9999.0 -9999.0 -9999.0 -9999.0 -9999.0 -9999.0 -9999.0 -9999.0 -9999.0 -9999.0
-9999.0 -9999.0 -9999.0 -9999.0 -9999.0 -9999.0 -9999.0 -9999.0 -9999.0 -9999.0 -9999.0 -9999.0 -9999.0 -9999.0 -9999.0 -9999.0 -9999.0 -9999.0 -9999.0 -9999.0 -9999.0 -9999.0 -9999.0 -9999.0 -9999.0 -9999.0 -9999.0 -9999.0 -9999.0 -9999.0 -9999.0 -9999.0 -9999.0 -9999.0 -9999.0 -9999.0 -9999.0 -9999.0 -9999.0 -9999.0 -9999.0 -9999.0 -9999.0 -9999.0 -9999.0 -9999.0 -9999.0 -9999.0 -9999.0 -9999.0 -9999.0 -9999.0 -9999.0 -9999.0 -9999.0 -9999.0 -9999.0 -9999.0 -9999.0 -9999.0 -9999.0 -9999.0 -9999.0 -9999.0 -9999.0 -9999.0 -9999.0 -9999.0 -9999.0 -9999.0 -9999.0 -9999.0 -9999.0 -9999.0 -9999.0 -9999.0 -9999.0 -9999.0 -9999.0 -9999.0