Borden_/Borden1m_014/output_maps/psiliqL0015N0022.asc
ncols         80
nrows         18
xllcorner     620200.000000
yllcorner     5168000.000000
cellsize      1.000000
NODATA_value  -9999.0
-9999.0 -9999.0 -9999.0 -9999.0 -9999.0 -9999.0 -9999.0 -9999.0 -9999.0 -9999.0 -9999.0 -9999.0 -9999.0 -9999.0 -9999.0 -9999.0 -9999.0 -9999.0 -9999.0 -9999.0 -9999.0 -9999.0 -9999.0 -9999.0 -9999.0 -9999.0 -9999.0 -9999.0 -9999.0 -9999.0 -9999.0 -9999.0 -9999.0 -9999.0 -9999.0 -9999.0 -9999.0 -9999.0 -9999.0 -9999.0 -9999.0 -9999.0 -9999.0 -9999.0 -9999.0 -9999.0 -9999.0 -9999.0 -9999.0 -9999.0 -9999.0 -9999.0 -9999.0 -9999.0 -9999.0 -9999.0 -9999.0 -9999.0 -9999.0 -9999.0 -9999.0 -9999.0 -9999.0 -9999.0 -9999.0 -9999.0 -9999.0 -9999.0 -9999.0 -9999.0 -9999.0 -9999.0 -9999.0 -9999.0 -9999.0 -9999.0 -9999.0 -9999.0 -9999.0 -9999.0
-9999.0 -9999.0 -9999.0 -9999.0 -9999.0 -9999.0 -9999.0 -9999.0 -9999.0 -9999.0 -9999.0 -9999.0 -9999.0 -9999.0 -9999.0 -9999.0 -9999.0 -9999.0 -9999.0 -9999.0 -9999.0 -9999.0 -9999.0 -9999.0 -9999.0 -9999.0 -9999.0 -9999.0 -9999.0 -9999.0 -9999.0 -9999.0 -9999.0 -9999.0 -9999.0 -9999.0 -9999.0 -9999.0 -9999.0 -9999.0 -9999.0 -9999.0 -9999.0 -9999.0 -9999.0 -9999.0 -9999.0 -9999.0 -9999.0 -9999.0 -9999.0 -9999.0 -9999.0 -9999.0 -9999.0 -9999.0 -9999.0 -9999.0 -9999.0 -9999.0 -9999.0 -9999.0 -9999.0 -9999.0 -9999.0 -9999.0 -9999.0 -9999.0 -9999.0 -9999.0 -9999.0 -9999.0 -9999.0 -9999.0 -9999.0 -9999.0 -9999.0 -9999.0 -9999.0 -9999.0
-9999.0 -9999.0 -9999.0 -9999.0 -9999.0 -9999.0 -9999.0 -9999.0 -9999.0 -9999.0 -9999.0 -9999.0 -9999.0 -9999.0 -9999.0 -9999.0 -9999.0 -9999.0 -9999.0 -9999.0 1147.540794 1150.420430 1129.208638 1096.567690 1069.809600 1073.309742 1109.148031 1151.832578 1191.970886 1203.360817 1186.997639 1191.070625 1187.736768 1187.108590 1189.991954 1197.366691 1202.153193 1213.460264 1222.065466 1221.981967 1216.411410 1211.924419 1212.877516 1215.944107 1221.176915 1209.396509 1222.656086 1236.989634 1241.158635 1235.056310 1207.032766 1190.322606 1179.677837 1162.297738 1185.140674 1195.236396 1216.405791 1219.072935 1216.017548 1187.984347 1157.261146 -9999.0 -9999.0 -9999.0 -9999.0 -9999.0 -9999.0 -9999.0 -9999.0 -9999.0 -9999.0 -9999.0 -9999.0 -9999.0 -9999.0 -9999.0 -9999.0 -9999.0 -9999.0 -9999.0
-9999.0 -9999.0 -9999.0 -9999.0 -9999.0 -9999.0 -9999.0 -9999.0 -9999.0 -9999.0 -9999.0 -9999.0 -9999.0 -9999.0 1053.922506 1045.165209 1043.487926 1053.007710 1087.651261 1118.765840 1131.184094 1124.672065 1125.971434 1103.730561 1084.442274 1099.845948 1131.172524 1164.437353 1200.835737 1222.819649 1213.466006 1212.965013 1223.817339 1249.460537 1262.403051 1260.077896 1240.865963 1264.531274 1280.333028 1289.004075 1289.125972 1281.403436 1294.522007 1310.255495 1303.144577 1285.467384 1290.198096 1301.453476 1312.559682 1298.175527 1233.881502 1213.604718 1207.204486 1198.432649 1182.421619 1174.506682 1198.420408 1196.777589 1187.017556 1167.753211 1133.994663 1089.149867 1069.656900 1107.343913 1149.984505 1206.195084 -9999.0 -9999.0 -9999.0 -9999.0 -9999.0 -9999.0 -9999.0 -9999.0 -9999.0 -9999.0 -9999.0 -9999.0 -9999.0 -9999.0
-9999.0 -9999.0 -9999.0 -9999.0 -9999.0 -9999.0 -9999.0 -9999.0 -9999.0 993.396428 998.673978 1006.886070 1010.327731 1027.054571 1025.537942 1033.835676 1042.006520 1070.460876 1102.836029 1139.073326 1168.792240 1161.209499 1163.330268 1174.927133 1179.637403 1193.099716 1216.492326 1258.812002 1300.567022 1343.847740 1317.608535 1317.465192 1338.213346 1385.501773 1417.910664 1424.796371 1406.439724 1415.573616 1440.677305 1462.955295 1463.529000 1462.079191 1487.813468 1502.216330 1502.519925 1481.271436 1468.116904 1467.783763 1492.276577 1440.120074 1373.417642 1322.704351 1324.880815 1292.768595 1253.561993 1232.277862 1227.841936 1246.215336 1229.299289 1190.396197 1152.768367 1140.302072 1121.471476 1137.335035 1158.103665 1202.957007 1240.577799 1267.843642 1266.188598 1247.869838 -9999.0 -9999.0 -9999.0 -9999.0 -9999.0 -9999.0 -9999.0 -9999.0 -9999.0 -9999.0
-9999.0 -9999.0 -9999.0 -9999.0 -9999.0 -9999.0 913.373902 923.623563 944.782865 950.115661 976.552295 984.925633 1006.723495 1027.320581 1050.469226 1068.345283 1099.776265 1134.387794 1176.936313 1221.548005 1255.104023 1251.578718 1264.245947 1297.018196 1337.820990 1368.029693 1394.708358 1436.840312 1516.047998 1561.665087 1571.321995 1578.518039 1589.961354 1638.969705 1702.666027 1717.702901 1696.534068 1681.401905 1701.369570 1737.896291 1744.930200 1747.359301 1758.570418 1768.390075 1793.775794 1783.128051 1742.066381 1727.104842 1724.653275 1707.683691 1646.599804 1582.864937 1546.424601 1493.355240 1408.258096 1352.856378 1358.585213 1374.638164 1342.657718 1286.011672 1243.191031 1230.674832 1213.632047 1198.527222 1203.072411 1220.487043 1241.014679 1250.568878 1236.003260 1213.510611 1189.618065 1159.752868 1160.635795 1185.097493 -9999.0 -9999.0 -9999.0 -9999.0 -9999.0 -9999.0
-9999.0 -9999.0 -9999.0 -9999.0 862.493200 876.038007 864.473896 890.552575 924.227313 959.489401 992.382510 1030.357582 1059.080313 1091.144217 1133.357351 1169.319909 1213.006312 1251.083883 1308.472855 1378.927800 1431.909160 1457.819724 1476.329656 1538.264560 1602.291808 1655.749923 1677.568123 1706.258923 1752.061629 1814.829823 1844.037968 1852.238001 1870.769439 1906.526309 1954.006519 1987.028294 1969.752630 1961.199994 1966.759164 1978.462364 2002.801683 2004.935146 2007.295793 2009.926834 2014.261527 2012.569141 1987.323302 1953.453649 1939.114909 1929.543850 1900.015871 1830.499449 1788.363780 1755.850169 1720.647677 1668.472199 1604.702702 1587.274209 1526.738475 1466.024821 1401.651437 1378.032265 1344.957094 1316.669583 1285.240947 1284.562961 1285.515170 1262.859204 1228.566572 1194.499675 1177.890579 1157.721685 1145.489809 1174.488564 1191.167158 1220.827322 -9999.0 -9999.0 -9999.0 -9999.0
-9999.0 -9999.0 802.086517 851.122139 908.865728 918.539833 919.849242 926.842342 956.559046 1010.036307 1086.418857 1137.728336 1181.448272 1217.890302 1280.482875 1361.735401 1436.066626 1488.136180 1551.949541 1624.354946 1687.724731 1722.895061 1742.895376 1784.219102 1839.501862 1901.545662 1928.559576 1955.366068 1987.588592 2022.804523 2034.986617 2049.764553 2058.819132 2062.320769 2068.439837 2070.071618 2064.581846 2057.749854 2038.127339 2033.606392 2040.535741 2046.101861 2047.801718 2034.711751 2030.891971 2044.322575 2048.055832 2047.135685 2046.829564 2054.232555 2057.753546 2018.278388 1980.303028 1963.660898 1952.644116 1907.973645 1843.216055 1800.158786 1775.057506 1730.813153 1652.932683 1600.720491 1547.777011 1496.182153 1441.384630 1408.005888 1358.769469 1313.903932 1265.008636 1216.634213 1191.116384 1171.357053 1167.297028 1165.708246 1180.661016 1195.006527 1209.585187 1216.966394 -9999.0 -9999.0
-9999.0 698.432628 771.068884 897.707398 978.582609 1024.100153 1056.549244 1080.309199 1110.267064 1138.088408 1243.820594 1333.072536 1425.509422 1465.991310 1520.575582 1620.313897 1716.168916 1763.871609 1804.359541 1862.043822 1922.907693 1971.303586 2001.300910 2013.019618 2047.772054 2061.578810 2064.828277 2068.418775 2065.227439 2058.101416 2049.925381 2056.341970 2052.678325 2033.856105 2017.808082 2014.090206 2007.038090 1980.398231 1949.670710 1933.198152 1934.800994 1957.231541 1945.404327 1925.168405 1921.768121 1943.280083 1963.349930 1955.950281 1945.856770 1965.235896 2000.896626 2023.561825 2033.785281 2050.387298 2071.034388 2045.439826 2016.966162 1974.561647 1953.938592 1924.150709 1865.495356 1803.842928 1748.174954 1686.674865 1619.408939 1549.927632 1484.254536 1420.616749 1351.923175 1308.169225 1274.566149 1222.194271 1199.113100 1198.806400 1188.354274 1184.138642 1189.069719 1194.876226 -9999.0 -9999.0
-9999.0 617.442122 759.979100 944.746720 1093.903010 1153.660784 1256.030930 1335.390353 1364.363966 1337.151921 1446.826037 1666.552080 1770.064087 1789.853172 1863.851013 1953.226017 1973.216620 2006.759552 2030.407486 2042.053030 2051.504932 2062.393579 2061.774764 2056.860572 2042.647806 2034.693237 2032.871033 2029.219162 2010.752475 1990.660599 1972.199178 1966.798615 1947.226915 1902.832624 1869.604770 1851.456787 1833.254107 1810.221323 1774.591890 1745.660548 1729.591192 1744.467823 1737.752692 1721.528784 1718.196115 1740.770715 1774.302555 1772.567380 1783.341726 1807.494877 1848.515070 1889.081911 1912.720081 1943.914120 1981.616177 2026.612081 2042.523445 2064.310616 2068.517714 2049.696916 2005.369573 1952.766944 1917.512297 1854.340695 1781.725988 1703.499994 1638.660043 1575.863040 1504.234202 1454.486243 1404.229689 1343.452619 1286.120943 1260.178748 1218.710315 1197.707661 -9999.0 -9999.0 -9999.0 -9999.0
-9999.0 537.723299 725.642951 983.620072 1260.835357 1372.799459 1578.720898 1707.183962 1764.859714 1832.198494 1808.515228 1957.049217 1997.346381 1994.948679 1996.191730 2002.255209 2019.433075 2024.393982 2022.388604 2013.822606 2005.810528 2002.381307 2001.098797 1993.086572 1979.861154 1963.615241 1948.841637 1934.274639 1895.011989 1860.727927 1823.610998 1806.786547 1765.817873 1674.242237 1631.429466 1594.679144 1535.993199 1527.112172 1518.508706 1487.862180 1466.774979 1445.530221 1467.387958 1472.032933 1474.931145 1479.276925 1497.957865 1524.363927 1571.863963 1610.760513 1656.289960 1709.590234 1745.822383 1790.957329 1838.303225 1895.091520 1928.992101 1961.251151 2009.565247 2049.408491 2073.022058 2061.847782 2034.312329 1987.812593 1917.192594 1851.238133 1803.067214 1731.901163 1667.155312 1612.182540 1562.577257 1505.941137 1435.582042 1350.117067 1305.938433 -9999.0 -9999.0 -9999.0 -9999.0 -9999.0
-9999.0 356.784682 624.317542 911.754513 1225.394830 1555.213707 1690.935358 1819.786705 1891.801604 1857.864537 1863.725343 1884.331396 1926.626458 1936.685681 1919.474434 1912.868534 1903.207744 1904.623468 1918.731133 1893.677799 1864.841059 1851.598171 1850.571392 1837.564948 1812.525309 1793.577218 1779.317756 1757.113401 1708.145136 1656.664788 1574.582240 1542.204797 1463.797777 1406.519680 1361.894199 1311.963715 1260.229789 1257.500090 1273.128235 1257.021194 1233.888089 1215.083619 1241.611856 1259.503086 1272.092109 1261.474680 1271.751888 1309.163740 1360.291571 1405.800306 1456.996425 1513.479890 1562.551627 1612.878755 1646.494986 1697.879377 1746.989134 1795.749014 1870.933453 1950.924531 1989.151933 2024.722604 2057.809058 2073.477537 2022.285608 1973.672348 1924.251717 1866.352967 1786.197162 1738.661755 1708.403825 1659.052866 1599.347724 -9999.0 -9999.0 -9999.0 -9999.0 -9999.0 -9999.0 -9999.0
-9999.0 230.752212 448.960043 677.733957 961.932180 1200.559684 1397.563865 1507.808174 1587.244280 1621.787442 1655.636391 1689.491300 1720.430161 1744.205122 1724.581792 1687.576841 1660.869015 1666.216178 1663.047129 1640.262813 1611.463104 1596.634988 1593.502432 1585.003827 1558.348031 1541.473817 1528.327763 1503.332221 1467.788380 1411.330971 1331.554412 1258.398997 1196.275799 1163.696226 1133.773829 1100.817356 1064.593367 1073.995922 1085.912884 1081.709275 1070.691513 1067.492828 1096.605980 1115.702432 1126.068554 1114.867326 1134.636541 1162.094871 1204.529168 1248.330067 1298.195522 1354.429400 1409.658201 1440.725615 1456.283545 1483.945734 1526.468963 1583.934041 1672.098973 1768.180572 1847.180206 1897.519415 1949.739383 1985.214579 2000.357052 2013.912569 1992.875089 1917.535878 1807.168270 1804.375325 1796.332641 -9999.0 -9999.0 -9999.0 -9999.0 -9999.0 -9999.0 -9999.0 -9999.0 -9999.0
-9999.0 -9999.0 215.614148 393.099162 531.476043 711.790367 862.941168 973.937823 1062.406433 1174.161773 1277.526621 1359.955458 1403.798103 1421.666219 1408.048358 1375.504714 1354.916900 1355.637931 1346.159108 1335.649377 1315.559200 1307.321781 1295.789181 1286.513207 1274.760120 1267.513141 1260.576739 1247.647844 1224.323977 1176.927719 1127.710185 1075.891680 1022.030132 996.106943 973.894127 951.986233 950.043671 945.979877 951.374034 952.536893 959.014498 971.379506 991.517168 1013.486076 1023.356940 1032.225274 1045.082188 1069.238479 1102.834794 1145.480032 1199.758139 1257.842463 1298.309510 1312.029768 1303.665626 1310.383393 1333.130812 1378.494862 1462.445091 1550.183905 1647.629442 1720.826472 1794.556383 1849.256583 1868.482471 1887.316038 1907.924393 1852.285052 1599.305125 1749.745019 -9999.0 -9999.0 -9999.0 -9999.0 -9999.0 -9999.0 -9999.0 -9999.0 -9999.0 -9999.0
-9999.0 -9999.0 -9999.0 -9999.0 251.671563 406.921176 503.935491 587.742300 715.788040 834.356991 932.908844 1014.481624 1074.672110 1100.669281 1095.721620 1099.896876 1095.306823 1089.989481 1080.778433 1079.235533 1077.392395 1069.658153 1055.455440 1047.360368 1047.114193 1050.837027 1047.418491 1032.963376 1014.767493 991.071091 969.835463 935.029059 898.594761 869.111412 855.707450 849.585984 849.203531 842.328764 850.987746 857.993485 873.027234 888.223852 912.007736 940.906752 954.541424 969.340315 979.277750 1000.099857 1030.727820 1084.317948 1147.861914 1205.733761 1241.695236 1246.540023 1222.367895 1207.766044 1205.462152 1235.017252 1282.324571 1352.640459 1456.966540 1533.728734 1596.347530 1645.190030 1680.703869 1730.607018 1790.145090 1828.766113 -9999.0 -9999.0 -9999.0 -9999.0 -9999.0 -9999.0 -9999.0 -9999.0 -9999.0 -9999.0 -9999.0 -9999.0
-9999.0 -9999.0 -9999.0 -9999.0 -9999.0 -9999.0 208.221758 308.915636 390.681594 526.089299 653.016498 752.039244 830.846188 861.295084 886.114128 912.251671 910.252379 892.491403 874.160816 892.508540 905.419829 899.529744 869.724639 868.645888 872.650919 880.512313 877.931312 871.039868 845.577356 856.021315 855.972387 832.468367 806.169455 791.984910 780.020705 789.537115 789.741093 776.240234 777.072975 803.602259 823.670873 836.839445 858.785953 892.000613 924.317844 939.429953 940.859518 947.171746 987.661226 1058.081953 1129.666512 1184.924528 1217.354443 1225.665439 1198.701908 1159.127738 1139.328582 1147.376280 1183.418691 1237.943521 1316.020082 1368.210153 1398.637682 1416.810461 1439.645318 1533.033168 -9999.0 -9999.0 -9999.0 -9999.0 -9999.0 -9999.0 -9999.0 -9999.0 -9999.0 -9999.0 -9999.0 -9999.0 -9999.0 -9999.0
-9999.0 -9999.0 -9999.0 -9999.0 -9999.0 -9999.0 -9999.0 -9999.0 -9999.0 -9999.0 -9999.0 -9999.0 -9999.0 -9999.0 -9999.0 -9999.0 -9999.0 -9999.0 -9999.0 -9999.0 -9999.0 -9999.0 -9999.0 -9999.0 -9999.0 -9999.0 -9999.0 -9999.0 -9999.0 -9999.0 -9999.0 -9999.0 -9999.0 -9999.0 -9999.0 -9999.0 -9999.0 -9999.0 -9999.0 -9999.0 -9999.0 -9999.0 -9999.0 -9999.0 -9999.0 -9999.0 -9999.0 -9999.0 -9999.0 -9999.0 -9999.0 -9999.0 -9999.0 -9999.0 -9999.0 -9999.0 -9999.0 -9999.0 -9999.0 -9999.0 -9999.0 -9999.0 -9999.0 -9999.0 -9999.0 -9999.0 -9999.0 -9999.0 -9999.0 -9999.0 -9999.0 -9999.0 -9999.0 -9999.0 -9999.0 -9999.0 -9999.0 -9999.0 -9999.0 -9999.0
-9999.0 -9999.0 -9999.0 -9999.0 -9999.0 -9999.0 -9999.0 -9999.0 -9999.0 -9999.0 -9999.0 -9999.0 -9999.0 -9999.0 -9999.0 -9999.0 -9999.0 -9999.0 -9999.0 -9999.0 -9999.0 -9999.0 -9999.0 -9999.0 -9999.0 -9999.0 -9999.0 -9999.0 -9999.0 -9999.0 -9999.0 -9999.0 -9999.0 -9999.0 -9999.0 -9999.0 -9999.0 -9999.0 -9999.0 -9999.0 -9999.0 -9999.0 -9999.0 -9999.0 -9999.0 -9999.0 -9999.0 -9999.0 -9999.0 -9999.0 -9999.0 -9999.0 -9999.0 -9999.0 -9999.0 -9999.0 -9999.0 -9999.0 -9999.0 -9999.0 -9999.0 -9999.0 -9999.0 -9999.0 -9999.0 -9999.0 -9999.0 -9999.0 -9999.0 -9999.0 -9999.0 -9999.0 -9999.0 -9999.0 -9999.0 -9999.0 -9999.0 -9999.0 -9999.0 -9999.0