Borden_/Borden1m_014/output_maps/psiliqL0017N0040.asc
ncols         80
nrows         18
xllcorner     620200.000000
yllcorner     5168000.000000
cellsize      1.000000
NODATA_value  -9999.0
-9999.0 -9999.0 -9999.0 -9999.0 -9999.0 -9999.0 -9999.0 -9999.0 -9999.0 -9999.0 -9999.0 -9999.0 -9999.0 -9999.0 -9999.0 -9999.0 -9999.0 -9999.0 -9999.0 -9999.0 -9999.0 -9999.0 -9999.0 -9999.0 -9999.0 -9999.0 -9999.0 -9999.0 -9999.0 -9999.0 -9999.0 -9999.0 -9999.0 -9999.0 -9999.0 -9999.0 -9999.0 -9999.0 -9999.0 -9999.0 -9999.0 -9999.0 -9999.0 -9999.0 -9999.0 -9999.0 -9999.0 -9999.0 -9999.0 -9999.0 -9999.0 -9999.0 -9999.0 -9999.0 -9999.0 -9999.0 -9999.0 -9999.0 -9999.0 -9999.0 -9999.0 -9999.0 -9999.0 -9999.0 -9999.0 -9999.0 -9999.0 -9999.0 -9999.0 -9999.0 -9999.0 -9999.0 -9999.0 -9999.0 -9999.0 -9999.0 -9999.0 -9999.0 -9999.0 -9999.0
-9999.0 -9999.0 -9999.0 -9999.0 -9999.0 -9999.0 -9999.0 -9999.0 -9999.0 -9999.0 -9999.0 -9999.0 -9999.0 -9999.0 -9999.0 -9999.0 -9999.0 -9999.0 -9999.0 -9999.0 -9999.0 -9999.0 -9999.0 -9999.0 -9999.0 -9999.0 -9999.0 -9999.0 -9999.0 -9999.0 -9999.0 -9999.0 -9999.0 -9999.0 -9999.0 -9999.0 -9999.0 -9999.0 -9999.0 -9999.0 -9999.0 -9999.0 -9999.0 -9999.0 -9999.0 -9999.0 -9999.0 -9999.0 -9999.0 -9999.0 -9999.0 -9999.0 -9999.0 -9999.0 -9999.0 -9999.0 -9999.0 -9999.0 -9999.0 -9999.0 -9999.0 -9999.0 -9999.0 -9999.0 -9999.0 -9999.0 -9999.0 -9999.0 -9999.0 -9999.0 -9999.0 -9999.0 -9999.0 -9999.0 -9999.0 -9999.0 -9999.0 -9999.0 -9999.0 -9999.0
-9999.0 -9999.0 -9999.0 -9999.0 -9999.0 -9999.0 -9999.0 -9999.0 -9999.0 -9999.0 -9999.0 -9999.0 -9999.0 -9999.0 -9999.0 -9999.0 -9999.0 -9999.0 -9999.0 -9999.0 1554.248421 1557.033228 1536.138065 1503.749139 1477.356074 1481.267312 1517.331803 1560.401140 1601.001705 1612.271890 1595.941037 1600.469580 1597.500589 1596.841788 1600.040925 1608.376078 1614.544734 1626.674363 1636.209086 1636.937749 1632.090429 1628.247001 1629.849990 1632.660253 1637.812435 1625.037515 1638.005177 1651.523834 1654.322922 1647.189036 1618.229825 1600.842891 1589.363349 1571.171814 1593.636797 1603.014051 1623.563754 1625.681274 1622.067599 1593.702399 1562.722806 -9999.0 -9999.0 -9999.0 -9999.0 -9999.0 -9999.0 -9999.0 -9999.0 -9999.0 -9999.0 -9999.0 -9999.0 -9999.0 -9999.0 -9999.0 -9999.0 -9999.0 -9999.0 -9999.0
-9999.0 -9999.0 -9999.0 -9999.0 -9999.0 -9999.0 -9999.0 -9999.0 -9999.0 -9999.0 -9999.0 -9999.0 -9999.0 -9999.0 1459.972291 1451.628527 1450.328191 1460.064617 1494.864013 1526.226099 1538.496274 1532.159170 1533.608169 1511.396758 1492.069472 1507.714272 1539.519339 1573.031776 1609.428099 1630.973870 1621.680766 1621.158670 1631.769719 1657.039734 1669.902073 1668.216426 1650.435548 1675.596938 1692.373420 1701.635039 1702.526488 1695.163733 1707.637456 1722.873129 1715.425908 1697.799799 1702.998039 1713.714686 1723.104244 1708.145689 1643.100971 1622.740497 1615.759281 1606.934857 1590.510205 1582.317013 1606.044327 1603.681144 1593.584840 1574.001890 1539.748375 1494.454965 1474.374588 1511.800125 1553.884440 1609.511128 -9999.0 -9999.0 -9999.0 -9999.0 -9999.0 -9999.0 -9999.0 -9999.0 -9999.0 -9999.0 -9999.0 -9999.0 -9999.0 -9999.0
-9999.0 -9999.0 -9999.0 -9999.0 -9999.0 -9999.0 -9999.0 -9999.0 -9999.0 1397.888538 1403.804318 1412.540496 1416.634458 1433.774619 1432.287266 1440.947693 1449.086821 1478.023652 1510.499505 1546.863625 1576.643288 1569.385859 1571.280090 1581.700091 1584.937317 1598.152644 1621.985360 1664.127595 1703.923634 1745.477270 1717.762793 1716.695057 1736.988546 1783.754032 1815.108741 1821.735116 1804.861979 1817.183467 1843.730641 1866.270913 1867.222801 1865.570092 1891.063132 1905.081828 1903.721561 1882.368614 1871.262261 1871.189205 1894.675742 1841.185389 1772.706833 1722.767834 1726.923948 1696.711620 1659.416766 1638.805677 1634.187387 1652.083116 1635.395317 1596.613425 1558.946963 1545.722456 1526.308870 1542.162439 1562.441488 1606.580159 1643.631669 1670.253373 1667.796990 1648.997487 -9999.0 -9999.0 -9999.0 -9999.0 -9999.0 -9999.0 -9999.0 -9999.0 -9999.0 -9999.0
-9999.0 -9999.0 -9999.0 -9999.0 -9999.0 -9999.0 1316.612086 1327.499027 1349.394449 1354.964737 1382.292368 1391.099999 1413.412267 1434.338634 1458.059662 1475.928863 1507.107775 1541.591176 1583.501585 1627.615961 1661.098318 1656.768835 1668.342227 1698.013783 1735.934087 1764.722156 1791.732968 1833.600348 1910.518875 1952.937341 1958.424192 1963.742216 1974.232945 2023.949926 2088.138962 2102.370977 2083.360269 2070.895280 2093.698767 2132.075881 2138.235222 2140.712570 2152.933123 2162.849804 2188.174426 2177.182842 2136.501256 2122.204087 2119.867645 2099.803746 2034.884129 1970.908699 1938.370575 1887.487862 1803.204865 1749.022653 1756.752987 1774.324912 1744.179075 1688.628669 1646.688051 1634.234924 1617.132948 1602.438440 1607.246582 1624.290623 1643.946079 1652.782425 1637.364871 1614.091562 1589.642705 1559.521284 1560.414486 1584.832426 -9999.0 -9999.0 -9999.0 -9999.0 -9999.0 -9999.0
-9999.0 -9999.0 -9999.0 -9999.0 1264.842294 1278.850162 1267.510195 1294.611095 1329.140940 1365.335714 1398.562845 1436.832973 1465.915728 1498.150825 1539.651931 1574.101791 1616.616386 1653.484342 1709.049287 1778.340617 1830.713676 1854.783719 1870.813963 1928.878129 1990.270689 2043.159097 2065.717000 2094.946330 2140.945244 2201.746015 2229.171820 2235.910702 2253.778839 2290.870534 2339.987882 2374.108992 2358.301018 2351.554798 2359.848967 2373.675766 2398.731525 2401.313179 2403.864363 2406.757416 2411.435968 2409.288879 2383.111054 2348.114001 2332.024245 2320.680091 2287.713276 2216.726687 2177.229124 2145.635538 2108.125652 2053.720678 1991.188416 1976.991613 1918.737322 1859.735852 1797.329087 1775.244170 1743.552754 1716.717237 1686.610145 1686.527184 1687.432174 1664.059483 1628.722141 1594.128715 1577.275286 1557.087596 1544.787596 1574.082212 1590.889334 1620.460670 -9999.0 -9999.0 -9999.0 -9999.0
-9999.0 -9999.0 1203.470292 1252.261948 1310.644706 1320.626437 1321.671390 1329.418119 1360.239860 1414.722782 1490.330940 1540.753374 1583.260356 1619.596913 1680.643308 1758.981851 1831.125236 1880.679048 1942.293823 2014.057864 2077.635659 2111.664021 2129.180521 2169.391005 2224.442080 2288.564341 2316.764909 2344.429991 2377.595766 2413.032042 2421.206887 2434.841431 2443.977772 2448.616389 2455.818599 2458.333045 2453.670899 2448.676905 2430.802683 2427.628618 2435.648255 2442.586954 2444.028819 2430.540989 2426.422750 2439.756807 2443.378925 2441.260928 2439.239746 2445.185652 2446.274008 2404.683163 2370.579219 2353.938257 2341.226521 2294.801120 2228.251177 2186.988464 2162.953402 2118.171930 2039.289861 1988.044653 1937.181098 1888.709589 1835.795700 1804.348289 1755.979713 1710.893072 1661.689748 1613.258734 1588.148734 1569.210286 1565.888735 1564.805071 1580.290187 1594.816371 1609.540555 1616.986619 -9999.0 -9999.0
-9999.0 1098.305333 1170.938341 1297.224003 1378.465053 1423.619822 1453.159552 1475.212528 1506.702123 1537.697606 1641.575012 1725.142830 1817.007883 1857.110969 1908.221096 2006.222796 2102.313643 2150.019828 2189.950760 2248.883103 2311.372034 2360.720749 2390.422291 2396.331246 2432.209937 2449.411397 2454.019557 2458.579833 2456.157483 2448.619024 2440.451355 2446.435103 2442.022748 2421.932318 2404.583311 2400.446840 2394.322584 2369.797702 2340.997665 2326.205372 2328.939783 2353.240550 2340.908938 2320.118898 2316.256481 2337.601911 2357.804822 2348.844283 2336.792835 2355.350450 2390.548049 2413.732208 2422.568882 2439.683324 2460.184031 2433.404754 2405.566653 2362.358091 2341.359167 2311.130890 2251.147142 2188.929328 2132.732157 2070.861461 2003.415020 1935.325932 1870.699923 1807.060989 1739.232950 1696.711969 1665.004657 1615.286348 1595.091440 1596.801044 1587.627281 1583.908346 1589.013897 1594.889407 -9999.0 -9999.0
-9999.0 1014.490757 1156.643520 1340.735998 1489.733615 1546.988568 1642.828459 1720.190926 1749.121282 1719.325648 1828.209902 2048.262831 2157.199197 2177.509228 2251.813071 2343.346696 2357.077280 2390.589818 2413.923042 2427.972181 2439.658433 2451.602495 2451.211085 2446.721553 2432.444238 2424.745687 2423.129020 2419.639229 2401.058341 2380.657393 2361.937047 2356.440596 2335.686952 2288.504767 2253.222284 2233.956557 2215.983628 2197.113647 2165.781942 2139.380578 2124.233845 2139.221209 2133.856513 2117.595609 2113.791533 2135.479298 2167.363907 2164.298712 2174.069764 2196.377535 2236.447565 2277.033940 2300.583986 2331.988942 2370.232463 2416.116864 2430.827189 2452.685206 2456.369369 2438.275515 2392.035610 2336.932177 2300.020814 2234.565125 2159.372970 2078.179090 2010.391962 1945.343236 1874.431111 1828.304478 1782.581492 1726.746693 1675.510231 1655.626793 1616.599159 1597.169691 -9999.0 -9999.0 -9999.0 -9999.0
-9999.0 930.593668 1117.169918 1372.148975 1653.211365 1757.480896 1962.097863 2089.834024 2146.494852 2217.720676 2179.022592 2341.102300 2385.956788 2384.183851 2388.274310 2393.927865 2410.624437 2414.314305 2411.045557 2401.202008 2392.584634 2389.060578 2388.171769 2380.809783 2368.293752 2352.709222 2337.997433 2323.710398 2284.351044 2249.527530 2211.228450 2195.240759 2153.784508 2060.366237 2016.266299 1978.027945 1919.689275 1914.816129 1911.444127 1884.121450 1865.033552 1843.151842 1866.623338 1872.654244 1875.609187 1877.439722 1893.065185 1918.468795 1964.377280 2001.620012 2046.465441 2099.564256 2135.490355 2179.742979 2226.168526 2282.849318 2317.044822 2349.114799 2398.166560 2437.214670 2459.848353 2446.328439 2417.500210 2366.587988 2290.481918 2219.375360 2164.612491 2086.708449 2020.188111 1967.285017 1922.806154 1875.053248 1813.916691 1742.100535 1702.002600 -9999.0 -9999.0 -9999.0 -9999.0 -9999.0
-9999.0 741.840626 1008.867030 1292.628480 1599.106989 1930.231289 2072.227182 2194.992756 2267.639146 2240.811007 2254.032885 2275.024489 2319.348389 2330.005083 2311.591359 2302.899068 2291.063091 2291.134293 2303.766589 2276.837766 2247.126116 2233.722739 2233.365542 2221.633524 2198.013337 2180.932532 2168.539295 2147.060658 2098.143112 2045.646425 1962.213175 1929.980337 1852.840187 1799.365901 1755.243471 1704.955813 1654.517060 1653.977786 1672.319914 1658.632770 1636.817421 1618.781622 1646.032957 1664.764894 1677.502494 1665.578698 1674.685471 1710.922591 1760.846237 1805.654211 1856.035659 1911.073132 1957.875485 2005.518831 2037.486870 2087.761533 2136.618448 2184.016982 2258.209637 2337.742363 2375.520179 2409.525521 2439.016468 2450.650954 2392.866261 2337.084687 2277.371833 2209.156656 2126.098766 2077.952813 2053.830153 2016.377518 1964.114817 -9999.0 -9999.0 -9999.0 -9999.0 -9999.0 -9999.0 -9999.0
-9999.0 618.426049 832.112132 1054.185266 1332.082386 1568.872223 1769.510755 1875.541168 1954.995337 2000.059350 2041.398171 2079.172800 2111.834721 2136.464932 2116.513991 2076.629660 2047.680910 2051.752483 2046.061202 2021.915805 1992.097523 1977.043901 1974.126714 1967.258057 1943.244338 1929.109001 1918.298289 1895.337226 1862.351006 1806.261045 1727.224768 1653.697493 1593.358249 1562.899376 1533.495029 1500.961322 1466.303121 1476.436401 1488.665988 1485.702532 1475.902502 1473.564221 1502.753685 1522.055763 1532.328486 1521.252003 1540.784303 1567.582106 1609.428808 1653.317721 1703.265585 1759.163632 1813.668697 1843.262143 1857.161748 1882.233014 1921.425920 1975.104257 2060.874411 2155.071106 2232.823086 2280.551949 2329.653690 2360.485890 2368.905543 2371.165671 2338.604473 2253.179335 2146.368926 2129.717818 2127.712581 -9999.0 -9999.0 -9999.0 -9999.0 -9999.0 -9999.0 -9999.0 -9999.0 -9999.0
-9999.0 -9999.0 600.377002 773.344612 904.297873 1081.384923 1230.798026 1341.212010 1433.290282 1552.644195 1661.995325 1749.029630 1795.064463 1813.535992 1800.304510 1768.361773 1747.644202 1747.199611 1736.216478 1725.339613 1705.432867 1697.260848 1685.549094 1677.076691 1667.576500 1662.303602 1656.779465 1645.140448 1623.068644 1576.240011 1528.498197 1477.456023 1424.533912 1398.868848 1376.787641 1355.290596 1354.198916 1349.835464 1355.241268 1356.867456 1364.090703 1376.916996 1396.988339 1419.204471 1429.158022 1438.439413 1451.142665 1475.165405 1508.630280 1551.599972 1606.391700 1665.123928 1705.984433 1719.641805 1710.694875 1716.167411 1736.597779 1779.065708 1858.949492 1941.689623 2036.142665 2105.831827 2174.626371 2223.036883 2233.956019 2242.047117 2248.975581 2191.804554 2036.905625 2076.765246 -9999.0 -9999.0 -9999.0 -9999.0 -9999.0 -9999.0 -9999.0 -9999.0 -9999.0 -9999.0
-9999.0 -9999.0 -9999.0 -9999.0 632.997988 786.929170 884.471655 967.868751 1097.859133 1219.804240 1321.241513 1405.517020 1468.710721 1495.677350 1492.291286 1498.771766 1494.415182 1487.740748 1477.522552 1476.507792 1475.399892 1467.665542 1452.938212 1445.404219 1446.267179 1451.070674 1448.152746 1434.076497 1415.755250 1393.448557 1373.243161 1338.757672 1302.748058 1273.295627 1259.829343 1254.020039 1253.552164 1246.392066 1254.970246 1262.394215 1277.661054 1292.899128 1316.674138 1345.786400 1359.744947 1374.693909 1384.617231 1405.348139 1436.147003 1490.054684 1554.157645 1612.835652 1649.701356 1655.015167 1631.280553 1616.552168 1613.520206 1642.023317 1687.138979 1754.020855 1854.910484 1926.417590 1980.877437 2021.933602 2049.407811 2088.203107 2128.752564 2155.555541 -9999.0 -9999.0 -9999.0 -9999.0 -9999.0 -9999.0 -9999.0 -9999.0 -9999.0 -9999.0 -9999.0 -9999.0
-9999.0 -9999.0 -9999.0 -9999.0 -9999.0 -9999.0 594.477403 696.530146 776.144986 915.791641 1047.362086 1149.281883 1230.016296 1262.276147 1289.234675 1316.186278 1314.409098 1295.763039 1276.288783 1294.817034 1308.567112 1302.367234 1272.054423 1271.567289 1276.293854 1284.256741 1281.743236 1275.021247 1249.594886 1260.957010 1261.417156 1237.788190 1211.438513 1197.324297 1185.206080 1194.590658 1194.627126 1180.859462 1181.272219 1208.089166 1228.384449 1241.522910 1263.314645 1296.575355 1329.028882 1344.418556 1345.979898 1352.303831 1392.499917 1463.124175 1535.388661 1591.555239 1624.855632 1633.740054 1607.387053 1568.100973 1548.492183 1556.358851 1591.779592 1644.697484 1720.304652 1768.485051 1792.333729 1802.945781 1817.615683 1904.478298 -9999.0 -9999.0 -9999.0 -9999.0 -9999.0 -9999.0 -9999.0 -9999.0 -9999.0 -9999.0 -9999.0 -9999.0 -9999.0 -9999.0
-9999.0 -9999.0 -9999.0 -9999.0 -9999.0 -9999.0 -9999.0 -9999.0 -9999.0 -9999.0 -9999.0 -9999.0 -9999.0 -9999.0 -9999.0 -9999.0 -9999.0 -9999.0 -9999.0 -9999.0 -9999.0 -9999.0 -9999.0 -9999.0 -9999.0 -9999.0 -9999.0 -9999.0 -9999.0 -9999.0 -9999.0 -9999.0 -9999.0 -9999.0 -9999.0 -9999.0 -9999.0 -9999.0 -9999.0 -9999.0 -9999.0 -9999.0 -9999.0 -9999.0 -9999.0 -9999.0 -9999.0 -9999.0 -9999.0 -9999.0 -9999.0 -9999.0 -9999.0 -9999.0 -9999.0 -9999.0 -9999.0 -9999.0 -9999.0 -9999.0 -9999.0 -9999.0 -9999.0 -9999.0 -9999.0 -9999.0 -9999.0 -9999.0 -9999.0 -9999.0 -9999.0 -9999.0 -9999.0 -9999.0 -9999.0 -9999.0 -9999.0 -9999.0 -9999.0 -9999.0
-9999.0 -9999.0 -9999.0 -9999.0 -9999.0 -9999.0 -9999.0 -9999.0 -9999.0 -9999.0 -9999.0 -9999.0 -9999.0 -9999.0 -9999.0 -9999.0 -9999.0 -9999.0 -9999.0 -9999.0 -9999.0 -9999.0 -9999.0 -9999.0 -9999.0 -9999.0 -9999.0 -9999.0 -9999.0 -9999.0 -9999.0 -9999.0 -9999.0 -9999.0 -9999.0 -9999.0 -9999.0 -9999.0 -9999.0 -9999.0 -9999.0 -9999.0 -9999.0 -9999.0 -9999.0 -9999.0 -9999.0 -9999.0 -9999.0 -9999.0 -9999.0 -9999.0 -9999.0 -9999.0 -9999.0 -9999.0 -9999.0 -9999.0 -9999.0 -9999.0 -9999.0 -9999.0 -9999.0 -9999.0 -9999.0 -9999.0 -9999.0 -9999.0 -9999.0 -9999.0 -9999.0 -9999.0 -9999.0 -9999.0 -9999.0 -9999.0 -9999.0 -9999.0 -9999.0 -9999.0