Borden_/Borden1m_014/output_maps/psiliqL0021N0025.asc
ncols         80
nrows         18
xllcorner     620200.000000
yllcorner     5168000.000000
cellsize      1.000000
NODATA_value  -9999.0
-9999.0 -9999.0 -9999.0 -9999.0 -9999.0 -9999.0 -9999.0 -9999.0 -9999.0 -9999.0 -9999.0 -9999.0 -9999.0 -9999.0 -9999.0 -9999.0 -9999.0 -9999.0 -9999.0 -9999.0 -9999.0 -9999.0 -9999.0 -9999.0 -9999.0 -9999.0 -9999.0 -9999.0 -9999.0 -9999.0 -9999.0 -9999.0 -9999.0 -9999.0 -9999.0 -9999.0 -9999.0 -9999.0 -9999.0 -9999.0 -9999.0 -9999.0 -9999.0 -9999.0 -9999.0 -9999.0 -9999.0 -9999.0 -9999.0 -9999.0 -9999.0 -9999.0 -9999.0 -9999.0 -9999.0 -9999.0 -9999.0 -9999.0 -9999.0 -9999.0 -9999.0 -9999.0 -9999.0 -9999.0 -9999.0 -9999.0 -9999.0 -9999.0 -9999.0 -9999.0 -9999.0 -9999.0 -9999.0 -9999.0 -9999.0 -9999.0 -9999.0 -9999.0 -9999.0 -9999.0
-9999.0 -9999.0 -9999.0 -9999.0 -9999.0 -9999.0 -9999.0 -9999.0 -9999.0 -9999.0 -9999.0 -9999.0 -9999.0 -9999.0 -9999.0 -9999.0 -9999.0 -9999.0 -9999.0 -9999.0 -9999.0 -9999.0 -9999.0 -9999.0 -9999.0 -9999.0 -9999.0 -9999.0 -9999.0 -9999.0 -9999.0 -9999.0 -9999.0 -9999.0 -9999.0 -9999.0 -9999.0 -9999.0 -9999.0 -9999.0 -9999.0 -9999.0 -9999.0 -9999.0 -9999.0 -9999.0 -9999.0 -9999.0 -9999.0 -9999.0 -9999.0 -9999.0 -9999.0 -9999.0 -9999.0 -9999.0 -9999.0 -9999.0 -9999.0 -9999.0 -9999.0 -9999.0 -9999.0 -9999.0 -9999.0 -9999.0 -9999.0 -9999.0 -9999.0 -9999.0 -9999.0 -9999.0 -9999.0 -9999.0 -9999.0 -9999.0 -9999.0 -9999.0 -9999.0 -9999.0
-9999.0 -9999.0 -9999.0 -9999.0 -9999.0 -9999.0 -9999.0 -9999.0 -9999.0 -9999.0 -9999.0 -9999.0 -9999.0 -9999.0 -9999.0 -9999.0 -9999.0 -9999.0 -9999.0 -9999.0 2355.119505 2357.569791 2337.073053 2304.841161 2278.652480 2282.715196 2318.473212 2361.528830 2402.540163 2413.378861 2397.079527 2402.338951 2399.442212 2397.289624 2399.431815 2407.769761 2414.535923 2425.381052 2433.828642 2433.469113 2427.905019 2423.965627 2426.313484 2428.717554 2434.266777 2420.402951 2434.265170 2448.265611 2451.112337 2445.077745 2417.661934 2401.730128 2390.513368 2372.117398 2395.102776 2404.373955 2424.500257 2426.429393 2422.568483 2394.491184 2363.630961 -9999.0 -9999.0 -9999.0 -9999.0 -9999.0 -9999.0 -9999.0 -9999.0 -9999.0 -9999.0 -9999.0 -9999.0 -9999.0 -9999.0 -9999.0 -9999.0 -9999.0 -9999.0 -9999.0
-9999.0 -9999.0 -9999.0 -9999.0 -9999.0 -9999.0 -9999.0 -9999.0 -9999.0 -9999.0 -9999.0 -9999.0 -9999.0 -9999.0 2260.282354 2252.349146 2251.228093 2260.842313 2295.479237 2326.965848 2338.978259 2332.818768 2334.343406 2312.000788 2292.200009 2307.606572 2339.402088 2372.340118 2408.481689 2429.510984 2420.854627 2420.571228 2430.349279 2453.998227 2464.975948 2462.482658 2444.442051 2469.509430 2484.766287 2492.082043 2492.106547 2484.084149 2495.043400 2509.834082 2502.427498 2485.509062 2492.914381 2504.891181 2514.110856 2501.314210 2437.983328 2420.357646 2413.754386 2405.770297 2389.621788 2382.548538 2407.322498 2404.217940 2394.225158 2374.943434 2340.641567 2295.252540 2274.943943 2312.839648 2354.711739 2409.547865 -9999.0 -9999.0 -9999.0 -9999.0 -9999.0 -9999.0 -9999.0 -9999.0 -9999.0 -9999.0 -9999.0 -9999.0 -9999.0 -9999.0
-9999.0 -9999.0 -9999.0 -9999.0 -9999.0 -9999.0 -9999.0 -9999.0 -9999.0 2197.834335 2204.207498 2212.923254 2217.279109 2234.433474 2232.650301 2241.397285 2248.764879 2278.072246 2310.164577 2346.072923 2375.066957 2368.293147 2369.490968 2377.987357 2378.471111 2390.485486 2414.003921 2455.804865 2492.322285 2532.709886 2504.169574 2502.850170 2522.901067 2567.757552 2595.458456 2599.754330 2581.784667 2595.929059 2620.972039 2640.538495 2639.884853 2636.653650 2661.249743 2675.881292 2672.150332 2650.357598 2644.685665 2647.593433 2673.125279 2620.144684 2551.900833 2506.077725 2513.988052 2487.020819 2453.501353 2435.162778 2431.869117 2449.854128 2433.885617 2395.571961 2359.264561 2345.803903 2326.386813 2343.326705 2363.806352 2407.474382 2444.872244 2471.713093 2469.005588 2450.170262 -9999.0 -9999.0 -9999.0 -9999.0 -9999.0 -9999.0 -9999.0 -9999.0 -9999.0 -9999.0
-9999.0 -9999.0 -9999.0 -9999.0 -9999.0 -9999.0 2116.603516 2127.930696 2150.103176 2154.950280 2182.723742 2190.831660 2212.875960 2233.407513 2257.386626 2274.269628 2304.080834 2337.869759 2377.913229 2420.227697 2453.083692 2446.489589 2457.629139 2483.259570 2517.627839 2543.447717 2570.018117 2611.674280 2688.761372 2731.107623 2733.128094 2738.314076 2749.119496 2799.938255 2864.284217 2875.540332 2855.029070 2841.697831 2864.661941 2902.907543 2906.023569 2907.710781 2821.099587 2830.225547 2856.692108 2848.024269 2906.146897 2895.308944 2897.688184 2875.755303 2807.932112 2745.361886 2716.482696 2663.049785 2579.122734 2528.712372 2542.260348 2562.734178 2534.542163 2480.725311 2440.599217 2429.747064 2413.664443 2400.790181 2407.601456 2425.662816 2445.498076 2454.868741 2439.483061 2416.032096 2391.976000 2361.797933 2362.546262 2386.556489 -9999.0 -9999.0 -9999.0 -9999.0 -9999.0 -9999.0
-9999.0 -9999.0 -9999.0 -9999.0 2064.737223 2078.902147 2066.839689 2094.540804 2129.048986 2165.198685 2196.931648 2233.875931 2262.006259 2293.484040 2332.519869 2362.872334 2402.410500 2437.717037 2491.704080 2559.366569 2610.052214 2631.153728 2646.067399 2704.053576 2765.880162 2818.289172 2841.024498 2870.523858 2819.336230 2874.715625 2898.245309 2902.611890 2920.102962 2960.433502 3013.000425 3016.596802 2999.378451 2991.112662 2999.388400 3012.118215 3034.246498 3034.406270 3034.491316 3037.744049 3044.188667 3043.252536 3019.512023 2987.260467 3005.650309 2995.995780 2961.451491 2890.993325 2857.623610 2830.360529 2882.837210 2827.016093 2769.594266 2759.953413 2700.288834 2639.887345 2580.884028 2562.855535 2533.784708 2509.403676 2483.222896 2486.062157 2489.170763 2466.973632 2431.646296 2397.188150 2380.545908 2360.121975 2346.978001 2376.008134 2392.202833 2421.015820 -9999.0 -9999.0 -9999.0 -9999.0
-9999.0 -9999.0 2002.941511 2050.719218 2109.420493 2118.785889 2117.652658 2124.640020 2155.071615 2208.918314 2280.674988 2326.535742 2364.846338 2400.881556 2460.863137 2533.352874 2602.220070 2649.880349 2715.787013 2789.921036 2854.003431 2885.940740 2902.018458 2840.960687 2893.866749 2959.738364 2987.179081 3012.988114 3010.166118 3043.666720 3043.052856 3054.918361 3065.728266 3074.572524 3085.911546 3090.781305 3086.601486 3082.157692 3064.345546 3059.816707 3066.430151 3072.827577 3073.124030 3058.994317 3055.076567 3069.539001 3074.568035 3073.106302 3072.036884 3077.391399 3076.073817 3031.867489 3006.783178 2992.974424 3015.614652 2970.540850 2905.173826 2869.878149 2850.554229 2899.709294 2820.655795 2772.641432 2723.479291 2678.832039 2626.875499 2600.241735 2555.345258 2512.955404 2465.125445 2417.003492 2391.675119 2372.841276 2369.048975 2366.938258 2382.100072 2395.879787 2410.190080 2417.426475 -9999.0 -9999.0
-9999.0 1895.248895 1967.417464 2092.266568 2173.062159 2216.347846 2238.427615 2253.932079 2285.067555 2319.648385 2417.634257 2488.557064 2578.292615 2620.773880 2670.788237 2770.160713 2868.997055 2823.695722 2860.749795 2920.894188 2983.598775 2999.115829 3024.279195 3014.445820 3050.536951 3072.660300 3078.330603 3083.539689 3081.341408 3073.019236 3065.704678 3072.615591 3070.308948 3051.862957 3036.475191 3034.939760 3031.655067 3009.345794 3014.142343 2999.361498 3002.126322 2994.257818 3012.677456 2992.773301 2988.665669 3008.969670 2997.395788 2987.270774 3007.380937 2990.854111 3024.118652 3046.866088 3051.455595 3069.062701 3089.920806 3062.361414 3038.426448 2997.046975 3013.651675 2988.788784 2932.692109 2876.905011 2828.472643 2860.889834 2795.981245 2732.719986 2670.041216 2606.519362 2541.068702 2498.858827 2467.224933 2417.686663 2397.849606 2399.163723 2389.609191 2385.465490 2389.784735 2395.367614 -9999.0 -9999.0
-9999.0 1805.676903 1946.580481 2128.453344 2276.340830 2328.461835 2411.210976 2482.034983 2507.464998 2469.198174 2578.417336 2802.221934 2842.309725 2857.553001 2929.672862 2992.627671 2987.945462 3016.530964 3037.749071 3055.863820 3070.581548 3081.944009 3079.591371 3073.704747 3057.856987 3050.035414 3049.672237 3047.743866 3030.966261 3012.519848 2996.040359 2993.701935 3008.539697 2962.663069 2929.573103 2912.402789 2895.344929 2880.117569 2851.865056 2827.240842 2901.808285 2824.263668 2820.901780 2894.988383 2891.430435 2821.391123 2851.065429 2848.004175 2858.467317 2878.241930 2914.815024 2952.581884 2971.726485 3000.724825 3001.728988 3046.559185 3057.572426 3079.470543 3083.119761 3069.490573 3025.560526 3009.896655 2979.913739 2924.712311 2863.698640 2876.841051 2812.149779 2749.327854 2678.927427 2632.773398 2584.833110 2526.435614 2475.400546 2457.081413 2417.640783 2398.950030 -9999.0 -9999.0 -9999.0 -9999.0
-9999.0 1713.329004 1896.735926 2144.872123 2434.158571 2526.743119 2735.669669 2815.653985 2858.295609 2923.800297 2844.225243 2997.863170 3039.514391 3032.112797 3038.736259 3040.246752 3053.486956 3053.532374 3048.585371 3038.052818 3029.087604 3024.990752 3023.760644 3015.976036 3003.623595 2989.641796 3010.714548 2999.419695 2964.083436 2932.029227 2894.376302 2881.139270 2841.065857 2839.790894 2796.695919 2756.447070 2694.525462 2690.236928 2688.950464 2658.900676 2639.599442 2612.098812 2638.234734 2648.870587 2653.163088 2651.326459 2665.556787 2696.711621 2746.613821 2785.494419 2830.654826 2884.474020 2823.088637 2862.241574 2903.506168 2956.302945 2986.564262 3015.775311 3027.978469 3064.168333 3086.084584 3073.953305 3053.045509 3011.371490 2984.469057 2933.525977 2901.185871 2847.844176 2835.375074 2782.384165 2732.684851 2678.228631 2611.411824 2542.189541 2501.693755 -9999.0 -9999.0 -9999.0 -9999.0 -9999.0
-9999.0 1508.847490 1774.501897 2050.393611 2343.573460 2684.359993 2808.310086 2911.147681 2974.446678 2949.075933 2964.247376 2975.168365 2985.757269 2991.577929 2998.569970 2987.732858 2972.567183 2971.730013 2984.664447 2958.169748 2928.885624 2915.829207 2916.120239 2904.944033 2881.535623 2866.129244 2856.680853 2839.194990 2881.830962 2828.213078 2741.905250 2705.432513 2622.973265 2576.430092 2534.595039 2484.266263 2433.859893 2434.577336 2454.828043 2442.144613 2420.082662 2401.781765 2429.911940 2450.934272 2464.631348 2451.467213 2460.546559 2496.549412 2546.777191 2591.957469 2641.713051 2698.437409 2744.673367 2791.808736 2822.060064 2870.369429 2820.227907 2862.024126 2932.011504 3007.673493 3007.774032 3040.631895 3071.313185 3091.985350 3050.334125 3022.066874 2999.003211 2995.622785 2945.818304 2900.096677 2860.393396 2798.295075 2768.197463 -9999.0 -9999.0 -9999.0 -9999.0 -9999.0 -9999.0 -9999.0
-9999.0 1390.629990 1594.909607 1802.963122 2068.456216 2304.770813 2520.132883 2623.716619 2705.728543 2766.547569 2816.053927 2855.433653 2814.062854 2834.791863 2814.010961 2852.776278 2823.457145 2828.997364 2822.737548 2800.677532 2772.019477 2757.554327 2753.800740 2746.610208 2722.247543 2707.974909 2696.739887 2671.891094 2642.166549 2585.880763 2508.382528 2432.206849 2374.141453 2347.699785 2320.373934 2289.530420 2258.038541 2268.501246 2279.382028 2277.520824 2268.794751 2267.258045 2296.134926 2315.390190 2325.627204 2315.330744 2335.170109 2361.343431 2402.318213 2446.648137 2496.137816 2550.694333 2604.711669 2632.774736 2644.290089 2666.093157 2704.218595 2757.830866 2843.527268 2837.053459 2911.421073 2957.215226 3006.655577 3010.408442 3035.878538 3064.087977 3082.179890 3071.452821 3045.386484 3013.971913 2971.992906 -9999.0 -9999.0 -9999.0 -9999.0 -9999.0 -9999.0 -9999.0 -9999.0 -9999.0
-9999.0 -9999.0 1366.034832 1529.448424 1644.766961 1815.309106 1962.232506 2072.551286 2170.762695 2303.070927 2420.163107 2512.196178 2558.200654 2576.612502 2564.876096 2537.829912 2520.174568 2520.629911 2509.958548 2501.664996 2484.490361 2477.239286 2463.841730 2454.902426 2446.809571 2442.422105 2437.166224 2426.607581 2405.919166 2360.336199 2316.444358 2267.665771 2216.493790 2191.841638 2170.845912 2150.817393 2151.602161 2146.319838 2151.087113 2152.937121 2161.004551 2174.276858 2193.937064 2216.597431 2226.730956 2236.956349 2249.501892 2273.272798 2306.133154 2348.648963 2403.127212 2462.280125 2503.058523 2516.018482 2505.605187 2509.049094 2526.184059 2566.188446 2642.501198 2724.781963 2822.903502 2896.047237 2864.035093 2917.861460 2942.941986 2975.525015 3012.605891 3057.545844 3091.412830 3070.702107 -9999.0 -9999.0 -9999.0 -9999.0 -9999.0 -9999.0 -9999.0 -9999.0 -9999.0 -9999.0
-9999.0 -9999.0 -9999.0 -9999.0 1389.859946 1540.614908 1638.399321 1720.241180 1852.727264 1979.599312 2084.096059 2170.403290 2237.047914 2264.991225 2265.066832 2277.768019 2276.009321 2268.791766 2258.706859 2260.784468 2262.635408 2255.529519 2239.632908 2232.308274 2234.028067 2239.626909 2236.573063 2222.528875 2203.757051 2184.707063 2167.426563 2134.395639 2099.951840 2071.173500 2058.196293 2053.484347 2053.066224 2045.288611 2053.478247 2061.420220 2076.842297 2091.906388 2115.466646 2144.790591 2159.295997 2174.467463 2184.233773 2204.498081 2235.243521 2288.996861 2353.051775 2411.695004 2449.274265 2454.474202 2430.833213 2415.309270 2410.808617 2437.553291 2480.229313 2543.777408 2644.211410 2718.511998 2772.969358 2816.817534 2851.190524 2820.612366 2904.022220 2976.119817 -9999.0 -9999.0 -9999.0 -9999.0 -9999.0 -9999.0 -9999.0 -9999.0 -9999.0 -9999.0 -9999.0 -9999.0
-9999.0 -9999.0 -9999.0 -9999.0 -9999.0 -9999.0 1358.939276 1463.059086 1536.998070 1683.582344 1822.474594 1927.823270 2010.607205 2045.485030 2076.862930 2106.449380 2106.554122 2087.657506 2067.396668 2087.769594 2104.303401 2097.998688 2066.687312 2066.918002 2072.396524 2079.869019 2076.919272 2070.228198 2044.926595 2058.652731 2060.869330 2037.691082 2011.884189 1998.485841 1986.625528 1996.172029 1996.108368 1981.853012 1981.340735 2008.550032 2029.109963 2042.022598 2063.383740 2096.632939 2129.259089 2145.071118 2146.686953 2152.670526 2191.664988 2262.007834 2334.640859 2391.257700 2424.957483 2433.910617 2408.298858 2368.863708 2349.139112 2356.220887 2390.213306 2440.872212 2515.460574 2563.176029 2585.865191 2595.841902 2611.996096 2706.099562 -9999.0 -9999.0 -9999.0 -9999.0 -9999.0 -9999.0 -9999.0 -9999.0 -9999.0 -9999.0 -9999.0 -9999.0 -9999.0 -9999.0
-9999.0 -9999.0 -9999.0 -9999.0 -9999.0 -9999.0 -9999.0 -9999.0 -9999.0 -9999.0 -9999.0 -9999.0 -9999.0 -9999.0 -9999.0 -9999.0 -9999.0 -9999.0 -9999.0 -9999.0 -9999.0 -9999.0 -9999.0 -9999.0 -9999.0 -9999.0 -9999.0 -9999.0 -9999.0 -9999.0 -9999.0 -9999.0 -9999.0 -9999.0 -9999.0 -9999.0 -9999.0 -9999.0 -9999.0 -9999.0 -9999.0 -9999.0 -9999.0 -9999.0 -9999.0 -9999.0 -9999.0 -9999.0 -9999.0 -9999.0 -9999.0 -9999.0 -9999.0 -9999.0 -9999.0 -9999.0 -9999.0 -9999.0 -9999.0 -9999.0 -9999.0 -9999.0 -9999.0 -9999.0 -9999.0 -9999.0 -9999.0 -9999.0 -9999.0 -9999.0 -9999.0 -9999.0 -9999.0 -9999.0 -9999.0 -9999.0 -9999.0 -9999.0 -9999.0 -9999.0
-9999.0 -9999.0 -9999.0 -9999.0 -9999.0 -9999.0 -9999.0 -9999.0 -9999.0 -9999.0 -9999.0 -9999.0 -9999.0 -9999.0 -9999.0 -9999.0 -9999.0 -9999.0 -9999.0 -9999.0 -9999.0 -9999.0 -9999.0 -9999.0 -9999.0 -9999.0 -9999.0 -9999.0 -9999.0 -9999.0 -9999.0 -9999.0 -9999.0 -9999.0 -9999.0 -9999.0 -9999.0 -9999.0 -9999.0 -9999.0 -9999.0 -9999.0 -9999.0 -9999.0 -9999.0 -9999.0 -9999.0 -9999.0 -9999.0 -9999.0 -9999.0 -9999.0 -9999.0 -9999.0 -9999.0 -9999.0 -9999.0 -9999.0 -9999.0 -9999.0 -9999.0 -9999.0 -9999.0 -9999.0 -9999.0 -9999.0 -9999.0 -9999.0 -9999.0 -9999.0 -9999.0 -9999.0 -9999.0 -9999.0 -9999.0 -9999.0 -9999.0 -9999.0 -9999.0 -9999.0