Borden_/Borden1m_014/output_maps/psiliqL0002N0022.asc
ncols         80
nrows         18
xllcorner     620200.000000
yllcorner     5168000.000000
cellsize      1.000000
NODATA_value  -9999.0
-9999.0 -9999.0 -9999.0 -9999.0 -9999.0 -9999.0 -9999.0 -9999.0 -9999.0 -9999.0 -9999.0 -9999.0 -9999.0 -9999.0 -9999.0 -9999.0 -9999.0 -9999.0 -9999.0 -9999.0 -9999.0 -9999.0 -9999.0 -9999.0 -9999.0 -9999.0 -9999.0 -9999.0 -9999.0 -9999.0 -9999.0 -9999.0 -9999.0 -9999.0 -9999.0 -9999.0 -9999.0 -9999.0 -9999.0 -9999.0 -9999.0 -9999.0 -9999.0 -9999.0 -9999.0 -9999.0 -9999.0 -9999.0 -9999.0 -9999.0 -9999.0 -9999.0 -9999.0 -9999.0 -9999.0 -9999.0 -9999.0 -9999.0 -9999.0 -9999.0 -9999.0 -9999.0 -9999.0 -9999.0 -9999.0 -9999.0 -9999.0 -9999.0 -9999.0 -9999.0 -9999.0 -9999.0 -9999.0 -9999.0 -9999.0 -9999.0 -9999.0 -9999.0 -9999.0 -9999.0
-9999.0 -9999.0 -9999.0 -9999.0 -9999.0 -9999.0 -9999.0 -9999.0 -9999.0 -9999.0 -9999.0 -9999.0 -9999.0 -9999.0 -9999.0 -9999.0 -9999.0 -9999.0 -9999.0 -9999.0 -9999.0 -9999.0 -9999.0 -9999.0 -9999.0 -9999.0 -9999.0 -9999.0 -9999.0 -9999.0 -9999.0 -9999.0 -9999.0 -9999.0 -9999.0 -9999.0 -9999.0 -9999.0 -9999.0 -9999.0 -9999.0 -9999.0 -9999.0 -9999.0 -9999.0 -9999.0 -9999.0 -9999.0 -9999.0 -9999.0 -9999.0 -9999.0 -9999.0 -9999.0 -9999.0 -9999.0 -9999.0 -9999.0 -9999.0 -9999.0 -9999.0 -9999.0 -9999.0 -9999.0 -9999.0 -9999.0 -9999.0 -9999.0 -9999.0 -9999.0 -9999.0 -9999.0 -9999.0 -9999.0 -9999.0 -9999.0 -9999.0 -9999.0 -9999.0 -9999.0
-9999.0 -9999.0 -9999.0 -9999.0 -9999.0 -9999.0 -9999.0 -9999.0 -9999.0 -9999.0 -9999.0 -9999.0 -9999.0 -9999.0 -9999.0 -9999.0 -9999.0 -9999.0 -9999.0 -9999.0 -551.128520 -550.160129 -552.122652 -554.318887 -556.197461 -556.464465 -554.382954 -552.026386 -549.288381 -548.780877 -551.087906 -550.483397 -551.412189 -551.966596 -552.043768 -551.406899 -551.089953 -550.219413 -549.681883 -549.975579 -550.666305 -551.138717 -551.615275 -551.495496 -550.689567 -551.770042 -550.206406 -548.702379 -548.194623 -548.144201 -550.114058 -550.892244 -551.163463 -552.974695 -549.708588 -548.816768 -546.476374 -546.281501 -545.792016 -548.417153 -550.987475 -9999.0 -9999.0 -9999.0 -9999.0 -9999.0 -9999.0 -9999.0 -9999.0 -9999.0 -9999.0 -9999.0 -9999.0 -9999.0 -9999.0 -9999.0 -9999.0 -9999.0 -9999.0 -9999.0
-9999.0 -9999.0 -9999.0 -9999.0 -9999.0 -9999.0 -9999.0 -9999.0 -9999.0 -9999.0 -9999.0 -9999.0 -9999.0 -9999.0 -554.453195 -555.557510 -556.081417 -556.472529 -554.605029 -553.187891 -553.230069 -554.381263 -553.387256 -555.562305 -557.500534 -556.336488 -554.758927 -553.547758 -551.424904 -549.757485 -551.357738 -551.753293 -550.922626 -547.880466 -546.572473 -547.242737 -550.909322 -547.481502 -545.812743 -544.728009 -544.873194 -546.553606 -544.265220 -541.580480 -542.990464 -545.827419 -545.208843 -543.645097 -541.012875 -542.261004 -551.055323 -551.810611 -551.294640 -551.034949 -552.209630 -553.088450 -549.807162 -550.326863 -550.824892 -551.279473 -553.051548 -556.036647 -557.396608 -554.224543 -551.518561 -545.772007 -9999.0 -9999.0 -9999.0 -9999.0 -9999.0 -9999.0 -9999.0 -9999.0 -9999.0 -9999.0 -9999.0 -9999.0 -9999.0 -9999.0
-9999.0 -9999.0 -9999.0 -9999.0 -9999.0 -9999.0 -9999.0 -9999.0 -9999.0 -556.065710 -556.406183 -556.120996 -556.898746 -555.965414 -557.663429 -557.305192 -557.654948 -556.384657 -555.436112 -553.703004 -551.271147 -553.154809 -553.411267 -552.111242 -551.997152 -551.570836 -550.591080 -546.635991 -542.134994 -534.703582 -541.209405 -541.488073 -538.034186 -524.492320 -512.149810 -508.525165 -514.903670 -514.981196 -506.971146 -497.170348 -497.539512 -498.527870 -487.716434 -481.137574 -476.135002 -486.471453 -496.024073 -497.566585 -484.140222 -506.328867 -524.606624 -539.409657 -538.362238 -543.053876 -548.080606 -549.860407 -550.617430 -546.847497 -548.211432 -551.495223 -554.141257 -553.130666 -554.679588 -553.168956 -552.227268 -547.902142 -544.014530 -540.143398 -539.953163 -542.449919 -9999.0 -9999.0 -9999.0 -9999.0 -9999.0 -9999.0 -9999.0 -9999.0 -9999.0 -9999.0
-9999.0 -9999.0 -9999.0 -9999.0 -9999.0 -9999.0 -557.773956 -557.948391 -557.375792 -559.483711 -558.128822 -559.186640 -558.212908 -557.847026 -557.257731 -557.337509 -555.742234 -554.395323 -552.040038 -548.844052 -545.800870 -547.590439 -546.830214 -542.376776 -532.804179 -523.582696 -517.944920 -507.671151 -470.614888 -421.861800 -392.647819 -375.098352 -346.240899 -324.277497 -281.962096 -206.937826 -286.088303 -303.032928 -292.102495 -258.831652 -172.066331 -171.111788 -165.935553 -159.108421 -133.321996 -138.167561 -254.432726 -279.017648 -284.900503 -289.970636 -318.660390 -351.491791 -437.392989 -481.592014 -512.959662 -528.524026 -531.502488 -529.462162 -535.554794 -543.503123 -548.071692 -547.955519 -548.790215 -550.518828 -549.692295 -547.981270 -545.262036 -543.516258 -544.819342 -546.540320 -547.746945 -550.619273 -550.137945 -547.337412 -9999.0 -9999.0 -9999.0 -9999.0 -9999.0 -9999.0
-9999.0 -9999.0 -9999.0 -9999.0 -560.815255 -559.899559 -562.721863 -561.190066 -560.056529 -559.248069 -559.399005 -557.914504 -557.614167 -556.603700 -554.338936 -552.661976 -549.465398 -547.118318 -540.081437 -523.914583 -507.734052 -497.660064 -492.082696 -440.404555 -345.754833 -315.731063 -306.768435 -291.051674 -251.494056 -126.329604 -130.339111 -94.164622 -108.514763 -53.110400 -12.426954 19.563644 0.737190 -3.791784 -3.229818 4.407232 27.562903 28.083992 29.033924 28.999440 31.001412 32.842190 13.514092 -16.607771 -26.810311 -35.578447 -50.380840 -111.271286 -218.824080 -257.992733 -277.203052 -304.460473 -342.862776 -372.684771 -463.636269 -495.544294 -519.134997 -527.465543 -535.065246 -538.634915 -543.474875 -542.535508 -541.114501 -543.532129 -546.596343 -549.473066 -549.709350 -550.938583 -552.434982 -548.772077 -547.580337 -543.645341 -9999.0 -9999.0 -9999.0 -9999.0
-9999.0 -9999.0 -560.827457 -560.882295 -558.465232 -560.103016 -561.069453 -562.459529 -562.011042 -559.749179 -555.469746 -553.841855 -551.034972 -549.609818 -542.711851 -523.730417 -500.431263 -479.691247 -408.535563 -336.661761 -301.663967 -271.305545 -183.434949 -148.055270 -102.306372 -91.746090 -34.923399 -50.740734 7.450217 32.744760 57.529521 73.546111 80.172981 71.462687 72.768361 69.768966 67.383086 64.852085 47.412293 45.591700 53.074423 54.258777 58.709054 45.857879 42.216364 54.691826 56.429670 56.837088 60.234371 66.416795 79.331072 49.449462 -2.562237 -13.870181 -14.595037 -53.271203 -111.078196 -208.547051 -241.985798 -276.455955 -324.967189 -353.193175 -442.476659 -488.656248 -512.053400 -522.671967 -532.692703 -538.654155 -543.966819 -548.844844 -550.224420 -551.010530 -550.238962 -550.816061 -548.882658 -547.475497 -545.286312 -544.491889 -9999.0 -9999.0
-9999.0 -561.404710 -562.410460 -558.152800 -557.705005 -557.008579 -556.029111 -555.191880 -554.128721 -555.970428 -544.268995 -520.190874 -493.464340 -482.855945 -427.560289 -323.555237 -182.046235 -151.650591 -122.455628 -118.065642 -37.166502 -2.769720 23.417095 55.438654 80.480793 72.567834 71.942437 68.454662 61.291849 54.103370 43.248907 51.348655 49.631838 35.417984 24.097876 23.194649 21.190621 -1.544900 -27.827124 -39.178605 -33.493366 -13.700404 -22.641037 -43.188362 -46.888481 -27.440777 -12.695648 -21.288563 -31.870785 -18.999486 13.834766 28.923446 45.485189 58.242535 80.010905 56.801920 24.821135 -9.951363 -57.557952 -47.541773 -150.846615 -213.032454 -265.097457 -313.588363 -349.871323 -447.667322 -496.205427 -517.593416 -532.552616 -537.853097 -541.051101 -547.859786 -549.491295 -547.906026 -548.797528 -548.892921 -548.038402 -547.386820 -9999.0 -9999.0
-9999.0 -565.598291 -561.653176 -557.311586 -551.956707 -551.643718 -531.224277 -511.316546 -504.815768 -515.589263 -459.938678 -176.678190 -115.088958 -115.474764 -63.725886 2.755096 42.888252 64.074341 79.600594 67.180088 63.786851 64.178989 59.587087 51.811244 37.837185 30.723426 30.312930 28.594749 12.938678 -3.371993 -19.339154 -51.528263 -33.081418 -64.828942 -93.176832 -105.084479 -116.110300 -198.603518 -243.883933 -270.766052 -281.197186 -263.924927 -272.916964 -287.331177 -290.299482 -271.985274 -241.906850 -245.754445 -236.214155 -209.965951 -165.879080 -82.516049 -63.482266 -67.701948 -6.066053 29.344785 47.428809 67.617284 72.852937 48.910366 12.847951 -32.064398 -58.344806 -163.695238 -232.340881 -299.663829 -334.440294 -362.906735 -464.989895 -494.667807 -514.088009 -529.600645 -539.960890 -542.010322 -546.929784 -547.510602 -9999.0 -9999.0 -9999.0 -9999.0
-9999.0 -565.706509 -561.859746 -553.425336 -532.157912 -496.377170 -345.069332 -243.446743 -67.536083 -128.468426 -6.664768 63.360724 72.072627 54.685719 28.657613 25.120879 34.434020 36.344229 32.490251 23.509087 15.063456 -15.402290 8.721490 2.104078 -9.984404 -23.752196 -34.465617 -44.441616 -132.055185 -166.919702 -194.243828 -213.667924 -247.832758 -310.881326 -330.448038 -346.307673 -432.832635 -447.989107 -461.738675 -482.981181 -491.415592 -496.818628 -489.441904 -491.436615 -492.183843 -487.678529 -475.219046 -463.907728 -407.460666 -350.085516 -328.434067 -297.470050 -270.606720 -226.513800 -176.397054 -76.418759 -50.077017 -24.013820 -10.502631 49.856812 70.861849 62.431803 34.969680 2.068175 -54.305306 -163.454489 -207.445718 -260.289723 -310.373202 -338.440900 -359.838957 -446.490756 -498.448070 -526.918535 -533.955645 -9999.0 -9999.0 -9999.0 -9999.0 -9999.0
-9999.0 -571.419410 -561.504992 -554.640885 -515.639061 -336.137533 -261.909601 5.913746 57.017315 -10.834426 -129.465004 -48.179518 -14.919359 -15.703706 -39.532995 -47.958410 -54.291435 -55.216192 -42.385028 -68.840050 -144.451299 -162.549932 -164.653384 -179.039027 -205.498702 -227.080133 -242.496236 -261.620911 -301.427959 -326.766929 -369.243768 -421.122202 -486.723780 -512.566796 -524.840083 -535.328923 -544.579497 -544.315147 -541.374849 -543.853011 -546.471528 -549.292371 -545.919914 -544.402995 -542.900317 -544.806612 -544.368345 -539.766439 -531.872693 -522.554392 -507.122502 -483.735708 -444.796181 -353.490364 -334.265160 -303.558995 -269.709274 -221.790481 -149.097850 -30.315341 -3.384914 24.770934 60.110606 79.641005 41.254129 6.341450 -44.034873 -80.036657 -199.751031 -256.820838 -282.116899 -309.484743 -340.327153 -9999.0 -9999.0 -9999.0 -9999.0 -9999.0 -9999.0 -9999.0
-9999.0 -574.696080 -563.862317 -562.344738 -549.797296 -520.274344 -458.217513 -331.782376 -178.382713 -300.006430 -310.874100 -295.570972 -276.123968 -259.385856 -277.423947 -299.320857 -313.249733 -310.014963 -308.122237 -321.007082 -335.417074 -342.214068 -343.438102 -355.160548 -408.820005 -437.706696 -451.442837 -471.358119 -491.892550 -511.413314 -533.930632 -543.475937 -549.852702 -551.904057 -553.420804 -555.044049 -558.347172 -556.456477 -555.040796 -555.395519 -556.447115 -557.274806 -554.806362 -554.001838 -553.231127 -555.562562 -553.999391 -552.684267 -549.590429 -546.406076 -541.699983 -534.424484 -524.430913 -516.507447 -509.644688 -496.812182 -472.880231 -381.582547 -321.160478 -244.999932 -171.943700 -81.135666 -34.442504 -0.638178 18.935767 28.138413 36.624736 18.324888 -37.642430 -175.310223 -219.978659 -9999.0 -9999.0 -9999.0 -9999.0 -9999.0 -9999.0 -9999.0 -9999.0 -9999.0
-9999.0 -9999.0 -576.903973 -572.450269 -568.525818 -564.654474 -559.117546 -551.359054 -545.644101 -537.441705 -524.884701 -509.482363 -498.458515 -492.899439 -500.372795 -514.151333 -521.476354 -520.876758 -522.775577 -526.537106 -533.121596 -535.679953 -537.309083 -538.579526 -541.121870 -542.144141 -542.545821 -543.405264 -545.329272 -549.696057 -553.393915 -555.842701 -558.620306 -558.385562 -558.787182 -559.766756 -558.886790 -559.099261 -558.835329 -558.996460 -558.773040 -558.327201 -557.813439 -557.081457 -557.085816 -556.886635 -556.649583 -555.865036 -554.661227 -553.076265 -549.840959 -544.919583 -541.057256 -540.129265 -542.242635 -541.578648 -538.682511 -531.448754 -504.437286 -438.996766 -338.834376 -291.972278 -224.357631 -169.574852 -114.758068 -85.057493 -28.315096 16.341166 10.221876 -88.290950 -9999.0 -9999.0 -9999.0 -9999.0 -9999.0 -9999.0 -9999.0 -9999.0 -9999.0 -9999.0
-9999.0 -9999.0 -9999.0 -9999.0 -578.707127 -572.513924 -566.851357 -567.472823 -563.456076 -561.141056 -559.000250 -556.359734 -554.172363 -552.679727 -554.648311 -555.069981 -555.430354 -555.096601 -555.479615 -555.989012 -556.222679 -556.519789 -556.786992 -557.223133 -557.034726 -556.604623 -556.472340 -557.209595 -557.141111 -558.551025 -558.661903 -559.427301 -560.178852 -561.099220 -560.863422 -560.960869 -560.521764 -560.980637 -560.281842 -560.732506 -560.226774 -560.022931 -559.426157 -558.428174 -558.886188 -558.308464 -558.313210 -557.566512 -557.369351 -555.403942 -552.122350 -548.227088 -545.526655 -545.675540 -549.226906 -550.622847 -551.478729 -549.289201 -545.502083 -536.820911 -510.971568 -477.956122 -379.190495 -334.851247 -313.680078 -278.302802 -209.663107 -110.622488 -9999.0 -9999.0 -9999.0 -9999.0 -9999.0 -9999.0 -9999.0 -9999.0 -9999.0 -9999.0 -9999.0 -9999.0
-9999.0 -9999.0 -9999.0 -9999.0 -9999.0 -9999.0 -576.054255 -572.991664 -573.902926 -571.696820 -569.775761 -568.280892 -565.892517 -566.299912 -565.631166 -563.679932 -563.961305 -564.867936 -566.022914 -564.291706 -563.557240 -563.359727 -565.243293 -564.694976 -564.507861 -563.776524 -563.852052 -563.509283 -565.127065 -563.177261 -562.232537 -562.556139 -562.863485 -562.467910 -562.876266 -561.648671 -561.502739 -562.477228 -562.769617 -561.388701 -561.025965 -561.262837 -561.034638 -560.137253 -558.790035 -558.622395 -559.277436 -560.204150 -558.872476 -555.764375 -552.269525 -549.142977 -547.057864 -546.307465 -549.226674 -553.140547 -555.075727 -555.385064 -553.866861 -550.903795 -543.283378 -537.746227 -532.898990 -525.455990 -517.247154 -473.099619 -9999.0 -9999.0 -9999.0 -9999.0 -9999.0 -9999.0 -9999.0 -9999.0 -9999.0 -9999.0 -9999.0 -9999.0 -9999.0 -9999.0
-9999.0 -9999.0 -9999.0 -9999.0 -9999.0 -9999.0 -9999.0 -9999.0 -9999.0 -9999.0 -9999.0 -9999.0 -9999.0 -9999.0 -9999.0 -9999.0 -9999.0 -9999.0 -9999.0 -9999.0 -9999.0 -9999.0 -9999.0 -9999.0 -9999.0 -9999.0 -9999.0 -9999.0 -9999.0 -9999.0 -9999.0 -9999.0 -9999.0 -9999.0 -9999.0 -9999.0 -9999.0 -9999.0 -9999.0 -9999.0 -9999.0 -9999.0 -9999.0 -9999.0 -9999.0 -9999.0 -9999.0 -9999.0 -9999.0 -9999.0 -9999.0 -9999.0 -9999.0 -9999.0 -9999.0 -9999.0 -9999.0 -9999.0 -9999.0 -9999.0 -9999.0 -9999.0 -9999.0 -9999.0 -9999.0 -9999.0 -9999.0 -9999.0 -9999.0 -9999.0 -9999.0 -9999.0 -9999.0 -9999.0 -9999.0 -9999.0 -9999.0 -9999.0 -9999.0 -9999.0
-9999.0 -9999.0 -9999.0 -9999.0 -9999.0 -9999.0 -9999.0 -9999.0 -9999.0 -9999.0 -9999.0 -9999.0 -9999.0 -9999.0 -9999.0 -9999.0 -9999.0 -9999.0 -9999.0 -9999.0 -9999.0 -9999.0 -9999.0 -9999.0 -9999.0 -9999.0 -9999.0 -9999.0 -9999.0 -9999.0 -9999.0 -9999.0 -9999.0 -9999.0 -9999.0 -9999.0 -9999.0 -9999.0 -9999.0 -9999.0 -9999.0 -9999.0 -9999.0 -9999.0 -9999.0 -9999.0 -9999.0 -9999.0 -9999.0 -9999.0 -9999.0 -9999.0 -9999.0 -9999.0 -9999.0 -9999.0 -9999.0 -9999.0 -9999.0 -9999.0 -9999.0 -9999.0 -9999.0 -9999.0 -9999.0 -9999.0 -9999.0 -9999.0 -9999.0 -9999.0 -9999.0 -9999.0 -9999.0 -9999.0 -9999.0 -9999.0 -9999.0 -9999.0 -9999.0 -9999.0