Borden_/Borden1m_014/output_maps/thetaliqL0007N0009.asc
ncols         80
nrows         18
xllcorner     620200.000000
yllcorner     5168000.000000
cellsize      1.000000
NODATA_value  -9999.0
-9999.0 -9999.0 -9999.0 -9999.0 -9999.0 -9999.0 -9999.0 -9999.0 -9999.0 -9999.0 -9999.0 -9999.0 -9999.0 -9999.0 -9999.0 -9999.0 -9999.0 -9999.0 -9999.0 -9999.0 -9999.0 -9999.0 -9999.0 -9999.0 -9999.0 -9999.0 -9999.0 -9999.0 -9999.0 -9999.0 -9999.0 -9999.0 -9999.0 -9999.0 -9999.0 -9999.0 -9999.0 -9999.0 -9999.0 -9999.0 -9999.0 -9999.0 -9999.0 -9999.0 -9999.0 -9999.0 -9999.0 -9999.0 -9999.0 -9999.0 -9999.0 -9999.0 -9999.0 -9999.0 -9999.0 -9999.0 -9999.0 -9999.0 -9999.0 -9999.0 -9999.0 -9999.0 -9999.0 -9999.0 -9999.0 -9999.0 -9999.0 -9999.0 -9999.0 -9999.0 -9999.0 -9999.0 -9999.0 -9999.0 -9999.0 -9999.0 -9999.0 -9999.0 -9999.0 -9999.0
-9999.0 -9999.0 -9999.0 -9999.0 -9999.0 -9999.0 -9999.0 -9999.0 -9999.0 -9999.0 -9999.0 -9999.0 -9999.0 -9999.0 -9999.0 -9999.0 -9999.0 -9999.0 -9999.0 -9999.0 -9999.0 -9999.0 -9999.0 -9999.0 -9999.0 -9999.0 -9999.0 -9999.0 -9999.0 -9999.0 -9999.0 -9999.0 -9999.0 -9999.0 -9999.0 -9999.0 -9999.0 -9999.0 -9999.0 -9999.0 -9999.0 -9999.0 -9999.0 -9999.0 -9999.0 -9999.0 -9999.0 -9999.0 -9999.0 -9999.0 -9999.0 -9999.0 -9999.0 -9999.0 -9999.0 -9999.0 -9999.0 -9999.0 -9999.0 -9999.0 -9999.0 -9999.0 -9999.0 -9999.0 -9999.0 -9999.0 -9999.0 -9999.0 -9999.0 -9999.0 -9999.0 -9999.0 -9999.0 -9999.0 -9999.0 -9999.0 -9999.0 -9999.0 -9999.0 -9999.0
-9999.0 -9999.0 -9999.0 -9999.0 -9999.0 -9999.0 -9999.0 -9999.0 -9999.0 -9999.0 -9999.0 -9999.0 -9999.0 -9999.0 -9999.0 -9999.0 -9999.0 -9999.0 -9999.0 -9999.0 0.279375 0.281684 0.263473 0.235741 0.213163 0.214219 0.241407 0.273894 0.301608 0.308495 0.295744 0.296403 0.292358 0.292099 0.294146 0.298213 0.299862 0.307711 0.313157 0.312946 0.308885 0.304945 0.303847 0.306256 0.309560 0.303886 0.312859 0.322270 0.326046 0.323379 0.306695 0.295986 0.290513 0.280077 0.298693 0.307770 0.322390 0.325118 0.324751 0.308483 0.287324 -9999.0 -9999.0 -9999.0 -9999.0 -9999.0 -9999.0 -9999.0 -9999.0 -9999.0 -9999.0 -9999.0 -9999.0 -9999.0 -9999.0 -9999.0 -9999.0 -9999.0 -9999.0 -9999.0
-9999.0 -9999.0 -9999.0 -9999.0 -9999.0 -9999.0 -9999.0 -9999.0 -9999.0 -9999.0 -9999.0 -9999.0 -9999.0 -9999.0 0.208757 0.200947 0.198408 0.204242 0.229795 0.253491 0.263560 0.257101 0.256665 0.237217 0.220855 0.231461 0.254396 0.278676 0.303168 0.316195 0.307651 0.305493 0.312219 0.328367 0.335709 0.334336 0.322893 0.334727 0.341981 0.345771 0.345371 0.341893 0.347561 0.352852 0.350821 0.344650 0.345888 0.349949 0.354357 0.349888 0.320312 0.307353 0.305982 0.302129 0.293356 0.288993 0.307002 0.308171 0.303083 0.290761 0.266336 0.231179 0.217651 0.248625 0.284420 0.323797 -9999.0 -9999.0 -9999.0 -9999.0 -9999.0 -9999.0 -9999.0 -9999.0 -9999.0 -9999.0 -9999.0 -9999.0 -9999.0 -9999.0
-9999.0 -9999.0 -9999.0 -9999.0 -9999.0 -9999.0 -9999.0 -9999.0 -9999.0 0.170881 0.172783 0.176906 0.177649 0.187576 0.186200 0.190516 0.195704 0.214241 0.238010 0.265668 0.287651 0.279374 0.279018 0.287911 0.292742 0.301440 0.314594 0.336329 0.352133 0.361591 0.355540 0.354914 0.359427 0.366576 0.369055 0.369372 0.368902 0.368996 0.369571 0.369834 0.369827 0.369812 0.369933 0.369965 0.369975 0.369936 0.369863 0.369849 0.369950 0.369545 0.366380 0.357793 0.358074 0.349659 0.332779 0.320665 0.319207 0.331934 0.324295 0.301163 0.274532 0.267891 0.255300 0.268874 0.287107 0.319646 0.339651 0.350515 0.350842 0.345118 -9999.0 -9999.0 -9999.0 -9999.0 -9999.0 -9999.0 -9999.0 -9999.0 -9999.0 -9999.0
-9999.0 -9999.0 -9999.0 -9999.0 -9999.0 -9999.0 0.132251 0.135591 0.143962 0.146431 0.158409 0.162234 0.173914 0.185915 0.199478 0.211402 0.234835 0.260096 0.291582 0.320455 0.337029 0.334746 0.339020 0.351575 0.361788 0.366165 0.368182 0.369500 0.369983 0.369999 0.370000 0.370000 0.370000 0.370000 0.370000 0.370000 0.370000 0.370000 0.370000 0.370000 0.370000 0.370000 0.370000 0.370000 0.370000 0.370000 0.370000 0.370000 0.370000 0.370000 0.370000 0.370000 0.369998 0.369960 0.369076 0.364873 0.363976 0.365644 0.361677 0.348576 0.330674 0.325544 0.317721 0.309345 0.313451 0.325622 0.337898 0.343150 0.338417 0.328958 0.316172 0.297383 0.298946 0.316149 -9999.0 -9999.0 -9999.0 -9999.0 -9999.0 -9999.0
-9999.0 -9999.0 -9999.0 -9999.0 0.115568 0.119137 0.115559 0.122608 0.134061 0.148390 0.165156 0.187988 0.206384 0.228236 0.260922 0.289909 0.318638 0.336520 0.355794 0.366722 0.369401 0.369798 0.369892 0.369997 0.370000 0.370000 0.370000 0.370000 0.370000 0.370000 0.370000 0.370000 0.370000 0.370000 0.370000 0.370000 0.370000 0.370000 0.370000 0.370000 0.370000 0.370000 0.370000 0.370000 0.370000 0.370000 0.370000 0.370000 0.370000 0.370000 0.370000 0.370000 0.370000 0.370000 0.370000 0.370000 0.370000 0.370000 0.369992 0.369839 0.368135 0.366178 0.362300 0.357457 0.349262 0.349948 0.351326 0.345197 0.332694 0.315624 0.306673 0.294251 0.287382 0.309002 0.320393 0.336872 -9999.0 -9999.0 -9999.0 -9999.0
-9999.0 -9999.0 0.101728 0.113488 0.131652 0.134766 0.135457 0.137066 0.148696 0.176103 0.232136 0.273343 0.305703 0.323648 0.349818 0.366272 0.369636 0.369955 0.369999 0.370000 0.370000 0.370000 0.370000 0.370000 0.370000 0.370000 0.370000 0.370000 0.370000 0.370000 0.370000 0.370000 0.370000 0.370000 0.370000 0.370000 0.370000 0.370000 0.370000 0.370000 0.370000 0.370000 0.370000 0.370000 0.370000 0.370000 0.370000 0.370000 0.370000 0.370000 0.370000 0.370000 0.370000 0.370000 0.370000 0.370000 0.370000 0.370000 0.370000 0.370000 0.370000 0.370000 0.369997 0.369917 0.369224 0.368034 0.364339 0.357953 0.345513 0.325742 0.312862 0.301463 0.300771 0.301982 0.313193 0.323042 0.331589 0.335513 -9999.0 -9999.0
-9999.0 0.087184 0.097062 0.130575 0.168195 0.196635 0.226404 0.248765 0.266632 0.276192 0.342100 0.366814 0.369787 0.369936 0.369998 0.370000 0.370000 0.370000 0.370000 0.370000 0.370000 0.370000 0.370000 0.370000 0.370000 0.370000 0.370000 0.370000 0.370000 0.370000 0.370000 0.370000 0.370000 0.370000 0.370000 0.370000 0.370000 0.370000 0.370000 0.370000 0.370000 0.370000 0.370000 0.370000 0.370000 0.370000 0.370000 0.370000 0.370000 0.370000 0.370000 0.370000 0.370000 0.370000 0.370000 0.370000 0.370000 0.370000 0.370000 0.370000 0.370000 0.370000 0.370000 0.370000 0.370000 0.369996 0.369826 0.368837 0.364669 0.358881 0.351621 0.331591 0.319718 0.321607 0.316737 0.315727 0.320155 0.324045 -9999.0 -9999.0
-9999.0 0.081069 0.097284 0.157856 0.261432 0.305786 0.357996 0.368402 0.369241 0.368541 0.369984 0.370000 0.370000 0.370000 0.370000 0.370000 0.370000 0.370000 0.370000 0.370000 0.370000 0.370000 0.370000 0.370000 0.370000 0.370000 0.370000 0.370000 0.370000 0.370000 0.370000 0.370000 0.370000 0.370000 0.370000 0.370000 0.370000 0.370000 0.370000 0.370000 0.370000 0.370000 0.370000 0.370000 0.370000 0.370000 0.370000 0.370000 0.370000 0.370000 0.370000 0.370000 0.370000 0.370000 0.370000 0.370000 0.370000 0.370000 0.370000 0.370000 0.370000 0.370000 0.370000 0.370000 0.370000 0.370000 0.370000 0.370000 0.369987 0.369807 0.368930 0.365371 0.355920 0.348851 0.333513 0.322840 -9999.0 -9999.0 -9999.0 -9999.0
-9999.0 0.077348 0.094949 0.199974 0.357259 0.369519 0.370000 0.370000 0.370000 0.370000 0.370000 0.370000 0.370000 0.370000 0.370000 0.370000 0.370000 0.370000 0.370000 0.370000 0.370000 0.370000 0.370000 0.370000 0.370000 0.370000 0.370000 0.370000 0.370000 0.370000 0.370000 0.370000 0.370000 0.370000 0.370000 0.370000 0.369998 0.369997 0.369992 0.369959 0.369905 0.369831 0.369918 0.369912 0.369910 0.369938 0.369979 0.369992 0.370000 0.370000 0.370000 0.370000 0.370000 0.370000 0.370000 0.370000 0.370000 0.370000 0.370000 0.370000 0.370000 0.370000 0.370000 0.370000 0.370000 0.370000 0.370000 0.370000 0.370000 0.370000 0.370000 0.369993 0.369660 0.366082 0.361099 -9999.0 -9999.0 -9999.0 -9999.0 -9999.0
-9999.0 0.072315 0.085765 0.171764 0.364155 0.370000 0.370000 0.370000 0.370000 0.370000 0.370000 0.370000 0.370000 0.370000 0.370000 0.370000 0.370000 0.370000 0.370000 0.370000 0.370000 0.370000 0.370000 0.370000 0.370000 0.370000 0.370000 0.370000 0.370000 0.370000 0.370000 0.369999 0.369912 0.368874 0.365734 0.358653 0.343587 0.343109 0.348884 0.342798 0.333043 0.323136 0.336093 0.342467 0.346446 0.342700 0.345873 0.356095 0.364431 0.367830 0.369475 0.369955 0.369998 0.370000 0.370000 0.370000 0.370000 0.370000 0.370000 0.370000 0.370000 0.370000 0.370000 0.370000 0.370000 0.370000 0.370000 0.370000 0.370000 0.370000 0.370000 0.370000 0.370000 -9999.0 -9999.0 -9999.0 -9999.0 -9999.0 -9999.0 -9999.0
-9999.0 0.070095 0.075212 0.096619 0.233554 0.361606 0.369942 0.370000 0.370000 0.370000 0.370000 0.370000 0.370000 0.370000 0.370000 0.370000 0.370000 0.370000 0.370000 0.370000 0.370000 0.370000 0.370000 0.370000 0.370000 0.369998 0.369996 0.369982 0.369872 0.368915 0.361945 0.344790 0.314683 0.290822 0.268249 0.242300 0.211989 0.220475 0.232419 0.228698 0.218789 0.215045 0.238203 0.252648 0.260494 0.249284 0.263542 0.283990 0.312537 0.334646 0.351979 0.362982 0.367745 0.368956 0.369377 0.369839 0.369984 0.370000 0.370000 0.370000 0.370000 0.370000 0.370000 0.370000 0.370000 0.370000 0.370000 0.370000 0.370000 0.370000 0.370000 -9999.0 -9999.0 -9999.0 -9999.0 -9999.0 -9999.0 -9999.0 -9999.0 -9999.0
-9999.0 -9999.0 0.070064 0.073744 0.081677 0.107257 0.162172 0.229933 0.282637 0.335441 0.362548 0.368859 0.369672 0.369813 0.369618 0.368505 0.366453 0.366279 0.365353 0.363490 0.359335 0.357454 0.355452 0.353600 0.349621 0.347211 0.345472 0.341393 0.331308 0.303944 0.264617 0.223712 0.184669 0.169428 0.157316 0.145979 0.144231 0.143727 0.147109 0.147661 0.150077 0.155918 0.167483 0.180403 0.186379 0.190683 0.199233 0.216367 0.241895 0.273614 0.310330 0.339359 0.352256 0.354970 0.351913 0.353289 0.358480 0.365222 0.369570 0.369997 0.370000 0.370000 0.370000 0.370000 0.370000 0.370000 0.370000 0.370000 0.370000 0.370000 -9999.0 -9999.0 -9999.0 -9999.0 -9999.0 -9999.0 -9999.0 -9999.0 -9999.0 -9999.0
-9999.0 -9999.0 -9999.0 -9999.0 0.070725 0.074199 0.078037 0.083504 0.097969 0.123465 0.162097 0.209283 0.247469 0.265034 0.254598 0.248352 0.241264 0.238933 0.232558 0.227790 0.223085 0.217415 0.209741 0.204421 0.203895 0.206450 0.205316 0.196399 0.186252 0.168912 0.155425 0.138819 0.124588 0.115521 0.112013 0.110195 0.110324 0.109057 0.111541 0.113167 0.117380 0.122235 0.130781 0.142473 0.148156 0.155154 0.160242 0.172174 0.191240 0.229916 0.278574 0.316585 0.333901 0.334575 0.319291 0.307915 0.304235 0.320351 0.342371 0.361218 0.369259 0.369972 0.370000 0.370000 0.370000 0.370000 0.370000 0.370000 -9999.0 -9999.0 -9999.0 -9999.0 -9999.0 -9999.0 -9999.0 -9999.0 -9999.0 -9999.0 -9999.0 -9999.0
-9999.0 -9999.0 -9999.0 -9999.0 -9999.0 -9999.0 0.069974 0.071275 0.073192 0.077511 0.084946 0.095852 0.110369 0.116528 0.121144 0.128400 0.126553 0.121029 0.116242 0.121156 0.124032 0.122572 0.114522 0.114109 0.115034 0.117864 0.117634 0.115954 0.109434 0.111357 0.110925 0.105495 0.100202 0.097617 0.095731 0.097418 0.097600 0.095576 0.096044 0.100622 0.104617 0.107684 0.113469 0.123556 0.135431 0.141373 0.141654 0.144361 0.165952 0.212846 0.267602 0.306022 0.323851 0.326848 0.308383 0.276892 0.257649 0.260562 0.284796 0.318524 0.351195 0.361816 0.365699 0.367552 0.369057 0.369989 -9999.0 -9999.0 -9999.0 -9999.0 -9999.0 -9999.0 -9999.0 -9999.0 -9999.0 -9999.0 -9999.0 -9999.0 -9999.0 -9999.0
-9999.0 -9999.0 -9999.0 -9999.0 -9999.0 -9999.0 -9999.0 -9999.0 -9999.0 -9999.0 -9999.0 -9999.0 -9999.0 -9999.0 -9999.0 -9999.0 -9999.0 -9999.0 -9999.0 -9999.0 -9999.0 -9999.0 -9999.0 -9999.0 -9999.0 -9999.0 -9999.0 -9999.0 -9999.0 -9999.0 -9999.0 -9999.0 -9999.0 -9999.0 -9999.0 -9999.0 -9999.0 -9999.0 -9999.0 -9999.0 -9999.0 -9999.0 -9999.0 -9999.0 -9999.0 -9999.0 -9999.0 -9999.0 -9999.0 -9999.0 -9999.0 -9999.0 -9999.0 -9999.0 -9999.0 -9999.0 -9999.0 -9999.0 -9999.0 -9999.0 -9999.0 -9999.0 -9999.0 -9999.0 -9999.0 -9999.0 -9999.0 -9999.0 -9999.0 -9999.0 -9999.0 -9999.0 -9999.0 -9999.0 -9999.0 -9999.0 -9999.0 -9999.0 -9999.0 -9999.0
-9999.0 -9999.0 -9999.0 -9999.0 -9999.0 -9999.0 -9999.0 -9999.0 -9999.0 -9999.0 -9999.0 -9999.0 -9999.0 -9999.0 -9999.0 -9999.0 -9999.0 -9999.0 -9999.0 -9999.0 -9999.0 -9999.0 -9999.0 -9999.0 -9999.0 -9999.0 -9999.0 -9999.0 -9999.0 -9999.0 -9999.0 -9999.0 -9999.0 -9999.0 -9999.0 -9999.0 -9999.0 -9999.0 -9999.0 -9999.0 -9999.0 -9999.0 -9999.0 -9999.0 -9999.0 -9999.0 -9999.0 -9999.0 -9999.0 -9999.0 -9999.0 -9999.0 -9999.0 -9999.0 -9999.0 -9999.0 -9999.0 -9999.0 -9999.0 -9999.0 -9999.0 -9999.0 -9999.0 -9999.0 -9999.0 -9999.0 -9999.0 -9999.0 -9999.0 -9999.0 -9999.0 -9999.0 -9999.0 -9999.0 -9999.0 -9999.0 -9999.0 -9999.0 -9999.0 -9999.0