Borden_/Borden1m_014/output_maps/thetaliqL0006N0027.asc
ncols         80
nrows         18
xllcorner     620200.000000
yllcorner     5168000.000000
cellsize      1.000000
NODATA_value  -9999.0
-9999.0 -9999.0 -9999.0 -9999.0 -9999.0 -9999.0 -9999.0 -9999.0 -9999.0 -9999.0 -9999.0 -9999.0 -9999.0 -9999.0 -9999.0 -9999.0 -9999.0 -9999.0 -9999.0 -9999.0 -9999.0 -9999.0 -9999.0 -9999.0 -9999.0 -9999.0 -9999.0 -9999.0 -9999.0 -9999.0 -9999.0 -9999.0 -9999.0 -9999.0 -9999.0 -9999.0 -9999.0 -9999.0 -9999.0 -9999.0 -9999.0 -9999.0 -9999.0 -9999.0 -9999.0 -9999.0 -9999.0 -9999.0 -9999.0 -9999.0 -9999.0 -9999.0 -9999.0 -9999.0 -9999.0 -9999.0 -9999.0 -9999.0 -9999.0 -9999.0 -9999.0 -9999.0 -9999.0 -9999.0 -9999.0 -9999.0 -9999.0 -9999.0 -9999.0 -9999.0 -9999.0 -9999.0 -9999.0 -9999.0 -9999.0 -9999.0 -9999.0 -9999.0 -9999.0 -9999.0
-9999.0 -9999.0 -9999.0 -9999.0 -9999.0 -9999.0 -9999.0 -9999.0 -9999.0 -9999.0 -9999.0 -9999.0 -9999.0 -9999.0 -9999.0 -9999.0 -9999.0 -9999.0 -9999.0 -9999.0 -9999.0 -9999.0 -9999.0 -9999.0 -9999.0 -9999.0 -9999.0 -9999.0 -9999.0 -9999.0 -9999.0 -9999.0 -9999.0 -9999.0 -9999.0 -9999.0 -9999.0 -9999.0 -9999.0 -9999.0 -9999.0 -9999.0 -9999.0 -9999.0 -9999.0 -9999.0 -9999.0 -9999.0 -9999.0 -9999.0 -9999.0 -9999.0 -9999.0 -9999.0 -9999.0 -9999.0 -9999.0 -9999.0 -9999.0 -9999.0 -9999.0 -9999.0 -9999.0 -9999.0 -9999.0 -9999.0 -9999.0 -9999.0 -9999.0 -9999.0 -9999.0 -9999.0 -9999.0 -9999.0 -9999.0 -9999.0 -9999.0 -9999.0 -9999.0 -9999.0
-9999.0 -9999.0 -9999.0 -9999.0 -9999.0 -9999.0 -9999.0 -9999.0 -9999.0 -9999.0 -9999.0 -9999.0 -9999.0 -9999.0 -9999.0 -9999.0 -9999.0 -9999.0 -9999.0 -9999.0 0.153676 0.155304 0.143827 0.129433 0.119508 0.119945 0.132191 0.150242 0.170825 0.177280 0.166036 0.166541 0.163328 0.163296 0.165040 0.168365 0.169676 0.176892 0.182419 0.182263 0.178182 0.174399 0.173282 0.175579 0.178721 0.173490 0.182158 0.192787 0.197674 0.194102 0.175781 0.166210 0.161849 0.154347 0.168308 0.176442 0.192163 0.195539 0.195067 0.177021 0.159305 -9999.0 -9999.0 -9999.0 -9999.0 -9999.0 -9999.0 -9999.0 -9999.0 -9999.0 -9999.0 -9999.0 -9999.0 -9999.0 -9999.0 -9999.0 -9999.0 -9999.0 -9999.0 -9999.0
-9999.0 -9999.0 -9999.0 -9999.0 -9999.0 -9999.0 -9999.0 -9999.0 -9999.0 -9999.0 -9999.0 -9999.0 -9999.0 -9999.0 0.117706 0.114589 0.113602 0.115890 0.126690 0.138293 0.143900 0.140263 0.140036 0.130170 0.122825 0.127573 0.138966 0.153562 0.172576 0.185721 0.176904 0.174924 0.181814 0.201886 0.213723 0.211684 0.195251 0.212112 0.225333 0.233633 0.232790 0.225640 0.238389 0.252507 0.246976 0.231843 0.233922 0.243504 0.256489 0.242967 0.191478 0.176892 0.175424 0.171708 0.164283 0.160807 0.175794 0.176905 0.172116 0.161920 0.145574 0.127384 0.121454 0.135794 0.157247 0.193879 -9999.0 -9999.0 -9999.0 -9999.0 -9999.0 -9999.0 -9999.0 -9999.0 -9999.0 -9999.0 -9999.0 -9999.0 -9999.0 -9999.0
-9999.0 -9999.0 -9999.0 -9999.0 -9999.0 -9999.0 -9999.0 -9999.0 -9999.0 0.103578 0.104217 0.105674 0.105926 0.109528 0.109035 0.110631 0.112635 0.119985 0.130578 0.145275 0.159835 0.153999 0.153831 0.160423 0.164673 0.172411 0.185602 0.215387 0.251323 0.287454 0.264511 0.263390 0.281507 0.323196 0.347341 0.352492 0.343626 0.344643 0.355588 0.363064 0.363498 0.363393 0.367153 0.368312 0.368707 0.367300 0.364229 0.363514 0.367146 0.356114 0.321601 0.274904 0.272341 0.244073 0.209022 0.191693 0.189595 0.206296 0.195329 0.170766 0.150760 0.146660 0.139448 0.147103 0.159177 0.188836 0.217589 0.241093 0.241940 0.228246 -9999.0 -9999.0 -9999.0 -9999.0 -9999.0 -9999.0 -9999.0 -9999.0 -9999.0 -9999.0
-9999.0 -9999.0 -9999.0 -9999.0 -9999.0 -9999.0 0.090609 0.091690 0.094436 0.095270 0.099264 0.100581 0.104650 0.108989 0.114084 0.118895 0.129270 0.142343 0.163381 0.191640 0.216060 0.212976 0.221074 0.251818 0.293025 0.320956 0.336960 0.355603 0.368968 0.369883 0.369959 0.369977 0.369990 0.369999 0.370000 0.370000 0.370000 0.370000 0.370000 0.370000 0.370000 0.370000 0.370000 0.370000 0.370000 0.370000 0.370000 0.370000 0.370000 0.370000 0.370000 0.369985 0.369758 0.367877 0.347237 0.309043 0.303905 0.312547 0.286359 0.240590 0.205616 0.197818 0.187822 0.178560 0.182383 0.196373 0.214679 0.224319 0.215321 0.200515 0.184734 0.166960 0.168219 0.184616 -9999.0 -9999.0 -9999.0 -9999.0 -9999.0 -9999.0
-9999.0 -9999.0 -9999.0 -9999.0 0.085144 0.086313 0.085150 0.087449 0.091194 0.095915 0.101623 0.109829 0.116966 0.126306 0.143082 0.162950 0.191067 0.217510 0.265748 0.323976 0.353683 0.362710 0.366259 0.369747 0.369993 0.370000 0.370000 0.370000 0.370000 0.370000 0.370000 0.370000 0.370000 0.370000 0.370000 0.370000 0.370000 0.370000 0.370000 0.370000 0.370000 0.370000 0.370000 0.370000 0.370000 0.370000 0.370000 0.370000 0.370000 0.370000 0.370000 0.370000 0.370000 0.370000 0.370000 0.370000 0.369993 0.369967 0.369312 0.364101 0.337782 0.318300 0.290970 0.267763 0.241033 0.241510 0.244321 0.229015 0.206255 0.184286 0.175186 0.164441 0.159230 0.177292 0.189377 0.212432 -9999.0 -9999.0 -9999.0 -9999.0
-9999.0 -9999.0 0.080550 0.084485 0.090439 0.091473 0.091757 0.092298 0.096163 0.105620 0.128464 0.151534 0.177883 0.198379 0.247893 0.321235 0.360478 0.368378 0.369903 0.369998 0.370000 0.370000 0.370000 0.370000 0.370000 0.370000 0.370000 0.370000 0.370000 0.370000 0.370000 0.370000 0.370000 0.370000 0.370000 0.370000 0.370000 0.370000 0.370000 0.370000 0.370000 0.370000 0.370000 0.370000 0.370000 0.370000 0.370000 0.370000 0.370000 0.370000 0.370000 0.370000 0.370000 0.370000 0.370000 0.370000 0.370000 0.370000 0.370000 0.370000 0.369999 0.369983 0.369688 0.366882 0.352351 0.332971 0.299431 0.266827 0.230464 0.196835 0.181586 0.170569 0.169874 0.170883 0.181459 0.192531 0.203998 0.210039 -9999.0 -9999.0
-9999.0 0.075517 0.078999 0.090186 0.102861 0.113370 0.126363 0.138099 0.148443 0.154083 0.229511 0.323768 0.363628 0.367863 0.369817 0.370000 0.370000 0.370000 0.370000 0.370000 0.370000 0.370000 0.370000 0.370000 0.370000 0.370000 0.370000 0.370000 0.370000 0.370000 0.370000 0.370000 0.370000 0.370000 0.370000 0.370000 0.370000 0.370000 0.370000 0.370000 0.370000 0.370000 0.370000 0.370000 0.370000 0.370000 0.370000 0.370000 0.370000 0.370000 0.370000 0.370000 0.370000 0.370000 0.370000 0.370000 0.370000 0.370000 0.370000 0.370000 0.370000 0.370000 0.370000 0.370000 0.369990 0.369617 0.364876 0.345094 0.303160 0.272080 0.246663 0.205536 0.189229 0.191130 0.185293 0.184107 0.189033 0.193716 -9999.0 -9999.0
-9999.0 0.073277 0.079160 0.099572 0.144002 0.178195 0.277592 0.339237 0.352316 0.342745 0.369185 0.370000 0.370000 0.370000 0.370000 0.370000 0.370000 0.370000 0.370000 0.370000 0.370000 0.370000 0.370000 0.370000 0.370000 0.370000 0.370000 0.370000 0.370000 0.370000 0.370000 0.370000 0.370000 0.370000 0.370000 0.370000 0.370000 0.370000 0.370000 0.370000 0.370000 0.370000 0.370000 0.370000 0.370000 0.370000 0.370000 0.370000 0.370000 0.370000 0.370000 0.370000 0.370000 0.370000 0.370000 0.370000 0.370000 0.370000 0.370000 0.370000 0.370000 0.370000 0.370000 0.370000 0.370000 0.370000 0.369998 0.369956 0.369015 0.363906 0.346584 0.308965 0.260935 0.237896 0.207493 0.192374 -9999.0 -9999.0 -9999.0 -9999.0
-9999.0 0.071853 0.078471 0.115931 0.267209 0.357833 0.369990 0.370000 0.370000 0.370000 0.370000 0.370000 0.370000 0.370000 0.370000 0.370000 0.370000 0.370000 0.370000 0.370000 0.370000 0.370000 0.370000 0.370000 0.370000 0.370000 0.370000 0.370000 0.370000 0.370000 0.370000 0.370000 0.370000 0.370000 0.369999 0.369991 0.369817 0.369642 0.369311 0.367694 0.365447 0.362970 0.365841 0.365546 0.365497 0.366763 0.368587 0.369330 0.369907 0.369988 0.369999 0.370000 0.370000 0.370000 0.370000 0.370000 0.370000 0.370000 0.370000 0.370000 0.370000 0.370000 0.370000 0.370000 0.370000 0.370000 0.370000 0.370000 0.370000 0.369993 0.369950 0.369400 0.361580 0.310893 0.278776 -9999.0 -9999.0 -9999.0 -9999.0 -9999.0
-9999.0 0.069749 0.075252 0.106007 0.307321 0.369994 0.370000 0.370000 0.370000 0.370000 0.370000 0.370000 0.370000 0.370000 0.370000 0.370000 0.370000 0.370000 0.370000 0.370000 0.370000 0.370000 0.370000 0.370000 0.370000 0.370000 0.370000 0.370000 0.370000 0.369999 0.369962 0.369826 0.366649 0.346686 0.317813 0.279232 0.233575 0.231371 0.243452 0.228852 0.211155 0.196987 0.215904 0.227383 0.235768 0.228210 0.235509 0.264183 0.303809 0.333608 0.357344 0.367955 0.369722 0.369986 0.369998 0.370000 0.370000 0.370000 0.370000 0.370000 0.370000 0.370000 0.370000 0.370000 0.370000 0.370000 0.370000 0.370000 0.370000 0.370000 0.370000 0.370000 0.369992 -9999.0 -9999.0 -9999.0 -9999.0 -9999.0 -9999.0 -9999.0
-9999.0 0.068698 0.071043 0.079467 0.134039 0.298181 0.368547 0.369994 0.370000 0.370000 0.370000 0.370000 0.370000 0.370000 0.370000 0.370000 0.370000 0.370000 0.370000 0.369999 0.369995 0.369990 0.369990 0.369982 0.369903 0.369750 0.369554 0.368799 0.365036 0.347823 0.292307 0.236130 0.188224 0.164801 0.148550 0.133806 0.119701 0.123266 0.128689 0.126876 0.122379 0.120701 0.131128 0.138426 0.142767 0.136603 0.144469 0.157771 0.182524 0.211486 0.248948 0.292459 0.329537 0.347198 0.355233 0.364375 0.368994 0.369949 0.370000 0.370000 0.370000 0.370000 0.370000 0.370000 0.370000 0.370000 0.370000 0.370000 0.370000 0.370000 0.370000 -9999.0 -9999.0 -9999.0 -9999.0 -9999.0 -9999.0 -9999.0 -9999.0 -9999.0
-9999.0 -9999.0 0.068691 0.070420 0.073836 0.083672 0.105139 0.136631 0.170234 0.227689 0.298444 0.343952 0.358923 0.362839 0.357848 0.340070 0.323581 0.323581 0.317491 0.305926 0.284491 0.275504 0.267762 0.260926 0.248055 0.241035 0.236448 0.227238 0.209031 0.176026 0.146063 0.124850 0.108958 0.103421 0.099183 0.095304 0.094659 0.094513 0.095649 0.095817 0.096586 0.098527 0.102502 0.107057 0.109230 0.110783 0.114058 0.120999 0.132642 0.150351 0.179473 0.218254 0.247700 0.256624 0.248405 0.253648 0.273207 0.311066 0.359762 0.369691 0.369998 0.370000 0.370000 0.370000 0.370000 0.370000 0.370000 0.370000 0.370000 0.370000 -9999.0 -9999.0 -9999.0 -9999.0 -9999.0 -9999.0 -9999.0 -9999.0 -9999.0 -9999.0
-9999.0 -9999.0 -9999.0 -9999.0 0.069026 0.070631 0.072275 0.074489 0.079889 0.088758 0.102280 0.120754 0.138848 0.148978 0.142388 0.138180 0.134205 0.133136 0.130016 0.127488 0.125058 0.122495 0.119309 0.117081 0.116770 0.117719 0.117235 0.113668 0.109804 0.103336 0.098545 0.092931 0.088201 0.085200 0.084029 0.083404 0.083444 0.083030 0.083857 0.084379 0.085759 0.087351 0.090151 0.093984 0.095847 0.098184 0.099916 0.104064 0.110982 0.126855 0.153358 0.185582 0.208288 0.209537 0.188947 0.177173 0.174097 0.191621 0.227400 0.287249 0.353743 0.368692 0.369956 0.369997 0.370000 0.370000 0.370000 0.370000 -9999.0 -9999.0 -9999.0 -9999.0 -9999.0 -9999.0 -9999.0 -9999.0 -9999.0 -9999.0 -9999.0 -9999.0
-9999.0 -9999.0 -9999.0 -9999.0 -9999.0 -9999.0 0.068651 0.069275 0.070165 0.071992 0.074873 0.078813 0.083794 0.085815 0.087264 0.089623 0.088978 0.087168 0.085605 0.087210 0.088103 0.087629 0.084986 0.084832 0.085117 0.086057 0.085981 0.085417 0.083237 0.083832 0.083654 0.081835 0.080043 0.079151 0.078498 0.079075 0.079136 0.078444 0.078614 0.080170 0.081507 0.082530 0.084449 0.087755 0.091635 0.093576 0.093668 0.094573 0.101899 0.119478 0.146364 0.174733 0.193943 0.197941 0.177124 0.152302 0.140805 0.142607 0.158392 0.189724 0.248115 0.288893 0.315427 0.333503 0.350460 0.369103 -9999.0 -9999.0 -9999.0 -9999.0 -9999.0 -9999.0 -9999.0 -9999.0 -9999.0 -9999.0 -9999.0 -9999.0 -9999.0 -9999.0
-9999.0 -9999.0 -9999.0 -9999.0 -9999.0 -9999.0 -9999.0 -9999.0 -9999.0 -9999.0 -9999.0 -9999.0 -9999.0 -9999.0 -9999.0 -9999.0 -9999.0 -9999.0 -9999.0 -9999.0 -9999.0 -9999.0 -9999.0 -9999.0 -9999.0 -9999.0 -9999.0 -9999.0 -9999.0 -9999.0 -9999.0 -9999.0 -9999.0 -9999.0 -9999.0 -9999.0 -9999.0 -9999.0 -9999.0 -9999.0 -9999.0 -9999.0 -9999.0 -9999.0 -9999.0 -9999.0 -9999.0 -9999.0 -9999.0 -9999.0 -9999.0 -9999.0 -9999.0 -9999.0 -9999.0 -9999.0 -9999.0 -9999.0 -9999.0 -9999.0 -9999.0 -9999.0 -9999.0 -9999.0 -9999.0 -9999.0 -9999.0 -9999.0 -9999.0 -9999.0 -9999.0 -9999.0 -9999.0 -9999.0 -9999.0 -9999.0 -9999.0 -9999.0 -9999.0 -9999.0
-9999.0 -9999.0 -9999.0 -9999.0 -9999.0 -9999.0 -9999.0 -9999.0 -9999.0 -9999.0 -9999.0 -9999.0 -9999.0 -9999.0 -9999.0 -9999.0 -9999.0 -9999.0 -9999.0 -9999.0 -9999.0 -9999.0 -9999.0 -9999.0 -9999.0 -9999.0 -9999.0 -9999.0 -9999.0 -9999.0 -9999.0 -9999.0 -9999.0 -9999.0 -9999.0 -9999.0 -9999.0 -9999.0 -9999.0 -9999.0 -9999.0 -9999.0 -9999.0 -9999.0 -9999.0 -9999.0 -9999.0 -9999.0 -9999.0 -9999.0 -9999.0 -9999.0 -9999.0 -9999.0 -9999.0 -9999.0 -9999.0 -9999.0 -9999.0 -9999.0 -9999.0 -9999.0 -9999.0 -9999.0 -9999.0 -9999.0 -9999.0 -9999.0 -9999.0 -9999.0 -9999.0 -9999.0 -9999.0 -9999.0 -9999.0 -9999.0 -9999.0 -9999.0 -9999.0 -9999.0