Borden_/Borden1m_014/output_maps/thetaliqL0005N0013.asc
ncols         80
nrows         18
xllcorner     620200.000000
yllcorner     5168000.000000
cellsize      1.000000
NODATA_value  -9999.0
-9999.0 -9999.0 -9999.0 -9999.0 -9999.0 -9999.0 -9999.0 -9999.0 -9999.0 -9999.0 -9999.0 -9999.0 -9999.0 -9999.0 -9999.0 -9999.0 -9999.0 -9999.0 -9999.0 -9999.0 -9999.0 -9999.0 -9999.0 -9999.0 -9999.0 -9999.0 -9999.0 -9999.0 -9999.0 -9999.0 -9999.0 -9999.0 -9999.0 -9999.0 -9999.0 -9999.0 -9999.0 -9999.0 -9999.0 -9999.0 -9999.0 -9999.0 -9999.0 -9999.0 -9999.0 -9999.0 -9999.0 -9999.0 -9999.0 -9999.0 -9999.0 -9999.0 -9999.0 -9999.0 -9999.0 -9999.0 -9999.0 -9999.0 -9999.0 -9999.0 -9999.0 -9999.0 -9999.0 -9999.0 -9999.0 -9999.0 -9999.0 -9999.0 -9999.0 -9999.0 -9999.0 -9999.0 -9999.0 -9999.0 -9999.0 -9999.0 -9999.0 -9999.0 -9999.0 -9999.0
-9999.0 -9999.0 -9999.0 -9999.0 -9999.0 -9999.0 -9999.0 -9999.0 -9999.0 -9999.0 -9999.0 -9999.0 -9999.0 -9999.0 -9999.0 -9999.0 -9999.0 -9999.0 -9999.0 -9999.0 -9999.0 -9999.0 -9999.0 -9999.0 -9999.0 -9999.0 -9999.0 -9999.0 -9999.0 -9999.0 -9999.0 -9999.0 -9999.0 -9999.0 -9999.0 -9999.0 -9999.0 -9999.0 -9999.0 -9999.0 -9999.0 -9999.0 -9999.0 -9999.0 -9999.0 -9999.0 -9999.0 -9999.0 -9999.0 -9999.0 -9999.0 -9999.0 -9999.0 -9999.0 -9999.0 -9999.0 -9999.0 -9999.0 -9999.0 -9999.0 -9999.0 -9999.0 -9999.0 -9999.0 -9999.0 -9999.0 -9999.0 -9999.0 -9999.0 -9999.0 -9999.0 -9999.0 -9999.0 -9999.0 -9999.0 -9999.0 -9999.0 -9999.0 -9999.0 -9999.0
-9999.0 -9999.0 -9999.0 -9999.0 -9999.0 -9999.0 -9999.0 -9999.0 -9999.0 -9999.0 -9999.0 -9999.0 -9999.0 -9999.0 -9999.0 -9999.0 -9999.0 -9999.0 -9999.0 -9999.0 0.107880 0.108647 0.103391 0.096926 0.092495 0.092683 0.098136 0.106221 0.115679 0.118731 0.113397 0.113584 0.112048 0.112023 0.112803 0.114290 0.114841 0.118200 0.120801 0.120714 0.118772 0.116980 0.116394 0.117462 0.118931 0.116559 0.120634 0.125788 0.128275 0.126577 0.117801 0.113372 0.111418 0.108028 0.114507 0.118414 0.126188 0.127951 0.127783 0.118849 0.110480 -9999.0 -9999.0 -9999.0 -9999.0 -9999.0 -9999.0 -9999.0 -9999.0 -9999.0 -9999.0 -9999.0 -9999.0 -9999.0 -9999.0 -9999.0 -9999.0 -9999.0 -9999.0 -9999.0
-9999.0 -9999.0 -9999.0 -9999.0 -9999.0 -9999.0 -9999.0 -9999.0 -9999.0 -9999.0 -9999.0 -9999.0 -9999.0 -9999.0 0.091723 0.090316 0.089868 0.090888 0.095708 0.100881 0.103398 0.101744 0.101641 0.097225 0.093959 0.096066 0.101108 0.107614 0.116284 0.122461 0.118183 0.117189 0.120344 0.129929 0.135676 0.134424 0.126178 0.134517 0.141298 0.145664 0.145094 0.141104 0.148000 0.156224 0.152780 0.144299 0.145618 0.151192 0.159226 0.151572 0.124685 0.118016 0.117494 0.115866 0.112509 0.110940 0.117980 0.118574 0.116339 0.111605 0.104161 0.096018 0.093383 0.099792 0.109566 0.127380 -9999.0 -9999.0 -9999.0 -9999.0 -9999.0 -9999.0 -9999.0 -9999.0 -9999.0 -9999.0 -9999.0 -9999.0 -9999.0 -9999.0
-9999.0 -9999.0 -9999.0 -9999.0 -9999.0 -9999.0 -9999.0 -9999.0 -9999.0 0.085384 0.085661 0.086320 0.086424 0.088048 0.087821 0.088536 0.089442 0.092713 0.097419 0.103975 0.110574 0.107850 0.107740 0.110736 0.112648 0.116053 0.122001 0.136424 0.155702 0.179495 0.162235 0.160880 0.171700 0.206909 0.240967 0.250222 0.233840 0.234852 0.256966 0.280085 0.279187 0.277488 0.297931 0.308602 0.314874 0.300338 0.283919 0.281059 0.302974 0.258671 0.205361 0.167320 0.167987 0.151406 0.133081 0.124842 0.124037 0.132649 0.127280 0.115537 0.106394 0.104617 0.101401 0.104844 0.110387 0.124695 0.139959 0.154067 0.154739 0.146359 -9999.0 -9999.0 -9999.0 -9999.0 -9999.0 -9999.0 -9999.0 -9999.0 -9999.0 -9999.0
-9999.0 -9999.0 -9999.0 -9999.0 -9999.0 -9999.0 0.079416 0.079916 0.081192 0.081570 0.083402 0.084001 0.085854 0.087813 0.090085 0.092235 0.096862 0.102660 0.112116 0.125250 0.137203 0.135156 0.138894 0.154937 0.180833 0.205354 0.223781 0.255335 0.320125 0.349021 0.356565 0.359252 0.364892 0.370000 0.370000 0.370000 0.370000 0.370000 0.370000 0.370000 0.370000 0.370000 0.370000 0.370000 0.370000 0.370000 0.370000 0.370000 0.370000 0.370000 0.370000 0.365280 0.341671 0.307121 0.239813 0.192725 0.188622 0.199541 0.179193 0.150027 0.131835 0.128332 0.123671 0.119297 0.121216 0.128271 0.138119 0.143697 0.138721 0.130814 0.122787 0.114171 0.114789 0.122822 -9999.0 -9999.0 -9999.0 -9999.0 -9999.0 -9999.0
-9999.0 -9999.0 -9999.0 -9999.0 0.076804 0.077369 0.076802 0.077904 0.079674 0.081865 0.084484 0.088207 0.091402 0.095550 0.103011 0.111879 0.124651 0.137093 0.163201 0.208970 0.253454 0.277891 0.289834 0.337985 0.368808 0.370000 0.370000 0.370000 0.370000 0.370000 0.370000 0.370000 0.370000 0.370000 0.370000 0.370000 0.370000 0.370000 0.370000 0.370000 0.370000 0.370000 0.370000 0.370000 0.370000 0.370000 0.370000 0.370000 0.370000 0.370000 0.370000 0.370000 0.370000 0.370000 0.370000 0.370000 0.369106 0.360150 0.327061 0.283283 0.224530 0.203606 0.182158 0.167295 0.151451 0.152550 0.154872 0.145969 0.133554 0.122406 0.118026 0.112941 0.110534 0.119183 0.125229 0.137536 -9999.0 -9999.0 -9999.0 -9999.0
-9999.0 -9999.0 0.074564 0.076495 0.079341 0.079820 0.079966 0.080217 0.082013 0.086337 0.096607 0.106781 0.118521 0.127768 0.152735 0.206559 0.268785 0.308371 0.349931 0.370000 0.370000 0.370000 0.370000 0.370000 0.370000 0.370000 0.370000 0.370000 0.370000 0.370000 0.370000 0.370000 0.370000 0.370000 0.370000 0.370000 0.370000 0.370000 0.370000 0.370000 0.370000 0.370000 0.370000 0.370000 0.370000 0.370000 0.370000 0.370000 0.370000 0.370000 0.370000 0.370000 0.370000 0.370000 0.370000 0.370000 0.370000 0.370000 0.370000 0.370000 0.370000 0.367068 0.338052 0.296502 0.250427 0.225317 0.192793 0.168771 0.146384 0.128458 0.121004 0.115770 0.115505 0.116040 0.121227 0.126853 0.132919 0.136227 -9999.0 -9999.0
-9999.0 0.072015 0.073794 0.079256 0.085118 0.089893 0.095810 0.101030 0.105511 0.107791 0.143235 0.211137 0.283446 0.304593 0.344277 0.370000 0.370000 0.370000 0.370000 0.370000 0.370000 0.370000 0.370000 0.370000 0.370000 0.370000 0.370000 0.370000 0.370000 0.370000 0.370000 0.370000 0.370000 0.370000 0.370000 0.370000 0.370000 0.370000 0.370000 0.370000 0.370000 0.370000 0.370000 0.370000 0.370000 0.370000 0.370000 0.370000 0.370000 0.370000 0.370000 0.370000 0.370000 0.370000 0.370000 0.370000 0.370000 0.370000 0.370000 0.370000 0.370000 0.370000 0.370000 0.370000 0.369220 0.334278 0.285367 0.240336 0.194639 0.171913 0.156060 0.133004 0.124841 0.125963 0.123084 0.122548 0.125082 0.127504 -9999.0 -9999.0
-9999.0 0.070815 0.073909 0.083709 0.103871 0.119261 0.174284 0.235499 0.255310 0.235695 0.325899 0.370000 0.370000 0.370000 0.370000 0.370000 0.370000 0.370000 0.370000 0.370000 0.370000 0.370000 0.370000 0.370000 0.370000 0.370000 0.370000 0.370000 0.370000 0.370000 0.370000 0.370000 0.370000 0.370000 0.370000 0.370000 0.370000 0.370000 0.370000 0.370000 0.370000 0.370000 0.370000 0.370000 0.370000 0.370000 0.370000 0.370000 0.370000 0.370000 0.370000 0.370000 0.370000 0.370000 0.370000 0.370000 0.370000 0.370000 0.370000 0.370000 0.370000 0.370000 0.370000 0.370000 0.370000 0.370000 0.370000 0.363454 0.324652 0.286280 0.245086 0.201447 0.165196 0.151760 0.134579 0.126696 -9999.0 -9999.0 -9999.0 -9999.0
-9999.0 0.070047 0.073602 0.091473 0.171181 0.270502 0.370000 0.370000 0.370000 0.370000 0.370000 0.370000 0.370000 0.370000 0.370000 0.370000 0.370000 0.370000 0.370000 0.370000 0.370000 0.370000 0.370000 0.370000 0.370000 0.370000 0.370000 0.370000 0.370000 0.370000 0.370000 0.370000 0.370000 0.370000 0.370000 0.366575 0.342503 0.337957 0.329091 0.305883 0.291256 0.280788 0.294565 0.291605 0.290702 0.298698 0.316289 0.327505 0.352092 0.366994 0.370000 0.370000 0.370000 0.370000 0.370000 0.370000 0.370000 0.370000 0.370000 0.370000 0.370000 0.370000 0.370000 0.370000 0.370000 0.370000 0.370000 0.370000 0.370000 0.370000 0.368238 0.334803 0.277488 0.208309 0.181004 -9999.0 -9999.0 -9999.0 -9999.0 -9999.0
-9999.0 0.068828 0.071967 0.087100 0.207098 0.370000 0.370000 0.370000 0.370000 0.370000 0.370000 0.370000 0.370000 0.370000 0.370000 0.370000 0.370000 0.370000 0.370000 0.370000 0.370000 0.370000 0.370000 0.370000 0.370000 0.370000 0.370000 0.370000 0.370000 0.370000 0.361087 0.348502 0.297439 0.238344 0.201858 0.171478 0.144994 0.144329 0.151519 0.143555 0.134382 0.127349 0.136781 0.142826 0.147441 0.143069 0.146718 0.163457 0.192017 0.220729 0.259353 0.304737 0.338088 0.364923 0.370000 0.370000 0.370000 0.370000 0.370000 0.370000 0.370000 0.370000 0.370000 0.370000 0.370000 0.370000 0.370000 0.370000 0.370000 0.370000 0.370000 0.370000 0.369987 -9999.0 -9999.0 -9999.0 -9999.0 -9999.0 -9999.0 -9999.0
-9999.0 0.068174 0.069625 0.074256 0.100720 0.195362 0.319485 0.370000 0.370000 0.370000 0.370000 0.370000 0.370000 0.370000 0.370000 0.370000 0.370000 0.370000 0.370000 0.370000 0.369555 0.366241 0.365919 0.363810 0.352201 0.342742 0.335810 0.319486 0.288682 0.242322 0.181320 0.146660 0.123190 0.112697 0.105534 0.099026 0.092711 0.094306 0.096744 0.095916 0.093881 0.093106 0.097754 0.100991 0.102931 0.100136 0.103637 0.109620 0.121085 0.135253 0.155731 0.185177 0.220112 0.242072 0.254591 0.281698 0.317629 0.358430 0.370000 0.370000 0.370000 0.370000 0.370000 0.370000 0.370000 0.370000 0.370000 0.370000 0.370000 0.370000 0.370000 -9999.0 -9999.0 -9999.0 -9999.0 -9999.0 -9999.0 -9999.0 -9999.0 -9999.0
-9999.0 -9999.0 0.068168 0.069235 0.071233 0.076456 0.086404 0.100821 0.117000 0.143762 0.187856 0.239242 0.270976 0.283870 0.266748 0.230145 0.208054 0.208402 0.202237 0.191148 0.174211 0.168860 0.164390 0.160646 0.153393 0.149724 0.147484 0.142871 0.133786 0.118068 0.104495 0.095053 0.087912 0.085401 0.083452 0.081642 0.081328 0.081267 0.081797 0.081868 0.082211 0.083097 0.084916 0.086973 0.087947 0.088630 0.090101 0.093203 0.098396 0.106320 0.119792 0.139381 0.156200 0.161295 0.155315 0.157642 0.168945 0.195704 0.263976 0.338011 0.370000 0.370000 0.370000 0.370000 0.370000 0.370000 0.370000 0.370000 0.370000 0.370000 -9999.0 -9999.0 -9999.0 -9999.0 -9999.0 -9999.0 -9999.0 -9999.0 -9999.0 -9999.0
-9999.0 -9999.0 -9999.0 -9999.0 0.068379 0.069364 0.070331 0.071566 0.074440 0.078853 0.085206 0.093500 0.101405 0.105862 0.102842 0.100936 0.099199 0.098782 0.097439 0.096288 0.095191 0.094061 0.092680 0.091679 0.091526 0.091934 0.091719 0.090114 0.088385 0.085392 0.083162 0.080544 0.078300 0.076854 0.076285 0.075973 0.075994 0.075792 0.076200 0.076445 0.077110 0.077871 0.079199 0.080989 0.081840 0.082914 0.083708 0.085603 0.088719 0.095809 0.107729 0.122910 0.134380 0.134904 0.124229 0.118461 0.116915 0.124990 0.142334 0.177131 0.249598 0.311313 0.357948 0.370000 0.370000 0.370000 0.370000 0.370000 -9999.0 -9999.0 -9999.0 -9999.0 -9999.0 -9999.0 -9999.0 -9999.0 -9999.0 -9999.0 -9999.0 -9999.0
-9999.0 -9999.0 -9999.0 -9999.0 -9999.0 -9999.0 0.068147 0.068539 0.069077 0.070132 0.071706 0.073761 0.076257 0.077225 0.077897 0.079014 0.078695 0.077834 0.077086 0.077856 0.078267 0.078044 0.076773 0.076694 0.076825 0.077283 0.077246 0.076972 0.075903 0.076185 0.076091 0.075197 0.074305 0.073857 0.073525 0.073821 0.073852 0.073499 0.073586 0.074370 0.075032 0.075532 0.076467 0.078053 0.079885 0.080784 0.080823 0.081240 0.084615 0.092533 0.104585 0.117738 0.127129 0.129106 0.118714 0.107118 0.101925 0.102705 0.109711 0.123992 0.153900 0.178869 0.197933 0.214277 0.238044 0.320403 -9999.0 -9999.0 -9999.0 -9999.0 -9999.0 -9999.0 -9999.0 -9999.0 -9999.0 -9999.0 -9999.0 -9999.0 -9999.0 -9999.0
-9999.0 -9999.0 -9999.0 -9999.0 -9999.0 -9999.0 -9999.0 -9999.0 -9999.0 -9999.0 -9999.0 -9999.0 -9999.0 -9999.0 -9999.0 -9999.0 -9999.0 -9999.0 -9999.0 -9999.0 -9999.0 -9999.0 -9999.0 -9999.0 -9999.0 -9999.0 -9999.0 -9999.0 -9999.0 -9999.0 -9999.0 -9999.0 -9999.0 -9999.0 -9999.0 -9999.0 -9999.0 -9999.0 -9999.0 -9999.0 -9999.0 -9999.0 -9999.0 -9999.0 -9999.0 -9999.0 -9999.0 -9999.0 -9999.0 -9999.0 -9999.0 -9999.0 -9999.0 -9999.0 -9999.0 -9999.0 -9999.0 -9999.0 -9999.0 -9999.0 -9999.0 -9999.0 -9999.0 -9999.0 -9999.0 -9999.0 -9999.0 -9999.0 -9999.0 -9999.0 -9999.0 -9999.0 -9999.0 -9999.0 -9999.0 -9999.0 -9999.0 -9999.0 -9999.0 -9999.0
-9999.0 -9999.0 -9999.0 -9999.0 -9999.0 -9999.0 -9999.0 -9999.0 -9999.0 -9999.0 -9999.0 -9999.0 -9999.0 -9999.0 -9999.0 -9999.0 -9999.0 -9999.0 -9999.0 -9999.0 -9999.0 -9999.0 -9999.0 -9999.0 -9999.0 -9999.0 -9999.0 -9999.0 -9999.0 -9999.0 -9999.0 -9999.0 -9999.0 -9999.0 -9999.0 -9999.0 -9999.0 -9999.0 -9999.0 -9999.0 -9999.0 -9999.0 -9999.0 -9999.0 -9999.0 -9999.0 -9999.0 -9999.0 -9999.0 -9999.0 -9999.0 -9999.0 -9999.0 -9999.0 -9999.0 -9999.0 -9999.0 -9999.0 -9999.0 -9999.0 -9999.0 -9999.0 -9999.0 -9999.0 -9999.0 -9999.0 -9999.0 -9999.0 -9999.0 -9999.0 -9999.0 -9999.0 -9999.0 -9999.0 -9999.0 -9999.0 -9999.0 -9999.0 -9999.0 -9999.0