Borden_/Borden1m_014/output_maps/thetaliqL0003N0003.asc
ncols         80
nrows         18
xllcorner     620200.000000
yllcorner     5168000.000000
cellsize      1.000000
NODATA_value  -9999.0
-9999.0 -9999.0 -9999.0 -9999.0 -9999.0 -9999.0 -9999.0 -9999.0 -9999.0 -9999.0 -9999.0 -9999.0 -9999.0 -9999.0 -9999.0 -9999.0 -9999.0 -9999.0 -9999.0 -9999.0 -9999.0 -9999.0 -9999.0 -9999.0 -9999.0 -9999.0 -9999.0 -9999.0 -9999.0 -9999.0 -9999.0 -9999.0 -9999.0 -9999.0 -9999.0 -9999.0 -9999.0 -9999.0 -9999.0 -9999.0 -9999.0 -9999.0 -9999.0 -9999.0 -9999.0 -9999.0 -9999.0 -9999.0 -9999.0 -9999.0 -9999.0 -9999.0 -9999.0 -9999.0 -9999.0 -9999.0 -9999.0 -9999.0 -9999.0 -9999.0 -9999.0 -9999.0 -9999.0 -9999.0 -9999.0 -9999.0 -9999.0 -9999.0 -9999.0 -9999.0 -9999.0 -9999.0 -9999.0 -9999.0 -9999.0 -9999.0 -9999.0 -9999.0 -9999.0 -9999.0
-9999.0 -9999.0 -9999.0 -9999.0 -9999.0 -9999.0 -9999.0 -9999.0 -9999.0 -9999.0 -9999.0 -9999.0 -9999.0 -9999.0 -9999.0 -9999.0 -9999.0 -9999.0 -9999.0 -9999.0 -9999.0 -9999.0 -9999.0 -9999.0 -9999.0 -9999.0 -9999.0 -9999.0 -9999.0 -9999.0 -9999.0 -9999.0 -9999.0 -9999.0 -9999.0 -9999.0 -9999.0 -9999.0 -9999.0 -9999.0 -9999.0 -9999.0 -9999.0 -9999.0 -9999.0 -9999.0 -9999.0 -9999.0 -9999.0 -9999.0 -9999.0 -9999.0 -9999.0 -9999.0 -9999.0 -9999.0 -9999.0 -9999.0 -9999.0 -9999.0 -9999.0 -9999.0 -9999.0 -9999.0 -9999.0 -9999.0 -9999.0 -9999.0 -9999.0 -9999.0 -9999.0 -9999.0 -9999.0 -9999.0 -9999.0 -9999.0 -9999.0 -9999.0 -9999.0 -9999.0
-9999.0 -9999.0 -9999.0 -9999.0 -9999.0 -9999.0 -9999.0 -9999.0 -9999.0 -9999.0 -9999.0 -9999.0 -9999.0 -9999.0 -9999.0 -9999.0 -9999.0 -9999.0 -9999.0 -9999.0 0.089737 0.090201 0.087952 0.085226 0.083280 0.083301 0.085652 0.088985 0.092868 0.094060 0.091727 0.091900 0.091179 0.091081 0.091355 0.091998 0.092242 0.093608 0.094644 0.094566 0.093748 0.093019 0.092715 0.093127 0.093793 0.092764 0.094499 0.096623 0.097619 0.097007 0.093483 0.091746 0.090998 0.089458 0.092370 0.093935 0.097160 0.097829 0.097869 0.094168 0.090697 -9999.0 -9999.0 -9999.0 -9999.0 -9999.0 -9999.0 -9999.0 -9999.0 -9999.0 -9999.0 -9999.0 -9999.0 -9999.0 -9999.0 -9999.0 -9999.0 -9999.0 -9999.0 -9999.0
-9999.0 -9999.0 -9999.0 -9999.0 -9999.0 -9999.0 -9999.0 -9999.0 -9999.0 -9999.0 -9999.0 -9999.0 -9999.0 -9999.0 0.083327 0.082607 0.082347 0.082646 0.084734 0.086855 0.087749 0.086947 0.087092 0.085111 0.083592 0.084563 0.086665 0.089223 0.092716 0.095246 0.093415 0.092987 0.094281 0.098309 0.100655 0.100078 0.096421 0.100047 0.102840 0.104667 0.104434 0.102663 0.105654 0.109238 0.107672 0.103995 0.104563 0.106907 0.110444 0.107314 0.095842 0.093281 0.093184 0.092638 0.091217 0.090492 0.093597 0.093718 0.092824 0.091046 0.088061 0.084592 0.083396 0.086279 0.090279 0.097744 -9999.0 -9999.0 -9999.0 -9999.0 -9999.0 -9999.0 -9999.0 -9999.0 -9999.0 -9999.0 -9999.0 -9999.0 -9999.0 -9999.0
-9999.0 -9999.0 -9999.0 -9999.0 -9999.0 -9999.0 -9999.0 -9999.0 -9999.0 0.080721 0.080756 0.081050 0.080940 0.081708 0.081310 0.081637 0.081908 0.083330 0.085208 0.087883 0.090696 0.089377 0.089296 0.090628 0.091369 0.092680 0.095003 0.100971 0.108983 0.119586 0.111559 0.110969 0.115620 0.131386 0.147566 0.152267 0.143494 0.143915 0.155647 0.169158 0.168235 0.167025 0.180609 0.188226 0.193984 0.182673 0.170954 0.169319 0.185537 0.156938 0.130402 0.113655 0.114362 0.107175 0.099439 0.096092 0.095668 0.099478 0.097271 0.092439 0.088677 0.088223 0.086787 0.088286 0.090441 0.096364 0.102618 0.108579 0.108877 0.105272 -9999.0 -9999.0 -9999.0 -9999.0 -9999.0 -9999.0 -9999.0 -9999.0 -9999.0 -9999.0
-9999.0 -9999.0 -9999.0 -9999.0 -9999.0 -9999.0 0.078202 0.078353 0.078934 0.078676 0.079603 0.079632 0.080491 0.081278 0.082217 0.082995 0.084969 0.087312 0.091154 0.096480 0.101392 0.100342 0.101865 0.108665 0.120009 0.130664 0.138986 0.154843 0.198502 0.228719 0.241013 0.245335 0.253262 0.293612 0.340036 0.349999 0.338547 0.327605 0.337635 0.355370 0.358772 0.358667 0.360975 0.365011 0.370000 0.370000 0.358033 0.348351 0.344322 0.340368 0.305303 0.250521 0.217661 0.187508 0.146187 0.123736 0.123141 0.128650 0.119278 0.106576 0.099009 0.097748 0.095902 0.093984 0.094799 0.097638 0.101713 0.104077 0.102008 0.098819 0.095701 0.092081 0.092389 0.095789 -9999.0 -9999.0 -9999.0 -9999.0 -9999.0 -9999.0
-9999.0 -9999.0 -9999.0 -9999.0 0.076654 0.077034 0.076314 0.076999 0.077867 0.078831 0.079778 0.081420 0.082651 0.084349 0.087473 0.091011 0.096236 0.101210 0.112230 0.132913 0.154937 0.168595 0.175292 0.214169 0.264699 0.309375 0.322352 0.336900 0.356193 0.370000 0.370000 0.370000 0.370000 0.370000 0.370000 0.370000 0.370000 0.370000 0.370000 0.370000 0.370000 0.370000 0.370000 0.370000 0.370000 0.370000 0.370000 0.370000 0.370000 0.370000 0.370000 0.370000 0.369753 0.358963 0.350600 0.323783 0.262554 0.242288 0.203292 0.171556 0.139642 0.130459 0.120591 0.114082 0.107084 0.107619 0.108715 0.104919 0.099806 0.095247 0.093628 0.091582 0.090451 0.094217 0.096605 0.101810 -9999.0 -9999.0 -9999.0 -9999.0
-9999.0 -9999.0 0.075809 0.076522 0.078040 0.077914 0.077798 0.077660 0.078416 0.080419 0.084965 0.088969 0.093774 0.097394 0.107867 0.131753 0.163715 0.189236 0.227621 0.281912 0.327211 0.346296 0.353848 0.369500 0.370000 0.370000 0.370000 0.370000 0.370000 0.370000 0.370000 0.370000 0.370000 0.370000 0.370000 0.370000 0.370000 0.370000 0.370000 0.370000 0.370000 0.370000 0.370000 0.370000 0.370000 0.370000 0.370000 0.370000 0.370000 0.370000 0.370000 0.370000 0.370000 0.370000 0.370000 0.370000 0.370000 0.370000 0.364083 0.348221 0.300056 0.253538 0.214736 0.182892 0.155209 0.141720 0.125368 0.114544 0.105037 0.097573 0.094622 0.092589 0.092632 0.092716 0.094926 0.097208 0.099810 0.101160 -9999.0 -9999.0
-9999.0 0.074729 0.075218 0.078065 0.080324 0.082220 0.084599 0.086705 0.088543 0.089050 0.104123 0.133278 0.173779 0.187618 0.222759 0.298595 0.350975 0.367663 0.370000 0.370000 0.370000 0.370000 0.370000 0.370000 0.370000 0.370000 0.370000 0.370000 0.370000 0.370000 0.370000 0.370000 0.370000 0.370000 0.370000 0.370000 0.370000 0.370000 0.370000 0.370000 0.370000 0.370000 0.370000 0.370000 0.370000 0.370000 0.370000 0.370000 0.370000 0.370000 0.370000 0.370000 0.370000 0.370000 0.370000 0.370000 0.370000 0.370000 0.370000 0.370000 0.370000 0.370000 0.347558 0.312017 0.262749 0.212365 0.176712 0.149661 0.126206 0.116023 0.109301 0.099447 0.096149 0.096825 0.095609 0.095396 0.096465 0.097458 -9999.0 -9999.0
-9999.0 0.073493 0.075377 0.079881 0.088289 0.093975 0.117229 0.146197 0.157996 0.147494 0.202885 0.355236 0.370000 0.370000 0.370000 0.370000 0.370000 0.370000 0.370000 0.370000 0.370000 0.370000 0.370000 0.370000 0.370000 0.370000 0.370000 0.370000 0.370000 0.370000 0.370000 0.370000 0.370000 0.370000 0.370000 0.370000 0.370000 0.370000 0.366474 0.353785 0.348647 0.360211 0.354463 0.343105 0.340203 0.353656 0.367497 0.363489 0.363314 0.370000 0.370000 0.370000 0.370000 0.370000 0.370000 0.370000 0.370000 0.370000 0.370000 0.370000 0.370000 0.370000 0.370000 0.370000 0.363908 0.323127 0.286309 0.247236 0.204364 0.177466 0.152750 0.129907 0.113049 0.107436 0.100144 0.097147 -9999.0 -9999.0 -9999.0 -9999.0
-9999.0 0.073133 0.075189 0.083549 0.117421 0.166506 0.305106 0.370000 0.370000 0.370000 0.370000 0.370000 0.370000 0.370000 0.370000 0.370000 0.370000 0.370000 0.370000 0.370000 0.370000 0.370000 0.370000 0.370000 0.370000 0.370000 0.370000 0.370000 0.370000 0.370000 0.370000 0.370000 0.365543 0.314437 0.281721 0.259000 0.220996 0.215886 0.205850 0.186425 0.176352 0.169669 0.178905 0.176790 0.175986 0.181282 0.194782 0.203543 0.229663 0.254461 0.289124 0.324094 0.341383 0.363623 0.370000 0.370000 0.370000 0.370000 0.370000 0.370000 0.370000 0.370000 0.370000 0.370000 0.370000 0.370000 0.370000 0.362215 0.337226 0.303359 0.262477 0.217341 0.174299 0.133463 0.120408 -9999.0 -9999.0 -9999.0 -9999.0 -9999.0
-9999.0 0.071708 0.074561 0.081713 0.135752 0.338107 0.367624 0.370000 0.370000 0.370000 0.370000 0.370000 0.370000 0.370000 0.370000 0.370000 0.370000 0.370000 0.370000 0.370000 0.370000 0.370000 0.370000 0.370000 0.370000 0.369715 0.364692 0.357561 0.332768 0.301004 0.239514 0.227515 0.181493 0.147018 0.129822 0.116214 0.104710 0.104486 0.107706 0.104246 0.100375 0.097284 0.101326 0.103809 0.105789 0.103837 0.105263 0.112431 0.125211 0.138968 0.159517 0.187855 0.214500 0.250391 0.278375 0.319235 0.345744 0.368335 0.370000 0.370000 0.370000 0.370000 0.370000 0.370000 0.370000 0.370000 0.370000 0.370000 0.370000 0.370000 0.368901 0.335282 0.290491 -9999.0 -9999.0 -9999.0 -9999.0 -9999.0 -9999.0 -9999.0
-9999.0 0.071023 0.073192 0.075274 0.087964 0.129911 0.205792 0.286088 0.332538 0.325125 0.330495 0.343710 0.357843 0.365513 0.354277 0.333792 0.314939 0.317229 0.317826 0.297711 0.272350 0.259305 0.259642 0.253738 0.232024 0.219853 0.212734 0.198148 0.176336 0.150037 0.120528 0.105528 0.095745 0.091514 0.088623 0.085952 0.083043 0.083951 0.085096 0.084723 0.083782 0.083347 0.085480 0.086794 0.087636 0.086204 0.087748 0.090149 0.094855 0.100582 0.109045 0.121913 0.138833 0.150466 0.157002 0.171790 0.195513 0.232970 0.302121 0.359466 0.370000 0.370000 0.370000 0.370000 0.370000 0.370000 0.370000 0.370000 0.370000 0.370000 0.370000 -9999.0 -9999.0 -9999.0 -9999.0 -9999.0 -9999.0 -9999.0 -9999.0 -9999.0
-9999.0 -9999.0 0.070726 0.071691 0.073039 0.075799 0.080683 0.086846 0.092730 0.104008 0.123304 0.148047 0.165395 0.173396 0.162670 0.142645 0.132017 0.132463 0.129651 0.124849 0.117418 0.115188 0.113260 0.111694 0.108525 0.106953 0.106043 0.104176 0.100452 0.093887 0.088247 0.084346 0.081210 0.080312 0.079511 0.078657 0.078698 0.078636 0.078882 0.078879 0.079047 0.079457 0.080224 0.081115 0.081471 0.081755 0.082336 0.083611 0.085716 0.088858 0.094284 0.102283 0.109252 0.111374 0.108739 0.109779 0.114696 0.126653 0.161519 0.212412 0.280356 0.327363 0.366978 0.370000 0.370000 0.370000 0.370000 0.370000 0.370000 0.370000 -9999.0 -9999.0 -9999.0 -9999.0 -9999.0 -9999.0 -9999.0 -9999.0 -9999.0 -9999.0
-9999.0 -9999.0 -9999.0 -9999.0 0.070580 0.071724 0.072944 0.073358 0.075163 0.077326 0.080178 0.083793 0.087106 0.089014 0.087524 0.086702 0.085986 0.085900 0.085341 0.084812 0.084356 0.083887 0.083336 0.082886 0.082856 0.083077 0.083019 0.082291 0.081661 0.080283 0.079425 0.078306 0.077327 0.076615 0.076444 0.076311 0.076401 0.076239 0.076521 0.076532 0.076876 0.077199 0.077805 0.078657 0.078887 0.079391 0.079683 0.080519 0.081698 0.084635 0.089519 0.095669 0.100301 0.100469 0.095960 0.093651 0.092968 0.096307 0.103380 0.118244 0.154029 0.191937 0.236465 0.279838 0.310857 0.350733 0.370000 0.370000 -9999.0 -9999.0 -9999.0 -9999.0 -9999.0 -9999.0 -9999.0 -9999.0 -9999.0 -9999.0 -9999.0 -9999.0
-9999.0 -9999.0 -9999.0 -9999.0 -9999.0 -9999.0 0.070804 0.071354 0.071447 0.072198 0.073137 0.074199 0.075555 0.075884 0.076252 0.076989 0.076822 0.076345 0.075874 0.076442 0.076722 0.076668 0.075873 0.075929 0.076013 0.076307 0.076281 0.076231 0.075558 0.075991 0.076124 0.075729 0.075337 0.075240 0.075043 0.075380 0.075419 0.075106 0.075083 0.075633 0.075951 0.076096 0.076488 0.077248 0.078180 0.078545 0.078438 0.078426 0.079917 0.083381 0.088364 0.093638 0.097386 0.098243 0.093971 0.089110 0.086903 0.087143 0.089956 0.095673 0.108101 0.118779 0.127331 0.134672 0.145260 0.196595 -9999.0 -9999.0 -9999.0 -9999.0 -9999.0 -9999.0 -9999.0 -9999.0 -9999.0 -9999.0 -9999.0 -9999.0 -9999.0 -9999.0
-9999.0 -9999.0 -9999.0 -9999.0 -9999.0 -9999.0 -9999.0 -9999.0 -9999.0 -9999.0 -9999.0 -9999.0 -9999.0 -9999.0 -9999.0 -9999.0 -9999.0 -9999.0 -9999.0 -9999.0 -9999.0 -9999.0 -9999.0 -9999.0 -9999.0 -9999.0 -9999.0 -9999.0 -9999.0 -9999.0 -9999.0 -9999.0 -9999.0 -9999.0 -9999.0 -9999.0 -9999.0 -9999.0 -9999.0 -9999.0 -9999.0 -9999.0 -9999.0 -9999.0 -9999.0 -9999.0 -9999.0 -9999.0 -9999.0 -9999.0 -9999.0 -9999.0 -9999.0 -9999.0 -9999.0 -9999.0 -9999.0 -9999.0 -9999.0 -9999.0 -9999.0 -9999.0 -9999.0 -9999.0 -9999.0 -9999.0 -9999.0 -9999.0 -9999.0 -9999.0 -9999.0 -9999.0 -9999.0 -9999.0 -9999.0 -9999.0 -9999.0 -9999.0 -9999.0 -9999.0
-9999.0 -9999.0 -9999.0 -9999.0 -9999.0 -9999.0 -9999.0 -9999.0 -9999.0 -9999.0 -9999.0 -9999.0 -9999.0 -9999.0 -9999.0 -9999.0 -9999.0 -9999.0 -9999.0 -9999.0 -9999.0 -9999.0 -9999.0 -9999.0 -9999.0 -9999.0 -9999.0 -9999.0 -9999.0 -9999.0 -9999.0 -9999.0 -9999.0 -9999.0 -9999.0 -9999.0 -9999.0 -9999.0 -9999.0 -9999.0 -9999.0 -9999.0 -9999.0 -9999.0 -9999.0 -9999.0 -9999.0 -9999.0 -9999.0 -9999.0 -9999.0 -9999.0 -9999.0 -9999.0 -9999.0 -9999.0 -9999.0 -9999.0 -9999.0 -9999.0 -9999.0 -9999.0 -9999.0 -9999.0 -9999.0 -9999.0 -9999.0 -9999.0 -9999.0 -9999.0 -9999.0 -9999.0 -9999.0 -9999.0 -9999.0 -9999.0 -9999.0 -9999.0 -9999.0 -9999.0