Borden_/Borden1m_014/output_maps/thetaliqL0002N0005.asc
ncols         80
nrows         18
xllcorner     620200.000000
yllcorner     5168000.000000
cellsize      1.000000
NODATA_value  -9999.0
-9999.0 -9999.0 -9999.0 -9999.0 -9999.0 -9999.0 -9999.0 -9999.0 -9999.0 -9999.0 -9999.0 -9999.0 -9999.0 -9999.0 -9999.0 -9999.0 -9999.0 -9999.0 -9999.0 -9999.0 -9999.0 -9999.0 -9999.0 -9999.0 -9999.0 -9999.0 -9999.0 -9999.0 -9999.0 -9999.0 -9999.0 -9999.0 -9999.0 -9999.0 -9999.0 -9999.0 -9999.0 -9999.0 -9999.0 -9999.0 -9999.0 -9999.0 -9999.0 -9999.0 -9999.0 -9999.0 -9999.0 -9999.0 -9999.0 -9999.0 -9999.0 -9999.0 -9999.0 -9999.0 -9999.0 -9999.0 -9999.0 -9999.0 -9999.0 -9999.0 -9999.0 -9999.0 -9999.0 -9999.0 -9999.0 -9999.0 -9999.0 -9999.0 -9999.0 -9999.0 -9999.0 -9999.0 -9999.0 -9999.0 -9999.0 -9999.0 -9999.0 -9999.0 -9999.0 -9999.0
-9999.0 -9999.0 -9999.0 -9999.0 -9999.0 -9999.0 -9999.0 -9999.0 -9999.0 -9999.0 -9999.0 -9999.0 -9999.0 -9999.0 -9999.0 -9999.0 -9999.0 -9999.0 -9999.0 -9999.0 -9999.0 -9999.0 -9999.0 -9999.0 -9999.0 -9999.0 -9999.0 -9999.0 -9999.0 -9999.0 -9999.0 -9999.0 -9999.0 -9999.0 -9999.0 -9999.0 -9999.0 -9999.0 -9999.0 -9999.0 -9999.0 -9999.0 -9999.0 -9999.0 -9999.0 -9999.0 -9999.0 -9999.0 -9999.0 -9999.0 -9999.0 -9999.0 -9999.0 -9999.0 -9999.0 -9999.0 -9999.0 -9999.0 -9999.0 -9999.0 -9999.0 -9999.0 -9999.0 -9999.0 -9999.0 -9999.0 -9999.0 -9999.0 -9999.0 -9999.0 -9999.0 -9999.0 -9999.0 -9999.0 -9999.0 -9999.0 -9999.0 -9999.0 -9999.0 -9999.0
-9999.0 -9999.0 -9999.0 -9999.0 -9999.0 -9999.0 -9999.0 -9999.0 -9999.0 -9999.0 -9999.0 -9999.0 -9999.0 -9999.0 -9999.0 -9999.0 -9999.0 -9999.0 -9999.0 -9999.0 0.196474 0.197571 0.195217 0.192525 0.190233 0.189943 0.192496 0.195418 0.198754 0.199371 0.196660 0.197361 0.196293 0.195647 0.195567 0.196331 0.196731 0.197773 0.198427 0.198088 0.197266 0.196704 0.196196 0.196347 0.197288 0.195980 0.197834 0.199627 0.200227 0.200254 0.197880 0.196915 0.196554 0.194417 0.198258 0.199338 0.202110 0.202360 0.202896 0.199784 0.196696 -9999.0 -9999.0 -9999.0 -9999.0 -9999.0 -9999.0 -9999.0 -9999.0 -9999.0 -9999.0 -9999.0 -9999.0 -9999.0 -9999.0 -9999.0 -9999.0 -9999.0 -9999.0 -9999.0
-9999.0 -9999.0 -9999.0 -9999.0 -9999.0 -9999.0 -9999.0 -9999.0 -9999.0 -9999.0 -9999.0 -9999.0 -9999.0 -9999.0 0.192159 0.190859 0.190252 0.189851 0.192156 0.193946 0.193977 0.192634 0.193751 0.191144 0.188824 0.190213 0.192182 0.193761 0.196387 0.198377 0.196516 0.196052 0.197029 0.200497 0.201948 0.201177 0.196991 0.200967 0.202896 0.204118 0.203957 0.202045 0.204626 0.207665 0.206094 0.202895 0.203606 0.205409 0.208336 0.206966 0.196874 0.195999 0.196548 0.196801 0.195383 0.194372 0.198245 0.197663 0.197054 0.196420 0.194202 0.190542 0.188896 0.192730 0.196071 0.202881 -9999.0 -9999.0 -9999.0 -9999.0 -9999.0 -9999.0 -9999.0 -9999.0 -9999.0 -9999.0 -9999.0 -9999.0 -9999.0 -9999.0
-9999.0 -9999.0 -9999.0 -9999.0 -9999.0 -9999.0 -9999.0 -9999.0 -9999.0 0.190030 0.189672 0.190032 0.189159 0.190297 0.188353 0.188799 0.188424 0.190024 0.191281 0.193457 0.196375 0.194204 0.193908 0.195406 0.195488 0.195962 0.197182 0.201836 0.206955 0.215095 0.207737 0.207294 0.210387 0.221148 0.231247 0.234240 0.228263 0.228256 0.235580 0.244804 0.244929 0.244248 0.252967 0.257888 0.262031 0.255500 0.246663 0.243383 0.253428 0.236354 0.220252 0.208627 0.211085 0.205948 0.200225 0.198178 0.197426 0.201796 0.200196 0.196280 0.193067 0.194115 0.192261 0.194099 0.195325 0.200496 0.205092 0.209541 0.209747 0.206901 -9999.0 -9999.0 -9999.0 -9999.0 -9999.0 -9999.0 -9999.0 -9999.0 -9999.0 -9999.0
-9999.0 -9999.0 -9999.0 -9999.0 -9999.0 -9999.0 0.187754 0.187595 0.188335 0.185932 0.187600 0.186419 0.187615 0.188117 0.188914 0.188904 0.190864 0.192587 0.195496 0.199290 0.202794 0.200723 0.201611 0.206508 0.214446 0.221050 0.225734 0.234858 0.262373 0.281369 0.288208 0.290537 0.294634 0.319359 0.355572 0.365495 0.353997 0.343948 0.354082 0.370000 0.370000 0.370000 0.370000 0.370000 0.370000 0.370000 0.370000 0.367221 0.360605 0.356059 0.327440 0.293730 0.274964 0.256904 0.230225 0.214943 0.215655 0.220337 0.214368 0.205483 0.200265 0.200410 0.199420 0.197429 0.198438 0.200506 0.203689 0.205710 0.204192 0.202140 0.200634 0.197223 0.197782 0.201080 -9999.0 -9999.0 -9999.0 -9999.0 -9999.0 -9999.0
-9999.0 -9999.0 -9999.0 -9999.0 0.184103 0.185194 0.181925 0.183763 0.185171 0.186235 0.186188 0.188034 0.188512 0.189824 0.192604 0.194596 0.198346 0.201180 0.208893 0.222538 0.235621 0.243642 0.248071 0.272931 0.302075 0.330277 0.339959 0.354348 0.370000 0.370000 0.370000 0.370000 0.370000 0.370000 0.370000 0.370000 0.370000 0.370000 0.370000 0.370000 0.370000 0.370000 0.370000 0.370000 0.370000 0.370000 0.370000 0.370000 0.370000 0.370000 0.370000 0.370000 0.370000 0.370000 0.369534 0.341950 0.300586 0.288944 0.265921 0.245326 0.225678 0.220926 0.214763 0.211050 0.205747 0.206883 0.208503 0.205741 0.202142 0.198722 0.198351 0.196849 0.195094 0.199415 0.200868 0.205439 -9999.0 -9999.0 -9999.0 -9999.0
-9999.0 -9999.0 0.183915 0.183960 0.186932 0.185077 0.183942 0.182390 0.183020 0.185819 0.191016 0.192989 0.196422 0.198237 0.205943 0.222048 0.241658 0.258798 0.280792 0.312223 0.344068 0.363368 0.370000 0.370000 0.370000 0.370000 0.370000 0.370000 0.370000 0.370000 0.370000 0.370000 0.370000 0.370000 0.370000 0.370000 0.370000 0.370000 0.370000 0.370000 0.370000 0.370000 0.370000 0.370000 0.370000 0.370000 0.370000 0.370000 0.370000 0.370000 0.370000 0.370000 0.370000 0.370000 0.370000 0.370000 0.370000 0.370000 0.370000 0.368424 0.324630 0.295306 0.269419 0.251052 0.235278 0.228040 0.217795 0.211310 0.205253 0.199548 0.197849 0.196850 0.197703 0.197057 0.199346 0.201022 0.203565 0.204499 -9999.0 -9999.0
-9999.0 0.182957 0.181941 0.187172 0.188005 0.189001 0.190086 0.191081 0.192506 0.190724 0.204042 0.224507 0.251804 0.258705 0.277094 0.322638 0.369752 0.370000 0.370000 0.370000 0.370000 0.370000 0.370000 0.370000 0.370000 0.370000 0.370000 0.370000 0.370000 0.370000 0.370000 0.370000 0.370000 0.370000 0.370000 0.370000 0.370000 0.370000 0.370000 0.370000 0.370000 0.370000 0.370000 0.370000 0.370000 0.370000 0.370000 0.370000 0.370000 0.370000 0.370000 0.370000 0.370000 0.370000 0.370000 0.370000 0.370000 0.370000 0.370000 0.370000 0.370000 0.370000 0.368907 0.333065 0.299664 0.267014 0.247144 0.232041 0.217737 0.212025 0.208476 0.200682 0.198743 0.200531 0.199491 0.199368 0.200366 0.201138 -9999.0 -9999.0
-9999.0 0.177847 0.182611 0.188163 0.195068 0.195470 0.213407 0.235935 0.242835 0.233482 0.266463 0.370000 0.370000 0.370000 0.370000 0.370000 0.370000 0.370000 0.370000 0.370000 0.370000 0.370000 0.370000 0.370000 0.370000 0.370000 0.370000 0.370000 0.370000 0.370000 0.370000 0.370000 0.370000 0.370000 0.370000 0.370000 0.370000 0.370000 0.370000 0.370000 0.369448 0.370000 0.370000 0.360556 0.357897 0.370000 0.370000 0.370000 0.370000 0.370000 0.370000 0.370000 0.370000 0.370000 0.370000 0.370000 0.370000 0.370000 0.370000 0.370000 0.370000 0.370000 0.370000 0.370000 0.370000 0.344059 0.315009 0.290118 0.262772 0.247885 0.234091 0.220771 0.209697 0.207446 0.201764 0.200992 -9999.0 -9999.0 -9999.0 -9999.0
-9999.0 0.177355 0.182007 0.192509 0.217694 0.242525 0.330727 0.370000 0.370000 0.370000 0.370000 0.370000 0.370000 0.370000 0.370000 0.370000 0.370000 0.370000 0.370000 0.370000 0.370000 0.370000 0.370000 0.370000 0.370000 0.370000 0.370000 0.370000 0.370000 0.370000 0.370000 0.370000 0.370000 0.337231 0.312202 0.298768 0.276926 0.274530 0.268277 0.254969 0.248230 0.245988 0.250563 0.248030 0.247359 0.251770 0.261833 0.266083 0.280883 0.295717 0.316835 0.341921 0.361187 0.370000 0.370000 0.370000 0.370000 0.370000 0.370000 0.370000 0.370000 0.370000 0.370000 0.370000 0.370000 0.370000 0.370000 0.370000 0.355608 0.326254 0.299812 0.270158 0.246391 0.223940 0.216430 -9999.0 -9999.0 -9999.0 -9999.0 -9999.0
-9999.0 0.170310 0.181820 0.190389 0.229588 0.352974 0.369998 0.370000 0.370000 0.370000 0.370000 0.370000 0.370000 0.370000 0.370000 0.370000 0.370000 0.370000 0.370000 0.370000 0.370000 0.370000 0.370000 0.370000 0.370000 0.370000 0.370000 0.370000 0.351429 0.325002 0.287242 0.281389 0.254757 0.231230 0.221149 0.212500 0.203837 0.204191 0.207573 0.204801 0.201774 0.198550 0.202463 0.204275 0.206018 0.203826 0.204368 0.209594 0.218041 0.226026 0.237759 0.253607 0.268429 0.292293 0.310049 0.338140 0.366545 0.370000 0.370000 0.370000 0.370000 0.370000 0.370000 0.370000 0.370000 0.370000 0.370000 0.370000 0.370000 0.370000 0.370000 0.350634 0.313449 -9999.0 -9999.0 -9999.0 -9999.0 -9999.0 -9999.0 -9999.0
-9999.0 0.166769 0.178785 0.180551 0.195786 0.224471 0.269726 0.315396 0.347905 0.342520 0.347400 0.361689 0.370000 0.370000 0.370000 0.351305 0.334475 0.336138 0.336458 0.322343 0.306476 0.298792 0.299131 0.295916 0.283490 0.276431 0.272000 0.262534 0.248202 0.233516 0.215167 0.204972 0.197699 0.195251 0.193430 0.191466 0.187585 0.189788 0.191459 0.191058 0.189831 0.188901 0.191866 0.192900 0.193834 0.191145 0.193030 0.194678 0.198419 0.202239 0.207671 0.215752 0.226229 0.232741 0.236212 0.244645 0.258400 0.282993 0.327834 0.370000 0.370000 0.370000 0.370000 0.370000 0.370000 0.370000 0.370000 0.370000 0.370000 0.370000 0.370000 -9999.0 -9999.0 -9999.0 -9999.0 -9999.0 -9999.0 -9999.0 -9999.0 -9999.0
-9999.0 -9999.0 0.164206 0.168903 0.173100 0.177743 0.184391 0.190527 0.194617 0.204166 0.217991 0.233444 0.244980 0.250626 0.242594 0.228967 0.222175 0.223005 0.221232 0.218336 0.213152 0.212027 0.210738 0.209859 0.207554 0.206544 0.206116 0.205154 0.202948 0.197853 0.193512 0.190453 0.187036 0.187182 0.186640 0.185462 0.186498 0.186230 0.186553 0.186390 0.186699 0.187278 0.187951 0.188900 0.188949 0.189235 0.189563 0.190579 0.192133 0.194195 0.198193 0.204061 0.208549 0.209600 0.207134 0.207761 0.210891 0.218105 0.239313 0.270380 0.311544 0.347892 0.370000 0.370000 0.370000 0.370000 0.370000 0.370000 0.370000 0.370000 -9999.0 -9999.0 -9999.0 -9999.0 -9999.0 -9999.0 -9999.0 -9999.0 -9999.0 -9999.0
-9999.0 -9999.0 -9999.0 -9999.0 0.162081 0.168755 0.175164 0.174557 0.179411 0.182559 0.185511 0.189001 0.191901 0.193771 0.191538 0.191155 0.190755 0.191076 0.190585 0.190057 0.189862 0.189515 0.189124 0.188598 0.188841 0.189376 0.189521 0.188615 0.188600 0.186935 0.186763 0.185771 0.184810 0.183677 0.183922 0.183824 0.184333 0.183782 0.184608 0.184133 0.184770 0.185055 0.185822 0.187083 0.186628 0.187352 0.187384 0.188322 0.188696 0.191226 0.195333 0.200092 0.203332 0.203173 0.199028 0.197321 0.196291 0.198883 0.203226 0.212703 0.234989 0.256121 0.284889 0.311129 0.332735 0.370000 0.370000 0.370000 -9999.0 -9999.0 -9999.0 -9999.0 -9999.0 -9999.0 -9999.0 -9999.0 -9999.0 -9999.0 -9999.0 -9999.0
-9999.0 -9999.0 -9999.0 -9999.0 -9999.0 -9999.0 0.164991 0.168412 0.167388 0.170178 0.172750 0.174771 0.177735 0.177472 0.178398 0.180711 0.180413 0.179310 0.177925 0.179948 0.180877 0.181069 0.178825 0.179453 0.179709 0.180559 0.180470 0.180844 0.178960 0.181247 0.182369 0.181948 0.181544 0.181986 0.181505 0.182942 0.183114 0.181961 0.181610 0.183273 0.183754 0.183519 0.183838 0.184975 0.186634 0.186891 0.186149 0.185115 0.186786 0.190676 0.195067 0.198951 0.201491 0.202357 0.198893 0.194193 0.191841 0.191496 0.193395 0.197037 0.205864 0.211983 0.216561 0.220364 0.225886 0.258273 -9999.0 -9999.0 -9999.0 -9999.0 -9999.0 -9999.0 -9999.0 -9999.0 -9999.0 -9999.0 -9999.0 -9999.0 -9999.0 -9999.0
-9999.0 -9999.0 -9999.0 -9999.0 -9999.0 -9999.0 -9999.0 -9999.0 -9999.0 -9999.0 -9999.0 -9999.0 -9999.0 -9999.0 -9999.0 -9999.0 -9999.0 -9999.0 -9999.0 -9999.0 -9999.0 -9999.0 -9999.0 -9999.0 -9999.0 -9999.0 -9999.0 -9999.0 -9999.0 -9999.0 -9999.0 -9999.0 -9999.0 -9999.0 -9999.0 -9999.0 -9999.0 -9999.0 -9999.0 -9999.0 -9999.0 -9999.0 -9999.0 -9999.0 -9999.0 -9999.0 -9999.0 -9999.0 -9999.0 -9999.0 -9999.0 -9999.0 -9999.0 -9999.0 -9999.0 -9999.0 -9999.0 -9999.0 -9999.0 -9999.0 -9999.0 -9999.0 -9999.0 -9999.0 -9999.0 -9999.0 -9999.0 -9999.0 -9999.0 -9999.0 -9999.0 -9999.0 -9999.0 -9999.0 -9999.0 -9999.0 -9999.0 -9999.0 -9999.0 -9999.0
-9999.0 -9999.0 -9999.0 -9999.0 -9999.0 -9999.0 -9999.0 -9999.0 -9999.0 -9999.0 -9999.0 -9999.0 -9999.0 -9999.0 -9999.0 -9999.0 -9999.0 -9999.0 -9999.0 -9999.0 -9999.0 -9999.0 -9999.0 -9999.0 -9999.0 -9999.0 -9999.0 -9999.0 -9999.0 -9999.0 -9999.0 -9999.0 -9999.0 -9999.0 -9999.0 -9999.0 -9999.0 -9999.0 -9999.0 -9999.0 -9999.0 -9999.0 -9999.0 -9999.0 -9999.0 -9999.0 -9999.0 -9999.0 -9999.0 -9999.0 -9999.0 -9999.0 -9999.0 -9999.0 -9999.0 -9999.0 -9999.0 -9999.0 -9999.0 -9999.0 -9999.0 -9999.0 -9999.0 -9999.0 -9999.0 -9999.0 -9999.0 -9999.0 -9999.0 -9999.0 -9999.0 -9999.0 -9999.0 -9999.0 -9999.0 -9999.0 -9999.0 -9999.0 -9999.0 -9999.0