Borden_/Borden1m_014/output_maps/thetaliqL0007N0038.asc
ncols         80
nrows         18
xllcorner     620200.000000
yllcorner     5168000.000000
cellsize      1.000000
NODATA_value  -9999.0
-9999.0 -9999.0 -9999.0 -9999.0 -9999.0 -9999.0 -9999.0 -9999.0 -9999.0 -9999.0 -9999.0 -9999.0 -9999.0 -9999.0 -9999.0 -9999.0 -9999.0 -9999.0 -9999.0 -9999.0 -9999.0 -9999.0 -9999.0 -9999.0 -9999.0 -9999.0 -9999.0 -9999.0 -9999.0 -9999.0 -9999.0 -9999.0 -9999.0 -9999.0 -9999.0 -9999.0 -9999.0 -9999.0 -9999.0 -9999.0 -9999.0 -9999.0 -9999.0 -9999.0 -9999.0 -9999.0 -9999.0 -9999.0 -9999.0 -9999.0 -9999.0 -9999.0 -9999.0 -9999.0 -9999.0 -9999.0 -9999.0 -9999.0 -9999.0 -9999.0 -9999.0 -9999.0 -9999.0 -9999.0 -9999.0 -9999.0 -9999.0 -9999.0 -9999.0 -9999.0 -9999.0 -9999.0 -9999.0 -9999.0 -9999.0 -9999.0 -9999.0 -9999.0 -9999.0 -9999.0
-9999.0 -9999.0 -9999.0 -9999.0 -9999.0 -9999.0 -9999.0 -9999.0 -9999.0 -9999.0 -9999.0 -9999.0 -9999.0 -9999.0 -9999.0 -9999.0 -9999.0 -9999.0 -9999.0 -9999.0 -9999.0 -9999.0 -9999.0 -9999.0 -9999.0 -9999.0 -9999.0 -9999.0 -9999.0 -9999.0 -9999.0 -9999.0 -9999.0 -9999.0 -9999.0 -9999.0 -9999.0 -9999.0 -9999.0 -9999.0 -9999.0 -9999.0 -9999.0 -9999.0 -9999.0 -9999.0 -9999.0 -9999.0 -9999.0 -9999.0 -9999.0 -9999.0 -9999.0 -9999.0 -9999.0 -9999.0 -9999.0 -9999.0 -9999.0 -9999.0 -9999.0 -9999.0 -9999.0 -9999.0 -9999.0 -9999.0 -9999.0 -9999.0 -9999.0 -9999.0 -9999.0 -9999.0 -9999.0 -9999.0 -9999.0 -9999.0 -9999.0 -9999.0 -9999.0 -9999.0
-9999.0 -9999.0 -9999.0 -9999.0 -9999.0 -9999.0 -9999.0 -9999.0 -9999.0 -9999.0 -9999.0 -9999.0 -9999.0 -9999.0 -9999.0 -9999.0 -9999.0 -9999.0 -9999.0 -9999.0 0.281879 0.284265 0.266183 0.238410 0.215677 0.216993 0.244925 0.277963 0.305811 0.312889 0.300657 0.301559 0.297911 0.298060 0.300433 0.304624 0.306335 0.314125 0.319582 0.319614 0.315908 0.312248 0.311391 0.313842 0.316941 0.311323 0.319713 0.328478 0.331865 0.328939 0.312351 0.301319 0.295424 0.284642 0.302646 0.311270 0.325335 0.327787 0.327221 0.311028 0.289884 -9999.0 -9999.0 -9999.0 -9999.0 -9999.0 -9999.0 -9999.0 -9999.0 -9999.0 -9999.0 -9999.0 -9999.0 -9999.0 -9999.0 -9999.0 -9999.0 -9999.0 -9999.0 -9999.0
-9999.0 -9999.0 -9999.0 -9999.0 -9999.0 -9999.0 -9999.0 -9999.0 -9999.0 -9999.0 -9999.0 -9999.0 -9999.0 -9999.0 0.210182 0.202369 0.199943 0.206077 0.232257 0.256427 0.266648 0.260352 0.260139 0.240823 0.224543 0.235766 0.259505 0.284463 0.309307 0.322520 0.314709 0.313043 0.320067 0.335842 0.343041 0.342175 0.332053 0.342639 0.349228 0.352774 0.352744 0.350179 0.354990 0.359120 0.357627 0.352624 0.353142 0.356155 0.359513 0.355430 0.328636 0.315159 0.312880 0.308254 0.298895 0.294023 0.311266 0.312087 0.306707 0.294139 0.269471 0.233904 0.219950 0.251024 0.286692 0.325636 -9999.0 -9999.0 -9999.0 -9999.0 -9999.0 -9999.0 -9999.0 -9999.0 -9999.0 -9999.0 -9999.0 -9999.0 -9999.0 -9999.0
-9999.0 -9999.0 -9999.0 -9999.0 -9999.0 -9999.0 -9999.0 -9999.0 -9999.0 0.171524 0.173512 0.177785 0.178662 0.188872 0.187579 0.192142 0.197685 0.216937 0.241565 0.269996 0.292413 0.284707 0.284959 0.294622 0.300485 0.310014 0.323487 0.344217 0.358330 0.365533 0.361888 0.361755 0.364907 0.368859 0.369782 0.369876 0.369700 0.369742 0.369936 0.369990 0.369993 0.369993 0.369999 0.370000 0.370000 0.369999 0.369994 0.369991 0.369999 0.369934 0.368741 0.363702 0.363114 0.356107 0.340629 0.328469 0.326340 0.337500 0.329594 0.306470 0.279386 0.272139 0.258990 0.272135 0.289955 0.321886 0.341344 0.351773 0.351959 0.346235 -9999.0 -9999.0 -9999.0 -9999.0 -9999.0 -9999.0 -9999.0 -9999.0 -9999.0 -9999.0
-9999.0 -9999.0 -9999.0 -9999.0 -9999.0 -9999.0 0.132441 0.135837 0.144334 0.146884 0.159110 0.163135 0.175215 0.187720 0.201951 0.214691 0.239360 0.265878 0.298447 0.327633 0.343920 0.342969 0.347704 0.358724 0.366138 0.368638 0.369485 0.369932 0.370000 0.370000 0.370000 0.370000 0.370000 0.370000 0.370000 0.370000 0.370000 0.370000 0.370000 0.370000 0.370000 0.370000 0.370000 0.370000 0.370000 0.370000 0.370000 0.370000 0.370000 0.370000 0.370000 0.370000 0.370000 0.369999 0.369783 0.367773 0.367370 0.368107 0.365252 0.354645 0.337880 0.331939 0.323465 0.314418 0.317523 0.328717 0.340147 0.344880 0.339971 0.330404 0.317510 0.298575 0.299942 0.316984 -9999.0 -9999.0 -9999.0 -9999.0 -9999.0 -9999.0
-9999.0 -9999.0 -9999.0 -9999.0 0.115636 0.119239 0.115660 0.122794 0.134434 0.149100 0.166462 0.190318 0.209867 0.233097 0.267580 0.298449 0.328214 0.345890 0.361960 0.368898 0.369906 0.369987 0.369998 0.370000 0.370000 0.370000 0.370000 0.370000 0.370000 0.370000 0.370000 0.370000 0.370000 0.370000 0.370000 0.370000 0.370000 0.370000 0.370000 0.370000 0.370000 0.370000 0.370000 0.370000 0.370000 0.370000 0.370000 0.370000 0.370000 0.370000 0.370000 0.370000 0.370000 0.370000 0.370000 0.370000 0.370000 0.370000 0.370000 0.369990 0.369513 0.368501 0.365837 0.361762 0.354105 0.353615 0.354018 0.347644 0.335012 0.317731 0.308423 0.295708 0.288566 0.309924 0.321128 0.337451 -9999.0 -9999.0 -9999.0 -9999.0
-9999.0 -9999.0 0.101740 0.113537 0.131834 0.135065 0.135898 0.137708 0.149833 0.178486 0.237509 0.281705 0.315784 0.334305 0.357626 0.368766 0.369977 0.370000 0.370000 0.370000 0.370000 0.370000 0.370000 0.370000 0.370000 0.370000 0.370000 0.370000 0.370000 0.370000 0.370000 0.370000 0.370000 0.370000 0.370000 0.370000 0.370000 0.370000 0.370000 0.370000 0.370000 0.370000 0.370000 0.370000 0.370000 0.370000 0.370000 0.370000 0.370000 0.370000 0.370000 0.370000 0.370000 0.370000 0.370000 0.370000 0.370000 0.370000 0.370000 0.370000 0.370000 0.370000 0.370000 0.369998 0.369884 0.369326 0.366647 0.360808 0.348684 0.328953 0.315537 0.303588 0.302374 0.303178 0.314067 0.323693 0.332074 0.335921 -9999.0 -9999.0
-9999.0 0.087184 0.097069 0.130728 0.168943 0.198602 0.230796 0.255635 0.275375 0.286515 0.350827 0.368855 0.369989 0.369999 0.370000 0.370000 0.370000 0.370000 0.370000 0.370000 0.370000 0.370000 0.370000 0.370000 0.370000 0.370000 0.370000 0.370000 0.370000 0.370000 0.370000 0.370000 0.370000 0.370000 0.370000 0.370000 0.370000 0.370000 0.370000 0.370000 0.370000 0.370000 0.370000 0.370000 0.370000 0.370000 0.370000 0.370000 0.370000 0.370000 0.370000 0.370000 0.370000 0.370000 0.370000 0.370000 0.370000 0.370000 0.370000 0.370000 0.370000 0.370000 0.370000 0.370000 0.370000 0.370000 0.369992 0.369696 0.366893 0.361760 0.354602 0.334882 0.322262 0.323232 0.317877 0.316527 0.320694 0.324481 -9999.0 -9999.0
-9999.0 0.081069 0.097292 0.158361 0.264412 0.312785 0.362200 0.369392 0.369855 0.369647 0.370000 0.370000 0.370000 0.370000 0.370000 0.370000 0.370000 0.370000 0.370000 0.370000 0.370000 0.370000 0.370000 0.370000 0.370000 0.370000 0.370000 0.370000 0.370000 0.370000 0.370000 0.370000 0.370000 0.370000 0.370000 0.370000 0.370000 0.370000 0.370000 0.370000 0.370000 0.370000 0.370000 0.370000 0.370000 0.370000 0.370000 0.370000 0.370000 0.370000 0.370000 0.370000 0.370000 0.370000 0.370000 0.370000 0.370000 0.370000 0.370000 0.370000 0.370000 0.370000 0.370000 0.370000 0.370000 0.370000 0.370000 0.370000 0.370000 0.369976 0.369652 0.367261 0.358899 0.350806 0.335010 0.323856 -9999.0 -9999.0 -9999.0 -9999.0
-9999.0 0.077348 0.094959 0.201505 0.359810 0.369872 0.370000 0.370000 0.370000 0.370000 0.370000 0.370000 0.370000 0.370000 0.370000 0.370000 0.370000 0.370000 0.370000 0.370000 0.370000 0.370000 0.370000 0.370000 0.370000 0.370000 0.370000 0.370000 0.370000 0.370000 0.370000 0.370000 0.370000 0.370000 0.370000 0.370000 0.370000 0.370000 0.370000 0.369999 0.369995 0.369987 0.369996 0.369996 0.369996 0.369998 0.370000 0.370000 0.370000 0.370000 0.370000 0.370000 0.370000 0.370000 0.370000 0.370000 0.370000 0.370000 0.370000 0.370000 0.370000 0.370000 0.370000 0.370000 0.370000 0.370000 0.370000 0.370000 0.370000 0.370000 0.370000 0.370000 0.369954 0.367376 0.362291 -9999.0 -9999.0 -9999.0 -9999.0 -9999.0
-9999.0 0.072315 0.085767 0.173289 0.365810 0.370000 0.370000 0.370000 0.370000 0.370000 0.370000 0.370000 0.370000 0.370000 0.370000 0.370000 0.370000 0.370000 0.370000 0.370000 0.370000 0.370000 0.370000 0.370000 0.370000 0.370000 0.370000 0.370000 0.370000 0.370000 0.370000 0.370000 0.369997 0.369771 0.368459 0.364110 0.352654 0.351476 0.355503 0.350143 0.341438 0.332416 0.343973 0.349470 0.352846 0.350041 0.353093 0.361378 0.367389 0.369394 0.369951 0.370000 0.370000 0.370000 0.370000 0.370000 0.370000 0.370000 0.370000 0.370000 0.370000 0.370000 0.370000 0.370000 0.370000 0.370000 0.370000 0.370000 0.370000 0.370000 0.370000 0.370000 0.370000 -9999.0 -9999.0 -9999.0 -9999.0 -9999.0 -9999.0 -9999.0
-9999.0 0.070095 0.075212 0.096652 0.237953 0.364823 0.369998 0.370000 0.370000 0.370000 0.370000 0.370000 0.370000 0.370000 0.370000 0.370000 0.370000 0.370000 0.370000 0.370000 0.370000 0.370000 0.370000 0.370000 0.370000 0.370000 0.370000 0.370000 0.369993 0.369783 0.366031 0.353099 0.325524 0.300776 0.276927 0.249477 0.217381 0.225643 0.237614 0.233526 0.223169 0.219230 0.242954 0.257699 0.265732 0.254652 0.269350 0.290369 0.319138 0.340933 0.357065 0.366094 0.369235 0.369811 0.369935 0.369993 0.370000 0.370000 0.370000 0.370000 0.370000 0.370000 0.370000 0.370000 0.370000 0.370000 0.370000 0.370000 0.370000 0.370000 0.370000 -9999.0 -9999.0 -9999.0 -9999.0 -9999.0 -9999.0 -9999.0 -9999.0 -9999.0
-9999.0 -9999.0 0.070064 0.073744 0.081694 0.108101 0.167033 0.243827 0.301438 0.347105 0.365932 0.369616 0.369946 0.369980 0.369938 0.369540 0.368731 0.368707 0.368268 0.367286 0.364736 0.363329 0.361821 0.360310 0.357055 0.354814 0.353041 0.349139 0.339512 0.312669 0.272184 0.229266 0.187952 0.171633 0.158830 0.146993 0.145084 0.144516 0.147941 0.148477 0.150921 0.156878 0.168717 0.181957 0.188118 0.192584 0.201461 0.219193 0.245548 0.278090 0.315163 0.343642 0.355959 0.358872 0.356992 0.358850 0.363412 0.368179 0.369969 0.370000 0.370000 0.370000 0.370000 0.370000 0.370000 0.370000 0.370000 0.370000 0.370000 0.370000 -9999.0 -9999.0 -9999.0 -9999.0 -9999.0 -9999.0 -9999.0 -9999.0 -9999.0 -9999.0
-9999.0 -9999.0 -9999.0 -9999.0 0.070725 0.074199 0.078042 0.083566 0.098276 0.124735 0.165876 0.216750 0.257358 0.275710 0.265212 0.258371 0.250768 0.248181 0.241340 0.236002 0.230577 0.224256 0.215909 0.210047 0.209143 0.211493 0.210011 0.200400 0.189426 0.171053 0.156816 0.139576 0.124957 0.115715 0.112147 0.110300 0.110421 0.109139 0.111637 0.113274 0.117519 0.122420 0.131059 0.142903 0.148682 0.155808 0.161022 0.173241 0.192823 0.232423 0.281823 0.319945 0.337194 0.338288 0.324235 0.314025 0.311629 0.328609 0.350379 0.365753 0.369915 0.370000 0.370000 0.370000 0.370000 0.370000 0.370000 0.370000 -9999.0 -9999.0 -9999.0 -9999.0 -9999.0 -9999.0 -9999.0 -9999.0 -9999.0 -9999.0 -9999.0 -9999.0
-9999.0 -9999.0 -9999.0 -9999.0 -9999.0 -9999.0 0.069974 0.071275 0.073192 0.077512 0.084953 0.095916 0.110673 0.117037 0.121802 0.129301 0.127375 0.121649 0.116699 0.121728 0.124665 0.123130 0.114855 0.114417 0.115349 0.118223 0.117969 0.116234 0.109595 0.111523 0.111067 0.105573 0.100240 0.097641 0.095747 0.097437 0.097618 0.095588 0.096057 0.100646 0.104654 0.107735 0.113551 0.123712 0.135698 0.141718 0.142026 0.144806 0.166778 0.214571 0.270111 0.308766 0.326659 0.329909 0.312271 0.281667 0.263137 0.267178 0.292973 0.327569 0.357698 0.366094 0.368587 0.369453 0.369872 0.370000 -9999.0 -9999.0 -9999.0 -9999.0 -9999.0 -9999.0 -9999.0 -9999.0 -9999.0 -9999.0 -9999.0 -9999.0 -9999.0 -9999.0
-9999.0 -9999.0 -9999.0 -9999.0 -9999.0 -9999.0 -9999.0 -9999.0 -9999.0 -9999.0 -9999.0 -9999.0 -9999.0 -9999.0 -9999.0 -9999.0 -9999.0 -9999.0 -9999.0 -9999.0 -9999.0 -9999.0 -9999.0 -9999.0 -9999.0 -9999.0 -9999.0 -9999.0 -9999.0 -9999.0 -9999.0 -9999.0 -9999.0 -9999.0 -9999.0 -9999.0 -9999.0 -9999.0 -9999.0 -9999.0 -9999.0 -9999.0 -9999.0 -9999.0 -9999.0 -9999.0 -9999.0 -9999.0 -9999.0 -9999.0 -9999.0 -9999.0 -9999.0 -9999.0 -9999.0 -9999.0 -9999.0 -9999.0 -9999.0 -9999.0 -9999.0 -9999.0 -9999.0 -9999.0 -9999.0 -9999.0 -9999.0 -9999.0 -9999.0 -9999.0 -9999.0 -9999.0 -9999.0 -9999.0 -9999.0 -9999.0 -9999.0 -9999.0 -9999.0 -9999.0
-9999.0 -9999.0 -9999.0 -9999.0 -9999.0 -9999.0 -9999.0 -9999.0 -9999.0 -9999.0 -9999.0 -9999.0 -9999.0 -9999.0 -9999.0 -9999.0 -9999.0 -9999.0 -9999.0 -9999.0 -9999.0 -9999.0 -9999.0 -9999.0 -9999.0 -9999.0 -9999.0 -9999.0 -9999.0 -9999.0 -9999.0 -9999.0 -9999.0 -9999.0 -9999.0 -9999.0 -9999.0 -9999.0 -9999.0 -9999.0 -9999.0 -9999.0 -9999.0 -9999.0 -9999.0 -9999.0 -9999.0 -9999.0 -9999.0 -9999.0 -9999.0 -9999.0 -9999.0 -9999.0 -9999.0 -9999.0 -9999.0 -9999.0 -9999.0 -9999.0 -9999.0 -9999.0 -9999.0 -9999.0 -9999.0 -9999.0 -9999.0 -9999.0 -9999.0 -9999.0 -9999.0 -9999.0 -9999.0 -9999.0 -9999.0 -9999.0 -9999.0 -9999.0 -9999.0 -9999.0