Borden_/Borden1m_014/output_maps/thetaliqL0005N0014.asc
ncols         80
nrows         18
xllcorner     620200.000000
yllcorner     5168000.000000
cellsize      1.000000
NODATA_value  -9999.0
-9999.0 -9999.0 -9999.0 -9999.0 -9999.0 -9999.0 -9999.0 -9999.0 -9999.0 -9999.0 -9999.0 -9999.0 -9999.0 -9999.0 -9999.0 -9999.0 -9999.0 -9999.0 -9999.0 -9999.0 -9999.0 -9999.0 -9999.0 -9999.0 -9999.0 -9999.0 -9999.0 -9999.0 -9999.0 -9999.0 -9999.0 -9999.0 -9999.0 -9999.0 -9999.0 -9999.0 -9999.0 -9999.0 -9999.0 -9999.0 -9999.0 -9999.0 -9999.0 -9999.0 -9999.0 -9999.0 -9999.0 -9999.0 -9999.0 -9999.0 -9999.0 -9999.0 -9999.0 -9999.0 -9999.0 -9999.0 -9999.0 -9999.0 -9999.0 -9999.0 -9999.0 -9999.0 -9999.0 -9999.0 -9999.0 -9999.0 -9999.0 -9999.0 -9999.0 -9999.0 -9999.0 -9999.0 -9999.0 -9999.0 -9999.0 -9999.0 -9999.0 -9999.0 -9999.0 -9999.0
-9999.0 -9999.0 -9999.0 -9999.0 -9999.0 -9999.0 -9999.0 -9999.0 -9999.0 -9999.0 -9999.0 -9999.0 -9999.0 -9999.0 -9999.0 -9999.0 -9999.0 -9999.0 -9999.0 -9999.0 -9999.0 -9999.0 -9999.0 -9999.0 -9999.0 -9999.0 -9999.0 -9999.0 -9999.0 -9999.0 -9999.0 -9999.0 -9999.0 -9999.0 -9999.0 -9999.0 -9999.0 -9999.0 -9999.0 -9999.0 -9999.0 -9999.0 -9999.0 -9999.0 -9999.0 -9999.0 -9999.0 -9999.0 -9999.0 -9999.0 -9999.0 -9999.0 -9999.0 -9999.0 -9999.0 -9999.0 -9999.0 -9999.0 -9999.0 -9999.0 -9999.0 -9999.0 -9999.0 -9999.0 -9999.0 -9999.0 -9999.0 -9999.0 -9999.0 -9999.0 -9999.0 -9999.0 -9999.0 -9999.0 -9999.0 -9999.0 -9999.0 -9999.0 -9999.0 -9999.0
-9999.0 -9999.0 -9999.0 -9999.0 -9999.0 -9999.0 -9999.0 -9999.0 -9999.0 -9999.0 -9999.0 -9999.0 -9999.0 -9999.0 -9999.0 -9999.0 -9999.0 -9999.0 -9999.0 -9999.0 0.108017 0.108794 0.103519 0.097037 0.092592 0.092777 0.098245 0.106349 0.115835 0.118892 0.113533 0.113727 0.112181 0.112150 0.112930 0.114423 0.114977 0.118345 0.120951 0.120861 0.118912 0.117116 0.116525 0.117595 0.119071 0.116688 0.120779 0.125950 0.128443 0.126746 0.117947 0.113511 0.111554 0.108147 0.114658 0.118575 0.126378 0.128143 0.127982 0.119014 0.110618 -9999.0 -9999.0 -9999.0 -9999.0 -9999.0 -9999.0 -9999.0 -9999.0 -9999.0 -9999.0 -9999.0 -9999.0 -9999.0 -9999.0 -9999.0 -9999.0 -9999.0 -9999.0 -9999.0
-9999.0 -9999.0 -9999.0 -9999.0 -9999.0 -9999.0 -9999.0 -9999.0 -9999.0 -9999.0 -9999.0 -9999.0 -9999.0 -9999.0 0.091836 0.090420 0.089968 0.090984 0.095816 0.101000 0.103515 0.101852 0.101758 0.097324 0.094045 0.096160 0.101212 0.107728 0.116416 0.122611 0.118316 0.117318 0.120482 0.130102 0.135871 0.134612 0.126321 0.134702 0.141514 0.145907 0.145336 0.141318 0.148261 0.156547 0.153079 0.144536 0.145858 0.151461 0.159554 0.151849 0.124822 0.118144 0.117628 0.116003 0.112634 0.111058 0.118130 0.118718 0.116478 0.111739 0.104280 0.096114 0.093469 0.099902 0.109699 0.127579 -9999.0 -9999.0 -9999.0 -9999.0 -9999.0 -9999.0 -9999.0 -9999.0 -9999.0 -9999.0 -9999.0 -9999.0 -9999.0 -9999.0
-9999.0 -9999.0 -9999.0 -9999.0 -9999.0 -9999.0 -9999.0 -9999.0 -9999.0 0.085488 0.085763 0.086423 0.086520 0.088151 0.087909 0.088626 0.089529 0.092808 0.097520 0.104088 0.110709 0.107967 0.107854 0.110862 0.112773 0.116182 0.122142 0.136621 0.156016 0.180052 0.162653 0.161307 0.172274 0.208362 0.243319 0.252850 0.236105 0.237163 0.259835 0.283478 0.282519 0.280772 0.301655 0.312489 0.318791 0.304021 0.287363 0.284493 0.306961 0.261513 0.206837 0.167864 0.168431 0.151692 0.133259 0.124991 0.124178 0.132835 0.127448 0.115669 0.106503 0.104735 0.101506 0.104962 0.110512 0.124867 0.140184 0.154359 0.155034 0.146609 -9999.0 -9999.0 -9999.0 -9999.0 -9999.0 -9999.0 -9999.0 -9999.0 -9999.0 -9999.0
-9999.0 -9999.0 -9999.0 -9999.0 -9999.0 -9999.0 0.079515 0.080013 0.081291 0.081651 0.083492 0.084082 0.085940 0.087900 0.090174 0.092323 0.096960 0.102766 0.112242 0.125408 0.137408 0.135344 0.139101 0.155271 0.181597 0.206840 0.225763 0.258140 0.324379 0.352987 0.360059 0.362555 0.367427 0.370000 0.370000 0.370000 0.370000 0.370000 0.370000 0.370000 0.370000 0.370000 0.370000 0.370000 0.370000 0.370000 0.370000 0.370000 0.370000 0.370000 0.370000 0.367693 0.346114 0.311142 0.242205 0.194039 0.189499 0.200363 0.179698 0.150289 0.132007 0.128502 0.123831 0.119438 0.121366 0.128441 0.138326 0.143931 0.138934 0.131003 0.122961 0.114312 0.114935 0.123001 -9999.0 -9999.0 -9999.0 -9999.0 -9999.0 -9999.0
-9999.0 -9999.0 -9999.0 -9999.0 0.076885 0.077456 0.076869 0.077979 0.079755 0.081949 0.084563 0.088293 0.091487 0.095641 0.103117 0.111997 0.124808 0.137302 0.163621 0.210414 0.256079 0.281215 0.293476 0.342627 0.369770 0.370000 0.370000 0.370000 0.370000 0.370000 0.370000 0.370000 0.370000 0.370000 0.370000 0.370000 0.370000 0.370000 0.370000 0.370000 0.370000 0.370000 0.370000 0.370000 0.370000 0.370000 0.370000 0.370000 0.370000 0.370000 0.370000 0.370000 0.370000 0.370000 0.370000 0.370000 0.369883 0.363499 0.331422 0.286764 0.226383 0.204585 0.182694 0.167661 0.151696 0.152804 0.155147 0.146203 0.133742 0.122559 0.118177 0.113080 0.110657 0.119344 0.125405 0.137766 -9999.0 -9999.0 -9999.0 -9999.0
-9999.0 -9999.0 0.074651 0.076576 0.079434 0.079899 0.080038 0.080280 0.082077 0.086411 0.096705 0.106890 0.118664 0.127940 0.153074 0.207973 0.271789 0.312368 0.354872 0.370000 0.370000 0.370000 0.370000 0.370000 0.370000 0.370000 0.370000 0.370000 0.370000 0.370000 0.370000 0.370000 0.370000 0.370000 0.370000 0.370000 0.370000 0.370000 0.370000 0.370000 0.370000 0.370000 0.370000 0.370000 0.370000 0.370000 0.370000 0.370000 0.370000 0.370000 0.370000 0.370000 0.370000 0.370000 0.370000 0.370000 0.370000 0.370000 0.370000 0.370000 0.370000 0.368864 0.342802 0.300299 0.252274 0.226330 0.193326 0.169109 0.146611 0.128618 0.121149 0.115907 0.115651 0.116179 0.121387 0.127029 0.133125 0.136445 -9999.0 -9999.0
-9999.0 0.072108 0.073871 0.079351 0.085208 0.089983 0.095902 0.101127 0.105619 0.107885 0.143510 0.212722 0.286638 0.308304 0.349051 0.370000 0.370000 0.370000 0.370000 0.370000 0.370000 0.370000 0.370000 0.370000 0.370000 0.370000 0.370000 0.370000 0.370000 0.370000 0.370000 0.370000 0.370000 0.370000 0.370000 0.370000 0.370000 0.370000 0.370000 0.370000 0.370000 0.370000 0.370000 0.370000 0.370000 0.370000 0.370000 0.370000 0.370000 0.370000 0.370000 0.370000 0.370000 0.370000 0.370000 0.370000 0.370000 0.370000 0.370000 0.370000 0.370000 0.370000 0.370000 0.370000 0.369923 0.339345 0.288646 0.241744 0.195222 0.172278 0.156336 0.133175 0.124994 0.126134 0.123245 0.122708 0.125251 0.127681 -9999.0 -9999.0
-9999.0 0.070882 0.073989 0.083801 0.103996 0.119390 0.175243 0.237586 0.257781 0.237666 0.330410 0.370000 0.370000 0.370000 0.370000 0.370000 0.370000 0.370000 0.370000 0.370000 0.370000 0.370000 0.370000 0.370000 0.370000 0.370000 0.370000 0.370000 0.370000 0.370000 0.370000 0.370000 0.370000 0.370000 0.370000 0.370000 0.370000 0.370000 0.370000 0.370000 0.370000 0.370000 0.370000 0.370000 0.370000 0.370000 0.370000 0.370000 0.370000 0.370000 0.370000 0.370000 0.370000 0.370000 0.370000 0.370000 0.370000 0.370000 0.370000 0.370000 0.370000 0.370000 0.370000 0.370000 0.370000 0.370000 0.370000 0.366526 0.329251 0.289561 0.246635 0.202090 0.165495 0.152018 0.134763 0.126873 -9999.0 -9999.0 -9999.0 -9999.0
-9999.0 0.070116 0.073679 0.091586 0.171644 0.273932 0.370000 0.370000 0.370000 0.370000 0.370000 0.370000 0.370000 0.370000 0.370000 0.370000 0.370000 0.370000 0.370000 0.370000 0.370000 0.370000 0.370000 0.370000 0.370000 0.370000 0.370000 0.370000 0.370000 0.370000 0.370000 0.370000 0.370000 0.370000 0.370000 0.368615 0.346833 0.342124 0.333309 0.309848 0.294942 0.284172 0.298305 0.295336 0.294422 0.302531 0.320365 0.331811 0.356244 0.368832 0.370000 0.370000 0.370000 0.370000 0.370000 0.370000 0.370000 0.370000 0.370000 0.370000 0.370000 0.370000 0.370000 0.370000 0.370000 0.370000 0.370000 0.370000 0.370000 0.370000 0.369515 0.339656 0.280220 0.208948 0.181431 -9999.0 -9999.0 -9999.0 -9999.0 -9999.0
-9999.0 0.068872 0.072050 0.087201 0.208475 0.370000 0.370000 0.370000 0.370000 0.370000 0.370000 0.370000 0.370000 0.370000 0.370000 0.370000 0.370000 0.370000 0.370000 0.370000 0.370000 0.370000 0.370000 0.370000 0.370000 0.370000 0.370000 0.370000 0.370000 0.370000 0.364591 0.352692 0.301251 0.240646 0.203237 0.172094 0.145283 0.144610 0.151843 0.143811 0.134587 0.127514 0.136996 0.143068 0.147710 0.143310 0.146982 0.163840 0.192711 0.221945 0.261954 0.308882 0.342821 0.367626 0.370000 0.370000 0.370000 0.370000 0.370000 0.370000 0.370000 0.370000 0.370000 0.370000 0.370000 0.370000 0.370000 0.370000 0.370000 0.370000 0.370000 0.370000 0.370000 -9999.0 -9999.0 -9999.0 -9999.0 -9999.0 -9999.0 -9999.0
-9999.0 0.068212 0.069706 0.074320 0.100848 0.196564 0.324591 0.370000 0.370000 0.370000 0.370000 0.370000 0.370000 0.370000 0.370000 0.370000 0.370000 0.370000 0.370000 0.370000 0.369997 0.368270 0.367903 0.366308 0.356144 0.346966 0.340100 0.323710 0.292346 0.244577 0.181984 0.146978 0.123351 0.112822 0.105645 0.099125 0.092790 0.094397 0.096845 0.096015 0.093973 0.093192 0.097858 0.101100 0.103048 0.100234 0.103746 0.109740 0.121235 0.135444 0.156013 0.185686 0.221076 0.243567 0.256967 0.285178 0.322144 0.362453 0.370000 0.370000 0.370000 0.370000 0.370000 0.370000 0.370000 0.370000 0.370000 0.370000 0.370000 0.370000 0.370000 -9999.0 -9999.0 -9999.0 -9999.0 -9999.0 -9999.0 -9999.0 -9999.0 -9999.0
-9999.0 -9999.0 0.068197 0.069271 0.071273 0.076501 0.086490 0.101390 0.117659 0.144586 0.189175 0.241659 0.274142 0.287314 0.269849 0.232347 0.209737 0.210071 0.203749 0.192407 0.174979 0.169442 0.164926 0.161132 0.153767 0.150052 0.147789 0.143137 0.133998 0.118214 0.104607 0.095149 0.087992 0.085484 0.083534 0.081720 0.081414 0.081351 0.081882 0.081952 0.082297 0.083185 0.085005 0.087066 0.088040 0.088724 0.090195 0.093301 0.098502 0.106437 0.119940 0.139592 0.156482 0.161604 0.155588 0.157943 0.169355 0.196513 0.266894 0.343578 0.370000 0.370000 0.370000 0.370000 0.370000 0.370000 0.370000 0.370000 0.370000 0.370000 -9999.0 -9999.0 -9999.0 -9999.0 -9999.0 -9999.0 -9999.0 -9999.0 -9999.0 -9999.0
-9999.0 -9999.0 -9999.0 -9999.0 0.068402 0.069398 0.070385 0.071612 0.074498 0.078917 0.085278 0.093588 0.101512 0.105984 0.102946 0.101034 0.099294 0.098879 0.097533 0.096379 0.095282 0.094150 0.092767 0.091764 0.091612 0.092024 0.091810 0.090201 0.088474 0.085473 0.083246 0.080626 0.078381 0.076931 0.076366 0.076054 0.076079 0.075873 0.076285 0.076526 0.077194 0.077955 0.079285 0.081079 0.081926 0.083003 0.083796 0.085694 0.088808 0.095910 0.107855 0.123077 0.134583 0.135104 0.124384 0.118601 0.117046 0.125145 0.142553 0.177648 0.251950 0.315782 0.362367 0.370000 0.370000 0.370000 0.370000 0.370000 -9999.0 -9999.0 -9999.0 -9999.0 -9999.0 -9999.0 -9999.0 -9999.0 -9999.0 -9999.0 -9999.0 -9999.0
-9999.0 -9999.0 -9999.0 -9999.0 -9999.0 -9999.0 0.068178 0.068578 0.069109 0.070168 0.071745 0.073802 0.076305 0.077270 0.077945 0.079071 0.078751 0.077886 0.077133 0.077911 0.078325 0.078104 0.076824 0.076749 0.076881 0.077342 0.077305 0.077033 0.075957 0.076250 0.076163 0.075269 0.074377 0.073934 0.073600 0.073904 0.073936 0.073578 0.073662 0.074454 0.075116 0.075613 0.076547 0.078136 0.079975 0.080874 0.080908 0.081317 0.084698 0.092633 0.104712 0.117895 0.127311 0.129298 0.118870 0.107235 0.102026 0.102804 0.109820 0.124130 0.154166 0.179343 0.198746 0.215910 0.240507 0.324933 -9999.0 -9999.0 -9999.0 -9999.0 -9999.0 -9999.0 -9999.0 -9999.0 -9999.0 -9999.0 -9999.0 -9999.0 -9999.0 -9999.0
-9999.0 -9999.0 -9999.0 -9999.0 -9999.0 -9999.0 -9999.0 -9999.0 -9999.0 -9999.0 -9999.0 -9999.0 -9999.0 -9999.0 -9999.0 -9999.0 -9999.0 -9999.0 -9999.0 -9999.0 -9999.0 -9999.0 -9999.0 -9999.0 -9999.0 -9999.0 -9999.0 -9999.0 -9999.0 -9999.0 -9999.0 -9999.0 -9999.0 -9999.0 -9999.0 -9999.0 -9999.0 -9999.0 -9999.0 -9999.0 -9999.0 -9999.0 -9999.0 -9999.0 -9999.0 -9999.0 -9999.0 -9999.0 -9999.0 -9999.0 -9999.0 -9999.0 -9999.0 -9999.0 -9999.0 -9999.0 -9999.0 -9999.0 -9999.0 -9999.0 -9999.0 -9999.0 -9999.0 -9999.0 -9999.0 -9999.0 -9999.0 -9999.0 -9999.0 -9999.0 -9999.0 -9999.0 -9999.0 -9999.0 -9999.0 -9999.0 -9999.0 -9999.0 -9999.0 -9999.0
-9999.0 -9999.0 -9999.0 -9999.0 -9999.0 -9999.0 -9999.0 -9999.0 -9999.0 -9999.0 -9999.0 -9999.0 -9999.0 -9999.0 -9999.0 -9999.0 -9999.0 -9999.0 -9999.0 -9999.0 -9999.0 -9999.0 -9999.0 -9999.0 -9999.0 -9999.0 -9999.0 -9999.0 -9999.0 -9999.0 -9999.0 -9999.0 -9999.0 -9999.0 -9999.0 -9999.0 -9999.0 -9999.0 -9999.0 -9999.0 -9999.0 -9999.0 -9999.0 -9999.0 -9999.0 -9999.0 -9999.0 -9999.0 -9999.0 -9999.0 -9999.0 -9999.0 -9999.0 -9999.0 -9999.0 -9999.0 -9999.0 -9999.0 -9999.0 -9999.0 -9999.0 -9999.0 -9999.0 -9999.0 -9999.0 -9999.0 -9999.0 -9999.0 -9999.0 -9999.0 -9999.0 -9999.0 -9999.0 -9999.0 -9999.0 -9999.0 -9999.0 -9999.0 -9999.0 -9999.0