Borden_/Borden1m_014/output_maps/thetaliqL0007N0030.asc
ncols         80
nrows         18
xllcorner     620200.000000
yllcorner     5168000.000000
cellsize      1.000000
NODATA_value  -9999.0
-9999.0 -9999.0 -9999.0 -9999.0 -9999.0 -9999.0 -9999.0 -9999.0 -9999.0 -9999.0 -9999.0 -9999.0 -9999.0 -9999.0 -9999.0 -9999.0 -9999.0 -9999.0 -9999.0 -9999.0 -9999.0 -9999.0 -9999.0 -9999.0 -9999.0 -9999.0 -9999.0 -9999.0 -9999.0 -9999.0 -9999.0 -9999.0 -9999.0 -9999.0 -9999.0 -9999.0 -9999.0 -9999.0 -9999.0 -9999.0 -9999.0 -9999.0 -9999.0 -9999.0 -9999.0 -9999.0 -9999.0 -9999.0 -9999.0 -9999.0 -9999.0 -9999.0 -9999.0 -9999.0 -9999.0 -9999.0 -9999.0 -9999.0 -9999.0 -9999.0 -9999.0 -9999.0 -9999.0 -9999.0 -9999.0 -9999.0 -9999.0 -9999.0 -9999.0 -9999.0 -9999.0 -9999.0 -9999.0 -9999.0 -9999.0 -9999.0 -9999.0 -9999.0 -9999.0 -9999.0
-9999.0 -9999.0 -9999.0 -9999.0 -9999.0 -9999.0 -9999.0 -9999.0 -9999.0 -9999.0 -9999.0 -9999.0 -9999.0 -9999.0 -9999.0 -9999.0 -9999.0 -9999.0 -9999.0 -9999.0 -9999.0 -9999.0 -9999.0 -9999.0 -9999.0 -9999.0 -9999.0 -9999.0 -9999.0 -9999.0 -9999.0 -9999.0 -9999.0 -9999.0 -9999.0 -9999.0 -9999.0 -9999.0 -9999.0 -9999.0 -9999.0 -9999.0 -9999.0 -9999.0 -9999.0 -9999.0 -9999.0 -9999.0 -9999.0 -9999.0 -9999.0 -9999.0 -9999.0 -9999.0 -9999.0 -9999.0 -9999.0 -9999.0 -9999.0 -9999.0 -9999.0 -9999.0 -9999.0 -9999.0 -9999.0 -9999.0 -9999.0 -9999.0 -9999.0 -9999.0 -9999.0 -9999.0 -9999.0 -9999.0 -9999.0 -9999.0 -9999.0 -9999.0 -9999.0 -9999.0
-9999.0 -9999.0 -9999.0 -9999.0 -9999.0 -9999.0 -9999.0 -9999.0 -9999.0 -9999.0 -9999.0 -9999.0 -9999.0 -9999.0 -9999.0 -9999.0 -9999.0 -9999.0 -9999.0 -9999.0 0.281188 0.283554 0.265423 0.237619 0.214885 0.216128 0.243918 0.276870 0.304713 0.311750 0.299377 0.300231 0.296497 0.296566 0.298879 0.303056 0.304760 0.312566 0.317998 0.317932 0.314094 0.310329 0.309388 0.311825 0.314990 0.309366 0.317951 0.326916 0.330424 0.327579 0.310965 0.299995 0.294189 0.283480 0.301654 0.310395 0.324590 0.327102 0.326578 0.310369 0.289215 -9999.0 -9999.0 -9999.0 -9999.0 -9999.0 -9999.0 -9999.0 -9999.0 -9999.0 -9999.0 -9999.0 -9999.0 -9999.0 -9999.0 -9999.0 -9999.0 -9999.0 -9999.0 -9999.0
-9999.0 -9999.0 -9999.0 -9999.0 -9999.0 -9999.0 -9999.0 -9999.0 -9999.0 -9999.0 -9999.0 -9999.0 -9999.0 -9999.0 0.209706 0.201886 0.199420 0.205468 0.231507 0.255592 0.265793 0.259447 0.259170 0.239779 0.223436 0.234527 0.258119 0.282941 0.307722 0.320911 0.312916 0.311153 0.318181 0.334133 0.341363 0.340384 0.329955 0.340816 0.347490 0.351049 0.350889 0.348080 0.353158 0.357614 0.356013 0.350673 0.351344 0.354629 0.358288 0.354089 0.326714 0.313304 0.311194 0.306735 0.297523 0.292781 0.310220 0.311115 0.305796 0.293277 0.268645 0.233123 0.219259 0.250364 0.286104 0.325150 -9999.0 -9999.0 -9999.0 -9999.0 -9999.0 -9999.0 -9999.0 -9999.0 -9999.0 -9999.0 -9999.0 -9999.0 -9999.0 -9999.0
-9999.0 -9999.0 -9999.0 -9999.0 -9999.0 -9999.0 -9999.0 -9999.0 -9999.0 0.171287 0.173245 0.177467 0.178297 0.188418 0.187094 0.191579 0.197014 0.216082 0.240526 0.268815 0.291154 0.283285 0.283374 0.292881 0.298568 0.307973 0.321395 0.342356 0.357005 0.364761 0.360747 0.360597 0.364042 0.368514 0.369672 0.369810 0.369550 0.369600 0.369887 0.369980 0.369985 0.369985 0.369999 0.370000 0.370000 0.369999 0.369988 0.369983 0.369998 0.369891 0.368360 0.362741 0.362150 0.354703 0.338819 0.326725 0.324711 0.336186 0.328309 0.305152 0.278153 0.271042 0.258011 0.271291 0.289238 0.321325 0.340891 0.351384 0.351600 0.345900 -9999.0 -9999.0 -9999.0 -9999.0 -9999.0 -9999.0 -9999.0 -9999.0 -9999.0 -9999.0
-9999.0 -9999.0 -9999.0 -9999.0 -9999.0 -9999.0 0.132361 0.135735 0.144186 0.146705 0.158845 0.162798 0.174746 0.187093 0.201130 0.213645 0.238008 0.264248 0.296651 0.325875 0.342235 0.340962 0.345674 0.357356 0.365440 0.368256 0.369267 0.369886 0.370000 0.370000 0.370000 0.370000 0.370000 0.370000 0.370000 0.370000 0.370000 0.370000 0.370000 0.370000 0.370000 0.370000 0.370000 0.370000 0.370000 0.370000 0.370000 0.370000 0.370000 0.370000 0.370000 0.370000 0.370000 0.369999 0.369669 0.367250 0.366828 0.367673 0.364506 0.353264 0.336242 0.330472 0.322106 0.313192 0.316542 0.327975 0.339591 0.344431 0.339575 0.330051 0.317197 0.298303 0.299708 0.316775 -9999.0 -9999.0 -9999.0 -9999.0 -9999.0 -9999.0
-9999.0 -9999.0 -9999.0 -9999.0 0.115604 0.119193 0.115613 0.122713 0.134281 0.148826 0.165987 0.189530 0.208744 0.231616 0.265705 0.296178 0.325708 0.343716 0.360806 0.368545 0.369845 0.369977 0.369996 0.370000 0.370000 0.370000 0.370000 0.370000 0.370000 0.370000 0.370000 0.370000 0.370000 0.370000 0.370000 0.370000 0.370000 0.370000 0.370000 0.370000 0.370000 0.370000 0.370000 0.370000 0.370000 0.370000 0.370000 0.370000 0.370000 0.370000 0.370000 0.370000 0.370000 0.370000 0.370000 0.370000 0.370000 0.370000 0.370000 0.369985 0.369321 0.368128 0.365168 0.360831 0.352978 0.352720 0.353342 0.347061 0.334498 0.317282 0.308052 0.295395 0.288305 0.309704 0.320939 0.337286 -9999.0 -9999.0 -9999.0 -9999.0
-9999.0 -9999.0 0.101734 0.113513 0.131757 0.134942 0.135719 0.137452 0.149402 0.177666 0.235925 0.279397 0.313020 0.331620 0.356066 0.368348 0.369957 0.370000 0.370000 0.370000 0.370000 0.370000 0.370000 0.370000 0.370000 0.370000 0.370000 0.370000 0.370000 0.370000 0.370000 0.370000 0.370000 0.370000 0.370000 0.370000 0.370000 0.370000 0.370000 0.370000 0.370000 0.370000 0.370000 0.370000 0.370000 0.370000 0.370000 0.370000 0.370000 0.370000 0.370000 0.370000 0.370000 0.370000 0.370000 0.370000 0.370000 0.370000 0.370000 0.370000 0.370000 0.370000 0.370000 0.369997 0.369823 0.369098 0.366110 0.360116 0.348011 0.328323 0.315018 0.303168 0.302043 0.302917 0.313856 0.323521 0.331938 0.335801 -9999.0 -9999.0
-9999.0 0.087184 0.097065 0.130663 0.168677 0.197987 0.229626 0.253805 0.272979 0.283748 0.348857 0.368420 0.369981 0.369999 0.370000 0.370000 0.370000 0.370000 0.370000 0.370000 0.370000 0.370000 0.370000 0.370000 0.370000 0.370000 0.370000 0.370000 0.370000 0.370000 0.370000 0.370000 0.370000 0.370000 0.370000 0.370000 0.370000 0.370000 0.370000 0.370000 0.370000 0.370000 0.370000 0.370000 0.370000 0.370000 0.370000 0.370000 0.370000 0.370000 0.370000 0.370000 0.370000 0.370000 0.370000 0.370000 0.370000 0.370000 0.370000 0.370000 0.370000 0.370000 0.370000 0.370000 0.370000 0.370000 0.369989 0.369594 0.366476 0.361180 0.354004 0.334272 0.321770 0.322889 0.317615 0.316327 0.320549 0.324359 -9999.0 -9999.0
-9999.0 0.081069 0.097288 0.158172 0.263638 0.311239 0.361518 0.369182 0.369768 0.369462 0.370000 0.370000 0.370000 0.370000 0.370000 0.370000 0.370000 0.370000 0.370000 0.370000 0.370000 0.370000 0.370000 0.370000 0.370000 0.370000 0.370000 0.370000 0.370000 0.370000 0.370000 0.370000 0.370000 0.370000 0.370000 0.370000 0.370000 0.370000 0.370000 0.370000 0.370000 0.370000 0.370000 0.370000 0.370000 0.370000 0.370000 0.370000 0.370000 0.370000 0.370000 0.370000 0.370000 0.370000 0.370000 0.370000 0.370000 0.370000 0.370000 0.370000 0.370000 0.370000 0.370000 0.370000 0.370000 0.370000 0.370000 0.370000 0.370000 0.369975 0.369580 0.366933 0.358301 0.350341 0.334660 0.323609 -9999.0 -9999.0 -9999.0 -9999.0
-9999.0 0.077348 0.094954 0.201015 0.359129 0.369846 0.370000 0.370000 0.370000 0.370000 0.370000 0.370000 0.370000 0.370000 0.370000 0.370000 0.370000 0.370000 0.370000 0.370000 0.370000 0.370000 0.370000 0.370000 0.370000 0.370000 0.370000 0.370000 0.370000 0.370000 0.370000 0.370000 0.370000 0.370000 0.370000 0.370000 0.370000 0.370000 0.370000 0.369999 0.369992 0.369977 0.369994 0.369993 0.369993 0.369997 0.370000 0.370000 0.370000 0.370000 0.370000 0.370000 0.370000 0.370000 0.370000 0.370000 0.370000 0.370000 0.370000 0.370000 0.370000 0.370000 0.370000 0.370000 0.370000 0.370000 0.370000 0.370000 0.370000 0.370000 0.370000 0.370000 0.369947 0.367030 0.361891 -9999.0 -9999.0 -9999.0 -9999.0 -9999.0
-9999.0 0.072315 0.085766 0.172798 0.365435 0.370000 0.370000 0.370000 0.370000 0.370000 0.370000 0.370000 0.370000 0.370000 0.370000 0.370000 0.370000 0.370000 0.370000 0.370000 0.370000 0.370000 0.370000 0.370000 0.370000 0.370000 0.370000 0.370000 0.370000 0.370000 0.370000 0.370000 0.369996 0.369654 0.368046 0.363246 0.350962 0.349781 0.354086 0.348427 0.339378 0.330089 0.342043 0.347764 0.351288 0.348302 0.351483 0.360277 0.366829 0.369163 0.369920 0.369999 0.370000 0.370000 0.370000 0.370000 0.370000 0.370000 0.370000 0.370000 0.370000 0.370000 0.370000 0.370000 0.370000 0.370000 0.370000 0.370000 0.370000 0.370000 0.370000 0.370000 0.370000 -9999.0 -9999.0 -9999.0 -9999.0 -9999.0 -9999.0 -9999.0
-9999.0 0.070095 0.075212 0.096636 0.236769 0.364236 0.369998 0.370000 0.370000 0.370000 0.370000 0.370000 0.370000 0.370000 0.370000 0.370000 0.370000 0.370000 0.370000 0.370000 0.370000 0.370000 0.370000 0.370000 0.370000 0.370000 0.370000 0.370000 0.369989 0.369679 0.365323 0.351534 0.322939 0.298270 0.274686 0.247479 0.215705 0.224069 0.236087 0.232106 0.221860 0.217976 0.241612 0.256314 0.264312 0.253172 0.267784 0.288708 0.317498 0.339426 0.355849 0.365392 0.368957 0.369707 0.369890 0.369989 0.370000 0.370000 0.370000 0.370000 0.370000 0.370000 0.370000 0.370000 0.370000 0.370000 0.370000 0.370000 0.370000 0.370000 0.370000 -9999.0 -9999.0 -9999.0 -9999.0 -9999.0 -9999.0 -9999.0 -9999.0 -9999.0
-9999.0 -9999.0 0.070064 0.073744 0.081686 0.107815 0.165501 0.240690 0.298050 0.345586 0.365280 0.369451 0.369914 0.369968 0.369900 0.369341 0.368362 0.368348 0.367849 0.366760 0.363987 0.362482 0.360870 0.359242 0.355730 0.353347 0.351499 0.347443 0.337570 0.310498 0.270197 0.227631 0.186845 0.170847 0.158263 0.146593 0.144744 0.144201 0.147615 0.148159 0.150597 0.156519 0.168275 0.181426 0.187534 0.191954 0.200742 0.218331 0.244514 0.276903 0.313939 0.342565 0.354996 0.357878 0.355774 0.357592 0.362411 0.367684 0.369949 0.370000 0.370000 0.370000 0.370000 0.370000 0.370000 0.370000 0.370000 0.370000 0.370000 0.370000 -9999.0 -9999.0 -9999.0 -9999.0 -9999.0 -9999.0 -9999.0 -9999.0 -9999.0 -9999.0
-9999.0 -9999.0 -9999.0 -9999.0 0.070725 0.074199 0.078039 0.083537 0.098145 0.124260 0.164648 0.214607 0.254717 0.272919 0.262436 0.255817 0.248349 0.245794 0.239007 0.233751 0.228443 0.222221 0.213995 0.208253 0.207454 0.209883 0.208509 0.199088 0.188354 0.170289 0.156292 0.139268 0.124795 0.115625 0.112084 0.110249 0.110374 0.109099 0.111591 0.113224 0.117456 0.122338 0.130942 0.142731 0.148476 0.155558 0.160729 0.172856 0.192288 0.231679 0.280954 0.319078 0.336348 0.337351 0.323014 0.312515 0.309816 0.326671 0.348623 0.364923 0.369863 0.370000 0.370000 0.370000 0.370000 0.370000 0.370000 0.370000 -9999.0 -9999.0 -9999.0 -9999.0 -9999.0 -9999.0 -9999.0 -9999.0 -9999.0 -9999.0 -9999.0 -9999.0
-9999.0 -9999.0 -9999.0 -9999.0 -9999.0 -9999.0 0.069974 0.071275 0.073192 0.077512 0.084950 0.095883 0.110532 0.116810 0.121515 0.128923 0.127025 0.121374 0.116488 0.121471 0.124384 0.122880 0.114698 0.114271 0.115201 0.118058 0.117815 0.116104 0.109518 0.111444 0.110999 0.105534 0.100221 0.097629 0.095738 0.097427 0.097608 0.095582 0.096050 0.100634 0.104636 0.107710 0.113513 0.123643 0.135587 0.141577 0.141875 0.144626 0.166470 0.214022 0.269418 0.308041 0.325927 0.329123 0.311288 0.280434 0.261686 0.265455 0.290949 0.325496 0.356293 0.365283 0.368144 0.369219 0.369801 0.370000 -9999.0 -9999.0 -9999.0 -9999.0 -9999.0 -9999.0 -9999.0 -9999.0 -9999.0 -9999.0 -9999.0 -9999.0 -9999.0 -9999.0
-9999.0 -9999.0 -9999.0 -9999.0 -9999.0 -9999.0 -9999.0 -9999.0 -9999.0 -9999.0 -9999.0 -9999.0 -9999.0 -9999.0 -9999.0 -9999.0 -9999.0 -9999.0 -9999.0 -9999.0 -9999.0 -9999.0 -9999.0 -9999.0 -9999.0 -9999.0 -9999.0 -9999.0 -9999.0 -9999.0 -9999.0 -9999.0 -9999.0 -9999.0 -9999.0 -9999.0 -9999.0 -9999.0 -9999.0 -9999.0 -9999.0 -9999.0 -9999.0 -9999.0 -9999.0 -9999.0 -9999.0 -9999.0 -9999.0 -9999.0 -9999.0 -9999.0 -9999.0 -9999.0 -9999.0 -9999.0 -9999.0 -9999.0 -9999.0 -9999.0 -9999.0 -9999.0 -9999.0 -9999.0 -9999.0 -9999.0 -9999.0 -9999.0 -9999.0 -9999.0 -9999.0 -9999.0 -9999.0 -9999.0 -9999.0 -9999.0 -9999.0 -9999.0 -9999.0 -9999.0
-9999.0 -9999.0 -9999.0 -9999.0 -9999.0 -9999.0 -9999.0 -9999.0 -9999.0 -9999.0 -9999.0 -9999.0 -9999.0 -9999.0 -9999.0 -9999.0 -9999.0 -9999.0 -9999.0 -9999.0 -9999.0 -9999.0 -9999.0 -9999.0 -9999.0 -9999.0 -9999.0 -9999.0 -9999.0 -9999.0 -9999.0 -9999.0 -9999.0 -9999.0 -9999.0 -9999.0 -9999.0 -9999.0 -9999.0 -9999.0 -9999.0 -9999.0 -9999.0 -9999.0 -9999.0 -9999.0 -9999.0 -9999.0 -9999.0 -9999.0 -9999.0 -9999.0 -9999.0 -9999.0 -9999.0 -9999.0 -9999.0 -9999.0 -9999.0 -9999.0 -9999.0 -9999.0 -9999.0 -9999.0 -9999.0 -9999.0 -9999.0 -9999.0 -9999.0 -9999.0 -9999.0 -9999.0 -9999.0 -9999.0 -9999.0 -9999.0 -9999.0 -9999.0 -9999.0 -9999.0