Borden_/Borden1m_014/output_maps/thetaliqL0004N0032.asc
ncols         80
nrows         18
xllcorner     620200.000000
yllcorner     5168000.000000
cellsize      1.000000
NODATA_value  -9999.0
-9999.0 -9999.0 -9999.0 -9999.0 -9999.0 -9999.0 -9999.0 -9999.0 -9999.0 -9999.0 -9999.0 -9999.0 -9999.0 -9999.0 -9999.0 -9999.0 -9999.0 -9999.0 -9999.0 -9999.0 -9999.0 -9999.0 -9999.0 -9999.0 -9999.0 -9999.0 -9999.0 -9999.0 -9999.0 -9999.0 -9999.0 -9999.0 -9999.0 -9999.0 -9999.0 -9999.0 -9999.0 -9999.0 -9999.0 -9999.0 -9999.0 -9999.0 -9999.0 -9999.0 -9999.0 -9999.0 -9999.0 -9999.0 -9999.0 -9999.0 -9999.0 -9999.0 -9999.0 -9999.0 -9999.0 -9999.0 -9999.0 -9999.0 -9999.0 -9999.0 -9999.0 -9999.0 -9999.0 -9999.0 -9999.0 -9999.0 -9999.0 -9999.0 -9999.0 -9999.0 -9999.0 -9999.0 -9999.0 -9999.0 -9999.0 -9999.0 -9999.0 -9999.0 -9999.0 -9999.0
-9999.0 -9999.0 -9999.0 -9999.0 -9999.0 -9999.0 -9999.0 -9999.0 -9999.0 -9999.0 -9999.0 -9999.0 -9999.0 -9999.0 -9999.0 -9999.0 -9999.0 -9999.0 -9999.0 -9999.0 -9999.0 -9999.0 -9999.0 -9999.0 -9999.0 -9999.0 -9999.0 -9999.0 -9999.0 -9999.0 -9999.0 -9999.0 -9999.0 -9999.0 -9999.0 -9999.0 -9999.0 -9999.0 -9999.0 -9999.0 -9999.0 -9999.0 -9999.0 -9999.0 -9999.0 -9999.0 -9999.0 -9999.0 -9999.0 -9999.0 -9999.0 -9999.0 -9999.0 -9999.0 -9999.0 -9999.0 -9999.0 -9999.0 -9999.0 -9999.0 -9999.0 -9999.0 -9999.0 -9999.0 -9999.0 -9999.0 -9999.0 -9999.0 -9999.0 -9999.0 -9999.0 -9999.0 -9999.0 -9999.0 -9999.0 -9999.0 -9999.0 -9999.0 -9999.0 -9999.0
-9999.0 -9999.0 -9999.0 -9999.0 -9999.0 -9999.0 -9999.0 -9999.0 -9999.0 -9999.0 -9999.0 -9999.0 -9999.0 -9999.0 -9999.0 -9999.0 -9999.0 -9999.0 -9999.0 -9999.0 0.180182 0.181491 0.177786 0.173390 0.169885 0.169632 0.173656 0.178671 0.184388 0.185750 0.181681 0.182448 0.180973 0.180292 0.180392 0.181540 0.182083 0.183961 0.185249 0.184875 0.183564 0.182553 0.181882 0.182290 0.183614 0.181696 0.184587 0.187655 0.188862 0.188494 0.183977 0.181934 0.181095 0.178068 0.183597 0.185641 0.190322 0.190995 0.191494 0.186206 0.181031 -9999.0 -9999.0 -9999.0 -9999.0 -9999.0 -9999.0 -9999.0 -9999.0 -9999.0 -9999.0 -9999.0 -9999.0 -9999.0 -9999.0 -9999.0 -9999.0 -9999.0 -9999.0 -9999.0
-9999.0 -9999.0 -9999.0 -9999.0 -9999.0 -9999.0 -9999.0 -9999.0 -9999.0 -9999.0 -9999.0 -9999.0 -9999.0 -9999.0 0.171690 0.169982 0.169233 0.169081 0.172699 0.175846 0.176499 0.174698 0.175824 0.172018 0.168772 0.170744 0.174043 0.177265 0.182058 0.185579 0.182632 0.181916 0.183677 0.189569 0.192497 0.191431 0.185149 0.191211 0.194826 0.197156 0.196846 0.193944 0.198265 0.203334 0.200940 0.195592 0.196621 0.199789 0.204736 0.201357 0.184610 0.182056 0.182509 0.182386 0.180130 0.178709 0.184395 0.183945 0.182787 0.181001 0.176902 0.171090 0.168709 0.174304 0.180153 0.191382 -9999.0 -9999.0 -9999.0 -9999.0 -9999.0 -9999.0 -9999.0 -9999.0 -9999.0 -9999.0 -9999.0 -9999.0 -9999.0 -9999.0
-9999.0 -9999.0 -9999.0 -9999.0 -9999.0 -9999.0 -9999.0 -9999.0 -9999.0 0.167803 0.167517 0.168063 0.167193 0.168799 0.166727 0.167372 0.167215 0.169715 0.172207 0.176081 0.180694 0.177784 0.177448 0.179703 0.180242 0.181607 0.184320 0.192555 0.202591 0.216947 0.205680 0.205146 0.211917 0.235247 0.257643 0.264723 0.252855 0.253239 0.268428 0.286463 0.287322 0.286171 0.304802 0.314881 0.320374 0.306463 0.289658 0.286935 0.306553 0.269568 0.234599 0.209151 0.209975 0.200461 0.190131 0.186024 0.184982 0.191482 0.188577 0.181766 0.176250 0.176906 0.174198 0.176958 0.179572 0.188302 0.196573 0.204362 0.204725 0.199905 -9999.0 -9999.0 -9999.0 -9999.0 -9999.0 -9999.0 -9999.0 -9999.0 -9999.0 -9999.0
-9999.0 -9999.0 -9999.0 -9999.0 -9999.0 -9999.0 0.163773 0.163761 0.164888 0.162520 0.164749 0.163692 0.165427 0.166468 0.167882 0.168416 0.171608 0.174823 0.180115 0.187197 0.193710 0.191171 0.193002 0.202193 0.219372 0.235430 0.246636 0.267662 0.324592 0.350333 0.356699 0.359072 0.361368 0.365532 0.368868 0.369436 0.368778 0.368048 0.368781 0.369687 0.369988 0.369990 0.369993 0.369996 0.370000 0.369999 0.369751 0.369309 0.369066 0.368746 0.366287 0.360291 0.344157 0.311821 0.256720 0.227125 0.223079 0.228218 0.215777 0.199561 0.189784 0.189043 0.186908 0.183842 0.185341 0.189144 0.194716 0.198077 0.195372 0.191425 0.188002 0.182455 0.183178 0.188478 -9999.0 -9999.0 -9999.0 -9999.0 -9999.0 -9999.0
-9999.0 -9999.0 -9999.0 -9999.0 0.159246 0.160536 0.156990 0.159214 0.161184 0.162902 0.163569 0.166461 0.167778 0.170184 0.174903 0.179156 0.186191 0.192168 0.207000 0.236279 0.266092 0.285277 0.298654 0.343943 0.361996 0.366596 0.367635 0.368777 0.369744 0.370000 0.370000 0.370000 0.370000 0.370000 0.370000 0.370000 0.370000 0.370000 0.370000 0.370000 0.370000 0.370000 0.370000 0.370000 0.370000 0.370000 0.370000 0.370000 0.370000 0.370000 0.370000 0.370000 0.369930 0.369678 0.369249 0.367714 0.362135 0.357290 0.330787 0.289822 0.245865 0.231314 0.217211 0.209269 0.199970 0.201329 0.203499 0.198629 0.192057 0.185934 0.184524 0.181766 0.179378 0.185896 0.188824 0.196362 -9999.0 -9999.0 -9999.0 -9999.0
-9999.0 -9999.0 0.158364 0.159002 0.162892 0.161121 0.159963 0.158416 0.159563 0.163634 0.171649 0.176318 0.182688 0.186832 0.201168 0.235635 0.279956 0.316603 0.352242 0.364032 0.368147 0.369448 0.369972 0.369998 0.370000 0.370000 0.370000 0.370000 0.370000 0.370000 0.370000 0.370000 0.370000 0.370000 0.370000 0.370000 0.370000 0.370000 0.370000 0.370000 0.370000 0.370000 0.370000 0.370000 0.370000 0.370000 0.370000 0.370000 0.370000 0.370000 0.370000 0.370000 0.370000 0.370000 0.370000 0.370000 0.370000 0.369946 0.369811 0.369245 0.365363 0.359488 0.341340 0.302781 0.261281 0.241735 0.222151 0.209642 0.198210 0.188183 0.184689 0.182427 0.183249 0.182722 0.186308 0.189362 0.193380 0.195107 -9999.0 -9999.0
-9999.0 0.156549 0.156082 0.163085 0.165604 0.167870 0.170526 0.172835 0.175376 0.174028 0.196779 0.241053 0.291062 0.311882 0.347854 0.366465 0.369977 0.369998 0.369999 0.370000 0.370000 0.370000 0.370000 0.370000 0.370000 0.370000 0.370000 0.370000 0.370000 0.370000 0.370000 0.370000 0.370000 0.370000 0.370000 0.370000 0.370000 0.370000 0.370000 0.370000 0.370000 0.370000 0.370000 0.370000 0.370000 0.370000 0.370000 0.370000 0.370000 0.370000 0.370000 0.370000 0.370000 0.370000 0.370000 0.370000 0.370000 0.370000 0.370000 0.370000 0.369998 0.369920 0.369424 0.366899 0.360641 0.338636 0.291311 0.252220 0.222986 0.211265 0.203753 0.190405 0.186507 0.188623 0.186890 0.186644 0.188269 0.189631 -9999.0 -9999.0
-9999.0 0.150882 0.156758 0.165329 0.177617 0.182028 0.218415 0.255110 0.269235 0.252746 0.332548 0.369979 0.370000 0.370000 0.370000 0.370000 0.370000 0.370000 0.370000 0.370000 0.370000 0.370000 0.370000 0.370000 0.370000 0.370000 0.370000 0.370000 0.370000 0.370000 0.370000 0.370000 0.370000 0.370000 0.370000 0.370000 0.369999 0.369970 0.369821 0.369524 0.369289 0.369625 0.369463 0.369052 0.368946 0.369490 0.369842 0.369799 0.369833 0.369936 0.369995 0.370000 0.370000 0.370000 0.370000 0.370000 0.370000 0.370000 0.370000 0.370000 0.370000 0.370000 0.370000 0.369995 0.369789 0.367776 0.363270 0.355991 0.326761 0.290450 0.256424 0.227765 0.207257 0.201683 0.191910 0.189283 -9999.0 -9999.0 -9999.0 -9999.0
-9999.0 0.150074 0.155988 0.171766 0.216490 0.280389 0.361489 0.369721 0.370000 0.370000 0.370000 0.370000 0.370000 0.370000 0.370000 0.370000 0.370000 0.370000 0.370000 0.370000 0.370000 0.370000 0.370000 0.370000 0.370000 0.370000 0.370000 0.370000 0.370000 0.369995 0.369972 0.369940 0.369763 0.367352 0.364545 0.361630 0.346990 0.339908 0.331163 0.309886 0.296125 0.286643 0.298704 0.296384 0.295674 0.302933 0.319369 0.330906 0.351786 0.360365 0.364905 0.368345 0.369359 0.369863 0.369990 0.370000 0.370000 0.370000 0.370000 0.370000 0.370000 0.370000 0.370000 0.370000 0.370000 0.369993 0.369889 0.368840 0.365698 0.361136 0.355551 0.335475 0.283557 0.231820 0.217558 -9999.0 -9999.0 -9999.0 -9999.0 -9999.0
-9999.0 0.142344 0.155163 0.168373 0.241087 0.363417 0.369358 0.370000 0.370000 0.370000 0.370000 0.370000 0.370000 0.370000 0.370000 0.370000 0.370000 0.370000 0.370000 0.370000 0.369999 0.369994 0.369994 0.369986 0.369955 0.369896 0.369814 0.369602 0.368130 0.365241 0.356868 0.348049 0.303518 0.256528 0.233208 0.214173 0.196992 0.197107 0.202184 0.197376 0.192064 0.187046 0.193356 0.196635 0.199490 0.196250 0.197736 0.207137 0.223415 0.241330 0.269801 0.310807 0.341620 0.359687 0.363883 0.367952 0.369428 0.369899 0.369999 0.370000 0.370000 0.370000 0.370000 0.370000 0.370000 0.370000 0.370000 0.369995 0.369499 0.368375 0.367547 0.365900 0.361020 -9999.0 -9999.0 -9999.0 -9999.0 -9999.0 -9999.0 -9999.0
-9999.0 0.138514 0.151238 0.154479 0.177235 0.233738 0.326620 0.363795 0.369934 0.367917 0.367135 0.368443 0.369313 0.369652 0.369267 0.368194 0.366935 0.367175 0.367248 0.365628 0.362755 0.361178 0.361068 0.359669 0.351954 0.343878 0.337333 0.322639 0.294615 0.258525 0.218520 0.198646 0.185186 0.180047 0.176371 0.172698 0.167093 0.169798 0.172152 0.171535 0.169757 0.168602 0.172852 0.174736 0.176177 0.172700 0.175511 0.178665 0.185256 0.192530 0.202973 0.218430 0.238597 0.254053 0.265521 0.289152 0.324002 0.355405 0.366229 0.369735 0.369992 0.370000 0.370000 0.370000 0.370000 0.370000 0.370000 0.370000 0.369808 0.369411 0.369354 -9999.0 -9999.0 -9999.0 -9999.0 -9999.0 -9999.0 -9999.0 -9999.0 -9999.0
-9999.0 -9999.0 0.135846 0.140980 0.145777 0.152132 0.162082 0.175476 0.187510 0.203678 0.228408 0.258395 0.279632 0.289638 0.276714 0.251819 0.238188 0.238792 0.235084 0.228233 0.216963 0.213024 0.210172 0.207834 0.202982 0.200855 0.199806 0.197603 0.193057 0.183982 0.176162 0.170661 0.165298 0.164790 0.163711 0.162005 0.162998 0.162703 0.163186 0.163040 0.163462 0.164310 0.165506 0.167045 0.167354 0.167834 0.168556 0.170405 0.173315 0.177394 0.184747 0.195363 0.203874 0.206165 0.202324 0.203638 0.209760 0.225310 0.275005 0.341960 0.363631 0.368592 0.369860 0.369986 0.369997 0.370000 0.370000 0.369991 0.367455 0.368218 -9999.0 -9999.0 -9999.0 -9999.0 -9999.0 -9999.0 -9999.0 -9999.0 -9999.0 -9999.0
-9999.0 -9999.0 -9999.0 -9999.0 0.133689 0.140853 0.147720 0.147521 0.153459 0.158043 0.162878 0.168706 0.173772 0.176817 0.173777 0.172910 0.172042 0.172256 0.171394 0.170556 0.170058 0.169398 0.168618 0.167821 0.168042 0.168716 0.168814 0.167470 0.166993 0.164513 0.163754 0.162010 0.160381 0.158796 0.158879 0.158693 0.159225 0.158593 0.159564 0.159158 0.160016 0.160536 0.161714 0.163531 0.163310 0.164357 0.164607 0.166083 0.167301 0.171743 0.178934 0.187462 0.193476 0.193434 0.186671 0.183532 0.182083 0.186654 0.195327 0.214122 0.262733 0.318997 0.355891 0.363376 0.366245 0.368748 0.369646 0.369742 -9999.0 -9999.0 -9999.0 -9999.0 -9999.0 -9999.0 -9999.0 -9999.0 -9999.0 -9999.0 -9999.0 -9999.0
-9999.0 -9999.0 -9999.0 -9999.0 -9999.0 -9999.0 0.136640 0.140308 0.139390 0.142629 0.145810 0.148544 0.152375 0.152386 0.153561 0.156307 0.155912 0.154512 0.152847 0.155188 0.156286 0.156419 0.153712 0.154348 0.154656 0.155676 0.155574 0.155883 0.153613 0.156086 0.157227 0.156524 0.155836 0.156154 0.155555 0.157129 0.157317 0.156017 0.155681 0.157641 0.158346 0.158258 0.158869 0.160515 0.162760 0.163287 0.162529 0.161573 0.164228 0.170341 0.177903 0.185077 0.189908 0.191255 0.185241 0.177605 0.173889 0.173709 0.177360 0.184515 0.200728 0.213392 0.224651 0.237194 0.254106 0.324705 -9999.0 -9999.0 -9999.0 -9999.0 -9999.0 -9999.0 -9999.0 -9999.0 -9999.0 -9999.0 -9999.0 -9999.0 -9999.0 -9999.0
-9999.0 -9999.0 -9999.0 -9999.0 -9999.0 -9999.0 -9999.0 -9999.0 -9999.0 -9999.0 -9999.0 -9999.0 -9999.0 -9999.0 -9999.0 -9999.0 -9999.0 -9999.0 -9999.0 -9999.0 -9999.0 -9999.0 -9999.0 -9999.0 -9999.0 -9999.0 -9999.0 -9999.0 -9999.0 -9999.0 -9999.0 -9999.0 -9999.0 -9999.0 -9999.0 -9999.0 -9999.0 -9999.0 -9999.0 -9999.0 -9999.0 -9999.0 -9999.0 -9999.0 -9999.0 -9999.0 -9999.0 -9999.0 -9999.0 -9999.0 -9999.0 -9999.0 -9999.0 -9999.0 -9999.0 -9999.0 -9999.0 -9999.0 -9999.0 -9999.0 -9999.0 -9999.0 -9999.0 -9999.0 -9999.0 -9999.0 -9999.0 -9999.0 -9999.0 -9999.0 -9999.0 -9999.0 -9999.0 -9999.0 -9999.0 -9999.0 -9999.0 -9999.0 -9999.0 -9999.0
-9999.0 -9999.0 -9999.0 -9999.0 -9999.0 -9999.0 -9999.0 -9999.0 -9999.0 -9999.0 -9999.0 -9999.0 -9999.0 -9999.0 -9999.0 -9999.0 -9999.0 -9999.0 -9999.0 -9999.0 -9999.0 -9999.0 -9999.0 -9999.0 -9999.0 -9999.0 -9999.0 -9999.0 -9999.0 -9999.0 -9999.0 -9999.0 -9999.0 -9999.0 -9999.0 -9999.0 -9999.0 -9999.0 -9999.0 -9999.0 -9999.0 -9999.0 -9999.0 -9999.0 -9999.0 -9999.0 -9999.0 -9999.0 -9999.0 -9999.0 -9999.0 -9999.0 -9999.0 -9999.0 -9999.0 -9999.0 -9999.0 -9999.0 -9999.0 -9999.0 -9999.0 -9999.0 -9999.0 -9999.0 -9999.0 -9999.0 -9999.0 -9999.0 -9999.0 -9999.0 -9999.0 -9999.0 -9999.0 -9999.0 -9999.0 -9999.0 -9999.0 -9999.0 -9999.0 -9999.0