Borden_/Borden1m_014/output_maps/thetaliqL0005N0036.asc
ncols         80
nrows         18
xllcorner     620200.000000
yllcorner     5168000.000000
cellsize      1.000000
NODATA_value  -9999.0
-9999.0 -9999.0 -9999.0 -9999.0 -9999.0 -9999.0 -9999.0 -9999.0 -9999.0 -9999.0 -9999.0 -9999.0 -9999.0 -9999.0 -9999.0 -9999.0 -9999.0 -9999.0 -9999.0 -9999.0 -9999.0 -9999.0 -9999.0 -9999.0 -9999.0 -9999.0 -9999.0 -9999.0 -9999.0 -9999.0 -9999.0 -9999.0 -9999.0 -9999.0 -9999.0 -9999.0 -9999.0 -9999.0 -9999.0 -9999.0 -9999.0 -9999.0 -9999.0 -9999.0 -9999.0 -9999.0 -9999.0 -9999.0 -9999.0 -9999.0 -9999.0 -9999.0 -9999.0 -9999.0 -9999.0 -9999.0 -9999.0 -9999.0 -9999.0 -9999.0 -9999.0 -9999.0 -9999.0 -9999.0 -9999.0 -9999.0 -9999.0 -9999.0 -9999.0 -9999.0 -9999.0 -9999.0 -9999.0 -9999.0 -9999.0 -9999.0 -9999.0 -9999.0 -9999.0 -9999.0
-9999.0 -9999.0 -9999.0 -9999.0 -9999.0 -9999.0 -9999.0 -9999.0 -9999.0 -9999.0 -9999.0 -9999.0 -9999.0 -9999.0 -9999.0 -9999.0 -9999.0 -9999.0 -9999.0 -9999.0 -9999.0 -9999.0 -9999.0 -9999.0 -9999.0 -9999.0 -9999.0 -9999.0 -9999.0 -9999.0 -9999.0 -9999.0 -9999.0 -9999.0 -9999.0 -9999.0 -9999.0 -9999.0 -9999.0 -9999.0 -9999.0 -9999.0 -9999.0 -9999.0 -9999.0 -9999.0 -9999.0 -9999.0 -9999.0 -9999.0 -9999.0 -9999.0 -9999.0 -9999.0 -9999.0 -9999.0 -9999.0 -9999.0 -9999.0 -9999.0 -9999.0 -9999.0 -9999.0 -9999.0 -9999.0 -9999.0 -9999.0 -9999.0 -9999.0 -9999.0 -9999.0 -9999.0 -9999.0 -9999.0 -9999.0 -9999.0 -9999.0 -9999.0 -9999.0 -9999.0
-9999.0 -9999.0 -9999.0 -9999.0 -9999.0 -9999.0 -9999.0 -9999.0 -9999.0 -9999.0 -9999.0 -9999.0 -9999.0 -9999.0 -9999.0 -9999.0 -9999.0 -9999.0 -9999.0 -9999.0 0.134370 0.136018 0.129488 0.121764 0.116188 0.116091 0.122717 0.132006 0.143027 0.146180 0.139156 0.139962 0.137692 0.137074 0.137656 0.139610 0.140450 0.144255 0.147069 0.146678 0.144267 0.142229 0.141285 0.142328 0.144432 0.141213 0.146374 0.152441 0.155128 0.153696 0.144005 0.139380 0.137398 0.132623 0.141574 0.145882 0.155112 0.156848 0.157209 0.146661 0.136735 -9999.0 -9999.0 -9999.0 -9999.0 -9999.0 -9999.0 -9999.0 -9999.0 -9999.0 -9999.0 -9999.0 -9999.0 -9999.0 -9999.0 -9999.0 -9999.0 -9999.0 -9999.0 -9999.0
-9999.0 -9999.0 -9999.0 -9999.0 -9999.0 -9999.0 -9999.0 -9999.0 -9999.0 -9999.0 -9999.0 -9999.0 -9999.0 -9999.0 0.117261 0.115004 0.114121 0.114583 0.120447 0.126264 0.128370 0.125817 0.126710 0.120793 0.116164 0.119034 0.124867 0.131676 0.141347 0.148427 0.143084 0.141827 0.145400 0.156889 0.163447 0.161756 0.150703 0.161546 0.169470 0.174780 0.174167 0.168892 0.177781 0.188172 0.183801 0.172925 0.174375 0.180918 0.191126 0.182241 0.149120 0.142490 0.142522 0.141359 0.137243 0.135031 0.144489 0.144462 0.142008 0.137423 0.129186 0.119287 0.115759 0.124271 0.135381 0.156823 -9999.0 -9999.0 -9999.0 -9999.0 -9999.0 -9999.0 -9999.0 -9999.0 -9999.0 -9999.0 -9999.0 -9999.0 -9999.0 -9999.0
-9999.0 -9999.0 -9999.0 -9999.0 -9999.0 -9999.0 -9999.0 -9999.0 -9999.0 0.110427 0.110340 0.111156 0.110490 0.112730 0.110893 0.111825 0.112216 0.116173 0.121063 0.128367 0.136494 0.132261 0.131906 0.135720 0.137381 0.140774 0.147081 0.164108 0.187294 0.217422 0.196012 0.194906 0.209069 0.255022 0.295090 0.305876 0.287616 0.288913 0.312606 0.333358 0.335228 0.334849 0.348233 0.353422 0.355639 0.348861 0.336951 0.334303 0.347303 0.313841 0.253414 0.203449 0.203217 0.182159 0.159646 0.150417 0.148965 0.160340 0.154213 0.140601 0.130049 0.129466 0.125171 0.129661 0.135403 0.152272 0.169670 0.185983 0.186730 0.176843 -9999.0 -9999.0 -9999.0 -9999.0 -9999.0 -9999.0 -9999.0 -9999.0 -9999.0 -9999.0
-9999.0 -9999.0 -9999.0 -9999.0 -9999.0 -9999.0 0.104000 0.104240 0.105808 0.104094 0.106847 0.106331 0.108731 0.110671 0.113128 0.114826 0.120208 0.126463 0.136943 0.151656 0.165578 0.162276 0.166761 0.187286 0.222080 0.253795 0.276205 0.312215 0.356588 0.365752 0.367405 0.367941 0.368439 0.369457 0.369937 0.369974 0.369931 0.369870 0.369945 0.369996 0.370000 0.370000 0.370000 0.370000 0.370000 0.370000 0.369997 0.369981 0.369966 0.369941 0.369605 0.368159 0.363653 0.350433 0.294575 0.238102 0.231217 0.241838 0.215440 0.179866 0.158360 0.155307 0.150349 0.144818 0.147389 0.155345 0.166770 0.173467 0.167748 0.159032 0.150784 0.140319 0.141353 0.151242 -9999.0 -9999.0 -9999.0 -9999.0 -9999.0 -9999.0
-9999.0 -9999.0 -9999.0 -9999.0 0.099146 0.100416 0.097459 0.099662 0.102066 0.104553 0.106496 0.110882 0.113803 0.118239 0.126727 0.135942 0.150739 0.165167 0.197720 0.256856 0.308537 0.332199 0.344290 0.363753 0.368671 0.369659 0.369820 0.369943 0.369997 0.370000 0.370000 0.370000 0.370000 0.370000 0.370000 0.370000 0.370000 0.370000 0.370000 0.370000 0.370000 0.370000 0.370000 0.370000 0.370000 0.370000 0.370000 0.370000 0.370000 0.370000 0.370000 0.370000 0.370000 0.369995 0.369975 0.369822 0.368669 0.367364 0.358938 0.335917 0.276235 0.248162 0.219165 0.200455 0.180576 0.182334 0.185788 0.175474 0.161386 0.148676 0.144614 0.138937 0.135326 0.146576 0.153076 0.167908 -9999.0 -9999.0 -9999.0 -9999.0
-9999.0 -9999.0 0.097434 0.098802 0.103239 0.102079 0.101261 0.100252 0.102077 0.107578 0.120031 0.130266 0.143785 0.154065 0.185007 0.254726 0.326770 0.353737 0.366113 0.369186 0.369883 0.369986 0.370000 0.370000 0.370000 0.370000 0.370000 0.370000 0.370000 0.370000 0.370000 0.370000 0.370000 0.370000 0.370000 0.370000 0.370000 0.370000 0.370000 0.370000 0.370000 0.370000 0.370000 0.370000 0.370000 0.370000 0.370000 0.370000 0.370000 0.370000 0.370000 0.370000 0.370000 0.370000 0.370000 0.370000 0.370000 0.370000 0.369998 0.369975 0.369446 0.367935 0.362522 0.345518 0.303473 0.268950 0.228620 0.200682 0.175376 0.154600 0.146670 0.141319 0.141873 0.141743 0.148245 0.154600 0.162177 0.165889 -9999.0 -9999.0
-9999.0 0.094966 0.095361 0.103326 0.108422 0.112946 0.118566 0.123686 0.128740 0.129164 0.173930 0.262472 0.336619 0.351453 0.364878 0.369645 0.370000 0.370000 0.370000 0.370000 0.370000 0.370000 0.370000 0.370000 0.370000 0.370000 0.370000 0.370000 0.370000 0.370000 0.370000 0.370000 0.370000 0.370000 0.370000 0.370000 0.370000 0.370000 0.370000 0.370000 0.370000 0.370000 0.370000 0.370000 0.370000 0.370000 0.370000 0.370000 0.370000 0.370000 0.370000 0.370000 0.370000 0.370000 0.370000 0.370000 0.370000 0.370000 0.370000 0.370000 0.370000 0.370000 0.369984 0.369715 0.368320 0.361476 0.337458 0.288499 0.231634 0.204713 0.186870 0.159520 0.150747 0.153362 0.149957 0.149390 0.152473 0.155258 -9999.0 -9999.0
-9999.0 0.090418 0.095873 0.107376 0.129472 0.143449 0.215043 0.286189 0.309732 0.288086 0.359365 0.370000 0.370000 0.370000 0.370000 0.370000 0.370000 0.370000 0.370000 0.370000 0.370000 0.370000 0.370000 0.370000 0.370000 0.370000 0.370000 0.370000 0.370000 0.370000 0.370000 0.370000 0.370000 0.370000 0.370000 0.370000 0.370000 0.370000 0.369999 0.369990 0.369980 0.369994 0.369988 0.369967 0.369960 0.369989 0.369999 0.369998 0.369999 0.370000 0.370000 0.370000 0.370000 0.370000 0.370000 0.370000 0.370000 0.370000 0.370000 0.370000 0.370000 0.370000 0.370000 0.370000 0.369998 0.369822 0.368938 0.366574 0.355682 0.334164 0.293033 0.240061 0.196303 0.181959 0.161868 0.154433 -9999.0 -9999.0 -9999.0 -9999.0
-9999.0 0.089543 0.095106 0.116900 0.208804 0.320719 0.368490 0.369995 0.370000 0.370000 0.370000 0.370000 0.370000 0.370000 0.370000 0.370000 0.370000 0.370000 0.370000 0.370000 0.370000 0.370000 0.370000 0.370000 0.370000 0.370000 0.370000 0.370000 0.370000 0.370000 0.370000 0.370000 0.369998 0.369782 0.369256 0.368508 0.364458 0.362222 0.359052 0.349680 0.341018 0.333186 0.342527 0.341265 0.340985 0.345781 0.354250 0.359121 0.365893 0.368223 0.369371 0.369902 0.369981 0.369999 0.370000 0.370000 0.370000 0.370000 0.370000 0.370000 0.370000 0.370000 0.370000 0.370000 0.370000 0.370000 0.369999 0.369927 0.369395 0.368179 0.366190 0.358865 0.327685 0.245635 0.215174 -9999.0 -9999.0 -9999.0 -9999.0 -9999.0
-9999.0 0.084287 0.093742 0.111446 0.253734 0.368953 0.369976 0.370000 0.370000 0.370000 0.370000 0.370000 0.370000 0.370000 0.370000 0.370000 0.370000 0.370000 0.370000 0.370000 0.370000 0.370000 0.370000 0.370000 0.370000 0.370000 0.369998 0.369993 0.369882 0.369429 0.367118 0.364642 0.345426 0.293833 0.249635 0.210614 0.175818 0.175047 0.184164 0.173891 0.162670 0.153403 0.165483 0.172457 0.178145 0.172435 0.176650 0.196922 0.232082 0.268735 0.315659 0.350486 0.362977 0.368060 0.369156 0.369861 0.369985 0.370000 0.370000 0.370000 0.370000 0.370000 0.370000 0.370000 0.370000 0.370000 0.370000 0.370000 0.369981 0.369854 0.369728 0.369440 0.368202 -9999.0 -9999.0 -9999.0 -9999.0 -9999.0 -9999.0 -9999.0
-9999.0 0.081999 0.090086 0.094147 0.126636 0.241726 0.354564 0.368941 0.369998 0.369824 0.369743 0.369913 0.369980 0.369995 0.369978 0.369886 0.369717 0.369748 0.369751 0.369457 0.368776 0.368314 0.368281 0.367920 0.365875 0.363481 0.361228 0.355372 0.339232 0.296402 0.221124 0.178358 0.149283 0.137256 0.129465 0.122341 0.114009 0.117117 0.120515 0.119515 0.116845 0.115462 0.121752 0.125325 0.127750 0.123116 0.127638 0.134092 0.147189 0.162991 0.186350 0.221090 0.263386 0.292240 0.310125 0.336517 0.356523 0.366829 0.369617 0.369997 0.370000 0.370000 0.370000 0.370000 0.370000 0.370000 0.370000 0.370000 0.369997 0.369972 0.369968 -9999.0 -9999.0 -9999.0 -9999.0 -9999.0 -9999.0 -9999.0 -9999.0 -9999.0
-9999.0 -9999.0 0.080636 0.083647 0.087146 0.093589 0.106612 0.127937 0.149984 0.181617 0.234535 0.292705 0.323311 0.333706 0.320357 0.283664 0.258268 0.258843 0.251290 0.237599 0.215442 0.207728 0.201849 0.196914 0.187038 0.182205 0.179444 0.173852 0.163019 0.144107 0.128637 0.118250 0.109738 0.107907 0.105987 0.103691 0.104316 0.104046 0.104703 0.104630 0.105154 0.106308 0.108254 0.110649 0.111452 0.112240 0.113675 0.117013 0.122561 0.130936 0.145930 0.168232 0.187113 0.192714 0.185439 0.188701 0.202996 0.237783 0.322206 0.362690 0.369116 0.369923 0.369999 0.370000 0.370000 0.370000 0.370000 0.370000 0.369632 0.369800 -9999.0 -9999.0 -9999.0 -9999.0 -9999.0 -9999.0 -9999.0 -9999.0 -9999.0 -9999.0
-9999.0 -9999.0 -9999.0 -9999.0 0.079668 0.083618 0.088002 0.088382 0.093563 0.099016 0.106100 0.115563 0.124768 0.130287 0.125738 0.123679 0.121867 0.121762 0.120220 0.118852 0.117801 0.116586 0.115116 0.113885 0.113979 0.114773 0.114726 0.112701 0.111312 0.107669 0.105863 0.103115 0.100720 0.098804 0.098598 0.098318 0.098736 0.098156 0.099090 0.098899 0.099878 0.100651 0.102230 0.104588 0.104859 0.106266 0.106892 0.109115 0.111859 0.119690 0.133161 0.150377 0.163258 0.163561 0.150535 0.144027 0.141759 0.151013 0.170665 0.213745 0.306284 0.354367 0.366940 0.368981 0.369577 0.369922 0.369991 0.369995 -9999.0 -9999.0 -9999.0 -9999.0 -9999.0 -9999.0 -9999.0 -9999.0 -9999.0 -9999.0 -9999.0 -9999.0
-9999.0 -9999.0 -9999.0 -9999.0 -9999.0 -9999.0 0.081010 0.083051 0.082745 0.084950 0.087505 0.090158 0.093881 0.094419 0.095577 0.098059 0.097620 0.096192 0.094674 0.096666 0.097661 0.097636 0.095095 0.095491 0.095777 0.096720 0.096630 0.096710 0.094596 0.096478 0.097273 0.096336 0.095425 0.095462 0.094880 0.096176 0.096331 0.095207 0.094995 0.096801 0.097635 0.097797 0.098699 0.100733 0.103416 0.104298 0.103716 0.103188 0.107084 0.116571 0.130307 0.144929 0.155314 0.157824 0.145706 0.131645 0.125250 0.125588 0.133083 0.148494 0.183158 0.213270 0.239220 0.264160 0.296514 0.356881 -9999.0 -9999.0 -9999.0 -9999.0 -9999.0 -9999.0 -9999.0 -9999.0 -9999.0 -9999.0 -9999.0 -9999.0 -9999.0 -9999.0
-9999.0 -9999.0 -9999.0 -9999.0 -9999.0 -9999.0 -9999.0 -9999.0 -9999.0 -9999.0 -9999.0 -9999.0 -9999.0 -9999.0 -9999.0 -9999.0 -9999.0 -9999.0 -9999.0 -9999.0 -9999.0 -9999.0 -9999.0 -9999.0 -9999.0 -9999.0 -9999.0 -9999.0 -9999.0 -9999.0 -9999.0 -9999.0 -9999.0 -9999.0 -9999.0 -9999.0 -9999.0 -9999.0 -9999.0 -9999.0 -9999.0 -9999.0 -9999.0 -9999.0 -9999.0 -9999.0 -9999.0 -9999.0 -9999.0 -9999.0 -9999.0 -9999.0 -9999.0 -9999.0 -9999.0 -9999.0 -9999.0 -9999.0 -9999.0 -9999.0 -9999.0 -9999.0 -9999.0 -9999.0 -9999.0 -9999.0 -9999.0 -9999.0 -9999.0 -9999.0 -9999.0 -9999.0 -9999.0 -9999.0 -9999.0 -9999.0 -9999.0 -9999.0 -9999.0 -9999.0
-9999.0 -9999.0 -9999.0 -9999.0 -9999.0 -9999.0 -9999.0 -9999.0 -9999.0 -9999.0 -9999.0 -9999.0 -9999.0 -9999.0 -9999.0 -9999.0 -9999.0 -9999.0 -9999.0 -9999.0 -9999.0 -9999.0 -9999.0 -9999.0 -9999.0 -9999.0 -9999.0 -9999.0 -9999.0 -9999.0 -9999.0 -9999.0 -9999.0 -9999.0 -9999.0 -9999.0 -9999.0 -9999.0 -9999.0 -9999.0 -9999.0 -9999.0 -9999.0 -9999.0 -9999.0 -9999.0 -9999.0 -9999.0 -9999.0 -9999.0 -9999.0 -9999.0 -9999.0 -9999.0 -9999.0 -9999.0 -9999.0 -9999.0 -9999.0 -9999.0 -9999.0 -9999.0 -9999.0 -9999.0 -9999.0 -9999.0 -9999.0 -9999.0 -9999.0 -9999.0 -9999.0 -9999.0 -9999.0 -9999.0 -9999.0 -9999.0 -9999.0 -9999.0 -9999.0 -9999.0