Borden_/Borden1m_014/output_maps/thetaliqL0001N0026.asc
ncols         80
nrows         18
xllcorner     620200.000000
yllcorner     5168000.000000
cellsize      1.000000
NODATA_value  -9999.0
-9999.0 -9999.0 -9999.0 -9999.0 -9999.0 -9999.0 -9999.0 -9999.0 -9999.0 -9999.0 -9999.0 -9999.0 -9999.0 -9999.0 -9999.0 -9999.0 -9999.0 -9999.0 -9999.0 -9999.0 -9999.0 -9999.0 -9999.0 -9999.0 -9999.0 -9999.0 -9999.0 -9999.0 -9999.0 -9999.0 -9999.0 -9999.0 -9999.0 -9999.0 -9999.0 -9999.0 -9999.0 -9999.0 -9999.0 -9999.0 -9999.0 -9999.0 -9999.0 -9999.0 -9999.0 -9999.0 -9999.0 -9999.0 -9999.0 -9999.0 -9999.0 -9999.0 -9999.0 -9999.0 -9999.0 -9999.0 -9999.0 -9999.0 -9999.0 -9999.0 -9999.0 -9999.0 -9999.0 -9999.0 -9999.0 -9999.0 -9999.0 -9999.0 -9999.0 -9999.0 -9999.0 -9999.0 -9999.0 -9999.0 -9999.0 -9999.0 -9999.0 -9999.0 -9999.0 -9999.0
-9999.0 -9999.0 -9999.0 -9999.0 -9999.0 -9999.0 -9999.0 -9999.0 -9999.0 -9999.0 -9999.0 -9999.0 -9999.0 -9999.0 -9999.0 -9999.0 -9999.0 -9999.0 -9999.0 -9999.0 -9999.0 -9999.0 -9999.0 -9999.0 -9999.0 -9999.0 -9999.0 -9999.0 -9999.0 -9999.0 -9999.0 -9999.0 -9999.0 -9999.0 -9999.0 -9999.0 -9999.0 -9999.0 -9999.0 -9999.0 -9999.0 -9999.0 -9999.0 -9999.0 -9999.0 -9999.0 -9999.0 -9999.0 -9999.0 -9999.0 -9999.0 -9999.0 -9999.0 -9999.0 -9999.0 -9999.0 -9999.0 -9999.0 -9999.0 -9999.0 -9999.0 -9999.0 -9999.0 -9999.0 -9999.0 -9999.0 -9999.0 -9999.0 -9999.0 -9999.0 -9999.0 -9999.0 -9999.0 -9999.0 -9999.0 -9999.0 -9999.0 -9999.0 -9999.0 -9999.0
-9999.0 -9999.0 -9999.0 -9999.0 -9999.0 -9999.0 -9999.0 -9999.0 -9999.0 -9999.0 -9999.0 -9999.0 -9999.0 -9999.0 -9999.0 -9999.0 -9999.0 -9999.0 -9999.0 -9999.0 0.194400 0.195038 0.193706 0.192224 0.190982 0.190817 0.192206 0.193812 0.195693 0.196075 0.194521 0.194901 0.194282 0.193944 0.193916 0.194337 0.194532 0.195143 0.195531 0.195349 0.194882 0.194552 0.194224 0.194323 0.194854 0.194152 0.195201 0.196240 0.196611 0.196611 0.195205 0.194630 0.194430 0.193235 0.195405 0.196039 0.197667 0.197820 0.198140 0.196306 0.194536 -9999.0 -9999.0 -9999.0 -9999.0 -9999.0 -9999.0 -9999.0 -9999.0 -9999.0 -9999.0 -9999.0 -9999.0 -9999.0 -9999.0 -9999.0 -9999.0 -9999.0 -9999.0 -9999.0
-9999.0 -9999.0 -9999.0 -9999.0 -9999.0 -9999.0 -9999.0 -9999.0 -9999.0 -9999.0 -9999.0 -9999.0 -9999.0 -9999.0 0.192064 0.191345 0.191009 0.190784 0.192027 0.192993 0.193005 0.192254 0.192880 0.191451 0.190205 0.190965 0.192023 0.192879 0.194351 0.195518 0.194425 0.194157 0.194745 0.196870 0.197830 0.197379 0.194879 0.197203 0.198403 0.199201 0.199101 0.197946 0.199574 0.201489 0.200503 0.198495 0.198889 0.199989 0.201880 0.200897 0.194744 0.194138 0.194463 0.194598 0.193802 0.193213 0.195394 0.195075 0.194722 0.194363 0.193136 0.191146 0.190265 0.192334 0.194191 0.198162 -9999.0 -9999.0 -9999.0 -9999.0 -9999.0 -9999.0 -9999.0 -9999.0 -9999.0 -9999.0 -9999.0 -9999.0 -9999.0 -9999.0
-9999.0 -9999.0 -9999.0 -9999.0 -9999.0 -9999.0 -9999.0 -9999.0 -9999.0 0.190962 0.190746 0.190934 0.190448 0.191055 0.190000 0.190233 0.190043 0.190875 0.191540 0.192728 0.194372 0.193132 0.192973 0.193869 0.194012 0.194349 0.195060 0.197838 0.201142 0.206592 0.201941 0.201752 0.204252 0.214211 0.224017 0.227254 0.221854 0.221755 0.228349 0.236830 0.236920 0.236124 0.245835 0.252112 0.256904 0.247082 0.237968 0.236535 0.248421 0.228874 0.214142 0.203255 0.203900 0.200445 0.196816 0.195505 0.194996 0.197565 0.196590 0.194301 0.192483 0.193107 0.192085 0.193071 0.193745 0.196727 0.199486 0.202266 0.202409 0.200619 -9999.0 -9999.0 -9999.0 -9999.0 -9999.0 -9999.0 -9999.0 -9999.0 -9999.0 -9999.0
-9999.0 -9999.0 -9999.0 -9999.0 -9999.0 -9999.0 0.189806 0.189700 0.190072 0.188787 0.189643 0.189007 0.189641 0.189904 0.190298 0.190294 0.191375 0.192310 0.193953 0.196210 0.198380 0.197212 0.197779 0.201021 0.207945 0.214877 0.219345 0.227833 0.261892 0.303103 0.320353 0.328378 0.337598 0.347698 0.360609 0.367966 0.359889 0.355611 0.358733 0.364859 0.369510 0.369522 0.369595 0.369679 0.369878 0.369856 0.365449 0.361686 0.360263 0.358831 0.349778 0.334975 0.291439 0.251237 0.223486 0.211160 0.208932 0.210601 0.205937 0.200107 0.196807 0.196816 0.196198 0.194998 0.195532 0.196726 0.198643 0.199867 0.198936 0.197697 0.196793 0.194819 0.195133 0.197058 -9999.0 -9999.0 -9999.0 -9999.0 -9999.0 -9999.0
-9999.0 -9999.0 -9999.0 -9999.0 0.187893 0.188461 0.186743 0.187683 0.188405 0.188935 0.188899 0.189890 0.190136 0.190833 0.192388 0.193629 0.195898 0.197621 0.202730 0.214673 0.227619 0.236352 0.241983 0.289712 0.338266 0.350874 0.354132 0.358893 0.365635 0.369910 0.369973 0.369912 0.369992 0.369987 0.370000 0.370000 0.370000 0.370000 0.370000 0.370000 0.370000 0.370000 0.370000 0.370000 0.370000 0.370000 0.370000 0.369999 0.370000 0.370000 0.369982 0.369953 0.367968 0.364847 0.361714 0.354760 0.339153 0.326457 0.268966 0.238267 0.218435 0.212045 0.206356 0.203625 0.200099 0.200698 0.201648 0.199896 0.197704 0.195674 0.195455 0.194594 0.193611 0.196077 0.196936 0.199696 -9999.0 -9999.0 -9999.0 -9999.0
-9999.0 -9999.0 0.187848 0.187866 0.189394 0.188404 0.187847 0.187013 0.187314 0.188766 0.191627 0.192850 0.194862 0.195909 0.200839 0.214865 0.234259 0.253708 0.310300 0.342848 0.355972 0.363010 0.369270 0.369781 0.369871 0.369998 0.369994 0.370000 0.370000 0.370000 0.370000 0.370000 0.370000 0.370000 0.370000 0.370000 0.370000 0.370000 0.370000 0.370000 0.370000 0.370000 0.370000 0.370000 0.370000 0.370000 0.370000 0.370000 0.370000 0.370000 0.370000 0.370000 0.370000 0.370000 0.369998 0.369999 0.369951 0.368336 0.366371 0.361766 0.347066 0.333474 0.287046 0.244592 0.224273 0.215810 0.208050 0.203550 0.199643 0.196188 0.195182 0.194593 0.195080 0.194721 0.196033 0.197026 0.198542 0.199112 -9999.0 -9999.0
-9999.0 0.187484 0.186917 0.189641 0.190018 0.190551 0.191358 0.192050 0.192779 0.191585 0.199701 0.217966 0.240433 0.250686 0.298990 0.349486 0.369352 0.369765 0.369768 0.369989 0.370000 0.370000 0.370000 0.370000 0.370000 0.370000 0.370000 0.370000 0.370000 0.370000 0.370000 0.370000 0.370000 0.370000 0.370000 0.370000 0.370000 0.370000 0.370000 0.370000 0.370000 0.370000 0.369998 0.370000 0.369999 0.370000 0.370000 0.369998 0.370000 0.370000 0.370000 0.370000 0.370000 0.370000 0.370000 0.370000 0.370000 0.370000 0.369998 0.369999 0.369692 0.367987 0.363369 0.351569 0.335386 0.282601 0.237834 0.219966 0.208244 0.204200 0.201778 0.196926 0.195719 0.196746 0.196115 0.196044 0.196635 0.197093 -9999.0 -9999.0
-9999.0 0.185022 0.187478 0.190347 0.194030 0.194520 0.209116 0.224783 0.230807 0.222066 0.272828 0.369461 0.369945 0.369946 0.369997 0.370000 0.370000 0.370000 0.370000 0.370000 0.370000 0.370000 0.370000 0.370000 0.370000 0.370000 0.370000 0.370000 0.370000 0.370000 0.369999 0.370000 0.370000 0.369997 0.369980 0.369963 0.369903 0.368827 0.366433 0.363289 0.361393 0.364131 0.362764 0.359928 0.359282 0.362996 0.366579 0.366152 0.366708 0.368194 0.369506 0.369990 0.369997 0.370000 0.370000 0.370000 0.370000 0.370000 0.370000 0.370000 0.370000 0.370000 0.369998 0.369533 0.366648 0.355596 0.342411 0.327885 0.266996 0.238844 0.222546 0.210472 0.202680 0.201032 0.197522 0.197001 -9999.0 -9999.0 -9999.0 -9999.0
-9999.0 0.185067 0.187507 0.193141 0.208266 0.236922 0.337833 0.365953 0.369995 0.369896 0.370000 0.370000 0.370000 0.370000 0.370000 0.370000 0.370000 0.370000 0.370000 0.370000 0.370000 0.370000 0.370000 0.370000 0.370000 0.370000 0.370000 0.370000 0.369861 0.369493 0.368856 0.368187 0.365901 0.352961 0.344934 0.337853 0.296144 0.282987 0.270136 0.249824 0.241905 0.237168 0.243645 0.241881 0.241243 0.245423 0.257303 0.268702 0.310236 0.335103 0.345534 0.356924 0.362657 0.367207 0.369306 0.369993 0.369999 0.370000 0.370000 0.370000 0.370000 0.370000 0.370000 0.370000 0.369999 0.369499 0.368019 0.362489 0.351301 0.339585 0.328490 0.282251 0.235518 0.212374 0.206963 -9999.0 -9999.0 -9999.0 -9999.0 -9999.0
-9999.0 0.181903 0.187901 0.192547 0.221274 0.342804 0.363477 0.370000 0.370000 0.370000 0.369881 0.369999 0.369997 0.370000 0.370000 0.369999 0.369999 0.369999 0.370000 0.369996 0.369749 0.369533 0.369490 0.369233 0.368486 0.367490 0.366413 0.364312 0.355848 0.346506 0.327089 0.302032 0.246407 0.223686 0.213937 0.206163 0.199530 0.199664 0.201683 0.199883 0.198022 0.196082 0.198396 0.199457 0.200507 0.199209 0.199563 0.202883 0.208788 0.215897 0.228257 0.249325 0.285685 0.333364 0.342888 0.355168 0.362995 0.367635 0.369734 0.370000 0.370000 0.370000 0.370000 0.370000 0.370000 0.370000 0.369999 0.369695 0.366768 0.362082 0.357966 0.351189 0.338592 -9999.0 -9999.0 -9999.0 -9999.0 -9999.0 -9999.0 -9999.0
-9999.0 0.179919 0.186460 0.187699 0.196188 0.217887 0.271891 0.344540 0.369327 0.356179 0.352623 0.357456 0.361974 0.364582 0.361682 0.356371 0.351815 0.352809 0.353312 0.348451 0.341613 0.338335 0.337984 0.333779 0.310279 0.291107 0.279508 0.260847 0.241334 0.224579 0.207298 0.200295 0.195746 0.194220 0.193129 0.191992 0.189798 0.190987 0.191916 0.191664 0.190954 0.190409 0.192020 0.192566 0.193081 0.191563 0.192594 0.193522 0.195676 0.197947 0.201359 0.206766 0.214446 0.220805 0.226198 0.237190 0.260217 0.321950 0.349091 0.365877 0.369408 0.369991 0.370000 0.370000 0.370000 0.370000 0.370000 0.370000 0.368542 0.366964 0.366046 -9999.0 -9999.0 -9999.0 -9999.0 -9999.0 -9999.0 -9999.0 -9999.0 -9999.0
-9999.0 -9999.0 0.178755 0.181480 0.184055 0.186568 0.190158 0.195190 0.199094 0.204694 0.213978 0.226181 0.235512 0.240399 0.233879 0.222421 0.216564 0.216998 0.215526 0.212605 0.207702 0.205907 0.204770 0.203871 0.201993 0.201215 0.200899 0.200243 0.198813 0.195727 0.193116 0.191412 0.189552 0.189646 0.189353 0.188699 0.189206 0.189084 0.189259 0.189153 0.189279 0.189558 0.189908 0.190388 0.190398 0.190519 0.190693 0.191235 0.192074 0.193186 0.195440 0.198916 0.201728 0.202442 0.200965 0.201480 0.203656 0.209183 0.230622 0.289299 0.341632 0.358364 0.367318 0.369279 0.369711 0.369987 0.370000 0.369682 0.363889 0.364744 -9999.0 -9999.0 -9999.0 -9999.0 -9999.0 -9999.0 -9999.0 -9999.0 -9999.0 -9999.0
-9999.0 -9999.0 -9999.0 -9999.0 0.177877 0.181495 0.184846 0.184523 0.186940 0.188347 0.189713 0.191433 0.192858 0.193856 0.192514 0.192134 0.191853 0.192079 0.191827 0.191453 0.191252 0.191046 0.190880 0.190588 0.190684 0.190938 0.191013 0.190526 0.190547 0.189576 0.189427 0.188893 0.188373 0.187775 0.187900 0.187816 0.188081 0.187804 0.188239 0.187957 0.188272 0.188410 0.188800 0.189438 0.189160 0.189532 0.189545 0.190045 0.190218 0.191550 0.193789 0.196496 0.198412 0.198327 0.195870 0.194906 0.194363 0.195912 0.198680 0.205109 0.225094 0.255284 0.323294 0.342570 0.350959 0.360877 0.367073 0.368170 -9999.0 -9999.0 -9999.0 -9999.0 -9999.0 -9999.0 -9999.0 -9999.0 -9999.0 -9999.0 -9999.0 -9999.0
-9999.0 -9999.0 -9999.0 -9999.0 -9999.0 -9999.0 0.179290 0.181031 0.180595 0.181791 0.182832 0.183693 0.185121 0.184850 0.185198 0.186358 0.186164 0.185617 0.184933 0.185963 0.186376 0.186497 0.185360 0.185676 0.185773 0.186222 0.186176 0.186372 0.185374 0.186513 0.187054 0.186833 0.186621 0.186838 0.186579 0.187323 0.187411 0.186818 0.186654 0.187497 0.187723 0.187589 0.187750 0.188325 0.189180 0.189293 0.188891 0.188335 0.189224 0.191278 0.193648 0.195824 0.197301 0.197822 0.195783 0.193127 0.191842 0.191678 0.192757 0.194880 0.200323 0.204482 0.208287 0.213811 0.220416 0.260364 -9999.0 -9999.0 -9999.0 -9999.0 -9999.0 -9999.0 -9999.0 -9999.0 -9999.0 -9999.0 -9999.0 -9999.0 -9999.0 -9999.0
-9999.0 -9999.0 -9999.0 -9999.0 -9999.0 -9999.0 -9999.0 -9999.0 -9999.0 -9999.0 -9999.0 -9999.0 -9999.0 -9999.0 -9999.0 -9999.0 -9999.0 -9999.0 -9999.0 -9999.0 -9999.0 -9999.0 -9999.0 -9999.0 -9999.0 -9999.0 -9999.0 -9999.0 -9999.0 -9999.0 -9999.0 -9999.0 -9999.0 -9999.0 -9999.0 -9999.0 -9999.0 -9999.0 -9999.0 -9999.0 -9999.0 -9999.0 -9999.0 -9999.0 -9999.0 -9999.0 -9999.0 -9999.0 -9999.0 -9999.0 -9999.0 -9999.0 -9999.0 -9999.0 -9999.0 -9999.0 -9999.0 -9999.0 -9999.0 -9999.0 -9999.0 -9999.0 -9999.0 -9999.0 -9999.0 -9999.0 -9999.0 -9999.0 -9999.0 -9999.0 -9999.0 -9999.0 -9999.0 -9999.0 -9999.0 -9999.0 -9999.0 -9999.0 -9999.0 -9999.0
-9999.0 -9999.0 -9999.0 -9999.0 -9999.0 -9999.0 -9999.0 -9999.0 -9999.0 -9999.0 -9999.0 -9999.0 -9999.0 -9999.0 -9999.0 -9999.0 -9999.0 -9999.0 -9999.0 -9999.0 -9999.0 -9999.0 -9999.0 -9999.0 -9999.0 -9999.0 -9999.0 -9999.0 -9999.0 -9999.0 -9999.0 -9999.0 -9999.0 -9999.0 -9999.0 -9999.0 -9999.0 -9999.0 -9999.0 -9999.0 -9999.0 -9999.0 -9999.0 -9999.0 -9999.0 -9999.0 -9999.0 -9999.0 -9999.0 -9999.0 -9999.0 -9999.0 -9999.0 -9999.0 -9999.0 -9999.0 -9999.0 -9999.0 -9999.0 -9999.0 -9999.0 -9999.0 -9999.0 -9999.0 -9999.0 -9999.0 -9999.0 -9999.0 -9999.0 -9999.0 -9999.0 -9999.0 -9999.0 -9999.0 -9999.0 -9999.0 -9999.0 -9999.0 -9999.0 -9999.0