Borden_/Borden1m_014/output_maps/thetaliqL0005N0006.asc
ncols         80
nrows         18
xllcorner     620200.000000
yllcorner     5168000.000000
cellsize      1.000000
NODATA_value  -9999.0
-9999.0 -9999.0 -9999.0 -9999.0 -9999.0 -9999.0 -9999.0 -9999.0 -9999.0 -9999.0 -9999.0 -9999.0 -9999.0 -9999.0 -9999.0 -9999.0 -9999.0 -9999.0 -9999.0 -9999.0 -9999.0 -9999.0 -9999.0 -9999.0 -9999.0 -9999.0 -9999.0 -9999.0 -9999.0 -9999.0 -9999.0 -9999.0 -9999.0 -9999.0 -9999.0 -9999.0 -9999.0 -9999.0 -9999.0 -9999.0 -9999.0 -9999.0 -9999.0 -9999.0 -9999.0 -9999.0 -9999.0 -9999.0 -9999.0 -9999.0 -9999.0 -9999.0 -9999.0 -9999.0 -9999.0 -9999.0 -9999.0 -9999.0 -9999.0 -9999.0 -9999.0 -9999.0 -9999.0 -9999.0 -9999.0 -9999.0 -9999.0 -9999.0 -9999.0 -9999.0 -9999.0 -9999.0 -9999.0 -9999.0 -9999.0 -9999.0 -9999.0 -9999.0 -9999.0 -9999.0
-9999.0 -9999.0 -9999.0 -9999.0 -9999.0 -9999.0 -9999.0 -9999.0 -9999.0 -9999.0 -9999.0 -9999.0 -9999.0 -9999.0 -9999.0 -9999.0 -9999.0 -9999.0 -9999.0 -9999.0 -9999.0 -9999.0 -9999.0 -9999.0 -9999.0 -9999.0 -9999.0 -9999.0 -9999.0 -9999.0 -9999.0 -9999.0 -9999.0 -9999.0 -9999.0 -9999.0 -9999.0 -9999.0 -9999.0 -9999.0 -9999.0 -9999.0 -9999.0 -9999.0 -9999.0 -9999.0 -9999.0 -9999.0 -9999.0 -9999.0 -9999.0 -9999.0 -9999.0 -9999.0 -9999.0 -9999.0 -9999.0 -9999.0 -9999.0 -9999.0 -9999.0 -9999.0 -9999.0 -9999.0 -9999.0 -9999.0 -9999.0 -9999.0 -9999.0 -9999.0 -9999.0 -9999.0 -9999.0 -9999.0 -9999.0 -9999.0 -9999.0 -9999.0 -9999.0 -9999.0
-9999.0 -9999.0 -9999.0 -9999.0 -9999.0 -9999.0 -9999.0 -9999.0 -9999.0 -9999.0 -9999.0 -9999.0 -9999.0 -9999.0 -9999.0 -9999.0 -9999.0 -9999.0 -9999.0 -9999.0 0.107727 0.108481 0.103252 0.096813 0.092400 0.092590 0.098023 0.106079 0.115495 0.118536 0.113239 0.113418 0.111894 0.111875 0.112656 0.114134 0.114679 0.118024 0.120613 0.120530 0.118600 0.116816 0.116235 0.117301 0.118758 0.116403 0.120453 0.125577 0.128052 0.126358 0.117624 0.113211 0.111262 0.107895 0.114330 0.118221 0.125949 0.127706 0.127531 0.118650 0.110323 -9999.0 -9999.0 -9999.0 -9999.0 -9999.0 -9999.0 -9999.0 -9999.0 -9999.0 -9999.0 -9999.0 -9999.0 -9999.0 -9999.0 -9999.0 -9999.0 -9999.0 -9999.0 -9999.0
-9999.0 -9999.0 -9999.0 -9999.0 -9999.0 -9999.0 -9999.0 -9999.0 -9999.0 -9999.0 -9999.0 -9999.0 -9999.0 -9999.0 0.091613 0.090216 0.089773 0.090796 0.095598 0.100755 0.103271 0.101630 0.101517 0.097123 0.093874 0.095971 0.100997 0.107487 0.116125 0.122272 0.118019 0.117031 0.120171 0.129691 0.135388 0.134144 0.125981 0.134245 0.140956 0.145254 0.144685 0.140746 0.147530 0.155602 0.152204 0.143874 0.145200 0.150716 0.158615 0.151106 0.124501 0.117857 0.117332 0.115704 0.112364 0.110806 0.117800 0.118400 0.116175 0.111450 0.104032 0.095921 0.093297 0.099677 0.109417 0.127130 -9999.0 -9999.0 -9999.0 -9999.0 -9999.0 -9999.0 -9999.0 -9999.0 -9999.0 -9999.0 -9999.0 -9999.0 -9999.0 -9999.0
-9999.0 -9999.0 -9999.0 -9999.0 -9999.0 -9999.0 -9999.0 -9999.0 -9999.0 0.085287 0.085568 0.086224 0.086335 0.087951 0.087737 0.088450 0.089359 0.092619 0.097316 0.103853 0.110421 0.107719 0.107612 0.110592 0.112501 0.115896 0.121818 0.136125 0.155101 0.178216 0.161290 0.159911 0.170359 0.202830 0.232003 0.239745 0.225013 0.226165 0.245445 0.265362 0.264443 0.262848 0.280610 0.290000 0.295949 0.283107 0.268406 0.265959 0.285271 0.247476 0.200717 0.166080 0.167027 0.150880 0.132819 0.124643 0.123852 0.132394 0.127062 0.115380 0.106274 0.104489 0.101289 0.104715 0.110244 0.124482 0.139655 0.153646 0.154312 0.146012 -9999.0 -9999.0 -9999.0 -9999.0 -9999.0 -9999.0 -9999.0 -9999.0 -9999.0 -9999.0
-9999.0 -9999.0 -9999.0 -9999.0 -9999.0 -9999.0 0.079330 0.079832 0.081104 0.081498 0.083322 0.083929 0.085775 0.087732 0.089998 0.092149 0.096763 0.102545 0.111970 0.125042 0.136900 0.134866 0.138553 0.154266 0.179050 0.200753 0.216819 0.244160 0.300092 0.327240 0.335211 0.337925 0.342608 0.360697 0.369938 0.370000 0.369896 0.368971 0.369944 0.370000 0.370000 0.370000 0.370000 0.370000 0.370000 0.370000 0.370000 0.370000 0.370000 0.369963 0.364292 0.341363 0.318897 0.288510 0.230025 0.187747 0.186449 0.197452 0.178070 0.149574 0.131593 0.128105 0.123469 0.119125 0.121031 0.128052 0.137840 0.143375 0.138435 0.130571 0.122575 0.114007 0.114618 0.122603 -9999.0 -9999.0 -9999.0 -9999.0 -9999.0 -9999.0
-9999.0 -9999.0 -9999.0 -9999.0 0.076738 0.077297 0.076746 0.077841 0.079605 0.081792 0.084413 0.088127 0.091319 0.095458 0.102897 0.111740 0.124431 0.136739 0.162303 0.205469 0.243946 0.264017 0.273700 0.315416 0.348759 0.365176 0.368197 0.369948 0.370000 0.370000 0.370000 0.370000 0.370000 0.370000 0.370000 0.370000 0.370000 0.370000 0.370000 0.370000 0.370000 0.370000 0.370000 0.370000 0.370000 0.370000 0.370000 0.370000 0.370000 0.370000 0.370000 0.370000 0.370000 0.370000 0.370000 0.368821 0.348454 0.337191 0.305924 0.268580 0.218631 0.201128 0.180972 0.166608 0.151055 0.152151 0.154448 0.145635 0.133306 0.122218 0.117847 0.112782 0.110394 0.118989 0.125011 0.137230 -9999.0 -9999.0 -9999.0 -9999.0
-9999.0 -9999.0 0.074494 0.076429 0.079260 0.079751 0.079905 0.080163 0.081957 0.086269 0.096506 0.106657 0.118319 0.127489 0.152043 0.202411 0.256684 0.290350 0.326309 0.356553 0.369104 0.370000 0.370000 0.370000 0.370000 0.370000 0.370000 0.370000 0.370000 0.370000 0.370000 0.370000 0.370000 0.370000 0.370000 0.370000 0.370000 0.370000 0.370000 0.370000 0.370000 0.370000 0.370000 0.370000 0.370000 0.370000 0.370000 0.370000 0.370000 0.370000 0.370000 0.370000 0.370000 0.370000 0.370000 0.370000 0.370000 0.370000 0.370000 0.370000 0.364163 0.343785 0.315080 0.282520 0.245153 0.222727 0.191665 0.168176 0.146050 0.128252 0.120827 0.115609 0.115335 0.115876 0.121033 0.126631 0.132652 0.135940 -9999.0 -9999.0
-9999.0 0.071942 0.073733 0.079175 0.085037 0.089806 0.095717 0.100920 0.105380 0.107676 0.142714 0.204855 0.269555 0.287695 0.321086 0.362594 0.370000 0.370000 0.370000 0.370000 0.370000 0.370000 0.370000 0.370000 0.370000 0.370000 0.370000 0.370000 0.370000 0.370000 0.370000 0.370000 0.370000 0.370000 0.370000 0.370000 0.370000 0.370000 0.370000 0.370000 0.370000 0.370000 0.370000 0.370000 0.370000 0.370000 0.370000 0.370000 0.370000 0.370000 0.370000 0.370000 0.370000 0.370000 0.370000 0.370000 0.370000 0.370000 0.370000 0.370000 0.370000 0.370000 0.370000 0.367283 0.348395 0.312743 0.275520 0.236497 0.193357 0.171254 0.155629 0.132778 0.124651 0.125748 0.122886 0.122352 0.124871 0.127280 -9999.0 -9999.0
-9999.0 0.070765 0.073845 0.083626 0.103735 0.119094 0.171237 0.227438 0.245193 0.227534 0.302474 0.370000 0.370000 0.370000 0.370000 0.370000 0.370000 0.370000 0.370000 0.370000 0.370000 0.370000 0.370000 0.370000 0.370000 0.370000 0.370000 0.370000 0.370000 0.370000 0.370000 0.370000 0.370000 0.370000 0.370000 0.370000 0.370000 0.370000 0.370000 0.370000 0.370000 0.370000 0.370000 0.370000 0.370000 0.370000 0.370000 0.370000 0.370000 0.370000 0.370000 0.370000 0.370000 0.370000 0.370000 0.370000 0.370000 0.370000 0.370000 0.370000 0.370000 0.370000 0.370000 0.370000 0.370000 0.369310 0.359162 0.339178 0.305028 0.275809 0.241058 0.200105 0.164708 0.151390 0.134339 0.126475 -9999.0 -9999.0 -9999.0 -9999.0
-9999.0 0.069995 0.073541 0.091362 0.170415 0.258673 0.364325 0.370000 0.370000 0.370000 0.370000 0.370000 0.370000 0.370000 0.370000 0.370000 0.370000 0.370000 0.370000 0.370000 0.370000 0.370000 0.370000 0.370000 0.370000 0.370000 0.370000 0.370000 0.370000 0.370000 0.370000 0.370000 0.370000 0.367962 0.356983 0.346057 0.320837 0.316678 0.307959 0.287195 0.274577 0.265774 0.277657 0.275011 0.274169 0.281056 0.296605 0.306082 0.328367 0.344753 0.360100 0.368957 0.370000 0.370000 0.370000 0.370000 0.370000 0.370000 0.370000 0.370000 0.370000 0.370000 0.370000 0.370000 0.370000 0.370000 0.370000 0.370000 0.369971 0.363950 0.347001 0.315169 0.271121 0.207089 0.180310 -9999.0 -9999.0 -9999.0 -9999.0 -9999.0
-9999.0 0.068797 0.071902 0.087004 0.202711 0.369289 0.370000 0.370000 0.370000 0.370000 0.370000 0.370000 0.370000 0.370000 0.370000 0.370000 0.370000 0.370000 0.370000 0.370000 0.370000 0.370000 0.370000 0.370000 0.370000 0.370000 0.370000 0.370000 0.369873 0.363852 0.335627 0.325944 0.280717 0.230352 0.198596 0.170070 0.144420 0.143787 0.150908 0.143117 0.134062 0.127105 0.136439 0.142432 0.146988 0.142663 0.146237 0.162672 0.190321 0.217429 0.251694 0.288490 0.315002 0.341765 0.356115 0.368374 0.370000 0.370000 0.370000 0.370000 0.370000 0.370000 0.370000 0.370000 0.370000 0.370000 0.370000 0.370000 0.370000 0.370000 0.370000 0.369556 0.355781 -9999.0 -9999.0 -9999.0 -9999.0 -9999.0 -9999.0 -9999.0
-9999.0 0.068149 0.069564 0.074205 0.100580 0.191381 0.300854 0.354221 0.368829 0.368257 0.369436 0.370000 0.370000 0.370000 0.370000 0.369834 0.366852 0.367092 0.367059 0.361878 0.352440 0.346286 0.346301 0.343181 0.329799 0.320457 0.313913 0.299475 0.273810 0.235240 0.179761 0.146029 0.122950 0.112546 0.105411 0.098922 0.092634 0.094215 0.096641 0.095816 0.093789 0.093020 0.097647 0.100874 0.102807 0.100034 0.103519 0.109484 0.120897 0.134982 0.155253 0.184096 0.217605 0.237804 0.248091 0.268901 0.297181 0.331174 0.365314 0.370000 0.370000 0.370000 0.370000 0.370000 0.370000 0.370000 0.370000 0.370000 0.370000 0.370000 0.370000 -9999.0 -9999.0 -9999.0 -9999.0 -9999.0 -9999.0 -9999.0 -9999.0 -9999.0
-9999.0 -9999.0 0.068149 0.069210 0.071203 0.076418 0.086287 0.099851 0.114024 0.140259 0.182769 0.229853 0.257775 0.269043 0.254005 0.221831 0.202411 0.202976 0.197405 0.187811 0.172509 0.167528 0.163173 0.159569 0.152620 0.149080 0.146913 0.142414 0.133470 0.117885 0.104373 0.094958 0.087838 0.085325 0.083378 0.081574 0.081253 0.081194 0.081722 0.081794 0.082136 0.083019 0.084834 0.086886 0.087860 0.088542 0.090010 0.093105 0.098286 0.106190 0.119611 0.139081 0.155743 0.160766 0.154851 0.157104 0.168101 0.193667 0.254092 0.313823 0.356897 0.369647 0.370000 0.370000 0.370000 0.370000 0.370000 0.370000 0.370000 0.370000 -9999.0 -9999.0 -9999.0 -9999.0 -9999.0 -9999.0 -9999.0 -9999.0 -9999.0 -9999.0
-9999.0 -9999.0 -9999.0 -9999.0 0.068365 0.069340 0.070292 0.071533 0.074394 0.078799 0.085140 0.093408 0.101276 0.105706 0.102718 0.100828 0.099099 0.098680 0.097340 0.096194 0.095100 0.093972 0.092593 0.091596 0.091441 0.091846 0.091630 0.090031 0.088302 0.085317 0.083087 0.080473 0.078232 0.076790 0.076219 0.075907 0.075925 0.075725 0.076129 0.076377 0.077040 0.077801 0.079126 0.080910 0.081765 0.082835 0.083629 0.085519 0.088633 0.095707 0.107588 0.122703 0.134110 0.134633 0.124032 0.118290 0.116756 0.124787 0.141985 0.175968 0.242973 0.293067 0.333058 0.356370 0.367122 0.370000 0.370000 0.370000 -9999.0 -9999.0 -9999.0 -9999.0 -9999.0 -9999.0 -9999.0 -9999.0 -9999.0 -9999.0 -9999.0 -9999.0
-9999.0 -9999.0 -9999.0 -9999.0 -9999.0 -9999.0 0.068126 0.068512 0.069056 0.070107 0.071677 0.073730 0.076220 0.077189 0.077858 0.078967 0.078649 0.077792 0.077048 0.077811 0.078218 0.077995 0.076731 0.076650 0.076780 0.077235 0.077199 0.076923 0.075860 0.076133 0.076033 0.075139 0.074247 0.073796 0.073465 0.073754 0.073784 0.073437 0.073526 0.074303 0.074963 0.075466 0.076401 0.077983 0.079807 0.080706 0.080750 0.081173 0.084541 0.092435 0.104448 0.117551 0.126899 0.128860 0.118526 0.106988 0.101816 0.102599 0.109586 0.123810 0.153430 0.177797 0.195787 0.210099 0.229417 0.298978 -9999.0 -9999.0 -9999.0 -9999.0 -9999.0 -9999.0 -9999.0 -9999.0 -9999.0 -9999.0 -9999.0 -9999.0 -9999.0 -9999.0
-9999.0 -9999.0 -9999.0 -9999.0 -9999.0 -9999.0 -9999.0 -9999.0 -9999.0 -9999.0 -9999.0 -9999.0 -9999.0 -9999.0 -9999.0 -9999.0 -9999.0 -9999.0 -9999.0 -9999.0 -9999.0 -9999.0 -9999.0 -9999.0 -9999.0 -9999.0 -9999.0 -9999.0 -9999.0 -9999.0 -9999.0 -9999.0 -9999.0 -9999.0 -9999.0 -9999.0 -9999.0 -9999.0 -9999.0 -9999.0 -9999.0 -9999.0 -9999.0 -9999.0 -9999.0 -9999.0 -9999.0 -9999.0 -9999.0 -9999.0 -9999.0 -9999.0 -9999.0 -9999.0 -9999.0 -9999.0 -9999.0 -9999.0 -9999.0 -9999.0 -9999.0 -9999.0 -9999.0 -9999.0 -9999.0 -9999.0 -9999.0 -9999.0 -9999.0 -9999.0 -9999.0 -9999.0 -9999.0 -9999.0 -9999.0 -9999.0 -9999.0 -9999.0 -9999.0 -9999.0
-9999.0 -9999.0 -9999.0 -9999.0 -9999.0 -9999.0 -9999.0 -9999.0 -9999.0 -9999.0 -9999.0 -9999.0 -9999.0 -9999.0 -9999.0 -9999.0 -9999.0 -9999.0 -9999.0 -9999.0 -9999.0 -9999.0 -9999.0 -9999.0 -9999.0 -9999.0 -9999.0 -9999.0 -9999.0 -9999.0 -9999.0 -9999.0 -9999.0 -9999.0 -9999.0 -9999.0 -9999.0 -9999.0 -9999.0 -9999.0 -9999.0 -9999.0 -9999.0 -9999.0 -9999.0 -9999.0 -9999.0 -9999.0 -9999.0 -9999.0 -9999.0 -9999.0 -9999.0 -9999.0 -9999.0 -9999.0 -9999.0 -9999.0 -9999.0 -9999.0 -9999.0 -9999.0 -9999.0 -9999.0 -9999.0 -9999.0 -9999.0 -9999.0 -9999.0 -9999.0 -9999.0 -9999.0 -9999.0 -9999.0 -9999.0 -9999.0 -9999.0 -9999.0 -9999.0 -9999.0