Borden_/Borden1m_014/output_maps/thetaliqL0006N0017.asc
ncols         80
nrows         18
xllcorner     620200.000000
yllcorner     5168000.000000
cellsize      1.000000
NODATA_value  -9999.0
-9999.0 -9999.0 -9999.0 -9999.0 -9999.0 -9999.0 -9999.0 -9999.0 -9999.0 -9999.0 -9999.0 -9999.0 -9999.0 -9999.0 -9999.0 -9999.0 -9999.0 -9999.0 -9999.0 -9999.0 -9999.0 -9999.0 -9999.0 -9999.0 -9999.0 -9999.0 -9999.0 -9999.0 -9999.0 -9999.0 -9999.0 -9999.0 -9999.0 -9999.0 -9999.0 -9999.0 -9999.0 -9999.0 -9999.0 -9999.0 -9999.0 -9999.0 -9999.0 -9999.0 -9999.0 -9999.0 -9999.0 -9999.0 -9999.0 -9999.0 -9999.0 -9999.0 -9999.0 -9999.0 -9999.0 -9999.0 -9999.0 -9999.0 -9999.0 -9999.0 -9999.0 -9999.0 -9999.0 -9999.0 -9999.0 -9999.0 -9999.0 -9999.0 -9999.0 -9999.0 -9999.0 -9999.0 -9999.0 -9999.0 -9999.0 -9999.0 -9999.0 -9999.0 -9999.0 -9999.0
-9999.0 -9999.0 -9999.0 -9999.0 -9999.0 -9999.0 -9999.0 -9999.0 -9999.0 -9999.0 -9999.0 -9999.0 -9999.0 -9999.0 -9999.0 -9999.0 -9999.0 -9999.0 -9999.0 -9999.0 -9999.0 -9999.0 -9999.0 -9999.0 -9999.0 -9999.0 -9999.0 -9999.0 -9999.0 -9999.0 -9999.0 -9999.0 -9999.0 -9999.0 -9999.0 -9999.0 -9999.0 -9999.0 -9999.0 -9999.0 -9999.0 -9999.0 -9999.0 -9999.0 -9999.0 -9999.0 -9999.0 -9999.0 -9999.0 -9999.0 -9999.0 -9999.0 -9999.0 -9999.0 -9999.0 -9999.0 -9999.0 -9999.0 -9999.0 -9999.0 -9999.0 -9999.0 -9999.0 -9999.0 -9999.0 -9999.0 -9999.0 -9999.0 -9999.0 -9999.0 -9999.0 -9999.0 -9999.0 -9999.0 -9999.0 -9999.0 -9999.0 -9999.0 -9999.0 -9999.0
-9999.0 -9999.0 -9999.0 -9999.0 -9999.0 -9999.0 -9999.0 -9999.0 -9999.0 -9999.0 -9999.0 -9999.0 -9999.0 -9999.0 -9999.0 -9999.0 -9999.0 -9999.0 -9999.0 -9999.0 0.153360 0.154962 0.143569 0.129273 0.119404 0.119832 0.131973 0.149807 0.170069 0.176373 0.165270 0.165721 0.162511 0.162419 0.164069 0.167282 0.168539 0.175559 0.180917 0.180729 0.176728 0.173027 0.171908 0.174124 0.177193 0.172122 0.180594 0.190979 0.195785 0.192412 0.174632 0.165343 0.161130 0.153799 0.167611 0.175688 0.191252 0.194649 0.194241 0.176447 0.158928 -9999.0 -9999.0 -9999.0 -9999.0 -9999.0 -9999.0 -9999.0 -9999.0 -9999.0 -9999.0 -9999.0 -9999.0 -9999.0 -9999.0 -9999.0 -9999.0 -9999.0 -9999.0 -9999.0
-9999.0 -9999.0 -9999.0 -9999.0 -9999.0 -9999.0 -9999.0 -9999.0 -9999.0 -9999.0 -9999.0 -9999.0 -9999.0 -9999.0 0.117631 0.114524 0.113539 0.115816 0.126553 0.138061 0.143616 0.140000 0.139756 0.129965 0.122670 0.127356 0.138586 0.152908 0.171467 0.184177 0.175503 0.173484 0.180018 0.199129 0.210187 0.208010 0.192178 0.208402 0.220952 0.228683 0.227742 0.220744 0.232717 0.246149 0.240696 0.226391 0.228762 0.238160 0.250672 0.238256 0.188973 0.175257 0.174041 0.170582 0.163427 0.160091 0.174906 0.176075 0.171425 0.161410 0.145266 0.127236 0.121351 0.135612 0.156924 0.193247 -9999.0 -9999.0 -9999.0 -9999.0 -9999.0 -9999.0 -9999.0 -9999.0 -9999.0 -9999.0 -9999.0 -9999.0 -9999.0 -9999.0
-9999.0 -9999.0 -9999.0 -9999.0 -9999.0 -9999.0 -9999.0 -9999.0 -9999.0 0.103542 0.104180 0.105633 0.105885 0.109475 0.108987 0.110575 0.112569 0.119874 0.130373 0.144881 0.159188 0.153388 0.153160 0.159516 0.163456 0.170710 0.183211 0.211500 0.244889 0.278746 0.255540 0.253796 0.270467 0.313127 0.339399 0.344654 0.335542 0.336743 0.348685 0.357374 0.357010 0.356436 0.362402 0.364790 0.365848 0.362793 0.358614 0.358014 0.363844 0.349240 0.311871 0.264449 0.263935 0.238149 0.205494 0.189279 0.187540 0.204058 0.193662 0.169809 0.150235 0.146245 0.139158 0.146772 0.158769 0.188173 0.216657 0.239969 0.240901 0.227429 -9999.0 -9999.0 -9999.0 -9999.0 -9999.0 -9999.0 -9999.0 -9999.0 -9999.0 -9999.0
-9999.0 -9999.0 -9999.0 -9999.0 -9999.0 -9999.0 0.090587 0.091669 0.094411 0.095249 0.099236 0.100553 0.104611 0.108935 0.114002 0.118774 0.129032 0.141881 0.162385 0.189538 0.212653 0.209098 0.216222 0.244008 0.282671 0.311512 0.328323 0.347918 0.367112 0.369765 0.369961 0.369993 0.370000 0.370000 0.370000 0.370000 0.370000 0.370000 0.370000 0.370000 0.370000 0.370000 0.370000 0.370000 0.370000 0.370000 0.370000 0.370000 0.370000 0.370000 0.370000 0.370000 0.369570 0.364841 0.339049 0.299227 0.293287 0.302680 0.278564 0.235518 0.202658 0.195629 0.186280 0.177462 0.181408 0.195344 0.213552 0.223228 0.214471 0.199904 0.184304 0.166694 0.167975 0.184302 -9999.0 -9999.0 -9999.0 -9999.0 -9999.0 -9999.0
-9999.0 -9999.0 -9999.0 -9999.0 0.085130 0.086297 0.085139 0.087435 0.091177 0.095891 0.101590 0.109763 0.116847 0.126077 0.142532 0.161647 0.188210 0.212558 0.256927 0.314262 0.346319 0.356646 0.360794 0.369430 0.370000 0.370000 0.370000 0.370000 0.370000 0.370000 0.370000 0.370000 0.370000 0.370000 0.370000 0.370000 0.370000 0.370000 0.370000 0.370000 0.370000 0.370000 0.370000 0.370000 0.370000 0.370000 0.370000 0.370000 0.370000 0.370000 0.370000 0.370000 0.370000 0.370000 0.370000 0.370000 0.370000 0.369998 0.368299 0.358760 0.328777 0.308223 0.282414 0.261732 0.237141 0.238572 0.241987 0.227379 0.205234 0.183682 0.174753 0.164147 0.159013 0.177007 0.189066 0.212004 -9999.0 -9999.0 -9999.0 -9999.0
-9999.0 -9999.0 0.080536 0.084471 0.090419 0.091455 0.091740 0.092283 0.096141 0.105568 0.128179 0.150514 0.175468 0.194492 0.240146 0.311229 0.352539 0.365007 0.369899 0.370000 0.370000 0.370000 0.370000 0.370000 0.370000 0.370000 0.370000 0.370000 0.370000 0.370000 0.370000 0.370000 0.370000 0.370000 0.370000 0.370000 0.370000 0.370000 0.370000 0.370000 0.370000 0.370000 0.370000 0.370000 0.370000 0.370000 0.370000 0.370000 0.370000 0.370000 0.370000 0.370000 0.370000 0.370000 0.370000 0.370000 0.370000 0.370000 0.370000 0.370000 0.370000 0.370000 0.369501 0.363078 0.344035 0.324414 0.293331 0.262928 0.228245 0.195673 0.180870 0.170113 0.169514 0.170594 0.181165 0.192228 0.203669 0.209700 -9999.0 -9999.0
-9999.0 0.075505 0.078988 0.090166 0.102829 0.113299 0.126093 0.137376 0.147278 0.152662 0.223430 0.313915 0.356835 0.363643 0.369643 0.370000 0.370000 0.370000 0.370000 0.370000 0.370000 0.370000 0.370000 0.370000 0.370000 0.370000 0.370000 0.370000 0.370000 0.370000 0.370000 0.370000 0.370000 0.370000 0.370000 0.370000 0.370000 0.370000 0.370000 0.370000 0.370000 0.370000 0.370000 0.370000 0.370000 0.370000 0.370000 0.370000 0.370000 0.370000 0.370000 0.370000 0.370000 0.370000 0.370000 0.370000 0.370000 0.370000 0.370000 0.370000 0.370000 0.370000 0.370000 0.370000 0.370000 0.369400 0.359955 0.336246 0.295914 0.267316 0.243634 0.204089 0.188435 0.190562 0.184914 0.183818 0.188779 0.193466 -9999.0 -9999.0
-9999.0 0.073270 0.079149 0.099545 0.143707 0.176331 0.270805 0.332112 0.344019 0.333053 0.367692 0.370000 0.370000 0.370000 0.370000 0.370000 0.370000 0.370000 0.370000 0.370000 0.370000 0.370000 0.370000 0.370000 0.370000 0.370000 0.370000 0.370000 0.370000 0.370000 0.370000 0.370000 0.370000 0.370000 0.370000 0.370000 0.370000 0.370000 0.370000 0.370000 0.370000 0.370000 0.370000 0.370000 0.370000 0.370000 0.370000 0.370000 0.370000 0.370000 0.370000 0.370000 0.370000 0.370000 0.370000 0.370000 0.370000 0.370000 0.370000 0.370000 0.370000 0.370000 0.370000 0.370000 0.370000 0.370000 0.370000 0.370000 0.368259 0.359676 0.339421 0.301978 0.257086 0.236307 0.206785 0.191970 -9999.0 -9999.0 -9999.0 -9999.0
-9999.0 0.071846 0.078461 0.115844 0.263692 0.353150 0.370000 0.370000 0.370000 0.370000 0.370000 0.370000 0.370000 0.370000 0.370000 0.370000 0.370000 0.370000 0.370000 0.370000 0.370000 0.370000 0.370000 0.370000 0.370000 0.370000 0.370000 0.370000 0.370000 0.370000 0.370000 0.370000 0.370000 0.370000 0.370000 0.370000 0.369618 0.369097 0.368192 0.364439 0.360832 0.357438 0.361611 0.361104 0.360962 0.362838 0.366356 0.368251 0.369938 0.370000 0.370000 0.370000 0.370000 0.370000 0.370000 0.370000 0.370000 0.370000 0.370000 0.370000 0.370000 0.370000 0.370000 0.370000 0.370000 0.370000 0.370000 0.370000 0.370000 0.370000 0.370000 0.369351 0.356434 0.306514 0.276718 -9999.0 -9999.0 -9999.0 -9999.0 -9999.0
-9999.0 0.069747 0.075242 0.105874 0.302391 0.370000 0.370000 0.370000 0.370000 0.370000 0.370000 0.370000 0.370000 0.370000 0.370000 0.370000 0.370000 0.370000 0.370000 0.370000 0.370000 0.370000 0.370000 0.370000 0.370000 0.370000 0.370000 0.370000 0.370000 0.370000 0.369999 0.369790 0.362456 0.338021 0.307465 0.268950 0.226518 0.225233 0.237417 0.223937 0.207198 0.193682 0.211809 0.222884 0.230956 0.223388 0.229914 0.256893 0.294271 0.323461 0.349853 0.364981 0.369496 0.370000 0.370000 0.370000 0.370000 0.370000 0.370000 0.370000 0.370000 0.370000 0.370000 0.370000 0.370000 0.370000 0.370000 0.370000 0.370000 0.370000 0.370000 0.370000 0.370000 -9999.0 -9999.0 -9999.0 -9999.0 -9999.0 -9999.0 -9999.0
-9999.0 0.068696 0.071036 0.079459 0.133634 0.290873 0.367103 0.370000 0.370000 0.370000 0.370000 0.370000 0.370000 0.370000 0.370000 0.370000 0.370000 0.370000 0.370000 0.370000 0.370000 0.370000 0.370000 0.370000 0.369908 0.369498 0.368944 0.366938 0.360259 0.339672 0.282138 0.229267 0.184875 0.163054 0.147587 0.133332 0.119503 0.123044 0.128409 0.126632 0.122192 0.120535 0.130846 0.138044 0.142314 0.136228 0.143953 0.156951 0.180970 0.208716 0.244252 0.285381 0.320527 0.337853 0.347313 0.358924 0.367331 0.369994 0.370000 0.370000 0.370000 0.370000 0.370000 0.370000 0.370000 0.370000 0.370000 0.370000 0.370000 0.370000 0.370000 -9999.0 -9999.0 -9999.0 -9999.0 -9999.0 -9999.0 -9999.0 -9999.0 -9999.0
-9999.0 -9999.0 0.068690 0.070418 0.073833 0.083584 0.103924 0.134432 0.166087 0.220368 0.289972 0.336893 0.353039 0.357699 0.351644 0.332206 0.314601 0.314513 0.307994 0.295596 0.273594 0.264937 0.257857 0.251839 0.240341 0.234257 0.230352 0.222138 0.205357 0.174095 0.145327 0.124595 0.108878 0.103373 0.099151 0.095280 0.094635 0.094491 0.095625 0.095792 0.096560 0.098498 0.102465 0.107008 0.109173 0.110720 0.113979 0.120877 0.132413 0.149880 0.178429 0.216161 0.244475 0.252528 0.243777 0.247886 0.265265 0.300012 0.352238 0.369540 0.370000 0.370000 0.370000 0.370000 0.370000 0.370000 0.370000 0.370000 0.370000 0.370000 -9999.0 -9999.0 -9999.0 -9999.0 -9999.0 -9999.0 -9999.0 -9999.0 -9999.0 -9999.0
-9999.0 -9999.0 -9999.0 -9999.0 0.069025 0.070629 0.072270 0.074483 0.079876 0.088717 0.102096 0.120171 0.137693 0.147433 0.141109 0.137201 0.133431 0.132408 0.129401 0.126986 0.124676 0.122189 0.119068 0.116881 0.116592 0.117543 0.117073 0.113547 0.109719 0.103289 0.098514 0.092910 0.088185 0.085186 0.084016 0.083391 0.083430 0.083017 0.083843 0.084365 0.085744 0.087335 0.090133 0.093962 0.095824 0.098158 0.099888 0.104027 0.110927 0.126718 0.152972 0.184726 0.206940 0.207990 0.187625 0.175922 0.172687 0.189237 0.222367 0.277278 0.344991 0.366586 0.369996 0.370000 0.370000 0.370000 0.370000 0.370000 -9999.0 -9999.0 -9999.0 -9999.0 -9999.0 -9999.0 -9999.0 -9999.0 -9999.0 -9999.0 -9999.0 -9999.0
-9999.0 -9999.0 -9999.0 -9999.0 -9999.0 -9999.0 0.068650 0.069273 0.070163 0.071990 0.074870 0.078809 0.083787 0.085806 0.087254 0.089610 0.088966 0.087158 0.085597 0.087199 0.088091 0.087618 0.084977 0.084823 0.085108 0.086047 0.085971 0.085406 0.083229 0.083822 0.083642 0.081825 0.080032 0.079140 0.078488 0.079063 0.079124 0.078434 0.078604 0.080157 0.081494 0.082518 0.084436 0.087739 0.091615 0.093555 0.093648 0.094553 0.101870 0.119395 0.146105 0.174168 0.193070 0.196910 0.176306 0.151773 0.140379 0.142069 0.157345 0.187245 0.242090 0.279406 0.303444 0.322498 0.341456 0.367746 -9999.0 -9999.0 -9999.0 -9999.0 -9999.0 -9999.0 -9999.0 -9999.0 -9999.0 -9999.0 -9999.0 -9999.0 -9999.0 -9999.0
-9999.0 -9999.0 -9999.0 -9999.0 -9999.0 -9999.0 -9999.0 -9999.0 -9999.0 -9999.0 -9999.0 -9999.0 -9999.0 -9999.0 -9999.0 -9999.0 -9999.0 -9999.0 -9999.0 -9999.0 -9999.0 -9999.0 -9999.0 -9999.0 -9999.0 -9999.0 -9999.0 -9999.0 -9999.0 -9999.0 -9999.0 -9999.0 -9999.0 -9999.0 -9999.0 -9999.0 -9999.0 -9999.0 -9999.0 -9999.0 -9999.0 -9999.0 -9999.0 -9999.0 -9999.0 -9999.0 -9999.0 -9999.0 -9999.0 -9999.0 -9999.0 -9999.0 -9999.0 -9999.0 -9999.0 -9999.0 -9999.0 -9999.0 -9999.0 -9999.0 -9999.0 -9999.0 -9999.0 -9999.0 -9999.0 -9999.0 -9999.0 -9999.0 -9999.0 -9999.0 -9999.0 -9999.0 -9999.0 -9999.0 -9999.0 -9999.0 -9999.0 -9999.0 -9999.0 -9999.0
-9999.0 -9999.0 -9999.0 -9999.0 -9999.0 -9999.0 -9999.0 -9999.0 -9999.0 -9999.0 -9999.0 -9999.0 -9999.0 -9999.0 -9999.0 -9999.0 -9999.0 -9999.0 -9999.0 -9999.0 -9999.0 -9999.0 -9999.0 -9999.0 -9999.0 -9999.0 -9999.0 -9999.0 -9999.0 -9999.0 -9999.0 -9999.0 -9999.0 -9999.0 -9999.0 -9999.0 -9999.0 -9999.0 -9999.0 -9999.0 -9999.0 -9999.0 -9999.0 -9999.0 -9999.0 -9999.0 -9999.0 -9999.0 -9999.0 -9999.0 -9999.0 -9999.0 -9999.0 -9999.0 -9999.0 -9999.0 -9999.0 -9999.0 -9999.0 -9999.0 -9999.0 -9999.0 -9999.0 -9999.0 -9999.0 -9999.0 -9999.0 -9999.0 -9999.0 -9999.0 -9999.0 -9999.0 -9999.0 -9999.0 -9999.0 -9999.0 -9999.0 -9999.0 -9999.0 -9999.0