Borden_/Borden1m_014/output_maps/thetaliqL0006N0016.asc
ncols         80
nrows         18
xllcorner     620200.000000
yllcorner     5168000.000000
cellsize      1.000000
NODATA_value  -9999.0
-9999.0 -9999.0 -9999.0 -9999.0 -9999.0 -9999.0 -9999.0 -9999.0 -9999.0 -9999.0 -9999.0 -9999.0 -9999.0 -9999.0 -9999.0 -9999.0 -9999.0 -9999.0 -9999.0 -9999.0 -9999.0 -9999.0 -9999.0 -9999.0 -9999.0 -9999.0 -9999.0 -9999.0 -9999.0 -9999.0 -9999.0 -9999.0 -9999.0 -9999.0 -9999.0 -9999.0 -9999.0 -9999.0 -9999.0 -9999.0 -9999.0 -9999.0 -9999.0 -9999.0 -9999.0 -9999.0 -9999.0 -9999.0 -9999.0 -9999.0 -9999.0 -9999.0 -9999.0 -9999.0 -9999.0 -9999.0 -9999.0 -9999.0 -9999.0 -9999.0 -9999.0 -9999.0 -9999.0 -9999.0 -9999.0 -9999.0 -9999.0 -9999.0 -9999.0 -9999.0 -9999.0 -9999.0 -9999.0 -9999.0 -9999.0 -9999.0 -9999.0 -9999.0 -9999.0 -9999.0
-9999.0 -9999.0 -9999.0 -9999.0 -9999.0 -9999.0 -9999.0 -9999.0 -9999.0 -9999.0 -9999.0 -9999.0 -9999.0 -9999.0 -9999.0 -9999.0 -9999.0 -9999.0 -9999.0 -9999.0 -9999.0 -9999.0 -9999.0 -9999.0 -9999.0 -9999.0 -9999.0 -9999.0 -9999.0 -9999.0 -9999.0 -9999.0 -9999.0 -9999.0 -9999.0 -9999.0 -9999.0 -9999.0 -9999.0 -9999.0 -9999.0 -9999.0 -9999.0 -9999.0 -9999.0 -9999.0 -9999.0 -9999.0 -9999.0 -9999.0 -9999.0 -9999.0 -9999.0 -9999.0 -9999.0 -9999.0 -9999.0 -9999.0 -9999.0 -9999.0 -9999.0 -9999.0 -9999.0 -9999.0 -9999.0 -9999.0 -9999.0 -9999.0 -9999.0 -9999.0 -9999.0 -9999.0 -9999.0 -9999.0 -9999.0 -9999.0 -9999.0 -9999.0 -9999.0 -9999.0
-9999.0 -9999.0 -9999.0 -9999.0 -9999.0 -9999.0 -9999.0 -9999.0 -9999.0 -9999.0 -9999.0 -9999.0 -9999.0 -9999.0 -9999.0 -9999.0 -9999.0 -9999.0 -9999.0 -9999.0 0.153343 0.154943 0.143556 0.129266 0.119400 0.119827 0.131962 0.149782 0.170020 0.176313 0.165220 0.165667 0.162458 0.162361 0.164003 0.167205 0.168458 0.175460 0.180803 0.180613 0.176619 0.172925 0.171807 0.174016 0.177079 0.172021 0.180476 0.190838 0.195636 0.192281 0.174549 0.165284 0.161083 0.153765 0.167565 0.175638 0.191190 0.194589 0.194187 0.176412 0.158907 -9999.0 -9999.0 -9999.0 -9999.0 -9999.0 -9999.0 -9999.0 -9999.0 -9999.0 -9999.0 -9999.0 -9999.0 -9999.0 -9999.0 -9999.0 -9999.0 -9999.0 -9999.0 -9999.0
-9999.0 -9999.0 -9999.0 -9999.0 -9999.0 -9999.0 -9999.0 -9999.0 -9999.0 -9999.0 -9999.0 -9999.0 -9999.0 -9999.0 0.117629 0.114522 0.113537 0.115814 0.126547 0.138049 0.143601 0.139986 0.139742 0.129955 0.122662 0.127345 0.138564 0.152866 0.171390 0.184067 0.175407 0.173385 0.179890 0.198912 0.209886 0.207695 0.191921 0.208075 0.220551 0.228231 0.227291 0.220320 0.232226 0.245594 0.240155 0.225924 0.228299 0.237662 0.250120 0.237813 0.188774 0.175139 0.173943 0.170503 0.163369 0.160043 0.174846 0.176018 0.171379 0.161378 0.145249 0.127229 0.121347 0.135604 0.156907 0.193209 -9999.0 -9999.0 -9999.0 -9999.0 -9999.0 -9999.0 -9999.0 -9999.0 -9999.0 -9999.0 -9999.0 -9999.0 -9999.0 -9999.0
-9999.0 -9999.0 -9999.0 -9999.0 -9999.0 -9999.0 -9999.0 -9999.0 -9999.0 0.103541 0.104179 0.105632 0.105884 0.109474 0.108986 0.110573 0.112567 0.119869 0.130363 0.144858 0.159147 0.153349 0.153117 0.159457 0.163375 0.170587 0.183024 0.211172 0.244336 0.277965 0.254750 0.252927 0.269231 0.311505 0.338056 0.343417 0.334156 0.335350 0.347510 0.356410 0.356040 0.355451 0.361577 0.364060 0.365165 0.361969 0.357676 0.357045 0.363062 0.348026 0.310237 0.263201 0.263148 0.237624 0.205194 0.189087 0.187386 0.203886 0.193538 0.169743 0.150203 0.146221 0.139143 0.146754 0.158746 0.188131 0.216596 0.239896 0.240837 0.227380 -9999.0 -9999.0 -9999.0 -9999.0 -9999.0 -9999.0 -9999.0 -9999.0 -9999.0 -9999.0
-9999.0 -9999.0 -9999.0 -9999.0 -9999.0 -9999.0 0.090587 0.091669 0.094411 0.095249 0.099235 0.100552 0.104610 0.108933 0.113999 0.118769 0.129020 0.141854 0.162319 0.189379 0.212366 0.208775 0.215824 0.243311 0.281173 0.309827 0.326772 0.346650 0.366479 0.369597 0.369898 0.369965 0.370000 0.370000 0.370000 0.370000 0.370000 0.370000 0.370000 0.370000 0.370000 0.370000 0.370000 0.370000 0.370000 0.370000 0.370000 0.370000 0.370000 0.370000 0.370000 0.370000 0.369276 0.364015 0.337663 0.297537 0.291658 0.301541 0.277826 0.235065 0.202417 0.195463 0.186170 0.177386 0.181341 0.195272 0.213472 0.223152 0.214416 0.199867 0.184281 0.166682 0.167965 0.184288 -9999.0 -9999.0 -9999.0 -9999.0 -9999.0 -9999.0
-9999.0 -9999.0 -9999.0 -9999.0 0.085130 0.086297 0.085139 0.087435 0.091177 0.095891 0.101589 0.109760 0.116842 0.126065 0.142499 0.161557 0.187994 0.212167 0.256080 0.312699 0.345049 0.355607 0.359786 0.369172 0.370000 0.370000 0.370000 0.370000 0.370000 0.370000 0.370000 0.370000 0.370000 0.370000 0.370000 0.370000 0.370000 0.370000 0.370000 0.370000 0.370000 0.370000 0.370000 0.370000 0.370000 0.370000 0.370000 0.370000 0.370000 0.370000 0.370000 0.370000 0.370000 0.370000 0.370000 0.370000 0.370000 0.369990 0.367749 0.357684 0.327125 0.306617 0.281544 0.261166 0.236805 0.238326 0.241795 0.227252 0.205163 0.183644 0.174729 0.164132 0.159003 0.176995 0.189053 0.211987 -9999.0 -9999.0 -9999.0 -9999.0
-9999.0 -9999.0 0.080536 0.084471 0.090419 0.091455 0.091740 0.092283 0.096141 0.105566 0.128163 0.150444 0.175290 0.194198 0.239456 0.309791 0.351423 0.364183 0.369815 0.370000 0.370000 0.370000 0.370000 0.370000 0.370000 0.370000 0.370000 0.370000 0.370000 0.370000 0.370000 0.370000 0.370000 0.370000 0.370000 0.370000 0.370000 0.370000 0.370000 0.370000 0.370000 0.370000 0.370000 0.370000 0.370000 0.370000 0.370000 0.370000 0.370000 0.370000 0.370000 0.370000 0.370000 0.370000 0.370000 0.370000 0.370000 0.370000 0.370000 0.370000 0.370000 0.370000 0.369220 0.362069 0.342488 0.323413 0.292700 0.262570 0.228064 0.195589 0.180824 0.170086 0.169495 0.170580 0.181152 0.192215 0.203657 0.209689 -9999.0 -9999.0
-9999.0 0.075505 0.078988 0.090166 0.102829 0.113297 0.126078 0.137327 0.147198 0.152561 0.222908 0.312680 0.355872 0.362788 0.369447 0.370000 0.370000 0.370000 0.370000 0.370000 0.370000 0.370000 0.370000 0.370000 0.370000 0.370000 0.370000 0.370000 0.370000 0.370000 0.370000 0.370000 0.370000 0.370000 0.370000 0.370000 0.370000 0.370000 0.370000 0.370000 0.370000 0.370000 0.370000 0.370000 0.370000 0.370000 0.370000 0.370000 0.370000 0.370000 0.370000 0.370000 0.370000 0.370000 0.370000 0.370000 0.370000 0.370000 0.370000 0.370000 0.370000 0.370000 0.370000 0.370000 0.370000 0.369146 0.358786 0.334914 0.295131 0.266837 0.243367 0.203983 0.188384 0.190528 0.184895 0.183805 0.188769 0.193457 -9999.0 -9999.0
-9999.0 0.073270 0.079149 0.099544 0.143691 0.176185 0.269650 0.330944 0.342944 0.331829 0.367149 0.370000 0.370000 0.370000 0.370000 0.370000 0.370000 0.370000 0.370000 0.370000 0.370000 0.370000 0.370000 0.370000 0.370000 0.370000 0.370000 0.370000 0.370000 0.370000 0.370000 0.370000 0.370000 0.370000 0.370000 0.370000 0.370000 0.370000 0.370000 0.370000 0.370000 0.370000 0.370000 0.370000 0.370000 0.370000 0.370000 0.370000 0.370000 0.370000 0.370000 0.370000 0.370000 0.370000 0.370000 0.370000 0.370000 0.370000 0.370000 0.370000 0.370000 0.370000 0.370000 0.370000 0.370000 0.370000 0.370000 0.370000 0.367661 0.358536 0.337852 0.301126 0.256731 0.236186 0.206741 0.191950 -9999.0 -9999.0 -9999.0 -9999.0
-9999.0 0.071846 0.078461 0.115841 0.263358 0.351976 0.370000 0.370000 0.370000 0.370000 0.370000 0.370000 0.370000 0.370000 0.370000 0.370000 0.370000 0.370000 0.370000 0.370000 0.370000 0.370000 0.370000 0.370000 0.370000 0.370000 0.370000 0.370000 0.370000 0.370000 0.370000 0.370000 0.370000 0.370000 0.370000 0.370000 0.369335 0.368713 0.367690 0.363664 0.359941 0.356454 0.360751 0.360226 0.360076 0.362000 0.365668 0.367708 0.369865 0.370000 0.370000 0.370000 0.370000 0.370000 0.370000 0.370000 0.370000 0.370000 0.370000 0.370000 0.370000 0.370000 0.370000 0.370000 0.370000 0.370000 0.370000 0.370000 0.370000 0.370000 0.370000 0.369042 0.355012 0.306065 0.276560 -9999.0 -9999.0 -9999.0 -9999.0 -9999.0
-9999.0 0.069747 0.075242 0.105866 0.301554 0.370000 0.370000 0.370000 0.370000 0.370000 0.370000 0.370000 0.370000 0.370000 0.370000 0.370000 0.370000 0.370000 0.370000 0.370000 0.370000 0.370000 0.370000 0.370000 0.370000 0.370000 0.370000 0.370000 0.370000 0.370000 0.369994 0.369619 0.361477 0.336518 0.305717 0.267635 0.225926 0.224721 0.236894 0.223512 0.206861 0.193407 0.211453 0.222480 0.230516 0.222963 0.229425 0.256231 0.293264 0.321777 0.348387 0.364123 0.369171 0.370000 0.370000 0.370000 0.370000 0.370000 0.370000 0.370000 0.370000 0.370000 0.370000 0.370000 0.370000 0.370000 0.370000 0.370000 0.370000 0.370000 0.370000 0.370000 0.370000 -9999.0 -9999.0 -9999.0 -9999.0 -9999.0 -9999.0 -9999.0
-9999.0 0.068696 0.071036 0.079459 0.133611 0.289773 0.366378 0.370000 0.370000 0.370000 0.370000 0.370000 0.370000 0.370000 0.370000 0.370000 0.370000 0.370000 0.370000 0.370000 0.370000 0.370000 0.370000 0.369997 0.369790 0.369218 0.368547 0.366296 0.359294 0.338285 0.280992 0.228656 0.184619 0.162929 0.147526 0.133306 0.119494 0.123033 0.128394 0.126620 0.122182 0.120526 0.130830 0.138021 0.142287 0.136206 0.143921 0.156897 0.180860 0.208501 0.243830 0.284692 0.319574 0.336395 0.345829 0.357823 0.366661 0.369980 0.370000 0.370000 0.370000 0.370000 0.370000 0.370000 0.370000 0.370000 0.370000 0.370000 0.370000 0.370000 0.370000 -9999.0 -9999.0 -9999.0 -9999.0 -9999.0 -9999.0 -9999.0 -9999.0 -9999.0
-9999.0 -9999.0 0.068690 0.070418 0.073833 0.083579 0.103832 0.134039 0.165568 0.219357 0.288411 0.335573 0.351963 0.356712 0.350519 0.330748 0.312914 0.312807 0.306244 0.293797 0.271981 0.263585 0.256745 0.250945 0.239664 0.233680 0.229834 0.221710 0.205057 0.173953 0.145282 0.124582 0.108875 0.103372 0.099150 0.095280 0.094635 0.094490 0.095625 0.095792 0.096560 0.098498 0.102464 0.107006 0.109171 0.110718 0.113976 0.120871 0.132401 0.149852 0.178358 0.215998 0.244205 0.252170 0.243362 0.247356 0.264519 0.298750 0.350887 0.369326 0.370000 0.370000 0.370000 0.370000 0.370000 0.370000 0.370000 0.370000 0.370000 0.370000 -9999.0 -9999.0 -9999.0 -9999.0 -9999.0 -9999.0 -9999.0 -9999.0 -9999.0 -9999.0
-9999.0 -9999.0 -9999.0 -9999.0 0.069025 0.070629 0.072270 0.074483 0.079876 0.088715 0.102085 0.120132 0.137613 0.147323 0.141019 0.137136 0.133382 0.132363 0.129365 0.126958 0.124657 0.122175 0.119057 0.116872 0.116584 0.117534 0.117066 0.113542 0.109716 0.103288 0.098513 0.092910 0.088185 0.085186 0.084016 0.083391 0.083430 0.083016 0.083843 0.084365 0.085744 0.087335 0.090133 0.093961 0.095824 0.098157 0.099887 0.104027 0.110925 0.126712 0.152951 0.184669 0.206843 0.207875 0.187530 0.175835 0.172588 0.189059 0.221939 0.276255 0.343500 0.365819 0.369985 0.370000 0.370000 0.370000 0.370000 0.370000 -9999.0 -9999.0 -9999.0 -9999.0 -9999.0 -9999.0 -9999.0 -9999.0 -9999.0 -9999.0 -9999.0 -9999.0
-9999.0 -9999.0 -9999.0 -9999.0 -9999.0 -9999.0 0.068650 0.069273 0.070163 0.071990 0.074870 0.078809 0.083787 0.085806 0.087254 0.089610 0.088965 0.087158 0.085597 0.087199 0.088091 0.087618 0.084977 0.084823 0.085108 0.086047 0.085971 0.085406 0.083229 0.083822 0.083642 0.081825 0.080032 0.079140 0.078488 0.079063 0.079124 0.078434 0.078604 0.080157 0.081494 0.082518 0.084436 0.087739 0.091615 0.093555 0.093648 0.094553 0.101869 0.119392 0.146092 0.174134 0.193012 0.196840 0.176252 0.151741 0.140355 0.142037 0.157276 0.187059 0.241542 0.278461 0.301966 0.320505 0.339675 0.367191 -9999.0 -9999.0 -9999.0 -9999.0 -9999.0 -9999.0 -9999.0 -9999.0 -9999.0 -9999.0 -9999.0 -9999.0 -9999.0 -9999.0
-9999.0 -9999.0 -9999.0 -9999.0 -9999.0 -9999.0 -9999.0 -9999.0 -9999.0 -9999.0 -9999.0 -9999.0 -9999.0 -9999.0 -9999.0 -9999.0 -9999.0 -9999.0 -9999.0 -9999.0 -9999.0 -9999.0 -9999.0 -9999.0 -9999.0 -9999.0 -9999.0 -9999.0 -9999.0 -9999.0 -9999.0 -9999.0 -9999.0 -9999.0 -9999.0 -9999.0 -9999.0 -9999.0 -9999.0 -9999.0 -9999.0 -9999.0 -9999.0 -9999.0 -9999.0 -9999.0 -9999.0 -9999.0 -9999.0 -9999.0 -9999.0 -9999.0 -9999.0 -9999.0 -9999.0 -9999.0 -9999.0 -9999.0 -9999.0 -9999.0 -9999.0 -9999.0 -9999.0 -9999.0 -9999.0 -9999.0 -9999.0 -9999.0 -9999.0 -9999.0 -9999.0 -9999.0 -9999.0 -9999.0 -9999.0 -9999.0 -9999.0 -9999.0 -9999.0 -9999.0
-9999.0 -9999.0 -9999.0 -9999.0 -9999.0 -9999.0 -9999.0 -9999.0 -9999.0 -9999.0 -9999.0 -9999.0 -9999.0 -9999.0 -9999.0 -9999.0 -9999.0 -9999.0 -9999.0 -9999.0 -9999.0 -9999.0 -9999.0 -9999.0 -9999.0 -9999.0 -9999.0 -9999.0 -9999.0 -9999.0 -9999.0 -9999.0 -9999.0 -9999.0 -9999.0 -9999.0 -9999.0 -9999.0 -9999.0 -9999.0 -9999.0 -9999.0 -9999.0 -9999.0 -9999.0 -9999.0 -9999.0 -9999.0 -9999.0 -9999.0 -9999.0 -9999.0 -9999.0 -9999.0 -9999.0 -9999.0 -9999.0 -9999.0 -9999.0 -9999.0 -9999.0 -9999.0 -9999.0 -9999.0 -9999.0 -9999.0 -9999.0 -9999.0 -9999.0 -9999.0 -9999.0 -9999.0 -9999.0 -9999.0 -9999.0 -9999.0 -9999.0 -9999.0 -9999.0 -9999.0