Borden_/Borden1m_014/output_maps/thetaliqL0006N0010.asc
ncols         80
nrows         18
xllcorner     620200.000000
yllcorner     5168000.000000
cellsize      1.000000
NODATA_value  -9999.0
-9999.0 -9999.0 -9999.0 -9999.0 -9999.0 -9999.0 -9999.0 -9999.0 -9999.0 -9999.0 -9999.0 -9999.0 -9999.0 -9999.0 -9999.0 -9999.0 -9999.0 -9999.0 -9999.0 -9999.0 -9999.0 -9999.0 -9999.0 -9999.0 -9999.0 -9999.0 -9999.0 -9999.0 -9999.0 -9999.0 -9999.0 -9999.0 -9999.0 -9999.0 -9999.0 -9999.0 -9999.0 -9999.0 -9999.0 -9999.0 -9999.0 -9999.0 -9999.0 -9999.0 -9999.0 -9999.0 -9999.0 -9999.0 -9999.0 -9999.0 -9999.0 -9999.0 -9999.0 -9999.0 -9999.0 -9999.0 -9999.0 -9999.0 -9999.0 -9999.0 -9999.0 -9999.0 -9999.0 -9999.0 -9999.0 -9999.0 -9999.0 -9999.0 -9999.0 -9999.0 -9999.0 -9999.0 -9999.0 -9999.0 -9999.0 -9999.0 -9999.0 -9999.0 -9999.0 -9999.0
-9999.0 -9999.0 -9999.0 -9999.0 -9999.0 -9999.0 -9999.0 -9999.0 -9999.0 -9999.0 -9999.0 -9999.0 -9999.0 -9999.0 -9999.0 -9999.0 -9999.0 -9999.0 -9999.0 -9999.0 -9999.0 -9999.0 -9999.0 -9999.0 -9999.0 -9999.0 -9999.0 -9999.0 -9999.0 -9999.0 -9999.0 -9999.0 -9999.0 -9999.0 -9999.0 -9999.0 -9999.0 -9999.0 -9999.0 -9999.0 -9999.0 -9999.0 -9999.0 -9999.0 -9999.0 -9999.0 -9999.0 -9999.0 -9999.0 -9999.0 -9999.0 -9999.0 -9999.0 -9999.0 -9999.0 -9999.0 -9999.0 -9999.0 -9999.0 -9999.0 -9999.0 -9999.0 -9999.0 -9999.0 -9999.0 -9999.0 -9999.0 -9999.0 -9999.0 -9999.0 -9999.0 -9999.0 -9999.0 -9999.0 -9999.0 -9999.0 -9999.0 -9999.0 -9999.0 -9999.0
-9999.0 -9999.0 -9999.0 -9999.0 -9999.0 -9999.0 -9999.0 -9999.0 -9999.0 -9999.0 -9999.0 -9999.0 -9999.0 -9999.0 -9999.0 -9999.0 -9999.0 -9999.0 -9999.0 -9999.0 0.153279 0.154873 0.143508 0.129241 0.119386 0.119812 0.131923 0.149683 0.169817 0.176058 0.165016 0.165448 0.162242 0.162125 0.163733 0.166893 0.168122 0.175044 0.180314 0.180110 0.176150 0.172490 0.171372 0.173551 0.176582 0.171588 0.179959 0.190214 0.194981 0.191715 0.174206 0.165046 0.160894 0.153629 0.167380 0.175430 0.190927 0.194333 0.193958 0.176269 0.158825 -9999.0 -9999.0 -9999.0 -9999.0 -9999.0 -9999.0 -9999.0 -9999.0 -9999.0 -9999.0 -9999.0 -9999.0 -9999.0 -9999.0 -9999.0 -9999.0 -9999.0 -9999.0 -9999.0
-9999.0 -9999.0 -9999.0 -9999.0 -9999.0 -9999.0 -9999.0 -9999.0 -9999.0 -9999.0 -9999.0 -9999.0 -9999.0 -9999.0 0.117622 0.114517 0.113531 0.115806 0.126527 0.138007 0.143544 0.139935 0.139687 0.129919 0.122637 0.127307 0.138484 0.152701 0.171069 0.183597 0.175000 0.172973 0.179362 0.198005 0.208583 0.206314 0.190821 0.206637 0.218749 0.226150 0.225204 0.218363 0.229928 0.242960 0.237612 0.223757 0.226145 0.235339 0.247557 0.235809 0.187950 0.174654 0.173532 0.170173 0.163129 0.159851 0.174593 0.175783 0.171192 0.161253 0.145187 0.127206 0.121334 0.135574 0.156842 0.193059 -9999.0 -9999.0 -9999.0 -9999.0 -9999.0 -9999.0 -9999.0 -9999.0 -9999.0 -9999.0 -9999.0 -9999.0 -9999.0 -9999.0
-9999.0 -9999.0 -9999.0 -9999.0 -9999.0 -9999.0 -9999.0 -9999.0 -9999.0 0.103540 0.104178 0.105630 0.105882 0.109470 0.108982 0.110568 0.112560 0.119854 0.130327 0.144772 0.158982 0.153196 0.152948 0.159222 0.163058 0.170102 0.182255 0.209736 0.241858 0.274550 0.251423 0.249388 0.264518 0.303011 0.329739 0.335607 0.325131 0.326074 0.339762 0.350419 0.350151 0.349497 0.356708 0.359737 0.361169 0.357293 0.352027 0.351001 0.358098 0.340360 0.301028 0.258394 0.259711 0.235262 0.203871 0.188278 0.186743 0.203148 0.193004 0.169472 0.150077 0.146130 0.139086 0.146686 0.158655 0.187963 0.216343 0.239594 0.240575 0.227186 -9999.0 -9999.0 -9999.0 -9999.0 -9999.0 -9999.0 -9999.0 -9999.0 -9999.0 -9999.0
-9999.0 -9999.0 -9999.0 -9999.0 -9999.0 -9999.0 0.090587 0.091668 0.094411 0.095248 0.099234 0.100551 0.104607 0.108928 0.113989 0.118750 0.128975 0.141750 0.162055 0.188731 0.211135 0.207370 0.214087 0.240427 0.275433 0.300566 0.317046 0.338648 0.362360 0.367427 0.368361 0.368671 0.369232 0.369999 0.370000 0.370000 0.370000 0.370000 0.370000 0.370000 0.370000 0.370000 0.370000 0.370000 0.370000 0.370000 0.370000 0.370000 0.370000 0.370000 0.370000 0.369301 0.366398 0.359238 0.329356 0.288133 0.285182 0.296977 0.274525 0.233053 0.201407 0.194779 0.185713 0.177079 0.181071 0.194977 0.213140 0.222839 0.214192 0.199725 0.184195 0.166638 0.167929 0.184242 -9999.0 -9999.0 -9999.0 -9999.0 -9999.0 -9999.0
-9999.0 -9999.0 -9999.0 -9999.0 0.085130 0.086297 0.085139 0.087435 0.091176 0.095890 0.101587 0.109753 0.116823 0.126021 0.142371 0.161202 0.187074 0.210490 0.252595 0.305084 0.337212 0.349257 0.353969 0.365719 0.369737 0.370000 0.370000 0.370000 0.370000 0.370000 0.370000 0.370000 0.370000 0.370000 0.370000 0.370000 0.370000 0.370000 0.370000 0.370000 0.370000 0.370000 0.370000 0.370000 0.370000 0.370000 0.370000 0.370000 0.370000 0.370000 0.370000 0.370000 0.370000 0.370000 0.370000 0.370000 0.369813 0.368852 0.363906 0.351419 0.317980 0.300778 0.277901 0.258759 0.235415 0.237279 0.240972 0.226723 0.204872 0.183497 0.174638 0.164081 0.158970 0.176952 0.189008 0.211929 -9999.0 -9999.0 -9999.0 -9999.0
-9999.0 -9999.0 0.080536 0.084471 0.090419 0.091455 0.091740 0.092282 0.096140 0.105560 0.128106 0.150156 0.174514 0.192914 0.236522 0.301894 0.344789 0.359305 0.367449 0.369976 0.370000 0.370000 0.370000 0.370000 0.370000 0.370000 0.370000 0.370000 0.370000 0.370000 0.370000 0.370000 0.370000 0.370000 0.370000 0.370000 0.370000 0.370000 0.370000 0.370000 0.370000 0.370000 0.370000 0.370000 0.370000 0.370000 0.370000 0.370000 0.370000 0.370000 0.370000 0.370000 0.370000 0.370000 0.370000 0.370000 0.370000 0.370000 0.370000 0.370000 0.370000 0.369518 0.365837 0.355836 0.335843 0.319397 0.290099 0.261060 0.227311 0.195257 0.180647 0.169990 0.169428 0.170532 0.181108 0.192174 0.203619 0.209654 -9999.0 -9999.0
-9999.0 0.075505 0.078988 0.090166 0.102827 0.113289 0.126028 0.137133 0.146863 0.152134 0.220553 0.305383 0.350738 0.358106 0.366437 0.370000 0.370000 0.370000 0.370000 0.370000 0.370000 0.370000 0.370000 0.370000 0.370000 0.370000 0.370000 0.370000 0.370000 0.370000 0.370000 0.370000 0.370000 0.370000 0.370000 0.370000 0.370000 0.370000 0.370000 0.370000 0.370000 0.370000 0.370000 0.370000 0.370000 0.370000 0.370000 0.370000 0.370000 0.370000 0.370000 0.370000 0.370000 0.370000 0.370000 0.370000 0.370000 0.370000 0.370000 0.370000 0.370000 0.370000 0.370000 0.370000 0.369830 0.365208 0.351871 0.329778 0.291890 0.264890 0.242328 0.203587 0.188200 0.190411 0.184828 0.183763 0.188740 0.193432 -9999.0 -9999.0
-9999.0 0.073270 0.079149 0.099544 0.143638 0.175633 0.263415 0.324217 0.337049 0.324975 0.363165 0.370000 0.370000 0.370000 0.370000 0.370000 0.370000 0.370000 0.370000 0.370000 0.370000 0.370000 0.370000 0.370000 0.370000 0.370000 0.370000 0.370000 0.370000 0.370000 0.370000 0.370000 0.370000 0.370000 0.370000 0.370000 0.370000 0.370000 0.370000 0.370000 0.370000 0.370000 0.370000 0.370000 0.370000 0.370000 0.370000 0.370000 0.370000 0.370000 0.370000 0.370000 0.370000 0.370000 0.370000 0.370000 0.370000 0.370000 0.370000 0.370000 0.370000 0.370000 0.370000 0.370000 0.370000 0.370000 0.369996 0.369097 0.363188 0.351683 0.332180 0.298078 0.255496 0.235755 0.206587 0.191881 -9999.0 -9999.0 -9999.0 -9999.0
-9999.0 0.071846 0.078461 0.115833 0.261916 0.343647 0.370000 0.370000 0.370000 0.370000 0.370000 0.370000 0.370000 0.370000 0.370000 0.370000 0.370000 0.370000 0.370000 0.370000 0.370000 0.370000 0.370000 0.370000 0.370000 0.370000 0.370000 0.370000 0.370000 0.370000 0.370000 0.370000 0.370000 0.370000 0.369978 0.369473 0.366426 0.365720 0.364243 0.359024 0.354553 0.350604 0.355563 0.354734 0.354502 0.356971 0.361555 0.364053 0.367922 0.369526 0.369998 0.370000 0.370000 0.370000 0.370000 0.370000 0.370000 0.370000 0.370000 0.370000 0.370000 0.370000 0.370000 0.370000 0.370000 0.370000 0.370000 0.370000 0.370000 0.370000 0.369624 0.364926 0.348004 0.304493 0.275986 -9999.0 -9999.0 -9999.0 -9999.0 -9999.0
-9999.0 0.069747 0.075242 0.105841 0.296666 0.370000 0.370000 0.370000 0.370000 0.370000 0.370000 0.370000 0.370000 0.370000 0.370000 0.370000 0.370000 0.370000 0.370000 0.370000 0.370000 0.370000 0.370000 0.370000 0.370000 0.370000 0.370000 0.370000 0.370000 0.370000 0.368824 0.367282 0.355999 0.327662 0.297901 0.263099 0.223500 0.222508 0.234542 0.221578 0.205344 0.192181 0.209845 0.220641 0.228496 0.221031 0.227218 0.253238 0.289059 0.315879 0.340425 0.358521 0.365986 0.369348 0.369980 0.370000 0.370000 0.370000 0.370000 0.370000 0.370000 0.370000 0.370000 0.370000 0.370000 0.370000 0.370000 0.370000 0.370000 0.370000 0.370000 0.370000 0.369938 -9999.0 -9999.0 -9999.0 -9999.0 -9999.0 -9999.0 -9999.0
-9999.0 0.068696 0.071036 0.079459 0.133534 0.284018 0.360413 0.369918 0.370000 0.370000 0.370000 0.370000 0.370000 0.370000 0.370000 0.370000 0.370000 0.370000 0.370000 0.369999 0.369822 0.369456 0.369434 0.369203 0.367836 0.366534 0.365415 0.362182 0.353197 0.329912 0.276163 0.226119 0.183540 0.162432 0.147300 0.133211 0.119460 0.122993 0.128340 0.126573 0.122149 0.120498 0.130774 0.137937 0.142181 0.136124 0.143798 0.156680 0.180399 0.207599 0.242050 0.281645 0.315569 0.331084 0.338204 0.350795 0.361976 0.368624 0.370000 0.370000 0.370000 0.370000 0.370000 0.370000 0.370000 0.370000 0.370000 0.370000 0.370000 0.370000 0.370000 -9999.0 -9999.0 -9999.0 -9999.0 -9999.0 -9999.0 -9999.0 -9999.0 -9999.0
-9999.0 -9999.0 0.068690 0.070418 0.073833 0.083561 0.103529 0.132130 0.162521 0.213927 0.279275 0.327368 0.345578 0.351027 0.343678 0.321428 0.302437 0.302484 0.296371 0.285291 0.266164 0.259296 0.252920 0.247501 0.236859 0.231202 0.227578 0.219833 0.203764 0.173380 0.145111 0.124535 0.108865 0.103368 0.099148 0.095279 0.094634 0.094490 0.095624 0.095791 0.096559 0.098496 0.102462 0.107002 0.109166 0.110712 0.113967 0.120854 0.132360 0.149745 0.178065 0.215298 0.243015 0.250630 0.241618 0.245059 0.261191 0.293192 0.342638 0.365697 0.369986 0.370000 0.370000 0.370000 0.370000 0.370000 0.370000 0.370000 0.370000 0.370000 -9999.0 -9999.0 -9999.0 -9999.0 -9999.0 -9999.0 -9999.0 -9999.0 -9999.0 -9999.0
-9999.0 -9999.0 -9999.0 -9999.0 0.069025 0.070629 0.072270 0.074483 0.079875 0.088709 0.102047 0.119981 0.137290 0.146875 0.140663 0.136890 0.133211 0.132209 0.129242 0.126867 0.124591 0.122123 0.119018 0.116840 0.116555 0.117506 0.117040 0.113524 0.109706 0.103283 0.098512 0.092909 0.088185 0.085186 0.084016 0.083391 0.083430 0.083016 0.083843 0.084365 0.085744 0.087335 0.090133 0.093961 0.095823 0.098157 0.099886 0.104024 0.110920 0.126692 0.152867 0.184435 0.206429 0.207388 0.187136 0.175476 0.172185 0.188321 0.220145 0.271863 0.335382 0.360391 0.368554 0.369979 0.370000 0.370000 0.370000 0.370000 -9999.0 -9999.0 -9999.0 -9999.0 -9999.0 -9999.0 -9999.0 -9999.0 -9999.0 -9999.0 -9999.0 -9999.0
-9999.0 -9999.0 -9999.0 -9999.0 -9999.0 -9999.0 0.068650 0.069273 0.070163 0.071990 0.074870 0.078809 0.083787 0.085806 0.087254 0.089609 0.088965 0.087158 0.085597 0.087199 0.088091 0.087618 0.084977 0.084822 0.085107 0.086047 0.085971 0.085406 0.083229 0.083821 0.083642 0.081825 0.080032 0.079140 0.078488 0.079063 0.079124 0.078434 0.078604 0.080157 0.081494 0.082518 0.084436 0.087739 0.091615 0.093554 0.093647 0.094553 0.101868 0.119384 0.146045 0.173996 0.192770 0.196544 0.176034 0.151618 0.140265 0.141917 0.157005 0.186296 0.239228 0.274263 0.295659 0.310476 0.328418 0.362788 -9999.0 -9999.0 -9999.0 -9999.0 -9999.0 -9999.0 -9999.0 -9999.0 -9999.0 -9999.0 -9999.0 -9999.0 -9999.0 -9999.0
-9999.0 -9999.0 -9999.0 -9999.0 -9999.0 -9999.0 -9999.0 -9999.0 -9999.0 -9999.0 -9999.0 -9999.0 -9999.0 -9999.0 -9999.0 -9999.0 -9999.0 -9999.0 -9999.0 -9999.0 -9999.0 -9999.0 -9999.0 -9999.0 -9999.0 -9999.0 -9999.0 -9999.0 -9999.0 -9999.0 -9999.0 -9999.0 -9999.0 -9999.0 -9999.0 -9999.0 -9999.0 -9999.0 -9999.0 -9999.0 -9999.0 -9999.0 -9999.0 -9999.0 -9999.0 -9999.0 -9999.0 -9999.0 -9999.0 -9999.0 -9999.0 -9999.0 -9999.0 -9999.0 -9999.0 -9999.0 -9999.0 -9999.0 -9999.0 -9999.0 -9999.0 -9999.0 -9999.0 -9999.0 -9999.0 -9999.0 -9999.0 -9999.0 -9999.0 -9999.0 -9999.0 -9999.0 -9999.0 -9999.0 -9999.0 -9999.0 -9999.0 -9999.0 -9999.0 -9999.0
-9999.0 -9999.0 -9999.0 -9999.0 -9999.0 -9999.0 -9999.0 -9999.0 -9999.0 -9999.0 -9999.0 -9999.0 -9999.0 -9999.0 -9999.0 -9999.0 -9999.0 -9999.0 -9999.0 -9999.0 -9999.0 -9999.0 -9999.0 -9999.0 -9999.0 -9999.0 -9999.0 -9999.0 -9999.0 -9999.0 -9999.0 -9999.0 -9999.0 -9999.0 -9999.0 -9999.0 -9999.0 -9999.0 -9999.0 -9999.0 -9999.0 -9999.0 -9999.0 -9999.0 -9999.0 -9999.0 -9999.0 -9999.0 -9999.0 -9999.0 -9999.0 -9999.0 -9999.0 -9999.0 -9999.0 -9999.0 -9999.0 -9999.0 -9999.0 -9999.0 -9999.0 -9999.0 -9999.0 -9999.0 -9999.0 -9999.0 -9999.0 -9999.0 -9999.0 -9999.0 -9999.0 -9999.0 -9999.0 -9999.0 -9999.0 -9999.0 -9999.0 -9999.0 -9999.0 -9999.0