Borden_/Borden1m_014/output_maps/thetaliqL0003N0019.asc
ncols         80
nrows         18
xllcorner     620200.000000
yllcorner     5168000.000000
cellsize      1.000000
NODATA_value  -9999.0
-9999.0 -9999.0 -9999.0 -9999.0 -9999.0 -9999.0 -9999.0 -9999.0 -9999.0 -9999.0 -9999.0 -9999.0 -9999.0 -9999.0 -9999.0 -9999.0 -9999.0 -9999.0 -9999.0 -9999.0 -9999.0 -9999.0 -9999.0 -9999.0 -9999.0 -9999.0 -9999.0 -9999.0 -9999.0 -9999.0 -9999.0 -9999.0 -9999.0 -9999.0 -9999.0 -9999.0 -9999.0 -9999.0 -9999.0 -9999.0 -9999.0 -9999.0 -9999.0 -9999.0 -9999.0 -9999.0 -9999.0 -9999.0 -9999.0 -9999.0 -9999.0 -9999.0 -9999.0 -9999.0 -9999.0 -9999.0 -9999.0 -9999.0 -9999.0 -9999.0 -9999.0 -9999.0 -9999.0 -9999.0 -9999.0 -9999.0 -9999.0 -9999.0 -9999.0 -9999.0 -9999.0 -9999.0 -9999.0 -9999.0 -9999.0 -9999.0 -9999.0 -9999.0 -9999.0 -9999.0
-9999.0 -9999.0 -9999.0 -9999.0 -9999.0 -9999.0 -9999.0 -9999.0 -9999.0 -9999.0 -9999.0 -9999.0 -9999.0 -9999.0 -9999.0 -9999.0 -9999.0 -9999.0 -9999.0 -9999.0 -9999.0 -9999.0 -9999.0 -9999.0 -9999.0 -9999.0 -9999.0 -9999.0 -9999.0 -9999.0 -9999.0 -9999.0 -9999.0 -9999.0 -9999.0 -9999.0 -9999.0 -9999.0 -9999.0 -9999.0 -9999.0 -9999.0 -9999.0 -9999.0 -9999.0 -9999.0 -9999.0 -9999.0 -9999.0 -9999.0 -9999.0 -9999.0 -9999.0 -9999.0 -9999.0 -9999.0 -9999.0 -9999.0 -9999.0 -9999.0 -9999.0 -9999.0 -9999.0 -9999.0 -9999.0 -9999.0 -9999.0 -9999.0 -9999.0 -9999.0 -9999.0 -9999.0 -9999.0 -9999.0 -9999.0 -9999.0 -9999.0 -9999.0 -9999.0 -9999.0
-9999.0 -9999.0 -9999.0 -9999.0 -9999.0 -9999.0 -9999.0 -9999.0 -9999.0 -9999.0 -9999.0 -9999.0 -9999.0 -9999.0 -9999.0 -9999.0 -9999.0 -9999.0 -9999.0 -9999.0 0.231057 0.232186 0.229844 0.227193 0.224925 0.224612 0.227121 0.229974 0.233271 0.233866 0.231121 0.231847 0.230753 0.230074 0.229972 0.230744 0.231147 0.232181 0.232820 0.232463 0.231633 0.231071 0.230536 0.230674 0.231636 0.230313 0.232191 0.233990 0.234586 0.234645 0.232302 0.231378 0.231042 0.228877 0.232773 0.233836 0.236615 0.236852 0.237412 0.234301 0.231229 -9999.0 -9999.0 -9999.0 -9999.0 -9999.0 -9999.0 -9999.0 -9999.0 -9999.0 -9999.0 -9999.0 -9999.0 -9999.0 -9999.0 -9999.0 -9999.0 -9999.0 -9999.0 -9999.0
-9999.0 -9999.0 -9999.0 -9999.0 -9999.0 -9999.0 -9999.0 -9999.0 -9999.0 -9999.0 -9999.0 -9999.0 -9999.0 -9999.0 0.226983 0.225670 0.225045 0.224586 0.226842 0.228569 0.228537 0.227167 0.228337 0.225719 0.223372 0.224765 0.226686 0.228176 0.230746 0.232725 0.230834 0.230365 0.231339 0.234901 0.236412 0.235623 0.231329 0.235385 0.237339 0.238581 0.238404 0.236438 0.239072 0.242169 0.240538 0.237252 0.238024 0.239873 0.242888 0.241477 0.231179 0.230294 0.230889 0.231191 0.229783 0.228755 0.232680 0.232067 0.231472 0.230901 0.228743 0.225128 0.223481 0.227316 0.230585 0.237406 -9999.0 -9999.0 -9999.0 -9999.0 -9999.0 -9999.0 -9999.0 -9999.0 -9999.0 -9999.0 -9999.0 -9999.0 -9999.0 -9999.0
-9999.0 -9999.0 -9999.0 -9999.0 -9999.0 -9999.0 -9999.0 -9999.0 -9999.0 0.224995 0.224610 0.224956 0.224038 0.225162 0.223133 0.223567 0.223137 0.224692 0.225858 0.227961 0.230868 0.228640 0.228329 0.229829 0.229896 0.230394 0.231593 0.236276 0.241485 0.249893 0.242451 0.242092 0.245996 0.261054 0.273778 0.277072 0.270955 0.270963 0.278833 0.287773 0.287100 0.286173 0.295390 0.300509 0.304142 0.296274 0.288721 0.287433 0.298745 0.279461 0.260879 0.244396 0.245766 0.240445 0.234643 0.232584 0.231719 0.236151 0.234552 0.230647 0.227475 0.228627 0.226768 0.228612 0.229773 0.234936 0.239537 0.244041 0.244251 0.241362 -9999.0 -9999.0 -9999.0 -9999.0 -9999.0 -9999.0 -9999.0 -9999.0 -9999.0 -9999.0
-9999.0 -9999.0 -9999.0 -9999.0 -9999.0 -9999.0 0.222893 0.222702 0.223407 0.220878 0.222530 0.221264 0.222435 0.222881 0.223618 0.223522 0.225426 0.227063 0.229890 0.233689 0.237270 0.235143 0.236021 0.241113 0.251839 0.261952 0.267889 0.278101 0.308292 0.334833 0.347372 0.353797 0.363481 0.365679 0.368030 0.369679 0.367841 0.367062 0.367610 0.368739 0.369887 0.369892 0.369913 0.369936 0.369982 0.369976 0.368867 0.368145 0.367960 0.367804 0.366164 0.362847 0.327237 0.300464 0.272855 0.256640 0.253390 0.255677 0.249047 0.239956 0.234635 0.234773 0.233790 0.231785 0.232809 0.234874 0.238085 0.240137 0.238609 0.236565 0.235116 0.231700 0.232273 0.235593 -9999.0 -9999.0 -9999.0 -9999.0 -9999.0 -9999.0
-9999.0 -9999.0 -9999.0 -9999.0 0.219225 0.220330 0.216927 0.218791 0.220170 0.221166 0.220988 0.222764 0.223135 0.224364 0.227065 0.229017 0.232791 0.235577 0.243692 0.261644 0.278144 0.287361 0.291715 0.325479 0.363472 0.366367 0.366915 0.367663 0.368919 0.369989 0.369998 0.369993 0.370000 0.370000 0.370000 0.370000 0.370000 0.370000 0.370000 0.370000 0.370000 0.370000 0.370000 0.370000 0.370000 0.370000 0.370000 0.370000 0.370000 0.370000 0.370000 0.369996 0.369555 0.368805 0.368297 0.367074 0.363953 0.356584 0.312525 0.289212 0.266717 0.257818 0.249552 0.245579 0.240081 0.241231 0.242913 0.240125 0.236513 0.233102 0.232798 0.231322 0.229537 0.233898 0.235328 0.239941 -9999.0 -9999.0 -9999.0 -9999.0
-9999.0 -9999.0 0.219174 0.219101 0.222035 0.220067 0.218855 0.217187 0.217746 0.220492 0.225586 0.227509 0.230806 0.232550 0.240589 0.261697 0.284503 0.301407 0.341401 0.364411 0.367133 0.368356 0.369830 0.369924 0.369998 0.370000 0.370000 0.370000 0.370000 0.370000 0.370000 0.370000 0.370000 0.370000 0.370000 0.370000 0.370000 0.370000 0.370000 0.370000 0.370000 0.370000 0.370000 0.370000 0.370000 0.370000 0.370000 0.370000 0.370000 0.370000 0.370000 0.370000 0.370000 0.370000 0.370000 0.370000 0.369997 0.369718 0.369200 0.368315 0.365812 0.362854 0.324740 0.295026 0.273868 0.263163 0.252402 0.245713 0.239583 0.233844 0.232196 0.231253 0.232158 0.231483 0.233788 0.235462 0.238037 0.238973 -9999.0 -9999.0
-9999.0 0.218373 0.217177 0.222300 0.222889 0.223719 0.224734 0.225615 0.226927 0.224917 0.238684 0.265025 0.290454 0.298909 0.332063 0.365266 0.369828 0.369905 0.369990 0.369996 0.370000 0.370000 0.370000 0.370000 0.370000 0.370000 0.370000 0.370000 0.370000 0.370000 0.370000 0.370000 0.370000 0.370000 0.370000 0.370000 0.370000 0.370000 0.370000 0.370000 0.370000 0.370000 0.370000 0.370000 0.370000 0.370000 0.370000 0.370000 0.370000 0.370000 0.370000 0.370000 0.370000 0.370000 0.370000 0.370000 0.370000 0.370000 0.370000 0.370000 0.369979 0.369731 0.368725 0.366627 0.363278 0.322048 0.288658 0.268245 0.252471 0.246528 0.242871 0.234961 0.233063 0.234937 0.233901 0.233789 0.234798 0.235571 -9999.0 -9999.0
-9999.0 0.213153 0.217892 0.223137 0.229652 0.230017 0.253316 0.274199 0.279904 0.269363 0.314309 0.369849 0.369994 0.369994 0.370000 0.370000 0.370000 0.370000 0.370000 0.370000 0.370000 0.370000 0.370000 0.370000 0.370000 0.370000 0.370000 0.370000 0.370000 0.370000 0.370000 0.370000 0.370000 0.370000 0.369999 0.369998 0.369995 0.369746 0.369088 0.368404 0.368061 0.368681 0.368388 0.367833 0.367697 0.368400 0.369186 0.369088 0.369349 0.369751 0.369956 0.370000 0.370000 0.370000 0.370000 0.370000 0.370000 0.370000 0.370000 0.370000 0.370000 0.370000 0.370000 0.369961 0.369533 0.367486 0.365112 0.361228 0.311926 0.290165 0.271887 0.255635 0.244109 0.241830 0.236101 0.235420 -9999.0 -9999.0 -9999.0 -9999.0
-9999.0 0.212760 0.217328 0.227382 0.252547 0.288592 0.363904 0.369395 0.370000 0.369991 0.370000 0.370000 0.370000 0.370000 0.370000 0.370000 0.370000 0.370000 0.370000 0.370000 0.370000 0.370000 0.370000 0.370000 0.370000 0.370000 0.370000 0.370000 0.369992 0.369953 0.369838 0.369649 0.369091 0.366631 0.365219 0.363416 0.328931 0.321811 0.314096 0.299464 0.292729 0.287978 0.294376 0.292755 0.292131 0.295768 0.305121 0.312425 0.342127 0.363264 0.365579 0.367461 0.368526 0.369579 0.369930 0.370000 0.370000 0.370000 0.370000 0.370000 0.370000 0.370000 0.370000 0.370000 0.370000 0.369962 0.369800 0.369075 0.367016 0.364958 0.362297 0.323225 0.286796 0.258703 0.250985 -9999.0 -9999.0 -9999.0 -9999.0 -9999.0
-9999.0 0.205458 0.217317 0.225438 0.269307 0.364506 0.369141 0.370000 0.370000 0.370000 0.369994 0.370000 0.370000 0.370000 0.370000 0.370000 0.370000 0.370000 0.370000 0.370000 0.369997 0.369973 0.369963 0.369918 0.369728 0.369432 0.369154 0.368734 0.367265 0.365565 0.358133 0.335715 0.296350 0.273280 0.260529 0.248829 0.238330 0.238683 0.242154 0.239331 0.236265 0.232957 0.236958 0.238786 0.240556 0.238302 0.238815 0.244156 0.253023 0.263060 0.278719 0.298882 0.323283 0.362826 0.365052 0.367135 0.368529 0.369641 0.369995 0.370000 0.370000 0.370000 0.370000 0.370000 0.370000 0.370000 0.370000 0.370000 0.369866 0.369269 0.368649 0.367213 0.364792 -9999.0 -9999.0 -9999.0 -9999.0 -9999.0 -9999.0 -9999.0
-9999.0 0.201697 0.214381 0.215838 0.230643 0.264188 0.316606 0.365280 0.369855 0.367187 0.366707 0.367529 0.368330 0.368839 0.368274 0.367347 0.366550 0.366773 0.366912 0.366081 0.365001 0.364335 0.364114 0.361432 0.341040 0.327287 0.320125 0.307905 0.292423 0.274483 0.250507 0.239584 0.232119 0.229733 0.227931 0.225994 0.222098 0.224373 0.226060 0.225665 0.224440 0.223486 0.226456 0.227452 0.228377 0.225620 0.227502 0.229086 0.232782 0.236579 0.242098 0.250398 0.261300 0.269340 0.276275 0.288145 0.306450 0.353797 0.365938 0.369199 0.369940 0.370000 0.370000 0.370000 0.370000 0.370000 0.370000 0.370000 0.370000 0.369964 0.369780 -9999.0 -9999.0 -9999.0 -9999.0 -9999.0 -9999.0 -9999.0 -9999.0 -9999.0
-9999.0 -9999.0 0.198903 0.203920 0.208180 0.212687 0.219322 0.228605 0.235664 0.245728 0.260027 0.276082 0.286469 0.291333 0.284754 0.271552 0.264025 0.264654 0.262614 0.258582 0.251288 0.248364 0.246494 0.245065 0.242263 0.241144 0.240698 0.239713 0.237484 0.232334 0.227987 0.225050 0.221726 0.221998 0.221524 0.220377 0.221479 0.221205 0.221519 0.221343 0.221647 0.222209 0.222834 0.223741 0.223750 0.224019 0.224307 0.225260 0.226721 0.228669 0.232581 0.238435 0.242949 0.244005 0.241524 0.242230 0.245479 0.253448 0.281138 0.326818 0.364325 0.367693 0.369600 0.369954 0.369998 0.370000 0.370000 0.370000 0.370000 0.370000 -9999.0 -9999.0 -9999.0 -9999.0 -9999.0 -9999.0 -9999.0 -9999.0 -9999.0 -9999.0
-9999.0 -9999.0 -9999.0 -9999.0 0.196528 0.203752 0.210508 0.209745 0.214681 0.217665 0.220403 0.223727 0.226521 0.228348 0.226096 0.225737 0.225346 0.225695 0.225211 0.224668 0.224453 0.224100 0.223730 0.223213 0.223473 0.224024 0.224186 0.223301 0.223354 0.221740 0.221667 0.220762 0.219878 0.218780 0.219071 0.218987 0.219519 0.218956 0.219793 0.219280 0.219904 0.220158 0.220885 0.222110 0.221590 0.222296 0.222292 0.223187 0.223450 0.225855 0.229844 0.234537 0.237759 0.237582 0.233384 0.231682 0.230621 0.233191 0.237602 0.247515 0.274953 0.302902 0.354441 0.364916 0.366629 0.368299 0.369753 0.369999 -9999.0 -9999.0 -9999.0 -9999.0 -9999.0 -9999.0 -9999.0 -9999.0 -9999.0 -9999.0 -9999.0 -9999.0
-9999.0 -9999.0 -9999.0 -9999.0 -9999.0 -9999.0 0.199802 0.203489 0.202276 0.205122 0.207665 0.209602 0.212564 0.212181 0.213111 0.215513 0.215210 0.214091 0.212664 0.214779 0.215734 0.215955 0.213653 0.214329 0.214587 0.215465 0.215374 0.215790 0.213856 0.216265 0.217451 0.217068 0.216706 0.217200 0.216717 0.218202 0.218379 0.217198 0.216827 0.218511 0.218968 0.218688 0.218963 0.220059 0.221696 0.221918 0.221135 0.220023 0.221618 0.225391 0.229648 0.233442 0.235949 0.236825 0.233353 0.228656 0.226309 0.225918 0.227732 0.231269 0.240212 0.246537 0.251774 0.259834 0.268355 0.306090 -9999.0 -9999.0 -9999.0 -9999.0 -9999.0 -9999.0 -9999.0 -9999.0 -9999.0 -9999.0 -9999.0 -9999.0 -9999.0 -9999.0
-9999.0 -9999.0 -9999.0 -9999.0 -9999.0 -9999.0 -9999.0 -9999.0 -9999.0 -9999.0 -9999.0 -9999.0 -9999.0 -9999.0 -9999.0 -9999.0 -9999.0 -9999.0 -9999.0 -9999.0 -9999.0 -9999.0 -9999.0 -9999.0 -9999.0 -9999.0 -9999.0 -9999.0 -9999.0 -9999.0 -9999.0 -9999.0 -9999.0 -9999.0 -9999.0 -9999.0 -9999.0 -9999.0 -9999.0 -9999.0 -9999.0 -9999.0 -9999.0 -9999.0 -9999.0 -9999.0 -9999.0 -9999.0 -9999.0 -9999.0 -9999.0 -9999.0 -9999.0 -9999.0 -9999.0 -9999.0 -9999.0 -9999.0 -9999.0 -9999.0 -9999.0 -9999.0 -9999.0 -9999.0 -9999.0 -9999.0 -9999.0 -9999.0 -9999.0 -9999.0 -9999.0 -9999.0 -9999.0 -9999.0 -9999.0 -9999.0 -9999.0 -9999.0 -9999.0 -9999.0
-9999.0 -9999.0 -9999.0 -9999.0 -9999.0 -9999.0 -9999.0 -9999.0 -9999.0 -9999.0 -9999.0 -9999.0 -9999.0 -9999.0 -9999.0 -9999.0 -9999.0 -9999.0 -9999.0 -9999.0 -9999.0 -9999.0 -9999.0 -9999.0 -9999.0 -9999.0 -9999.0 -9999.0 -9999.0 -9999.0 -9999.0 -9999.0 -9999.0 -9999.0 -9999.0 -9999.0 -9999.0 -9999.0 -9999.0 -9999.0 -9999.0 -9999.0 -9999.0 -9999.0 -9999.0 -9999.0 -9999.0 -9999.0 -9999.0 -9999.0 -9999.0 -9999.0 -9999.0 -9999.0 -9999.0 -9999.0 -9999.0 -9999.0 -9999.0 -9999.0 -9999.0 -9999.0 -9999.0 -9999.0 -9999.0 -9999.0 -9999.0 -9999.0 -9999.0 -9999.0 -9999.0 -9999.0 -9999.0 -9999.0 -9999.0 -9999.0 -9999.0 -9999.0 -9999.0 -9999.0