Borden_/Borden1m_014/output_maps/thetaliqL0002N0039.asc
ncols         80
nrows         18
xllcorner     620200.000000
yllcorner     5168000.000000
cellsize      1.000000
NODATA_value  -9999.0
-9999.0 -9999.0 -9999.0 -9999.0 -9999.0 -9999.0 -9999.0 -9999.0 -9999.0 -9999.0 -9999.0 -9999.0 -9999.0 -9999.0 -9999.0 -9999.0 -9999.0 -9999.0 -9999.0 -9999.0 -9999.0 -9999.0 -9999.0 -9999.0 -9999.0 -9999.0 -9999.0 -9999.0 -9999.0 -9999.0 -9999.0 -9999.0 -9999.0 -9999.0 -9999.0 -9999.0 -9999.0 -9999.0 -9999.0 -9999.0 -9999.0 -9999.0 -9999.0 -9999.0 -9999.0 -9999.0 -9999.0 -9999.0 -9999.0 -9999.0 -9999.0 -9999.0 -9999.0 -9999.0 -9999.0 -9999.0 -9999.0 -9999.0 -9999.0 -9999.0 -9999.0 -9999.0 -9999.0 -9999.0 -9999.0 -9999.0 -9999.0 -9999.0 -9999.0 -9999.0 -9999.0 -9999.0 -9999.0 -9999.0 -9999.0 -9999.0 -9999.0 -9999.0 -9999.0 -9999.0
-9999.0 -9999.0 -9999.0 -9999.0 -9999.0 -9999.0 -9999.0 -9999.0 -9999.0 -9999.0 -9999.0 -9999.0 -9999.0 -9999.0 -9999.0 -9999.0 -9999.0 -9999.0 -9999.0 -9999.0 -9999.0 -9999.0 -9999.0 -9999.0 -9999.0 -9999.0 -9999.0 -9999.0 -9999.0 -9999.0 -9999.0 -9999.0 -9999.0 -9999.0 -9999.0 -9999.0 -9999.0 -9999.0 -9999.0 -9999.0 -9999.0 -9999.0 -9999.0 -9999.0 -9999.0 -9999.0 -9999.0 -9999.0 -9999.0 -9999.0 -9999.0 -9999.0 -9999.0 -9999.0 -9999.0 -9999.0 -9999.0 -9999.0 -9999.0 -9999.0 -9999.0 -9999.0 -9999.0 -9999.0 -9999.0 -9999.0 -9999.0 -9999.0 -9999.0 -9999.0 -9999.0 -9999.0 -9999.0 -9999.0 -9999.0 -9999.0 -9999.0 -9999.0 -9999.0 -9999.0
-9999.0 -9999.0 -9999.0 -9999.0 -9999.0 -9999.0 -9999.0 -9999.0 -9999.0 -9999.0 -9999.0 -9999.0 -9999.0 -9999.0 -9999.0 -9999.0 -9999.0 -9999.0 -9999.0 -9999.0 0.176609 0.177196 0.175817 0.174253 0.172979 0.172844 0.174289 0.176028 0.178055 0.178514 0.176943 0.177282 0.176679 0.176385 0.176393 0.176820 0.177012 0.177682 0.178126 0.177965 0.177480 0.177119 0.176808 0.176938 0.177461 0.176753 0.177833 0.178948 0.179374 0.179303 0.177719 0.177037 0.176782 0.175601 0.177757 0.178469 0.180203 0.180407 0.180679 0.178718 0.176835 -9999.0 -9999.0 -9999.0 -9999.0 -9999.0 -9999.0 -9999.0 -9999.0 -9999.0 -9999.0 -9999.0 -9999.0 -9999.0 -9999.0 -9999.0 -9999.0 -9999.0 -9999.0 -9999.0
-9999.0 -9999.0 -9999.0 -9999.0 -9999.0 -9999.0 -9999.0 -9999.0 -9999.0 -9999.0 -9999.0 -9999.0 -9999.0 -9999.0 0.173884 0.173196 0.172885 0.172735 0.174029 0.175092 0.175208 0.174484 0.175026 0.173594 0.172368 0.173121 0.174258 0.175275 0.176914 0.178185 0.177057 0.176783 0.177425 0.179670 0.180752 0.180312 0.177787 0.180156 0.181491 0.182385 0.182276 0.181101 0.182830 0.184869 0.183869 0.181736 0.182115 0.183308 0.185323 0.184094 0.177603 0.176801 0.177063 0.177113 0.176281 0.175702 0.177890 0.177636 0.177237 0.176730 0.175353 0.173277 0.172395 0.174471 0.176497 0.180682 -9999.0 -9999.0 -9999.0 -9999.0 -9999.0 -9999.0 -9999.0 -9999.0 -9999.0 -9999.0 -9999.0 -9999.0 -9999.0 -9999.0
-9999.0 -9999.0 -9999.0 -9999.0 -9999.0 -9999.0 -9999.0 -9999.0 -9999.0 0.172635 0.172460 0.172655 0.172238 0.172842 0.171914 0.172150 0.172025 0.172896 0.173680 0.174992 0.176698 0.175505 0.175363 0.176269 0.176473 0.176908 0.177774 0.180798 0.184560 0.190515 0.185682 0.185488 0.188221 0.198779 0.210221 0.214375 0.207659 0.207657 0.216184 0.228208 0.229655 0.228831 0.243759 0.253601 0.260056 0.245504 0.230438 0.228135 0.244314 0.216806 0.198609 0.187110 0.187581 0.183745 0.179763 0.178271 0.177794 0.180387 0.179314 0.176839 0.174879 0.175349 0.174324 0.175327 0.176142 0.179323 0.182349 0.185359 0.185513 0.183602 -9999.0 -9999.0 -9999.0 -9999.0 -9999.0 -9999.0 -9999.0 -9999.0 -9999.0 -9999.0
-9999.0 -9999.0 -9999.0 -9999.0 -9999.0 -9999.0 0.171335 0.171269 0.171658 0.170561 0.171395 0.170871 0.171511 0.171830 0.172277 0.172370 0.173513 0.174575 0.176400 0.178905 0.181300 0.180212 0.180876 0.184474 0.191791 0.199216 0.204516 0.215744 0.264277 0.306101 0.319854 0.325179 0.330649 0.345384 0.360482 0.363279 0.360215 0.357157 0.361056 0.366479 0.369595 0.369622 0.369686 0.369754 0.369914 0.369895 0.367003 0.364066 0.362455 0.360600 0.348825 0.327530 0.293663 0.249636 0.209762 0.195218 0.193091 0.195201 0.189836 0.183363 0.179697 0.179559 0.178827 0.177602 0.178143 0.179470 0.181541 0.182837 0.181820 0.180418 0.179303 0.177233 0.177532 0.179536 -9999.0 -9999.0 -9999.0 -9999.0 -9999.0 -9999.0
-9999.0 -9999.0 -9999.0 -9999.0 0.169538 0.170062 0.168539 0.169415 0.170134 0.170705 0.170801 0.171837 0.172196 0.172985 0.174658 0.176111 0.178633 0.180687 0.186394 0.199302 0.214923 0.227395 0.238208 0.294254 0.332961 0.350062 0.355018 0.360869 0.366733 0.369938 0.369983 0.369990 0.369996 0.370000 0.370000 0.370000 0.370000 0.370000 0.370000 0.370000 0.370000 0.370000 0.370000 0.370000 0.370000 0.370000 0.370000 0.370000 0.370000 0.369997 0.370000 0.369970 0.368508 0.366227 0.363518 0.355321 0.332873 0.318971 0.272262 0.230351 0.203775 0.196677 0.190401 0.187196 0.183391 0.183947 0.184863 0.182958 0.180537 0.178314 0.177945 0.176986 0.176031 0.178532 0.179527 0.182432 -9999.0 -9999.0 -9999.0 -9999.0
-9999.0 -9999.0 0.169374 0.169497 0.170973 0.170140 0.169663 0.168953 0.169305 0.170773 0.173720 0.175224 0.177488 0.178803 0.184238 0.199356 0.225092 0.255912 0.309631 0.340139 0.357488 0.364580 0.369020 0.369845 0.369981 0.369988 0.370000 0.370000 0.370000 0.370000 0.370000 0.370000 0.370000 0.370000 0.370000 0.370000 0.370000 0.370000 0.370000 0.370000 0.370000 0.370000 0.370000 0.370000 0.370000 0.370000 0.370000 0.370000 0.370000 0.370000 0.370000 0.370000 0.370000 0.370000 0.370000 0.370000 0.369947 0.368605 0.367195 0.363220 0.344556 0.324208 0.288068 0.240291 0.211523 0.201205 0.192255 0.187143 0.182762 0.179011 0.177830 0.177102 0.177516 0.177223 0.178578 0.179671 0.181238 0.181870 -9999.0 -9999.0
-9999.0 0.168905 0.168520 0.171178 0.171802 0.172487 0.173451 0.174286 0.175120 0.174171 0.182798 0.203465 0.233496 0.251298 0.302006 0.350518 0.369489 0.369845 0.369939 0.369994 0.370000 0.370000 0.370000 0.370000 0.370000 0.370000 0.370000 0.370000 0.370000 0.370000 0.370000 0.370000 0.370000 0.370000 0.370000 0.370000 0.370000 0.370000 0.370000 0.370000 0.370000 0.370000 0.370000 0.370000 0.370000 0.370000 0.370000 0.370000 0.370000 0.370000 0.370000 0.370000 0.370000 0.370000 0.370000 0.370000 0.370000 0.370000 0.370000 0.370000 0.369776 0.368248 0.363996 0.350574 0.327408 0.283016 0.230570 0.206420 0.192615 0.187884 0.185041 0.179844 0.178455 0.179393 0.178725 0.178641 0.179259 0.179756 -9999.0 -9999.0
-9999.0 0.166686 0.169005 0.172012 0.176120 0.177209 0.192328 0.210110 0.219440 0.208750 0.278673 0.369584 0.369960 0.369964 0.369998 0.370000 0.370000 0.370000 0.370000 0.370000 0.370000 0.370000 0.370000 0.370000 0.370000 0.370000 0.370000 0.370000 0.370000 0.370000 0.370000 0.370000 0.370000 0.369999 0.369975 0.369928 0.369540 0.368928 0.367289 0.365146 0.363819 0.366059 0.364929 0.362452 0.361854 0.365031 0.367646 0.367191 0.367364 0.368478 0.369618 0.369994 0.369999 0.370000 0.370000 0.370000 0.370000 0.370000 0.370000 0.370000 0.370000 0.370000 0.369999 0.369617 0.366733 0.354010 0.335119 0.313573 0.265796 0.230149 0.208890 0.194949 0.186249 0.184195 0.180423 0.179644 -9999.0 -9999.0 -9999.0 -9999.0
-9999.0 0.166660 0.169000 0.174800 0.191349 0.224852 0.331142 0.366358 0.369989 0.369931 0.370000 0.370000 0.370000 0.370000 0.370000 0.370000 0.370000 0.370000 0.370000 0.370000 0.370000 0.370000 0.370000 0.370000 0.370000 0.370000 0.370000 0.370000 0.369909 0.369615 0.369067 0.368589 0.366888 0.353488 0.341261 0.331201 0.299165 0.286742 0.273016 0.247575 0.235416 0.228412 0.237629 0.235448 0.234761 0.241056 0.257913 0.272485 0.307260 0.326756 0.342502 0.357924 0.363690 0.367602 0.369457 0.369996 0.370000 0.370000 0.370000 0.370000 0.370000 0.370000 0.370000 0.370000 0.369999 0.369514 0.367615 0.358837 0.342766 0.326626 0.311834 0.277721 0.225450 0.196800 0.190655 -9999.0 -9999.0 -9999.0 -9999.0 -9999.0
-9999.0 0.163807 0.169215 0.174067 0.204662 0.338908 0.363469 0.370000 0.370000 0.370000 0.369915 0.370000 0.370000 0.370000 0.370000 0.369999 0.369999 0.369999 0.370000 0.369988 0.369757 0.369559 0.369543 0.369336 0.368761 0.368021 0.367213 0.365501 0.356967 0.343954 0.317637 0.300651 0.242225 0.209815 0.198221 0.189811 0.182754 0.182822 0.184869 0.182921 0.180899 0.178910 0.181326 0.182500 0.183609 0.182302 0.182790 0.186443 0.193131 0.201277 0.216583 0.247825 0.288518 0.324670 0.338597 0.356136 0.364280 0.368047 0.369814 0.370000 0.370000 0.370000 0.370000 0.370000 0.370000 0.370000 0.369999 0.369502 0.363208 0.354843 0.350419 0.343747 0.326884 -9999.0 -9999.0 -9999.0 -9999.0 -9999.0 -9999.0 -9999.0
-9999.0 0.162049 0.167793 0.169162 0.177835 0.201198 0.269105 0.340161 0.368992 0.356086 0.352492 0.359114 0.363988 0.366196 0.363638 0.357704 0.351679 0.352591 0.352795 0.345316 0.334320 0.328996 0.328743 0.325028 0.308134 0.293148 0.282236 0.261706 0.234071 0.210788 0.191347 0.183497 0.178462 0.176667 0.175411 0.174144 0.171961 0.173065 0.173980 0.173723 0.173017 0.172509 0.174113 0.174727 0.175258 0.173817 0.174864 0.175922 0.178270 0.180831 0.184677 0.190796 0.199678 0.207497 0.213986 0.229468 0.263044 0.314553 0.348229 0.366492 0.369516 0.369989 0.370000 0.370000 0.370000 0.370000 0.370000 0.370000 0.366213 0.361908 0.361511 -9999.0 -9999.0 -9999.0 -9999.0 -9999.0 -9999.0 -9999.0 -9999.0 -9999.0
-9999.0 -9999.0 0.161031 0.163452 0.165792 0.168294 0.171981 0.177008 0.181280 0.187171 0.197347 0.211809 0.224335 0.231379 0.222331 0.207762 0.200910 0.201301 0.199600 0.196376 0.191218 0.189454 0.188276 0.187326 0.185293 0.184419 0.184027 0.183226 0.181560 0.178199 0.175356 0.173466 0.171528 0.171491 0.171142 0.170486 0.170911 0.170802 0.170980 0.170892 0.171019 0.171305 0.171697 0.172211 0.172265 0.172402 0.172621 0.173230 0.174186 0.175489 0.178006 0.181836 0.184997 0.185849 0.184312 0.184885 0.187352 0.193798 0.220020 0.289411 0.338097 0.358996 0.367498 0.369269 0.369541 0.369795 0.370000 0.369297 0.349578 0.352656 -9999.0 -9999.0 -9999.0 -9999.0 -9999.0 -9999.0 -9999.0 -9999.0 -9999.0 -9999.0
-9999.0 -9999.0 -9999.0 -9999.0 0.160273 0.163469 0.166437 0.166244 0.168515 0.169994 0.171513 0.173407 0.175009 0.176076 0.174772 0.174351 0.174028 0.174204 0.173925 0.173551 0.173330 0.173102 0.172894 0.172596 0.172672 0.172912 0.172967 0.172472 0.172407 0.171427 0.171192 0.170597 0.170031 0.169436 0.169513 0.169425 0.169656 0.169403 0.169803 0.169573 0.169883 0.170043 0.170451 0.171096 0.170899 0.171274 0.171325 0.171849 0.172145 0.173618 0.176071 0.179049 0.181187 0.181136 0.178560 0.177487 0.176952 0.178635 0.181783 0.189101 0.212506 0.256748 0.315392 0.336345 0.347085 0.358374 0.364851 0.365676 -9999.0 -9999.0 -9999.0 -9999.0 -9999.0 -9999.0 -9999.0 -9999.0 -9999.0 -9999.0 -9999.0 -9999.0
-9999.0 -9999.0 -9999.0 -9999.0 -9999.0 -9999.0 0.161486 0.163027 0.162683 0.163805 0.164824 0.165703 0.167088 0.166910 0.167251 0.168318 0.168134 0.167613 0.166978 0.167914 0.168296 0.168389 0.167333 0.167603 0.167696 0.168110 0.168068 0.168224 0.167299 0.168305 0.168770 0.168529 0.168294 0.168458 0.168214 0.168877 0.168955 0.168420 0.168282 0.169059 0.169293 0.169205 0.169396 0.169979 0.170817 0.170961 0.170614 0.170153 0.171089 0.173237 0.175817 0.178253 0.179923 0.180458 0.178258 0.175470 0.174135 0.174025 0.175258 0.177698 0.183710 0.188572 0.193224 0.199191 0.207497 0.263510 -9999.0 -9999.0 -9999.0 -9999.0 -9999.0 -9999.0 -9999.0 -9999.0 -9999.0 -9999.0 -9999.0 -9999.0 -9999.0 -9999.0
-9999.0 -9999.0 -9999.0 -9999.0 -9999.0 -9999.0 -9999.0 -9999.0 -9999.0 -9999.0 -9999.0 -9999.0 -9999.0 -9999.0 -9999.0 -9999.0 -9999.0 -9999.0 -9999.0 -9999.0 -9999.0 -9999.0 -9999.0 -9999.0 -9999.0 -9999.0 -9999.0 -9999.0 -9999.0 -9999.0 -9999.0 -9999.0 -9999.0 -9999.0 -9999.0 -9999.0 -9999.0 -9999.0 -9999.0 -9999.0 -9999.0 -9999.0 -9999.0 -9999.0 -9999.0 -9999.0 -9999.0 -9999.0 -9999.0 -9999.0 -9999.0 -9999.0 -9999.0 -9999.0 -9999.0 -9999.0 -9999.0 -9999.0 -9999.0 -9999.0 -9999.0 -9999.0 -9999.0 -9999.0 -9999.0 -9999.0 -9999.0 -9999.0 -9999.0 -9999.0 -9999.0 -9999.0 -9999.0 -9999.0 -9999.0 -9999.0 -9999.0 -9999.0 -9999.0 -9999.0
-9999.0 -9999.0 -9999.0 -9999.0 -9999.0 -9999.0 -9999.0 -9999.0 -9999.0 -9999.0 -9999.0 -9999.0 -9999.0 -9999.0 -9999.0 -9999.0 -9999.0 -9999.0 -9999.0 -9999.0 -9999.0 -9999.0 -9999.0 -9999.0 -9999.0 -9999.0 -9999.0 -9999.0 -9999.0 -9999.0 -9999.0 -9999.0 -9999.0 -9999.0 -9999.0 -9999.0 -9999.0 -9999.0 -9999.0 -9999.0 -9999.0 -9999.0 -9999.0 -9999.0 -9999.0 -9999.0 -9999.0 -9999.0 -9999.0 -9999.0 -9999.0 -9999.0 -9999.0 -9999.0 -9999.0 -9999.0 -9999.0 -9999.0 -9999.0 -9999.0 -9999.0 -9999.0 -9999.0 -9999.0 -9999.0 -9999.0 -9999.0 -9999.0 -9999.0 -9999.0 -9999.0 -9999.0 -9999.0 -9999.0 -9999.0 -9999.0 -9999.0 -9999.0 -9999.0 -9999.0