Borden_/Borden1m_014/output_maps/thetaliqL0004N0026.asc
ncols         80
nrows         18
xllcorner     620200.000000
yllcorner     5168000.000000
cellsize      1.000000
NODATA_value  -9999.0
-9999.0 -9999.0 -9999.0 -9999.0 -9999.0 -9999.0 -9999.0 -9999.0 -9999.0 -9999.0 -9999.0 -9999.0 -9999.0 -9999.0 -9999.0 -9999.0 -9999.0 -9999.0 -9999.0 -9999.0 -9999.0 -9999.0 -9999.0 -9999.0 -9999.0 -9999.0 -9999.0 -9999.0 -9999.0 -9999.0 -9999.0 -9999.0 -9999.0 -9999.0 -9999.0 -9999.0 -9999.0 -9999.0 -9999.0 -9999.0 -9999.0 -9999.0 -9999.0 -9999.0 -9999.0 -9999.0 -9999.0 -9999.0 -9999.0 -9999.0 -9999.0 -9999.0 -9999.0 -9999.0 -9999.0 -9999.0 -9999.0 -9999.0 -9999.0 -9999.0 -9999.0 -9999.0 -9999.0 -9999.0 -9999.0 -9999.0 -9999.0 -9999.0 -9999.0 -9999.0 -9999.0 -9999.0 -9999.0 -9999.0 -9999.0 -9999.0 -9999.0 -9999.0 -9999.0 -9999.0
-9999.0 -9999.0 -9999.0 -9999.0 -9999.0 -9999.0 -9999.0 -9999.0 -9999.0 -9999.0 -9999.0 -9999.0 -9999.0 -9999.0 -9999.0 -9999.0 -9999.0 -9999.0 -9999.0 -9999.0 -9999.0 -9999.0 -9999.0 -9999.0 -9999.0 -9999.0 -9999.0 -9999.0 -9999.0 -9999.0 -9999.0 -9999.0 -9999.0 -9999.0 -9999.0 -9999.0 -9999.0 -9999.0 -9999.0 -9999.0 -9999.0 -9999.0 -9999.0 -9999.0 -9999.0 -9999.0 -9999.0 -9999.0 -9999.0 -9999.0 -9999.0 -9999.0 -9999.0 -9999.0 -9999.0 -9999.0 -9999.0 -9999.0 -9999.0 -9999.0 -9999.0 -9999.0 -9999.0 -9999.0 -9999.0 -9999.0 -9999.0 -9999.0 -9999.0 -9999.0 -9999.0 -9999.0 -9999.0 -9999.0 -9999.0 -9999.0 -9999.0 -9999.0 -9999.0 -9999.0
-9999.0 -9999.0 -9999.0 -9999.0 -9999.0 -9999.0 -9999.0 -9999.0 -9999.0 -9999.0 -9999.0 -9999.0 -9999.0 -9999.0 -9999.0 -9999.0 -9999.0 -9999.0 -9999.0 -9999.0 0.179948 0.181468 0.177394 0.172612 0.168775 0.168460 0.172838 0.178251 0.184465 0.185894 0.181358 0.182270 0.180604 0.179782 0.179844 0.181123 0.181743 0.183770 0.185144 0.184696 0.183247 0.182154 0.181391 0.181806 0.183300 0.181149 0.184354 0.187707 0.188995 0.188668 0.183817 0.181668 0.180795 0.177397 0.183594 0.185787 0.190917 0.191611 0.192229 0.186439 0.180782 -9999.0 -9999.0 -9999.0 -9999.0 -9999.0 -9999.0 -9999.0 -9999.0 -9999.0 -9999.0 -9999.0 -9999.0 -9999.0 -9999.0 -9999.0 -9999.0 -9999.0 -9999.0 -9999.0
-9999.0 -9999.0 -9999.0 -9999.0 -9999.0 -9999.0 -9999.0 -9999.0 -9999.0 -9999.0 -9999.0 -9999.0 -9999.0 -9999.0 0.170977 0.169057 0.168203 0.167944 0.171879 0.175254 0.175850 0.173816 0.175172 0.170953 0.167339 0.169521 0.173078 0.176460 0.181608 0.185422 0.182166 0.181372 0.183270 0.189718 0.192850 0.191633 0.184613 0.191376 0.195277 0.197771 0.197430 0.194181 0.198903 0.204460 0.201769 0.195907 0.197114 0.200590 0.205998 0.202518 0.184083 0.181480 0.182062 0.182032 0.179552 0.177959 0.184314 0.183727 0.182487 0.180669 0.176278 0.169937 0.167308 0.173489 0.179791 0.192117 -9999.0 -9999.0 -9999.0 -9999.0 -9999.0 -9999.0 -9999.0 -9999.0 -9999.0 -9999.0 -9999.0 -9999.0 -9999.0 -9999.0
-9999.0 -9999.0 -9999.0 -9999.0 -9999.0 -9999.0 -9999.0 -9999.0 -9999.0 0.166854 0.166495 0.167090 0.166054 0.167829 0.165395 0.166102 0.165844 0.168555 0.171162 0.175304 0.180368 0.177066 0.176669 0.179157 0.179657 0.181047 0.183896 0.192848 0.203550 0.219066 0.206570 0.205942 0.213212 0.238376 0.261147 0.267752 0.256340 0.256655 0.271271 0.287880 0.287759 0.286413 0.303463 0.313148 0.318953 0.305159 0.290432 0.288134 0.307246 0.272393 0.237789 0.210222 0.211521 0.201309 0.190157 0.185783 0.184587 0.191864 0.188719 0.181308 0.175333 0.176246 0.173241 0.176295 0.179036 0.188574 0.197574 0.206100 0.206495 0.201194 -9999.0 -9999.0 -9999.0 -9999.0 -9999.0 -9999.0 -9999.0 -9999.0 -9999.0 -9999.0
-9999.0 -9999.0 -9999.0 -9999.0 -9999.0 -9999.0 0.162568 0.162518 0.163743 0.160936 0.163409 0.162119 0.164014 0.165086 0.166583 0.167046 0.170483 0.173888 0.179550 0.187163 0.194204 0.191225 0.193151 0.202982 0.221577 0.238832 0.250213 0.270258 0.324806 0.351754 0.358399 0.361025 0.363687 0.366580 0.369124 0.369880 0.369013 0.368302 0.368856 0.369672 0.369989 0.369991 0.369994 0.369996 0.370000 0.369999 0.369731 0.369301 0.369112 0.368878 0.367068 0.362850 0.346026 0.311772 0.260045 0.230037 0.225354 0.230846 0.217853 0.200384 0.189836 0.189194 0.186940 0.183543 0.185228 0.189347 0.195440 0.199150 0.196199 0.191941 0.188341 0.182240 0.183068 0.188915 -9999.0 -9999.0 -9999.0 -9999.0 -9999.0 -9999.0
-9999.0 -9999.0 -9999.0 -9999.0 0.157489 0.158945 0.154873 0.157369 0.159524 0.161361 0.161933 0.165044 0.166350 0.168885 0.173950 0.178389 0.185920 0.192199 0.208127 0.239459 0.269232 0.286751 0.297508 0.345184 0.363984 0.367330 0.368023 0.368884 0.369753 0.370000 0.370000 0.370000 0.370000 0.370000 0.370000 0.370000 0.370000 0.370000 0.370000 0.370000 0.370000 0.370000 0.370000 0.370000 0.370000 0.370000 0.370000 0.370000 0.370000 0.370000 0.370000 0.370000 0.369934 0.369678 0.369287 0.368116 0.364232 0.360221 0.331742 0.290908 0.249179 0.234078 0.219263 0.210966 0.200866 0.202481 0.204982 0.199667 0.192521 0.185867 0.184468 0.181497 0.178793 0.186044 0.189169 0.197480 -9999.0 -9999.0 -9999.0 -9999.0
-9999.0 -9999.0 0.156629 0.157224 0.161543 0.159434 0.158068 0.156244 0.157435 0.161854 0.170537 0.175336 0.182089 0.186391 0.201844 0.238880 0.281290 0.314981 0.354317 0.365373 0.368392 0.369463 0.369979 0.369998 0.370000 0.370000 0.370000 0.370000 0.370000 0.370000 0.370000 0.370000 0.370000 0.370000 0.370000 0.370000 0.370000 0.370000 0.370000 0.370000 0.370000 0.370000 0.370000 0.370000 0.370000 0.370000 0.370000 0.370000 0.370000 0.370000 0.370000 0.370000 0.370000 0.370000 0.370000 0.370000 0.370000 0.369955 0.369821 0.369313 0.366478 0.362456 0.343636 0.302814 0.264042 0.245045 0.224802 0.211472 0.199119 0.188167 0.184457 0.182094 0.183104 0.182431 0.186402 0.189711 0.194172 0.196045 -9999.0 -9999.0
-9999.0 0.154700 0.154042 0.161768 0.164265 0.166565 0.169235 0.171567 0.174261 0.172511 0.197257 0.244314 0.291717 0.310178 0.349335 0.366983 0.369980 0.369998 0.369999 0.370000 0.370000 0.370000 0.370000 0.370000 0.370000 0.370000 0.370000 0.370000 0.370000 0.370000 0.370000 0.370000 0.370000 0.370000 0.370000 0.370000 0.370000 0.370000 0.370000 0.370000 0.370000 0.370000 0.370000 0.370000 0.370000 0.370000 0.370000 0.370000 0.370000 0.370000 0.370000 0.370000 0.370000 0.370000 0.370000 0.370000 0.370000 0.370000 0.370000 0.370000 0.369999 0.369937 0.369522 0.367584 0.363223 0.341190 0.291967 0.255265 0.225472 0.213139 0.205176 0.190539 0.186387 0.188875 0.186977 0.186717 0.188509 0.189993 -9999.0 -9999.0
-9999.0 0.148283 0.154802 0.164036 0.177119 0.181241 0.221257 0.259427 0.271970 0.255535 0.332571 0.369981 0.370000 0.370000 0.370000 0.370000 0.370000 0.370000 0.370000 0.370000 0.370000 0.370000 0.370000 0.370000 0.370000 0.370000 0.370000 0.370000 0.370000 0.370000 0.370000 0.370000 0.370000 0.370000 0.370000 0.370000 0.370000 0.369976 0.369828 0.369514 0.369272 0.369600 0.369443 0.369067 0.368972 0.369476 0.369838 0.369803 0.369851 0.369949 0.369996 0.370000 0.370000 0.370000 0.370000 0.370000 0.370000 0.370000 0.370000 0.370000 0.370000 0.370000 0.370000 0.369997 0.369846 0.368365 0.365315 0.360410 0.329519 0.292468 0.259910 0.230672 0.208765 0.202983 0.192269 0.189626 -9999.0 -9999.0 -9999.0 -9999.0
-9999.0 0.147401 0.153913 0.171011 0.219547 0.284327 0.363738 0.369768 0.370000 0.370000 0.370000 0.370000 0.370000 0.370000 0.370000 0.370000 0.370000 0.370000 0.370000 0.370000 0.370000 0.370000 0.370000 0.370000 0.370000 0.370000 0.370000 0.370000 0.370000 0.369996 0.369978 0.369947 0.369780 0.367812 0.365905 0.363821 0.348518 0.341301 0.332167 0.309778 0.296889 0.288160 0.299536 0.297157 0.296358 0.303087 0.319429 0.331618 0.354402 0.363051 0.366153 0.368598 0.369442 0.369888 0.369992 0.370000 0.370000 0.370000 0.370000 0.370000 0.370000 0.370000 0.370000 0.370000 0.370000 0.369996 0.369938 0.369392 0.367436 0.364375 0.360484 0.339745 0.285912 0.235404 0.220291 -9999.0 -9999.0 -9999.0 -9999.0 -9999.0
-9999.0 0.138754 0.153060 0.167284 0.246088 0.364969 0.369503 0.370000 0.370000 0.370000 0.370000 0.370000 0.370000 0.370000 0.370000 0.370000 0.370000 0.370000 0.370000 0.370000 0.369999 0.369997 0.369996 0.369990 0.369962 0.369906 0.369827 0.369628 0.368407 0.366374 0.360225 0.350570 0.303671 0.259902 0.236359 0.216003 0.197322 0.197568 0.203297 0.198095 0.192316 0.186747 0.193718 0.197294 0.200452 0.196790 0.198286 0.208486 0.225804 0.244293 0.272117 0.310398 0.343417 0.362533 0.365453 0.368274 0.369479 0.369915 0.369999 0.370000 0.370000 0.370000 0.370000 0.370000 0.370000 0.370000 0.370000 0.369999 0.369845 0.369330 0.368723 0.367427 0.364076 -9999.0 -9999.0 -9999.0 -9999.0 -9999.0 -9999.0 -9999.0
-9999.0 0.134549 0.148728 0.152078 0.176766 0.237967 0.329537 0.365342 0.369959 0.368323 0.367713 0.368648 0.369331 0.369647 0.369299 0.368453 0.367543 0.367750 0.367835 0.366745 0.364896 0.363880 0.363769 0.362494 0.354378 0.345812 0.338977 0.323251 0.295720 0.262029 0.220560 0.199207 0.184729 0.179366 0.175489 0.171590 0.165417 0.168505 0.171118 0.170451 0.168495 0.167188 0.171890 0.173900 0.175482 0.171533 0.174636 0.177982 0.185113 0.192942 0.204201 0.220753 0.241754 0.256957 0.268045 0.289833 0.323940 0.358549 0.367013 0.369778 0.369994 0.370000 0.370000 0.370000 0.370000 0.370000 0.370000 0.370000 0.369962 0.369862 0.369790 -9999.0 -9999.0 -9999.0 -9999.0 -9999.0 -9999.0 -9999.0 -9999.0 -9999.0
-9999.0 -9999.0 0.131612 0.137200 0.142409 0.149178 0.159742 0.174152 0.187319 0.205369 0.232126 0.262527 0.282577 0.291773 0.279704 0.255666 0.241821 0.242521 0.238698 0.231427 0.219161 0.214820 0.211738 0.209236 0.203975 0.201714 0.200642 0.198360 0.193562 0.183729 0.175325 0.169469 0.163675 0.163278 0.162166 0.160313 0.161507 0.161164 0.161687 0.161512 0.161982 0.162910 0.164173 0.165829 0.166120 0.166636 0.167377 0.169331 0.172404 0.176703 0.184603 0.196129 0.205330 0.207746 0.203454 0.204825 0.211313 0.227522 0.276710 0.344458 0.365127 0.368830 0.369894 0.369991 0.369999 0.370000 0.370000 0.369999 0.369459 0.369627 -9999.0 -9999.0 -9999.0 -9999.0 -9999.0 -9999.0 -9999.0 -9999.0 -9999.0 -9999.0
-9999.0 -9999.0 -9999.0 -9999.0 0.129236 0.137047 0.144677 0.144354 0.150909 0.155849 0.160980 0.167196 0.172607 0.175906 0.172520 0.171664 0.170771 0.171055 0.170131 0.169226 0.168727 0.168031 0.167212 0.166346 0.166623 0.167394 0.167528 0.166060 0.165633 0.162950 0.162241 0.160407 0.158685 0.156954 0.157094 0.156905 0.157520 0.156803 0.157898 0.157410 0.158357 0.158905 0.160177 0.162164 0.161839 0.162985 0.163216 0.164806 0.166000 0.170729 0.178457 0.187677 0.194184 0.194096 0.186628 0.183231 0.181586 0.186535 0.195794 0.215794 0.265285 0.318590 0.359079 0.365282 0.367366 0.369183 0.369871 0.369943 -9999.0 -9999.0 -9999.0 -9999.0 -9999.0 -9999.0 -9999.0 -9999.0 -9999.0 -9999.0 -9999.0 -9999.0
-9999.0 -9999.0 -9999.0 -9999.0 -9999.0 -9999.0 0.132478 0.136503 0.135449 0.138988 0.142451 0.145386 0.149557 0.149494 0.150798 0.153879 0.153452 0.151904 0.150048 0.152683 0.153923 0.154096 0.151072 0.151813 0.152160 0.153298 0.153184 0.153564 0.151036 0.153867 0.155198 0.154455 0.153729 0.154130 0.153465 0.155257 0.155472 0.153998 0.153604 0.155809 0.156577 0.156439 0.157077 0.158869 0.161350 0.161897 0.161008 0.159856 0.162698 0.169310 0.177446 0.185153 0.190352 0.191849 0.185283 0.176906 0.172833 0.172556 0.176414 0.184015 0.201575 0.214957 0.226415 0.239487 0.256029 0.324673 -9999.0 -9999.0 -9999.0 -9999.0 -9999.0 -9999.0 -9999.0 -9999.0 -9999.0 -9999.0 -9999.0 -9999.0 -9999.0 -9999.0
-9999.0 -9999.0 -9999.0 -9999.0 -9999.0 -9999.0 -9999.0 -9999.0 -9999.0 -9999.0 -9999.0 -9999.0 -9999.0 -9999.0 -9999.0 -9999.0 -9999.0 -9999.0 -9999.0 -9999.0 -9999.0 -9999.0 -9999.0 -9999.0 -9999.0 -9999.0 -9999.0 -9999.0 -9999.0 -9999.0 -9999.0 -9999.0 -9999.0 -9999.0 -9999.0 -9999.0 -9999.0 -9999.0 -9999.0 -9999.0 -9999.0 -9999.0 -9999.0 -9999.0 -9999.0 -9999.0 -9999.0 -9999.0 -9999.0 -9999.0 -9999.0 -9999.0 -9999.0 -9999.0 -9999.0 -9999.0 -9999.0 -9999.0 -9999.0 -9999.0 -9999.0 -9999.0 -9999.0 -9999.0 -9999.0 -9999.0 -9999.0 -9999.0 -9999.0 -9999.0 -9999.0 -9999.0 -9999.0 -9999.0 -9999.0 -9999.0 -9999.0 -9999.0 -9999.0 -9999.0
-9999.0 -9999.0 -9999.0 -9999.0 -9999.0 -9999.0 -9999.0 -9999.0 -9999.0 -9999.0 -9999.0 -9999.0 -9999.0 -9999.0 -9999.0 -9999.0 -9999.0 -9999.0 -9999.0 -9999.0 -9999.0 -9999.0 -9999.0 -9999.0 -9999.0 -9999.0 -9999.0 -9999.0 -9999.0 -9999.0 -9999.0 -9999.0 -9999.0 -9999.0 -9999.0 -9999.0 -9999.0 -9999.0 -9999.0 -9999.0 -9999.0 -9999.0 -9999.0 -9999.0 -9999.0 -9999.0 -9999.0 -9999.0 -9999.0 -9999.0 -9999.0 -9999.0 -9999.0 -9999.0 -9999.0 -9999.0 -9999.0 -9999.0 -9999.0 -9999.0 -9999.0 -9999.0 -9999.0 -9999.0 -9999.0 -9999.0 -9999.0 -9999.0 -9999.0 -9999.0 -9999.0 -9999.0 -9999.0 -9999.0 -9999.0 -9999.0 -9999.0 -9999.0 -9999.0 -9999.0