Borden_/Borden1m_014/output_maps/thetaliqL0006N0039.asc
ncols         80
nrows         18
xllcorner     620200.000000
yllcorner     5168000.000000
cellsize      1.000000
NODATA_value  -9999.0
-9999.0 -9999.0 -9999.0 -9999.0 -9999.0 -9999.0 -9999.0 -9999.0 -9999.0 -9999.0 -9999.0 -9999.0 -9999.0 -9999.0 -9999.0 -9999.0 -9999.0 -9999.0 -9999.0 -9999.0 -9999.0 -9999.0 -9999.0 -9999.0 -9999.0 -9999.0 -9999.0 -9999.0 -9999.0 -9999.0 -9999.0 -9999.0 -9999.0 -9999.0 -9999.0 -9999.0 -9999.0 -9999.0 -9999.0 -9999.0 -9999.0 -9999.0 -9999.0 -9999.0 -9999.0 -9999.0 -9999.0 -9999.0 -9999.0 -9999.0 -9999.0 -9999.0 -9999.0 -9999.0 -9999.0 -9999.0 -9999.0 -9999.0 -9999.0 -9999.0 -9999.0 -9999.0 -9999.0 -9999.0 -9999.0 -9999.0 -9999.0 -9999.0 -9999.0 -9999.0 -9999.0 -9999.0 -9999.0 -9999.0 -9999.0 -9999.0 -9999.0 -9999.0 -9999.0 -9999.0
-9999.0 -9999.0 -9999.0 -9999.0 -9999.0 -9999.0 -9999.0 -9999.0 -9999.0 -9999.0 -9999.0 -9999.0 -9999.0 -9999.0 -9999.0 -9999.0 -9999.0 -9999.0 -9999.0 -9999.0 -9999.0 -9999.0 -9999.0 -9999.0 -9999.0 -9999.0 -9999.0 -9999.0 -9999.0 -9999.0 -9999.0 -9999.0 -9999.0 -9999.0 -9999.0 -9999.0 -9999.0 -9999.0 -9999.0 -9999.0 -9999.0 -9999.0 -9999.0 -9999.0 -9999.0 -9999.0 -9999.0 -9999.0 -9999.0 -9999.0 -9999.0 -9999.0 -9999.0 -9999.0 -9999.0 -9999.0 -9999.0 -9999.0 -9999.0 -9999.0 -9999.0 -9999.0 -9999.0 -9999.0 -9999.0 -9999.0 -9999.0 -9999.0 -9999.0 -9999.0 -9999.0 -9999.0 -9999.0 -9999.0 -9999.0 -9999.0 -9999.0 -9999.0 -9999.0 -9999.0
-9999.0 -9999.0 -9999.0 -9999.0 -9999.0 -9999.0 -9999.0 -9999.0 -9999.0 -9999.0 -9999.0 -9999.0 -9999.0 -9999.0 -9999.0 -9999.0 -9999.0 -9999.0 -9999.0 -9999.0 0.154552 0.156246 0.144594 0.129996 0.119937 0.120387 0.132858 0.151296 0.172413 0.179103 0.167614 0.168211 0.164968 0.165003 0.166867 0.170347 0.171726 0.179215 0.184987 0.184901 0.180739 0.176866 0.175771 0.178195 0.181445 0.175945 0.184861 0.195796 0.200768 0.196916 0.177855 0.167891 0.163318 0.155530 0.169760 0.177985 0.193979 0.197336 0.196800 0.178327 0.160263 -9999.0 -9999.0 -9999.0 -9999.0 -9999.0 -9999.0 -9999.0 -9999.0 -9999.0 -9999.0 -9999.0 -9999.0 -9999.0 -9999.0 -9999.0 -9999.0 -9999.0 -9999.0 -9999.0
-9999.0 -9999.0 -9999.0 -9999.0 -9999.0 -9999.0 -9999.0 -9999.0 -9999.0 -9999.0 -9999.0 -9999.0 -9999.0 -9999.0 0.118105 0.114947 0.113949 0.116253 0.127206 0.138997 0.144683 0.140992 0.140818 0.130793 0.123333 0.128210 0.139896 0.154935 0.174672 0.188495 0.179463 0.177533 0.184884 0.206134 0.218913 0.217057 0.199828 0.217445 0.231601 0.240772 0.240288 0.233078 0.246780 0.261659 0.255913 0.239845 0.241431 0.251072 0.264389 0.249602 0.195323 0.179656 0.177861 0.173771 0.165921 0.162217 0.177498 0.178519 0.173527 0.163069 0.146390 0.127891 0.121854 0.136387 0.158109 0.195344 -9999.0 -9999.0 -9999.0 -9999.0 -9999.0 -9999.0 -9999.0 -9999.0 -9999.0 -9999.0 -9999.0 -9999.0 -9999.0 -9999.0
-9999.0 -9999.0 -9999.0 -9999.0 -9999.0 -9999.0 -9999.0 -9999.0 -9999.0 0.103866 0.104500 0.105971 0.106209 0.109853 0.109322 0.110942 0.112962 0.120424 0.131203 0.146237 0.161226 0.155311 0.155246 0.162232 0.166921 0.175288 0.189396 0.221197 0.259824 0.297632 0.274791 0.273957 0.292442 0.333009 0.354238 0.358113 0.351422 0.352416 0.360842 0.365676 0.366210 0.366242 0.368184 0.368804 0.369025 0.368209 0.366405 0.365875 0.367840 0.360900 0.331470 0.285235 0.281937 0.251922 0.214169 0.195352 0.192842 0.209872 0.198150 0.172567 0.151894 0.147650 0.140214 0.147954 0.160147 0.190262 0.219506 0.243473 0.244236 0.230107 -9999.0 -9999.0 -9999.0 -9999.0 -9999.0 -9999.0 -9999.0 -9999.0 -9999.0 -9999.0
-9999.0 -9999.0 -9999.0 -9999.0 -9999.0 -9999.0 0.090841 0.091919 0.094680 0.095469 0.099499 0.100802 0.104910 0.109288 0.114452 0.119342 0.129963 0.143441 0.165336 0.195119 0.221272 0.218872 0.228235 0.261199 0.303168 0.330447 0.345654 0.360705 0.369059 0.369860 0.369940 0.369959 0.369976 0.369998 0.370000 0.370000 0.370000 0.370000 0.370000 0.370000 0.370000 0.370000 0.370000 0.370000 0.370000 0.370000 0.370000 0.370000 0.370000 0.370000 0.369999 0.369966 0.369710 0.368258 0.354350 0.318994 0.313908 0.322274 0.295681 0.247586 0.210029 0.201290 0.190471 0.180564 0.184201 0.198273 0.216767 0.226429 0.217068 0.201885 0.185818 0.167730 0.168978 0.185593 -9999.0 -9999.0 -9999.0 -9999.0 -9999.0 -9999.0
-9999.0 -9999.0 -9999.0 -9999.0 0.085314 0.086500 0.085289 0.087613 0.091380 0.096123 0.101852 0.110152 0.117404 0.126972 0.144344 0.165409 0.195892 0.224757 0.275817 0.333833 0.359313 0.365374 0.367544 0.369723 0.369984 0.370000 0.370000 0.370000 0.370000 0.370000 0.370000 0.370000 0.370000 0.370000 0.370000 0.370000 0.370000 0.370000 0.370000 0.370000 0.370000 0.370000 0.370000 0.370000 0.370000 0.370000 0.370000 0.370000 0.370000 0.370000 0.370000 0.370000 0.370000 0.370000 0.370000 0.370000 0.369983 0.369934 0.369291 0.365901 0.346164 0.327710 0.300335 0.275640 0.246622 0.245958 0.248006 0.231729 0.208108 0.185528 0.176200 0.165236 0.159881 0.178158 0.190356 0.213833 -9999.0 -9999.0 -9999.0 -9999.0
-9999.0 -9999.0 0.080723 0.084653 0.090654 0.091655 0.091923 0.092447 0.096332 0.105889 0.129247 0.153560 0.182066 0.204445 0.257471 0.332063 0.364286 0.368763 0.369872 0.369995 0.370000 0.370000 0.370000 0.370000 0.370000 0.370000 0.370000 0.370000 0.370000 0.370000 0.370000 0.370000 0.370000 0.370000 0.370000 0.370000 0.370000 0.370000 0.370000 0.370000 0.370000 0.370000 0.370000 0.370000 0.370000 0.370000 0.370000 0.370000 0.370000 0.370000 0.370000 0.370000 0.370000 0.370000 0.370000 0.370000 0.370000 0.370000 0.370000 0.370000 0.369998 0.369959 0.369608 0.367554 0.357978 0.341531 0.307464 0.272301 0.233745 0.198758 0.182933 0.171573 0.170774 0.171675 0.182340 0.193524 0.205194 0.211332 -9999.0 -9999.0
-9999.0 0.075692 0.079145 0.090405 0.103108 0.113712 0.127071 0.139570 0.150697 0.156703 0.237747 0.335154 0.366013 0.368463 0.369794 0.369999 0.370000 0.370000 0.370000 0.370000 0.370000 0.370000 0.370000 0.370000 0.370000 0.370000 0.370000 0.370000 0.370000 0.370000 0.370000 0.370000 0.370000 0.370000 0.370000 0.370000 0.370000 0.370000 0.370000 0.370000 0.370000 0.370000 0.370000 0.370000 0.370000 0.370000 0.370000 0.370000 0.370000 0.370000 0.370000 0.370000 0.370000 0.370000 0.370000 0.370000 0.370000 0.370000 0.370000 0.370000 0.370000 0.370000 0.370000 0.370000 0.369975 0.369512 0.366143 0.351454 0.310869 0.277930 0.250750 0.207800 0.190693 0.192368 0.186271 0.184991 0.189954 0.194694 -9999.0 -9999.0
-9999.0 0.073390 0.079314 0.099811 0.144816 0.181072 0.284335 0.346696 0.358496 0.351460 0.369269 0.370000 0.370000 0.370000 0.370000 0.370000 0.370000 0.370000 0.370000 0.370000 0.370000 0.370000 0.370000 0.370000 0.370000 0.370000 0.370000 0.370000 0.370000 0.370000 0.370000 0.370000 0.370000 0.370000 0.370000 0.370000 0.370000 0.370000 0.370000 0.370000 0.370000 0.370000 0.370000 0.370000 0.370000 0.370000 0.370000 0.370000 0.370000 0.370000 0.370000 0.370000 0.370000 0.370000 0.370000 0.370000 0.370000 0.370000 0.370000 0.370000 0.370000 0.370000 0.370000 0.370000 0.370000 0.370000 0.369990 0.369871 0.368686 0.364790 0.351598 0.315951 0.265940 0.240577 0.208957 0.193442 -9999.0 -9999.0 -9999.0 -9999.0
-9999.0 0.071967 0.078617 0.116361 0.272633 0.360205 0.369977 0.370000 0.370000 0.370000 0.370000 0.370000 0.370000 0.370000 0.370000 0.370000 0.370000 0.370000 0.370000 0.370000 0.370000 0.370000 0.370000 0.370000 0.370000 0.370000 0.370000 0.370000 0.370000 0.370000 0.370000 0.370000 0.370000 0.370000 0.369996 0.369977 0.369748 0.369582 0.369292 0.368176 0.366871 0.365456 0.367089 0.366939 0.366926 0.367640 0.368764 0.369317 0.369859 0.369971 0.369998 0.370000 0.370000 0.370000 0.370000 0.370000 0.370000 0.370000 0.370000 0.370000 0.370000 0.370000 0.370000 0.370000 0.370000 0.370000 0.370000 0.370000 0.369997 0.369960 0.369824 0.369047 0.363185 0.317250 0.282612 -9999.0 -9999.0 -9999.0 -9999.0 -9999.0
-9999.0 0.069812 0.075403 0.106469 0.313924 0.369989 0.370000 0.370000 0.370000 0.370000 0.370000 0.370000 0.370000 0.370000 0.370000 0.370000 0.370000 0.370000 0.370000 0.370000 0.370000 0.370000 0.370000 0.370000 0.370000 0.370000 0.370000 0.370000 0.370000 0.369998 0.369917 0.369764 0.367426 0.353994 0.327874 0.289465 0.242282 0.239335 0.251437 0.235856 0.217069 0.202084 0.221921 0.233889 0.242674 0.235084 0.243085 0.273239 0.313962 0.342743 0.361757 0.368354 0.369677 0.369966 0.369995 0.370000 0.370000 0.370000 0.370000 0.370000 0.370000 0.370000 0.370000 0.370000 0.370000 0.370000 0.370000 0.370000 0.370000 0.370000 0.370000 0.369997 0.369962 -9999.0 -9999.0 -9999.0 -9999.0 -9999.0 -9999.0 -9999.0
-9999.0 0.068748 0.071178 0.079587 0.135082 0.306017 0.368271 0.369984 0.370000 0.370000 0.370000 0.370000 0.370000 0.370000 0.370000 0.370000 0.370000 0.370000 0.370000 0.369998 0.369985 0.369969 0.369968 0.369954 0.369848 0.369686 0.369493 0.368860 0.366411 0.354532 0.302613 0.244336 0.193336 0.167884 0.150470 0.134953 0.120301 0.123932 0.129473 0.127582 0.122961 0.121229 0.131897 0.139366 0.143833 0.137513 0.145633 0.159420 0.185261 0.215819 0.255661 0.301716 0.338985 0.354389 0.360476 0.366263 0.369067 0.369909 0.370000 0.370000 0.370000 0.370000 0.370000 0.370000 0.370000 0.370000 0.370000 0.370000 0.370000 0.370000 0.370000 -9999.0 -9999.0 -9999.0 -9999.0 -9999.0 -9999.0 -9999.0 -9999.0 -9999.0
-9999.0 -9999.0 0.068728 0.070469 0.073899 0.083920 0.106712 0.139173 0.175584 0.235309 0.307129 0.351064 0.362563 0.365091 0.361937 0.348104 0.332783 0.332644 0.326764 0.315507 0.294284 0.285363 0.277467 0.270419 0.257038 0.249442 0.244311 0.234255 0.214588 0.179347 0.147625 0.125587 0.109302 0.103697 0.099418 0.095503 0.094872 0.094721 0.095864 0.096028 0.096804 0.098760 0.102761 0.107356 0.109543 0.111115 0.114426 0.121466 0.133319 0.151439 0.181439 0.221707 0.252714 0.262700 0.255004 0.261516 0.282909 0.322181 0.363275 0.369626 0.369995 0.370000 0.370000 0.370000 0.370000 0.370000 0.370000 0.370000 0.369998 0.370000 -9999.0 -9999.0 -9999.0 -9999.0 -9999.0 -9999.0 -9999.0 -9999.0 -9999.0 -9999.0
-9999.0 -9999.0 -9999.0 -9999.0 0.069052 0.070679 0.072360 0.074564 0.080008 0.088958 0.102774 0.122009 0.141024 0.151707 0.144750 0.140080 0.135786 0.134660 0.131369 0.128664 0.126040 0.123344 0.120031 0.117712 0.117356 0.118303 0.117790 0.114123 0.110180 0.103605 0.098777 0.093129 0.088380 0.085363 0.084197 0.083571 0.083619 0.083197 0.084036 0.084550 0.085939 0.087535 0.090347 0.094203 0.096059 0.098413 0.100150 0.104329 0.111290 0.127354 0.154319 0.187303 0.210734 0.212233 0.191280 0.179423 0.176594 0.195468 0.234466 0.298242 0.359321 0.368828 0.369913 0.369991 0.369999 0.370000 0.370000 0.370000 -9999.0 -9999.0 -9999.0 -9999.0 -9999.0 -9999.0 -9999.0 -9999.0 -9999.0 -9999.0 -9999.0 -9999.0
-9999.0 -9999.0 -9999.0 -9999.0 -9999.0 -9999.0 0.068691 0.069329 0.070208 0.072044 0.074934 0.078884 0.083888 0.085908 0.087367 0.089752 0.089102 0.087279 0.085701 0.087326 0.088230 0.087758 0.085089 0.084941 0.085229 0.086179 0.086102 0.085541 0.083342 0.083963 0.083799 0.081978 0.080182 0.079298 0.078641 0.079237 0.079301 0.078593 0.078757 0.080334 0.081677 0.082695 0.084616 0.087937 0.091845 0.093791 0.093870 0.094758 0.102125 0.119866 0.147122 0.176020 0.195713 0.199941 0.178767 0.153472 0.141805 0.143789 0.160353 0.193631 0.256101 0.299808 0.326741 0.343312 0.357050 0.369086 -9999.0 -9999.0 -9999.0 -9999.0 -9999.0 -9999.0 -9999.0 -9999.0 -9999.0 -9999.0 -9999.0 -9999.0 -9999.0 -9999.0
-9999.0 -9999.0 -9999.0 -9999.0 -9999.0 -9999.0 -9999.0 -9999.0 -9999.0 -9999.0 -9999.0 -9999.0 -9999.0 -9999.0 -9999.0 -9999.0 -9999.0 -9999.0 -9999.0 -9999.0 -9999.0 -9999.0 -9999.0 -9999.0 -9999.0 -9999.0 -9999.0 -9999.0 -9999.0 -9999.0 -9999.0 -9999.0 -9999.0 -9999.0 -9999.0 -9999.0 -9999.0 -9999.0 -9999.0 -9999.0 -9999.0 -9999.0 -9999.0 -9999.0 -9999.0 -9999.0 -9999.0 -9999.0 -9999.0 -9999.0 -9999.0 -9999.0 -9999.0 -9999.0 -9999.0 -9999.0 -9999.0 -9999.0 -9999.0 -9999.0 -9999.0 -9999.0 -9999.0 -9999.0 -9999.0 -9999.0 -9999.0 -9999.0 -9999.0 -9999.0 -9999.0 -9999.0 -9999.0 -9999.0 -9999.0 -9999.0 -9999.0 -9999.0 -9999.0 -9999.0
-9999.0 -9999.0 -9999.0 -9999.0 -9999.0 -9999.0 -9999.0 -9999.0 -9999.0 -9999.0 -9999.0 -9999.0 -9999.0 -9999.0 -9999.0 -9999.0 -9999.0 -9999.0 -9999.0 -9999.0 -9999.0 -9999.0 -9999.0 -9999.0 -9999.0 -9999.0 -9999.0 -9999.0 -9999.0 -9999.0 -9999.0 -9999.0 -9999.0 -9999.0 -9999.0 -9999.0 -9999.0 -9999.0 -9999.0 -9999.0 -9999.0 -9999.0 -9999.0 -9999.0 -9999.0 -9999.0 -9999.0 -9999.0 -9999.0 -9999.0 -9999.0 -9999.0 -9999.0 -9999.0 -9999.0 -9999.0 -9999.0 -9999.0 -9999.0 -9999.0 -9999.0 -9999.0 -9999.0 -9999.0 -9999.0 -9999.0 -9999.0 -9999.0 -9999.0 -9999.0 -9999.0 -9999.0 -9999.0 -9999.0 -9999.0 -9999.0 -9999.0 -9999.0 -9999.0 -9999.0