Borden_/Borden1m_014/output_maps/thetaliqL0007N0033.asc
ncols         80
nrows         18
xllcorner     620200.000000
yllcorner     5168000.000000
cellsize      1.000000
NODATA_value  -9999.0
-9999.0 -9999.0 -9999.0 -9999.0 -9999.0 -9999.0 -9999.0 -9999.0 -9999.0 -9999.0 -9999.0 -9999.0 -9999.0 -9999.0 -9999.0 -9999.0 -9999.0 -9999.0 -9999.0 -9999.0 -9999.0 -9999.0 -9999.0 -9999.0 -9999.0 -9999.0 -9999.0 -9999.0 -9999.0 -9999.0 -9999.0 -9999.0 -9999.0 -9999.0 -9999.0 -9999.0 -9999.0 -9999.0 -9999.0 -9999.0 -9999.0 -9999.0 -9999.0 -9999.0 -9999.0 -9999.0 -9999.0 -9999.0 -9999.0 -9999.0 -9999.0 -9999.0 -9999.0 -9999.0 -9999.0 -9999.0 -9999.0 -9999.0 -9999.0 -9999.0 -9999.0 -9999.0 -9999.0 -9999.0 -9999.0 -9999.0 -9999.0 -9999.0 -9999.0 -9999.0 -9999.0 -9999.0 -9999.0 -9999.0 -9999.0 -9999.0 -9999.0 -9999.0 -9999.0 -9999.0
-9999.0 -9999.0 -9999.0 -9999.0 -9999.0 -9999.0 -9999.0 -9999.0 -9999.0 -9999.0 -9999.0 -9999.0 -9999.0 -9999.0 -9999.0 -9999.0 -9999.0 -9999.0 -9999.0 -9999.0 -9999.0 -9999.0 -9999.0 -9999.0 -9999.0 -9999.0 -9999.0 -9999.0 -9999.0 -9999.0 -9999.0 -9999.0 -9999.0 -9999.0 -9999.0 -9999.0 -9999.0 -9999.0 -9999.0 -9999.0 -9999.0 -9999.0 -9999.0 -9999.0 -9999.0 -9999.0 -9999.0 -9999.0 -9999.0 -9999.0 -9999.0 -9999.0 -9999.0 -9999.0 -9999.0 -9999.0 -9999.0 -9999.0 -9999.0 -9999.0 -9999.0 -9999.0 -9999.0 -9999.0 -9999.0 -9999.0 -9999.0 -9999.0 -9999.0 -9999.0 -9999.0 -9999.0 -9999.0 -9999.0 -9999.0 -9999.0 -9999.0 -9999.0 -9999.0 -9999.0
-9999.0 -9999.0 -9999.0 -9999.0 -9999.0 -9999.0 -9999.0 -9999.0 -9999.0 -9999.0 -9999.0 -9999.0 -9999.0 -9999.0 -9999.0 -9999.0 -9999.0 -9999.0 -9999.0 -9999.0 0.281440 0.283813 0.265702 0.237912 0.215178 0.216449 0.244292 0.277274 0.305117 0.312169 0.299853 0.300725 0.297023 0.297121 0.299455 0.303636 0.305341 0.313138 0.318578 0.318548 0.314760 0.311036 0.310127 0.312570 0.315711 0.310088 0.318599 0.327487 0.330949 0.328074 0.311473 0.300483 0.294645 0.283909 0.302017 0.310713 0.324856 0.327345 0.326806 0.310606 0.289459 -9999.0 -9999.0 -9999.0 -9999.0 -9999.0 -9999.0 -9999.0 -9999.0 -9999.0 -9999.0 -9999.0 -9999.0 -9999.0 -9999.0 -9999.0 -9999.0 -9999.0 -9999.0 -9999.0
-9999.0 -9999.0 -9999.0 -9999.0 -9999.0 -9999.0 -9999.0 -9999.0 -9999.0 -9999.0 -9999.0 -9999.0 -9999.0 -9999.0 0.209879 0.202062 0.199611 0.205691 0.231784 0.255900 0.266108 0.259782 0.259528 0.240167 0.223849 0.234989 0.258634 0.283505 0.308311 0.321509 0.313588 0.311863 0.318887 0.334763 0.341979 0.341044 0.330727 0.341481 0.348129 0.351697 0.351591 0.348877 0.353866 0.358202 0.356643 0.351425 0.352027 0.355206 0.358754 0.354583 0.327421 0.313993 0.311820 0.307297 0.298030 0.293240 0.310604 0.311471 0.306129 0.293593 0.268951 0.233415 0.219517 0.250609 0.286319 0.325319 -9999.0 -9999.0 -9999.0 -9999.0 -9999.0 -9999.0 -9999.0 -9999.0 -9999.0 -9999.0 -9999.0 -9999.0 -9999.0 -9999.0
-9999.0 -9999.0 -9999.0 -9999.0 -9999.0 -9999.0 -9999.0 -9999.0 -9999.0 0.171372 0.173341 0.177581 0.178428 0.188582 0.187270 0.191784 0.197259 0.216397 0.240911 0.269251 0.291617 0.283810 0.283961 0.293529 0.299281 0.308728 0.322166 0.343049 0.357516 0.365061 0.361190 0.361045 0.364375 0.368652 0.369720 0.369839 0.369614 0.369662 0.369911 0.369985 0.369989 0.369990 0.369999 0.370000 0.370000 0.369999 0.369991 0.369988 0.369998 0.369912 0.368514 0.363109 0.362521 0.355240 0.339486 0.327367 0.325313 0.336666 0.328780 0.305638 0.278610 0.271449 0.258376 0.271604 0.289502 0.321524 0.341044 0.351510 0.351715 0.346007 -9999.0 -9999.0 -9999.0 -9999.0 -9999.0 -9999.0 -9999.0 -9999.0 -9999.0 -9999.0
-9999.0 -9999.0 -9999.0 -9999.0 -9999.0 -9999.0 0.132389 0.135771 0.144238 0.146768 0.158940 0.162919 0.174915 0.187321 0.201431 0.214030 0.238507 0.264852 0.297318 0.326521 0.342856 0.341718 0.346454 0.357884 0.365709 0.368408 0.369359 0.369909 0.370000 0.370000 0.370000 0.370000 0.370000 0.370000 0.370000 0.370000 0.370000 0.370000 0.370000 0.370000 0.370000 0.370000 0.370000 0.370000 0.370000 0.370000 0.370000 0.370000 0.370000 0.370000 0.370000 0.370000 0.370000 0.369999 0.369721 0.367455 0.367039 0.367845 0.364794 0.353785 0.336843 0.331010 0.322606 0.313643 0.316900 0.328240 0.339782 0.344580 0.339706 0.330169 0.317304 0.298399 0.299790 0.316848 -9999.0 -9999.0 -9999.0 -9999.0 -9999.0 -9999.0
-9999.0 -9999.0 -9999.0 -9999.0 0.115615 0.119209 0.115629 0.122741 0.134335 0.148923 0.166158 0.189817 0.209155 0.232163 0.266400 0.297018 0.326649 0.344557 0.361252 0.368689 0.369874 0.369982 0.369997 0.370000 0.370000 0.370000 0.370000 0.370000 0.370000 0.370000 0.370000 0.370000 0.370000 0.370000 0.370000 0.370000 0.370000 0.370000 0.370000 0.370000 0.370000 0.370000 0.370000 0.370000 0.370000 0.370000 0.370000 0.370000 0.370000 0.370000 0.370000 0.370000 0.370000 0.370000 0.370000 0.370000 0.370000 0.370000 0.370000 0.369987 0.369403 0.368276 0.365426 0.361185 0.353388 0.353036 0.353575 0.347259 0.334676 0.317441 0.308184 0.295508 0.288399 0.309779 0.321005 0.337346 -9999.0 -9999.0 -9999.0 -9999.0
-9999.0 -9999.0 0.101736 0.113521 0.131784 0.134986 0.135783 0.137543 0.149556 0.177965 0.236509 0.280246 0.314059 0.332654 0.356670 0.368520 0.369967 0.370000 0.370000 0.370000 0.370000 0.370000 0.370000 0.370000 0.370000 0.370000 0.370000 0.370000 0.370000 0.370000 0.370000 0.370000 0.370000 0.370000 0.370000 0.370000 0.370000 0.370000 0.370000 0.370000 0.370000 0.370000 0.370000 0.370000 0.370000 0.370000 0.370000 0.370000 0.370000 0.370000 0.370000 0.370000 0.370000 0.370000 0.370000 0.370000 0.370000 0.370000 0.370000 0.370000 0.370000 0.370000 0.370000 0.369998 0.369852 0.369192 0.366314 0.360361 0.348242 0.328547 0.315205 0.303321 0.302162 0.303008 0.313928 0.323582 0.331987 0.335843 -9999.0 -9999.0
-9999.0 0.087184 0.097066 0.130686 0.168774 0.198215 0.230064 0.254479 0.273860 0.284771 0.349613 0.368602 0.369985 0.369999 0.370000 0.370000 0.370000 0.370000 0.370000 0.370000 0.370000 0.370000 0.370000 0.370000 0.370000 0.370000 0.370000 0.370000 0.370000 0.370000 0.370000 0.370000 0.370000 0.370000 0.370000 0.370000 0.370000 0.370000 0.370000 0.370000 0.370000 0.370000 0.370000 0.370000 0.370000 0.370000 0.370000 0.370000 0.370000 0.370000 0.370000 0.370000 0.370000 0.370000 0.370000 0.370000 0.370000 0.370000 0.370000 0.370000 0.370000 0.370000 0.370000 0.370000 0.370000 0.370000 0.369991 0.369639 0.366634 0.361390 0.354208 0.334485 0.321945 0.323006 0.317703 0.316395 0.320602 0.324403 -9999.0 -9999.0
-9999.0 0.081069 0.097289 0.158240 0.263920 0.311814 0.361764 0.369272 0.369810 0.369546 0.370000 0.370000 0.370000 0.370000 0.370000 0.370000 0.370000 0.370000 0.370000 0.370000 0.370000 0.370000 0.370000 0.370000 0.370000 0.370000 0.370000 0.370000 0.370000 0.370000 0.370000 0.370000 0.370000 0.370000 0.370000 0.370000 0.370000 0.370000 0.370000 0.370000 0.370000 0.370000 0.370000 0.370000 0.370000 0.370000 0.370000 0.370000 0.370000 0.370000 0.370000 0.370000 0.370000 0.370000 0.370000 0.370000 0.370000 0.370000 0.370000 0.370000 0.370000 0.370000 0.370000 0.370000 0.370000 0.370000 0.370000 0.370000 0.370000 0.369976 0.369612 0.367058 0.358514 0.350493 0.334773 0.323690 -9999.0 -9999.0 -9999.0 -9999.0
-9999.0 0.077348 0.094955 0.201194 0.359373 0.369860 0.370000 0.370000 0.370000 0.370000 0.370000 0.370000 0.370000 0.370000 0.370000 0.370000 0.370000 0.370000 0.370000 0.370000 0.370000 0.370000 0.370000 0.370000 0.370000 0.370000 0.370000 0.370000 0.370000 0.370000 0.370000 0.370000 0.370000 0.370000 0.370000 0.370000 0.370000 0.370000 0.370000 0.369999 0.369994 0.369982 0.369995 0.369995 0.369995 0.369998 0.370000 0.370000 0.370000 0.370000 0.370000 0.370000 0.370000 0.370000 0.370000 0.370000 0.370000 0.370000 0.370000 0.370000 0.370000 0.370000 0.370000 0.370000 0.370000 0.370000 0.370000 0.370000 0.370000 0.370000 0.370000 0.370000 0.369951 0.367159 0.362023 -9999.0 -9999.0 -9999.0 -9999.0 -9999.0
-9999.0 0.072315 0.085766 0.172977 0.365572 0.370000 0.370000 0.370000 0.370000 0.370000 0.370000 0.370000 0.370000 0.370000 0.370000 0.370000 0.370000 0.370000 0.370000 0.370000 0.370000 0.370000 0.370000 0.370000 0.370000 0.370000 0.370000 0.370000 0.370000 0.370000 0.370000 0.370000 0.369996 0.369707 0.368212 0.363581 0.351630 0.350448 0.354638 0.349089 0.340160 0.330963 0.342772 0.348410 0.351879 0.348966 0.352104 0.360702 0.367049 0.369260 0.369935 0.369999 0.370000 0.370000 0.370000 0.370000 0.370000 0.370000 0.370000 0.370000 0.370000 0.370000 0.370000 0.370000 0.370000 0.370000 0.370000 0.370000 0.370000 0.370000 0.370000 0.370000 0.370000 -9999.0 -9999.0 -9999.0 -9999.0 -9999.0 -9999.0 -9999.0
-9999.0 0.070095 0.075212 0.096641 0.237210 0.364459 0.369998 0.370000 0.370000 0.370000 0.370000 0.370000 0.370000 0.370000 0.370000 0.370000 0.370000 0.370000 0.370000 0.370000 0.370000 0.370000 0.370000 0.370000 0.370000 0.370000 0.370000 0.370000 0.369991 0.369727 0.365599 0.352137 0.323929 0.299203 0.275522 0.248230 0.216331 0.224656 0.236655 0.232631 0.222343 0.218439 0.242106 0.256824 0.264834 0.253719 0.268364 0.289324 0.318103 0.339975 0.356299 0.365664 0.369072 0.369754 0.369912 0.369991 0.370000 0.370000 0.370000 0.370000 0.370000 0.370000 0.370000 0.370000 0.370000 0.370000 0.370000 0.370000 0.370000 0.370000 0.370000 -9999.0 -9999.0 -9999.0 -9999.0 -9999.0 -9999.0 -9999.0 -9999.0 -9999.0
-9999.0 -9999.0 0.070064 0.073744 0.081689 0.107917 0.166081 0.241916 0.299373 0.346139 0.365526 0.369524 0.369930 0.369974 0.369919 0.369425 0.368508 0.368490 0.368013 0.366963 0.364271 0.362802 0.361231 0.359651 0.356244 0.353918 0.352099 0.348100 0.338307 0.311303 0.270938 0.228242 0.187252 0.171133 0.158467 0.146735 0.144865 0.144312 0.147730 0.148272 0.150713 0.156647 0.168435 0.181619 0.187747 0.192185 0.201007 0.218651 0.244897 0.277341 0.314385 0.342951 0.355340 0.358238 0.356222 0.358068 0.362798 0.367884 0.369959 0.370000 0.370000 0.370000 0.370000 0.370000 0.370000 0.370000 0.370000 0.370000 0.370000 0.370000 -9999.0 -9999.0 -9999.0 -9999.0 -9999.0 -9999.0 -9999.0 -9999.0 -9999.0 -9999.0
-9999.0 -9999.0 -9999.0 -9999.0 0.070725 0.074199 0.078040 0.083547 0.098190 0.124430 0.165098 0.215401 0.255693 0.273954 0.263462 0.256762 0.249251 0.246688 0.239884 0.234600 0.229250 0.222990 0.214714 0.208924 0.208083 0.210482 0.209066 0.199572 0.188747 0.170566 0.156480 0.139377 0.124851 0.115656 0.112105 0.110266 0.110390 0.109113 0.111607 0.113241 0.117477 0.122366 0.130983 0.142792 0.148549 0.155647 0.160834 0.172995 0.192484 0.231955 0.281272 0.319391 0.336649 0.337685 0.323459 0.313071 0.310489 0.327389 0.349281 0.365248 0.369888 0.370000 0.370000 0.370000 0.370000 0.370000 0.370000 0.370000 -9999.0 -9999.0 -9999.0 -9999.0 -9999.0 -9999.0 -9999.0 -9999.0 -9999.0 -9999.0 -9999.0 -9999.0
-9999.0 -9999.0 -9999.0 -9999.0 -9999.0 -9999.0 0.069974 0.071275 0.073192 0.077512 0.084951 0.095894 0.110580 0.116888 0.121615 0.129056 0.127148 0.121470 0.116561 0.121560 0.124482 0.122966 0.114751 0.114321 0.115252 0.118114 0.117868 0.116148 0.109544 0.111471 0.111022 0.105547 0.100227 0.097633 0.095741 0.097430 0.097611 0.095584 0.096052 0.100638 0.104642 0.107718 0.113526 0.123667 0.135626 0.141627 0.141928 0.144690 0.166581 0.214224 0.269672 0.308302 0.326188 0.329403 0.311646 0.280891 0.262227 0.266099 0.291704 0.326266 0.356815 0.365599 0.368323 0.369318 0.369834 0.370000 -9999.0 -9999.0 -9999.0 -9999.0 -9999.0 -9999.0 -9999.0 -9999.0 -9999.0 -9999.0 -9999.0 -9999.0 -9999.0 -9999.0
-9999.0 -9999.0 -9999.0 -9999.0 -9999.0 -9999.0 -9999.0 -9999.0 -9999.0 -9999.0 -9999.0 -9999.0 -9999.0 -9999.0 -9999.0 -9999.0 -9999.0 -9999.0 -9999.0 -9999.0 -9999.0 -9999.0 -9999.0 -9999.0 -9999.0 -9999.0 -9999.0 -9999.0 -9999.0 -9999.0 -9999.0 -9999.0 -9999.0 -9999.0 -9999.0 -9999.0 -9999.0 -9999.0 -9999.0 -9999.0 -9999.0 -9999.0 -9999.0 -9999.0 -9999.0 -9999.0 -9999.0 -9999.0 -9999.0 -9999.0 -9999.0 -9999.0 -9999.0 -9999.0 -9999.0 -9999.0 -9999.0 -9999.0 -9999.0 -9999.0 -9999.0 -9999.0 -9999.0 -9999.0 -9999.0 -9999.0 -9999.0 -9999.0 -9999.0 -9999.0 -9999.0 -9999.0 -9999.0 -9999.0 -9999.0 -9999.0 -9999.0 -9999.0 -9999.0 -9999.0
-9999.0 -9999.0 -9999.0 -9999.0 -9999.0 -9999.0 -9999.0 -9999.0 -9999.0 -9999.0 -9999.0 -9999.0 -9999.0 -9999.0 -9999.0 -9999.0 -9999.0 -9999.0 -9999.0 -9999.0 -9999.0 -9999.0 -9999.0 -9999.0 -9999.0 -9999.0 -9999.0 -9999.0 -9999.0 -9999.0 -9999.0 -9999.0 -9999.0 -9999.0 -9999.0 -9999.0 -9999.0 -9999.0 -9999.0 -9999.0 -9999.0 -9999.0 -9999.0 -9999.0 -9999.0 -9999.0 -9999.0 -9999.0 -9999.0 -9999.0 -9999.0 -9999.0 -9999.0 -9999.0 -9999.0 -9999.0 -9999.0 -9999.0 -9999.0 -9999.0 -9999.0 -9999.0 -9999.0 -9999.0 -9999.0 -9999.0 -9999.0 -9999.0 -9999.0 -9999.0 -9999.0 -9999.0 -9999.0 -9999.0 -9999.0 -9999.0 -9999.0 -9999.0 -9999.0 -9999.0