Borden_/Borden1m_014/output_maps/thetaliqL0002N0015.asc
ncols         80
nrows         18
xllcorner     620200.000000
yllcorner     5168000.000000
cellsize      1.000000
NODATA_value  -9999.0
-9999.0 -9999.0 -9999.0 -9999.0 -9999.0 -9999.0 -9999.0 -9999.0 -9999.0 -9999.0 -9999.0 -9999.0 -9999.0 -9999.0 -9999.0 -9999.0 -9999.0 -9999.0 -9999.0 -9999.0 -9999.0 -9999.0 -9999.0 -9999.0 -9999.0 -9999.0 -9999.0 -9999.0 -9999.0 -9999.0 -9999.0 -9999.0 -9999.0 -9999.0 -9999.0 -9999.0 -9999.0 -9999.0 -9999.0 -9999.0 -9999.0 -9999.0 -9999.0 -9999.0 -9999.0 -9999.0 -9999.0 -9999.0 -9999.0 -9999.0 -9999.0 -9999.0 -9999.0 -9999.0 -9999.0 -9999.0 -9999.0 -9999.0 -9999.0 -9999.0 -9999.0 -9999.0 -9999.0 -9999.0 -9999.0 -9999.0 -9999.0 -9999.0 -9999.0 -9999.0 -9999.0 -9999.0 -9999.0 -9999.0 -9999.0 -9999.0 -9999.0 -9999.0 -9999.0 -9999.0
-9999.0 -9999.0 -9999.0 -9999.0 -9999.0 -9999.0 -9999.0 -9999.0 -9999.0 -9999.0 -9999.0 -9999.0 -9999.0 -9999.0 -9999.0 -9999.0 -9999.0 -9999.0 -9999.0 -9999.0 -9999.0 -9999.0 -9999.0 -9999.0 -9999.0 -9999.0 -9999.0 -9999.0 -9999.0 -9999.0 -9999.0 -9999.0 -9999.0 -9999.0 -9999.0 -9999.0 -9999.0 -9999.0 -9999.0 -9999.0 -9999.0 -9999.0 -9999.0 -9999.0 -9999.0 -9999.0 -9999.0 -9999.0 -9999.0 -9999.0 -9999.0 -9999.0 -9999.0 -9999.0 -9999.0 -9999.0 -9999.0 -9999.0 -9999.0 -9999.0 -9999.0 -9999.0 -9999.0 -9999.0 -9999.0 -9999.0 -9999.0 -9999.0 -9999.0 -9999.0 -9999.0 -9999.0 -9999.0 -9999.0 -9999.0 -9999.0 -9999.0 -9999.0 -9999.0 -9999.0
-9999.0 -9999.0 -9999.0 -9999.0 -9999.0 -9999.0 -9999.0 -9999.0 -9999.0 -9999.0 -9999.0 -9999.0 -9999.0 -9999.0 -9999.0 -9999.0 -9999.0 -9999.0 -9999.0 -9999.0 0.266429 0.267540 0.265669 0.263633 0.261780 0.261429 0.263414 0.265476 0.267880 0.268162 0.265853 0.266604 0.265617 0.264898 0.264698 0.265344 0.265708 0.266419 0.266798 0.266425 0.265765 0.265374 0.264870 0.264889 0.265747 0.264613 0.266142 0.267466 0.267814 0.268080 0.266595 0.266128 0.265999 0.264096 0.267484 0.268167 0.270246 0.270297 0.270919 0.268615 0.266310 -9999.0 -9999.0 -9999.0 -9999.0 -9999.0 -9999.0 -9999.0 -9999.0 -9999.0 -9999.0 -9999.0 -9999.0 -9999.0 -9999.0 -9999.0 -9999.0 -9999.0 -9999.0 -9999.0
-9999.0 -9999.0 -9999.0 -9999.0 -9999.0 -9999.0 -9999.0 -9999.0 -9999.0 -9999.0 -9999.0 -9999.0 -9999.0 -9999.0 0.264032 0.262823 0.262223 0.261619 0.263409 0.264615 0.264285 0.263032 0.264281 0.262045 0.259973 0.261182 0.262600 0.263400 0.265107 0.266496 0.264973 0.264588 0.265254 0.267963 0.268921 0.268212 0.264557 0.267946 0.269253 0.270074 0.269951 0.268287 0.270325 0.272717 0.271341 0.268779 0.269470 0.270819 0.273144 0.272537 0.264571 0.264410 0.265115 0.265634 0.264530 0.263620 0.266979 0.266253 0.265879 0.265828 0.264414 0.261571 0.260161 0.263424 0.265733 0.270962 -9999.0 -9999.0 -9999.0 -9999.0 -9999.0 -9999.0 -9999.0 -9999.0 -9999.0 -9999.0 -9999.0 -9999.0 -9999.0 -9999.0
-9999.0 -9999.0 -9999.0 -9999.0 -9999.0 -9999.0 -9999.0 -9999.0 -9999.0 0.262721 0.262281 0.262562 0.261590 0.262566 0.260476 0.260841 0.260284 0.261511 0.262169 0.263607 0.265915 0.263865 0.263547 0.264791 0.264626 0.264775 0.265351 0.268683 0.272021 0.278293 0.272159 0.271876 0.274409 0.287139 0.296595 0.298718 0.294480 0.294450 0.299870 0.305837 0.305070 0.304346 0.310597 0.313757 0.316037 0.310935 0.306168 0.305299 0.313390 0.300237 0.287148 0.273082 0.275182 0.271411 0.267310 0.266074 0.265208 0.268983 0.267894 0.265092 0.262800 0.264238 0.262654 0.264193 0.264770 0.268615 0.271796 0.275033 0.275182 0.273024 -9999.0 -9999.0 -9999.0 -9999.0 -9999.0 -9999.0 -9999.0 -9999.0 -9999.0 -9999.0
-9999.0 -9999.0 -9999.0 -9999.0 -9999.0 -9999.0 0.261280 0.261015 0.261584 0.258910 0.260395 0.259004 0.259994 0.260218 0.260707 0.260345 0.261788 0.262818 0.264694 0.267208 0.269666 0.267599 0.268097 0.271645 0.279062 0.288358 0.292574 0.299250 0.319100 0.333480 0.340501 0.343803 0.355997 0.370000 0.370000 0.370000 0.370000 0.370000 0.370000 0.370000 0.370000 0.370000 0.370000 0.370000 0.370000 0.370000 0.370000 0.370000 0.370000 0.370000 0.370000 0.357430 0.328659 0.314132 0.295603 0.284022 0.279974 0.281939 0.277447 0.271048 0.267449 0.267998 0.267503 0.265865 0.266735 0.268124 0.270436 0.272006 0.270934 0.269652 0.269029 0.266379 0.266917 0.269538 -9999.0 -9999.0 -9999.0 -9999.0 -9999.0 -9999.0
-9999.0 -9999.0 -9999.0 -9999.0 0.257817 0.258887 0.255445 0.257223 0.258419 0.259171 0.258659 0.260053 0.260048 0.260832 0.262784 0.263806 0.266322 0.267825 0.273433 0.287470 0.299660 0.305786 0.308088 0.327848 0.369998 0.370000 0.370000 0.370000 0.370000 0.370000 0.370000 0.370000 0.370000 0.370000 0.370000 0.370000 0.370000 0.370000 0.370000 0.370000 0.370000 0.370000 0.370000 0.370000 0.370000 0.370000 0.370000 0.370000 0.370000 0.370000 0.370000 0.370000 0.370000 0.370000 0.370000 0.370000 0.369999 0.345998 0.320734 0.306792 0.290981 0.282693 0.277580 0.275108 0.270985 0.272132 0.273700 0.271722 0.269272 0.266910 0.267100 0.266119 0.264501 0.268144 0.268972 0.272519 -9999.0 -9999.0 -9999.0 -9999.0
-9999.0 -9999.0 0.258072 0.257739 0.260405 0.258301 0.257036 0.255274 0.255618 0.257922 0.262009 0.262823 0.264922 0.265674 0.271363 0.287990 0.304004 0.314508 0.336990 0.369999 0.370000 0.370000 0.370000 0.370000 0.370000 0.370000 0.370000 0.370000 0.370000 0.370000 0.370000 0.370000 0.370000 0.370000 0.370000 0.370000 0.370000 0.370000 0.370000 0.370000 0.370000 0.370000 0.370000 0.370000 0.370000 0.370000 0.370000 0.370000 0.370000 0.370000 0.370000 0.370000 0.370000 0.370000 0.370000 0.370000 0.370000 0.370000 0.370000 0.370000 0.370000 0.363268 0.326966 0.310441 0.294230 0.286984 0.279434 0.275070 0.271076 0.266988 0.266101 0.265711 0.266710 0.265927 0.267786 0.268928 0.270996 0.271622 -9999.0 -9999.0
-9999.0 0.257631 0.256133 0.260715 0.260580 0.260865 0.261241 0.261543 0.262375 0.259931 0.270478 0.290639 0.307854 0.312713 0.332313 0.369999 0.370000 0.370000 0.370000 0.370000 0.370000 0.370000 0.370000 0.370000 0.370000 0.370000 0.370000 0.370000 0.370000 0.370000 0.370000 0.370000 0.370000 0.370000 0.370000 0.370000 0.370000 0.370000 0.370000 0.370000 0.370000 0.370000 0.370000 0.370000 0.370000 0.370000 0.370000 0.370000 0.370000 0.370000 0.370000 0.370000 0.370000 0.370000 0.370000 0.370000 0.370000 0.370000 0.370000 0.370000 0.370000 0.370000 0.370000 0.370000 0.369999 0.325836 0.305471 0.289935 0.279240 0.275574 0.273485 0.267649 0.266576 0.268465 0.267689 0.267632 0.268419 0.268968 -9999.0 -9999.0
-9999.0 0.252468 0.256902 0.261056 0.265453 0.264009 0.282811 0.297418 0.300552 0.291726 0.322683 0.370000 0.370000 0.370000 0.370000 0.370000 0.370000 0.370000 0.370000 0.370000 0.370000 0.370000 0.370000 0.370000 0.370000 0.370000 0.370000 0.370000 0.370000 0.370000 0.370000 0.370000 0.370000 0.370000 0.370000 0.370000 0.370000 0.370000 0.370000 0.370000 0.370000 0.370000 0.370000 0.370000 0.370000 0.370000 0.370000 0.370000 0.370000 0.370000 0.370000 0.370000 0.370000 0.370000 0.370000 0.370000 0.370000 0.370000 0.370000 0.370000 0.370000 0.370000 0.370000 0.370000 0.370000 0.370000 0.370000 0.352784 0.320498 0.307025 0.292250 0.281798 0.273716 0.272883 0.268702 0.268900 -9999.0 -9999.0 -9999.0 -9999.0
-9999.0 0.252257 0.256430 0.264609 0.282326 0.308389 0.370000 0.370000 0.370000 0.370000 0.370000 0.370000 0.370000 0.370000 0.370000 0.370000 0.370000 0.370000 0.370000 0.370000 0.370000 0.370000 0.370000 0.370000 0.370000 0.370000 0.370000 0.370000 0.370000 0.370000 0.370000 0.370000 0.370000 0.370000 0.370000 0.362023 0.329068 0.326693 0.322454 0.313433 0.309260 0.305860 0.310373 0.309218 0.308720 0.311004 0.316821 0.320816 0.335800 0.362668 0.370000 0.370000 0.370000 0.370000 0.370000 0.370000 0.370000 0.370000 0.370000 0.370000 0.370000 0.370000 0.370000 0.370000 0.370000 0.370000 0.370000 0.370000 0.370000 0.370000 0.368649 0.326665 0.304535 0.284361 0.279366 -9999.0 -9999.0 -9999.0 -9999.0 -9999.0
-9999.0 0.245089 0.256777 0.263206 0.296116 0.369999 0.370000 0.370000 0.370000 0.370000 0.370000 0.370000 0.370000 0.370000 0.370000 0.370000 0.370000 0.370000 0.370000 0.370000 0.370000 0.370000 0.370000 0.370000 0.370000 0.370000 0.370000 0.370000 0.370000 0.370000 0.348211 0.334184 0.311693 0.296513 0.286985 0.277007 0.269826 0.270322 0.273256 0.271144 0.268914 0.266177 0.269375 0.270640 0.272018 0.270081 0.270189 0.274000 0.280111 0.286153 0.299058 0.312848 0.325964 0.356058 0.370000 0.370000 0.370000 0.370000 0.370000 0.370000 0.370000 0.370000 0.370000 0.370000 0.370000 0.370000 0.370000 0.370000 0.370000 0.370000 0.370000 0.370000 0.370000 -9999.0 -9999.0 -9999.0 -9999.0 -9999.0 -9999.0 -9999.0
-9999.0 0.241339 0.254178 0.255016 0.267136 0.291937 0.327511 0.369999 0.370000 0.370000 0.370000 0.370000 0.370000 0.370000 0.370000 0.370000 0.370000 0.370000 0.370000 0.370000 0.370000 0.360355 0.357588 0.352163 0.336521 0.329581 0.325940 0.318941 0.309421 0.297254 0.278533 0.270991 0.265777 0.264490 0.263421 0.262148 0.258818 0.261012 0.262494 0.262175 0.261128 0.260216 0.262777 0.263437 0.264185 0.261600 0.263169 0.264138 0.266726 0.269127 0.272696 0.278200 0.285664 0.290609 0.297007 0.305943 0.317261 0.344413 0.370000 0.370000 0.370000 0.370000 0.370000 0.370000 0.370000 0.370000 0.370000 0.370000 0.370000 0.370000 0.370000 -9999.0 -9999.0 -9999.0 -9999.0 -9999.0 -9999.0 -9999.0 -9999.0 -9999.0
-9999.0 -9999.0 0.238547 0.243530 0.247673 0.251542 0.257027 0.265131 0.270502 0.278132 0.288371 0.299309 0.305911 0.308976 0.304721 0.295641 0.290409 0.291051 0.289574 0.286481 0.279693 0.276684 0.275695 0.275031 0.273081 0.272351 0.272146 0.271638 0.270313 0.266633 0.263604 0.261642 0.259032 0.259631 0.259379 0.258408 0.259585 0.259312 0.259571 0.259377 0.259643 0.260113 0.260537 0.261225 0.261116 0.261308 0.261432 0.262055 0.262970 0.264083 0.266662 0.270666 0.273578 0.274109 0.272114 0.272616 0.274790 0.280031 0.301208 0.329554 0.370000 0.370000 0.370000 0.370000 0.370000 0.370000 0.370000 0.370000 0.370000 0.370000 -9999.0 -9999.0 -9999.0 -9999.0 -9999.0 -9999.0 -9999.0 -9999.0 -9999.0 -9999.0
-9999.0 -9999.0 -9999.0 -9999.0 0.236168 0.243362 0.250122 0.249130 0.253781 0.256204 0.258175 0.260569 0.262504 0.263890 0.261859 0.261699 0.261495 0.261922 0.261582 0.261129 0.261007 0.260777 0.260575 0.260156 0.260444 0.260966 0.261163 0.260431 0.260708 0.259376 0.259567 0.258954 0.258322 0.257371 0.257747 0.257693 0.258240 0.257688 0.258501 0.257930 0.258486 0.258648 0.259229 0.260269 0.259617 0.260214 0.260112 0.260812 0.260703 0.262364 0.265163 0.268395 0.270524 0.270270 0.266997 0.265853 0.264902 0.266700 0.269407 0.275973 0.296528 0.315163 0.344142 0.370000 0.370000 0.370000 0.370000 0.370000 -9999.0 -9999.0 -9999.0 -9999.0 -9999.0 -9999.0 -9999.0 -9999.0 -9999.0 -9999.0 -9999.0 -9999.0
-9999.0 -9999.0 -9999.0 -9999.0 -9999.0 -9999.0 0.239492 0.243158 0.241854 0.244525 0.246815 0.248460 0.251131 0.250580 0.251421 0.253741 0.253463 0.252428 0.251066 0.253137 0.254054 0.254316 0.252117 0.252822 0.253064 0.253908 0.253820 0.254285 0.252432 0.254865 0.256092 0.255816 0.255562 0.256130 0.255677 0.257166 0.257345 0.256176 0.255786 0.257411 0.257788 0.257431 0.257591 0.258515 0.259974 0.260087 0.259269 0.258063 0.259300 0.262273 0.265325 0.267824 0.269419 0.270133 0.267616 0.263971 0.262104 0.261599 0.262681 0.264747 0.270844 0.274696 0.277804 0.284578 0.290960 0.316179 -9999.0 -9999.0 -9999.0 -9999.0 -9999.0 -9999.0 -9999.0 -9999.0 -9999.0 -9999.0 -9999.0 -9999.0 -9999.0 -9999.0
-9999.0 -9999.0 -9999.0 -9999.0 -9999.0 -9999.0 -9999.0 -9999.0 -9999.0 -9999.0 -9999.0 -9999.0 -9999.0 -9999.0 -9999.0 -9999.0 -9999.0 -9999.0 -9999.0 -9999.0 -9999.0 -9999.0 -9999.0 -9999.0 -9999.0 -9999.0 -9999.0 -9999.0 -9999.0 -9999.0 -9999.0 -9999.0 -9999.0 -9999.0 -9999.0 -9999.0 -9999.0 -9999.0 -9999.0 -9999.0 -9999.0 -9999.0 -9999.0 -9999.0 -9999.0 -9999.0 -9999.0 -9999.0 -9999.0 -9999.0 -9999.0 -9999.0 -9999.0 -9999.0 -9999.0 -9999.0 -9999.0 -9999.0 -9999.0 -9999.0 -9999.0 -9999.0 -9999.0 -9999.0 -9999.0 -9999.0 -9999.0 -9999.0 -9999.0 -9999.0 -9999.0 -9999.0 -9999.0 -9999.0 -9999.0 -9999.0 -9999.0 -9999.0 -9999.0 -9999.0
-9999.0 -9999.0 -9999.0 -9999.0 -9999.0 -9999.0 -9999.0 -9999.0 -9999.0 -9999.0 -9999.0 -9999.0 -9999.0 -9999.0 -9999.0 -9999.0 -9999.0 -9999.0 -9999.0 -9999.0 -9999.0 -9999.0 -9999.0 -9999.0 -9999.0 -9999.0 -9999.0 -9999.0 -9999.0 -9999.0 -9999.0 -9999.0 -9999.0 -9999.0 -9999.0 -9999.0 -9999.0 -9999.0 -9999.0 -9999.0 -9999.0 -9999.0 -9999.0 -9999.0 -9999.0 -9999.0 -9999.0 -9999.0 -9999.0 -9999.0 -9999.0 -9999.0 -9999.0 -9999.0 -9999.0 -9999.0 -9999.0 -9999.0 -9999.0 -9999.0 -9999.0 -9999.0 -9999.0 -9999.0 -9999.0 -9999.0 -9999.0 -9999.0 -9999.0 -9999.0 -9999.0 -9999.0 -9999.0 -9999.0 -9999.0 -9999.0 -9999.0 -9999.0 -9999.0 -9999.0