Borden_/Borden1m_014/output_maps/thetaliqL0003N0031.asc
ncols         80
nrows         18
xllcorner     620200.000000
yllcorner     5168000.000000
cellsize      1.000000
NODATA_value  -9999.0
-9999.0 -9999.0 -9999.0 -9999.0 -9999.0 -9999.0 -9999.0 -9999.0 -9999.0 -9999.0 -9999.0 -9999.0 -9999.0 -9999.0 -9999.0 -9999.0 -9999.0 -9999.0 -9999.0 -9999.0 -9999.0 -9999.0 -9999.0 -9999.0 -9999.0 -9999.0 -9999.0 -9999.0 -9999.0 -9999.0 -9999.0 -9999.0 -9999.0 -9999.0 -9999.0 -9999.0 -9999.0 -9999.0 -9999.0 -9999.0 -9999.0 -9999.0 -9999.0 -9999.0 -9999.0 -9999.0 -9999.0 -9999.0 -9999.0 -9999.0 -9999.0 -9999.0 -9999.0 -9999.0 -9999.0 -9999.0 -9999.0 -9999.0 -9999.0 -9999.0 -9999.0 -9999.0 -9999.0 -9999.0 -9999.0 -9999.0 -9999.0 -9999.0 -9999.0 -9999.0 -9999.0 -9999.0 -9999.0 -9999.0 -9999.0 -9999.0 -9999.0 -9999.0 -9999.0 -9999.0
-9999.0 -9999.0 -9999.0 -9999.0 -9999.0 -9999.0 -9999.0 -9999.0 -9999.0 -9999.0 -9999.0 -9999.0 -9999.0 -9999.0 -9999.0 -9999.0 -9999.0 -9999.0 -9999.0 -9999.0 -9999.0 -9999.0 -9999.0 -9999.0 -9999.0 -9999.0 -9999.0 -9999.0 -9999.0 -9999.0 -9999.0 -9999.0 -9999.0 -9999.0 -9999.0 -9999.0 -9999.0 -9999.0 -9999.0 -9999.0 -9999.0 -9999.0 -9999.0 -9999.0 -9999.0 -9999.0 -9999.0 -9999.0 -9999.0 -9999.0 -9999.0 -9999.0 -9999.0 -9999.0 -9999.0 -9999.0 -9999.0 -9999.0 -9999.0 -9999.0 -9999.0 -9999.0 -9999.0 -9999.0 -9999.0 -9999.0 -9999.0 -9999.0 -9999.0 -9999.0 -9999.0 -9999.0 -9999.0 -9999.0 -9999.0 -9999.0 -9999.0 -9999.0 -9999.0 -9999.0
-9999.0 -9999.0 -9999.0 -9999.0 -9999.0 -9999.0 -9999.0 -9999.0 -9999.0 -9999.0 -9999.0 -9999.0 -9999.0 -9999.0 -9999.0 -9999.0 -9999.0 -9999.0 -9999.0 -9999.0 0.194980 0.195790 0.193851 0.191622 0.189798 0.189608 0.191670 0.194149 0.197017 0.197644 0.195437 0.195925 0.195085 0.194647 0.194645 0.195257 0.195551 0.196484 0.197100 0.196863 0.196176 0.195672 0.195262 0.195435 0.196176 0.195146 0.196677 0.198242 0.198825 0.198736 0.196535 0.195593 0.195230 0.193556 0.196601 0.197593 0.200009 0.200295 0.200662 0.197936 0.195291 -9999.0 -9999.0 -9999.0 -9999.0 -9999.0 -9999.0 -9999.0 -9999.0 -9999.0 -9999.0 -9999.0 -9999.0 -9999.0 -9999.0 -9999.0 -9999.0 -9999.0 -9999.0 -9999.0
-9999.0 -9999.0 -9999.0 -9999.0 -9999.0 -9999.0 -9999.0 -9999.0 -9999.0 -9999.0 -9999.0 -9999.0 -9999.0 -9999.0 0.191077 0.190104 0.189662 0.189448 0.191299 0.192823 0.192992 0.191968 0.192729 0.190684 0.188913 0.189985 0.191619 0.193076 0.195399 0.197167 0.195597 0.195214 0.196097 0.199179 0.200635 0.200022 0.196543 0.199845 0.201666 0.202853 0.202696 0.201080 0.203400 0.206139 0.204781 0.201902 0.202479 0.204128 0.206814 0.205217 0.196315 0.195231 0.195591 0.195668 0.194494 0.193693 0.196790 0.196430 0.195872 0.195152 0.193188 0.190214 0.188942 0.191926 0.194803 0.200641 -9999.0 -9999.0 -9999.0 -9999.0 -9999.0 -9999.0 -9999.0 -9999.0 -9999.0 -9999.0 -9999.0 -9999.0 -9999.0 -9999.0
-9999.0 -9999.0 -9999.0 -9999.0 -9999.0 -9999.0 -9999.0 -9999.0 -9999.0 0.189261 0.189030 0.189310 0.188723 0.189589 0.188258 0.188598 0.188404 0.189669 0.190795 0.192667 0.195072 0.193399 0.193191 0.194422 0.194638 0.195226 0.196450 0.200634 0.205672 0.213484 0.207057 0.206770 0.210386 0.223896 0.237343 0.241899 0.234359 0.234420 0.243738 0.255762 0.256325 0.255344 0.269292 0.278194 0.284106 0.270878 0.257711 0.255717 0.271633 0.244467 0.223641 0.208903 0.209647 0.204608 0.199265 0.197255 0.196613 0.200203 0.198734 0.195284 0.192522 0.193158 0.191699 0.193153 0.194321 0.198782 0.202971 0.207065 0.207263 0.204676 -9999.0 -9999.0 -9999.0 -9999.0 -9999.0 -9999.0 -9999.0 -9999.0 -9999.0 -9999.0
-9999.0 -9999.0 -9999.0 -9999.0 -9999.0 -9999.0 0.187365 0.187286 0.187857 0.186273 0.187493 0.186735 0.187652 0.188109 0.188767 0.188887 0.190498 0.192011 0.194577 0.198061 0.201347 0.199802 0.200687 0.205454 0.215018 0.224383 0.230755 0.243117 0.289470 0.326845 0.338655 0.343485 0.348393 0.356819 0.365508 0.367772 0.365189 0.362911 0.364996 0.368204 0.369863 0.369872 0.369898 0.369925 0.369979 0.369972 0.368483 0.366716 0.365871 0.364901 0.358485 0.346297 0.317031 0.276057 0.236653 0.219419 0.216762 0.219476 0.212709 0.204133 0.199167 0.198997 0.197995 0.196325 0.197123 0.198996 0.201860 0.203646 0.202252 0.200310 0.198761 0.195866 0.196288 0.199083 -9999.0 -9999.0 -9999.0 -9999.0 -9999.0 -9999.0
-9999.0 -9999.0 -9999.0 -9999.0 0.184764 0.185525 0.183308 0.184596 0.185645 0.186484 0.186612 0.188083 0.188591 0.189719 0.192067 0.194043 0.197515 0.200324 0.207969 0.224519 0.242483 0.254975 0.264165 0.316386 0.349379 0.359227 0.361785 0.365011 0.368456 0.369985 0.369998 0.369998 0.370000 0.370000 0.370000 0.370000 0.370000 0.370000 0.370000 0.370000 0.370000 0.370000 0.370000 0.370000 0.370000 0.370000 0.370000 0.370000 0.370000 0.370000 0.370000 0.369994 0.369391 0.368150 0.366561 0.362079 0.349754 0.340457 0.297267 0.257979 0.229922 0.221315 0.213394 0.209286 0.204263 0.205085 0.206372 0.203807 0.200474 0.197389 0.196871 0.195524 0.194171 0.197687 0.199077 0.203073 -9999.0 -9999.0 -9999.0 -9999.0
-9999.0 -9999.0 0.184501 0.184668 0.186819 0.185613 0.184874 0.183840 0.184359 0.186490 0.190647 0.192715 0.195811 0.197652 0.205014 0.224428 0.251858 0.280229 0.330829 0.353371 0.363116 0.367271 0.369756 0.369913 0.369997 0.369999 0.370000 0.370000 0.370000 0.370000 0.370000 0.370000 0.370000 0.370000 0.370000 0.370000 0.370000 0.370000 0.370000 0.370000 0.370000 0.370000 0.370000 0.370000 0.370000 0.370000 0.370000 0.370000 0.370000 0.370000 0.370000 0.370000 0.370000 0.370000 0.370000 0.369999 0.369993 0.369488 0.368745 0.366527 0.356298 0.344744 0.312930 0.267575 0.238768 0.227048 0.216022 0.209381 0.203496 0.198335 0.196695 0.195685 0.196265 0.195856 0.197759 0.199282 0.201448 0.202317 -9999.0 -9999.0
-9999.0 0.183730 0.183182 0.187018 0.187939 0.188893 0.190101 0.191150 0.192347 0.191138 0.202998 0.228366 0.260009 0.275843 0.323165 0.358897 0.369798 0.369900 0.369987 0.369991 0.370000 0.370000 0.370000 0.370000 0.370000 0.370000 0.370000 0.370000 0.370000 0.370000 0.370000 0.370000 0.370000 0.370000 0.370000 0.370000 0.370000 0.370000 0.370000 0.370000 0.370000 0.370000 0.370000 0.370000 0.370000 0.370000 0.370000 0.370000 0.370000 0.370000 0.370000 0.370000 0.370000 0.370000 0.370000 0.370000 0.370000 0.370000 0.370000 0.370000 0.369940 0.369330 0.367189 0.359823 0.346657 0.308964 0.258400 0.233088 0.216369 0.210258 0.206498 0.199439 0.197556 0.198877 0.197967 0.197852 0.198710 0.199401 -9999.0 -9999.0
-9999.0 0.180347 0.183714 0.188049 0.193923 0.195357 0.215478 0.237003 0.245969 0.234465 0.300710 0.369828 0.369991 0.369993 0.370000 0.370000 0.370000 0.370000 0.370000 0.370000 0.370000 0.370000 0.370000 0.370000 0.370000 0.370000 0.370000 0.370000 0.370000 0.370000 0.370000 0.370000 0.370000 0.370000 0.369998 0.369995 0.369955 0.369661 0.368802 0.367515 0.366627 0.367921 0.367276 0.365805 0.365456 0.367384 0.368909 0.368690 0.368858 0.369425 0.369888 0.369999 0.370000 0.370000 0.370000 0.370000 0.370000 0.370000 0.370000 0.370000 0.370000 0.370000 0.370000 0.369891 0.368676 0.362194 0.351950 0.339086 0.293676 0.258698 0.236086 0.219278 0.208074 0.205426 0.200289 0.199244 -9999.0 -9999.0 -9999.0 -9999.0
-9999.0 0.180081 0.183432 0.191639 0.214497 0.253478 0.348564 0.368427 0.369999 0.369987 0.370000 0.370000 0.370000 0.370000 0.370000 0.370000 0.370000 0.370000 0.370000 0.370000 0.370000 0.370000 0.370000 0.370000 0.370000 0.370000 0.370000 0.370000 0.369981 0.369885 0.369673 0.369448 0.368551 0.361024 0.354598 0.348805 0.321560 0.310314 0.297948 0.274126 0.262836 0.255989 0.265052 0.262946 0.262242 0.268057 0.283678 0.297186 0.330158 0.346252 0.355183 0.363671 0.366926 0.369012 0.369829 0.370000 0.370000 0.370000 0.370000 0.370000 0.370000 0.370000 0.370000 0.370000 0.370000 0.369868 0.369179 0.365428 0.357516 0.348307 0.338760 0.306395 0.253896 0.221818 0.213994 -9999.0 -9999.0 -9999.0 -9999.0 -9999.0
-9999.0 0.175497 0.183364 0.190176 0.230237 0.352664 0.367062 0.370000 0.370000 0.370000 0.369984 0.370000 0.370000 0.370000 0.370000 0.370000 0.370000 0.370000 0.370000 0.370000 0.369949 0.369885 0.369874 0.369798 0.369553 0.369190 0.368770 0.367846 0.363040 0.355977 0.340081 0.324089 0.269002 0.236723 0.223078 0.212304 0.202928 0.203074 0.205915 0.203342 0.200586 0.197850 0.201211 0.202862 0.204391 0.202569 0.203214 0.208136 0.216830 0.226934 0.244180 0.274399 0.312648 0.344896 0.352999 0.362560 0.367174 0.369217 0.369954 0.370000 0.370000 0.370000 0.370000 0.370000 0.370000 0.370000 0.370000 0.369895 0.367617 0.364236 0.362001 0.357910 0.347935 -9999.0 -9999.0 -9999.0 -9999.0 -9999.0 -9999.0 -9999.0
-9999.0 0.173023 0.181213 0.182867 0.194926 0.225679 0.295831 0.353772 0.369673 0.362807 0.360535 0.363993 0.366747 0.368043 0.366591 0.363301 0.360027 0.360652 0.360892 0.357086 0.351147 0.348200 0.347991 0.345220 0.330530 0.316685 0.306732 0.287619 0.261843 0.237979 0.214358 0.203924 0.197074 0.194658 0.192921 0.191149 0.188097 0.189691 0.190984 0.190648 0.189676 0.188981 0.191274 0.192166 0.192920 0.190895 0.192387 0.193877 0.197164 0.200725 0.205970 0.214051 0.225179 0.234226 0.241412 0.257012 0.288285 0.337078 0.358191 0.368442 0.369857 0.369999 0.370000 0.370000 0.370000 0.370000 0.370000 0.370000 0.368840 0.367361 0.367156 -9999.0 -9999.0 -9999.0 -9999.0 -9999.0 -9999.0 -9999.0 -9999.0 -9999.0
-9999.0 -9999.0 0.171353 0.174700 0.177754 0.181252 0.186491 0.193620 0.199720 0.208166 0.221615 0.238938 0.252264 0.259199 0.250161 0.234377 0.226300 0.226779 0.224680 0.220696 0.214115 0.211796 0.210218 0.208954 0.206306 0.205186 0.204683 0.203629 0.201403 0.196782 0.192870 0.190211 0.187466 0.187420 0.186936 0.186022 0.186679 0.186504 0.186757 0.186644 0.186858 0.187290 0.187855 0.188611 0.188697 0.188918 0.189228 0.190099 0.191460 0.193327 0.196889 0.202215 0.206518 0.207642 0.205524 0.206228 0.209420 0.217622 0.247515 0.314226 0.352405 0.364443 0.369012 0.369794 0.369914 0.369999 0.370000 0.369849 0.362283 0.364048 -9999.0 -9999.0 -9999.0 -9999.0 -9999.0 -9999.0 -9999.0 -9999.0 -9999.0 -9999.0
-9999.0 -9999.0 -9999.0 -9999.0 0.170003 0.174643 0.178987 0.178686 0.182084 0.184383 0.186686 0.189495 0.191896 0.193427 0.191675 0.191224 0.190810 0.191021 0.190607 0.190138 0.189886 0.189568 0.189231 0.188813 0.188954 0.189331 0.189415 0.188710 0.188603 0.187275 0.187002 0.186169 0.185375 0.184525 0.184646 0.184548 0.184886 0.184510 0.185087 0.184777 0.185239 0.185476 0.186070 0.187018 0.186757 0.187305 0.187375 0.188121 0.188555 0.190680 0.194186 0.198391 0.201370 0.201294 0.197717 0.196185 0.195392 0.197704 0.201970 0.211628 0.239721 0.282527 0.337999 0.352207 0.358477 0.365075 0.368130 0.368528 -9999.0 -9999.0 -9999.0 -9999.0 -9999.0 -9999.0 -9999.0 -9999.0 -9999.0 -9999.0 -9999.0 -9999.0
-9999.0 -9999.0 -9999.0 -9999.0 -9999.0 -9999.0 0.171937 0.174263 0.173637 0.175481 0.177190 0.178597 0.180697 0.180521 0.181130 0.182737 0.182501 0.181718 0.180756 0.182156 0.182775 0.182898 0.181328 0.181740 0.181904 0.182506 0.182445 0.182678 0.181341 0.182867 0.183589 0.183247 0.182916 0.183171 0.182824 0.183794 0.183910 0.183124 0.182907 0.184054 0.184411 0.184286 0.184561 0.185417 0.186638 0.186861 0.186363 0.185692 0.187027 0.190122 0.193823 0.197285 0.199628 0.200362 0.197295 0.193353 0.191437 0.191254 0.192976 0.196370 0.204596 0.210991 0.216784 0.224135 0.233703 0.288800 -9999.0 -9999.0 -9999.0 -9999.0 -9999.0 -9999.0 -9999.0 -9999.0 -9999.0 -9999.0 -9999.0 -9999.0 -9999.0 -9999.0
-9999.0 -9999.0 -9999.0 -9999.0 -9999.0 -9999.0 -9999.0 -9999.0 -9999.0 -9999.0 -9999.0 -9999.0 -9999.0 -9999.0 -9999.0 -9999.0 -9999.0 -9999.0 -9999.0 -9999.0 -9999.0 -9999.0 -9999.0 -9999.0 -9999.0 -9999.0 -9999.0 -9999.0 -9999.0 -9999.0 -9999.0 -9999.0 -9999.0 -9999.0 -9999.0 -9999.0 -9999.0 -9999.0 -9999.0 -9999.0 -9999.0 -9999.0 -9999.0 -9999.0 -9999.0 -9999.0 -9999.0 -9999.0 -9999.0 -9999.0 -9999.0 -9999.0 -9999.0 -9999.0 -9999.0 -9999.0 -9999.0 -9999.0 -9999.0 -9999.0 -9999.0 -9999.0 -9999.0 -9999.0 -9999.0 -9999.0 -9999.0 -9999.0 -9999.0 -9999.0 -9999.0 -9999.0 -9999.0 -9999.0 -9999.0 -9999.0 -9999.0 -9999.0 -9999.0 -9999.0
-9999.0 -9999.0 -9999.0 -9999.0 -9999.0 -9999.0 -9999.0 -9999.0 -9999.0 -9999.0 -9999.0 -9999.0 -9999.0 -9999.0 -9999.0 -9999.0 -9999.0 -9999.0 -9999.0 -9999.0 -9999.0 -9999.0 -9999.0 -9999.0 -9999.0 -9999.0 -9999.0 -9999.0 -9999.0 -9999.0 -9999.0 -9999.0 -9999.0 -9999.0 -9999.0 -9999.0 -9999.0 -9999.0 -9999.0 -9999.0 -9999.0 -9999.0 -9999.0 -9999.0 -9999.0 -9999.0 -9999.0 -9999.0 -9999.0 -9999.0 -9999.0 -9999.0 -9999.0 -9999.0 -9999.0 -9999.0 -9999.0 -9999.0 -9999.0 -9999.0 -9999.0 -9999.0 -9999.0 -9999.0 -9999.0 -9999.0 -9999.0 -9999.0 -9999.0 -9999.0 -9999.0 -9999.0 -9999.0 -9999.0 -9999.0 -9999.0 -9999.0 -9999.0 -9999.0 -9999.0