Borden_/Borden1m_014/output_maps/thetaliqL0006N0009.asc
ncols         80
nrows         18
xllcorner     620200.000000
yllcorner     5168000.000000
cellsize      1.000000
NODATA_value  -9999.0
-9999.0 -9999.0 -9999.0 -9999.0 -9999.0 -9999.0 -9999.0 -9999.0 -9999.0 -9999.0 -9999.0 -9999.0 -9999.0 -9999.0 -9999.0 -9999.0 -9999.0 -9999.0 -9999.0 -9999.0 -9999.0 -9999.0 -9999.0 -9999.0 -9999.0 -9999.0 -9999.0 -9999.0 -9999.0 -9999.0 -9999.0 -9999.0 -9999.0 -9999.0 -9999.0 -9999.0 -9999.0 -9999.0 -9999.0 -9999.0 -9999.0 -9999.0 -9999.0 -9999.0 -9999.0 -9999.0 -9999.0 -9999.0 -9999.0 -9999.0 -9999.0 -9999.0 -9999.0 -9999.0 -9999.0 -9999.0 -9999.0 -9999.0 -9999.0 -9999.0 -9999.0 -9999.0 -9999.0 -9999.0 -9999.0 -9999.0 -9999.0 -9999.0 -9999.0 -9999.0 -9999.0 -9999.0 -9999.0 -9999.0 -9999.0 -9999.0 -9999.0 -9999.0 -9999.0 -9999.0
-9999.0 -9999.0 -9999.0 -9999.0 -9999.0 -9999.0 -9999.0 -9999.0 -9999.0 -9999.0 -9999.0 -9999.0 -9999.0 -9999.0 -9999.0 -9999.0 -9999.0 -9999.0 -9999.0 -9999.0 -9999.0 -9999.0 -9999.0 -9999.0 -9999.0 -9999.0 -9999.0 -9999.0 -9999.0 -9999.0 -9999.0 -9999.0 -9999.0 -9999.0 -9999.0 -9999.0 -9999.0 -9999.0 -9999.0 -9999.0 -9999.0 -9999.0 -9999.0 -9999.0 -9999.0 -9999.0 -9999.0 -9999.0 -9999.0 -9999.0 -9999.0 -9999.0 -9999.0 -9999.0 -9999.0 -9999.0 -9999.0 -9999.0 -9999.0 -9999.0 -9999.0 -9999.0 -9999.0 -9999.0 -9999.0 -9999.0 -9999.0 -9999.0 -9999.0 -9999.0 -9999.0 -9999.0 -9999.0 -9999.0 -9999.0 -9999.0 -9999.0 -9999.0 -9999.0 -9999.0
-9999.0 -9999.0 -9999.0 -9999.0 -9999.0 -9999.0 -9999.0 -9999.0 -9999.0 -9999.0 -9999.0 -9999.0 -9999.0 -9999.0 -9999.0 -9999.0 -9999.0 -9999.0 -9999.0 -9999.0 0.153273 0.154867 0.143504 0.129239 0.119385 0.119811 0.131920 0.149675 0.169797 0.176032 0.164996 0.165427 0.162221 0.162103 0.163708 0.166864 0.168091 0.175005 0.180267 0.180061 0.176104 0.172447 0.171329 0.173504 0.176532 0.171544 0.179906 0.190150 0.194913 0.191658 0.174173 0.165023 0.160877 0.153617 0.167362 0.175410 0.190900 0.194308 0.193935 0.176255 0.158817 -9999.0 -9999.0 -9999.0 -9999.0 -9999.0 -9999.0 -9999.0 -9999.0 -9999.0 -9999.0 -9999.0 -9999.0 -9999.0 -9999.0 -9999.0 -9999.0 -9999.0 -9999.0 -9999.0
-9999.0 -9999.0 -9999.0 -9999.0 -9999.0 -9999.0 -9999.0 -9999.0 -9999.0 -9999.0 -9999.0 -9999.0 -9999.0 -9999.0 0.117621 0.114516 0.113531 0.115805 0.126526 0.138004 0.143540 0.139930 0.139683 0.129917 0.122635 0.127304 0.138477 0.152686 0.171038 0.183549 0.174958 0.172931 0.179310 0.197915 0.208450 0.206172 0.190714 0.206493 0.218555 0.225914 0.224963 0.218138 0.229653 0.242632 0.237299 0.223500 0.225892 0.235066 0.247255 0.235587 0.187871 0.174607 0.173492 0.170141 0.163107 0.159833 0.174569 0.175760 0.171174 0.161242 0.145182 0.127204 0.121333 0.135572 0.156836 0.193044 -9999.0 -9999.0 -9999.0 -9999.0 -9999.0 -9999.0 -9999.0 -9999.0 -9999.0 -9999.0 -9999.0 -9999.0 -9999.0 -9999.0
-9999.0 -9999.0 -9999.0 -9999.0 -9999.0 -9999.0 -9999.0 -9999.0 -9999.0 0.103540 0.104178 0.105630 0.105882 0.109470 0.108981 0.110568 0.112559 0.119853 0.130324 0.144764 0.158967 0.153182 0.152933 0.159200 0.163029 0.170059 0.182184 0.209586 0.241568 0.274125 0.251035 0.248990 0.264017 0.302148 0.328357 0.334168 0.323457 0.324319 0.338238 0.349274 0.349050 0.348392 0.355855 0.359020 0.360536 0.356509 0.350995 0.349858 0.357181 0.339008 0.299990 0.257893 0.259301 0.234986 0.203730 0.188198 0.186678 0.203070 0.192949 0.169446 0.150066 0.146123 0.139081 0.146680 0.158647 0.187947 0.216317 0.239563 0.240549 0.227167 -9999.0 -9999.0 -9999.0 -9999.0 -9999.0 -9999.0 -9999.0 -9999.0 -9999.0 -9999.0
-9999.0 -9999.0 -9999.0 -9999.0 -9999.0 -9999.0 0.090587 0.091668 0.094411 0.095248 0.099234 0.100551 0.104607 0.108927 0.113988 0.118749 0.128971 0.141741 0.162030 0.188667 0.211008 0.207220 0.213895 0.240106 0.274886 0.299579 0.315528 0.337176 0.361683 0.367039 0.368032 0.368359 0.368949 0.369987 0.370000 0.370000 0.370000 0.370000 0.370000 0.370000 0.370000 0.370000 0.370000 0.370000 0.370000 0.370000 0.370000 0.370000 0.370000 0.370000 0.370000 0.368965 0.365917 0.358449 0.327877 0.286765 0.284493 0.296424 0.274109 0.232827 0.201307 0.194711 0.185668 0.177050 0.181045 0.194948 0.213107 0.222807 0.214170 0.199711 0.184188 0.166635 0.167926 0.184238 -9999.0 -9999.0 -9999.0 -9999.0 -9999.0 -9999.0
-9999.0 -9999.0 -9999.0 -9999.0 0.085130 0.086297 0.085139 0.087435 0.091176 0.095890 0.101587 0.109752 0.116822 0.126018 0.142360 0.161169 0.186979 0.210305 0.252211 0.304322 0.335890 0.348101 0.352973 0.365184 0.369501 0.370000 0.370000 0.370000 0.370000 0.370000 0.370000 0.370000 0.370000 0.370000 0.370000 0.370000 0.370000 0.370000 0.370000 0.370000 0.370000 0.370000 0.370000 0.370000 0.370000 0.370000 0.370000 0.370000 0.370000 0.370000 0.370000 0.370000 0.370000 0.370000 0.370000 0.370000 0.369659 0.368540 0.363313 0.350379 0.316941 0.300153 0.277478 0.258498 0.235271 0.237169 0.240886 0.226669 0.204844 0.183484 0.174630 0.164077 0.158967 0.176949 0.189005 0.211925 -9999.0 -9999.0 -9999.0 -9999.0
-9999.0 -9999.0 0.080536 0.084471 0.090419 0.091455 0.091740 0.092282 0.096139 0.105559 0.128101 0.150128 0.174430 0.192770 0.236202 0.301072 0.343743 0.358582 0.367003 0.369924 0.370000 0.370000 0.370000 0.370000 0.370000 0.370000 0.370000 0.370000 0.370000 0.370000 0.370000 0.370000 0.370000 0.370000 0.370000 0.370000 0.370000 0.370000 0.370000 0.370000 0.370000 0.370000 0.370000 0.370000 0.370000 0.370000 0.370000 0.370000 0.370000 0.370000 0.370000 0.370000 0.370000 0.370000 0.370000 0.370000 0.370000 0.370000 0.370000 0.370000 0.370000 0.369245 0.365221 0.354664 0.335142 0.318935 0.289813 0.260899 0.227236 0.195227 0.180632 0.169983 0.169423 0.170528 0.181104 0.192171 0.203616 0.209651 -9999.0 -9999.0
-9999.0 0.075505 0.078988 0.090166 0.102827 0.113289 0.126025 0.137115 0.146829 0.152091 0.220277 0.304174 0.349917 0.357424 0.365923 0.369992 0.370000 0.370000 0.370000 0.370000 0.370000 0.370000 0.370000 0.370000 0.370000 0.370000 0.370000 0.370000 0.370000 0.370000 0.370000 0.370000 0.370000 0.370000 0.370000 0.370000 0.370000 0.370000 0.370000 0.370000 0.370000 0.370000 0.370000 0.370000 0.370000 0.370000 0.370000 0.370000 0.370000 0.370000 0.370000 0.370000 0.370000 0.370000 0.370000 0.370000 0.370000 0.370000 0.370000 0.370000 0.370000 0.370000 0.370000 0.370000 0.369656 0.364490 0.351153 0.329236 0.291528 0.264699 0.242230 0.203553 0.188185 0.190402 0.184823 0.183760 0.188738 0.193430 -9999.0 -9999.0
-9999.0 0.073270 0.079149 0.099544 0.143635 0.175590 0.262783 0.323162 0.336080 0.323824 0.362474 0.370000 0.370000 0.370000 0.370000 0.370000 0.370000 0.370000 0.370000 0.370000 0.370000 0.370000 0.370000 0.370000 0.370000 0.370000 0.370000 0.370000 0.370000 0.370000 0.370000 0.370000 0.370000 0.370000 0.370000 0.370000 0.370000 0.370000 0.370000 0.370000 0.370000 0.370000 0.370000 0.370000 0.370000 0.370000 0.370000 0.370000 0.370000 0.370000 0.370000 0.370000 0.370000 0.370000 0.370000 0.370000 0.370000 0.370000 0.370000 0.370000 0.370000 0.370000 0.370000 0.370000 0.370000 0.370000 0.369977 0.368784 0.362484 0.350904 0.331674 0.297782 0.255394 0.235718 0.206574 0.191876 -9999.0 -9999.0 -9999.0 -9999.0
-9999.0 0.071846 0.078461 0.115832 0.261783 0.342370 0.370000 0.370000 0.370000 0.370000 0.370000 0.370000 0.370000 0.370000 0.370000 0.370000 0.370000 0.370000 0.370000 0.370000 0.370000 0.370000 0.370000 0.370000 0.370000 0.370000 0.370000 0.370000 0.370000 0.370000 0.370000 0.370000 0.370000 0.370000 0.369926 0.369241 0.365975 0.365260 0.363705 0.358222 0.353559 0.349519 0.354608 0.353677 0.353422 0.356063 0.360890 0.363480 0.367538 0.369299 0.369985 0.370000 0.370000 0.370000 0.370000 0.370000 0.370000 0.370000 0.370000 0.370000 0.370000 0.370000 0.370000 0.370000 0.370000 0.370000 0.370000 0.370000 0.370000 0.370000 0.369381 0.364287 0.347481 0.304360 0.275935 -9999.0 -9999.0 -9999.0 -9999.0 -9999.0
-9999.0 0.069747 0.075242 0.105839 0.295977 0.370000 0.370000 0.370000 0.370000 0.370000 0.370000 0.370000 0.370000 0.370000 0.370000 0.370000 0.370000 0.370000 0.370000 0.370000 0.370000 0.370000 0.370000 0.370000 0.370000 0.370000 0.370000 0.370000 0.370000 0.370000 0.368438 0.366860 0.355116 0.326266 0.297156 0.262624 0.223226 0.222252 0.234260 0.221353 0.205176 0.192049 0.209666 0.220433 0.228263 0.220810 0.226960 0.252870 0.288534 0.315232 0.339581 0.357513 0.365404 0.369085 0.369931 0.370000 0.370000 0.370000 0.370000 0.370000 0.370000 0.370000 0.370000 0.370000 0.370000 0.370000 0.370000 0.370000 0.370000 0.370000 0.370000 0.370000 0.369845 -9999.0 -9999.0 -9999.0 -9999.0 -9999.0 -9999.0 -9999.0
-9999.0 0.068696 0.071036 0.079459 0.133529 0.283274 0.359616 0.369792 0.370000 0.370000 0.370000 0.370000 0.370000 0.370000 0.370000 0.370000 0.370000 0.370000 0.370000 0.369983 0.369664 0.369225 0.369211 0.368950 0.367470 0.366101 0.364923 0.361519 0.352141 0.328947 0.275627 0.225841 0.183427 0.162386 0.147281 0.133203 0.119457 0.122989 0.128335 0.126570 0.122147 0.120496 0.130769 0.137930 0.142173 0.136117 0.143787 0.156660 0.180353 0.207506 0.241862 0.281285 0.315066 0.330487 0.337406 0.349542 0.361152 0.368106 0.370000 0.370000 0.370000 0.370000 0.370000 0.370000 0.370000 0.370000 0.370000 0.370000 0.370000 0.370000 0.370000 -9999.0 -9999.0 -9999.0 -9999.0 -9999.0 -9999.0 -9999.0 -9999.0 -9999.0
-9999.0 -9999.0 0.068690 0.070418 0.073833 0.083559 0.103505 0.132010 0.162075 0.213205 0.277963 0.325883 0.344419 0.350028 0.342435 0.319835 0.300978 0.301167 0.295258 0.284597 0.265660 0.258856 0.252509 0.247120 0.236537 0.230914 0.227318 0.219622 0.203630 0.173328 0.145096 0.124532 0.108864 0.103368 0.099148 0.095279 0.094634 0.094490 0.095624 0.095791 0.096559 0.098496 0.102462 0.107002 0.109166 0.110711 0.113966 0.120853 0.132357 0.149736 0.178037 0.215225 0.242884 0.250459 0.241432 0.244811 0.260805 0.292550 0.341524 0.365064 0.369947 0.370000 0.370000 0.370000 0.370000 0.370000 0.370000 0.370000 0.370000 0.370000 -9999.0 -9999.0 -9999.0 -9999.0 -9999.0 -9999.0 -9999.0 -9999.0 -9999.0 -9999.0
-9999.0 -9999.0 -9999.0 -9999.0 0.069025 0.070629 0.072270 0.074483 0.079875 0.088709 0.102045 0.119968 0.137259 0.146832 0.140630 0.136871 0.133199 0.132198 0.129233 0.126860 0.124586 0.122119 0.119015 0.116837 0.116553 0.117503 0.117038 0.113523 0.109705 0.103283 0.098512 0.092909 0.088185 0.085186 0.084016 0.083391 0.083430 0.083016 0.083843 0.084365 0.085744 0.087335 0.090133 0.093961 0.095823 0.098157 0.099886 0.104024 0.110920 0.126691 0.152860 0.184412 0.206387 0.207338 0.187098 0.175442 0.172147 0.188248 0.219962 0.271368 0.334526 0.359500 0.368157 0.369920 0.370000 0.370000 0.370000 0.370000 -9999.0 -9999.0 -9999.0 -9999.0 -9999.0 -9999.0 -9999.0 -9999.0 -9999.0 -9999.0 -9999.0 -9999.0
-9999.0 -9999.0 -9999.0 -9999.0 -9999.0 -9999.0 0.068650 0.069273 0.070163 0.071990 0.074870 0.078809 0.083787 0.085806 0.087254 0.089609 0.088965 0.087158 0.085597 0.087199 0.088091 0.087618 0.084977 0.084822 0.085107 0.086047 0.085971 0.085406 0.083229 0.083821 0.083642 0.081825 0.080032 0.079140 0.078488 0.079063 0.079124 0.078434 0.078604 0.080157 0.081494 0.082518 0.084436 0.087739 0.091615 0.093554 0.093647 0.094553 0.101868 0.119383 0.146041 0.173983 0.192747 0.196515 0.176013 0.151608 0.140257 0.141907 0.156980 0.186221 0.238979 0.273769 0.294930 0.309452 0.326653 0.361924 -9999.0 -9999.0 -9999.0 -9999.0 -9999.0 -9999.0 -9999.0 -9999.0 -9999.0 -9999.0 -9999.0 -9999.0 -9999.0 -9999.0
-9999.0 -9999.0 -9999.0 -9999.0 -9999.0 -9999.0 -9999.0 -9999.0 -9999.0 -9999.0 -9999.0 -9999.0 -9999.0 -9999.0 -9999.0 -9999.0 -9999.0 -9999.0 -9999.0 -9999.0 -9999.0 -9999.0 -9999.0 -9999.0 -9999.0 -9999.0 -9999.0 -9999.0 -9999.0 -9999.0 -9999.0 -9999.0 -9999.0 -9999.0 -9999.0 -9999.0 -9999.0 -9999.0 -9999.0 -9999.0 -9999.0 -9999.0 -9999.0 -9999.0 -9999.0 -9999.0 -9999.0 -9999.0 -9999.0 -9999.0 -9999.0 -9999.0 -9999.0 -9999.0 -9999.0 -9999.0 -9999.0 -9999.0 -9999.0 -9999.0 -9999.0 -9999.0 -9999.0 -9999.0 -9999.0 -9999.0 -9999.0 -9999.0 -9999.0 -9999.0 -9999.0 -9999.0 -9999.0 -9999.0 -9999.0 -9999.0 -9999.0 -9999.0 -9999.0 -9999.0
-9999.0 -9999.0 -9999.0 -9999.0 -9999.0 -9999.0 -9999.0 -9999.0 -9999.0 -9999.0 -9999.0 -9999.0 -9999.0 -9999.0 -9999.0 -9999.0 -9999.0 -9999.0 -9999.0 -9999.0 -9999.0 -9999.0 -9999.0 -9999.0 -9999.0 -9999.0 -9999.0 -9999.0 -9999.0 -9999.0 -9999.0 -9999.0 -9999.0 -9999.0 -9999.0 -9999.0 -9999.0 -9999.0 -9999.0 -9999.0 -9999.0 -9999.0 -9999.0 -9999.0 -9999.0 -9999.0 -9999.0 -9999.0 -9999.0 -9999.0 -9999.0 -9999.0 -9999.0 -9999.0 -9999.0 -9999.0 -9999.0 -9999.0 -9999.0 -9999.0 -9999.0 -9999.0 -9999.0 -9999.0 -9999.0 -9999.0 -9999.0 -9999.0 -9999.0 -9999.0 -9999.0 -9999.0 -9999.0 -9999.0 -9999.0 -9999.0 -9999.0 -9999.0 -9999.0 -9999.0