Borden_/Borden1m_014/output_maps/thetasurfN0019.asc
ncols         80
nrows         18
xllcorner     620200.000000
yllcorner     5168000.000000
cellsize      1.000000
NODATA_value  -9999.0
-9999.0 -9999.0 -9999.0 -9999.0 -9999.0 -9999.0 -9999.0 -9999.0 -9999.0 -9999.0 -9999.0 -9999.0 -9999.0 -9999.0 -9999.0 -9999.0 -9999.0 -9999.0 -9999.0 -9999.0 -9999.0 -9999.0 -9999.0 -9999.0 -9999.0 -9999.0 -9999.0 -9999.0 -9999.0 -9999.0 -9999.0 -9999.0 -9999.0 -9999.0 -9999.0 -9999.0 -9999.0 -9999.0 -9999.0 -9999.0 -9999.0 -9999.0 -9999.0 -9999.0 -9999.0 -9999.0 -9999.0 -9999.0 -9999.0 -9999.0 -9999.0 -9999.0 -9999.0 -9999.0 -9999.0 -9999.0 -9999.0 -9999.0 -9999.0 -9999.0 -9999.0 -9999.0 -9999.0 -9999.0 -9999.0 -9999.0 -9999.0 -9999.0 -9999.0 -9999.0 -9999.0 -9999.0 -9999.0 -9999.0 -9999.0 -9999.0 -9999.0 -9999.0 -9999.0 -9999.0
-9999.0 -9999.0 -9999.0 -9999.0 -9999.0 -9999.0 -9999.0 -9999.0 -9999.0 -9999.0 -9999.0 -9999.0 -9999.0 -9999.0 -9999.0 -9999.0 -9999.0 -9999.0 -9999.0 -9999.0 -9999.0 -9999.0 -9999.0 -9999.0 -9999.0 -9999.0 -9999.0 -9999.0 -9999.0 -9999.0 -9999.0 -9999.0 -9999.0 -9999.0 -9999.0 -9999.0 -9999.0 -9999.0 -9999.0 -9999.0 -9999.0 -9999.0 -9999.0 -9999.0 -9999.0 -9999.0 -9999.0 -9999.0 -9999.0 -9999.0 -9999.0 -9999.0 -9999.0 -9999.0 -9999.0 -9999.0 -9999.0 -9999.0 -9999.0 -9999.0 -9999.0 -9999.0 -9999.0 -9999.0 -9999.0 -9999.0 -9999.0 -9999.0 -9999.0 -9999.0 -9999.0 -9999.0 -9999.0 -9999.0 -9999.0 -9999.0 -9999.0 -9999.0 -9999.0 -9999.0
-9999.0 -9999.0 -9999.0 -9999.0 -9999.0 -9999.0 -9999.0 -9999.0 -9999.0 -9999.0 -9999.0 -9999.0 -9999.0 -9999.0 -9999.0 -9999.0 -9999.0 -9999.0 -9999.0 -9999.0 0.231897 0.232672 0.231249 0.229692 0.228330 0.228104 0.229593 0.231219 0.233125 0.233431 0.231719 0.232211 0.231499 0.231044 0.230951 0.231419 0.231658 0.232253 0.232600 0.232359 0.231861 0.231537 0.231162 0.231220 0.231832 0.231031 0.232170 0.233223 0.233551 0.233660 0.232356 0.231879 0.231730 0.230364 0.232819 0.233413 0.235071 0.235167 0.235585 0.233731 0.231914 -9999.0 -9999.0 -9999.0 -9999.0 -9999.0 -9999.0 -9999.0 -9999.0 -9999.0 -9999.0 -9999.0 -9999.0 -9999.0 -9999.0 -9999.0 -9999.0 -9999.0 -9999.0 -9999.0
-9999.0 -9999.0 -9999.0 -9999.0 -9999.0 -9999.0 -9999.0 -9999.0 -9999.0 -9999.0 -9999.0 -9999.0 -9999.0 -9999.0 0.229790 0.228941 0.228530 0.228170 0.229506 0.230467 0.230334 0.229451 0.230273 0.228661 0.227210 0.228076 0.229168 0.229909 0.231326 0.232473 0.231307 0.231017 0.231587 0.233763 0.234635 0.234120 0.231378 0.233915 0.235048 0.235788 0.235688 0.234431 0.236087 0.238029 0.236970 0.234914 0.235382 0.236479 0.238387 0.237642 0.231315 0.230939 0.231388 0.231666 0.230824 0.230158 0.232603 0.232149 0.231821 0.231628 0.230453 0.228323 0.227319 0.229659 0.231511 0.235620 -9999.0 -9999.0 -9999.0 -9999.0 -9999.0 -9999.0 -9999.0 -9999.0 -9999.0 -9999.0 -9999.0 -9999.0 -9999.0 -9999.0
-9999.0 -9999.0 -9999.0 -9999.0 -9999.0 -9999.0 -9999.0 -9999.0 -9999.0 0.228732 0.228439 0.228644 0.228005 0.228699 0.227326 0.227587 0.227269 0.228170 0.228758 0.229924 0.231678 0.230224 0.230017 0.230980 0.231014 0.231240 0.231819 0.234557 0.237583 0.242915 0.238072 0.237887 0.240427 0.250728 0.259561 0.261941 0.257557 0.257471 0.263082 0.269802 0.269257 0.268527 0.275792 0.279928 0.283100 0.276541 0.270434 0.269387 0.278571 0.263527 0.250686 0.239476 0.240281 0.236978 0.233470 0.232305 0.231700 0.234511 0.233577 0.231298 0.229467 0.230372 0.229224 0.230328 0.230890 0.233936 0.236607 0.239327 0.239462 0.237677 -9999.0 -9999.0 -9999.0 -9999.0 -9999.0 -9999.0 -9999.0 -9999.0 -9999.0 -9999.0
-9999.0 -9999.0 -9999.0 -9999.0 -9999.0 -9999.0 0.227599 0.227433 0.227840 0.226116 0.227132 0.226251 0.226963 0.227181 0.227565 0.227415 0.228537 0.229413 0.230989 0.233145 0.235228 0.233805 0.234294 0.237417 0.244730 0.251600 0.255521 0.262564 0.286661 0.312940 0.329252 0.339009 0.355909 0.359894 0.364665 0.368959 0.364260 0.362617 0.363745 0.366279 0.369563 0.369568 0.369632 0.369709 0.369890 0.369869 0.366594 0.364899 0.364466 0.364157 0.360837 0.354808 0.304517 0.279983 0.258869 0.247816 0.245505 0.246507 0.242210 0.236652 0.233531 0.233760 0.233240 0.231965 0.232575 0.233727 0.235626 0.236878 0.235975 0.234838 0.234138 0.232076 0.232452 0.234479 -9999.0 -9999.0 -9999.0 -9999.0 -9999.0 -9999.0
-9999.0 -9999.0 -9999.0 -9999.0 0.225256 0.225968 0.223727 0.224903 0.225736 0.226292 0.226062 0.227115 0.227230 0.227888 0.229454 0.230505 0.232661 0.234130 0.239016 0.251136 0.262693 0.269571 0.272857 0.302953 0.355858 0.361223 0.362308 0.363854 0.366703 0.369921 0.369978 0.369928 0.369995 0.369993 0.370000 0.370000 0.370000 0.370000 0.370000 0.370000 0.370000 0.370000 0.370000 0.370000 0.370000 0.370000 0.370000 0.369999 0.370000 0.369997 0.369999 0.369959 0.368381 0.366424 0.365266 0.362659 0.356703 0.343750 0.290190 0.270900 0.254499 0.248223 0.242496 0.240084 0.236611 0.237355 0.238466 0.236774 0.234682 0.232709 0.232682 0.231857 0.230713 0.233420 0.234183 0.237015 -9999.0 -9999.0 -9999.0 -9999.0
-9999.0 -9999.0 0.225357 0.225223 0.227045 0.225699 0.224922 0.223793 0.224074 0.225713 0.228792 0.229738 0.231602 0.232419 0.237231 0.251371 0.267605 0.280881 0.321220 0.357495 0.362728 0.365379 0.369384 0.369616 0.369973 0.369999 0.370000 0.370000 0.370000 0.370000 0.370000 0.370000 0.370000 0.370000 0.370000 0.370000 0.370000 0.370000 0.370000 0.370000 0.370000 0.370000 0.370000 0.370000 0.370000 0.370000 0.370000 0.370000 0.370000 0.370000 0.370000 0.370000 0.370000 0.370000 0.370000 0.369999 0.369961 0.368869 0.367406 0.365276 0.360120 0.354752 0.301872 0.275353 0.259116 0.251164 0.244064 0.239988 0.236390 0.232998 0.232138 0.231688 0.232339 0.231840 0.233248 0.234207 0.235810 0.236350 -9999.0 -9999.0
-9999.0 0.225039 0.224136 0.227321 0.227427 0.227803 0.228396 0.228887 0.229575 0.227949 0.236311 0.253881 0.272373 0.278887 0.310228 0.359131 0.369400 0.369553 0.369928 0.369948 0.370000 0.370000 0.370000 0.370000 0.370000 0.370000 0.370000 0.370000 0.370000 0.370000 0.370000 0.370000 0.370000 0.370000 0.370000 0.370000 0.370000 0.370000 0.370000 0.370000 0.370000 0.370000 0.370000 0.370000 0.370000 0.370000 0.370000 0.369999 0.370000 0.370000 0.370000 0.370000 0.370000 0.370000 0.370000 0.370000 0.370000 0.370000 0.370000 0.369999 0.369842 0.368910 0.366211 0.361652 0.355421 0.299059 0.270093 0.254652 0.244092 0.240551 0.238482 0.233647 0.232600 0.233881 0.233246 0.233188 0.233804 0.234256 -9999.0 -9999.0
-9999.0 0.221779 0.224773 0.227841 0.231417 0.231094 0.246356 0.260479 0.264506 0.256561 0.293055 0.369496 0.369952 0.369951 0.369998 0.370000 0.370000 0.370000 0.370000 0.370000 0.370000 0.370000 0.370000 0.370000 0.370000 0.370000 0.370000 0.370000 0.370000 0.370000 0.370000 0.370000 0.370000 0.369998 0.369985 0.369972 0.369953 0.368960 0.367113 0.365460 0.364693 0.366136 0.365438 0.364187 0.363891 0.365461 0.367377 0.367120 0.367794 0.368975 0.369726 0.369992 0.369998 0.369997 0.370000 0.370000 0.370000 0.370000 0.370000 0.370000 0.370000 0.370000 0.369999 0.369750 0.368312 0.363412 0.358732 0.351880 0.289620 0.271474 0.257671 0.246328 0.239031 0.237834 0.234363 0.234183 -9999.0 -9999.0 -9999.0 -9999.0
-9999.0 0.221788 0.224674 0.230761 0.245533 0.271428 0.356728 0.367988 0.369998 0.369913 0.370000 0.370000 0.370000 0.370000 0.370000 0.370000 0.370000 0.370000 0.370000 0.370000 0.370000 0.370000 0.370000 0.370000 0.370000 0.370000 0.370000 0.370000 0.369918 0.369709 0.369266 0.368655 0.367137 0.361714 0.359002 0.355773 0.306489 0.299263 0.291873 0.279110 0.273730 0.270064 0.275079 0.273676 0.273121 0.276072 0.283912 0.290112 0.321844 0.355429 0.359633 0.363370 0.365729 0.368448 0.369613 0.369994 0.369999 0.370000 0.370000 0.370000 0.370000 0.370000 0.370000 0.370000 0.369999 0.369755 0.369135 0.367086 0.362459 0.358490 0.353815 0.300544 0.269002 0.248333 0.243498 -9999.0 -9999.0 -9999.0 -9999.0 -9999.0
-9999.0 0.217449 0.225129 0.230022 0.258339 0.358010 0.367338 0.370000 0.370000 0.370000 0.369929 0.369999 0.370000 0.370000 0.370000 0.369999 0.369999 0.369999 0.370000 0.369997 0.369959 0.369807 0.369760 0.369564 0.368901 0.368025 0.367279 0.366238 0.362972 0.359612 0.346488 0.314191 0.276872 0.259425 0.250729 0.242897 0.235971 0.236214 0.238414 0.236633 0.234791 0.232703 0.235155 0.236191 0.237276 0.235840 0.236060 0.239280 0.244787 0.251612 0.262851 0.278391 0.300097 0.354639 0.358636 0.362704 0.365750 0.368633 0.369947 0.370000 0.370000 0.370000 0.370000 0.370000 0.370000 0.370000 0.370000 0.369997 0.369367 0.367590 0.366048 0.362881 0.358196 -9999.0 -9999.0 -9999.0 -9999.0 -9999.0 -9999.0 -9999.0
-9999.0 0.214927 0.223407 0.224414 0.233563 0.254873 0.296180 0.359548 0.369555 0.362951 0.361900 0.363563 0.365323 0.366516 0.365188 0.363191 0.361581 0.362024 0.362325 0.360679 0.358652 0.357449 0.357050 0.352154 0.320569 0.304687 0.297575 0.286396 0.273583 0.260221 0.243500 0.236832 0.232415 0.231121 0.230146 0.229061 0.226603 0.228078 0.229141 0.228880 0.228096 0.227447 0.229280 0.229811 0.230369 0.228559 0.229705 0.230556 0.232679 0.234790 0.237950 0.242919 0.249895 0.255546 0.260966 0.269943 0.284807 0.339266 0.360303 0.367405 0.369655 0.369993 0.370000 0.370000 0.370000 0.370000 0.370000 0.370000 0.370000 0.369760 0.369067 -9999.0 -9999.0 -9999.0 -9999.0 -9999.0 -9999.0 -9999.0 -9999.0 -9999.0
-9999.0 -9999.0 0.213270 0.216682 0.219716 0.222531 0.226534 0.232528 0.236420 0.242293 0.251198 0.261986 0.269459 0.273188 0.268110 0.258440 0.253265 0.253779 0.252434 0.249754 0.244828 0.242725 0.241422 0.240413 0.238550 0.237840 0.237590 0.237050 0.235790 0.232749 0.230199 0.228559 0.226580 0.226875 0.226628 0.225907 0.226625 0.226459 0.226650 0.226515 0.226676 0.226996 0.227337 0.227845 0.227800 0.227931 0.228065 0.228582 0.229363 0.230355 0.232511 0.235868 0.238463 0.239044 0.237501 0.237974 0.239973 0.244973 0.264762 0.304224 0.357291 0.363868 0.368510 0.369715 0.369975 0.369990 0.370000 0.370000 0.370000 0.370000 -9999.0 -9999.0 -9999.0 -9999.0 -9999.0 -9999.0 -9999.0 -9999.0 -9999.0 -9999.0
-9999.0 -9999.0 -9999.0 -9999.0 0.211934 0.216642 0.221027 0.220468 0.223496 0.225108 0.226529 0.228308 0.229755 0.230802 0.229289 0.229000 0.228771 0.229068 0.228812 0.228430 0.228270 0.228068 0.227912 0.227594 0.227749 0.228078 0.228194 0.227657 0.227788 0.226751 0.226744 0.226232 0.225720 0.225041 0.225256 0.225187 0.225539 0.225181 0.225726 0.225346 0.225721 0.225850 0.226273 0.227000 0.226588 0.227010 0.226973 0.227502 0.227533 0.228852 0.231084 0.233734 0.235550 0.235405 0.232845 0.231909 0.231262 0.232774 0.235277 0.241217 0.260130 0.281756 0.340220 0.358417 0.361703 0.365225 0.368981 0.369983 -9999.0 -9999.0 -9999.0 -9999.0 -9999.0 -9999.0 -9999.0 -9999.0 -9999.0 -9999.0 -9999.0 -9999.0
-9999.0 -9999.0 -9999.0 -9999.0 -9999.0 -9999.0 0.213942 0.216264 0.215547 0.217153 0.218520 0.219562 0.221314 0.220928 0.221408 0.222902 0.222686 0.222007 0.221130 0.222465 0.223022 0.223192 0.221754 0.222190 0.222328 0.222891 0.222832 0.223118 0.221876 0.223407 0.224160 0.223941 0.223736 0.224072 0.223760 0.224729 0.224845 0.224081 0.223846 0.224912 0.225169 0.224954 0.225095 0.225744 0.226750 0.226845 0.226312 0.225546 0.226483 0.228690 0.231085 0.233168 0.234547 0.235100 0.233060 0.230264 0.228877 0.228595 0.229571 0.231467 0.236678 0.240334 0.243588 0.249510 0.255291 0.284262 -9999.0 -9999.0 -9999.0 -9999.0 -9999.0 -9999.0 -9999.0 -9999.0 -9999.0 -9999.0 -9999.0 -9999.0 -9999.0 -9999.0
-9999.0 -9999.0 -9999.0 -9999.0 -9999.0 -9999.0 -9999.0 -9999.0 -9999.0 -9999.0 -9999.0 -9999.0 -9999.0 -9999.0 -9999.0 -9999.0 -9999.0 -9999.0 -9999.0 -9999.0 -9999.0 -9999.0 -9999.0 -9999.0 -9999.0 -9999.0 -9999.0 -9999.0 -9999.0 -9999.0 -9999.0 -9999.0 -9999.0 -9999.0 -9999.0 -9999.0 -9999.0 -9999.0 -9999.0 -9999.0 -9999.0 -9999.0 -9999.0 -9999.0 -9999.0 -9999.0 -9999.0 -9999.0 -9999.0 -9999.0 -9999.0 -9999.0 -9999.0 -9999.0 -9999.0 -9999.0 -9999.0 -9999.0 -9999.0 -9999.0 -9999.0 -9999.0 -9999.0 -9999.0 -9999.0 -9999.0 -9999.0 -9999.0 -9999.0 -9999.0 -9999.0 -9999.0 -9999.0 -9999.0 -9999.0 -9999.0 -9999.0 -9999.0 -9999.0 -9999.0
-9999.0 -9999.0 -9999.0 -9999.0 -9999.0 -9999.0 -9999.0 -9999.0 -9999.0 -9999.0 -9999.0 -9999.0 -9999.0 -9999.0 -9999.0 -9999.0 -9999.0 -9999.0 -9999.0 -9999.0 -9999.0 -9999.0 -9999.0 -9999.0 -9999.0 -9999.0 -9999.0 -9999.0 -9999.0 -9999.0 -9999.0 -9999.0 -9999.0 -9999.0 -9999.0 -9999.0 -9999.0 -9999.0 -9999.0 -9999.0 -9999.0 -9999.0 -9999.0 -9999.0 -9999.0 -9999.0 -9999.0 -9999.0 -9999.0 -9999.0 -9999.0 -9999.0 -9999.0 -9999.0 -9999.0 -9999.0 -9999.0 -9999.0 -9999.0 -9999.0 -9999.0 -9999.0 -9999.0 -9999.0 -9999.0 -9999.0 -9999.0 -9999.0 -9999.0 -9999.0 -9999.0 -9999.0 -9999.0 -9999.0 -9999.0 -9999.0 -9999.0 -9999.0 -9999.0 -9999.0