Borden_/Borden1m_014/output_maps/thetaliqL0001N0016.asc
ncols         80
nrows         18
xllcorner     620200.000000
yllcorner     5168000.000000
cellsize      1.000000
NODATA_value  -9999.0
-9999.0 -9999.0 -9999.0 -9999.0 -9999.0 -9999.0 -9999.0 -9999.0 -9999.0 -9999.0 -9999.0 -9999.0 -9999.0 -9999.0 -9999.0 -9999.0 -9999.0 -9999.0 -9999.0 -9999.0 -9999.0 -9999.0 -9999.0 -9999.0 -9999.0 -9999.0 -9999.0 -9999.0 -9999.0 -9999.0 -9999.0 -9999.0 -9999.0 -9999.0 -9999.0 -9999.0 -9999.0 -9999.0 -9999.0 -9999.0 -9999.0 -9999.0 -9999.0 -9999.0 -9999.0 -9999.0 -9999.0 -9999.0 -9999.0 -9999.0 -9999.0 -9999.0 -9999.0 -9999.0 -9999.0 -9999.0 -9999.0 -9999.0 -9999.0 -9999.0 -9999.0 -9999.0 -9999.0 -9999.0 -9999.0 -9999.0 -9999.0 -9999.0 -9999.0 -9999.0 -9999.0 -9999.0 -9999.0 -9999.0 -9999.0 -9999.0 -9999.0 -9999.0 -9999.0 -9999.0
-9999.0 -9999.0 -9999.0 -9999.0 -9999.0 -9999.0 -9999.0 -9999.0 -9999.0 -9999.0 -9999.0 -9999.0 -9999.0 -9999.0 -9999.0 -9999.0 -9999.0 -9999.0 -9999.0 -9999.0 -9999.0 -9999.0 -9999.0 -9999.0 -9999.0 -9999.0 -9999.0 -9999.0 -9999.0 -9999.0 -9999.0 -9999.0 -9999.0 -9999.0 -9999.0 -9999.0 -9999.0 -9999.0 -9999.0 -9999.0 -9999.0 -9999.0 -9999.0 -9999.0 -9999.0 -9999.0 -9999.0 -9999.0 -9999.0 -9999.0 -9999.0 -9999.0 -9999.0 -9999.0 -9999.0 -9999.0 -9999.0 -9999.0 -9999.0 -9999.0 -9999.0 -9999.0 -9999.0 -9999.0 -9999.0 -9999.0 -9999.0 -9999.0 -9999.0 -9999.0 -9999.0 -9999.0 -9999.0 -9999.0 -9999.0 -9999.0 -9999.0 -9999.0 -9999.0 -9999.0
-9999.0 -9999.0 -9999.0 -9999.0 -9999.0 -9999.0 -9999.0 -9999.0 -9999.0 -9999.0 -9999.0 -9999.0 -9999.0 -9999.0 -9999.0 -9999.0 -9999.0 -9999.0 -9999.0 -9999.0 0.282593 0.283577 0.282084 0.280506 0.279022 0.278696 0.280256 0.281793 0.283611 0.283757 0.281855 0.282529 0.281687 0.281038 0.280828 0.281357 0.281662 0.282184 0.282432 0.282097 0.281569 0.281280 0.280836 0.280815 0.281539 0.280604 0.281841 0.282856 0.283085 0.283390 0.282360 0.282100 0.282060 0.280464 0.283294 0.283771 0.285384 0.285367 0.285944 0.284165 0.282384 -9999.0 -9999.0 -9999.0 -9999.0 -9999.0 -9999.0 -9999.0 -9999.0 -9999.0 -9999.0 -9999.0 -9999.0 -9999.0 -9999.0 -9999.0 -9999.0 -9999.0 -9999.0 -9999.0
-9999.0 -9999.0 -9999.0 -9999.0 -9999.0 -9999.0 -9999.0 -9999.0 -9999.0 -9999.0 -9999.0 -9999.0 -9999.0 -9999.0 0.281097 0.280065 0.279542 0.278950 0.280355 0.281228 0.280825 0.279755 0.280893 0.279053 0.277324 0.278327 0.279393 0.279850 0.281061 0.282097 0.280867 0.280554 0.281051 0.283205 0.283871 0.283264 0.280219 0.283015 0.283971 0.284573 0.284478 0.283091 0.284731 0.286652 0.285506 0.283438 0.284016 0.285060 0.286937 0.286629 0.280291 0.280368 0.281025 0.281559 0.280685 0.279916 0.282700 0.282017 0.281761 0.281898 0.280912 0.278680 0.277522 0.280196 0.281897 0.286002 -9999.0 -9999.0 -9999.0 -9999.0 -9999.0 -9999.0 -9999.0 -9999.0 -9999.0 -9999.0 -9999.0 -9999.0 -9999.0 -9999.0
-9999.0 -9999.0 -9999.0 -9999.0 -9999.0 -9999.0 -9999.0 -9999.0 -9999.0 0.280210 0.279796 0.280017 0.279134 0.279937 0.278063 0.278357 0.277816 0.278771 0.279159 0.280189 0.282025 0.280264 0.279981 0.281004 0.280831 0.280836 0.281125 0.283638 0.286052 0.291094 0.286084 0.285935 0.288308 0.299216 0.306319 0.307916 0.304559 0.304578 0.308855 0.313597 0.312881 0.312257 0.317481 0.320103 0.322006 0.317655 0.313766 0.313097 0.320040 0.309141 0.299130 0.287313 0.288600 0.285624 0.282483 0.281654 0.280902 0.284004 0.283196 0.281078 0.279352 0.280737 0.279433 0.280682 0.280983 0.283947 0.286311 0.288798 0.288913 0.287216 -9999.0 -9999.0 -9999.0 -9999.0 -9999.0 -9999.0 -9999.0 -9999.0 -9999.0 -9999.0
-9999.0 -9999.0 -9999.0 -9999.0 -9999.0 -9999.0 0.279216 0.278947 0.279390 0.276968 0.278206 0.276925 0.277727 0.277836 0.278166 0.277745 0.278851 0.279539 0.280869 0.282701 0.284514 0.282693 0.283019 0.285850 0.293970 0.300365 0.303287 0.308352 0.324918 0.338058 0.345266 0.349244 0.364222 0.370000 0.370000 0.370000 0.370000 0.370000 0.370000 0.370000 0.370000 0.370000 0.370000 0.370000 0.370000 0.370000 0.370000 0.370000 0.370000 0.370000 0.370000 0.365715 0.333972 0.320593 0.305325 0.296429 0.294383 0.294023 0.290258 0.285326 0.282673 0.283287 0.282984 0.281644 0.282358 0.283363 0.285126 0.286369 0.285561 0.284671 0.284395 0.282300 0.282767 0.284859 -9999.0 -9999.0 -9999.0 -9999.0 -9999.0 -9999.0
-9999.0 -9999.0 -9999.0 -9999.0 0.276248 0.277175 0.274120 0.275649 0.276626 0.277184 0.276594 0.277675 0.277524 0.278047 0.279508 0.280122 0.281930 0.282859 0.287269 0.299622 0.308918 0.313675 0.315477 0.334394 0.369998 0.370000 0.370000 0.370000 0.370000 0.370000 0.370000 0.370000 0.370000 0.370000 0.370000 0.370000 0.370000 0.370000 0.370000 0.370000 0.370000 0.370000 0.370000 0.370000 0.370000 0.370000 0.370000 0.370000 0.370000 0.370000 0.370000 0.370000 0.370000 0.370000 0.370000 0.370000 0.369999 0.352939 0.326386 0.314453 0.302228 0.296033 0.290341 0.288484 0.285216 0.286183 0.287539 0.286026 0.284222 0.282469 0.282809 0.282109 0.280733 0.283720 0.284253 0.287063 -9999.0 -9999.0 -9999.0 -9999.0
-9999.0 -9999.0 0.276612 0.276206 0.278439 0.276523 0.275390 0.273790 0.274001 0.275856 0.279096 0.279436 0.280896 0.281237 0.285683 0.299825 0.312291 0.320907 0.342538 0.369999 0.370000 0.370000 0.370000 0.370000 0.370000 0.370000 0.370000 0.370000 0.370000 0.370000 0.370000 0.370000 0.370000 0.370000 0.370000 0.370000 0.370000 0.370000 0.370000 0.370000 0.370000 0.370000 0.370000 0.370000 0.370000 0.370000 0.370000 0.370000 0.370000 0.370000 0.370000 0.370000 0.370000 0.370000 0.370000 0.370000 0.370000 0.370000 0.370000 0.370000 0.370000 0.369998 0.333345 0.317813 0.305327 0.297617 0.291590 0.288334 0.285422 0.282317 0.281785 0.281627 0.282548 0.281816 0.283315 0.284152 0.285827 0.286284 -9999.0 -9999.0
-9999.0 0.276399 0.274944 0.278749 0.278324 0.278362 0.278500 0.278562 0.279117 0.276762 0.285147 0.301625 0.315248 0.319211 0.337514 0.369999 0.370000 0.370000 0.370000 0.370000 0.370000 0.370000 0.370000 0.370000 0.370000 0.370000 0.370000 0.370000 0.370000 0.370000 0.370000 0.370000 0.370000 0.370000 0.370000 0.370000 0.370000 0.370000 0.370000 0.370000 0.370000 0.370000 0.370000 0.370000 0.370000 0.370000 0.370000 0.370000 0.370000 0.370000 0.370000 0.370000 0.370000 0.370000 0.370000 0.370000 0.370000 0.370000 0.370000 0.370000 0.370000 0.370000 0.370000 0.370000 0.369999 0.332572 0.313740 0.300195 0.291377 0.288740 0.287350 0.282766 0.282077 0.283761 0.283155 0.283123 0.283751 0.284164 -9999.0 -9999.0
-9999.0 0.271906 0.275676 0.278873 0.281948 0.280118 0.295983 0.307015 0.309227 0.301593 0.328224 0.370000 0.370000 0.370000 0.370000 0.370000 0.370000 0.370000 0.370000 0.370000 0.370000 0.370000 0.370000 0.370000 0.370000 0.370000 0.370000 0.370000 0.370000 0.370000 0.370000 0.370000 0.370000 0.370000 0.370000 0.370000 0.370000 0.370000 0.370000 0.370000 0.370000 0.370000 0.370000 0.370000 0.370000 0.370000 0.370000 0.370000 0.370000 0.370000 0.370000 0.370000 0.370000 0.370000 0.370000 0.370000 0.370000 0.370000 0.370000 0.370000 0.370000 0.370000 0.370000 0.370000 0.370000 0.370000 0.370000 0.360752 0.326446 0.315117 0.303988 0.293598 0.287265 0.286902 0.283665 0.284130 -9999.0 -9999.0 -9999.0 -9999.0
-9999.0 0.271845 0.275351 0.281809 0.295113 0.316823 0.370000 0.370000 0.370000 0.370000 0.370000 0.370000 0.370000 0.370000 0.370000 0.370000 0.370000 0.370000 0.370000 0.370000 0.370000 0.370000 0.370000 0.370000 0.370000 0.370000 0.370000 0.370000 0.370000 0.370000 0.370000 0.370000 0.370000 0.370000 0.370000 0.369984 0.334801 0.331591 0.327786 0.319975 0.316515 0.313591 0.317425 0.316493 0.316065 0.317896 0.322780 0.326356 0.341786 0.369998 0.370000 0.370000 0.370000 0.370000 0.370000 0.370000 0.370000 0.370000 0.370000 0.370000 0.370000 0.370000 0.370000 0.370000 0.370000 0.370000 0.370000 0.370000 0.370000 0.370000 0.369998 0.333476 0.313466 0.295639 0.291891 -9999.0 -9999.0 -9999.0 -9999.0 -9999.0
-9999.0 0.265658 0.275883 0.280871 0.307040 0.369999 0.370000 0.370000 0.370000 0.370000 0.370000 0.370000 0.370000 0.370000 0.370000 0.370000 0.370000 0.370000 0.370000 0.370000 0.370000 0.370000 0.370000 0.370000 0.370000 0.370000 0.370000 0.370000 0.370000 0.370000 0.355079 0.339000 0.318595 0.306616 0.299679 0.291491 0.284520 0.284950 0.287373 0.285684 0.283960 0.281703 0.284288 0.285228 0.286329 0.284707 0.284683 0.287621 0.292416 0.298621 0.308774 0.319627 0.331533 0.365029 0.370000 0.370000 0.370000 0.370000 0.370000 0.370000 0.370000 0.370000 0.370000 0.370000 0.370000 0.370000 0.370000 0.370000 0.370000 0.370000 0.370000 0.370000 0.370000 -9999.0 -9999.0 -9999.0 -9999.0 -9999.0 -9999.0 -9999.0
-9999.0 0.262325 0.273762 0.274278 0.283968 0.303651 0.333644 0.369999 0.370000 0.370000 0.370000 0.370000 0.370000 0.370000 0.370000 0.370000 0.370000 0.370000 0.370000 0.370000 0.370000 0.369922 0.365459 0.358584 0.341392 0.334406 0.330985 0.324753 0.316852 0.307287 0.291551 0.285544 0.281531 0.280752 0.280068 0.279155 0.276388 0.278299 0.279536 0.279277 0.278411 0.277612 0.279726 0.280184 0.280782 0.278548 0.279824 0.280463 0.282382 0.284073 0.286648 0.290721 0.296508 0.300944 0.307081 0.313940 0.323463 0.350727 0.370000 0.370000 0.370000 0.370000 0.370000 0.370000 0.370000 0.370000 0.370000 0.370000 0.370000 0.370000 0.370000 -9999.0 -9999.0 -9999.0 -9999.0 -9999.0 -9999.0 -9999.0 -9999.0 -9999.0
-9999.0 -9999.0 0.259879 0.264317 0.267981 0.271138 0.275618 0.283347 0.286828 0.292674 0.300479 0.308883 0.313970 0.316403 0.313009 0.305819 0.301865 0.302470 0.301347 0.299302 0.294526 0.291135 0.289794 0.289064 0.287259 0.286654 0.286522 0.286194 0.285289 0.282503 0.280236 0.278849 0.276810 0.277472 0.277337 0.276548 0.277611 0.277374 0.277581 0.277398 0.277613 0.277985 0.278278 0.278796 0.278649 0.278785 0.278829 0.279253 0.279856 0.280534 0.282354 0.285299 0.287387 0.287712 0.286118 0.286506 0.288149 0.292351 0.310270 0.335381 0.370000 0.370000 0.370000 0.370000 0.370000 0.370000 0.370000 0.370000 0.370000 0.370000 -9999.0 -9999.0 -9999.0 -9999.0 -9999.0 -9999.0 -9999.0 -9999.0 -9999.0 -9999.0
-9999.0 -9999.0 -9999.0 -9999.0 0.257800 0.264182 0.270155 0.269206 0.273143 0.275002 0.276396 0.278125 0.279494 0.280558 0.278820 0.278727 0.278614 0.279030 0.278785 0.278418 0.278344 0.278154 0.278037 0.277700 0.277955 0.278400 0.278586 0.277998 0.278334 0.277257 0.277523 0.277100 0.276645 0.275869 0.276236 0.276198 0.276686 0.276205 0.276912 0.276380 0.276838 0.276940 0.277389 0.278225 0.277590 0.278072 0.277941 0.278481 0.278233 0.279412 0.281454 0.283813 0.285341 0.285090 0.282483 0.281660 0.280860 0.282208 0.284102 0.289076 0.306645 0.321787 0.350733 0.370000 0.370000 0.370000 0.370000 0.370000 -9999.0 -9999.0 -9999.0 -9999.0 -9999.0 -9999.0 -9999.0 -9999.0 -9999.0 -9999.0 -9999.0 -9999.0
-9999.0 -9999.0 -9999.0 -9999.0 -9999.0 -9999.0 0.260757 0.263986 0.262804 0.265045 0.266907 0.268200 0.270414 0.269834 0.270519 0.272528 0.272288 0.271413 0.270243 0.272050 0.272833 0.273084 0.271192 0.271824 0.272026 0.272759 0.272681 0.273114 0.271511 0.273661 0.274756 0.274559 0.274382 0.274914 0.274526 0.275840 0.275998 0.274975 0.274624 0.276028 0.276323 0.275972 0.276063 0.276802 0.278012 0.278063 0.277325 0.276219 0.277166 0.279478 0.281728 0.283485 0.284592 0.285174 0.283256 0.280389 0.278910 0.278424 0.279126 0.280460 0.285010 0.287712 0.290212 0.296954 0.301522 0.322186 -9999.0 -9999.0 -9999.0 -9999.0 -9999.0 -9999.0 -9999.0 -9999.0 -9999.0 -9999.0 -9999.0 -9999.0 -9999.0 -9999.0
-9999.0 -9999.0 -9999.0 -9999.0 -9999.0 -9999.0 -9999.0 -9999.0 -9999.0 -9999.0 -9999.0 -9999.0 -9999.0 -9999.0 -9999.0 -9999.0 -9999.0 -9999.0 -9999.0 -9999.0 -9999.0 -9999.0 -9999.0 -9999.0 -9999.0 -9999.0 -9999.0 -9999.0 -9999.0 -9999.0 -9999.0 -9999.0 -9999.0 -9999.0 -9999.0 -9999.0 -9999.0 -9999.0 -9999.0 -9999.0 -9999.0 -9999.0 -9999.0 -9999.0 -9999.0 -9999.0 -9999.0 -9999.0 -9999.0 -9999.0 -9999.0 -9999.0 -9999.0 -9999.0 -9999.0 -9999.0 -9999.0 -9999.0 -9999.0 -9999.0 -9999.0 -9999.0 -9999.0 -9999.0 -9999.0 -9999.0 -9999.0 -9999.0 -9999.0 -9999.0 -9999.0 -9999.0 -9999.0 -9999.0 -9999.0 -9999.0 -9999.0 -9999.0 -9999.0 -9999.0
-9999.0 -9999.0 -9999.0 -9999.0 -9999.0 -9999.0 -9999.0 -9999.0 -9999.0 -9999.0 -9999.0 -9999.0 -9999.0 -9999.0 -9999.0 -9999.0 -9999.0 -9999.0 -9999.0 -9999.0 -9999.0 -9999.0 -9999.0 -9999.0 -9999.0 -9999.0 -9999.0 -9999.0 -9999.0 -9999.0 -9999.0 -9999.0 -9999.0 -9999.0 -9999.0 -9999.0 -9999.0 -9999.0 -9999.0 -9999.0 -9999.0 -9999.0 -9999.0 -9999.0 -9999.0 -9999.0 -9999.0 -9999.0 -9999.0 -9999.0 -9999.0 -9999.0 -9999.0 -9999.0 -9999.0 -9999.0 -9999.0 -9999.0 -9999.0 -9999.0 -9999.0 -9999.0 -9999.0 -9999.0 -9999.0 -9999.0 -9999.0 -9999.0 -9999.0 -9999.0 -9999.0 -9999.0 -9999.0 -9999.0 -9999.0 -9999.0 -9999.0 -9999.0 -9999.0 -9999.0