Borden_/Borden1m_014/output_maps/thetaliqL0003N0015.asc
ncols         80
nrows         18
xllcorner     620200.000000
yllcorner     5168000.000000
cellsize      1.000000
NODATA_value  -9999.0
-9999.0 -9999.0 -9999.0 -9999.0 -9999.0 -9999.0 -9999.0 -9999.0 -9999.0 -9999.0 -9999.0 -9999.0 -9999.0 -9999.0 -9999.0 -9999.0 -9999.0 -9999.0 -9999.0 -9999.0 -9999.0 -9999.0 -9999.0 -9999.0 -9999.0 -9999.0 -9999.0 -9999.0 -9999.0 -9999.0 -9999.0 -9999.0 -9999.0 -9999.0 -9999.0 -9999.0 -9999.0 -9999.0 -9999.0 -9999.0 -9999.0 -9999.0 -9999.0 -9999.0 -9999.0 -9999.0 -9999.0 -9999.0 -9999.0 -9999.0 -9999.0 -9999.0 -9999.0 -9999.0 -9999.0 -9999.0 -9999.0 -9999.0 -9999.0 -9999.0 -9999.0 -9999.0 -9999.0 -9999.0 -9999.0 -9999.0 -9999.0 -9999.0 -9999.0 -9999.0 -9999.0 -9999.0 -9999.0 -9999.0 -9999.0 -9999.0 -9999.0 -9999.0 -9999.0 -9999.0
-9999.0 -9999.0 -9999.0 -9999.0 -9999.0 -9999.0 -9999.0 -9999.0 -9999.0 -9999.0 -9999.0 -9999.0 -9999.0 -9999.0 -9999.0 -9999.0 -9999.0 -9999.0 -9999.0 -9999.0 -9999.0 -9999.0 -9999.0 -9999.0 -9999.0 -9999.0 -9999.0 -9999.0 -9999.0 -9999.0 -9999.0 -9999.0 -9999.0 -9999.0 -9999.0 -9999.0 -9999.0 -9999.0 -9999.0 -9999.0 -9999.0 -9999.0 -9999.0 -9999.0 -9999.0 -9999.0 -9999.0 -9999.0 -9999.0 -9999.0 -9999.0 -9999.0 -9999.0 -9999.0 -9999.0 -9999.0 -9999.0 -9999.0 -9999.0 -9999.0 -9999.0 -9999.0 -9999.0 -9999.0 -9999.0 -9999.0 -9999.0 -9999.0 -9999.0 -9999.0 -9999.0 -9999.0 -9999.0 -9999.0 -9999.0 -9999.0 -9999.0 -9999.0 -9999.0 -9999.0
-9999.0 -9999.0 -9999.0 -9999.0 -9999.0 -9999.0 -9999.0 -9999.0 -9999.0 -9999.0 -9999.0 -9999.0 -9999.0 -9999.0 -9999.0 -9999.0 -9999.0 -9999.0 -9999.0 -9999.0 0.229748 0.231156 0.228278 0.225010 0.222192 0.221800 0.224909 0.228408 0.232420 0.233113 0.229746 0.230660 0.229309 0.228451 0.228308 0.229258 0.229762 0.231004 0.231760 0.231311 0.230300 0.229625 0.228971 0.229123 0.230309 0.228678 0.230971 0.233138 0.233834 0.233945 0.231162 0.230077 0.229683 0.227007 0.231812 0.233084 0.236439 0.236703 0.237410 0.233659 0.229926 -9999.0 -9999.0 -9999.0 -9999.0 -9999.0 -9999.0 -9999.0 -9999.0 -9999.0 -9999.0 -9999.0 -9999.0 -9999.0 -9999.0 -9999.0 -9999.0 -9999.0 -9999.0 -9999.0
-9999.0 -9999.0 -9999.0 -9999.0 -9999.0 -9999.0 -9999.0 -9999.0 -9999.0 -9999.0 -9999.0 -9999.0 -9999.0 -9999.0 0.224781 0.223139 0.222357 0.221774 0.224578 0.226704 0.226636 0.224934 0.226405 0.223158 0.220236 0.221966 0.224333 0.226130 0.229231 0.231606 0.229308 0.228735 0.229893 0.234148 0.235927 0.234963 0.229742 0.234667 0.236967 0.238416 0.238209 0.235830 0.238960 0.242634 0.240669 0.236764 0.237717 0.239906 0.243463 0.241923 0.229580 0.228623 0.229385 0.229795 0.228078 0.226813 0.231639 0.230856 0.230145 0.229501 0.226885 0.222423 0.220373 0.225137 0.229128 0.237405 -9999.0 -9999.0 -9999.0 -9999.0 -9999.0 -9999.0 -9999.0 -9999.0 -9999.0 -9999.0 -9999.0 -9999.0 -9999.0 -9999.0
-9999.0 -9999.0 -9999.0 -9999.0 -9999.0 -9999.0 -9999.0 -9999.0 -9999.0 0.222303 0.221820 0.222255 0.221101 0.222510 0.219960 0.220504 0.219958 0.221897 0.223327 0.225902 0.229467 0.226708 0.226317 0.228148 0.228158 0.228717 0.230127 0.235723 0.241755 0.251519 0.242572 0.242064 0.245982 0.263413 0.278459 0.281967 0.275315 0.275235 0.283824 0.293212 0.292291 0.291290 0.300568 0.305375 0.308746 0.301340 0.294031 0.292654 0.304139 0.284458 0.263459 0.243947 0.246711 0.240583 0.233762 0.231350 0.230277 0.235703 0.233811 0.229118 0.225267 0.226729 0.224430 0.226713 0.228101 0.234353 0.239823 0.245144 0.245388 0.241965 -9999.0 -9999.0 -9999.0 -9999.0 -9999.0 -9999.0 -9999.0 -9999.0 -9999.0 -9999.0
-9999.0 -9999.0 -9999.0 -9999.0 -9999.0 -9999.0 0.219658 0.219419 0.220311 0.217125 0.219208 0.217617 0.219085 0.219638 0.220560 0.220426 0.222778 0.224777 0.228195 0.232701 0.236953 0.234317 0.235330 0.241185 0.251632 0.264734 0.271813 0.282944 0.312604 0.332468 0.341145 0.344995 0.357858 0.370000 0.370000 0.370000 0.370000 0.370000 0.370000 0.370000 0.370000 0.370000 0.370000 0.370000 0.370000 0.370000 0.370000 0.370000 0.370000 0.370000 0.370000 0.359224 0.325924 0.305523 0.277398 0.258809 0.253258 0.257754 0.250570 0.240021 0.233763 0.234029 0.232908 0.230476 0.231740 0.234207 0.238036 0.240491 0.238684 0.236282 0.234617 0.230467 0.231178 0.235216 -9999.0 -9999.0 -9999.0 -9999.0 -9999.0 -9999.0
-9999.0 -9999.0 -9999.0 -9999.0 0.215029 0.216424 0.212147 0.214494 0.216233 0.217492 0.217267 0.219485 0.219936 0.221452 0.224759 0.227044 0.231557 0.234779 0.244077 0.263800 0.283052 0.292851 0.296785 0.324046 0.369999 0.370000 0.370000 0.370000 0.370000 0.370000 0.370000 0.370000 0.370000 0.370000 0.370000 0.370000 0.370000 0.370000 0.370000 0.370000 0.370000 0.370000 0.370000 0.370000 0.370000 0.370000 0.370000 0.370000 0.370000 0.370000 0.370000 0.370000 0.370000 0.370000 0.370000 0.370000 0.370000 0.346983 0.315325 0.294587 0.269831 0.258791 0.251020 0.246605 0.240154 0.241626 0.243698 0.240422 0.236160 0.232092 0.231788 0.230014 0.227803 0.233150 0.234837 0.240385 -9999.0 -9999.0 -9999.0 -9999.0
-9999.0 -9999.0 0.214952 0.214863 0.218571 0.216093 0.214566 0.212482 0.213191 0.216630 0.222949 0.225219 0.229158 0.231169 0.240532 0.264508 0.289911 0.306177 0.335696 0.370000 0.370000 0.370000 0.370000 0.370000 0.370000 0.370000 0.370000 0.370000 0.370000 0.370000 0.370000 0.370000 0.370000 0.370000 0.370000 0.370000 0.370000 0.370000 0.370000 0.370000 0.370000 0.370000 0.370000 0.370000 0.370000 0.370000 0.370000 0.370000 0.370000 0.370000 0.370000 0.370000 0.370000 0.370000 0.370000 0.370000 0.370000 0.370000 0.370000 0.370000 0.370000 0.364721 0.323403 0.299848 0.276187 0.266430 0.254383 0.246807 0.239719 0.232903 0.230975 0.229882 0.231024 0.230165 0.232976 0.234975 0.238092 0.239199 -9999.0 -9999.0
-9999.0 0.213917 0.212413 0.218884 0.219622 0.220646 0.221819 0.222863 0.224468 0.221959 0.238460 0.268888 0.296121 0.303879 0.329959 0.370000 0.370000 0.370000 0.370000 0.370000 0.370000 0.370000 0.370000 0.370000 0.370000 0.370000 0.370000 0.370000 0.370000 0.370000 0.370000 0.370000 0.370000 0.370000 0.370000 0.370000 0.370000 0.370000 0.370000 0.370000 0.370000 0.370000 0.370000 0.370000 0.370000 0.370000 0.370000 0.370000 0.370000 0.370000 0.370000 0.370000 0.370000 0.370000 0.370000 0.370000 0.370000 0.370000 0.370000 0.370000 0.370000 0.370000 0.370000 0.370000 0.370000 0.320944 0.292893 0.271270 0.254343 0.247675 0.243556 0.234198 0.231990 0.234330 0.233086 0.232954 0.234174 0.235099 -9999.0 -9999.0
-9999.0 0.207306 0.213278 0.219894 0.227949 0.228064 0.255264 0.279339 0.285056 0.273100 0.317219 0.370000 0.370000 0.370000 0.370000 0.370000 0.370000 0.370000 0.370000 0.370000 0.370000 0.370000 0.370000 0.370000 0.370000 0.370000 0.370000 0.370000 0.370000 0.370000 0.370000 0.370000 0.370000 0.370000 0.370000 0.370000 0.370000 0.370000 0.370000 0.370000 0.370000 0.370000 0.370000 0.370000 0.370000 0.370000 0.370000 0.370000 0.370000 0.370000 0.370000 0.370000 0.370000 0.370000 0.370000 0.370000 0.370000 0.370000 0.370000 0.370000 0.370000 0.370000 0.370000 0.370000 0.370000 0.370000 0.370000 0.354506 0.314678 0.294962 0.274145 0.257976 0.244814 0.242403 0.235611 0.234927 -9999.0 -9999.0 -9999.0 -9999.0
-9999.0 0.206762 0.212501 0.225119 0.255199 0.294479 0.370000 0.370000 0.370000 0.370000 0.370000 0.370000 0.370000 0.370000 0.370000 0.370000 0.370000 0.370000 0.370000 0.370000 0.370000 0.370000 0.370000 0.370000 0.370000 0.370000 0.370000 0.370000 0.370000 0.370000 0.370000 0.370000 0.370000 0.370000 0.370000 0.363573 0.326569 0.323445 0.317516 0.304565 0.298194 0.293338 0.299865 0.298141 0.297459 0.301036 0.309695 0.315476 0.335208 0.364226 0.370000 0.370000 0.370000 0.370000 0.370000 0.370000 0.370000 0.370000 0.370000 0.370000 0.370000 0.370000 0.370000 0.370000 0.370000 0.370000 0.370000 0.370000 0.370000 0.370000 0.369100 0.322680 0.290748 0.261703 0.253058 -9999.0 -9999.0 -9999.0 -9999.0 -9999.0
-9999.0 0.197579 0.212407 0.222587 0.274426 0.370000 0.370000 0.370000 0.370000 0.370000 0.370000 0.370000 0.370000 0.370000 0.370000 0.370000 0.370000 0.370000 0.370000 0.370000 0.370000 0.370000 0.370000 0.370000 0.370000 0.370000 0.370000 0.370000 0.370000 0.370000 0.349462 0.332956 0.301743 0.277672 0.262357 0.248794 0.237923 0.238442 0.242661 0.239344 0.235706 0.231703 0.236532 0.238699 0.240820 0.238082 0.238624 0.244881 0.254929 0.264607 0.282604 0.303620 0.322409 0.357962 0.370000 0.370000 0.370000 0.370000 0.370000 0.370000 0.370000 0.370000 0.370000 0.370000 0.370000 0.370000 0.370000 0.370000 0.370000 0.370000 0.370000 0.370000 0.370000 -9999.0 -9999.0 -9999.0 -9999.0 -9999.0 -9999.0 -9999.0
-9999.0 0.192970 0.208704 0.210469 0.228920 0.268290 0.321126 0.370000 0.370000 0.370000 0.370000 0.370000 0.370000 0.370000 0.370000 0.370000 0.370000 0.370000 0.370000 0.370000 0.370000 0.362056 0.359591 0.354116 0.336100 0.327188 0.322223 0.312370 0.297973 0.278876 0.251789 0.239435 0.230688 0.227888 0.225725 0.223399 0.218594 0.221437 0.223532 0.223051 0.221537 0.220353 0.224045 0.225267 0.226409 0.222983 0.225308 0.227219 0.231674 0.236147 0.242567 0.252110 0.264373 0.272154 0.279608 0.293138 0.310097 0.345010 0.370000 0.370000 0.370000 0.370000 0.370000 0.370000 0.370000 0.370000 0.370000 0.370000 0.370000 0.370000 0.370000 -9999.0 -9999.0 -9999.0 -9999.0 -9999.0 -9999.0 -9999.0 -9999.0 -9999.0
-9999.0 -9999.0 0.189532 0.195642 0.200874 0.206491 0.214668 0.224697 0.234177 0.246528 0.263425 0.281437 0.292347 0.297230 0.290520 0.276182 0.267569 0.268314 0.265921 0.260693 0.250874 0.248182 0.246622 0.245513 0.242585 0.241370 0.240894 0.239800 0.237227 0.231064 0.225852 0.222269 0.218144 0.218491 0.217901 0.216466 0.217861 0.217512 0.217905 0.217687 0.218076 0.218788 0.219571 0.220709 0.220721 0.221062 0.221417 0.222596 0.224391 0.226753 0.231468 0.238437 0.243697 0.244868 0.241866 0.242680 0.246405 0.255119 0.285709 0.325639 0.370000 0.370000 0.370000 0.370000 0.370000 0.370000 0.370000 0.370000 0.370000 0.370000 -9999.0 -9999.0 -9999.0 -9999.0 -9999.0 -9999.0 -9999.0 -9999.0 -9999.0 -9999.0
-9999.0 -9999.0 -9999.0 -9999.0 0.186627 0.195425 0.203794 0.202822 0.209044 0.212842 0.216311 0.220470 0.223930 0.226176 0.223405 0.223003 0.222533 0.222966 0.222370 0.221700 0.221454 0.221046 0.220592 0.219955 0.220291 0.220987 0.221194 0.220090 0.220163 0.218158 0.218080 0.216947 0.215836 0.214450 0.214817 0.214715 0.215386 0.214674 0.215730 0.215089 0.215880 0.216203 0.217122 0.218670 0.218021 0.218910 0.218904 0.220026 0.220349 0.223331 0.228220 0.233883 0.237710 0.237473 0.232409 0.230367 0.229051 0.232122 0.237238 0.248556 0.278547 0.306871 0.344634 0.370000 0.370000 0.370000 0.370000 0.370000 -9999.0 -9999.0 -9999.0 -9999.0 -9999.0 -9999.0 -9999.0 -9999.0 -9999.0 -9999.0 -9999.0 -9999.0
-9999.0 -9999.0 -9999.0 -9999.0 -9999.0 -9999.0 0.190605 0.195131 0.193637 0.197200 0.200416 0.202877 0.206600 0.206159 0.207342 0.210347 0.209975 0.208570 0.206784 0.209424 0.210631 0.210903 0.208017 0.208862 0.209191 0.210287 0.210174 0.210692 0.208273 0.211293 0.212786 0.212302 0.211843 0.212464 0.211858 0.213728 0.213952 0.212462 0.211992 0.214119 0.214700 0.214351 0.214701 0.216087 0.218153 0.218435 0.217452 0.216057 0.218057 0.222768 0.228012 0.232597 0.235582 0.236644 0.232471 0.226739 0.223850 0.223347 0.225529 0.229722 0.240226 0.247409 0.252874 0.260891 0.271220 0.309326 -9999.0 -9999.0 -9999.0 -9999.0 -9999.0 -9999.0 -9999.0 -9999.0 -9999.0 -9999.0 -9999.0 -9999.0 -9999.0 -9999.0
-9999.0 -9999.0 -9999.0 -9999.0 -9999.0 -9999.0 -9999.0 -9999.0 -9999.0 -9999.0 -9999.0 -9999.0 -9999.0 -9999.0 -9999.0 -9999.0 -9999.0 -9999.0 -9999.0 -9999.0 -9999.0 -9999.0 -9999.0 -9999.0 -9999.0 -9999.0 -9999.0 -9999.0 -9999.0 -9999.0 -9999.0 -9999.0 -9999.0 -9999.0 -9999.0 -9999.0 -9999.0 -9999.0 -9999.0 -9999.0 -9999.0 -9999.0 -9999.0 -9999.0 -9999.0 -9999.0 -9999.0 -9999.0 -9999.0 -9999.0 -9999.0 -9999.0 -9999.0 -9999.0 -9999.0 -9999.0 -9999.0 -9999.0 -9999.0 -9999.0 -9999.0 -9999.0 -9999.0 -9999.0 -9999.0 -9999.0 -9999.0 -9999.0 -9999.0 -9999.0 -9999.0 -9999.0 -9999.0 -9999.0 -9999.0 -9999.0 -9999.0 -9999.0 -9999.0 -9999.0
-9999.0 -9999.0 -9999.0 -9999.0 -9999.0 -9999.0 -9999.0 -9999.0 -9999.0 -9999.0 -9999.0 -9999.0 -9999.0 -9999.0 -9999.0 -9999.0 -9999.0 -9999.0 -9999.0 -9999.0 -9999.0 -9999.0 -9999.0 -9999.0 -9999.0 -9999.0 -9999.0 -9999.0 -9999.0 -9999.0 -9999.0 -9999.0 -9999.0 -9999.0 -9999.0 -9999.0 -9999.0 -9999.0 -9999.0 -9999.0 -9999.0 -9999.0 -9999.0 -9999.0 -9999.0 -9999.0 -9999.0 -9999.0 -9999.0 -9999.0 -9999.0 -9999.0 -9999.0 -9999.0 -9999.0 -9999.0 -9999.0 -9999.0 -9999.0 -9999.0 -9999.0 -9999.0 -9999.0 -9999.0 -9999.0 -9999.0 -9999.0 -9999.0 -9999.0 -9999.0 -9999.0 -9999.0 -9999.0 -9999.0 -9999.0 -9999.0 -9999.0 -9999.0 -9999.0 -9999.0