Borden_/Borden1m_014/output_maps/thetaliqL0007N0012.asc
ncols         80
nrows         18
xllcorner     620200.000000
yllcorner     5168000.000000
cellsize      1.000000
NODATA_value  -9999.0
-9999.0 -9999.0 -9999.0 -9999.0 -9999.0 -9999.0 -9999.0 -9999.0 -9999.0 -9999.0 -9999.0 -9999.0 -9999.0 -9999.0 -9999.0 -9999.0 -9999.0 -9999.0 -9999.0 -9999.0 -9999.0 -9999.0 -9999.0 -9999.0 -9999.0 -9999.0 -9999.0 -9999.0 -9999.0 -9999.0 -9999.0 -9999.0 -9999.0 -9999.0 -9999.0 -9999.0 -9999.0 -9999.0 -9999.0 -9999.0 -9999.0 -9999.0 -9999.0 -9999.0 -9999.0 -9999.0 -9999.0 -9999.0 -9999.0 -9999.0 -9999.0 -9999.0 -9999.0 -9999.0 -9999.0 -9999.0 -9999.0 -9999.0 -9999.0 -9999.0 -9999.0 -9999.0 -9999.0 -9999.0 -9999.0 -9999.0 -9999.0 -9999.0 -9999.0 -9999.0 -9999.0 -9999.0 -9999.0 -9999.0 -9999.0 -9999.0 -9999.0 -9999.0 -9999.0 -9999.0
-9999.0 -9999.0 -9999.0 -9999.0 -9999.0 -9999.0 -9999.0 -9999.0 -9999.0 -9999.0 -9999.0 -9999.0 -9999.0 -9999.0 -9999.0 -9999.0 -9999.0 -9999.0 -9999.0 -9999.0 -9999.0 -9999.0 -9999.0 -9999.0 -9999.0 -9999.0 -9999.0 -9999.0 -9999.0 -9999.0 -9999.0 -9999.0 -9999.0 -9999.0 -9999.0 -9999.0 -9999.0 -9999.0 -9999.0 -9999.0 -9999.0 -9999.0 -9999.0 -9999.0 -9999.0 -9999.0 -9999.0 -9999.0 -9999.0 -9999.0 -9999.0 -9999.0 -9999.0 -9999.0 -9999.0 -9999.0 -9999.0 -9999.0 -9999.0 -9999.0 -9999.0 -9999.0 -9999.0 -9999.0 -9999.0 -9999.0 -9999.0 -9999.0 -9999.0 -9999.0 -9999.0 -9999.0 -9999.0 -9999.0 -9999.0 -9999.0 -9999.0 -9999.0 -9999.0 -9999.0
-9999.0 -9999.0 -9999.0 -9999.0 -9999.0 -9999.0 -9999.0 -9999.0 -9999.0 -9999.0 -9999.0 -9999.0 -9999.0 -9999.0 -9999.0 -9999.0 -9999.0 -9999.0 -9999.0 -9999.0 0.279591 0.281908 0.263686 0.235916 0.213303 0.214377 0.241656 0.274253 0.302032 0.308947 0.296220 0.296907 0.292903 0.292705 0.294825 0.298949 0.300636 0.308521 0.313989 0.313793 0.309743 0.305806 0.304717 0.307130 0.310423 0.304747 0.313701 0.323078 0.326819 0.324103 0.307356 0.296562 0.291022 0.280526 0.299118 0.308160 0.322735 0.325428 0.325032 0.308749 0.287563 -9999.0 -9999.0 -9999.0 -9999.0 -9999.0 -9999.0 -9999.0 -9999.0 -9999.0 -9999.0 -9999.0 -9999.0 -9999.0 -9999.0 -9999.0 -9999.0 -9999.0 -9999.0 -9999.0
-9999.0 -9999.0 -9999.0 -9999.0 -9999.0 -9999.0 -9999.0 -9999.0 -9999.0 -9999.0 -9999.0 -9999.0 -9999.0 -9999.0 0.208832 0.201019 0.198484 0.204338 0.229950 0.253711 0.263811 0.257357 0.256936 0.237464 0.221080 0.231750 0.254808 0.279221 0.303801 0.316862 0.308354 0.306239 0.313046 0.329313 0.336795 0.335540 0.324257 0.336029 0.343204 0.346918 0.346511 0.343099 0.348647 0.353780 0.351808 0.345791 0.347008 0.350983 0.355258 0.350843 0.321407 0.308237 0.306749 0.302808 0.293958 0.289524 0.307478 0.308601 0.303466 0.291095 0.266602 0.231357 0.217784 0.248796 0.284621 0.323991 -9999.0 -9999.0 -9999.0 -9999.0 -9999.0 -9999.0 -9999.0 -9999.0 -9999.0 -9999.0 -9999.0 -9999.0 -9999.0 -9999.0
-9999.0 -9999.0 -9999.0 -9999.0 -9999.0 -9999.0 -9999.0 -9999.0 -9999.0 0.170908 0.172814 0.176945 0.177694 0.187638 0.186265 0.190594 0.195803 0.214397 0.238256 0.266031 0.288111 0.279874 0.279568 0.288545 0.293497 0.302392 0.315734 0.337465 0.353051 0.362161 0.356421 0.355887 0.360390 0.367351 0.369303 0.369530 0.369154 0.369238 0.369686 0.369885 0.369878 0.369866 0.369956 0.369979 0.369985 0.369958 0.369906 0.369899 0.369972 0.369689 0.367330 0.358981 0.358917 0.350667 0.333935 0.321727 0.320073 0.332626 0.324926 0.301731 0.274983 0.268259 0.255590 0.269149 0.287371 0.319887 0.339851 0.350663 0.350969 0.345243 -9999.0 -9999.0 -9999.0 -9999.0 -9999.0 -9999.0 -9999.0 -9999.0 -9999.0 -9999.0
-9999.0 -9999.0 -9999.0 -9999.0 -9999.0 -9999.0 0.132255 0.135598 0.143974 0.146446 0.158437 0.162270 0.173973 0.186003 0.199610 0.211593 0.235147 0.260562 0.292229 0.321272 0.337977 0.335851 0.340172 0.352636 0.362748 0.367219 0.368725 0.369647 0.369992 0.370000 0.370000 0.370000 0.370000 0.370000 0.370000 0.370000 0.370000 0.370000 0.370000 0.370000 0.370000 0.370000 0.370000 0.370000 0.370000 0.370000 0.370000 0.370000 0.370000 0.370000 0.370000 0.370000 0.370000 0.369977 0.369285 0.365909 0.364755 0.366083 0.362260 0.349518 0.331648 0.326321 0.318372 0.309891 0.313894 0.325980 0.338175 0.343366 0.338604 0.329121 0.316312 0.297493 0.299034 0.316226 -9999.0 -9999.0 -9999.0 -9999.0 -9999.0 -9999.0
-9999.0 -9999.0 -9999.0 -9999.0 0.115569 0.119139 0.115561 0.122612 0.134072 0.148416 0.165213 0.188111 0.206594 0.228569 0.261463 0.290725 0.319691 0.337646 0.356737 0.367268 0.369558 0.369861 0.369932 0.369999 0.370000 0.370000 0.370000 0.370000 0.370000 0.370000 0.370000 0.370000 0.370000 0.370000 0.370000 0.370000 0.370000 0.370000 0.370000 0.370000 0.370000 0.370000 0.370000 0.370000 0.370000 0.370000 0.370000 0.370000 0.370000 0.370000 0.370000 0.370000 0.370000 0.370000 0.370000 0.370000 0.370000 0.370000 0.369997 0.369902 0.368716 0.366740 0.362951 0.358187 0.349954 0.350461 0.351704 0.345528 0.332985 0.315863 0.306858 0.294388 0.287483 0.309086 0.320460 0.336925 -9999.0 -9999.0 -9999.0 -9999.0
-9999.0 -9999.0 0.101728 0.113488 0.131656 0.134774 0.135468 0.137086 0.148738 0.176220 0.232536 0.274172 0.306765 0.324821 0.350941 0.367060 0.369750 0.369975 0.370000 0.370000 0.370000 0.370000 0.370000 0.370000 0.370000 0.370000 0.370000 0.370000 0.370000 0.370000 0.370000 0.370000 0.370000 0.370000 0.370000 0.370000 0.370000 0.370000 0.370000 0.370000 0.370000 0.370000 0.370000 0.370000 0.370000 0.370000 0.370000 0.370000 0.370000 0.370000 0.370000 0.370000 0.370000 0.370000 0.370000 0.370000 0.370000 0.370000 0.370000 0.370000 0.370000 0.370000 0.370000 0.369958 0.369412 0.368281 0.364721 0.358395 0.345980 0.326153 0.313171 0.301683 0.300927 0.302092 0.313273 0.323100 0.331630 0.335545 -9999.0 -9999.0
-9999.0 0.087184 0.097062 0.130579 0.168223 0.196733 0.226709 0.249378 0.267476 0.277257 0.343349 0.367244 0.369841 0.369961 0.370000 0.370000 0.370000 0.370000 0.370000 0.370000 0.370000 0.370000 0.370000 0.370000 0.370000 0.370000 0.370000 0.370000 0.370000 0.370000 0.370000 0.370000 0.370000 0.370000 0.370000 0.370000 0.370000 0.370000 0.370000 0.370000 0.370000 0.370000 0.370000 0.370000 0.370000 0.370000 0.370000 0.370000 0.370000 0.370000 0.370000 0.370000 0.370000 0.370000 0.370000 0.370000 0.370000 0.370000 0.370000 0.370000 0.370000 0.370000 0.370000 0.370000 0.370000 0.369999 0.369913 0.369045 0.365116 0.359441 0.352109 0.332015 0.319999 0.321780 0.316848 0.315799 0.320200 0.324079 -9999.0 -9999.0
-9999.0 0.081069 0.097284 0.157871 0.261674 0.306654 0.359587 0.368698 0.369385 0.368790 0.369993 0.370000 0.370000 0.370000 0.370000 0.370000 0.370000 0.370000 0.370000 0.370000 0.370000 0.370000 0.370000 0.370000 0.370000 0.370000 0.370000 0.370000 0.370000 0.370000 0.370000 0.370000 0.370000 0.370000 0.370000 0.370000 0.370000 0.370000 0.370000 0.370000 0.370000 0.370000 0.370000 0.370000 0.370000 0.370000 0.370000 0.370000 0.370000 0.370000 0.370000 0.370000 0.370000 0.370000 0.370000 0.370000 0.370000 0.370000 0.370000 0.370000 0.370000 0.370000 0.370000 0.370000 0.370000 0.370000 0.370000 0.370000 0.369996 0.369904 0.369151 0.365754 0.356360 0.349099 0.333676 0.322938 -9999.0 -9999.0 -9999.0 -9999.0
-9999.0 0.077348 0.094949 0.200048 0.357763 0.369718 0.370000 0.370000 0.370000 0.370000 0.370000 0.370000 0.370000 0.370000 0.370000 0.370000 0.370000 0.370000 0.370000 0.370000 0.370000 0.370000 0.370000 0.370000 0.370000 0.370000 0.370000 0.370000 0.370000 0.370000 0.370000 0.370000 0.370000 0.370000 0.370000 0.370000 0.370000 0.369999 0.369997 0.369976 0.369937 0.369880 0.369947 0.369943 0.369942 0.369961 0.369988 0.369997 0.370000 0.370000 0.370000 0.370000 0.370000 0.370000 0.370000 0.370000 0.370000 0.370000 0.370000 0.370000 0.370000 0.370000 0.370000 0.370000 0.370000 0.370000 0.370000 0.370000 0.370000 0.370000 0.370000 0.369999 0.369760 0.366256 0.361241 -9999.0 -9999.0 -9999.0 -9999.0 -9999.0
-9999.0 0.072315 0.085765 0.171845 0.364785 0.370000 0.370000 0.370000 0.370000 0.370000 0.370000 0.370000 0.370000 0.370000 0.370000 0.370000 0.370000 0.370000 0.370000 0.370000 0.370000 0.370000 0.370000 0.370000 0.370000 0.370000 0.370000 0.370000 0.370000 0.370000 0.370000 0.370000 0.369946 0.369179 0.366427 0.359559 0.344746 0.344205 0.349837 0.343870 0.334238 0.324412 0.337266 0.343570 0.347480 0.343815 0.346951 0.356930 0.364924 0.368174 0.369686 0.369980 0.370000 0.370000 0.370000 0.370000 0.370000 0.370000 0.370000 0.370000 0.370000 0.370000 0.370000 0.370000 0.370000 0.370000 0.370000 0.370000 0.370000 0.370000 0.370000 0.370000 0.370000 -9999.0 -9999.0 -9999.0 -9999.0 -9999.0 -9999.0 -9999.0
-9999.0 0.070095 0.075212 0.096620 0.233856 0.362623 0.369974 0.370000 0.370000 0.370000 0.370000 0.370000 0.370000 0.370000 0.370000 0.370000 0.370000 0.370000 0.370000 0.370000 0.370000 0.370000 0.370000 0.370000 0.370000 0.370000 0.369999 0.369991 0.369926 0.369288 0.362783 0.345972 0.315929 0.291862 0.268995 0.242814 0.212312 0.220814 0.232799 0.229053 0.219094 0.215331 0.238589 0.253100 0.260983 0.249746 0.264076 0.284624 0.313258 0.335412 0.352724 0.363508 0.367996 0.369137 0.369549 0.369904 0.369994 0.370000 0.370000 0.370000 0.370000 0.370000 0.370000 0.370000 0.370000 0.370000 0.370000 0.370000 0.370000 0.370000 0.370000 -9999.0 -9999.0 -9999.0 -9999.0 -9999.0 -9999.0 -9999.0 -9999.0 -9999.0
-9999.0 -9999.0 0.070064 0.073744 0.081677 0.107303 0.162403 0.230915 0.285323 0.338668 0.364040 0.369100 0.369758 0.369869 0.369726 0.368914 0.367629 0.367567 0.366763 0.364814 0.360409 0.358387 0.356394 0.354555 0.350626 0.348241 0.346516 0.342466 0.332402 0.304918 0.265274 0.224078 0.184833 0.169524 0.157373 0.146013 0.144259 0.143753 0.147138 0.147690 0.150107 0.155955 0.167537 0.180479 0.186467 0.190783 0.199356 0.216542 0.242162 0.274007 0.310839 0.339898 0.352760 0.355513 0.352649 0.354188 0.359350 0.365886 0.369758 0.370000 0.370000 0.370000 0.370000 0.370000 0.370000 0.370000 0.370000 0.370000 0.370000 0.370000 -9999.0 -9999.0 -9999.0 -9999.0 -9999.0 -9999.0 -9999.0 -9999.0 -9999.0 -9999.0
-9999.0 -9999.0 -9999.0 -9999.0 0.070725 0.074199 0.078037 0.083505 0.097976 0.123507 0.162297 0.209820 0.248373 0.266105 0.255602 0.249254 0.242031 0.239628 0.233156 0.228297 0.223521 0.217802 0.210078 0.204725 0.204186 0.206741 0.205588 0.196617 0.186411 0.169004 0.155476 0.138841 0.124596 0.115524 0.112016 0.110197 0.110326 0.109058 0.111543 0.113169 0.117383 0.122239 0.130788 0.142486 0.148173 0.155178 0.160271 0.172218 0.191315 0.230076 0.278859 0.316944 0.334289 0.335019 0.319845 0.308572 0.305024 0.321320 0.343524 0.362059 0.369472 0.369989 0.370000 0.370000 0.370000 0.370000 0.370000 0.370000 -9999.0 -9999.0 -9999.0 -9999.0 -9999.0 -9999.0 -9999.0 -9999.0 -9999.0 -9999.0 -9999.0 -9999.0
-9999.0 -9999.0 -9999.0 -9999.0 -9999.0 -9999.0 0.069974 0.071275 0.073192 0.077511 0.084946 0.095852 0.110375 0.116539 0.121158 0.128422 0.126572 0.121042 0.116250 0.121168 0.124045 0.122584 0.114528 0.114114 0.115040 0.117871 0.117641 0.115960 0.109437 0.111360 0.110927 0.105496 0.100202 0.097618 0.095731 0.097418 0.097600 0.095576 0.096044 0.100622 0.104618 0.107685 0.113471 0.123560 0.135438 0.141383 0.141664 0.144374 0.165983 0.212939 0.267803 0.306294 0.324159 0.327193 0.308788 0.277321 0.258092 0.261113 0.285587 0.319576 0.352202 0.362627 0.366356 0.368195 0.369445 0.369997 -9999.0 -9999.0 -9999.0 -9999.0 -9999.0 -9999.0 -9999.0 -9999.0 -9999.0 -9999.0 -9999.0 -9999.0 -9999.0 -9999.0
-9999.0 -9999.0 -9999.0 -9999.0 -9999.0 -9999.0 -9999.0 -9999.0 -9999.0 -9999.0 -9999.0 -9999.0 -9999.0 -9999.0 -9999.0 -9999.0 -9999.0 -9999.0 -9999.0 -9999.0 -9999.0 -9999.0 -9999.0 -9999.0 -9999.0 -9999.0 -9999.0 -9999.0 -9999.0 -9999.0 -9999.0 -9999.0 -9999.0 -9999.0 -9999.0 -9999.0 -9999.0 -9999.0 -9999.0 -9999.0 -9999.0 -9999.0 -9999.0 -9999.0 -9999.0 -9999.0 -9999.0 -9999.0 -9999.0 -9999.0 -9999.0 -9999.0 -9999.0 -9999.0 -9999.0 -9999.0 -9999.0 -9999.0 -9999.0 -9999.0 -9999.0 -9999.0 -9999.0 -9999.0 -9999.0 -9999.0 -9999.0 -9999.0 -9999.0 -9999.0 -9999.0 -9999.0 -9999.0 -9999.0 -9999.0 -9999.0 -9999.0 -9999.0 -9999.0 -9999.0
-9999.0 -9999.0 -9999.0 -9999.0 -9999.0 -9999.0 -9999.0 -9999.0 -9999.0 -9999.0 -9999.0 -9999.0 -9999.0 -9999.0 -9999.0 -9999.0 -9999.0 -9999.0 -9999.0 -9999.0 -9999.0 -9999.0 -9999.0 -9999.0 -9999.0 -9999.0 -9999.0 -9999.0 -9999.0 -9999.0 -9999.0 -9999.0 -9999.0 -9999.0 -9999.0 -9999.0 -9999.0 -9999.0 -9999.0 -9999.0 -9999.0 -9999.0 -9999.0 -9999.0 -9999.0 -9999.0 -9999.0 -9999.0 -9999.0 -9999.0 -9999.0 -9999.0 -9999.0 -9999.0 -9999.0 -9999.0 -9999.0 -9999.0 -9999.0 -9999.0 -9999.0 -9999.0 -9999.0 -9999.0 -9999.0 -9999.0 -9999.0 -9999.0 -9999.0 -9999.0 -9999.0 -9999.0 -9999.0 -9999.0 -9999.0 -9999.0 -9999.0 -9999.0 -9999.0 -9999.0