Borden_/Borden1m_014/output_maps/thetaliqL0003N0036.asc
ncols         80
nrows         18
xllcorner     620200.000000
yllcorner     5168000.000000
cellsize      1.000000
NODATA_value  -9999.0
-9999.0 -9999.0 -9999.0 -9999.0 -9999.0 -9999.0 -9999.0 -9999.0 -9999.0 -9999.0 -9999.0 -9999.0 -9999.0 -9999.0 -9999.0 -9999.0 -9999.0 -9999.0 -9999.0 -9999.0 -9999.0 -9999.0 -9999.0 -9999.0 -9999.0 -9999.0 -9999.0 -9999.0 -9999.0 -9999.0 -9999.0 -9999.0 -9999.0 -9999.0 -9999.0 -9999.0 -9999.0 -9999.0 -9999.0 -9999.0 -9999.0 -9999.0 -9999.0 -9999.0 -9999.0 -9999.0 -9999.0 -9999.0 -9999.0 -9999.0 -9999.0 -9999.0 -9999.0 -9999.0 -9999.0 -9999.0 -9999.0 -9999.0 -9999.0 -9999.0 -9999.0 -9999.0 -9999.0 -9999.0 -9999.0 -9999.0 -9999.0 -9999.0 -9999.0 -9999.0 -9999.0 -9999.0 -9999.0 -9999.0 -9999.0 -9999.0 -9999.0 -9999.0 -9999.0 -9999.0
-9999.0 -9999.0 -9999.0 -9999.0 -9999.0 -9999.0 -9999.0 -9999.0 -9999.0 -9999.0 -9999.0 -9999.0 -9999.0 -9999.0 -9999.0 -9999.0 -9999.0 -9999.0 -9999.0 -9999.0 -9999.0 -9999.0 -9999.0 -9999.0 -9999.0 -9999.0 -9999.0 -9999.0 -9999.0 -9999.0 -9999.0 -9999.0 -9999.0 -9999.0 -9999.0 -9999.0 -9999.0 -9999.0 -9999.0 -9999.0 -9999.0 -9999.0 -9999.0 -9999.0 -9999.0 -9999.0 -9999.0 -9999.0 -9999.0 -9999.0 -9999.0 -9999.0 -9999.0 -9999.0 -9999.0 -9999.0 -9999.0 -9999.0 -9999.0 -9999.0 -9999.0 -9999.0 -9999.0 -9999.0 -9999.0 -9999.0 -9999.0 -9999.0 -9999.0 -9999.0 -9999.0 -9999.0 -9999.0 -9999.0 -9999.0 -9999.0 -9999.0 -9999.0 -9999.0 -9999.0
-9999.0 -9999.0 -9999.0 -9999.0 -9999.0 -9999.0 -9999.0 -9999.0 -9999.0 -9999.0 -9999.0 -9999.0 -9999.0 -9999.0 -9999.0 -9999.0 -9999.0 -9999.0 -9999.0 -9999.0 0.187523 0.188278 0.186409 0.184252 0.182500 0.182331 0.184320 0.186735 0.189526 0.190157 0.188045 0.188492 0.187696 0.187300 0.187314 0.187899 0.188173 0.189088 0.189699 0.189483 0.188821 0.188328 0.187939 0.188119 0.188821 0.187842 0.189312 0.190834 0.191413 0.191299 0.189128 0.188184 0.187817 0.186227 0.189124 0.190103 0.192451 0.192744 0.193077 0.190425 0.187856 -9999.0 -9999.0 -9999.0 -9999.0 -9999.0 -9999.0 -9999.0 -9999.0 -9999.0 -9999.0 -9999.0 -9999.0 -9999.0 -9999.0 -9999.0 -9999.0 -9999.0 -9999.0 -9999.0
-9999.0 -9999.0 -9999.0 -9999.0 -9999.0 -9999.0 -9999.0 -9999.0 -9999.0 -9999.0 -9999.0 -9999.0 -9999.0 -9999.0 0.183652 0.182735 0.182322 0.182148 0.183933 0.185423 0.185625 0.184659 0.185353 0.183403 0.181725 0.182746 0.184333 0.185784 0.188063 0.189794 0.188281 0.187913 0.188779 0.191777 0.193224 0.192644 0.189307 0.192475 0.194272 0.195452 0.195300 0.193748 0.196017 0.198694 0.197389 0.194578 0.195112 0.196721 0.199353 0.197712 0.189064 0.187944 0.188265 0.188303 0.187170 0.186407 0.189361 0.189044 0.188493 0.187749 0.185820 0.182952 0.181741 0.184586 0.187396 0.193054 -9999.0 -9999.0 -9999.0 -9999.0 -9999.0 -9999.0 -9999.0 -9999.0 -9999.0 -9999.0 -9999.0 -9999.0 -9999.0 -9999.0
-9999.0 -9999.0 -9999.0 -9999.0 -9999.0 -9999.0 -9999.0 -9999.0 -9999.0 0.181868 0.181660 0.181930 0.181395 0.182219 0.181001 0.181326 0.181170 0.182389 0.183509 0.185342 0.187662 0.186084 0.185893 0.187079 0.187322 0.187927 0.189154 0.193249 0.198270 0.205996 0.199751 0.199480 0.203059 0.216413 0.230299 0.235134 0.227200 0.227294 0.237328 0.250737 0.251937 0.251005 0.266797 0.276687 0.282904 0.268497 0.253158 0.250788 0.267948 0.238082 0.216129 0.201591 0.202203 0.197197 0.191925 0.189924 0.189319 0.192757 0.191313 0.187946 0.185255 0.185805 0.184413 0.185801 0.186969 0.191302 0.195407 0.199414 0.199609 0.197085 -9999.0 -9999.0 -9999.0 -9999.0 -9999.0 -9999.0 -9999.0 -9999.0 -9999.0 -9999.0
-9999.0 -9999.0 -9999.0 -9999.0 -9999.0 -9999.0 0.180010 0.179948 0.180495 0.179059 0.180211 0.179533 0.180411 0.180869 0.181514 0.181670 0.183235 0.184728 0.187251 0.190678 0.193910 0.192475 0.193366 0.198099 0.207504 0.216805 0.223387 0.236783 0.287439 0.324917 0.336285 0.340677 0.345057 0.355206 0.364856 0.366560 0.364637 0.362606 0.365009 0.368255 0.369848 0.369861 0.369889 0.369918 0.369977 0.369969 0.368542 0.366834 0.365917 0.364816 0.357364 0.342746 0.314542 0.273175 0.229681 0.211848 0.209306 0.212065 0.205216 0.196714 0.191810 0.191585 0.190581 0.188970 0.189727 0.191562 0.194359 0.196092 0.194726 0.192808 0.191248 0.188447 0.188844 0.191543 -9999.0 -9999.0 -9999.0 -9999.0 -9999.0 -9999.0
-9999.0 -9999.0 -9999.0 -9999.0 0.177577 0.178284 0.176249 0.177449 0.178446 0.179258 0.179435 0.180858 0.181389 0.182502 0.184795 0.186778 0.190203 0.193027 0.200605 0.217045 0.235852 0.249843 0.261115 0.314654 0.346593 0.358208 0.361315 0.364945 0.368436 0.369984 0.369997 0.369998 0.369995 0.370000 0.370000 0.370000 0.370000 0.370000 0.370000 0.370000 0.370000 0.370000 0.370000 0.370000 0.370000 0.370000 0.370000 0.370000 0.370000 0.370000 0.369999 0.369994 0.369371 0.368154 0.366555 0.361532 0.346705 0.336393 0.295134 0.253188 0.222628 0.213893 0.205943 0.201778 0.196831 0.197588 0.198801 0.196283 0.193009 0.189987 0.189435 0.188112 0.186834 0.190202 0.191580 0.195458 -9999.0 -9999.0 -9999.0 -9999.0
-9999.0 -9999.0 0.177287 0.177487 0.179513 0.178425 0.177760 0.176824 0.177337 0.179375 0.183385 0.185482 0.188553 0.190417 0.197677 0.216930 0.246726 0.278822 0.328088 0.351518 0.362880 0.367244 0.369652 0.369953 0.369996 0.369999 0.370000 0.370000 0.370000 0.370000 0.370000 0.370000 0.370000 0.370000 0.370000 0.370000 0.370000 0.370000 0.370000 0.370000 0.370000 0.370000 0.370000 0.370000 0.370000 0.370000 0.370000 0.370000 0.370000 0.370000 0.370000 0.370000 0.370000 0.370000 0.370000 0.370000 0.369991 0.369441 0.368693 0.366437 0.354664 0.340571 0.309914 0.263939 0.232120 0.219726 0.208487 0.201840 0.196013 0.190966 0.189332 0.188312 0.188836 0.188472 0.190303 0.191796 0.193886 0.194741 -9999.0 -9999.0
-9999.0 0.176531 0.176073 0.179703 0.180672 0.181648 0.182893 0.183974 0.185155 0.184077 0.195638 0.221230 0.255720 0.274113 0.321217 0.358269 0.369788 0.369950 0.369986 0.369992 0.370000 0.370000 0.370000 0.370000 0.370000 0.370000 0.370000 0.370000 0.370000 0.370000 0.370000 0.370000 0.370000 0.370000 0.370000 0.370000 0.370000 0.370000 0.370000 0.370000 0.370000 0.370000 0.370000 0.370000 0.370000 0.370000 0.370000 0.370000 0.370000 0.370000 0.370000 0.370000 0.370000 0.370000 0.370000 0.370000 0.370000 0.370000 0.370000 0.370000 0.369936 0.369264 0.366972 0.358727 0.342947 0.305623 0.253780 0.226108 0.208914 0.202740 0.198960 0.192066 0.190189 0.191413 0.190527 0.190412 0.191242 0.191917 -9999.0 -9999.0
-9999.0 0.173427 0.176580 0.180764 0.186530 0.188156 0.207731 0.229605 0.239877 0.227776 0.299712 0.369820 0.369955 0.369992 0.370000 0.370000 0.370000 0.370000 0.370000 0.370000 0.370000 0.370000 0.370000 0.370000 0.370000 0.370000 0.370000 0.370000 0.370000 0.370000 0.370000 0.370000 0.370000 0.370000 0.369997 0.369989 0.369858 0.369586 0.368756 0.367536 0.366716 0.368002 0.367381 0.365892 0.365530 0.367454 0.368922 0.368689 0.368817 0.369384 0.369879 0.369999 0.370000 0.370000 0.370000 0.370000 0.370000 0.370000 0.370000 0.370000 0.370000 0.370000 0.370000 0.369879 0.368514 0.361095 0.348697 0.332973 0.289701 0.253335 0.229000 0.211781 0.200597 0.197881 0.192863 0.191759 -9999.0 -9999.0 -9999.0 -9999.0
-9999.0 0.173187 0.176347 0.184253 0.206653 0.246870 0.345374 0.368282 0.369999 0.369985 0.370000 0.370000 0.370000 0.370000 0.370000 0.370000 0.370000 0.370000 0.370000 0.370000 0.370000 0.370000 0.370000 0.370000 0.370000 0.370000 0.370000 0.370000 0.369979 0.369872 0.369643 0.369416 0.368533 0.360401 0.352537 0.345571 0.319260 0.308226 0.295771 0.271135 0.258556 0.250914 0.260881 0.258664 0.257965 0.264480 0.281309 0.295265 0.326636 0.342436 0.353345 0.363281 0.366766 0.368936 0.369810 0.370000 0.370000 0.370000 0.370000 0.370000 0.370000 0.370000 0.370000 0.370000 0.370000 0.369844 0.369009 0.364276 0.354328 0.343144 0.331885 0.301261 0.248090 0.214174 0.206314 -9999.0 -9999.0 -9999.0 -9999.0 -9999.0
-9999.0 0.169009 0.176282 0.182876 0.222246 0.350491 0.366704 0.370000 0.370000 0.370000 0.369980 0.370000 0.370000 0.370000 0.370000 0.370000 0.370000 0.370000 0.370000 0.369999 0.369937 0.369865 0.369850 0.369767 0.369513 0.369143 0.368720 0.367778 0.362650 0.354294 0.335477 0.320788 0.265459 0.229705 0.215531 0.204820 0.195624 0.195725 0.198445 0.195908 0.193205 0.190568 0.193818 0.195433 0.196915 0.195176 0.195851 0.200701 0.209400 0.219684 0.237978 0.271600 0.310206 0.340911 0.350707 0.362115 0.367075 0.369158 0.369947 0.370000 0.370000 0.370000 0.370000 0.370000 0.370000 0.370000 0.370000 0.369856 0.366817 0.362156 0.359451 0.354965 0.343147 -9999.0 -9999.0 -9999.0 -9999.0 -9999.0 -9999.0 -9999.0
-9999.0 0.166719 0.174260 0.175934 0.187557 0.217831 0.291765 0.351474 0.369560 0.362119 0.359750 0.363844 0.366810 0.368099 0.366619 0.363013 0.359204 0.359835 0.360012 0.355305 0.347902 0.344190 0.343986 0.341136 0.327200 0.314108 0.304320 0.285090 0.257227 0.230940 0.206931 0.196571 0.189813 0.187380 0.185651 0.183904 0.180987 0.182470 0.183700 0.183373 0.182441 0.181787 0.183971 0.184845 0.185570 0.183667 0.185095 0.186569 0.189783 0.193296 0.198485 0.206539 0.217838 0.227360 0.234991 0.252359 0.286376 0.332854 0.357053 0.368340 0.369841 0.369999 0.370000 0.370000 0.370000 0.370000 0.370000 0.370000 0.368396 0.366210 0.365983 -9999.0 -9999.0 -9999.0 -9999.0 -9999.0 -9999.0 -9999.0 -9999.0 -9999.0
-9999.0 -9999.0 0.165210 0.168321 0.171203 0.174557 0.179611 0.186454 0.192381 0.200501 0.213790 0.231667 0.246189 0.253928 0.243963 0.227047 0.218709 0.219162 0.217021 0.213020 0.206537 0.204296 0.202754 0.201510 0.198898 0.197776 0.197260 0.196185 0.193951 0.189421 0.185580 0.182966 0.180312 0.180214 0.179728 0.178850 0.179436 0.179278 0.179521 0.179418 0.179617 0.180028 0.180583 0.181314 0.181412 0.181625 0.181939 0.182797 0.184141 0.185996 0.189493 0.194714 0.198968 0.200103 0.198059 0.198772 0.201975 0.210295 0.241782 0.311043 0.350257 0.364013 0.368912 0.369756 0.369881 0.369987 0.370000 0.369787 0.359001 0.361102 -9999.0 -9999.0 -9999.0 -9999.0 -9999.0 -9999.0 -9999.0 -9999.0 -9999.0 -9999.0
-9999.0 -9999.0 -9999.0 -9999.0 0.164007 0.168281 0.172274 0.172039 0.175204 0.177395 0.179631 0.182361 0.184702 0.186186 0.184513 0.184041 0.183621 0.183810 0.183407 0.182948 0.182689 0.182375 0.182044 0.181641 0.181762 0.182110 0.182182 0.181505 0.181371 0.180087 0.179781 0.178960 0.178181 0.177370 0.177466 0.177366 0.177675 0.177328 0.177864 0.177585 0.178020 0.178253 0.178826 0.179730 0.179507 0.180030 0.180112 0.180834 0.181295 0.183375 0.186800 0.190915 0.193843 0.193784 0.190323 0.188824 0.188078 0.190344 0.194585 0.204239 0.233194 0.280377 0.333638 0.349321 0.356679 0.364148 0.367668 0.368090 -9999.0 -9999.0 -9999.0 -9999.0 -9999.0 -9999.0 -9999.0 -9999.0 -9999.0 -9999.0 -9999.0 -9999.0
-9999.0 -9999.0 -9999.0 -9999.0 -9999.0 -9999.0 0.165752 0.167882 0.167340 0.169033 0.170615 0.171942 0.173913 0.173768 0.174326 0.175812 0.175585 0.174854 0.173963 0.175254 0.175820 0.175928 0.174470 0.174841 0.174991 0.175551 0.175495 0.175699 0.174453 0.175845 0.176495 0.176160 0.175835 0.176055 0.175729 0.176622 0.176728 0.176003 0.175808 0.176873 0.177212 0.177110 0.177384 0.178200 0.179355 0.179577 0.179123 0.178522 0.179815 0.182802 0.186410 0.189809 0.192119 0.192826 0.189836 0.186027 0.184184 0.184036 0.185744 0.189113 0.197205 0.203643 0.209623 0.217021 0.227180 0.286892 -9999.0 -9999.0 -9999.0 -9999.0 -9999.0 -9999.0 -9999.0 -9999.0 -9999.0 -9999.0 -9999.0 -9999.0 -9999.0 -9999.0
-9999.0 -9999.0 -9999.0 -9999.0 -9999.0 -9999.0 -9999.0 -9999.0 -9999.0 -9999.0 -9999.0 -9999.0 -9999.0 -9999.0 -9999.0 -9999.0 -9999.0 -9999.0 -9999.0 -9999.0 -9999.0 -9999.0 -9999.0 -9999.0 -9999.0 -9999.0 -9999.0 -9999.0 -9999.0 -9999.0 -9999.0 -9999.0 -9999.0 -9999.0 -9999.0 -9999.0 -9999.0 -9999.0 -9999.0 -9999.0 -9999.0 -9999.0 -9999.0 -9999.0 -9999.0 -9999.0 -9999.0 -9999.0 -9999.0 -9999.0 -9999.0 -9999.0 -9999.0 -9999.0 -9999.0 -9999.0 -9999.0 -9999.0 -9999.0 -9999.0 -9999.0 -9999.0 -9999.0 -9999.0 -9999.0 -9999.0 -9999.0 -9999.0 -9999.0 -9999.0 -9999.0 -9999.0 -9999.0 -9999.0 -9999.0 -9999.0 -9999.0 -9999.0 -9999.0 -9999.0
-9999.0 -9999.0 -9999.0 -9999.0 -9999.0 -9999.0 -9999.0 -9999.0 -9999.0 -9999.0 -9999.0 -9999.0 -9999.0 -9999.0 -9999.0 -9999.0 -9999.0 -9999.0 -9999.0 -9999.0 -9999.0 -9999.0 -9999.0 -9999.0 -9999.0 -9999.0 -9999.0 -9999.0 -9999.0 -9999.0 -9999.0 -9999.0 -9999.0 -9999.0 -9999.0 -9999.0 -9999.0 -9999.0 -9999.0 -9999.0 -9999.0 -9999.0 -9999.0 -9999.0 -9999.0 -9999.0 -9999.0 -9999.0 -9999.0 -9999.0 -9999.0 -9999.0 -9999.0 -9999.0 -9999.0 -9999.0 -9999.0 -9999.0 -9999.0 -9999.0 -9999.0 -9999.0 -9999.0 -9999.0 -9999.0 -9999.0 -9999.0 -9999.0 -9999.0 -9999.0 -9999.0 -9999.0 -9999.0 -9999.0 -9999.0 -9999.0 -9999.0 -9999.0 -9999.0 -9999.0