Borden_/Borden1m_014/output_maps/thetaliqL0006N0012.asc
ncols         80
nrows         18
xllcorner     620200.000000
yllcorner     5168000.000000
cellsize      1.000000
NODATA_value  -9999.0
-9999.0 -9999.0 -9999.0 -9999.0 -9999.0 -9999.0 -9999.0 -9999.0 -9999.0 -9999.0 -9999.0 -9999.0 -9999.0 -9999.0 -9999.0 -9999.0 -9999.0 -9999.0 -9999.0 -9999.0 -9999.0 -9999.0 -9999.0 -9999.0 -9999.0 -9999.0 -9999.0 -9999.0 -9999.0 -9999.0 -9999.0 -9999.0 -9999.0 -9999.0 -9999.0 -9999.0 -9999.0 -9999.0 -9999.0 -9999.0 -9999.0 -9999.0 -9999.0 -9999.0 -9999.0 -9999.0 -9999.0 -9999.0 -9999.0 -9999.0 -9999.0 -9999.0 -9999.0 -9999.0 -9999.0 -9999.0 -9999.0 -9999.0 -9999.0 -9999.0 -9999.0 -9999.0 -9999.0 -9999.0 -9999.0 -9999.0 -9999.0 -9999.0 -9999.0 -9999.0 -9999.0 -9999.0 -9999.0 -9999.0 -9999.0 -9999.0 -9999.0 -9999.0 -9999.0 -9999.0
-9999.0 -9999.0 -9999.0 -9999.0 -9999.0 -9999.0 -9999.0 -9999.0 -9999.0 -9999.0 -9999.0 -9999.0 -9999.0 -9999.0 -9999.0 -9999.0 -9999.0 -9999.0 -9999.0 -9999.0 -9999.0 -9999.0 -9999.0 -9999.0 -9999.0 -9999.0 -9999.0 -9999.0 -9999.0 -9999.0 -9999.0 -9999.0 -9999.0 -9999.0 -9999.0 -9999.0 -9999.0 -9999.0 -9999.0 -9999.0 -9999.0 -9999.0 -9999.0 -9999.0 -9999.0 -9999.0 -9999.0 -9999.0 -9999.0 -9999.0 -9999.0 -9999.0 -9999.0 -9999.0 -9999.0 -9999.0 -9999.0 -9999.0 -9999.0 -9999.0 -9999.0 -9999.0 -9999.0 -9999.0 -9999.0 -9999.0 -9999.0 -9999.0 -9999.0 -9999.0 -9999.0 -9999.0 -9999.0 -9999.0 -9999.0 -9999.0 -9999.0 -9999.0 -9999.0 -9999.0
-9999.0 -9999.0 -9999.0 -9999.0 -9999.0 -9999.0 -9999.0 -9999.0 -9999.0 -9999.0 -9999.0 -9999.0 -9999.0 -9999.0 -9999.0 -9999.0 -9999.0 -9999.0 -9999.0 -9999.0 0.153294 0.154890 0.143519 0.129247 0.119389 0.119815 0.131932 0.149707 0.169868 0.176123 0.165067 0.165503 0.162295 0.162182 0.163799 0.166969 0.168205 0.175148 0.180438 0.180238 0.176270 0.172601 0.171484 0.173671 0.176711 0.171699 0.180093 0.190377 0.195151 0.191861 0.174292 0.165104 0.160940 0.153662 0.167426 0.175483 0.190995 0.194400 0.194017 0.176305 0.158844 -9999.0 -9999.0 -9999.0 -9999.0 -9999.0 -9999.0 -9999.0 -9999.0 -9999.0 -9999.0 -9999.0 -9999.0 -9999.0 -9999.0 -9999.0 -9999.0 -9999.0 -9999.0 -9999.0
-9999.0 -9999.0 -9999.0 -9999.0 -9999.0 -9999.0 -9999.0 -9999.0 -9999.0 -9999.0 -9999.0 -9999.0 -9999.0 -9999.0 0.117623 0.114518 0.113532 0.115807 0.126532 0.138017 0.143558 0.139946 0.139700 0.129927 0.122643 0.127315 0.138502 0.152741 0.171151 0.183719 0.175104 0.173078 0.179496 0.198233 0.208920 0.206674 0.191102 0.207012 0.219233 0.226724 0.225785 0.218905 0.230576 0.243717 0.238337 0.224365 0.226747 0.235989 0.248275 0.236352 0.188155 0.174775 0.173636 0.170256 0.163189 0.159898 0.174657 0.175843 0.171239 0.161284 0.145201 0.127211 0.121337 0.135581 0.156857 0.193096 -9999.0 -9999.0 -9999.0 -9999.0 -9999.0 -9999.0 -9999.0 -9999.0 -9999.0 -9999.0 -9999.0 -9999.0 -9999.0 -9999.0
-9999.0 -9999.0 -9999.0 -9999.0 -9999.0 -9999.0 -9999.0 -9999.0 -9999.0 0.103540 0.104178 0.105630 0.105882 0.109471 0.108982 0.110569 0.112561 0.119857 0.130335 0.144792 0.159023 0.153233 0.152989 0.159279 0.163134 0.170218 0.182444 0.210113 0.242544 0.275508 0.252322 0.250323 0.265713 0.305287 0.332503 0.338307 0.328296 0.329366 0.342522 0.352479 0.352155 0.351515 0.358289 0.361104 0.362410 0.358781 0.353924 0.353079 0.359774 0.343038 0.303898 0.259636 0.260661 0.235916 0.204222 0.188484 0.186907 0.203341 0.193143 0.169539 0.150107 0.146152 0.139099 0.146702 0.158677 0.188004 0.216407 0.239672 0.240642 0.227235 -9999.0 -9999.0 -9999.0 -9999.0 -9999.0 -9999.0 -9999.0 -9999.0 -9999.0 -9999.0
-9999.0 -9999.0 -9999.0 -9999.0 -9999.0 -9999.0 0.090587 0.091668 0.094411 0.095248 0.099235 0.100551 0.104608 0.108929 0.113991 0.118754 0.128985 0.141774 0.162120 0.188893 0.211454 0.207741 0.214553 0.241194 0.276811 0.303380 0.320349 0.341440 0.363672 0.368226 0.369020 0.369289 0.369763 0.370000 0.370000 0.370000 0.370000 0.370000 0.370000 0.370000 0.370000 0.370000 0.370000 0.370000 0.370000 0.370000 0.370000 0.370000 0.370000 0.370000 0.370000 0.369791 0.367411 0.360751 0.332178 0.291090 0.286804 0.298217 0.275464 0.233599 0.201663 0.194952 0.185828 0.177155 0.181138 0.195051 0.213225 0.222919 0.214248 0.199759 0.184215 0.166648 0.167936 0.184252 -9999.0 -9999.0 -9999.0 -9999.0 -9999.0 -9999.0
-9999.0 -9999.0 -9999.0 -9999.0 0.085130 0.086297 0.085139 0.087435 0.091176 0.095890 0.101587 0.109754 0.116827 0.126031 0.142401 0.161287 0.187312 0.210935 0.253502 0.306902 0.339748 0.351381 0.355845 0.366859 0.369962 0.370000 0.370000 0.370000 0.370000 0.370000 0.370000 0.370000 0.370000 0.370000 0.370000 0.370000 0.370000 0.370000 0.370000 0.370000 0.370000 0.370000 0.370000 0.370000 0.370000 0.370000 0.370000 0.370000 0.370000 0.370000 0.370000 0.370000 0.370000 0.370000 0.370000 0.370000 0.369974 0.369424 0.365125 0.353519 0.320896 0.302291 0.278895 0.259401 0.235773 0.237550 0.241185 0.226858 0.204944 0.183532 0.174659 0.164092 0.158977 0.176961 0.189018 0.211942 -9999.0 -9999.0 -9999.0 -9999.0
-9999.0 -9999.0 0.080536 0.084471 0.090419 0.091455 0.091740 0.092282 0.096140 0.105561 0.128119 0.150227 0.174720 0.193257 0.237291 0.304126 0.346952 0.360787 0.368382 0.370000 0.370000 0.370000 0.370000 0.370000 0.370000 0.370000 0.370000 0.370000 0.370000 0.370000 0.370000 0.370000 0.370000 0.370000 0.370000 0.370000 0.370000 0.370000 0.370000 0.370000 0.370000 0.370000 0.370000 0.370000 0.370000 0.370000 0.370000 0.370000 0.370000 0.370000 0.370000 0.370000 0.370000 0.370000 0.370000 0.370000 0.370000 0.370000 0.370000 0.370000 0.370000 0.369895 0.367018 0.357901 0.337462 0.320457 0.290774 0.261451 0.227501 0.195338 0.180689 0.170012 0.169443 0.170542 0.181117 0.192183 0.203627 0.209661 -9999.0 -9999.0
-9999.0 0.075505 0.078988 0.090166 0.102828 0.113291 0.126039 0.137181 0.146948 0.152243 0.221203 0.307794 0.352347 0.359531 0.367731 0.370000 0.370000 0.370000 0.370000 0.370000 0.370000 0.370000 0.370000 0.370000 0.370000 0.370000 0.370000 0.370000 0.370000 0.370000 0.370000 0.370000 0.370000 0.370000 0.370000 0.370000 0.370000 0.370000 0.370000 0.370000 0.370000 0.370000 0.370000 0.370000 0.370000 0.370000 0.370000 0.370000 0.370000 0.370000 0.370000 0.370000 0.370000 0.370000 0.370000 0.370000 0.370000 0.370000 0.370000 0.370000 0.370000 0.370000 0.370000 0.370000 0.369981 0.366565 0.353714 0.331047 0.292749 0.265377 0.242581 0.203680 0.188241 0.190437 0.184843 0.183772 0.188746 0.193437 -9999.0 -9999.0
-9999.0 0.073270 0.079149 0.099544 0.143650 0.175758 0.265237 0.326418 0.338968 0.327243 0.364487 0.370000 0.370000 0.370000 0.370000 0.370000 0.370000 0.370000 0.370000 0.370000 0.370000 0.370000 0.370000 0.370000 0.370000 0.370000 0.370000 0.370000 0.370000 0.370000 0.370000 0.370000 0.370000 0.370000 0.370000 0.370000 0.370000 0.370000 0.370000 0.370000 0.370000 0.370000 0.370000 0.370000 0.370000 0.370000 0.370000 0.370000 0.370000 0.370000 0.370000 0.370000 0.370000 0.370000 0.370000 0.370000 0.370000 0.370000 0.370000 0.370000 0.370000 0.370000 0.370000 0.370000 0.370000 0.370000 0.370000 0.369687 0.364692 0.353978 0.333504 0.298816 0.255772 0.235855 0.206622 0.191896 -9999.0 -9999.0 -9999.0 -9999.0
-9999.0 0.071846 0.078461 0.115834 0.262277 0.346653 0.370000 0.370000 0.370000 0.370000 0.370000 0.370000 0.370000 0.370000 0.370000 0.370000 0.370000 0.370000 0.370000 0.370000 0.370000 0.370000 0.370000 0.370000 0.370000 0.370000 0.370000 0.370000 0.370000 0.370000 0.370000 0.370000 0.370000 0.370000 0.370000 0.369833 0.367380 0.366682 0.365327 0.360515 0.356354 0.352581 0.357291 0.356609 0.356412 0.358626 0.362844 0.365204 0.368704 0.369895 0.370000 0.370000 0.370000 0.370000 0.370000 0.370000 0.370000 0.370000 0.370000 0.370000 0.370000 0.370000 0.370000 0.370000 0.370000 0.370000 0.370000 0.370000 0.370000 0.370000 0.369938 0.366244 0.349339 0.304839 0.276121 -9999.0 -9999.0 -9999.0 -9999.0 -9999.0
-9999.0 0.069747 0.075242 0.105846 0.298187 0.370000 0.370000 0.370000 0.370000 0.370000 0.370000 0.370000 0.370000 0.370000 0.370000 0.370000 0.370000 0.370000 0.370000 0.370000 0.370000 0.370000 0.370000 0.370000 0.370000 0.370000 0.370000 0.370000 0.370000 0.370000 0.369542 0.368168 0.357707 0.330474 0.299717 0.264223 0.224146 0.223110 0.235197 0.222113 0.205756 0.192509 0.210282 0.221144 0.229054 0.221563 0.227830 0.254084 0.290226 0.317358 0.342616 0.360404 0.367094 0.369768 0.370000 0.370000 0.370000 0.370000 0.370000 0.370000 0.370000 0.370000 0.370000 0.370000 0.370000 0.370000 0.370000 0.370000 0.370000 0.370000 0.370000 0.370000 0.369999 -9999.0 -9999.0 -9999.0 -9999.0 -9999.0 -9999.0 -9999.0
-9999.0 0.068696 0.071036 0.079459 0.133550 0.285709 0.362153 0.369999 0.370000 0.370000 0.370000 0.370000 0.370000 0.370000 0.370000 0.370000 0.370000 0.370000 0.370000 0.370000 0.369988 0.369827 0.369799 0.369652 0.368597 0.367447 0.366437 0.363502 0.355309 0.332679 0.277449 0.226787 0.183821 0.162553 0.147353 0.133233 0.119467 0.123002 0.128352 0.126584 0.122156 0.120504 0.130786 0.137956 0.142206 0.136143 0.143827 0.156734 0.180516 0.207830 0.242509 0.282485 0.316677 0.332423 0.340040 0.353101 0.363532 0.369374 0.370000 0.370000 0.370000 0.370000 0.370000 0.370000 0.370000 0.370000 0.370000 0.370000 0.370000 0.370000 0.370000 -9999.0 -9999.0 -9999.0 -9999.0 -9999.0 -9999.0 -9999.0 -9999.0 -9999.0
-9999.0 -9999.0 0.068690 0.070418 0.073833 0.083565 0.103594 0.132481 0.163462 0.215538 0.282174 0.330198 0.347737 0.352908 0.346022 0.324648 0.305863 0.305772 0.299311 0.287373 0.267429 0.260346 0.253893 0.248398 0.237611 0.231876 0.228192 0.220339 0.204100 0.173519 0.145151 0.124546 0.108867 0.103369 0.099148 0.095279 0.094634 0.094490 0.095624 0.095791 0.096559 0.098497 0.102462 0.107003 0.109167 0.110713 0.113969 0.120858 0.132369 0.149770 0.178138 0.215479 0.243331 0.251038 0.242070 0.245670 0.262107 0.294723 0.345414 0.367024 0.370000 0.370000 0.370000 0.370000 0.370000 0.370000 0.370000 0.370000 0.370000 0.370000 -9999.0 -9999.0 -9999.0 -9999.0 -9999.0 -9999.0 -9999.0 -9999.0 -9999.0 -9999.0
-9999.0 -9999.0 -9999.0 -9999.0 0.069025 0.070629 0.072270 0.074483 0.079875 0.088711 0.102055 0.120017 0.137369 0.146987 0.140750 0.136946 0.133248 0.132242 0.129267 0.126886 0.124606 0.122135 0.119026 0.116847 0.116562 0.117512 0.117045 0.113528 0.109708 0.103284 0.098512 0.092909 0.088185 0.085186 0.084016 0.083391 0.083430 0.083016 0.083843 0.084365 0.085744 0.087335 0.090133 0.093961 0.095823 0.098157 0.099886 0.104025 0.110921 0.126697 0.152887 0.184494 0.206535 0.207514 0.187235 0.175565 0.172285 0.188506 0.220606 0.273026 0.337388 0.362097 0.369270 0.370000 0.370000 0.370000 0.370000 0.370000 -9999.0 -9999.0 -9999.0 -9999.0 -9999.0 -9999.0 -9999.0 -9999.0 -9999.0 -9999.0 -9999.0 -9999.0
-9999.0 -9999.0 -9999.0 -9999.0 -9999.0 -9999.0 0.068650 0.069273 0.070163 0.071990 0.074870 0.078809 0.083787 0.085806 0.087254 0.089610 0.088965 0.087158 0.085597 0.087199 0.088091 0.087618 0.084977 0.084823 0.085107 0.086047 0.085971 0.085406 0.083229 0.083821 0.083642 0.081825 0.080032 0.079140 0.078488 0.079063 0.079124 0.078434 0.078604 0.080157 0.081494 0.082518 0.084436 0.087739 0.091615 0.093554 0.093648 0.094553 0.101868 0.119385 0.146056 0.174030 0.192832 0.196620 0.176088 0.151647 0.140285 0.141945 0.157070 0.186487 0.239833 0.275413 0.297334 0.312945 0.332084 0.364316 -9999.0 -9999.0 -9999.0 -9999.0 -9999.0 -9999.0 -9999.0 -9999.0 -9999.0 -9999.0 -9999.0 -9999.0 -9999.0 -9999.0
-9999.0 -9999.0 -9999.0 -9999.0 -9999.0 -9999.0 -9999.0 -9999.0 -9999.0 -9999.0 -9999.0 -9999.0 -9999.0 -9999.0 -9999.0 -9999.0 -9999.0 -9999.0 -9999.0 -9999.0 -9999.0 -9999.0 -9999.0 -9999.0 -9999.0 -9999.0 -9999.0 -9999.0 -9999.0 -9999.0 -9999.0 -9999.0 -9999.0 -9999.0 -9999.0 -9999.0 -9999.0 -9999.0 -9999.0 -9999.0 -9999.0 -9999.0 -9999.0 -9999.0 -9999.0 -9999.0 -9999.0 -9999.0 -9999.0 -9999.0 -9999.0 -9999.0 -9999.0 -9999.0 -9999.0 -9999.0 -9999.0 -9999.0 -9999.0 -9999.0 -9999.0 -9999.0 -9999.0 -9999.0 -9999.0 -9999.0 -9999.0 -9999.0 -9999.0 -9999.0 -9999.0 -9999.0 -9999.0 -9999.0 -9999.0 -9999.0 -9999.0 -9999.0 -9999.0 -9999.0
-9999.0 -9999.0 -9999.0 -9999.0 -9999.0 -9999.0 -9999.0 -9999.0 -9999.0 -9999.0 -9999.0 -9999.0 -9999.0 -9999.0 -9999.0 -9999.0 -9999.0 -9999.0 -9999.0 -9999.0 -9999.0 -9999.0 -9999.0 -9999.0 -9999.0 -9999.0 -9999.0 -9999.0 -9999.0 -9999.0 -9999.0 -9999.0 -9999.0 -9999.0 -9999.0 -9999.0 -9999.0 -9999.0 -9999.0 -9999.0 -9999.0 -9999.0 -9999.0 -9999.0 -9999.0 -9999.0 -9999.0 -9999.0 -9999.0 -9999.0 -9999.0 -9999.0 -9999.0 -9999.0 -9999.0 -9999.0 -9999.0 -9999.0 -9999.0 -9999.0 -9999.0 -9999.0 -9999.0 -9999.0 -9999.0 -9999.0 -9999.0 -9999.0 -9999.0 -9999.0 -9999.0 -9999.0 -9999.0 -9999.0 -9999.0 -9999.0 -9999.0 -9999.0 -9999.0 -9999.0