Borden_/Borden1m_014/output_maps/thetaliqL0003N0027.asc
ncols         80
nrows         18
xllcorner     620200.000000
yllcorner     5168000.000000
cellsize      1.000000
NODATA_value  -9999.0
-9999.0 -9999.0 -9999.0 -9999.0 -9999.0 -9999.0 -9999.0 -9999.0 -9999.0 -9999.0 -9999.0 -9999.0 -9999.0 -9999.0 -9999.0 -9999.0 -9999.0 -9999.0 -9999.0 -9999.0 -9999.0 -9999.0 -9999.0 -9999.0 -9999.0 -9999.0 -9999.0 -9999.0 -9999.0 -9999.0 -9999.0 -9999.0 -9999.0 -9999.0 -9999.0 -9999.0 -9999.0 -9999.0 -9999.0 -9999.0 -9999.0 -9999.0 -9999.0 -9999.0 -9999.0 -9999.0 -9999.0 -9999.0 -9999.0 -9999.0 -9999.0 -9999.0 -9999.0 -9999.0 -9999.0 -9999.0 -9999.0 -9999.0 -9999.0 -9999.0 -9999.0 -9999.0 -9999.0 -9999.0 -9999.0 -9999.0 -9999.0 -9999.0 -9999.0 -9999.0 -9999.0 -9999.0 -9999.0 -9999.0 -9999.0 -9999.0 -9999.0 -9999.0 -9999.0 -9999.0
-9999.0 -9999.0 -9999.0 -9999.0 -9999.0 -9999.0 -9999.0 -9999.0 -9999.0 -9999.0 -9999.0 -9999.0 -9999.0 -9999.0 -9999.0 -9999.0 -9999.0 -9999.0 -9999.0 -9999.0 -9999.0 -9999.0 -9999.0 -9999.0 -9999.0 -9999.0 -9999.0 -9999.0 -9999.0 -9999.0 -9999.0 -9999.0 -9999.0 -9999.0 -9999.0 -9999.0 -9999.0 -9999.0 -9999.0 -9999.0 -9999.0 -9999.0 -9999.0 -9999.0 -9999.0 -9999.0 -9999.0 -9999.0 -9999.0 -9999.0 -9999.0 -9999.0 -9999.0 -9999.0 -9999.0 -9999.0 -9999.0 -9999.0 -9999.0 -9999.0 -9999.0 -9999.0 -9999.0 -9999.0 -9999.0 -9999.0 -9999.0 -9999.0 -9999.0 -9999.0 -9999.0 -9999.0 -9999.0 -9999.0 -9999.0 -9999.0 -9999.0 -9999.0 -9999.0 -9999.0
-9999.0 -9999.0 -9999.0 -9999.0 -9999.0 -9999.0 -9999.0 -9999.0 -9999.0 -9999.0 -9999.0 -9999.0 -9999.0 -9999.0 -9999.0 -9999.0 -9999.0 -9999.0 -9999.0 -9999.0 0.202837 0.203705 0.201695 0.199396 0.197497 0.197286 0.199421 0.201961 0.204903 0.205523 0.203220 0.203751 0.202866 0.202384 0.202362 0.203003 0.203317 0.204267 0.204887 0.204627 0.203915 0.203401 0.202969 0.203135 0.203916 0.202833 0.204426 0.206032 0.206617 0.206556 0.204331 0.203394 0.203037 0.201276 0.204472 0.205477 0.207959 0.208236 0.208638 0.205842 0.203121 -9999.0 -9999.0 -9999.0 -9999.0 -9999.0 -9999.0 -9999.0 -9999.0 -9999.0 -9999.0 -9999.0 -9999.0 -9999.0 -9999.0 -9999.0 -9999.0 -9999.0 -9999.0 -9999.0
-9999.0 -9999.0 -9999.0 -9999.0 -9999.0 -9999.0 -9999.0 -9999.0 -9999.0 -9999.0 -9999.0 -9999.0 -9999.0 -9999.0 0.198915 0.197884 0.197410 0.197151 0.199068 0.200625 0.200755 0.199671 0.200506 0.198362 0.196493 0.197619 0.199298 0.200756 0.203119 0.204923 0.203296 0.202898 0.203796 0.206962 0.208426 0.207779 0.204154 0.207592 0.209437 0.210631 0.210470 0.208789 0.211163 0.213966 0.212555 0.209604 0.210222 0.211910 0.214654 0.213099 0.203942 0.202898 0.203301 0.203420 0.202205 0.201364 0.204609 0.204202 0.203638 0.202947 0.200953 0.197871 0.196536 0.199665 0.202605 0.208620 -9999.0 -9999.0 -9999.0 -9999.0 -9999.0 -9999.0 -9999.0 -9999.0 -9999.0 -9999.0 -9999.0 -9999.0 -9999.0 -9999.0
-9999.0 -9999.0 -9999.0 -9999.0 -9999.0 -9999.0 -9999.0 -9999.0 -9999.0 0.197076 0.196817 0.197109 0.196463 0.197373 0.195920 0.196275 0.196038 0.197350 0.198477 0.200384 0.202876 0.201104 0.200877 0.202155 0.202341 0.202909 0.204126 0.208398 0.213454 0.221366 0.214745 0.214441 0.218099 0.231844 0.245008 0.249228 0.242105 0.242145 0.250958 0.261916 0.262027 0.261046 0.273345 0.281096 0.286479 0.274755 0.263510 0.261788 0.276332 0.251656 0.231614 0.216598 0.217478 0.212400 0.206982 0.204967 0.204286 0.208029 0.206537 0.203007 0.200176 0.200907 0.199378 0.200900 0.202063 0.206648 0.210916 0.215092 0.215293 0.212645 -9999.0 -9999.0 -9999.0 -9999.0 -9999.0 -9999.0 -9999.0 -9999.0 -9999.0 -9999.0
-9999.0 -9999.0 -9999.0 -9999.0 -9999.0 -9999.0 0.195150 0.195052 0.195644 0.193896 0.195189 0.194342 0.195300 0.195752 0.196421 0.196499 0.198156 0.199685 0.202291 0.205827 0.209163 0.207508 0.208388 0.213195 0.222940 0.232423 0.238656 0.250285 0.292043 0.328718 0.341011 0.346284 0.351908 0.358649 0.366055 0.369214 0.365697 0.363430 0.365176 0.368163 0.369869 0.369879 0.369903 0.369928 0.369980 0.369973 0.368423 0.366709 0.365986 0.365203 0.359933 0.350111 0.319352 0.279887 0.244275 0.227422 0.224634 0.227297 0.220590 0.211929 0.206902 0.206791 0.205793 0.204064 0.204903 0.206811 0.209740 0.211578 0.210157 0.208195 0.206664 0.203675 0.204125 0.207015 -9999.0 -9999.0 -9999.0 -9999.0 -9999.0 -9999.0
-9999.0 -9999.0 -9999.0 -9999.0 0.192369 0.193188 0.190771 0.192155 0.193258 0.194120 0.194191 0.195708 0.196187 0.197328 0.199731 0.201693 0.205210 0.208004 0.215718 0.232460 0.249871 0.261225 0.268685 0.318083 0.352492 0.360610 0.362572 0.365259 0.368478 0.369987 0.369985 0.369999 0.370000 0.370000 0.370000 0.370000 0.370000 0.370000 0.370000 0.370000 0.370000 0.370000 0.370000 0.370000 0.370000 0.370000 0.370000 0.370000 0.370000 0.370000 0.370000 0.369995 0.369404 0.368165 0.366654 0.362878 0.353023 0.344569 0.299522 0.263868 0.237742 0.229166 0.221233 0.217171 0.212065 0.212952 0.214317 0.211707 0.208319 0.205174 0.204697 0.203328 0.201898 0.205565 0.206961 0.211074 -9999.0 -9999.0 -9999.0 -9999.0
-9999.0 -9999.0 0.192144 0.192269 0.194550 0.193212 0.192391 0.191248 0.191770 0.193999 0.198305 0.200334 0.203454 0.205269 0.212736 0.232402 0.258153 0.282845 0.333587 0.355637 0.363645 0.367311 0.369791 0.369959 0.369997 0.370000 0.370000 0.370000 0.370000 0.370000 0.370000 0.370000 0.370000 0.370000 0.370000 0.370000 0.370000 0.370000 0.370000 0.370000 0.370000 0.370000 0.370000 0.370000 0.370000 0.370000 0.370000 0.370000 0.370000 0.370000 0.370000 0.370000 0.370000 0.370000 0.370000 0.370000 0.369995 0.369529 0.368780 0.366695 0.358273 0.349091 0.315666 0.272258 0.246094 0.234831 0.223935 0.217289 0.211352 0.206082 0.204442 0.203446 0.204085 0.203628 0.205603 0.207153 0.209395 0.210278 -9999.0 -9999.0
-9999.0 0.191365 0.190710 0.194759 0.195615 0.196540 0.197702 0.198712 0.199925 0.198575 0.210746 0.236091 0.265596 0.278969 0.325136 0.359868 0.369808 0.369955 0.369987 0.370000 0.370000 0.370000 0.370000 0.370000 0.370000 0.370000 0.370000 0.370000 0.370000 0.370000 0.370000 0.370000 0.370000 0.370000 0.370000 0.370000 0.370000 0.370000 0.370000 0.370000 0.370000 0.370000 0.370000 0.370000 0.370000 0.370000 0.370000 0.370000 0.370000 0.370000 0.370000 0.370000 0.370000 0.370000 0.370000 0.370000 0.370000 0.370000 0.370000 0.370000 0.369943 0.369400 0.367445 0.361131 0.350567 0.311947 0.264026 0.240595 0.224209 0.218147 0.214408 0.207187 0.205303 0.206725 0.205793 0.205679 0.206564 0.207270 -9999.0 -9999.0
-9999.0 0.187675 0.191269 0.195748 0.201714 0.202937 0.223627 0.244937 0.252872 0.241804 0.302148 0.369834 0.369992 0.369993 0.370000 0.370000 0.370000 0.370000 0.370000 0.370000 0.370000 0.370000 0.370000 0.370000 0.370000 0.370000 0.370000 0.370000 0.370000 0.370000 0.370000 0.370000 0.370000 0.370000 0.369999 0.369996 0.369985 0.369698 0.368829 0.367487 0.366588 0.367845 0.367227 0.365849 0.365524 0.367352 0.368896 0.368714 0.368916 0.369474 0.369897 0.370000 0.370000 0.370000 0.370000 0.370000 0.370000 0.370000 0.370000 0.370000 0.370000 0.370000 0.370000 0.369903 0.368861 0.363377 0.355228 0.344955 0.297218 0.264818 0.243703 0.227164 0.215919 0.213343 0.208092 0.207114 -9999.0 -9999.0 -9999.0 -9999.0
-9999.0 0.187382 0.190935 0.199437 0.222731 0.260708 0.352032 0.368566 0.370000 0.369987 0.370000 0.370000 0.370000 0.370000 0.370000 0.370000 0.370000 0.370000 0.370000 0.370000 0.370000 0.370000 0.370000 0.370000 0.370000 0.370000 0.370000 0.370000 0.369983 0.369897 0.369703 0.369482 0.368596 0.361937 0.356900 0.352159 0.323321 0.312261 0.300336 0.278189 0.268300 0.262169 0.270371 0.268396 0.267706 0.272824 0.286813 0.299295 0.333515 0.350284 0.357361 0.364215 0.367134 0.369106 0.369842 0.370000 0.370000 0.370000 0.370000 0.370000 0.370000 0.370000 0.370000 0.370000 0.370000 0.369893 0.369367 0.366703 0.360537 0.353056 0.345168 0.310787 0.260449 0.229843 0.222039 -9999.0 -9999.0 -9999.0 -9999.0 -9999.0
-9999.0 0.182347 0.190870 0.197886 0.238656 0.355173 0.367421 0.370000 0.370000 0.370000 0.369984 0.370000 0.370000 0.370000 0.370000 0.370000 0.370000 0.370000 0.370000 0.370000 0.369958 0.369903 0.369895 0.369822 0.369587 0.369230 0.368813 0.367918 0.363629 0.357973 0.344714 0.327202 0.273647 0.244394 0.231083 0.220184 0.210618 0.210808 0.213772 0.211160 0.208350 0.205511 0.208987 0.210672 0.212247 0.210342 0.210957 0.215954 0.224660 0.234669 0.251218 0.278196 0.314914 0.349126 0.355635 0.363232 0.367300 0.369266 0.369954 0.370000 0.370000 0.370000 0.370000 0.370000 0.370000 0.370000 0.370000 0.369935 0.368579 0.366327 0.364318 0.360574 0.352446 -9999.0 -9999.0 -9999.0 -9999.0 -9999.0 -9999.0 -9999.0
-9999.0 0.179666 0.188585 0.190201 0.202694 0.233957 0.299767 0.356209 0.369744 0.363607 0.361650 0.364434 0.366798 0.368032 0.366675 0.363854 0.361192 0.361766 0.362025 0.359045 0.354512 0.352245 0.352021 0.349314 0.333574 0.319031 0.309076 0.290650 0.267530 0.245652 0.222178 0.211663 0.204720 0.202322 0.200580 0.198785 0.195594 0.197305 0.198666 0.198321 0.197306 0.196567 0.198975 0.199883 0.200665 0.198513 0.200071 0.201574 0.204930 0.208532 0.213829 0.221946 0.232970 0.241676 0.248599 0.262834 0.290690 0.341376 0.359639 0.368557 0.369872 0.370000 0.370000 0.370000 0.370000 0.370000 0.370000 0.370000 0.369374 0.368616 0.368337 -9999.0 -9999.0 -9999.0 -9999.0 -9999.0 -9999.0 -9999.0 -9999.0 -9999.0
-9999.0 -9999.0 0.177812 0.181425 0.184667 0.188315 0.193753 0.201197 0.207466 0.216238 0.229872 0.246797 0.259199 0.265460 0.257205 0.242268 0.234367 0.234875 0.232801 0.228810 0.222099 0.219687 0.218066 0.216778 0.214101 0.212982 0.212494 0.211459 0.209241 0.204530 0.200550 0.197852 0.195016 0.195030 0.194550 0.193600 0.194335 0.194143 0.194405 0.194282 0.194511 0.194965 0.195537 0.196317 0.196388 0.196617 0.196921 0.197803 0.199175 0.201051 0.204670 0.210093 0.214441 0.215552 0.213360 0.214059 0.217249 0.225361 0.254202 0.317236 0.354903 0.364962 0.369128 0.369825 0.369932 0.369999 0.370000 0.369918 0.366251 0.367149 -9999.0 -9999.0 -9999.0 -9999.0 -9999.0 -9999.0 -9999.0 -9999.0 -9999.0 -9999.0
-9999.0 -9999.0 -9999.0 -9999.0 0.176291 0.181349 0.186085 0.185707 0.189357 0.191765 0.194131 0.197018 0.199479 0.201058 0.199222 0.198794 0.198387 0.198623 0.198198 0.197718 0.197476 0.197153 0.196812 0.196378 0.196541 0.196948 0.197047 0.196312 0.196236 0.194864 0.194630 0.193789 0.192984 0.192093 0.192244 0.192149 0.192520 0.192113 0.192733 0.192389 0.192878 0.193117 0.193732 0.194726 0.194419 0.194993 0.195049 0.195818 0.196218 0.198384 0.201967 0.206256 0.209280 0.209185 0.205493 0.203931 0.203090 0.205445 0.209731 0.219407 0.247001 0.285330 0.342343 0.355285 0.360516 0.366057 0.368796 0.369185 -9999.0 -9999.0 -9999.0 -9999.0 -9999.0 -9999.0 -9999.0 -9999.0 -9999.0 -9999.0 -9999.0 -9999.0
-9999.0 -9999.0 -9999.0 -9999.0 -9999.0 -9999.0 0.178444 0.180992 0.180269 0.182279 0.184125 0.185617 0.187856 0.187644 0.188307 0.190047 0.189801 0.188963 0.187924 0.189443 0.190119 0.190259 0.188567 0.189024 0.189205 0.189853 0.189786 0.190051 0.188616 0.190291 0.191093 0.190745 0.190410 0.190705 0.190336 0.191393 0.191519 0.190667 0.190423 0.191661 0.192034 0.191883 0.192157 0.193052 0.194342 0.194563 0.194016 0.193269 0.194643 0.197846 0.201636 0.205152 0.207525 0.208285 0.205145 0.201070 0.199081 0.198859 0.200592 0.204004 0.212357 0.218721 0.224352 0.231735 0.240898 0.291043 -9999.0 -9999.0 -9999.0 -9999.0 -9999.0 -9999.0 -9999.0 -9999.0 -9999.0 -9999.0 -9999.0 -9999.0 -9999.0 -9999.0
-9999.0 -9999.0 -9999.0 -9999.0 -9999.0 -9999.0 -9999.0 -9999.0 -9999.0 -9999.0 -9999.0 -9999.0 -9999.0 -9999.0 -9999.0 -9999.0 -9999.0 -9999.0 -9999.0 -9999.0 -9999.0 -9999.0 -9999.0 -9999.0 -9999.0 -9999.0 -9999.0 -9999.0 -9999.0 -9999.0 -9999.0 -9999.0 -9999.0 -9999.0 -9999.0 -9999.0 -9999.0 -9999.0 -9999.0 -9999.0 -9999.0 -9999.0 -9999.0 -9999.0 -9999.0 -9999.0 -9999.0 -9999.0 -9999.0 -9999.0 -9999.0 -9999.0 -9999.0 -9999.0 -9999.0 -9999.0 -9999.0 -9999.0 -9999.0 -9999.0 -9999.0 -9999.0 -9999.0 -9999.0 -9999.0 -9999.0 -9999.0 -9999.0 -9999.0 -9999.0 -9999.0 -9999.0 -9999.0 -9999.0 -9999.0 -9999.0 -9999.0 -9999.0 -9999.0 -9999.0
-9999.0 -9999.0 -9999.0 -9999.0 -9999.0 -9999.0 -9999.0 -9999.0 -9999.0 -9999.0 -9999.0 -9999.0 -9999.0 -9999.0 -9999.0 -9999.0 -9999.0 -9999.0 -9999.0 -9999.0 -9999.0 -9999.0 -9999.0 -9999.0 -9999.0 -9999.0 -9999.0 -9999.0 -9999.0 -9999.0 -9999.0 -9999.0 -9999.0 -9999.0 -9999.0 -9999.0 -9999.0 -9999.0 -9999.0 -9999.0 -9999.0 -9999.0 -9999.0 -9999.0 -9999.0 -9999.0 -9999.0 -9999.0 -9999.0 -9999.0 -9999.0 -9999.0 -9999.0 -9999.0 -9999.0 -9999.0 -9999.0 -9999.0 -9999.0 -9999.0 -9999.0 -9999.0 -9999.0 -9999.0 -9999.0 -9999.0 -9999.0 -9999.0 -9999.0 -9999.0 -9999.0 -9999.0 -9999.0 -9999.0 -9999.0 -9999.0 -9999.0 -9999.0 -9999.0 -9999.0