Borden_/Borden1m_014/output_maps/thetaliqL0003N0016.asc
ncols         80
nrows         18
xllcorner     620200.000000
yllcorner     5168000.000000
cellsize      1.000000
NODATA_value  -9999.0
-9999.0 -9999.0 -9999.0 -9999.0 -9999.0 -9999.0 -9999.0 -9999.0 -9999.0 -9999.0 -9999.0 -9999.0 -9999.0 -9999.0 -9999.0 -9999.0 -9999.0 -9999.0 -9999.0 -9999.0 -9999.0 -9999.0 -9999.0 -9999.0 -9999.0 -9999.0 -9999.0 -9999.0 -9999.0 -9999.0 -9999.0 -9999.0 -9999.0 -9999.0 -9999.0 -9999.0 -9999.0 -9999.0 -9999.0 -9999.0 -9999.0 -9999.0 -9999.0 -9999.0 -9999.0 -9999.0 -9999.0 -9999.0 -9999.0 -9999.0 -9999.0 -9999.0 -9999.0 -9999.0 -9999.0 -9999.0 -9999.0 -9999.0 -9999.0 -9999.0 -9999.0 -9999.0 -9999.0 -9999.0 -9999.0 -9999.0 -9999.0 -9999.0 -9999.0 -9999.0 -9999.0 -9999.0 -9999.0 -9999.0 -9999.0 -9999.0 -9999.0 -9999.0 -9999.0 -9999.0
-9999.0 -9999.0 -9999.0 -9999.0 -9999.0 -9999.0 -9999.0 -9999.0 -9999.0 -9999.0 -9999.0 -9999.0 -9999.0 -9999.0 -9999.0 -9999.0 -9999.0 -9999.0 -9999.0 -9999.0 -9999.0 -9999.0 -9999.0 -9999.0 -9999.0 -9999.0 -9999.0 -9999.0 -9999.0 -9999.0 -9999.0 -9999.0 -9999.0 -9999.0 -9999.0 -9999.0 -9999.0 -9999.0 -9999.0 -9999.0 -9999.0 -9999.0 -9999.0 -9999.0 -9999.0 -9999.0 -9999.0 -9999.0 -9999.0 -9999.0 -9999.0 -9999.0 -9999.0 -9999.0 -9999.0 -9999.0 -9999.0 -9999.0 -9999.0 -9999.0 -9999.0 -9999.0 -9999.0 -9999.0 -9999.0 -9999.0 -9999.0 -9999.0 -9999.0 -9999.0 -9999.0 -9999.0 -9999.0 -9999.0 -9999.0 -9999.0 -9999.0 -9999.0 -9999.0 -9999.0
-9999.0 -9999.0 -9999.0 -9999.0 -9999.0 -9999.0 -9999.0 -9999.0 -9999.0 -9999.0 -9999.0 -9999.0 -9999.0 -9999.0 -9999.0 -9999.0 -9999.0 -9999.0 -9999.0 -9999.0 0.235218 0.236615 0.233820 0.230661 0.227926 0.227530 0.230538 0.233902 0.237774 0.238424 0.235132 0.236043 0.234714 0.233856 0.233702 0.234630 0.235125 0.236321 0.237041 0.236593 0.235609 0.234958 0.234311 0.234448 0.235614 0.234016 0.236253 0.238352 0.239017 0.239151 0.236485 0.235462 0.235097 0.232472 0.237182 0.238400 0.241653 0.241894 0.242604 0.238970 0.235356 -9999.0 -9999.0 -9999.0 -9999.0 -9999.0 -9999.0 -9999.0 -9999.0 -9999.0 -9999.0 -9999.0 -9999.0 -9999.0 -9999.0 -9999.0 -9999.0 -9999.0 -9999.0 -9999.0
-9999.0 -9999.0 -9999.0 -9999.0 -9999.0 -9999.0 -9999.0 -9999.0 -9999.0 -9999.0 -9999.0 -9999.0 -9999.0 -9999.0 0.230532 0.228917 0.228144 0.227541 0.230251 0.232286 0.232176 0.230501 0.231974 0.228803 0.225942 0.227632 0.229910 0.231601 0.234573 0.236864 0.234624 0.234065 0.235182 0.239331 0.241035 0.240085 0.234967 0.239789 0.242008 0.243406 0.243205 0.240871 0.243925 0.247513 0.245584 0.241768 0.242706 0.244835 0.248314 0.246851 0.234828 0.233944 0.234711 0.235143 0.233475 0.232234 0.236958 0.236167 0.235488 0.234912 0.232412 0.228090 0.226090 0.230738 0.234571 0.242605 -9999.0 -9999.0 -9999.0 -9999.0 -9999.0 -9999.0 -9999.0 -9999.0 -9999.0 -9999.0 -9999.0 -9999.0 -9999.0 -9999.0
-9999.0 -9999.0 -9999.0 -9999.0 -9999.0 -9999.0 -9999.0 -9999.0 -9999.0 0.228188 0.227698 0.228118 0.226961 0.228335 0.225791 0.226319 0.225755 0.227627 0.228969 0.231432 0.234894 0.232176 0.231787 0.233573 0.233566 0.234086 0.235412 0.240823 0.246648 0.256208 0.247454 0.246984 0.250950 0.268646 0.283023 0.286398 0.279908 0.279891 0.288285 0.297481 0.296541 0.295544 0.304785 0.309593 0.312932 0.305495 0.298274 0.296956 0.308441 0.288910 0.268571 0.248983 0.251501 0.245516 0.238898 0.236594 0.235528 0.240833 0.239006 0.234471 0.230757 0.232248 0.230002 0.232228 0.233530 0.239583 0.244867 0.250034 0.250271 0.246937 -9999.0 -9999.0 -9999.0 -9999.0 -9999.0 -9999.0 -9999.0 -9999.0 -9999.0 -9999.0
-9999.0 -9999.0 -9999.0 -9999.0 -9999.0 -9999.0 0.225686 0.225435 0.226294 0.223101 0.225138 0.223533 0.224958 0.225469 0.226342 0.226166 0.228431 0.230329 0.233601 0.237945 0.242048 0.239432 0.240400 0.246122 0.257504 0.269955 0.276621 0.287427 0.316969 0.337534 0.346904 0.351466 0.365972 0.370000 0.370000 0.370000 0.370000 0.370000 0.370000 0.370000 0.370000 0.370000 0.370000 0.370000 0.370000 0.370000 0.370000 0.370000 0.370000 0.370000 0.370000 0.367125 0.331035 0.309799 0.281875 0.263917 0.259140 0.262358 0.255232 0.244965 0.238921 0.239217 0.238151 0.235777 0.237014 0.239389 0.243099 0.245491 0.243741 0.241435 0.239873 0.235841 0.236544 0.240473 -9999.0 -9999.0 -9999.0 -9999.0 -9999.0 -9999.0
-9999.0 -9999.0 -9999.0 -9999.0 0.221132 0.222510 0.218253 0.220566 0.222256 0.223458 0.223173 0.225307 0.225693 0.227129 0.230307 0.232472 0.236805 0.239875 0.248972 0.269192 0.287655 0.297172 0.301074 0.329981 0.370000 0.370000 0.370000 0.370000 0.370000 0.370000 0.370000 0.370000 0.370000 0.370000 0.370000 0.370000 0.370000 0.370000 0.370000 0.370000 0.370000 0.370000 0.370000 0.370000 0.370000 0.370000 0.370000 0.370000 0.370000 0.370000 0.370000 0.370000 0.370000 0.370000 0.370000 0.370000 0.370000 0.355036 0.319855 0.298897 0.274856 0.263798 0.255675 0.251377 0.245079 0.246525 0.248573 0.245394 0.241277 0.237351 0.237107 0.235405 0.233230 0.238455 0.240061 0.245461 -9999.0 -9999.0 -9999.0 -9999.0
-9999.0 -9999.0 0.221121 0.220977 0.224603 0.222114 0.220585 0.218496 0.219159 0.222495 0.228610 0.230720 0.234485 0.236376 0.245511 0.269592 0.294250 0.310439 0.341980 0.370000 0.370000 0.370000 0.370000 0.370000 0.370000 0.370000 0.370000 0.370000 0.370000 0.370000 0.370000 0.370000 0.370000 0.370000 0.370000 0.370000 0.370000 0.370000 0.370000 0.370000 0.370000 0.370000 0.370000 0.370000 0.370000 0.370000 0.370000 0.370000 0.370000 0.370000 0.370000 0.370000 0.370000 0.370000 0.370000 0.370000 0.370000 0.370000 0.370000 0.370000 0.370000 0.370000 0.328838 0.304436 0.281644 0.270731 0.258907 0.251539 0.244684 0.238082 0.236252 0.235232 0.236378 0.235512 0.238252 0.240178 0.243221 0.244288 -9999.0 -9999.0
-9999.0 0.220172 0.218614 0.224922 0.225518 0.226439 0.227517 0.228461 0.229986 0.227436 0.243507 0.273528 0.300230 0.308022 0.335394 0.370000 0.370000 0.370000 0.370000 0.370000 0.370000 0.370000 0.370000 0.370000 0.370000 0.370000 0.370000 0.370000 0.370000 0.370000 0.370000 0.370000 0.370000 0.370000 0.370000 0.370000 0.370000 0.370000 0.370000 0.370000 0.370000 0.370000 0.370000 0.370000 0.370000 0.370000 0.370000 0.370000 0.370000 0.370000 0.370000 0.370000 0.370000 0.370000 0.370000 0.370000 0.370000 0.370000 0.370000 0.370000 0.370000 0.370000 0.370000 0.370000 0.370000 0.327058 0.297681 0.275637 0.258859 0.252396 0.248426 0.239321 0.237216 0.239542 0.238336 0.238212 0.239400 0.240294 -9999.0 -9999.0
-9999.0 0.213623 0.219480 0.225829 0.233491 0.233425 0.260531 0.283707 0.289223 0.277332 0.321721 0.370000 0.370000 0.370000 0.370000 0.370000 0.370000 0.370000 0.370000 0.370000 0.370000 0.370000 0.370000 0.370000 0.370000 0.370000 0.370000 0.370000 0.370000 0.370000 0.370000 0.370000 0.370000 0.370000 0.370000 0.370000 0.370000 0.370000 0.370000 0.370000 0.370000 0.370000 0.370000 0.370000 0.370000 0.370000 0.370000 0.370000 0.370000 0.370000 0.370000 0.370000 0.370000 0.370000 0.370000 0.370000 0.370000 0.370000 0.370000 0.370000 0.370000 0.370000 0.370000 0.370000 0.370000 0.370000 0.370000 0.363000 0.319357 0.299639 0.279322 0.262456 0.249604 0.247312 0.240715 0.240131 -9999.0 -9999.0 -9999.0 -9999.0
-9999.0 0.213119 0.218727 0.230898 0.259971 0.299274 0.370000 0.370000 0.370000 0.370000 0.370000 0.370000 0.370000 0.370000 0.370000 0.370000 0.370000 0.370000 0.370000 0.370000 0.370000 0.370000 0.370000 0.370000 0.370000 0.370000 0.370000 0.370000 0.370000 0.370000 0.370000 0.370000 0.370000 0.370000 0.370000 0.369996 0.331810 0.327996 0.321928 0.308848 0.302479 0.297586 0.304120 0.302457 0.301790 0.305301 0.313953 0.319947 0.341430 0.370000 0.370000 0.370000 0.370000 0.370000 0.370000 0.370000 0.370000 0.370000 0.370000 0.370000 0.370000 0.370000 0.370000 0.370000 0.370000 0.370000 0.370000 0.370000 0.370000 0.370000 0.370000 0.328440 0.295939 0.266095 0.257674 -9999.0 -9999.0 -9999.0 -9999.0 -9999.0
-9999.0 0.204017 0.218703 0.228483 0.279167 0.370000 0.370000 0.370000 0.370000 0.370000 0.370000 0.370000 0.370000 0.370000 0.370000 0.370000 0.370000 0.370000 0.370000 0.370000 0.370000 0.370000 0.370000 0.370000 0.370000 0.370000 0.370000 0.370000 0.370000 0.370000 0.357412 0.338198 0.305984 0.282475 0.267923 0.253953 0.242956 0.243471 0.247606 0.244367 0.240834 0.236915 0.241631 0.243729 0.245798 0.243107 0.243610 0.249694 0.259523 0.269465 0.287553 0.308077 0.327536 0.366652 0.370000 0.370000 0.370000 0.370000 0.370000 0.370000 0.370000 0.370000 0.370000 0.370000 0.370000 0.370000 0.370000 0.370000 0.370000 0.370000 0.370000 0.370000 0.370000 -9999.0 -9999.0 -9999.0 -9999.0 -9999.0 -9999.0 -9999.0
-9999.0 0.199435 0.215094 0.216710 0.234568 0.273158 0.326086 0.370000 0.370000 0.370000 0.370000 0.370000 0.370000 0.370000 0.370000 0.370000 0.370000 0.370000 0.370000 0.370000 0.370000 0.369972 0.366958 0.361122 0.341666 0.332022 0.326796 0.316701 0.302352 0.283700 0.256585 0.244462 0.235960 0.233310 0.231259 0.229023 0.224331 0.227142 0.229193 0.228725 0.227248 0.226078 0.229684 0.230849 0.231959 0.228579 0.230845 0.232661 0.236952 0.241249 0.247455 0.256708 0.268692 0.276582 0.284739 0.297664 0.314630 0.352568 0.370000 0.370000 0.370000 0.370000 0.370000 0.370000 0.370000 0.370000 0.370000 0.370000 0.370000 0.370000 0.370000 -9999.0 -9999.0 -9999.0 -9999.0 -9999.0 -9999.0 -9999.0 -9999.0 -9999.0
-9999.0 -9999.0 0.196003 0.202075 0.207234 0.212685 0.220652 0.231284 0.240068 0.252052 0.268423 0.285951 0.296624 0.301431 0.294835 0.280828 0.272551 0.273309 0.271004 0.266240 0.257010 0.253308 0.251655 0.250507 0.247550 0.246350 0.245890 0.244838 0.242369 0.236410 0.231383 0.227962 0.223980 0.224382 0.223836 0.222445 0.223844 0.223499 0.223878 0.223658 0.224038 0.224727 0.225468 0.226560 0.226550 0.226876 0.227200 0.228318 0.230016 0.232246 0.236763 0.243485 0.248558 0.249679 0.246757 0.247547 0.251163 0.259753 0.290396 0.331335 0.370000 0.370000 0.370000 0.370000 0.370000 0.370000 0.370000 0.370000 0.370000 0.370000 -9999.0 -9999.0 -9999.0 -9999.0 -9999.0 -9999.0 -9999.0 -9999.0 -9999.0 -9999.0
-9999.0 -9999.0 -9999.0 -9999.0 0.193091 0.201855 0.210178 0.209177 0.215287 0.218945 0.222246 0.226222 0.229533 0.231703 0.228981 0.228611 0.228174 0.228616 0.228044 0.227397 0.227164 0.226763 0.226336 0.225717 0.226054 0.226741 0.226952 0.225881 0.225990 0.224050 0.224022 0.222953 0.221900 0.220556 0.220938 0.220844 0.221513 0.220808 0.221852 0.221204 0.221975 0.222276 0.223159 0.224659 0.223989 0.224852 0.224827 0.225905 0.226161 0.229003 0.233690 0.239137 0.242819 0.242576 0.237643 0.235679 0.234384 0.237348 0.242274 0.253292 0.283596 0.311468 0.352513 0.370000 0.370000 0.370000 0.370000 0.370000 -9999.0 -9999.0 -9999.0 -9999.0 -9999.0 -9999.0 -9999.0 -9999.0 -9999.0 -9999.0 -9999.0 -9999.0
-9999.0 -9999.0 -9999.0 -9999.0 -9999.0 -9999.0 0.197082 0.201589 0.200073 0.203580 0.206724 0.209105 0.212744 0.212270 0.213430 0.216401 0.216036 0.214657 0.212894 0.215511 0.216702 0.216981 0.214134 0.214980 0.215304 0.216387 0.216274 0.216800 0.214414 0.217420 0.218914 0.218456 0.218025 0.218658 0.218062 0.219921 0.220144 0.218666 0.218196 0.220294 0.220854 0.220490 0.220813 0.222154 0.224170 0.224429 0.223445 0.222040 0.223959 0.228503 0.233533 0.237922 0.240782 0.241820 0.237782 0.232218 0.229414 0.228898 0.230969 0.234961 0.245132 0.252068 0.257484 0.266381 0.276089 0.313794 -9999.0 -9999.0 -9999.0 -9999.0 -9999.0 -9999.0 -9999.0 -9999.0 -9999.0 -9999.0 -9999.0 -9999.0 -9999.0 -9999.0
-9999.0 -9999.0 -9999.0 -9999.0 -9999.0 -9999.0 -9999.0 -9999.0 -9999.0 -9999.0 -9999.0 -9999.0 -9999.0 -9999.0 -9999.0 -9999.0 -9999.0 -9999.0 -9999.0 -9999.0 -9999.0 -9999.0 -9999.0 -9999.0 -9999.0 -9999.0 -9999.0 -9999.0 -9999.0 -9999.0 -9999.0 -9999.0 -9999.0 -9999.0 -9999.0 -9999.0 -9999.0 -9999.0 -9999.0 -9999.0 -9999.0 -9999.0 -9999.0 -9999.0 -9999.0 -9999.0 -9999.0 -9999.0 -9999.0 -9999.0 -9999.0 -9999.0 -9999.0 -9999.0 -9999.0 -9999.0 -9999.0 -9999.0 -9999.0 -9999.0 -9999.0 -9999.0 -9999.0 -9999.0 -9999.0 -9999.0 -9999.0 -9999.0 -9999.0 -9999.0 -9999.0 -9999.0 -9999.0 -9999.0 -9999.0 -9999.0 -9999.0 -9999.0 -9999.0 -9999.0
-9999.0 -9999.0 -9999.0 -9999.0 -9999.0 -9999.0 -9999.0 -9999.0 -9999.0 -9999.0 -9999.0 -9999.0 -9999.0 -9999.0 -9999.0 -9999.0 -9999.0 -9999.0 -9999.0 -9999.0 -9999.0 -9999.0 -9999.0 -9999.0 -9999.0 -9999.0 -9999.0 -9999.0 -9999.0 -9999.0 -9999.0 -9999.0 -9999.0 -9999.0 -9999.0 -9999.0 -9999.0 -9999.0 -9999.0 -9999.0 -9999.0 -9999.0 -9999.0 -9999.0 -9999.0 -9999.0 -9999.0 -9999.0 -9999.0 -9999.0 -9999.0 -9999.0 -9999.0 -9999.0 -9999.0 -9999.0 -9999.0 -9999.0 -9999.0 -9999.0 -9999.0 -9999.0 -9999.0 -9999.0 -9999.0 -9999.0 -9999.0 -9999.0 -9999.0 -9999.0 -9999.0 -9999.0 -9999.0 -9999.0 -9999.0 -9999.0 -9999.0 -9999.0 -9999.0 -9999.0