Borden_/Borden1m_014/output_maps/thetaliqL0004N0037.asc
ncols         80
nrows         18
xllcorner     620200.000000
yllcorner     5168000.000000
cellsize      1.000000
NODATA_value  -9999.0
-9999.0 -9999.0 -9999.0 -9999.0 -9999.0 -9999.0 -9999.0 -9999.0 -9999.0 -9999.0 -9999.0 -9999.0 -9999.0 -9999.0 -9999.0 -9999.0 -9999.0 -9999.0 -9999.0 -9999.0 -9999.0 -9999.0 -9999.0 -9999.0 -9999.0 -9999.0 -9999.0 -9999.0 -9999.0 -9999.0 -9999.0 -9999.0 -9999.0 -9999.0 -9999.0 -9999.0 -9999.0 -9999.0 -9999.0 -9999.0 -9999.0 -9999.0 -9999.0 -9999.0 -9999.0 -9999.0 -9999.0 -9999.0 -9999.0 -9999.0 -9999.0 -9999.0 -9999.0 -9999.0 -9999.0 -9999.0 -9999.0 -9999.0 -9999.0 -9999.0 -9999.0 -9999.0 -9999.0 -9999.0 -9999.0 -9999.0 -9999.0 -9999.0 -9999.0 -9999.0 -9999.0 -9999.0 -9999.0 -9999.0 -9999.0 -9999.0 -9999.0 -9999.0 -9999.0 -9999.0
-9999.0 -9999.0 -9999.0 -9999.0 -9999.0 -9999.0 -9999.0 -9999.0 -9999.0 -9999.0 -9999.0 -9999.0 -9999.0 -9999.0 -9999.0 -9999.0 -9999.0 -9999.0 -9999.0 -9999.0 -9999.0 -9999.0 -9999.0 -9999.0 -9999.0 -9999.0 -9999.0 -9999.0 -9999.0 -9999.0 -9999.0 -9999.0 -9999.0 -9999.0 -9999.0 -9999.0 -9999.0 -9999.0 -9999.0 -9999.0 -9999.0 -9999.0 -9999.0 -9999.0 -9999.0 -9999.0 -9999.0 -9999.0 -9999.0 -9999.0 -9999.0 -9999.0 -9999.0 -9999.0 -9999.0 -9999.0 -9999.0 -9999.0 -9999.0 -9999.0 -9999.0 -9999.0 -9999.0 -9999.0 -9999.0 -9999.0 -9999.0 -9999.0 -9999.0 -9999.0 -9999.0 -9999.0 -9999.0 -9999.0 -9999.0 -9999.0 -9999.0 -9999.0 -9999.0 -9999.0
-9999.0 -9999.0 -9999.0 -9999.0 -9999.0 -9999.0 -9999.0 -9999.0 -9999.0 -9999.0 -9999.0 -9999.0 -9999.0 -9999.0 -9999.0 -9999.0 -9999.0 -9999.0 -9999.0 -9999.0 0.178655 0.179851 0.176360 0.172204 0.168908 0.168687 0.172485 0.177250 0.182676 0.183998 0.180188 0.180876 0.179508 0.178904 0.179022 0.180096 0.180596 0.182388 0.183627 0.183293 0.182058 0.181094 0.180474 0.180877 0.182106 0.180319 0.183034 0.185944 0.187106 0.186716 0.182387 0.180410 0.179593 0.176777 0.181931 0.183888 0.188324 0.188983 0.189423 0.184405 0.179504 -9999.0 -9999.0 -9999.0 -9999.0 -9999.0 -9999.0 -9999.0 -9999.0 -9999.0 -9999.0 -9999.0 -9999.0 -9999.0 -9999.0 -9999.0 -9999.0 -9999.0 -9999.0 -9999.0
-9999.0 -9999.0 -9999.0 -9999.0 -9999.0 -9999.0 -9999.0 -9999.0 -9999.0 -9999.0 -9999.0 -9999.0 -9999.0 -9999.0 0.170499 0.168917 0.168229 0.168129 0.171542 0.174539 0.175211 0.173545 0.174547 0.170988 0.167966 0.169809 0.172940 0.176049 0.180627 0.183982 0.181208 0.180536 0.182217 0.187807 0.190634 0.189651 0.183762 0.189446 0.192921 0.195181 0.194890 0.192165 0.196298 0.201143 0.198894 0.193788 0.194713 0.197727 0.202467 0.199100 0.183215 0.180692 0.181075 0.180906 0.178777 0.177454 0.182763 0.182384 0.181274 0.179517 0.175599 0.170116 0.167889 0.173123 0.178690 0.189310 -9999.0 -9999.0 -9999.0 -9999.0 -9999.0 -9999.0 -9999.0 -9999.0 -9999.0 -9999.0 -9999.0 -9999.0 -9999.0 -9999.0
-9999.0 -9999.0 -9999.0 -9999.0 -9999.0 -9999.0 -9999.0 -9999.0 -9999.0 0.166792 0.166542 0.167056 0.166276 0.167777 0.165907 0.166512 0.166405 0.168764 0.171165 0.174861 0.179211 0.176520 0.176217 0.178339 0.178896 0.180240 0.182873 0.190730 0.200482 0.214390 0.203652 0.203162 0.209731 0.232509 0.255309 0.262736 0.250418 0.250880 0.266913 0.286169 0.287904 0.286992 0.306041 0.315859 0.321006 0.307540 0.289831 0.286743 0.306038 0.268029 0.231815 0.207042 0.207631 0.198392 0.188441 0.184472 0.183513 0.189594 0.186817 0.180341 0.175100 0.175621 0.173089 0.175674 0.178201 0.186473 0.194360 0.201787 0.202134 0.197546 -9999.0 -9999.0 -9999.0 -9999.0 -9999.0 -9999.0 -9999.0 -9999.0 -9999.0 -9999.0
-9999.0 -9999.0 -9999.0 -9999.0 -9999.0 -9999.0 0.162963 0.162967 0.164026 0.161901 0.163972 0.163042 0.164670 0.165676 0.167026 0.167585 0.170614 0.173698 0.178758 0.185535 0.191777 0.189480 0.191276 0.200190 0.216784 0.232530 0.243968 0.266318 0.323984 0.349378 0.355601 0.357806 0.359964 0.364960 0.368708 0.369221 0.368641 0.367976 0.368796 0.369699 0.369987 0.369989 0.369992 0.369995 0.369999 0.369999 0.369764 0.369346 0.369088 0.368729 0.365918 0.358766 0.342807 0.311469 0.254557 0.224328 0.220520 0.225568 0.213206 0.197487 0.188076 0.187281 0.185210 0.182325 0.183721 0.187347 0.192645 0.195828 0.193247 0.189463 0.186139 0.180901 0.181566 0.186564 -9999.0 -9999.0 -9999.0 -9999.0 -9999.0 -9999.0
-9999.0 -9999.0 -9999.0 -9999.0 0.158784 0.159970 0.156739 0.158790 0.160630 0.162255 0.162950 0.165687 0.166988 0.169295 0.173788 0.177913 0.184674 0.190513 0.204853 0.233531 0.264282 0.284928 0.299779 0.343067 0.360882 0.366277 0.367517 0.368778 0.369741 0.370000 0.370000 0.370000 0.370000 0.370000 0.370000 0.370000 0.370000 0.370000 0.370000 0.370000 0.370000 0.370000 0.370000 0.370000 0.370000 0.370000 0.370000 0.370000 0.370000 0.370000 0.370000 0.370000 0.369927 0.369675 0.369249 0.367564 0.360881 0.355406 0.329723 0.289433 0.243314 0.228644 0.214677 0.206804 0.197838 0.199057 0.201058 0.196401 0.190121 0.184285 0.182878 0.180244 0.178032 0.184139 0.186954 0.194089 -9999.0 -9999.0 -9999.0 -9999.0
-9999.0 -9999.0 0.157918 0.158555 0.162166 0.160582 0.159543 0.158155 0.159257 0.163083 0.170652 0.175208 0.181361 0.185426 0.199223 0.232884 0.279884 0.317291 0.350923 0.363363 0.368094 0.369440 0.369960 0.369998 0.370000 0.370000 0.370000 0.370000 0.370000 0.370000 0.370000 0.370000 0.370000 0.370000 0.370000 0.370000 0.370000 0.370000 0.370000 0.370000 0.370000 0.370000 0.370000 0.370000 0.370000 0.370000 0.370000 0.370000 0.370000 0.370000 0.370000 0.370000 0.370000 0.370000 0.370000 0.370000 0.370000 0.369938 0.369798 0.369222 0.364793 0.357643 0.339609 0.302508 0.259524 0.239019 0.219320 0.207068 0.196052 0.186503 0.183132 0.180933 0.181654 0.181204 0.184576 0.187489 0.191273 0.192924 -9999.0 -9999.0
-9999.0 0.156205 0.155828 0.162343 0.164814 0.167022 0.169635 0.171910 0.174352 0.173223 0.194911 0.238556 0.291348 0.312847 0.346905 0.366279 0.369977 0.369994 0.370000 0.370000 0.370000 0.370000 0.370000 0.370000 0.370000 0.370000 0.370000 0.370000 0.370000 0.370000 0.370000 0.370000 0.370000 0.370000 0.370000 0.370000 0.370000 0.370000 0.370000 0.370000 0.370000 0.370000 0.370000 0.370000 0.370000 0.370000 0.370000 0.370000 0.370000 0.370000 0.370000 0.370000 0.370000 0.370000 0.370000 0.370000 0.370000 0.370000 0.370000 0.370000 0.369998 0.369908 0.369371 0.366540 0.359060 0.336644 0.290861 0.249918 0.220278 0.208701 0.201353 0.188645 0.184886 0.186803 0.185158 0.184920 0.186455 0.187750 -9999.0 -9999.0
-9999.0 0.151016 0.156455 0.164528 0.176253 0.180793 0.215427 0.252089 0.267773 0.250883 0.332333 0.369978 0.370000 0.370000 0.370000 0.370000 0.370000 0.370000 0.370000 0.370000 0.370000 0.370000 0.370000 0.370000 0.370000 0.370000 0.370000 0.370000 0.370000 0.370000 0.370000 0.370000 0.370000 0.370000 0.370000 0.370000 0.369992 0.369959 0.369810 0.369527 0.369312 0.369644 0.369489 0.369080 0.368973 0.369508 0.369846 0.369797 0.369823 0.369928 0.369994 0.370000 0.370000 0.370000 0.370000 0.370000 0.370000 0.370000 0.370000 0.370000 0.370000 0.370000 0.370000 0.369994 0.369757 0.367421 0.361931 0.352910 0.324041 0.288801 0.253806 0.224880 0.204844 0.199326 0.190028 0.187413 -9999.0 -9999.0 -9999.0 -9999.0
-9999.0 0.150270 0.155764 0.170612 0.213352 0.277670 0.360161 0.369688 0.370000 0.370000 0.370000 0.370000 0.370000 0.370000 0.370000 0.370000 0.370000 0.370000 0.370000 0.370000 0.370000 0.370000 0.370000 0.370000 0.370000 0.370000 0.370000 0.370000 0.370000 0.369994 0.369969 0.369936 0.369761 0.367167 0.363761 0.360226 0.345559 0.338695 0.330106 0.309714 0.295974 0.286221 0.298429 0.296208 0.295580 0.302912 0.318868 0.329991 0.350005 0.358730 0.364253 0.368235 0.369320 0.369847 0.369988 0.370000 0.370000 0.370000 0.370000 0.370000 0.370000 0.370000 0.370000 0.370000 0.370000 0.369991 0.369858 0.368501 0.364451 0.358733 0.351943 0.332022 0.281846 0.228576 0.214554 -9999.0 -9999.0 -9999.0 -9999.0 -9999.0
-9999.0 0.143168 0.154984 0.167441 0.237223 0.362578 0.369263 0.370000 0.370000 0.370000 0.370000 0.370000 0.370000 0.370000 0.370000 0.370000 0.370000 0.370000 0.370000 0.370000 0.369998 0.369993 0.369992 0.369983 0.369950 0.369887 0.369804 0.369585 0.368022 0.364650 0.354691 0.346299 0.303306 0.254329 0.230399 0.211710 0.195208 0.195243 0.199993 0.195361 0.190275 0.185546 0.191512 0.194639 0.197346 0.194321 0.195817 0.204862 0.220812 0.238842 0.268616 0.310660 0.340281 0.357967 0.363032 0.367828 0.369405 0.369891 0.369999 0.370000 0.370000 0.370000 0.370000 0.370000 0.370000 0.370000 0.370000 0.369992 0.369299 0.367704 0.366640 0.364738 0.358812 -9999.0 -9999.0 -9999.0 -9999.0 -9999.0 -9999.0 -9999.0
-9999.0 0.139614 0.151341 0.154451 0.175890 0.230259 0.324075 0.362841 0.369906 0.367695 0.366899 0.368416 0.369327 0.369664 0.369278 0.368125 0.366688 0.366928 0.366973 0.364973 0.361409 0.359417 0.359302 0.357812 0.350211 0.342421 0.335981 0.321697 0.294067 0.256211 0.216017 0.196738 0.183784 0.178759 0.175210 0.171689 0.166437 0.168915 0.171111 0.170527 0.168859 0.167794 0.171765 0.173564 0.174920 0.171715 0.174350 0.177379 0.183656 0.190632 0.200688 0.215749 0.235915 0.252004 0.264115 0.289139 0.323440 0.353410 0.365862 0.369718 0.369991 0.370000 0.370000 0.370000 0.370000 0.370000 0.370000 0.370000 0.369715 0.369109 0.369038 -9999.0 -9999.0 -9999.0 -9999.0 -9999.0 -9999.0 -9999.0 -9999.0 -9999.0
-9999.0 -9999.0 0.137148 0.141932 0.146414 0.152415 0.161873 0.174586 0.185992 0.201199 0.225161 0.255621 0.278073 0.288621 0.275128 0.249108 0.235231 0.235789 0.232056 0.225273 0.214323 0.210548 0.207787 0.205521 0.200874 0.198799 0.197752 0.195573 0.191136 0.182453 0.174980 0.169718 0.164646 0.164095 0.163053 0.161449 0.162331 0.162063 0.162519 0.162388 0.162778 0.163571 0.164712 0.166168 0.166480 0.166933 0.167634 0.169403 0.172194 0.176121 0.183146 0.193275 0.201456 0.203702 0.200085 0.201396 0.207403 0.222875 0.274306 0.340227 0.362831 0.368468 0.369839 0.369982 0.369993 0.369999 0.370000 0.369984 0.366313 0.367244 -9999.0 -9999.0 -9999.0 -9999.0 -9999.0 -9999.0 -9999.0 -9999.0 -9999.0 -9999.0
-9999.0 -9999.0 -9999.0 -9999.0 0.135157 0.141822 0.148156 0.148017 0.153518 0.157824 0.162417 0.167960 0.172795 0.175687 0.172846 0.171973 0.171125 0.171303 0.170482 0.169686 0.169195 0.168560 0.167812 0.167061 0.167250 0.167866 0.167946 0.166682 0.166190 0.163849 0.163081 0.161416 0.159867 0.158383 0.158440 0.158261 0.158743 0.158164 0.159057 0.158696 0.159493 0.159988 0.161096 0.162795 0.162623 0.163604 0.163856 0.165252 0.166457 0.170694 0.177540 0.185665 0.191414 0.191397 0.185010 0.182017 0.180679 0.185038 0.193421 0.211776 0.261266 0.318564 0.353815 0.362229 0.365598 0.368432 0.369535 0.369648 -9999.0 -9999.0 -9999.0 -9999.0 -9999.0 -9999.0 -9999.0 -9999.0 -9999.0 -9999.0 -9999.0 -9999.0
-9999.0 -9999.0 -9999.0 -9999.0 -9999.0 -9999.0 0.137888 0.141288 0.140460 0.143464 0.146424 0.148988 0.152564 0.152605 0.153690 0.156216 0.155844 0.154545 0.153010 0.155159 0.156164 0.156278 0.153780 0.154353 0.154635 0.155576 0.155483 0.155753 0.153655 0.155905 0.156934 0.156267 0.155614 0.155889 0.155335 0.156774 0.156946 0.155754 0.155452 0.157255 0.157913 0.157848 0.158432 0.159972 0.162062 0.162566 0.161883 0.161034 0.163547 0.169320 0.176508 0.183362 0.187987 0.189256 0.183541 0.176333 0.172833 0.172704 0.176218 0.183106 0.198641 0.211087 0.222459 0.235023 0.252784 0.323959 -9999.0 -9999.0 -9999.0 -9999.0 -9999.0 -9999.0 -9999.0 -9999.0 -9999.0 -9999.0 -9999.0 -9999.0 -9999.0 -9999.0
-9999.0 -9999.0 -9999.0 -9999.0 -9999.0 -9999.0 -9999.0 -9999.0 -9999.0 -9999.0 -9999.0 -9999.0 -9999.0 -9999.0 -9999.0 -9999.0 -9999.0 -9999.0 -9999.0 -9999.0 -9999.0 -9999.0 -9999.0 -9999.0 -9999.0 -9999.0 -9999.0 -9999.0 -9999.0 -9999.0 -9999.0 -9999.0 -9999.0 -9999.0 -9999.0 -9999.0 -9999.0 -9999.0 -9999.0 -9999.0 -9999.0 -9999.0 -9999.0 -9999.0 -9999.0 -9999.0 -9999.0 -9999.0 -9999.0 -9999.0 -9999.0 -9999.0 -9999.0 -9999.0 -9999.0 -9999.0 -9999.0 -9999.0 -9999.0 -9999.0 -9999.0 -9999.0 -9999.0 -9999.0 -9999.0 -9999.0 -9999.0 -9999.0 -9999.0 -9999.0 -9999.0 -9999.0 -9999.0 -9999.0 -9999.0 -9999.0 -9999.0 -9999.0 -9999.0 -9999.0
-9999.0 -9999.0 -9999.0 -9999.0 -9999.0 -9999.0 -9999.0 -9999.0 -9999.0 -9999.0 -9999.0 -9999.0 -9999.0 -9999.0 -9999.0 -9999.0 -9999.0 -9999.0 -9999.0 -9999.0 -9999.0 -9999.0 -9999.0 -9999.0 -9999.0 -9999.0 -9999.0 -9999.0 -9999.0 -9999.0 -9999.0 -9999.0 -9999.0 -9999.0 -9999.0 -9999.0 -9999.0 -9999.0 -9999.0 -9999.0 -9999.0 -9999.0 -9999.0 -9999.0 -9999.0 -9999.0 -9999.0 -9999.0 -9999.0 -9999.0 -9999.0 -9999.0 -9999.0 -9999.0 -9999.0 -9999.0 -9999.0 -9999.0 -9999.0 -9999.0 -9999.0 -9999.0 -9999.0 -9999.0 -9999.0 -9999.0 -9999.0 -9999.0 -9999.0 -9999.0 -9999.0 -9999.0 -9999.0 -9999.0 -9999.0 -9999.0 -9999.0 -9999.0 -9999.0 -9999.0