Borden_/Borden1m_014/output_maps/thetaliqL0004N0016.asc
ncols         80
nrows         18
xllcorner     620200.000000
yllcorner     5168000.000000
cellsize      1.000000
NODATA_value  -9999.0
-9999.0 -9999.0 -9999.0 -9999.0 -9999.0 -9999.0 -9999.0 -9999.0 -9999.0 -9999.0 -9999.0 -9999.0 -9999.0 -9999.0 -9999.0 -9999.0 -9999.0 -9999.0 -9999.0 -9999.0 -9999.0 -9999.0 -9999.0 -9999.0 -9999.0 -9999.0 -9999.0 -9999.0 -9999.0 -9999.0 -9999.0 -9999.0 -9999.0 -9999.0 -9999.0 -9999.0 -9999.0 -9999.0 -9999.0 -9999.0 -9999.0 -9999.0 -9999.0 -9999.0 -9999.0 -9999.0 -9999.0 -9999.0 -9999.0 -9999.0 -9999.0 -9999.0 -9999.0 -9999.0 -9999.0 -9999.0 -9999.0 -9999.0 -9999.0 -9999.0 -9999.0 -9999.0 -9999.0 -9999.0 -9999.0 -9999.0 -9999.0 -9999.0 -9999.0 -9999.0 -9999.0 -9999.0 -9999.0 -9999.0 -9999.0 -9999.0 -9999.0 -9999.0 -9999.0 -9999.0
-9999.0 -9999.0 -9999.0 -9999.0 -9999.0 -9999.0 -9999.0 -9999.0 -9999.0 -9999.0 -9999.0 -9999.0 -9999.0 -9999.0 -9999.0 -9999.0 -9999.0 -9999.0 -9999.0 -9999.0 -9999.0 -9999.0 -9999.0 -9999.0 -9999.0 -9999.0 -9999.0 -9999.0 -9999.0 -9999.0 -9999.0 -9999.0 -9999.0 -9999.0 -9999.0 -9999.0 -9999.0 -9999.0 -9999.0 -9999.0 -9999.0 -9999.0 -9999.0 -9999.0 -9999.0 -9999.0 -9999.0 -9999.0 -9999.0 -9999.0 -9999.0 -9999.0 -9999.0 -9999.0 -9999.0 -9999.0 -9999.0 -9999.0 -9999.0 -9999.0 -9999.0 -9999.0 -9999.0 -9999.0 -9999.0 -9999.0 -9999.0 -9999.0 -9999.0 -9999.0 -9999.0 -9999.0 -9999.0 -9999.0 -9999.0 -9999.0 -9999.0 -9999.0 -9999.0 -9999.0
-9999.0 -9999.0 -9999.0 -9999.0 -9999.0 -9999.0 -9999.0 -9999.0 -9999.0 -9999.0 -9999.0 -9999.0 -9999.0 -9999.0 -9999.0 -9999.0 -9999.0 -9999.0 -9999.0 -9999.0 0.143958 0.145600 0.141173 0.136096 0.132130 0.131814 0.136348 0.142136 0.148984 0.150610 0.145608 0.146579 0.144773 0.143916 0.144012 0.145399 0.146069 0.148329 0.149885 0.149410 0.147805 0.146588 0.145771 0.146249 0.147870 0.145530 0.149049 0.152823 0.154306 0.153883 0.148364 0.145936 0.144954 0.141302 0.148016 0.150486 0.156316 0.157136 0.157820 0.151203 0.144908 -9999.0 -9999.0 -9999.0 -9999.0 -9999.0 -9999.0 -9999.0 -9999.0 -9999.0 -9999.0 -9999.0 -9999.0 -9999.0 -9999.0 -9999.0 -9999.0 -9999.0 -9999.0 -9999.0
-9999.0 -9999.0 -9999.0 -9999.0 -9999.0 -9999.0 -9999.0 -9999.0 -9999.0 -9999.0 -9999.0 -9999.0 -9999.0 -9999.0 0.134385 0.132407 0.131538 0.131276 0.135327 0.138892 0.139561 0.137429 0.138823 0.134410 0.130723 0.132945 0.136666 0.140330 0.145988 0.150250 0.146654 0.145786 0.147897 0.155115 0.158737 0.157363 0.149552 0.157090 0.161620 0.164538 0.164143 0.160420 0.165871 0.172416 0.169224 0.162422 0.163816 0.167904 0.174289 0.170121 0.148927 0.145933 0.146513 0.146415 0.143698 0.141995 0.148899 0.148296 0.146903 0.144827 0.140031 0.133359 0.130678 0.137050 0.143841 0.157687 -9999.0 -9999.0 -9999.0 -9999.0 -9999.0 -9999.0 -9999.0 -9999.0 -9999.0 -9999.0 -9999.0 -9999.0 -9999.0 -9999.0
-9999.0 -9999.0 -9999.0 -9999.0 -9999.0 -9999.0 -9999.0 -9999.0 -9999.0 0.130217 0.129840 0.130439 0.129379 0.131169 0.128706 0.129416 0.129161 0.131912 0.134625 0.139019 0.144481 0.140959 0.140548 0.143226 0.143804 0.145358 0.148587 0.158773 0.171323 0.189865 0.174443 0.173464 0.181321 0.211762 0.241767 0.249347 0.235528 0.235485 0.253600 0.273178 0.271843 0.270072 0.288195 0.297674 0.303879 0.290150 0.275558 0.272792 0.293947 0.255074 0.211319 0.177682 0.180701 0.168670 0.155729 0.150702 0.149432 0.157592 0.153972 0.145647 0.139135 0.140013 0.136840 0.140067 0.143080 0.153710 0.164185 0.174419 0.174903 0.168507 -9999.0 -9999.0 -9999.0 -9999.0 -9999.0 -9999.0 -9999.0 -9999.0 -9999.0 -9999.0
-9999.0 -9999.0 -9999.0 -9999.0 -9999.0 -9999.0 0.126064 0.125986 0.127174 0.124346 0.126768 0.125475 0.127338 0.128399 0.129906 0.130394 0.133932 0.137539 0.143687 0.152189 0.160274 0.156949 0.159188 0.170467 0.190798 0.212750 0.227477 0.252023 0.310020 0.342460 0.353523 0.358106 0.368389 0.370000 0.370000 0.370000 0.370000 0.370000 0.370000 0.370000 0.370000 0.370000 0.370000 0.370000 0.370000 0.370000 0.370000 0.370000 0.370000 0.370000 0.370000 0.368913 0.333242 0.297207 0.240428 0.202092 0.195209 0.203810 0.188721 0.167641 0.155333 0.154518 0.151927 0.148142 0.149999 0.154686 0.161737 0.166093 0.162601 0.157601 0.153391 0.146562 0.147461 0.154015 -9999.0 -9999.0 -9999.0 -9999.0 -9999.0 -9999.0
-9999.0 -9999.0 -9999.0 -9999.0 0.121138 0.122543 0.118620 0.120976 0.123015 0.124765 0.125290 0.128363 0.129691 0.132300 0.137616 0.142451 0.150832 0.158045 0.176283 0.213166 0.251346 0.271891 0.280892 0.330178 0.370000 0.370000 0.370000 0.370000 0.370000 0.370000 0.370000 0.370000 0.370000 0.370000 0.370000 0.370000 0.370000 0.370000 0.370000 0.370000 0.370000 0.370000 0.370000 0.370000 0.370000 0.370000 0.370000 0.370000 0.370000 0.370000 0.370000 0.370000 0.370000 0.370000 0.370000 0.370000 0.370000 0.361106 0.315975 0.275915 0.225352 0.206584 0.190260 0.180385 0.168310 0.170205 0.173150 0.166766 0.158349 0.150720 0.149061 0.145742 0.142831 0.150790 0.154369 0.164001 -9999.0 -9999.0 -9999.0 -9999.0
-9999.0 -9999.0 0.120438 0.120893 0.125034 0.122917 0.121590 0.119846 0.120966 0.125225 0.133989 0.139132 0.146551 0.151455 0.169021 0.212986 0.265338 0.298604 0.346873 0.370000 0.370000 0.370000 0.370000 0.370000 0.370000 0.370000 0.370000 0.370000 0.370000 0.370000 0.370000 0.370000 0.370000 0.370000 0.370000 0.370000 0.370000 0.370000 0.370000 0.370000 0.370000 0.370000 0.370000 0.370000 0.370000 0.370000 0.370000 0.370000 0.370000 0.370000 0.370000 0.370000 0.370000 0.370000 0.370000 0.370000 0.370000 0.370000 0.370000 0.370000 0.370000 0.370000 0.329434 0.286711 0.243549 0.222982 0.197762 0.181173 0.166180 0.153441 0.149173 0.146474 0.147529 0.146831 0.151241 0.155017 0.160138 0.162338 -9999.0 -9999.0
-9999.0 0.118770 0.117980 0.125266 0.127589 0.129887 0.132623 0.135135 0.138020 0.136419 0.163728 0.220926 0.278240 0.294741 0.338285 0.370000 0.370000 0.370000 0.370000 0.370000 0.370000 0.370000 0.370000 0.370000 0.370000 0.370000 0.370000 0.370000 0.370000 0.370000 0.370000 0.370000 0.370000 0.370000 0.370000 0.370000 0.370000 0.370000 0.370000 0.370000 0.370000 0.370000 0.370000 0.370000 0.370000 0.370000 0.370000 0.370000 0.370000 0.370000 0.370000 0.370000 0.370000 0.370000 0.370000 0.370000 0.370000 0.370000 0.370000 0.370000 0.370000 0.370000 0.370000 0.370000 0.370000 0.325632 0.274839 0.234175 0.198378 0.183156 0.173412 0.156193 0.151384 0.154086 0.151929 0.151627 0.153649 0.155348 -9999.0 -9999.0
-9999.0 0.112813 0.118706 0.127387 0.140918 0.145638 0.191592 0.242029 0.255797 0.235244 0.317274 0.370000 0.370000 0.370000 0.370000 0.370000 0.370000 0.370000 0.370000 0.370000 0.370000 0.370000 0.370000 0.370000 0.370000 0.370000 0.370000 0.370000 0.370000 0.370000 0.370000 0.370000 0.370000 0.370000 0.370000 0.370000 0.370000 0.370000 0.370000 0.370000 0.370000 0.370000 0.370000 0.370000 0.370000 0.370000 0.370000 0.370000 0.370000 0.370000 0.370000 0.370000 0.370000 0.370000 0.370000 0.370000 0.370000 0.370000 0.370000 0.370000 0.370000 0.370000 0.370000 0.370000 0.370000 0.370000 0.370000 0.366821 0.314476 0.277600 0.239610 0.204891 0.177854 0.170763 0.158120 0.154922 -9999.0 -9999.0 -9999.0 -9999.0
-9999.0 0.112076 0.117860 0.134434 0.191110 0.270812 0.370000 0.370000 0.370000 0.370000 0.370000 0.370000 0.370000 0.370000 0.370000 0.370000 0.370000 0.370000 0.370000 0.370000 0.370000 0.370000 0.370000 0.370000 0.370000 0.370000 0.370000 0.370000 0.370000 0.370000 0.370000 0.370000 0.370000 0.370000 0.370000 0.370000 0.334378 0.328715 0.318850 0.295594 0.282844 0.273642 0.286056 0.282854 0.281705 0.288934 0.305408 0.316213 0.347337 0.370000 0.370000 0.370000 0.370000 0.370000 0.370000 0.370000 0.370000 0.370000 0.370000 0.370000 0.370000 0.370000 0.370000 0.370000 0.370000 0.370000 0.370000 0.370000 0.370000 0.370000 0.370000 0.327675 0.270165 0.211594 0.192201 -9999.0 -9999.0 -9999.0 -9999.0 -9999.0
-9999.0 0.104615 0.117185 0.130607 0.225712 0.370000 0.370000 0.370000 0.370000 0.370000 0.370000 0.370000 0.370000 0.370000 0.370000 0.370000 0.370000 0.370000 0.370000 0.370000 0.370000 0.370000 0.370000 0.370000 0.370000 0.370000 0.370000 0.370000 0.370000 0.370000 0.362982 0.342763 0.289478 0.239398 0.208970 0.184341 0.163804 0.164109 0.170864 0.164789 0.158087 0.151836 0.159703 0.163887 0.167597 0.163341 0.165103 0.177227 0.198001 0.219327 0.252910 0.294101 0.328395 0.368774 0.370000 0.370000 0.370000 0.370000 0.370000 0.370000 0.370000 0.370000 0.370000 0.370000 0.370000 0.370000 0.370000 0.370000 0.370000 0.370000 0.370000 0.370000 0.370000 -9999.0 -9999.0 -9999.0 -9999.0 -9999.0 -9999.0 -9999.0
-9999.0 0.101220 0.113355 0.116082 0.140565 0.214410 0.318655 0.370000 0.370000 0.370000 0.370000 0.370000 0.370000 0.370000 0.370000 0.370000 0.370000 0.370000 0.370000 0.370000 0.370000 0.369997 0.368872 0.365560 0.347470 0.334606 0.326536 0.309502 0.281544 0.242202 0.190787 0.165895 0.149498 0.143483 0.139240 0.135104 0.128809 0.131893 0.134573 0.133881 0.131873 0.130554 0.135378 0.137502 0.139181 0.135079 0.138334 0.141974 0.149880 0.158878 0.172215 0.192515 0.218698 0.235764 0.247956 0.273314 0.306411 0.358891 0.370000 0.370000 0.370000 0.370000 0.370000 0.370000 0.370000 0.370000 0.370000 0.370000 0.370000 0.370000 0.370000 -9999.0 -9999.0 -9999.0 -9999.0 -9999.0 -9999.0 -9999.0 -9999.0 -9999.0
-9999.0 -9999.0 0.098899 0.103293 0.107575 0.113365 0.123025 0.136084 0.150521 0.172025 0.205854 0.244894 0.269044 0.279359 0.265346 0.235216 0.216936 0.217909 0.213007 0.203096 0.187439 0.182788 0.179527 0.177022 0.171418 0.168909 0.167674 0.165033 0.159438 0.148264 0.139073 0.132878 0.127009 0.126612 0.125529 0.123734 0.124921 0.124581 0.125084 0.124910 0.125369 0.126275 0.127505 0.129147 0.129434 0.129954 0.130703 0.132701 0.135913 0.140536 0.149280 0.162559 0.173589 0.176543 0.171355 0.172953 0.180712 0.199461 0.258053 0.331588 0.370000 0.370000 0.370000 0.370000 0.370000 0.370000 0.370000 0.370000 0.370000 0.370000 -9999.0 -9999.0 -9999.0 -9999.0 -9999.0 -9999.0 -9999.0 -9999.0 -9999.0 -9999.0
-9999.0 -9999.0 -9999.0 -9999.0 0.097064 0.103159 0.109606 0.109204 0.114973 0.119463 0.124351 0.130568 0.136186 0.139684 0.136149 0.135216 0.134261 0.134536 0.133576 0.132635 0.132122 0.131418 0.130586 0.129707 0.129981 0.130752 0.130883 0.129396 0.128963 0.126290 0.125610 0.123855 0.122242 0.120614 0.120782 0.120614 0.121215 0.120525 0.121575 0.121080 0.121974 0.122475 0.123674 0.125588 0.125235 0.126352 0.126568 0.128134 0.129314 0.134155 0.142394 0.152678 0.160203 0.160126 0.151605 0.147779 0.146003 0.151555 0.162251 0.185807 0.244659 0.300313 0.358939 0.370000 0.370000 0.370000 0.370000 0.370000 -9999.0 -9999.0 -9999.0 -9999.0 -9999.0 -9999.0 -9999.0 -9999.0 -9999.0 -9999.0 -9999.0 -9999.0
-9999.0 -9999.0 -9999.0 -9999.0 -9999.0 -9999.0 0.099574 0.102771 0.101874 0.104722 0.107581 0.110060 0.113716 0.113657 0.114830 0.117640 0.117247 0.115832 0.114155 0.116545 0.117688 0.117853 0.115084 0.115763 0.116081 0.117124 0.117018 0.117380 0.115068 0.117691 0.118960 0.118295 0.117656 0.118069 0.117458 0.119159 0.119364 0.117969 0.117584 0.119654 0.120356 0.120189 0.120756 0.122432 0.124814 0.125326 0.124441 0.123298 0.126043 0.132674 0.141256 0.149785 0.155725 0.157437 0.149958 0.140768 0.136445 0.136198 0.140381 0.148878 0.169185 0.185265 0.197952 0.211837 0.231672 0.306751 -9999.0 -9999.0 -9999.0 -9999.0 -9999.0 -9999.0 -9999.0 -9999.0 -9999.0 -9999.0 -9999.0 -9999.0 -9999.0 -9999.0
-9999.0 -9999.0 -9999.0 -9999.0 -9999.0 -9999.0 -9999.0 -9999.0 -9999.0 -9999.0 -9999.0 -9999.0 -9999.0 -9999.0 -9999.0 -9999.0 -9999.0 -9999.0 -9999.0 -9999.0 -9999.0 -9999.0 -9999.0 -9999.0 -9999.0 -9999.0 -9999.0 -9999.0 -9999.0 -9999.0 -9999.0 -9999.0 -9999.0 -9999.0 -9999.0 -9999.0 -9999.0 -9999.0 -9999.0 -9999.0 -9999.0 -9999.0 -9999.0 -9999.0 -9999.0 -9999.0 -9999.0 -9999.0 -9999.0 -9999.0 -9999.0 -9999.0 -9999.0 -9999.0 -9999.0 -9999.0 -9999.0 -9999.0 -9999.0 -9999.0 -9999.0 -9999.0 -9999.0 -9999.0 -9999.0 -9999.0 -9999.0 -9999.0 -9999.0 -9999.0 -9999.0 -9999.0 -9999.0 -9999.0 -9999.0 -9999.0 -9999.0 -9999.0 -9999.0 -9999.0
-9999.0 -9999.0 -9999.0 -9999.0 -9999.0 -9999.0 -9999.0 -9999.0 -9999.0 -9999.0 -9999.0 -9999.0 -9999.0 -9999.0 -9999.0 -9999.0 -9999.0 -9999.0 -9999.0 -9999.0 -9999.0 -9999.0 -9999.0 -9999.0 -9999.0 -9999.0 -9999.0 -9999.0 -9999.0 -9999.0 -9999.0 -9999.0 -9999.0 -9999.0 -9999.0 -9999.0 -9999.0 -9999.0 -9999.0 -9999.0 -9999.0 -9999.0 -9999.0 -9999.0 -9999.0 -9999.0 -9999.0 -9999.0 -9999.0 -9999.0 -9999.0 -9999.0 -9999.0 -9999.0 -9999.0 -9999.0 -9999.0 -9999.0 -9999.0 -9999.0 -9999.0 -9999.0 -9999.0 -9999.0 -9999.0 -9999.0 -9999.0 -9999.0 -9999.0 -9999.0 -9999.0 -9999.0 -9999.0 -9999.0 -9999.0 -9999.0 -9999.0 -9999.0 -9999.0 -9999.0