Borden_/Borden1m_014/output_maps/thetasurfN0039.asc
ncols         80
nrows         18
xllcorner     620200.000000
yllcorner     5168000.000000
cellsize      1.000000
NODATA_value  -9999.0
-9999.0 -9999.0 -9999.0 -9999.0 -9999.0 -9999.0 -9999.0 -9999.0 -9999.0 -9999.0 -9999.0 -9999.0 -9999.0 -9999.0 -9999.0 -9999.0 -9999.0 -9999.0 -9999.0 -9999.0 -9999.0 -9999.0 -9999.0 -9999.0 -9999.0 -9999.0 -9999.0 -9999.0 -9999.0 -9999.0 -9999.0 -9999.0 -9999.0 -9999.0 -9999.0 -9999.0 -9999.0 -9999.0 -9999.0 -9999.0 -9999.0 -9999.0 -9999.0 -9999.0 -9999.0 -9999.0 -9999.0 -9999.0 -9999.0 -9999.0 -9999.0 -9999.0 -9999.0 -9999.0 -9999.0 -9999.0 -9999.0 -9999.0 -9999.0 -9999.0 -9999.0 -9999.0 -9999.0 -9999.0 -9999.0 -9999.0 -9999.0 -9999.0 -9999.0 -9999.0 -9999.0 -9999.0 -9999.0 -9999.0 -9999.0 -9999.0 -9999.0 -9999.0 -9999.0 -9999.0
-9999.0 -9999.0 -9999.0 -9999.0 -9999.0 -9999.0 -9999.0 -9999.0 -9999.0 -9999.0 -9999.0 -9999.0 -9999.0 -9999.0 -9999.0 -9999.0 -9999.0 -9999.0 -9999.0 -9999.0 -9999.0 -9999.0 -9999.0 -9999.0 -9999.0 -9999.0 -9999.0 -9999.0 -9999.0 -9999.0 -9999.0 -9999.0 -9999.0 -9999.0 -9999.0 -9999.0 -9999.0 -9999.0 -9999.0 -9999.0 -9999.0 -9999.0 -9999.0 -9999.0 -9999.0 -9999.0 -9999.0 -9999.0 -9999.0 -9999.0 -9999.0 -9999.0 -9999.0 -9999.0 -9999.0 -9999.0 -9999.0 -9999.0 -9999.0 -9999.0 -9999.0 -9999.0 -9999.0 -9999.0 -9999.0 -9999.0 -9999.0 -9999.0 -9999.0 -9999.0 -9999.0 -9999.0 -9999.0 -9999.0 -9999.0 -9999.0 -9999.0 -9999.0 -9999.0 -9999.0
-9999.0 -9999.0 -9999.0 -9999.0 -9999.0 -9999.0 -9999.0 -9999.0 -9999.0 -9999.0 -9999.0 -9999.0 -9999.0 -9999.0 -9999.0 -9999.0 -9999.0 -9999.0 -9999.0 -9999.0 0.169652 0.170192 0.168949 0.167549 0.166406 0.166281 0.167578 0.169131 0.170945 0.171359 0.169941 0.170247 0.169699 0.169437 0.169447 0.169828 0.169993 0.170596 0.170996 0.170852 0.170417 0.170092 0.169801 0.169919 0.170390 0.169764 0.170732 0.171731 0.172116 0.172055 0.170632 0.170019 0.169795 0.168731 0.170676 0.171314 0.172875 0.173055 0.173309 0.171543 0.169852 -9999.0 -9999.0 -9999.0 -9999.0 -9999.0 -9999.0 -9999.0 -9999.0 -9999.0 -9999.0 -9999.0 -9999.0 -9999.0 -9999.0 -9999.0 -9999.0 -9999.0 -9999.0 -9999.0
-9999.0 -9999.0 -9999.0 -9999.0 -9999.0 -9999.0 -9999.0 -9999.0 -9999.0 -9999.0 -9999.0 -9999.0 -9999.0 -9999.0 0.167238 0.166613 0.166331 0.166190 0.167350 0.168295 0.168391 0.167735 0.168232 0.166946 0.165848 0.166528 0.167540 0.168441 0.169903 0.171048 0.170028 0.169780 0.170362 0.172400 0.173384 0.172986 0.170691 0.172830 0.174036 0.174852 0.174755 0.173690 0.175267 0.177121 0.176210 0.174273 0.174603 0.175673 0.177510 0.176396 0.170518 0.169795 0.170040 0.170090 0.169343 0.168814 0.170783 0.170550 0.170192 0.169749 0.168525 0.166667 0.165877 0.167739 0.169550 0.173322 -9999.0 -9999.0 -9999.0 -9999.0 -9999.0 -9999.0 -9999.0 -9999.0 -9999.0 -9999.0 -9999.0 -9999.0 -9999.0 -9999.0
-9999.0 -9999.0 -9999.0 -9999.0 -9999.0 -9999.0 -9999.0 -9999.0 -9999.0 0.166134 0.165968 0.166142 0.165758 0.166302 0.165458 0.165669 0.165558 0.166333 0.167027 0.168198 0.169734 0.168651 0.168523 0.169356 0.169560 0.169953 0.170721 0.173445 0.176851 0.182279 0.177874 0.177702 0.180186 0.189884 0.200485 0.204375 0.198127 0.198079 0.205997 0.217319 0.218710 0.217923 0.232211 0.241834 0.248297 0.233962 0.219411 0.217199 0.232771 0.206573 0.189761 0.179186 0.179604 0.176108 0.172487 0.171129 0.170686 0.173039 0.172069 0.169841 0.168082 0.168527 0.167604 0.168496 0.169216 0.172075 0.174796 0.177517 0.177659 0.175927 -9999.0 -9999.0 -9999.0 -9999.0 -9999.0 -9999.0 -9999.0 -9999.0 -9999.0 -9999.0
-9999.0 -9999.0 -9999.0 -9999.0 -9999.0 -9999.0 0.164983 0.164917 0.165261 0.164264 0.165009 0.164532 0.165108 0.165392 0.165784 0.165865 0.166897 0.167844 0.169481 0.171736 0.173897 0.172915 0.173517 0.176795 0.183501 0.190351 0.195221 0.205592 0.252536 0.295899 0.310837 0.316714 0.322805 0.339546 0.357552 0.361040 0.357228 0.353485 0.358255 0.365123 0.369390 0.369423 0.369514 0.369611 0.369852 0.369826 0.365810 0.362017 0.359977 0.357682 0.343560 0.319316 0.282745 0.238000 0.200085 0.186661 0.184638 0.186533 0.181627 0.175754 0.172435 0.172315 0.171657 0.170536 0.171011 0.172193 0.174059 0.175228 0.174311 0.173054 0.172061 0.170196 0.170467 0.172275 -9999.0 -9999.0 -9999.0 -9999.0 -9999.0 -9999.0
-9999.0 -9999.0 -9999.0 -9999.0 0.163363 0.163835 0.162461 0.163244 0.163887 0.164393 0.164474 0.165408 0.165726 0.166430 0.167940 0.169261 0.171540 0.173381 0.178549 0.190372 0.204835 0.216556 0.226849 0.283380 0.325359 0.345007 0.350897 0.358021 0.365450 0.369891 0.369966 0.369978 0.369990 0.369999 0.370000 0.370000 0.370000 0.370000 0.370000 0.370000 0.370000 0.370000 0.370000 0.370000 0.370000 0.370000 0.370000 0.370000 0.370000 0.369992 0.369999 0.369944 0.367817 0.364788 0.361336 0.351280 0.325254 0.309817 0.260605 0.219333 0.194474 0.187904 0.182145 0.179226 0.175749 0.176238 0.177061 0.175331 0.173153 0.171153 0.170832 0.169974 0.169112 0.171368 0.172256 0.174886 -9999.0 -9999.0 -9999.0 -9999.0
-9999.0 -9999.0 0.163231 0.163340 0.164663 0.163907 0.163490 0.162846 0.163155 0.164470 0.167138 0.168495 0.170547 0.171709 0.176626 0.190494 0.214490 0.244207 0.299744 0.333473 0.353870 0.362677 0.368586 0.369748 0.369963 0.369973 0.370000 0.369999 0.370000 0.370000 0.370000 0.370000 0.370000 0.370000 0.370000 0.370000 0.370000 0.370000 0.370000 0.370000 0.370000 0.370000 0.370000 0.370000 0.370000 0.370000 0.370000 0.370000 0.370000 0.370000 0.370000 0.370000 0.370000 0.370000 0.370000 0.369998 0.369904 0.367949 0.366052 0.360943 0.338543 0.315570 0.276870 0.228774 0.201550 0.191993 0.183779 0.179127 0.175162 0.171778 0.170720 0.170070 0.170450 0.170180 0.171399 0.172381 0.173799 0.174367 -9999.0 -9999.0
-9999.0 0.162846 0.162487 0.164884 0.165421 0.166036 0.166951 0.167741 0.168478 0.167557 0.175369 0.194468 0.222575 0.239715 0.291675 0.345590 0.369251 0.369751 0.369894 0.369987 0.370000 0.370000 0.370000 0.370000 0.370000 0.370000 0.370000 0.370000 0.370000 0.370000 0.370000 0.370000 0.370000 0.370000 0.370000 0.370000 0.370000 0.370000 0.370000 0.370000 0.370000 0.370000 0.370000 0.369999 0.369999 0.370000 0.370000 0.370000 0.370000 0.369999 0.370000 0.370000 0.370000 0.370000 0.370000 0.370000 0.370000 0.370000 0.370000 0.369999 0.369623 0.367458 0.361911 0.345542 0.319058 0.271586 0.219393 0.196799 0.184124 0.179830 0.177259 0.172544 0.171283 0.172135 0.171526 0.171450 0.172009 0.172456 -9999.0 -9999.0
-9999.0 0.160893 0.162987 0.165685 0.169348 0.170313 0.184188 0.200651 0.209429 0.199408 0.267521 0.369397 0.369931 0.369934 0.369996 0.370000 0.370000 0.370000 0.370000 0.370000 0.370000 0.370000 0.370000 0.370000 0.370000 0.370000 0.370000 0.370000 0.370000 0.370000 0.370000 0.370000 0.370000 0.369996 0.369950 0.369871 0.369270 0.368397 0.366177 0.363386 0.361698 0.364573 0.363113 0.359972 0.359224 0.363242 0.366654 0.366047 0.366273 0.367773 0.369383 0.369986 0.369996 0.370000 0.370000 0.370000 0.370000 0.370000 0.370000 0.370000 0.370000 0.370000 0.369997 0.369381 0.365437 0.349627 0.327702 0.303968 0.254125 0.219099 0.199138 0.186299 0.178348 0.176472 0.173054 0.172357 -9999.0 -9999.0 -9999.0 -9999.0
-9999.0 0.160953 0.163081 0.168334 0.183197 0.214423 0.323361 0.364974 0.369979 0.369871 0.370000 0.370000 0.370000 0.370000 0.370000 0.370000 0.370000 0.370000 0.370000 0.370000 0.370000 0.370000 0.370000 0.370000 0.370000 0.370000 0.370000 0.369999 0.369833 0.369379 0.368590 0.367926 0.365652 0.349051 0.334763 0.323406 0.288634 0.275582 0.261413 0.235958 0.224194 0.217566 0.226341 0.224193 0.223510 0.229606 0.246201 0.260830 0.297131 0.318362 0.336130 0.354367 0.361520 0.366588 0.369146 0.369990 0.369999 0.370000 0.370000 0.370000 0.370000 0.370000 0.370000 0.370000 0.369998 0.369229 0.366605 0.355486 0.336452 0.318243 0.302130 0.266303 0.214661 0.187973 0.182354 -9999.0 -9999.0 -9999.0 -9999.0 -9999.0
-9999.0 0.158520 0.163420 0.167832 0.195936 0.332310 0.361283 0.370000 0.370000 0.370000 0.369843 0.369999 0.370000 0.370000 0.369999 0.369998 0.369998 0.369998 0.369999 0.369975 0.369594 0.369296 0.369273 0.368972 0.368164 0.367153 0.366074 0.363841 0.353210 0.337829 0.308418 0.290197 0.230863 0.200144 0.189445 0.181747 0.175316 0.175369 0.177214 0.175433 0.173605 0.171800 0.173975 0.175019 0.176018 0.174841 0.175276 0.178578 0.184657 0.192108 0.206275 0.236080 0.277253 0.316023 0.331651 0.352206 0.362277 0.367188 0.369682 0.370000 0.370000 0.370000 0.370000 0.370000 0.370000 0.370000 0.369998 0.369212 0.360908 0.350636 0.345367 0.337585 0.318524 -9999.0 -9999.0 -9999.0 -9999.0 -9999.0 -9999.0 -9999.0
-9999.0 0.156891 0.162172 0.163512 0.171436 0.192800 0.258014 0.333791 0.368642 0.352246 0.347883 0.355853 0.361921 0.364750 0.361473 0.354137 0.346913 0.347994 0.348251 0.339468 0.326907 0.320952 0.320677 0.316554 0.298151 0.282239 0.270885 0.250001 0.222905 0.201027 0.183100 0.176001 0.171454 0.169823 0.168691 0.167550 0.165561 0.166557 0.167385 0.167145 0.166496 0.166025 0.167468 0.168010 0.168487 0.167176 0.168115 0.169062 0.171173 0.173469 0.176930 0.182474 0.190584 0.197793 0.203838 0.218400 0.251236 0.305017 0.342806 0.365130 0.369232 0.369977 0.370000 0.370000 0.370000 0.370000 0.370000 0.370000 0.364750 0.359266 0.358778 -9999.0 -9999.0 -9999.0 -9999.0 -9999.0 -9999.0 -9999.0 -9999.0 -9999.0
-9999.0 -9999.0 0.156031 0.158297 0.160545 0.162843 0.166167 0.170696 0.174481 0.179701 0.188919 0.202209 0.213885 0.220553 0.211972 0.198348 0.191998 0.192370 0.190814 0.187831 0.183071 0.181446 0.180380 0.179516 0.177645 0.176840 0.176482 0.175759 0.174251 0.171217 0.168636 0.166938 0.165188 0.165162 0.164846 0.164246 0.164618 0.164524 0.164687 0.164601 0.164704 0.164954 0.165303 0.165757 0.165800 0.165914 0.166108 0.166652 0.167505 0.168659 0.170904 0.174342 0.177190 0.177962 0.176579 0.177117 0.179373 0.185251 0.209531 0.278315 0.331095 0.355683 0.366452 0.368875 0.369269 0.369652 0.369999 0.368915 0.344362 0.347994 -9999.0 -9999.0 -9999.0 -9999.0 -9999.0 -9999.0 -9999.0 -9999.0 -9999.0 -9999.0
-9999.0 -9999.0 -9999.0 -9999.0 0.155428 0.158341 0.161027 0.160852 0.162870 0.164139 0.165454 0.167111 0.168497 0.169445 0.168233 0.167807 0.167504 0.167681 0.167438 0.167078 0.166858 0.166653 0.166482 0.166212 0.166270 0.166476 0.166525 0.166079 0.166032 0.165123 0.164895 0.164356 0.163841 0.163302 0.163371 0.163282 0.163490 0.163265 0.163628 0.163409 0.163684 0.163825 0.164188 0.164762 0.164572 0.164906 0.164950 0.165422 0.165677 0.166986 0.169173 0.171834 0.173747 0.173701 0.171377 0.170425 0.169957 0.171482 0.174334 0.180974 0.202489 0.244912 0.305924 0.329139 0.341486 0.354937 0.363001 0.364056 -9999.0 -9999.0 -9999.0 -9999.0 -9999.0 -9999.0 -9999.0 -9999.0 -9999.0 -9999.0 -9999.0 -9999.0
-9999.0 -9999.0 -9999.0 -9999.0 -9999.0 -9999.0 0.156473 0.157845 0.157575 0.158518 0.159358 0.160103 0.161320 0.161126 0.161394 0.162338 0.162161 0.161701 0.161141 0.161974 0.162296 0.162385 0.161446 0.161684 0.161757 0.162131 0.162093 0.162233 0.161396 0.162285 0.162690 0.162472 0.162259 0.162403 0.162180 0.162778 0.162848 0.162367 0.162247 0.162942 0.163147 0.163064 0.163234 0.163755 0.164505 0.164627 0.164311 0.163892 0.164736 0.166656 0.168953 0.171122 0.172612 0.173098 0.171121 0.168620 0.167428 0.167334 0.168443 0.170635 0.176063 0.180465 0.184715 0.190234 0.197888 0.251732 -9999.0 -9999.0 -9999.0 -9999.0 -9999.0 -9999.0 -9999.0 -9999.0 -9999.0 -9999.0 -9999.0 -9999.0 -9999.0 -9999.0
-9999.0 -9999.0 -9999.0 -9999.0 -9999.0 -9999.0 -9999.0 -9999.0 -9999.0 -9999.0 -9999.0 -9999.0 -9999.0 -9999.0 -9999.0 -9999.0 -9999.0 -9999.0 -9999.0 -9999.0 -9999.0 -9999.0 -9999.0 -9999.0 -9999.0 -9999.0 -9999.0 -9999.0 -9999.0 -9999.0 -9999.0 -9999.0 -9999.0 -9999.0 -9999.0 -9999.0 -9999.0 -9999.0 -9999.0 -9999.0 -9999.0 -9999.0 -9999.0 -9999.0 -9999.0 -9999.0 -9999.0 -9999.0 -9999.0 -9999.0 -9999.0 -9999.0 -9999.0 -9999.0 -9999.0 -9999.0 -9999.0 -9999.0 -9999.0 -9999.0 -9999.0 -9999.0 -9999.0 -9999.0 -9999.0 -9999.0 -9999.0 -9999.0 -9999.0 -9999.0 -9999.0 -9999.0 -9999.0 -9999.0 -9999.0 -9999.0 -9999.0 -9999.0 -9999.0 -9999.0
-9999.0 -9999.0 -9999.0 -9999.0 -9999.0 -9999.0 -9999.0 -9999.0 -9999.0 -9999.0 -9999.0 -9999.0 -9999.0 -9999.0 -9999.0 -9999.0 -9999.0 -9999.0 -9999.0 -9999.0 -9999.0 -9999.0 -9999.0 -9999.0 -9999.0 -9999.0 -9999.0 -9999.0 -9999.0 -9999.0 -9999.0 -9999.0 -9999.0 -9999.0 -9999.0 -9999.0 -9999.0 -9999.0 -9999.0 -9999.0 -9999.0 -9999.0 -9999.0 -9999.0 -9999.0 -9999.0 -9999.0 -9999.0 -9999.0 -9999.0 -9999.0 -9999.0 -9999.0 -9999.0 -9999.0 -9999.0 -9999.0 -9999.0 -9999.0 -9999.0 -9999.0 -9999.0 -9999.0 -9999.0 -9999.0 -9999.0 -9999.0 -9999.0 -9999.0 -9999.0 -9999.0 -9999.0 -9999.0 -9999.0 -9999.0 -9999.0 -9999.0 -9999.0 -9999.0 -9999.0