Borden_/Borden1m_014/output_maps/thetaliqL0006N0030.asc
ncols         80
nrows         18
xllcorner     620200.000000
yllcorner     5168000.000000
cellsize      1.000000
NODATA_value  -9999.0
-9999.0 -9999.0 -9999.0 -9999.0 -9999.0 -9999.0 -9999.0 -9999.0 -9999.0 -9999.0 -9999.0 -9999.0 -9999.0 -9999.0 -9999.0 -9999.0 -9999.0 -9999.0 -9999.0 -9999.0 -9999.0 -9999.0 -9999.0 -9999.0 -9999.0 -9999.0 -9999.0 -9999.0 -9999.0 -9999.0 -9999.0 -9999.0 -9999.0 -9999.0 -9999.0 -9999.0 -9999.0 -9999.0 -9999.0 -9999.0 -9999.0 -9999.0 -9999.0 -9999.0 -9999.0 -9999.0 -9999.0 -9999.0 -9999.0 -9999.0 -9999.0 -9999.0 -9999.0 -9999.0 -9999.0 -9999.0 -9999.0 -9999.0 -9999.0 -9999.0 -9999.0 -9999.0 -9999.0 -9999.0 -9999.0 -9999.0 -9999.0 -9999.0 -9999.0 -9999.0 -9999.0 -9999.0 -9999.0 -9999.0 -9999.0 -9999.0 -9999.0 -9999.0 -9999.0 -9999.0
-9999.0 -9999.0 -9999.0 -9999.0 -9999.0 -9999.0 -9999.0 -9999.0 -9999.0 -9999.0 -9999.0 -9999.0 -9999.0 -9999.0 -9999.0 -9999.0 -9999.0 -9999.0 -9999.0 -9999.0 -9999.0 -9999.0 -9999.0 -9999.0 -9999.0 -9999.0 -9999.0 -9999.0 -9999.0 -9999.0 -9999.0 -9999.0 -9999.0 -9999.0 -9999.0 -9999.0 -9999.0 -9999.0 -9999.0 -9999.0 -9999.0 -9999.0 -9999.0 -9999.0 -9999.0 -9999.0 -9999.0 -9999.0 -9999.0 -9999.0 -9999.0 -9999.0 -9999.0 -9999.0 -9999.0 -9999.0 -9999.0 -9999.0 -9999.0 -9999.0 -9999.0 -9999.0 -9999.0 -9999.0 -9999.0 -9999.0 -9999.0 -9999.0 -9999.0 -9999.0 -9999.0 -9999.0 -9999.0 -9999.0 -9999.0 -9999.0 -9999.0 -9999.0 -9999.0 -9999.0
-9999.0 -9999.0 -9999.0 -9999.0 -9999.0 -9999.0 -9999.0 -9999.0 -9999.0 -9999.0 -9999.0 -9999.0 -9999.0 -9999.0 -9999.0 -9999.0 -9999.0 -9999.0 -9999.0 -9999.0 0.153838 0.155479 0.143965 0.129528 0.119576 0.120017 0.132310 0.150446 0.171150 0.177660 0.166362 0.166887 0.163670 0.163656 0.165429 0.168790 0.170117 0.177397 0.182980 0.182838 0.178735 0.174929 0.173816 0.176141 0.179309 0.174018 0.182746 0.193449 0.198359 0.194722 0.176227 0.166563 0.162152 0.154586 0.168605 0.176760 0.192541 0.195911 0.195422 0.177281 0.159488 -9999.0 -9999.0 -9999.0 -9999.0 -9999.0 -9999.0 -9999.0 -9999.0 -9999.0 -9999.0 -9999.0 -9999.0 -9999.0 -9999.0 -9999.0 -9999.0 -9999.0 -9999.0 -9999.0
-9999.0 -9999.0 -9999.0 -9999.0 -9999.0 -9999.0 -9999.0 -9999.0 -9999.0 -9999.0 -9999.0 -9999.0 -9999.0 -9999.0 0.117765 0.114641 0.113652 0.115945 0.126775 0.138418 0.144044 0.140397 0.140180 0.130280 0.122912 0.127687 0.139145 0.153842 0.173023 0.186326 0.177459 0.175493 0.182496 0.202856 0.214920 0.212929 0.196302 0.213340 0.226777 0.235286 0.234518 0.227348 0.240355 0.254684 0.249111 0.233724 0.235667 0.245266 0.258368 0.244499 0.192353 0.177505 0.175956 0.172151 0.164629 0.161101 0.176153 0.177244 0.172407 0.162149 0.145727 0.127470 0.121518 0.135898 0.157409 0.194169 -9999.0 -9999.0 -9999.0 -9999.0 -9999.0 -9999.0 -9999.0 -9999.0 -9999.0 -9999.0 -9999.0 -9999.0 -9999.0 -9999.0
-9999.0 -9999.0 -9999.0 -9999.0 -9999.0 -9999.0 -9999.0 -9999.0 -9999.0 0.103615 0.104254 0.105713 0.105964 0.109573 0.109075 0.110675 0.112683 0.120055 0.130689 0.145461 0.160117 0.154265 0.154120 0.160801 0.165157 0.173047 0.186457 0.216727 0.253411 0.290052 0.267147 0.266126 0.284371 0.325837 0.349498 0.354446 0.345934 0.346923 0.357406 0.364138 0.364636 0.364596 0.367630 0.368551 0.368862 0.367727 0.365167 0.364512 0.367471 0.357818 0.324201 0.277581 0.274777 0.245983 0.210211 0.192530 0.190330 0.207101 0.195951 0.171149 0.150989 0.146853 0.139592 0.147265 0.159367 0.189125 0.217984 0.241581 0.242406 0.228619 -9999.0 -9999.0 -9999.0 -9999.0 -9999.0 -9999.0 -9999.0 -9999.0 -9999.0 -9999.0
-9999.0 -9999.0 -9999.0 -9999.0 -9999.0 -9999.0 0.090636 0.091717 0.094465 0.095294 0.099293 0.100609 0.104685 0.109032 0.114140 0.118969 0.129395 0.142557 0.163793 0.192413 0.217245 0.214337 0.222765 0.254176 0.295646 0.323446 0.339383 0.357424 0.369020 0.369876 0.369953 0.369972 0.369986 0.369999 0.370000 0.370000 0.370000 0.370000 0.370000 0.370000 0.370000 0.370000 0.370000 0.370000 0.370000 0.370000 0.370000 0.370000 0.370000 0.370000 0.370000 0.369979 0.369745 0.368074 0.349465 0.311588 0.306525 0.315128 0.288704 0.242253 0.206629 0.198602 0.188405 0.178991 0.182770 0.196778 0.215123 0.224762 0.215680 0.200789 0.184943 0.167101 0.168355 0.184790 -9999.0 -9999.0 -9999.0 -9999.0 -9999.0 -9999.0
-9999.0 -9999.0 -9999.0 -9999.0 0.085162 0.086334 0.085165 0.087467 0.091216 0.095940 0.101653 0.109877 0.117038 0.126426 0.143332 0.163473 0.192150 0.219239 0.268294 0.326600 0.355595 0.363822 0.366860 0.369741 0.369990 0.370000 0.370000 0.370000 0.370000 0.370000 0.370000 0.370000 0.370000 0.370000 0.370000 0.370000 0.370000 0.370000 0.370000 0.370000 0.370000 0.370000 0.370000 0.370000 0.370000 0.370000 0.370000 0.370000 0.370000 0.370000 0.370000 0.370000 0.370000 0.370000 0.370000 0.370000 0.369991 0.369958 0.369317 0.364889 0.340185 0.320811 0.293367 0.269676 0.242326 0.242515 0.245141 0.229612 0.206653 0.184542 0.175386 0.164590 0.159347 0.177447 0.189549 0.212673 -9999.0 -9999.0 -9999.0 -9999.0
-9999.0 -9999.0 0.080568 0.084503 0.090464 0.091494 0.091776 0.092316 0.096184 0.105659 0.128608 0.151954 0.178821 0.199798 0.250272 0.324102 0.362009 0.368569 0.369893 0.369997 0.370000 0.370000 0.370000 0.370000 0.370000 0.370000 0.370000 0.370000 0.370000 0.370000 0.370000 0.370000 0.370000 0.370000 0.370000 0.370000 0.370000 0.370000 0.370000 0.370000 0.370000 0.370000 0.370000 0.370000 0.370000 0.370000 0.370000 0.370000 0.370000 0.370000 0.370000 0.370000 0.370000 0.370000 0.370000 0.370000 0.370000 0.370000 0.370000 0.370000 0.369999 0.369976 0.369666 0.367224 0.354263 0.335354 0.301382 0.268089 0.231215 0.197262 0.181873 0.170771 0.170047 0.171031 0.181618 0.192703 0.204196 0.210251 -9999.0 -9999.0
-9999.0 0.075535 0.079014 0.090211 0.102893 0.113422 0.126496 0.138402 0.148922 0.154646 0.231502 0.326808 0.364659 0.368156 0.369810 0.370000 0.370000 0.370000 0.370000 0.370000 0.370000 0.370000 0.370000 0.370000 0.370000 0.370000 0.370000 0.370000 0.370000 0.370000 0.370000 0.370000 0.370000 0.370000 0.370000 0.370000 0.370000 0.370000 0.370000 0.370000 0.370000 0.370000 0.370000 0.370000 0.370000 0.370000 0.370000 0.370000 0.370000 0.370000 0.370000 0.370000 0.370000 0.370000 0.370000 0.370000 0.370000 0.370000 0.370000 0.370000 0.370000 0.370000 0.370000 0.370000 0.369986 0.369589 0.365467 0.347092 0.305164 0.273510 0.247620 0.206049 0.189542 0.191380 0.185480 0.184265 0.189187 0.193874 -9999.0 -9999.0
-9999.0 0.073288 0.079176 0.099602 0.144152 0.178858 0.279252 0.341368 0.354420 0.345394 0.369224 0.370000 0.370000 0.370000 0.370000 0.370000 0.370000 0.370000 0.370000 0.370000 0.370000 0.370000 0.370000 0.370000 0.370000 0.370000 0.370000 0.370000 0.370000 0.370000 0.370000 0.370000 0.370000 0.370000 0.370000 0.370000 0.370000 0.370000 0.370000 0.370000 0.370000 0.370000 0.370000 0.370000 0.370000 0.370000 0.370000 0.370000 0.370000 0.370000 0.370000 0.370000 0.370000 0.370000 0.370000 0.370000 0.370000 0.370000 0.370000 0.370000 0.370000 0.370000 0.370000 0.370000 0.370000 0.370000 0.369996 0.369935 0.368940 0.364404 0.348180 0.310806 0.262134 0.238478 0.207792 0.192576 -9999.0 -9999.0 -9999.0 -9999.0
-9999.0 0.071864 0.078486 0.115996 0.268437 0.358856 0.369986 0.370000 0.370000 0.370000 0.370000 0.370000 0.370000 0.370000 0.370000 0.370000 0.370000 0.370000 0.370000 0.370000 0.370000 0.370000 0.370000 0.370000 0.370000 0.370000 0.370000 0.370000 0.370000 0.370000 0.370000 0.370000 0.370000 0.370000 0.369998 0.369988 0.369802 0.369630 0.369321 0.367948 0.366099 0.364025 0.366413 0.366181 0.366148 0.367188 0.368693 0.369340 0.369893 0.369983 0.369999 0.370000 0.370000 0.370000 0.370000 0.370000 0.370000 0.370000 0.370000 0.370000 0.370000 0.370000 0.370000 0.370000 0.370000 0.370000 0.370000 0.370000 0.369999 0.369986 0.369921 0.369311 0.362352 0.312426 0.279592 -9999.0 -9999.0 -9999.0 -9999.0 -9999.0
-9999.0 0.069755 0.075268 0.106082 0.308908 0.369992 0.370000 0.370000 0.370000 0.370000 0.370000 0.370000 0.370000 0.370000 0.370000 0.370000 0.370000 0.370000 0.370000 0.370000 0.370000 0.370000 0.370000 0.370000 0.370000 0.370000 0.370000 0.370000 0.370000 0.369999 0.369949 0.369809 0.367032 0.348984 0.320488 0.281897 0.235776 0.233349 0.245414 0.230522 0.212531 0.198156 0.217307 0.228903 0.237384 0.229837 0.237346 0.266436 0.306441 0.336183 0.358971 0.368160 0.369710 0.369980 0.369997 0.370000 0.370000 0.370000 0.370000 0.370000 0.370000 0.370000 0.370000 0.370000 0.370000 0.370000 0.370000 0.370000 0.370000 0.370000 0.370000 0.370000 0.369986 -9999.0 -9999.0 -9999.0 -9999.0 -9999.0 -9999.0 -9999.0
-9999.0 0.068703 0.071056 0.079480 0.134236 0.300208 0.368496 0.369991 0.370000 0.370000 0.370000 0.370000 0.370000 0.370000 0.370000 0.370000 0.370000 0.370000 0.370000 0.369999 0.369993 0.369985 0.369984 0.369975 0.369888 0.369733 0.369542 0.368854 0.365674 0.349959 0.294984 0.238196 0.189426 0.165476 0.148952 0.134030 0.119807 0.123385 0.128832 0.127004 0.122481 0.120792 0.131270 0.138606 0.142974 0.136778 0.144700 0.158113 0.183121 0.212465 0.250502 0.294725 0.332108 0.349429 0.357063 0.365192 0.369044 0.369938 0.370000 0.370000 0.370000 0.370000 0.370000 0.370000 0.370000 0.370000 0.370000 0.370000 0.370000 0.370000 0.370000 -9999.0 -9999.0 -9999.0 -9999.0 -9999.0 -9999.0 -9999.0 -9999.0 -9999.0
-9999.0 -9999.0 0.068694 0.070424 0.073842 0.083715 0.105532 0.137247 0.171537 0.229636 0.300594 0.346044 0.360311 0.363789 0.359365 0.342336 0.325979 0.325962 0.319910 0.308426 0.287067 0.278116 0.270325 0.263409 0.250352 0.243147 0.238398 0.228941 0.210329 0.176758 0.146382 0.124984 0.109011 0.103460 0.099214 0.095328 0.094685 0.094539 0.095676 0.095843 0.096613 0.098556 0.102536 0.107099 0.109274 0.110832 0.114114 0.121075 0.132764 0.150566 0.179890 0.219017 0.248822 0.258004 0.249928 0.255515 0.275621 0.314027 0.361129 0.369671 0.369997 0.370000 0.370000 0.370000 0.370000 0.370000 0.370000 0.370000 0.370000 0.370000 -9999.0 -9999.0 -9999.0 -9999.0 -9999.0 -9999.0 -9999.0 -9999.0 -9999.0 -9999.0
-9999.0 -9999.0 -9999.0 -9999.0 0.069028 0.070635 0.072283 0.074496 0.079903 0.088786 0.102369 0.121005 0.139318 0.149584 0.142900 0.138579 0.134532 0.133448 0.130289 0.127721 0.125246 0.122653 0.119439 0.117192 0.116871 0.117819 0.117329 0.113742 0.109862 0.103373 0.098575 0.092954 0.088221 0.085218 0.084048 0.083422 0.083463 0.083048 0.083877 0.084398 0.085779 0.087372 0.090174 0.094010 0.095873 0.098213 0.099946 0.104099 0.111026 0.126939 0.153542 0.185939 0.208812 0.210122 0.189453 0.177659 0.174642 0.192487 0.229070 0.290059 0.355695 0.368774 0.369944 0.369996 0.370000 0.370000 0.370000 0.370000 -9999.0 -9999.0 -9999.0 -9999.0 -9999.0 -9999.0 -9999.0 -9999.0 -9999.0 -9999.0 -9999.0 -9999.0
-9999.0 -9999.0 -9999.0 -9999.0 -9999.0 -9999.0 0.068655 0.069280 0.070169 0.071997 0.074879 0.078820 0.083804 0.085825 0.087275 0.089638 0.088992 0.087180 0.085615 0.087222 0.088117 0.087644 0.084997 0.084843 0.085129 0.086071 0.085994 0.085430 0.083248 0.083846 0.083669 0.081851 0.080057 0.079166 0.078513 0.079092 0.079154 0.078459 0.078629 0.080187 0.081525 0.082548 0.084467 0.087775 0.091660 0.093601 0.093692 0.094595 0.101928 0.119537 0.146501 0.174989 0.194309 0.198360 0.177465 0.152537 0.141002 0.142846 0.158812 0.190613 0.250011 0.291658 0.318486 0.336300 0.352670 0.369123 -9999.0 -9999.0 -9999.0 -9999.0 -9999.0 -9999.0 -9999.0 -9999.0 -9999.0 -9999.0 -9999.0 -9999.0 -9999.0 -9999.0
-9999.0 -9999.0 -9999.0 -9999.0 -9999.0 -9999.0 -9999.0 -9999.0 -9999.0 -9999.0 -9999.0 -9999.0 -9999.0 -9999.0 -9999.0 -9999.0 -9999.0 -9999.0 -9999.0 -9999.0 -9999.0 -9999.0 -9999.0 -9999.0 -9999.0 -9999.0 -9999.0 -9999.0 -9999.0 -9999.0 -9999.0 -9999.0 -9999.0 -9999.0 -9999.0 -9999.0 -9999.0 -9999.0 -9999.0 -9999.0 -9999.0 -9999.0 -9999.0 -9999.0 -9999.0 -9999.0 -9999.0 -9999.0 -9999.0 -9999.0 -9999.0 -9999.0 -9999.0 -9999.0 -9999.0 -9999.0 -9999.0 -9999.0 -9999.0 -9999.0 -9999.0 -9999.0 -9999.0 -9999.0 -9999.0 -9999.0 -9999.0 -9999.0 -9999.0 -9999.0 -9999.0 -9999.0 -9999.0 -9999.0 -9999.0 -9999.0 -9999.0 -9999.0 -9999.0 -9999.0
-9999.0 -9999.0 -9999.0 -9999.0 -9999.0 -9999.0 -9999.0 -9999.0 -9999.0 -9999.0 -9999.0 -9999.0 -9999.0 -9999.0 -9999.0 -9999.0 -9999.0 -9999.0 -9999.0 -9999.0 -9999.0 -9999.0 -9999.0 -9999.0 -9999.0 -9999.0 -9999.0 -9999.0 -9999.0 -9999.0 -9999.0 -9999.0 -9999.0 -9999.0 -9999.0 -9999.0 -9999.0 -9999.0 -9999.0 -9999.0 -9999.0 -9999.0 -9999.0 -9999.0 -9999.0 -9999.0 -9999.0 -9999.0 -9999.0 -9999.0 -9999.0 -9999.0 -9999.0 -9999.0 -9999.0 -9999.0 -9999.0 -9999.0 -9999.0 -9999.0 -9999.0 -9999.0 -9999.0 -9999.0 -9999.0 -9999.0 -9999.0 -9999.0 -9999.0 -9999.0 -9999.0 -9999.0 -9999.0 -9999.0 -9999.0 -9999.0 -9999.0 -9999.0 -9999.0 -9999.0