Borden_/Borden1m_014/output_maps/thetaliqL0001N0009.asc
ncols         80
nrows         18
xllcorner     620200.000000
yllcorner     5168000.000000
cellsize      1.000000
NODATA_value  -9999.0
-9999.0 -9999.0 -9999.0 -9999.0 -9999.0 -9999.0 -9999.0 -9999.0 -9999.0 -9999.0 -9999.0 -9999.0 -9999.0 -9999.0 -9999.0 -9999.0 -9999.0 -9999.0 -9999.0 -9999.0 -9999.0 -9999.0 -9999.0 -9999.0 -9999.0 -9999.0 -9999.0 -9999.0 -9999.0 -9999.0 -9999.0 -9999.0 -9999.0 -9999.0 -9999.0 -9999.0 -9999.0 -9999.0 -9999.0 -9999.0 -9999.0 -9999.0 -9999.0 -9999.0 -9999.0 -9999.0 -9999.0 -9999.0 -9999.0 -9999.0 -9999.0 -9999.0 -9999.0 -9999.0 -9999.0 -9999.0 -9999.0 -9999.0 -9999.0 -9999.0 -9999.0 -9999.0 -9999.0 -9999.0 -9999.0 -9999.0 -9999.0 -9999.0 -9999.0 -9999.0 -9999.0 -9999.0 -9999.0 -9999.0 -9999.0 -9999.0 -9999.0 -9999.0 -9999.0 -9999.0
-9999.0 -9999.0 -9999.0 -9999.0 -9999.0 -9999.0 -9999.0 -9999.0 -9999.0 -9999.0 -9999.0 -9999.0 -9999.0 -9999.0 -9999.0 -9999.0 -9999.0 -9999.0 -9999.0 -9999.0 -9999.0 -9999.0 -9999.0 -9999.0 -9999.0 -9999.0 -9999.0 -9999.0 -9999.0 -9999.0 -9999.0 -9999.0 -9999.0 -9999.0 -9999.0 -9999.0 -9999.0 -9999.0 -9999.0 -9999.0 -9999.0 -9999.0 -9999.0 -9999.0 -9999.0 -9999.0 -9999.0 -9999.0 -9999.0 -9999.0 -9999.0 -9999.0 -9999.0 -9999.0 -9999.0 -9999.0 -9999.0 -9999.0 -9999.0 -9999.0 -9999.0 -9999.0 -9999.0 -9999.0 -9999.0 -9999.0 -9999.0 -9999.0 -9999.0 -9999.0 -9999.0 -9999.0 -9999.0 -9999.0 -9999.0 -9999.0 -9999.0 -9999.0 -9999.0 -9999.0
-9999.0 -9999.0 -9999.0 -9999.0 -9999.0 -9999.0 -9999.0 -9999.0 -9999.0 -9999.0 -9999.0 -9999.0 -9999.0 -9999.0 -9999.0 -9999.0 -9999.0 -9999.0 -9999.0 -9999.0 0.259718 0.260724 0.259139 0.257457 0.255900 0.255574 0.257224 0.258890 0.260865 0.261050 0.259051 0.259742 0.258872 0.258210 0.258005 0.258564 0.258889 0.259459 0.259746 0.259406 0.258844 0.258530 0.258083 0.258074 0.258829 0.257841 0.259150 0.260251 0.260513 0.260796 0.259632 0.259310 0.259240 0.257575 0.260529 0.261063 0.262805 0.262812 0.263394 0.261463 0.259543 -9999.0 -9999.0 -9999.0 -9999.0 -9999.0 -9999.0 -9999.0 -9999.0 -9999.0 -9999.0 -9999.0 -9999.0 -9999.0 -9999.0 -9999.0 -9999.0 -9999.0 -9999.0 -9999.0
-9999.0 -9999.0 -9999.0 -9999.0 -9999.0 -9999.0 -9999.0 -9999.0 -9999.0 -9999.0 -9999.0 -9999.0 -9999.0 -9999.0 0.257973 0.256913 0.256382 0.255800 0.257288 0.258245 0.257870 0.256768 0.257920 0.256000 0.254210 0.255248 0.256397 0.256951 0.258300 0.259430 0.258133 0.257802 0.258333 0.260532 0.261300 0.260686 0.257483 0.260412 0.261492 0.262184 0.262089 0.260630 0.262374 0.264439 0.263227 0.261029 0.261634 0.262764 0.264749 0.264342 0.257503 0.257612 0.258277 0.258796 0.257860 0.257062 0.259983 0.259294 0.259003 0.259075 0.257973 0.255603 0.254398 0.257186 0.259037 0.263440 -9999.0 -9999.0 -9999.0 -9999.0 -9999.0 -9999.0 -9999.0 -9999.0 -9999.0 -9999.0 -9999.0 -9999.0 -9999.0 -9999.0
-9999.0 -9999.0 -9999.0 -9999.0 -9999.0 -9999.0 -9999.0 -9999.0 -9999.0 0.256973 0.256564 0.256801 0.255913 0.256752 0.254856 0.255168 0.254632 0.255649 0.256107 0.257236 0.259183 0.257372 0.257083 0.258148 0.257927 0.257886 0.258275 0.261064 0.263765 0.269140 0.263645 0.263362 0.265178 0.272472 0.283380 0.285907 0.281741 0.281128 0.286467 0.292344 0.291788 0.291163 0.296559 0.299220 0.301294 0.297099 0.292717 0.291611 0.298401 0.286591 0.272094 0.263931 0.266445 0.263301 0.259887 0.258905 0.258185 0.261501 0.260614 0.258305 0.256433 0.257803 0.256437 0.257753 0.258133 0.261332 0.263952 0.266688 0.266813 0.264963 -9999.0 -9999.0 -9999.0 -9999.0 -9999.0 -9999.0 -9999.0 -9999.0 -9999.0 -9999.0
-9999.0 -9999.0 -9999.0 -9999.0 -9999.0 -9999.0 0.255858 0.255602 0.256077 0.253644 0.254931 0.253648 0.254486 0.254624 0.254999 0.254601 0.255777 0.256554 0.258020 0.259956 0.261939 0.260092 0.260487 0.263372 0.268346 0.272888 0.278466 0.285795 0.303290 0.313946 0.318389 0.319971 0.323007 0.349263 0.370000 0.370000 0.370000 0.370000 0.370000 0.370000 0.370000 0.370000 0.370000 0.370000 0.370000 0.370000 0.370000 0.370000 0.370000 0.370000 0.360172 0.323131 0.310173 0.299429 0.283287 0.271634 0.268689 0.272048 0.268413 0.262991 0.259997 0.260672 0.260333 0.258922 0.259684 0.260803 0.262729 0.264073 0.263177 0.262156 0.261759 0.259515 0.259997 0.262224 -9999.0 -9999.0 -9999.0 -9999.0 -9999.0 -9999.0
-9999.0 -9999.0 -9999.0 -9999.0 0.252825 0.253771 0.250696 0.252257 0.253272 0.253878 0.253322 0.254465 0.254358 0.254946 0.256509 0.257126 0.259151 0.260267 0.264739 0.273402 0.285349 0.291983 0.294158 0.308961 0.329579 0.361038 0.370000 0.370000 0.370000 0.370000 0.370000 0.370000 0.370000 0.370000 0.370000 0.370000 0.370000 0.370000 0.370000 0.370000 0.370000 0.370000 0.370000 0.370000 0.370000 0.370000 0.370000 0.370000 0.370000 0.370000 0.370000 0.370000 0.370000 0.370000 0.370000 0.370000 0.331061 0.319811 0.304431 0.292774 0.275296 0.272148 0.268421 0.266400 0.262952 0.264024 0.265441 0.263770 0.261751 0.259813 0.260091 0.259311 0.257879 0.261025 0.261646 0.264669 -9999.0 -9999.0 -9999.0 -9999.0
-9999.0 -9999.0 0.253127 0.252762 0.255074 0.253157 0.252016 0.250422 0.250667 0.252599 0.255986 0.256394 0.258037 0.258506 0.263016 0.273569 0.290393 0.299837 0.313716 0.341002 0.370000 0.370000 0.370000 0.370000 0.370000 0.370000 0.370000 0.370000 0.370000 0.370000 0.370000 0.370000 0.370000 0.370000 0.370000 0.370000 0.370000 0.370000 0.370000 0.370000 0.370000 0.370000 0.370000 0.370000 0.370000 0.370000 0.370000 0.370000 0.370000 0.370000 0.370000 0.370000 0.370000 0.370000 0.370000 0.370000 0.370000 0.370000 0.370000 0.370000 0.358723 0.324956 0.308264 0.293169 0.280835 0.276527 0.270052 0.266462 0.263168 0.259753 0.259103 0.258868 0.259796 0.259054 0.260646 0.261569 0.263355 0.263865 -9999.0 -9999.0
-9999.0 0.252806 0.251412 0.255354 0.255033 0.255140 0.255206 0.255391 0.256051 0.253768 0.262520 0.279255 0.294921 0.298699 0.310327 0.353081 0.370000 0.370000 0.370000 0.370000 0.370000 0.370000 0.370000 0.370000 0.370000 0.370000 0.370000 0.370000 0.370000 0.370000 0.370000 0.370000 0.370000 0.370000 0.370000 0.370000 0.370000 0.370000 0.370000 0.370000 0.370000 0.370000 0.370000 0.370000 0.370000 0.370000 0.370000 0.370000 0.370000 0.370000 0.370000 0.370000 0.370000 0.370000 0.370000 0.370000 0.370000 0.370000 0.370000 0.370000 0.370000 0.370000 0.370000 0.370000 0.330065 0.305051 0.288313 0.278706 0.269798 0.266767 0.265206 0.260262 0.259453 0.261170 0.260516 0.260473 0.261141 0.261593 -9999.0 -9999.0
-9999.0 0.248244 0.252098 0.255506 0.258915 0.256929 0.269063 0.285752 0.288832 0.280939 0.306257 0.370000 0.370000 0.370000 0.370000 0.370000 0.370000 0.370000 0.370000 0.370000 0.370000 0.370000 0.370000 0.370000 0.370000 0.370000 0.370000 0.370000 0.370000 0.370000 0.370000 0.370000 0.370000 0.370000 0.370000 0.370000 0.370000 0.370000 0.370000 0.370000 0.370000 0.370000 0.370000 0.370000 0.370000 0.370000 0.370000 0.370000 0.370000 0.370000 0.370000 0.370000 0.370000 0.370000 0.370000 0.370000 0.370000 0.370000 0.370000 0.370000 0.370000 0.370000 0.370000 0.370000 0.370000 0.370000 0.344729 0.321183 0.303020 0.289336 0.280172 0.272047 0.265196 0.264739 0.261196 0.261553 -9999.0 -9999.0 -9999.0 -9999.0
-9999.0 0.248083 0.251676 0.258484 0.272998 0.289985 0.362269 0.370000 0.370000 0.370000 0.370000 0.370000 0.370000 0.370000 0.370000 0.370000 0.370000 0.370000 0.370000 0.370000 0.370000 0.370000 0.370000 0.370000 0.370000 0.370000 0.370000 0.370000 0.370000 0.370000 0.370000 0.370000 0.370000 0.369999 0.340362 0.326578 0.310604 0.309433 0.306116 0.298705 0.295167 0.292501 0.296229 0.294847 0.294320 0.296675 0.301744 0.304574 0.314501 0.324837 0.346395 0.370000 0.370000 0.370000 0.370000 0.370000 0.370000 0.370000 0.370000 0.370000 0.370000 0.370000 0.370000 0.370000 0.370000 0.370000 0.370000 0.370000 0.370000 0.358612 0.328155 0.307263 0.288056 0.274445 0.270265 -9999.0 -9999.0 -9999.0 -9999.0 -9999.0
-9999.0 0.241801 0.252042 0.257279 0.284010 0.369994 0.370000 0.370000 0.370000 0.370000 0.370000 0.370000 0.370000 0.370000 0.370000 0.370000 0.370000 0.370000 0.370000 0.370000 0.370000 0.370000 0.370000 0.370000 0.370000 0.370000 0.370000 0.370000 0.370000 0.357819 0.318427 0.314481 0.297582 0.281737 0.272837 0.267490 0.261897 0.262392 0.264991 0.263199 0.261326 0.258965 0.261704 0.262741 0.263930 0.262232 0.262259 0.265470 0.270587 0.275197 0.282604 0.296319 0.307399 0.322674 0.339064 0.370000 0.370000 0.370000 0.370000 0.370000 0.370000 0.370000 0.370000 0.370000 0.370000 0.370000 0.370000 0.370000 0.370000 0.370000 0.370000 0.370000 0.338655 -9999.0 -9999.0 -9999.0 -9999.0 -9999.0 -9999.0 -9999.0
-9999.0 0.238537 0.249809 0.250384 0.260422 0.280135 0.308430 0.342285 0.370000 0.370000 0.370000 0.370000 0.370000 0.370000 0.370000 0.370000 0.370000 0.369343 0.367697 0.349068 0.332895 0.326493 0.326775 0.324453 0.315692 0.311231 0.308695 0.303270 0.294351 0.281032 0.268960 0.262902 0.258684 0.257706 0.256951 0.256030 0.253193 0.255142 0.256418 0.256153 0.255260 0.254453 0.256651 0.257160 0.257794 0.255506 0.256848 0.257574 0.259673 0.261571 0.264397 0.268991 0.275415 0.279282 0.281442 0.290131 0.301137 0.316382 0.362385 0.370000 0.370000 0.370000 0.370000 0.370000 0.370000 0.370000 0.370000 0.370000 0.370000 0.370000 0.370000 -9999.0 -9999.0 -9999.0 -9999.0 -9999.0 -9999.0 -9999.0 -9999.0 -9999.0
-9999.0 -9999.0 0.236107 0.240422 0.244000 0.247159 0.251563 0.255377 0.260671 0.267049 0.276423 0.286651 0.292792 0.295570 0.291634 0.282661 0.275461 0.275227 0.273922 0.271437 0.267866 0.267338 0.266584 0.266157 0.264691 0.264141 0.264013 0.263656 0.262604 0.259544 0.257207 0.255692 0.253542 0.254169 0.254006 0.253190 0.254267 0.254020 0.254235 0.254057 0.254288 0.254684 0.255007 0.255565 0.255434 0.255590 0.255656 0.256128 0.256811 0.257611 0.259645 0.262920 0.265299 0.265696 0.263888 0.264266 0.266096 0.270167 0.284421 0.307968 0.341551 0.370000 0.370000 0.370000 0.370000 0.370000 0.370000 0.370000 0.370000 0.370000 -9999.0 -9999.0 -9999.0 -9999.0 -9999.0 -9999.0 -9999.0 -9999.0 -9999.0 -9999.0
-9999.0 -9999.0 -9999.0 -9999.0 0.234036 0.240272 0.246193 0.245212 0.249216 0.251210 0.252772 0.254694 0.256237 0.257390 0.255606 0.255490 0.255309 0.255709 0.255445 0.255093 0.255079 0.254930 0.254791 0.254442 0.254712 0.255174 0.255360 0.254742 0.255052 0.253938 0.254188 0.253723 0.253231 0.252423 0.252781 0.252742 0.253232 0.252743 0.253461 0.252939 0.253416 0.253536 0.254015 0.254895 0.254275 0.254782 0.254663 0.255238 0.255036 0.256331 0.258563 0.261170 0.262890 0.262644 0.259852 0.258935 0.258097 0.259560 0.261582 0.266893 0.281066 0.298502 0.317208 0.338882 0.370000 0.370000 0.370000 0.370000 -9999.0 -9999.0 -9999.0 -9999.0 -9999.0 -9999.0 -9999.0 -9999.0 -9999.0 -9999.0 -9999.0 -9999.0
-9999.0 -9999.0 -9999.0 -9999.0 -9999.0 -9999.0 0.236932 0.240119 0.238959 0.241260 0.243214 0.244584 0.246858 0.246328 0.247055 0.249087 0.248850 0.247958 0.246769 0.248591 0.249397 0.249641 0.247722 0.248356 0.248567 0.249305 0.249225 0.249654 0.248037 0.250203 0.251305 0.251088 0.250893 0.251416 0.251021 0.252342 0.252500 0.251467 0.251115 0.252543 0.252860 0.252523 0.252635 0.253411 0.254665 0.254737 0.253998 0.252896 0.253898 0.256346 0.258794 0.260761 0.262019 0.262637 0.260550 0.257487 0.255922 0.255438 0.256240 0.257785 0.262727 0.265817 0.268125 0.270166 0.275220 0.300180 -9999.0 -9999.0 -9999.0 -9999.0 -9999.0 -9999.0 -9999.0 -9999.0 -9999.0 -9999.0 -9999.0 -9999.0 -9999.0 -9999.0
-9999.0 -9999.0 -9999.0 -9999.0 -9999.0 -9999.0 -9999.0 -9999.0 -9999.0 -9999.0 -9999.0 -9999.0 -9999.0 -9999.0 -9999.0 -9999.0 -9999.0 -9999.0 -9999.0 -9999.0 -9999.0 -9999.0 -9999.0 -9999.0 -9999.0 -9999.0 -9999.0 -9999.0 -9999.0 -9999.0 -9999.0 -9999.0 -9999.0 -9999.0 -9999.0 -9999.0 -9999.0 -9999.0 -9999.0 -9999.0 -9999.0 -9999.0 -9999.0 -9999.0 -9999.0 -9999.0 -9999.0 -9999.0 -9999.0 -9999.0 -9999.0 -9999.0 -9999.0 -9999.0 -9999.0 -9999.0 -9999.0 -9999.0 -9999.0 -9999.0 -9999.0 -9999.0 -9999.0 -9999.0 -9999.0 -9999.0 -9999.0 -9999.0 -9999.0 -9999.0 -9999.0 -9999.0 -9999.0 -9999.0 -9999.0 -9999.0 -9999.0 -9999.0 -9999.0 -9999.0
-9999.0 -9999.0 -9999.0 -9999.0 -9999.0 -9999.0 -9999.0 -9999.0 -9999.0 -9999.0 -9999.0 -9999.0 -9999.0 -9999.0 -9999.0 -9999.0 -9999.0 -9999.0 -9999.0 -9999.0 -9999.0 -9999.0 -9999.0 -9999.0 -9999.0 -9999.0 -9999.0 -9999.0 -9999.0 -9999.0 -9999.0 -9999.0 -9999.0 -9999.0 -9999.0 -9999.0 -9999.0 -9999.0 -9999.0 -9999.0 -9999.0 -9999.0 -9999.0 -9999.0 -9999.0 -9999.0 -9999.0 -9999.0 -9999.0 -9999.0 -9999.0 -9999.0 -9999.0 -9999.0 -9999.0 -9999.0 -9999.0 -9999.0 -9999.0 -9999.0 -9999.0 -9999.0 -9999.0 -9999.0 -9999.0 -9999.0 -9999.0 -9999.0 -9999.0 -9999.0 -9999.0 -9999.0 -9999.0 -9999.0 -9999.0 -9999.0 -9999.0 -9999.0 -9999.0 -9999.0