Borden_/Borden1m_014/output_maps/thetaliqL0004N0017.asc
ncols         80
nrows         18
xllcorner     620200.000000
yllcorner     5168000.000000
cellsize      1.000000
NODATA_value  -9999.0
-9999.0 -9999.0 -9999.0 -9999.0 -9999.0 -9999.0 -9999.0 -9999.0 -9999.0 -9999.0 -9999.0 -9999.0 -9999.0 -9999.0 -9999.0 -9999.0 -9999.0 -9999.0 -9999.0 -9999.0 -9999.0 -9999.0 -9999.0 -9999.0 -9999.0 -9999.0 -9999.0 -9999.0 -9999.0 -9999.0 -9999.0 -9999.0 -9999.0 -9999.0 -9999.0 -9999.0 -9999.0 -9999.0 -9999.0 -9999.0 -9999.0 -9999.0 -9999.0 -9999.0 -9999.0 -9999.0 -9999.0 -9999.0 -9999.0 -9999.0 -9999.0 -9999.0 -9999.0 -9999.0 -9999.0 -9999.0 -9999.0 -9999.0 -9999.0 -9999.0 -9999.0 -9999.0 -9999.0 -9999.0 -9999.0 -9999.0 -9999.0 -9999.0 -9999.0 -9999.0 -9999.0 -9999.0 -9999.0 -9999.0 -9999.0 -9999.0 -9999.0 -9999.0 -9999.0 -9999.0
-9999.0 -9999.0 -9999.0 -9999.0 -9999.0 -9999.0 -9999.0 -9999.0 -9999.0 -9999.0 -9999.0 -9999.0 -9999.0 -9999.0 -9999.0 -9999.0 -9999.0 -9999.0 -9999.0 -9999.0 -9999.0 -9999.0 -9999.0 -9999.0 -9999.0 -9999.0 -9999.0 -9999.0 -9999.0 -9999.0 -9999.0 -9999.0 -9999.0 -9999.0 -9999.0 -9999.0 -9999.0 -9999.0 -9999.0 -9999.0 -9999.0 -9999.0 -9999.0 -9999.0 -9999.0 -9999.0 -9999.0 -9999.0 -9999.0 -9999.0 -9999.0 -9999.0 -9999.0 -9999.0 -9999.0 -9999.0 -9999.0 -9999.0 -9999.0 -9999.0 -9999.0 -9999.0 -9999.0 -9999.0 -9999.0 -9999.0 -9999.0 -9999.0 -9999.0 -9999.0 -9999.0 -9999.0 -9999.0 -9999.0 -9999.0 -9999.0 -9999.0 -9999.0 -9999.0 -9999.0
-9999.0 -9999.0 -9999.0 -9999.0 -9999.0 -9999.0 -9999.0 -9999.0 -9999.0 -9999.0 -9999.0 -9999.0 -9999.0 -9999.0 -9999.0 -9999.0 -9999.0 -9999.0 -9999.0 -9999.0 0.152371 0.154116 0.149577 0.144382 0.140281 0.139925 0.144592 0.150473 0.157417 0.159017 0.153865 0.154913 0.153029 0.152094 0.152154 0.153586 0.154287 0.156563 0.158112 0.157597 0.155957 0.154730 0.153872 0.154332 0.156019 0.153596 0.157207 0.161027 0.162500 0.162137 0.156623 0.154225 0.153261 0.149463 0.156428 0.158901 0.164805 0.165597 0.166346 0.159656 0.153264 -9999.0 -9999.0 -9999.0 -9999.0 -9999.0 -9999.0 -9999.0 -9999.0 -9999.0 -9999.0 -9999.0 -9999.0 -9999.0 -9999.0 -9999.0 -9999.0 -9999.0 -9999.0 -9999.0
-9999.0 -9999.0 -9999.0 -9999.0 -9999.0 -9999.0 -9999.0 -9999.0 -9999.0 -9999.0 -9999.0 -9999.0 -9999.0 -9999.0 0.142786 0.140700 0.139772 0.139432 0.143607 0.147223 0.147818 0.145578 0.147107 0.142521 0.138658 0.140979 0.144776 0.148422 0.154116 0.158413 0.154733 0.153842 0.155967 0.163293 0.166902 0.165478 0.157442 0.165180 0.169711 0.172622 0.172224 0.168411 0.173928 0.180537 0.177283 0.170396 0.171839 0.175952 0.182395 0.178330 0.156848 0.153956 0.154618 0.154604 0.151828 0.150056 0.157197 0.156506 0.155114 0.153113 0.148288 0.141436 0.138641 0.145269 0.152150 0.166223 -9999.0 -9999.0 -9999.0 -9999.0 -9999.0 -9999.0 -9999.0 -9999.0 -9999.0 -9999.0 -9999.0 -9999.0 -9999.0 -9999.0
-9999.0 -9999.0 -9999.0 -9999.0 -9999.0 -9999.0 -9999.0 -9999.0 -9999.0 0.138556 0.138132 0.138752 0.137589 0.139463 0.136780 0.137520 0.137192 0.140030 0.142745 0.147192 0.152790 0.149096 0.148652 0.151408 0.151931 0.153443 0.156629 0.166891 0.179385 0.198008 0.182443 0.181495 0.189603 0.220647 0.250041 0.257374 0.243909 0.243945 0.261614 0.280562 0.279213 0.277472 0.295149 0.304379 0.310355 0.296931 0.282836 0.280231 0.300929 0.263026 0.220199 0.185980 0.188816 0.176763 0.163776 0.158780 0.157434 0.165821 0.162191 0.153784 0.147183 0.148241 0.144950 0.148289 0.151274 0.162056 0.172564 0.182820 0.183303 0.176876 -9999.0 -9999.0 -9999.0 -9999.0 -9999.0 -9999.0 -9999.0 -9999.0 -9999.0 -9999.0
-9999.0 -9999.0 -9999.0 -9999.0 -9999.0 -9999.0 0.134308 0.134200 0.135437 0.132323 0.134885 0.133437 0.135382 0.136443 0.137973 0.138392 0.142014 0.145642 0.151832 0.160368 0.168480 0.164979 0.167195 0.178520 0.199629 0.221747 0.236168 0.260068 0.316669 0.348664 0.359193 0.363669 0.369714 0.369876 0.369963 0.369980 0.369956 0.369936 0.369954 0.369981 0.369994 0.369993 0.369995 0.369997 0.370000 0.370000 0.369983 0.369975 0.369974 0.369971 0.369909 0.369684 0.340411 0.304069 0.248596 0.210942 0.203981 0.211897 0.196773 0.175726 0.163416 0.162721 0.160165 0.156292 0.158210 0.162916 0.170015 0.174418 0.170918 0.165941 0.161817 0.154863 0.155809 0.162493 -9999.0 -9999.0 -9999.0 -9999.0 -9999.0 -9999.0
-9999.0 -9999.0 -9999.0 -9999.0 0.129037 0.130550 0.126270 0.128805 0.130957 0.132767 0.133208 0.136381 0.137665 0.140297 0.145703 0.150497 0.158913 0.166049 0.184373 0.222006 0.259500 0.279372 0.288131 0.337907 0.369730 0.369922 0.369941 0.369959 0.369984 0.370000 0.370000 0.370000 0.370000 0.370000 0.370000 0.370000 0.370000 0.370000 0.370000 0.370000 0.370000 0.370000 0.370000 0.370000 0.370000 0.370000 0.370000 0.370000 0.370000 0.370000 0.370000 0.370000 0.369998 0.369990 0.369981 0.369948 0.369773 0.366315 0.322787 0.283301 0.234066 0.215102 0.198270 0.188488 0.176363 0.178349 0.181403 0.175015 0.166597 0.158931 0.157371 0.154037 0.150995 0.159188 0.162744 0.172500 -9999.0 -9999.0 -9999.0 -9999.0
-9999.0 -9999.0 0.128370 0.128783 0.133184 0.130842 0.129375 0.127441 0.128579 0.133032 0.142084 0.147151 0.154583 0.159402 0.177091 0.221797 0.272933 0.305370 0.354213 0.369787 0.369944 0.369971 0.369989 0.369998 0.370000 0.370000 0.370000 0.370000 0.370000 0.370000 0.370000 0.370000 0.370000 0.370000 0.370000 0.370000 0.370000 0.370000 0.370000 0.370000 0.370000 0.370000 0.370000 0.370000 0.370000 0.370000 0.370000 0.370000 0.370000 0.370000 0.370000 0.370000 0.370000 0.370000 0.370000 0.370000 0.370000 0.370000 0.369996 0.369984 0.369914 0.369723 0.337278 0.294106 0.251652 0.230568 0.205641 0.189242 0.174350 0.161546 0.157322 0.154676 0.155842 0.155053 0.159566 0.163358 0.168575 0.170775 -9999.0 -9999.0
-9999.0 0.126644 0.125707 0.133441 0.135694 0.137958 0.140638 0.143085 0.145987 0.144098 0.171866 0.229395 0.285180 0.301351 0.345346 0.369788 0.369986 0.369996 0.370000 0.370000 0.370000 0.370000 0.370000 0.370000 0.370000 0.370000 0.370000 0.370000 0.370000 0.370000 0.370000 0.370000 0.370000 0.370000 0.370000 0.370000 0.370000 0.370000 0.370000 0.370000 0.370000 0.370000 0.370000 0.370000 0.370000 0.370000 0.370000 0.370000 0.370000 0.370000 0.370000 0.370000 0.370000 0.370000 0.370000 0.370000 0.370000 0.370000 0.370000 0.370000 0.370000 0.370000 0.369993 0.369948 0.369761 0.333965 0.282447 0.241785 0.206204 0.191197 0.181606 0.164275 0.159512 0.162393 0.160210 0.159913 0.161971 0.163681 -9999.0 -9999.0
-9999.0 0.120142 0.126497 0.135541 0.149254 0.153565 0.200678 0.250029 0.263251 0.242851 0.323899 0.369971 0.370000 0.370000 0.370000 0.370000 0.370000 0.370000 0.370000 0.370000 0.370000 0.370000 0.370000 0.370000 0.370000 0.370000 0.370000 0.370000 0.370000 0.370000 0.370000 0.370000 0.370000 0.370000 0.370000 0.370000 0.370000 0.369999 0.369994 0.369984 0.369976 0.369990 0.369984 0.369972 0.369968 0.369984 0.369997 0.369995 0.369998 0.370000 0.370000 0.370000 0.370000 0.370000 0.370000 0.370000 0.370000 0.370000 0.370000 0.370000 0.370000 0.370000 0.370000 0.370000 0.370000 0.369976 0.369883 0.369281 0.321598 0.285083 0.247621 0.212737 0.185869 0.178996 0.166286 0.163263 -9999.0 -9999.0 -9999.0 -9999.0
-9999.0 0.119357 0.125581 0.142829 0.199717 0.278984 0.369743 0.370000 0.370000 0.370000 0.370000 0.370000 0.370000 0.370000 0.370000 0.370000 0.370000 0.370000 0.370000 0.370000 0.370000 0.370000 0.370000 0.370000 0.370000 0.370000 0.370000 0.370000 0.370000 0.370000 0.370000 0.370000 0.369995 0.369937 0.369866 0.369726 0.341727 0.335011 0.325276 0.302492 0.290057 0.280975 0.293142 0.290124 0.289025 0.295969 0.312002 0.322894 0.354914 0.369751 0.369907 0.369970 0.369991 0.370000 0.370000 0.370000 0.370000 0.370000 0.370000 0.370000 0.370000 0.370000 0.370000 0.370000 0.370000 0.370000 0.370000 0.369999 0.369970 0.369906 0.369726 0.335493 0.277872 0.219407 0.200349 -9999.0 -9999.0 -9999.0 -9999.0 -9999.0
-9999.0 0.111126 0.124906 0.138877 0.234497 0.369744 0.369999 0.370000 0.370000 0.370000 0.370000 0.370000 0.370000 0.370000 0.370000 0.370000 0.370000 0.370000 0.370000 0.370000 0.370000 0.370000 0.370000 0.370000 0.370000 0.369998 0.369996 0.369992 0.369964 0.369883 0.367387 0.349314 0.296448 0.247940 0.218050 0.193046 0.171845 0.172213 0.179114 0.172996 0.166248 0.159846 0.167870 0.172068 0.175824 0.171458 0.173159 0.185306 0.206025 0.227654 0.261131 0.301308 0.335939 0.369723 0.369879 0.369958 0.369987 0.369999 0.370000 0.370000 0.370000 0.370000 0.370000 0.370000 0.370000 0.370000 0.370000 0.370000 0.370000 0.370000 0.370000 0.369985 0.369910 -9999.0 -9999.0 -9999.0 -9999.0 -9999.0 -9999.0 -9999.0
-9999.0 0.107355 0.120778 0.123589 0.148986 0.223272 0.325756 0.369735 0.369987 0.369940 0.369944 0.369968 0.369986 0.369994 0.369984 0.369961 0.369934 0.369942 0.369948 0.369919 0.369871 0.369833 0.369804 0.368791 0.353975 0.341087 0.332968 0.316106 0.288917 0.250665 0.199047 0.174031 0.157528 0.151572 0.147338 0.143168 0.136617 0.139914 0.142716 0.142004 0.139917 0.138515 0.143545 0.145692 0.147420 0.143087 0.146455 0.150099 0.158078 0.167061 0.180345 0.200485 0.226353 0.243519 0.256204 0.280992 0.313554 0.364636 0.369884 0.369996 0.370000 0.370000 0.370000 0.370000 0.370000 0.370000 0.370000 0.370000 0.370000 0.370000 0.370000 -9999.0 -9999.0 -9999.0 -9999.0 -9999.0 -9999.0 -9999.0 -9999.0 -9999.0
-9999.0 -9999.0 0.104750 0.109635 0.114313 0.120465 0.130597 0.144657 0.159411 0.181274 0.214979 0.253182 0.276531 0.286497 0.272979 0.243741 0.225919 0.226928 0.222090 0.212363 0.196550 0.191554 0.188093 0.185408 0.179632 0.177103 0.175891 0.173290 0.167742 0.156482 0.147205 0.140950 0.134906 0.134605 0.133520 0.131645 0.132963 0.132593 0.133118 0.132924 0.133411 0.134358 0.135613 0.137305 0.137569 0.138102 0.138845 0.140866 0.144099 0.148717 0.157505 0.170829 0.181798 0.184692 0.179442 0.181036 0.188752 0.207491 0.266132 0.339624 0.369807 0.369970 0.370000 0.370000 0.370000 0.370000 0.370000 0.370000 0.370000 0.370000 -9999.0 -9999.0 -9999.0 -9999.0 -9999.0 -9999.0 -9999.0 -9999.0 -9999.0 -9999.0
-9999.0 -9999.0 -9999.0 -9999.0 0.102672 0.109480 0.116612 0.116118 0.122366 0.127090 0.132124 0.138490 0.144205 0.147781 0.144088 0.143184 0.142240 0.142562 0.141584 0.140619 0.140115 0.139401 0.138562 0.137654 0.137963 0.138788 0.138944 0.137401 0.137020 0.134251 0.133623 0.131833 0.130175 0.128458 0.128669 0.128500 0.129158 0.128411 0.129543 0.128990 0.129939 0.130453 0.131702 0.133711 0.133284 0.134454 0.134649 0.136267 0.137397 0.142318 0.150671 0.161033 0.168563 0.168449 0.159791 0.155945 0.154090 0.159682 0.170325 0.193806 0.252985 0.307672 0.364918 0.369851 0.369944 0.369989 0.370000 0.370000 -9999.0 -9999.0 -9999.0 -9999.0 -9999.0 -9999.0 -9999.0 -9999.0 -9999.0 -9999.0 -9999.0 -9999.0
-9999.0 -9999.0 -9999.0 -9999.0 -9999.0 -9999.0 0.105510 0.109079 0.108054 0.111191 0.114300 0.116951 0.120874 0.120756 0.122020 0.125070 0.124653 0.123135 0.121317 0.123922 0.125164 0.125358 0.122365 0.123120 0.123464 0.124594 0.124478 0.124892 0.122394 0.125276 0.126677 0.125989 0.125327 0.125801 0.125144 0.126999 0.127223 0.125707 0.125280 0.127519 0.128259 0.128054 0.128634 0.130397 0.132918 0.133436 0.132464 0.131189 0.134027 0.140873 0.149601 0.158174 0.164111 0.165858 0.158309 0.148929 0.144488 0.144171 0.148353 0.156815 0.177165 0.193071 0.205736 0.220409 0.240070 0.313802 -9999.0 -9999.0 -9999.0 -9999.0 -9999.0 -9999.0 -9999.0 -9999.0 -9999.0 -9999.0 -9999.0 -9999.0 -9999.0 -9999.0
-9999.0 -9999.0 -9999.0 -9999.0 -9999.0 -9999.0 -9999.0 -9999.0 -9999.0 -9999.0 -9999.0 -9999.0 -9999.0 -9999.0 -9999.0 -9999.0 -9999.0 -9999.0 -9999.0 -9999.0 -9999.0 -9999.0 -9999.0 -9999.0 -9999.0 -9999.0 -9999.0 -9999.0 -9999.0 -9999.0 -9999.0 -9999.0 -9999.0 -9999.0 -9999.0 -9999.0 -9999.0 -9999.0 -9999.0 -9999.0 -9999.0 -9999.0 -9999.0 -9999.0 -9999.0 -9999.0 -9999.0 -9999.0 -9999.0 -9999.0 -9999.0 -9999.0 -9999.0 -9999.0 -9999.0 -9999.0 -9999.0 -9999.0 -9999.0 -9999.0 -9999.0 -9999.0 -9999.0 -9999.0 -9999.0 -9999.0 -9999.0 -9999.0 -9999.0 -9999.0 -9999.0 -9999.0 -9999.0 -9999.0 -9999.0 -9999.0 -9999.0 -9999.0 -9999.0 -9999.0
-9999.0 -9999.0 -9999.0 -9999.0 -9999.0 -9999.0 -9999.0 -9999.0 -9999.0 -9999.0 -9999.0 -9999.0 -9999.0 -9999.0 -9999.0 -9999.0 -9999.0 -9999.0 -9999.0 -9999.0 -9999.0 -9999.0 -9999.0 -9999.0 -9999.0 -9999.0 -9999.0 -9999.0 -9999.0 -9999.0 -9999.0 -9999.0 -9999.0 -9999.0 -9999.0 -9999.0 -9999.0 -9999.0 -9999.0 -9999.0 -9999.0 -9999.0 -9999.0 -9999.0 -9999.0 -9999.0 -9999.0 -9999.0 -9999.0 -9999.0 -9999.0 -9999.0 -9999.0 -9999.0 -9999.0 -9999.0 -9999.0 -9999.0 -9999.0 -9999.0 -9999.0 -9999.0 -9999.0 -9999.0 -9999.0 -9999.0 -9999.0 -9999.0 -9999.0 -9999.0 -9999.0 -9999.0 -9999.0 -9999.0 -9999.0 -9999.0 -9999.0 -9999.0 -9999.0 -9999.0