Borden_/Borden1m_014/output_maps/thetaliqL0005N0027.asc
ncols         80
nrows         18
xllcorner     620200.000000
yllcorner     5168000.000000
cellsize      1.000000
NODATA_value  -9999.0
-9999.0 -9999.0 -9999.0 -9999.0 -9999.0 -9999.0 -9999.0 -9999.0 -9999.0 -9999.0 -9999.0 -9999.0 -9999.0 -9999.0 -9999.0 -9999.0 -9999.0 -9999.0 -9999.0 -9999.0 -9999.0 -9999.0 -9999.0 -9999.0 -9999.0 -9999.0 -9999.0 -9999.0 -9999.0 -9999.0 -9999.0 -9999.0 -9999.0 -9999.0 -9999.0 -9999.0 -9999.0 -9999.0 -9999.0 -9999.0 -9999.0 -9999.0 -9999.0 -9999.0 -9999.0 -9999.0 -9999.0 -9999.0 -9999.0 -9999.0 -9999.0 -9999.0 -9999.0 -9999.0 -9999.0 -9999.0 -9999.0 -9999.0 -9999.0 -9999.0 -9999.0 -9999.0 -9999.0 -9999.0 -9999.0 -9999.0 -9999.0 -9999.0 -9999.0 -9999.0 -9999.0 -9999.0 -9999.0 -9999.0 -9999.0 -9999.0 -9999.0 -9999.0 -9999.0 -9999.0
-9999.0 -9999.0 -9999.0 -9999.0 -9999.0 -9999.0 -9999.0 -9999.0 -9999.0 -9999.0 -9999.0 -9999.0 -9999.0 -9999.0 -9999.0 -9999.0 -9999.0 -9999.0 -9999.0 -9999.0 -9999.0 -9999.0 -9999.0 -9999.0 -9999.0 -9999.0 -9999.0 -9999.0 -9999.0 -9999.0 -9999.0 -9999.0 -9999.0 -9999.0 -9999.0 -9999.0 -9999.0 -9999.0 -9999.0 -9999.0 -9999.0 -9999.0 -9999.0 -9999.0 -9999.0 -9999.0 -9999.0 -9999.0 -9999.0 -9999.0 -9999.0 -9999.0 -9999.0 -9999.0 -9999.0 -9999.0 -9999.0 -9999.0 -9999.0 -9999.0 -9999.0 -9999.0 -9999.0 -9999.0 -9999.0 -9999.0 -9999.0 -9999.0 -9999.0 -9999.0 -9999.0 -9999.0 -9999.0 -9999.0 -9999.0 -9999.0 -9999.0 -9999.0 -9999.0 -9999.0
-9999.0 -9999.0 -9999.0 -9999.0 -9999.0 -9999.0 -9999.0 -9999.0 -9999.0 -9999.0 -9999.0 -9999.0 -9999.0 -9999.0 -9999.0 -9999.0 -9999.0 -9999.0 -9999.0 -9999.0 0.122358 0.123749 0.117579 0.110246 0.105054 0.105048 0.111277 0.120200 0.130811 0.133962 0.127395 0.128014 0.125956 0.125521 0.126169 0.127987 0.128741 0.132436 0.135209 0.134907 0.132621 0.130645 0.129807 0.130865 0.132784 0.129811 0.134670 0.140517 0.143176 0.141650 0.132141 0.127542 0.125557 0.121195 0.129431 0.133659 0.142573 0.144343 0.144562 0.134347 0.124809 -9999.0 -9999.0 -9999.0 -9999.0 -9999.0 -9999.0 -9999.0 -9999.0 -9999.0 -9999.0 -9999.0 -9999.0 -9999.0 -9999.0 -9999.0 -9999.0 -9999.0 -9999.0 -9999.0
-9999.0 -9999.0 -9999.0 -9999.0 -9999.0 -9999.0 -9999.0 -9999.0 -9999.0 -9999.0 -9999.0 -9999.0 -9999.0 -9999.0 0.105551 0.103570 0.102829 0.103459 0.108964 0.114572 0.116809 0.114539 0.115116 0.109680 0.105513 0.108121 0.113689 0.120415 0.129819 0.136673 0.131617 0.130433 0.133898 0.144898 0.151254 0.149648 0.139374 0.149546 0.157193 0.162244 0.161604 0.156618 0.164990 0.174942 0.170740 0.160398 0.161905 0.168298 0.178090 0.169494 0.137833 0.131152 0.131010 0.129694 0.125793 0.123778 0.132541 0.132706 0.130301 0.125636 0.117612 0.108276 0.105053 0.112864 0.123585 0.144173 -9999.0 -9999.0 -9999.0 -9999.0 -9999.0 -9999.0 -9999.0 -9999.0 -9999.0 -9999.0 -9999.0 -9999.0 -9999.0 -9999.0
-9999.0 -9999.0 -9999.0 -9999.0 -9999.0 -9999.0 -9999.0 -9999.0 -9999.0 0.098947 0.098967 0.099725 0.099298 0.101322 0.100002 0.100855 0.101406 0.105113 0.109926 0.116991 0.124668 0.120890 0.120612 0.124181 0.125929 0.129343 0.135565 0.151911 0.174194 0.203430 0.182459 0.181256 0.194903 0.240495 0.282470 0.293824 0.274335 0.275575 0.300864 0.324622 0.325016 0.323766 0.342343 0.350021 0.353377 0.343626 0.328458 0.325731 0.344171 0.302595 0.238965 0.189567 0.189506 0.169214 0.147760 0.138785 0.137534 0.148203 0.142231 0.129070 0.118916 0.117947 0.113992 0.118153 0.123858 0.140097 0.157172 0.173315 0.174072 0.164308 -9999.0 -9999.0 -9999.0 -9999.0 -9999.0 -9999.0 -9999.0 -9999.0 -9999.0 -9999.0
-9999.0 -9999.0 -9999.0 -9999.0 -9999.0 -9999.0 0.092806 0.093109 0.094551 0.093488 0.095905 0.095738 0.097930 0.099850 0.102224 0.104054 0.109170 0.115274 0.125461 0.139789 0.153230 0.150177 0.154396 0.173942 0.207646 0.239531 0.262416 0.299836 0.356061 0.366193 0.367890 0.368474 0.369008 0.369637 0.369963 0.369998 0.369955 0.369890 0.369946 0.369995 0.370000 0.370000 0.370000 0.370000 0.370000 0.370000 0.369997 0.369979 0.369967 0.369946 0.369716 0.368794 0.364333 0.348216 0.281418 0.223647 0.216717 0.227696 0.201838 0.167210 0.146507 0.143315 0.138402 0.133178 0.135575 0.143353 0.154503 0.161029 0.155404 0.146769 0.138469 0.128456 0.129371 0.138812 -9999.0 -9999.0 -9999.0 -9999.0 -9999.0 -9999.0
-9999.0 -9999.0 -9999.0 -9999.0 0.088749 0.089772 0.087612 0.089412 0.091554 0.093888 0.096001 0.100117 0.103101 0.107421 0.115567 0.124701 0.138864 0.152703 0.184020 0.242487 0.296702 0.323133 0.337143 0.364137 0.369102 0.369758 0.369856 0.369948 0.369997 0.370000 0.370000 0.370000 0.370000 0.370000 0.370000 0.370000 0.370000 0.370000 0.370000 0.370000 0.370000 0.370000 0.370000 0.370000 0.370000 0.370000 0.370000 0.370000 0.370000 0.370000 0.370000 0.370000 0.370000 0.369995 0.369976 0.369863 0.369146 0.368197 0.359209 0.328733 0.262254 0.233922 0.205465 0.187326 0.168285 0.169998 0.173288 0.163130 0.149264 0.136854 0.132652 0.127110 0.123855 0.134394 0.140839 0.155212 -9999.0 -9999.0 -9999.0 -9999.0
-9999.0 -9999.0 0.086975 0.088429 0.092260 0.091605 0.091101 0.090513 0.092288 0.097316 0.108971 0.119194 0.132113 0.142058 0.171672 0.240049 0.315036 0.351021 0.366730 0.369421 0.369900 0.369986 0.370000 0.370000 0.370000 0.370000 0.370000 0.370000 0.370000 0.370000 0.370000 0.370000 0.370000 0.370000 0.370000 0.370000 0.370000 0.370000 0.370000 0.370000 0.370000 0.370000 0.370000 0.370000 0.370000 0.370000 0.370000 0.370000 0.370000 0.370000 0.370000 0.370000 0.370000 0.370000 0.370000 0.370000 0.370000 0.370000 0.369999 0.369978 0.369624 0.368710 0.363461 0.341658 0.290702 0.255873 0.215848 0.188220 0.163147 0.142880 0.135011 0.129649 0.129955 0.130031 0.136195 0.142415 0.149679 0.153349 -9999.0 -9999.0
-9999.0 0.084650 0.085359 0.092299 0.097495 0.102043 0.107727 0.112896 0.117749 0.118798 0.160834 0.247422 0.327920 0.347574 0.365312 0.369707 0.370000 0.370000 0.370000 0.370000 0.370000 0.370000 0.370000 0.370000 0.370000 0.370000 0.370000 0.370000 0.370000 0.370000 0.370000 0.370000 0.370000 0.370000 0.370000 0.370000 0.370000 0.370000 0.370000 0.370000 0.370000 0.370000 0.370000 0.370000 0.370000 0.370000 0.370000 0.370000 0.370000 0.370000 0.370000 0.370000 0.370000 0.370000 0.370000 0.370000 0.370000 0.370000 0.370000 0.370000 0.370000 0.370000 0.369989 0.369807 0.368942 0.362601 0.331228 0.275761 0.218580 0.191998 0.174368 0.147752 0.139060 0.141258 0.137970 0.137407 0.140365 0.143082 -9999.0 -9999.0
-9999.0 0.081271 0.085741 0.096363 0.117728 0.132188 0.201460 0.275035 0.297895 0.273807 0.358987 0.370000 0.370000 0.370000 0.370000 0.370000 0.370000 0.370000 0.370000 0.370000 0.370000 0.370000 0.370000 0.370000 0.370000 0.370000 0.370000 0.370000 0.370000 0.370000 0.370000 0.370000 0.370000 0.370000 0.370000 0.370000 0.370000 0.370000 0.369999 0.369990 0.369977 0.369993 0.369986 0.369964 0.369958 0.369988 0.369999 0.369998 0.369999 0.370000 0.370000 0.370000 0.370000 0.370000 0.370000 0.370000 0.370000 0.370000 0.370000 0.370000 0.370000 0.370000 0.370000 0.370000 0.369999 0.369896 0.369398 0.368066 0.357503 0.329880 0.282112 0.227267 0.183851 0.169598 0.149925 0.142247 -9999.0 -9999.0 -9999.0 -9999.0
-9999.0 0.080508 0.085142 0.105244 0.195488 0.315441 0.369012 0.369997 0.370000 0.370000 0.370000 0.370000 0.370000 0.370000 0.370000 0.370000 0.370000 0.370000 0.370000 0.370000 0.370000 0.370000 0.370000 0.370000 0.370000 0.370000 0.370000 0.370000 0.370000 0.370000 0.370000 0.370000 0.369998 0.369832 0.369512 0.369050 0.365200 0.362822 0.359282 0.346854 0.334987 0.324827 0.337311 0.335369 0.334811 0.341343 0.353114 0.359280 0.366754 0.368879 0.369576 0.369924 0.369986 0.370000 0.370000 0.370000 0.370000 0.370000 0.370000 0.370000 0.370000 0.370000 0.370000 0.370000 0.370000 0.370000 0.370000 0.369976 0.369748 0.369130 0.368009 0.361278 0.321580 0.234098 0.203058 -9999.0 -9999.0 -9999.0 -9999.0 -9999.0
-9999.0 0.076785 0.083812 0.100180 0.242686 0.369266 0.369986 0.370000 0.370000 0.370000 0.370000 0.370000 0.370000 0.370000 0.370000 0.370000 0.370000 0.370000 0.370000 0.370000 0.370000 0.370000 0.370000 0.370000 0.370000 0.370000 0.369999 0.369994 0.369906 0.369613 0.368118 0.365540 0.341436 0.280365 0.234986 0.196276 0.162775 0.162052 0.170799 0.160968 0.150220 0.141557 0.152946 0.159744 0.165223 0.159768 0.163858 0.183522 0.218018 0.254423 0.303648 0.347950 0.363639 0.368762 0.369442 0.369890 0.369987 0.370000 0.370000 0.370000 0.370000 0.370000 0.370000 0.370000 0.370000 0.370000 0.370000 0.370000 0.369997 0.369968 0.369916 0.369755 0.369075 -9999.0 -9999.0 -9999.0 -9999.0 -9999.0 -9999.0 -9999.0
-9999.0 0.075185 0.080797 0.084690 0.114844 0.228834 0.356043 0.369307 0.369999 0.369876 0.369811 0.369924 0.369979 0.369994 0.369978 0.369905 0.369790 0.369817 0.369825 0.369654 0.369273 0.369022 0.368995 0.368707 0.366737 0.364254 0.361879 0.354996 0.333485 0.283834 0.206804 0.165213 0.137365 0.125849 0.118242 0.111312 0.103674 0.106264 0.109341 0.108399 0.105943 0.104766 0.110501 0.113964 0.116237 0.112194 0.116387 0.122710 0.135384 0.150860 0.173706 0.207789 0.249874 0.278714 0.297367 0.328463 0.355981 0.367749 0.369724 0.369998 0.370000 0.370000 0.370000 0.370000 0.370000 0.370000 0.370000 0.370000 0.370000 0.369998 0.369996 -9999.0 -9999.0 -9999.0 -9999.0 -9999.0 -9999.0 -9999.0 -9999.0 -9999.0
-9999.0 -9999.0 0.074342 0.076485 0.079264 0.085006 0.096959 0.116458 0.136499 0.167565 0.220455 0.281312 0.314849 0.327110 0.311067 0.270757 0.244156 0.244786 0.237028 0.223007 0.200960 0.193444 0.187772 0.183001 0.173501 0.168866 0.166201 0.160777 0.150330 0.132281 0.117344 0.107269 0.099261 0.097237 0.095340 0.093241 0.093568 0.093367 0.093970 0.093942 0.094400 0.095448 0.097319 0.099574 0.100420 0.101166 0.102598 0.105838 0.111255 0.119497 0.134110 0.155900 0.174580 0.180114 0.172922 0.175852 0.189512 0.223113 0.310824 0.363600 0.369390 0.369944 0.370000 0.370000 0.370000 0.370000 0.370000 0.370000 0.369940 0.369978 -9999.0 -9999.0 -9999.0 -9999.0 -9999.0 -9999.0 -9999.0 -9999.0 -9999.0 -9999.0
-9999.0 -9999.0 -9999.0 -9999.0 0.073814 0.076502 0.079567 0.080144 0.084354 0.089284 0.095986 0.104997 0.113752 0.118909 0.114862 0.112855 0.111058 0.110850 0.109375 0.108078 0.107014 0.105832 0.104401 0.103253 0.103266 0.103928 0.103828 0.101953 0.100470 0.097076 0.095168 0.092522 0.090244 0.088531 0.088233 0.087956 0.088247 0.087796 0.088546 0.088481 0.089333 0.090073 0.091527 0.093653 0.094087 0.095364 0.096027 0.098113 0.100936 0.108481 0.121473 0.138205 0.150853 0.151217 0.138706 0.132362 0.130301 0.139258 0.158316 0.199752 0.292774 0.353298 0.367893 0.369382 0.369754 0.369965 0.369998 0.370000 -9999.0 -9999.0 -9999.0 -9999.0 -9999.0 -9999.0 -9999.0 -9999.0 -9999.0 -9999.0 -9999.0 -9999.0
-9999.0 -9999.0 -9999.0 -9999.0 -9999.0 -9999.0 0.074567 0.075932 0.075878 0.077548 0.079620 0.081938 0.085112 0.085774 0.086734 0.088697 0.088309 0.087107 0.085889 0.087420 0.088198 0.088111 0.086056 0.086287 0.086514 0.087273 0.087202 0.087170 0.085458 0.086779 0.087282 0.086399 0.085539 0.085444 0.084962 0.085921 0.086035 0.085177 0.085056 0.086491 0.087235 0.087480 0.088351 0.090180 0.092533 0.093395 0.093010 0.092779 0.096436 0.105327 0.118519 0.132784 0.142994 0.145383 0.133624 0.120235 0.114215 0.114700 0.122053 0.137192 0.170766 0.199802 0.224679 0.249098 0.281477 0.356704 -9999.0 -9999.0 -9999.0 -9999.0 -9999.0 -9999.0 -9999.0 -9999.0 -9999.0 -9999.0 -9999.0 -9999.0 -9999.0 -9999.0
-9999.0 -9999.0 -9999.0 -9999.0 -9999.0 -9999.0 -9999.0 -9999.0 -9999.0 -9999.0 -9999.0 -9999.0 -9999.0 -9999.0 -9999.0 -9999.0 -9999.0 -9999.0 -9999.0 -9999.0 -9999.0 -9999.0 -9999.0 -9999.0 -9999.0 -9999.0 -9999.0 -9999.0 -9999.0 -9999.0 -9999.0 -9999.0 -9999.0 -9999.0 -9999.0 -9999.0 -9999.0 -9999.0 -9999.0 -9999.0 -9999.0 -9999.0 -9999.0 -9999.0 -9999.0 -9999.0 -9999.0 -9999.0 -9999.0 -9999.0 -9999.0 -9999.0 -9999.0 -9999.0 -9999.0 -9999.0 -9999.0 -9999.0 -9999.0 -9999.0 -9999.0 -9999.0 -9999.0 -9999.0 -9999.0 -9999.0 -9999.0 -9999.0 -9999.0 -9999.0 -9999.0 -9999.0 -9999.0 -9999.0 -9999.0 -9999.0 -9999.0 -9999.0 -9999.0 -9999.0
-9999.0 -9999.0 -9999.0 -9999.0 -9999.0 -9999.0 -9999.0 -9999.0 -9999.0 -9999.0 -9999.0 -9999.0 -9999.0 -9999.0 -9999.0 -9999.0 -9999.0 -9999.0 -9999.0 -9999.0 -9999.0 -9999.0 -9999.0 -9999.0 -9999.0 -9999.0 -9999.0 -9999.0 -9999.0 -9999.0 -9999.0 -9999.0 -9999.0 -9999.0 -9999.0 -9999.0 -9999.0 -9999.0 -9999.0 -9999.0 -9999.0 -9999.0 -9999.0 -9999.0 -9999.0 -9999.0 -9999.0 -9999.0 -9999.0 -9999.0 -9999.0 -9999.0 -9999.0 -9999.0 -9999.0 -9999.0 -9999.0 -9999.0 -9999.0 -9999.0 -9999.0 -9999.0 -9999.0 -9999.0 -9999.0 -9999.0 -9999.0 -9999.0 -9999.0 -9999.0 -9999.0 -9999.0 -9999.0 -9999.0 -9999.0 -9999.0 -9999.0 -9999.0 -9999.0 -9999.0