Borden_/Borden1m_014/output_maps/thetaliqL0005N0039.asc
ncols         80
nrows         18
xllcorner     620200.000000
yllcorner     5168000.000000
cellsize      1.000000
NODATA_value  -9999.0
-9999.0 -9999.0 -9999.0 -9999.0 -9999.0 -9999.0 -9999.0 -9999.0 -9999.0 -9999.0 -9999.0 -9999.0 -9999.0 -9999.0 -9999.0 -9999.0 -9999.0 -9999.0 -9999.0 -9999.0 -9999.0 -9999.0 -9999.0 -9999.0 -9999.0 -9999.0 -9999.0 -9999.0 -9999.0 -9999.0 -9999.0 -9999.0 -9999.0 -9999.0 -9999.0 -9999.0 -9999.0 -9999.0 -9999.0 -9999.0 -9999.0 -9999.0 -9999.0 -9999.0 -9999.0 -9999.0 -9999.0 -9999.0 -9999.0 -9999.0 -9999.0 -9999.0 -9999.0 -9999.0 -9999.0 -9999.0 -9999.0 -9999.0 -9999.0 -9999.0 -9999.0 -9999.0 -9999.0 -9999.0 -9999.0 -9999.0 -9999.0 -9999.0 -9999.0 -9999.0 -9999.0 -9999.0 -9999.0 -9999.0 -9999.0 -9999.0 -9999.0 -9999.0 -9999.0 -9999.0
-9999.0 -9999.0 -9999.0 -9999.0 -9999.0 -9999.0 -9999.0 -9999.0 -9999.0 -9999.0 -9999.0 -9999.0 -9999.0 -9999.0 -9999.0 -9999.0 -9999.0 -9999.0 -9999.0 -9999.0 -9999.0 -9999.0 -9999.0 -9999.0 -9999.0 -9999.0 -9999.0 -9999.0 -9999.0 -9999.0 -9999.0 -9999.0 -9999.0 -9999.0 -9999.0 -9999.0 -9999.0 -9999.0 -9999.0 -9999.0 -9999.0 -9999.0 -9999.0 -9999.0 -9999.0 -9999.0 -9999.0 -9999.0 -9999.0 -9999.0 -9999.0 -9999.0 -9999.0 -9999.0 -9999.0 -9999.0 -9999.0 -9999.0 -9999.0 -9999.0 -9999.0 -9999.0 -9999.0 -9999.0 -9999.0 -9999.0 -9999.0 -9999.0 -9999.0 -9999.0 -9999.0 -9999.0 -9999.0 -9999.0 -9999.0 -9999.0 -9999.0 -9999.0 -9999.0 -9999.0
-9999.0 -9999.0 -9999.0 -9999.0 -9999.0 -9999.0 -9999.0 -9999.0 -9999.0 -9999.0 -9999.0 -9999.0 -9999.0 -9999.0 -9999.0 -9999.0 -9999.0 -9999.0 -9999.0 -9999.0 0.137618 0.139308 0.132728 0.124940 0.119291 0.119178 0.125878 0.135223 0.146288 0.149431 0.142348 0.143186 0.140885 0.140235 0.140804 0.142779 0.143633 0.147447 0.150260 0.149854 0.147428 0.145385 0.144425 0.145463 0.147595 0.144339 0.149540 0.155624 0.158305 0.156893 0.147203 0.142587 0.140610 0.135769 0.144827 0.149132 0.158373 0.160093 0.160474 0.149921 0.139961 -9999.0 -9999.0 -9999.0 -9999.0 -9999.0 -9999.0 -9999.0 -9999.0 -9999.0 -9999.0 -9999.0 -9999.0 -9999.0 -9999.0 -9999.0 -9999.0 -9999.0 -9999.0 -9999.0
-9999.0 -9999.0 -9999.0 -9999.0 -9999.0 -9999.0 -9999.0 -9999.0 -9999.0 -9999.0 -9999.0 -9999.0 -9999.0 -9999.0 0.120473 0.118164 0.117254 0.117683 0.123617 0.129469 0.131547 0.128945 0.129896 0.123893 0.119174 0.122096 0.127977 0.134793 0.144493 0.151594 0.146217 0.144950 0.148536 0.160079 0.166664 0.164975 0.153811 0.164741 0.172701 0.178059 0.177469 0.172174 0.181130 0.191551 0.187175 0.176247 0.177658 0.184189 0.194403 0.185476 0.152211 0.145602 0.145665 0.144530 0.140383 0.138139 0.147697 0.147634 0.145179 0.140622 0.132365 0.122367 0.118779 0.127424 0.138586 0.160088 -9999.0 -9999.0 -9999.0 -9999.0 -9999.0 -9999.0 -9999.0 -9999.0 -9999.0 -9999.0 -9999.0 -9999.0 -9999.0 -9999.0
-9999.0 -9999.0 -9999.0 -9999.0 -9999.0 -9999.0 -9999.0 -9999.0 -9999.0 0.113588 0.113482 0.114311 0.113599 0.115882 0.113945 0.114893 0.115254 0.119262 0.124168 0.131511 0.139706 0.135398 0.135029 0.138883 0.140526 0.143908 0.150223 0.167342 0.190632 0.220772 0.199465 0.198396 0.212604 0.258313 0.297749 0.308248 0.290526 0.291889 0.315078 0.334858 0.336997 0.336787 0.349007 0.353810 0.355887 0.349518 0.338303 0.335692 0.347613 0.316073 0.256688 0.206939 0.206602 0.185483 0.162830 0.153565 0.152076 0.163527 0.157395 0.143748 0.133143 0.132634 0.128280 0.132826 0.138562 0.155481 0.172825 0.189020 0.189755 0.179941 -9999.0 -9999.0 -9999.0 -9999.0 -9999.0 -9999.0 -9999.0 -9999.0 -9999.0 -9999.0
-9999.0 -9999.0 -9999.0 -9999.0 -9999.0 -9999.0 0.107088 0.107318 0.108916 0.107074 0.109900 0.109315 0.111762 0.113709 0.116186 0.117858 0.123294 0.129575 0.140093 0.154836 0.168813 0.165515 0.170066 0.190714 0.225501 0.256949 0.279252 0.314732 0.356555 0.365636 0.367285 0.367804 0.368306 0.369423 0.369935 0.369973 0.369930 0.369870 0.369947 0.369996 0.370000 0.370000 0.370000 0.370000 0.370000 0.370000 0.369997 0.369982 0.369967 0.369940 0.369587 0.368008 0.363461 0.350560 0.297420 0.241437 0.234634 0.245081 0.218697 0.183129 0.161525 0.158493 0.153541 0.147972 0.150562 0.158512 0.169914 0.176586 0.170892 0.162216 0.154021 0.143520 0.144572 0.154496 -9999.0 -9999.0 -9999.0 -9999.0 -9999.0 -9999.0
-9999.0 -9999.0 -9999.0 -9999.0 0.102062 0.103385 0.100260 0.102553 0.105019 0.107545 0.109462 0.113909 0.116822 0.121282 0.129833 0.139052 0.153968 0.168497 0.201174 0.260102 0.310996 0.333703 0.345171 0.363638 0.368571 0.369641 0.369816 0.369944 0.369997 0.370000 0.370000 0.370000 0.370000 0.370000 0.370000 0.370000 0.370000 0.370000 0.370000 0.370000 0.370000 0.370000 0.370000 0.370000 0.370000 0.370000 0.370000 0.370000 0.370000 0.370000 0.370000 0.370000 0.370000 0.369995 0.369976 0.369816 0.368550 0.367148 0.358770 0.336886 0.279320 0.251394 0.222433 0.203669 0.183714 0.185421 0.188845 0.178576 0.164539 0.151838 0.147818 0.142136 0.138469 0.149809 0.156286 0.171098 -9999.0 -9999.0 -9999.0 -9999.0
-9999.0 -9999.0 0.100349 0.101712 0.106285 0.105025 0.104142 0.103047 0.104889 0.110500 0.123122 0.133353 0.146991 0.157337 0.188451 0.258098 0.328940 0.354004 0.365957 0.369143 0.369881 0.369985 0.370000 0.370000 0.370000 0.370000 0.370000 0.370000 0.370000 0.370000 0.370000 0.370000 0.370000 0.370000 0.370000 0.370000 0.370000 0.370000 0.370000 0.370000 0.370000 0.370000 0.370000 0.370000 0.370000 0.370000 0.370000 0.370000 0.370000 0.370000 0.370000 0.370000 0.370000 0.370000 0.370000 0.370000 0.370000 0.370000 0.369998 0.369975 0.369410 0.367741 0.362246 0.345800 0.306086 0.271830 0.231539 0.203662 0.178475 0.157724 0.149813 0.144483 0.145079 0.144911 0.151446 0.157792 0.165376 0.169069 -9999.0 -9999.0
-9999.0 0.097831 0.098176 0.106380 0.111475 0.116002 0.121614 0.126723 0.131808 0.132114 0.177352 0.265902 0.337982 0.351876 0.364768 0.369638 0.370000 0.370000 0.370000 0.370000 0.370000 0.370000 0.370000 0.370000 0.370000 0.370000 0.370000 0.370000 0.370000 0.370000 0.370000 0.370000 0.370000 0.370000 0.370000 0.370000 0.370000 0.370000 0.370000 0.370000 0.370000 0.370000 0.370000 0.370000 0.370000 0.370000 0.370000 0.370000 0.370000 0.370000 0.370000 0.370000 0.370000 0.370000 0.370000 0.370000 0.370000 0.370000 0.370000 0.370000 0.370000 0.370000 0.369982 0.369694 0.368164 0.361136 0.338091 0.291102 0.234588 0.207733 0.189940 0.162630 0.153878 0.156550 0.153140 0.152574 0.155663 0.158445 -9999.0 -9999.0
-9999.0 0.093025 0.098716 0.110442 0.132679 0.146542 0.218043 0.288348 0.312183 0.291388 0.359411 0.370000 0.370000 0.370000 0.370000 0.370000 0.370000 0.370000 0.370000 0.370000 0.370000 0.370000 0.370000 0.370000 0.370000 0.370000 0.370000 0.370000 0.370000 0.370000 0.370000 0.370000 0.370000 0.370000 0.370000 0.370000 0.370000 0.370000 0.369998 0.369990 0.369981 0.369994 0.369989 0.369968 0.369961 0.369989 0.369999 0.369998 0.369999 0.370000 0.370000 0.370000 0.370000 0.370000 0.370000 0.370000 0.370000 0.370000 0.370000 0.370000 0.370000 0.370000 0.370000 0.370000 0.369997 0.369802 0.368807 0.366138 0.355001 0.334272 0.294968 0.242797 0.199323 0.185004 0.164982 0.157628 -9999.0 -9999.0 -9999.0 -9999.0
-9999.0 0.092117 0.097911 0.120100 0.211739 0.321174 0.368364 0.369994 0.370000 0.370000 0.370000 0.370000 0.370000 0.370000 0.370000 0.370000 0.370000 0.370000 0.370000 0.370000 0.370000 0.370000 0.370000 0.370000 0.370000 0.370000 0.370000 0.370000 0.370000 0.370000 0.370000 0.370000 0.369997 0.369773 0.369190 0.368353 0.364185 0.362002 0.358877 0.349869 0.341788 0.334530 0.343170 0.342022 0.341784 0.346239 0.354243 0.358972 0.365658 0.368060 0.369327 0.369898 0.369980 0.369999 0.370000 0.370000 0.370000 0.370000 0.370000 0.370000 0.370000 0.370000 0.370000 0.370000 0.370000 0.370000 0.369999 0.369911 0.369282 0.367874 0.365623 0.358090 0.328176 0.247946 0.217802 -9999.0 -9999.0 -9999.0 -9999.0 -9999.0
-9999.0 0.086500 0.096524 0.114567 0.255566 0.368886 0.369973 0.370000 0.370000 0.370000 0.370000 0.370000 0.370000 0.370000 0.370000 0.370000 0.370000 0.370000 0.370000 0.370000 0.370000 0.370000 0.370000 0.370000 0.370000 0.370000 0.369998 0.369992 0.369878 0.369390 0.366856 0.364390 0.345771 0.296737 0.252934 0.214075 0.179222 0.178419 0.187534 0.177231 0.165968 0.156620 0.168784 0.175761 0.181458 0.175743 0.179974 0.200267 0.235386 0.271990 0.317977 0.350654 0.362788 0.367891 0.369095 0.369856 0.369985 0.370000 0.370000 0.370000 0.370000 0.370000 0.370000 0.370000 0.370000 0.370000 0.370000 0.370000 0.369975 0.369814 0.369661 0.369334 0.367928 -9999.0 -9999.0 -9999.0 -9999.0 -9999.0 -9999.0 -9999.0
-9999.0 0.084039 0.092707 0.096847 0.129849 0.244193 0.353973 0.368842 0.369997 0.369811 0.369734 0.369914 0.369981 0.369995 0.369978 0.369884 0.369707 0.369738 0.369737 0.369404 0.368643 0.368121 0.368086 0.367704 0.365625 0.363249 0.361005 0.355236 0.339881 0.299004 0.224543 0.181744 0.152525 0.140397 0.132582 0.125426 0.116956 0.120167 0.123627 0.122616 0.119905 0.118481 0.124878 0.128470 0.130920 0.126178 0.130760 0.137229 0.150369 0.166174 0.189539 0.224241 0.266462 0.295244 0.312774 0.337674 0.356462 0.366598 0.369597 0.369996 0.370000 0.370000 0.370000 0.370000 0.370000 0.370000 0.370000 0.370000 0.369995 0.369961 0.369956 -9999.0 -9999.0 -9999.0 -9999.0 -9999.0 -9999.0 -9999.0 -9999.0 -9999.0
-9999.0 -9999.0 0.082549 0.085784 0.089471 0.096113 0.109383 0.131067 0.153532 0.185046 0.237537 0.294980 0.324813 0.334693 0.322086 0.286402 0.261329 0.261852 0.254374 0.240846 0.218862 0.211168 0.205279 0.200336 0.190456 0.185602 0.182822 0.177210 0.166338 0.147307 0.131766 0.121325 0.112707 0.110910 0.108980 0.106639 0.107323 0.107038 0.107709 0.107627 0.108166 0.109343 0.111309 0.113735 0.114532 0.115329 0.116766 0.120125 0.125696 0.134087 0.149111 0.171400 0.190201 0.195807 0.188611 0.191964 0.206348 0.241325 0.324213 0.362450 0.369056 0.369917 0.369999 0.370000 0.370000 0.370000 0.370000 0.370000 0.369541 0.369735 -9999.0 -9999.0 -9999.0 -9999.0 -9999.0 -9999.0 -9999.0 -9999.0 -9999.0 -9999.0
-9999.0 -9999.0 -9999.0 -9999.0 0.081474 0.085745 0.090444 0.090793 0.096210 0.101802 0.108988 0.118557 0.127835 0.133427 0.128784 0.126725 0.124911 0.124826 0.123270 0.121889 0.120839 0.119617 0.118138 0.116890 0.117000 0.117819 0.117783 0.115727 0.114353 0.110656 0.108865 0.106087 0.103660 0.101694 0.101505 0.101222 0.101666 0.101059 0.102033 0.101817 0.102826 0.103610 0.105220 0.107631 0.107873 0.109310 0.109930 0.112184 0.114918 0.122809 0.136352 0.153599 0.166455 0.166750 0.153702 0.147191 0.144893 0.154181 0.173921 0.217221 0.309082 0.354349 0.366688 0.368876 0.369523 0.369898 0.369988 0.369993 -9999.0 -9999.0 -9999.0 -9999.0 -9999.0 -9999.0 -9999.0 -9999.0 -9999.0 -9999.0 -9999.0 -9999.0
-9999.0 -9999.0 -9999.0 -9999.0 -9999.0 -9999.0 0.082959 0.085169 0.084809 0.087155 0.089837 0.092583 0.096446 0.096963 0.098167 0.100768 0.100317 0.098836 0.097247 0.099344 0.100389 0.100376 0.097723 0.098154 0.098453 0.099439 0.099345 0.099447 0.097240 0.099244 0.100101 0.099146 0.098219 0.098281 0.097675 0.099043 0.099207 0.098026 0.097795 0.099684 0.100541 0.100689 0.101603 0.103687 0.106445 0.107334 0.106713 0.106127 0.110081 0.119695 0.133523 0.148167 0.158536 0.161055 0.148932 0.134789 0.128332 0.128643 0.136156 0.151588 0.186368 0.216661 0.242854 0.267843 0.299935 0.356683 -9999.0 -9999.0 -9999.0 -9999.0 -9999.0 -9999.0 -9999.0 -9999.0 -9999.0 -9999.0 -9999.0 -9999.0 -9999.0 -9999.0
-9999.0 -9999.0 -9999.0 -9999.0 -9999.0 -9999.0 -9999.0 -9999.0 -9999.0 -9999.0 -9999.0 -9999.0 -9999.0 -9999.0 -9999.0 -9999.0 -9999.0 -9999.0 -9999.0 -9999.0 -9999.0 -9999.0 -9999.0 -9999.0 -9999.0 -9999.0 -9999.0 -9999.0 -9999.0 -9999.0 -9999.0 -9999.0 -9999.0 -9999.0 -9999.0 -9999.0 -9999.0 -9999.0 -9999.0 -9999.0 -9999.0 -9999.0 -9999.0 -9999.0 -9999.0 -9999.0 -9999.0 -9999.0 -9999.0 -9999.0 -9999.0 -9999.0 -9999.0 -9999.0 -9999.0 -9999.0 -9999.0 -9999.0 -9999.0 -9999.0 -9999.0 -9999.0 -9999.0 -9999.0 -9999.0 -9999.0 -9999.0 -9999.0 -9999.0 -9999.0 -9999.0 -9999.0 -9999.0 -9999.0 -9999.0 -9999.0 -9999.0 -9999.0 -9999.0 -9999.0
-9999.0 -9999.0 -9999.0 -9999.0 -9999.0 -9999.0 -9999.0 -9999.0 -9999.0 -9999.0 -9999.0 -9999.0 -9999.0 -9999.0 -9999.0 -9999.0 -9999.0 -9999.0 -9999.0 -9999.0 -9999.0 -9999.0 -9999.0 -9999.0 -9999.0 -9999.0 -9999.0 -9999.0 -9999.0 -9999.0 -9999.0 -9999.0 -9999.0 -9999.0 -9999.0 -9999.0 -9999.0 -9999.0 -9999.0 -9999.0 -9999.0 -9999.0 -9999.0 -9999.0 -9999.0 -9999.0 -9999.0 -9999.0 -9999.0 -9999.0 -9999.0 -9999.0 -9999.0 -9999.0 -9999.0 -9999.0 -9999.0 -9999.0 -9999.0 -9999.0 -9999.0 -9999.0 -9999.0 -9999.0 -9999.0 -9999.0 -9999.0 -9999.0 -9999.0 -9999.0 -9999.0 -9999.0 -9999.0 -9999.0 -9999.0 -9999.0 -9999.0 -9999.0 -9999.0 -9999.0