Borden_/Borden1m_014/output_maps/thetaliqL0003N0020.asc
ncols         80
nrows         18
xllcorner     620200.000000
yllcorner     5168000.000000
cellsize      1.000000
NODATA_value  -9999.0
-9999.0 -9999.0 -9999.0 -9999.0 -9999.0 -9999.0 -9999.0 -9999.0 -9999.0 -9999.0 -9999.0 -9999.0 -9999.0 -9999.0 -9999.0 -9999.0 -9999.0 -9999.0 -9999.0 -9999.0 -9999.0 -9999.0 -9999.0 -9999.0 -9999.0 -9999.0 -9999.0 -9999.0 -9999.0 -9999.0 -9999.0 -9999.0 -9999.0 -9999.0 -9999.0 -9999.0 -9999.0 -9999.0 -9999.0 -9999.0 -9999.0 -9999.0 -9999.0 -9999.0 -9999.0 -9999.0 -9999.0 -9999.0 -9999.0 -9999.0 -9999.0 -9999.0 -9999.0 -9999.0 -9999.0 -9999.0 -9999.0 -9999.0 -9999.0 -9999.0 -9999.0 -9999.0 -9999.0 -9999.0 -9999.0 -9999.0 -9999.0 -9999.0 -9999.0 -9999.0 -9999.0 -9999.0 -9999.0 -9999.0 -9999.0 -9999.0 -9999.0 -9999.0 -9999.0 -9999.0
-9999.0 -9999.0 -9999.0 -9999.0 -9999.0 -9999.0 -9999.0 -9999.0 -9999.0 -9999.0 -9999.0 -9999.0 -9999.0 -9999.0 -9999.0 -9999.0 -9999.0 -9999.0 -9999.0 -9999.0 -9999.0 -9999.0 -9999.0 -9999.0 -9999.0 -9999.0 -9999.0 -9999.0 -9999.0 -9999.0 -9999.0 -9999.0 -9999.0 -9999.0 -9999.0 -9999.0 -9999.0 -9999.0 -9999.0 -9999.0 -9999.0 -9999.0 -9999.0 -9999.0 -9999.0 -9999.0 -9999.0 -9999.0 -9999.0 -9999.0 -9999.0 -9999.0 -9999.0 -9999.0 -9999.0 -9999.0 -9999.0 -9999.0 -9999.0 -9999.0 -9999.0 -9999.0 -9999.0 -9999.0 -9999.0 -9999.0 -9999.0 -9999.0 -9999.0 -9999.0 -9999.0 -9999.0 -9999.0 -9999.0 -9999.0 -9999.0 -9999.0 -9999.0 -9999.0 -9999.0
-9999.0 -9999.0 -9999.0 -9999.0 -9999.0 -9999.0 -9999.0 -9999.0 -9999.0 -9999.0 -9999.0 -9999.0 -9999.0 -9999.0 -9999.0 -9999.0 -9999.0 -9999.0 -9999.0 -9999.0 0.225886 0.226947 0.224697 0.222145 0.219978 0.219691 0.222096 0.224858 0.228052 0.228650 0.226024 0.226700 0.225661 0.225032 0.224950 0.225686 0.226066 0.227075 0.227706 0.227374 0.226576 0.226028 0.225521 0.225664 0.226579 0.225319 0.227120 0.228864 0.229454 0.229485 0.227182 0.226260 0.225921 0.223863 0.227573 0.228616 0.231311 0.231556 0.232076 0.229055 0.226082 -9999.0 -9999.0 -9999.0 -9999.0 -9999.0 -9999.0 -9999.0 -9999.0 -9999.0 -9999.0 -9999.0 -9999.0 -9999.0 -9999.0 -9999.0 -9999.0 -9999.0 -9999.0 -9999.0
-9999.0 -9999.0 -9999.0 -9999.0 -9999.0 -9999.0 -9999.0 -9999.0 -9999.0 -9999.0 -9999.0 -9999.0 -9999.0 -9999.0 0.221876 0.220637 0.220051 0.219640 0.221802 0.223478 0.223484 0.222188 0.223274 0.220782 0.218561 0.219883 0.221735 0.223209 0.225715 0.227642 0.225824 0.225374 0.226325 0.229773 0.231265 0.230513 0.226401 0.230289 0.232207 0.233430 0.233258 0.231370 0.233927 0.236938 0.235366 0.232178 0.232911 0.234714 0.237647 0.236212 0.226237 0.225320 0.225866 0.226123 0.224769 0.223791 0.227534 0.226973 0.226388 0.225793 0.223686 0.220218 0.218654 0.222300 0.225473 0.232067 -9999.0 -9999.0 -9999.0 -9999.0 -9999.0 -9999.0 -9999.0 -9999.0 -9999.0 -9999.0 -9999.0 -9999.0 -9999.0 -9999.0
-9999.0 -9999.0 -9999.0 -9999.0 -9999.0 -9999.0 -9999.0 -9999.0 -9999.0 0.219939 0.219585 0.219916 0.219067 0.220133 0.218250 0.218662 0.218279 0.219766 0.220914 0.222958 0.225750 0.223642 0.223353 0.224791 0.224885 0.225395 0.226592 0.231154 0.236296 0.244534 0.237321 0.236974 0.240793 0.255433 0.268170 0.271586 0.265352 0.265360 0.273342 0.282541 0.281962 0.281029 0.290609 0.296053 0.299925 0.291576 0.283577 0.282238 0.293957 0.273981 0.255253 0.239228 0.240487 0.235260 0.229582 0.227544 0.226729 0.230974 0.229409 0.225614 0.222540 0.223586 0.221816 0.223573 0.224729 0.229727 0.234228 0.238634 0.238841 0.236021 -9999.0 -9999.0 -9999.0 -9999.0 -9999.0 -9999.0 -9999.0 -9999.0 -9999.0 -9999.0
-9999.0 -9999.0 -9999.0 -9999.0 -9999.0 -9999.0 0.217896 0.217728 0.218401 0.216067 0.217625 0.216462 0.217575 0.218018 0.218733 0.218677 0.220510 0.222111 0.224869 0.228585 0.232089 0.230083 0.230957 0.235946 0.246356 0.256262 0.262224 0.272616 0.304305 0.333480 0.346383 0.352711 0.361453 0.364349 0.367558 0.369643 0.367313 0.366233 0.366971 0.368505 0.369884 0.369890 0.369911 0.369935 0.369982 0.369976 0.368650 0.367692 0.367406 0.367177 0.364964 0.360603 0.325345 0.295885 0.267295 0.251063 0.247924 0.250310 0.243718 0.234780 0.229557 0.229636 0.228654 0.226726 0.227701 0.229719 0.232848 0.234840 0.233344 0.231329 0.229867 0.226571 0.227111 0.230312 -9999.0 -9999.0 -9999.0 -9999.0 -9999.0 -9999.0
-9999.0 -9999.0 -9999.0 -9999.0 0.214459 0.215491 0.212337 0.214078 0.215382 0.216338 0.216216 0.217918 0.218310 0.219509 0.222122 0.224063 0.227754 0.230525 0.238491 0.256027 0.272587 0.282079 0.286796 0.323427 0.361466 0.365238 0.365991 0.367033 0.368741 0.369989 0.369998 0.369992 0.369997 0.370000 0.370000 0.370000 0.370000 0.370000 0.370000 0.370000 0.370000 0.370000 0.370000 0.370000 0.370000 0.370000 0.370000 0.370000 0.370000 0.370000 0.370000 0.369996 0.369503 0.368566 0.367839 0.366197 0.362032 0.354693 0.309139 0.284035 0.261107 0.252367 0.244247 0.240286 0.234911 0.235994 0.237594 0.234862 0.231319 0.227988 0.227645 0.226202 0.224510 0.228684 0.230098 0.234571 -9999.0 -9999.0 -9999.0 -9999.0
-9999.0 -9999.0 0.214372 0.214342 0.217103 0.215292 0.214177 0.212640 0.213185 0.215790 0.220665 0.222598 0.225832 0.227583 0.235436 0.256060 0.279177 0.297029 0.340112 0.362762 0.366334 0.368011 0.369824 0.369959 0.369988 0.370000 0.370000 0.370000 0.370000 0.370000 0.370000 0.370000 0.370000 0.370000 0.370000 0.370000 0.370000 0.370000 0.370000 0.370000 0.370000 0.370000 0.370000 0.370000 0.370000 0.370000 0.370000 0.370000 0.370000 0.370000 0.370000 0.370000 0.370000 0.370000 0.370000 0.370000 0.369996 0.369665 0.369051 0.367871 0.364407 0.360491 0.322585 0.290150 0.268447 0.257775 0.247066 0.240422 0.234366 0.228766 0.227128 0.226177 0.227015 0.226395 0.228609 0.230246 0.232729 0.233649 -9999.0 -9999.0
-9999.0 0.213583 0.212518 0.217353 0.217993 0.218836 0.219873 0.220776 0.222056 0.220215 0.233523 0.259412 0.285349 0.294384 0.330460 0.364067 0.369824 0.369952 0.369966 0.370000 0.370000 0.370000 0.370000 0.370000 0.370000 0.370000 0.370000 0.370000 0.370000 0.370000 0.370000 0.370000 0.370000 0.370000 0.370000 0.370000 0.370000 0.370000 0.370000 0.370000 0.370000 0.370000 0.370000 0.370000 0.370000 0.370000 0.370000 0.370000 0.370000 0.370000 0.370000 0.370000 0.370000 0.370000 0.370000 0.370000 0.370000 0.370000 0.370000 0.370000 0.369971 0.369648 0.368401 0.365525 0.361058 0.319621 0.283577 0.262947 0.247174 0.241240 0.237582 0.229873 0.227988 0.229746 0.228741 0.228628 0.229603 0.230356 -9999.0 -9999.0
-9999.0 0.208749 0.213189 0.218212 0.224551 0.225110 0.247659 0.268534 0.274552 0.264041 0.310950 0.369845 0.369956 0.369994 0.370000 0.370000 0.370000 0.370000 0.370000 0.370000 0.370000 0.370000 0.370000 0.370000 0.370000 0.370000 0.370000 0.370000 0.370000 0.370000 0.370000 0.370000 0.370000 0.370000 0.369999 0.369998 0.369994 0.369731 0.368947 0.368044 0.367574 0.368366 0.367994 0.367266 0.367086 0.368016 0.369027 0.368927 0.369209 0.369677 0.369939 0.370000 0.370000 0.370000 0.370000 0.370000 0.370000 0.370000 0.370000 0.370000 0.370000 0.370000 0.370000 0.369947 0.369386 0.366671 0.363409 0.358586 0.308405 0.285006 0.266442 0.250269 0.238878 0.236542 0.230953 0.230205 -9999.0 -9999.0 -9999.0 -9999.0
-9999.0 0.208380 0.212679 0.222291 0.246892 0.283041 0.361805 0.369107 0.370000 0.369990 0.370000 0.370000 0.370000 0.370000 0.370000 0.370000 0.370000 0.370000 0.370000 0.370000 0.370000 0.370000 0.370000 0.370000 0.370000 0.370000 0.370000 0.370000 0.369990 0.369940 0.369801 0.369595 0.368904 0.365629 0.363697 0.361394 0.327389 0.319204 0.310610 0.294810 0.287678 0.282766 0.289387 0.287714 0.287079 0.290908 0.300880 0.308990 0.340839 0.361033 0.364065 0.366710 0.368153 0.369460 0.369908 0.370000 0.370000 0.370000 0.370000 0.370000 0.370000 0.370000 0.370000 0.370000 0.370000 0.369949 0.369729 0.368740 0.365945 0.363056 0.359557 0.320611 0.281497 0.253252 0.245550 -9999.0 -9999.0 -9999.0 -9999.0 -9999.0
-9999.0 0.201639 0.212654 0.220447 0.263378 0.362795 0.368649 0.370000 0.370000 0.370000 0.369992 0.370000 0.370000 0.370000 0.370000 0.370000 0.370000 0.370000 0.370000 0.370000 0.369994 0.369962 0.369949 0.369894 0.369682 0.369355 0.369013 0.368453 0.366434 0.364148 0.356015 0.334188 0.291495 0.267635 0.254854 0.243432 0.233222 0.233537 0.236873 0.234119 0.231130 0.227951 0.231807 0.233592 0.235308 0.233147 0.233680 0.238910 0.247680 0.257626 0.273275 0.294270 0.321153 0.360457 0.363368 0.366273 0.368168 0.369544 0.369982 0.370000 0.370000 0.370000 0.370000 0.370000 0.370000 0.370000 0.370000 0.370000 0.369809 0.368934 0.368016 0.366135 0.362822 -9999.0 -9999.0 -9999.0 -9999.0 -9999.0 -9999.0 -9999.0
-9999.0 0.198149 0.209888 0.211361 0.225515 0.258356 0.312698 0.363505 0.369842 0.366421 0.365687 0.366828 0.367896 0.368566 0.367826 0.366565 0.365475 0.365770 0.365939 0.364802 0.363284 0.362355 0.362109 0.359465 0.339877 0.325254 0.317261 0.303823 0.287294 0.268850 0.245179 0.234420 0.227125 0.224752 0.222976 0.221085 0.217379 0.219509 0.221109 0.220729 0.219562 0.218664 0.221484 0.222453 0.223339 0.220740 0.222534 0.224090 0.227685 0.231417 0.236857 0.245070 0.255923 0.264017 0.270829 0.282960 0.302528 0.351897 0.364725 0.369034 0.369921 0.370000 0.370000 0.370000 0.370000 0.370000 0.370000 0.370000 0.370000 0.369940 0.369655 -9999.0 -9999.0 -9999.0 -9999.0 -9999.0 -9999.0 -9999.0 -9999.0 -9999.0
-9999.0 -9999.0 0.195581 0.200247 0.204241 0.208512 0.214813 0.223584 0.230414 0.240141 0.254231 0.270372 0.281048 0.286103 0.279292 0.265861 0.258296 0.258895 0.256861 0.252850 0.245733 0.242963 0.241166 0.239780 0.237027 0.235916 0.235464 0.234475 0.232264 0.227246 0.223013 0.220151 0.216964 0.217177 0.216707 0.215615 0.216626 0.216373 0.216672 0.216509 0.216794 0.217327 0.217935 0.218805 0.218828 0.219085 0.219375 0.220304 0.221733 0.223652 0.227473 0.233196 0.237651 0.238714 0.236312 0.237009 0.240222 0.248155 0.275748 0.324694 0.362560 0.367047 0.369490 0.369936 0.369997 0.370000 0.370000 0.370000 0.370000 0.370000 -9999.0 -9999.0 -9999.0 -9999.0 -9999.0 -9999.0 -9999.0 -9999.0 -9999.0 -9999.0
-9999.0 -9999.0 -9999.0 -9999.0 0.193408 0.200100 0.206352 0.205679 0.210285 0.213112 0.215742 0.218941 0.221640 0.223397 0.221257 0.220888 0.220496 0.220816 0.220349 0.219825 0.219607 0.219264 0.218903 0.218409 0.218645 0.219160 0.219307 0.218462 0.218486 0.216942 0.216835 0.215954 0.215097 0.214055 0.214313 0.214228 0.214719 0.214196 0.214978 0.214506 0.215095 0.215342 0.216038 0.217200 0.216731 0.217401 0.217410 0.218269 0.218560 0.220891 0.224760 0.229332 0.232491 0.232334 0.228277 0.226617 0.225612 0.228118 0.232475 0.242265 0.269460 0.298694 0.352612 0.363237 0.365523 0.367823 0.369686 0.369998 -9999.0 -9999.0 -9999.0 -9999.0 -9999.0 -9999.0 -9999.0 -9999.0 -9999.0 -9999.0 -9999.0 -9999.0
-9999.0 -9999.0 -9999.0 -9999.0 -9999.0 -9999.0 0.196414 0.199821 0.198725 0.201364 0.203732 0.205552 0.208327 0.207986 0.208849 0.211083 0.210796 0.209750 0.208421 0.210385 0.211271 0.211472 0.209326 0.209948 0.210187 0.211006 0.210921 0.211301 0.209495 0.211721 0.212811 0.212441 0.212089 0.212534 0.212082 0.213458 0.213623 0.212525 0.212186 0.213755 0.214189 0.213940 0.214212 0.215252 0.216797 0.217016 0.216292 0.215271 0.216801 0.220414 0.224533 0.228240 0.230703 0.231547 0.228172 0.223646 0.221397 0.221048 0.222831 0.226320 0.235077 0.241371 0.246637 0.254443 0.262990 0.302306 -9999.0 -9999.0 -9999.0 -9999.0 -9999.0 -9999.0 -9999.0 -9999.0 -9999.0 -9999.0 -9999.0 -9999.0 -9999.0 -9999.0
-9999.0 -9999.0 -9999.0 -9999.0 -9999.0 -9999.0 -9999.0 -9999.0 -9999.0 -9999.0 -9999.0 -9999.0 -9999.0 -9999.0 -9999.0 -9999.0 -9999.0 -9999.0 -9999.0 -9999.0 -9999.0 -9999.0 -9999.0 -9999.0 -9999.0 -9999.0 -9999.0 -9999.0 -9999.0 -9999.0 -9999.0 -9999.0 -9999.0 -9999.0 -9999.0 -9999.0 -9999.0 -9999.0 -9999.0 -9999.0 -9999.0 -9999.0 -9999.0 -9999.0 -9999.0 -9999.0 -9999.0 -9999.0 -9999.0 -9999.0 -9999.0 -9999.0 -9999.0 -9999.0 -9999.0 -9999.0 -9999.0 -9999.0 -9999.0 -9999.0 -9999.0 -9999.0 -9999.0 -9999.0 -9999.0 -9999.0 -9999.0 -9999.0 -9999.0 -9999.0 -9999.0 -9999.0 -9999.0 -9999.0 -9999.0 -9999.0 -9999.0 -9999.0 -9999.0 -9999.0
-9999.0 -9999.0 -9999.0 -9999.0 -9999.0 -9999.0 -9999.0 -9999.0 -9999.0 -9999.0 -9999.0 -9999.0 -9999.0 -9999.0 -9999.0 -9999.0 -9999.0 -9999.0 -9999.0 -9999.0 -9999.0 -9999.0 -9999.0 -9999.0 -9999.0 -9999.0 -9999.0 -9999.0 -9999.0 -9999.0 -9999.0 -9999.0 -9999.0 -9999.0 -9999.0 -9999.0 -9999.0 -9999.0 -9999.0 -9999.0 -9999.0 -9999.0 -9999.0 -9999.0 -9999.0 -9999.0 -9999.0 -9999.0 -9999.0 -9999.0 -9999.0 -9999.0 -9999.0 -9999.0 -9999.0 -9999.0 -9999.0 -9999.0 -9999.0 -9999.0 -9999.0 -9999.0 -9999.0 -9999.0 -9999.0 -9999.0 -9999.0 -9999.0 -9999.0 -9999.0 -9999.0 -9999.0 -9999.0 -9999.0 -9999.0 -9999.0 -9999.0 -9999.0 -9999.0 -9999.0