Borden_/Borden1m_014/output_maps/thetaliqL0002N0013.asc
ncols         80
nrows         18
xllcorner     620200.000000
yllcorner     5168000.000000
cellsize      1.000000
NODATA_value  -9999.0
-9999.0 -9999.0 -9999.0 -9999.0 -9999.0 -9999.0 -9999.0 -9999.0 -9999.0 -9999.0 -9999.0 -9999.0 -9999.0 -9999.0 -9999.0 -9999.0 -9999.0 -9999.0 -9999.0 -9999.0 -9999.0 -9999.0 -9999.0 -9999.0 -9999.0 -9999.0 -9999.0 -9999.0 -9999.0 -9999.0 -9999.0 -9999.0 -9999.0 -9999.0 -9999.0 -9999.0 -9999.0 -9999.0 -9999.0 -9999.0 -9999.0 -9999.0 -9999.0 -9999.0 -9999.0 -9999.0 -9999.0 -9999.0 -9999.0 -9999.0 -9999.0 -9999.0 -9999.0 -9999.0 -9999.0 -9999.0 -9999.0 -9999.0 -9999.0 -9999.0 -9999.0 -9999.0 -9999.0 -9999.0 -9999.0 -9999.0 -9999.0 -9999.0 -9999.0 -9999.0 -9999.0 -9999.0 -9999.0 -9999.0 -9999.0 -9999.0 -9999.0 -9999.0 -9999.0 -9999.0
-9999.0 -9999.0 -9999.0 -9999.0 -9999.0 -9999.0 -9999.0 -9999.0 -9999.0 -9999.0 -9999.0 -9999.0 -9999.0 -9999.0 -9999.0 -9999.0 -9999.0 -9999.0 -9999.0 -9999.0 -9999.0 -9999.0 -9999.0 -9999.0 -9999.0 -9999.0 -9999.0 -9999.0 -9999.0 -9999.0 -9999.0 -9999.0 -9999.0 -9999.0 -9999.0 -9999.0 -9999.0 -9999.0 -9999.0 -9999.0 -9999.0 -9999.0 -9999.0 -9999.0 -9999.0 -9999.0 -9999.0 -9999.0 -9999.0 -9999.0 -9999.0 -9999.0 -9999.0 -9999.0 -9999.0 -9999.0 -9999.0 -9999.0 -9999.0 -9999.0 -9999.0 -9999.0 -9999.0 -9999.0 -9999.0 -9999.0 -9999.0 -9999.0 -9999.0 -9999.0 -9999.0 -9999.0 -9999.0 -9999.0 -9999.0 -9999.0 -9999.0 -9999.0 -9999.0 -9999.0
-9999.0 -9999.0 -9999.0 -9999.0 -9999.0 -9999.0 -9999.0 -9999.0 -9999.0 -9999.0 -9999.0 -9999.0 -9999.0 -9999.0 -9999.0 -9999.0 -9999.0 -9999.0 -9999.0 -9999.0 0.259037 0.260174 0.258218 0.256078 0.254143 0.253789 0.255870 0.258052 0.260588 0.260900 0.258503 0.259271 0.258253 0.257519 0.257321 0.257994 0.258372 0.259124 0.259530 0.259150 0.258461 0.258049 0.257533 0.257562 0.258447 0.257270 0.258862 0.260253 0.260625 0.260882 0.259299 0.258786 0.258637 0.256667 0.260175 0.260903 0.263084 0.263151 0.263782 0.261361 0.258941 -9999.0 -9999.0 -9999.0 -9999.0 -9999.0 -9999.0 -9999.0 -9999.0 -9999.0 -9999.0 -9999.0 -9999.0 -9999.0 -9999.0 -9999.0 -9999.0 -9999.0 -9999.0 -9999.0
-9999.0 -9999.0 -9999.0 -9999.0 -9999.0 -9999.0 -9999.0 -9999.0 -9999.0 -9999.0 -9999.0 -9999.0 -9999.0 -9999.0 0.256415 0.255170 0.254556 0.253958 0.255836 0.257121 0.256812 0.255521 0.256791 0.254470 0.252326 0.253579 0.255076 0.255956 0.257772 0.259237 0.257652 0.257250 0.257950 0.260744 0.261776 0.261049 0.257259 0.260774 0.262159 0.263031 0.262903 0.261178 0.263299 0.265793 0.264366 0.261702 0.262417 0.263830 0.266243 0.265581 0.257254 0.257071 0.257789 0.258304 0.257149 0.256209 0.259692 0.258957 0.258557 0.258463 0.256952 0.253973 0.252509 0.255899 0.258345 0.263819 -9999.0 -9999.0 -9999.0 -9999.0 -9999.0 -9999.0 -9999.0 -9999.0 -9999.0 -9999.0 -9999.0 -9999.0 -9999.0 -9999.0
-9999.0 -9999.0 -9999.0 -9999.0 -9999.0 -9999.0 -9999.0 -9999.0 -9999.0 0.254988 0.254548 0.254845 0.253862 0.254877 0.252753 0.253135 0.252581 0.253872 0.254597 0.256128 0.258540 0.256431 0.256106 0.257396 0.257226 0.257380 0.258021 0.261536 0.265061 0.271564 0.265153 0.264820 0.267249 0.279236 0.289917 0.292263 0.287794 0.287640 0.293341 0.299564 0.298834 0.298108 0.304349 0.307464 0.309746 0.304763 0.299931 0.298969 0.306975 0.293698 0.279600 0.265843 0.268331 0.264421 0.260122 0.258793 0.257920 0.261848 0.260700 0.257750 0.255333 0.256777 0.255133 0.256735 0.257375 0.261413 0.264773 0.268172 0.268327 0.266070 -9999.0 -9999.0 -9999.0 -9999.0 -9999.0 -9999.0 -9999.0 -9999.0 -9999.0 -9999.0
-9999.0 -9999.0 -9999.0 -9999.0 -9999.0 -9999.0 0.253416 0.253159 0.253762 0.251061 0.252601 0.251200 0.252234 0.252490 0.253020 0.252680 0.254200 0.255310 0.257305 0.259928 0.262536 0.260420 0.260957 0.264621 0.271163 0.280668 0.285520 0.292679 0.312533 0.325784 0.331756 0.334172 0.342015 0.369999 0.370000 0.370000 0.370000 0.370000 0.370000 0.370000 0.370000 0.370000 0.370000 0.370000 0.370000 0.370000 0.370000 0.370000 0.370000 0.370000 0.370000 0.343182 0.321153 0.307767 0.289106 0.276537 0.271748 0.275282 0.270750 0.264048 0.260237 0.260801 0.260268 0.258566 0.259472 0.260945 0.263375 0.265015 0.263886 0.262519 0.261819 0.259046 0.259600 0.262335 -9999.0 -9999.0 -9999.0 -9999.0 -9999.0 -9999.0
-9999.0 -9999.0 -9999.0 -9999.0 0.249854 0.250950 0.247454 0.249280 0.250528 0.251333 0.250858 0.252327 0.252365 0.253212 0.255272 0.256355 0.259033 0.260654 0.266390 0.278685 0.292785 0.299422 0.301766 0.319683 0.354385 0.370000 0.370000 0.370000 0.370000 0.370000 0.370000 0.370000 0.370000 0.370000 0.370000 0.370000 0.370000 0.370000 0.370000 0.370000 0.370000 0.370000 0.370000 0.370000 0.370000 0.370000 0.370000 0.370000 0.370000 0.370000 0.370000 0.370000 0.370000 0.370000 0.370000 0.370000 0.355857 0.334654 0.313981 0.300430 0.283529 0.275729 0.270870 0.268291 0.264009 0.265209 0.266824 0.264746 0.262156 0.259660 0.259816 0.258773 0.257103 0.260887 0.261780 0.265486 -9999.0 -9999.0 -9999.0 -9999.0
-9999.0 -9999.0 0.250053 0.249763 0.252528 0.250407 0.249127 0.247348 0.247730 0.250135 0.254411 0.255321 0.257561 0.258396 0.264253 0.280396 0.297615 0.308134 0.327162 0.369999 0.370000 0.370000 0.370000 0.370000 0.370000 0.370000 0.370000 0.370000 0.370000 0.370000 0.370000 0.370000 0.370000 0.370000 0.370000 0.370000 0.370000 0.370000 0.370000 0.370000 0.370000 0.370000 0.370000 0.370000 0.370000 0.370000 0.370000 0.370000 0.370000 0.370000 0.370000 0.370000 0.370000 0.370000 0.370000 0.370000 0.370000 0.370000 0.370000 0.370000 0.370000 0.346779 0.319360 0.303439 0.286347 0.280686 0.272873 0.268316 0.264092 0.259789 0.258825 0.258384 0.259398 0.258604 0.260541 0.261749 0.263903 0.264566 -9999.0 -9999.0
-9999.0 0.249522 0.248063 0.252831 0.252803 0.253161 0.253574 0.253948 0.254851 0.252400 0.263356 0.283965 0.301790 0.306514 0.324029 0.369998 0.370000 0.370000 0.370000 0.370000 0.370000 0.370000 0.370000 0.370000 0.370000 0.370000 0.370000 0.370000 0.370000 0.370000 0.370000 0.370000 0.370000 0.370000 0.370000 0.370000 0.370000 0.370000 0.370000 0.370000 0.370000 0.370000 0.370000 0.370000 0.370000 0.370000 0.370000 0.370000 0.370000 0.370000 0.370000 0.370000 0.370000 0.370000 0.370000 0.370000 0.370000 0.370000 0.370000 0.370000 0.370000 0.370000 0.370000 0.370000 0.356109 0.316923 0.297827 0.283519 0.272677 0.268804 0.266599 0.260495 0.259340 0.261272 0.260459 0.260395 0.261217 0.261795 -9999.0 -9999.0
-9999.0 0.244249 0.248828 0.253244 0.257975 0.256545 0.275181 0.291123 0.294495 0.285563 0.315905 0.370000 0.370000 0.370000 0.370000 0.370000 0.370000 0.370000 0.370000 0.370000 0.370000 0.370000 0.370000 0.370000 0.370000 0.370000 0.370000 0.370000 0.370000 0.370000 0.370000 0.370000 0.370000 0.370000 0.370000 0.370000 0.370000 0.370000 0.370000 0.370000 0.370000 0.370000 0.370000 0.370000 0.370000 0.370000 0.370000 0.370000 0.370000 0.370000 0.370000 0.370000 0.370000 0.370000 0.370000 0.370000 0.370000 0.370000 0.370000 0.370000 0.370000 0.370000 0.370000 0.370000 0.370000 0.370000 0.370000 0.339317 0.313510 0.299949 0.285403 0.275290 0.266851 0.265968 0.261581 0.261721 -9999.0 -9999.0 -9999.0 -9999.0
-9999.0 0.243985 0.248313 0.256934 0.275598 0.301138 0.370000 0.370000 0.370000 0.370000 0.370000 0.370000 0.370000 0.370000 0.370000 0.370000 0.370000 0.370000 0.370000 0.370000 0.370000 0.370000 0.370000 0.370000 0.370000 0.370000 0.370000 0.370000 0.370000 0.370000 0.370000 0.370000 0.370000 0.370000 0.370000 0.346009 0.321517 0.319758 0.315771 0.307058 0.302936 0.299618 0.304076 0.302834 0.302317 0.304683 0.310432 0.314111 0.327141 0.345849 0.370000 0.370000 0.370000 0.370000 0.370000 0.370000 0.370000 0.370000 0.370000 0.370000 0.370000 0.370000 0.370000 0.370000 0.370000 0.370000 0.370000 0.370000 0.370000 0.370000 0.351417 0.318883 0.295112 0.277972 0.272770 -9999.0 -9999.0 -9999.0 -9999.0 -9999.0
-9999.0 0.236664 0.248577 0.255390 0.289337 0.369999 0.370000 0.370000 0.370000 0.370000 0.370000 0.370000 0.370000 0.370000 0.370000 0.370000 0.370000 0.370000 0.370000 0.370000 0.370000 0.370000 0.370000 0.370000 0.370000 0.370000 0.370000 0.370000 0.370000 0.370000 0.336395 0.326343 0.305399 0.289284 0.278000 0.269746 0.262696 0.263218 0.266274 0.264080 0.261744 0.258906 0.262234 0.263568 0.265007 0.263003 0.263135 0.267128 0.273469 0.279355 0.291383 0.306108 0.318488 0.340873 0.370000 0.370000 0.370000 0.370000 0.370000 0.370000 0.370000 0.370000 0.370000 0.370000 0.370000 0.370000 0.370000 0.370000 0.370000 0.370000 0.370000 0.370000 0.368172 -9999.0 -9999.0 -9999.0 -9999.0 -9999.0 -9999.0 -9999.0
-9999.0 0.232869 0.245858 0.246826 0.259506 0.284946 0.318911 0.369996 0.370000 0.370000 0.370000 0.370000 0.370000 0.370000 0.370000 0.370000 0.370000 0.370000 0.370000 0.370000 0.359608 0.344724 0.344570 0.340757 0.328227 0.322263 0.318999 0.312419 0.302902 0.290028 0.271617 0.263874 0.258451 0.257043 0.255878 0.254564 0.251119 0.253368 0.254901 0.254569 0.253485 0.252551 0.255208 0.255916 0.256697 0.254041 0.255675 0.256717 0.259452 0.262005 0.265752 0.271565 0.279347 0.284147 0.288380 0.299075 0.310532 0.333543 0.370000 0.370000 0.370000 0.370000 0.370000 0.370000 0.370000 0.370000 0.370000 0.370000 0.370000 0.370000 0.370000 -9999.0 -9999.0 -9999.0 -9999.0 -9999.0 -9999.0 -9999.0 -9999.0 -9999.0
-9999.0 -9999.0 0.230048 0.235084 0.239304 0.243323 0.248940 0.254984 0.262295 0.270354 0.281233 0.292786 0.299657 0.302786 0.298423 0.288898 0.283128 0.283745 0.282119 0.278087 0.270522 0.269480 0.268530 0.267920 0.266035 0.265306 0.265095 0.264562 0.263148 0.259270 0.256104 0.254012 0.251272 0.251842 0.251555 0.250543 0.251733 0.251454 0.251725 0.251531 0.251809 0.252303 0.252764 0.253495 0.253399 0.253607 0.253753 0.254427 0.255418 0.256634 0.259381 0.263617 0.266708 0.267280 0.265155 0.265690 0.267974 0.273287 0.294147 0.320589 0.369999 0.370000 0.370000 0.370000 0.370000 0.370000 0.370000 0.370000 0.370000 0.370000 -9999.0 -9999.0 -9999.0 -9999.0 -9999.0 -9999.0 -9999.0 -9999.0 -9999.0 -9999.0
-9999.0 -9999.0 -9999.0 -9999.0 0.227649 0.234913 0.241765 0.240766 0.245574 0.248144 0.250270 0.252830 0.254899 0.256358 0.254266 0.254089 0.253857 0.254284 0.253920 0.253443 0.253331 0.253109 0.252884 0.252448 0.252743 0.253281 0.253478 0.252714 0.252970 0.251579 0.251741 0.251074 0.250391 0.249396 0.249764 0.249704 0.250258 0.249693 0.250526 0.249957 0.250536 0.250717 0.251335 0.252424 0.251782 0.252408 0.252318 0.253058 0.252995 0.254774 0.257748 0.261174 0.263435 0.263181 0.259763 0.258549 0.257565 0.259458 0.262306 0.269109 0.288318 0.308239 0.332417 0.370000 0.370000 0.370000 0.370000 0.370000 -9999.0 -9999.0 -9999.0 -9999.0 -9999.0 -9999.0 -9999.0 -9999.0 -9999.0 -9999.0 -9999.0 -9999.0
-9999.0 -9999.0 -9999.0 -9999.0 -9999.0 -9999.0 0.230986 0.234696 0.233399 0.236152 0.238537 0.240268 0.243035 0.242508 0.243382 0.245756 0.245472 0.244405 0.243009 0.245122 0.246064 0.246324 0.244070 0.244783 0.245033 0.245896 0.245806 0.246271 0.244374 0.246846 0.248088 0.247787 0.247509 0.248072 0.247605 0.249119 0.249300 0.248109 0.247714 0.249381 0.249782 0.249433 0.249618 0.250590 0.252106 0.252239 0.251413 0.250199 0.251509 0.254640 0.257880 0.260548 0.262251 0.262994 0.260346 0.256531 0.254580 0.254073 0.255239 0.257459 0.263846 0.267944 0.271015 0.275374 0.283531 0.309542 -9999.0 -9999.0 -9999.0 -9999.0 -9999.0 -9999.0 -9999.0 -9999.0 -9999.0 -9999.0 -9999.0 -9999.0 -9999.0 -9999.0
-9999.0 -9999.0 -9999.0 -9999.0 -9999.0 -9999.0 -9999.0 -9999.0 -9999.0 -9999.0 -9999.0 -9999.0 -9999.0 -9999.0 -9999.0 -9999.0 -9999.0 -9999.0 -9999.0 -9999.0 -9999.0 -9999.0 -9999.0 -9999.0 -9999.0 -9999.0 -9999.0 -9999.0 -9999.0 -9999.0 -9999.0 -9999.0 -9999.0 -9999.0 -9999.0 -9999.0 -9999.0 -9999.0 -9999.0 -9999.0 -9999.0 -9999.0 -9999.0 -9999.0 -9999.0 -9999.0 -9999.0 -9999.0 -9999.0 -9999.0 -9999.0 -9999.0 -9999.0 -9999.0 -9999.0 -9999.0 -9999.0 -9999.0 -9999.0 -9999.0 -9999.0 -9999.0 -9999.0 -9999.0 -9999.0 -9999.0 -9999.0 -9999.0 -9999.0 -9999.0 -9999.0 -9999.0 -9999.0 -9999.0 -9999.0 -9999.0 -9999.0 -9999.0 -9999.0 -9999.0
-9999.0 -9999.0 -9999.0 -9999.0 -9999.0 -9999.0 -9999.0 -9999.0 -9999.0 -9999.0 -9999.0 -9999.0 -9999.0 -9999.0 -9999.0 -9999.0 -9999.0 -9999.0 -9999.0 -9999.0 -9999.0 -9999.0 -9999.0 -9999.0 -9999.0 -9999.0 -9999.0 -9999.0 -9999.0 -9999.0 -9999.0 -9999.0 -9999.0 -9999.0 -9999.0 -9999.0 -9999.0 -9999.0 -9999.0 -9999.0 -9999.0 -9999.0 -9999.0 -9999.0 -9999.0 -9999.0 -9999.0 -9999.0 -9999.0 -9999.0 -9999.0 -9999.0 -9999.0 -9999.0 -9999.0 -9999.0 -9999.0 -9999.0 -9999.0 -9999.0 -9999.0 -9999.0 -9999.0 -9999.0 -9999.0 -9999.0 -9999.0 -9999.0 -9999.0 -9999.0 -9999.0 -9999.0 -9999.0 -9999.0 -9999.0 -9999.0 -9999.0 -9999.0 -9999.0 -9999.0