Borden_/Borden1m_014/output_maps/thetaliqL0006N0038.asc
ncols         80
nrows         18
xllcorner     620200.000000
yllcorner     5168000.000000
cellsize      1.000000
NODATA_value  -9999.0
-9999.0 -9999.0 -9999.0 -9999.0 -9999.0 -9999.0 -9999.0 -9999.0 -9999.0 -9999.0 -9999.0 -9999.0 -9999.0 -9999.0 -9999.0 -9999.0 -9999.0 -9999.0 -9999.0 -9999.0 -9999.0 -9999.0 -9999.0 -9999.0 -9999.0 -9999.0 -9999.0 -9999.0 -9999.0 -9999.0 -9999.0 -9999.0 -9999.0 -9999.0 -9999.0 -9999.0 -9999.0 -9999.0 -9999.0 -9999.0 -9999.0 -9999.0 -9999.0 -9999.0 -9999.0 -9999.0 -9999.0 -9999.0 -9999.0 -9999.0 -9999.0 -9999.0 -9999.0 -9999.0 -9999.0 -9999.0 -9999.0 -9999.0 -9999.0 -9999.0 -9999.0 -9999.0 -9999.0 -9999.0 -9999.0 -9999.0 -9999.0 -9999.0 -9999.0 -9999.0 -9999.0 -9999.0 -9999.0 -9999.0 -9999.0 -9999.0 -9999.0 -9999.0 -9999.0 -9999.0
-9999.0 -9999.0 -9999.0 -9999.0 -9999.0 -9999.0 -9999.0 -9999.0 -9999.0 -9999.0 -9999.0 -9999.0 -9999.0 -9999.0 -9999.0 -9999.0 -9999.0 -9999.0 -9999.0 -9999.0 -9999.0 -9999.0 -9999.0 -9999.0 -9999.0 -9999.0 -9999.0 -9999.0 -9999.0 -9999.0 -9999.0 -9999.0 -9999.0 -9999.0 -9999.0 -9999.0 -9999.0 -9999.0 -9999.0 -9999.0 -9999.0 -9999.0 -9999.0 -9999.0 -9999.0 -9999.0 -9999.0 -9999.0 -9999.0 -9999.0 -9999.0 -9999.0 -9999.0 -9999.0 -9999.0 -9999.0 -9999.0 -9999.0 -9999.0 -9999.0 -9999.0 -9999.0 -9999.0 -9999.0 -9999.0 -9999.0 -9999.0 -9999.0 -9999.0 -9999.0 -9999.0 -9999.0 -9999.0 -9999.0 -9999.0 -9999.0 -9999.0 -9999.0 -9999.0 -9999.0
-9999.0 -9999.0 -9999.0 -9999.0 -9999.0 -9999.0 -9999.0 -9999.0 -9999.0 -9999.0 -9999.0 -9999.0 -9999.0 -9999.0 -9999.0 -9999.0 -9999.0 -9999.0 -9999.0 -9999.0 0.154456 0.156143 0.144508 0.129930 0.119884 0.120334 0.132782 0.151184 0.172253 0.178921 0.167456 0.168043 0.164805 0.164834 0.166688 0.170154 0.171527 0.178991 0.184741 0.184648 0.180492 0.176626 0.175528 0.177941 0.181181 0.175706 0.184601 0.195509 0.200475 0.196648 0.177653 0.167724 0.163170 0.155409 0.169613 0.177829 0.193798 0.197156 0.196625 0.178192 0.160160 -9999.0 -9999.0 -9999.0 -9999.0 -9999.0 -9999.0 -9999.0 -9999.0 -9999.0 -9999.0 -9999.0 -9999.0 -9999.0 -9999.0 -9999.0 -9999.0 -9999.0 -9999.0 -9999.0
-9999.0 -9999.0 -9999.0 -9999.0 -9999.0 -9999.0 -9999.0 -9999.0 -9999.0 -9999.0 -9999.0 -9999.0 -9999.0 -9999.0 0.118054 0.114901 0.113904 0.116206 0.127144 0.138918 0.144597 0.140911 0.140732 0.130722 0.123273 0.128138 0.139797 0.154796 0.174467 0.188229 0.179218 0.177284 0.184595 0.205744 0.218442 0.216573 0.199409 0.216959 0.231032 0.240132 0.239614 0.232407 0.246041 0.260867 0.255141 0.239141 0.240762 0.250398 0.263701 0.249004 0.194968 0.179395 0.177627 0.173570 0.165759 0.162076 0.177329 0.178359 0.173385 0.162950 0.146301 0.127831 0.121805 0.136318 0.158015 0.195193 -9999.0 -9999.0 -9999.0 -9999.0 -9999.0 -9999.0 -9999.0 -9999.0 -9999.0 -9999.0 -9999.0 -9999.0 -9999.0 -9999.0
-9999.0 -9999.0 -9999.0 -9999.0 -9999.0 -9999.0 -9999.0 -9999.0 -9999.0 0.103826 0.104461 0.105930 0.106170 0.109810 0.109284 0.110901 0.112920 0.120370 0.131132 0.146134 0.161084 0.155177 0.155102 0.162052 0.166703 0.175015 0.189043 0.220672 0.259108 0.296814 0.273962 0.273113 0.291579 0.332279 0.353832 0.357815 0.350925 0.351923 0.360584 0.365576 0.366111 0.366139 0.368152 0.368790 0.369015 0.368182 0.366329 0.365790 0.367820 0.360677 0.330725 0.284407 0.281155 0.251254 0.213702 0.195016 0.192541 0.209539 0.197883 0.172390 0.151778 0.147546 0.140130 0.147862 0.160044 0.190117 0.219314 0.243235 0.244003 0.229916 -9999.0 -9999.0 -9999.0 -9999.0 -9999.0 -9999.0 -9999.0 -9999.0 -9999.0 -9999.0
-9999.0 -9999.0 -9999.0 -9999.0 -9999.0 -9999.0 0.090807 0.091885 0.094644 0.095440 0.099466 0.100771 0.104875 0.109249 0.114405 0.119288 0.129885 0.143325 0.165143 0.194791 0.220794 0.218342 0.227608 0.260425 0.302361 0.329724 0.345059 0.360467 0.369057 0.369862 0.369941 0.369960 0.369977 0.369998 0.370000 0.370000 0.370000 0.370000 0.370000 0.370000 0.370000 0.370000 0.370000 0.370000 0.370000 0.370000 0.370000 0.370000 0.370000 0.370000 0.369999 0.369967 0.369713 0.368249 0.353944 0.318204 0.313127 0.321533 0.294919 0.246976 0.209626 0.200968 0.190220 0.180369 0.184023 0.198087 0.216563 0.226220 0.216893 0.201744 0.185703 0.167645 0.168891 0.185479 -9999.0 -9999.0 -9999.0 -9999.0 -9999.0 -9999.0
-9999.0 -9999.0 -9999.0 -9999.0 0.085288 0.086472 0.085268 0.087588 0.091352 0.096093 0.101820 0.110110 0.117351 0.126897 0.144212 0.165168 0.195447 0.224128 0.274992 0.333100 0.359033 0.365279 0.367512 0.369725 0.369985 0.370000 0.370000 0.370000 0.370000 0.370000 0.370000 0.370000 0.370000 0.370000 0.370000 0.370000 0.370000 0.370000 0.370000 0.370000 0.370000 0.370000 0.370000 0.370000 0.370000 0.370000 0.370000 0.370000 0.370000 0.370000 0.370000 0.370000 0.370000 0.370000 0.370000 0.370000 0.369984 0.369937 0.369295 0.365841 0.345610 0.327001 0.299583 0.274971 0.246118 0.245545 0.247659 0.231471 0.207927 0.185403 0.176094 0.165150 0.159808 0.178058 0.190241 0.213670 -9999.0 -9999.0 -9999.0 -9999.0
-9999.0 -9999.0 0.080697 0.084628 0.090622 0.091628 0.091898 0.092425 0.096308 0.105854 0.129159 0.153357 0.181680 0.203908 0.256671 0.331256 0.364136 0.368751 0.369874 0.369995 0.370000 0.370000 0.370000 0.370000 0.370000 0.370000 0.370000 0.370000 0.370000 0.370000 0.370000 0.370000 0.370000 0.370000 0.370000 0.370000 0.370000 0.370000 0.370000 0.370000 0.370000 0.370000 0.370000 0.370000 0.370000 0.370000 0.370000 0.370000 0.370000 0.370000 0.370000 0.370000 0.370000 0.370000 0.370000 0.370000 0.370000 0.370000 0.370000 0.370000 0.369998 0.369960 0.369614 0.367541 0.357694 0.340937 0.306790 0.271806 0.233443 0.198576 0.182801 0.171470 0.170678 0.171589 0.182238 0.193406 0.205052 0.211179 -9999.0 -9999.0
-9999.0 0.075664 0.079123 0.090372 0.103073 0.113669 0.126993 0.139421 0.150477 0.156449 0.237038 0.334323 0.365928 0.368446 0.369796 0.369999 0.370000 0.370000 0.370000 0.370000 0.370000 0.370000 0.370000 0.370000 0.370000 0.370000 0.370000 0.370000 0.370000 0.370000 0.370000 0.370000 0.370000 0.370000 0.370000 0.370000 0.370000 0.370000 0.370000 0.370000 0.370000 0.370000 0.370000 0.370000 0.370000 0.370000 0.370000 0.370000 0.370000 0.370000 0.370000 0.370000 0.370000 0.370000 0.370000 0.370000 0.370000 0.370000 0.370000 0.370000 0.370000 0.370000 0.370000 0.370000 0.369976 0.369520 0.366112 0.351088 0.310264 0.277434 0.250384 0.207590 0.190550 0.192241 0.186166 0.184888 0.189843 0.194576 -9999.0 -9999.0
-9999.0 0.073372 0.079291 0.099777 0.144726 0.180812 0.283766 0.346211 0.358188 0.350936 0.369265 0.370000 0.370000 0.370000 0.370000 0.370000 0.370000 0.370000 0.370000 0.370000 0.370000 0.370000 0.370000 0.370000 0.370000 0.370000 0.370000 0.370000 0.370000 0.370000 0.370000 0.370000 0.370000 0.370000 0.370000 0.370000 0.370000 0.370000 0.370000 0.370000 0.370000 0.370000 0.370000 0.370000 0.370000 0.370000 0.370000 0.370000 0.370000 0.370000 0.370000 0.370000 0.370000 0.370000 0.370000 0.370000 0.370000 0.370000 0.370000 0.370000 0.370000 0.370000 0.370000 0.370000 0.370000 0.370000 0.369991 0.369878 0.368715 0.364792 0.351322 0.315416 0.265506 0.240319 0.208808 0.193324 -9999.0 -9999.0 -9999.0 -9999.0
-9999.0 0.071949 0.078594 0.116306 0.272143 0.360139 0.369978 0.370000 0.370000 0.370000 0.370000 0.370000 0.370000 0.370000 0.370000 0.370000 0.370000 0.370000 0.370000 0.370000 0.370000 0.370000 0.370000 0.370000 0.370000 0.370000 0.370000 0.370000 0.370000 0.370000 0.370000 0.370000 0.370000 0.370000 0.369996 0.369978 0.369754 0.369586 0.369296 0.368167 0.366829 0.365370 0.367052 0.366898 0.366884 0.367618 0.368764 0.369321 0.369862 0.369972 0.369998 0.370000 0.370000 0.370000 0.370000 0.370000 0.370000 0.370000 0.370000 0.370000 0.370000 0.370000 0.370000 0.370000 0.370000 0.370000 0.370000 0.370000 0.369997 0.369963 0.369836 0.369077 0.363158 0.316725 0.282244 -9999.0 -9999.0 -9999.0 -9999.0 -9999.0
-9999.0 0.069801 0.075379 0.106412 0.313387 0.369989 0.370000 0.370000 0.370000 0.370000 0.370000 0.370000 0.370000 0.370000 0.370000 0.370000 0.370000 0.370000 0.370000 0.370000 0.370000 0.370000 0.370000 0.370000 0.370000 0.370000 0.370000 0.370000 0.370000 0.369998 0.369920 0.369768 0.367408 0.353579 0.327119 0.288656 0.241572 0.238673 0.250767 0.235249 0.216542 0.201623 0.221386 0.233312 0.242063 0.234483 0.242438 0.272487 0.313165 0.342118 0.361560 0.368345 0.369680 0.369968 0.369995 0.370000 0.370000 0.370000 0.370000 0.370000 0.370000 0.370000 0.370000 0.370000 0.370000 0.370000 0.370000 0.370000 0.370000 0.370000 0.370000 0.369998 0.369965 -9999.0 -9999.0 -9999.0 -9999.0 -9999.0 -9999.0 -9999.0
-9999.0 0.068739 0.071157 0.079568 0.134968 0.305410 0.368297 0.369985 0.370000 0.370000 0.370000 0.370000 0.370000 0.370000 0.370000 0.370000 0.370000 0.370000 0.370000 0.369998 0.369986 0.369971 0.369970 0.369956 0.369853 0.369691 0.369499 0.368863 0.366372 0.354160 0.301801 0.243659 0.192885 0.167591 0.150279 0.134832 0.120233 0.123856 0.129386 0.127503 0.122894 0.121168 0.131811 0.139264 0.143719 0.137415 0.145512 0.159255 0.184999 0.215417 0.255058 0.300943 0.338305 0.353967 0.360222 0.366199 0.369067 0.369912 0.370000 0.370000 0.370000 0.370000 0.370000 0.370000 0.370000 0.370000 0.370000 0.370000 0.370000 0.370000 0.370000 -9999.0 -9999.0 -9999.0 -9999.0 -9999.0 -9999.0 -9999.0 -9999.0 -9999.0
-9999.0 -9999.0 0.068721 0.070461 0.073889 0.083891 0.106580 0.138952 0.175127 0.234685 0.306412 0.350624 0.362412 0.365011 0.361759 0.347570 0.332079 0.331956 0.326049 0.314760 0.293515 0.284593 0.276707 0.269668 0.256312 0.248750 0.243655 0.233657 0.214095 0.179034 0.147467 0.125504 0.109259 0.103660 0.099385 0.095474 0.094841 0.094691 0.095833 0.095998 0.096773 0.098727 0.102725 0.107316 0.109502 0.111072 0.114379 0.121409 0.133242 0.151325 0.181245 0.221380 0.252246 0.262143 0.254408 0.260829 0.282104 0.321342 0.363130 0.369630 0.369995 0.370000 0.370000 0.370000 0.370000 0.370000 0.370000 0.370000 0.369998 0.370000 -9999.0 -9999.0 -9999.0 -9999.0 -9999.0 -9999.0 -9999.0 -9999.0 -9999.0 -9999.0
-9999.0 -9999.0 -9999.0 -9999.0 0.069048 0.070670 0.072346 0.074552 0.079990 0.088931 0.102717 0.121880 0.140816 0.151452 0.144525 0.139891 0.135626 0.134505 0.131229 0.128541 0.125935 0.123250 0.119950 0.117640 0.117288 0.118235 0.117724 0.114068 0.110132 0.103569 0.098745 0.093100 0.088353 0.085338 0.084172 0.083546 0.083593 0.083171 0.084009 0.084524 0.085912 0.087507 0.090318 0.094171 0.096029 0.098381 0.100117 0.104292 0.111250 0.127295 0.154216 0.187131 0.210496 0.211974 0.191055 0.179205 0.176355 0.195110 0.233844 0.297360 0.359049 0.368828 0.369916 0.369992 0.369999 0.370000 0.370000 0.370000 -9999.0 -9999.0 -9999.0 -9999.0 -9999.0 -9999.0 -9999.0 -9999.0 -9999.0 -9999.0 -9999.0 -9999.0
-9999.0 -9999.0 -9999.0 -9999.0 -9999.0 -9999.0 0.068684 0.069320 0.070200 0.072035 0.074924 0.078873 0.083873 0.085894 0.087351 0.089733 0.089084 0.087262 0.085686 0.087308 0.088211 0.087739 0.085073 0.084924 0.085212 0.086161 0.086084 0.085522 0.083326 0.083942 0.083777 0.081956 0.080161 0.079276 0.078618 0.079212 0.079276 0.078570 0.078735 0.080309 0.081651 0.082670 0.084591 0.087910 0.091814 0.093760 0.093841 0.094731 0.102093 0.119817 0.147037 0.175887 0.195535 0.199743 0.178603 0.153351 0.141700 0.143667 0.160162 0.193271 0.255399 0.298921 0.325895 0.342644 0.356711 0.369095 -9999.0 -9999.0 -9999.0 -9999.0 -9999.0 -9999.0 -9999.0 -9999.0 -9999.0 -9999.0 -9999.0 -9999.0 -9999.0 -9999.0
-9999.0 -9999.0 -9999.0 -9999.0 -9999.0 -9999.0 -9999.0 -9999.0 -9999.0 -9999.0 -9999.0 -9999.0 -9999.0 -9999.0 -9999.0 -9999.0 -9999.0 -9999.0 -9999.0 -9999.0 -9999.0 -9999.0 -9999.0 -9999.0 -9999.0 -9999.0 -9999.0 -9999.0 -9999.0 -9999.0 -9999.0 -9999.0 -9999.0 -9999.0 -9999.0 -9999.0 -9999.0 -9999.0 -9999.0 -9999.0 -9999.0 -9999.0 -9999.0 -9999.0 -9999.0 -9999.0 -9999.0 -9999.0 -9999.0 -9999.0 -9999.0 -9999.0 -9999.0 -9999.0 -9999.0 -9999.0 -9999.0 -9999.0 -9999.0 -9999.0 -9999.0 -9999.0 -9999.0 -9999.0 -9999.0 -9999.0 -9999.0 -9999.0 -9999.0 -9999.0 -9999.0 -9999.0 -9999.0 -9999.0 -9999.0 -9999.0 -9999.0 -9999.0 -9999.0 -9999.0
-9999.0 -9999.0 -9999.0 -9999.0 -9999.0 -9999.0 -9999.0 -9999.0 -9999.0 -9999.0 -9999.0 -9999.0 -9999.0 -9999.0 -9999.0 -9999.0 -9999.0 -9999.0 -9999.0 -9999.0 -9999.0 -9999.0 -9999.0 -9999.0 -9999.0 -9999.0 -9999.0 -9999.0 -9999.0 -9999.0 -9999.0 -9999.0 -9999.0 -9999.0 -9999.0 -9999.0 -9999.0 -9999.0 -9999.0 -9999.0 -9999.0 -9999.0 -9999.0 -9999.0 -9999.0 -9999.0 -9999.0 -9999.0 -9999.0 -9999.0 -9999.0 -9999.0 -9999.0 -9999.0 -9999.0 -9999.0 -9999.0 -9999.0 -9999.0 -9999.0 -9999.0 -9999.0 -9999.0 -9999.0 -9999.0 -9999.0 -9999.0 -9999.0 -9999.0 -9999.0 -9999.0 -9999.0 -9999.0 -9999.0 -9999.0 -9999.0 -9999.0 -9999.0 -9999.0 -9999.0