Borden_/Borden1m_014/output_maps/thetaliqL0004N0014.asc
ncols         80
nrows         18
xllcorner     620200.000000
yllcorner     5168000.000000
cellsize      1.000000
NODATA_value  -9999.0
-9999.0 -9999.0 -9999.0 -9999.0 -9999.0 -9999.0 -9999.0 -9999.0 -9999.0 -9999.0 -9999.0 -9999.0 -9999.0 -9999.0 -9999.0 -9999.0 -9999.0 -9999.0 -9999.0 -9999.0 -9999.0 -9999.0 -9999.0 -9999.0 -9999.0 -9999.0 -9999.0 -9999.0 -9999.0 -9999.0 -9999.0 -9999.0 -9999.0 -9999.0 -9999.0 -9999.0 -9999.0 -9999.0 -9999.0 -9999.0 -9999.0 -9999.0 -9999.0 -9999.0 -9999.0 -9999.0 -9999.0 -9999.0 -9999.0 -9999.0 -9999.0 -9999.0 -9999.0 -9999.0 -9999.0 -9999.0 -9999.0 -9999.0 -9999.0 -9999.0 -9999.0 -9999.0 -9999.0 -9999.0 -9999.0 -9999.0 -9999.0 -9999.0 -9999.0 -9999.0 -9999.0 -9999.0 -9999.0 -9999.0 -9999.0 -9999.0 -9999.0 -9999.0 -9999.0 -9999.0
-9999.0 -9999.0 -9999.0 -9999.0 -9999.0 -9999.0 -9999.0 -9999.0 -9999.0 -9999.0 -9999.0 -9999.0 -9999.0 -9999.0 -9999.0 -9999.0 -9999.0 -9999.0 -9999.0 -9999.0 -9999.0 -9999.0 -9999.0 -9999.0 -9999.0 -9999.0 -9999.0 -9999.0 -9999.0 -9999.0 -9999.0 -9999.0 -9999.0 -9999.0 -9999.0 -9999.0 -9999.0 -9999.0 -9999.0 -9999.0 -9999.0 -9999.0 -9999.0 -9999.0 -9999.0 -9999.0 -9999.0 -9999.0 -9999.0 -9999.0 -9999.0 -9999.0 -9999.0 -9999.0 -9999.0 -9999.0 -9999.0 -9999.0 -9999.0 -9999.0 -9999.0 -9999.0 -9999.0 -9999.0 -9999.0 -9999.0 -9999.0 -9999.0 -9999.0 -9999.0 -9999.0 -9999.0 -9999.0 -9999.0 -9999.0 -9999.0 -9999.0 -9999.0 -9999.0 -9999.0
-9999.0 -9999.0 -9999.0 -9999.0 -9999.0 -9999.0 -9999.0 -9999.0 -9999.0 -9999.0 -9999.0 -9999.0 -9999.0 -9999.0 -9999.0 -9999.0 -9999.0 -9999.0 -9999.0 -9999.0 0.127571 0.128965 0.124831 0.120057 0.116417 0.116192 0.120402 0.125935 0.132502 0.134169 0.129558 0.130345 0.128731 0.128059 0.128235 0.129510 0.130102 0.132304 0.133860 0.133477 0.131970 0.130786 0.130068 0.130581 0.132039 0.129906 0.133185 0.136813 0.138303 0.137749 0.132282 0.129811 0.128795 0.125504 0.131592 0.134030 0.139623 0.140494 0.141021 0.134652 0.128642 -9999.0 -9999.0 -9999.0 -9999.0 -9999.0 -9999.0 -9999.0 -9999.0 -9999.0 -9999.0 -9999.0 -9999.0 -9999.0 -9999.0 -9999.0 -9999.0 -9999.0 -9999.0 -9999.0
-9999.0 -9999.0 -9999.0 -9999.0 -9999.0 -9999.0 -9999.0 -9999.0 -9999.0 -9999.0 -9999.0 -9999.0 -9999.0 -9999.0 0.118093 0.116372 0.115638 0.115555 0.119307 0.122731 0.123564 0.121689 0.122771 0.118775 0.115503 0.117493 0.121020 0.124697 0.130226 0.134364 0.130992 0.130184 0.132246 0.139152 0.142758 0.141512 0.134293 0.141298 0.145768 0.148664 0.148278 0.144809 0.150041 0.156346 0.153343 0.146823 0.148088 0.152063 0.158226 0.153881 0.133606 0.130407 0.130794 0.130508 0.127951 0.126416 0.132724 0.132323 0.130945 0.128718 0.124030 0.117808 0.115396 0.121156 0.127691 0.140869 -9999.0 -9999.0 -9999.0 -9999.0 -9999.0 -9999.0 -9999.0 -9999.0 -9999.0 -9999.0 -9999.0 -9999.0 -9999.0 -9999.0
-9999.0 -9999.0 -9999.0 -9999.0 -9999.0 -9999.0 -9999.0 -9999.0 -9999.0 0.114079 0.113814 0.114361 0.113541 0.115135 0.113181 0.113822 0.113733 0.116274 0.118968 0.123215 0.128323 0.125219 0.124884 0.127367 0.128070 0.129710 0.133002 0.142899 0.155411 0.173497 0.158717 0.157731 0.165298 0.193599 0.223910 0.231867 0.217572 0.217389 0.236096 0.256736 0.255476 0.253668 0.272584 0.282605 0.289359 0.274956 0.259348 0.256286 0.278205 0.237696 0.193074 0.161764 0.164548 0.152723 0.140051 0.135012 0.133925 0.141471 0.137917 0.129864 0.123609 0.124076 0.121194 0.124142 0.127195 0.137371 0.147635 0.157656 0.158136 0.151913 -9999.0 -9999.0 -9999.0 -9999.0 -9999.0 -9999.0 -9999.0 -9999.0 -9999.0 -9999.0
-9999.0 -9999.0 -9999.0 -9999.0 -9999.0 -9999.0 0.110145 0.110139 0.111214 0.109046 0.111149 0.110211 0.111882 0.112944 0.114392 0.115036 0.118366 0.121903 0.127907 0.136258 0.144182 0.141296 0.143560 0.154626 0.173632 0.194191 0.209078 0.234515 0.295187 0.329076 0.340590 0.344983 0.356474 0.370000 0.370000 0.370000 0.370000 0.370000 0.370000 0.370000 0.370000 0.370000 0.370000 0.370000 0.370000 0.370000 0.370000 0.370000 0.370000 0.370000 0.370000 0.357556 0.318640 0.281846 0.222837 0.183965 0.178099 0.187500 0.172544 0.151721 0.139581 0.138496 0.135854 0.132307 0.134005 0.138598 0.145450 0.149637 0.146212 0.141229 0.136876 0.130402 0.131188 0.137374 -9999.0 -9999.0 -9999.0 -9999.0 -9999.0 -9999.0
-9999.0 -9999.0 -9999.0 -9999.0 0.106006 0.107163 0.104056 0.106005 0.107793 0.109409 0.110128 0.112968 0.114392 0.116936 0.122016 0.126914 0.135132 0.142440 0.160334 0.195171 0.233609 0.255236 0.264799 0.314537 0.367651 0.370000 0.370000 0.370000 0.370000 0.370000 0.370000 0.370000 0.370000 0.370000 0.370000 0.370000 0.370000 0.370000 0.370000 0.370000 0.370000 0.370000 0.370000 0.370000 0.370000 0.370000 0.370000 0.370000 0.370000 0.370000 0.370000 0.370000 0.370000 0.370000 0.370000 0.370000 0.368517 0.346108 0.301274 0.259487 0.207243 0.189970 0.174187 0.164225 0.152451 0.154096 0.156749 0.150472 0.142175 0.134718 0.132856 0.129604 0.127016 0.134366 0.137956 0.147181 -9999.0 -9999.0 -9999.0 -9999.0
-9999.0 -9999.0 0.105216 0.105781 0.109331 0.107735 0.106726 0.105410 0.106492 0.110310 0.118394 0.123680 0.131004 0.136051 0.153179 0.194806 0.248492 0.283549 0.330460 0.370000 0.370000 0.370000 0.370000 0.370000 0.370000 0.370000 0.370000 0.370000 0.370000 0.370000 0.370000 0.370000 0.370000 0.370000 0.370000 0.370000 0.370000 0.370000 0.370000 0.370000 0.370000 0.370000 0.370000 0.370000 0.370000 0.370000 0.370000 0.370000 0.370000 0.370000 0.370000 0.370000 0.370000 0.370000 0.370000 0.370000 0.370000 0.370000 0.370000 0.370000 0.370000 0.362113 0.313950 0.270399 0.227008 0.207223 0.181793 0.165058 0.150072 0.137648 0.133327 0.130537 0.131334 0.130850 0.134978 0.138674 0.143510 0.145683 -9999.0 -9999.0
-9999.0 0.103653 0.103223 0.109507 0.111998 0.114367 0.117228 0.119864 0.122689 0.121737 0.147762 0.202996 0.262668 0.279975 0.322762 0.370000 0.370000 0.370000 0.370000 0.370000 0.370000 0.370000 0.370000 0.370000 0.370000 0.370000 0.370000 0.370000 0.370000 0.370000 0.370000 0.370000 0.370000 0.370000 0.370000 0.370000 0.370000 0.370000 0.370000 0.370000 0.370000 0.370000 0.370000 0.370000 0.370000 0.370000 0.370000 0.370000 0.370000 0.370000 0.370000 0.370000 0.370000 0.370000 0.370000 0.370000 0.370000 0.370000 0.370000 0.370000 0.370000 0.370000 0.370000 0.370000 0.368837 0.308648 0.258438 0.218548 0.182542 0.167088 0.157148 0.140420 0.135561 0.137831 0.135756 0.135449 0.137368 0.139019 -9999.0 -9999.0
-9999.0 0.098922 0.103802 0.111684 0.124733 0.130360 0.173117 0.224621 0.239424 0.219111 0.302380 0.370000 0.370000 0.370000 0.370000 0.370000 0.370000 0.370000 0.370000 0.370000 0.370000 0.370000 0.370000 0.370000 0.370000 0.370000 0.370000 0.370000 0.370000 0.370000 0.370000 0.370000 0.370000 0.370000 0.370000 0.370000 0.370000 0.370000 0.370000 0.370000 0.370000 0.370000 0.370000 0.370000 0.370000 0.370000 0.370000 0.370000 0.370000 0.370000 0.370000 0.370000 0.370000 0.370000 0.370000 0.370000 0.370000 0.370000 0.370000 0.370000 0.370000 0.370000 0.370000 0.370000 0.370000 0.370000 0.370000 0.352942 0.299303 0.261230 0.223434 0.188896 0.161938 0.154444 0.142133 0.138582 -9999.0 -9999.0 -9999.0 -9999.0
-9999.0 0.098280 0.103117 0.118159 0.173581 0.252434 0.370000 0.370000 0.370000 0.370000 0.370000 0.370000 0.370000 0.370000 0.370000 0.370000 0.370000 0.370000 0.370000 0.370000 0.370000 0.370000 0.370000 0.370000 0.370000 0.370000 0.370000 0.370000 0.370000 0.370000 0.370000 0.370000 0.370000 0.370000 0.370000 0.361184 0.320078 0.315063 0.304603 0.280105 0.266672 0.257347 0.270140 0.266578 0.265339 0.273160 0.290677 0.301606 0.332330 0.361657 0.370000 0.370000 0.370000 0.370000 0.370000 0.370000 0.370000 0.370000 0.370000 0.370000 0.370000 0.370000 0.370000 0.370000 0.370000 0.370000 0.370000 0.370000 0.370000 0.370000 0.365851 0.312222 0.253806 0.195469 0.175692 -9999.0 -9999.0 -9999.0 -9999.0 -9999.0
-9999.0 0.092493 0.102425 0.114643 0.206864 0.370000 0.370000 0.370000 0.370000 0.370000 0.370000 0.370000 0.370000 0.370000 0.370000 0.370000 0.370000 0.370000 0.370000 0.370000 0.370000 0.370000 0.370000 0.370000 0.370000 0.370000 0.370000 0.370000 0.370000 0.370000 0.347843 0.328854 0.273902 0.221116 0.190678 0.167661 0.148068 0.148214 0.154534 0.148638 0.142126 0.136284 0.143709 0.147806 0.151359 0.147412 0.149291 0.161185 0.181804 0.202940 0.235478 0.278106 0.313061 0.356220 0.370000 0.370000 0.370000 0.370000 0.370000 0.370000 0.370000 0.370000 0.370000 0.370000 0.370000 0.370000 0.370000 0.370000 0.370000 0.370000 0.370000 0.370000 0.370000 -9999.0 -9999.0 -9999.0 -9999.0 -9999.0 -9999.0 -9999.0
-9999.0 0.089892 0.099231 0.101834 0.124203 0.195760 0.302724 0.370000 0.370000 0.370000 0.370000 0.370000 0.370000 0.370000 0.370000 0.370000 0.370000 0.370000 0.370000 0.370000 0.369885 0.359858 0.359091 0.354268 0.333645 0.320698 0.312470 0.294738 0.265031 0.224107 0.174372 0.149932 0.133931 0.127844 0.123618 0.119575 0.113885 0.116477 0.118869 0.118223 0.116402 0.115277 0.119613 0.121672 0.123228 0.119672 0.122651 0.126253 0.133920 0.142846 0.156127 0.176448 0.202858 0.220035 0.230698 0.256394 0.290828 0.342552 0.370000 0.370000 0.370000 0.370000 0.370000 0.370000 0.370000 0.370000 0.370000 0.370000 0.370000 0.370000 0.370000 -9999.0 -9999.0 -9999.0 -9999.0 -9999.0 -9999.0 -9999.0 -9999.0 -9999.0
-9999.0 -9999.0 0.088175 0.091548 0.095001 0.100034 0.108690 0.119796 0.133122 0.153474 0.186834 0.226814 0.252330 0.263325 0.248377 0.216911 0.198125 0.198999 0.194101 0.184262 0.169752 0.166127 0.162994 0.160562 0.155219 0.152751 0.151473 0.148769 0.143138 0.132290 0.123362 0.117341 0.111891 0.111276 0.110199 0.108587 0.109472 0.109200 0.109654 0.109526 0.109923 0.110732 0.111905 0.113430 0.113770 0.114256 0.115018 0.116954 0.120101 0.124702 0.133265 0.146279 0.157280 0.160328 0.155377 0.156959 0.164701 0.183358 0.240599 0.314235 0.370000 0.370000 0.370000 0.370000 0.370000 0.370000 0.370000 0.370000 0.370000 0.370000 -9999.0 -9999.0 -9999.0 -9999.0 -9999.0 -9999.0 -9999.0 -9999.0 -9999.0 -9999.0
-9999.0 -9999.0 -9999.0 -9999.0 0.086854 0.091463 0.096429 0.096259 0.100988 0.104968 0.109526 0.115388 0.120755 0.124054 0.120899 0.119908 0.118938 0.119104 0.118190 0.117310 0.116780 0.116093 0.115277 0.114468 0.114660 0.115307 0.115382 0.114025 0.113479 0.111028 0.110228 0.108553 0.107038 0.105608 0.105674 0.105507 0.105977 0.105418 0.106281 0.105922 0.106692 0.107168 0.108252 0.109950 0.109771 0.110768 0.111029 0.112475 0.113767 0.118405 0.126329 0.136331 0.143750 0.143757 0.135652 0.131912 0.130329 0.135735 0.146435 0.169869 0.227136 0.284272 0.341982 0.370000 0.370000 0.370000 0.370000 0.370000 -9999.0 -9999.0 -9999.0 -9999.0 -9999.0 -9999.0 -9999.0 -9999.0 -9999.0 -9999.0 -9999.0 -9999.0
-9999.0 -9999.0 -9999.0 -9999.0 -9999.0 -9999.0 0.088671 0.091082 0.090473 0.092717 0.095048 0.097167 0.100247 0.100321 0.101294 0.103576 0.103234 0.102048 0.100678 0.102594 0.103519 0.103619 0.101346 0.101854 0.102112 0.102967 0.102881 0.103126 0.101226 0.103271 0.104238 0.103623 0.103028 0.103299 0.102789 0.104141 0.104304 0.103183 0.102894 0.104585 0.105202 0.105127 0.105672 0.107153 0.109218 0.109720 0.109034 0.108194 0.110728 0.116850 0.125046 0.133393 0.139270 0.140881 0.133652 0.124976 0.120951 0.120860 0.125016 0.133511 0.153483 0.169715 0.182466 0.194650 0.214148 0.291344 -9999.0 -9999.0 -9999.0 -9999.0 -9999.0 -9999.0 -9999.0 -9999.0 -9999.0 -9999.0 -9999.0 -9999.0 -9999.0 -9999.0
-9999.0 -9999.0 -9999.0 -9999.0 -9999.0 -9999.0 -9999.0 -9999.0 -9999.0 -9999.0 -9999.0 -9999.0 -9999.0 -9999.0 -9999.0 -9999.0 -9999.0 -9999.0 -9999.0 -9999.0 -9999.0 -9999.0 -9999.0 -9999.0 -9999.0 -9999.0 -9999.0 -9999.0 -9999.0 -9999.0 -9999.0 -9999.0 -9999.0 -9999.0 -9999.0 -9999.0 -9999.0 -9999.0 -9999.0 -9999.0 -9999.0 -9999.0 -9999.0 -9999.0 -9999.0 -9999.0 -9999.0 -9999.0 -9999.0 -9999.0 -9999.0 -9999.0 -9999.0 -9999.0 -9999.0 -9999.0 -9999.0 -9999.0 -9999.0 -9999.0 -9999.0 -9999.0 -9999.0 -9999.0 -9999.0 -9999.0 -9999.0 -9999.0 -9999.0 -9999.0 -9999.0 -9999.0 -9999.0 -9999.0 -9999.0 -9999.0 -9999.0 -9999.0 -9999.0 -9999.0
-9999.0 -9999.0 -9999.0 -9999.0 -9999.0 -9999.0 -9999.0 -9999.0 -9999.0 -9999.0 -9999.0 -9999.0 -9999.0 -9999.0 -9999.0 -9999.0 -9999.0 -9999.0 -9999.0 -9999.0 -9999.0 -9999.0 -9999.0 -9999.0 -9999.0 -9999.0 -9999.0 -9999.0 -9999.0 -9999.0 -9999.0 -9999.0 -9999.0 -9999.0 -9999.0 -9999.0 -9999.0 -9999.0 -9999.0 -9999.0 -9999.0 -9999.0 -9999.0 -9999.0 -9999.0 -9999.0 -9999.0 -9999.0 -9999.0 -9999.0 -9999.0 -9999.0 -9999.0 -9999.0 -9999.0 -9999.0 -9999.0 -9999.0 -9999.0 -9999.0 -9999.0 -9999.0 -9999.0 -9999.0 -9999.0 -9999.0 -9999.0 -9999.0 -9999.0 -9999.0 -9999.0 -9999.0 -9999.0 -9999.0 -9999.0 -9999.0 -9999.0 -9999.0 -9999.0 -9999.0