Borden_/Borden1m_014/output_maps/thetaliqL0006N0015.asc
ncols         80
nrows         18
xllcorner     620200.000000
yllcorner     5168000.000000
cellsize      1.000000
NODATA_value  -9999.0
-9999.0 -9999.0 -9999.0 -9999.0 -9999.0 -9999.0 -9999.0 -9999.0 -9999.0 -9999.0 -9999.0 -9999.0 -9999.0 -9999.0 -9999.0 -9999.0 -9999.0 -9999.0 -9999.0 -9999.0 -9999.0 -9999.0 -9999.0 -9999.0 -9999.0 -9999.0 -9999.0 -9999.0 -9999.0 -9999.0 -9999.0 -9999.0 -9999.0 -9999.0 -9999.0 -9999.0 -9999.0 -9999.0 -9999.0 -9999.0 -9999.0 -9999.0 -9999.0 -9999.0 -9999.0 -9999.0 -9999.0 -9999.0 -9999.0 -9999.0 -9999.0 -9999.0 -9999.0 -9999.0 -9999.0 -9999.0 -9999.0 -9999.0 -9999.0 -9999.0 -9999.0 -9999.0 -9999.0 -9999.0 -9999.0 -9999.0 -9999.0 -9999.0 -9999.0 -9999.0 -9999.0 -9999.0 -9999.0 -9999.0 -9999.0 -9999.0 -9999.0 -9999.0 -9999.0 -9999.0
-9999.0 -9999.0 -9999.0 -9999.0 -9999.0 -9999.0 -9999.0 -9999.0 -9999.0 -9999.0 -9999.0 -9999.0 -9999.0 -9999.0 -9999.0 -9999.0 -9999.0 -9999.0 -9999.0 -9999.0 -9999.0 -9999.0 -9999.0 -9999.0 -9999.0 -9999.0 -9999.0 -9999.0 -9999.0 -9999.0 -9999.0 -9999.0 -9999.0 -9999.0 -9999.0 -9999.0 -9999.0 -9999.0 -9999.0 -9999.0 -9999.0 -9999.0 -9999.0 -9999.0 -9999.0 -9999.0 -9999.0 -9999.0 -9999.0 -9999.0 -9999.0 -9999.0 -9999.0 -9999.0 -9999.0 -9999.0 -9999.0 -9999.0 -9999.0 -9999.0 -9999.0 -9999.0 -9999.0 -9999.0 -9999.0 -9999.0 -9999.0 -9999.0 -9999.0 -9999.0 -9999.0 -9999.0 -9999.0 -9999.0 -9999.0 -9999.0 -9999.0 -9999.0 -9999.0 -9999.0
-9999.0 -9999.0 -9999.0 -9999.0 -9999.0 -9999.0 -9999.0 -9999.0 -9999.0 -9999.0 -9999.0 -9999.0 -9999.0 -9999.0 -9999.0 -9999.0 -9999.0 -9999.0 -9999.0 -9999.0 0.153328 0.154927 0.143545 0.129260 0.119396 0.119823 0.131952 0.149759 0.169976 0.176257 0.165175 0.165619 0.162410 0.162308 0.163943 0.167136 0.168384 0.175370 0.180698 0.180505 0.176519 0.172832 0.171714 0.173917 0.176974 0.171929 0.180366 0.190706 0.195497 0.192161 0.174474 0.165231 0.161041 0.153734 0.167524 0.175593 0.191134 0.194534 0.194138 0.176381 0.158888 -9999.0 -9999.0 -9999.0 -9999.0 -9999.0 -9999.0 -9999.0 -9999.0 -9999.0 -9999.0 -9999.0 -9999.0 -9999.0 -9999.0 -9999.0 -9999.0 -9999.0 -9999.0 -9999.0
-9999.0 -9999.0 -9999.0 -9999.0 -9999.0 -9999.0 -9999.0 -9999.0 -9999.0 -9999.0 -9999.0 -9999.0 -9999.0 -9999.0 0.117627 0.114521 0.113535 0.115812 0.126542 0.138039 0.143588 0.139974 0.139729 0.129947 0.122656 0.127336 0.138545 0.152829 0.171321 0.183967 0.175319 0.173296 0.179775 0.198713 0.209608 0.207402 0.191684 0.207771 0.220179 0.227810 0.226872 0.219925 0.231768 0.245077 0.239652 0.225490 0.227867 0.237198 0.249607 0.237401 0.188593 0.175032 0.173853 0.170431 0.163316 0.160001 0.174791 0.175967 0.171338 0.161350 0.145235 0.127223 0.121344 0.135597 0.156892 0.193176 -9999.0 -9999.0 -9999.0 -9999.0 -9999.0 -9999.0 -9999.0 -9999.0 -9999.0 -9999.0 -9999.0 -9999.0 -9999.0 -9999.0
-9999.0 -9999.0 -9999.0 -9999.0 -9999.0 -9999.0 -9999.0 -9999.0 -9999.0 0.103541 0.104179 0.105631 0.105884 0.109473 0.108984 0.110572 0.112565 0.119865 0.130354 0.144838 0.159110 0.153315 0.153079 0.159404 0.163303 0.170476 0.182854 0.210868 0.243830 0.277264 0.254045 0.252162 0.268181 0.309888 0.336672 0.342142 0.332714 0.333887 0.346273 0.355398 0.355034 0.354429 0.360704 0.363273 0.364434 0.361117 0.356697 0.356025 0.362208 0.346775 0.308612 0.262147 0.262440 0.237143 0.204916 0.188912 0.187246 0.203730 0.193424 0.169683 0.150174 0.146200 0.139129 0.146738 0.158725 0.188094 0.216541 0.239831 0.240779 0.227337 -9999.0 -9999.0 -9999.0 -9999.0 -9999.0 -9999.0 -9999.0 -9999.0 -9999.0 -9999.0
-9999.0 -9999.0 -9999.0 -9999.0 -9999.0 -9999.0 0.090587 0.091668 0.094411 0.095249 0.099235 0.100552 0.104609 0.108932 0.113996 0.118764 0.129009 0.141830 0.162260 0.189235 0.212102 0.208478 0.215460 0.242689 0.279753 0.308120 0.325169 0.345335 0.365749 0.369328 0.369770 0.369888 0.369995 0.370000 0.370000 0.370000 0.370000 0.370000 0.370000 0.370000 0.370000 0.370000 0.370000 0.370000 0.370000 0.370000 0.370000 0.370000 0.370000 0.370000 0.370000 0.369996 0.368864 0.363141 0.336258 0.295839 0.290107 0.300545 0.277159 0.234649 0.202197 0.195314 0.186070 0.177318 0.181282 0.195207 0.213400 0.223084 0.214366 0.199835 0.184261 0.166671 0.167956 0.184277 -9999.0 -9999.0 -9999.0 -9999.0 -9999.0 -9999.0
-9999.0 -9999.0 -9999.0 -9999.0 0.085130 0.086297 0.085139 0.087435 0.091176 0.095891 0.101589 0.109758 0.116837 0.126055 0.142469 0.161476 0.187796 0.211810 0.255319 0.311111 0.343712 0.354514 0.358718 0.368642 0.370000 0.370000 0.370000 0.370000 0.370000 0.370000 0.370000 0.370000 0.370000 0.370000 0.370000 0.370000 0.370000 0.370000 0.370000 0.370000 0.370000 0.370000 0.370000 0.370000 0.370000 0.370000 0.370000 0.370000 0.370000 0.370000 0.370000 0.370000 0.370000 0.370000 0.370000 0.370000 0.370000 0.369949 0.367077 0.356585 0.325513 0.305286 0.280780 0.260656 0.236500 0.238101 0.241619 0.227138 0.205098 0.183610 0.174707 0.164120 0.158994 0.176984 0.189042 0.211972 -9999.0 -9999.0 -9999.0 -9999.0
-9999.0 -9999.0 0.080536 0.084471 0.090419 0.091455 0.091740 0.092282 0.096140 0.105564 0.128150 0.150380 0.175127 0.193928 0.238829 0.308334 0.350271 0.363291 0.369617 0.370000 0.370000 0.370000 0.370000 0.370000 0.370000 0.370000 0.370000 0.370000 0.370000 0.370000 0.370000 0.370000 0.370000 0.370000 0.370000 0.370000 0.370000 0.370000 0.370000 0.370000 0.370000 0.370000 0.370000 0.370000 0.370000 0.370000 0.370000 0.370000 0.370000 0.370000 0.370000 0.370000 0.370000 0.370000 0.370000 0.370000 0.370000 0.370000 0.370000 0.370000 0.370000 0.370000 0.368685 0.360948 0.340862 0.322518 0.292135 0.262243 0.227900 0.195514 0.180783 0.170063 0.169478 0.170568 0.181141 0.192205 0.203647 0.209679 -9999.0 -9999.0
-9999.0 0.075505 0.078988 0.090166 0.102828 0.113295 0.126065 0.137283 0.147125 0.152469 0.222428 0.311430 0.354918 0.361912 0.369114 0.370000 0.370000 0.370000 0.370000 0.370000 0.370000 0.370000 0.370000 0.370000 0.370000 0.370000 0.370000 0.370000 0.370000 0.370000 0.370000 0.370000 0.370000 0.370000 0.370000 0.370000 0.370000 0.370000 0.370000 0.370000 0.370000 0.370000 0.370000 0.370000 0.370000 0.370000 0.370000 0.370000 0.370000 0.370000 0.370000 0.370000 0.370000 0.370000 0.370000 0.370000 0.370000 0.370000 0.370000 0.370000 0.370000 0.370000 0.370000 0.370000 0.370000 0.368632 0.357525 0.333762 0.294437 0.266404 0.243132 0.203890 0.188339 0.190500 0.184878 0.183795 0.188762 0.193450 -9999.0 -9999.0
-9999.0 0.073270 0.079149 0.099544 0.143678 0.176056 0.268476 0.329776 0.341900 0.330645 0.366488 0.370000 0.370000 0.370000 0.370000 0.370000 0.370000 0.370000 0.370000 0.370000 0.370000 0.370000 0.370000 0.370000 0.370000 0.370000 0.370000 0.370000 0.370000 0.370000 0.370000 0.370000 0.370000 0.370000 0.370000 0.370000 0.370000 0.370000 0.370000 0.370000 0.370000 0.370000 0.370000 0.370000 0.370000 0.370000 0.370000 0.370000 0.370000 0.370000 0.370000 0.370000 0.370000 0.370000 0.370000 0.370000 0.370000 0.370000 0.370000 0.370000 0.370000 0.370000 0.370000 0.370000 0.370000 0.370000 0.370000 0.369990 0.366923 0.357290 0.336350 0.300400 0.256423 0.236082 0.206703 0.191933 -9999.0 -9999.0 -9999.0 -9999.0
-9999.0 0.071846 0.078461 0.115839 0.263049 0.350667 0.370000 0.370000 0.370000 0.370000 0.370000 0.370000 0.370000 0.370000 0.370000 0.370000 0.370000 0.370000 0.370000 0.370000 0.370000 0.370000 0.370000 0.370000 0.370000 0.370000 0.370000 0.370000 0.370000 0.370000 0.370000 0.370000 0.370000 0.370000 0.370000 0.370000 0.368886 0.368229 0.367093 0.362827 0.358999 0.355445 0.359842 0.359287 0.359127 0.361110 0.364924 0.367072 0.369657 0.370000 0.370000 0.370000 0.370000 0.370000 0.370000 0.370000 0.370000 0.370000 0.370000 0.370000 0.370000 0.370000 0.370000 0.370000 0.370000 0.370000 0.370000 0.370000 0.370000 0.370000 0.370000 0.368376 0.353432 0.305668 0.276422 -9999.0 -9999.0 -9999.0 -9999.0 -9999.0
-9999.0 0.069747 0.075242 0.105860 0.300686 0.370000 0.370000 0.370000 0.370000 0.370000 0.370000 0.370000 0.370000 0.370000 0.370000 0.370000 0.370000 0.370000 0.370000 0.370000 0.370000 0.370000 0.370000 0.370000 0.370000 0.370000 0.370000 0.370000 0.370000 0.370000 0.369964 0.369341 0.360472 0.334979 0.304025 0.266566 0.225405 0.224258 0.236414 0.223118 0.206548 0.193151 0.211122 0.222104 0.230107 0.222569 0.228976 0.255629 0.292386 0.320410 0.346924 0.363190 0.368721 0.369998 0.370000 0.370000 0.370000 0.370000 0.370000 0.370000 0.370000 0.370000 0.370000 0.370000 0.370000 0.370000 0.370000 0.370000 0.370000 0.370000 0.370000 0.370000 0.370000 -9999.0 -9999.0 -9999.0 -9999.0 -9999.0 -9999.0 -9999.0
-9999.0 0.068696 0.071036 0.079459 0.133592 0.288673 0.365428 0.370000 0.370000 0.370000 0.370000 0.370000 0.370000 0.370000 0.370000 0.370000 0.370000 0.370000 0.370000 0.370000 0.370000 0.370000 0.369996 0.369977 0.369582 0.368826 0.368041 0.365571 0.358268 0.336871 0.279967 0.228110 0.184387 0.162817 0.147473 0.133284 0.119486 0.123023 0.128381 0.126609 0.122174 0.120519 0.130817 0.138002 0.142262 0.136187 0.143893 0.156849 0.180759 0.208305 0.243445 0.284067 0.318734 0.335199 0.344316 0.356643 0.365877 0.369926 0.370000 0.370000 0.370000 0.370000 0.370000 0.370000 0.370000 0.370000 0.370000 0.370000 0.370000 0.370000 0.370000 -9999.0 -9999.0 -9999.0 -9999.0 -9999.0 -9999.0 -9999.0 -9999.0 -9999.0
-9999.0 -9999.0 0.068690 0.070418 0.073833 0.083574 0.103755 0.133611 0.165021 0.218336 0.286822 0.334224 0.350869 0.355712 0.349369 0.329242 0.311167 0.311048 0.304461 0.292012 0.270503 0.262551 0.255872 0.250183 0.239065 0.233160 0.229363 0.221318 0.204782 0.173825 0.145243 0.124570 0.108873 0.103371 0.099149 0.095280 0.094634 0.094490 0.095624 0.095792 0.096560 0.098497 0.102464 0.107005 0.109170 0.110716 0.113974 0.120867 0.132391 0.149827 0.178293 0.215848 0.243955 0.251842 0.242982 0.246871 0.263836 0.297603 0.349490 0.368927 0.370000 0.370000 0.370000 0.370000 0.370000 0.370000 0.370000 0.370000 0.370000 0.370000 -9999.0 -9999.0 -9999.0 -9999.0 -9999.0 -9999.0 -9999.0 -9999.0 -9999.0 -9999.0
-9999.0 -9999.0 -9999.0 -9999.0 0.069025 0.070629 0.072270 0.074483 0.079876 0.088714 0.102076 0.120097 0.137541 0.147224 0.140939 0.137078 0.133340 0.132325 0.129334 0.126935 0.124640 0.122162 0.119047 0.116864 0.116577 0.117527 0.117059 0.113537 0.109714 0.103287 0.098513 0.092910 0.088185 0.085186 0.084016 0.083391 0.083430 0.083016 0.083843 0.084365 0.085744 0.087335 0.090133 0.093961 0.095824 0.098157 0.099887 0.104026 0.110924 0.126707 0.152931 0.184618 0.206754 0.207771 0.187444 0.175755 0.172499 0.188897 0.221550 0.275320 0.341942 0.364921 0.369937 0.370000 0.370000 0.370000 0.370000 0.370000 -9999.0 -9999.0 -9999.0 -9999.0 -9999.0 -9999.0 -9999.0 -9999.0 -9999.0 -9999.0 -9999.0 -9999.0
-9999.0 -9999.0 -9999.0 -9999.0 -9999.0 -9999.0 0.068650 0.069273 0.070163 0.071990 0.074870 0.078809 0.083787 0.085806 0.087254 0.089610 0.088965 0.087158 0.085597 0.087199 0.088091 0.087618 0.084977 0.084823 0.085108 0.086047 0.085971 0.085406 0.083229 0.083822 0.083642 0.081825 0.080032 0.079140 0.078488 0.079063 0.079124 0.078434 0.078604 0.080157 0.081494 0.082518 0.084436 0.087739 0.091615 0.093555 0.093648 0.094553 0.101869 0.119390 0.146081 0.174103 0.192959 0.196776 0.176204 0.151713 0.140334 0.142009 0.157214 0.186890 0.241044 0.277592 0.300615 0.318460 0.337790 0.366508 -9999.0 -9999.0 -9999.0 -9999.0 -9999.0 -9999.0 -9999.0 -9999.0 -9999.0 -9999.0 -9999.0 -9999.0 -9999.0 -9999.0
-9999.0 -9999.0 -9999.0 -9999.0 -9999.0 -9999.0 -9999.0 -9999.0 -9999.0 -9999.0 -9999.0 -9999.0 -9999.0 -9999.0 -9999.0 -9999.0 -9999.0 -9999.0 -9999.0 -9999.0 -9999.0 -9999.0 -9999.0 -9999.0 -9999.0 -9999.0 -9999.0 -9999.0 -9999.0 -9999.0 -9999.0 -9999.0 -9999.0 -9999.0 -9999.0 -9999.0 -9999.0 -9999.0 -9999.0 -9999.0 -9999.0 -9999.0 -9999.0 -9999.0 -9999.0 -9999.0 -9999.0 -9999.0 -9999.0 -9999.0 -9999.0 -9999.0 -9999.0 -9999.0 -9999.0 -9999.0 -9999.0 -9999.0 -9999.0 -9999.0 -9999.0 -9999.0 -9999.0 -9999.0 -9999.0 -9999.0 -9999.0 -9999.0 -9999.0 -9999.0 -9999.0 -9999.0 -9999.0 -9999.0 -9999.0 -9999.0 -9999.0 -9999.0 -9999.0 -9999.0
-9999.0 -9999.0 -9999.0 -9999.0 -9999.0 -9999.0 -9999.0 -9999.0 -9999.0 -9999.0 -9999.0 -9999.0 -9999.0 -9999.0 -9999.0 -9999.0 -9999.0 -9999.0 -9999.0 -9999.0 -9999.0 -9999.0 -9999.0 -9999.0 -9999.0 -9999.0 -9999.0 -9999.0 -9999.0 -9999.0 -9999.0 -9999.0 -9999.0 -9999.0 -9999.0 -9999.0 -9999.0 -9999.0 -9999.0 -9999.0 -9999.0 -9999.0 -9999.0 -9999.0 -9999.0 -9999.0 -9999.0 -9999.0 -9999.0 -9999.0 -9999.0 -9999.0 -9999.0 -9999.0 -9999.0 -9999.0 -9999.0 -9999.0 -9999.0 -9999.0 -9999.0 -9999.0 -9999.0 -9999.0 -9999.0 -9999.0 -9999.0 -9999.0 -9999.0 -9999.0 -9999.0 -9999.0 -9999.0 -9999.0 -9999.0 -9999.0 -9999.0 -9999.0 -9999.0 -9999.0