Borden_/Borden1m_014/output_maps/thetaliqL0003N0007.asc
ncols         80
nrows         18
xllcorner     620200.000000
yllcorner     5168000.000000
cellsize      1.000000
NODATA_value  -9999.0
-9999.0 -9999.0 -9999.0 -9999.0 -9999.0 -9999.0 -9999.0 -9999.0 -9999.0 -9999.0 -9999.0 -9999.0 -9999.0 -9999.0 -9999.0 -9999.0 -9999.0 -9999.0 -9999.0 -9999.0 -9999.0 -9999.0 -9999.0 -9999.0 -9999.0 -9999.0 -9999.0 -9999.0 -9999.0 -9999.0 -9999.0 -9999.0 -9999.0 -9999.0 -9999.0 -9999.0 -9999.0 -9999.0 -9999.0 -9999.0 -9999.0 -9999.0 -9999.0 -9999.0 -9999.0 -9999.0 -9999.0 -9999.0 -9999.0 -9999.0 -9999.0 -9999.0 -9999.0 -9999.0 -9999.0 -9999.0 -9999.0 -9999.0 -9999.0 -9999.0 -9999.0 -9999.0 -9999.0 -9999.0 -9999.0 -9999.0 -9999.0 -9999.0 -9999.0 -9999.0 -9999.0 -9999.0 -9999.0 -9999.0 -9999.0 -9999.0 -9999.0 -9999.0 -9999.0 -9999.0
-9999.0 -9999.0 -9999.0 -9999.0 -9999.0 -9999.0 -9999.0 -9999.0 -9999.0 -9999.0 -9999.0 -9999.0 -9999.0 -9999.0 -9999.0 -9999.0 -9999.0 -9999.0 -9999.0 -9999.0 -9999.0 -9999.0 -9999.0 -9999.0 -9999.0 -9999.0 -9999.0 -9999.0 -9999.0 -9999.0 -9999.0 -9999.0 -9999.0 -9999.0 -9999.0 -9999.0 -9999.0 -9999.0 -9999.0 -9999.0 -9999.0 -9999.0 -9999.0 -9999.0 -9999.0 -9999.0 -9999.0 -9999.0 -9999.0 -9999.0 -9999.0 -9999.0 -9999.0 -9999.0 -9999.0 -9999.0 -9999.0 -9999.0 -9999.0 -9999.0 -9999.0 -9999.0 -9999.0 -9999.0 -9999.0 -9999.0 -9999.0 -9999.0 -9999.0 -9999.0 -9999.0 -9999.0 -9999.0 -9999.0 -9999.0 -9999.0 -9999.0 -9999.0 -9999.0 -9999.0
-9999.0 -9999.0 -9999.0 -9999.0 -9999.0 -9999.0 -9999.0 -9999.0 -9999.0 -9999.0 -9999.0 -9999.0 -9999.0 -9999.0 -9999.0 -9999.0 -9999.0 -9999.0 -9999.0 -9999.0 0.147326 0.148667 0.145385 0.141628 0.138590 0.138293 0.141731 0.145936 0.150842 0.151913 0.148180 0.149000 0.147605 0.146871 0.146873 0.147914 0.148433 0.150019 0.151079 0.150682 0.149512 0.148658 0.148014 0.148313 0.149556 0.147789 0.150384 0.153063 0.154059 0.153879 0.150093 0.148469 0.147828 0.145017 0.150135 0.151837 0.155978 0.156484 0.157087 0.152402 0.147880 -9999.0 -9999.0 -9999.0 -9999.0 -9999.0 -9999.0 -9999.0 -9999.0 -9999.0 -9999.0 -9999.0 -9999.0 -9999.0 -9999.0 -9999.0 -9999.0 -9999.0 -9999.0 -9999.0
-9999.0 -9999.0 -9999.0 -9999.0 -9999.0 -9999.0 -9999.0 -9999.0 -9999.0 -9999.0 -9999.0 -9999.0 -9999.0 -9999.0 0.140635 0.139036 0.138317 0.137991 0.141079 0.143666 0.143988 0.142297 0.143533 0.140127 0.137211 0.138968 0.141718 0.144233 0.148216 0.151225 0.148591 0.147947 0.149435 0.154577 0.156979 0.155941 0.150127 0.155700 0.158799 0.160805 0.160543 0.157817 0.161701 0.166335 0.164031 0.159201 0.160206 0.163032 0.167525 0.164879 0.149803 0.147989 0.148544 0.148634 0.146631 0.145310 0.150532 0.149940 0.148979 0.147697 0.144328 0.139326 0.137224 0.142179 0.147062 0.157022 -9999.0 -9999.0 -9999.0 -9999.0 -9999.0 -9999.0 -9999.0 -9999.0 -9999.0 -9999.0 -9999.0 -9999.0 -9999.0 -9999.0
-9999.0 -9999.0 -9999.0 -9999.0 -9999.0 -9999.0 -9999.0 -9999.0 -9999.0 0.137563 0.137205 0.137675 0.136731 0.138162 0.136010 0.136576 0.136267 0.138384 0.140300 0.143470 0.147524 0.144756 0.144412 0.146445 0.146761 0.147705 0.149815 0.156951 0.165453 0.178322 0.167234 0.166526 0.171642 0.189369 0.207115 0.213006 0.202243 0.201912 0.214772 0.230829 0.230316 0.229084 0.242484 0.249745 0.255418 0.245312 0.232960 0.229539 0.244575 0.216126 0.188007 0.168978 0.171962 0.163695 0.154689 0.151295 0.150342 0.156413 0.153900 0.148004 0.143316 0.144280 0.141839 0.144290 0.146315 0.153927 0.161167 0.168232 0.168566 0.164110 -9999.0 -9999.0 -9999.0 -9999.0 -9999.0 -9999.0 -9999.0 -9999.0 -9999.0 -9999.0
-9999.0 -9999.0 -9999.0 -9999.0 -9999.0 -9999.0 0.134387 0.134279 0.135231 0.132691 0.134693 0.133491 0.134986 0.135749 0.136872 0.137101 0.139771 0.142343 0.146708 0.152612 0.158151 0.155522 0.157036 0.164819 0.177719 0.188968 0.197258 0.213701 0.257800 0.283756 0.292847 0.295959 0.301496 0.333742 0.370000 0.370000 0.370000 0.365182 0.370000 0.370000 0.370000 0.370000 0.370000 0.370000 0.370000 0.370000 0.370000 0.370000 0.370000 0.370000 0.343811 0.300353 0.275057 0.248829 0.207184 0.179810 0.180250 0.187489 0.177433 0.162971 0.154556 0.154278 0.152565 0.149761 0.151142 0.154378 0.159298 0.162369 0.159959 0.156580 0.153856 0.148914 0.149624 0.154376 -9999.0 -9999.0 -9999.0 -9999.0 -9999.0 -9999.0
-9999.0 -9999.0 -9999.0 -9999.0 0.130186 0.131405 0.127918 0.129965 0.131661 0.133049 0.133295 0.135699 0.136576 0.138476 0.142398 0.145665 0.151482 0.156300 0.168731 0.191446 0.213903 0.228935 0.236253 0.272136 0.311100 0.346076 0.359324 0.370000 0.370000 0.370000 0.370000 0.370000 0.370000 0.370000 0.370000 0.370000 0.370000 0.370000 0.370000 0.370000 0.370000 0.370000 0.370000 0.370000 0.370000 0.370000 0.370000 0.370000 0.370000 0.370000 0.370000 0.370000 0.370000 0.370000 0.370000 0.363384 0.309602 0.294476 0.262391 0.232217 0.197434 0.188793 0.178347 0.171832 0.163450 0.164911 0.167115 0.162700 0.156926 0.151613 0.150659 0.148343 0.146073 0.152017 0.154421 0.161268 -9999.0 -9999.0 -9999.0 -9999.0
-9999.0 -9999.0 0.129694 0.129992 0.133491 0.131572 0.130385 0.128792 0.129654 0.133098 0.139895 0.143279 0.148525 0.151737 0.163863 0.190466 0.225492 0.250897 0.282907 0.324149 0.365176 0.370000 0.370000 0.370000 0.370000 0.370000 0.370000 0.370000 0.370000 0.370000 0.370000 0.370000 0.370000 0.370000 0.370000 0.370000 0.370000 0.370000 0.370000 0.370000 0.370000 0.370000 0.370000 0.370000 0.370000 0.370000 0.370000 0.370000 0.370000 0.370000 0.370000 0.370000 0.370000 0.370000 0.370000 0.370000 0.370000 0.370000 0.370000 0.370000 0.342289 0.303012 0.269846 0.239596 0.213486 0.200789 0.183502 0.172334 0.162190 0.153306 0.150446 0.148679 0.149618 0.148946 0.152183 0.154798 0.158499 0.160002 -9999.0 -9999.0
-9999.0 0.128307 0.127534 0.133724 0.135307 0.136925 0.138767 0.140461 0.142560 0.140883 0.160433 0.195505 0.238338 0.249784 0.277462 0.338731 0.370000 0.370000 0.370000 0.370000 0.370000 0.370000 0.370000 0.370000 0.370000 0.370000 0.370000 0.370000 0.370000 0.370000 0.370000 0.370000 0.370000 0.370000 0.370000 0.370000 0.370000 0.370000 0.370000 0.370000 0.370000 0.370000 0.370000 0.370000 0.370000 0.370000 0.370000 0.370000 0.370000 0.370000 0.370000 0.370000 0.370000 0.370000 0.370000 0.370000 0.370000 0.370000 0.370000 0.370000 0.370000 0.370000 0.370000 0.353444 0.309258 0.264654 0.233454 0.208027 0.183730 0.173639 0.167259 0.155181 0.151936 0.154122 0.152575 0.152368 0.153824 0.155012 -9999.0 -9999.0
-9999.0 0.122937 0.128213 0.135291 0.145243 0.147556 0.175476 0.212040 0.223280 0.209076 0.263198 0.370000 0.370000 0.370000 0.370000 0.370000 0.370000 0.370000 0.370000 0.370000 0.370000 0.370000 0.370000 0.370000 0.370000 0.370000 0.370000 0.370000 0.370000 0.370000 0.370000 0.370000 0.370000 0.370000 0.370000 0.370000 0.370000 0.370000 0.370000 0.370000 0.370000 0.370000 0.370000 0.370000 0.370000 0.370000 0.370000 0.370000 0.370000 0.370000 0.370000 0.370000 0.370000 0.370000 0.370000 0.370000 0.370000 0.370000 0.370000 0.370000 0.370000 0.370000 0.370000 0.370000 0.370000 0.366410 0.328250 0.296905 0.258952 0.234481 0.211332 0.188421 0.169968 0.165467 0.156622 0.154744 -9999.0 -9999.0 -9999.0 -9999.0
-9999.0 0.122283 0.127508 0.140905 0.180370 0.225301 0.346818 0.370000 0.370000 0.370000 0.370000 0.370000 0.370000 0.370000 0.370000 0.370000 0.370000 0.370000 0.370000 0.370000 0.370000 0.370000 0.370000 0.370000 0.370000 0.370000 0.370000 0.370000 0.370000 0.370000 0.370000 0.370000 0.370000 0.357407 0.324254 0.306802 0.277261 0.273817 0.265360 0.246989 0.237270 0.231833 0.240179 0.236294 0.235104 0.242074 0.255651 0.262606 0.283999 0.303585 0.330376 0.363671 0.370000 0.370000 0.370000 0.370000 0.370000 0.370000 0.370000 0.370000 0.370000 0.370000 0.370000 0.370000 0.370000 0.370000 0.370000 0.370000 0.370000 0.342602 0.308879 0.269042 0.231801 0.193279 0.180167 -9999.0 -9999.0 -9999.0 -9999.0 -9999.0
-9999.0 0.115292 0.127011 0.138001 0.200101 0.368204 0.370000 0.370000 0.370000 0.370000 0.370000 0.370000 0.370000 0.370000 0.370000 0.370000 0.370000 0.370000 0.370000 0.370000 0.370000 0.370000 0.370000 0.370000 0.370000 0.370000 0.370000 0.370000 0.370000 0.341092 0.292023 0.283511 0.244290 0.206188 0.188725 0.174121 0.160391 0.160711 0.165612 0.161335 0.156642 0.152059 0.157743 0.160612 0.163243 0.160137 0.161237 0.169601 0.183664 0.197542 0.217661 0.243880 0.268245 0.299697 0.321893 0.359491 0.370000 0.370000 0.370000 0.370000 0.370000 0.370000 0.370000 0.370000 0.370000 0.370000 0.370000 0.370000 0.370000 0.370000 0.370000 0.368781 0.324795 -9999.0 -9999.0 -9999.0 -9999.0 -9999.0 -9999.0 -9999.0
-9999.0 0.111955 0.123525 0.125995 0.145563 0.192185 0.265857 0.326175 0.364449 0.360546 0.368704 0.370000 0.370000 0.370000 0.370000 0.370000 0.352409 0.353334 0.353395 0.336392 0.316692 0.306899 0.307246 0.303069 0.286639 0.276999 0.270921 0.257802 0.235033 0.209675 0.178684 0.161927 0.150560 0.146493 0.143599 0.140660 0.135703 0.138281 0.140397 0.139863 0.138285 0.137185 0.140973 0.142494 0.143763 0.140451 0.142947 0.145491 0.151104 0.157259 0.166269 0.179942 0.197763 0.209081 0.215125 0.229310 0.253243 0.286870 0.345646 0.370000 0.370000 0.370000 0.370000 0.370000 0.370000 0.370000 0.370000 0.370000 0.370000 0.370000 0.370000 -9999.0 -9999.0 -9999.0 -9999.0 -9999.0 -9999.0 -9999.0 -9999.0 -9999.0
-9999.0 -9999.0 0.109681 0.114050 0.118223 0.123402 0.131400 0.139645 0.146046 0.160360 0.182856 0.210492 0.229235 0.237445 0.226055 0.202514 0.190656 0.191737 0.188735 0.183740 0.175266 0.173204 0.171065 0.169520 0.165840 0.164172 0.163380 0.161660 0.157906 0.150087 0.143569 0.139091 0.134567 0.134441 0.133640 0.132179 0.133255 0.132958 0.133364 0.133200 0.133574 0.134301 0.135235 0.136501 0.136664 0.137056 0.137580 0.139044 0.141350 0.144565 0.150690 0.159892 0.167350 0.169279 0.165581 0.166634 0.171885 0.184264 0.220054 0.269406 0.323888 0.369605 0.370000 0.370000 0.370000 0.370000 0.370000 0.370000 0.370000 0.370000 -9999.0 -9999.0 -9999.0 -9999.0 -9999.0 -9999.0 -9999.0 -9999.0 -9999.0 -9999.0
-9999.0 -9999.0 -9999.0 -9999.0 0.107871 0.113928 0.120098 0.119704 0.124890 0.128677 0.132535 0.137269 0.141401 0.144006 0.141181 0.140525 0.139882 0.140183 0.139485 0.138779 0.138445 0.137936 0.137347 0.136661 0.136911 0.137545 0.137679 0.136511 0.136295 0.134167 0.133737 0.132379 0.131098 0.129733 0.129918 0.129781 0.130317 0.129712 0.130629 0.130166 0.130921 0.131317 0.132290 0.133853 0.133466 0.134369 0.134493 0.135721 0.136479 0.140055 0.146013 0.153244 0.158408 0.158290 0.152185 0.149536 0.148182 0.152114 0.159321 0.175184 0.212737 0.247908 0.289381 0.322926 0.352782 0.370000 0.370000 0.370000 -9999.0 -9999.0 -9999.0 -9999.0 -9999.0 -9999.0 -9999.0 -9999.0 -9999.0 -9999.0 -9999.0 -9999.0
-9999.0 -9999.0 -9999.0 -9999.0 -9999.0 -9999.0 0.110352 0.113492 0.112659 0.115403 0.118072 0.120297 0.123532 0.123394 0.124413 0.126898 0.126560 0.125334 0.123847 0.125985 0.126991 0.127160 0.124722 0.125350 0.125629 0.126550 0.126454 0.126805 0.124762 0.127133 0.128283 0.127736 0.127206 0.127600 0.127063 0.128582 0.128765 0.127525 0.127176 0.129001 0.129593 0.129414 0.129867 0.131259 0.133244 0.133627 0.132838 0.131785 0.133951 0.139077 0.145350 0.151312 0.155374 0.156621 0.151361 0.144659 0.141434 0.141142 0.144070 0.149900 0.163926 0.174594 0.182817 0.189707 0.199750 0.253502 -9999.0 -9999.0 -9999.0 -9999.0 -9999.0 -9999.0 -9999.0 -9999.0 -9999.0 -9999.0 -9999.0 -9999.0 -9999.0 -9999.0
-9999.0 -9999.0 -9999.0 -9999.0 -9999.0 -9999.0 -9999.0 -9999.0 -9999.0 -9999.0 -9999.0 -9999.0 -9999.0 -9999.0 -9999.0 -9999.0 -9999.0 -9999.0 -9999.0 -9999.0 -9999.0 -9999.0 -9999.0 -9999.0 -9999.0 -9999.0 -9999.0 -9999.0 -9999.0 -9999.0 -9999.0 -9999.0 -9999.0 -9999.0 -9999.0 -9999.0 -9999.0 -9999.0 -9999.0 -9999.0 -9999.0 -9999.0 -9999.0 -9999.0 -9999.0 -9999.0 -9999.0 -9999.0 -9999.0 -9999.0 -9999.0 -9999.0 -9999.0 -9999.0 -9999.0 -9999.0 -9999.0 -9999.0 -9999.0 -9999.0 -9999.0 -9999.0 -9999.0 -9999.0 -9999.0 -9999.0 -9999.0 -9999.0 -9999.0 -9999.0 -9999.0 -9999.0 -9999.0 -9999.0 -9999.0 -9999.0 -9999.0 -9999.0 -9999.0 -9999.0
-9999.0 -9999.0 -9999.0 -9999.0 -9999.0 -9999.0 -9999.0 -9999.0 -9999.0 -9999.0 -9999.0 -9999.0 -9999.0 -9999.0 -9999.0 -9999.0 -9999.0 -9999.0 -9999.0 -9999.0 -9999.0 -9999.0 -9999.0 -9999.0 -9999.0 -9999.0 -9999.0 -9999.0 -9999.0 -9999.0 -9999.0 -9999.0 -9999.0 -9999.0 -9999.0 -9999.0 -9999.0 -9999.0 -9999.0 -9999.0 -9999.0 -9999.0 -9999.0 -9999.0 -9999.0 -9999.0 -9999.0 -9999.0 -9999.0 -9999.0 -9999.0 -9999.0 -9999.0 -9999.0 -9999.0 -9999.0 -9999.0 -9999.0 -9999.0 -9999.0 -9999.0 -9999.0 -9999.0 -9999.0 -9999.0 -9999.0 -9999.0 -9999.0 -9999.0 -9999.0 -9999.0 -9999.0 -9999.0 -9999.0 -9999.0 -9999.0 -9999.0 -9999.0 -9999.0 -9999.0