Borden_/Borden1m_014/output_maps/thetaliqL0007N0014.asc
ncols         80
nrows         18
xllcorner     620200.000000
yllcorner     5168000.000000
cellsize      1.000000
NODATA_value  -9999.0
-9999.0 -9999.0 -9999.0 -9999.0 -9999.0 -9999.0 -9999.0 -9999.0 -9999.0 -9999.0 -9999.0 -9999.0 -9999.0 -9999.0 -9999.0 -9999.0 -9999.0 -9999.0 -9999.0 -9999.0 -9999.0 -9999.0 -9999.0 -9999.0 -9999.0 -9999.0 -9999.0 -9999.0 -9999.0 -9999.0 -9999.0 -9999.0 -9999.0 -9999.0 -9999.0 -9999.0 -9999.0 -9999.0 -9999.0 -9999.0 -9999.0 -9999.0 -9999.0 -9999.0 -9999.0 -9999.0 -9999.0 -9999.0 -9999.0 -9999.0 -9999.0 -9999.0 -9999.0 -9999.0 -9999.0 -9999.0 -9999.0 -9999.0 -9999.0 -9999.0 -9999.0 -9999.0 -9999.0 -9999.0 -9999.0 -9999.0 -9999.0 -9999.0 -9999.0 -9999.0 -9999.0 -9999.0 -9999.0 -9999.0 -9999.0 -9999.0 -9999.0 -9999.0 -9999.0 -9999.0
-9999.0 -9999.0 -9999.0 -9999.0 -9999.0 -9999.0 -9999.0 -9999.0 -9999.0 -9999.0 -9999.0 -9999.0 -9999.0 -9999.0 -9999.0 -9999.0 -9999.0 -9999.0 -9999.0 -9999.0 -9999.0 -9999.0 -9999.0 -9999.0 -9999.0 -9999.0 -9999.0 -9999.0 -9999.0 -9999.0 -9999.0 -9999.0 -9999.0 -9999.0 -9999.0 -9999.0 -9999.0 -9999.0 -9999.0 -9999.0 -9999.0 -9999.0 -9999.0 -9999.0 -9999.0 -9999.0 -9999.0 -9999.0 -9999.0 -9999.0 -9999.0 -9999.0 -9999.0 -9999.0 -9999.0 -9999.0 -9999.0 -9999.0 -9999.0 -9999.0 -9999.0 -9999.0 -9999.0 -9999.0 -9999.0 -9999.0 -9999.0 -9999.0 -9999.0 -9999.0 -9999.0 -9999.0 -9999.0 -9999.0 -9999.0 -9999.0 -9999.0 -9999.0 -9999.0 -9999.0
-9999.0 -9999.0 -9999.0 -9999.0 -9999.0 -9999.0 -9999.0 -9999.0 -9999.0 -9999.0 -9999.0 -9999.0 -9999.0 -9999.0 -9999.0 -9999.0 -9999.0 -9999.0 -9999.0 -9999.0 0.279759 0.282083 0.263858 0.236064 0.213428 0.214516 0.241865 0.274534 0.302346 0.309276 0.296574 0.297283 0.293315 0.293166 0.295332 0.299486 0.301192 0.309087 0.314557 0.314369 0.310327 0.306395 0.305313 0.307727 0.311009 0.305339 0.314275 0.323626 0.327346 0.324607 0.307837 0.296991 0.291404 0.280868 0.299431 0.308442 0.322980 0.325648 0.325233 0.308945 0.287747 -9999.0 -9999.0 -9999.0 -9999.0 -9999.0 -9999.0 -9999.0 -9999.0 -9999.0 -9999.0 -9999.0 -9999.0 -9999.0 -9999.0 -9999.0 -9999.0 -9999.0 -9999.0 -9999.0
-9999.0 -9999.0 -9999.0 -9999.0 -9999.0 -9999.0 -9999.0 -9999.0 -9999.0 -9999.0 -9999.0 -9999.0 -9999.0 -9999.0 0.208899 0.201082 0.198552 0.204422 0.230082 0.253891 0.264012 0.257565 0.257156 0.237672 0.221277 0.231998 0.255147 0.279640 0.304264 0.317342 0.308870 0.306797 0.313674 0.330033 0.337547 0.336338 0.325168 0.336860 0.343960 0.347616 0.347206 0.343847 0.349309 0.354334 0.352409 0.346502 0.347700 0.351612 0.355798 0.351442 0.322206 0.308893 0.307309 0.303302 0.294399 0.289919 0.307823 0.308913 0.303749 0.291348 0.266815 0.231510 0.217901 0.248940 0.284781 0.324138 -9999.0 -9999.0 -9999.0 -9999.0 -9999.0 -9999.0 -9999.0 -9999.0 -9999.0 -9999.0 -9999.0 -9999.0 -9999.0 -9999.0
-9999.0 -9999.0 -9999.0 -9999.0 -9999.0 -9999.0 -9999.0 -9999.0 -9999.0 0.170933 0.172843 0.176981 0.177735 0.187694 0.186323 0.190664 0.195892 0.214531 0.238460 0.266320 0.288460 0.280257 0.279989 0.289030 0.294090 0.303140 0.316563 0.338225 0.353640 0.362546 0.357050 0.356612 0.361146 0.367800 0.369420 0.369609 0.369278 0.369354 0.369743 0.369911 0.369904 0.369894 0.369969 0.369986 0.369991 0.369970 0.369928 0.369923 0.369981 0.369749 0.367690 0.359791 0.359469 0.351314 0.334706 0.322469 0.320696 0.333113 0.325375 0.302153 0.275337 0.268554 0.255829 0.269372 0.287579 0.320070 0.339999 0.350771 0.351063 0.345338 -9999.0 -9999.0 -9999.0 -9999.0 -9999.0 -9999.0 -9999.0 -9999.0 -9999.0 -9999.0
-9999.0 -9999.0 -9999.0 -9999.0 -9999.0 -9999.0 0.132260 0.135605 0.143986 0.146461 0.158462 0.162304 0.174026 0.186081 0.199726 0.211759 0.235406 0.260931 0.292725 0.321899 0.338643 0.336604 0.340950 0.353368 0.363420 0.367609 0.368909 0.369715 0.369996 0.370000 0.370000 0.370000 0.370000 0.370000 0.370000 0.370000 0.370000 0.370000 0.370000 0.370000 0.370000 0.370000 0.370000 0.370000 0.370000 0.370000 0.370000 0.370000 0.370000 0.370000 0.370000 0.370000 0.370000 0.369986 0.369398 0.366390 0.365297 0.366395 0.362635 0.350141 0.332361 0.326902 0.318860 0.310305 0.314231 0.326249 0.338382 0.343527 0.338746 0.329249 0.316425 0.297585 0.299109 0.316290 -9999.0 -9999.0 -9999.0 -9999.0 -9999.0 -9999.0
-9999.0 -9999.0 -9999.0 -9999.0 0.115570 0.119141 0.115563 0.122617 0.134083 0.148440 0.165264 0.188218 0.206771 0.228842 0.261894 0.291375 0.320463 0.338455 0.357478 0.367823 0.369661 0.369896 0.369953 0.370000 0.370000 0.370000 0.370000 0.370000 0.370000 0.370000 0.370000 0.370000 0.370000 0.370000 0.370000 0.370000 0.370000 0.370000 0.370000 0.370000 0.370000 0.370000 0.370000 0.370000 0.370000 0.370000 0.370000 0.370000 0.370000 0.370000 0.370000 0.370000 0.370000 0.370000 0.370000 0.370000 0.370000 0.370000 0.369999 0.369928 0.368916 0.367101 0.363374 0.358659 0.350447 0.350830 0.351984 0.345778 0.333210 0.316054 0.307008 0.294504 0.287572 0.309157 0.320516 0.336968 -9999.0 -9999.0 -9999.0 -9999.0
-9999.0 -9999.0 0.101728 0.113489 0.131661 0.134782 0.135481 0.137105 0.148779 0.176325 0.232859 0.274780 0.307513 0.325656 0.351768 0.367465 0.369802 0.369986 0.370000 0.370000 0.370000 0.370000 0.370000 0.370000 0.370000 0.370000 0.370000 0.370000 0.370000 0.370000 0.370000 0.370000 0.370000 0.370000 0.370000 0.370000 0.370000 0.370000 0.370000 0.370000 0.370000 0.370000 0.370000 0.370000 0.370000 0.370000 0.370000 0.370000 0.370000 0.370000 0.370000 0.370000 0.370000 0.370000 0.370000 0.370000 0.370000 0.370000 0.370000 0.370000 0.370000 0.370000 0.370000 0.369975 0.369538 0.368455 0.365018 0.358731 0.346333 0.326479 0.313422 0.301867 0.301059 0.302187 0.313341 0.323149 0.331664 0.335572 -9999.0 -9999.0
-9999.0 0.087184 0.097062 0.130582 0.168251 0.196828 0.226988 0.249871 0.268111 0.278034 0.344158 0.367482 0.369871 0.369973 0.370000 0.370000 0.370000 0.370000 0.370000 0.370000 0.370000 0.370000 0.370000 0.370000 0.370000 0.370000 0.370000 0.370000 0.370000 0.370000 0.370000 0.370000 0.370000 0.370000 0.370000 0.370000 0.370000 0.370000 0.370000 0.370000 0.370000 0.370000 0.370000 0.370000 0.370000 0.370000 0.370000 0.370000 0.370000 0.370000 0.370000 0.370000 0.370000 0.370000 0.370000 0.370000 0.370000 0.370000 0.370000 0.370000 0.370000 0.370000 0.370000 0.370000 0.370000 0.370000 0.369947 0.369206 0.365434 0.359839 0.352484 0.332359 0.320236 0.321925 0.316942 0.315860 0.320238 0.324108 -9999.0 -9999.0
-9999.0 0.081069 0.097284 0.157888 0.261889 0.307353 0.360450 0.368840 0.369462 0.368926 0.369996 0.370000 0.370000 0.370000 0.370000 0.370000 0.370000 0.370000 0.370000 0.370000 0.370000 0.370000 0.370000 0.370000 0.370000 0.370000 0.370000 0.370000 0.370000 0.370000 0.370000 0.370000 0.370000 0.370000 0.370000 0.370000 0.370000 0.370000 0.370000 0.370000 0.370000 0.370000 0.370000 0.370000 0.370000 0.370000 0.370000 0.370000 0.370000 0.370000 0.370000 0.370000 0.370000 0.370000 0.370000 0.370000 0.370000 0.370000 0.370000 0.370000 0.370000 0.370000 0.370000 0.370000 0.370000 0.370000 0.370000 0.370000 0.369999 0.369936 0.369299 0.366053 0.356758 0.349310 0.333813 0.323021 -9999.0 -9999.0 -9999.0 -9999.0
-9999.0 0.077348 0.094949 0.200121 0.358079 0.369779 0.370000 0.370000 0.370000 0.370000 0.370000 0.370000 0.370000 0.370000 0.370000 0.370000 0.370000 0.370000 0.370000 0.370000 0.370000 0.370000 0.370000 0.370000 0.370000 0.370000 0.370000 0.370000 0.370000 0.370000 0.370000 0.370000 0.370000 0.370000 0.370000 0.370000 0.370000 0.370000 0.369999 0.369984 0.369954 0.369907 0.369961 0.369959 0.369958 0.369973 0.369993 0.369999 0.370000 0.370000 0.370000 0.370000 0.370000 0.370000 0.370000 0.370000 0.370000 0.370000 0.370000 0.370000 0.370000 0.370000 0.370000 0.370000 0.370000 0.370000 0.370000 0.370000 0.370000 0.370000 0.370000 0.370000 0.369885 0.366438 0.361360 -9999.0 -9999.0 -9999.0 -9999.0 -9999.0
-9999.0 0.072315 0.085765 0.171922 0.365085 0.370000 0.370000 0.370000 0.370000 0.370000 0.370000 0.370000 0.370000 0.370000 0.370000 0.370000 0.370000 0.370000 0.370000 0.370000 0.370000 0.370000 0.370000 0.370000 0.370000 0.370000 0.370000 0.370000 0.370000 0.370000 0.370000 0.370000 0.369965 0.369359 0.367125 0.360323 0.345580 0.344949 0.350448 0.344550 0.335009 0.325248 0.338012 0.344257 0.348116 0.344519 0.347641 0.357466 0.365284 0.368442 0.369767 0.369989 0.370000 0.370000 0.370000 0.370000 0.370000 0.370000 0.370000 0.370000 0.370000 0.370000 0.370000 0.370000 0.370000 0.370000 0.370000 0.370000 0.370000 0.370000 0.370000 0.370000 0.370000 -9999.0 -9999.0 -9999.0 -9999.0 -9999.0 -9999.0 -9999.0
-9999.0 0.070095 0.075212 0.096620 0.234136 0.363187 0.369991 0.370000 0.370000 0.370000 0.370000 0.370000 0.370000 0.370000 0.370000 0.370000 0.370000 0.370000 0.370000 0.370000 0.370000 0.370000 0.370000 0.370000 0.370000 0.370000 0.370000 0.369995 0.369947 0.369405 0.363340 0.346812 0.316827 0.292654 0.269600 0.243234 0.212584 0.221093 0.233106 0.229341 0.219348 0.215572 0.238898 0.253452 0.261357 0.250109 0.264482 0.285093 0.313787 0.335987 0.353282 0.363858 0.368183 0.369298 0.369709 0.369939 0.369998 0.370000 0.370000 0.370000 0.370000 0.370000 0.370000 0.370000 0.370000 0.370000 0.370000 0.370000 0.370000 0.370000 0.370000 -9999.0 -9999.0 -9999.0 -9999.0 -9999.0 -9999.0 -9999.0 -9999.0 -9999.0
-9999.0 -9999.0 0.070064 0.073744 0.081678 0.107346 0.162625 0.232019 0.287381 0.340625 0.364660 0.369221 0.369802 0.369897 0.369776 0.369068 0.367961 0.367931 0.367283 0.365686 0.361359 0.359160 0.357142 0.355280 0.351342 0.348945 0.347217 0.343184 0.333161 0.305664 0.265799 0.224386 0.184978 0.169611 0.157427 0.146045 0.144286 0.143778 0.147166 0.147718 0.150137 0.155991 0.167587 0.180548 0.186547 0.190871 0.199464 0.216692 0.242382 0.274316 0.311225 0.340286 0.353113 0.355904 0.353199 0.354799 0.359912 0.366294 0.369825 0.370000 0.370000 0.370000 0.370000 0.370000 0.370000 0.370000 0.370000 0.370000 0.370000 0.370000 -9999.0 -9999.0 -9999.0 -9999.0 -9999.0 -9999.0 -9999.0 -9999.0 -9999.0 -9999.0
-9999.0 -9999.0 -9999.0 -9999.0 0.070725 0.074199 0.078037 0.083506 0.097983 0.123552 0.162484 0.210277 0.249091 0.266927 0.256400 0.250005 0.242712 0.240263 0.233715 0.228771 0.223910 0.218136 0.210367 0.204985 0.204432 0.206986 0.205819 0.196807 0.186553 0.169089 0.155526 0.138864 0.124605 0.115528 0.112018 0.110198 0.110328 0.109060 0.111545 0.113171 0.117386 0.122244 0.130796 0.142500 0.148191 0.155201 0.160299 0.172260 0.191384 0.230213 0.279083 0.317210 0.334570 0.335342 0.320257 0.309067 0.305618 0.322044 0.344360 0.362705 0.369652 0.369996 0.370000 0.370000 0.370000 0.370000 0.370000 0.370000 -9999.0 -9999.0 -9999.0 -9999.0 -9999.0 -9999.0 -9999.0 -9999.0 -9999.0 -9999.0 -9999.0 -9999.0
-9999.0 -9999.0 -9999.0 -9999.0 -9999.0 -9999.0 0.069974 0.071275 0.073192 0.077511 0.084946 0.095853 0.110381 0.116550 0.121173 0.128445 0.126592 0.121055 0.116259 0.121180 0.124060 0.122597 0.114534 0.114120 0.115046 0.117879 0.117648 0.115965 0.109440 0.111363 0.110930 0.105497 0.100203 0.097618 0.095731 0.097418 0.097600 0.095576 0.096044 0.100623 0.104618 0.107686 0.113472 0.123563 0.135445 0.141393 0.141675 0.144388 0.166012 0.213022 0.267965 0.306499 0.324384 0.327445 0.309093 0.277660 0.258455 0.261561 0.286207 0.320378 0.352965 0.363203 0.366873 0.368737 0.369616 0.369999 -9999.0 -9999.0 -9999.0 -9999.0 -9999.0 -9999.0 -9999.0 -9999.0 -9999.0 -9999.0 -9999.0 -9999.0 -9999.0 -9999.0
-9999.0 -9999.0 -9999.0 -9999.0 -9999.0 -9999.0 -9999.0 -9999.0 -9999.0 -9999.0 -9999.0 -9999.0 -9999.0 -9999.0 -9999.0 -9999.0 -9999.0 -9999.0 -9999.0 -9999.0 -9999.0 -9999.0 -9999.0 -9999.0 -9999.0 -9999.0 -9999.0 -9999.0 -9999.0 -9999.0 -9999.0 -9999.0 -9999.0 -9999.0 -9999.0 -9999.0 -9999.0 -9999.0 -9999.0 -9999.0 -9999.0 -9999.0 -9999.0 -9999.0 -9999.0 -9999.0 -9999.0 -9999.0 -9999.0 -9999.0 -9999.0 -9999.0 -9999.0 -9999.0 -9999.0 -9999.0 -9999.0 -9999.0 -9999.0 -9999.0 -9999.0 -9999.0 -9999.0 -9999.0 -9999.0 -9999.0 -9999.0 -9999.0 -9999.0 -9999.0 -9999.0 -9999.0 -9999.0 -9999.0 -9999.0 -9999.0 -9999.0 -9999.0 -9999.0 -9999.0
-9999.0 -9999.0 -9999.0 -9999.0 -9999.0 -9999.0 -9999.0 -9999.0 -9999.0 -9999.0 -9999.0 -9999.0 -9999.0 -9999.0 -9999.0 -9999.0 -9999.0 -9999.0 -9999.0 -9999.0 -9999.0 -9999.0 -9999.0 -9999.0 -9999.0 -9999.0 -9999.0 -9999.0 -9999.0 -9999.0 -9999.0 -9999.0 -9999.0 -9999.0 -9999.0 -9999.0 -9999.0 -9999.0 -9999.0 -9999.0 -9999.0 -9999.0 -9999.0 -9999.0 -9999.0 -9999.0 -9999.0 -9999.0 -9999.0 -9999.0 -9999.0 -9999.0 -9999.0 -9999.0 -9999.0 -9999.0 -9999.0 -9999.0 -9999.0 -9999.0 -9999.0 -9999.0 -9999.0 -9999.0 -9999.0 -9999.0 -9999.0 -9999.0 -9999.0 -9999.0 -9999.0 -9999.0 -9999.0 -9999.0 -9999.0 -9999.0 -9999.0 -9999.0 -9999.0 -9999.0