Borden_/Borden1m_014/output_maps/thetaliqL0004N0029.asc
ncols         80
nrows         18
xllcorner     620200.000000
yllcorner     5168000.000000
cellsize      1.000000
NODATA_value  -9999.0
-9999.0 -9999.0 -9999.0 -9999.0 -9999.0 -9999.0 -9999.0 -9999.0 -9999.0 -9999.0 -9999.0 -9999.0 -9999.0 -9999.0 -9999.0 -9999.0 -9999.0 -9999.0 -9999.0 -9999.0 -9999.0 -9999.0 -9999.0 -9999.0 -9999.0 -9999.0 -9999.0 -9999.0 -9999.0 -9999.0 -9999.0 -9999.0 -9999.0 -9999.0 -9999.0 -9999.0 -9999.0 -9999.0 -9999.0 -9999.0 -9999.0 -9999.0 -9999.0 -9999.0 -9999.0 -9999.0 -9999.0 -9999.0 -9999.0 -9999.0 -9999.0 -9999.0 -9999.0 -9999.0 -9999.0 -9999.0 -9999.0 -9999.0 -9999.0 -9999.0 -9999.0 -9999.0 -9999.0 -9999.0 -9999.0 -9999.0 -9999.0 -9999.0 -9999.0 -9999.0 -9999.0 -9999.0 -9999.0 -9999.0 -9999.0 -9999.0 -9999.0 -9999.0 -9999.0 -9999.0
-9999.0 -9999.0 -9999.0 -9999.0 -9999.0 -9999.0 -9999.0 -9999.0 -9999.0 -9999.0 -9999.0 -9999.0 -9999.0 -9999.0 -9999.0 -9999.0 -9999.0 -9999.0 -9999.0 -9999.0 -9999.0 -9999.0 -9999.0 -9999.0 -9999.0 -9999.0 -9999.0 -9999.0 -9999.0 -9999.0 -9999.0 -9999.0 -9999.0 -9999.0 -9999.0 -9999.0 -9999.0 -9999.0 -9999.0 -9999.0 -9999.0 -9999.0 -9999.0 -9999.0 -9999.0 -9999.0 -9999.0 -9999.0 -9999.0 -9999.0 -9999.0 -9999.0 -9999.0 -9999.0 -9999.0 -9999.0 -9999.0 -9999.0 -9999.0 -9999.0 -9999.0 -9999.0 -9999.0 -9999.0 -9999.0 -9999.0 -9999.0 -9999.0 -9999.0 -9999.0 -9999.0 -9999.0 -9999.0 -9999.0 -9999.0 -9999.0 -9999.0 -9999.0 -9999.0 -9999.0
-9999.0 -9999.0 -9999.0 -9999.0 -9999.0 -9999.0 -9999.0 -9999.0 -9999.0 -9999.0 -9999.0 -9999.0 -9999.0 -9999.0 -9999.0 -9999.0 -9999.0 -9999.0 -9999.0 -9999.0 0.180550 0.181952 0.178081 0.173506 0.169846 0.169565 0.173755 0.178955 0.184897 0.186290 0.182013 0.182844 0.181284 0.180540 0.180624 0.181830 0.182408 0.184353 0.185680 0.185273 0.183900 0.182852 0.182140 0.182552 0.183952 0.181929 0.184961 0.188156 0.189398 0.189049 0.184383 0.182291 0.181436 0.178242 0.184071 0.186182 0.191061 0.191744 0.192294 0.186785 0.181394 -9999.0 -9999.0 -9999.0 -9999.0 -9999.0 -9999.0 -9999.0 -9999.0 -9999.0 -9999.0 -9999.0 -9999.0 -9999.0 -9999.0 -9999.0 -9999.0 -9999.0 -9999.0 -9999.0
-9999.0 -9999.0 -9999.0 -9999.0 -9999.0 -9999.0 -9999.0 -9999.0 -9999.0 -9999.0 -9999.0 -9999.0 -9999.0 -9999.0 0.171827 0.170022 0.169225 0.169028 0.172794 0.176049 0.176679 0.174773 0.176002 0.172006 0.168590 0.170660 0.174080 0.177379 0.182334 0.185987 0.182902 0.182151 0.183974 0.190112 0.193128 0.191995 0.185387 0.191759 0.195498 0.197895 0.197572 0.194519 0.199010 0.204284 0.201763 0.196197 0.197306 0.200607 0.205746 0.202333 0.184853 0.182277 0.182787 0.182705 0.180348 0.178850 0.184836 0.184325 0.183131 0.181328 0.177094 0.171037 0.168541 0.174407 0.180466 0.192182 -9999.0 -9999.0 -9999.0 -9999.0 -9999.0 -9999.0 -9999.0 -9999.0 -9999.0 -9999.0 -9999.0 -9999.0 -9999.0 -9999.0
-9999.0 -9999.0 -9999.0 -9999.0 -9999.0 -9999.0 -9999.0 -9999.0 -9999.0 0.167821 0.167503 0.168073 0.167129 0.168814 0.166580 0.167254 0.167054 0.169654 0.172204 0.176205 0.181023 0.177937 0.177573 0.179934 0.180457 0.181834 0.184608 0.193158 0.203469 0.218291 0.206519 0.205946 0.212922 0.236944 0.259340 0.266189 0.254578 0.254926 0.269729 0.286992 0.287340 0.286076 0.304038 0.314066 0.319768 0.305748 0.289860 0.287365 0.306869 0.270860 0.236326 0.210067 0.211091 0.201295 0.190618 0.186395 0.185285 0.192128 0.189117 0.182039 0.176313 0.177082 0.174239 0.177134 0.179808 0.188900 0.197489 0.205592 0.205968 0.200944 -9999.0 -9999.0 -9999.0 -9999.0 -9999.0 -9999.0 -9999.0 -9999.0 -9999.0 -9999.0
-9999.0 -9999.0 -9999.0 -9999.0 -9999.0 -9999.0 0.163660 0.163633 0.164808 0.162244 0.164588 0.163428 0.165239 0.166298 0.167754 0.168260 0.171569 0.174875 0.180338 0.187659 0.194402 0.191668 0.193537 0.202994 0.220753 0.237248 0.248447 0.268842 0.324836 0.351004 0.357493 0.359987 0.362428 0.366002 0.369015 0.369779 0.368912 0.368146 0.368797 0.369679 0.369989 0.369990 0.369993 0.369996 0.370000 0.369999 0.369742 0.369302 0.369078 0.368798 0.366616 0.361449 0.345064 0.311867 0.258328 0.228772 0.224475 0.229739 0.217110 0.200389 0.190283 0.189587 0.187399 0.184186 0.185769 0.189712 0.195512 0.199024 0.196213 0.192131 0.188629 0.182835 0.183605 0.189148 -9999.0 -9999.0 -9999.0 -9999.0 -9999.0 -9999.0
-9999.0 -9999.0 -9999.0 -9999.0 0.158876 0.160243 0.156456 0.158808 0.160868 0.162646 0.163277 0.166277 0.167594 0.170065 0.174947 0.179289 0.186545 0.192649 0.207941 0.237994 0.267552 0.285833 0.297976 0.344549 0.362883 0.366912 0.367797 0.368816 0.369747 0.370000 0.370000 0.370000 0.370000 0.370000 0.370000 0.370000 0.370000 0.370000 0.370000 0.370000 0.370000 0.370000 0.370000 0.370000 0.370000 0.370000 0.370000 0.370000 0.370000 0.370000 0.370000 0.370000 0.369932 0.369679 0.369257 0.367879 0.363085 0.358647 0.331374 0.290237 0.247569 0.232883 0.218529 0.210460 0.200834 0.202305 0.204618 0.199560 0.192740 0.186382 0.184976 0.182122 0.179592 0.186438 0.189454 0.197329 -9999.0 -9999.0 -9999.0 -9999.0
-9999.0 -9999.0 0.157995 0.158621 0.162714 0.160793 0.159541 0.157869 0.159041 0.163281 0.171614 0.176351 0.182894 0.187105 0.201920 0.237372 0.280424 0.315912 0.353198 0.364607 0.368232 0.369452 0.369977 0.369998 0.370000 0.370000 0.370000 0.370000 0.370000 0.370000 0.370000 0.370000 0.370000 0.370000 0.370000 0.370000 0.370000 0.370000 0.370000 0.370000 0.370000 0.370000 0.370000 0.370000 0.370000 0.370000 0.370000 0.370000 0.370000 0.370000 0.370000 0.370000 0.370000 0.370000 0.370000 0.370000 0.370000 0.369949 0.369813 0.369267 0.365845 0.360849 0.342474 0.302811 0.262614 0.243474 0.223721 0.210899 0.199084 0.188654 0.185064 0.182756 0.183661 0.183069 0.186827 0.189994 0.194206 0.195996 -9999.0 -9999.0
-9999.0 0.156117 0.155571 0.162922 0.165447 0.167738 0.170410 0.172734 0.175346 0.173819 0.197450 0.242730 0.291187 0.311073 0.348543 0.366667 0.369979 0.369998 0.370000 0.370000 0.370000 0.370000 0.370000 0.370000 0.370000 0.370000 0.370000 0.370000 0.370000 0.370000 0.370000 0.370000 0.370000 0.370000 0.370000 0.370000 0.370000 0.370000 0.370000 0.370000 0.370000 0.370000 0.370000 0.370000 0.370000 0.370000 0.370000 0.370000 0.370000 0.370000 0.370000 0.370000 0.370000 0.370000 0.370000 0.370000 0.370000 0.370000 0.370000 0.370000 0.369999 0.369928 0.369466 0.367195 0.361819 0.339919 0.291588 0.253771 0.224475 0.212533 0.204843 0.190942 0.186932 0.189213 0.187406 0.187154 0.188853 0.190269 -9999.0 -9999.0
-9999.0 0.150099 0.156285 0.165188 0.177863 0.182152 0.220081 0.257210 0.270480 0.254126 0.332649 0.369980 0.370000 0.370000 0.370000 0.370000 0.370000 0.370000 0.370000 0.370000 0.370000 0.370000 0.370000 0.370000 0.370000 0.370000 0.370000 0.370000 0.370000 0.370000 0.370000 0.370000 0.370000 0.370000 0.370000 0.370000 0.370000 0.369974 0.369825 0.369518 0.369272 0.369608 0.369451 0.369045 0.368943 0.369482 0.369842 0.369805 0.369843 0.369943 0.369996 0.370000 0.370000 0.370000 0.370000 0.370000 0.370000 0.370000 0.370000 0.370000 0.370000 0.370000 0.370000 0.369996 0.369814 0.368043 0.364221 0.358088 0.328299 0.291430 0.258171 0.229422 0.208376 0.202725 0.192547 0.189912 -9999.0 -9999.0 -9999.0 -9999.0
-9999.0 0.149253 0.155459 0.171880 0.218258 0.282256 0.362500 0.369742 0.370000 0.370000 0.370000 0.370000 0.370000 0.370000 0.370000 0.370000 0.370000 0.370000 0.370000 0.370000 0.370000 0.370000 0.370000 0.370000 0.370000 0.370000 0.370000 0.370000 0.370000 0.369995 0.369975 0.369942 0.369769 0.367535 0.365150 0.362633 0.347791 0.340640 0.331752 0.309853 0.296373 0.287226 0.299003 0.296643 0.295885 0.302942 0.319504 0.331380 0.353025 0.361591 0.365450 0.368446 0.369393 0.369874 0.369991 0.370000 0.370000 0.370000 0.370000 0.370000 0.370000 0.370000 0.370000 0.370000 0.370000 0.369994 0.369910 0.369087 0.366536 0.362705 0.357926 0.337624 0.284673 0.233766 0.219192 -9999.0 -9999.0 -9999.0 -9999.0 -9999.0
-9999.0 0.141080 0.154612 0.168329 0.243598 0.364097 0.369425 0.370000 0.370000 0.370000 0.370000 0.370000 0.370000 0.370000 0.370000 0.370000 0.370000 0.370000 0.370000 0.370000 0.369999 0.369996 0.369995 0.369988 0.369959 0.369901 0.369821 0.369613 0.368238 0.365735 0.358429 0.349250 0.303573 0.258160 0.234929 0.215408 0.197597 0.197771 0.203130 0.198158 0.192646 0.187386 0.193986 0.197393 0.200378 0.196955 0.198442 0.208176 0.224852 0.242916 0.270851 0.310689 0.342511 0.360983 0.364576 0.368077 0.369447 0.369905 0.369999 0.370000 0.370000 0.370000 0.370000 0.370000 0.370000 0.370000 0.370000 0.369997 0.369645 0.368832 0.368131 0.366646 0.362484 -9999.0 -9999.0 -9999.0 -9999.0 -9999.0 -9999.0 -9999.0
-9999.0 0.137065 0.150489 0.153800 0.177485 0.235933 0.328148 0.364494 0.369947 0.368091 0.367366 0.368503 0.369309 0.369643 0.369270 0.368288 0.367183 0.367413 0.367495 0.366126 0.363740 0.362437 0.362327 0.360984 0.353118 0.344829 0.338184 0.323067 0.295058 0.260218 0.219829 0.199352 0.185454 0.180217 0.176448 0.172668 0.166799 0.169679 0.172152 0.171512 0.169652 0.168427 0.172887 0.174830 0.176336 0.172645 0.175590 0.178834 0.185669 0.193188 0.203976 0.219865 0.240285 0.255510 0.266701 0.289356 0.324147 0.356857 0.366559 0.369754 0.369993 0.370000 0.370000 0.370000 0.370000 0.370000 0.370000 0.370000 0.369873 0.369619 0.369565 -9999.0 -9999.0 -9999.0 -9999.0 -9999.0 -9999.0 -9999.0 -9999.0 -9999.0
-9999.0 -9999.0 0.134262 0.139626 0.144631 0.151206 0.161469 0.175350 0.187890 0.204872 0.230400 0.260383 0.280946 0.290546 0.278054 0.253715 0.240087 0.240729 0.236995 0.230003 0.218354 0.214252 0.211306 0.208901 0.203870 0.201689 0.200633 0.198400 0.193750 0.184344 0.176258 0.170588 0.165019 0.164556 0.163457 0.161680 0.162763 0.162446 0.162948 0.162790 0.163235 0.164121 0.165352 0.166948 0.167251 0.167748 0.168482 0.170383 0.173373 0.177558 0.185160 0.196177 0.204980 0.207320 0.203286 0.204619 0.210881 0.226656 0.275734 0.343160 0.364285 0.368693 0.369875 0.369989 0.369997 0.370000 0.370000 0.369994 0.368330 0.368889 -9999.0 -9999.0 -9999.0 -9999.0 -9999.0 -9999.0 -9999.0 -9999.0 -9999.0 -9999.0
-9999.0 -9999.0 -9999.0 -9999.0 0.131996 0.139487 0.146724 0.146474 0.152713 0.157478 0.162466 0.168486 0.173716 0.176877 0.173681 0.172818 0.171938 0.172183 0.171291 0.170422 0.169923 0.169244 0.168445 0.167615 0.167861 0.168580 0.168693 0.167291 0.166833 0.164256 0.163514 0.161722 0.160044 0.158387 0.158494 0.158306 0.158875 0.158204 0.159233 0.158791 0.159691 0.160227 0.161452 0.163351 0.163086 0.164180 0.164424 0.165955 0.167169 0.171752 0.179194 0.188034 0.194265 0.194203 0.187130 0.183875 0.182339 0.187078 0.196004 0.215280 0.263936 0.318990 0.357377 0.364242 0.366739 0.368940 0.369732 0.369819 -9999.0 -9999.0 -9999.0 -9999.0 -9999.0 -9999.0 -9999.0 -9999.0 -9999.0 -9999.0 -9999.0 -9999.0
-9999.0 -9999.0 -9999.0 -9999.0 -9999.0 -9999.0 0.135092 0.138938 0.137957 0.141348 0.144673 0.147513 0.151514 0.151495 0.152733 0.155638 0.155227 0.153755 0.151999 0.154479 0.155644 0.155795 0.152937 0.153621 0.153948 0.155024 0.154916 0.155257 0.152864 0.155503 0.156730 0.156006 0.155297 0.155650 0.155020 0.156695 0.156895 0.155515 0.155153 0.157228 0.157963 0.157854 0.158482 0.160199 0.162557 0.163096 0.162279 0.161236 0.163984 0.170337 0.178169 0.185587 0.190582 0.191994 0.185736 0.177766 0.173886 0.173663 0.177412 0.184770 0.201566 0.214506 0.225803 0.238508 0.255102 0.324918 -9999.0 -9999.0 -9999.0 -9999.0 -9999.0 -9999.0 -9999.0 -9999.0 -9999.0 -9999.0 -9999.0 -9999.0 -9999.0 -9999.0
-9999.0 -9999.0 -9999.0 -9999.0 -9999.0 -9999.0 -9999.0 -9999.0 -9999.0 -9999.0 -9999.0 -9999.0 -9999.0 -9999.0 -9999.0 -9999.0 -9999.0 -9999.0 -9999.0 -9999.0 -9999.0 -9999.0 -9999.0 -9999.0 -9999.0 -9999.0 -9999.0 -9999.0 -9999.0 -9999.0 -9999.0 -9999.0 -9999.0 -9999.0 -9999.0 -9999.0 -9999.0 -9999.0 -9999.0 -9999.0 -9999.0 -9999.0 -9999.0 -9999.0 -9999.0 -9999.0 -9999.0 -9999.0 -9999.0 -9999.0 -9999.0 -9999.0 -9999.0 -9999.0 -9999.0 -9999.0 -9999.0 -9999.0 -9999.0 -9999.0 -9999.0 -9999.0 -9999.0 -9999.0 -9999.0 -9999.0 -9999.0 -9999.0 -9999.0 -9999.0 -9999.0 -9999.0 -9999.0 -9999.0 -9999.0 -9999.0 -9999.0 -9999.0 -9999.0 -9999.0
-9999.0 -9999.0 -9999.0 -9999.0 -9999.0 -9999.0 -9999.0 -9999.0 -9999.0 -9999.0 -9999.0 -9999.0 -9999.0 -9999.0 -9999.0 -9999.0 -9999.0 -9999.0 -9999.0 -9999.0 -9999.0 -9999.0 -9999.0 -9999.0 -9999.0 -9999.0 -9999.0 -9999.0 -9999.0 -9999.0 -9999.0 -9999.0 -9999.0 -9999.0 -9999.0 -9999.0 -9999.0 -9999.0 -9999.0 -9999.0 -9999.0 -9999.0 -9999.0 -9999.0 -9999.0 -9999.0 -9999.0 -9999.0 -9999.0 -9999.0 -9999.0 -9999.0 -9999.0 -9999.0 -9999.0 -9999.0 -9999.0 -9999.0 -9999.0 -9999.0 -9999.0 -9999.0 -9999.0 -9999.0 -9999.0 -9999.0 -9999.0 -9999.0 -9999.0 -9999.0 -9999.0 -9999.0 -9999.0 -9999.0 -9999.0 -9999.0 -9999.0 -9999.0 -9999.0 -9999.0