Borden_/Borden1m_014/output_maps/thetaliqL0006N0023.asc
ncols         80
nrows         18
xllcorner     620200.000000
yllcorner     5168000.000000
cellsize      1.000000
NODATA_value  -9999.0
-9999.0 -9999.0 -9999.0 -9999.0 -9999.0 -9999.0 -9999.0 -9999.0 -9999.0 -9999.0 -9999.0 -9999.0 -9999.0 -9999.0 -9999.0 -9999.0 -9999.0 -9999.0 -9999.0 -9999.0 -9999.0 -9999.0 -9999.0 -9999.0 -9999.0 -9999.0 -9999.0 -9999.0 -9999.0 -9999.0 -9999.0 -9999.0 -9999.0 -9999.0 -9999.0 -9999.0 -9999.0 -9999.0 -9999.0 -9999.0 -9999.0 -9999.0 -9999.0 -9999.0 -9999.0 -9999.0 -9999.0 -9999.0 -9999.0 -9999.0 -9999.0 -9999.0 -9999.0 -9999.0 -9999.0 -9999.0 -9999.0 -9999.0 -9999.0 -9999.0 -9999.0 -9999.0 -9999.0 -9999.0 -9999.0 -9999.0 -9999.0 -9999.0 -9999.0 -9999.0 -9999.0 -9999.0 -9999.0 -9999.0 -9999.0 -9999.0 -9999.0 -9999.0 -9999.0 -9999.0
-9999.0 -9999.0 -9999.0 -9999.0 -9999.0 -9999.0 -9999.0 -9999.0 -9999.0 -9999.0 -9999.0 -9999.0 -9999.0 -9999.0 -9999.0 -9999.0 -9999.0 -9999.0 -9999.0 -9999.0 -9999.0 -9999.0 -9999.0 -9999.0 -9999.0 -9999.0 -9999.0 -9999.0 -9999.0 -9999.0 -9999.0 -9999.0 -9999.0 -9999.0 -9999.0 -9999.0 -9999.0 -9999.0 -9999.0 -9999.0 -9999.0 -9999.0 -9999.0 -9999.0 -9999.0 -9999.0 -9999.0 -9999.0 -9999.0 -9999.0 -9999.0 -9999.0 -9999.0 -9999.0 -9999.0 -9999.0 -9999.0 -9999.0 -9999.0 -9999.0 -9999.0 -9999.0 -9999.0 -9999.0 -9999.0 -9999.0 -9999.0 -9999.0 -9999.0 -9999.0 -9999.0 -9999.0 -9999.0 -9999.0 -9999.0 -9999.0 -9999.0 -9999.0 -9999.0 -9999.0
-9999.0 -9999.0 -9999.0 -9999.0 -9999.0 -9999.0 -9999.0 -9999.0 -9999.0 -9999.0 -9999.0 -9999.0 -9999.0 -9999.0 -9999.0 -9999.0 -9999.0 -9999.0 -9999.0 -9999.0 0.153513 0.155127 0.143691 0.129345 0.119448 0.119881 0.132075 0.150026 0.170465 0.176853 0.165672 0.166152 0.162942 0.162886 0.164592 0.167870 0.169160 0.176295 0.181752 0.181581 0.177531 0.173780 0.172661 0.174922 0.178033 0.172872 0.181461 0.191993 0.196849 0.193358 0.175260 0.165807 0.161509 0.154084 0.167977 0.176087 0.191738 0.195123 0.194675 0.176742 0.159115 -9999.0 -9999.0 -9999.0 -9999.0 -9999.0 -9999.0 -9999.0 -9999.0 -9999.0 -9999.0 -9999.0 -9999.0 -9999.0 -9999.0 -9999.0 -9999.0 -9999.0 -9999.0 -9999.0
-9999.0 -9999.0 -9999.0 -9999.0 -9999.0 -9999.0 -9999.0 -9999.0 -9999.0 -9999.0 -9999.0 -9999.0 -9999.0 -9999.0 0.117659 0.114548 0.113563 0.115846 0.126613 0.138170 0.143754 0.140127 0.139891 0.130062 0.122741 0.127459 0.138776 0.153250 0.172063 0.185015 0.176257 0.174260 0.181001 0.200692 0.212230 0.210133 0.193945 0.210569 0.223524 0.231575 0.230662 0.223550 0.235965 0.249799 0.244302 0.229512 0.231761 0.241305 0.254113 0.241045 0.190397 0.176158 0.174797 0.171193 0.163887 0.160472 0.175383 0.176519 0.171790 0.161672 0.145417 0.127303 0.121396 0.135696 0.157082 0.193568 -9999.0 -9999.0 -9999.0 -9999.0 -9999.0 -9999.0 -9999.0 -9999.0 -9999.0 -9999.0 -9999.0 -9999.0 -9999.0 -9999.0
-9999.0 -9999.0 -9999.0 -9999.0 -9999.0 -9999.0 -9999.0 -9999.0 -9999.0 0.103552 0.104191 0.105646 0.105899 0.109494 0.109004 0.110596 0.112595 0.119922 0.130469 0.145079 0.159525 0.153706 0.153510 0.159995 0.164110 0.171650 0.184560 0.213730 0.248624 0.283965 0.260929 0.259623 0.277470 0.319543 0.344234 0.349426 0.340413 0.341487 0.352789 0.360950 0.361182 0.360915 0.365869 0.367567 0.368191 0.366125 0.362229 0.361485 0.366249 0.353404 0.318074 0.271132 0.269045 0.241615 0.207535 0.190655 0.188694 0.205316 0.194586 0.170325 0.150507 0.146454 0.139300 0.146936 0.158976 0.188519 0.217151 0.240558 0.241438 0.227847 -9999.0 -9999.0 -9999.0 -9999.0 -9999.0 -9999.0 -9999.0 -9999.0 -9999.0 -9999.0
-9999.0 -9999.0 -9999.0 -9999.0 -9999.0 -9999.0 0.090593 0.091674 0.094418 0.095255 0.099244 0.100562 0.104625 0.108955 0.114036 0.118828 0.129146 0.142114 0.162914 0.190710 0.214606 0.211306 0.218975 0.248667 0.289382 0.317570 0.333652 0.352615 0.368737 0.369891 0.369968 0.369985 0.369995 0.370000 0.370000 0.370000 0.370000 0.370000 0.370000 0.370000 0.370000 0.370000 0.370000 0.370000 0.370000 0.370000 0.370000 0.370000 0.370000 0.370000 0.370000 0.369992 0.369772 0.367232 0.344001 0.305594 0.300229 0.308956 0.283253 0.238487 0.204355 0.196860 0.187129 0.178058 0.181935 0.195904 0.214167 0.223817 0.214921 0.200219 0.184517 0.166820 0.168087 0.184447 -9999.0 -9999.0 -9999.0 -9999.0 -9999.0 -9999.0
-9999.0 -9999.0 -9999.0 -9999.0 0.085133 0.086301 0.085142 0.087438 0.091181 0.095898 0.101601 0.109790 0.116900 0.126187 0.142812 0.162348 0.189784 0.215347 0.262302 0.320398 0.350771 0.360497 0.364732 0.369748 0.369996 0.370000 0.370000 0.370000 0.370000 0.370000 0.370000 0.370000 0.370000 0.370000 0.370000 0.370000 0.370000 0.370000 0.370000 0.370000 0.370000 0.370000 0.370000 0.370000 0.370000 0.370000 0.370000 0.370000 0.370000 0.370000 0.370000 0.370000 0.370000 0.370000 0.370000 0.370000 0.369997 0.369980 0.369234 0.362339 0.334409 0.314782 0.287710 0.265312 0.239414 0.240270 0.243326 0.228300 0.205792 0.184000 0.174973 0.164289 0.159114 0.177139 0.189209 0.212198 -9999.0 -9999.0 -9999.0 -9999.0
-9999.0 -9999.0 0.080539 0.084474 0.090424 0.091460 0.091745 0.092287 0.096148 0.105589 0.128318 0.151058 0.176781 0.196643 0.244747 0.317404 0.357579 0.367760 0.369917 0.369999 0.370000 0.370000 0.370000 0.370000 0.370000 0.370000 0.370000 0.370000 0.370000 0.370000 0.370000 0.370000 0.370000 0.370000 0.370000 0.370000 0.370000 0.370000 0.370000 0.370000 0.370000 0.370000 0.370000 0.370000 0.370000 0.370000 0.370000 0.370000 0.370000 0.370000 0.370000 0.370000 0.370000 0.370000 0.370000 0.370000 0.370000 0.370000 0.370000 0.370000 0.370000 0.369992 0.369710 0.365899 0.349316 0.329670 0.296973 0.265242 0.229527 0.196320 0.181255 0.170348 0.169692 0.170733 0.181303 0.192366 0.203813 0.209844 -9999.0 -9999.0
-9999.0 0.075508 0.078990 0.090171 0.102839 0.113328 0.126226 0.137760 0.147900 0.153431 0.226952 0.319775 0.361356 0.366979 0.369825 0.370000 0.370000 0.370000 0.370000 0.370000 0.370000 0.370000 0.370000 0.370000 0.370000 0.370000 0.370000 0.370000 0.370000 0.370000 0.370000 0.370000 0.370000 0.370000 0.370000 0.370000 0.370000 0.370000 0.370000 0.370000 0.370000 0.370000 0.370000 0.370000 0.370000 0.370000 0.370000 0.370000 0.370000 0.370000 0.370000 0.370000 0.370000 0.370000 0.370000 0.370000 0.370000 0.370000 0.370000 0.370000 0.370000 0.370000 0.370000 0.370000 0.369996 0.369645 0.363431 0.342006 0.300402 0.270211 0.245435 0.204905 0.188864 0.190857 0.185100 0.183953 0.188890 0.193572 -9999.0 -9999.0
-9999.0 0.073271 0.079151 0.099552 0.143850 0.177383 0.275318 0.336414 0.349082 0.338893 0.369049 0.370000 0.370000 0.370000 0.370000 0.370000 0.370000 0.370000 0.370000 0.370000 0.370000 0.370000 0.370000 0.370000 0.370000 0.370000 0.370000 0.370000 0.370000 0.370000 0.370000 0.370000 0.370000 0.370000 0.370000 0.370000 0.370000 0.370000 0.370000 0.370000 0.370000 0.370000 0.370000 0.370000 0.370000 0.370000 0.370000 0.370000 0.370000 0.370000 0.370000 0.370000 0.370000 0.370000 0.370000 0.370000 0.370000 0.370000 0.370000 0.370000 0.370000 0.370000 0.370000 0.370000 0.370000 0.370000 0.369999 0.369981 0.369025 0.362578 0.344112 0.306402 0.259393 0.237204 0.207160 0.192167 -9999.0 -9999.0 -9999.0 -9999.0
-9999.0 0.071847 0.078463 0.115878 0.265738 0.355991 0.369995 0.370000 0.370000 0.370000 0.370000 0.370000 0.370000 0.370000 0.370000 0.370000 0.370000 0.370000 0.370000 0.370000 0.370000 0.370000 0.370000 0.370000 0.370000 0.370000 0.370000 0.370000 0.370000 0.370000 0.370000 0.370000 0.370000 0.370000 0.369999 0.369996 0.369831 0.369633 0.369214 0.366901 0.363897 0.360868 0.364452 0.364047 0.363962 0.365611 0.368187 0.369239 0.369926 0.369995 0.370000 0.370000 0.370000 0.370000 0.370000 0.370000 0.370000 0.370000 0.370000 0.370000 0.370000 0.370000 0.370000 0.370000 0.370000 0.370000 0.370000 0.370000 0.370000 0.369998 0.369981 0.369500 0.359909 0.309044 0.277857 -9999.0 -9999.0 -9999.0 -9999.0 -9999.0
-9999.0 0.069747 0.075244 0.105937 0.305400 0.369997 0.370000 0.370000 0.370000 0.370000 0.370000 0.370000 0.370000 0.370000 0.370000 0.370000 0.370000 0.370000 0.370000 0.370000 0.370000 0.370000 0.370000 0.370000 0.370000 0.370000 0.370000 0.370000 0.370000 0.370000 0.369979 0.369850 0.365565 0.343325 0.314128 0.275501 0.230658 0.228793 0.240921 0.226760 0.209459 0.195561 0.214165 0.225494 0.233759 0.226176 0.233162 0.261221 0.300221 0.329961 0.354578 0.367302 0.369733 0.369993 0.369999 0.370000 0.370000 0.370000 0.370000 0.370000 0.370000 0.370000 0.370000 0.370000 0.370000 0.370000 0.370000 0.370000 0.370000 0.370000 0.370000 0.370000 0.369997 -9999.0 -9999.0 -9999.0 -9999.0 -9999.0 -9999.0 -9999.0
-9999.0 0.068697 0.071037 0.079461 0.133836 0.295478 0.368483 0.369997 0.370000 0.370000 0.370000 0.370000 0.370000 0.370000 0.370000 0.370000 0.370000 0.370000 0.370000 0.370000 0.369998 0.369996 0.369996 0.369991 0.369923 0.369766 0.369540 0.368533 0.363493 0.344698 0.288594 0.233364 0.186743 0.164009 0.148094 0.133568 0.119596 0.123149 0.128544 0.126750 0.122280 0.120613 0.130984 0.138236 0.142545 0.136417 0.144218 0.157384 0.181820 0.210287 0.247009 0.289581 0.326031 0.343866 0.352293 0.362568 0.368769 0.369967 0.370000 0.370000 0.370000 0.370000 0.370000 0.370000 0.370000 0.370000 0.370000 0.370000 0.370000 0.370000 0.370000 -9999.0 -9999.0 -9999.0 -9999.0 -9999.0 -9999.0 -9999.0 -9999.0 -9999.0
-9999.0 -9999.0 0.068690 0.070418 0.073834 0.083629 0.104616 0.135811 0.168539 0.224979 0.295582 0.341125 0.356557 0.360922 0.355358 0.337020 0.320355 0.320356 0.314192 0.302443 0.280790 0.271748 0.264112 0.257454 0.244949 0.238238 0.233901 0.225066 0.207437 0.175160 0.145708 0.124717 0.108912 0.103391 0.099162 0.095287 0.094642 0.094497 0.095632 0.095799 0.096568 0.098507 0.102477 0.107026 0.109195 0.110745 0.114011 0.120930 0.132522 0.150120 0.178993 0.217338 0.246330 0.254918 0.246498 0.251286 0.270030 0.306966 0.357183 0.369716 0.369999 0.370000 0.370000 0.370000 0.370000 0.370000 0.370000 0.370000 0.370000 0.370000 -9999.0 -9999.0 -9999.0 -9999.0 -9999.0 -9999.0 -9999.0 -9999.0 -9999.0 -9999.0
-9999.0 -9999.0 -9999.0 -9999.0 0.069026 0.070630 0.072271 0.074485 0.079881 0.088735 0.102189 0.120478 0.138311 0.148268 0.141797 0.137723 0.133837 0.132787 0.129716 0.127238 0.124862 0.122335 0.119181 0.116973 0.116674 0.117623 0.117147 0.113601 0.109755 0.103306 0.098524 0.092916 0.088189 0.085189 0.084019 0.083394 0.083433 0.083019 0.083846 0.084368 0.085747 0.087339 0.090138 0.093967 0.095830 0.098165 0.099896 0.104040 0.110948 0.126779 0.153165 0.185181 0.207678 0.208846 0.188350 0.176603 0.173456 0.190568 0.225287 0.283436 0.350511 0.368352 0.369973 0.369999 0.370000 0.370000 0.370000 0.370000 -9999.0 -9999.0 -9999.0 -9999.0 -9999.0 -9999.0 -9999.0 -9999.0 -9999.0 -9999.0 -9999.0 -9999.0
-9999.0 -9999.0 -9999.0 -9999.0 -9999.0 -9999.0 0.068650 0.069273 0.070163 0.071990 0.074870 0.078810 0.083789 0.085808 0.087257 0.089614 0.088969 0.087161 0.085599 0.087202 0.088094 0.087621 0.084979 0.084825 0.085110 0.086049 0.085974 0.085409 0.083231 0.083824 0.083645 0.081827 0.080035 0.079142 0.078490 0.079066 0.079127 0.078436 0.078606 0.080160 0.081497 0.082520 0.084439 0.087743 0.091620 0.093560 0.093653 0.094558 0.101879 0.119428 0.146228 0.174458 0.193533 0.197464 0.176740 0.152045 0.140594 0.142345 0.157905 0.188635 0.245676 0.285192 0.311037 0.329377 0.346894 0.368925 -9999.0 -9999.0 -9999.0 -9999.0 -9999.0 -9999.0 -9999.0 -9999.0 -9999.0 -9999.0 -9999.0 -9999.0 -9999.0 -9999.0
-9999.0 -9999.0 -9999.0 -9999.0 -9999.0 -9999.0 -9999.0 -9999.0 -9999.0 -9999.0 -9999.0 -9999.0 -9999.0 -9999.0 -9999.0 -9999.0 -9999.0 -9999.0 -9999.0 -9999.0 -9999.0 -9999.0 -9999.0 -9999.0 -9999.0 -9999.0 -9999.0 -9999.0 -9999.0 -9999.0 -9999.0 -9999.0 -9999.0 -9999.0 -9999.0 -9999.0 -9999.0 -9999.0 -9999.0 -9999.0 -9999.0 -9999.0 -9999.0 -9999.0 -9999.0 -9999.0 -9999.0 -9999.0 -9999.0 -9999.0 -9999.0 -9999.0 -9999.0 -9999.0 -9999.0 -9999.0 -9999.0 -9999.0 -9999.0 -9999.0 -9999.0 -9999.0 -9999.0 -9999.0 -9999.0 -9999.0 -9999.0 -9999.0 -9999.0 -9999.0 -9999.0 -9999.0 -9999.0 -9999.0 -9999.0 -9999.0 -9999.0 -9999.0 -9999.0 -9999.0
-9999.0 -9999.0 -9999.0 -9999.0 -9999.0 -9999.0 -9999.0 -9999.0 -9999.0 -9999.0 -9999.0 -9999.0 -9999.0 -9999.0 -9999.0 -9999.0 -9999.0 -9999.0 -9999.0 -9999.0 -9999.0 -9999.0 -9999.0 -9999.0 -9999.0 -9999.0 -9999.0 -9999.0 -9999.0 -9999.0 -9999.0 -9999.0 -9999.0 -9999.0 -9999.0 -9999.0 -9999.0 -9999.0 -9999.0 -9999.0 -9999.0 -9999.0 -9999.0 -9999.0 -9999.0 -9999.0 -9999.0 -9999.0 -9999.0 -9999.0 -9999.0 -9999.0 -9999.0 -9999.0 -9999.0 -9999.0 -9999.0 -9999.0 -9999.0 -9999.0 -9999.0 -9999.0 -9999.0 -9999.0 -9999.0 -9999.0 -9999.0 -9999.0 -9999.0 -9999.0 -9999.0 -9999.0 -9999.0 -9999.0 -9999.0 -9999.0 -9999.0 -9999.0 -9999.0 -9999.0