Borden_/Borden1m_014/output_maps/thetaliqL0001N0024.asc
ncols         80
nrows         18
xllcorner     620200.000000
yllcorner     5168000.000000
cellsize      1.000000
NODATA_value  -9999.0
-9999.0 -9999.0 -9999.0 -9999.0 -9999.0 -9999.0 -9999.0 -9999.0 -9999.0 -9999.0 -9999.0 -9999.0 -9999.0 -9999.0 -9999.0 -9999.0 -9999.0 -9999.0 -9999.0 -9999.0 -9999.0 -9999.0 -9999.0 -9999.0 -9999.0 -9999.0 -9999.0 -9999.0 -9999.0 -9999.0 -9999.0 -9999.0 -9999.0 -9999.0 -9999.0 -9999.0 -9999.0 -9999.0 -9999.0 -9999.0 -9999.0 -9999.0 -9999.0 -9999.0 -9999.0 -9999.0 -9999.0 -9999.0 -9999.0 -9999.0 -9999.0 -9999.0 -9999.0 -9999.0 -9999.0 -9999.0 -9999.0 -9999.0 -9999.0 -9999.0 -9999.0 -9999.0 -9999.0 -9999.0 -9999.0 -9999.0 -9999.0 -9999.0 -9999.0 -9999.0 -9999.0 -9999.0 -9999.0 -9999.0 -9999.0 -9999.0 -9999.0 -9999.0 -9999.0 -9999.0
-9999.0 -9999.0 -9999.0 -9999.0 -9999.0 -9999.0 -9999.0 -9999.0 -9999.0 -9999.0 -9999.0 -9999.0 -9999.0 -9999.0 -9999.0 -9999.0 -9999.0 -9999.0 -9999.0 -9999.0 -9999.0 -9999.0 -9999.0 -9999.0 -9999.0 -9999.0 -9999.0 -9999.0 -9999.0 -9999.0 -9999.0 -9999.0 -9999.0 -9999.0 -9999.0 -9999.0 -9999.0 -9999.0 -9999.0 -9999.0 -9999.0 -9999.0 -9999.0 -9999.0 -9999.0 -9999.0 -9999.0 -9999.0 -9999.0 -9999.0 -9999.0 -9999.0 -9999.0 -9999.0 -9999.0 -9999.0 -9999.0 -9999.0 -9999.0 -9999.0 -9999.0 -9999.0 -9999.0 -9999.0 -9999.0 -9999.0 -9999.0 -9999.0 -9999.0 -9999.0 -9999.0 -9999.0 -9999.0 -9999.0 -9999.0 -9999.0 -9999.0 -9999.0 -9999.0 -9999.0
-9999.0 -9999.0 -9999.0 -9999.0 -9999.0 -9999.0 -9999.0 -9999.0 -9999.0 -9999.0 -9999.0 -9999.0 -9999.0 -9999.0 -9999.0 -9999.0 -9999.0 -9999.0 -9999.0 -9999.0 0.201343 0.202006 0.200654 0.199154 0.197886 0.197711 0.199122 0.200737 0.202630 0.203000 0.201414 0.201815 0.201178 0.200819 0.200780 0.201210 0.201413 0.202024 0.202407 0.202214 0.201741 0.201410 0.201073 0.201166 0.201712 0.200991 0.202059 0.203104 0.203469 0.203487 0.202093 0.201533 0.201340 0.200112 0.202338 0.202968 0.204606 0.204750 0.205088 0.203244 0.201459 -9999.0 -9999.0 -9999.0 -9999.0 -9999.0 -9999.0 -9999.0 -9999.0 -9999.0 -9999.0 -9999.0 -9999.0 -9999.0 -9999.0 -9999.0 -9999.0 -9999.0 -9999.0 -9999.0
-9999.0 -9999.0 -9999.0 -9999.0 -9999.0 -9999.0 -9999.0 -9999.0 -9999.0 -9999.0 -9999.0 -9999.0 -9999.0 -9999.0 0.199037 0.198293 0.197944 0.197694 0.198958 0.199927 0.199915 0.199138 0.199800 0.198335 0.197049 0.197830 0.198898 0.199738 0.201207 0.202375 0.201265 0.200993 0.201580 0.203720 0.204669 0.204206 0.201657 0.204025 0.205217 0.206008 0.205907 0.204731 0.206368 0.208293 0.207291 0.205271 0.205678 0.206782 0.208679 0.207736 0.201534 0.200964 0.201310 0.201470 0.200664 0.200059 0.202293 0.201950 0.201599 0.201267 0.200044 0.198023 0.197118 0.199240 0.201103 0.205112 -9999.0 -9999.0 -9999.0 -9999.0 -9999.0 -9999.0 -9999.0 -9999.0 -9999.0 -9999.0 -9999.0 -9999.0 -9999.0 -9999.0
-9999.0 -9999.0 -9999.0 -9999.0 -9999.0 -9999.0 -9999.0 -9999.0 -9999.0 0.197940 0.197709 0.197901 0.197386 0.198011 0.196898 0.197136 0.196923 0.197771 0.198425 0.199614 0.201283 0.200002 0.199834 0.200745 0.200871 0.201190 0.201882 0.204663 0.207927 0.213364 0.208668 0.208477 0.210980 0.221001 0.230641 0.233675 0.228508 0.228405 0.234796 0.242855 0.242763 0.241982 0.251035 0.256708 0.261066 0.252165 0.243864 0.242535 0.253718 0.235305 0.220941 0.209987 0.210677 0.207245 0.203627 0.202336 0.201809 0.204427 0.203456 0.201160 0.199333 0.200006 0.198959 0.199969 0.200626 0.203631 0.206384 0.209163 0.209305 0.207510 -9999.0 -9999.0 -9999.0 -9999.0 -9999.0 -9999.0 -9999.0 -9999.0 -9999.0 -9999.0
-9999.0 -9999.0 -9999.0 -9999.0 -9999.0 -9999.0 0.196784 0.196667 0.197046 0.195681 0.196567 0.195887 0.196537 0.196793 0.197186 0.197157 0.198250 0.199179 0.200818 0.203066 0.205228 0.204013 0.204568 0.207795 0.214774 0.221710 0.226084 0.234273 0.265686 0.304731 0.322447 0.331008 0.341468 0.350107 0.361235 0.368359 0.360526 0.356701 0.359371 0.364909 0.369523 0.369531 0.369605 0.369686 0.369881 0.369858 0.365438 0.361964 0.360763 0.359618 0.351888 0.339135 0.293391 0.256111 0.230081 0.217984 0.215723 0.217299 0.212704 0.206909 0.203629 0.203675 0.203072 0.201855 0.202403 0.203595 0.205515 0.206748 0.205818 0.204593 0.203719 0.201723 0.202049 0.203998 -9999.0 -9999.0 -9999.0 -9999.0 -9999.0 -9999.0
-9999.0 -9999.0 -9999.0 -9999.0 0.194790 0.195385 0.193571 0.194555 0.195298 0.195834 0.195764 0.196770 0.196994 0.197688 0.199251 0.200465 0.202724 0.204408 0.209485 0.221454 0.234138 0.242430 0.247403 0.291375 0.341857 0.352842 0.355541 0.359537 0.365690 0.369911 0.369973 0.369981 0.369994 0.369999 0.370000 0.370000 0.370000 0.370000 0.370000 0.370000 0.370000 0.370000 0.370000 0.370000 0.370000 0.370000 0.370000 0.370000 0.370000 0.370000 0.369984 0.369955 0.368019 0.364956 0.362126 0.356149 0.342834 0.330441 0.271960 0.244196 0.225143 0.218777 0.213097 0.210422 0.206896 0.207523 0.208502 0.206755 0.204573 0.202545 0.202357 0.201498 0.200485 0.203000 0.203846 0.206628 -9999.0 -9999.0 -9999.0 -9999.0
-9999.0 -9999.0 0.194771 0.194763 0.196346 0.195291 0.194694 0.193806 0.194105 0.195595 0.198503 0.199685 0.201679 0.202691 0.207610 0.221661 0.240344 0.258090 0.312699 0.345723 0.357020 0.363213 0.369293 0.369789 0.369881 0.369998 0.370000 0.370000 0.370000 0.370000 0.370000 0.370000 0.370000 0.370000 0.370000 0.370000 0.370000 0.370000 0.370000 0.370000 0.370000 0.370000 0.370000 0.370000 0.370000 0.370000 0.370000 0.370000 0.370000 0.370000 0.370000 0.370000 0.370000 0.370000 0.369999 0.369999 0.369954 0.368431 0.366503 0.362229 0.349656 0.338023 0.289284 0.249987 0.230739 0.222427 0.214783 0.210346 0.206479 0.203023 0.202038 0.201470 0.201986 0.201602 0.202935 0.203926 0.205461 0.206028 -9999.0 -9999.0
-9999.0 0.194416 0.193787 0.196599 0.196931 0.197438 0.198212 0.198873 0.199598 0.198328 0.206509 0.224625 0.246209 0.255397 0.300758 0.351103 0.369352 0.369779 0.369781 0.369989 0.370000 0.370000 0.370000 0.370000 0.370000 0.370000 0.370000 0.370000 0.370000 0.370000 0.370000 0.370000 0.370000 0.370000 0.370000 0.370000 0.370000 0.370000 0.370000 0.370000 0.370000 0.370000 0.370000 0.370000 0.369999 0.370000 0.370000 0.370000 0.370000 0.370000 0.370000 0.370000 0.370000 0.370000 0.370000 0.370000 0.370000 0.370000 0.369998 0.369999 0.369722 0.368148 0.363799 0.353430 0.339606 0.285057 0.243646 0.226446 0.214944 0.210981 0.208613 0.203749 0.202564 0.203637 0.203003 0.202934 0.203531 0.203990 -9999.0 -9999.0
-9999.0 0.191806 0.194364 0.197276 0.200953 0.201308 0.216048 0.231478 0.237030 0.228505 0.275476 0.369463 0.369947 0.369946 0.369997 0.370000 0.370000 0.370000 0.370000 0.370000 0.370000 0.370000 0.370000 0.370000 0.370000 0.370000 0.370000 0.370000 0.370000 0.370000 0.370000 0.370000 0.370000 0.369997 0.369982 0.369965 0.369923 0.368862 0.366439 0.363379 0.361640 0.364203 0.362937 0.360382 0.359794 0.363152 0.366567 0.366211 0.366848 0.368303 0.369532 0.369990 0.369997 0.370000 0.370000 0.370000 0.370000 0.370000 0.370000 0.370000 0.370000 0.370000 0.369998 0.369563 0.366947 0.357088 0.345887 0.333238 0.270479 0.244788 0.229097 0.217175 0.209458 0.207881 0.204367 0.203901 -9999.0 -9999.0 -9999.0 -9999.0
-9999.0 0.191846 0.194372 0.200102 0.215217 0.243327 0.341760 0.366194 0.369996 0.369898 0.370000 0.370000 0.370000 0.370000 0.370000 0.370000 0.370000 0.370000 0.370000 0.370000 0.370000 0.370000 0.370000 0.370000 0.370000 0.370000 0.370000 0.370000 0.369870 0.369533 0.368912 0.368220 0.365970 0.354473 0.347787 0.341568 0.297452 0.285100 0.273300 0.254866 0.247642 0.243197 0.249290 0.247605 0.246984 0.250843 0.261634 0.271711 0.312999 0.339441 0.348355 0.357938 0.363077 0.367402 0.369364 0.369994 0.369999 0.370000 0.370000 0.370000 0.370000 0.370000 0.370000 0.370000 0.369999 0.369565 0.368331 0.363894 0.353911 0.343880 0.334202 0.285412 0.241664 0.219111 0.213785 -9999.0 -9999.0 -9999.0 -9999.0 -9999.0
-9999.0 0.188467 0.194780 0.199482 0.228227 0.345878 0.364036 0.370000 0.370000 0.370000 0.369886 0.369999 0.370000 0.370000 0.370000 0.369999 0.369999 0.369999 0.370000 0.369996 0.369775 0.369573 0.369531 0.369299 0.368553 0.367553 0.366480 0.364478 0.356976 0.349111 0.331546 0.304512 0.251757 0.230335 0.220772 0.212984 0.206307 0.206462 0.208518 0.206718 0.204855 0.202885 0.205228 0.206289 0.207348 0.206023 0.206354 0.209664 0.215504 0.222545 0.234646 0.254249 0.287683 0.337884 0.346118 0.356407 0.363290 0.367765 0.369742 0.370000 0.370000 0.370000 0.370000 0.370000 0.370000 0.370000 0.370000 0.369979 0.368421 0.364020 0.360053 0.353857 0.343021 -9999.0 -9999.0 -9999.0 -9999.0 -9999.0 -9999.0 -9999.0
-9999.0 0.186382 0.193286 0.194488 0.203119 0.224807 0.275806 0.347439 0.369400 0.357377 0.354310 0.358352 0.362302 0.364708 0.362078 0.357480 0.353619 0.354520 0.355006 0.350941 0.345342 0.342566 0.342183 0.337911 0.312661 0.293092 0.282022 0.264908 0.247166 0.231213 0.214041 0.207091 0.202554 0.201063 0.199986 0.198854 0.196607 0.197849 0.198804 0.198549 0.197824 0.197259 0.198914 0.199459 0.199984 0.198411 0.199466 0.200384 0.202541 0.204793 0.208173 0.213517 0.221078 0.227281 0.232631 0.243124 0.263933 0.326016 0.351188 0.366088 0.369441 0.369991 0.370000 0.370000 0.370000 0.370000 0.370000 0.370000 0.369996 0.368936 0.367334 -9999.0 -9999.0 -9999.0 -9999.0 -9999.0 -9999.0 -9999.0 -9999.0 -9999.0
-9999.0 -9999.0 0.185128 0.187983 0.190648 0.193222 0.196893 0.202087 0.206005 0.211676 0.220921 0.232876 0.241810 0.246420 0.240234 0.229142 0.223400 0.223849 0.222398 0.219508 0.214586 0.212741 0.211581 0.210669 0.208795 0.208029 0.207724 0.207087 0.205683 0.202595 0.199985 0.198285 0.196397 0.196526 0.196240 0.195572 0.196117 0.195988 0.196166 0.196055 0.196187 0.196474 0.196823 0.197309 0.197310 0.197433 0.197601 0.198140 0.198973 0.200069 0.202316 0.205784 0.208568 0.209262 0.207769 0.208278 0.210426 0.215856 0.236893 0.291741 0.344732 0.359218 0.367551 0.369435 0.369894 0.369988 0.370000 0.370000 0.370000 0.369472 -9999.0 -9999.0 -9999.0 -9999.0 -9999.0 -9999.0 -9999.0 -9999.0 -9999.0 -9999.0
-9999.0 -9999.0 -9999.0 -9999.0 0.184167 0.187989 0.191533 0.191166 0.193697 0.195143 0.196524 0.198260 0.199694 0.200704 0.199329 0.198962 0.198689 0.198927 0.198674 0.198297 0.198103 0.197896 0.197732 0.197434 0.197540 0.197808 0.197890 0.197393 0.197433 0.196446 0.196322 0.195790 0.195269 0.194655 0.194797 0.194715 0.194996 0.194704 0.195160 0.194859 0.195186 0.195323 0.195719 0.196374 0.196073 0.196454 0.196459 0.196966 0.197115 0.198449 0.200696 0.203403 0.205309 0.205214 0.202731 0.201768 0.201206 0.202754 0.205487 0.211840 0.231581 0.259471 0.327308 0.345926 0.353244 0.361780 0.368177 0.369860 -9999.0 -9999.0 -9999.0 -9999.0 -9999.0 -9999.0 -9999.0 -9999.0 -9999.0 -9999.0 -9999.0 -9999.0
-9999.0 -9999.0 -9999.0 -9999.0 -9999.0 -9999.0 0.185689 0.187537 0.187051 0.188323 0.189423 0.190318 0.191807 0.191515 0.191887 0.193109 0.192910 0.192339 0.191619 0.192705 0.193144 0.193274 0.192081 0.192419 0.192524 0.192994 0.192945 0.193158 0.192114 0.193324 0.193904 0.193683 0.193471 0.193710 0.193441 0.194227 0.194320 0.193695 0.193518 0.194402 0.194635 0.194486 0.194644 0.195233 0.196118 0.196227 0.195801 0.195207 0.196108 0.198195 0.200578 0.202747 0.204213 0.204741 0.202695 0.200005 0.198698 0.198513 0.199579 0.201673 0.207094 0.211174 0.214870 0.220438 0.226865 0.263929 -9999.0 -9999.0 -9999.0 -9999.0 -9999.0 -9999.0 -9999.0 -9999.0 -9999.0 -9999.0 -9999.0 -9999.0 -9999.0 -9999.0
-9999.0 -9999.0 -9999.0 -9999.0 -9999.0 -9999.0 -9999.0 -9999.0 -9999.0 -9999.0 -9999.0 -9999.0 -9999.0 -9999.0 -9999.0 -9999.0 -9999.0 -9999.0 -9999.0 -9999.0 -9999.0 -9999.0 -9999.0 -9999.0 -9999.0 -9999.0 -9999.0 -9999.0 -9999.0 -9999.0 -9999.0 -9999.0 -9999.0 -9999.0 -9999.0 -9999.0 -9999.0 -9999.0 -9999.0 -9999.0 -9999.0 -9999.0 -9999.0 -9999.0 -9999.0 -9999.0 -9999.0 -9999.0 -9999.0 -9999.0 -9999.0 -9999.0 -9999.0 -9999.0 -9999.0 -9999.0 -9999.0 -9999.0 -9999.0 -9999.0 -9999.0 -9999.0 -9999.0 -9999.0 -9999.0 -9999.0 -9999.0 -9999.0 -9999.0 -9999.0 -9999.0 -9999.0 -9999.0 -9999.0 -9999.0 -9999.0 -9999.0 -9999.0 -9999.0 -9999.0
-9999.0 -9999.0 -9999.0 -9999.0 -9999.0 -9999.0 -9999.0 -9999.0 -9999.0 -9999.0 -9999.0 -9999.0 -9999.0 -9999.0 -9999.0 -9999.0 -9999.0 -9999.0 -9999.0 -9999.0 -9999.0 -9999.0 -9999.0 -9999.0 -9999.0 -9999.0 -9999.0 -9999.0 -9999.0 -9999.0 -9999.0 -9999.0 -9999.0 -9999.0 -9999.0 -9999.0 -9999.0 -9999.0 -9999.0 -9999.0 -9999.0 -9999.0 -9999.0 -9999.0 -9999.0 -9999.0 -9999.0 -9999.0 -9999.0 -9999.0 -9999.0 -9999.0 -9999.0 -9999.0 -9999.0 -9999.0 -9999.0 -9999.0 -9999.0 -9999.0 -9999.0 -9999.0 -9999.0 -9999.0 -9999.0 -9999.0 -9999.0 -9999.0 -9999.0 -9999.0 -9999.0 -9999.0 -9999.0 -9999.0 -9999.0 -9999.0 -9999.0 -9999.0 -9999.0 -9999.0