Borden_/Borden1m_014/output_maps/thetaliqL0002N0029.asc
ncols         80
nrows         18
xllcorner     620200.000000
yllcorner     5168000.000000
cellsize      1.000000
NODATA_value  -9999.0
-9999.0 -9999.0 -9999.0 -9999.0 -9999.0 -9999.0 -9999.0 -9999.0 -9999.0 -9999.0 -9999.0 -9999.0 -9999.0 -9999.0 -9999.0 -9999.0 -9999.0 -9999.0 -9999.0 -9999.0 -9999.0 -9999.0 -9999.0 -9999.0 -9999.0 -9999.0 -9999.0 -9999.0 -9999.0 -9999.0 -9999.0 -9999.0 -9999.0 -9999.0 -9999.0 -9999.0 -9999.0 -9999.0 -9999.0 -9999.0 -9999.0 -9999.0 -9999.0 -9999.0 -9999.0 -9999.0 -9999.0 -9999.0 -9999.0 -9999.0 -9999.0 -9999.0 -9999.0 -9999.0 -9999.0 -9999.0 -9999.0 -9999.0 -9999.0 -9999.0 -9999.0 -9999.0 -9999.0 -9999.0 -9999.0 -9999.0 -9999.0 -9999.0 -9999.0 -9999.0 -9999.0 -9999.0 -9999.0 -9999.0 -9999.0 -9999.0 -9999.0 -9999.0 -9999.0 -9999.0
-9999.0 -9999.0 -9999.0 -9999.0 -9999.0 -9999.0 -9999.0 -9999.0 -9999.0 -9999.0 -9999.0 -9999.0 -9999.0 -9999.0 -9999.0 -9999.0 -9999.0 -9999.0 -9999.0 -9999.0 -9999.0 -9999.0 -9999.0 -9999.0 -9999.0 -9999.0 -9999.0 -9999.0 -9999.0 -9999.0 -9999.0 -9999.0 -9999.0 -9999.0 -9999.0 -9999.0 -9999.0 -9999.0 -9999.0 -9999.0 -9999.0 -9999.0 -9999.0 -9999.0 -9999.0 -9999.0 -9999.0 -9999.0 -9999.0 -9999.0 -9999.0 -9999.0 -9999.0 -9999.0 -9999.0 -9999.0 -9999.0 -9999.0 -9999.0 -9999.0 -9999.0 -9999.0 -9999.0 -9999.0 -9999.0 -9999.0 -9999.0 -9999.0 -9999.0 -9999.0 -9999.0 -9999.0 -9999.0 -9999.0 -9999.0 -9999.0 -9999.0 -9999.0 -9999.0 -9999.0
-9999.0 -9999.0 -9999.0 -9999.0 -9999.0 -9999.0 -9999.0 -9999.0 -9999.0 -9999.0 -9999.0 -9999.0 -9999.0 -9999.0 -9999.0 -9999.0 -9999.0 -9999.0 -9999.0 -9999.0 0.193592 0.194252 0.192803 0.191174 0.189823 0.189658 0.191175 0.192959 0.195045 0.195481 0.193805 0.194200 0.193544 0.193191 0.193172 0.193629 0.193845 0.194523 0.194961 0.194770 0.194260 0.193893 0.193556 0.193672 0.194241 0.193474 0.194618 0.195766 0.196184 0.196158 0.194579 0.193923 0.193684 0.192403 0.194732 0.195443 0.197233 0.197419 0.197740 0.195720 0.193772 -9999.0 -9999.0 -9999.0 -9999.0 -9999.0 -9999.0 -9999.0 -9999.0 -9999.0 -9999.0 -9999.0 -9999.0 -9999.0 -9999.0 -9999.0 -9999.0 -9999.0 -9999.0 -9999.0
-9999.0 -9999.0 -9999.0 -9999.0 -9999.0 -9999.0 -9999.0 -9999.0 -9999.0 -9999.0 -9999.0 -9999.0 -9999.0 -9999.0 0.190911 0.190153 0.189803 0.189591 0.190950 0.192032 0.192088 0.191292 0.191929 0.190389 0.189050 0.189864 0.191038 0.192027 0.193680 0.194972 0.193787 0.193497 0.194145 0.196460 0.197526 0.197046 0.194364 0.196877 0.198212 0.199094 0.198981 0.197736 0.199504 0.201591 0.200532 0.198344 0.198776 0.199996 0.202053 0.200922 0.194208 0.193489 0.193810 0.193923 0.193052 0.192427 0.194780 0.194462 0.194064 0.193617 0.192231 0.190050 0.189099 0.191334 0.193401 0.197748 -9999.0 -9999.0 -9999.0 -9999.0 -9999.0 -9999.0 -9999.0 -9999.0 -9999.0 -9999.0 -9999.0 -9999.0 -9999.0 -9999.0
-9999.0 -9999.0 -9999.0 -9999.0 -9999.0 -9999.0 -9999.0 -9999.0 -9999.0 0.189658 0.189448 0.189653 0.189161 0.189814 0.188729 0.188981 0.188798 0.189715 0.190480 0.191809 0.193600 0.192289 0.192123 0.193076 0.193233 0.193628 0.194457 0.197532 0.201222 0.207194 0.202174 0.201963 0.204703 0.215402 0.226108 0.229792 0.223735 0.223685 0.231029 0.240643 0.241000 0.240143 0.251399 0.258843 0.264279 0.252811 0.242062 0.240422 0.253848 0.231612 0.215275 0.203593 0.204248 0.200442 0.196450 0.194989 0.194463 0.197223 0.196143 0.193613 0.191603 0.192203 0.191102 0.192178 0.192964 0.196248 0.199316 0.202382 0.202536 0.200575 -9999.0 -9999.0 -9999.0 -9999.0 -9999.0 -9999.0 -9999.0 -9999.0 -9999.0 -9999.0
-9999.0 -9999.0 -9999.0 -9999.0 -9999.0 -9999.0 0.188347 0.188254 0.188665 0.187356 0.188274 0.187633 0.188318 0.188622 0.189072 0.189102 0.190284 0.191342 0.193177 0.195693 0.198102 0.196871 0.197508 0.201079 0.208534 0.215987 0.220932 0.230487 0.269646 0.310845 0.325943 0.332540 0.339561 0.349986 0.362306 0.367551 0.361763 0.358045 0.361063 0.366312 0.369661 0.369676 0.369729 0.369789 0.369926 0.369910 0.366806 0.363753 0.362430 0.361017 0.352099 0.336943 0.299560 0.257407 0.225545 0.211999 0.209720 0.211686 0.206522 0.200076 0.196414 0.196371 0.195666 0.194380 0.194968 0.196311 0.198428 0.199770 0.198738 0.197342 0.196286 0.194127 0.194460 0.196556 -9999.0 -9999.0 -9999.0 -9999.0 -9999.0 -9999.0
-9999.0 -9999.0 -9999.0 -9999.0 0.186333 0.186928 0.185153 0.186145 0.186924 0.187515 0.187526 0.188605 0.188912 0.189699 0.191409 0.192805 0.195326 0.197297 0.202968 0.215903 0.230134 0.240050 0.247055 0.298423 0.340531 0.353153 0.356527 0.361146 0.366815 0.369946 0.369986 0.369949 0.369997 0.369994 0.370000 0.370000 0.370000 0.370000 0.370000 0.370000 0.370000 0.370000 0.370000 0.370000 0.370000 0.370000 0.370000 0.370000 0.369999 0.370000 0.370000 0.369975 0.368592 0.366255 0.363577 0.357002 0.341149 0.329419 0.277452 0.242335 0.220072 0.213190 0.207010 0.203953 0.200110 0.200752 0.201766 0.199837 0.197395 0.195140 0.194844 0.193878 0.192831 0.195495 0.196473 0.199485 -9999.0 -9999.0 -9999.0 -9999.0
-9999.0 -9999.0 0.186229 0.186288 0.187917 0.186914 0.186332 0.185481 0.185828 0.187401 0.190494 0.191902 0.194139 0.195373 0.200827 0.216002 0.237733 0.260726 0.316449 0.345344 0.358338 0.364744 0.369465 0.369868 0.369983 0.369999 0.370000 0.370000 0.370000 0.370000 0.370000 0.370000 0.370000 0.370000 0.370000 0.370000 0.370000 0.370000 0.370000 0.370000 0.370000 0.370000 0.370000 0.370000 0.370000 0.370000 0.370000 0.370000 0.370000 0.370000 0.370000 0.370000 0.370000 0.370000 0.370000 0.370000 0.369971 0.368807 0.367347 0.363562 0.349256 0.335165 0.295083 0.249900 0.226767 0.217480 0.208933 0.203933 0.199578 0.195759 0.194611 0.193925 0.194418 0.194059 0.195487 0.196594 0.198238 0.198874 -9999.0 -9999.0
-9999.0 0.185767 0.185234 0.188137 0.188650 0.189276 0.190156 0.190917 0.191748 0.190604 0.199468 0.219381 0.244558 0.257056 0.306768 0.352405 0.369538 0.369857 0.369951 0.369995 0.370000 0.370000 0.370000 0.370000 0.370000 0.370000 0.370000 0.370000 0.370000 0.370000 0.370000 0.370000 0.370000 0.370000 0.370000 0.370000 0.370000 0.370000 0.370000 0.370000 0.370000 0.370000 0.370000 0.370000 0.370000 0.370000 0.370000 0.370000 0.369999 0.370000 0.370000 0.370000 0.370000 0.370000 0.370000 0.370000 0.370000 0.370000 0.370000 0.370000 0.369811 0.368511 0.364746 0.353856 0.337296 0.290679 0.242228 0.222142 0.209170 0.204629 0.201890 0.196574 0.195219 0.196288 0.195603 0.195522 0.196166 0.196673 -9999.0 -9999.0
-9999.0 0.183168 0.185756 0.188899 0.193037 0.193778 0.209436 0.226514 0.233575 0.223974 0.281440 0.369616 0.369969 0.369969 0.369999 0.370000 0.370000 0.370000 0.370000 0.370000 0.370000 0.370000 0.370000 0.370000 0.370000 0.370000 0.370000 0.370000 0.370000 0.370000 0.370000 0.370000 0.370000 0.369999 0.369990 0.369978 0.369936 0.369186 0.367457 0.365088 0.363548 0.365755 0.364666 0.362236 0.361679 0.364861 0.367617 0.367272 0.367612 0.368714 0.369677 0.369995 0.369999 0.370000 0.370000 0.370000 0.370000 0.370000 0.370000 0.370000 0.370000 0.370000 0.369999 0.369685 0.367341 0.357379 0.344058 0.328968 0.274648 0.242964 0.224768 0.211538 0.202964 0.201074 0.197220 0.196566 -9999.0 -9999.0 -9999.0 -9999.0
-9999.0 0.183119 0.185692 0.191784 0.208594 0.239862 0.339744 0.366891 0.369997 0.369941 0.370000 0.370000 0.370000 0.370000 0.370000 0.370000 0.370000 0.370000 0.370000 0.370000 0.370000 0.370000 0.370000 0.370000 0.370000 0.370000 0.370000 0.370000 0.369920 0.369665 0.369195 0.368708 0.366987 0.355422 0.347126 0.339967 0.304615 0.291670 0.278361 0.255720 0.246406 0.240925 0.248333 0.246431 0.245767 0.250591 0.264300 0.277242 0.315921 0.336891 0.347754 0.359182 0.364248 0.367913 0.369536 0.369997 0.370000 0.370000 0.370000 0.370000 0.370000 0.370000 0.370000 0.370000 0.370000 0.369636 0.368310 0.362596 0.351853 0.340266 0.329005 0.289129 0.239137 0.213578 0.207591 -9999.0 -9999.0 -9999.0 -9999.0 -9999.0
-9999.0 0.179713 0.185928 0.190964 0.222039 0.344915 0.364682 0.370000 0.370000 0.370000 0.369930 0.370000 0.370000 0.370000 0.370000 0.370000 0.370000 0.370000 0.370000 0.369998 0.369836 0.369675 0.369651 0.369471 0.368938 0.368208 0.367406 0.365751 0.358226 0.348788 0.329398 0.308604 0.251608 0.225685 0.214963 0.206538 0.199337 0.199468 0.201653 0.199691 0.197639 0.195546 0.198072 0.199265 0.200417 0.199014 0.199441 0.203116 0.209672 0.217487 0.231128 0.255543 0.294252 0.335186 0.345011 0.357549 0.364616 0.368267 0.369839 0.370000 0.370000 0.370000 0.370000 0.370000 0.370000 0.370000 0.370000 0.369723 0.366027 0.361338 0.358049 0.352170 0.339562 -9999.0 -9999.0 -9999.0 -9999.0 -9999.0 -9999.0 -9999.0
-9999.0 0.177700 0.184354 0.185647 0.194749 0.218382 0.278369 0.346526 0.369420 0.358223 0.354865 0.359618 0.363816 0.366018 0.363592 0.358653 0.354143 0.355046 0.355447 0.350469 0.343166 0.339679 0.339397 0.335740 0.316291 0.299214 0.287907 0.268161 0.245668 0.226680 0.207928 0.200141 0.195095 0.193376 0.192147 0.190880 0.188544 0.189793 0.190783 0.190519 0.189768 0.189205 0.190937 0.191556 0.192117 0.190522 0.191639 0.192687 0.195076 0.197630 0.201454 0.207479 0.215995 0.223057 0.228880 0.241296 0.268166 0.325250 0.351571 0.366850 0.369600 0.369995 0.370000 0.370000 0.370000 0.370000 0.370000 0.370000 0.367932 0.365844 0.365463 -9999.0 -9999.0 -9999.0 -9999.0 -9999.0 -9999.0 -9999.0 -9999.0 -9999.0
-9999.0 -9999.0 0.176453 0.179202 0.181768 0.184428 0.188308 0.193688 0.198078 0.204292 0.214531 0.228040 0.238558 0.244127 0.236779 0.224107 0.217695 0.218131 0.216505 0.213341 0.208090 0.206214 0.204992 0.204021 0.201979 0.201126 0.200765 0.200014 0.198404 0.194996 0.192124 0.190225 0.188202 0.188253 0.187920 0.187225 0.187751 0.187619 0.187808 0.187705 0.187850 0.188159 0.188553 0.189088 0.189119 0.189263 0.189468 0.190077 0.191026 0.192304 0.194838 0.198714 0.201863 0.202674 0.201060 0.201612 0.204015 0.210177 0.233786 0.296875 0.344096 0.360409 0.367931 0.369479 0.369749 0.369992 0.370000 0.369637 0.359566 0.361782 -9999.0 -9999.0 -9999.0 -9999.0 -9999.0 -9999.0 -9999.0 -9999.0 -9999.0 -9999.0
-9999.0 -9999.0 -9999.0 -9999.0 0.175484 0.179194 0.182649 0.182350 0.184920 0.186511 0.188077 0.190027 0.191667 0.192774 0.191375 0.190994 0.190688 0.190898 0.190612 0.190228 0.190024 0.189795 0.189588 0.189274 0.189379 0.189656 0.189731 0.189205 0.189188 0.188163 0.187988 0.187396 0.186825 0.186185 0.186304 0.186220 0.186493 0.186201 0.186655 0.186379 0.186720 0.186879 0.187308 0.188003 0.187743 0.188147 0.188175 0.188721 0.188959 0.190453 0.192954 0.195980 0.198129 0.198051 0.195366 0.194278 0.193686 0.195390 0.198486 0.205647 0.227596 0.262658 0.326452 0.344327 0.352476 0.361803 0.366690 0.367406 -9999.0 -9999.0 -9999.0 -9999.0 -9999.0 -9999.0 -9999.0 -9999.0 -9999.0 -9999.0 -9999.0 -9999.0
-9999.0 -9999.0 -9999.0 -9999.0 -9999.0 -9999.0 0.176971 0.178785 0.178316 0.179634 0.180811 0.181782 0.183326 0.183096 0.183501 0.184730 0.184534 0.183948 0.183220 0.184303 0.184754 0.184870 0.183667 0.183995 0.184107 0.184576 0.184528 0.184725 0.183682 0.184874 0.185440 0.185196 0.184961 0.185179 0.184908 0.185679 0.185771 0.185153 0.184981 0.185868 0.186120 0.185996 0.186180 0.186806 0.187723 0.187862 0.187452 0.186890 0.187861 0.190113 0.192756 0.195210 0.196878 0.197440 0.195186 0.192272 0.190865 0.190702 0.191916 0.194315 0.200359 0.205042 0.209336 0.215226 0.222594 0.268505 -9999.0 -9999.0 -9999.0 -9999.0 -9999.0 -9999.0 -9999.0 -9999.0 -9999.0 -9999.0 -9999.0 -9999.0 -9999.0 -9999.0
-9999.0 -9999.0 -9999.0 -9999.0 -9999.0 -9999.0 -9999.0 -9999.0 -9999.0 -9999.0 -9999.0 -9999.0 -9999.0 -9999.0 -9999.0 -9999.0 -9999.0 -9999.0 -9999.0 -9999.0 -9999.0 -9999.0 -9999.0 -9999.0 -9999.0 -9999.0 -9999.0 -9999.0 -9999.0 -9999.0 -9999.0 -9999.0 -9999.0 -9999.0 -9999.0 -9999.0 -9999.0 -9999.0 -9999.0 -9999.0 -9999.0 -9999.0 -9999.0 -9999.0 -9999.0 -9999.0 -9999.0 -9999.0 -9999.0 -9999.0 -9999.0 -9999.0 -9999.0 -9999.0 -9999.0 -9999.0 -9999.0 -9999.0 -9999.0 -9999.0 -9999.0 -9999.0 -9999.0 -9999.0 -9999.0 -9999.0 -9999.0 -9999.0 -9999.0 -9999.0 -9999.0 -9999.0 -9999.0 -9999.0 -9999.0 -9999.0 -9999.0 -9999.0 -9999.0 -9999.0
-9999.0 -9999.0 -9999.0 -9999.0 -9999.0 -9999.0 -9999.0 -9999.0 -9999.0 -9999.0 -9999.0 -9999.0 -9999.0 -9999.0 -9999.0 -9999.0 -9999.0 -9999.0 -9999.0 -9999.0 -9999.0 -9999.0 -9999.0 -9999.0 -9999.0 -9999.0 -9999.0 -9999.0 -9999.0 -9999.0 -9999.0 -9999.0 -9999.0 -9999.0 -9999.0 -9999.0 -9999.0 -9999.0 -9999.0 -9999.0 -9999.0 -9999.0 -9999.0 -9999.0 -9999.0 -9999.0 -9999.0 -9999.0 -9999.0 -9999.0 -9999.0 -9999.0 -9999.0 -9999.0 -9999.0 -9999.0 -9999.0 -9999.0 -9999.0 -9999.0 -9999.0 -9999.0 -9999.0 -9999.0 -9999.0 -9999.0 -9999.0 -9999.0 -9999.0 -9999.0 -9999.0 -9999.0 -9999.0 -9999.0 -9999.0 -9999.0 -9999.0 -9999.0 -9999.0 -9999.0