Borden_/Borden1m_014/output_maps/thetaliqL0005N0011.asc
ncols         80
nrows         18
xllcorner     620200.000000
yllcorner     5168000.000000
cellsize      1.000000
NODATA_value  -9999.0
-9999.0 -9999.0 -9999.0 -9999.0 -9999.0 -9999.0 -9999.0 -9999.0 -9999.0 -9999.0 -9999.0 -9999.0 -9999.0 -9999.0 -9999.0 -9999.0 -9999.0 -9999.0 -9999.0 -9999.0 -9999.0 -9999.0 -9999.0 -9999.0 -9999.0 -9999.0 -9999.0 -9999.0 -9999.0 -9999.0 -9999.0 -9999.0 -9999.0 -9999.0 -9999.0 -9999.0 -9999.0 -9999.0 -9999.0 -9999.0 -9999.0 -9999.0 -9999.0 -9999.0 -9999.0 -9999.0 -9999.0 -9999.0 -9999.0 -9999.0 -9999.0 -9999.0 -9999.0 -9999.0 -9999.0 -9999.0 -9999.0 -9999.0 -9999.0 -9999.0 -9999.0 -9999.0 -9999.0 -9999.0 -9999.0 -9999.0 -9999.0 -9999.0 -9999.0 -9999.0 -9999.0 -9999.0 -9999.0 -9999.0 -9999.0 -9999.0 -9999.0 -9999.0 -9999.0 -9999.0
-9999.0 -9999.0 -9999.0 -9999.0 -9999.0 -9999.0 -9999.0 -9999.0 -9999.0 -9999.0 -9999.0 -9999.0 -9999.0 -9999.0 -9999.0 -9999.0 -9999.0 -9999.0 -9999.0 -9999.0 -9999.0 -9999.0 -9999.0 -9999.0 -9999.0 -9999.0 -9999.0 -9999.0 -9999.0 -9999.0 -9999.0 -9999.0 -9999.0 -9999.0 -9999.0 -9999.0 -9999.0 -9999.0 -9999.0 -9999.0 -9999.0 -9999.0 -9999.0 -9999.0 -9999.0 -9999.0 -9999.0 -9999.0 -9999.0 -9999.0 -9999.0 -9999.0 -9999.0 -9999.0 -9999.0 -9999.0 -9999.0 -9999.0 -9999.0 -9999.0 -9999.0 -9999.0 -9999.0 -9999.0 -9999.0 -9999.0 -9999.0 -9999.0 -9999.0 -9999.0 -9999.0 -9999.0 -9999.0 -9999.0 -9999.0 -9999.0 -9999.0 -9999.0 -9999.0 -9999.0
-9999.0 -9999.0 -9999.0 -9999.0 -9999.0 -9999.0 -9999.0 -9999.0 -9999.0 -9999.0 -9999.0 -9999.0 -9999.0 -9999.0 -9999.0 -9999.0 -9999.0 -9999.0 -9999.0 -9999.0 0.107762 0.108520 0.103283 0.096837 0.092419 0.092608 0.098047 0.106111 0.115540 0.118586 0.113277 0.113458 0.111931 0.111911 0.112692 0.114173 0.114720 0.118070 0.120663 0.120579 0.118645 0.116859 0.116276 0.117343 0.118803 0.116443 0.120501 0.125636 0.128115 0.126419 0.117669 0.113250 0.111299 0.107926 0.114373 0.118270 0.126012 0.127772 0.127598 0.118700 0.110360 -9999.0 -9999.0 -9999.0 -9999.0 -9999.0 -9999.0 -9999.0 -9999.0 -9999.0 -9999.0 -9999.0 -9999.0 -9999.0 -9999.0 -9999.0 -9999.0 -9999.0 -9999.0 -9999.0
-9999.0 -9999.0 -9999.0 -9999.0 -9999.0 -9999.0 -9999.0 -9999.0 -9999.0 -9999.0 -9999.0 -9999.0 -9999.0 -9999.0 0.091634 0.090235 0.089791 0.090813 0.095620 0.100782 0.103299 0.101655 0.101544 0.097144 0.093891 0.095991 0.101021 0.107517 0.116165 0.122323 0.118062 0.117072 0.120218 0.129761 0.135479 0.134234 0.126040 0.134331 0.141072 0.145402 0.144834 0.140875 0.147710 0.155852 0.152437 0.144038 0.145356 0.150895 0.158852 0.151272 0.124554 0.117899 0.117374 0.115745 0.112399 0.110838 0.117846 0.118445 0.116216 0.111487 0.104061 0.095941 0.093314 0.099702 0.109452 0.127196 -9999.0 -9999.0 -9999.0 -9999.0 -9999.0 -9999.0 -9999.0 -9999.0 -9999.0 -9999.0 -9999.0 -9999.0 -9999.0 -9999.0
-9999.0 -9999.0 -9999.0 -9999.0 -9999.0 -9999.0 -9999.0 -9999.0 -9999.0 0.085304 0.085585 0.086241 0.086351 0.087969 0.087753 0.088466 0.089375 0.092638 0.097338 0.103880 0.110457 0.107749 0.107642 0.110627 0.112537 0.115937 0.121869 0.136223 0.155342 0.178798 0.161719 0.160354 0.170981 0.204692 0.237238 0.245979 0.230211 0.231141 0.252263 0.274372 0.273561 0.271938 0.291524 0.301847 0.308035 0.294002 0.278071 0.275253 0.296134 0.254059 0.203059 0.166639 0.167446 0.151085 0.132903 0.124700 0.123904 0.132469 0.127123 0.115420 0.106302 0.104518 0.101314 0.104744 0.110278 0.124538 0.139741 0.153773 0.154440 0.146112 -9999.0 -9999.0 -9999.0 -9999.0 -9999.0 -9999.0 -9999.0 -9999.0 -9999.0 -9999.0
-9999.0 -9999.0 -9999.0 -9999.0 -9999.0 -9999.0 0.079344 0.079846 0.081118 0.081510 0.083336 0.083941 0.085789 0.087747 0.090015 0.092166 0.096783 0.102571 0.112006 0.125100 0.136997 0.134963 0.138674 0.154547 0.179864 0.203062 0.220662 0.250772 0.312701 0.341466 0.349403 0.352178 0.357615 0.369972 0.370000 0.370000 0.370000 0.370000 0.370000 0.370000 0.370000 0.370000 0.370000 0.370000 0.370000 0.370000 0.370000 0.370000 0.370000 0.370000 0.370000 0.358139 0.333564 0.300205 0.235944 0.190662 0.187477 0.198454 0.178566 0.149741 0.131667 0.128170 0.123524 0.119169 0.121079 0.128112 0.137920 0.143469 0.138516 0.130637 0.122629 0.114047 0.114659 0.122659 -9999.0 -9999.0 -9999.0 -9999.0 -9999.0 -9999.0
-9999.0 -9999.0 -9999.0 -9999.0 0.076748 0.077308 0.076755 0.077850 0.079616 0.081805 0.084426 0.088142 0.091335 0.095477 0.102922 0.111774 0.124498 0.136870 0.162697 0.207110 0.249328 0.272390 0.283690 0.329743 0.364290 0.370000 0.370000 0.370000 0.370000 0.370000 0.370000 0.370000 0.370000 0.370000 0.370000 0.370000 0.370000 0.370000 0.370000 0.370000 0.370000 0.370000 0.370000 0.370000 0.370000 0.370000 0.370000 0.370000 0.370000 0.370000 0.370000 0.370000 0.370000 0.370000 0.370000 0.370000 0.365127 0.352818 0.319400 0.277496 0.221639 0.202310 0.181492 0.166875 0.151191 0.152284 0.154586 0.145737 0.133375 0.122267 0.117891 0.112820 0.110427 0.119037 0.125068 0.137315 -9999.0 -9999.0 -9999.0 -9999.0
-9999.0 -9999.0 0.074504 0.076439 0.079273 0.079762 0.079915 0.080172 0.081967 0.086282 0.096527 0.106688 0.118383 0.127591 0.152339 0.204362 0.263920 0.301614 0.341284 0.369097 0.370000 0.370000 0.370000 0.370000 0.370000 0.370000 0.370000 0.370000 0.370000 0.370000 0.370000 0.370000 0.370000 0.370000 0.370000 0.370000 0.370000 0.370000 0.370000 0.370000 0.370000 0.370000 0.370000 0.370000 0.370000 0.370000 0.370000 0.370000 0.370000 0.370000 0.370000 0.370000 0.370000 0.370000 0.370000 0.370000 0.370000 0.370000 0.370000 0.370000 0.370000 0.360762 0.329519 0.290281 0.247820 0.223957 0.192142 0.168394 0.146155 0.128308 0.120872 0.115648 0.115377 0.115916 0.121082 0.126689 0.132725 0.136019 -9999.0 -9999.0
-9999.0 0.071952 0.073742 0.079188 0.085051 0.089823 0.095736 0.100947 0.105416 0.107708 0.142926 0.208669 0.278142 0.298306 0.335222 0.370000 0.370000 0.370000 0.370000 0.370000 0.370000 0.370000 0.370000 0.370000 0.370000 0.370000 0.370000 0.370000 0.370000 0.370000 0.370000 0.370000 0.370000 0.370000 0.370000 0.370000 0.370000 0.370000 0.370000 0.370000 0.370000 0.370000 0.370000 0.370000 0.370000 0.370000 0.370000 0.370000 0.370000 0.370000 0.370000 0.370000 0.370000 0.370000 0.370000 0.370000 0.370000 0.370000 0.370000 0.370000 0.370000 0.370000 0.370000 0.370000 0.365227 0.325541 0.280507 0.238402 0.193911 0.171500 0.155771 0.132841 0.124701 0.125804 0.122937 0.122402 0.124925 0.127339 -9999.0 -9999.0
-9999.0 0.070771 0.073854 0.083641 0.103766 0.119141 0.172771 0.232240 0.251331 0.232517 0.317742 0.370000 0.370000 0.370000 0.370000 0.370000 0.370000 0.370000 0.370000 0.370000 0.370000 0.370000 0.370000 0.370000 0.370000 0.370000 0.370000 0.370000 0.370000 0.370000 0.370000 0.370000 0.370000 0.370000 0.370000 0.370000 0.370000 0.370000 0.370000 0.370000 0.370000 0.370000 0.370000 0.370000 0.370000 0.370000 0.370000 0.370000 0.370000 0.370000 0.370000 0.370000 0.370000 0.370000 0.370000 0.370000 0.370000 0.370000 0.370000 0.370000 0.370000 0.370000 0.370000 0.370000 0.370000 0.370000 0.369813 0.355392 0.316791 0.281118 0.242976 0.200657 0.164873 0.151502 0.134405 0.126533 -9999.0 -9999.0 -9999.0 -9999.0
-9999.0 0.070001 0.073549 0.091384 0.170678 0.265011 0.370000 0.370000 0.370000 0.370000 0.370000 0.370000 0.370000 0.370000 0.370000 0.370000 0.370000 0.370000 0.370000 0.370000 0.370000 0.370000 0.370000 0.370000 0.370000 0.370000 0.370000 0.370000 0.370000 0.370000 0.370000 0.370000 0.370000 0.370000 0.369119 0.360630 0.334771 0.330438 0.321586 0.299012 0.284963 0.275067 0.288165 0.285236 0.284353 0.292100 0.309159 0.319891 0.344050 0.360546 0.369926 0.370000 0.370000 0.370000 0.370000 0.370000 0.370000 0.370000 0.370000 0.370000 0.370000 0.370000 0.370000 0.370000 0.370000 0.370000 0.370000 0.370000 0.370000 0.370000 0.362938 0.326610 0.274115 0.207559 0.180542 -9999.0 -9999.0 -9999.0 -9999.0 -9999.0
-9999.0 0.068800 0.071911 0.087022 0.205125 0.370000 0.370000 0.370000 0.370000 0.370000 0.370000 0.370000 0.370000 0.370000 0.370000 0.370000 0.370000 0.370000 0.370000 0.370000 0.370000 0.370000 0.370000 0.370000 0.370000 0.370000 0.370000 0.370000 0.370000 0.370000 0.352530 0.340560 0.291045 0.234784 0.200106 0.170717 0.144662 0.144010 0.151152 0.143278 0.134171 0.127185 0.136557 0.142570 0.147150 0.142810 0.146424 0.163002 0.191115 0.219075 0.255460 0.297827 0.329639 0.357987 0.369051 0.370000 0.370000 0.370000 0.370000 0.370000 0.370000 0.370000 0.370000 0.370000 0.370000 0.370000 0.370000 0.370000 0.370000 0.370000 0.370000 0.370000 0.368272 -9999.0 -9999.0 -9999.0 -9999.0 -9999.0 -9999.0 -9999.0
-9999.0 0.068152 0.069571 0.074212 0.100612 0.193623 0.311537 0.368368 0.370000 0.370000 0.370000 0.370000 0.370000 0.370000 0.370000 0.370000 0.370000 0.370000 0.370000 0.369993 0.365927 0.360542 0.360404 0.357630 0.344560 0.334980 0.328072 0.312101 0.282590 0.238824 0.180478 0.146294 0.123031 0.112585 0.105440 0.098944 0.092650 0.094233 0.096662 0.095837 0.093807 0.093037 0.097669 0.100900 0.102834 0.100056 0.103545 0.109517 0.120947 0.135064 0.155425 0.184555 0.218809 0.239980 0.251381 0.276102 0.309839 0.349266 0.370000 0.370000 0.370000 0.370000 0.370000 0.370000 0.370000 0.370000 0.370000 0.370000 0.370000 0.370000 0.370000 -9999.0 -9999.0 -9999.0 -9999.0 -9999.0 -9999.0 -9999.0 -9999.0 -9999.0
-9999.0 -9999.0 0.068151 0.069213 0.071207 0.076424 0.086326 0.100248 0.115872 0.142396 0.185813 0.235414 0.265764 0.278116 0.261672 0.226670 0.205431 0.205823 0.199898 0.189229 0.173285 0.168137 0.163727 0.160052 0.152953 0.149346 0.147140 0.142584 0.133572 0.117934 0.104401 0.094977 0.087852 0.085338 0.083391 0.081585 0.081265 0.081206 0.081735 0.081807 0.082149 0.083032 0.084848 0.086902 0.087876 0.088558 0.090027 0.093125 0.098309 0.106220 0.119658 0.139172 0.155900 0.160957 0.155018 0.157306 0.168455 0.194636 0.259372 0.328664 0.369358 0.370000 0.370000 0.370000 0.370000 0.370000 0.370000 0.370000 0.370000 0.370000 -9999.0 -9999.0 -9999.0 -9999.0 -9999.0 -9999.0 -9999.0 -9999.0 -9999.0 -9999.0
-9999.0 -9999.0 -9999.0 -9999.0 0.068367 0.069343 0.070296 0.071537 0.074401 0.078807 0.085152 0.093429 0.101311 0.105751 0.102751 0.100854 0.099121 0.098702 0.097362 0.096214 0.095118 0.093990 0.092610 0.091612 0.091458 0.091864 0.091647 0.090047 0.088317 0.085331 0.083100 0.080484 0.078243 0.076799 0.076229 0.075917 0.075935 0.075735 0.076139 0.076387 0.077050 0.077812 0.079137 0.080923 0.081777 0.082849 0.083643 0.085534 0.088649 0.095728 0.107620 0.122757 0.134186 0.134711 0.124085 0.118334 0.116797 0.124844 0.142105 0.176488 0.246314 0.303931 0.349335 0.369034 0.370000 0.370000 0.370000 0.370000 -9999.0 -9999.0 -9999.0 -9999.0 -9999.0 -9999.0 -9999.0 -9999.0 -9999.0 -9999.0 -9999.0 -9999.0
-9999.0 -9999.0 -9999.0 -9999.0 -9999.0 -9999.0 0.068128 0.068515 0.069058 0.070110 0.071681 0.073734 0.076225 0.077194 0.077864 0.078975 0.078656 0.077798 0.077054 0.077818 0.078226 0.078002 0.076737 0.076656 0.076787 0.077242 0.077206 0.076930 0.075866 0.076140 0.076041 0.075148 0.074255 0.073804 0.073473 0.073763 0.073794 0.073446 0.073535 0.074313 0.074973 0.075476 0.076411 0.077994 0.079820 0.080719 0.080762 0.081184 0.084554 0.092454 0.104479 0.117597 0.126960 0.128927 0.118574 0.107018 0.101840 0.102623 0.109616 0.123862 0.153607 0.178275 0.196841 0.212140 0.234158 0.312438 -9999.0 -9999.0 -9999.0 -9999.0 -9999.0 -9999.0 -9999.0 -9999.0 -9999.0 -9999.0 -9999.0 -9999.0 -9999.0 -9999.0
-9999.0 -9999.0 -9999.0 -9999.0 -9999.0 -9999.0 -9999.0 -9999.0 -9999.0 -9999.0 -9999.0 -9999.0 -9999.0 -9999.0 -9999.0 -9999.0 -9999.0 -9999.0 -9999.0 -9999.0 -9999.0 -9999.0 -9999.0 -9999.0 -9999.0 -9999.0 -9999.0 -9999.0 -9999.0 -9999.0 -9999.0 -9999.0 -9999.0 -9999.0 -9999.0 -9999.0 -9999.0 -9999.0 -9999.0 -9999.0 -9999.0 -9999.0 -9999.0 -9999.0 -9999.0 -9999.0 -9999.0 -9999.0 -9999.0 -9999.0 -9999.0 -9999.0 -9999.0 -9999.0 -9999.0 -9999.0 -9999.0 -9999.0 -9999.0 -9999.0 -9999.0 -9999.0 -9999.0 -9999.0 -9999.0 -9999.0 -9999.0 -9999.0 -9999.0 -9999.0 -9999.0 -9999.0 -9999.0 -9999.0 -9999.0 -9999.0 -9999.0 -9999.0 -9999.0 -9999.0
-9999.0 -9999.0 -9999.0 -9999.0 -9999.0 -9999.0 -9999.0 -9999.0 -9999.0 -9999.0 -9999.0 -9999.0 -9999.0 -9999.0 -9999.0 -9999.0 -9999.0 -9999.0 -9999.0 -9999.0 -9999.0 -9999.0 -9999.0 -9999.0 -9999.0 -9999.0 -9999.0 -9999.0 -9999.0 -9999.0 -9999.0 -9999.0 -9999.0 -9999.0 -9999.0 -9999.0 -9999.0 -9999.0 -9999.0 -9999.0 -9999.0 -9999.0 -9999.0 -9999.0 -9999.0 -9999.0 -9999.0 -9999.0 -9999.0 -9999.0 -9999.0 -9999.0 -9999.0 -9999.0 -9999.0 -9999.0 -9999.0 -9999.0 -9999.0 -9999.0 -9999.0 -9999.0 -9999.0 -9999.0 -9999.0 -9999.0 -9999.0 -9999.0 -9999.0 -9999.0 -9999.0 -9999.0 -9999.0 -9999.0 -9999.0 -9999.0 -9999.0 -9999.0 -9999.0 -9999.0