Borden_/Borden1m_014/output_maps/thetaliqL0005N0026.asc
ncols         80
nrows         18
xllcorner     620200.000000
yllcorner     5168000.000000
cellsize      1.000000
NODATA_value  -9999.0
-9999.0 -9999.0 -9999.0 -9999.0 -9999.0 -9999.0 -9999.0 -9999.0 -9999.0 -9999.0 -9999.0 -9999.0 -9999.0 -9999.0 -9999.0 -9999.0 -9999.0 -9999.0 -9999.0 -9999.0 -9999.0 -9999.0 -9999.0 -9999.0 -9999.0 -9999.0 -9999.0 -9999.0 -9999.0 -9999.0 -9999.0 -9999.0 -9999.0 -9999.0 -9999.0 -9999.0 -9999.0 -9999.0 -9999.0 -9999.0 -9999.0 -9999.0 -9999.0 -9999.0 -9999.0 -9999.0 -9999.0 -9999.0 -9999.0 -9999.0 -9999.0 -9999.0 -9999.0 -9999.0 -9999.0 -9999.0 -9999.0 -9999.0 -9999.0 -9999.0 -9999.0 -9999.0 -9999.0 -9999.0 -9999.0 -9999.0 -9999.0 -9999.0 -9999.0 -9999.0 -9999.0 -9999.0 -9999.0 -9999.0 -9999.0 -9999.0 -9999.0 -9999.0 -9999.0 -9999.0
-9999.0 -9999.0 -9999.0 -9999.0 -9999.0 -9999.0 -9999.0 -9999.0 -9999.0 -9999.0 -9999.0 -9999.0 -9999.0 -9999.0 -9999.0 -9999.0 -9999.0 -9999.0 -9999.0 -9999.0 -9999.0 -9999.0 -9999.0 -9999.0 -9999.0 -9999.0 -9999.0 -9999.0 -9999.0 -9999.0 -9999.0 -9999.0 -9999.0 -9999.0 -9999.0 -9999.0 -9999.0 -9999.0 -9999.0 -9999.0 -9999.0 -9999.0 -9999.0 -9999.0 -9999.0 -9999.0 -9999.0 -9999.0 -9999.0 -9999.0 -9999.0 -9999.0 -9999.0 -9999.0 -9999.0 -9999.0 -9999.0 -9999.0 -9999.0 -9999.0 -9999.0 -9999.0 -9999.0 -9999.0 -9999.0 -9999.0 -9999.0 -9999.0 -9999.0 -9999.0 -9999.0 -9999.0 -9999.0 -9999.0 -9999.0 -9999.0 -9999.0 -9999.0 -9999.0 -9999.0
-9999.0 -9999.0 -9999.0 -9999.0 -9999.0 -9999.0 -9999.0 -9999.0 -9999.0 -9999.0 -9999.0 -9999.0 -9999.0 -9999.0 -9999.0 -9999.0 -9999.0 -9999.0 -9999.0 -9999.0 0.120846 0.122193 0.116087 0.108818 0.103686 0.103696 0.109863 0.118724 0.129258 0.132405 0.125923 0.126510 0.124490 0.124086 0.124744 0.126538 0.127278 0.130951 0.133714 0.133428 0.131165 0.129201 0.128381 0.129442 0.131328 0.128399 0.133203 0.139005 0.141655 0.140114 0.130648 0.126057 0.124073 0.119782 0.127893 0.132101 0.140946 0.142719 0.142911 0.132772 0.123311 -9999.0 -9999.0 -9999.0 -9999.0 -9999.0 -9999.0 -9999.0 -9999.0 -9999.0 -9999.0 -9999.0 -9999.0 -9999.0 -9999.0 -9999.0 -9999.0 -9999.0 -9999.0 -9999.0
-9999.0 -9999.0 -9999.0 -9999.0 -9999.0 -9999.0 -9999.0 -9999.0 -9999.0 -9999.0 -9999.0 -9999.0 -9999.0 -9999.0 0.104088 0.102151 0.101432 0.102092 0.107541 0.113116 0.115375 0.113152 0.113676 0.108319 0.104224 0.106792 0.112319 0.119030 0.128384 0.135195 0.130192 0.129021 0.132466 0.143372 0.149691 0.148106 0.137973 0.148020 0.155615 0.160622 0.159984 0.155059 0.163336 0.173190 0.169029 0.158798 0.160302 0.166651 0.176345 0.167802 0.136435 0.129749 0.129578 0.128237 0.124375 0.122393 0.131032 0.131230 0.128835 0.124160 0.116175 0.106930 0.103755 0.111455 0.122109 0.142521 -9999.0 -9999.0 -9999.0 -9999.0 -9999.0 -9999.0 -9999.0 -9999.0 -9999.0 -9999.0 -9999.0 -9999.0 -9999.0 -9999.0
-9999.0 -9999.0 -9999.0 -9999.0 -9999.0 -9999.0 -9999.0 -9999.0 -9999.0 0.097513 0.097552 0.098301 0.097913 0.099905 0.098668 0.099509 0.100087 0.103758 0.108561 0.115587 0.123186 0.119487 0.119221 0.122748 0.124511 0.127926 0.134133 0.150353 0.172459 0.201458 0.180654 0.179442 0.192975 0.238300 0.280381 0.291748 0.272197 0.273443 0.298917 0.323020 0.323193 0.321823 0.341022 0.349132 0.352746 0.342410 0.326856 0.324125 0.343350 0.300675 0.236781 0.187693 0.187631 0.167514 0.146257 0.137328 0.136110 0.146642 0.140705 0.127635 0.117552 0.116520 0.112620 0.116728 0.122423 0.138537 0.155516 0.171568 0.172323 0.162620 -9999.0 -9999.0 -9999.0 -9999.0 -9999.0 -9999.0 -9999.0 -9999.0 -9999.0 -9999.0
-9999.0 -9999.0 -9999.0 -9999.0 -9999.0 -9999.0 0.091404 0.091720 0.093144 0.092188 0.094555 0.094446 0.096607 0.098528 0.100891 0.102745 0.107820 0.113901 0.124038 0.138290 0.151637 0.148647 0.152829 0.172181 0.205590 0.237338 0.260232 0.297774 0.355794 0.366251 0.367960 0.368548 0.369085 0.369662 0.369965 0.369999 0.369957 0.369894 0.369947 0.369995 0.370000 0.370000 0.370000 0.370000 0.370000 0.370000 0.369997 0.369978 0.369968 0.369949 0.369735 0.368889 0.364413 0.347520 0.279290 0.221519 0.214636 0.225613 0.199929 0.165554 0.145005 0.141788 0.136888 0.131721 0.134084 0.141820 0.152897 0.159373 0.153780 0.145180 0.136887 0.126963 0.127857 0.137208 -9999.0 -9999.0 -9999.0 -9999.0 -9999.0 -9999.0
-9999.0 -9999.0 -9999.0 -9999.0 0.087466 0.088452 0.086417 0.088157 0.090263 0.092578 0.094724 0.098804 0.101802 0.106106 0.114199 0.123318 0.137380 0.151122 0.182178 0.240303 0.294718 0.321457 0.335574 0.364181 0.369168 0.369774 0.369864 0.369950 0.369997 0.370000 0.370000 0.370000 0.370000 0.370000 0.370000 0.370000 0.370000 0.370000 0.370000 0.370000 0.370000 0.370000 0.370000 0.370000 0.370000 0.370000 0.370000 0.370000 0.370000 0.370000 0.370000 0.370000 0.370000 0.369995 0.369977 0.369871 0.369215 0.368311 0.359140 0.327229 0.260062 0.231798 0.203534 0.185530 0.166667 0.168349 0.171588 0.161489 0.147696 0.135359 0.131139 0.125625 0.122432 0.132840 0.139265 0.153522 -9999.0 -9999.0 -9999.0 -9999.0
-9999.0 -9999.0 0.085674 0.087149 0.090893 0.090321 0.089867 0.089345 0.091117 0.096080 0.107618 0.117839 0.130669 0.140563 0.169918 0.237840 0.313015 0.350253 0.366818 0.369461 0.369906 0.369986 0.370000 0.370000 0.370000 0.370000 0.370000 0.370000 0.370000 0.370000 0.370000 0.370000 0.370000 0.370000 0.370000 0.370000 0.370000 0.370000 0.370000 0.370000 0.370000 0.370000 0.370000 0.370000 0.370000 0.370000 0.370000 0.370000 0.370000 0.370000 0.370000 0.370000 0.370000 0.370000 0.370000 0.370000 0.370000 0.370000 0.369999 0.369979 0.369654 0.368818 0.363565 0.340599 0.288598 0.253836 0.213990 0.186491 0.161532 0.141395 0.133547 0.128189 0.128452 0.128562 0.134661 0.140847 0.148040 0.151692 -9999.0 -9999.0
-9999.0 0.083358 0.084126 0.090924 0.096151 0.100710 0.106409 0.111585 0.116408 0.117559 0.159133 0.245121 0.326262 0.346563 0.365371 0.369721 0.370000 0.370000 0.370000 0.370000 0.370000 0.370000 0.370000 0.370000 0.370000 0.370000 0.370000 0.370000 0.370000 0.370000 0.370000 0.370000 0.370000 0.370000 0.370000 0.370000 0.370000 0.370000 0.370000 0.370000 0.370000 0.370000 0.370000 0.370000 0.370000 0.370000 0.370000 0.370000 0.370000 0.370000 0.370000 0.370000 0.370000 0.370000 0.370000 0.370000 0.370000 0.370000 0.370000 0.370000 0.370000 0.370000 0.369990 0.369821 0.369030 0.362720 0.329772 0.273679 0.216671 0.190227 0.172673 0.146251 0.137585 0.139707 0.136445 0.135883 0.138814 0.141514 -9999.0 -9999.0
-9999.0 0.080154 0.084488 0.095002 0.116262 0.130799 0.199445 0.273075 0.295902 0.271615 0.358857 0.370000 0.370000 0.370000 0.370000 0.370000 0.370000 0.370000 0.370000 0.370000 0.370000 0.370000 0.370000 0.370000 0.370000 0.370000 0.370000 0.370000 0.370000 0.370000 0.370000 0.370000 0.370000 0.370000 0.370000 0.370000 0.370000 0.370000 0.369999 0.369990 0.369977 0.369993 0.369986 0.369965 0.369958 0.369988 0.369999 0.369998 0.369999 0.370000 0.370000 0.370000 0.370000 0.370000 0.370000 0.370000 0.370000 0.370000 0.370000 0.370000 0.370000 0.370000 0.370000 0.370000 0.369999 0.369907 0.369458 0.368254 0.357598 0.328683 0.280163 0.225318 0.182148 0.167929 0.148385 0.140679 -9999.0 -9999.0 -9999.0 -9999.0
-9999.0 0.079403 0.083914 0.103788 0.193520 0.314178 0.369089 0.369997 0.370000 0.370000 0.370000 0.370000 0.370000 0.370000 0.370000 0.370000 0.370000 0.370000 0.370000 0.370000 0.370000 0.370000 0.370000 0.370000 0.370000 0.370000 0.370000 0.370000 0.370000 0.370000 0.370000 0.370000 0.369998 0.369842 0.369550 0.369124 0.365267 0.362856 0.359201 0.346043 0.333694 0.323266 0.336157 0.334101 0.333494 0.340265 0.352677 0.359187 0.366868 0.368973 0.369610 0.369929 0.369986 0.370000 0.370000 0.370000 0.370000 0.370000 0.370000 0.370000 0.370000 0.370000 0.370000 0.370000 0.370000 0.370000 0.370000 0.369982 0.369788 0.369239 0.368223 0.361537 0.320132 0.232255 0.201259 -9999.0 -9999.0 -9999.0 -9999.0 -9999.0
-9999.0 0.075898 0.082580 0.098782 0.240684 0.369317 0.369987 0.370000 0.370000 0.370000 0.370000 0.370000 0.370000 0.370000 0.370000 0.370000 0.370000 0.370000 0.370000 0.370000 0.370000 0.370000 0.370000 0.370000 0.370000 0.370000 0.369999 0.369994 0.369911 0.369642 0.368253 0.365654 0.340388 0.278184 0.232775 0.194275 0.161081 0.160357 0.169013 0.159282 0.148629 0.140077 0.151336 0.158093 0.163524 0.158129 0.162194 0.181712 0.215994 0.252245 0.301604 0.347180 0.363710 0.368864 0.369488 0.369897 0.369988 0.370000 0.370000 0.370000 0.370000 0.370000 0.370000 0.370000 0.370000 0.370000 0.370000 0.370000 0.369999 0.369978 0.369934 0.369788 0.369177 -9999.0 -9999.0 -9999.0 -9999.0 -9999.0 -9999.0 -9999.0
-9999.0 0.074392 0.079650 0.083542 0.113365 0.226702 0.356088 0.369358 0.370000 0.369885 0.369826 0.369929 0.369979 0.369994 0.369978 0.369911 0.369804 0.369830 0.369838 0.369683 0.369341 0.369115 0.369089 0.368811 0.366845 0.364339 0.361916 0.354719 0.332183 0.281739 0.204779 0.163485 0.135879 0.124440 0.116864 0.109965 0.102434 0.104944 0.107969 0.107036 0.104614 0.103469 0.109118 0.112563 0.114812 0.110865 0.115004 0.121305 0.133898 0.149299 0.172020 0.205905 0.247821 0.276581 0.295274 0.326835 0.355694 0.367878 0.369743 0.369998 0.370000 0.370000 0.370000 0.370000 0.370000 0.370000 0.370000 0.370000 0.370000 0.369999 0.369998 -9999.0 -9999.0 -9999.0 -9999.0 -9999.0 -9999.0 -9999.0 -9999.0 -9999.0
-9999.0 -9999.0 0.073621 0.075649 0.078337 0.084000 0.095789 0.115023 0.134759 0.165631 0.218276 0.279324 0.313286 0.325791 0.309394 0.268629 0.241945 0.242565 0.234809 0.220813 0.198902 0.191450 0.185829 0.181096 0.171689 0.167096 0.164447 0.159059 0.148691 0.130796 0.115955 0.105928 0.097993 0.095934 0.094038 0.091965 0.092244 0.092054 0.092650 0.092629 0.093077 0.094111 0.095973 0.098209 0.099064 0.099804 0.101238 0.104464 0.109863 0.118082 0.132621 0.154286 0.172882 0.178398 0.171260 0.174146 0.187681 0.221031 0.308789 0.363715 0.369434 0.369948 0.370000 0.370000 0.370000 0.370000 0.370000 0.370000 0.369974 0.369991 -9999.0 -9999.0 -9999.0 -9999.0 -9999.0 -9999.0 -9999.0 -9999.0 -9999.0 -9999.0
-9999.0 -9999.0 -9999.0 -9999.0 0.073154 0.075674 0.078553 0.079167 0.083246 0.088112 0.094770 0.103719 0.112404 0.117506 0.113539 0.111539 0.109746 0.109523 0.108057 0.106771 0.105704 0.104527 0.103101 0.101965 0.101964 0.102606 0.102497 0.100644 0.099144 0.095785 0.093857 0.091221 0.088954 0.087269 0.086954 0.086676 0.086947 0.086516 0.087237 0.087194 0.088028 0.088766 0.090205 0.092299 0.092760 0.094019 0.094690 0.096757 0.099598 0.107103 0.120016 0.136650 0.149233 0.149609 0.137211 0.130902 0.128879 0.137779 0.156730 0.197834 0.290575 0.352848 0.368024 0.369441 0.369782 0.369971 0.369999 0.370000 -9999.0 -9999.0 -9999.0 -9999.0 -9999.0 -9999.0 -9999.0 -9999.0 -9999.0 -9999.0 -9999.0 -9999.0
-9999.0 -9999.0 -9999.0 -9999.0 -9999.0 -9999.0 0.073825 0.075098 0.075083 0.076684 0.078696 0.080975 0.084079 0.084763 0.085696 0.087584 0.087202 0.086032 0.084856 0.086320 0.087066 0.086969 0.084984 0.085190 0.085408 0.086141 0.086073 0.086022 0.084367 0.085604 0.086061 0.085183 0.084327 0.084209 0.083741 0.084648 0.084756 0.083939 0.083832 0.085213 0.085945 0.086205 0.087075 0.088877 0.091184 0.092045 0.091691 0.091509 0.095136 0.103941 0.117046 0.131240 0.141405 0.143768 0.132091 0.118826 0.112867 0.113376 0.120706 0.135791 0.169147 0.197980 0.222665 0.246938 0.279183 0.356468 -9999.0 -9999.0 -9999.0 -9999.0 -9999.0 -9999.0 -9999.0 -9999.0 -9999.0 -9999.0 -9999.0 -9999.0 -9999.0 -9999.0
-9999.0 -9999.0 -9999.0 -9999.0 -9999.0 -9999.0 -9999.0 -9999.0 -9999.0 -9999.0 -9999.0 -9999.0 -9999.0 -9999.0 -9999.0 -9999.0 -9999.0 -9999.0 -9999.0 -9999.0 -9999.0 -9999.0 -9999.0 -9999.0 -9999.0 -9999.0 -9999.0 -9999.0 -9999.0 -9999.0 -9999.0 -9999.0 -9999.0 -9999.0 -9999.0 -9999.0 -9999.0 -9999.0 -9999.0 -9999.0 -9999.0 -9999.0 -9999.0 -9999.0 -9999.0 -9999.0 -9999.0 -9999.0 -9999.0 -9999.0 -9999.0 -9999.0 -9999.0 -9999.0 -9999.0 -9999.0 -9999.0 -9999.0 -9999.0 -9999.0 -9999.0 -9999.0 -9999.0 -9999.0 -9999.0 -9999.0 -9999.0 -9999.0 -9999.0 -9999.0 -9999.0 -9999.0 -9999.0 -9999.0 -9999.0 -9999.0 -9999.0 -9999.0 -9999.0 -9999.0
-9999.0 -9999.0 -9999.0 -9999.0 -9999.0 -9999.0 -9999.0 -9999.0 -9999.0 -9999.0 -9999.0 -9999.0 -9999.0 -9999.0 -9999.0 -9999.0 -9999.0 -9999.0 -9999.0 -9999.0 -9999.0 -9999.0 -9999.0 -9999.0 -9999.0 -9999.0 -9999.0 -9999.0 -9999.0 -9999.0 -9999.0 -9999.0 -9999.0 -9999.0 -9999.0 -9999.0 -9999.0 -9999.0 -9999.0 -9999.0 -9999.0 -9999.0 -9999.0 -9999.0 -9999.0 -9999.0 -9999.0 -9999.0 -9999.0 -9999.0 -9999.0 -9999.0 -9999.0 -9999.0 -9999.0 -9999.0 -9999.0 -9999.0 -9999.0 -9999.0 -9999.0 -9999.0 -9999.0 -9999.0 -9999.0 -9999.0 -9999.0 -9999.0 -9999.0 -9999.0 -9999.0 -9999.0 -9999.0 -9999.0 -9999.0 -9999.0 -9999.0 -9999.0 -9999.0 -9999.0