Borden_/Borden1m_014/output_maps/thetaliqL0003N0026.asc
ncols         80
nrows         18
xllcorner     620200.000000
yllcorner     5168000.000000
cellsize      1.000000
NODATA_value  -9999.0
-9999.0 -9999.0 -9999.0 -9999.0 -9999.0 -9999.0 -9999.0 -9999.0 -9999.0 -9999.0 -9999.0 -9999.0 -9999.0 -9999.0 -9999.0 -9999.0 -9999.0 -9999.0 -9999.0 -9999.0 -9999.0 -9999.0 -9999.0 -9999.0 -9999.0 -9999.0 -9999.0 -9999.0 -9999.0 -9999.0 -9999.0 -9999.0 -9999.0 -9999.0 -9999.0 -9999.0 -9999.0 -9999.0 -9999.0 -9999.0 -9999.0 -9999.0 -9999.0 -9999.0 -9999.0 -9999.0 -9999.0 -9999.0 -9999.0 -9999.0 -9999.0 -9999.0 -9999.0 -9999.0 -9999.0 -9999.0 -9999.0 -9999.0 -9999.0 -9999.0 -9999.0 -9999.0 -9999.0 -9999.0 -9999.0 -9999.0 -9999.0 -9999.0 -9999.0 -9999.0 -9999.0 -9999.0 -9999.0 -9999.0 -9999.0 -9999.0 -9999.0 -9999.0 -9999.0 -9999.0
-9999.0 -9999.0 -9999.0 -9999.0 -9999.0 -9999.0 -9999.0 -9999.0 -9999.0 -9999.0 -9999.0 -9999.0 -9999.0 -9999.0 -9999.0 -9999.0 -9999.0 -9999.0 -9999.0 -9999.0 -9999.0 -9999.0 -9999.0 -9999.0 -9999.0 -9999.0 -9999.0 -9999.0 -9999.0 -9999.0 -9999.0 -9999.0 -9999.0 -9999.0 -9999.0 -9999.0 -9999.0 -9999.0 -9999.0 -9999.0 -9999.0 -9999.0 -9999.0 -9999.0 -9999.0 -9999.0 -9999.0 -9999.0 -9999.0 -9999.0 -9999.0 -9999.0 -9999.0 -9999.0 -9999.0 -9999.0 -9999.0 -9999.0 -9999.0 -9999.0 -9999.0 -9999.0 -9999.0 -9999.0 -9999.0 -9999.0 -9999.0 -9999.0 -9999.0 -9999.0 -9999.0 -9999.0 -9999.0 -9999.0 -9999.0 -9999.0 -9999.0 -9999.0 -9999.0 -9999.0
-9999.0 -9999.0 -9999.0 -9999.0 -9999.0 -9999.0 -9999.0 -9999.0 -9999.0 -9999.0 -9999.0 -9999.0 -9999.0 -9999.0 -9999.0 -9999.0 -9999.0 -9999.0 -9999.0 -9999.0 0.205201 0.206086 0.204056 0.201736 0.199815 0.199597 0.201754 0.204312 0.207276 0.207893 0.205561 0.206105 0.205206 0.204711 0.204684 0.205333 0.205653 0.206608 0.207228 0.206963 0.206242 0.205726 0.205287 0.205451 0.206244 0.205145 0.206756 0.208375 0.208960 0.208907 0.206676 0.205741 0.205386 0.203599 0.206840 0.207848 0.210349 0.210623 0.211036 0.208220 0.205477 -9999.0 -9999.0 -9999.0 -9999.0 -9999.0 -9999.0 -9999.0 -9999.0 -9999.0 -9999.0 -9999.0 -9999.0 -9999.0 -9999.0 -9999.0 -9999.0 -9999.0 -9999.0 -9999.0
-9999.0 -9999.0 -9999.0 -9999.0 -9999.0 -9999.0 -9999.0 -9999.0 -9999.0 -9999.0 -9999.0 -9999.0 -9999.0 -9999.0 0.201276 0.200226 0.199743 0.199470 0.201407 0.202973 0.203092 0.201989 0.202846 0.200673 0.198773 0.199916 0.201609 0.203067 0.205441 0.207255 0.205612 0.205209 0.206111 0.209302 0.210768 0.210112 0.206443 0.209921 0.211772 0.212968 0.212806 0.211107 0.213496 0.216318 0.214892 0.211920 0.212549 0.214248 0.217009 0.215466 0.206236 0.205205 0.205620 0.205752 0.204525 0.203672 0.206961 0.206540 0.205974 0.205293 0.203289 0.200176 0.198821 0.201994 0.204953 0.211019 -9999.0 -9999.0 -9999.0 -9999.0 -9999.0 -9999.0 -9999.0 -9999.0 -9999.0 -9999.0 -9999.0 -9999.0 -9999.0 -9999.0
-9999.0 -9999.0 -9999.0 -9999.0 -9999.0 -9999.0 -9999.0 -9999.0 -9999.0 0.199430 0.199163 0.199458 0.198794 0.199717 0.198226 0.198586 0.198335 0.199661 0.200790 0.202707 0.205224 0.203423 0.203190 0.204481 0.204658 0.205221 0.206435 0.210732 0.215793 0.223733 0.217055 0.216747 0.220418 0.234238 0.247342 0.251458 0.244455 0.244490 0.253185 0.263888 0.263894 0.262917 0.274806 0.282232 0.287436 0.276162 0.265400 0.263740 0.277900 0.253876 0.234015 0.218911 0.219831 0.214741 0.209303 0.207286 0.206593 0.210381 0.208883 0.205330 0.202480 0.203238 0.201689 0.203231 0.204392 0.209013 0.213302 0.217501 0.217703 0.215038 -9999.0 -9999.0 -9999.0 -9999.0 -9999.0 -9999.0 -9999.0 -9999.0 -9999.0 -9999.0
-9999.0 -9999.0 -9999.0 -9999.0 -9999.0 -9999.0 0.197496 0.197392 0.197991 0.196192 0.197506 0.196632 0.197603 0.198052 0.198724 0.198790 0.200461 0.201995 0.204612 0.208162 0.211513 0.209825 0.210704 0.215523 0.225322 0.234845 0.241044 0.252501 0.292946 0.329244 0.341673 0.347071 0.352945 0.359213 0.366185 0.369280 0.365828 0.363647 0.365276 0.368160 0.369871 0.369880 0.369904 0.369930 0.369980 0.369974 0.368411 0.366732 0.366063 0.365335 0.360415 0.351253 0.319991 0.281216 0.246596 0.229828 0.227002 0.229648 0.222957 0.214271 0.209227 0.209134 0.208138 0.206392 0.207243 0.209160 0.212108 0.213960 0.212532 0.210565 0.209041 0.206025 0.206483 0.209400 -9999.0 -9999.0 -9999.0 -9999.0 -9999.0 -9999.0
-9999.0 -9999.0 -9999.0 -9999.0 0.194660 0.195497 0.193017 0.194431 0.195550 0.196420 0.196472 0.198004 0.198474 0.199617 0.202036 0.203994 0.207525 0.210314 0.218047 0.234852 0.252141 0.263224 0.270265 0.318572 0.353440 0.361052 0.362864 0.365361 0.368497 0.369987 0.369998 0.369991 0.370000 0.370000 0.370000 0.370000 0.370000 0.370000 0.370000 0.370000 0.370000 0.370000 0.370000 0.370000 0.370000 0.370000 0.370000 0.370000 0.370000 0.370000 0.369999 0.369995 0.369412 0.368165 0.366723 0.363172 0.354001 0.345750 0.300242 0.265771 0.240107 0.231529 0.223587 0.219539 0.214408 0.215314 0.216701 0.214079 0.210677 0.207516 0.207050 0.205675 0.204222 0.207934 0.209331 0.213477 -9999.0 -9999.0 -9999.0 -9999.0
-9999.0 -9999.0 0.194447 0.194558 0.196880 0.195500 0.194654 0.193476 0.193999 0.196259 0.200610 0.202627 0.205753 0.207561 0.215059 0.234805 0.260168 0.283880 0.334369 0.356351 0.363868 0.367338 0.369793 0.369955 0.369983 0.370000 0.370000 0.370000 0.370000 0.370000 0.370000 0.370000 0.370000 0.370000 0.370000 0.370000 0.370000 0.370000 0.370000 0.370000 0.370000 0.370000 0.370000 0.370000 0.370000 0.370000 0.370000 0.370000 0.370000 0.370000 0.370000 0.370000 0.370000 0.370000 0.370000 0.370000 0.369995 0.369543 0.368803 0.366773 0.358896 0.350363 0.316407 0.273835 0.248336 0.237175 0.226307 0.219661 0.213711 0.208411 0.206772 0.205781 0.206438 0.205965 0.207961 0.209519 0.211784 0.212670 -9999.0 -9999.0
-9999.0 0.193668 0.192977 0.197091 0.197926 0.198842 0.199989 0.200988 0.202205 0.200812 0.213077 0.238442 0.267440 0.280167 0.325702 0.360216 0.369812 0.369948 0.369962 0.369999 0.370000 0.370000 0.370000 0.370000 0.370000 0.370000 0.370000 0.370000 0.370000 0.370000 0.370000 0.370000 0.370000 0.370000 0.370000 0.370000 0.370000 0.370000 0.370000 0.370000 0.370000 0.370000 0.370000 0.370000 0.370000 0.370000 0.370000 0.370000 0.370000 0.370000 0.370000 0.370000 0.370000 0.370000 0.370000 0.370000 0.370000 0.370000 0.370000 0.370000 0.369949 0.369422 0.367526 0.361547 0.351718 0.312750 0.265850 0.242867 0.226562 0.220514 0.216782 0.209516 0.207632 0.209085 0.208147 0.208032 0.208925 0.209636 -9999.0 -9999.0
-9999.0 0.189881 0.193545 0.198067 0.204059 0.205218 0.226075 0.247336 0.255013 0.244045 0.302700 0.369838 0.369993 0.369993 0.370000 0.370000 0.370000 0.370000 0.370000 0.370000 0.370000 0.370000 0.370000 0.370000 0.370000 0.370000 0.370000 0.370000 0.370000 0.370000 0.370000 0.370000 0.370000 0.370000 0.369999 0.369997 0.369987 0.369704 0.368831 0.367487 0.366606 0.367849 0.367239 0.365904 0.365588 0.367350 0.368885 0.368716 0.368943 0.369496 0.369904 0.370000 0.370000 0.370000 0.370000 0.370000 0.370000 0.370000 0.370000 0.370000 0.370000 0.370000 0.370000 0.369911 0.368920 0.363725 0.356161 0.346581 0.298219 0.266750 0.246008 0.229530 0.218274 0.215720 0.210437 0.209480 -9999.0 -9999.0 -9999.0 -9999.0
-9999.0 0.189581 0.193196 0.201785 0.225200 0.262926 0.353076 0.368608 0.370000 0.369988 0.370000 0.370000 0.370000 0.370000 0.370000 0.370000 0.370000 0.370000 0.370000 0.370000 0.370000 0.370000 0.370000 0.370000 0.370000 0.370000 0.370000 0.370000 0.369983 0.369901 0.369714 0.369492 0.368609 0.362250 0.357605 0.353153 0.323760 0.312830 0.301115 0.279600 0.270096 0.264145 0.272123 0.270186 0.269502 0.274436 0.287919 0.299993 0.334441 0.351475 0.358045 0.364409 0.367208 0.369136 0.369849 0.370000 0.370000 0.370000 0.370000 0.370000 0.370000 0.370000 0.370000 0.370000 0.370000 0.369902 0.369434 0.367103 0.361333 0.354324 0.346917 0.311932 0.262496 0.232246 0.224450 -9999.0 -9999.0 -9999.0 -9999.0 -9999.0
-9999.0 0.184403 0.193132 0.200208 0.241182 0.355954 0.367528 0.370000 0.370000 0.370000 0.369986 0.370000 0.370000 0.370000 0.370000 0.370000 0.370000 0.370000 0.370000 0.370000 0.369961 0.369910 0.369899 0.369829 0.369594 0.369240 0.368824 0.367942 0.363844 0.358597 0.346038 0.328055 0.275218 0.246732 0.233494 0.222553 0.212931 0.213134 0.216134 0.213510 0.210684 0.207816 0.211326 0.213020 0.214608 0.212679 0.213285 0.218303 0.227013 0.237003 0.253400 0.279525 0.315539 0.350377 0.356449 0.363477 0.367355 0.369294 0.369958 0.370000 0.370000 0.370000 0.370000 0.370000 0.370000 0.370000 0.370000 0.369950 0.368953 0.366907 0.364906 0.361280 0.353692 -9999.0 -9999.0 -9999.0 -9999.0 -9999.0 -9999.0 -9999.0
-9999.0 0.181655 0.190806 0.192408 0.205033 0.236443 0.300931 0.356946 0.369760 0.363865 0.362032 0.364636 0.366858 0.368046 0.366730 0.364066 0.361587 0.362138 0.362395 0.359644 0.355497 0.353409 0.353180 0.350489 0.334393 0.319674 0.309769 0.291682 0.269377 0.247988 0.224527 0.213991 0.207020 0.204627 0.202884 0.201083 0.197849 0.199597 0.200978 0.200630 0.199603 0.198851 0.201293 0.202205 0.202997 0.200805 0.202384 0.203890 0.207265 0.210879 0.216189 0.224315 0.235315 0.243938 0.250812 0.264726 0.291542 0.342611 0.360114 0.368602 0.369878 0.370000 0.370000 0.370000 0.370000 0.370000 0.370000 0.370000 0.369610 0.369033 0.368671 -9999.0 -9999.0 -9999.0 -9999.0 -9999.0 -9999.0 -9999.0 -9999.0 -9999.0
-9999.0 -9999.0 0.179741 0.183440 0.186742 0.190437 0.195939 0.203483 0.209802 0.218667 0.232353 0.249182 0.261355 0.267447 0.259391 0.244658 0.236798 0.237315 0.235246 0.231250 0.224500 0.222059 0.220424 0.219129 0.216445 0.215326 0.214843 0.213813 0.211597 0.206861 0.202861 0.200152 0.197288 0.197320 0.196843 0.195881 0.196640 0.196443 0.196708 0.196581 0.196815 0.197276 0.197851 0.198637 0.198704 0.198935 0.199237 0.200122 0.201498 0.203375 0.207010 0.212460 0.216819 0.217925 0.215713 0.216410 0.219601 0.227688 0.256302 0.318064 0.355679 0.365135 0.369174 0.369842 0.369952 0.369999 0.370000 0.369946 0.367652 0.368089 -9999.0 -9999.0 -9999.0 -9999.0 -9999.0 -9999.0 -9999.0 -9999.0 -9999.0 -9999.0
-9999.0 -9999.0 -9999.0 -9999.0 0.178166 0.183358 0.188220 0.187816 0.191545 0.193987 0.196372 0.199282 0.201761 0.203355 0.201494 0.201072 0.200667 0.200911 0.200482 0.199999 0.199760 0.199436 0.199094 0.198655 0.198824 0.199241 0.199344 0.198600 0.198533 0.197148 0.196927 0.196084 0.195275 0.194372 0.194533 0.194439 0.194821 0.194403 0.195037 0.194682 0.195179 0.195419 0.196040 0.197048 0.196727 0.197308 0.197360 0.198136 0.198525 0.200702 0.204308 0.208621 0.211657 0.211556 0.207832 0.206261 0.205405 0.207773 0.212063 0.221744 0.249240 0.286332 0.343571 0.356184 0.361127 0.366345 0.369074 0.369481 -9999.0 -9999.0 -9999.0 -9999.0 -9999.0 -9999.0 -9999.0 -9999.0 -9999.0 -9999.0 -9999.0 -9999.0
-9999.0 -9999.0 -9999.0 -9999.0 -9999.0 -9999.0 0.180390 0.183008 0.182255 0.184316 0.186206 0.187724 0.190007 0.189783 0.190463 0.192245 0.191996 0.191140 0.190077 0.191634 0.192328 0.192473 0.190743 0.191215 0.191400 0.192062 0.191994 0.192269 0.190803 0.192526 0.193352 0.193003 0.192667 0.192975 0.192599 0.193683 0.193812 0.192939 0.192687 0.193953 0.194331 0.194171 0.194445 0.195352 0.196663 0.196884 0.196321 0.195550 0.196935 0.200171 0.203987 0.207519 0.209899 0.210667 0.207506 0.203392 0.201381 0.201148 0.202883 0.206300 0.214688 0.221042 0.226628 0.234032 0.243101 0.291830 -9999.0 -9999.0 -9999.0 -9999.0 -9999.0 -9999.0 -9999.0 -9999.0 -9999.0 -9999.0 -9999.0 -9999.0 -9999.0 -9999.0
-9999.0 -9999.0 -9999.0 -9999.0 -9999.0 -9999.0 -9999.0 -9999.0 -9999.0 -9999.0 -9999.0 -9999.0 -9999.0 -9999.0 -9999.0 -9999.0 -9999.0 -9999.0 -9999.0 -9999.0 -9999.0 -9999.0 -9999.0 -9999.0 -9999.0 -9999.0 -9999.0 -9999.0 -9999.0 -9999.0 -9999.0 -9999.0 -9999.0 -9999.0 -9999.0 -9999.0 -9999.0 -9999.0 -9999.0 -9999.0 -9999.0 -9999.0 -9999.0 -9999.0 -9999.0 -9999.0 -9999.0 -9999.0 -9999.0 -9999.0 -9999.0 -9999.0 -9999.0 -9999.0 -9999.0 -9999.0 -9999.0 -9999.0 -9999.0 -9999.0 -9999.0 -9999.0 -9999.0 -9999.0 -9999.0 -9999.0 -9999.0 -9999.0 -9999.0 -9999.0 -9999.0 -9999.0 -9999.0 -9999.0 -9999.0 -9999.0 -9999.0 -9999.0 -9999.0 -9999.0
-9999.0 -9999.0 -9999.0 -9999.0 -9999.0 -9999.0 -9999.0 -9999.0 -9999.0 -9999.0 -9999.0 -9999.0 -9999.0 -9999.0 -9999.0 -9999.0 -9999.0 -9999.0 -9999.0 -9999.0 -9999.0 -9999.0 -9999.0 -9999.0 -9999.0 -9999.0 -9999.0 -9999.0 -9999.0 -9999.0 -9999.0 -9999.0 -9999.0 -9999.0 -9999.0 -9999.0 -9999.0 -9999.0 -9999.0 -9999.0 -9999.0 -9999.0 -9999.0 -9999.0 -9999.0 -9999.0 -9999.0 -9999.0 -9999.0 -9999.0 -9999.0 -9999.0 -9999.0 -9999.0 -9999.0 -9999.0 -9999.0 -9999.0 -9999.0 -9999.0 -9999.0 -9999.0 -9999.0 -9999.0 -9999.0 -9999.0 -9999.0 -9999.0 -9999.0 -9999.0 -9999.0 -9999.0 -9999.0 -9999.0 -9999.0 -9999.0 -9999.0 -9999.0 -9999.0 -9999.0