Borden_/Borden1m_014/output_maps/thetaliqL0005N0016.asc
ncols         80
nrows         18
xllcorner     620200.000000
yllcorner     5168000.000000
cellsize      1.000000
NODATA_value  -9999.0
-9999.0 -9999.0 -9999.0 -9999.0 -9999.0 -9999.0 -9999.0 -9999.0 -9999.0 -9999.0 -9999.0 -9999.0 -9999.0 -9999.0 -9999.0 -9999.0 -9999.0 -9999.0 -9999.0 -9999.0 -9999.0 -9999.0 -9999.0 -9999.0 -9999.0 -9999.0 -9999.0 -9999.0 -9999.0 -9999.0 -9999.0 -9999.0 -9999.0 -9999.0 -9999.0 -9999.0 -9999.0 -9999.0 -9999.0 -9999.0 -9999.0 -9999.0 -9999.0 -9999.0 -9999.0 -9999.0 -9999.0 -9999.0 -9999.0 -9999.0 -9999.0 -9999.0 -9999.0 -9999.0 -9999.0 -9999.0 -9999.0 -9999.0 -9999.0 -9999.0 -9999.0 -9999.0 -9999.0 -9999.0 -9999.0 -9999.0 -9999.0 -9999.0 -9999.0 -9999.0 -9999.0 -9999.0 -9999.0 -9999.0 -9999.0 -9999.0 -9999.0 -9999.0 -9999.0 -9999.0
-9999.0 -9999.0 -9999.0 -9999.0 -9999.0 -9999.0 -9999.0 -9999.0 -9999.0 -9999.0 -9999.0 -9999.0 -9999.0 -9999.0 -9999.0 -9999.0 -9999.0 -9999.0 -9999.0 -9999.0 -9999.0 -9999.0 -9999.0 -9999.0 -9999.0 -9999.0 -9999.0 -9999.0 -9999.0 -9999.0 -9999.0 -9999.0 -9999.0 -9999.0 -9999.0 -9999.0 -9999.0 -9999.0 -9999.0 -9999.0 -9999.0 -9999.0 -9999.0 -9999.0 -9999.0 -9999.0 -9999.0 -9999.0 -9999.0 -9999.0 -9999.0 -9999.0 -9999.0 -9999.0 -9999.0 -9999.0 -9999.0 -9999.0 -9999.0 -9999.0 -9999.0 -9999.0 -9999.0 -9999.0 -9999.0 -9999.0 -9999.0 -9999.0 -9999.0 -9999.0 -9999.0 -9999.0 -9999.0 -9999.0 -9999.0 -9999.0 -9999.0 -9999.0 -9999.0 -9999.0
-9999.0 -9999.0 -9999.0 -9999.0 -9999.0 -9999.0 -9999.0 -9999.0 -9999.0 -9999.0 -9999.0 -9999.0 -9999.0 -9999.0 -9999.0 -9999.0 -9999.0 -9999.0 -9999.0 -9999.0 0.108608 0.109426 0.104083 0.097536 0.093042 0.093217 0.098738 0.106907 0.116487 0.119559 0.114110 0.114330 0.112749 0.112694 0.113467 0.114984 0.115551 0.118949 0.121572 0.121469 0.119493 0.117681 0.117074 0.118146 0.119654 0.117229 0.121377 0.126605 0.129116 0.127425 0.118556 0.114098 0.112134 0.108662 0.115294 0.119242 0.127143 0.128914 0.128779 0.119699 0.111207 -9999.0 -9999.0 -9999.0 -9999.0 -9999.0 -9999.0 -9999.0 -9999.0 -9999.0 -9999.0 -9999.0 -9999.0 -9999.0 -9999.0 -9999.0 -9999.0 -9999.0 -9999.0 -9999.0
-9999.0 -9999.0 -9999.0 -9999.0 -9999.0 -9999.0 -9999.0 -9999.0 -9999.0 -9999.0 -9999.0 -9999.0 -9999.0 -9999.0 0.092356 0.090905 0.090436 0.091431 0.096310 0.101529 0.104034 0.102332 0.102276 0.097777 0.094443 0.096589 0.101679 0.108221 0.116973 0.123225 0.118871 0.117860 0.121050 0.130783 0.136614 0.135330 0.126886 0.135407 0.142309 0.146775 0.146197 0.142094 0.149177 0.157640 0.154097 0.145373 0.146711 0.152398 0.160665 0.152832 0.125377 0.118682 0.118186 0.116576 0.113166 0.111561 0.118753 0.119316 0.117060 0.112314 0.104803 0.096554 0.093873 0.100394 0.110267 0.128376 -9999.0 -9999.0 -9999.0 -9999.0 -9999.0 -9999.0 -9999.0 -9999.0 -9999.0 -9999.0 -9999.0 -9999.0 -9999.0 -9999.0
-9999.0 -9999.0 -9999.0 -9999.0 -9999.0 -9999.0 -9999.0 -9999.0 -9999.0 0.085985 0.086244 0.086911 0.086978 0.088633 0.088331 0.089057 0.089942 0.093249 0.097975 0.104585 0.111284 0.108474 0.108352 0.111400 0.113306 0.116724 0.122715 0.137364 0.157082 0.181788 0.163995 0.162678 0.174076 0.212167 0.249182 0.259269 0.241723 0.242880 0.266743 0.291405 0.290300 0.288451 0.310169 0.321252 0.327536 0.312421 0.295360 0.292497 0.316015 0.268405 0.210688 0.169583 0.169863 0.152681 0.133937 0.125594 0.124751 0.133564 0.128122 0.116223 0.106978 0.105252 0.101974 0.105478 0.111050 0.125562 0.141054 0.155441 0.156126 0.147557 -9999.0 -9999.0 -9999.0 -9999.0 -9999.0 -9999.0 -9999.0 -9999.0 -9999.0 -9999.0
-9999.0 -9999.0 -9999.0 -9999.0 -9999.0 -9999.0 0.080002 0.080487 0.081774 0.082054 0.083927 0.084476 0.086354 0.088315 0.090598 0.092732 0.097404 0.103239 0.112777 0.126050 0.138185 0.136053 0.139861 0.156397 0.184167 0.210786 0.230797 0.264946 0.333832 0.360545 0.365879 0.367607 0.369860 0.370000 0.370000 0.370000 0.370000 0.370000 0.370000 0.370000 0.370000 0.370000 0.370000 0.370000 0.370000 0.370000 0.370000 0.370000 0.370000 0.370000 0.370000 0.369915 0.355283 0.320298 0.248100 0.197480 0.192361 0.202812 0.181287 0.151214 0.132676 0.129181 0.124481 0.120023 0.121986 0.129126 0.139130 0.144822 0.139761 0.131753 0.123669 0.114908 0.115551 0.123729 -9999.0 -9999.0 -9999.0 -9999.0 -9999.0 -9999.0
-9999.0 -9999.0 -9999.0 -9999.0 0.077291 0.077887 0.077214 0.078360 0.080155 0.082357 0.084946 0.088701 0.091889 0.096059 0.103588 0.112503 0.125431 0.138063 0.164997 0.214191 0.262589 0.289098 0.301993 0.353098 0.370000 0.370000 0.370000 0.370000 0.370000 0.370000 0.370000 0.370000 0.370000 0.370000 0.370000 0.370000 0.370000 0.370000 0.370000 0.370000 0.370000 0.370000 0.370000 0.370000 0.370000 0.370000 0.370000 0.370000 0.370000 0.370000 0.370000 0.370000 0.370000 0.370000 0.370000 0.370000 0.370000 0.368596 0.341087 0.294976 0.231159 0.207551 0.184375 0.168891 0.152581 0.153738 0.156166 0.147090 0.134485 0.123187 0.118804 0.113665 0.111187 0.120011 0.126115 0.138660 -9999.0 -9999.0 -9999.0 -9999.0
-9999.0 -9999.0 0.075091 0.076982 0.079893 0.080294 0.080399 0.080599 0.082395 0.086769 0.097152 0.107362 0.119238 0.128586 0.154211 0.211682 0.279053 0.321557 0.363395 0.370000 0.370000 0.370000 0.370000 0.370000 0.370000 0.370000 0.370000 0.370000 0.370000 0.370000 0.370000 0.370000 0.370000 0.370000 0.370000 0.370000 0.370000 0.370000 0.370000 0.370000 0.370000 0.370000 0.370000 0.370000 0.370000 0.370000 0.370000 0.370000 0.370000 0.370000 0.370000 0.370000 0.370000 0.370000 0.370000 0.370000 0.370000 0.370000 0.370000 0.370000 0.370000 0.370000 0.353031 0.309403 0.257655 0.229246 0.195002 0.170275 0.147471 0.129261 0.121746 0.116482 0.116260 0.116761 0.122044 0.127741 0.133938 0.137294 -9999.0 -9999.0
-9999.0 0.072581 0.074265 0.079818 0.085637 0.090407 0.096324 0.101561 0.106083 0.108287 0.144463 0.216828 0.294161 0.316832 0.358159 0.370000 0.370000 0.370000 0.370000 0.370000 0.370000 0.370000 0.370000 0.370000 0.370000 0.370000 0.370000 0.370000 0.370000 0.370000 0.370000 0.370000 0.370000 0.370000 0.370000 0.370000 0.370000 0.370000 0.370000 0.370000 0.370000 0.370000 0.370000 0.370000 0.370000 0.370000 0.370000 0.370000 0.370000 0.370000 0.370000 0.370000 0.370000 0.370000 0.370000 0.370000 0.370000 0.370000 0.370000 0.370000 0.370000 0.370000 0.370000 0.370000 0.370000 0.350968 0.296777 0.245696 0.197027 0.173514 0.157350 0.133853 0.125614 0.126826 0.123902 0.123362 0.125940 0.128396 -9999.0 -9999.0
-9999.0 0.071235 0.074398 0.084246 0.104543 0.119921 0.177812 0.242876 0.263832 0.242542 0.340032 0.370000 0.370000 0.370000 0.370000 0.370000 0.370000 0.370000 0.370000 0.370000 0.370000 0.370000 0.370000 0.370000 0.370000 0.370000 0.370000 0.370000 0.370000 0.370000 0.370000 0.370000 0.370000 0.370000 0.370000 0.370000 0.370000 0.370000 0.370000 0.370000 0.370000 0.370000 0.370000 0.370000 0.370000 0.370000 0.370000 0.370000 0.370000 0.370000 0.370000 0.370000 0.370000 0.370000 0.370000 0.370000 0.370000 0.370000 0.370000 0.370000 0.370000 0.370000 0.370000 0.370000 0.370000 0.370000 0.370000 0.369665 0.339556 0.297655 0.251217 0.204097 0.166568 0.152980 0.135485 0.127584 -9999.0 -9999.0 -9999.0 -9999.0
-9999.0 0.070481 0.074073 0.092105 0.173269 0.282259 0.370000 0.370000 0.370000 0.370000 0.370000 0.370000 0.370000 0.370000 0.370000 0.370000 0.370000 0.370000 0.370000 0.370000 0.370000 0.370000 0.370000 0.370000 0.370000 0.370000 0.370000 0.370000 0.370000 0.370000 0.370000 0.370000 0.370000 0.370000 0.370000 0.370000 0.355948 0.350870 0.342435 0.318830 0.303435 0.292062 0.306884 0.303920 0.302989 0.311283 0.329447 0.341236 0.363943 0.370000 0.370000 0.370000 0.370000 0.370000 0.370000 0.370000 0.370000 0.370000 0.370000 0.370000 0.370000 0.370000 0.370000 0.370000 0.370000 0.370000 0.370000 0.370000 0.370000 0.370000 0.370000 0.350834 0.287656 0.211021 0.182909 -9999.0 -9999.0 -9999.0 -9999.0 -9999.0
-9999.0 0.069117 0.072476 0.087677 0.212399 0.370000 0.370000 0.370000 0.370000 0.370000 0.370000 0.370000 0.370000 0.370000 0.370000 0.370000 0.370000 0.370000 0.370000 0.370000 0.370000 0.370000 0.370000 0.370000 0.370000 0.370000 0.370000 0.370000 0.370000 0.370000 0.368961 0.360690 0.310124 0.246457 0.206879 0.174093 0.146275 0.145584 0.152952 0.144727 0.135352 0.128150 0.137793 0.143940 0.148667 0.144174 0.147904 0.165095 0.194806 0.225507 0.268549 0.318434 0.352761 0.369916 0.370000 0.370000 0.370000 0.370000 0.370000 0.370000 0.370000 0.370000 0.370000 0.370000 0.370000 0.370000 0.370000 0.370000 0.370000 0.370000 0.370000 0.370000 0.370000 -9999.0 -9999.0 -9999.0 -9999.0 -9999.0 -9999.0 -9999.0
-9999.0 0.068423 0.070126 0.074653 0.101413 0.199946 0.336150 0.370000 0.370000 0.370000 0.370000 0.370000 0.370000 0.370000 0.370000 0.370000 0.370000 0.370000 0.370000 0.370000 0.370000 0.370000 0.369918 0.369387 0.363375 0.355565 0.349142 0.333071 0.300929 0.250309 0.184030 0.148060 0.123974 0.113350 0.106130 0.099573 0.093157 0.094819 0.097306 0.096468 0.094398 0.093595 0.098328 0.101589 0.103560 0.100671 0.104228 0.110255 0.121851 0.136186 0.157007 0.187291 0.223846 0.247737 0.263076 0.293530 0.332298 0.368030 0.370000 0.370000 0.370000 0.370000 0.370000 0.370000 0.370000 0.370000 0.370000 0.370000 0.370000 0.370000 0.370000 -9999.0 -9999.0 -9999.0 -9999.0 -9999.0 -9999.0 -9999.0 -9999.0 -9999.0
-9999.0 -9999.0 0.068367 0.069473 0.071498 0.076741 0.086866 0.102766 0.119306 0.146744 0.192679 0.247694 0.281688 0.295379 0.277279 0.237891 0.214094 0.214425 0.207734 0.195820 0.177617 0.171359 0.166646 0.162699 0.155014 0.151167 0.148842 0.144087 0.134803 0.118818 0.105098 0.095585 0.088371 0.085885 0.083937 0.082106 0.081834 0.081763 0.082299 0.082363 0.082714 0.083612 0.085436 0.087510 0.088478 0.089166 0.090637 0.093756 0.098979 0.106949 0.120553 0.140410 0.157503 0.162684 0.156553 0.158982 0.170687 0.198909 0.274138 0.354614 0.370000 0.370000 0.370000 0.370000 0.370000 0.370000 0.370000 0.370000 0.370000 0.370000 -9999.0 -9999.0 -9999.0 -9999.0 -9999.0 -9999.0 -9999.0 -9999.0 -9999.0 -9999.0
-9999.0 -9999.0 -9999.0 -9999.0 0.068534 0.069594 0.070677 0.071860 0.074802 0.079244 0.085627 0.093990 0.101978 0.106501 0.103395 0.101469 0.099721 0.099317 0.097960 0.096796 0.095698 0.094561 0.093174 0.092161 0.092018 0.092444 0.092235 0.090609 0.088892 0.085867 0.083654 0.081032 0.078786 0.077323 0.076774 0.076465 0.076504 0.076286 0.076716 0.076939 0.077615 0.078375 0.079710 0.081523 0.082346 0.083435 0.084221 0.086131 0.089234 0.096372 0.108403 0.123760 0.135380 0.135893 0.125019 0.119185 0.117596 0.125770 0.143355 0.179275 0.257974 0.326119 0.368155 0.370000 0.370000 0.370000 0.370000 0.370000 -9999.0 -9999.0 -9999.0 -9999.0 -9999.0 -9999.0 -9999.0 -9999.0 -9999.0 -9999.0 -9999.0 -9999.0
-9999.0 -9999.0 -9999.0 -9999.0 -9999.0 -9999.0 0.068360 0.068800 0.069292 0.070369 0.071960 0.074024 0.076556 0.077507 0.078194 0.079360 0.079036 0.078155 0.077381 0.078194 0.078626 0.078411 0.077094 0.077033 0.077170 0.077646 0.077607 0.077347 0.076240 0.076585 0.076529 0.075638 0.074751 0.074329 0.073988 0.074329 0.074367 0.073980 0.074052 0.074878 0.075542 0.076022 0.076951 0.078551 0.080417 0.081315 0.081325 0.081699 0.085097 0.093095 0.105263 0.118547 0.128044 0.130065 0.119517 0.107746 0.102479 0.103242 0.110293 0.124687 0.155096 0.180822 0.201139 0.220111 0.246614 0.334892 -9999.0 -9999.0 -9999.0 -9999.0 -9999.0 -9999.0 -9999.0 -9999.0 -9999.0 -9999.0 -9999.0 -9999.0 -9999.0 -9999.0
-9999.0 -9999.0 -9999.0 -9999.0 -9999.0 -9999.0 -9999.0 -9999.0 -9999.0 -9999.0 -9999.0 -9999.0 -9999.0 -9999.0 -9999.0 -9999.0 -9999.0 -9999.0 -9999.0 -9999.0 -9999.0 -9999.0 -9999.0 -9999.0 -9999.0 -9999.0 -9999.0 -9999.0 -9999.0 -9999.0 -9999.0 -9999.0 -9999.0 -9999.0 -9999.0 -9999.0 -9999.0 -9999.0 -9999.0 -9999.0 -9999.0 -9999.0 -9999.0 -9999.0 -9999.0 -9999.0 -9999.0 -9999.0 -9999.0 -9999.0 -9999.0 -9999.0 -9999.0 -9999.0 -9999.0 -9999.0 -9999.0 -9999.0 -9999.0 -9999.0 -9999.0 -9999.0 -9999.0 -9999.0 -9999.0 -9999.0 -9999.0 -9999.0 -9999.0 -9999.0 -9999.0 -9999.0 -9999.0 -9999.0 -9999.0 -9999.0 -9999.0 -9999.0 -9999.0 -9999.0
-9999.0 -9999.0 -9999.0 -9999.0 -9999.0 -9999.0 -9999.0 -9999.0 -9999.0 -9999.0 -9999.0 -9999.0 -9999.0 -9999.0 -9999.0 -9999.0 -9999.0 -9999.0 -9999.0 -9999.0 -9999.0 -9999.0 -9999.0 -9999.0 -9999.0 -9999.0 -9999.0 -9999.0 -9999.0 -9999.0 -9999.0 -9999.0 -9999.0 -9999.0 -9999.0 -9999.0 -9999.0 -9999.0 -9999.0 -9999.0 -9999.0 -9999.0 -9999.0 -9999.0 -9999.0 -9999.0 -9999.0 -9999.0 -9999.0 -9999.0 -9999.0 -9999.0 -9999.0 -9999.0 -9999.0 -9999.0 -9999.0 -9999.0 -9999.0 -9999.0 -9999.0 -9999.0 -9999.0 -9999.0 -9999.0 -9999.0 -9999.0 -9999.0 -9999.0 -9999.0 -9999.0 -9999.0 -9999.0 -9999.0 -9999.0 -9999.0 -9999.0 -9999.0 -9999.0 -9999.0