Borden_/Borden1m_014/output_maps/thetaliqL0001N0023.asc
ncols         80
nrows         18
xllcorner     620200.000000
yllcorner     5168000.000000
cellsize      1.000000
NODATA_value  -9999.0
-9999.0 -9999.0 -9999.0 -9999.0 -9999.0 -9999.0 -9999.0 -9999.0 -9999.0 -9999.0 -9999.0 -9999.0 -9999.0 -9999.0 -9999.0 -9999.0 -9999.0 -9999.0 -9999.0 -9999.0 -9999.0 -9999.0 -9999.0 -9999.0 -9999.0 -9999.0 -9999.0 -9999.0 -9999.0 -9999.0 -9999.0 -9999.0 -9999.0 -9999.0 -9999.0 -9999.0 -9999.0 -9999.0 -9999.0 -9999.0 -9999.0 -9999.0 -9999.0 -9999.0 -9999.0 -9999.0 -9999.0 -9999.0 -9999.0 -9999.0 -9999.0 -9999.0 -9999.0 -9999.0 -9999.0 -9999.0 -9999.0 -9999.0 -9999.0 -9999.0 -9999.0 -9999.0 -9999.0 -9999.0 -9999.0 -9999.0 -9999.0 -9999.0 -9999.0 -9999.0 -9999.0 -9999.0 -9999.0 -9999.0 -9999.0 -9999.0 -9999.0 -9999.0 -9999.0 -9999.0
-9999.0 -9999.0 -9999.0 -9999.0 -9999.0 -9999.0 -9999.0 -9999.0 -9999.0 -9999.0 -9999.0 -9999.0 -9999.0 -9999.0 -9999.0 -9999.0 -9999.0 -9999.0 -9999.0 -9999.0 -9999.0 -9999.0 -9999.0 -9999.0 -9999.0 -9999.0 -9999.0 -9999.0 -9999.0 -9999.0 -9999.0 -9999.0 -9999.0 -9999.0 -9999.0 -9999.0 -9999.0 -9999.0 -9999.0 -9999.0 -9999.0 -9999.0 -9999.0 -9999.0 -9999.0 -9999.0 -9999.0 -9999.0 -9999.0 -9999.0 -9999.0 -9999.0 -9999.0 -9999.0 -9999.0 -9999.0 -9999.0 -9999.0 -9999.0 -9999.0 -9999.0 -9999.0 -9999.0 -9999.0 -9999.0 -9999.0 -9999.0 -9999.0 -9999.0 -9999.0 -9999.0 -9999.0 -9999.0 -9999.0 -9999.0 -9999.0 -9999.0 -9999.0 -9999.0 -9999.0
-9999.0 -9999.0 -9999.0 -9999.0 -9999.0 -9999.0 -9999.0 -9999.0 -9999.0 -9999.0 -9999.0 -9999.0 -9999.0 -9999.0 -9999.0 -9999.0 -9999.0 -9999.0 -9999.0 -9999.0 0.205526 0.206204 0.204840 0.203330 0.202047 0.201865 0.203289 0.204910 0.206808 0.207171 0.205566 0.205979 0.205331 0.204960 0.204914 0.205350 0.205558 0.206168 0.206547 0.206348 0.205870 0.205540 0.205198 0.205286 0.205842 0.205109 0.206188 0.207236 0.207598 0.207627 0.206241 0.205690 0.205502 0.204254 0.206514 0.207140 0.208785 0.208922 0.209271 0.207422 0.205630 -9999.0 -9999.0 -9999.0 -9999.0 -9999.0 -9999.0 -9999.0 -9999.0 -9999.0 -9999.0 -9999.0 -9999.0 -9999.0 -9999.0 -9999.0 -9999.0 -9999.0 -9999.0 -9999.0
-9999.0 -9999.0 -9999.0 -9999.0 -9999.0 -9999.0 -9999.0 -9999.0 -9999.0 -9999.0 -9999.0 -9999.0 -9999.0 -9999.0 0.203239 0.202480 0.202122 0.201859 0.203134 0.204104 0.204077 0.203286 0.203969 0.202482 0.201172 0.201966 0.203039 0.203870 0.205335 0.206503 0.205384 0.205109 0.205695 0.207844 0.208785 0.208314 0.205737 0.208130 0.209317 0.210103 0.210002 0.208814 0.210456 0.212385 0.211375 0.209347 0.209763 0.210867 0.212769 0.211849 0.205621 0.205074 0.205434 0.205609 0.204796 0.204182 0.206447 0.206090 0.205741 0.205425 0.204205 0.202166 0.201246 0.203401 0.205267 0.209297 -9999.0 -9999.0 -9999.0 -9999.0 -9999.0 -9999.0 -9999.0 -9999.0 -9999.0 -9999.0 -9999.0 -9999.0 -9999.0 -9999.0
-9999.0 -9999.0 -9999.0 -9999.0 -9999.0 -9999.0 -9999.0 -9999.0 -9999.0 0.202145 0.201906 0.202099 0.201568 0.202203 0.201054 0.201296 0.201069 0.201925 0.202573 0.203762 0.205445 0.204140 0.203967 0.204887 0.205001 0.205309 0.205989 0.208770 0.212008 0.217435 0.212714 0.212523 0.215029 0.225088 0.234624 0.237549 0.232509 0.232406 0.238682 0.246520 0.246337 0.245565 0.254290 0.259668 0.263802 0.255359 0.247464 0.246187 0.257007 0.239182 0.225032 0.214039 0.214754 0.211335 0.207726 0.206448 0.205910 0.208558 0.207589 0.205290 0.203459 0.204162 0.203100 0.204124 0.204771 0.207787 0.210535 0.213312 0.213453 0.211657 -9999.0 -9999.0 -9999.0 -9999.0 -9999.0 -9999.0 -9999.0 -9999.0 -9999.0 -9999.0
-9999.0 -9999.0 -9999.0 -9999.0 -9999.0 -9999.0 0.200990 0.200866 0.201250 0.199835 0.200740 0.200033 0.200692 0.200944 0.201337 0.201293 0.202392 0.203317 0.204952 0.207193 0.209349 0.208106 0.208654 0.211870 0.218886 0.225821 0.230136 0.238157 0.268210 0.305672 0.323587 0.332441 0.343699 0.351542 0.361650 0.368585 0.360960 0.357445 0.359847 0.364986 0.369527 0.369540 0.369607 0.369689 0.369883 0.369861 0.365475 0.362216 0.361156 0.360162 0.353196 0.341541 0.294572 0.259198 0.234048 0.222089 0.219812 0.221325 0.216772 0.211001 0.207735 0.207804 0.207210 0.205984 0.206541 0.207730 0.209651 0.210889 0.209961 0.208743 0.207890 0.205881 0.206214 0.208177 -9999.0 -9999.0 -9999.0 -9999.0 -9999.0 -9999.0
-9999.0 -9999.0 -9999.0 -9999.0 0.198947 0.199558 0.197685 0.198696 0.199452 0.199992 0.199902 0.200915 0.201127 0.201818 0.203385 0.204581 0.206832 0.208493 0.213548 0.225535 0.238064 0.246125 0.250773 0.292468 0.343964 0.354033 0.356450 0.360011 0.365738 0.369913 0.369974 0.369914 0.369992 0.369988 0.370000 0.370000 0.370000 0.370000 0.370000 0.370000 0.370000 0.370000 0.370000 0.370000 0.370000 0.370000 0.370000 0.370000 0.370000 0.370000 0.369985 0.369956 0.368048 0.365048 0.362436 0.357010 0.344966 0.332674 0.274000 0.247816 0.229180 0.222826 0.217150 0.214508 0.210985 0.211627 0.212625 0.210881 0.208707 0.206682 0.206514 0.205657 0.204625 0.207170 0.208007 0.210800 -9999.0 -9999.0 -9999.0 -9999.0
-9999.0 -9999.0 0.198944 0.198919 0.200536 0.199441 0.198820 0.197899 0.198197 0.199709 0.202646 0.203801 0.205784 0.206774 0.211685 0.225748 0.244046 0.260945 0.314023 0.347448 0.357718 0.363392 0.369316 0.369799 0.369883 0.369999 0.370000 0.369999 0.370000 0.370000 0.370000 0.370000 0.370000 0.370000 0.370000 0.370000 0.370000 0.370000 0.370000 0.370000 0.370000 0.370000 0.370000 0.370000 0.370000 0.370000 0.370000 0.370000 0.370000 0.370000 0.370000 0.370000 0.370000 0.370000 0.369999 0.369999 0.369956 0.368474 0.366526 0.362535 0.351193 0.340630 0.290645 0.253341 0.234636 0.226399 0.218826 0.214431 0.210592 0.207137 0.206166 0.205611 0.206145 0.205746 0.207091 0.208080 0.209627 0.210191 -9999.0 -9999.0
-9999.0 0.198593 0.197927 0.200793 0.201096 0.201588 0.202341 0.202983 0.203705 0.202388 0.210606 0.228640 0.249740 0.258413 0.301805 0.352142 0.369364 0.369783 0.369915 0.369933 0.370000 0.370000 0.370000 0.370000 0.370000 0.370000 0.370000 0.370000 0.370000 0.370000 0.370000 0.370000 0.370000 0.370000 0.370000 0.370000 0.370000 0.370000 0.370000 0.370000 0.370000 0.370000 0.370000 0.370000 0.369999 0.370000 0.370000 0.370000 0.370000 0.370000 0.370000 0.370000 0.370000 0.370000 0.370000 0.370000 0.370000 0.370000 0.369998 0.369999 0.369741 0.368245 0.364068 0.354570 0.342043 0.286577 0.247205 0.230339 0.218968 0.215057 0.212724 0.207855 0.206685 0.207786 0.207151 0.207083 0.207684 0.208142 -9999.0 -9999.0
-9999.0 0.195894 0.198513 0.201451 0.205124 0.205395 0.220217 0.235493 0.240790 0.232378 0.277368 0.369478 0.369749 0.369948 0.369997 0.370000 0.370000 0.370000 0.370000 0.370000 0.370000 0.370000 0.370000 0.370000 0.370000 0.370000 0.370000 0.370000 0.370000 0.370000 0.370000 0.370000 0.370000 0.369997 0.369982 0.369967 0.369937 0.368870 0.366447 0.363501 0.361886 0.364359 0.363144 0.360757 0.360204 0.363315 0.366602 0.366268 0.366943 0.368382 0.369562 0.369991 0.369997 0.370000 0.370000 0.370000 0.370000 0.370000 0.370000 0.370000 0.370000 0.370000 0.369998 0.369594 0.367117 0.357968 0.347875 0.336243 0.272735 0.248407 0.233035 0.221201 0.213532 0.212002 0.208487 0.208055 -9999.0 -9999.0 -9999.0 -9999.0
-9999.0 0.195930 0.198507 0.204295 0.219394 0.247186 0.344047 0.366347 0.369997 0.369900 0.370000 0.370000 0.370000 0.370000 0.370000 0.370000 0.370000 0.370000 0.370000 0.370000 0.370000 0.370000 0.370000 0.370000 0.370000 0.370000 0.370000 0.370000 0.369875 0.369556 0.368961 0.368257 0.366030 0.355435 0.349466 0.343723 0.298257 0.286538 0.275431 0.258035 0.251160 0.246858 0.252758 0.251115 0.250503 0.254200 0.264434 0.273775 0.314480 0.341934 0.350030 0.358608 0.363364 0.367531 0.369394 0.369994 0.369999 0.370000 0.370000 0.370000 0.370000 0.370000 0.370000 0.370000 0.369999 0.369590 0.368449 0.364415 0.355229 0.346237 0.337382 0.287254 0.245389 0.223152 0.217884 -9999.0 -9999.0 -9999.0 -9999.0 -9999.0
-9999.0 0.192420 0.198923 0.203659 0.232394 0.347695 0.364380 0.370000 0.370000 0.370000 0.369883 0.369999 0.369997 0.370000 0.370000 0.369999 0.369999 0.369999 0.370000 0.369996 0.369789 0.369595 0.369565 0.369326 0.368594 0.367592 0.366527 0.364611 0.357724 0.350661 0.334039 0.305870 0.255084 0.234337 0.224886 0.217091 0.210385 0.210552 0.212630 0.210831 0.208967 0.206979 0.209340 0.210399 0.211463 0.210122 0.210439 0.213742 0.219541 0.226545 0.238505 0.257368 0.288947 0.340486 0.348016 0.357217 0.363522 0.367826 0.369762 0.370000 0.370000 0.370000 0.370000 0.370000 0.370000 0.370000 0.370000 0.369988 0.368667 0.364683 0.361051 0.355308 0.345491 -9999.0 -9999.0 -9999.0 -9999.0 -9999.0 -9999.0 -9999.0
-9999.0 0.190273 0.197397 0.198576 0.207292 0.228960 0.278298 0.349164 0.369434 0.358121 0.355361 0.358993 0.362559 0.364842 0.362393 0.358209 0.354733 0.355572 0.356038 0.352407 0.347481 0.344964 0.344561 0.340238 0.313920 0.294313 0.283698 0.267557 0.250734 0.235204 0.218097 0.211180 0.206652 0.205183 0.204116 0.202987 0.200709 0.201983 0.202954 0.202697 0.201963 0.201386 0.203068 0.203612 0.204143 0.202536 0.203605 0.204517 0.206675 0.208913 0.212271 0.217574 0.225060 0.231175 0.236513 0.246749 0.266419 0.328286 0.352475 0.366236 0.369476 0.369992 0.370000 0.370000 0.370000 0.370000 0.370000 0.370000 0.369999 0.369262 0.367707 -9999.0 -9999.0 -9999.0 -9999.0 -9999.0 -9999.0 -9999.0 -9999.0 -9999.0
-9999.0 -9999.0 0.188965 0.191898 0.194617 0.197228 0.200949 0.206246 0.210170 0.215879 0.225093 0.236895 0.245608 0.250072 0.244066 0.233181 0.227510 0.227968 0.226531 0.223662 0.218733 0.216855 0.215680 0.214759 0.212887 0.212128 0.211830 0.211206 0.209818 0.206730 0.204122 0.202425 0.200522 0.200672 0.200390 0.199714 0.200282 0.200148 0.200328 0.200213 0.200349 0.200641 0.200991 0.201480 0.201475 0.201600 0.201764 0.202301 0.203130 0.204216 0.206456 0.209917 0.212682 0.213362 0.211861 0.212366 0.214497 0.219868 0.240694 0.293179 0.346576 0.359772 0.367686 0.369489 0.369924 0.369988 0.370000 0.370000 0.370000 0.369932 -9999.0 -9999.0 -9999.0 -9999.0 -9999.0 -9999.0 -9999.0 -9999.0 -9999.0 -9999.0
-9999.0 -9999.0 -9999.0 -9999.0 0.187953 0.191898 0.195559 0.195166 0.197767 0.199237 0.200626 0.202372 0.203811 0.204827 0.203432 0.203075 0.202806 0.203052 0.202798 0.202420 0.202229 0.202023 0.201859 0.201558 0.201671 0.201947 0.202033 0.201530 0.201581 0.200586 0.200476 0.199946 0.199425 0.198802 0.198953 0.198873 0.199163 0.198862 0.199330 0.199019 0.199352 0.199488 0.199889 0.200555 0.200238 0.200625 0.200625 0.201136 0.201271 0.202606 0.204856 0.207562 0.209461 0.209360 0.206862 0.205900 0.205327 0.206874 0.209583 0.215887 0.235495 0.262215 0.329535 0.347846 0.354497 0.362193 0.368352 0.369928 -9999.0 -9999.0 -9999.0 -9999.0 -9999.0 -9999.0 -9999.0 -9999.0 -9999.0 -9999.0 -9999.0 -9999.0
-9999.0 -9999.0 -9999.0 -9999.0 -9999.0 -9999.0 0.189541 0.191455 0.190938 0.192255 0.193393 0.194309 0.195834 0.195530 0.195917 0.197176 0.196974 0.196388 0.195646 0.196767 0.197221 0.197357 0.196131 0.196481 0.196591 0.197074 0.197024 0.197246 0.196174 0.197429 0.198032 0.197810 0.197600 0.197852 0.197576 0.198388 0.198484 0.197840 0.197655 0.198564 0.198800 0.198643 0.198798 0.199397 0.200298 0.200406 0.199966 0.199348 0.200255 0.202363 0.204753 0.206916 0.208374 0.208906 0.206857 0.204148 0.202828 0.202630 0.203688 0.205762 0.211167 0.215196 0.218829 0.224430 0.230759 0.266333 -9999.0 -9999.0 -9999.0 -9999.0 -9999.0 -9999.0 -9999.0 -9999.0 -9999.0 -9999.0 -9999.0 -9999.0 -9999.0 -9999.0
-9999.0 -9999.0 -9999.0 -9999.0 -9999.0 -9999.0 -9999.0 -9999.0 -9999.0 -9999.0 -9999.0 -9999.0 -9999.0 -9999.0 -9999.0 -9999.0 -9999.0 -9999.0 -9999.0 -9999.0 -9999.0 -9999.0 -9999.0 -9999.0 -9999.0 -9999.0 -9999.0 -9999.0 -9999.0 -9999.0 -9999.0 -9999.0 -9999.0 -9999.0 -9999.0 -9999.0 -9999.0 -9999.0 -9999.0 -9999.0 -9999.0 -9999.0 -9999.0 -9999.0 -9999.0 -9999.0 -9999.0 -9999.0 -9999.0 -9999.0 -9999.0 -9999.0 -9999.0 -9999.0 -9999.0 -9999.0 -9999.0 -9999.0 -9999.0 -9999.0 -9999.0 -9999.0 -9999.0 -9999.0 -9999.0 -9999.0 -9999.0 -9999.0 -9999.0 -9999.0 -9999.0 -9999.0 -9999.0 -9999.0 -9999.0 -9999.0 -9999.0 -9999.0 -9999.0 -9999.0
-9999.0 -9999.0 -9999.0 -9999.0 -9999.0 -9999.0 -9999.0 -9999.0 -9999.0 -9999.0 -9999.0 -9999.0 -9999.0 -9999.0 -9999.0 -9999.0 -9999.0 -9999.0 -9999.0 -9999.0 -9999.0 -9999.0 -9999.0 -9999.0 -9999.0 -9999.0 -9999.0 -9999.0 -9999.0 -9999.0 -9999.0 -9999.0 -9999.0 -9999.0 -9999.0 -9999.0 -9999.0 -9999.0 -9999.0 -9999.0 -9999.0 -9999.0 -9999.0 -9999.0 -9999.0 -9999.0 -9999.0 -9999.0 -9999.0 -9999.0 -9999.0 -9999.0 -9999.0 -9999.0 -9999.0 -9999.0 -9999.0 -9999.0 -9999.0 -9999.0 -9999.0 -9999.0 -9999.0 -9999.0 -9999.0 -9999.0 -9999.0 -9999.0 -9999.0 -9999.0 -9999.0 -9999.0 -9999.0 -9999.0 -9999.0 -9999.0 -9999.0 -9999.0 -9999.0 -9999.0