Borden_/Borden1m_014/output_maps/thetaliqL0005N0007.asc
ncols         80
nrows         18
xllcorner     620200.000000
yllcorner     5168000.000000
cellsize      1.000000
NODATA_value  -9999.0
-9999.0 -9999.0 -9999.0 -9999.0 -9999.0 -9999.0 -9999.0 -9999.0 -9999.0 -9999.0 -9999.0 -9999.0 -9999.0 -9999.0 -9999.0 -9999.0 -9999.0 -9999.0 -9999.0 -9999.0 -9999.0 -9999.0 -9999.0 -9999.0 -9999.0 -9999.0 -9999.0 -9999.0 -9999.0 -9999.0 -9999.0 -9999.0 -9999.0 -9999.0 -9999.0 -9999.0 -9999.0 -9999.0 -9999.0 -9999.0 -9999.0 -9999.0 -9999.0 -9999.0 -9999.0 -9999.0 -9999.0 -9999.0 -9999.0 -9999.0 -9999.0 -9999.0 -9999.0 -9999.0 -9999.0 -9999.0 -9999.0 -9999.0 -9999.0 -9999.0 -9999.0 -9999.0 -9999.0 -9999.0 -9999.0 -9999.0 -9999.0 -9999.0 -9999.0 -9999.0 -9999.0 -9999.0 -9999.0 -9999.0 -9999.0 -9999.0 -9999.0 -9999.0 -9999.0 -9999.0
-9999.0 -9999.0 -9999.0 -9999.0 -9999.0 -9999.0 -9999.0 -9999.0 -9999.0 -9999.0 -9999.0 -9999.0 -9999.0 -9999.0 -9999.0 -9999.0 -9999.0 -9999.0 -9999.0 -9999.0 -9999.0 -9999.0 -9999.0 -9999.0 -9999.0 -9999.0 -9999.0 -9999.0 -9999.0 -9999.0 -9999.0 -9999.0 -9999.0 -9999.0 -9999.0 -9999.0 -9999.0 -9999.0 -9999.0 -9999.0 -9999.0 -9999.0 -9999.0 -9999.0 -9999.0 -9999.0 -9999.0 -9999.0 -9999.0 -9999.0 -9999.0 -9999.0 -9999.0 -9999.0 -9999.0 -9999.0 -9999.0 -9999.0 -9999.0 -9999.0 -9999.0 -9999.0 -9999.0 -9999.0 -9999.0 -9999.0 -9999.0 -9999.0 -9999.0 -9999.0 -9999.0 -9999.0 -9999.0 -9999.0 -9999.0 -9999.0 -9999.0 -9999.0 -9999.0 -9999.0
-9999.0 -9999.0 -9999.0 -9999.0 -9999.0 -9999.0 -9999.0 -9999.0 -9999.0 -9999.0 -9999.0 -9999.0 -9999.0 -9999.0 -9999.0 -9999.0 -9999.0 -9999.0 -9999.0 -9999.0 0.107727 0.108482 0.103253 0.096814 0.092400 0.092590 0.098024 0.106080 0.115496 0.118537 0.113239 0.113418 0.111895 0.111876 0.112657 0.114135 0.114680 0.118025 0.120614 0.120531 0.118601 0.116817 0.116236 0.117302 0.118759 0.116404 0.120454 0.125579 0.128054 0.126360 0.117625 0.113212 0.111262 0.107896 0.114331 0.118222 0.125950 0.127708 0.127532 0.118651 0.110324 -9999.0 -9999.0 -9999.0 -9999.0 -9999.0 -9999.0 -9999.0 -9999.0 -9999.0 -9999.0 -9999.0 -9999.0 -9999.0 -9999.0 -9999.0 -9999.0 -9999.0 -9999.0 -9999.0
-9999.0 -9999.0 -9999.0 -9999.0 -9999.0 -9999.0 -9999.0 -9999.0 -9999.0 -9999.0 -9999.0 -9999.0 -9999.0 -9999.0 0.091613 0.090216 0.089773 0.090796 0.095598 0.100755 0.103271 0.101630 0.101517 0.097123 0.093874 0.095972 0.100997 0.107488 0.116126 0.122273 0.118020 0.117032 0.120173 0.129693 0.135392 0.134148 0.125983 0.134248 0.140961 0.145262 0.144693 0.140753 0.147541 0.155619 0.152220 0.143885 0.145209 0.150726 0.158629 0.151114 0.124503 0.117858 0.117333 0.115704 0.112365 0.110807 0.117801 0.118401 0.116175 0.111451 0.104032 0.095921 0.093297 0.099678 0.109417 0.127131 -9999.0 -9999.0 -9999.0 -9999.0 -9999.0 -9999.0 -9999.0 -9999.0 -9999.0 -9999.0 -9999.0 -9999.0 -9999.0 -9999.0
-9999.0 -9999.0 -9999.0 -9999.0 -9999.0 -9999.0 -9999.0 -9999.0 -9999.0 0.085288 0.085568 0.086224 0.086335 0.087952 0.087738 0.088450 0.089359 0.092619 0.097317 0.103853 0.110422 0.107719 0.107612 0.110593 0.112502 0.115897 0.121819 0.136130 0.155117 0.178266 0.161328 0.159951 0.170416 0.202998 0.232647 0.240575 0.225602 0.226559 0.246237 0.266614 0.265761 0.264180 0.282259 0.291849 0.297866 0.284788 0.269826 0.267259 0.286713 0.248281 0.200901 0.166128 0.167059 0.150893 0.132822 0.124645 0.123854 0.132396 0.127063 0.115381 0.106274 0.104489 0.101290 0.104716 0.110245 0.124483 0.139657 0.153649 0.154316 0.146014 -9999.0 -9999.0 -9999.0 -9999.0 -9999.0 -9999.0 -9999.0 -9999.0 -9999.0 -9999.0
-9999.0 -9999.0 -9999.0 -9999.0 -9999.0 -9999.0 0.079330 0.079832 0.081104 0.081498 0.083322 0.083929 0.085775 0.087732 0.089999 0.092150 0.096763 0.102546 0.111971 0.125044 0.136904 0.134870 0.138559 0.154287 0.179122 0.200935 0.217126 0.244964 0.301968 0.329563 0.337543 0.340255 0.345009 0.363526 0.370000 0.370000 0.370000 0.369924 0.370000 0.370000 0.370000 0.370000 0.370000 0.370000 0.370000 0.370000 0.370000 0.370000 0.370000 0.370000 0.366824 0.343985 0.321283 0.290278 0.230869 0.187987 0.186540 0.197543 0.178108 0.149583 0.131596 0.128107 0.123471 0.119126 0.121032 0.128054 0.137842 0.143377 0.138437 0.130573 0.122576 0.114008 0.114618 0.122604 -9999.0 -9999.0 -9999.0 -9999.0 -9999.0 -9999.0
-9999.0 -9999.0 -9999.0 -9999.0 0.076738 0.077297 0.076746 0.077841 0.079605 0.081792 0.084413 0.088127 0.091319 0.095458 0.102897 0.111740 0.124434 0.136747 0.162335 0.205621 0.244436 0.265141 0.275155 0.317696 0.351314 0.367088 0.369505 0.370000 0.370000 0.370000 0.370000 0.370000 0.370000 0.370000 0.370000 0.370000 0.370000 0.370000 0.370000 0.370000 0.370000 0.370000 0.370000 0.370000 0.370000 0.370000 0.370000 0.370000 0.370000 0.370000 0.370000 0.370000 0.370000 0.370000 0.370000 0.369781 0.351299 0.339824 0.308064 0.269841 0.218897 0.201235 0.181011 0.166624 0.151061 0.152157 0.154453 0.145639 0.133308 0.122219 0.117847 0.112783 0.110394 0.118990 0.125013 0.137232 -9999.0 -9999.0 -9999.0 -9999.0
-9999.0 -9999.0 0.074494 0.076429 0.079260 0.079752 0.079905 0.080163 0.081957 0.086270 0.096507 0.106658 0.118322 0.127496 0.152067 0.202589 0.257711 0.292087 0.328685 0.359185 0.369883 0.370000 0.370000 0.370000 0.370000 0.370000 0.370000 0.370000 0.370000 0.370000 0.370000 0.370000 0.370000 0.370000 0.370000 0.370000 0.370000 0.370000 0.370000 0.370000 0.370000 0.370000 0.370000 0.370000 0.370000 0.370000 0.370000 0.370000 0.370000 0.370000 0.370000 0.370000 0.370000 0.370000 0.370000 0.370000 0.370000 0.370000 0.370000 0.370000 0.366608 0.346607 0.317219 0.283288 0.245418 0.222834 0.191699 0.168187 0.146054 0.128253 0.120828 0.115609 0.115336 0.115877 0.121033 0.126632 0.132654 0.135942 -9999.0 -9999.0
-9999.0 0.071942 0.073733 0.079175 0.085037 0.089807 0.095717 0.100920 0.105381 0.107678 0.142730 0.205450 0.270867 0.289381 0.323269 0.365081 0.370000 0.370000 0.370000 0.370000 0.370000 0.370000 0.370000 0.370000 0.370000 0.370000 0.370000 0.370000 0.370000 0.370000 0.370000 0.370000 0.370000 0.370000 0.370000 0.370000 0.370000 0.370000 0.370000 0.370000 0.370000 0.370000 0.370000 0.370000 0.370000 0.370000 0.370000 0.370000 0.370000 0.370000 0.370000 0.370000 0.370000 0.370000 0.370000 0.370000 0.370000 0.370000 0.370000 0.370000 0.370000 0.370000 0.370000 0.368909 0.351231 0.314116 0.276042 0.236677 0.193396 0.171267 0.155634 0.132779 0.124652 0.125750 0.122887 0.122353 0.124872 0.127281 -9999.0 -9999.0
-9999.0 0.070765 0.073845 0.083626 0.103736 0.119096 0.171339 0.228152 0.246123 0.228292 0.304985 0.370000 0.370000 0.370000 0.370000 0.370000 0.370000 0.370000 0.370000 0.370000 0.370000 0.370000 0.370000 0.370000 0.370000 0.370000 0.370000 0.370000 0.370000 0.370000 0.370000 0.370000 0.370000 0.370000 0.370000 0.370000 0.370000 0.370000 0.370000 0.370000 0.370000 0.370000 0.370000 0.370000 0.370000 0.370000 0.370000 0.370000 0.370000 0.370000 0.370000 0.370000 0.370000 0.370000 0.370000 0.370000 0.370000 0.370000 0.370000 0.370000 0.370000 0.370000 0.370000 0.370000 0.370000 0.369943 0.361801 0.341777 0.306479 0.276287 0.241225 0.200138 0.164714 0.151394 0.134340 0.126476 -9999.0 -9999.0 -9999.0 -9999.0
-9999.0 0.069995 0.073541 0.091363 0.170426 0.259197 0.366620 0.370000 0.370000 0.370000 0.370000 0.370000 0.370000 0.370000 0.370000 0.370000 0.370000 0.370000 0.370000 0.370000 0.370000 0.370000 0.370000 0.370000 0.370000 0.370000 0.370000 0.370000 0.370000 0.370000 0.370000 0.370000 0.370000 0.369297 0.359521 0.348525 0.323126 0.318946 0.310161 0.288970 0.276072 0.267112 0.279151 0.276398 0.275546 0.282655 0.298554 0.308306 0.331022 0.347501 0.362672 0.369840 0.370000 0.370000 0.370000 0.370000 0.370000 0.370000 0.370000 0.370000 0.370000 0.370000 0.370000 0.370000 0.370000 0.370000 0.370000 0.370000 0.370000 0.366495 0.349469 0.316237 0.271341 0.207113 0.180319 -9999.0 -9999.0 -9999.0 -9999.0 -9999.0
-9999.0 0.068797 0.071902 0.087004 0.202912 0.369931 0.370000 0.370000 0.370000 0.370000 0.370000 0.370000 0.370000 0.370000 0.370000 0.370000 0.370000 0.370000 0.370000 0.370000 0.370000 0.370000 0.370000 0.370000 0.370000 0.370000 0.370000 0.370000 0.370000 0.366317 0.338271 0.328334 0.282271 0.230766 0.198738 0.170128 0.144439 0.143804 0.150925 0.143126 0.134067 0.127109 0.136444 0.142439 0.146996 0.142671 0.146249 0.162695 0.190389 0.217591 0.252079 0.289401 0.317074 0.344529 0.358868 0.369556 0.370000 0.370000 0.370000 0.370000 0.370000 0.370000 0.370000 0.370000 0.370000 0.370000 0.370000 0.370000 0.370000 0.370000 0.370000 0.369986 0.357852 -9999.0 -9999.0 -9999.0 -9999.0 -9999.0 -9999.0 -9999.0
-9999.0 0.068149 0.069564 0.074205 0.100581 0.191574 0.302170 0.356697 0.369714 0.369483 0.369990 0.370000 0.370000 0.370000 0.370000 0.370000 0.368663 0.368600 0.368529 0.364077 0.354868 0.348720 0.348737 0.345657 0.332289 0.322891 0.316222 0.301375 0.274822 0.235566 0.179824 0.146050 0.122954 0.112547 0.105412 0.098922 0.092635 0.094215 0.096641 0.095816 0.093789 0.093020 0.097647 0.100875 0.102807 0.100035 0.103519 0.109485 0.120899 0.134984 0.155262 0.184129 0.217710 0.238021 0.248430 0.269594 0.298971 0.333983 0.367442 0.370000 0.370000 0.370000 0.370000 0.370000 0.370000 0.370000 0.370000 0.370000 0.370000 0.370000 0.370000 -9999.0 -9999.0 -9999.0 -9999.0 -9999.0 -9999.0 -9999.0 -9999.0 -9999.0
-9999.0 -9999.0 0.068149 0.069210 0.071203 0.076418 0.086289 0.099881 0.114161 0.140393 0.183020 0.230617 0.258904 0.270353 0.255075 0.222364 0.202626 0.203188 0.197596 0.187936 0.172580 0.167583 0.163223 0.159611 0.152647 0.149100 0.146928 0.142424 0.133474 0.117886 0.104373 0.094958 0.087838 0.085325 0.083378 0.081574 0.081253 0.081194 0.081723 0.081794 0.082136 0.083019 0.084834 0.086886 0.087860 0.088542 0.090010 0.093105 0.098287 0.106191 0.119612 0.139084 0.155750 0.160776 0.154860 0.157115 0.168126 0.193754 0.254627 0.316051 0.359721 0.369999 0.370000 0.370000 0.370000 0.370000 0.370000 0.370000 0.370000 0.370000 -9999.0 -9999.0 -9999.0 -9999.0 -9999.0 -9999.0 -9999.0 -9999.0 -9999.0 -9999.0
-9999.0 -9999.0 -9999.0 -9999.0 0.068365 0.069340 0.070292 0.071533 0.074394 0.078799 0.085140 0.093408 0.101278 0.105708 0.102719 0.100829 0.099099 0.098680 0.097341 0.096195 0.095100 0.093972 0.092593 0.091596 0.091441 0.091846 0.091630 0.090031 0.088302 0.085317 0.083087 0.080473 0.078232 0.076790 0.076219 0.075907 0.075925 0.075725 0.076129 0.076377 0.077040 0.077801 0.079126 0.080910 0.081765 0.082835 0.083629 0.085519 0.088634 0.095707 0.107588 0.122704 0.134112 0.134635 0.124033 0.118291 0.116757 0.124788 0.141991 0.176009 0.243317 0.294268 0.335638 0.359037 0.368798 0.370000 0.370000 0.370000 -9999.0 -9999.0 -9999.0 -9999.0 -9999.0 -9999.0 -9999.0 -9999.0 -9999.0 -9999.0 -9999.0 -9999.0
-9999.0 -9999.0 -9999.0 -9999.0 -9999.0 -9999.0 0.068126 0.068512 0.069056 0.070107 0.071677 0.073730 0.076220 0.077189 0.077858 0.078967 0.078649 0.077792 0.077048 0.077811 0.078218 0.077995 0.076731 0.076650 0.076780 0.077235 0.077199 0.076923 0.075860 0.076133 0.076033 0.075139 0.074247 0.073796 0.073465 0.073754 0.073784 0.073437 0.073526 0.074303 0.074963 0.075466 0.076401 0.077983 0.079807 0.080706 0.080750 0.081173 0.084541 0.092435 0.104449 0.117552 0.126900 0.128861 0.118527 0.106988 0.101817 0.102600 0.109586 0.123812 0.153441 0.177834 0.195885 0.210301 0.229858 0.300960 -9999.0 -9999.0 -9999.0 -9999.0 -9999.0 -9999.0 -9999.0 -9999.0 -9999.0 -9999.0 -9999.0 -9999.0 -9999.0 -9999.0
-9999.0 -9999.0 -9999.0 -9999.0 -9999.0 -9999.0 -9999.0 -9999.0 -9999.0 -9999.0 -9999.0 -9999.0 -9999.0 -9999.0 -9999.0 -9999.0 -9999.0 -9999.0 -9999.0 -9999.0 -9999.0 -9999.0 -9999.0 -9999.0 -9999.0 -9999.0 -9999.0 -9999.0 -9999.0 -9999.0 -9999.0 -9999.0 -9999.0 -9999.0 -9999.0 -9999.0 -9999.0 -9999.0 -9999.0 -9999.0 -9999.0 -9999.0 -9999.0 -9999.0 -9999.0 -9999.0 -9999.0 -9999.0 -9999.0 -9999.0 -9999.0 -9999.0 -9999.0 -9999.0 -9999.0 -9999.0 -9999.0 -9999.0 -9999.0 -9999.0 -9999.0 -9999.0 -9999.0 -9999.0 -9999.0 -9999.0 -9999.0 -9999.0 -9999.0 -9999.0 -9999.0 -9999.0 -9999.0 -9999.0 -9999.0 -9999.0 -9999.0 -9999.0 -9999.0 -9999.0
-9999.0 -9999.0 -9999.0 -9999.0 -9999.0 -9999.0 -9999.0 -9999.0 -9999.0 -9999.0 -9999.0 -9999.0 -9999.0 -9999.0 -9999.0 -9999.0 -9999.0 -9999.0 -9999.0 -9999.0 -9999.0 -9999.0 -9999.0 -9999.0 -9999.0 -9999.0 -9999.0 -9999.0 -9999.0 -9999.0 -9999.0 -9999.0 -9999.0 -9999.0 -9999.0 -9999.0 -9999.0 -9999.0 -9999.0 -9999.0 -9999.0 -9999.0 -9999.0 -9999.0 -9999.0 -9999.0 -9999.0 -9999.0 -9999.0 -9999.0 -9999.0 -9999.0 -9999.0 -9999.0 -9999.0 -9999.0 -9999.0 -9999.0 -9999.0 -9999.0 -9999.0 -9999.0 -9999.0 -9999.0 -9999.0 -9999.0 -9999.0 -9999.0 -9999.0 -9999.0 -9999.0 -9999.0 -9999.0 -9999.0 -9999.0 -9999.0 -9999.0 -9999.0 -9999.0 -9999.0