Borden_/Borden1m_014/output_maps/thetaliqL0004N0022.asc
ncols         80
nrows         18
xllcorner     620200.000000
yllcorner     5168000.000000
cellsize      1.000000
NODATA_value  -9999.0
-9999.0 -9999.0 -9999.0 -9999.0 -9999.0 -9999.0 -9999.0 -9999.0 -9999.0 -9999.0 -9999.0 -9999.0 -9999.0 -9999.0 -9999.0 -9999.0 -9999.0 -9999.0 -9999.0 -9999.0 -9999.0 -9999.0 -9999.0 -9999.0 -9999.0 -9999.0 -9999.0 -9999.0 -9999.0 -9999.0 -9999.0 -9999.0 -9999.0 -9999.0 -9999.0 -9999.0 -9999.0 -9999.0 -9999.0 -9999.0 -9999.0 -9999.0 -9999.0 -9999.0 -9999.0 -9999.0 -9999.0 -9999.0 -9999.0 -9999.0 -9999.0 -9999.0 -9999.0 -9999.0 -9999.0 -9999.0 -9999.0 -9999.0 -9999.0 -9999.0 -9999.0 -9999.0 -9999.0 -9999.0 -9999.0 -9999.0 -9999.0 -9999.0 -9999.0 -9999.0 -9999.0 -9999.0 -9999.0 -9999.0 -9999.0 -9999.0 -9999.0 -9999.0 -9999.0 -9999.0
-9999.0 -9999.0 -9999.0 -9999.0 -9999.0 -9999.0 -9999.0 -9999.0 -9999.0 -9999.0 -9999.0 -9999.0 -9999.0 -9999.0 -9999.0 -9999.0 -9999.0 -9999.0 -9999.0 -9999.0 -9999.0 -9999.0 -9999.0 -9999.0 -9999.0 -9999.0 -9999.0 -9999.0 -9999.0 -9999.0 -9999.0 -9999.0 -9999.0 -9999.0 -9999.0 -9999.0 -9999.0 -9999.0 -9999.0 -9999.0 -9999.0 -9999.0 -9999.0 -9999.0 -9999.0 -9999.0 -9999.0 -9999.0 -9999.0 -9999.0 -9999.0 -9999.0 -9999.0 -9999.0 -9999.0 -9999.0 -9999.0 -9999.0 -9999.0 -9999.0 -9999.0 -9999.0 -9999.0 -9999.0 -9999.0 -9999.0 -9999.0 -9999.0 -9999.0 -9999.0 -9999.0 -9999.0 -9999.0 -9999.0 -9999.0 -9999.0 -9999.0 -9999.0 -9999.0 -9999.0
-9999.0 -9999.0 -9999.0 -9999.0 -9999.0 -9999.0 -9999.0 -9999.0 -9999.0 -9999.0 -9999.0 -9999.0 -9999.0 -9999.0 -9999.0 -9999.0 -9999.0 -9999.0 -9999.0 -9999.0 0.175604 0.177313 0.172926 0.167839 0.163752 0.163383 0.168024 0.173748 0.180390 0.181879 0.176928 0.177969 0.176134 0.175192 0.175222 0.176612 0.177298 0.179457 0.180908 0.180396 0.178825 0.177660 0.176817 0.177239 0.178881 0.176529 0.180007 0.183620 0.184985 0.184692 0.179532 0.177288 0.176387 0.172674 0.179446 0.181774 0.187323 0.188041 0.188770 0.182505 0.176421 -9999.0 -9999.0 -9999.0 -9999.0 -9999.0 -9999.0 -9999.0 -9999.0 -9999.0 -9999.0 -9999.0 -9999.0 -9999.0 -9999.0 -9999.0 -9999.0 -9999.0 -9999.0 -9999.0
-9999.0 -9999.0 -9999.0 -9999.0 -9999.0 -9999.0 -9999.0 -9999.0 -9999.0 -9999.0 -9999.0 -9999.0 -9999.0 -9999.0 0.166305 0.164213 0.163274 0.162913 0.167078 0.170620 0.171157 0.168930 0.170483 0.165935 0.162039 0.164379 0.168126 0.171625 0.177069 0.181145 0.177615 0.176755 0.178774 0.185729 0.189068 0.187713 0.180023 0.187418 0.191611 0.194286 0.193916 0.190334 0.195470 0.201546 0.198553 0.192160 0.193521 0.197308 0.203219 0.199569 0.179492 0.176837 0.177528 0.177576 0.174903 0.173165 0.180097 0.179389 0.178077 0.176233 0.171605 0.164853 0.162038 0.168669 0.175332 0.188659 -9999.0 -9999.0 -9999.0 -9999.0 -9999.0 -9999.0 -9999.0 -9999.0 -9999.0 -9999.0 -9999.0 -9999.0 -9999.0 -9999.0
-9999.0 -9999.0 -9999.0 -9999.0 -9999.0 -9999.0 -9999.0 -9999.0 -9999.0 0.162054 0.161627 0.162255 0.161075 0.162972 0.160234 0.160985 0.160632 0.163489 0.166159 0.170501 0.175939 0.172304 0.171855 0.174539 0.175005 0.176417 0.179391 0.189021 0.200478 0.217386 0.203476 0.202739 0.210552 0.238268 0.262723 0.269224 0.257606 0.257855 0.272900 0.289279 0.288600 0.287157 0.303226 0.312125 0.317758 0.304833 0.291515 0.289339 0.307915 0.274057 0.237726 0.207282 0.209130 0.198095 0.186075 0.181437 0.180106 0.188093 0.184715 0.176763 0.170405 0.171541 0.168294 0.171586 0.174423 0.184679 0.194397 0.203707 0.204139 0.198320 -9999.0 -9999.0 -9999.0 -9999.0 -9999.0 -9999.0 -9999.0 -9999.0 -9999.0 -9999.0
-9999.0 -9999.0 -9999.0 -9999.0 -9999.0 -9999.0 0.157662 0.157566 0.158849 0.155661 0.158307 0.156812 0.158811 0.159884 0.161425 0.161810 0.165419 0.168957 0.174915 0.183000 0.190559 0.187188 0.189226 0.199763 0.219926 0.239017 0.251188 0.271700 0.324045 0.352802 0.359795 0.362640 0.365812 0.367660 0.369324 0.369937 0.369228 0.368725 0.369086 0.369694 0.369990 0.369991 0.369994 0.369996 0.370000 0.369999 0.369739 0.369402 0.369284 0.369145 0.367991 0.365237 0.347081 0.311559 0.261457 0.229413 0.223878 0.229976 0.216100 0.197121 0.185768 0.185203 0.182833 0.179139 0.180987 0.185398 0.191995 0.196057 0.192851 0.188281 0.184507 0.177903 0.178825 0.185169 -9999.0 -9999.0 -9999.0 -9999.0 -9999.0 -9999.0
-9999.0 -9999.0 -9999.0 -9999.0 0.152180 0.153761 0.149277 0.151960 0.154227 0.156118 0.156568 0.159810 0.161075 0.163686 0.169004 0.173584 0.181567 0.188175 0.205271 0.239440 0.270983 0.288197 0.297298 0.345659 0.365916 0.368150 0.368576 0.369115 0.369770 0.370000 0.370000 0.370000 0.370000 0.370000 0.370000 0.370000 0.370000 0.370000 0.370000 0.370000 0.370000 0.370000 0.370000 0.370000 0.370000 0.370000 0.370000 0.370000 0.370000 0.370000 0.370000 0.370000 0.369941 0.369711 0.369426 0.368652 0.366185 0.362737 0.331210 0.292008 0.249800 0.233393 0.217518 0.208679 0.197657 0.199513 0.202344 0.196549 0.188822 0.181666 0.180272 0.177115 0.174138 0.182033 0.185342 0.194408 -9999.0 -9999.0 -9999.0 -9999.0
-9999.0 -9999.0 0.151405 0.151909 0.156514 0.154110 0.152575 0.150529 0.151719 0.156350 0.165489 0.170361 0.177450 0.181923 0.198513 0.238972 0.282597 0.313596 0.356051 0.366789 0.368784 0.369530 0.369981 0.369999 0.370000 0.370000 0.370000 0.370000 0.370000 0.370000 0.370000 0.370000 0.370000 0.370000 0.370000 0.370000 0.370000 0.370000 0.370000 0.370000 0.370000 0.370000 0.370000 0.370000 0.370000 0.370000 0.370000 0.370000 0.370000 0.370000 0.370000 0.370000 0.370000 0.370000 0.370000 0.370000 0.370000 0.369964 0.369842 0.369449 0.367641 0.365093 0.344810 0.302864 0.265048 0.245487 0.223743 0.209280 0.195885 0.184025 0.180109 0.177655 0.178831 0.178027 0.182341 0.185889 0.190775 0.192796 -9999.0 -9999.0
-9999.0 0.149470 0.148597 0.156771 0.159137 0.161407 0.164044 0.166377 0.169189 0.167113 0.193683 0.244899 0.292897 0.309208 0.350414 0.367704 0.369980 0.369998 0.370000 0.370000 0.370000 0.370000 0.370000 0.370000 0.370000 0.370000 0.370000 0.370000 0.370000 0.370000 0.370000 0.370000 0.370000 0.370000 0.370000 0.370000 0.370000 0.370000 0.370000 0.370000 0.370000 0.370000 0.370000 0.370000 0.370000 0.370000 0.370000 0.370000 0.370000 0.370000 0.370000 0.370000 0.370000 0.370000 0.370000 0.370000 0.370000 0.370000 0.370000 0.370000 0.369999 0.369956 0.369631 0.368323 0.365555 0.342304 0.292449 0.255941 0.224308 0.211042 0.202495 0.186544 0.182145 0.184964 0.182913 0.182639 0.184585 0.186184 -9999.0 -9999.0
-9999.0 0.142520 0.149425 0.158975 0.172564 0.176434 0.220261 0.261623 0.273639 0.256289 0.331587 0.369981 0.370000 0.370000 0.370000 0.370000 0.370000 0.370000 0.370000 0.370000 0.370000 0.370000 0.370000 0.370000 0.370000 0.370000 0.370000 0.370000 0.370000 0.370000 0.370000 0.370000 0.370000 0.370000 0.370000 0.370000 0.370000 0.369979 0.369831 0.369552 0.369364 0.369637 0.369513 0.369228 0.369155 0.369530 0.369842 0.369818 0.369876 0.369962 0.369997 0.370000 0.370000 0.370000 0.370000 0.370000 0.370000 0.370000 0.370000 0.370000 0.370000 0.370000 0.370000 0.369998 0.369894 0.368887 0.367006 0.363830 0.329888 0.293780 0.261117 0.230056 0.206239 0.200150 0.188476 0.185799 -9999.0 -9999.0 -9999.0 -9999.0
-9999.0 0.141617 0.148454 0.166323 0.218724 0.287047 0.365886 0.369819 0.370000 0.370000 0.370000 0.370000 0.370000 0.370000 0.370000 0.370000 0.370000 0.370000 0.370000 0.370000 0.370000 0.370000 0.370000 0.370000 0.370000 0.370000 0.370000 0.370000 0.370000 0.369997 0.369983 0.369954 0.369799 0.368413 0.367252 0.365841 0.349113 0.341572 0.331976 0.309814 0.297925 0.289608 0.300580 0.298151 0.297292 0.303595 0.319022 0.330970 0.356465 0.365484 0.367443 0.368954 0.369558 0.369917 0.369995 0.370000 0.370000 0.370000 0.370000 0.370000 0.370000 0.370000 0.370000 0.370000 0.370000 0.369998 0.369966 0.369683 0.368453 0.366621 0.364155 0.341999 0.287404 0.235554 0.219125 -9999.0 -9999.0 -9999.0 -9999.0 -9999.0
-9999.0 0.132421 0.147643 0.162364 0.248170 0.366569 0.369646 0.370000 0.370000 0.370000 0.370000 0.370000 0.370000 0.370000 0.370000 0.370000 0.370000 0.370000 0.370000 0.370000 0.370000 0.369998 0.369998 0.369994 0.369969 0.369916 0.369841 0.369673 0.368818 0.367548 0.363075 0.352476 0.304016 0.261319 0.236168 0.213873 0.193626 0.193981 0.200358 0.194721 0.188465 0.182381 0.189974 0.193848 0.197312 0.193241 0.194775 0.205857 0.224564 0.244294 0.273321 0.309858 0.344170 0.365124 0.367011 0.368734 0.369567 0.369933 0.369999 0.370000 0.370000 0.370000 0.370000 0.370000 0.370000 0.370000 0.370000 0.370000 0.369977 0.369721 0.369337 0.368476 0.366428 -9999.0 -9999.0 -9999.0 -9999.0 -9999.0 -9999.0 -9999.0
-9999.0 0.128038 0.143090 0.146357 0.172290 0.239004 0.330729 0.366853 0.369971 0.368775 0.368391 0.368981 0.369450 0.369690 0.369429 0.368859 0.368281 0.368431 0.368502 0.367843 0.366796 0.366177 0.366063 0.364901 0.356178 0.346848 0.339411 0.322937 0.296881 0.263611 0.218789 0.195729 0.180231 0.174642 0.170600 0.166533 0.159937 0.163321 0.166135 0.165430 0.163339 0.161911 0.166960 0.169059 0.170755 0.166419 0.169752 0.173250 0.180849 0.189209 0.201340 0.219293 0.241909 0.257656 0.269137 0.290641 0.322731 0.361267 0.367907 0.369821 0.369996 0.370000 0.370000 0.370000 0.370000 0.370000 0.370000 0.370000 0.370000 0.369995 0.369939 -9999.0 -9999.0 -9999.0 -9999.0 -9999.0 -9999.0 -9999.0 -9999.0 -9999.0
-9999.0 -9999.0 0.124973 0.130742 0.136118 0.142994 0.153829 0.168864 0.183032 0.202982 0.232422 0.264733 0.284816 0.293689 0.281879 0.257225 0.242398 0.243229 0.239109 0.231077 0.217405 0.212606 0.209266 0.206591 0.200952 0.198532 0.197420 0.195032 0.189941 0.179376 0.170478 0.164365 0.158279 0.158005 0.156895 0.154952 0.156316 0.155935 0.156481 0.156280 0.156785 0.157763 0.159054 0.160778 0.161040 0.161579 0.162320 0.164335 0.167511 0.171968 0.180334 0.192733 0.202679 0.205256 0.200491 0.201952 0.208927 0.226171 0.277733 0.346018 0.366659 0.369114 0.369925 0.369997 0.370000 0.370000 0.370000 0.370000 0.370000 0.370000 -9999.0 -9999.0 -9999.0 -9999.0 -9999.0 -9999.0 -9999.0 -9999.0 -9999.0 -9999.0
-9999.0 -9999.0 -9999.0 -9999.0 0.122497 0.130569 0.138636 0.138174 0.145066 0.150160 0.155411 0.161856 0.167511 0.171014 0.167342 0.166491 0.165583 0.165927 0.164959 0.164004 0.163509 0.162792 0.161954 0.161039 0.161363 0.162208 0.162374 0.160817 0.160452 0.157635 0.157001 0.155141 0.153392 0.151577 0.151781 0.151596 0.152279 0.151497 0.152684 0.152120 0.153123 0.153674 0.154991 0.157084 0.156655 0.157863 0.158065 0.159721 0.160855 0.165762 0.173900 0.183730 0.190715 0.190585 0.182452 0.178823 0.177010 0.182299 0.192156 0.213619 0.266309 0.317274 0.361721 0.366932 0.368281 0.369422 0.369962 0.370000 -9999.0 -9999.0 -9999.0 -9999.0 -9999.0 -9999.0 -9999.0 -9999.0 -9999.0 -9999.0 -9999.0 -9999.0
-9999.0 -9999.0 -9999.0 -9999.0 -9999.0 -9999.0 0.125872 0.130061 0.128909 0.132567 0.136136 0.139127 0.143458 0.143318 0.144697 0.147997 0.147552 0.145915 0.143939 0.146768 0.148105 0.148312 0.145085 0.145904 0.146276 0.147493 0.147369 0.147811 0.145116 0.148211 0.149691 0.148943 0.148215 0.148695 0.147989 0.149946 0.150180 0.148579 0.148136 0.150512 0.151311 0.151116 0.151750 0.153621 0.156255 0.156801 0.155800 0.154479 0.157418 0.164355 0.172916 0.181077 0.186618 0.188258 0.181177 0.172160 0.167802 0.167444 0.171462 0.179451 0.198345 0.212679 0.224609 0.238595 0.255837 0.323277 -9999.0 -9999.0 -9999.0 -9999.0 -9999.0 -9999.0 -9999.0 -9999.0 -9999.0 -9999.0 -9999.0 -9999.0 -9999.0 -9999.0
-9999.0 -9999.0 -9999.0 -9999.0 -9999.0 -9999.0 -9999.0 -9999.0 -9999.0 -9999.0 -9999.0 -9999.0 -9999.0 -9999.0 -9999.0 -9999.0 -9999.0 -9999.0 -9999.0 -9999.0 -9999.0 -9999.0 -9999.0 -9999.0 -9999.0 -9999.0 -9999.0 -9999.0 -9999.0 -9999.0 -9999.0 -9999.0 -9999.0 -9999.0 -9999.0 -9999.0 -9999.0 -9999.0 -9999.0 -9999.0 -9999.0 -9999.0 -9999.0 -9999.0 -9999.0 -9999.0 -9999.0 -9999.0 -9999.0 -9999.0 -9999.0 -9999.0 -9999.0 -9999.0 -9999.0 -9999.0 -9999.0 -9999.0 -9999.0 -9999.0 -9999.0 -9999.0 -9999.0 -9999.0 -9999.0 -9999.0 -9999.0 -9999.0 -9999.0 -9999.0 -9999.0 -9999.0 -9999.0 -9999.0 -9999.0 -9999.0 -9999.0 -9999.0 -9999.0 -9999.0
-9999.0 -9999.0 -9999.0 -9999.0 -9999.0 -9999.0 -9999.0 -9999.0 -9999.0 -9999.0 -9999.0 -9999.0 -9999.0 -9999.0 -9999.0 -9999.0 -9999.0 -9999.0 -9999.0 -9999.0 -9999.0 -9999.0 -9999.0 -9999.0 -9999.0 -9999.0 -9999.0 -9999.0 -9999.0 -9999.0 -9999.0 -9999.0 -9999.0 -9999.0 -9999.0 -9999.0 -9999.0 -9999.0 -9999.0 -9999.0 -9999.0 -9999.0 -9999.0 -9999.0 -9999.0 -9999.0 -9999.0 -9999.0 -9999.0 -9999.0 -9999.0 -9999.0 -9999.0 -9999.0 -9999.0 -9999.0 -9999.0 -9999.0 -9999.0 -9999.0 -9999.0 -9999.0 -9999.0 -9999.0 -9999.0 -9999.0 -9999.0 -9999.0 -9999.0 -9999.0 -9999.0 -9999.0 -9999.0 -9999.0 -9999.0 -9999.0 -9999.0 -9999.0 -9999.0 -9999.0