Borden_/Borden1m_014/output_maps/thetaliqL0004N0028.asc
ncols         80
nrows         18
xllcorner     620200.000000
yllcorner     5168000.000000
cellsize      1.000000
NODATA_value  -9999.0
-9999.0 -9999.0 -9999.0 -9999.0 -9999.0 -9999.0 -9999.0 -9999.0 -9999.0 -9999.0 -9999.0 -9999.0 -9999.0 -9999.0 -9999.0 -9999.0 -9999.0 -9999.0 -9999.0 -9999.0 -9999.0 -9999.0 -9999.0 -9999.0 -9999.0 -9999.0 -9999.0 -9999.0 -9999.0 -9999.0 -9999.0 -9999.0 -9999.0 -9999.0 -9999.0 -9999.0 -9999.0 -9999.0 -9999.0 -9999.0 -9999.0 -9999.0 -9999.0 -9999.0 -9999.0 -9999.0 -9999.0 -9999.0 -9999.0 -9999.0 -9999.0 -9999.0 -9999.0 -9999.0 -9999.0 -9999.0 -9999.0 -9999.0 -9999.0 -9999.0 -9999.0 -9999.0 -9999.0 -9999.0 -9999.0 -9999.0 -9999.0 -9999.0 -9999.0 -9999.0 -9999.0 -9999.0 -9999.0 -9999.0 -9999.0 -9999.0 -9999.0 -9999.0 -9999.0 -9999.0
-9999.0 -9999.0 -9999.0 -9999.0 -9999.0 -9999.0 -9999.0 -9999.0 -9999.0 -9999.0 -9999.0 -9999.0 -9999.0 -9999.0 -9999.0 -9999.0 -9999.0 -9999.0 -9999.0 -9999.0 -9999.0 -9999.0 -9999.0 -9999.0 -9999.0 -9999.0 -9999.0 -9999.0 -9999.0 -9999.0 -9999.0 -9999.0 -9999.0 -9999.0 -9999.0 -9999.0 -9999.0 -9999.0 -9999.0 -9999.0 -9999.0 -9999.0 -9999.0 -9999.0 -9999.0 -9999.0 -9999.0 -9999.0 -9999.0 -9999.0 -9999.0 -9999.0 -9999.0 -9999.0 -9999.0 -9999.0 -9999.0 -9999.0 -9999.0 -9999.0 -9999.0 -9999.0 -9999.0 -9999.0 -9999.0 -9999.0 -9999.0 -9999.0 -9999.0 -9999.0 -9999.0 -9999.0 -9999.0 -9999.0 -9999.0 -9999.0 -9999.0 -9999.0 -9999.0 -9999.0
-9999.0 -9999.0 -9999.0 -9999.0 -9999.0 -9999.0 -9999.0 -9999.0 -9999.0 -9999.0 -9999.0 -9999.0 -9999.0 -9999.0 -9999.0 -9999.0 -9999.0 -9999.0 -9999.0 -9999.0 0.180493 0.181932 0.177997 0.173357 0.169640 0.169349 0.173599 0.178867 0.184894 0.186298 0.181941 0.182797 0.181204 0.180436 0.180513 0.181742 0.182333 0.184304 0.185645 0.185226 0.183829 0.182767 0.182039 0.182452 0.183881 0.181818 0.184904 0.188148 0.189405 0.189062 0.184339 0.182229 0.181368 0.178111 0.184054 0.186191 0.191147 0.191833 0.192404 0.186809 0.181335 -9999.0 -9999.0 -9999.0 -9999.0 -9999.0 -9999.0 -9999.0 -9999.0 -9999.0 -9999.0 -9999.0 -9999.0 -9999.0 -9999.0 -9999.0 -9999.0 -9999.0 -9999.0 -9999.0
-9999.0 -9999.0 -9999.0 -9999.0 -9999.0 -9999.0 -9999.0 -9999.0 -9999.0 -9999.0 -9999.0 -9999.0 -9999.0 -9999.0 0.171689 0.169848 0.169033 0.168817 0.172638 0.175932 0.176552 0.174606 0.175874 0.171807 0.168328 0.170434 0.173898 0.177224 0.182240 0.185944 0.182805 0.182041 0.183887 0.190121 0.193172 0.192013 0.185278 0.191771 0.195559 0.197985 0.197656 0.194544 0.199104 0.204462 0.201890 0.196235 0.197375 0.200729 0.205948 0.202517 0.184746 0.182161 0.182693 0.182628 0.180232 0.178704 0.184805 0.184271 0.183063 0.181255 0.176971 0.170823 0.168285 0.174251 0.180387 0.192292 -9999.0 -9999.0 -9999.0 -9999.0 -9999.0 -9999.0 -9999.0 -9999.0 -9999.0 -9999.0 -9999.0 -9999.0 -9999.0 -9999.0
-9999.0 -9999.0 -9999.0 -9999.0 -9999.0 -9999.0 -9999.0 -9999.0 -9999.0 0.167644 0.167313 0.167891 0.166919 0.168633 0.166336 0.167021 0.166803 0.169440 0.172008 0.176055 0.180951 0.177797 0.177423 0.179824 0.180340 0.181721 0.184519 0.193192 0.203618 0.218643 0.206657 0.206068 0.213131 0.237475 0.259942 0.266704 0.255175 0.255512 0.270225 0.287247 0.287433 0.286139 0.303814 0.313763 0.319517 0.305527 0.290006 0.287582 0.306983 0.271351 0.236867 0.210237 0.211343 0.201425 0.190606 0.186337 0.185200 0.192177 0.189125 0.181943 0.176139 0.176952 0.174058 0.177003 0.179699 0.188930 0.197645 0.205875 0.206257 0.201150 -9999.0 -9999.0 -9999.0 -9999.0 -9999.0 -9999.0 -9999.0 -9999.0 -9999.0 -9999.0
-9999.0 -9999.0 -9999.0 -9999.0 -9999.0 -9999.0 0.163440 0.163405 0.164597 0.161958 0.164343 0.163143 0.164981 0.166046 0.167515 0.168009 0.171360 0.174698 0.180224 0.187636 0.194470 0.191661 0.193547 0.203114 0.221121 0.237825 0.249058 0.269296 0.324866 0.351245 0.357776 0.360322 0.362831 0.366182 0.369052 0.369837 0.368942 0.368188 0.368810 0.369676 0.369989 0.369991 0.369994 0.369996 0.370000 0.369999 0.369738 0.369297 0.369081 0.368810 0.366752 0.361885 0.345381 0.311849 0.258900 0.229263 0.224855 0.230181 0.217454 0.200514 0.190276 0.189596 0.187388 0.184118 0.185733 0.189730 0.195620 0.199192 0.196338 0.192203 0.188671 0.182782 0.183570 0.189206 -9999.0 -9999.0 -9999.0 -9999.0 -9999.0 -9999.0
-9999.0 -9999.0 -9999.0 -9999.0 0.158561 0.159956 0.156079 0.158477 0.160569 0.162367 0.162982 0.166018 0.167334 0.169826 0.174767 0.179140 0.186482 0.192638 0.208120 0.238533 0.268096 0.286098 0.297787 0.344759 0.363227 0.367038 0.367855 0.368835 0.369748 0.370000 0.370000 0.370000 0.370000 0.370000 0.370000 0.370000 0.370000 0.370000 0.370000 0.370000 0.370000 0.370000 0.370000 0.370000 0.370000 0.370000 0.370000 0.370000 0.370000 0.370000 0.370000 0.370000 0.369933 0.369680 0.369264 0.367945 0.363442 0.359146 0.331535 0.290428 0.248136 0.233350 0.218868 0.210738 0.200971 0.202487 0.204857 0.199721 0.192803 0.186354 0.184950 0.182059 0.179475 0.186447 0.189497 0.197505 -9999.0 -9999.0 -9999.0 -9999.0
-9999.0 -9999.0 0.157684 0.158302 0.162469 0.160489 0.159202 0.157482 0.158661 0.162961 0.171408 0.176165 0.182774 0.187013 0.202021 0.237923 0.280670 0.315627 0.353551 0.364839 0.368273 0.369454 0.369977 0.369998 0.370000 0.370000 0.370000 0.370000 0.370000 0.370000 0.370000 0.370000 0.370000 0.370000 0.370000 0.370000 0.370000 0.370000 0.370000 0.370000 0.370000 0.370000 0.370000 0.370000 0.370000 0.370000 0.370000 0.370000 0.370000 0.370000 0.370000 0.370000 0.370000 0.370000 0.370000 0.370000 0.370000 0.369951 0.369813 0.369277 0.366036 0.361355 0.342863 0.302809 0.263092 0.244036 0.224164 0.211198 0.199224 0.188635 0.185007 0.182682 0.183619 0.183003 0.186826 0.190038 0.194326 0.196141 -9999.0 -9999.0
-9999.0 0.155787 0.155207 0.162681 0.165203 0.167499 0.170172 0.172500 0.175138 0.173541 0.197517 0.243287 0.291315 0.310776 0.348797 0.366758 0.369979 0.369998 0.369999 0.370000 0.370000 0.370000 0.370000 0.370000 0.370000 0.370000 0.370000 0.370000 0.370000 0.370000 0.370000 0.370000 0.370000 0.370000 0.370000 0.370000 0.370000 0.370000 0.370000 0.370000 0.370000 0.370000 0.370000 0.370000 0.370000 0.370000 0.370000 0.370000 0.370000 0.370000 0.370000 0.370000 0.370000 0.370000 0.370000 0.370000 0.370000 0.370000 0.370000 0.370000 0.369999 0.369930 0.369483 0.367312 0.362259 0.340352 0.291700 0.254291 0.224890 0.212840 0.205072 0.190949 0.186895 0.189239 0.187405 0.187150 0.188878 0.190315 -9999.0 -9999.0
-9999.0 0.149640 0.155937 0.164952 0.177762 0.181999 0.220556 0.257947 0.270956 0.254608 0.332658 0.369980 0.370000 0.370000 0.370000 0.370000 0.370000 0.370000 0.370000 0.370000 0.370000 0.370000 0.370000 0.370000 0.370000 0.370000 0.370000 0.370000 0.370000 0.370000 0.370000 0.370000 0.370000 0.370000 0.370000 0.370000 0.370000 0.369975 0.369827 0.369516 0.369269 0.369601 0.369446 0.369047 0.368947 0.369480 0.369841 0.369804 0.369843 0.369942 0.369996 0.370000 0.370000 0.370000 0.370000 0.370000 0.370000 0.370000 0.370000 0.370000 0.370000 0.370000 0.370000 0.369996 0.369823 0.368144 0.364569 0.358836 0.328760 0.291767 0.258765 0.229910 0.208619 0.202932 0.192591 0.189955 -9999.0 -9999.0 -9999.0 -9999.0
-9999.0 0.148781 0.155089 0.171735 0.218770 0.282924 0.362884 0.369750 0.370000 0.370000 0.370000 0.370000 0.370000 0.370000 0.370000 0.370000 0.370000 0.370000 0.370000 0.370000 0.370000 0.370000 0.370000 0.370000 0.370000 0.370000 0.370000 0.370000 0.370000 0.369996 0.369976 0.369944 0.369772 0.367614 0.365382 0.363005 0.348043 0.340875 0.331919 0.309826 0.296509 0.287498 0.299148 0.296781 0.296008 0.302968 0.319505 0.331497 0.353466 0.362047 0.365662 0.368489 0.369407 0.369878 0.369991 0.370000 0.370000 0.370000 0.370000 0.370000 0.370000 0.370000 0.370000 0.370000 0.370000 0.369995 0.369918 0.369181 0.366831 0.363252 0.358758 0.338342 0.285072 0.234370 0.219647 -9999.0 -9999.0 -9999.0 -9999.0 -9999.0
-9999.0 0.140453 0.154239 0.168127 0.244446 0.364363 0.369449 0.370000 0.370000 0.370000 0.370000 0.370000 0.370000 0.370000 0.370000 0.370000 0.370000 0.370000 0.370000 0.370000 0.369999 0.369996 0.369995 0.369988 0.369960 0.369903 0.369823 0.369617 0.368286 0.365929 0.359000 0.349677 0.303594 0.258741 0.235462 0.215710 0.197638 0.197835 0.203306 0.198265 0.192673 0.187318 0.194032 0.197490 0.200528 0.197032 0.198520 0.208393 0.225252 0.243420 0.271257 0.310608 0.342816 0.361468 0.364844 0.368132 0.369454 0.369907 0.369999 0.370000 0.370000 0.370000 0.370000 0.370000 0.370000 0.370000 0.370000 0.369997 0.369703 0.368995 0.368330 0.366903 0.362999 -9999.0 -9999.0 -9999.0 -9999.0 -9999.0 -9999.0 -9999.0
-9999.0 0.136373 0.150046 0.153375 0.177389 0.236649 0.328637 0.364757 0.369951 0.368162 0.367471 0.368542 0.369311 0.369644 0.369276 0.368334 0.367289 0.367513 0.367597 0.366317 0.364104 0.362895 0.362786 0.361465 0.353528 0.345156 0.338462 0.323162 0.295248 0.260821 0.220167 0.199433 0.185359 0.180083 0.176280 0.172461 0.166495 0.169441 0.171959 0.171310 0.169420 0.168168 0.172706 0.174671 0.176201 0.172429 0.175424 0.178701 0.185628 0.193242 0.204171 0.220251 0.240820 0.256009 0.267141 0.289482 0.324129 0.357392 0.366694 0.369761 0.369993 0.370000 0.370000 0.370000 0.370000 0.370000 0.370000 0.370000 0.369898 0.369695 0.369639 -9999.0 -9999.0 -9999.0 -9999.0 -9999.0 -9999.0 -9999.0 -9999.0 -9999.0
-9999.0 -9999.0 0.133525 0.138966 0.144041 0.150685 0.161052 0.175107 0.187841 0.205149 0.231028 0.261090 0.281456 0.290918 0.278573 0.254373 0.240704 0.241363 0.237608 0.230542 0.218720 0.214547 0.211561 0.209127 0.204026 0.201822 0.200761 0.198514 0.193821 0.184284 0.176098 0.170368 0.164726 0.164282 0.163178 0.161375 0.162493 0.162167 0.162677 0.162513 0.162966 0.163866 0.165108 0.166724 0.167024 0.167528 0.168265 0.170183 0.173201 0.177423 0.185119 0.196292 0.205214 0.207576 0.203464 0.204808 0.211134 0.227027 0.276037 0.343585 0.364542 0.368734 0.369880 0.369989 0.369998 0.370000 0.370000 0.369996 0.368671 0.369129 -9999.0 -9999.0 -9999.0 -9999.0 -9999.0 -9999.0 -9999.0 -9999.0 -9999.0 -9999.0
-9999.0 -9999.0 -9999.0 -9999.0 0.131222 0.138823 0.146190 0.145918 0.152262 0.157088 0.162125 0.168211 0.173500 0.176704 0.173449 0.172588 0.171704 0.171961 0.171059 0.170178 0.169678 0.168994 0.168188 0.167347 0.167602 0.168337 0.168457 0.167033 0.166585 0.163972 0.163239 0.161432 0.159739 0.158057 0.158174 0.157985 0.158569 0.157883 0.158933 0.158477 0.159393 0.159933 0.161174 0.163102 0.162819 0.163930 0.164170 0.165721 0.166931 0.171562 0.179096 0.188055 0.194370 0.194300 0.187106 0.183807 0.182237 0.187041 0.196068 0.215554 0.264381 0.318908 0.357919 0.364568 0.366932 0.369015 0.369770 0.369853 -9999.0 -9999.0 -9999.0 -9999.0 -9999.0 -9999.0 -9999.0 -9999.0 -9999.0 -9999.0 -9999.0 -9999.0
-9999.0 -9999.0 -9999.0 -9999.0 -9999.0 -9999.0 0.134367 0.138274 0.137269 0.140712 0.144085 0.146958 0.151017 0.150985 0.152245 0.155207 0.154790 0.153294 0.151505 0.154035 0.155225 0.155382 0.152470 0.153172 0.153506 0.154602 0.154492 0.154845 0.152408 0.155108 0.156368 0.155637 0.154922 0.155290 0.154648 0.156361 0.156565 0.155155 0.154783 0.156900 0.157646 0.157529 0.158161 0.159903 0.162301 0.162843 0.162004 0.160927 0.163707 0.170145 0.178075 0.185584 0.190641 0.192080 0.185727 0.177630 0.173689 0.173448 0.177232 0.184667 0.201696 0.214761 0.226096 0.238898 0.255437 0.324904 -9999.0 -9999.0 -9999.0 -9999.0 -9999.0 -9999.0 -9999.0 -9999.0 -9999.0 -9999.0 -9999.0 -9999.0 -9999.0 -9999.0
-9999.0 -9999.0 -9999.0 -9999.0 -9999.0 -9999.0 -9999.0 -9999.0 -9999.0 -9999.0 -9999.0 -9999.0 -9999.0 -9999.0 -9999.0 -9999.0 -9999.0 -9999.0 -9999.0 -9999.0 -9999.0 -9999.0 -9999.0 -9999.0 -9999.0 -9999.0 -9999.0 -9999.0 -9999.0 -9999.0 -9999.0 -9999.0 -9999.0 -9999.0 -9999.0 -9999.0 -9999.0 -9999.0 -9999.0 -9999.0 -9999.0 -9999.0 -9999.0 -9999.0 -9999.0 -9999.0 -9999.0 -9999.0 -9999.0 -9999.0 -9999.0 -9999.0 -9999.0 -9999.0 -9999.0 -9999.0 -9999.0 -9999.0 -9999.0 -9999.0 -9999.0 -9999.0 -9999.0 -9999.0 -9999.0 -9999.0 -9999.0 -9999.0 -9999.0 -9999.0 -9999.0 -9999.0 -9999.0 -9999.0 -9999.0 -9999.0 -9999.0 -9999.0 -9999.0 -9999.0
-9999.0 -9999.0 -9999.0 -9999.0 -9999.0 -9999.0 -9999.0 -9999.0 -9999.0 -9999.0 -9999.0 -9999.0 -9999.0 -9999.0 -9999.0 -9999.0 -9999.0 -9999.0 -9999.0 -9999.0 -9999.0 -9999.0 -9999.0 -9999.0 -9999.0 -9999.0 -9999.0 -9999.0 -9999.0 -9999.0 -9999.0 -9999.0 -9999.0 -9999.0 -9999.0 -9999.0 -9999.0 -9999.0 -9999.0 -9999.0 -9999.0 -9999.0 -9999.0 -9999.0 -9999.0 -9999.0 -9999.0 -9999.0 -9999.0 -9999.0 -9999.0 -9999.0 -9999.0 -9999.0 -9999.0 -9999.0 -9999.0 -9999.0 -9999.0 -9999.0 -9999.0 -9999.0 -9999.0 -9999.0 -9999.0 -9999.0 -9999.0 -9999.0 -9999.0 -9999.0 -9999.0 -9999.0 -9999.0 -9999.0 -9999.0 -9999.0 -9999.0 -9999.0 -9999.0 -9999.0