Borden_/Borden1m_014/output_maps/thetaliqL0003N0025.asc
ncols         80
nrows         18
xllcorner     620200.000000
yllcorner     5168000.000000
cellsize      1.000000
NODATA_value  -9999.0
-9999.0 -9999.0 -9999.0 -9999.0 -9999.0 -9999.0 -9999.0 -9999.0 -9999.0 -9999.0 -9999.0 -9999.0 -9999.0 -9999.0 -9999.0 -9999.0 -9999.0 -9999.0 -9999.0 -9999.0 -9999.0 -9999.0 -9999.0 -9999.0 -9999.0 -9999.0 -9999.0 -9999.0 -9999.0 -9999.0 -9999.0 -9999.0 -9999.0 -9999.0 -9999.0 -9999.0 -9999.0 -9999.0 -9999.0 -9999.0 -9999.0 -9999.0 -9999.0 -9999.0 -9999.0 -9999.0 -9999.0 -9999.0 -9999.0 -9999.0 -9999.0 -9999.0 -9999.0 -9999.0 -9999.0 -9999.0 -9999.0 -9999.0 -9999.0 -9999.0 -9999.0 -9999.0 -9999.0 -9999.0 -9999.0 -9999.0 -9999.0 -9999.0 -9999.0 -9999.0 -9999.0 -9999.0 -9999.0 -9999.0 -9999.0 -9999.0 -9999.0 -9999.0 -9999.0 -9999.0
-9999.0 -9999.0 -9999.0 -9999.0 -9999.0 -9999.0 -9999.0 -9999.0 -9999.0 -9999.0 -9999.0 -9999.0 -9999.0 -9999.0 -9999.0 -9999.0 -9999.0 -9999.0 -9999.0 -9999.0 -9999.0 -9999.0 -9999.0 -9999.0 -9999.0 -9999.0 -9999.0 -9999.0 -9999.0 -9999.0 -9999.0 -9999.0 -9999.0 -9999.0 -9999.0 -9999.0 -9999.0 -9999.0 -9999.0 -9999.0 -9999.0 -9999.0 -9999.0 -9999.0 -9999.0 -9999.0 -9999.0 -9999.0 -9999.0 -9999.0 -9999.0 -9999.0 -9999.0 -9999.0 -9999.0 -9999.0 -9999.0 -9999.0 -9999.0 -9999.0 -9999.0 -9999.0 -9999.0 -9999.0 -9999.0 -9999.0 -9999.0 -9999.0 -9999.0 -9999.0 -9999.0 -9999.0 -9999.0 -9999.0 -9999.0 -9999.0 -9999.0 -9999.0 -9999.0 -9999.0
-9999.0 -9999.0 -9999.0 -9999.0 -9999.0 -9999.0 -9999.0 -9999.0 -9999.0 -9999.0 -9999.0 -9999.0 -9999.0 -9999.0 -9999.0 -9999.0 -9999.0 -9999.0 -9999.0 -9999.0 0.207782 0.208686 0.206633 0.204290 0.202345 0.202119 0.204301 0.206878 0.209865 0.210480 0.208116 0.208675 0.207761 0.207252 0.207218 0.207877 0.208203 0.209164 0.209784 0.209511 0.208783 0.208263 0.207818 0.207979 0.208784 0.207669 0.209300 0.210931 0.211517 0.211473 0.209236 0.208303 0.207950 0.206134 0.209425 0.210436 0.212958 0.213229 0.213654 0.210815 0.208048 -9999.0 -9999.0 -9999.0 -9999.0 -9999.0 -9999.0 -9999.0 -9999.0 -9999.0 -9999.0 -9999.0 -9999.0 -9999.0 -9999.0 -9999.0 -9999.0 -9999.0 -9999.0 -9999.0
-9999.0 -9999.0 -9999.0 -9999.0 -9999.0 -9999.0 -9999.0 -9999.0 -9999.0 -9999.0 -9999.0 -9999.0 -9999.0 -9999.0 0.203853 0.202784 0.202289 0.202001 0.203961 0.205536 0.205642 0.204519 0.205401 0.203195 0.201262 0.202423 0.204132 0.205589 0.207975 0.209801 0.208140 0.207732 0.208638 0.211855 0.213323 0.212657 0.208941 0.212463 0.214320 0.215519 0.215356 0.213636 0.216042 0.218885 0.217442 0.214448 0.215088 0.216798 0.219578 0.218049 0.208739 0.207722 0.208152 0.208297 0.207057 0.206191 0.209528 0.209092 0.208524 0.207853 0.205840 0.202691 0.201315 0.204536 0.207515 0.213637 -9999.0 -9999.0 -9999.0 -9999.0 -9999.0 -9999.0 -9999.0 -9999.0 -9999.0 -9999.0 -9999.0 -9999.0 -9999.0 -9999.0
-9999.0 -9999.0 -9999.0 -9999.0 -9999.0 -9999.0 -9999.0 -9999.0 -9999.0 0.202000 0.201724 0.202022 0.201338 0.202275 0.200743 0.201108 0.200843 0.202185 0.203313 0.205242 0.207787 0.205953 0.205714 0.207020 0.207188 0.207743 0.208955 0.213279 0.218346 0.226316 0.219578 0.219264 0.222949 0.236853 0.249899 0.253905 0.247025 0.247055 0.255635 0.266088 0.265992 0.265020 0.276505 0.283600 0.288607 0.277804 0.267519 0.265918 0.279685 0.256319 0.236637 0.221436 0.222399 0.217296 0.211835 0.209817 0.209111 0.212949 0.211443 0.207866 0.204993 0.205783 0.204211 0.205775 0.206935 0.211595 0.215906 0.220129 0.220332 0.217649 -9999.0 -9999.0 -9999.0 -9999.0 -9999.0 -9999.0 -9999.0 -9999.0 -9999.0 -9999.0
-9999.0 -9999.0 -9999.0 -9999.0 -9999.0 -9999.0 0.200057 0.199946 0.200552 0.198696 0.200036 0.199130 0.200115 0.200563 0.201238 0.201290 0.202976 0.204515 0.207145 0.210711 0.214077 0.212353 0.213231 0.218064 0.227922 0.237487 0.243654 0.254942 0.294016 0.329798 0.342360 0.347893 0.354066 0.359847 0.366327 0.369444 0.365970 0.363912 0.365410 0.368165 0.369873 0.369882 0.369905 0.369930 0.369981 0.369974 0.368405 0.366791 0.366172 0.365511 0.360965 0.352486 0.320661 0.282759 0.249137 0.232454 0.229587 0.232212 0.225538 0.216826 0.211765 0.211691 0.210698 0.208932 0.209797 0.211724 0.214691 0.216559 0.215124 0.213151 0.211635 0.208590 0.209056 0.212004 -9999.0 -9999.0 -9999.0 -9999.0 -9999.0 -9999.0
-9999.0 -9999.0 -9999.0 -9999.0 0.197159 0.198016 0.195466 0.196914 0.198051 0.198929 0.198961 0.200508 0.200969 0.202116 0.204553 0.206506 0.210051 0.212836 0.220589 0.237464 0.254633 0.265451 0.272082 0.319096 0.354470 0.361544 0.363204 0.365492 0.368505 0.369987 0.369998 0.369999 0.370000 0.370000 0.370000 0.370000 0.370000 0.370000 0.370000 0.370000 0.370000 0.370000 0.370000 0.370000 0.370000 0.370000 0.370000 0.370000 0.370000 0.370000 0.370000 0.369995 0.369423 0.368188 0.366814 0.363512 0.355056 0.347003 0.301071 0.267902 0.242692 0.234107 0.226155 0.222120 0.216964 0.217891 0.219302 0.216667 0.213250 0.210071 0.209620 0.208238 0.206760 0.210520 0.211919 0.216100 -9999.0 -9999.0 -9999.0 -9999.0
-9999.0 -9999.0 0.196961 0.197056 0.199422 0.197997 0.197122 0.195906 0.196430 0.198724 0.203125 0.205130 0.208264 0.210063 0.217594 0.237428 0.262412 0.285136 0.335189 0.357137 0.364116 0.367375 0.369801 0.369960 0.369997 0.369999 0.370000 0.370000 0.370000 0.370000 0.370000 0.370000 0.370000 0.370000 0.370000 0.370000 0.370000 0.370000 0.370000 0.370000 0.370000 0.370000 0.370000 0.370000 0.370000 0.370000 0.370000 0.370000 0.370000 0.370000 0.370000 0.370000 0.370000 0.370000 0.370000 0.370000 0.369995 0.369561 0.368834 0.366876 0.359582 0.351723 0.317182 0.275637 0.250794 0.239731 0.228893 0.222247 0.216285 0.210953 0.209315 0.208329 0.209006 0.208517 0.210536 0.212102 0.214390 0.215280 -9999.0 -9999.0
-9999.0 0.196181 0.195451 0.199637 0.200448 0.201354 0.202486 0.203471 0.204694 0.203253 0.215621 0.241012 0.269510 0.281597 0.326303 0.360619 0.369811 0.369955 0.369989 0.369999 0.370000 0.370000 0.370000 0.370000 0.370000 0.370000 0.370000 0.370000 0.370000 0.370000 0.370000 0.370000 0.370000 0.370000 0.370000 0.370000 0.370000 0.370000 0.370000 0.370000 0.370000 0.370000 0.370000 0.370000 0.370000 0.370000 0.370000 0.370000 0.370000 0.370000 0.370000 0.370000 0.370000 0.370000 0.370000 0.370000 0.370000 0.370000 0.370000 0.370000 0.369954 0.369460 0.367615 0.362007 0.352954 0.313590 0.267897 0.245349 0.229128 0.223095 0.219372 0.212057 0.210174 0.211661 0.210715 0.210601 0.211503 0.212218 -9999.0 -9999.0
-9999.0 0.192285 0.196029 0.200597 0.206618 0.207707 0.228745 0.249956 0.257373 0.246499 0.303359 0.369839 0.369993 0.369993 0.370000 0.370000 0.370000 0.370000 0.370000 0.370000 0.370000 0.370000 0.370000 0.370000 0.370000 0.370000 0.370000 0.370000 0.370000 0.370000 0.370000 0.370000 0.370000 0.370000 0.369999 0.369997 0.369990 0.369713 0.368832 0.367497 0.366644 0.367856 0.367263 0.365988 0.365687 0.367378 0.368882 0.368736 0.368971 0.369517 0.369908 0.370000 0.370000 0.370000 0.370000 0.370000 0.370000 0.370000 0.370000 0.370000 0.370000 0.370000 0.370000 0.369916 0.368976 0.364088 0.357139 0.348273 0.299311 0.268899 0.248528 0.232110 0.220841 0.218313 0.212996 0.212063 -9999.0 -9999.0 -9999.0 -9999.0
-9999.0 0.191978 0.195661 0.204349 0.227891 0.265365 0.354211 0.368655 0.370000 0.369988 0.370000 0.370000 0.370000 0.370000 0.370000 0.370000 0.370000 0.370000 0.370000 0.370000 0.370000 0.370000 0.370000 0.370000 0.370000 0.370000 0.370000 0.370000 0.369984 0.369907 0.369727 0.369501 0.368616 0.362613 0.358377 0.354227 0.324206 0.313457 0.302016 0.281230 0.272120 0.266347 0.274100 0.272202 0.271524 0.276274 0.289219 0.300809 0.335403 0.352753 0.358797 0.364637 0.367294 0.369173 0.369859 0.370000 0.370000 0.370000 0.370000 0.370000 0.370000 0.370000 0.370000 0.370000 0.370000 0.369912 0.369498 0.367485 0.362081 0.355604 0.348730 0.313108 0.264762 0.234864 0.227077 -9999.0 -9999.0 -9999.0 -9999.0 -9999.0
-9999.0 0.186638 0.195601 0.202743 0.243934 0.356814 0.367645 0.370000 0.370000 0.370000 0.369987 0.370000 0.370000 0.370000 0.370000 0.370000 0.370000 0.370000 0.370000 0.370000 0.369964 0.369916 0.369907 0.369835 0.369607 0.369252 0.368836 0.367972 0.364100 0.359286 0.347442 0.328943 0.277015 0.249293 0.236127 0.225138 0.215457 0.215674 0.218712 0.216076 0.213233 0.210331 0.213878 0.215582 0.217184 0.215229 0.215826 0.220866 0.229579 0.239551 0.255803 0.281071 0.316199 0.351722 0.357334 0.363763 0.367412 0.369313 0.369961 0.370000 0.370000 0.370000 0.370000 0.370000 0.370000 0.370000 0.370000 0.369992 0.369362 0.367428 0.365454 0.361994 0.354994 -9999.0 -9999.0 -9999.0 -9999.0 -9999.0 -9999.0 -9999.0
-9999.0 0.183815 0.193230 0.194815 0.207587 0.239154 0.302214 0.357753 0.369775 0.364151 0.362446 0.364833 0.366932 0.368065 0.366805 0.364318 0.362034 0.362559 0.362812 0.360298 0.356554 0.354646 0.354411 0.351739 0.335234 0.320349 0.310534 0.292886 0.271451 0.250547 0.227090 0.216532 0.209532 0.207144 0.205400 0.203592 0.200310 0.202098 0.203501 0.203150 0.202109 0.201342 0.203823 0.204740 0.205541 0.203307 0.204908 0.206417 0.209814 0.213439 0.218763 0.226898 0.237873 0.246413 0.253246 0.266847 0.292558 0.343922 0.360645 0.368641 0.369884 0.370000 0.370000 0.370000 0.370000 0.370000 0.370000 0.370000 0.369974 0.369468 0.368974 -9999.0 -9999.0 -9999.0 -9999.0 -9999.0 -9999.0 -9999.0 -9999.0 -9999.0
-9999.0 -9999.0 0.181834 0.185631 0.189000 0.192749 0.198324 0.205983 0.212354 0.221319 0.235059 0.251790 0.263732 0.269658 0.261800 0.247270 0.239450 0.239977 0.237913 0.233914 0.227121 0.224647 0.222997 0.221693 0.219003 0.217886 0.217406 0.216383 0.214170 0.209405 0.205384 0.202661 0.199767 0.199820 0.199344 0.198370 0.199156 0.198953 0.199222 0.199091 0.199330 0.199798 0.200375 0.201169 0.201231 0.201465 0.201765 0.202653 0.204033 0.205912 0.209565 0.215043 0.219412 0.220514 0.218279 0.218976 0.222166 0.230227 0.258627 0.318931 0.356531 0.365326 0.369222 0.369869 0.369978 0.369999 0.370000 0.370000 0.369302 0.369081 -9999.0 -9999.0 -9999.0 -9999.0 -9999.0 -9999.0 -9999.0 -9999.0 -9999.0 -9999.0
-9999.0 -9999.0 -9999.0 -9999.0 0.180197 0.185541 0.190544 0.190112 0.193930 0.196409 0.198816 0.201753 0.204253 0.205862 0.203973 0.203559 0.203156 0.203407 0.202975 0.202488 0.202253 0.201927 0.201584 0.201140 0.201316 0.201743 0.201851 0.201097 0.201041 0.199640 0.199433 0.198588 0.197775 0.196859 0.197030 0.196937 0.197331 0.196902 0.197552 0.197184 0.197690 0.197930 0.198559 0.199582 0.199245 0.199835 0.199882 0.200666 0.201042 0.203233 0.206864 0.211202 0.214252 0.214144 0.210384 0.208804 0.207932 0.210313 0.214608 0.224295 0.251701 0.287521 0.344862 0.357129 0.361742 0.366594 0.369365 0.369860 -9999.0 -9999.0 -9999.0 -9999.0 -9999.0 -9999.0 -9999.0 -9999.0 -9999.0 -9999.0 -9999.0 -9999.0
-9999.0 -9999.0 -9999.0 -9999.0 -9999.0 -9999.0 0.182502 0.185200 0.184411 0.186532 0.188470 0.190018 0.192349 0.192114 0.192812 0.194641 0.194388 0.193513 0.192423 0.194021 0.194735 0.194887 0.193114 0.193602 0.193793 0.194471 0.194401 0.194687 0.193186 0.194962 0.195816 0.195465 0.195128 0.195451 0.195067 0.196181 0.196314 0.195418 0.195157 0.196454 0.196837 0.196668 0.196941 0.197861 0.199196 0.199416 0.198836 0.198039 0.199437 0.202709 0.206554 0.210102 0.212491 0.213267 0.210083 0.205926 0.203891 0.203645 0.205383 0.208805 0.217231 0.223574 0.229112 0.236543 0.245520 0.292773 -9999.0 -9999.0 -9999.0 -9999.0 -9999.0 -9999.0 -9999.0 -9999.0 -9999.0 -9999.0 -9999.0 -9999.0 -9999.0 -9999.0
-9999.0 -9999.0 -9999.0 -9999.0 -9999.0 -9999.0 -9999.0 -9999.0 -9999.0 -9999.0 -9999.0 -9999.0 -9999.0 -9999.0 -9999.0 -9999.0 -9999.0 -9999.0 -9999.0 -9999.0 -9999.0 -9999.0 -9999.0 -9999.0 -9999.0 -9999.0 -9999.0 -9999.0 -9999.0 -9999.0 -9999.0 -9999.0 -9999.0 -9999.0 -9999.0 -9999.0 -9999.0 -9999.0 -9999.0 -9999.0 -9999.0 -9999.0 -9999.0 -9999.0 -9999.0 -9999.0 -9999.0 -9999.0 -9999.0 -9999.0 -9999.0 -9999.0 -9999.0 -9999.0 -9999.0 -9999.0 -9999.0 -9999.0 -9999.0 -9999.0 -9999.0 -9999.0 -9999.0 -9999.0 -9999.0 -9999.0 -9999.0 -9999.0 -9999.0 -9999.0 -9999.0 -9999.0 -9999.0 -9999.0 -9999.0 -9999.0 -9999.0 -9999.0 -9999.0 -9999.0
-9999.0 -9999.0 -9999.0 -9999.0 -9999.0 -9999.0 -9999.0 -9999.0 -9999.0 -9999.0 -9999.0 -9999.0 -9999.0 -9999.0 -9999.0 -9999.0 -9999.0 -9999.0 -9999.0 -9999.0 -9999.0 -9999.0 -9999.0 -9999.0 -9999.0 -9999.0 -9999.0 -9999.0 -9999.0 -9999.0 -9999.0 -9999.0 -9999.0 -9999.0 -9999.0 -9999.0 -9999.0 -9999.0 -9999.0 -9999.0 -9999.0 -9999.0 -9999.0 -9999.0 -9999.0 -9999.0 -9999.0 -9999.0 -9999.0 -9999.0 -9999.0 -9999.0 -9999.0 -9999.0 -9999.0 -9999.0 -9999.0 -9999.0 -9999.0 -9999.0 -9999.0 -9999.0 -9999.0 -9999.0 -9999.0 -9999.0 -9999.0 -9999.0 -9999.0 -9999.0 -9999.0 -9999.0 -9999.0 -9999.0 -9999.0 -9999.0 -9999.0 -9999.0 -9999.0 -9999.0