Borden_/Borden1m_014/output_maps/thetaliqL0005N0035.asc
ncols         80
nrows         18
xllcorner     620200.000000
yllcorner     5168000.000000
cellsize      1.000000
NODATA_value  -9999.0
-9999.0 -9999.0 -9999.0 -9999.0 -9999.0 -9999.0 -9999.0 -9999.0 -9999.0 -9999.0 -9999.0 -9999.0 -9999.0 -9999.0 -9999.0 -9999.0 -9999.0 -9999.0 -9999.0 -9999.0 -9999.0 -9999.0 -9999.0 -9999.0 -9999.0 -9999.0 -9999.0 -9999.0 -9999.0 -9999.0 -9999.0 -9999.0 -9999.0 -9999.0 -9999.0 -9999.0 -9999.0 -9999.0 -9999.0 -9999.0 -9999.0 -9999.0 -9999.0 -9999.0 -9999.0 -9999.0 -9999.0 -9999.0 -9999.0 -9999.0 -9999.0 -9999.0 -9999.0 -9999.0 -9999.0 -9999.0 -9999.0 -9999.0 -9999.0 -9999.0 -9999.0 -9999.0 -9999.0 -9999.0 -9999.0 -9999.0 -9999.0 -9999.0 -9999.0 -9999.0 -9999.0 -9999.0 -9999.0 -9999.0 -9999.0 -9999.0 -9999.0 -9999.0 -9999.0 -9999.0
-9999.0 -9999.0 -9999.0 -9999.0 -9999.0 -9999.0 -9999.0 -9999.0 -9999.0 -9999.0 -9999.0 -9999.0 -9999.0 -9999.0 -9999.0 -9999.0 -9999.0 -9999.0 -9999.0 -9999.0 -9999.0 -9999.0 -9999.0 -9999.0 -9999.0 -9999.0 -9999.0 -9999.0 -9999.0 -9999.0 -9999.0 -9999.0 -9999.0 -9999.0 -9999.0 -9999.0 -9999.0 -9999.0 -9999.0 -9999.0 -9999.0 -9999.0 -9999.0 -9999.0 -9999.0 -9999.0 -9999.0 -9999.0 -9999.0 -9999.0 -9999.0 -9999.0 -9999.0 -9999.0 -9999.0 -9999.0 -9999.0 -9999.0 -9999.0 -9999.0 -9999.0 -9999.0 -9999.0 -9999.0 -9999.0 -9999.0 -9999.0 -9999.0 -9999.0 -9999.0 -9999.0 -9999.0 -9999.0 -9999.0 -9999.0 -9999.0 -9999.0 -9999.0 -9999.0 -9999.0
-9999.0 -9999.0 -9999.0 -9999.0 -9999.0 -9999.0 -9999.0 -9999.0 -9999.0 -9999.0 -9999.0 -9999.0 -9999.0 -9999.0 -9999.0 -9999.0 -9999.0 -9999.0 -9999.0 -9999.0 0.133203 0.134833 0.128326 0.120630 0.115084 0.114994 0.121589 0.130853 0.141851 0.145006 0.138010 0.138802 0.136547 0.135942 0.136529 0.138474 0.139308 0.143107 0.145921 0.145536 0.143132 0.141097 0.140160 0.141205 0.143296 0.140094 0.145236 0.151292 0.153980 0.152540 0.142854 0.138228 0.136245 0.131499 0.140402 0.144708 0.153926 0.155667 0.156019 0.145482 0.135576 -9999.0 -9999.0 -9999.0 -9999.0 -9999.0 -9999.0 -9999.0 -9999.0 -9999.0 -9999.0 -9999.0 -9999.0 -9999.0 -9999.0 -9999.0 -9999.0 -9999.0 -9999.0 -9999.0
-9999.0 -9999.0 -9999.0 -9999.0 -9999.0 -9999.0 -9999.0 -9999.0 -9999.0 -9999.0 -9999.0 -9999.0 -9999.0 -9999.0 0.116113 0.113878 0.113006 0.113480 0.119316 0.125118 0.127234 0.124702 0.125571 0.119690 0.115097 0.117946 0.123759 0.130563 0.140219 0.147287 0.141962 0.140708 0.144276 0.155737 0.162282 0.160593 0.149590 0.160392 0.168299 0.173591 0.172971 0.167709 0.176566 0.186938 0.182572 0.171724 0.173186 0.179728 0.189923 0.181056 0.148012 0.141376 0.141396 0.140221 0.136119 0.133921 0.143333 0.143320 0.140868 0.136274 0.128050 0.118192 0.114688 0.123146 0.134231 0.155633 -9999.0 -9999.0 -9999.0 -9999.0 -9999.0 -9999.0 -9999.0 -9999.0 -9999.0 -9999.0 -9999.0 -9999.0 -9999.0 -9999.0
-9999.0 -9999.0 -9999.0 -9999.0 -9999.0 -9999.0 -9999.0 -9999.0 -9999.0 0.109299 0.109220 0.110032 0.109384 0.111606 0.109810 0.110735 0.111138 0.115074 0.119959 0.127245 0.135342 0.131141 0.130791 0.134588 0.136256 0.139652 0.145955 0.162939 0.186074 0.216178 0.194750 0.193633 0.207772 0.253789 0.294080 0.304959 0.286526 0.287804 0.311660 0.332745 0.334504 0.334056 0.347900 0.353253 0.355530 0.348576 0.336385 0.333725 0.347156 0.312969 0.252187 0.202170 0.201969 0.180946 0.158498 0.149286 0.147848 0.159184 0.153062 0.139473 0.128946 0.128333 0.124063 0.128530 0.134272 0.151109 0.168510 0.184849 0.185599 0.175697 -9999.0 -9999.0 -9999.0 -9999.0 -9999.0 -9999.0 -9999.0 -9999.0 -9999.0 -9999.0
-9999.0 -9999.0 -9999.0 -9999.0 -9999.0 -9999.0 0.102900 0.103144 0.104701 0.103038 0.105763 0.105273 0.107656 0.109593 0.112043 0.113750 0.119111 0.125355 0.135816 0.150509 0.164404 0.161108 0.165569 0.186037 0.220807 0.252604 0.275063 0.311239 0.356592 0.365795 0.367454 0.367994 0.368494 0.369473 0.369941 0.369976 0.369933 0.369871 0.369945 0.369996 0.370000 0.370000 0.370000 0.370000 0.370000 0.370000 0.369997 0.369981 0.369967 0.369941 0.369617 0.368215 0.363721 0.350360 0.293498 0.236854 0.229943 0.240622 0.214229 0.178676 0.157218 0.154156 0.149197 0.143685 0.146246 0.154198 0.165620 0.172318 0.166596 0.157872 0.149610 0.139168 0.140194 0.150061 -9999.0 -9999.0 -9999.0 -9999.0 -9999.0 -9999.0
-9999.0 -9999.0 -9999.0 -9999.0 0.098113 0.099362 0.096470 0.098639 0.101020 0.103492 0.105446 0.109808 0.112733 0.117159 0.125621 0.134832 0.149581 0.163966 0.196455 0.255640 0.307594 0.331575 0.343893 0.363796 0.368706 0.369665 0.369821 0.369943 0.369997 0.370000 0.370000 0.370000 0.370000 0.370000 0.370000 0.370000 0.370000 0.370000 0.370000 0.370000 0.370000 0.370000 0.370000 0.370000 0.370000 0.370000 0.370000 0.370000 0.370000 0.370000 0.370000 0.370000 0.370000 0.369995 0.369976 0.369824 0.368712 0.367442 0.358994 0.335492 0.275073 0.246948 0.217949 0.199265 0.179428 0.181197 0.184654 0.174333 0.160239 0.147535 0.143459 0.137787 0.134200 0.145408 0.151911 0.166734 -9999.0 -9999.0 -9999.0 -9999.0
-9999.0 -9999.0 0.096399 0.097771 0.102156 0.101035 0.100242 0.099267 0.101086 0.106545 0.118932 0.129167 0.142638 0.152891 0.183754 0.253470 0.325897 0.353612 0.366171 0.369202 0.369884 0.369986 0.370000 0.370000 0.370000 0.370000 0.370000 0.370000 0.370000 0.370000 0.370000 0.370000 0.370000 0.370000 0.370000 0.370000 0.370000 0.370000 0.370000 0.370000 0.370000 0.370000 0.370000 0.370000 0.370000 0.370000 0.370000 0.370000 0.370000 0.370000 0.370000 0.370000 0.370000 0.370000 0.370000 0.370000 0.370000 0.370000 0.369998 0.369975 0.369460 0.368006 0.362619 0.345366 0.302462 0.267863 0.227520 0.199570 0.174239 0.153472 0.145539 0.140183 0.140719 0.140604 0.147088 0.153440 0.161007 0.164723 -9999.0 -9999.0
-9999.0 0.093948 0.094365 0.102240 0.107337 0.111861 0.117484 0.122608 0.127647 0.128120 0.172689 0.261195 0.336046 0.351262 0.364918 0.369649 0.370000 0.370000 0.370000 0.370000 0.370000 0.370000 0.370000 0.370000 0.370000 0.370000 0.370000 0.370000 0.370000 0.370000 0.370000 0.370000 0.370000 0.370000 0.370000 0.370000 0.370000 0.370000 0.370000 0.370000 0.370000 0.370000 0.370000 0.370000 0.370000 0.370000 0.370000 0.370000 0.370000 0.370000 0.370000 0.370000 0.370000 0.370000 0.370000 0.370000 0.370000 0.370000 0.370000 0.370000 0.370000 0.370000 0.369984 0.369722 0.368376 0.361593 0.337148 0.287492 0.230516 0.203583 0.185733 0.158394 0.149618 0.152206 0.148806 0.148239 0.151316 0.154100 -9999.0 -9999.0
-9999.0 0.089499 0.094866 0.106286 0.128323 0.142341 0.213897 0.285349 0.308791 0.286863 0.359367 0.370000 0.370000 0.370000 0.370000 0.370000 0.370000 0.370000 0.370000 0.370000 0.370000 0.370000 0.370000 0.370000 0.370000 0.370000 0.370000 0.370000 0.370000 0.370000 0.370000 0.370000 0.370000 0.370000 0.370000 0.370000 0.370000 0.370000 0.369999 0.369990 0.369979 0.369994 0.369988 0.369966 0.369959 0.369989 0.369999 0.369998 0.369999 0.370000 0.370000 0.370000 0.370000 0.370000 0.370000 0.370000 0.370000 0.370000 0.370000 0.370000 0.370000 0.370000 0.370000 0.370000 0.369998 0.369829 0.368983 0.366725 0.355908 0.334040 0.292249 0.239007 0.195179 0.180832 0.160735 0.153273 -9999.0 -9999.0 -9999.0 -9999.0
-9999.0 0.088636 0.094113 0.115757 0.207681 0.320471 0.368536 0.369995 0.370000 0.370000 0.370000 0.370000 0.370000 0.370000 0.370000 0.370000 0.370000 0.370000 0.370000 0.370000 0.370000 0.370000 0.370000 0.370000 0.370000 0.370000 0.370000 0.370000 0.370000 0.370000 0.370000 0.370000 0.369998 0.369785 0.369279 0.368563 0.364558 0.362298 0.359108 0.349575 0.340675 0.332621 0.342237 0.340928 0.340629 0.345564 0.354234 0.359168 0.365976 0.368282 0.369387 0.369904 0.369982 0.369999 0.370000 0.370000 0.370000 0.370000 0.370000 0.370000 0.370000 0.370000 0.370000 0.370000 0.370000 0.370000 0.369999 0.369932 0.369433 0.368282 0.366383 0.359127 0.327409 0.244728 0.214161 -9999.0 -9999.0 -9999.0 -9999.0 -9999.0
-9999.0 0.083515 0.092756 0.110334 0.252972 0.368978 0.369977 0.370000 0.370000 0.370000 0.370000 0.370000 0.370000 0.370000 0.370000 0.370000 0.370000 0.370000 0.370000 0.370000 0.370000 0.370000 0.370000 0.370000 0.370000 0.370000 0.369998 0.369993 0.369884 0.369444 0.367212 0.364731 0.345250 0.292734 0.248395 0.209331 0.174582 0.173820 0.182928 0.172674 0.161478 0.152248 0.164287 0.171255 0.176936 0.171234 0.175441 0.195692 0.230850 0.267519 0.314742 0.350395 0.363044 0.368124 0.369180 0.369863 0.369985 0.370000 0.370000 0.370000 0.370000 0.370000 0.370000 0.370000 0.370000 0.370000 0.370000 0.370000 0.369983 0.369867 0.369750 0.369476 0.368295 -9999.0 -9999.0 -9999.0 -9999.0 -9999.0 -9999.0 -9999.0
-9999.0 0.081290 0.089160 0.093195 0.125485 0.240744 0.354760 0.368976 0.369998 0.369829 0.369749 0.369914 0.369981 0.369995 0.369978 0.369887 0.369721 0.369752 0.369756 0.369475 0.368823 0.368383 0.368351 0.367996 0.365962 0.363561 0.361305 0.355406 0.338929 0.295404 0.219854 0.177124 0.148119 0.136133 0.128354 0.121245 0.112968 0.116034 0.119407 0.118412 0.115759 0.114392 0.120638 0.124203 0.126617 0.122028 0.126526 0.132972 0.146044 0.161836 0.185180 0.219915 0.262238 0.291112 0.309103 0.336019 0.356534 0.366913 0.369626 0.369997 0.370000 0.370000 0.370000 0.370000 0.370000 0.370000 0.370000 0.370000 0.369997 0.369975 0.369971 -9999.0 -9999.0 -9999.0 -9999.0 -9999.0 -9999.0 -9999.0 -9999.0 -9999.0
-9999.0 -9999.0 0.079974 0.082903 0.086334 0.092706 0.105638 0.126816 0.148699 0.180347 0.233383 0.291830 0.322703 0.333284 0.319669 0.282628 0.257108 0.257697 0.250117 0.236369 0.214165 0.206450 0.200579 0.195650 0.185785 0.180963 0.178209 0.172627 0.161814 0.142957 0.127521 0.117157 0.108687 0.106843 0.104926 0.102647 0.103249 0.102984 0.103637 0.103567 0.104086 0.105231 0.107169 0.109551 0.110358 0.111142 0.112576 0.115906 0.121443 0.129811 0.144785 0.167075 0.185971 0.191570 0.184277 0.187507 0.201762 0.236475 0.321391 0.362776 0.369138 0.369925 0.369999 0.370000 0.370000 0.370000 0.370000 0.370000 0.369663 0.369821 -9999.0 -9999.0 -9999.0 -9999.0 -9999.0 -9999.0 -9999.0 -9999.0 -9999.0 -9999.0
-9999.0 -9999.0 -9999.0 -9999.0 0.079046 0.082878 0.087145 0.087538 0.092631 0.098034 0.105080 0.114503 0.123675 0.129165 0.124655 0.122598 0.120787 0.120674 0.119137 0.117775 0.116723 0.115511 0.114044 0.112821 0.112909 0.113691 0.113640 0.111628 0.110232 0.106610 0.104798 0.102061 0.099678 0.097780 0.097568 0.097289 0.097697 0.097127 0.098046 0.097864 0.098833 0.099602 0.101169 0.103506 0.103789 0.105186 0.105813 0.108024 0.110773 0.118580 0.132017 0.149212 0.162092 0.162398 0.149393 0.142891 0.140636 0.149874 0.169486 0.212468 0.305203 0.354357 0.367030 0.369018 0.369594 0.369928 0.369992 0.369996 -9999.0 -9999.0 -9999.0 -9999.0 -9999.0 -9999.0 -9999.0 -9999.0 -9999.0 -9999.0 -9999.0 -9999.0
-9999.0 -9999.0 -9999.0 -9999.0 -9999.0 -9999.0 0.080334 0.082313 0.082028 0.084183 0.086691 0.089310 0.092982 0.093529 0.094669 0.097107 0.096672 0.095265 0.093772 0.095725 0.096702 0.096672 0.094173 0.094555 0.094836 0.095763 0.095675 0.095745 0.093667 0.095502 0.096274 0.095342 0.094437 0.094464 0.093891 0.095159 0.095311 0.094209 0.094004 0.095779 0.096604 0.096772 0.097670 0.099685 0.102340 0.103219 0.102653 0.102148 0.106022 0.115458 0.129155 0.143761 0.154144 0.156648 0.144542 0.130522 0.124153 0.124503 0.131989 0.147385 0.181990 0.212029 0.237893 0.262812 0.295225 0.356927 -9999.0 -9999.0 -9999.0 -9999.0 -9999.0 -9999.0 -9999.0 -9999.0 -9999.0 -9999.0 -9999.0 -9999.0 -9999.0 -9999.0
-9999.0 -9999.0 -9999.0 -9999.0 -9999.0 -9999.0 -9999.0 -9999.0 -9999.0 -9999.0 -9999.0 -9999.0 -9999.0 -9999.0 -9999.0 -9999.0 -9999.0 -9999.0 -9999.0 -9999.0 -9999.0 -9999.0 -9999.0 -9999.0 -9999.0 -9999.0 -9999.0 -9999.0 -9999.0 -9999.0 -9999.0 -9999.0 -9999.0 -9999.0 -9999.0 -9999.0 -9999.0 -9999.0 -9999.0 -9999.0 -9999.0 -9999.0 -9999.0 -9999.0 -9999.0 -9999.0 -9999.0 -9999.0 -9999.0 -9999.0 -9999.0 -9999.0 -9999.0 -9999.0 -9999.0 -9999.0 -9999.0 -9999.0 -9999.0 -9999.0 -9999.0 -9999.0 -9999.0 -9999.0 -9999.0 -9999.0 -9999.0 -9999.0 -9999.0 -9999.0 -9999.0 -9999.0 -9999.0 -9999.0 -9999.0 -9999.0 -9999.0 -9999.0 -9999.0 -9999.0
-9999.0 -9999.0 -9999.0 -9999.0 -9999.0 -9999.0 -9999.0 -9999.0 -9999.0 -9999.0 -9999.0 -9999.0 -9999.0 -9999.0 -9999.0 -9999.0 -9999.0 -9999.0 -9999.0 -9999.0 -9999.0 -9999.0 -9999.0 -9999.0 -9999.0 -9999.0 -9999.0 -9999.0 -9999.0 -9999.0 -9999.0 -9999.0 -9999.0 -9999.0 -9999.0 -9999.0 -9999.0 -9999.0 -9999.0 -9999.0 -9999.0 -9999.0 -9999.0 -9999.0 -9999.0 -9999.0 -9999.0 -9999.0 -9999.0 -9999.0 -9999.0 -9999.0 -9999.0 -9999.0 -9999.0 -9999.0 -9999.0 -9999.0 -9999.0 -9999.0 -9999.0 -9999.0 -9999.0 -9999.0 -9999.0 -9999.0 -9999.0 -9999.0 -9999.0 -9999.0 -9999.0 -9999.0 -9999.0 -9999.0 -9999.0 -9999.0 -9999.0 -9999.0 -9999.0 -9999.0