Borden_/Borden1m_014/output_maps/thetaliqL0005N0029.asc
ncols         80
nrows         18
xllcorner     620200.000000
yllcorner     5168000.000000
cellsize      1.000000
NODATA_value  -9999.0
-9999.0 -9999.0 -9999.0 -9999.0 -9999.0 -9999.0 -9999.0 -9999.0 -9999.0 -9999.0 -9999.0 -9999.0 -9999.0 -9999.0 -9999.0 -9999.0 -9999.0 -9999.0 -9999.0 -9999.0 -9999.0 -9999.0 -9999.0 -9999.0 -9999.0 -9999.0 -9999.0 -9999.0 -9999.0 -9999.0 -9999.0 -9999.0 -9999.0 -9999.0 -9999.0 -9999.0 -9999.0 -9999.0 -9999.0 -9999.0 -9999.0 -9999.0 -9999.0 -9999.0 -9999.0 -9999.0 -9999.0 -9999.0 -9999.0 -9999.0 -9999.0 -9999.0 -9999.0 -9999.0 -9999.0 -9999.0 -9999.0 -9999.0 -9999.0 -9999.0 -9999.0 -9999.0 -9999.0 -9999.0 -9999.0 -9999.0 -9999.0 -9999.0 -9999.0 -9999.0 -9999.0 -9999.0 -9999.0 -9999.0 -9999.0 -9999.0 -9999.0 -9999.0 -9999.0 -9999.0
-9999.0 -9999.0 -9999.0 -9999.0 -9999.0 -9999.0 -9999.0 -9999.0 -9999.0 -9999.0 -9999.0 -9999.0 -9999.0 -9999.0 -9999.0 -9999.0 -9999.0 -9999.0 -9999.0 -9999.0 -9999.0 -9999.0 -9999.0 -9999.0 -9999.0 -9999.0 -9999.0 -9999.0 -9999.0 -9999.0 -9999.0 -9999.0 -9999.0 -9999.0 -9999.0 -9999.0 -9999.0 -9999.0 -9999.0 -9999.0 -9999.0 -9999.0 -9999.0 -9999.0 -9999.0 -9999.0 -9999.0 -9999.0 -9999.0 -9999.0 -9999.0 -9999.0 -9999.0 -9999.0 -9999.0 -9999.0 -9999.0 -9999.0 -9999.0 -9999.0 -9999.0 -9999.0 -9999.0 -9999.0 -9999.0 -9999.0 -9999.0 -9999.0 -9999.0 -9999.0 -9999.0 -9999.0 -9999.0 -9999.0 -9999.0 -9999.0 -9999.0 -9999.0 -9999.0 -9999.0
-9999.0 -9999.0 -9999.0 -9999.0 -9999.0 -9999.0 -9999.0 -9999.0 -9999.0 -9999.0 -9999.0 -9999.0 -9999.0 -9999.0 -9999.0 -9999.0 -9999.0 -9999.0 -9999.0 -9999.0 0.125302 0.126771 0.120489 0.113039 0.107738 0.107706 0.114048 0.123080 0.133825 0.136981 0.130268 0.130943 0.128820 0.128330 0.128959 0.130818 0.131599 0.135331 0.138120 0.137791 0.135464 0.133467 0.132597 0.133652 0.135628 0.132579 0.137534 0.143456 0.146128 0.144629 0.135050 0.130437 0.128452 0.123964 0.132422 0.136680 0.145710 0.147475 0.147739 0.137398 0.127730 -9999.0 -9999.0 -9999.0 -9999.0 -9999.0 -9999.0 -9999.0 -9999.0 -9999.0 -9999.0 -9999.0 -9999.0 -9999.0 -9999.0 -9999.0 -9999.0 -9999.0 -9999.0 -9999.0
-9999.0 -9999.0 -9999.0 -9999.0 -9999.0 -9999.0 -9999.0 -9999.0 -9999.0 -9999.0 -9999.0 -9999.0 -9999.0 -9999.0 0.108404 0.106344 0.105562 0.106142 0.111748 0.117416 0.119616 0.117262 0.117931 0.112356 0.108057 0.110739 0.116383 0.123134 0.132624 0.139554 0.134406 0.133198 0.136699 0.147859 0.154281 0.152640 0.142121 0.152508 0.160246 0.165374 0.164733 0.159644 0.168183 0.178294 0.174027 0.163500 0.165006 0.171466 0.181418 0.172731 0.140572 0.133901 0.133811 0.132540 0.128572 0.126498 0.135477 0.135585 0.133163 0.128516 0.120423 0.110922 0.107613 0.115625 0.126466 0.147351 -9999.0 -9999.0 -9999.0 -9999.0 -9999.0 -9999.0 -9999.0 -9999.0 -9999.0 -9999.0 -9999.0 -9999.0 -9999.0 -9999.0
-9999.0 -9999.0 -9999.0 -9999.0 -9999.0 -9999.0 -9999.0 -9999.0 -9999.0 0.101742 0.101731 0.102504 0.102007 0.104091 0.102622 0.103496 0.104000 0.107776 0.112608 0.119743 0.127557 0.123642 0.123341 0.126984 0.128707 0.132118 0.138368 0.154931 0.177516 0.207120 0.185903 0.184719 0.198555 0.244491 0.286131 0.297433 0.278120 0.279352 0.304258 0.327341 0.328152 0.327139 0.344434 0.351334 0.354277 0.345525 0.331166 0.328447 0.345392 0.305916 0.242941 0.193125 0.193053 0.172479 0.150684 0.141629 0.140318 0.151222 0.145192 0.131877 0.121598 0.120741 0.116686 0.120945 0.126665 0.143118 0.160345 0.176618 0.177378 0.167525 -9999.0 -9999.0 -9999.0 -9999.0 -9999.0 -9999.0 -9999.0 -9999.0 -9999.0 -9999.0
-9999.0 -9999.0 -9999.0 -9999.0 -9999.0 -9999.0 0.095534 0.095817 0.097291 0.096040 0.098549 0.098280 0.100527 0.102450 0.104844 0.106634 0.111823 0.117970 0.128249 0.142708 0.156307 0.153155 0.157443 0.177315 0.211477 0.243501 0.266312 0.303441 0.356374 0.366083 0.367769 0.368338 0.368856 0.369587 0.369958 0.369996 0.369951 0.369883 0.369944 0.369995 0.370000 0.370000 0.370000 0.370000 0.370000 0.370000 0.369997 0.369979 0.369966 0.369945 0.369684 0.368626 0.364172 0.349187 0.285176 0.227562 0.220583 0.231531 0.205418 0.170393 0.149427 0.146279 0.141346 0.136022 0.138476 0.146325 0.157592 0.164197 0.158523 0.149836 0.141531 0.131363 0.132315 0.141910 -9999.0 -9999.0 -9999.0 -9999.0 -9999.0 -9999.0
-9999.0 -9999.0 -9999.0 -9999.0 0.091258 0.092349 0.089965 0.091875 0.094085 0.096455 0.098513 0.102700 0.105662 0.110011 0.118255 0.127417 0.141762 0.155776 0.187523 0.246453 0.300148 0.325975 0.339660 0.364054 0.368982 0.369728 0.369845 0.369946 0.369997 0.370000 0.370000 0.370000 0.370000 0.370000 0.370000 0.370000 0.370000 0.370000 0.370000 0.370000 0.370000 0.370000 0.370000 0.370000 0.370000 0.370000 0.370000 0.370000 0.370000 0.370000 0.370000 0.370000 0.370000 0.369995 0.369976 0.369850 0.369020 0.367983 0.359235 0.331183 0.266182 0.237812 0.209080 0.190726 0.171390 0.173147 0.176516 0.166271 0.152292 0.139762 0.135595 0.130004 0.126640 0.137408 0.143883 0.158445 -9999.0 -9999.0 -9999.0 -9999.0
-9999.0 -9999.0 0.089512 0.090932 0.094926 0.094124 0.093531 0.092823 0.094607 0.099759 0.111631 0.121858 0.134943 0.144982 0.175034 0.244072 0.318545 0.352109 0.366568 0.369353 0.369894 0.369986 0.370000 0.370000 0.370000 0.370000 0.370000 0.370000 0.370000 0.370000 0.370000 0.370000 0.370000 0.370000 0.370000 0.370000 0.370000 0.370000 0.370000 0.370000 0.370000 0.370000 0.370000 0.370000 0.370000 0.370000 0.370000 0.370000 0.370000 0.370000 0.370000 0.370000 0.370000 0.370000 0.370000 0.370000 0.370000 0.370000 0.369999 0.369977 0.369572 0.368508 0.363243 0.343226 0.294404 0.259537 0.219292 0.191481 0.166246 0.145768 0.137866 0.132500 0.132881 0.132895 0.139172 0.145447 0.152830 0.156526 -9999.0 -9999.0
-9999.0 0.087160 0.087770 0.094980 0.100130 0.104663 0.110324 0.115480 0.120389 0.121257 0.164110 0.251586 0.330710 0.349072 0.365200 0.369685 0.370000 0.370000 0.370000 0.370000 0.370000 0.370000 0.370000 0.370000 0.370000 0.370000 0.370000 0.370000 0.370000 0.370000 0.370000 0.370000 0.370000 0.370000 0.370000 0.370000 0.370000 0.370000 0.370000 0.370000 0.370000 0.370000 0.370000 0.370000 0.370000 0.370000 0.370000 0.370000 0.370000 0.370000 0.370000 0.370000 0.370000 0.370000 0.370000 0.370000 0.370000 0.370000 0.370000 0.370000 0.370000 0.370000 0.369988 0.369781 0.368778 0.362344 0.333519 0.279447 0.222113 0.195335 0.177590 0.150665 0.141931 0.144261 0.140932 0.140367 0.143369 0.146114 -9999.0 -9999.0
-9999.0 0.083460 0.088188 0.099027 0.120590 0.134914 0.205171 0.278403 0.301350 0.277749 0.359164 0.370000 0.370000 0.370000 0.370000 0.370000 0.370000 0.370000 0.370000 0.370000 0.370000 0.370000 0.370000 0.370000 0.370000 0.370000 0.370000 0.370000 0.370000 0.370000 0.370000 0.370000 0.370000 0.370000 0.370000 0.370000 0.370000 0.370000 0.369999 0.369990 0.369978 0.369993 0.369987 0.369964 0.369957 0.369988 0.369999 0.369998 0.369999 0.370000 0.370000 0.370000 0.370000 0.370000 0.370000 0.370000 0.370000 0.370000 0.370000 0.370000 0.370000 0.370000 0.370000 0.370000 0.369999 0.369877 0.369283 0.367706 0.357185 0.331676 0.285465 0.230825 0.187079 0.172776 0.152903 0.145279 -9999.0 -9999.0 -9999.0 -9999.0
-9999.0 0.082672 0.087544 0.108083 0.199120 0.317404 0.368871 0.369996 0.370000 0.370000 0.370000 0.370000 0.370000 0.370000 0.370000 0.370000 0.370000 0.370000 0.370000 0.370000 0.370000 0.370000 0.370000 0.370000 0.370000 0.370000 0.370000 0.370000 0.370000 0.370000 0.370000 0.370000 0.369998 0.369815 0.369443 0.368913 0.365057 0.362717 0.359329 0.348031 0.337079 0.327467 0.339153 0.337416 0.336945 0.343011 0.353685 0.359348 0.366540 0.368707 0.369518 0.369917 0.369984 0.369999 0.370000 0.370000 0.370000 0.370000 0.370000 0.370000 0.370000 0.370000 0.370000 0.370000 0.370000 0.370000 0.370000 0.369965 0.369668 0.368914 0.367588 0.360738 0.323860 0.237409 0.206377 -9999.0 -9999.0 -9999.0 -9999.0 -9999.0
-9999.0 0.078543 0.086214 0.102912 0.246130 0.369177 0.369984 0.370000 0.370000 0.370000 0.370000 0.370000 0.370000 0.370000 0.370000 0.370000 0.370000 0.370000 0.370000 0.370000 0.370000 0.370000 0.370000 0.370000 0.370000 0.370000 0.369999 0.369993 0.369898 0.369559 0.367863 0.365318 0.343008 0.284214 0.239016 0.200034 0.166038 0.165312 0.174208 0.164214 0.153303 0.144448 0.156062 0.162927 0.168485 0.162930 0.167062 0.186962 0.221777 0.258372 0.307204 0.349037 0.363486 0.368576 0.369362 0.369881 0.369987 0.370000 0.370000 0.370000 0.370000 0.370000 0.370000 0.370000 0.370000 0.370000 0.370000 0.370000 0.369994 0.369944 0.369878 0.369687 0.368874 -9999.0 -9999.0 -9999.0 -9999.0 -9999.0 -9999.0 -9999.0
-9999.0 0.076766 0.083037 0.086947 0.117725 0.232616 0.355818 0.369212 0.369999 0.369862 0.369789 0.369919 0.369979 0.369994 0.369977 0.369897 0.369766 0.369795 0.369803 0.369601 0.369146 0.368845 0.368818 0.368510 0.366529 0.364077 0.361761 0.355309 0.335553 0.287495 0.210588 0.168527 0.140269 0.128612 0.120948 0.113962 0.106128 0.108866 0.112034 0.111075 0.108559 0.107323 0.113216 0.116711 0.119029 0.114813 0.119102 0.125467 0.138279 0.153879 0.176926 0.211312 0.253600 0.282519 0.301045 0.331150 0.356319 0.367509 0.369692 0.369997 0.370000 0.370000 0.370000 0.370000 0.370000 0.370000 0.370000 0.370000 0.369999 0.369993 0.369991 -9999.0 -9999.0 -9999.0 -9999.0 -9999.0 -9999.0 -9999.0 -9999.0 -9999.0
-9999.0 -9999.0 0.075788 0.078149 0.081107 0.087011 0.099265 0.119258 0.139857 0.171216 0.224403 0.284728 0.317471 0.329277 0.313898 0.274494 0.248132 0.248768 0.241031 0.227019 0.204801 0.197188 0.191437 0.186603 0.176954 0.172251 0.169557 0.164075 0.153495 0.135175 0.120071 0.109907 0.101762 0.099798 0.097899 0.095748 0.096161 0.095940 0.096558 0.096516 0.096992 0.098069 0.099957 0.102248 0.103080 0.103838 0.105269 0.108534 0.113986 0.122269 0.137010 0.159004 0.177808 0.183369 0.176102 0.179115 0.192986 0.226992 0.314317 0.363371 0.369311 0.369938 0.369999 0.370000 0.370000 0.370000 0.370000 0.370000 0.369866 0.369944 -9999.0 -9999.0 -9999.0 -9999.0 -9999.0 -9999.0 -9999.0 -9999.0 -9999.0 -9999.0
-9999.0 -9999.0 -9999.0 -9999.0 0.075144 0.078153 0.081566 0.082081 0.086542 0.091598 0.098390 0.107517 0.116403 0.121662 0.117470 0.115448 0.113644 0.113466 0.111972 0.110656 0.109596 0.108405 0.106965 0.105794 0.105830 0.106530 0.106445 0.104529 0.103076 0.099615 0.097741 0.095073 0.092770 0.091004 0.090735 0.090458 0.090785 0.090299 0.091099 0.090997 0.091883 0.092629 0.094114 0.096301 0.096685 0.097997 0.098648 0.100769 0.103564 0.111185 0.124320 0.141220 0.153970 0.154314 0.141616 0.135212 0.133086 0.142141 0.161384 0.203373 0.296659 0.353860 0.367649 0.369276 0.369706 0.369955 0.369997 0.369999 -9999.0 -9999.0 -9999.0 -9999.0 -9999.0 -9999.0 -9999.0 -9999.0 -9999.0 -9999.0 -9999.0 -9999.0
-9999.0 -9999.0 -9999.0 -9999.0 -9999.0 -9999.0 0.076051 0.077590 0.077465 0.079269 0.081460 0.083856 0.087168 0.087793 0.088804 0.090906 0.090505 0.089244 0.087946 0.089601 0.090438 0.090369 0.088184 0.088461 0.088704 0.089513 0.089437 0.089436 0.087617 0.089093 0.089679 0.088785 0.087915 0.087859 0.087350 0.088403 0.088529 0.087598 0.087450 0.088986 0.089753 0.089972 0.090847 0.092728 0.095170 0.096034 0.095592 0.095276 0.098992 0.108043 0.121394 0.135782 0.146066 0.148497 0.136603 0.122999 0.116866 0.117309 0.124706 0.139936 0.173879 0.203259 0.228460 0.253096 0.285606 0.356935 -9999.0 -9999.0 -9999.0 -9999.0 -9999.0 -9999.0 -9999.0 -9999.0 -9999.0 -9999.0 -9999.0 -9999.0 -9999.0 -9999.0
-9999.0 -9999.0 -9999.0 -9999.0 -9999.0 -9999.0 -9999.0 -9999.0 -9999.0 -9999.0 -9999.0 -9999.0 -9999.0 -9999.0 -9999.0 -9999.0 -9999.0 -9999.0 -9999.0 -9999.0 -9999.0 -9999.0 -9999.0 -9999.0 -9999.0 -9999.0 -9999.0 -9999.0 -9999.0 -9999.0 -9999.0 -9999.0 -9999.0 -9999.0 -9999.0 -9999.0 -9999.0 -9999.0 -9999.0 -9999.0 -9999.0 -9999.0 -9999.0 -9999.0 -9999.0 -9999.0 -9999.0 -9999.0 -9999.0 -9999.0 -9999.0 -9999.0 -9999.0 -9999.0 -9999.0 -9999.0 -9999.0 -9999.0 -9999.0 -9999.0 -9999.0 -9999.0 -9999.0 -9999.0 -9999.0 -9999.0 -9999.0 -9999.0 -9999.0 -9999.0 -9999.0 -9999.0 -9999.0 -9999.0 -9999.0 -9999.0 -9999.0 -9999.0 -9999.0 -9999.0
-9999.0 -9999.0 -9999.0 -9999.0 -9999.0 -9999.0 -9999.0 -9999.0 -9999.0 -9999.0 -9999.0 -9999.0 -9999.0 -9999.0 -9999.0 -9999.0 -9999.0 -9999.0 -9999.0 -9999.0 -9999.0 -9999.0 -9999.0 -9999.0 -9999.0 -9999.0 -9999.0 -9999.0 -9999.0 -9999.0 -9999.0 -9999.0 -9999.0 -9999.0 -9999.0 -9999.0 -9999.0 -9999.0 -9999.0 -9999.0 -9999.0 -9999.0 -9999.0 -9999.0 -9999.0 -9999.0 -9999.0 -9999.0 -9999.0 -9999.0 -9999.0 -9999.0 -9999.0 -9999.0 -9999.0 -9999.0 -9999.0 -9999.0 -9999.0 -9999.0 -9999.0 -9999.0 -9999.0 -9999.0 -9999.0 -9999.0 -9999.0 -9999.0 -9999.0 -9999.0 -9999.0 -9999.0 -9999.0 -9999.0 -9999.0 -9999.0 -9999.0 -9999.0 -9999.0 -9999.0