Borden_/Borden1m_014/output_maps/thetaliqL0006N0032.asc
ncols         80
nrows         18
xllcorner     620200.000000
yllcorner     5168000.000000
cellsize      1.000000
NODATA_value  -9999.0
-9999.0 -9999.0 -9999.0 -9999.0 -9999.0 -9999.0 -9999.0 -9999.0 -9999.0 -9999.0 -9999.0 -9999.0 -9999.0 -9999.0 -9999.0 -9999.0 -9999.0 -9999.0 -9999.0 -9999.0 -9999.0 -9999.0 -9999.0 -9999.0 -9999.0 -9999.0 -9999.0 -9999.0 -9999.0 -9999.0 -9999.0 -9999.0 -9999.0 -9999.0 -9999.0 -9999.0 -9999.0 -9999.0 -9999.0 -9999.0 -9999.0 -9999.0 -9999.0 -9999.0 -9999.0 -9999.0 -9999.0 -9999.0 -9999.0 -9999.0 -9999.0 -9999.0 -9999.0 -9999.0 -9999.0 -9999.0 -9999.0 -9999.0 -9999.0 -9999.0 -9999.0 -9999.0 -9999.0 -9999.0 -9999.0 -9999.0 -9999.0 -9999.0 -9999.0 -9999.0 -9999.0 -9999.0 -9999.0 -9999.0 -9999.0 -9999.0 -9999.0 -9999.0 -9999.0 -9999.0
-9999.0 -9999.0 -9999.0 -9999.0 -9999.0 -9999.0 -9999.0 -9999.0 -9999.0 -9999.0 -9999.0 -9999.0 -9999.0 -9999.0 -9999.0 -9999.0 -9999.0 -9999.0 -9999.0 -9999.0 -9999.0 -9999.0 -9999.0 -9999.0 -9999.0 -9999.0 -9999.0 -9999.0 -9999.0 -9999.0 -9999.0 -9999.0 -9999.0 -9999.0 -9999.0 -9999.0 -9999.0 -9999.0 -9999.0 -9999.0 -9999.0 -9999.0 -9999.0 -9999.0 -9999.0 -9999.0 -9999.0 -9999.0 -9999.0 -9999.0 -9999.0 -9999.0 -9999.0 -9999.0 -9999.0 -9999.0 -9999.0 -9999.0 -9999.0 -9999.0 -9999.0 -9999.0 -9999.0 -9999.0 -9999.0 -9999.0 -9999.0 -9999.0 -9999.0 -9999.0 -9999.0 -9999.0 -9999.0 -9999.0 -9999.0 -9999.0 -9999.0 -9999.0 -9999.0 -9999.0
-9999.0 -9999.0 -9999.0 -9999.0 -9999.0 -9999.0 -9999.0 -9999.0 -9999.0 -9999.0 -9999.0 -9999.0 -9999.0 -9999.0 -9999.0 -9999.0 -9999.0 -9999.0 -9999.0 -9999.0 0.153967 0.155618 0.144076 0.129607 0.119635 0.120078 0.132406 0.150604 0.171394 0.177942 0.166606 0.167145 0.163923 0.163920 0.165713 0.169099 0.170438 0.177762 0.183384 0.183253 0.179136 0.175315 0.174205 0.176551 0.179736 0.174402 0.183171 0.193925 0.198848 0.195166 0.176551 0.166823 0.162377 0.154766 0.168827 0.176997 0.192821 0.196188 0.195688 0.177478 0.159630 -9999.0 -9999.0 -9999.0 -9999.0 -9999.0 -9999.0 -9999.0 -9999.0 -9999.0 -9999.0 -9999.0 -9999.0 -9999.0 -9999.0 -9999.0 -9999.0 -9999.0 -9999.0 -9999.0
-9999.0 -9999.0 -9999.0 -9999.0 -9999.0 -9999.0 -9999.0 -9999.0 -9999.0 -9999.0 -9999.0 -9999.0 -9999.0 -9999.0 0.117818 0.114688 0.113698 0.115993 0.126847 0.138520 0.144159 0.140504 0.140294 0.130370 0.122984 0.127779 0.139284 0.154053 0.173350 0.186763 0.177862 0.175905 0.182984 0.203537 0.215757 0.213798 0.197037 0.214198 0.227786 0.236443 0.235732 0.228551 0.241725 0.256190 0.250582 0.235031 0.236886 0.246496 0.259663 0.245571 0.192968 0.177944 0.176340 0.172473 0.164883 0.161319 0.176417 0.177494 0.172624 0.162323 0.145847 0.127542 0.121574 0.135982 0.157536 0.194392 -9999.0 -9999.0 -9999.0 -9999.0 -9999.0 -9999.0 -9999.0 -9999.0 -9999.0 -9999.0 -9999.0 -9999.0 -9999.0 -9999.0
-9999.0 -9999.0 -9999.0 -9999.0 -9999.0 -9999.0 -9999.0 -9999.0 -9999.0 0.103651 0.104289 0.105750 0.106000 0.109615 0.109112 0.110716 0.112727 0.120116 0.130778 0.145604 0.160329 0.154465 0.154336 0.161081 0.165509 0.173502 0.187062 0.217666 0.254823 0.291770 0.268880 0.267913 0.286226 0.327539 0.350779 0.355498 0.347354 0.348343 0.358422 0.364648 0.365166 0.365153 0.367829 0.368644 0.368921 0.367901 0.365590 0.364971 0.367603 0.358747 0.325904 0.279324 0.276388 0.247281 0.211041 0.193117 0.190850 0.207672 0.196398 0.171429 0.151162 0.147002 0.139705 0.147391 0.159512 0.189343 0.218280 0.241948 0.242759 0.228903 -9999.0 -9999.0 -9999.0 -9999.0 -9999.0 -9999.0 -9999.0 -9999.0 -9999.0 -9999.0
-9999.0 -9999.0 -9999.0 -9999.0 -9999.0 -9999.0 0.090663 0.091744 0.094494 0.095318 0.099322 0.100637 0.104718 0.109071 0.114190 0.119031 0.129496 0.142722 0.164096 0.192965 0.218081 0.215292 0.223937 0.255744 0.297360 0.325075 0.340929 0.358411 0.369037 0.369872 0.369950 0.369969 0.369983 0.369999 0.370000 0.370000 0.370000 0.370000 0.370000 0.370000 0.370000 0.370000 0.370000 0.370000 0.370000 0.370000 0.370000 0.370000 0.370000 0.370000 0.370000 0.369976 0.369736 0.368147 0.350796 0.313274 0.308229 0.316799 0.290269 0.243399 0.207338 0.199157 0.188824 0.179305 0.183054 0.197075 0.215449 0.225089 0.215949 0.200998 0.185106 0.167214 0.168465 0.184930 -9999.0 -9999.0 -9999.0 -9999.0 -9999.0 -9999.0
-9999.0 -9999.0 -9999.0 -9999.0 0.085182 0.086356 0.085181 0.087486 0.091238 0.095965 0.101682 0.109920 0.117098 0.126522 0.143523 0.163856 0.192923 0.220430 0.269982 0.328310 0.356680 0.364345 0.367114 0.369738 0.369988 0.370000 0.370000 0.370000 0.370000 0.370000 0.370000 0.370000 0.370000 0.370000 0.370000 0.370000 0.370000 0.370000 0.370000 0.370000 0.370000 0.370000 0.370000 0.370000 0.370000 0.370000 0.370000 0.370000 0.370000 0.370000 0.370000 0.370000 0.370000 0.370000 0.370000 0.370000 0.369989 0.369952 0.369314 0.365242 0.341693 0.322434 0.294947 0.270980 0.243229 0.243225 0.245725 0.230040 0.206942 0.184732 0.175539 0.164707 0.159442 0.177573 0.189688 0.212870 -9999.0 -9999.0 -9999.0 -9999.0
-9999.0 -9999.0 0.080588 0.084523 0.090489 0.091515 0.091796 0.092333 0.096205 0.105694 0.128722 0.152266 0.179491 0.200787 0.251867 0.325981 0.362754 0.368640 0.369888 0.369997 0.370000 0.370000 0.370000 0.370000 0.370000 0.370000 0.370000 0.370000 0.370000 0.370000 0.370000 0.370000 0.370000 0.370000 0.370000 0.370000 0.370000 0.370000 0.370000 0.370000 0.370000 0.370000 0.370000 0.370000 0.370000 0.370000 0.370000 0.370000 0.370000 0.370000 0.370000 0.370000 0.370000 0.370000 0.370000 0.370000 0.370000 0.370000 0.370000 0.370000 0.369999 0.369972 0.369652 0.367356 0.355341 0.336872 0.302719 0.268971 0.231740 0.197567 0.182082 0.170924 0.170182 0.171148 0.181746 0.192842 0.204362 0.210433 -9999.0 -9999.0
-9999.0 0.075555 0.079030 0.090237 0.102924 0.113467 0.126600 0.138627 0.149274 0.155056 0.232858 0.328802 0.365126 0.368271 0.369806 0.370000 0.370000 0.370000 0.370000 0.370000 0.370000 0.370000 0.370000 0.370000 0.370000 0.370000 0.370000 0.370000 0.370000 0.370000 0.370000 0.370000 0.370000 0.370000 0.370000 0.370000 0.370000 0.370000 0.370000 0.370000 0.370000 0.370000 0.370000 0.370000 0.370000 0.370000 0.370000 0.370000 0.370000 0.370000 0.370000 0.370000 0.370000 0.370000 0.370000 0.370000 0.370000 0.370000 0.370000 0.370000 0.370000 0.370000 0.370000 0.370000 0.369983 0.369571 0.365722 0.348274 0.306473 0.274477 0.248282 0.206411 0.189771 0.191569 0.185626 0.184392 0.189312 0.194008 -9999.0 -9999.0
-9999.0 0.073300 0.079194 0.099631 0.144271 0.179324 0.280368 0.342724 0.355611 0.347006 0.369239 0.370000 0.370000 0.370000 0.370000 0.370000 0.370000 0.370000 0.370000 0.370000 0.370000 0.370000 0.370000 0.370000 0.370000 0.370000 0.370000 0.370000 0.370000 0.370000 0.370000 0.370000 0.370000 0.370000 0.370000 0.370000 0.370000 0.370000 0.370000 0.370000 0.370000 0.370000 0.370000 0.370000 0.370000 0.370000 0.370000 0.370000 0.370000 0.370000 0.370000 0.370000 0.370000 0.370000 0.370000 0.370000 0.370000 0.370000 0.370000 0.370000 0.370000 0.370000 0.370000 0.370000 0.370000 0.370000 0.369995 0.369921 0.368886 0.364597 0.349120 0.312003 0.262956 0.238899 0.208016 0.192734 -9999.0 -9999.0 -9999.0 -9999.0
-9999.0 0.071876 0.078503 0.116053 0.269313 0.359345 0.369984 0.370000 0.370000 0.370000 0.370000 0.370000 0.370000 0.370000 0.370000 0.370000 0.370000 0.370000 0.370000 0.370000 0.370000 0.370000 0.370000 0.370000 0.370000 0.370000 0.370000 0.370000 0.370000 0.370000 0.370000 0.370000 0.370000 0.370000 0.369997 0.369985 0.369793 0.369621 0.369319 0.368042 0.366378 0.364516 0.366657 0.366453 0.366428 0.367359 0.368726 0.369337 0.369885 0.369980 0.369999 0.370000 0.370000 0.370000 0.370000 0.370000 0.370000 0.370000 0.370000 0.370000 0.370000 0.370000 0.370000 0.370000 0.370000 0.370000 0.370000 0.370000 0.369999 0.369981 0.369901 0.369252 0.362689 0.313491 0.280195 -9999.0 -9999.0 -9999.0 -9999.0 -9999.0
-9999.0 0.069761 0.075284 0.106145 0.310026 0.369991 0.370000 0.370000 0.370000 0.370000 0.370000 0.370000 0.370000 0.370000 0.370000 0.370000 0.370000 0.370000 0.370000 0.370000 0.370000 0.370000 0.370000 0.370000 0.370000 0.370000 0.370000 0.370000 0.370000 0.369999 0.369941 0.369798 0.367184 0.350354 0.322225 0.283632 0.237239 0.234678 0.246742 0.231673 0.213493 0.198979 0.218286 0.229962 0.238510 0.230962 0.238598 0.267947 0.308169 0.337808 0.359830 0.368236 0.369702 0.369977 0.369997 0.370000 0.370000 0.370000 0.370000 0.370000 0.370000 0.370000 0.370000 0.370000 0.370000 0.370000 0.370000 0.370000 0.370000 0.370000 0.370000 0.369999 0.369981 -9999.0 -9999.0 -9999.0 -9999.0 -9999.0 -9999.0 -9999.0
-9999.0 0.068707 0.071071 0.079493 0.134390 0.301549 0.368450 0.369990 0.370000 0.370000 0.370000 0.370000 0.370000 0.370000 0.370000 0.370000 0.370000 0.370000 0.370000 0.369999 0.369991 0.369981 0.369980 0.369970 0.369879 0.369722 0.369531 0.368867 0.365945 0.351224 0.296733 0.239569 0.190261 0.165963 0.149250 0.134203 0.119894 0.123481 0.128947 0.127106 0.122564 0.120867 0.131382 0.138745 0.143134 0.136914 0.144876 0.158368 0.183552 0.213157 0.251588 0.296268 0.333765 0.350764 0.358075 0.365561 0.369058 0.369930 0.370000 0.370000 0.370000 0.370000 0.370000 0.370000 0.370000 0.370000 0.370000 0.370000 0.370000 0.370000 0.370000 -9999.0 -9999.0 -9999.0 -9999.0 -9999.0 -9999.0 -9999.0 -9999.0 -9999.0
-9999.0 -9999.0 0.068698 0.070429 0.073849 0.083750 0.105794 0.137664 0.172420 0.230911 0.302044 0.347355 0.361030 0.364233 0.360167 0.343783 0.327560 0.327523 0.321498 0.310058 0.288729 0.279792 0.271974 0.265019 0.251866 0.244555 0.239709 0.230102 0.211234 0.177284 0.146622 0.125091 0.109057 0.103495 0.099243 0.095352 0.094710 0.094564 0.095702 0.095868 0.096639 0.098585 0.102569 0.107137 0.109315 0.110875 0.114163 0.121140 0.132862 0.150730 0.180196 0.219563 0.249621 0.258979 0.250993 0.256804 0.277241 0.315943 0.361815 0.369659 0.369996 0.370000 0.370000 0.370000 0.370000 0.370000 0.370000 0.370000 0.370000 0.370000 -9999.0 -9999.0 -9999.0 -9999.0 -9999.0 -9999.0 -9999.0 -9999.0 -9999.0 -9999.0
-9999.0 -9999.0 -9999.0 -9999.0 0.069031 0.070640 0.072292 0.074504 0.079916 0.088812 0.102439 0.121196 0.139661 0.150020 0.143273 0.138874 0.134775 0.133682 0.130495 0.127898 0.125392 0.122778 0.119544 0.117282 0.116954 0.117902 0.117407 0.113805 0.109912 0.103408 0.098604 0.092978 0.088242 0.085236 0.084067 0.083441 0.083483 0.083067 0.083897 0.084418 0.085800 0.087393 0.090197 0.094036 0.095898 0.098241 0.099975 0.104133 0.111067 0.127008 0.153686 0.186204 0.209195 0.210546 0.189819 0.178012 0.175035 0.193102 0.230223 0.291915 0.356766 0.368800 0.369936 0.369995 0.370000 0.370000 0.370000 0.370000 -9999.0 -9999.0 -9999.0 -9999.0 -9999.0 -9999.0 -9999.0 -9999.0 -9999.0 -9999.0 -9999.0 -9999.0
-9999.0 -9999.0 -9999.0 -9999.0 -9999.0 -9999.0 0.068659 0.069285 0.070173 0.072002 0.074885 0.078828 0.083815 0.085835 0.087287 0.089653 0.089007 0.087193 0.085626 0.087236 0.088132 0.087659 0.085009 0.084856 0.085142 0.086085 0.086008 0.085444 0.083260 0.083861 0.083686 0.081867 0.080073 0.079183 0.078529 0.079110 0.079172 0.078476 0.078645 0.080206 0.081545 0.082567 0.084487 0.087797 0.091685 0.093627 0.093716 0.094617 0.101956 0.119589 0.146612 0.175184 0.194582 0.198670 0.177719 0.152715 0.141152 0.143026 0.159119 0.191239 0.251314 0.293492 0.320438 0.338039 0.353924 0.369125 -9999.0 -9999.0 -9999.0 -9999.0 -9999.0 -9999.0 -9999.0 -9999.0 -9999.0 -9999.0 -9999.0 -9999.0 -9999.0 -9999.0
-9999.0 -9999.0 -9999.0 -9999.0 -9999.0 -9999.0 -9999.0 -9999.0 -9999.0 -9999.0 -9999.0 -9999.0 -9999.0 -9999.0 -9999.0 -9999.0 -9999.0 -9999.0 -9999.0 -9999.0 -9999.0 -9999.0 -9999.0 -9999.0 -9999.0 -9999.0 -9999.0 -9999.0 -9999.0 -9999.0 -9999.0 -9999.0 -9999.0 -9999.0 -9999.0 -9999.0 -9999.0 -9999.0 -9999.0 -9999.0 -9999.0 -9999.0 -9999.0 -9999.0 -9999.0 -9999.0 -9999.0 -9999.0 -9999.0 -9999.0 -9999.0 -9999.0 -9999.0 -9999.0 -9999.0 -9999.0 -9999.0 -9999.0 -9999.0 -9999.0 -9999.0 -9999.0 -9999.0 -9999.0 -9999.0 -9999.0 -9999.0 -9999.0 -9999.0 -9999.0 -9999.0 -9999.0 -9999.0 -9999.0 -9999.0 -9999.0 -9999.0 -9999.0 -9999.0 -9999.0
-9999.0 -9999.0 -9999.0 -9999.0 -9999.0 -9999.0 -9999.0 -9999.0 -9999.0 -9999.0 -9999.0 -9999.0 -9999.0 -9999.0 -9999.0 -9999.0 -9999.0 -9999.0 -9999.0 -9999.0 -9999.0 -9999.0 -9999.0 -9999.0 -9999.0 -9999.0 -9999.0 -9999.0 -9999.0 -9999.0 -9999.0 -9999.0 -9999.0 -9999.0 -9999.0 -9999.0 -9999.0 -9999.0 -9999.0 -9999.0 -9999.0 -9999.0 -9999.0 -9999.0 -9999.0 -9999.0 -9999.0 -9999.0 -9999.0 -9999.0 -9999.0 -9999.0 -9999.0 -9999.0 -9999.0 -9999.0 -9999.0 -9999.0 -9999.0 -9999.0 -9999.0 -9999.0 -9999.0 -9999.0 -9999.0 -9999.0 -9999.0 -9999.0 -9999.0 -9999.0 -9999.0 -9999.0 -9999.0 -9999.0 -9999.0 -9999.0 -9999.0 -9999.0 -9999.0 -9999.0