Borden_/Borden1m_014/output_maps/thetaliqL0006N0034.asc
ncols         80
nrows         18
xllcorner     620200.000000
yllcorner     5168000.000000
cellsize      1.000000
NODATA_value  -9999.0
-9999.0 -9999.0 -9999.0 -9999.0 -9999.0 -9999.0 -9999.0 -9999.0 -9999.0 -9999.0 -9999.0 -9999.0 -9999.0 -9999.0 -9999.0 -9999.0 -9999.0 -9999.0 -9999.0 -9999.0 -9999.0 -9999.0 -9999.0 -9999.0 -9999.0 -9999.0 -9999.0 -9999.0 -9999.0 -9999.0 -9999.0 -9999.0 -9999.0 -9999.0 -9999.0 -9999.0 -9999.0 -9999.0 -9999.0 -9999.0 -9999.0 -9999.0 -9999.0 -9999.0 -9999.0 -9999.0 -9999.0 -9999.0 -9999.0 -9999.0 -9999.0 -9999.0 -9999.0 -9999.0 -9999.0 -9999.0 -9999.0 -9999.0 -9999.0 -9999.0 -9999.0 -9999.0 -9999.0 -9999.0 -9999.0 -9999.0 -9999.0 -9999.0 -9999.0 -9999.0 -9999.0 -9999.0 -9999.0 -9999.0 -9999.0 -9999.0 -9999.0 -9999.0 -9999.0 -9999.0
-9999.0 -9999.0 -9999.0 -9999.0 -9999.0 -9999.0 -9999.0 -9999.0 -9999.0 -9999.0 -9999.0 -9999.0 -9999.0 -9999.0 -9999.0 -9999.0 -9999.0 -9999.0 -9999.0 -9999.0 -9999.0 -9999.0 -9999.0 -9999.0 -9999.0 -9999.0 -9999.0 -9999.0 -9999.0 -9999.0 -9999.0 -9999.0 -9999.0 -9999.0 -9999.0 -9999.0 -9999.0 -9999.0 -9999.0 -9999.0 -9999.0 -9999.0 -9999.0 -9999.0 -9999.0 -9999.0 -9999.0 -9999.0 -9999.0 -9999.0 -9999.0 -9999.0 -9999.0 -9999.0 -9999.0 -9999.0 -9999.0 -9999.0 -9999.0 -9999.0 -9999.0 -9999.0 -9999.0 -9999.0 -9999.0 -9999.0 -9999.0 -9999.0 -9999.0 -9999.0 -9999.0 -9999.0 -9999.0 -9999.0 -9999.0 -9999.0 -9999.0 -9999.0 -9999.0 -9999.0
-9999.0 -9999.0 -9999.0 -9999.0 -9999.0 -9999.0 -9999.0 -9999.0 -9999.0 -9999.0 -9999.0 -9999.0 -9999.0 -9999.0 -9999.0 -9999.0 -9999.0 -9999.0 -9999.0 -9999.0 0.154113 0.155775 0.144204 0.129700 0.119705 0.120150 0.132516 0.150779 0.171659 0.178247 0.166869 0.167424 0.164197 0.164205 0.166018 0.169430 0.170780 0.178149 0.183812 0.183693 0.179563 0.175727 0.174620 0.176988 0.180191 0.174812 0.183622 0.194427 0.199365 0.195636 0.176898 0.167103 0.162623 0.154963 0.169070 0.177254 0.193125 0.196489 0.195978 0.177697 0.159790 -9999.0 -9999.0 -9999.0 -9999.0 -9999.0 -9999.0 -9999.0 -9999.0 -9999.0 -9999.0 -9999.0 -9999.0 -9999.0 -9999.0 -9999.0 -9999.0 -9999.0 -9999.0 -9999.0
-9999.0 -9999.0 -9999.0 -9999.0 -9999.0 -9999.0 -9999.0 -9999.0 -9999.0 -9999.0 -9999.0 -9999.0 -9999.0 -9999.0 0.117883 0.114746 0.113754 0.116052 0.126932 0.138637 0.144289 0.140625 0.140424 0.130473 0.123068 0.127885 0.139439 0.154282 0.173700 0.187226 0.178290 0.176341 0.183497 0.204246 0.216624 0.214696 0.197801 0.215087 0.228834 0.237639 0.236990 0.229800 0.243134 0.257729 0.252083 0.236375 0.238146 0.247765 0.260988 0.246681 0.193609 0.178405 0.176747 0.172818 0.165156 0.161554 0.176702 0.177763 0.172859 0.162514 0.145983 0.127626 0.121639 0.136080 0.157680 0.194637 -9999.0 -9999.0 -9999.0 -9999.0 -9999.0 -9999.0 -9999.0 -9999.0 -9999.0 -9999.0 -9999.0 -9999.0 -9999.0 -9999.0
-9999.0 -9999.0 -9999.0 -9999.0 -9999.0 -9999.0 -9999.0 -9999.0 -9999.0 0.103697 0.104335 0.105799 0.106045 0.109668 0.109159 0.110766 0.112780 0.120188 0.130882 0.145764 0.160561 0.154683 0.154572 0.161384 0.165884 0.173983 0.187695 0.218638 0.256245 0.293473 0.270594 0.269672 0.288044 0.329184 0.351921 0.356385 0.348659 0.349655 0.359279 0.365038 0.365566 0.365572 0.367971 0.368709 0.368963 0.368025 0.365907 0.365321 0.367699 0.359523 0.327568 0.281041 0.277990 0.248595 0.211900 0.193727 0.191392 0.208269 0.196869 0.171730 0.151351 0.147166 0.139832 0.147533 0.159674 0.189581 0.218600 0.242348 0.243144 0.229214 -9999.0 -9999.0 -9999.0 -9999.0 -9999.0 -9999.0 -9999.0 -9999.0 -9999.0 -9999.0
-9999.0 -9999.0 -9999.0 -9999.0 -9999.0 -9999.0 0.090700 0.091780 0.094533 0.095350 0.099360 0.100672 0.104760 0.109120 0.114250 0.119104 0.129610 0.142905 0.164422 0.193546 0.218953 0.216281 0.225139 0.257310 0.299053 0.326673 0.342402 0.359233 0.369048 0.369869 0.369947 0.369966 0.369981 0.369999 0.370000 0.370000 0.370000 0.370000 0.370000 0.370000 0.370000 0.370000 0.370000 0.370000 0.370000 0.370000 0.370000 0.370000 0.370000 0.370000 0.369999 0.369973 0.369728 0.368195 0.351988 0.314944 0.309899 0.318428 0.291830 0.244571 0.208075 0.199736 0.189267 0.179639 0.183357 0.197392 0.215798 0.225442 0.216241 0.201227 0.185287 0.167343 0.168591 0.185089 -9999.0 -9999.0 -9999.0 -9999.0 -9999.0 -9999.0
-9999.0 -9999.0 -9999.0 -9999.0 0.085209 0.086385 0.085203 0.087512 0.091267 0.095999 0.101719 0.109972 0.117170 0.126632 0.143733 0.164266 0.193733 0.221645 0.271661 0.329973 0.357608 0.364742 0.367293 0.369734 0.369987 0.370000 0.370000 0.370000 0.370000 0.370000 0.370000 0.370000 0.370000 0.370000 0.370000 0.370000 0.370000 0.370000 0.370000 0.370000 0.370000 0.370000 0.370000 0.370000 0.370000 0.370000 0.370000 0.370000 0.370000 0.370000 0.370000 0.370000 0.370000 0.370000 0.370000 0.370000 0.369987 0.369947 0.369308 0.365502 0.343108 0.324011 0.296512 0.272301 0.244163 0.243967 0.246340 0.230493 0.207251 0.184940 0.175708 0.164840 0.159551 0.177716 0.189847 0.213102 -9999.0 -9999.0 -9999.0 -9999.0
-9999.0 -9999.0 0.080615 0.084549 0.090523 0.091544 0.091822 0.092357 0.096232 0.105738 0.128852 0.152604 0.180194 0.201804 0.253466 0.327811 0.363332 0.368692 0.369883 0.369996 0.370000 0.370000 0.370000 0.370000 0.370000 0.370000 0.370000 0.370000 0.370000 0.370000 0.370000 0.370000 0.370000 0.370000 0.370000 0.370000 0.370000 0.370000 0.370000 0.370000 0.370000 0.370000 0.370000 0.370000 0.370000 0.370000 0.370000 0.370000 0.370000 0.370000 0.370000 0.370000 0.370000 0.370000 0.370000 0.370000 0.370000 0.370000 0.370000 0.370000 0.369999 0.369968 0.369639 0.367444 0.356264 0.338316 0.304073 0.269887 0.232286 0.197887 0.182307 0.171092 0.170332 0.171280 0.181890 0.193003 0.204561 0.210649 -9999.0 -9999.0
-9999.0 0.075582 0.079053 0.090272 0.102963 0.113523 0.126717 0.138873 0.149651 0.155494 0.234235 0.330735 0.365472 0.368349 0.369802 0.370000 0.370000 0.370000 0.370000 0.370000 0.370000 0.370000 0.370000 0.370000 0.370000 0.370000 0.370000 0.370000 0.370000 0.370000 0.370000 0.370000 0.370000 0.370000 0.370000 0.370000 0.370000 0.370000 0.370000 0.370000 0.370000 0.370000 0.370000 0.370000 0.370000 0.370000 0.370000 0.370000 0.370000 0.370000 0.370000 0.370000 0.370000 0.370000 0.370000 0.370000 0.370000 0.370000 0.370000 0.370000 0.370000 0.370000 0.370000 0.370000 0.369981 0.369553 0.365901 0.349334 0.307762 0.275456 0.248963 0.206788 0.190015 0.191776 0.185789 0.184536 0.189463 0.194170 -9999.0 -9999.0
-9999.0 0.073317 0.079218 0.099669 0.144407 0.179806 0.281493 0.343994 0.356627 0.348473 0.369251 0.370000 0.370000 0.370000 0.370000 0.370000 0.370000 0.370000 0.370000 0.370000 0.370000 0.370000 0.370000 0.370000 0.370000 0.370000 0.370000 0.370000 0.370000 0.370000 0.370000 0.370000 0.370000 0.370000 0.370000 0.370000 0.370000 0.370000 0.370000 0.370000 0.370000 0.370000 0.370000 0.370000 0.370000 0.370000 0.370000 0.370000 0.370000 0.370000 0.370000 0.370000 0.370000 0.370000 0.370000 0.370000 0.370000 0.370000 0.370000 0.370000 0.370000 0.370000 0.370000 0.370000 0.370000 0.370000 0.369993 0.369907 0.368830 0.364713 0.349960 0.313174 0.263793 0.239346 0.208260 0.192911 -9999.0 -9999.0 -9999.0 -9999.0
-9999.0 0.071894 0.078525 0.116124 0.270229 0.359705 0.369982 0.370000 0.370000 0.370000 0.370000 0.370000 0.370000 0.370000 0.370000 0.370000 0.370000 0.370000 0.370000 0.370000 0.370000 0.370000 0.370000 0.370000 0.370000 0.370000 0.370000 0.370000 0.370000 0.370000 0.370000 0.370000 0.370000 0.370000 0.369997 0.369983 0.369781 0.369609 0.369313 0.368103 0.366579 0.364884 0.366833 0.366650 0.366630 0.367478 0.368747 0.369333 0.369877 0.369978 0.369998 0.370000 0.370000 0.370000 0.370000 0.370000 0.370000 0.370000 0.370000 0.370000 0.370000 0.370000 0.370000 0.370000 0.370000 0.370000 0.370000 0.370000 0.369999 0.369976 0.369880 0.369193 0.362919 0.314573 0.280842 -9999.0 -9999.0 -9999.0 -9999.0 -9999.0
-9999.0 0.069771 0.075308 0.106221 0.311159 0.369990 0.370000 0.370000 0.370000 0.370000 0.370000 0.370000 0.370000 0.370000 0.370000 0.370000 0.370000 0.370000 0.370000 0.370000 0.370000 0.370000 0.370000 0.370000 0.370000 0.370000 0.370000 0.370000 0.370000 0.369999 0.369934 0.369788 0.367287 0.351576 0.323916 0.285338 0.238694 0.236011 0.248080 0.232848 0.214485 0.199834 0.219294 0.231053 0.239669 0.232115 0.239866 0.269462 0.309870 0.339345 0.360532 0.368287 0.369694 0.369973 0.369996 0.370000 0.370000 0.370000 0.370000 0.370000 0.370000 0.370000 0.370000 0.370000 0.370000 0.370000 0.370000 0.370000 0.370000 0.370000 0.370000 0.369999 0.369976 -9999.0 -9999.0 -9999.0 -9999.0 -9999.0 -9999.0 -9999.0
-9999.0 0.068715 0.071092 0.079512 0.134563 0.302870 0.368401 0.369988 0.370000 0.370000 0.370000 0.370000 0.370000 0.370000 0.370000 0.370000 0.370000 0.370000 0.370000 0.369999 0.369989 0.369978 0.369977 0.369965 0.369870 0.369711 0.369520 0.368871 0.366136 0.352346 0.298454 0.240937 0.191118 0.166479 0.149570 0.134394 0.119993 0.123591 0.129077 0.127223 0.122660 0.120955 0.131510 0.138901 0.143311 0.137065 0.145070 0.158643 0.184009 0.213881 0.252713 0.297826 0.335359 0.351965 0.358928 0.365835 0.369064 0.369924 0.370000 0.370000 0.370000 0.370000 0.370000 0.370000 0.370000 0.370000 0.370000 0.370000 0.370000 0.370000 0.370000 -9999.0 -9999.0 -9999.0 -9999.0 -9999.0 -9999.0 -9999.0 -9999.0 -9999.0
-9999.0 -9999.0 0.068703 0.070436 0.073858 0.083791 0.106055 0.138086 0.173314 0.232176 0.303504 0.348566 0.361604 0.364567 0.360817 0.345149 0.329112 0.329050 0.323056 0.311661 0.290356 0.281428 0.273585 0.266597 0.253364 0.245960 0.241024 0.231277 0.212166 0.177840 0.146883 0.125213 0.109113 0.103540 0.099281 0.095384 0.094745 0.094597 0.095736 0.095902 0.096674 0.098623 0.102610 0.107186 0.109366 0.110929 0.114223 0.121217 0.132974 0.150911 0.180524 0.220140 0.250459 0.259995 0.252097 0.258123 0.278865 0.317807 0.362357 0.369649 0.369996 0.370000 0.370000 0.370000 0.370000 0.370000 0.370000 0.370000 0.369999 0.370000 -9999.0 -9999.0 -9999.0 -9999.0 -9999.0 -9999.0 -9999.0 -9999.0 -9999.0 -9999.0
-9999.0 -9999.0 -9999.0 -9999.0 0.069035 0.070647 0.072305 0.074516 0.079935 0.088844 0.102521 0.121405 0.140026 0.150478 0.143669 0.139191 0.135038 0.133936 0.130720 0.128094 0.125556 0.122919 0.119664 0.117386 0.117051 0.117998 0.117499 0.113880 0.109974 0.103451 0.098641 0.093010 0.088271 0.085262 0.084094 0.083468 0.083511 0.083093 0.083926 0.084445 0.085828 0.087422 0.090228 0.094071 0.095932 0.098277 0.100012 0.104175 0.111117 0.127091 0.153846 0.186492 0.209603 0.210996 0.190209 0.178388 0.175452 0.193744 0.231405 0.293753 0.357669 0.368815 0.369929 0.369994 0.369999 0.370000 0.370000 0.370000 -9999.0 -9999.0 -9999.0 -9999.0 -9999.0 -9999.0 -9999.0 -9999.0 -9999.0 -9999.0 -9999.0 -9999.0
-9999.0 -9999.0 -9999.0 -9999.0 -9999.0 -9999.0 0.068664 0.069293 0.070179 0.072010 0.074895 0.078839 0.083829 0.085850 0.087303 0.089674 0.089026 0.087211 0.085641 0.087254 0.088152 0.087679 0.085025 0.084873 0.085159 0.086104 0.086027 0.085464 0.083277 0.083881 0.083709 0.081889 0.080095 0.079206 0.078551 0.079136 0.079198 0.078500 0.078667 0.080232 0.081571 0.082593 0.084513 0.087826 0.091718 0.093661 0.093748 0.094646 0.101992 0.119653 0.146738 0.175399 0.194877 0.199005 0.177993 0.152910 0.141319 0.143222 0.159446 0.191891 0.252647 0.295317 0.322324 0.339680 0.355007 0.369121 -9999.0 -9999.0 -9999.0 -9999.0 -9999.0 -9999.0 -9999.0 -9999.0 -9999.0 -9999.0 -9999.0 -9999.0 -9999.0 -9999.0
-9999.0 -9999.0 -9999.0 -9999.0 -9999.0 -9999.0 -9999.0 -9999.0 -9999.0 -9999.0 -9999.0 -9999.0 -9999.0 -9999.0 -9999.0 -9999.0 -9999.0 -9999.0 -9999.0 -9999.0 -9999.0 -9999.0 -9999.0 -9999.0 -9999.0 -9999.0 -9999.0 -9999.0 -9999.0 -9999.0 -9999.0 -9999.0 -9999.0 -9999.0 -9999.0 -9999.0 -9999.0 -9999.0 -9999.0 -9999.0 -9999.0 -9999.0 -9999.0 -9999.0 -9999.0 -9999.0 -9999.0 -9999.0 -9999.0 -9999.0 -9999.0 -9999.0 -9999.0 -9999.0 -9999.0 -9999.0 -9999.0 -9999.0 -9999.0 -9999.0 -9999.0 -9999.0 -9999.0 -9999.0 -9999.0 -9999.0 -9999.0 -9999.0 -9999.0 -9999.0 -9999.0 -9999.0 -9999.0 -9999.0 -9999.0 -9999.0 -9999.0 -9999.0 -9999.0 -9999.0
-9999.0 -9999.0 -9999.0 -9999.0 -9999.0 -9999.0 -9999.0 -9999.0 -9999.0 -9999.0 -9999.0 -9999.0 -9999.0 -9999.0 -9999.0 -9999.0 -9999.0 -9999.0 -9999.0 -9999.0 -9999.0 -9999.0 -9999.0 -9999.0 -9999.0 -9999.0 -9999.0 -9999.0 -9999.0 -9999.0 -9999.0 -9999.0 -9999.0 -9999.0 -9999.0 -9999.0 -9999.0 -9999.0 -9999.0 -9999.0 -9999.0 -9999.0 -9999.0 -9999.0 -9999.0 -9999.0 -9999.0 -9999.0 -9999.0 -9999.0 -9999.0 -9999.0 -9999.0 -9999.0 -9999.0 -9999.0 -9999.0 -9999.0 -9999.0 -9999.0 -9999.0 -9999.0 -9999.0 -9999.0 -9999.0 -9999.0 -9999.0 -9999.0 -9999.0 -9999.0 -9999.0 -9999.0 -9999.0 -9999.0 -9999.0 -9999.0 -9999.0 -9999.0 -9999.0 -9999.0