Borden_/Borden1m_014/output_maps/thetaliqL0008N0009.asc
ncols         80
nrows         18
xllcorner     620200.000000
yllcorner     5168000.000000
cellsize      1.000000
NODATA_value  -9999.0
-9999.0 -9999.0 -9999.0 -9999.0 -9999.0 -9999.0 -9999.0 -9999.0 -9999.0 -9999.0 -9999.0 -9999.0 -9999.0 -9999.0 -9999.0 -9999.0 -9999.0 -9999.0 -9999.0 -9999.0 -9999.0 -9999.0 -9999.0 -9999.0 -9999.0 -9999.0 -9999.0 -9999.0 -9999.0 -9999.0 -9999.0 -9999.0 -9999.0 -9999.0 -9999.0 -9999.0 -9999.0 -9999.0 -9999.0 -9999.0 -9999.0 -9999.0 -9999.0 -9999.0 -9999.0 -9999.0 -9999.0 -9999.0 -9999.0 -9999.0 -9999.0 -9999.0 -9999.0 -9999.0 -9999.0 -9999.0 -9999.0 -9999.0 -9999.0 -9999.0 -9999.0 -9999.0 -9999.0 -9999.0 -9999.0 -9999.0 -9999.0 -9999.0 -9999.0 -9999.0 -9999.0 -9999.0 -9999.0 -9999.0 -9999.0 -9999.0 -9999.0 -9999.0 -9999.0 -9999.0
-9999.0 -9999.0 -9999.0 -9999.0 -9999.0 -9999.0 -9999.0 -9999.0 -9999.0 -9999.0 -9999.0 -9999.0 -9999.0 -9999.0 -9999.0 -9999.0 -9999.0 -9999.0 -9999.0 -9999.0 -9999.0 -9999.0 -9999.0 -9999.0 -9999.0 -9999.0 -9999.0 -9999.0 -9999.0 -9999.0 -9999.0 -9999.0 -9999.0 -9999.0 -9999.0 -9999.0 -9999.0 -9999.0 -9999.0 -9999.0 -9999.0 -9999.0 -9999.0 -9999.0 -9999.0 -9999.0 -9999.0 -9999.0 -9999.0 -9999.0 -9999.0 -9999.0 -9999.0 -9999.0 -9999.0 -9999.0 -9999.0 -9999.0 -9999.0 -9999.0 -9999.0 -9999.0 -9999.0 -9999.0 -9999.0 -9999.0 -9999.0 -9999.0 -9999.0 -9999.0 -9999.0 -9999.0 -9999.0 -9999.0 -9999.0 -9999.0 -9999.0 -9999.0 -9999.0 -9999.0
-9999.0 -9999.0 -9999.0 -9999.0 -9999.0 -9999.0 -9999.0 -9999.0 -9999.0 -9999.0 -9999.0 -9999.0 -9999.0 -9999.0 -9999.0 -9999.0 -9999.0 -9999.0 -9999.0 -9999.0 0.365280 0.365574 0.362824 0.356325 0.347997 0.348522 0.358042 0.364649 0.367749 0.368267 0.367265 0.367348 0.366998 0.366989 0.367212 0.367604 0.367770 0.368351 0.368693 0.368684 0.368444 0.368189 0.368127 0.368290 0.368503 0.368111 0.368684 0.369149 0.369295 0.369173 0.368226 0.367354 0.366795 0.365564 0.367508 0.368193 0.369041 0.369159 0.369133 0.368188 0.366257 -9999.0 -9999.0 -9999.0 -9999.0 -9999.0 -9999.0 -9999.0 -9999.0 -9999.0 -9999.0 -9999.0 -9999.0 -9999.0 -9999.0 -9999.0 -9999.0 -9999.0 -9999.0 -9999.0
-9999.0 -9999.0 -9999.0 -9999.0 -9999.0 -9999.0 -9999.0 -9999.0 -9999.0 -9999.0 -9999.0 -9999.0 -9999.0 -9999.0 0.345727 0.341666 0.340239 0.343536 0.354426 0.360892 0.362884 0.361682 0.361617 0.356891 0.351363 0.355194 0.361308 0.365442 0.367951 0.368800 0.368301 0.368170 0.368620 0.369393 0.369640 0.369617 0.369255 0.369645 0.369803 0.369864 0.369858 0.369801 0.369888 0.369945 0.369926 0.369845 0.369866 0.369918 0.369957 0.369912 0.369086 0.368337 0.368203 0.367894 0.367106 0.366637 0.368178 0.368235 0.367841 0.366699 0.363368 0.354877 0.349802 0.359688 0.365877 0.369059 -9999.0 -9999.0 -9999.0 -9999.0 -9999.0 -9999.0 -9999.0 -9999.0 -9999.0 -9999.0 -9999.0 -9999.0 -9999.0 -9999.0
-9999.0 -9999.0 -9999.0 -9999.0 -9999.0 -9999.0 -9999.0 -9999.0 -9999.0 0.318700 0.320660 0.324489 0.325210 0.333133 0.332108 0.335236 0.338597 0.348492 0.357094 0.363354 0.366432 0.365497 0.365487 0.366537 0.367028 0.367835 0.368771 0.369653 0.369934 0.369993 0.369964 0.369960 0.369987 0.370000 0.370000 0.370000 0.370000 0.370000 0.370000 0.370000 0.370000 0.370000 0.370000 0.370000 0.370000 0.370000 0.370000 0.370000 0.370000 0.370000 0.370000 0.369980 0.369980 0.369909 0.369567 0.369107 0.369001 0.369486 0.369184 0.367761 0.364811 0.363707 0.361301 0.363790 0.366246 0.368865 0.369659 0.369885 0.369889 0.369784 -9999.0 -9999.0 -9999.0 -9999.0 -9999.0 -9999.0 -9999.0 -9999.0 -9999.0 -9999.0
-9999.0 -9999.0 -9999.0 -9999.0 -9999.0 -9999.0 0.262185 0.268930 0.283971 0.287869 0.304917 0.309540 0.321813 0.331902 0.340996 0.347247 0.356193 0.362419 0.366901 0.369021 0.369655 0.369606 0.369721 0.369928 0.369994 0.370000 0.370000 0.370000 0.370000 0.370000 0.370000 0.370000 0.370000 0.370000 0.370000 0.370000 0.370000 0.370000 0.370000 0.370000 0.370000 0.370000 0.370000 0.370000 0.370000 0.370000 0.370000 0.370000 0.370000 0.370000 0.370000 0.370000 0.370000 0.370000 0.370000 0.370000 0.369999 0.370000 0.369994 0.369889 0.369462 0.369243 0.368848 0.368325 0.368567 0.369186 0.369618 0.369749 0.369622 0.369286 0.368639 0.367202 0.367336 0.368616 -9999.0 -9999.0 -9999.0 -9999.0 -9999.0 -9999.0
-9999.0 -9999.0 -9999.0 -9999.0 0.222559 0.232021 0.222446 0.240712 0.265968 0.291065 0.312870 0.333427 0.344763 0.354107 0.362578 0.366729 0.368941 0.369644 0.369965 0.370000 0.370000 0.370000 0.370000 0.370000 0.370000 0.370000 0.370000 0.370000 0.370000 0.370000 0.370000 0.370000 0.370000 0.370000 0.370000 0.370000 0.370000 0.370000 0.370000 0.370000 0.370000 0.370000 0.370000 0.370000 0.370000 0.370000 0.370000 0.370000 0.370000 0.370000 0.370000 0.370000 0.370000 0.370000 0.370000 0.370000 0.370000 0.370000 0.370000 0.370000 0.370000 0.370000 0.369995 0.369974 0.369889 0.369893 0.369908 0.369803 0.369452 0.368638 0.368019 0.366921 0.366156 0.368146 0.368856 0.369555 -9999.0 -9999.0 -9999.0 -9999.0
-9999.0 -9999.0 0.181030 0.216564 0.260745 0.266964 0.267990 0.271094 0.290955 0.323642 0.355222 0.364661 0.368131 0.369188 0.369904 0.370000 0.370000 0.370000 0.370000 0.370000 0.370000 0.370000 0.370000 0.370000 0.370000 0.370000 0.370000 0.370000 0.370000 0.370000 0.370000 0.370000 0.370000 0.370000 0.370000 0.370000 0.370000 0.370000 0.370000 0.370000 0.370000 0.370000 0.370000 0.370000 0.370000 0.370000 0.370000 0.370000 0.370000 0.370000 0.370000 0.370000 0.370000 0.370000 0.370000 0.370000 0.370000 0.370000 0.370000 0.370000 0.370000 0.370000 0.370000 0.370000 0.370000 0.370000 0.369998 0.369974 0.369816 0.369192 0.368482 0.367617 0.367529 0.367607 0.368433 0.368992 0.369369 0.369510 -9999.0 -9999.0
-9999.0 0.130484 0.165016 0.257751 0.315216 0.338444 0.352556 0.359388 0.363350 0.365149 0.369776 0.370000 0.370000 0.370000 0.370000 0.370000 0.370000 0.370000 0.370000 0.370000 0.370000 0.370000 0.370000 0.370000 0.370000 0.370000 0.370000 0.370000 0.370000 0.370000 0.370000 0.370000 0.370000 0.370000 0.370000 0.370000 0.370000 0.370000 0.370000 0.370000 0.370000 0.370000 0.370000 0.370000 0.370000 0.370000 0.370000 0.370000 0.370000 0.370000 0.370000 0.370000 0.370000 0.370000 0.370000 0.370000 0.370000 0.370000 0.370000 0.370000 0.370000 0.370000 0.370000 0.370000 0.370000 0.370000 0.370000 0.370000 0.369999 0.369980 0.369910 0.369415 0.368866 0.368943 0.368663 0.368590 0.368838 0.369037 -9999.0 -9999.0
-9999.0 0.108505 0.164829 0.301977 0.361960 0.367940 0.369973 0.370000 0.370000 0.370000 0.370000 0.370000 0.370000 0.370000 0.370000 0.370000 0.370000 0.370000 0.370000 0.370000 0.370000 0.370000 0.370000 0.370000 0.370000 0.370000 0.370000 0.370000 0.370000 0.370000 0.370000 0.370000 0.370000 0.370000 0.370000 0.370000 0.370000 0.370000 0.370000 0.370000 0.370000 0.370000 0.370000 0.370000 0.370000 0.370000 0.370000 0.370000 0.370000 0.370000 0.370000 0.370000 0.370000 0.370000 0.370000 0.370000 0.370000 0.370000 0.370000 0.370000 0.370000 0.370000 0.370000 0.370000 0.370000 0.370000 0.370000 0.370000 0.370000 0.370000 0.370000 0.369999 0.369955 0.369859 0.369453 0.368992 -9999.0 -9999.0 -9999.0 -9999.0
-9999.0 0.095556 0.155525 0.338148 0.369961 0.370000 0.370000 0.370000 0.370000 0.370000 0.370000 0.370000 0.370000 0.370000 0.370000 0.370000 0.370000 0.370000 0.370000 0.370000 0.370000 0.370000 0.370000 0.370000 0.370000 0.370000 0.370000 0.370000 0.370000 0.370000 0.370000 0.370000 0.370000 0.370000 0.370000 0.370000 0.370000 0.370000 0.370000 0.370000 0.370000 0.370000 0.370000 0.370000 0.370000 0.370000 0.370000 0.370000 0.370000 0.370000 0.370000 0.370000 0.370000 0.370000 0.370000 0.370000 0.370000 0.370000 0.370000 0.370000 0.370000 0.370000 0.370000 0.370000 0.370000 0.370000 0.370000 0.370000 0.370000 0.370000 0.370000 0.370000 0.370000 0.369999 0.369987 -9999.0 -9999.0 -9999.0 -9999.0 -9999.0
-9999.0 0.079726 0.122738 0.313245 0.369995 0.370000 0.370000 0.370000 0.370000 0.370000 0.370000 0.370000 0.370000 0.370000 0.370000 0.370000 0.370000 0.370000 0.370000 0.370000 0.370000 0.370000 0.370000 0.370000 0.370000 0.370000 0.370000 0.370000 0.370000 0.370000 0.370000 0.370000 0.370000 0.370000 0.370000 0.369981 0.369802 0.369792 0.369890 0.369792 0.369554 0.369205 0.369645 0.369793 0.369863 0.369797 0.369853 0.369968 0.369999 0.370000 0.370000 0.370000 0.370000 0.370000 0.370000 0.370000 0.370000 0.370000 0.370000 0.370000 0.370000 0.370000 0.370000 0.370000 0.370000 0.370000 0.370000 0.370000 0.370000 0.370000 0.370000 0.370000 0.370000 -9999.0 -9999.0 -9999.0 -9999.0 -9999.0 -9999.0 -9999.0
-9999.0 0.073796 0.088131 0.156893 0.351413 0.369984 0.370000 0.370000 0.370000 0.370000 0.370000 0.370000 0.370000 0.370000 0.370000 0.370000 0.370000 0.370000 0.370000 0.370000 0.370000 0.370000 0.370000 0.370000 0.370000 0.370000 0.370000 0.370000 0.370000 0.370000 0.369994 0.369822 0.368720 0.366819 0.363749 0.358119 0.347254 0.350936 0.355195 0.353998 0.350328 0.348814 0.357140 0.360828 0.362441 0.360129 0.363073 0.366070 0.368566 0.369569 0.369927 0.369996 0.370000 0.370000 0.370000 0.370000 0.370000 0.370000 0.370000 0.370000 0.370000 0.370000 0.370000 0.370000 0.370000 0.370000 0.370000 0.370000 0.370000 0.370000 0.370000 -9999.0 -9999.0 -9999.0 -9999.0 -9999.0 -9999.0 -9999.0 -9999.0 -9999.0
-9999.0 -9999.0 0.073666 0.083598 0.107425 0.187057 0.298208 0.350572 0.365251 0.369649 0.369997 0.370000 0.370000 0.370000 0.370000 0.370000 0.370000 0.370000 0.369999 0.369997 0.369984 0.369973 0.369958 0.369940 0.369895 0.369861 0.369832 0.369749 0.369458 0.367933 0.363101 0.352084 0.330394 0.316626 0.302611 0.286426 0.283890 0.282898 0.288301 0.289237 0.293085 0.301374 0.315082 0.327339 0.332078 0.335270 0.340690 0.349316 0.358079 0.364571 0.368383 0.369686 0.369925 0.369954 0.369928 0.369946 0.369983 0.369999 0.370000 0.370000 0.370000 0.370000 0.370000 0.370000 0.370000 0.370000 0.370000 0.370000 0.370000 0.370000 -9999.0 -9999.0 -9999.0 -9999.0 -9999.0 -9999.0 -9999.0 -9999.0 -9999.0 -9999.0
-9999.0 -9999.0 -9999.0 -9999.0 0.075276 0.084843 0.096510 0.114085 0.162038 0.234980 0.303952 0.343975 0.358984 0.362949 0.360947 0.359631 0.357717 0.356878 0.354779 0.353243 0.351618 0.349286 0.345570 0.342794 0.342599 0.344064 0.343431 0.338170 0.330955 0.315740 0.300062 0.274081 0.244702 0.221859 0.212164 0.207107 0.207516 0.203690 0.210946 0.215721 0.227281 0.239611 0.259000 0.281262 0.290541 0.300591 0.307053 0.319975 0.335534 0.354380 0.365196 0.368731 0.369512 0.369541 0.368933 0.368286 0.368061 0.369055 0.369791 0.369993 0.370000 0.370000 0.370000 0.370000 0.370000 0.370000 0.370000 0.370000 -9999.0 -9999.0 -9999.0 -9999.0 -9999.0 -9999.0 -9999.0 -9999.0 -9999.0 -9999.0 -9999.0 -9999.0
-9999.0 -9999.0 -9999.0 -9999.0 -9999.0 -9999.0 0.073413 0.076817 0.082066 0.095393 0.120600 0.158306 0.204398 0.222120 0.234846 0.252282 0.248382 0.235026 0.222361 0.235333 0.242810 0.239223 0.218093 0.217106 0.219858 0.227412 0.226790 0.222374 0.203993 0.210079 0.209170 0.192872 0.175913 0.167363 0.160950 0.166778 0.167405 0.160423 0.161936 0.177478 0.190473 0.199975 0.216826 0.243003 0.268629 0.279594 0.280085 0.284581 0.313496 0.347560 0.363478 0.368008 0.369098 0.369239 0.368236 0.365112 0.361988 0.362630 0.366294 0.368987 0.369927 0.369995 0.370000 0.370000 0.370000 0.370000 -9999.0 -9999.0 -9999.0 -9999.0 -9999.0 -9999.0 -9999.0 -9999.0 -9999.0 -9999.0 -9999.0 -9999.0 -9999.0 -9999.0
-9999.0 -9999.0 -9999.0 -9999.0 -9999.0 -9999.0 -9999.0 -9999.0 -9999.0 -9999.0 -9999.0 -9999.0 -9999.0 -9999.0 -9999.0 -9999.0 -9999.0 -9999.0 -9999.0 -9999.0 -9999.0 -9999.0 -9999.0 -9999.0 -9999.0 -9999.0 -9999.0 -9999.0 -9999.0 -9999.0 -9999.0 -9999.0 -9999.0 -9999.0 -9999.0 -9999.0 -9999.0 -9999.0 -9999.0 -9999.0 -9999.0 -9999.0 -9999.0 -9999.0 -9999.0 -9999.0 -9999.0 -9999.0 -9999.0 -9999.0 -9999.0 -9999.0 -9999.0 -9999.0 -9999.0 -9999.0 -9999.0 -9999.0 -9999.0 -9999.0 -9999.0 -9999.0 -9999.0 -9999.0 -9999.0 -9999.0 -9999.0 -9999.0 -9999.0 -9999.0 -9999.0 -9999.0 -9999.0 -9999.0 -9999.0 -9999.0 -9999.0 -9999.0 -9999.0 -9999.0
-9999.0 -9999.0 -9999.0 -9999.0 -9999.0 -9999.0 -9999.0 -9999.0 -9999.0 -9999.0 -9999.0 -9999.0 -9999.0 -9999.0 -9999.0 -9999.0 -9999.0 -9999.0 -9999.0 -9999.0 -9999.0 -9999.0 -9999.0 -9999.0 -9999.0 -9999.0 -9999.0 -9999.0 -9999.0 -9999.0 -9999.0 -9999.0 -9999.0 -9999.0 -9999.0 -9999.0 -9999.0 -9999.0 -9999.0 -9999.0 -9999.0 -9999.0 -9999.0 -9999.0 -9999.0 -9999.0 -9999.0 -9999.0 -9999.0 -9999.0 -9999.0 -9999.0 -9999.0 -9999.0 -9999.0 -9999.0 -9999.0 -9999.0 -9999.0 -9999.0 -9999.0 -9999.0 -9999.0 -9999.0 -9999.0 -9999.0 -9999.0 -9999.0 -9999.0 -9999.0 -9999.0 -9999.0 -9999.0 -9999.0 -9999.0 -9999.0 -9999.0 -9999.0 -9999.0 -9999.0