Borden_/Borden1m_014/output_maps/thetaliqL0002N0008.asc
ncols         80
nrows         18
xllcorner     620200.000000
yllcorner     5168000.000000
cellsize      1.000000
NODATA_value  -9999.0
-9999.0 -9999.0 -9999.0 -9999.0 -9999.0 -9999.0 -9999.0 -9999.0 -9999.0 -9999.0 -9999.0 -9999.0 -9999.0 -9999.0 -9999.0 -9999.0 -9999.0 -9999.0 -9999.0 -9999.0 -9999.0 -9999.0 -9999.0 -9999.0 -9999.0 -9999.0 -9999.0 -9999.0 -9999.0 -9999.0 -9999.0 -9999.0 -9999.0 -9999.0 -9999.0 -9999.0 -9999.0 -9999.0 -9999.0 -9999.0 -9999.0 -9999.0 -9999.0 -9999.0 -9999.0 -9999.0 -9999.0 -9999.0 -9999.0 -9999.0 -9999.0 -9999.0 -9999.0 -9999.0 -9999.0 -9999.0 -9999.0 -9999.0 -9999.0 -9999.0 -9999.0 -9999.0 -9999.0 -9999.0 -9999.0 -9999.0 -9999.0 -9999.0 -9999.0 -9999.0 -9999.0 -9999.0 -9999.0 -9999.0 -9999.0 -9999.0 -9999.0 -9999.0 -9999.0 -9999.0
-9999.0 -9999.0 -9999.0 -9999.0 -9999.0 -9999.0 -9999.0 -9999.0 -9999.0 -9999.0 -9999.0 -9999.0 -9999.0 -9999.0 -9999.0 -9999.0 -9999.0 -9999.0 -9999.0 -9999.0 -9999.0 -9999.0 -9999.0 -9999.0 -9999.0 -9999.0 -9999.0 -9999.0 -9999.0 -9999.0 -9999.0 -9999.0 -9999.0 -9999.0 -9999.0 -9999.0 -9999.0 -9999.0 -9999.0 -9999.0 -9999.0 -9999.0 -9999.0 -9999.0 -9999.0 -9999.0 -9999.0 -9999.0 -9999.0 -9999.0 -9999.0 -9999.0 -9999.0 -9999.0 -9999.0 -9999.0 -9999.0 -9999.0 -9999.0 -9999.0 -9999.0 -9999.0 -9999.0 -9999.0 -9999.0 -9999.0 -9999.0 -9999.0 -9999.0 -9999.0 -9999.0 -9999.0 -9999.0 -9999.0 -9999.0 -9999.0 -9999.0 -9999.0 -9999.0 -9999.0
-9999.0 -9999.0 -9999.0 -9999.0 -9999.0 -9999.0 -9999.0 -9999.0 -9999.0 -9999.0 -9999.0 -9999.0 -9999.0 -9999.0 -9999.0 -9999.0 -9999.0 -9999.0 -9999.0 -9999.0 0.228363 0.229527 0.227392 0.225042 0.222965 0.222619 0.224876 0.227329 0.230191 0.230608 0.228031 0.228807 0.227743 0.227010 0.226841 0.227565 0.227966 0.228831 0.229331 0.228952 0.228197 0.227726 0.227201 0.227268 0.228201 0.226940 0.228668 0.230239 0.230697 0.230885 0.228992 0.228321 0.228101 0.226016 0.229739 0.230600 0.233051 0.233180 0.233805 0.231067 0.228358 -9999.0 -9999.0 -9999.0 -9999.0 -9999.0 -9999.0 -9999.0 -9999.0 -9999.0 -9999.0 -9999.0 -9999.0 -9999.0 -9999.0 -9999.0 -9999.0 -9999.0 -9999.0 -9999.0
-9999.0 -9999.0 -9999.0 -9999.0 -9999.0 -9999.0 -9999.0 -9999.0 -9999.0 -9999.0 -9999.0 -9999.0 -9999.0 -9999.0 0.225206 0.223915 0.223289 0.222723 0.224759 0.226218 0.225992 0.224650 0.225917 0.223453 0.221211 0.222529 0.224195 0.225302 0.227426 0.229106 0.227386 0.226953 0.227760 0.230832 0.232020 0.231266 0.227197 0.230970 0.232619 0.233681 0.233543 0.231687 0.234051 0.236849 0.235310 0.232351 0.233090 0.234692 0.237377 0.236420 0.227165 0.226808 0.227489 0.227938 0.226661 0.225671 0.229391 0.228675 0.228195 0.227930 0.226164 0.222914 0.221366 0.224961 0.227734 0.233823 -9999.0 -9999.0 -9999.0 -9999.0 -9999.0 -9999.0 -9999.0 -9999.0 -9999.0 -9999.0 -9999.0 -9999.0 -9999.0 -9999.0
-9999.0 -9999.0 -9999.0 -9999.0 -9999.0 -9999.0 -9999.0 -9999.0 -9999.0 0.223573 0.223142 0.223463 0.222481 0.223552 0.221416 0.221827 0.221300 0.222703 0.223584 0.225337 0.227971 0.225782 0.225456 0.226844 0.226733 0.226933 0.227758 0.231809 0.236074 0.243495 0.236399 0.235997 0.238682 0.248576 0.261118 0.264761 0.258466 0.256863 0.265253 0.274204 0.273688 0.272907 0.280335 0.284166 0.287172 0.281465 0.275045 0.273267 0.282084 0.265781 0.247793 0.237024 0.239808 0.235282 0.230309 0.228658 0.227866 0.232084 0.230740 0.227375 0.224643 0.226011 0.224257 0.225975 0.226806 0.231337 0.235251 0.239178 0.239358 0.236784 -9999.0 -9999.0 -9999.0 -9999.0 -9999.0 -9999.0 -9999.0 -9999.0 -9999.0 -9999.0
-9999.0 -9999.0 -9999.0 -9999.0 -9999.0 -9999.0 0.221807 0.221566 0.222216 0.219518 0.221125 0.219741 0.220836 0.221153 0.221766 0.221498 0.223168 0.224479 0.226801 0.229867 0.232816 0.230666 0.231366 0.235598 0.242661 0.248647 0.253180 0.264358 0.289212 0.303896 0.309562 0.311535 0.315123 0.341840 0.370000 0.370000 0.370000 0.370000 0.370000 0.370000 0.370000 0.370000 0.370000 0.370000 0.370000 0.370000 0.370000 0.370000 0.370000 0.370000 0.351330 0.314818 0.298819 0.284088 0.261401 0.243815 0.243476 0.247974 0.242700 0.234855 0.230381 0.230871 0.230172 0.228320 0.229297 0.231018 0.233798 0.235641 0.234326 0.232666 0.231672 0.228598 0.229173 0.232181 -9999.0 -9999.0 -9999.0 -9999.0 -9999.0 -9999.0
-9999.0 -9999.0 -9999.0 -9999.0 0.218156 0.219274 0.215766 0.217627 0.218932 0.219812 0.219418 0.221006 0.221152 0.222141 0.224448 0.225782 0.228888 0.230998 0.237639 0.249850 0.263192 0.273262 0.276914 0.297154 0.322341 0.351903 0.368185 0.370000 0.370000 0.370000 0.370000 0.370000 0.370000 0.370000 0.370000 0.370000 0.370000 0.370000 0.370000 0.370000 0.370000 0.370000 0.370000 0.370000 0.370000 0.370000 0.370000 0.370000 0.370000 0.370000 0.370000 0.370000 0.370000 0.370000 0.370000 0.370000 0.322126 0.310984 0.291260 0.274758 0.252598 0.248336 0.242907 0.239751 0.234968 0.236203 0.237893 0.235473 0.232420 0.229522 0.229511 0.228289 0.226536 0.230614 0.231718 0.235863 -9999.0 -9999.0 -9999.0 -9999.0
-9999.0 -9999.0 0.218271 0.218044 0.220913 0.218805 0.217532 0.215778 0.216222 0.218761 0.223351 0.224545 0.227229 0.228424 0.235065 0.249684 0.271338 0.284920 0.303446 0.333299 0.370000 0.370000 0.370000 0.370000 0.370000 0.370000 0.370000 0.370000 0.370000 0.370000 0.370000 0.370000 0.370000 0.370000 0.370000 0.370000 0.370000 0.370000 0.370000 0.370000 0.370000 0.370000 0.370000 0.370000 0.370000 0.370000 0.370000 0.370000 0.370000 0.370000 0.370000 0.370000 0.370000 0.370000 0.370000 0.370000 0.370000 0.370000 0.370000 0.370000 0.349969 0.316844 0.295835 0.275609 0.260995 0.254654 0.245471 0.239953 0.234854 0.229892 0.228647 0.228012 0.229009 0.228228 0.230346 0.231748 0.234117 0.234899 -9999.0 -9999.0
-9999.0 0.217614 0.216237 0.221192 0.221352 0.221871 0.222384 0.222957 0.224057 0.221777 0.233801 0.255557 0.278118 0.283800 0.299444 0.345798 0.370000 0.370000 0.370000 0.370000 0.370000 0.370000 0.370000 0.370000 0.370000 0.370000 0.370000 0.370000 0.370000 0.370000 0.370000 0.370000 0.370000 0.370000 0.370000 0.370000 0.370000 0.370000 0.370000 0.370000 0.370000 0.370000 0.370000 0.370000 0.370000 0.370000 0.370000 0.370000 0.370000 0.370000 0.370000 0.370000 0.370000 0.370000 0.370000 0.370000 0.370000 0.370000 0.370000 0.370000 0.370000 0.370000 0.370000 0.361741 0.321402 0.291160 0.271524 0.258073 0.245283 0.240492 0.237721 0.230765 0.229305 0.231255 0.230338 0.230250 0.231158 0.231821 -9999.0 -9999.0
-9999.0 0.212289 0.216967 0.221707 0.227120 0.226036 0.242368 0.264663 0.269782 0.260137 0.292883 0.370000 0.370000 0.370000 0.370000 0.370000 0.370000 0.370000 0.370000 0.370000 0.370000 0.370000 0.370000 0.370000 0.370000 0.370000 0.370000 0.370000 0.370000 0.370000 0.370000 0.370000 0.370000 0.370000 0.370000 0.370000 0.370000 0.370000 0.370000 0.370000 0.370000 0.370000 0.370000 0.370000 0.370000 0.370000 0.370000 0.370000 0.370000 0.370000 0.370000 0.370000 0.370000 0.370000 0.370000 0.370000 0.370000 0.370000 0.370000 0.370000 0.370000 0.370000 0.370000 0.370000 0.370000 0.370000 0.336918 0.312561 0.288968 0.272452 0.259995 0.248179 0.238346 0.236920 0.231887 0.231724 -9999.0 -9999.0 -9999.0 -9999.0
-9999.0 0.211928 0.216374 0.225585 0.247055 0.269901 0.353959 0.370000 0.370000 0.370000 0.370000 0.370000 0.370000 0.370000 0.370000 0.370000 0.370000 0.370000 0.370000 0.370000 0.370000 0.370000 0.370000 0.370000 0.370000 0.370000 0.370000 0.370000 0.370000 0.370000 0.370000 0.370000 0.370000 0.365624 0.332528 0.319176 0.299714 0.297973 0.293310 0.283053 0.277934 0.274597 0.279480 0.277332 0.276592 0.280277 0.287554 0.291427 0.304335 0.316984 0.338322 0.370000 0.370000 0.370000 0.370000 0.370000 0.370000 0.370000 0.370000 0.370000 0.370000 0.370000 0.370000 0.370000 0.370000 0.370000 0.370000 0.370000 0.370000 0.350051 0.320745 0.294279 0.270980 0.251287 0.244877 -9999.0 -9999.0 -9999.0 -9999.0 -9999.0
-9999.0 0.204584 0.216474 0.223739 0.259579 0.369993 0.370000 0.370000 0.370000 0.370000 0.370000 0.370000 0.370000 0.370000 0.370000 0.370000 0.370000 0.370000 0.370000 0.370000 0.370000 0.370000 0.370000 0.370000 0.370000 0.370000 0.370000 0.370000 0.370000 0.349022 0.309177 0.304244 0.281564 0.258273 0.248777 0.241119 0.233305 0.233791 0.237098 0.234607 0.231933 0.228874 0.232519 0.234062 0.235670 0.233536 0.233829 0.238451 0.245902 0.252822 0.263270 0.278790 0.294721 0.314403 0.330762 0.368407 0.370000 0.370000 0.370000 0.370000 0.370000 0.370000 0.370000 0.370000 0.370000 0.370000 0.370000 0.370000 0.370000 0.370000 0.370000 0.370000 0.332258 -9999.0 -9999.0 -9999.0 -9999.0 -9999.0 -9999.0 -9999.0
-9999.0 0.200881 0.213621 0.214739 0.228180 0.254535 0.294929 0.334685 0.369995 0.369875 0.370000 0.370000 0.370000 0.370000 0.370000 0.370000 0.360763 0.359563 0.359218 0.342469 0.326298 0.319155 0.319470 0.316689 0.305936 0.300120 0.296660 0.289218 0.276280 0.260040 0.243395 0.234490 0.228252 0.226425 0.225089 0.223574 0.219940 0.222230 0.223832 0.223478 0.222334 0.221384 0.224188 0.225005 0.225854 0.223118 0.224871 0.226120 0.229259 0.232335 0.236818 0.243740 0.253069 0.258779 0.261808 0.270118 0.286237 0.306238 0.353131 0.370000 0.370000 0.370000 0.370000 0.370000 0.370000 0.370000 0.370000 0.370000 0.370000 0.370000 0.370000 -9999.0 -9999.0 -9999.0 -9999.0 -9999.0 -9999.0 -9999.0 -9999.0 -9999.0
-9999.0 -9999.0 0.198123 0.203012 0.207167 0.211262 0.217156 0.222416 0.226403 0.234706 0.248964 0.264756 0.274224 0.278374 0.272530 0.259142 0.249960 0.250800 0.249205 0.246448 0.241668 0.240775 0.239653 0.238943 0.236886 0.236044 0.235750 0.235044 0.233264 0.228853 0.225296 0.222887 0.219916 0.220399 0.220049 0.218984 0.220173 0.219886 0.220171 0.219983 0.220279 0.220806 0.221322 0.222122 0.222059 0.222296 0.222488 0.223264 0.224429 0.225922 0.229145 0.234093 0.237826 0.238606 0.236244 0.236768 0.239501 0.245685 0.265081 0.295541 0.333904 0.370000 0.370000 0.370000 0.370000 0.370000 0.370000 0.370000 0.370000 0.370000 -9999.0 -9999.0 -9999.0 -9999.0 -9999.0 -9999.0 -9999.0 -9999.0 -9999.0 -9999.0
-9999.0 -9999.0 -9999.0 -9999.0 0.195789 0.202836 0.209588 0.208660 0.213458 0.216196 0.218570 0.221461 0.223848 0.225478 0.223289 0.223030 0.222738 0.223145 0.222743 0.222283 0.222194 0.221937 0.221661 0.221191 0.221485 0.222038 0.222227 0.221408 0.221602 0.220125 0.220225 0.219476 0.218725 0.217684 0.218034 0.217969 0.218523 0.217950 0.218796 0.218239 0.218843 0.219051 0.219712 0.220864 0.220249 0.220912 0.220847 0.221650 0.221687 0.223700 0.227077 0.231035 0.233714 0.233484 0.229695 0.228278 0.227244 0.229425 0.232835 0.240920 0.260937 0.282380 0.307702 0.331420 0.360976 0.370000 0.370000 0.370000 -9999.0 -9999.0 -9999.0 -9999.0 -9999.0 -9999.0 -9999.0 -9999.0 -9999.0 -9999.0 -9999.0 -9999.0
-9999.0 -9999.0 -9999.0 -9999.0 -9999.0 -9999.0 0.199001 0.202626 0.201388 0.204171 0.206631 0.208447 0.211280 0.210821 0.211731 0.214119 0.213834 0.212746 0.211336 0.213451 0.214410 0.214657 0.212378 0.213083 0.213340 0.214208 0.214116 0.214569 0.212657 0.215125 0.216364 0.216034 0.215726 0.216274 0.215798 0.217317 0.217499 0.216297 0.215904 0.217597 0.218025 0.217696 0.217912 0.218936 0.220513 0.220677 0.219855 0.218657 0.220069 0.223454 0.227096 0.230220 0.232258 0.233071 0.230061 0.225851 0.223731 0.223255 0.224671 0.227417 0.234888 0.239902 0.243697 0.246866 0.252002 0.285549 -9999.0 -9999.0 -9999.0 -9999.0 -9999.0 -9999.0 -9999.0 -9999.0 -9999.0 -9999.0 -9999.0 -9999.0 -9999.0 -9999.0
-9999.0 -9999.0 -9999.0 -9999.0 -9999.0 -9999.0 -9999.0 -9999.0 -9999.0 -9999.0 -9999.0 -9999.0 -9999.0 -9999.0 -9999.0 -9999.0 -9999.0 -9999.0 -9999.0 -9999.0 -9999.0 -9999.0 -9999.0 -9999.0 -9999.0 -9999.0 -9999.0 -9999.0 -9999.0 -9999.0 -9999.0 -9999.0 -9999.0 -9999.0 -9999.0 -9999.0 -9999.0 -9999.0 -9999.0 -9999.0 -9999.0 -9999.0 -9999.0 -9999.0 -9999.0 -9999.0 -9999.0 -9999.0 -9999.0 -9999.0 -9999.0 -9999.0 -9999.0 -9999.0 -9999.0 -9999.0 -9999.0 -9999.0 -9999.0 -9999.0 -9999.0 -9999.0 -9999.0 -9999.0 -9999.0 -9999.0 -9999.0 -9999.0 -9999.0 -9999.0 -9999.0 -9999.0 -9999.0 -9999.0 -9999.0 -9999.0 -9999.0 -9999.0 -9999.0 -9999.0
-9999.0 -9999.0 -9999.0 -9999.0 -9999.0 -9999.0 -9999.0 -9999.0 -9999.0 -9999.0 -9999.0 -9999.0 -9999.0 -9999.0 -9999.0 -9999.0 -9999.0 -9999.0 -9999.0 -9999.0 -9999.0 -9999.0 -9999.0 -9999.0 -9999.0 -9999.0 -9999.0 -9999.0 -9999.0 -9999.0 -9999.0 -9999.0 -9999.0 -9999.0 -9999.0 -9999.0 -9999.0 -9999.0 -9999.0 -9999.0 -9999.0 -9999.0 -9999.0 -9999.0 -9999.0 -9999.0 -9999.0 -9999.0 -9999.0 -9999.0 -9999.0 -9999.0 -9999.0 -9999.0 -9999.0 -9999.0 -9999.0 -9999.0 -9999.0 -9999.0 -9999.0 -9999.0 -9999.0 -9999.0 -9999.0 -9999.0 -9999.0 -9999.0 -9999.0 -9999.0 -9999.0 -9999.0 -9999.0 -9999.0 -9999.0 -9999.0 -9999.0 -9999.0 -9999.0 -9999.0