Borden_/Borden1m_014/output_maps/thetaliqL0002N0027.asc
ncols         80
nrows         18
xllcorner     620200.000000
yllcorner     5168000.000000
cellsize      1.000000
NODATA_value  -9999.0
-9999.0 -9999.0 -9999.0 -9999.0 -9999.0 -9999.0 -9999.0 -9999.0 -9999.0 -9999.0 -9999.0 -9999.0 -9999.0 -9999.0 -9999.0 -9999.0 -9999.0 -9999.0 -9999.0 -9999.0 -9999.0 -9999.0 -9999.0 -9999.0 -9999.0 -9999.0 -9999.0 -9999.0 -9999.0 -9999.0 -9999.0 -9999.0 -9999.0 -9999.0 -9999.0 -9999.0 -9999.0 -9999.0 -9999.0 -9999.0 -9999.0 -9999.0 -9999.0 -9999.0 -9999.0 -9999.0 -9999.0 -9999.0 -9999.0 -9999.0 -9999.0 -9999.0 -9999.0 -9999.0 -9999.0 -9999.0 -9999.0 -9999.0 -9999.0 -9999.0 -9999.0 -9999.0 -9999.0 -9999.0 -9999.0 -9999.0 -9999.0 -9999.0 -9999.0 -9999.0 -9999.0 -9999.0 -9999.0 -9999.0 -9999.0 -9999.0 -9999.0 -9999.0 -9999.0 -9999.0
-9999.0 -9999.0 -9999.0 -9999.0 -9999.0 -9999.0 -9999.0 -9999.0 -9999.0 -9999.0 -9999.0 -9999.0 -9999.0 -9999.0 -9999.0 -9999.0 -9999.0 -9999.0 -9999.0 -9999.0 -9999.0 -9999.0 -9999.0 -9999.0 -9999.0 -9999.0 -9999.0 -9999.0 -9999.0 -9999.0 -9999.0 -9999.0 -9999.0 -9999.0 -9999.0 -9999.0 -9999.0 -9999.0 -9999.0 -9999.0 -9999.0 -9999.0 -9999.0 -9999.0 -9999.0 -9999.0 -9999.0 -9999.0 -9999.0 -9999.0 -9999.0 -9999.0 -9999.0 -9999.0 -9999.0 -9999.0 -9999.0 -9999.0 -9999.0 -9999.0 -9999.0 -9999.0 -9999.0 -9999.0 -9999.0 -9999.0 -9999.0 -9999.0 -9999.0 -9999.0 -9999.0 -9999.0 -9999.0 -9999.0 -9999.0 -9999.0 -9999.0 -9999.0 -9999.0 -9999.0
-9999.0 -9999.0 -9999.0 -9999.0 -9999.0 -9999.0 -9999.0 -9999.0 -9999.0 -9999.0 -9999.0 -9999.0 -9999.0 -9999.0 -9999.0 -9999.0 -9999.0 -9999.0 -9999.0 -9999.0 0.198698 0.199378 0.197912 0.196267 0.194896 0.194723 0.196258 0.198051 0.200148 0.200577 0.198873 0.199284 0.198614 0.198245 0.198217 0.198683 0.198905 0.199583 0.200018 0.199819 0.199302 0.198935 0.198591 0.198702 0.199284 0.198501 0.199661 0.200815 0.201229 0.201216 0.199645 0.198998 0.198765 0.197458 0.199831 0.200540 0.202341 0.202520 0.202855 0.200825 0.198863 -9999.0 -9999.0 -9999.0 -9999.0 -9999.0 -9999.0 -9999.0 -9999.0 -9999.0 -9999.0 -9999.0 -9999.0 -9999.0 -9999.0 -9999.0 -9999.0 -9999.0 -9999.0 -9999.0
-9999.0 -9999.0 -9999.0 -9999.0 -9999.0 -9999.0 -9999.0 -9999.0 -9999.0 -9999.0 -9999.0 -9999.0 -9999.0 -9999.0 0.196038 0.195261 0.194900 0.194669 0.196044 0.197129 0.197167 0.196351 0.197016 0.195446 0.194076 0.194906 0.196089 0.197068 0.198720 0.200014 0.198816 0.198522 0.199170 0.201498 0.202558 0.202067 0.199345 0.201895 0.203226 0.204102 0.203989 0.202726 0.204503 0.206599 0.205527 0.203327 0.203771 0.204996 0.207059 0.205958 0.199198 0.198506 0.198844 0.198975 0.198096 0.197459 0.199853 0.199517 0.199121 0.198693 0.197309 0.195102 0.194131 0.196409 0.198483 0.202865 -9999.0 -9999.0 -9999.0 -9999.0 -9999.0 -9999.0 -9999.0 -9999.0 -9999.0 -9999.0 -9999.0 -9999.0 -9999.0 -9999.0
-9999.0 -9999.0 -9999.0 -9999.0 -9999.0 -9999.0 -9999.0 -9999.0 -9999.0 0.194788 0.194567 0.194775 0.194261 0.194927 0.193796 0.194053 0.193852 0.194781 0.195538 0.196869 0.198681 0.197338 0.197165 0.198130 0.198273 0.198654 0.199470 0.202551 0.206214 0.212180 0.207117 0.206903 0.209643 0.220385 0.230940 0.234450 0.228600 0.228545 0.235677 0.244828 0.244993 0.244147 0.254655 0.261470 0.266525 0.255960 0.246104 0.244580 0.257293 0.236245 0.220268 0.208534 0.209235 0.205445 0.201458 0.200011 0.199471 0.202273 0.201194 0.198655 0.196636 0.197274 0.196152 0.197248 0.198022 0.201327 0.204397 0.207467 0.207622 0.205654 -9999.0 -9999.0 -9999.0 -9999.0 -9999.0 -9999.0 -9999.0 -9999.0 -9999.0 -9999.0
-9999.0 -9999.0 -9999.0 -9999.0 -9999.0 -9999.0 0.193478 0.193376 0.193792 0.192420 0.193363 0.192687 0.193383 0.193682 0.194133 0.194144 0.195334 0.196388 0.198221 0.200734 0.203140 0.201871 0.202500 0.206058 0.213548 0.221007 0.225872 0.235121 0.271750 0.312081 0.327561 0.334503 0.342161 0.351452 0.362713 0.368396 0.362137 0.358538 0.361267 0.366280 0.369670 0.369684 0.369735 0.369795 0.369928 0.369912 0.366749 0.363757 0.362548 0.361303 0.353316 0.339752 0.301036 0.260403 0.230356 0.217017 0.214703 0.216614 0.211507 0.205082 0.201432 0.201416 0.200721 0.199422 0.200022 0.201364 0.203488 0.204839 0.203807 0.202417 0.201383 0.199204 0.199546 0.201664 -9999.0 -9999.0 -9999.0 -9999.0 -9999.0 -9999.0
-9999.0 -9999.0 -9999.0 -9999.0 0.191400 0.192016 0.190165 0.191192 0.191988 0.192584 0.192568 0.193658 0.193949 0.194733 0.196450 0.197826 0.200341 0.202284 0.207933 0.220880 0.234852 0.244285 0.250545 0.299548 0.342882 0.354296 0.357217 0.361396 0.366841 0.369948 0.369936 0.369990 0.369997 0.370000 0.370000 0.370000 0.370000 0.370000 0.370000 0.370000 0.370000 0.370000 0.370000 0.370000 0.370000 0.370000 0.370000 0.370000 0.370000 0.369998 0.370000 0.369975 0.368600 0.366269 0.363692 0.357716 0.343609 0.332307 0.279137 0.246410 0.224983 0.218134 0.211974 0.208961 0.205115 0.205780 0.206818 0.204890 0.202451 0.200194 0.199920 0.198955 0.197884 0.200589 0.201558 0.204592 -9999.0 -9999.0 -9999.0 -9999.0
-9999.0 -9999.0 0.191316 0.191354 0.193027 0.191972 0.191359 0.190466 0.190811 0.192413 0.195544 0.196921 0.199145 0.200354 0.205803 0.220993 0.241978 0.263154 0.318301 0.347152 0.358846 0.364792 0.369498 0.369870 0.369984 0.370000 0.370000 0.370000 0.370000 0.370000 0.370000 0.370000 0.370000 0.370000 0.370000 0.370000 0.370000 0.370000 0.370000 0.370000 0.370000 0.370000 0.370000 0.370000 0.370000 0.370000 0.370000 0.370000 0.370000 0.370000 0.370000 0.370000 0.370000 0.370000 0.370000 0.370000 0.369974 0.368857 0.367388 0.363738 0.350861 0.338316 0.296787 0.253399 0.231453 0.222350 0.213902 0.208945 0.204613 0.200787 0.199652 0.198981 0.199497 0.199119 0.200565 0.201671 0.203333 0.203968 -9999.0 -9999.0
-9999.0 0.190859 0.190279 0.193251 0.193727 0.194334 0.195187 0.195924 0.196752 0.195551 0.204471 0.224232 0.248485 0.259804 0.308075 0.353253 0.369548 0.369863 0.369949 0.369996 0.370000 0.370000 0.370000 0.370000 0.370000 0.370000 0.370000 0.370000 0.370000 0.370000 0.370000 0.370000 0.370000 0.370000 0.370000 0.370000 0.370000 0.370000 0.370000 0.370000 0.370000 0.370000 0.370000 0.370000 0.370000 0.370000 0.370000 0.370000 0.370000 0.370000 0.370000 0.370000 0.370000 0.370000 0.370000 0.370000 0.370000 0.370000 0.370000 0.370000 0.369805 0.368588 0.364994 0.354958 0.340174 0.292518 0.246187 0.226885 0.214109 0.209628 0.206927 0.201593 0.200253 0.201359 0.200670 0.200590 0.201240 0.201749 -9999.0 -9999.0
-9999.0 0.188144 0.190812 0.193988 0.198124 0.198761 0.214539 0.231435 0.238027 0.228649 0.282709 0.369621 0.369967 0.369970 0.369999 0.370000 0.370000 0.370000 0.370000 0.370000 0.370000 0.370000 0.370000 0.370000 0.370000 0.370000 0.370000 0.370000 0.370000 0.370000 0.370000 0.370000 0.370000 0.369999 0.369990 0.369980 0.369939 0.369218 0.367479 0.365068 0.363545 0.365710 0.364633 0.362318 0.361786 0.364840 0.367610 0.367263 0.367639 0.368740 0.369681 0.369996 0.369999 0.370000 0.370000 0.370000 0.370000 0.370000 0.370000 0.370000 0.370000 0.370000 0.369999 0.369698 0.367535 0.358375 0.346520 0.332986 0.276929 0.247093 0.229557 0.216482 0.207958 0.206122 0.202257 0.201644 -9999.0 -9999.0 -9999.0 -9999.0
-9999.0 0.188089 0.190729 0.196896 0.213726 0.244466 0.342342 0.367027 0.369998 0.369940 0.370000 0.370000 0.370000 0.370000 0.370000 0.370000 0.370000 0.370000 0.370000 0.370000 0.370000 0.370000 0.370000 0.370000 0.370000 0.370000 0.370000 0.370000 0.369924 0.369682 0.369229 0.368756 0.367054 0.356233 0.348936 0.342457 0.305672 0.292978 0.280154 0.258871 0.250279 0.245120 0.252120 0.250295 0.249645 0.254127 0.266830 0.278879 0.318128 0.339855 0.349504 0.359684 0.364452 0.368002 0.369547 0.369997 0.370000 0.370000 0.370000 0.370000 0.370000 0.370000 0.370000 0.370000 0.370000 0.369671 0.368522 0.363763 0.354175 0.343642 0.333345 0.291706 0.243473 0.218560 0.212631 -9999.0 -9999.0 -9999.0 -9999.0 -9999.0
-9999.0 0.184513 0.190972 0.196051 0.227183 0.346861 0.365010 0.370000 0.370000 0.370000 0.369927 0.370000 0.370000 0.370000 0.370000 0.370000 0.370000 0.370000 0.370000 0.369998 0.369848 0.369699 0.369676 0.369499 0.368977 0.368249 0.367447 0.365821 0.358772 0.350399 0.332634 0.310598 0.255069 0.230529 0.219978 0.211546 0.204314 0.204463 0.206680 0.204718 0.202662 0.200544 0.203096 0.204291 0.205451 0.204025 0.204435 0.208106 0.214615 0.222360 0.235707 0.258564 0.295695 0.338277 0.347078 0.358169 0.364748 0.368323 0.369837 0.370000 0.370000 0.370000 0.370000 0.370000 0.370000 0.370000 0.370000 0.369781 0.367026 0.363154 0.359907 0.354208 0.342803 -9999.0 -9999.0 -9999.0 -9999.0 -9999.0 -9999.0 -9999.0
-9999.0 0.182421 0.189356 0.190618 0.199831 0.223486 0.280950 0.348387 0.369483 0.358913 0.355841 0.360088 0.363918 0.366041 0.363705 0.359180 0.355151 0.356009 0.356418 0.352037 0.345693 0.342634 0.342335 0.338678 0.318260 0.300694 0.289486 0.270525 0.249640 0.231516 0.212886 0.205133 0.200094 0.198401 0.197183 0.195918 0.193541 0.194832 0.195842 0.195576 0.194813 0.194235 0.196001 0.196621 0.197190 0.195552 0.196687 0.197729 0.200124 0.202668 0.206473 0.212458 0.220877 0.227783 0.233517 0.245364 0.270192 0.328226 0.352791 0.366979 0.369621 0.369996 0.370000 0.370000 0.370000 0.370000 0.370000 0.370000 0.368539 0.367092 0.366581 -9999.0 -9999.0 -9999.0 -9999.0 -9999.0 -9999.0 -9999.0 -9999.0 -9999.0
-9999.0 -9999.0 0.181102 0.183952 0.186585 0.189291 0.193231 0.198721 0.203133 0.209419 0.219649 0.232941 0.243058 0.248333 0.241335 0.229033 0.222719 0.223166 0.221558 0.218413 0.213141 0.211231 0.209994 0.209017 0.206979 0.206134 0.205782 0.205047 0.203456 0.200043 0.197169 0.195272 0.193227 0.193305 0.192978 0.192272 0.192828 0.192690 0.192881 0.192774 0.192925 0.193240 0.193634 0.194174 0.194197 0.194343 0.194543 0.195151 0.196095 0.197363 0.199894 0.203771 0.206905 0.207701 0.206071 0.206618 0.208999 0.215081 0.238225 0.298765 0.346054 0.360879 0.368050 0.369506 0.369773 0.369994 0.370000 0.369737 0.363153 0.364559 -9999.0 -9999.0 -9999.0 -9999.0 -9999.0 -9999.0 -9999.0 -9999.0 -9999.0 -9999.0
-9999.0 -9999.0 -9999.0 -9999.0 0.180066 0.183936 0.187541 0.187208 0.189867 0.191490 0.193068 0.195032 0.196681 0.197798 0.196374 0.196004 0.195704 0.195924 0.195636 0.195251 0.195051 0.194823 0.194617 0.194298 0.194411 0.194700 0.194780 0.194245 0.194243 0.193207 0.193052 0.192461 0.191890 0.191239 0.191369 0.191288 0.191573 0.191270 0.191740 0.191450 0.191800 0.191958 0.192392 0.193100 0.192822 0.193233 0.193255 0.193806 0.194025 0.195522 0.198032 0.201062 0.203208 0.203121 0.200413 0.199324 0.198716 0.200422 0.203493 0.210599 0.232279 0.265026 0.329446 0.346670 0.354141 0.362690 0.367429 0.368166 -9999.0 -9999.0 -9999.0 -9999.0 -9999.0 -9999.0 -9999.0 -9999.0 -9999.0 -9999.0 -9999.0 -9999.0
-9999.0 -9999.0 -9999.0 -9999.0 -9999.0 -9999.0 0.181640 0.183539 0.183030 0.184408 0.185634 0.186632 0.188224 0.187979 0.188403 0.189681 0.189481 0.188876 0.188119 0.189247 0.189718 0.189841 0.188595 0.188940 0.189058 0.189544 0.189494 0.189704 0.188625 0.189874 0.190470 0.190226 0.189992 0.190226 0.189948 0.190751 0.190847 0.190204 0.190022 0.190942 0.191198 0.191062 0.191245 0.191882 0.192822 0.192958 0.192529 0.191937 0.192917 0.195195 0.197851 0.200302 0.201965 0.202533 0.200270 0.197327 0.195901 0.195722 0.196929 0.199308 0.205343 0.209968 0.214167 0.220064 0.227250 0.270410 -9999.0 -9999.0 -9999.0 -9999.0 -9999.0 -9999.0 -9999.0 -9999.0 -9999.0 -9999.0 -9999.0 -9999.0 -9999.0 -9999.0
-9999.0 -9999.0 -9999.0 -9999.0 -9999.0 -9999.0 -9999.0 -9999.0 -9999.0 -9999.0 -9999.0 -9999.0 -9999.0 -9999.0 -9999.0 -9999.0 -9999.0 -9999.0 -9999.0 -9999.0 -9999.0 -9999.0 -9999.0 -9999.0 -9999.0 -9999.0 -9999.0 -9999.0 -9999.0 -9999.0 -9999.0 -9999.0 -9999.0 -9999.0 -9999.0 -9999.0 -9999.0 -9999.0 -9999.0 -9999.0 -9999.0 -9999.0 -9999.0 -9999.0 -9999.0 -9999.0 -9999.0 -9999.0 -9999.0 -9999.0 -9999.0 -9999.0 -9999.0 -9999.0 -9999.0 -9999.0 -9999.0 -9999.0 -9999.0 -9999.0 -9999.0 -9999.0 -9999.0 -9999.0 -9999.0 -9999.0 -9999.0 -9999.0 -9999.0 -9999.0 -9999.0 -9999.0 -9999.0 -9999.0 -9999.0 -9999.0 -9999.0 -9999.0 -9999.0 -9999.0
-9999.0 -9999.0 -9999.0 -9999.0 -9999.0 -9999.0 -9999.0 -9999.0 -9999.0 -9999.0 -9999.0 -9999.0 -9999.0 -9999.0 -9999.0 -9999.0 -9999.0 -9999.0 -9999.0 -9999.0 -9999.0 -9999.0 -9999.0 -9999.0 -9999.0 -9999.0 -9999.0 -9999.0 -9999.0 -9999.0 -9999.0 -9999.0 -9999.0 -9999.0 -9999.0 -9999.0 -9999.0 -9999.0 -9999.0 -9999.0 -9999.0 -9999.0 -9999.0 -9999.0 -9999.0 -9999.0 -9999.0 -9999.0 -9999.0 -9999.0 -9999.0 -9999.0 -9999.0 -9999.0 -9999.0 -9999.0 -9999.0 -9999.0 -9999.0 -9999.0 -9999.0 -9999.0 -9999.0 -9999.0 -9999.0 -9999.0 -9999.0 -9999.0 -9999.0 -9999.0 -9999.0 -9999.0 -9999.0 -9999.0 -9999.0 -9999.0 -9999.0 -9999.0 -9999.0 -9999.0