Borden_/Borden1m_014/output_maps/thetaliqL0003N0014.asc
ncols         80
nrows         18
xllcorner     620200.000000
yllcorner     5168000.000000
cellsize      1.000000
NODATA_value  -9999.0
-9999.0 -9999.0 -9999.0 -9999.0 -9999.0 -9999.0 -9999.0 -9999.0 -9999.0 -9999.0 -9999.0 -9999.0 -9999.0 -9999.0 -9999.0 -9999.0 -9999.0 -9999.0 -9999.0 -9999.0 -9999.0 -9999.0 -9999.0 -9999.0 -9999.0 -9999.0 -9999.0 -9999.0 -9999.0 -9999.0 -9999.0 -9999.0 -9999.0 -9999.0 -9999.0 -9999.0 -9999.0 -9999.0 -9999.0 -9999.0 -9999.0 -9999.0 -9999.0 -9999.0 -9999.0 -9999.0 -9999.0 -9999.0 -9999.0 -9999.0 -9999.0 -9999.0 -9999.0 -9999.0 -9999.0 -9999.0 -9999.0 -9999.0 -9999.0 -9999.0 -9999.0 -9999.0 -9999.0 -9999.0 -9999.0 -9999.0 -9999.0 -9999.0 -9999.0 -9999.0 -9999.0 -9999.0 -9999.0 -9999.0 -9999.0 -9999.0 -9999.0 -9999.0 -9999.0 -9999.0
-9999.0 -9999.0 -9999.0 -9999.0 -9999.0 -9999.0 -9999.0 -9999.0 -9999.0 -9999.0 -9999.0 -9999.0 -9999.0 -9999.0 -9999.0 -9999.0 -9999.0 -9999.0 -9999.0 -9999.0 -9999.0 -9999.0 -9999.0 -9999.0 -9999.0 -9999.0 -9999.0 -9999.0 -9999.0 -9999.0 -9999.0 -9999.0 -9999.0 -9999.0 -9999.0 -9999.0 -9999.0 -9999.0 -9999.0 -9999.0 -9999.0 -9999.0 -9999.0 -9999.0 -9999.0 -9999.0 -9999.0 -9999.0 -9999.0 -9999.0 -9999.0 -9999.0 -9999.0 -9999.0 -9999.0 -9999.0 -9999.0 -9999.0 -9999.0 -9999.0 -9999.0 -9999.0 -9999.0 -9999.0 -9999.0 -9999.0 -9999.0 -9999.0 -9999.0 -9999.0 -9999.0 -9999.0 -9999.0 -9999.0 -9999.0 -9999.0 -9999.0 -9999.0 -9999.0 -9999.0
-9999.0 -9999.0 -9999.0 -9999.0 -9999.0 -9999.0 -9999.0 -9999.0 -9999.0 -9999.0 -9999.0 -9999.0 -9999.0 -9999.0 -9999.0 -9999.0 -9999.0 -9999.0 -9999.0 -9999.0 0.223679 0.225102 0.222132 0.218742 0.215833 0.215443 0.218663 0.222310 0.226478 0.227216 0.223764 0.224683 0.223306 0.222445 0.222313 0.223288 0.223802 0.225096 0.225890 0.225439 0.224398 0.223696 0.223032 0.223200 0.224411 0.222740 0.225097 0.227340 0.228071 0.228160 0.225249 0.224096 0.223671 0.220935 0.225852 0.227183 0.230653 0.230941 0.231647 0.227765 0.223899 -9999.0 -9999.0 -9999.0 -9999.0 -9999.0 -9999.0 -9999.0 -9999.0 -9999.0 -9999.0 -9999.0 -9999.0 -9999.0 -9999.0 -9999.0 -9999.0 -9999.0 -9999.0 -9999.0
-9999.0 -9999.0 -9999.0 -9999.0 -9999.0 -9999.0 -9999.0 -9999.0 -9999.0 -9999.0 -9999.0 -9999.0 -9999.0 -9999.0 0.218409 0.216734 0.215942 0.215381 0.218286 0.220511 0.220486 0.218753 0.220226 0.216893 0.213903 0.215676 0.218141 0.220050 0.223291 0.225758 0.223396 0.222806 0.224010 0.228387 0.230246 0.229266 0.223919 0.228966 0.231358 0.232866 0.232654 0.230220 0.233439 0.237218 0.235208 0.231195 0.232166 0.234425 0.238078 0.236452 0.223735 0.222705 0.223463 0.223850 0.222077 0.220786 0.225730 0.224952 0.224207 0.223491 0.220750 0.216133 0.214028 0.218923 0.223085 0.231637 -9999.0 -9999.0 -9999.0 -9999.0 -9999.0 -9999.0 -9999.0 -9999.0 -9999.0 -9999.0 -9999.0 -9999.0 -9999.0 -9999.0
-9999.0 -9999.0 -9999.0 -9999.0 -9999.0 -9999.0 -9999.0 -9999.0 -9999.0 0.215784 0.215307 0.215759 0.214606 0.216055 0.213496 0.214058 0.213530 0.215542 0.217066 0.219761 0.223441 0.220633 0.220240 0.222122 0.222154 0.222748 0.224245 0.230051 0.236323 0.246349 0.237172 0.236633 0.240579 0.257566 0.273458 0.277143 0.270274 0.270111 0.278972 0.288626 0.287727 0.286720 0.296082 0.300920 0.304344 0.296930 0.289486 0.288033 0.299565 0.279615 0.257786 0.238477 0.241413 0.235103 0.228045 0.225517 0.224441 0.230002 0.228035 0.223167 0.219165 0.220602 0.218242 0.220589 0.222069 0.228543 0.234224 0.239724 0.239976 0.236447 -9999.0 -9999.0 -9999.0 -9999.0 -9999.0 -9999.0 -9999.0 -9999.0 -9999.0 -9999.0
-9999.0 -9999.0 -9999.0 -9999.0 -9999.0 -9999.0 0.212979 0.212754 0.213683 0.210503 0.212638 0.211059 0.212574 0.213173 0.214147 0.214058 0.216504 0.218611 0.222189 0.226875 0.231291 0.228624 0.229688 0.235724 0.245980 0.258994 0.266489 0.278066 0.308047 0.327501 0.335699 0.339078 0.349827 0.370000 0.370000 0.370000 0.370000 0.370000 0.370000 0.370000 0.370000 0.370000 0.370000 0.370000 0.370000 0.370000 0.370000 0.370000 0.370000 0.370000 0.370000 0.351134 0.320948 0.301012 0.272513 0.253142 0.247520 0.252746 0.245416 0.234526 0.228024 0.228264 0.227081 0.224581 0.225877 0.228445 0.232410 0.234940 0.233066 0.230558 0.228781 0.224497 0.225220 0.229381 -9999.0 -9999.0 -9999.0 -9999.0 -9999.0 -9999.0
-9999.0 -9999.0 -9999.0 -9999.0 0.208267 0.209682 0.205382 0.207767 0.209559 0.210880 0.210721 0.213028 0.213549 0.215151 0.218597 0.221010 0.225721 0.229110 0.238670 0.257729 0.278004 0.288199 0.292220 0.318745 0.364568 0.370000 0.370000 0.370000 0.370000 0.370000 0.370000 0.370000 0.370000 0.370000 0.370000 0.370000 0.370000 0.370000 0.370000 0.370000 0.370000 0.370000 0.370000 0.370000 0.370000 0.370000 0.370000 0.370000 0.370000 0.370000 0.370000 0.370000 0.370000 0.370000 0.370000 0.370000 0.366178 0.340007 0.310699 0.289964 0.264316 0.253661 0.245883 0.241317 0.234687 0.236183 0.238287 0.234898 0.230472 0.226246 0.225879 0.224026 0.221771 0.227261 0.229034 0.234756 -9999.0 -9999.0 -9999.0 -9999.0
-9999.0 -9999.0 0.208116 0.208089 0.211889 0.209421 0.207896 0.205818 0.206577 0.210127 0.216668 0.219107 0.223236 0.225375 0.235012 0.258824 0.285218 0.301697 0.329529 0.370000 0.370000 0.370000 0.370000 0.370000 0.370000 0.370000 0.370000 0.370000 0.370000 0.370000 0.370000 0.370000 0.370000 0.370000 0.370000 0.370000 0.370000 0.370000 0.370000 0.370000 0.370000 0.370000 0.370000 0.370000 0.370000 0.370000 0.370000 0.370000 0.370000 0.370000 0.370000 0.370000 0.370000 0.370000 0.370000 0.370000 0.370000 0.370000 0.370000 0.370000 0.370000 0.356150 0.318319 0.294951 0.270917 0.261747 0.249386 0.241560 0.234200 0.227141 0.225107 0.223937 0.225078 0.224223 0.227115 0.229195 0.232400 0.233550 -9999.0 -9999.0
-9999.0 0.206983 0.205543 0.212196 0.213089 0.214224 0.215498 0.216647 0.218338 0.215864 0.232857 0.263801 0.291721 0.299502 0.324520 0.370000 0.370000 0.370000 0.370000 0.370000 0.370000 0.370000 0.370000 0.370000 0.370000 0.370000 0.370000 0.370000 0.370000 0.370000 0.370000 0.370000 0.370000 0.370000 0.370000 0.370000 0.370000 0.370000 0.370000 0.370000 0.370000 0.370000 0.370000 0.370000 0.370000 0.370000 0.370000 0.370000 0.370000 0.370000 0.370000 0.370000 0.370000 0.370000 0.370000 0.370000 0.370000 0.370000 0.370000 0.370000 0.370000 0.370000 0.370000 0.370000 0.366788 0.315146 0.287658 0.266611 0.249358 0.242443 0.238156 0.228497 0.226177 0.228538 0.227252 0.227111 0.228369 0.229329 -9999.0 -9999.0
-9999.0 0.200309 0.206406 0.213320 0.221802 0.222099 0.249366 0.274585 0.280552 0.268498 0.312548 0.370000 0.370000 0.370000 0.370000 0.370000 0.370000 0.370000 0.370000 0.370000 0.370000 0.370000 0.370000 0.370000 0.370000 0.370000 0.370000 0.370000 0.370000 0.370000 0.370000 0.370000 0.370000 0.370000 0.370000 0.370000 0.370000 0.370000 0.370000 0.370000 0.370000 0.370000 0.370000 0.370000 0.370000 0.370000 0.370000 0.370000 0.370000 0.370000 0.370000 0.370000 0.370000 0.370000 0.370000 0.370000 0.370000 0.370000 0.370000 0.370000 0.370000 0.370000 0.370000 0.370000 0.370000 0.370000 0.370000 0.346424 0.309913 0.290006 0.269302 0.253058 0.239502 0.236954 0.229934 0.229146 -9999.0 -9999.0 -9999.0 -9999.0
-9999.0 0.199721 0.205605 0.218721 0.249942 0.289230 0.370000 0.370000 0.370000 0.370000 0.370000 0.370000 0.370000 0.370000 0.370000 0.370000 0.370000 0.370000 0.370000 0.370000 0.370000 0.370000 0.370000 0.370000 0.370000 0.370000 0.370000 0.370000 0.370000 0.370000 0.370000 0.370000 0.370000 0.370000 0.370000 0.355144 0.321620 0.318823 0.312954 0.300034 0.293619 0.288781 0.295329 0.293527 0.292827 0.296502 0.305228 0.310873 0.329616 0.355379 0.370000 0.370000 0.370000 0.370000 0.370000 0.370000 0.370000 0.370000 0.370000 0.370000 0.370000 0.370000 0.370000 0.370000 0.370000 0.370000 0.370000 0.370000 0.370000 0.370000 0.361438 0.317577 0.284918 0.256878 0.247955 -9999.0 -9999.0 -9999.0 -9999.0 -9999.0
-9999.0 0.190464 0.205434 0.216063 0.269231 0.370000 0.370000 0.370000 0.370000 0.370000 0.370000 0.370000 0.370000 0.370000 0.370000 0.370000 0.370000 0.370000 0.370000 0.370000 0.370000 0.370000 0.370000 0.370000 0.370000 0.370000 0.370000 0.370000 0.370000 0.370000 0.342092 0.327872 0.297247 0.272360 0.256138 0.243349 0.232341 0.232861 0.237181 0.233766 0.230007 0.225903 0.230866 0.233112 0.235293 0.232497 0.233083 0.239544 0.249883 0.259652 0.277176 0.298874 0.317384 0.349258 0.370000 0.370000 0.370000 0.370000 0.370000 0.370000 0.370000 0.370000 0.370000 0.370000 0.370000 0.370000 0.370000 0.370000 0.370000 0.370000 0.370000 0.370000 0.370000 -9999.0 -9999.0 -9999.0 -9999.0 -9999.0 -9999.0 -9999.0
-9999.0 0.185833 0.201625 0.203564 0.222669 0.262945 0.315726 0.370000 0.370000 0.370000 0.370000 0.370000 0.370000 0.370000 0.370000 0.370000 0.370000 0.370000 0.370000 0.370000 0.369523 0.353244 0.352501 0.347546 0.330797 0.322356 0.317556 0.307839 0.293271 0.273565 0.246544 0.233866 0.224826 0.221863 0.219585 0.217160 0.212228 0.215108 0.217254 0.216756 0.215200 0.213999 0.217788 0.219071 0.220250 0.216768 0.219160 0.221172 0.225807 0.230478 0.237139 0.247025 0.259645 0.267480 0.273890 0.288226 0.305404 0.338019 0.370000 0.370000 0.370000 0.370000 0.370000 0.370000 0.370000 0.370000 0.370000 0.370000 0.370000 0.370000 0.370000 -9999.0 -9999.0 -9999.0 -9999.0 -9999.0 -9999.0 -9999.0 -9999.0 -9999.0
-9999.0 -9999.0 0.182400 0.188540 0.193848 0.199644 0.208058 0.217355 0.227568 0.240339 0.257882 0.276516 0.287742 0.292730 0.285864 0.271083 0.262023 0.262753 0.260246 0.254491 0.244540 0.242744 0.241160 0.240046 0.237096 0.235853 0.235356 0.234211 0.231519 0.225127 0.219714 0.215955 0.211675 0.211963 0.211324 0.209842 0.211231 0.210880 0.211286 0.211071 0.211471 0.212207 0.213036 0.214225 0.214259 0.214617 0.215005 0.216251 0.218148 0.220653 0.225583 0.232828 0.238301 0.239531 0.236435 0.237275 0.241132 0.250046 0.280609 0.319794 0.370000 0.370000 0.370000 0.370000 0.370000 0.370000 0.370000 0.370000 0.370000 0.370000 -9999.0 -9999.0 -9999.0 -9999.0 -9999.0 -9999.0 -9999.0 -9999.0 -9999.0 -9999.0
-9999.0 -9999.0 -9999.0 -9999.0 0.179512 0.188327 0.196733 0.195802 0.202138 0.206086 0.209737 0.214092 0.217712 0.220042 0.217213 0.216776 0.216271 0.216696 0.216074 0.215382 0.215130 0.214707 0.214224 0.213565 0.213900 0.214607 0.214809 0.213669 0.213704 0.211627 0.211497 0.210293 0.209117 0.207686 0.208035 0.207924 0.208596 0.207877 0.208948 0.208314 0.209128 0.209474 0.210434 0.212034 0.211407 0.212326 0.212340 0.213510 0.213905 0.217038 0.222145 0.228047 0.232036 0.231806 0.226588 0.224462 0.223119 0.226309 0.231639 0.243324 0.272898 0.302053 0.337339 0.370000 0.370000 0.370000 0.370000 0.370000 -9999.0 -9999.0 -9999.0 -9999.0 -9999.0 -9999.0 -9999.0 -9999.0 -9999.0 -9999.0 -9999.0 -9999.0
-9999.0 -9999.0 -9999.0 -9999.0 -9999.0 -9999.0 0.183463 0.188000 0.186535 0.190151 0.193443 0.195988 0.199799 0.199392 0.200600 0.203640 0.203260 0.201828 0.200017 0.202683 0.203904 0.204170 0.201243 0.202086 0.202420 0.203531 0.203416 0.203926 0.201473 0.204505 0.205998 0.205484 0.204995 0.205601 0.204982 0.206865 0.207091 0.205586 0.205118 0.207276 0.207881 0.207548 0.207928 0.209365 0.211486 0.211794 0.210812 0.209427 0.211514 0.216409 0.221885 0.226685 0.229808 0.230899 0.226574 0.220652 0.217671 0.217179 0.219479 0.223887 0.234772 0.242243 0.247824 0.254715 0.265808 0.304683 -9999.0 -9999.0 -9999.0 -9999.0 -9999.0 -9999.0 -9999.0 -9999.0 -9999.0 -9999.0 -9999.0 -9999.0 -9999.0 -9999.0
-9999.0 -9999.0 -9999.0 -9999.0 -9999.0 -9999.0 -9999.0 -9999.0 -9999.0 -9999.0 -9999.0 -9999.0 -9999.0 -9999.0 -9999.0 -9999.0 -9999.0 -9999.0 -9999.0 -9999.0 -9999.0 -9999.0 -9999.0 -9999.0 -9999.0 -9999.0 -9999.0 -9999.0 -9999.0 -9999.0 -9999.0 -9999.0 -9999.0 -9999.0 -9999.0 -9999.0 -9999.0 -9999.0 -9999.0 -9999.0 -9999.0 -9999.0 -9999.0 -9999.0 -9999.0 -9999.0 -9999.0 -9999.0 -9999.0 -9999.0 -9999.0 -9999.0 -9999.0 -9999.0 -9999.0 -9999.0 -9999.0 -9999.0 -9999.0 -9999.0 -9999.0 -9999.0 -9999.0 -9999.0 -9999.0 -9999.0 -9999.0 -9999.0 -9999.0 -9999.0 -9999.0 -9999.0 -9999.0 -9999.0 -9999.0 -9999.0 -9999.0 -9999.0 -9999.0 -9999.0
-9999.0 -9999.0 -9999.0 -9999.0 -9999.0 -9999.0 -9999.0 -9999.0 -9999.0 -9999.0 -9999.0 -9999.0 -9999.0 -9999.0 -9999.0 -9999.0 -9999.0 -9999.0 -9999.0 -9999.0 -9999.0 -9999.0 -9999.0 -9999.0 -9999.0 -9999.0 -9999.0 -9999.0 -9999.0 -9999.0 -9999.0 -9999.0 -9999.0 -9999.0 -9999.0 -9999.0 -9999.0 -9999.0 -9999.0 -9999.0 -9999.0 -9999.0 -9999.0 -9999.0 -9999.0 -9999.0 -9999.0 -9999.0 -9999.0 -9999.0 -9999.0 -9999.0 -9999.0 -9999.0 -9999.0 -9999.0 -9999.0 -9999.0 -9999.0 -9999.0 -9999.0 -9999.0 -9999.0 -9999.0 -9999.0 -9999.0 -9999.0 -9999.0 -9999.0 -9999.0 -9999.0 -9999.0 -9999.0 -9999.0 -9999.0 -9999.0 -9999.0 -9999.0 -9999.0 -9999.0