Borden_/Borden1m_014/output_maps/thetaliqL0006N0029.asc
ncols         80
nrows         18
xllcorner     620200.000000
yllcorner     5168000.000000
cellsize      1.000000
NODATA_value  -9999.0
-9999.0 -9999.0 -9999.0 -9999.0 -9999.0 -9999.0 -9999.0 -9999.0 -9999.0 -9999.0 -9999.0 -9999.0 -9999.0 -9999.0 -9999.0 -9999.0 -9999.0 -9999.0 -9999.0 -9999.0 -9999.0 -9999.0 -9999.0 -9999.0 -9999.0 -9999.0 -9999.0 -9999.0 -9999.0 -9999.0 -9999.0 -9999.0 -9999.0 -9999.0 -9999.0 -9999.0 -9999.0 -9999.0 -9999.0 -9999.0 -9999.0 -9999.0 -9999.0 -9999.0 -9999.0 -9999.0 -9999.0 -9999.0 -9999.0 -9999.0 -9999.0 -9999.0 -9999.0 -9999.0 -9999.0 -9999.0 -9999.0 -9999.0 -9999.0 -9999.0 -9999.0 -9999.0 -9999.0 -9999.0 -9999.0 -9999.0 -9999.0 -9999.0 -9999.0 -9999.0 -9999.0 -9999.0 -9999.0 -9999.0 -9999.0 -9999.0 -9999.0 -9999.0 -9999.0 -9999.0
-9999.0 -9999.0 -9999.0 -9999.0 -9999.0 -9999.0 -9999.0 -9999.0 -9999.0 -9999.0 -9999.0 -9999.0 -9999.0 -9999.0 -9999.0 -9999.0 -9999.0 -9999.0 -9999.0 -9999.0 -9999.0 -9999.0 -9999.0 -9999.0 -9999.0 -9999.0 -9999.0 -9999.0 -9999.0 -9999.0 -9999.0 -9999.0 -9999.0 -9999.0 -9999.0 -9999.0 -9999.0 -9999.0 -9999.0 -9999.0 -9999.0 -9999.0 -9999.0 -9999.0 -9999.0 -9999.0 -9999.0 -9999.0 -9999.0 -9999.0 -9999.0 -9999.0 -9999.0 -9999.0 -9999.0 -9999.0 -9999.0 -9999.0 -9999.0 -9999.0 -9999.0 -9999.0 -9999.0 -9999.0 -9999.0 -9999.0 -9999.0 -9999.0 -9999.0 -9999.0 -9999.0 -9999.0 -9999.0 -9999.0 -9999.0 -9999.0 -9999.0 -9999.0 -9999.0 -9999.0
-9999.0 -9999.0 -9999.0 -9999.0 -9999.0 -9999.0 -9999.0 -9999.0 -9999.0 -9999.0 -9999.0 -9999.0 -9999.0 -9999.0 -9999.0 -9999.0 -9999.0 -9999.0 -9999.0 -9999.0 0.153780 0.155416 0.143915 0.129493 0.119551 0.119990 0.132267 0.150373 0.171036 0.177528 0.166249 0.166766 0.163550 0.163531 0.165294 0.168643 0.169965 0.177223 0.182787 0.182640 0.178544 0.174746 0.173632 0.175947 0.179106 0.173835 0.182543 0.193222 0.198124 0.194509 0.176073 0.166440 0.162046 0.154502 0.168501 0.176649 0.192409 0.195782 0.195298 0.177189 0.159423 -9999.0 -9999.0 -9999.0 -9999.0 -9999.0 -9999.0 -9999.0 -9999.0 -9999.0 -9999.0 -9999.0 -9999.0 -9999.0 -9999.0 -9999.0 -9999.0 -9999.0 -9999.0 -9999.0
-9999.0 -9999.0 -9999.0 -9999.0 -9999.0 -9999.0 -9999.0 -9999.0 -9999.0 -9999.0 -9999.0 -9999.0 -9999.0 -9999.0 0.117742 0.114621 0.113633 0.115924 0.126744 0.138373 0.143992 0.140349 0.140128 0.130241 0.122880 0.127646 0.139082 0.153744 0.172868 0.186117 0.177268 0.175297 0.182262 0.202525 0.214513 0.212506 0.195944 0.212923 0.226286 0.234724 0.233929 0.226765 0.239687 0.253946 0.248389 0.233085 0.235073 0.244667 0.257732 0.243979 0.192055 0.177295 0.175773 0.171998 0.164509 0.160999 0.176028 0.177126 0.172305 0.162068 0.145672 0.127439 0.121495 0.135860 0.157351 0.194067 -9999.0 -9999.0 -9999.0 -9999.0 -9999.0 -9999.0 -9999.0 -9999.0 -9999.0 -9999.0 -9999.0 -9999.0 -9999.0 -9999.0
-9999.0 -9999.0 -9999.0 -9999.0 -9999.0 -9999.0 -9999.0 -9999.0 -9999.0 0.103600 0.104239 0.105698 0.105949 0.109556 0.109060 0.110658 0.112665 0.120029 0.130649 0.145395 0.160018 0.154172 0.154019 0.160670 0.164990 0.172829 0.186165 0.216271 0.252710 0.289188 0.266273 0.265222 0.283428 0.324967 0.348806 0.353843 0.345183 0.346180 0.356837 0.363826 0.364308 0.364251 0.367500 0.368488 0.368822 0.367612 0.364900 0.364225 0.367384 0.357291 0.323339 0.276698 0.273967 0.245340 0.209807 0.192246 0.190079 0.206826 0.195737 0.171016 0.150909 0.146785 0.139540 0.147207 0.159300 0.189024 0.217846 0.241410 0.242242 0.228487 -9999.0 -9999.0 -9999.0 -9999.0 -9999.0 -9999.0 -9999.0 -9999.0 -9999.0 -9999.0
-9999.0 -9999.0 -9999.0 -9999.0 -9999.0 -9999.0 0.090625 0.091706 0.094453 0.095284 0.099282 0.100598 0.104672 0.109016 0.114119 0.118942 0.129350 0.142481 0.163650 0.192148 0.216841 0.213873 0.222191 0.253390 0.294779 0.322621 0.338586 0.356863 0.369008 0.369878 0.369955 0.369974 0.369987 0.369999 0.370000 0.370000 0.370000 0.370000 0.370000 0.370000 0.370000 0.370000 0.370000 0.370000 0.370000 0.370000 0.370000 0.370000 0.370000 0.370000 0.370000 0.369981 0.369749 0.368023 0.348750 0.310741 0.305661 0.314277 0.287921 0.241691 0.206284 0.198335 0.188205 0.178842 0.182636 0.196638 0.214970 0.224608 0.215555 0.200693 0.184869 0.167051 0.168306 0.184727 -9999.0 -9999.0 -9999.0 -9999.0 -9999.0 -9999.0
-9999.0 -9999.0 -9999.0 -9999.0 0.085155 0.086325 0.085159 0.087460 0.091207 0.095930 0.101642 0.109859 0.117011 0.126382 0.143244 0.163292 0.191778 0.218654 0.267448 0.325732 0.354993 0.363500 0.366695 0.369744 0.369991 0.370000 0.370000 0.370000 0.370000 0.370000 0.370000 0.370000 0.370000 0.370000 0.370000 0.370000 0.370000 0.370000 0.370000 0.370000 0.370000 0.370000 0.370000 0.370000 0.370000 0.370000 0.370000 0.370000 0.370000 0.370000 0.370000 0.370000 0.370000 0.370000 0.370000 0.370000 0.369992 0.369961 0.369317 0.364666 0.339400 0.319985 0.292571 0.269032 0.241887 0.242172 0.244860 0.229407 0.206515 0.184452 0.175315 0.164536 0.159305 0.177391 0.189487 0.212586 -9999.0 -9999.0 -9999.0 -9999.0
-9999.0 -9999.0 0.080561 0.084496 0.090454 0.091485 0.091768 0.092309 0.096176 0.105645 0.128556 0.151808 0.178499 0.199316 0.249478 0.323150 0.361558 0.368519 0.369897 0.369997 0.370000 0.370000 0.370000 0.370000 0.370000 0.370000 0.370000 0.370000 0.370000 0.370000 0.370000 0.370000 0.370000 0.370000 0.370000 0.370000 0.370000 0.370000 0.370000 0.370000 0.370000 0.370000 0.370000 0.370000 0.370000 0.370000 0.370000 0.370000 0.370000 0.370000 0.370000 0.370000 0.370000 0.370000 0.370000 0.370000 0.370000 0.370000 0.370000 0.370000 0.369999 0.369979 0.369673 0.367133 0.353664 0.334573 0.300724 0.267661 0.230960 0.197116 0.181773 0.170700 0.169986 0.170978 0.181561 0.192641 0.204124 0.210172 -9999.0 -9999.0
-9999.0 0.075528 0.079008 0.090201 0.102881 0.113402 0.126449 0.138296 0.148755 0.154451 0.230833 0.325798 0.364366 0.368078 0.369812 0.370000 0.370000 0.370000 0.370000 0.370000 0.370000 0.370000 0.370000 0.370000 0.370000 0.370000 0.370000 0.370000 0.370000 0.370000 0.370000 0.370000 0.370000 0.370000 0.370000 0.370000 0.370000 0.370000 0.370000 0.370000 0.370000 0.370000 0.370000 0.370000 0.370000 0.370000 0.370000 0.370000 0.370000 0.370000 0.370000 0.370000 0.370000 0.370000 0.370000 0.370000 0.370000 0.370000 0.370000 0.370000 0.370000 0.370000 0.370000 0.370000 0.369987 0.369598 0.365303 0.346455 0.304502 0.273030 0.247297 0.205874 0.189434 0.191292 0.185413 0.184208 0.189131 0.193816 -9999.0 -9999.0
-9999.0 0.073283 0.079169 0.099590 0.144099 0.178632 0.278698 0.340667 0.353759 0.344540 0.369214 0.370000 0.370000 0.370000 0.370000 0.370000 0.370000 0.370000 0.370000 0.370000 0.370000 0.370000 0.370000 0.370000 0.370000 0.370000 0.370000 0.370000 0.370000 0.370000 0.370000 0.370000 0.370000 0.370000 0.370000 0.370000 0.370000 0.370000 0.370000 0.370000 0.370000 0.370000 0.370000 0.370000 0.370000 0.370000 0.370000 0.370000 0.370000 0.370000 0.370000 0.370000 0.370000 0.370000 0.370000 0.370000 0.370000 0.370000 0.370000 0.370000 0.370000 0.370000 0.370000 0.370000 0.370000 0.370000 0.369996 0.369942 0.368966 0.364270 0.347673 0.310199 0.261730 0.238278 0.207688 0.192504 -9999.0 -9999.0 -9999.0 -9999.0
-9999.0 0.071859 0.078480 0.115972 0.268015 0.358555 0.369988 0.370000 0.370000 0.370000 0.370000 0.370000 0.370000 0.370000 0.370000 0.370000 0.370000 0.370000 0.370000 0.370000 0.370000 0.370000 0.370000 0.370000 0.370000 0.370000 0.370000 0.370000 0.370000 0.370000 0.370000 0.370000 0.370000 0.370000 0.369998 0.369989 0.369809 0.369635 0.369320 0.367882 0.365918 0.363721 0.366256 0.366005 0.365968 0.367074 0.368667 0.369340 0.369898 0.369985 0.369999 0.370000 0.370000 0.370000 0.370000 0.370000 0.370000 0.370000 0.370000 0.370000 0.370000 0.370000 0.370000 0.370000 0.370000 0.370000 0.370000 0.370000 0.370000 0.369989 0.369931 0.369341 0.362134 0.311905 0.279308 -9999.0 -9999.0 -9999.0 -9999.0 -9999.0
-9999.0 0.069753 0.075261 0.106054 0.308365 0.369993 0.370000 0.370000 0.370000 0.370000 0.370000 0.370000 0.370000 0.370000 0.370000 0.370000 0.370000 0.370000 0.370000 0.370000 0.370000 0.370000 0.370000 0.370000 0.370000 0.370000 0.370000 0.370000 0.370000 0.369999 0.369953 0.369814 0.366929 0.348247 0.319604 0.281018 0.235043 0.232687 0.244756 0.229957 0.212063 0.197757 0.216830 0.228387 0.236835 0.229285 0.236728 0.265682 0.305569 0.335342 0.358474 0.368107 0.369714 0.369982 0.369998 0.370000 0.370000 0.370000 0.370000 0.370000 0.370000 0.370000 0.370000 0.370000 0.370000 0.370000 0.370000 0.370000 0.370000 0.370000 0.370000 0.370000 0.369988 -9999.0 -9999.0 -9999.0 -9999.0 -9999.0 -9999.0 -9999.0
-9999.0 0.068701 0.071051 0.079475 0.134166 0.299533 0.368516 0.369992 0.370000 0.370000 0.370000 0.370000 0.370000 0.370000 0.370000 0.370000 0.370000 0.370000 0.370000 0.369999 0.369994 0.369987 0.369986 0.369977 0.369893 0.369739 0.369547 0.368842 0.365498 0.349276 0.294099 0.237508 0.189018 0.165243 0.148812 0.133951 0.119769 0.123342 0.128781 0.126958 0.122444 0.120759 0.131219 0.138542 0.142901 0.136716 0.144619 0.157994 0.182915 0.212131 0.249974 0.293961 0.331260 0.348714 0.356494 0.364960 0.369032 0.369942 0.370000 0.370000 0.370000 0.370000 0.370000 0.370000 0.370000 0.370000 0.370000 0.370000 0.370000 0.370000 0.370000 -9999.0 -9999.0 -9999.0 -9999.0 -9999.0 -9999.0 -9999.0 -9999.0 -9999.0
-9999.0 -9999.0 0.068693 0.070422 0.073840 0.083700 0.105402 0.137041 0.171100 0.228992 0.299874 0.345360 0.359891 0.363514 0.358901 0.341590 0.325182 0.325172 0.319108 0.307600 0.286221 0.277260 0.269483 0.262591 0.249590 0.242443 0.237745 0.228368 0.209888 0.176506 0.146271 0.124936 0.108991 0.103445 0.099202 0.095318 0.094674 0.094529 0.095665 0.095832 0.096602 0.098545 0.102523 0.107083 0.109257 0.110813 0.114093 0.121047 0.132720 0.150490 0.179745 0.218755 0.248438 0.257533 0.249410 0.254884 0.274814 0.313051 0.360722 0.369677 0.369997 0.370000 0.370000 0.370000 0.370000 0.370000 0.370000 0.370000 0.370000 0.370000 -9999.0 -9999.0 -9999.0 -9999.0 -9999.0 -9999.0 -9999.0 -9999.0 -9999.0 -9999.0
-9999.0 -9999.0 -9999.0 -9999.0 0.069027 0.070634 0.072279 0.074493 0.079897 0.088776 0.102337 0.120917 0.139155 0.149376 0.142723 0.138440 0.134418 0.133339 0.130193 0.127639 0.125179 0.122596 0.119393 0.117151 0.116834 0.117783 0.117295 0.113715 0.109840 0.103359 0.098563 0.092945 0.088213 0.085210 0.084040 0.083415 0.083455 0.083040 0.083869 0.084390 0.085771 0.087364 0.090165 0.094000 0.095863 0.098201 0.099934 0.104086 0.111010 0.126908 0.153477 0.185814 0.208631 0.209921 0.189278 0.177491 0.174454 0.192191 0.228505 0.289126 0.355091 0.368754 0.369948 0.369996 0.370000 0.370000 0.370000 0.370000 -9999.0 -9999.0 -9999.0 -9999.0 -9999.0 -9999.0 -9999.0 -9999.0 -9999.0 -9999.0 -9999.0 -9999.0
-9999.0 -9999.0 -9999.0 -9999.0 -9999.0 -9999.0 0.068653 0.069278 0.070167 0.071995 0.074876 0.078817 0.083800 0.085821 0.087271 0.089632 0.088986 0.087175 0.085611 0.087217 0.088112 0.087638 0.084992 0.084839 0.085124 0.086065 0.085989 0.085425 0.083244 0.083840 0.083663 0.081844 0.080051 0.079160 0.078507 0.079085 0.079147 0.078453 0.078622 0.080180 0.081518 0.082541 0.084460 0.087767 0.091650 0.093591 0.093683 0.094586 0.101917 0.119515 0.146452 0.174899 0.194181 0.198214 0.177346 0.152455 0.140933 0.142762 0.158667 0.190310 0.249372 0.290738 0.317485 0.335394 0.351977 0.369119 -9999.0 -9999.0 -9999.0 -9999.0 -9999.0 -9999.0 -9999.0 -9999.0 -9999.0 -9999.0 -9999.0 -9999.0 -9999.0 -9999.0
-9999.0 -9999.0 -9999.0 -9999.0 -9999.0 -9999.0 -9999.0 -9999.0 -9999.0 -9999.0 -9999.0 -9999.0 -9999.0 -9999.0 -9999.0 -9999.0 -9999.0 -9999.0 -9999.0 -9999.0 -9999.0 -9999.0 -9999.0 -9999.0 -9999.0 -9999.0 -9999.0 -9999.0 -9999.0 -9999.0 -9999.0 -9999.0 -9999.0 -9999.0 -9999.0 -9999.0 -9999.0 -9999.0 -9999.0 -9999.0 -9999.0 -9999.0 -9999.0 -9999.0 -9999.0 -9999.0 -9999.0 -9999.0 -9999.0 -9999.0 -9999.0 -9999.0 -9999.0 -9999.0 -9999.0 -9999.0 -9999.0 -9999.0 -9999.0 -9999.0 -9999.0 -9999.0 -9999.0 -9999.0 -9999.0 -9999.0 -9999.0 -9999.0 -9999.0 -9999.0 -9999.0 -9999.0 -9999.0 -9999.0 -9999.0 -9999.0 -9999.0 -9999.0 -9999.0 -9999.0
-9999.0 -9999.0 -9999.0 -9999.0 -9999.0 -9999.0 -9999.0 -9999.0 -9999.0 -9999.0 -9999.0 -9999.0 -9999.0 -9999.0 -9999.0 -9999.0 -9999.0 -9999.0 -9999.0 -9999.0 -9999.0 -9999.0 -9999.0 -9999.0 -9999.0 -9999.0 -9999.0 -9999.0 -9999.0 -9999.0 -9999.0 -9999.0 -9999.0 -9999.0 -9999.0 -9999.0 -9999.0 -9999.0 -9999.0 -9999.0 -9999.0 -9999.0 -9999.0 -9999.0 -9999.0 -9999.0 -9999.0 -9999.0 -9999.0 -9999.0 -9999.0 -9999.0 -9999.0 -9999.0 -9999.0 -9999.0 -9999.0 -9999.0 -9999.0 -9999.0 -9999.0 -9999.0 -9999.0 -9999.0 -9999.0 -9999.0 -9999.0 -9999.0 -9999.0 -9999.0 -9999.0 -9999.0 -9999.0 -9999.0 -9999.0 -9999.0 -9999.0 -9999.0 -9999.0 -9999.0