Borden_/Borden1m_014/output_maps/thetaliqL0007N0032.asc
ncols         80
nrows         18
xllcorner     620200.000000
yllcorner     5168000.000000
cellsize      1.000000
NODATA_value  -9999.0
-9999.0 -9999.0 -9999.0 -9999.0 -9999.0 -9999.0 -9999.0 -9999.0 -9999.0 -9999.0 -9999.0 -9999.0 -9999.0 -9999.0 -9999.0 -9999.0 -9999.0 -9999.0 -9999.0 -9999.0 -9999.0 -9999.0 -9999.0 -9999.0 -9999.0 -9999.0 -9999.0 -9999.0 -9999.0 -9999.0 -9999.0 -9999.0 -9999.0 -9999.0 -9999.0 -9999.0 -9999.0 -9999.0 -9999.0 -9999.0 -9999.0 -9999.0 -9999.0 -9999.0 -9999.0 -9999.0 -9999.0 -9999.0 -9999.0 -9999.0 -9999.0 -9999.0 -9999.0 -9999.0 -9999.0 -9999.0 -9999.0 -9999.0 -9999.0 -9999.0 -9999.0 -9999.0 -9999.0 -9999.0 -9999.0 -9999.0 -9999.0 -9999.0 -9999.0 -9999.0 -9999.0 -9999.0 -9999.0 -9999.0 -9999.0 -9999.0 -9999.0 -9999.0 -9999.0 -9999.0
-9999.0 -9999.0 -9999.0 -9999.0 -9999.0 -9999.0 -9999.0 -9999.0 -9999.0 -9999.0 -9999.0 -9999.0 -9999.0 -9999.0 -9999.0 -9999.0 -9999.0 -9999.0 -9999.0 -9999.0 -9999.0 -9999.0 -9999.0 -9999.0 -9999.0 -9999.0 -9999.0 -9999.0 -9999.0 -9999.0 -9999.0 -9999.0 -9999.0 -9999.0 -9999.0 -9999.0 -9999.0 -9999.0 -9999.0 -9999.0 -9999.0 -9999.0 -9999.0 -9999.0 -9999.0 -9999.0 -9999.0 -9999.0 -9999.0 -9999.0 -9999.0 -9999.0 -9999.0 -9999.0 -9999.0 -9999.0 -9999.0 -9999.0 -9999.0 -9999.0 -9999.0 -9999.0 -9999.0 -9999.0 -9999.0 -9999.0 -9999.0 -9999.0 -9999.0 -9999.0 -9999.0 -9999.0 -9999.0 -9999.0 -9999.0 -9999.0 -9999.0 -9999.0 -9999.0 -9999.0
-9999.0 -9999.0 -9999.0 -9999.0 -9999.0 -9999.0 -9999.0 -9999.0 -9999.0 -9999.0 -9999.0 -9999.0 -9999.0 -9999.0 -9999.0 -9999.0 -9999.0 -9999.0 -9999.0 -9999.0 0.281355 0.283726 0.265609 0.237814 0.215080 0.216342 0.244167 0.277139 0.304982 0.312029 0.299694 0.300560 0.296848 0.296936 0.299263 0.303443 0.305147 0.312946 0.318383 0.318341 0.314536 0.310798 0.309879 0.312320 0.315469 0.309846 0.318381 0.327295 0.330772 0.327907 0.311303 0.300319 0.294492 0.283766 0.301895 0.310606 0.324766 0.327263 0.326728 0.310526 0.289377 -9999.0 -9999.0 -9999.0 -9999.0 -9999.0 -9999.0 -9999.0 -9999.0 -9999.0 -9999.0 -9999.0 -9999.0 -9999.0 -9999.0 -9999.0 -9999.0 -9999.0 -9999.0 -9999.0
-9999.0 -9999.0 -9999.0 -9999.0 -9999.0 -9999.0 -9999.0 -9999.0 -9999.0 -9999.0 -9999.0 -9999.0 -9999.0 -9999.0 0.209821 0.202002 0.199546 0.205616 0.231691 0.255797 0.266002 0.259670 0.259408 0.240038 0.223711 0.234835 0.258462 0.283317 0.308114 0.321309 0.313364 0.311627 0.318652 0.334552 0.341772 0.340823 0.330468 0.341257 0.347914 0.351480 0.351357 0.348612 0.353632 0.358009 0.356436 0.351177 0.351800 0.355014 0.358599 0.354416 0.327183 0.313763 0.311611 0.307109 0.297860 0.293087 0.310475 0.311351 0.306017 0.293487 0.268849 0.233318 0.219431 0.250528 0.286246 0.325261 -9999.0 -9999.0 -9999.0 -9999.0 -9999.0 -9999.0 -9999.0 -9999.0 -9999.0 -9999.0 -9999.0 -9999.0 -9999.0 -9999.0
-9999.0 -9999.0 -9999.0 -9999.0 -9999.0 -9999.0 -9999.0 -9999.0 -9999.0 0.171343 0.173309 0.177543 0.178384 0.188527 0.187211 0.191715 0.197177 0.216292 0.240782 0.269105 0.291462 0.283634 0.283765 0.293313 0.299043 0.308476 0.321907 0.342817 0.357347 0.364963 0.361044 0.360898 0.364265 0.368606 0.369705 0.369830 0.369594 0.369642 0.369904 0.369984 0.369988 0.369989 0.369999 0.370000 0.370000 0.369999 0.369990 0.369986 0.369998 0.369906 0.368463 0.362986 0.362398 0.355062 0.339262 0.327152 0.325111 0.336505 0.328622 0.305475 0.278457 0.271313 0.258254 0.271499 0.289413 0.321456 0.340991 0.351465 0.351674 0.345969 -9999.0 -9999.0 -9999.0 -9999.0 -9999.0 -9999.0 -9999.0 -9999.0 -9999.0 -9999.0
-9999.0 -9999.0 -9999.0 -9999.0 -9999.0 -9999.0 0.132379 0.135758 0.144220 0.146747 0.158907 0.162878 0.174858 0.187244 0.201330 0.213901 0.238340 0.264650 0.297095 0.326304 0.342647 0.341465 0.346196 0.357709 0.365620 0.368357 0.369329 0.369902 0.370000 0.370000 0.370000 0.370000 0.370000 0.370000 0.370000 0.370000 0.370000 0.370000 0.370000 0.370000 0.370000 0.370000 0.370000 0.370000 0.370000 0.370000 0.370000 0.370000 0.370000 0.370000 0.370000 0.370000 0.370000 0.369999 0.369705 0.367386 0.366969 0.367788 0.364699 0.353611 0.336641 0.330829 0.322439 0.313492 0.316780 0.328150 0.339717 0.344528 0.339661 0.330128 0.317268 0.298367 0.299762 0.316822 -9999.0 -9999.0 -9999.0 -9999.0 -9999.0 -9999.0
-9999.0 -9999.0 -9999.0 -9999.0 0.115611 0.119203 0.115624 0.122731 0.134316 0.148890 0.166100 0.189720 0.209017 0.231980 0.266168 0.296736 0.326335 0.344280 0.361105 0.368642 0.369865 0.369981 0.369997 0.370000 0.370000 0.370000 0.370000 0.370000 0.370000 0.370000 0.370000 0.370000 0.370000 0.370000 0.370000 0.370000 0.370000 0.370000 0.370000 0.370000 0.370000 0.370000 0.370000 0.370000 0.370000 0.370000 0.370000 0.370000 0.370000 0.370000 0.370000 0.370000 0.370000 0.370000 0.370000 0.370000 0.370000 0.370000 0.370000 0.369987 0.369377 0.368228 0.365340 0.361067 0.353249 0.352928 0.353494 0.347190 0.334615 0.317387 0.308140 0.295470 0.288368 0.309753 0.320982 0.337326 -9999.0 -9999.0 -9999.0 -9999.0
-9999.0 -9999.0 0.101735 0.113519 0.131775 0.134971 0.135761 0.137512 0.149504 0.177864 0.236313 0.279960 0.313713 0.332313 0.356471 0.368464 0.369964 0.370000 0.370000 0.370000 0.370000 0.370000 0.370000 0.370000 0.370000 0.370000 0.370000 0.370000 0.370000 0.370000 0.370000 0.370000 0.370000 0.370000 0.370000 0.370000 0.370000 0.370000 0.370000 0.370000 0.370000 0.370000 0.370000 0.370000 0.370000 0.370000 0.370000 0.370000 0.370000 0.370000 0.370000 0.370000 0.370000 0.370000 0.370000 0.370000 0.370000 0.370000 0.370000 0.370000 0.370000 0.370000 0.370000 0.369997 0.369843 0.369162 0.366246 0.360277 0.348162 0.328471 0.315142 0.303270 0.302122 0.302977 0.313903 0.323560 0.331971 0.335829 -9999.0 -9999.0
-9999.0 0.087184 0.097066 0.130678 0.168741 0.198139 0.229918 0.254253 0.273563 0.284428 0.349363 0.368544 0.369984 0.369999 0.370000 0.370000 0.370000 0.370000 0.370000 0.370000 0.370000 0.370000 0.370000 0.370000 0.370000 0.370000 0.370000 0.370000 0.370000 0.370000 0.370000 0.370000 0.370000 0.370000 0.370000 0.370000 0.370000 0.370000 0.370000 0.370000 0.370000 0.370000 0.370000 0.370000 0.370000 0.370000 0.370000 0.370000 0.370000 0.370000 0.370000 0.370000 0.370000 0.370000 0.370000 0.370000 0.370000 0.370000 0.370000 0.370000 0.370000 0.370000 0.370000 0.370000 0.370000 0.370000 0.369990 0.369625 0.366581 0.361318 0.354137 0.334413 0.321886 0.322966 0.317673 0.316372 0.320584 0.324389 -9999.0 -9999.0
-9999.0 0.081069 0.097289 0.158217 0.263825 0.311621 0.361679 0.369243 0.369797 0.369520 0.370000 0.370000 0.370000 0.370000 0.370000 0.370000 0.370000 0.370000 0.370000 0.370000 0.370000 0.370000 0.370000 0.370000 0.370000 0.370000 0.370000 0.370000 0.370000 0.370000 0.370000 0.370000 0.370000 0.370000 0.370000 0.370000 0.370000 0.370000 0.370000 0.370000 0.370000 0.370000 0.370000 0.370000 0.370000 0.370000 0.370000 0.370000 0.370000 0.370000 0.370000 0.370000 0.370000 0.370000 0.370000 0.370000 0.370000 0.370000 0.370000 0.370000 0.370000 0.370000 0.370000 0.370000 0.370000 0.370000 0.370000 0.370000 0.370000 0.369976 0.369602 0.367016 0.358441 0.350439 0.334734 0.323662 -9999.0 -9999.0 -9999.0 -9999.0
-9999.0 0.077348 0.094955 0.201134 0.359290 0.369856 0.370000 0.370000 0.370000 0.370000 0.370000 0.370000 0.370000 0.370000 0.370000 0.370000 0.370000 0.370000 0.370000 0.370000 0.370000 0.370000 0.370000 0.370000 0.370000 0.370000 0.370000 0.370000 0.370000 0.370000 0.370000 0.370000 0.370000 0.370000 0.370000 0.370000 0.370000 0.370000 0.370000 0.369999 0.369994 0.369981 0.369995 0.369994 0.369994 0.369997 0.370000 0.370000 0.370000 0.370000 0.370000 0.370000 0.370000 0.370000 0.370000 0.370000 0.370000 0.370000 0.370000 0.370000 0.370000 0.370000 0.370000 0.370000 0.370000 0.370000 0.370000 0.370000 0.370000 0.370000 0.370000 0.370000 0.369950 0.367116 0.361976 -9999.0 -9999.0 -9999.0 -9999.0 -9999.0
-9999.0 0.072315 0.085766 0.172917 0.365526 0.370000 0.370000 0.370000 0.370000 0.370000 0.370000 0.370000 0.370000 0.370000 0.370000 0.370000 0.370000 0.370000 0.370000 0.370000 0.370000 0.370000 0.370000 0.370000 0.370000 0.370000 0.370000 0.370000 0.370000 0.370000 0.370000 0.370000 0.369996 0.369691 0.368158 0.363470 0.351412 0.350230 0.354457 0.348871 0.339900 0.330670 0.342529 0.348194 0.351682 0.348746 0.351900 0.360561 0.366977 0.369228 0.369931 0.369999 0.370000 0.370000 0.370000 0.370000 0.370000 0.370000 0.370000 0.370000 0.370000 0.370000 0.370000 0.370000 0.370000 0.370000 0.370000 0.370000 0.370000 0.370000 0.370000 0.370000 0.370000 -9999.0 -9999.0 -9999.0 -9999.0 -9999.0 -9999.0 -9999.0
-9999.0 0.070095 0.075212 0.096639 0.237063 0.364384 0.369998 0.370000 0.370000 0.370000 0.370000 0.370000 0.370000 0.370000 0.370000 0.370000 0.370000 0.370000 0.370000 0.370000 0.370000 0.370000 0.370000 0.370000 0.370000 0.370000 0.370000 0.370000 0.369991 0.369712 0.365508 0.351938 0.323601 0.298891 0.275243 0.247980 0.216122 0.224460 0.236465 0.232455 0.222181 0.218283 0.241941 0.256653 0.264659 0.253536 0.268170 0.289118 0.317900 0.339790 0.356148 0.365574 0.369035 0.369739 0.369905 0.369990 0.370000 0.370000 0.370000 0.370000 0.370000 0.370000 0.370000 0.370000 0.370000 0.370000 0.370000 0.370000 0.370000 0.370000 0.370000 -9999.0 -9999.0 -9999.0 -9999.0 -9999.0 -9999.0 -9999.0 -9999.0 -9999.0
-9999.0 -9999.0 0.070064 0.073744 0.081688 0.107882 0.165888 0.241515 0.298940 0.345952 0.365443 0.369501 0.369926 0.369972 0.369914 0.369398 0.368461 0.368444 0.367959 0.366896 0.364176 0.362695 0.361111 0.359516 0.356075 0.353731 0.351903 0.347884 0.338062 0.311033 0.270691 0.228038 0.187115 0.171037 0.158398 0.146687 0.144823 0.144274 0.147691 0.148234 0.150673 0.156604 0.168381 0.181554 0.187676 0.192107 0.200918 0.218544 0.244769 0.277194 0.314235 0.342820 0.355223 0.358116 0.356071 0.357910 0.362670 0.367819 0.369956 0.370000 0.370000 0.370000 0.370000 0.370000 0.370000 0.370000 0.370000 0.370000 0.370000 0.370000 -9999.0 -9999.0 -9999.0 -9999.0 -9999.0 -9999.0 -9999.0 -9999.0 -9999.0 -9999.0
-9999.0 -9999.0 -9999.0 -9999.0 0.070725 0.074199 0.078040 0.083543 0.098175 0.124372 0.164947 0.215135 0.255366 0.273607 0.263118 0.256446 0.248950 0.246391 0.239593 0.234319 0.228982 0.222734 0.214475 0.208700 0.207873 0.210281 0.208880 0.199409 0.188615 0.170473 0.156416 0.139340 0.124832 0.115645 0.112098 0.110260 0.110385 0.109108 0.111601 0.113235 0.117470 0.122356 0.130969 0.142771 0.148524 0.155617 0.160798 0.172948 0.192418 0.231863 0.281166 0.319285 0.336547 0.337572 0.323309 0.312885 0.310264 0.327149 0.349061 0.365141 0.369881 0.370000 0.370000 0.370000 0.370000 0.370000 0.370000 0.370000 -9999.0 -9999.0 -9999.0 -9999.0 -9999.0 -9999.0 -9999.0 -9999.0 -9999.0 -9999.0 -9999.0 -9999.0
-9999.0 -9999.0 -9999.0 -9999.0 -9999.0 -9999.0 0.069974 0.071275 0.073192 0.077512 0.084950 0.095890 0.110563 0.116861 0.121581 0.129011 0.127106 0.121437 0.116535 0.121529 0.124448 0.122936 0.114733 0.114303 0.115234 0.118095 0.117850 0.116133 0.109535 0.111461 0.111014 0.105542 0.100225 0.097632 0.095740 0.097429 0.097610 0.095583 0.096051 0.100636 0.104640 0.107716 0.113521 0.123659 0.135612 0.141610 0.141910 0.144668 0.166543 0.214156 0.269586 0.308214 0.326099 0.329308 0.311526 0.280738 0.262047 0.265884 0.291452 0.326008 0.356640 0.365494 0.368264 0.369286 0.369824 0.370000 -9999.0 -9999.0 -9999.0 -9999.0 -9999.0 -9999.0 -9999.0 -9999.0 -9999.0 -9999.0 -9999.0 -9999.0 -9999.0 -9999.0
-9999.0 -9999.0 -9999.0 -9999.0 -9999.0 -9999.0 -9999.0 -9999.0 -9999.0 -9999.0 -9999.0 -9999.0 -9999.0 -9999.0 -9999.0 -9999.0 -9999.0 -9999.0 -9999.0 -9999.0 -9999.0 -9999.0 -9999.0 -9999.0 -9999.0 -9999.0 -9999.0 -9999.0 -9999.0 -9999.0 -9999.0 -9999.0 -9999.0 -9999.0 -9999.0 -9999.0 -9999.0 -9999.0 -9999.0 -9999.0 -9999.0 -9999.0 -9999.0 -9999.0 -9999.0 -9999.0 -9999.0 -9999.0 -9999.0 -9999.0 -9999.0 -9999.0 -9999.0 -9999.0 -9999.0 -9999.0 -9999.0 -9999.0 -9999.0 -9999.0 -9999.0 -9999.0 -9999.0 -9999.0 -9999.0 -9999.0 -9999.0 -9999.0 -9999.0 -9999.0 -9999.0 -9999.0 -9999.0 -9999.0 -9999.0 -9999.0 -9999.0 -9999.0 -9999.0 -9999.0
-9999.0 -9999.0 -9999.0 -9999.0 -9999.0 -9999.0 -9999.0 -9999.0 -9999.0 -9999.0 -9999.0 -9999.0 -9999.0 -9999.0 -9999.0 -9999.0 -9999.0 -9999.0 -9999.0 -9999.0 -9999.0 -9999.0 -9999.0 -9999.0 -9999.0 -9999.0 -9999.0 -9999.0 -9999.0 -9999.0 -9999.0 -9999.0 -9999.0 -9999.0 -9999.0 -9999.0 -9999.0 -9999.0 -9999.0 -9999.0 -9999.0 -9999.0 -9999.0 -9999.0 -9999.0 -9999.0 -9999.0 -9999.0 -9999.0 -9999.0 -9999.0 -9999.0 -9999.0 -9999.0 -9999.0 -9999.0 -9999.0 -9999.0 -9999.0 -9999.0 -9999.0 -9999.0 -9999.0 -9999.0 -9999.0 -9999.0 -9999.0 -9999.0 -9999.0 -9999.0 -9999.0 -9999.0 -9999.0 -9999.0 -9999.0 -9999.0 -9999.0 -9999.0 -9999.0 -9999.0