Borden_/Borden1m_014/output_maps/thetaliqL0005N0021.asc
ncols         80
nrows         18
xllcorner     620200.000000
yllcorner     5168000.000000
cellsize      1.000000
NODATA_value  -9999.0
-9999.0 -9999.0 -9999.0 -9999.0 -9999.0 -9999.0 -9999.0 -9999.0 -9999.0 -9999.0 -9999.0 -9999.0 -9999.0 -9999.0 -9999.0 -9999.0 -9999.0 -9999.0 -9999.0 -9999.0 -9999.0 -9999.0 -9999.0 -9999.0 -9999.0 -9999.0 -9999.0 -9999.0 -9999.0 -9999.0 -9999.0 -9999.0 -9999.0 -9999.0 -9999.0 -9999.0 -9999.0 -9999.0 -9999.0 -9999.0 -9999.0 -9999.0 -9999.0 -9999.0 -9999.0 -9999.0 -9999.0 -9999.0 -9999.0 -9999.0 -9999.0 -9999.0 -9999.0 -9999.0 -9999.0 -9999.0 -9999.0 -9999.0 -9999.0 -9999.0 -9999.0 -9999.0 -9999.0 -9999.0 -9999.0 -9999.0 -9999.0 -9999.0 -9999.0 -9999.0 -9999.0 -9999.0 -9999.0 -9999.0 -9999.0 -9999.0 -9999.0 -9999.0 -9999.0 -9999.0
-9999.0 -9999.0 -9999.0 -9999.0 -9999.0 -9999.0 -9999.0 -9999.0 -9999.0 -9999.0 -9999.0 -9999.0 -9999.0 -9999.0 -9999.0 -9999.0 -9999.0 -9999.0 -9999.0 -9999.0 -9999.0 -9999.0 -9999.0 -9999.0 -9999.0 -9999.0 -9999.0 -9999.0 -9999.0 -9999.0 -9999.0 -9999.0 -9999.0 -9999.0 -9999.0 -9999.0 -9999.0 -9999.0 -9999.0 -9999.0 -9999.0 -9999.0 -9999.0 -9999.0 -9999.0 -9999.0 -9999.0 -9999.0 -9999.0 -9999.0 -9999.0 -9999.0 -9999.0 -9999.0 -9999.0 -9999.0 -9999.0 -9999.0 -9999.0 -9999.0 -9999.0 -9999.0 -9999.0 -9999.0 -9999.0 -9999.0 -9999.0 -9999.0 -9999.0 -9999.0 -9999.0 -9999.0 -9999.0 -9999.0 -9999.0 -9999.0 -9999.0 -9999.0 -9999.0 -9999.0
-9999.0 -9999.0 -9999.0 -9999.0 -9999.0 -9999.0 -9999.0 -9999.0 -9999.0 -9999.0 -9999.0 -9999.0 -9999.0 -9999.0 -9999.0 -9999.0 -9999.0 -9999.0 -9999.0 -9999.0 0.113390 0.114461 0.108746 0.101856 0.097066 0.097165 0.102985 0.111487 0.121541 0.124658 0.118704 0.119097 0.117306 0.117088 0.117810 0.119459 0.120108 0.123644 0.126342 0.126152 0.124036 0.122148 0.121440 0.122510 0.124198 0.121532 0.125997 0.131514 0.134100 0.132474 0.123293 0.118760 0.116782 0.112921 0.120262 0.124346 0.132731 0.134510 0.134535 0.124907 0.115931 -9999.0 -9999.0 -9999.0 -9999.0 -9999.0 -9999.0 -9999.0 -9999.0 -9999.0 -9999.0 -9999.0 -9999.0 -9999.0 -9999.0 -9999.0 -9999.0 -9999.0 -9999.0 -9999.0
-9999.0 -9999.0 -9999.0 -9999.0 -9999.0 -9999.0 -9999.0 -9999.0 -9999.0 -9999.0 -9999.0 -9999.0 -9999.0 -9999.0 0.096889 0.095211 0.094626 0.095465 0.100605 0.105993 0.108387 0.106442 0.106654 0.101755 0.098075 0.100412 0.105706 0.112336 0.121387 0.127919 0.123249 0.122161 0.125478 0.135793 0.141874 0.140437 0.131173 0.140440 0.147696 0.152436 0.151824 0.147305 0.154986 0.164177 0.160304 0.150807 0.152245 0.158286 0.167300 0.159092 0.129650 0.122941 0.122595 0.121106 0.117477 0.115694 0.123579 0.123972 0.121644 0.116919 0.109172 0.100455 0.097550 0.104613 0.114866 0.134138 -9999.0 -9999.0 -9999.0 -9999.0 -9999.0 -9999.0 -9999.0 -9999.0 -9999.0 -9999.0 -9999.0 -9999.0 -9999.0 -9999.0
-9999.0 -9999.0 -9999.0 -9999.0 -9999.0 -9999.0 -9999.0 -9999.0 -9999.0 0.090440 0.090593 0.091296 0.091148 0.092957 0.092220 0.092997 0.093740 0.097211 0.101973 0.108783 0.115913 0.112684 0.112495 0.115771 0.117616 0.121040 0.127146 0.142581 0.163529 0.190706 0.171252 0.170010 0.182717 0.225469 0.266764 0.277924 0.258650 0.259941 0.285743 0.311328 0.310471 0.308622 0.330396 0.340674 0.345968 0.332313 0.315242 0.312442 0.335524 0.287531 0.224003 0.177812 0.177672 0.158838 0.138825 0.130182 0.129163 0.138823 0.133124 0.120636 0.110983 0.109573 0.106004 0.109791 0.115432 0.130743 0.147030 0.162348 0.163075 0.153871 -9999.0 -9999.0 -9999.0 -9999.0 -9999.0 -9999.0 -9999.0 -9999.0 -9999.0 -9999.0
-9999.0 -9999.0 -9999.0 -9999.0 -9999.0 -9999.0 0.084442 0.084840 0.086181 0.085874 0.087967 0.088208 0.090210 0.092147 0.094463 0.096468 0.101325 0.107279 0.117112 0.130879 0.143631 0.141067 0.145053 0.163091 0.194273 0.224368 0.246724 0.284103 0.351506 0.366465 0.368332 0.368956 0.369552 0.369835 0.369981 0.370000 0.369976 0.369942 0.369968 0.369996 0.370000 0.370000 0.370000 0.370000 0.370000 0.370000 0.369997 0.369986 0.369981 0.369973 0.369872 0.369444 0.364526 0.340064 0.265643 0.209414 0.203084 0.213785 0.189604 0.157136 0.137568 0.134197 0.129388 0.124580 0.126738 0.134186 0.144753 0.150862 0.145512 0.137178 0.128961 0.119618 0.120381 0.129147 -9999.0 -9999.0 -9999.0 -9999.0 -9999.0 -9999.0
-9999.0 -9999.0 -9999.0 -9999.0 0.081177 0.081951 0.080645 0.082055 0.083977 0.086216 0.088588 0.092483 0.095581 0.099812 0.107605 0.116631 0.130109 0.143282 0.172517 0.227459 0.281314 0.309326 0.323434 0.363948 0.369575 0.369890 0.369931 0.369970 0.369998 0.370000 0.370000 0.370000 0.370000 0.370000 0.370000 0.370000 0.370000 0.370000 0.370000 0.370000 0.370000 0.370000 0.370000 0.370000 0.370000 0.370000 0.370000 0.370000 0.370000 0.370000 0.370000 0.370000 0.370000 0.369996 0.369986 0.369936 0.369623 0.368958 0.356887 0.315647 0.246690 0.219602 0.193027 0.176067 0.158408 0.159848 0.162707 0.153064 0.139816 0.127978 0.123658 0.118327 0.115510 0.125104 0.131383 0.144826 -9999.0 -9999.0 -9999.0 -9999.0
-9999.0 -9999.0 0.079214 0.080869 0.084141 0.084077 0.083923 0.083793 0.085570 0.090196 0.101097 0.111326 0.123657 0.133269 0.160888 0.224884 0.299252 0.342091 0.367301 0.369719 0.369948 0.369990 0.370000 0.370000 0.370000 0.370000 0.370000 0.370000 0.370000 0.370000 0.370000 0.370000 0.370000 0.370000 0.370000 0.370000 0.370000 0.370000 0.370000 0.370000 0.370000 0.370000 0.370000 0.370000 0.370000 0.370000 0.370000 0.370000 0.370000 0.370000 0.370000 0.370000 0.370000 0.370000 0.370000 0.370000 0.370000 0.370000 0.369999 0.369988 0.369838 0.369436 0.363675 0.330859 0.275038 0.241596 0.203681 0.177306 0.153277 0.134055 0.126357 0.121034 0.121039 0.121358 0.127042 0.132994 0.139703 0.143221 -9999.0 -9999.0
-9999.0 0.076875 0.078058 0.084119 0.089617 0.094278 0.100096 0.105314 0.109978 0.111715 0.150507 0.231301 0.314165 0.337122 0.365539 0.369830 0.370000 0.370000 0.370000 0.370000 0.370000 0.370000 0.370000 0.370000 0.370000 0.370000 0.370000 0.370000 0.370000 0.370000 0.370000 0.370000 0.370000 0.370000 0.370000 0.370000 0.370000 0.370000 0.370000 0.370000 0.370000 0.370000 0.370000 0.370000 0.370000 0.370000 0.370000 0.370000 0.370000 0.370000 0.370000 0.370000 0.370000 0.370000 0.370000 0.370000 0.370000 0.370000 0.370000 0.370000 0.370000 0.370000 0.369995 0.369914 0.369535 0.362705 0.318084 0.260645 0.206046 0.180792 0.163838 0.138790 0.130318 0.131968 0.128871 0.128319 0.131075 0.133658 -9999.0 -9999.0
-9999.0 0.074672 0.078300 0.088347 0.109077 0.124089 0.188086 0.259833 0.282315 0.258170 0.355940 0.370000 0.370000 0.370000 0.370000 0.370000 0.370000 0.370000 0.370000 0.370000 0.370000 0.370000 0.370000 0.370000 0.370000 0.370000 0.370000 0.370000 0.370000 0.370000 0.370000 0.370000 0.370000 0.370000 0.370000 0.370000 0.370000 0.370000 0.369999 0.369992 0.369984 0.369994 0.369990 0.369977 0.369973 0.369991 0.369999 0.369999 0.370000 0.370000 0.370000 0.370000 0.370000 0.370000 0.370000 0.370000 0.370000 0.370000 0.370000 0.370000 0.370000 0.370000 0.370000 0.370000 0.370000 0.369960 0.369765 0.369179 0.355888 0.318262 0.267250 0.214129 0.173223 0.159266 0.140671 0.132831 -9999.0 -9999.0 -9999.0 -9999.0
-9999.0 0.073957 0.077864 0.096622 0.182523 0.303289 0.369557 0.369999 0.370000 0.370000 0.370000 0.370000 0.370000 0.370000 0.370000 0.370000 0.370000 0.370000 0.370000 0.370000 0.370000 0.370000 0.370000 0.370000 0.370000 0.370000 0.370000 0.370000 0.370000 0.370000 0.370000 0.370000 0.369998 0.369917 0.369785 0.369559 0.365293 0.362199 0.356963 0.338159 0.323457 0.311830 0.326667 0.323987 0.323126 0.331055 0.347237 0.356748 0.367483 0.369515 0.369819 0.369962 0.369993 0.370000 0.370000 0.370000 0.370000 0.370000 0.370000 0.370000 0.370000 0.370000 0.370000 0.370000 0.370000 0.370000 0.370000 0.369997 0.369927 0.369709 0.369243 0.362171 0.308398 0.221322 0.191244 -9999.0 -9999.0 -9999.0 -9999.0 -9999.0
-9999.0 0.071654 0.076447 0.091935 0.227554 0.369643 0.369995 0.370000 0.370000 0.370000 0.370000 0.370000 0.370000 0.370000 0.370000 0.370000 0.370000 0.370000 0.370000 0.370000 0.370000 0.370000 0.370000 0.370000 0.370000 0.370000 0.369999 0.369996 0.369953 0.369828 0.369012 0.366214 0.330902 0.264216 0.219907 0.183439 0.152455 0.151720 0.159744 0.150717 0.140690 0.132827 0.143268 0.149737 0.154834 0.149870 0.153774 0.172231 0.204727 0.239332 0.287953 0.339133 0.363602 0.369453 0.369763 0.369946 0.369993 0.370000 0.370000 0.370000 0.370000 0.370000 0.370000 0.370000 0.370000 0.370000 0.370000 0.370000 0.370000 0.369998 0.369986 0.369929 0.369677 -9999.0 -9999.0 -9999.0 -9999.0 -9999.0 -9999.0 -9999.0
-9999.0 0.070635 0.073925 0.077985 0.106075 0.213596 0.354116 0.369676 0.370000 0.369939 0.369914 0.369962 0.369988 0.369996 0.369987 0.369953 0.369903 0.369917 0.369923 0.369857 0.369722 0.369621 0.369599 0.369388 0.367398 0.364418 0.361126 0.350390 0.321597 0.268003 0.193685 0.154603 0.128620 0.117606 0.110210 0.103487 0.096564 0.098607 0.101341 0.100459 0.098228 0.097269 0.102421 0.105770 0.107872 0.104494 0.108322 0.114486 0.126579 0.141471 0.163313 0.195650 0.235704 0.263294 0.281625 0.314682 0.351178 0.368618 0.369870 0.369999 0.370000 0.370000 0.370000 0.370000 0.370000 0.370000 0.370000 0.370000 0.370000 0.370000 0.370000 -9999.0 -9999.0 -9999.0 -9999.0 -9999.0 -9999.0 -9999.0 -9999.0 -9999.0
-9999.0 -9999.0 0.070259 0.071713 0.073963 0.079311 0.090191 0.107928 0.125928 0.155298 0.205446 0.265792 0.301534 0.315346 0.297121 0.254938 0.228642 0.229125 0.221600 0.208159 0.187606 0.180668 0.175408 0.170955 0.162231 0.157931 0.155405 0.150284 0.140438 0.123502 0.109232 0.099473 0.091935 0.089650 0.087732 0.085799 0.085785 0.085659 0.086219 0.086243 0.086637 0.087593 0.089427 0.091569 0.092482 0.093193 0.094644 0.097810 0.103115 0.111212 0.125286 0.146090 0.164023 0.169397 0.162704 0.165353 0.178044 0.209498 0.294871 0.364022 0.369711 0.369972 0.370000 0.370000 0.370000 0.370000 0.370000 0.370000 0.370000 0.370000 -9999.0 -9999.0 -9999.0 -9999.0 -9999.0 -9999.0 -9999.0 -9999.0 -9999.0 -9999.0
-9999.0 -9999.0 -9999.0 -9999.0 0.070136 0.071784 0.073648 0.074524 0.077924 0.082508 0.088987 0.097611 0.105917 0.110710 0.107206 0.105242 0.103471 0.103149 0.101742 0.100520 0.099434 0.098279 0.096874 0.095806 0.095727 0.096251 0.096088 0.094359 0.092744 0.089572 0.087499 0.084886 0.082651 0.081101 0.080671 0.080381 0.080531 0.080214 0.080777 0.080868 0.081610 0.082349 0.083719 0.085648 0.086295 0.087457 0.088185 0.090161 0.093134 0.100436 0.112891 0.128894 0.141026 0.141474 0.129824 0.123749 0.121953 0.130491 0.148774 0.187594 0.276518 0.346780 0.368737 0.369748 0.369908 0.369987 0.370000 0.370000 -9999.0 -9999.0 -9999.0 -9999.0 -9999.0 -9999.0 -9999.0 -9999.0 -9999.0 -9999.0 -9999.0 -9999.0
-9999.0 -9999.0 -9999.0 -9999.0 -9999.0 -9999.0 0.070348 0.071135 0.071367 0.072631 0.074363 0.076484 0.079238 0.080065 0.080854 0.082329 0.081982 0.080979 0.080034 0.081128 0.081697 0.081537 0.079932 0.079991 0.080163 0.080750 0.080698 0.080536 0.079193 0.079940 0.080123 0.079252 0.078397 0.078129 0.077735 0.078342 0.078412 0.077827 0.077811 0.078885 0.079567 0.079933 0.080818 0.082492 0.084548 0.085420 0.085258 0.085371 0.088858 0.097213 0.109825 0.123570 0.133420 0.135616 0.124486 0.111985 0.106392 0.107042 0.114233 0.128983 0.160910 0.188395 0.211619 0.234242 0.264893 0.352218 -9999.0 -9999.0 -9999.0 -9999.0 -9999.0 -9999.0 -9999.0 -9999.0 -9999.0 -9999.0 -9999.0 -9999.0 -9999.0 -9999.0
-9999.0 -9999.0 -9999.0 -9999.0 -9999.0 -9999.0 -9999.0 -9999.0 -9999.0 -9999.0 -9999.0 -9999.0 -9999.0 -9999.0 -9999.0 -9999.0 -9999.0 -9999.0 -9999.0 -9999.0 -9999.0 -9999.0 -9999.0 -9999.0 -9999.0 -9999.0 -9999.0 -9999.0 -9999.0 -9999.0 -9999.0 -9999.0 -9999.0 -9999.0 -9999.0 -9999.0 -9999.0 -9999.0 -9999.0 -9999.0 -9999.0 -9999.0 -9999.0 -9999.0 -9999.0 -9999.0 -9999.0 -9999.0 -9999.0 -9999.0 -9999.0 -9999.0 -9999.0 -9999.0 -9999.0 -9999.0 -9999.0 -9999.0 -9999.0 -9999.0 -9999.0 -9999.0 -9999.0 -9999.0 -9999.0 -9999.0 -9999.0 -9999.0 -9999.0 -9999.0 -9999.0 -9999.0 -9999.0 -9999.0 -9999.0 -9999.0 -9999.0 -9999.0 -9999.0 -9999.0
-9999.0 -9999.0 -9999.0 -9999.0 -9999.0 -9999.0 -9999.0 -9999.0 -9999.0 -9999.0 -9999.0 -9999.0 -9999.0 -9999.0 -9999.0 -9999.0 -9999.0 -9999.0 -9999.0 -9999.0 -9999.0 -9999.0 -9999.0 -9999.0 -9999.0 -9999.0 -9999.0 -9999.0 -9999.0 -9999.0 -9999.0 -9999.0 -9999.0 -9999.0 -9999.0 -9999.0 -9999.0 -9999.0 -9999.0 -9999.0 -9999.0 -9999.0 -9999.0 -9999.0 -9999.0 -9999.0 -9999.0 -9999.0 -9999.0 -9999.0 -9999.0 -9999.0 -9999.0 -9999.0 -9999.0 -9999.0 -9999.0 -9999.0 -9999.0 -9999.0 -9999.0 -9999.0 -9999.0 -9999.0 -9999.0 -9999.0 -9999.0 -9999.0 -9999.0 -9999.0 -9999.0 -9999.0 -9999.0 -9999.0 -9999.0 -9999.0 -9999.0 -9999.0 -9999.0 -9999.0