Borden_/Borden1m_014/output_maps/thetaliqL0004N0024.asc
ncols         80
nrows         18
xllcorner     620200.000000
yllcorner     5168000.000000
cellsize      1.000000
NODATA_value  -9999.0
-9999.0 -9999.0 -9999.0 -9999.0 -9999.0 -9999.0 -9999.0 -9999.0 -9999.0 -9999.0 -9999.0 -9999.0 -9999.0 -9999.0 -9999.0 -9999.0 -9999.0 -9999.0 -9999.0 -9999.0 -9999.0 -9999.0 -9999.0 -9999.0 -9999.0 -9999.0 -9999.0 -9999.0 -9999.0 -9999.0 -9999.0 -9999.0 -9999.0 -9999.0 -9999.0 -9999.0 -9999.0 -9999.0 -9999.0 -9999.0 -9999.0 -9999.0 -9999.0 -9999.0 -9999.0 -9999.0 -9999.0 -9999.0 -9999.0 -9999.0 -9999.0 -9999.0 -9999.0 -9999.0 -9999.0 -9999.0 -9999.0 -9999.0 -9999.0 -9999.0 -9999.0 -9999.0 -9999.0 -9999.0 -9999.0 -9999.0 -9999.0 -9999.0 -9999.0 -9999.0 -9999.0 -9999.0 -9999.0 -9999.0 -9999.0 -9999.0 -9999.0 -9999.0 -9999.0 -9999.0
-9999.0 -9999.0 -9999.0 -9999.0 -9999.0 -9999.0 -9999.0 -9999.0 -9999.0 -9999.0 -9999.0 -9999.0 -9999.0 -9999.0 -9999.0 -9999.0 -9999.0 -9999.0 -9999.0 -9999.0 -9999.0 -9999.0 -9999.0 -9999.0 -9999.0 -9999.0 -9999.0 -9999.0 -9999.0 -9999.0 -9999.0 -9999.0 -9999.0 -9999.0 -9999.0 -9999.0 -9999.0 -9999.0 -9999.0 -9999.0 -9999.0 -9999.0 -9999.0 -9999.0 -9999.0 -9999.0 -9999.0 -9999.0 -9999.0 -9999.0 -9999.0 -9999.0 -9999.0 -9999.0 -9999.0 -9999.0 -9999.0 -9999.0 -9999.0 -9999.0 -9999.0 -9999.0 -9999.0 -9999.0 -9999.0 -9999.0 -9999.0 -9999.0 -9999.0 -9999.0 -9999.0 -9999.0 -9999.0 -9999.0 -9999.0 -9999.0 -9999.0 -9999.0 -9999.0 -9999.0
-9999.0 -9999.0 -9999.0 -9999.0 -9999.0 -9999.0 -9999.0 -9999.0 -9999.0 -9999.0 -9999.0 -9999.0 -9999.0 -9999.0 -9999.0 -9999.0 -9999.0 -9999.0 -9999.0 -9999.0 0.178519 0.180131 0.175904 0.170970 0.167007 0.166665 0.171176 0.176744 0.183166 0.184622 0.179885 0.180861 0.179112 0.178231 0.178277 0.179610 0.180263 0.182353 0.183763 0.183284 0.181776 0.180648 0.179846 0.180264 0.181831 0.179581 0.182919 0.186397 0.187720 0.187411 0.182414 0.180220 0.179334 0.175781 0.182260 0.184517 0.189846 0.190551 0.191221 0.185207 0.179345 -9999.0 -9999.0 -9999.0 -9999.0 -9999.0 -9999.0 -9999.0 -9999.0 -9999.0 -9999.0 -9999.0 -9999.0 -9999.0 -9999.0 -9999.0 -9999.0 -9999.0 -9999.0 -9999.0
-9999.0 -9999.0 -9999.0 -9999.0 -9999.0 -9999.0 -9999.0 -9999.0 -9999.0 -9999.0 -9999.0 -9999.0 -9999.0 -9999.0 0.169382 0.167375 0.166479 0.166171 0.170223 0.173683 0.174249 0.172120 0.173574 0.169190 0.165433 0.167695 0.171348 0.174789 0.180081 0.184020 0.180632 0.179805 0.181762 0.188453 0.191680 0.190397 0.183053 0.190122 0.194158 0.196735 0.196381 0.192973 0.197888 0.203685 0.200853 0.194744 0.196025 0.199647 0.205285 0.201734 0.182524 0.179900 0.180536 0.180546 0.177972 0.176307 0.182945 0.182298 0.181023 0.179194 0.174687 0.168141 0.165417 0.171825 0.178306 0.191111 -9999.0 -9999.0 -9999.0 -9999.0 -9999.0 -9999.0 -9999.0 -9999.0 -9999.0 -9999.0 -9999.0 -9999.0 -9999.0 -9999.0
-9999.0 -9999.0 -9999.0 -9999.0 -9999.0 -9999.0 -9999.0 -9999.0 -9999.0 0.165187 0.164795 0.165408 0.164301 0.166138 0.163553 0.164283 0.163978 0.166766 0.169406 0.173649 0.178897 0.175431 0.175008 0.177592 0.178075 0.179475 0.182382 0.191655 0.202699 0.218841 0.205705 0.205029 0.212551 0.238825 0.262209 0.268708 0.257297 0.257584 0.272277 0.288628 0.288222 0.286831 0.303286 0.312587 0.318346 0.304941 0.291000 0.288792 0.307573 0.273406 0.238260 0.209436 0.210980 0.200396 0.188843 0.184346 0.183084 0.190703 0.187448 0.179778 0.173616 0.174639 0.171514 0.174687 0.177475 0.187358 0.196693 0.205579 0.205991 0.200453 -9999.0 -9999.0 -9999.0 -9999.0 -9999.0 -9999.0 -9999.0 -9999.0 -9999.0 -9999.0
-9999.0 -9999.0 -9999.0 -9999.0 -9999.0 -9999.0 0.160835 0.160763 0.162020 0.159026 0.161589 0.160198 0.162148 0.163224 0.164745 0.165171 0.168697 0.172169 0.177976 0.185815 0.193099 0.189930 0.191907 0.202061 0.221380 0.239412 0.251084 0.271177 0.324540 0.352288 0.359062 0.361793 0.364673 0.367069 0.369208 0.369914 0.369102 0.368477 0.368941 0.369676 0.369989 0.369991 0.369994 0.369996 0.370000 0.369999 0.369729 0.369332 0.369174 0.368986 0.367476 0.363957 0.346641 0.311674 0.261035 0.230279 0.225227 0.230964 0.217594 0.199451 0.188530 0.187928 0.185621 0.182081 0.183845 0.188103 0.194432 0.198306 0.195237 0.190835 0.187156 0.180813 0.181687 0.187772 -9999.0 -9999.0 -9999.0 -9999.0 -9999.0 -9999.0
-9999.0 -9999.0 -9999.0 -9999.0 0.155547 0.157067 0.152786 0.155381 0.157598 0.159467 0.159984 0.163166 0.164454 0.167030 0.172223 0.176731 0.184478 0.190906 0.207375 0.239944 0.270311 0.287523 0.297382 0.345545 0.364869 0.367697 0.368260 0.368973 0.369758 0.370000 0.370000 0.370000 0.370000 0.370000 0.370000 0.370000 0.370000 0.370000 0.370000 0.370000 0.370000 0.370000 0.370000 0.370000 0.370000 0.370000 0.370000 0.370000 0.370000 0.370000 0.370000 0.370000 0.369937 0.369689 0.369339 0.368350 0.365137 0.361409 0.331688 0.291492 0.249902 0.234282 0.219005 0.210476 0.199958 0.201688 0.204344 0.198809 0.191394 0.184503 0.183108 0.180049 0.177210 0.184775 0.187986 0.196651 -9999.0 -9999.0 -9999.0 -9999.0
-9999.0 -9999.0 0.154719 0.155277 0.159748 0.157494 0.156044 0.154107 0.155302 0.159837 0.168758 0.173594 0.180508 0.184887 0.200870 0.239412 0.282017 0.314285 0.355140 0.366010 0.368556 0.369484 0.369980 0.369999 0.370000 0.370000 0.370000 0.370000 0.370000 0.370000 0.370000 0.370000 0.370000 0.370000 0.370000 0.370000 0.370000 0.370000 0.370000 0.370000 0.370000 0.370000 0.370000 0.370000 0.370000 0.370000 0.370000 0.370000 0.370000 0.370000 0.370000 0.370000 0.370000 0.370000 0.370000 0.370000 0.370000 0.369959 0.369832 0.369368 0.367006 0.363690 0.344346 0.302854 0.264832 0.245692 0.224850 0.211029 0.198205 0.186827 0.183021 0.180617 0.181708 0.180970 0.185107 0.188530 0.193191 0.195133 -9999.0 -9999.0
-9999.0 0.152774 0.152018 0.159989 0.162435 0.164727 0.167384 0.169717 0.172469 0.170553 0.196176 0.245017 0.292295 0.309644 0.349902 0.367287 0.369980 0.369998 0.369999 0.370000 0.370000 0.370000 0.370000 0.370000 0.370000 0.370000 0.370000 0.370000 0.370000 0.370000 0.370000 0.370000 0.370000 0.370000 0.370000 0.370000 0.370000 0.370000 0.370000 0.370000 0.370000 0.370000 0.370000 0.370000 0.370000 0.370000 0.370000 0.370000 0.370000 0.370000 0.370000 0.370000 0.370000 0.370000 0.370000 0.370000 0.370000 0.370000 0.370000 0.370000 0.369999 0.369945 0.369569 0.367911 0.364308 0.341912 0.292275 0.255966 0.225464 0.212734 0.204515 0.189268 0.185001 0.187650 0.185680 0.185413 0.187279 0.188817 -9999.0 -9999.0
-9999.0 0.146078 0.152812 0.162236 0.175586 0.179578 0.221356 0.260780 0.272968 0.256239 0.332237 0.369981 0.370000 0.370000 0.370000 0.370000 0.370000 0.370000 0.370000 0.370000 0.370000 0.370000 0.370000 0.370000 0.370000 0.370000 0.370000 0.370000 0.370000 0.370000 0.370000 0.370000 0.370000 0.370000 0.370000 0.370000 0.370000 0.369978 0.369828 0.369521 0.369296 0.369602 0.369460 0.369120 0.369034 0.369488 0.369836 0.369809 0.369862 0.369954 0.369997 0.370000 0.370000 0.370000 0.370000 0.370000 0.370000 0.370000 0.370000 0.370000 0.370000 0.370000 0.370000 0.369997 0.369868 0.368605 0.366114 0.362054 0.329947 0.293191 0.260836 0.230903 0.208167 0.202255 0.191096 0.188442 -9999.0 -9999.0 -9999.0 -9999.0
-9999.0 0.145179 0.151880 0.169405 0.219728 0.285768 0.364726 0.369790 0.370000 0.370000 0.370000 0.370000 0.370000 0.370000 0.370000 0.370000 0.370000 0.370000 0.370000 0.370000 0.370000 0.370000 0.370000 0.370000 0.370000 0.370000 0.370000 0.370000 0.370000 0.369997 0.369980 0.369949 0.369784 0.368068 0.366520 0.364755 0.348923 0.341596 0.332222 0.309777 0.297406 0.288934 0.300051 0.297660 0.296834 0.303321 0.319262 0.331488 0.355403 0.364185 0.366737 0.368745 0.369489 0.369901 0.369993 0.370000 0.370000 0.370000 0.370000 0.370000 0.370000 0.370000 0.370000 0.370000 0.370000 0.369997 0.369955 0.369572 0.367975 0.365486 0.362266 0.341024 0.286760 0.235975 0.220309 -9999.0 -9999.0 -9999.0 -9999.0 -9999.0
-9999.0 0.136226 0.151037 0.165558 0.247483 0.365694 0.369565 0.370000 0.370000 0.370000 0.370000 0.370000 0.370000 0.370000 0.370000 0.370000 0.370000 0.370000 0.370000 0.370000 0.369999 0.369997 0.369997 0.369992 0.369965 0.369910 0.369832 0.369643 0.368576 0.366904 0.361574 0.351515 0.303828 0.260903 0.236783 0.215593 0.196180 0.196480 0.202513 0.197112 0.191112 0.185296 0.192563 0.196279 0.199579 0.195724 0.197234 0.207836 0.225764 0.244760 0.272924 0.310151 0.343937 0.363740 0.366166 0.368466 0.369510 0.369923 0.369999 0.370000 0.370000 0.370000 0.370000 0.370000 0.370000 0.370000 0.370000 0.370000 0.369958 0.369585 0.369057 0.367945 0.365210 -9999.0 -9999.0 -9999.0 -9999.0 -9999.0 -9999.0 -9999.0
-9999.0 0.131911 0.146578 0.149913 0.175265 0.238923 0.330266 0.366027 0.369965 0.368520 0.368008 0.368776 0.369375 0.369659 0.369345 0.368621 0.367866 0.368049 0.368130 0.367246 0.365785 0.364965 0.364853 0.363633 0.355267 0.346425 0.339355 0.323178 0.296308 0.263096 0.220297 0.198169 0.183214 0.177748 0.173790 0.169807 0.163418 0.166657 0.169372 0.168685 0.166661 0.165292 0.170171 0.172226 0.173864 0.169722 0.172940 0.176361 0.183718 0.191796 0.203455 0.220624 0.242286 0.257657 0.268841 0.290286 0.323493 0.359830 0.367405 0.369795 0.369995 0.370000 0.370000 0.370000 0.370000 0.370000 0.370000 0.370000 0.370000 0.369981 0.369896 -9999.0 -9999.0 -9999.0 -9999.0 -9999.0 -9999.0 -9999.0 -9999.0 -9999.0
-9999.0 -9999.0 0.128895 0.134605 0.139925 0.146782 0.157513 0.172268 0.185920 0.204852 0.232775 0.263866 0.283773 0.292750 0.280890 0.256763 0.242562 0.243318 0.239380 0.231799 0.218928 0.214377 0.211176 0.208592 0.203150 0.200815 0.199726 0.197399 0.192469 0.182291 0.173647 0.167661 0.161715 0.161376 0.160262 0.158360 0.159638 0.159275 0.159811 0.159624 0.160112 0.161067 0.162347 0.164041 0.164319 0.164847 0.165590 0.167576 0.170703 0.175082 0.183207 0.195144 0.204684 0.207171 0.202660 0.204070 0.210772 0.227427 0.277382 0.345320 0.365819 0.368950 0.369910 0.369995 0.370000 0.370000 0.370000 0.370000 0.370000 0.369993 -9999.0 -9999.0 -9999.0 -9999.0 -9999.0 -9999.0 -9999.0 -9999.0 -9999.0 -9999.0
-9999.0 -9999.0 -9999.0 -9999.0 0.126457 0.134442 0.142321 0.141934 0.148683 0.153720 0.158926 0.165267 0.170803 0.174203 0.170674 0.169822 0.168922 0.169236 0.168289 0.167359 0.166862 0.166155 0.165325 0.164433 0.164734 0.165543 0.165692 0.164179 0.163781 0.161027 0.160351 0.158498 0.156756 0.154977 0.155148 0.154959 0.155609 0.154858 0.156001 0.155476 0.156453 0.157005 0.158304 0.160349 0.159975 0.161154 0.161373 0.162999 0.164167 0.168990 0.176923 0.186437 0.193168 0.193059 0.185275 0.181767 0.180040 0.185151 0.194687 0.215343 0.266064 0.318049 0.360335 0.366059 0.367814 0.369314 0.369947 0.370000 -9999.0 -9999.0 -9999.0 -9999.0 -9999.0 -9999.0 -9999.0 -9999.0 -9999.0 -9999.0 -9999.0 -9999.0
-9999.0 -9999.0 -9999.0 -9999.0 -9999.0 -9999.0 0.129782 0.133910 0.132804 0.136424 0.139959 0.142938 0.147207 0.147107 0.148453 0.151653 0.151215 0.149618 0.147696 0.150436 0.151727 0.151917 0.148783 0.149564 0.149925 0.151106 0.150986 0.151397 0.148779 0.151747 0.153153 0.152404 0.151673 0.152111 0.151424 0.153300 0.153525 0.151986 0.151567 0.153863 0.154649 0.154485 0.155125 0.156962 0.159525 0.160074 0.159129 0.157894 0.160791 0.167575 0.175926 0.183853 0.189213 0.190778 0.183968 0.175279 0.171064 0.170746 0.174683 0.182469 0.200653 0.214454 0.226107 0.239571 0.256320 0.324129 -9999.0 -9999.0 -9999.0 -9999.0 -9999.0 -9999.0 -9999.0 -9999.0 -9999.0 -9999.0 -9999.0 -9999.0 -9999.0 -9999.0
-9999.0 -9999.0 -9999.0 -9999.0 -9999.0 -9999.0 -9999.0 -9999.0 -9999.0 -9999.0 -9999.0 -9999.0 -9999.0 -9999.0 -9999.0 -9999.0 -9999.0 -9999.0 -9999.0 -9999.0 -9999.0 -9999.0 -9999.0 -9999.0 -9999.0 -9999.0 -9999.0 -9999.0 -9999.0 -9999.0 -9999.0 -9999.0 -9999.0 -9999.0 -9999.0 -9999.0 -9999.0 -9999.0 -9999.0 -9999.0 -9999.0 -9999.0 -9999.0 -9999.0 -9999.0 -9999.0 -9999.0 -9999.0 -9999.0 -9999.0 -9999.0 -9999.0 -9999.0 -9999.0 -9999.0 -9999.0 -9999.0 -9999.0 -9999.0 -9999.0 -9999.0 -9999.0 -9999.0 -9999.0 -9999.0 -9999.0 -9999.0 -9999.0 -9999.0 -9999.0 -9999.0 -9999.0 -9999.0 -9999.0 -9999.0 -9999.0 -9999.0 -9999.0 -9999.0 -9999.0
-9999.0 -9999.0 -9999.0 -9999.0 -9999.0 -9999.0 -9999.0 -9999.0 -9999.0 -9999.0 -9999.0 -9999.0 -9999.0 -9999.0 -9999.0 -9999.0 -9999.0 -9999.0 -9999.0 -9999.0 -9999.0 -9999.0 -9999.0 -9999.0 -9999.0 -9999.0 -9999.0 -9999.0 -9999.0 -9999.0 -9999.0 -9999.0 -9999.0 -9999.0 -9999.0 -9999.0 -9999.0 -9999.0 -9999.0 -9999.0 -9999.0 -9999.0 -9999.0 -9999.0 -9999.0 -9999.0 -9999.0 -9999.0 -9999.0 -9999.0 -9999.0 -9999.0 -9999.0 -9999.0 -9999.0 -9999.0 -9999.0 -9999.0 -9999.0 -9999.0 -9999.0 -9999.0 -9999.0 -9999.0 -9999.0 -9999.0 -9999.0 -9999.0 -9999.0 -9999.0 -9999.0 -9999.0 -9999.0 -9999.0 -9999.0 -9999.0 -9999.0 -9999.0 -9999.0 -9999.0