Borden_/Borden1m_014/output_maps/thetaliqL0002N0025.asc
ncols         80
nrows         18
xllcorner     620200.000000
yllcorner     5168000.000000
cellsize      1.000000
NODATA_value  -9999.0
-9999.0 -9999.0 -9999.0 -9999.0 -9999.0 -9999.0 -9999.0 -9999.0 -9999.0 -9999.0 -9999.0 -9999.0 -9999.0 -9999.0 -9999.0 -9999.0 -9999.0 -9999.0 -9999.0 -9999.0 -9999.0 -9999.0 -9999.0 -9999.0 -9999.0 -9999.0 -9999.0 -9999.0 -9999.0 -9999.0 -9999.0 -9999.0 -9999.0 -9999.0 -9999.0 -9999.0 -9999.0 -9999.0 -9999.0 -9999.0 -9999.0 -9999.0 -9999.0 -9999.0 -9999.0 -9999.0 -9999.0 -9999.0 -9999.0 -9999.0 -9999.0 -9999.0 -9999.0 -9999.0 -9999.0 -9999.0 -9999.0 -9999.0 -9999.0 -9999.0 -9999.0 -9999.0 -9999.0 -9999.0 -9999.0 -9999.0 -9999.0 -9999.0 -9999.0 -9999.0 -9999.0 -9999.0 -9999.0 -9999.0 -9999.0 -9999.0 -9999.0 -9999.0 -9999.0 -9999.0
-9999.0 -9999.0 -9999.0 -9999.0 -9999.0 -9999.0 -9999.0 -9999.0 -9999.0 -9999.0 -9999.0 -9999.0 -9999.0 -9999.0 -9999.0 -9999.0 -9999.0 -9999.0 -9999.0 -9999.0 -9999.0 -9999.0 -9999.0 -9999.0 -9999.0 -9999.0 -9999.0 -9999.0 -9999.0 -9999.0 -9999.0 -9999.0 -9999.0 -9999.0 -9999.0 -9999.0 -9999.0 -9999.0 -9999.0 -9999.0 -9999.0 -9999.0 -9999.0 -9999.0 -9999.0 -9999.0 -9999.0 -9999.0 -9999.0 -9999.0 -9999.0 -9999.0 -9999.0 -9999.0 -9999.0 -9999.0 -9999.0 -9999.0 -9999.0 -9999.0 -9999.0 -9999.0 -9999.0 -9999.0 -9999.0 -9999.0 -9999.0 -9999.0 -9999.0 -9999.0 -9999.0 -9999.0 -9999.0 -9999.0 -9999.0 -9999.0 -9999.0 -9999.0 -9999.0 -9999.0
-9999.0 -9999.0 -9999.0 -9999.0 -9999.0 -9999.0 -9999.0 -9999.0 -9999.0 -9999.0 -9999.0 -9999.0 -9999.0 -9999.0 -9999.0 -9999.0 -9999.0 -9999.0 -9999.0 -9999.0 0.204874 0.205578 0.204093 0.202431 0.201036 0.200853 0.202409 0.204211 0.206319 0.206738 0.205003 0.205434 0.204746 0.204358 0.204320 0.204794 0.205024 0.205703 0.206132 0.205924 0.205400 0.205033 0.204680 0.204786 0.205382 0.204581 0.205759 0.206920 0.207328 0.207332 0.205771 0.205137 0.204911 0.203572 0.205999 0.206704 0.208516 0.208687 0.209037 0.206998 0.205022 -9999.0 -9999.0 -9999.0 -9999.0 -9999.0 -9999.0 -9999.0 -9999.0 -9999.0 -9999.0 -9999.0 -9999.0 -9999.0 -9999.0 -9999.0 -9999.0 -9999.0 -9999.0 -9999.0
-9999.0 -9999.0 -9999.0 -9999.0 -9999.0 -9999.0 -9999.0 -9999.0 -9999.0 -9999.0 -9999.0 -9999.0 -9999.0 -9999.0 0.202243 0.201442 0.201067 0.200814 0.202209 0.203296 0.203311 0.202472 0.203170 0.201566 0.200159 0.201008 0.202201 0.203165 0.204815 0.206111 0.204897 0.204599 0.205247 0.207590 0.208638 0.208137 0.205369 0.207959 0.209284 0.210153 0.210039 0.208758 0.210542 0.212647 0.211560 0.209348 0.209807 0.211034 0.213104 0.212040 0.205233 0.204574 0.204932 0.205086 0.204196 0.203545 0.205989 0.205631 0.205238 0.204833 0.203452 0.201215 0.200221 0.202550 0.204631 0.209049 -9999.0 -9999.0 -9999.0 -9999.0 -9999.0 -9999.0 -9999.0 -9999.0 -9999.0 -9999.0 -9999.0 -9999.0 -9999.0 -9999.0
-9999.0 -9999.0 -9999.0 -9999.0 -9999.0 -9999.0 -9999.0 -9999.0 -9999.0 0.200996 0.200762 0.200973 0.200432 0.201115 0.199929 0.200191 0.199969 0.200911 0.201660 0.202992 0.204827 0.203447 0.203265 0.204244 0.204369 0.204734 0.205533 0.208618 0.212244 0.218194 0.213089 0.212872 0.215611 0.226399 0.236781 0.240085 0.234475 0.234414 0.241325 0.250015 0.249993 0.249163 0.258946 0.265124 0.269752 0.260135 0.251153 0.249740 0.261709 0.241878 0.226292 0.214506 0.215256 0.211488 0.207512 0.206083 0.205527 0.208376 0.207300 0.204754 0.202725 0.203409 0.202263 0.203382 0.204142 0.207468 0.210535 0.213606 0.213759 0.211786 -9999.0 -9999.0 -9999.0 -9999.0 -9999.0 -9999.0 -9999.0 -9999.0 -9999.0 -9999.0
-9999.0 -9999.0 -9999.0 -9999.0 -9999.0 -9999.0 0.199687 0.199575 0.199998 0.198550 0.199521 0.198803 0.199514 0.199806 0.200257 0.200244 0.201445 0.202494 0.204324 0.206828 0.209229 0.207916 0.208534 0.212074 0.219603 0.227062 0.231832 0.240760 0.274682 0.313465 0.329340 0.336684 0.345202 0.353248 0.363167 0.368843 0.362587 0.359306 0.361657 0.366285 0.369679 0.369692 0.369742 0.369800 0.369931 0.369915 0.366717 0.363903 0.362864 0.361812 0.354881 0.343056 0.302692 0.264370 0.236170 0.223071 0.220722 0.222555 0.217521 0.211129 0.207496 0.207515 0.206834 0.205518 0.206132 0.207474 0.209602 0.210962 0.209930 0.208551 0.207545 0.205345 0.205698 0.207839 -9999.0 -9999.0 -9999.0 -9999.0 -9999.0 -9999.0
-9999.0 -9999.0 -9999.0 -9999.0 0.197533 0.198174 0.196232 0.197300 0.198116 0.198718 0.198670 0.199773 0.200044 0.200825 0.202550 0.203900 0.206406 0.208314 0.213931 0.226885 0.240575 0.249526 0.255070 0.300891 0.345689 0.355730 0.358212 0.361784 0.366890 0.369951 0.369987 0.369991 0.369997 0.369995 0.370000 0.370000 0.370000 0.370000 0.370000 0.370000 0.370000 0.370000 0.370000 0.370000 0.370000 0.370000 0.370000 0.370000 0.370000 0.370000 0.370000 0.369976 0.368640 0.366311 0.363965 0.358716 0.346499 0.335583 0.281423 0.251489 0.230913 0.224100 0.217962 0.215004 0.211159 0.211850 0.212917 0.210992 0.208560 0.206304 0.206059 0.205097 0.203996 0.206748 0.207706 0.210761 -9999.0 -9999.0 -9999.0 -9999.0
-9999.0 -9999.0 0.197473 0.197485 0.199211 0.198094 0.197442 0.196498 0.196841 0.198479 0.201655 0.202992 0.205201 0.206378 0.211815 0.227013 0.247235 0.266588 0.320358 0.349338 0.359597 0.364905 0.369522 0.369872 0.369984 0.369992 0.370000 0.370000 0.370000 0.370000 0.370000 0.370000 0.370000 0.370000 0.370000 0.370000 0.370000 0.370000 0.370000 0.370000 0.370000 0.370000 0.370000 0.370000 0.370000 0.370000 0.370000 0.370000 0.370000 0.370000 0.370000 0.370000 0.370000 0.370000 0.370000 0.370000 0.369976 0.368922 0.367491 0.364046 0.352815 0.341957 0.298692 0.257898 0.237135 0.228217 0.219889 0.214990 0.210694 0.206865 0.205748 0.205096 0.205639 0.205238 0.206704 0.207809 0.209490 0.210122 -9999.0 -9999.0
-9999.0 0.197023 0.196385 0.199440 0.199872 0.200455 0.201275 0.201981 0.202807 0.201537 0.210517 0.230113 0.253418 0.263580 0.309567 0.354399 0.369555 0.369861 0.369956 0.369995 0.370000 0.370000 0.370000 0.370000 0.370000 0.370000 0.370000 0.370000 0.370000 0.370000 0.370000 0.370000 0.370000 0.370000 0.370000 0.370000 0.370000 0.370000 0.370000 0.370000 0.370000 0.370000 0.370000 0.370000 0.370000 0.370000 0.370000 0.370000 0.370000 0.370000 0.370000 0.370000 0.370000 0.370000 0.370000 0.370000 0.370000 0.370000 0.370000 0.370000 0.369837 0.368711 0.365291 0.356316 0.343519 0.294591 0.251142 0.232608 0.220062 0.215658 0.213007 0.207660 0.206340 0.207489 0.206797 0.206719 0.207375 0.207884 -9999.0 -9999.0
-9999.0 0.194167 0.196930 0.200146 0.204278 0.204788 0.220695 0.237357 0.243459 0.234316 0.284638 0.369631 0.369970 0.369971 0.369999 0.370000 0.370000 0.370000 0.370000 0.370000 0.370000 0.370000 0.370000 0.370000 0.370000 0.370000 0.370000 0.370000 0.370000 0.370000 0.370000 0.370000 0.370000 0.369999 0.369991 0.369983 0.369957 0.369251 0.367486 0.365089 0.363646 0.365731 0.364695 0.362558 0.362065 0.364890 0.367584 0.367305 0.367745 0.368827 0.369711 0.369996 0.369999 0.370000 0.370000 0.370000 0.370000 0.370000 0.370000 0.370000 0.370000 0.370000 0.369999 0.369731 0.367754 0.359502 0.349278 0.337418 0.279744 0.252199 0.235337 0.222437 0.213985 0.212216 0.208345 0.207782 -9999.0 -9999.0 -9999.0 -9999.0
-9999.0 0.194104 0.196824 0.203080 0.219909 0.250054 0.345419 0.367191 0.369998 0.369946 0.370000 0.370000 0.370000 0.370000 0.370000 0.370000 0.370000 0.370000 0.370000 0.370000 0.370000 0.370000 0.370000 0.370000 0.370000 0.370000 0.370000 0.370000 0.369929 0.369707 0.369282 0.368796 0.367089 0.357293 0.351111 0.345378 0.306791 0.294622 0.282587 0.263010 0.255152 0.250315 0.256899 0.255157 0.254523 0.258663 0.270269 0.281154 0.320532 0.343303 0.351636 0.360372 0.364730 0.368135 0.369588 0.369997 0.370000 0.370000 0.370000 0.370000 0.370000 0.370000 0.370000 0.370000 0.370000 0.369721 0.368790 0.365086 0.356476 0.347208 0.338094 0.294489 0.248792 0.224551 0.218702 -9999.0 -9999.0 -9999.0 -9999.0 -9999.0
-9999.0 0.190317 0.197076 0.202205 0.233356 0.349222 0.365399 0.370000 0.370000 0.370000 0.369940 0.370000 0.370000 0.370000 0.370000 0.370000 0.370000 0.370000 0.370000 0.369998 0.369864 0.369731 0.369708 0.369529 0.369021 0.368293 0.367491 0.365919 0.359533 0.352360 0.336298 0.312771 0.259527 0.236388 0.226032 0.217596 0.210331 0.210500 0.212753 0.210792 0.208734 0.206587 0.209168 0.210363 0.211532 0.210080 0.210469 0.214132 0.220576 0.228242 0.241289 0.262571 0.297352 0.341880 0.349559 0.359019 0.364941 0.368414 0.369857 0.370000 0.370000 0.370000 0.370000 0.370000 0.370000 0.370000 0.370000 0.369961 0.368523 0.364996 0.361713 0.356353 0.346384 -9999.0 -9999.0 -9999.0 -9999.0 -9999.0 -9999.0 -9999.0
-9999.0 0.188128 0.195408 0.196631 0.205976 0.229625 0.284145 0.350612 0.369541 0.359773 0.357072 0.360730 0.364144 0.366100 0.363930 0.359929 0.356452 0.357242 0.357645 0.353918 0.348620 0.346009 0.345689 0.342022 0.320358 0.302365 0.291469 0.273726 0.254611 0.237362 0.218870 0.211167 0.206140 0.204479 0.203275 0.202014 0.199587 0.200928 0.201964 0.201695 0.200918 0.200322 0.202130 0.202750 0.203327 0.201637 0.202795 0.203829 0.206227 0.208756 0.212532 0.218459 0.226759 0.233494 0.239153 0.250443 0.273043 0.331601 0.354323 0.367134 0.369649 0.369996 0.370000 0.370000 0.370000 0.370000 0.370000 0.370000 0.369910 0.368737 0.367759 -9999.0 -9999.0 -9999.0 -9999.0 -9999.0 -9999.0 -9999.0 -9999.0 -9999.0
-9999.0 -9999.0 0.186720 0.189694 0.192409 0.195172 0.199187 0.204821 0.209252 0.215613 0.225813 0.238849 0.248544 0.253520 0.246882 0.234972 0.228775 0.229236 0.227650 0.224532 0.219245 0.217292 0.216036 0.215050 0.213019 0.212185 0.211845 0.211128 0.209561 0.206145 0.203272 0.201378 0.199307 0.199418 0.199098 0.198380 0.198972 0.198827 0.199021 0.198909 0.199066 0.199389 0.199782 0.200328 0.200343 0.200491 0.200685 0.201291 0.202229 0.203483 0.206009 0.209881 0.212990 0.213768 0.212122 0.212661 0.215016 0.220998 0.243674 0.300869 0.348422 0.361475 0.368234 0.369612 0.369913 0.369995 0.370000 0.370000 0.368489 0.368005 -9999.0 -9999.0 -9999.0 -9999.0 -9999.0 -9999.0 -9999.0 -9999.0 -9999.0 -9999.0
-9999.0 -9999.0 -9999.0 -9999.0 0.185601 0.189668 0.193458 0.193083 0.195852 0.197514 0.199107 0.201088 0.202748 0.203876 0.202421 0.202066 0.201773 0.202005 0.201715 0.201328 0.201135 0.200907 0.200701 0.200378 0.200501 0.200802 0.200889 0.200345 0.200361 0.199312 0.199179 0.198591 0.198021 0.197354 0.197501 0.197422 0.197722 0.197404 0.197894 0.197587 0.197948 0.198105 0.198545 0.199270 0.198968 0.199389 0.199402 0.199959 0.200156 0.201657 0.204174 0.207206 0.209344 0.209248 0.206515 0.205426 0.204799 0.206505 0.209544 0.216576 0.237970 0.268304 0.332791 0.349328 0.355990 0.363570 0.368527 0.369597 -9999.0 -9999.0 -9999.0 -9999.0 -9999.0 -9999.0 -9999.0 -9999.0 -9999.0 -9999.0 -9999.0 -9999.0
-9999.0 -9999.0 -9999.0 -9999.0 -9999.0 -9999.0 0.187282 0.189286 0.188727 0.190180 0.191466 0.192498 0.194150 0.193885 0.194333 0.195670 0.195467 0.194838 0.194047 0.195228 0.195726 0.195857 0.194557 0.194923 0.195048 0.195554 0.195502 0.195728 0.194605 0.195923 0.196557 0.196313 0.196080 0.196335 0.196047 0.196890 0.196990 0.196318 0.196124 0.197083 0.197345 0.197195 0.197374 0.198025 0.198992 0.199125 0.198674 0.198046 0.199036 0.201346 0.204015 0.206460 0.208114 0.208689 0.206417 0.203443 0.201995 0.201797 0.202992 0.205345 0.211363 0.215913 0.220000 0.225916 0.232909 0.273118 -9999.0 -9999.0 -9999.0 -9999.0 -9999.0 -9999.0 -9999.0 -9999.0 -9999.0 -9999.0 -9999.0 -9999.0 -9999.0 -9999.0
-9999.0 -9999.0 -9999.0 -9999.0 -9999.0 -9999.0 -9999.0 -9999.0 -9999.0 -9999.0 -9999.0 -9999.0 -9999.0 -9999.0 -9999.0 -9999.0 -9999.0 -9999.0 -9999.0 -9999.0 -9999.0 -9999.0 -9999.0 -9999.0 -9999.0 -9999.0 -9999.0 -9999.0 -9999.0 -9999.0 -9999.0 -9999.0 -9999.0 -9999.0 -9999.0 -9999.0 -9999.0 -9999.0 -9999.0 -9999.0 -9999.0 -9999.0 -9999.0 -9999.0 -9999.0 -9999.0 -9999.0 -9999.0 -9999.0 -9999.0 -9999.0 -9999.0 -9999.0 -9999.0 -9999.0 -9999.0 -9999.0 -9999.0 -9999.0 -9999.0 -9999.0 -9999.0 -9999.0 -9999.0 -9999.0 -9999.0 -9999.0 -9999.0 -9999.0 -9999.0 -9999.0 -9999.0 -9999.0 -9999.0 -9999.0 -9999.0 -9999.0 -9999.0 -9999.0 -9999.0
-9999.0 -9999.0 -9999.0 -9999.0 -9999.0 -9999.0 -9999.0 -9999.0 -9999.0 -9999.0 -9999.0 -9999.0 -9999.0 -9999.0 -9999.0 -9999.0 -9999.0 -9999.0 -9999.0 -9999.0 -9999.0 -9999.0 -9999.0 -9999.0 -9999.0 -9999.0 -9999.0 -9999.0 -9999.0 -9999.0 -9999.0 -9999.0 -9999.0 -9999.0 -9999.0 -9999.0 -9999.0 -9999.0 -9999.0 -9999.0 -9999.0 -9999.0 -9999.0 -9999.0 -9999.0 -9999.0 -9999.0 -9999.0 -9999.0 -9999.0 -9999.0 -9999.0 -9999.0 -9999.0 -9999.0 -9999.0 -9999.0 -9999.0 -9999.0 -9999.0 -9999.0 -9999.0 -9999.0 -9999.0 -9999.0 -9999.0 -9999.0 -9999.0 -9999.0 -9999.0 -9999.0 -9999.0 -9999.0 -9999.0 -9999.0 -9999.0 -9999.0 -9999.0 -9999.0 -9999.0