Borden_/Borden1m_014/output_maps/thetaliqL0006N0028.asc
ncols         80
nrows         18
xllcorner     620200.000000
yllcorner     5168000.000000
cellsize      1.000000
NODATA_value  -9999.0
-9999.0 -9999.0 -9999.0 -9999.0 -9999.0 -9999.0 -9999.0 -9999.0 -9999.0 -9999.0 -9999.0 -9999.0 -9999.0 -9999.0 -9999.0 -9999.0 -9999.0 -9999.0 -9999.0 -9999.0 -9999.0 -9999.0 -9999.0 -9999.0 -9999.0 -9999.0 -9999.0 -9999.0 -9999.0 -9999.0 -9999.0 -9999.0 -9999.0 -9999.0 -9999.0 -9999.0 -9999.0 -9999.0 -9999.0 -9999.0 -9999.0 -9999.0 -9999.0 -9999.0 -9999.0 -9999.0 -9999.0 -9999.0 -9999.0 -9999.0 -9999.0 -9999.0 -9999.0 -9999.0 -9999.0 -9999.0 -9999.0 -9999.0 -9999.0 -9999.0 -9999.0 -9999.0 -9999.0 -9999.0 -9999.0 -9999.0 -9999.0 -9999.0 -9999.0 -9999.0 -9999.0 -9999.0 -9999.0 -9999.0 -9999.0 -9999.0 -9999.0 -9999.0 -9999.0 -9999.0
-9999.0 -9999.0 -9999.0 -9999.0 -9999.0 -9999.0 -9999.0 -9999.0 -9999.0 -9999.0 -9999.0 -9999.0 -9999.0 -9999.0 -9999.0 -9999.0 -9999.0 -9999.0 -9999.0 -9999.0 -9999.0 -9999.0 -9999.0 -9999.0 -9999.0 -9999.0 -9999.0 -9999.0 -9999.0 -9999.0 -9999.0 -9999.0 -9999.0 -9999.0 -9999.0 -9999.0 -9999.0 -9999.0 -9999.0 -9999.0 -9999.0 -9999.0 -9999.0 -9999.0 -9999.0 -9999.0 -9999.0 -9999.0 -9999.0 -9999.0 -9999.0 -9999.0 -9999.0 -9999.0 -9999.0 -9999.0 -9999.0 -9999.0 -9999.0 -9999.0 -9999.0 -9999.0 -9999.0 -9999.0 -9999.0 -9999.0 -9999.0 -9999.0 -9999.0 -9999.0 -9999.0 -9999.0 -9999.0 -9999.0 -9999.0 -9999.0 -9999.0 -9999.0 -9999.0 -9999.0
-9999.0 -9999.0 -9999.0 -9999.0 -9999.0 -9999.0 -9999.0 -9999.0 -9999.0 -9999.0 -9999.0 -9999.0 -9999.0 -9999.0 -9999.0 -9999.0 -9999.0 -9999.0 -9999.0 -9999.0 0.153726 0.155358 0.143869 0.129462 0.119528 0.119966 0.132227 0.150305 0.170928 0.177401 0.166140 0.166651 0.163436 0.163411 0.165165 0.168501 0.169818 0.177055 0.182600 0.182448 0.178360 0.174569 0.173454 0.175759 0.178910 0.173659 0.182347 0.193001 0.197896 0.194302 0.175924 0.166322 0.161945 0.154423 0.168402 0.176543 0.192283 0.195658 0.195180 0.177103 0.159362 -9999.0 -9999.0 -9999.0 -9999.0 -9999.0 -9999.0 -9999.0 -9999.0 -9999.0 -9999.0 -9999.0 -9999.0 -9999.0 -9999.0 -9999.0 -9999.0 -9999.0 -9999.0 -9999.0
-9999.0 -9999.0 -9999.0 -9999.0 -9999.0 -9999.0 -9999.0 -9999.0 -9999.0 -9999.0 -9999.0 -9999.0 -9999.0 -9999.0 0.117723 0.114604 0.113617 0.115906 0.126715 0.138331 0.143944 0.140304 0.140080 0.130204 0.122851 0.127608 0.139022 0.153651 0.172719 0.185916 0.177082 0.175107 0.182034 0.202202 0.214114 0.212091 0.195594 0.212514 0.225805 0.234173 0.233353 0.226196 0.239031 0.253220 0.247677 0.232458 0.234492 0.244080 0.257106 0.243468 0.191763 0.177091 0.175595 0.171850 0.164394 0.160901 0.175909 0.177013 0.172208 0.161992 0.145621 0.127410 0.121473 0.135826 0.157297 0.193970 -9999.0 -9999.0 -9999.0 -9999.0 -9999.0 -9999.0 -9999.0 -9999.0 -9999.0 -9999.0 -9999.0 -9999.0 -9999.0 -9999.0
-9999.0 -9999.0 -9999.0 -9999.0 -9999.0 -9999.0 -9999.0 -9999.0 -9999.0 0.103588 0.104227 0.105685 0.105936 0.109541 0.109046 0.110643 0.112649 0.120006 0.130612 0.145333 0.159924 0.154083 0.153922 0.160544 0.164828 0.172616 0.185880 0.215825 0.252014 0.288322 0.265395 0.264310 0.282474 0.324086 0.348086 0.353188 0.344412 0.345418 0.356230 0.363469 0.363931 0.363852 0.367343 0.368410 0.368771 0.367471 0.364589 0.363893 0.367276 0.356721 0.322472 0.275806 0.273156 0.244704 0.209411 0.191966 0.189834 0.206558 0.195530 0.170889 0.150833 0.146720 0.139493 0.147154 0.159237 0.188927 0.217714 0.241247 0.242087 0.228363 -9999.0 -9999.0 -9999.0 -9999.0 -9999.0 -9999.0 -9999.0 -9999.0 -9999.0 -9999.0
-9999.0 -9999.0 -9999.0 -9999.0 -9999.0 -9999.0 0.090616 0.091697 0.094444 0.095276 0.099272 0.100589 0.104660 0.109002 0.114100 0.118917 0.129309 0.142410 0.163513 0.191890 0.216446 0.213419 0.221627 0.252605 0.293906 0.321791 0.337778 0.356256 0.368991 0.369881 0.369957 0.369976 0.369989 0.369999 0.370000 0.370000 0.370000 0.370000 0.370000 0.370000 0.370000 0.370000 0.370000 0.370000 0.370000 0.370000 0.370000 0.370000 0.370000 0.370000 0.370000 0.369983 0.369754 0.367959 0.348007 0.309893 0.304788 0.313417 0.287139 0.241136 0.205947 0.198073 0.188010 0.178698 0.182507 0.196503 0.214822 0.224460 0.215435 0.200601 0.184800 0.167004 0.168261 0.184669 -9999.0 -9999.0 -9999.0 -9999.0 -9999.0 -9999.0
-9999.0 -9999.0 -9999.0 -9999.0 0.085149 0.086319 0.085154 0.087454 0.091200 0.095922 0.101632 0.109843 0.116987 0.126343 0.143161 0.163118 0.191417 0.218078 0.266599 0.324857 0.354355 0.363131 0.366497 0.369745 0.369992 0.370000 0.370000 0.370000 0.370000 0.370000 0.370000 0.370000 0.370000 0.370000 0.370000 0.370000 0.370000 0.370000 0.370000 0.370000 0.370000 0.370000 0.370000 0.370000 0.370000 0.370000 0.370000 0.370000 0.370000 0.370000 0.370000 0.370000 0.370000 0.370000 0.370000 0.370000 0.369992 0.369964 0.369315 0.364405 0.338598 0.319147 0.291773 0.268394 0.241456 0.241837 0.244587 0.229208 0.206383 0.184367 0.175249 0.164487 0.159266 0.177339 0.189430 0.212506 -9999.0 -9999.0 -9999.0 -9999.0
-9999.0 -9999.0 0.080554 0.084490 0.090446 0.091478 0.091762 0.092303 0.096169 0.105632 0.128508 0.151668 0.178186 0.198842 0.248684 0.322194 0.361049 0.368456 0.369899 0.369998 0.370000 0.370000 0.370000 0.370000 0.370000 0.370000 0.370000 0.370000 0.370000 0.370000 0.370000 0.370000 0.370000 0.370000 0.370000 0.370000 0.370000 0.370000 0.370000 0.370000 0.370000 0.370000 0.370000 0.370000 0.370000 0.370000 0.370000 0.370000 0.370000 0.370000 0.370000 0.370000 0.370000 0.370000 0.370000 0.370000 0.370000 0.370000 0.370000 0.370000 0.369999 0.369981 0.369680 0.367021 0.353027 0.333778 0.300073 0.267240 0.230710 0.196973 0.181678 0.170633 0.169928 0.170928 0.181508 0.192584 0.204058 0.210102 -9999.0 -9999.0
-9999.0 0.075522 0.079003 0.090193 0.102870 0.113385 0.126405 0.138195 0.148596 0.154264 0.230169 0.324784 0.364028 0.367983 0.369814 0.370000 0.370000 0.370000 0.370000 0.370000 0.370000 0.370000 0.370000 0.370000 0.370000 0.370000 0.370000 0.370000 0.370000 0.370000 0.370000 0.370000 0.370000 0.370000 0.370000 0.370000 0.370000 0.370000 0.370000 0.370000 0.370000 0.370000 0.370000 0.370000 0.370000 0.370000 0.370000 0.370000 0.370000 0.370000 0.370000 0.370000 0.370000 0.370000 0.370000 0.370000 0.370000 0.370000 0.370000 0.370000 0.370000 0.370000 0.370000 0.370000 0.369989 0.369608 0.365108 0.345789 0.303834 0.272554 0.246978 0.205703 0.189329 0.191209 0.185351 0.184156 0.189080 0.193764 -9999.0 -9999.0
-9999.0 0.073280 0.079164 0.099580 0.144049 0.178411 0.278145 0.339955 0.353057 0.343657 0.369206 0.370000 0.370000 0.370000 0.370000 0.370000 0.370000 0.370000 0.370000 0.370000 0.370000 0.370000 0.370000 0.370000 0.370000 0.370000 0.370000 0.370000 0.370000 0.370000 0.370000 0.370000 0.370000 0.370000 0.370000 0.370000 0.370000 0.370000 0.370000 0.370000 0.370000 0.370000 0.370000 0.370000 0.370000 0.370000 0.370000 0.370000 0.370000 0.370000 0.370000 0.370000 0.370000 0.370000 0.370000 0.370000 0.370000 0.370000 0.370000 0.370000 0.370000 0.370000 0.370000 0.370000 0.370000 0.370000 0.369997 0.369949 0.368991 0.364106 0.347141 0.309586 0.261331 0.238084 0.207588 0.192436 -9999.0 -9999.0 -9999.0 -9999.0
-9999.0 0.071856 0.078475 0.115950 0.267606 0.358215 0.369989 0.370000 0.370000 0.370000 0.370000 0.370000 0.370000 0.370000 0.370000 0.370000 0.370000 0.370000 0.370000 0.370000 0.370000 0.370000 0.370000 0.370000 0.370000 0.370000 0.370000 0.370000 0.370000 0.370000 0.370000 0.370000 0.370000 0.370000 0.369998 0.369990 0.369813 0.369639 0.369317 0.367799 0.365703 0.363371 0.366066 0.365795 0.365753 0.366934 0.368633 0.369336 0.369902 0.369987 0.369999 0.370000 0.370000 0.370000 0.370000 0.370000 0.370000 0.370000 0.370000 0.370000 0.370000 0.370000 0.370000 0.370000 0.370000 0.370000 0.370000 0.370000 0.370000 0.369991 0.369941 0.369370 0.361878 0.311393 0.279035 -9999.0 -9999.0 -9999.0 -9999.0 -9999.0
-9999.0 0.069751 0.075256 0.106029 0.307836 0.369994 0.370000 0.370000 0.370000 0.370000 0.370000 0.370000 0.370000 0.370000 0.370000 0.370000 0.370000 0.370000 0.370000 0.370000 0.370000 0.370000 0.370000 0.370000 0.370000 0.370000 0.370000 0.370000 0.370000 0.369999 0.369957 0.369820 0.366803 0.347480 0.318713 0.280130 0.234309 0.232027 0.244101 0.229400 0.211604 0.197367 0.216363 0.227880 0.236297 0.228743 0.236115 0.264931 0.304691 0.334483 0.357932 0.368040 0.369718 0.369984 0.369998 0.370000 0.370000 0.370000 0.370000 0.370000 0.370000 0.370000 0.370000 0.370000 0.370000 0.370000 0.370000 0.370000 0.370000 0.370000 0.370000 0.370000 0.369990 -9999.0 -9999.0 -9999.0 -9999.0 -9999.0 -9999.0 -9999.0
-9999.0 0.068699 0.071047 0.079471 0.134100 0.298857 0.368534 0.369993 0.370000 0.370000 0.370000 0.370000 0.370000 0.370000 0.370000 0.370000 0.370000 0.370000 0.370000 0.369999 0.369995 0.369989 0.369988 0.369980 0.369898 0.369744 0.369551 0.368825 0.365288 0.348563 0.293207 0.236820 0.188617 0.165019 0.148678 0.133876 0.119733 0.123302 0.128733 0.126916 0.122410 0.120729 0.131172 0.138482 0.142832 0.136658 0.144542 0.157880 0.182716 0.211805 0.249456 0.293206 0.330403 0.347970 0.355883 0.364689 0.369016 0.369945 0.370000 0.370000 0.370000 0.370000 0.370000 0.370000 0.370000 0.370000 0.370000 0.370000 0.370000 0.370000 0.370000 -9999.0 -9999.0 -9999.0 -9999.0 -9999.0 -9999.0 -9999.0 -9999.0 -9999.0
-9999.0 -9999.0 0.068692 0.070421 0.073838 0.083686 0.105271 0.136836 0.170665 0.228344 0.299158 0.344661 0.359429 0.363200 0.358396 0.340834 0.324383 0.324378 0.318301 0.306767 0.285363 0.276390 0.268629 0.261764 0.248824 0.241739 0.237095 0.227800 0.209455 0.176262 0.146164 0.124892 0.108973 0.103432 0.099192 0.095310 0.094666 0.094520 0.095657 0.095824 0.096593 0.098535 0.102512 0.107069 0.109243 0.110797 0.114074 0.121022 0.132679 0.150419 0.179607 0.218501 0.248064 0.257073 0.248903 0.254261 0.274009 0.312064 0.360268 0.369684 0.369997 0.370000 0.370000 0.370000 0.370000 0.370000 0.370000 0.370000 0.370000 0.370000 -9999.0 -9999.0 -9999.0 -9999.0 -9999.0 -9999.0 -9999.0 -9999.0 -9999.0 -9999.0
-9999.0 -9999.0 -9999.0 -9999.0 0.069027 0.070632 0.072277 0.074491 0.079893 0.088766 0.102308 0.120833 0.138999 0.149173 0.142552 0.138307 0.134309 0.133235 0.130102 0.127561 0.125117 0.122544 0.119349 0.117114 0.116801 0.117749 0.117264 0.113690 0.109821 0.103346 0.098553 0.092937 0.088206 0.085204 0.084034 0.083409 0.083449 0.083034 0.083862 0.084384 0.085764 0.087357 0.090157 0.093991 0.095854 0.098192 0.099924 0.104074 0.110995 0.126880 0.153416 0.185696 0.208456 0.209725 0.189110 0.177329 0.174273 0.191902 0.227948 0.288189 0.354440 0.368727 0.369952 0.369997 0.370000 0.370000 0.370000 0.370000 -9999.0 -9999.0 -9999.0 -9999.0 -9999.0 -9999.0 -9999.0 -9999.0 -9999.0 -9999.0 -9999.0 -9999.0
-9999.0 -9999.0 -9999.0 -9999.0 -9999.0 -9999.0 0.068652 0.069276 0.070166 0.071993 0.074875 0.078815 0.083797 0.085817 0.087267 0.089627 0.088982 0.087171 0.085608 0.087213 0.088107 0.087633 0.084989 0.084835 0.085120 0.086061 0.085985 0.085420 0.083240 0.083836 0.083658 0.081839 0.080046 0.079155 0.078502 0.079079 0.079141 0.078448 0.078618 0.080174 0.081512 0.082535 0.084454 0.087761 0.091642 0.093583 0.093675 0.094579 0.101907 0.119495 0.146406 0.174814 0.194059 0.198074 0.177233 0.152376 0.140867 0.142682 0.158527 0.190013 0.248740 0.289816 0.316467 0.334463 0.351241 0.369113 -9999.0 -9999.0 -9999.0 -9999.0 -9999.0 -9999.0 -9999.0 -9999.0 -9999.0 -9999.0 -9999.0 -9999.0 -9999.0 -9999.0
-9999.0 -9999.0 -9999.0 -9999.0 -9999.0 -9999.0 -9999.0 -9999.0 -9999.0 -9999.0 -9999.0 -9999.0 -9999.0 -9999.0 -9999.0 -9999.0 -9999.0 -9999.0 -9999.0 -9999.0 -9999.0 -9999.0 -9999.0 -9999.0 -9999.0 -9999.0 -9999.0 -9999.0 -9999.0 -9999.0 -9999.0 -9999.0 -9999.0 -9999.0 -9999.0 -9999.0 -9999.0 -9999.0 -9999.0 -9999.0 -9999.0 -9999.0 -9999.0 -9999.0 -9999.0 -9999.0 -9999.0 -9999.0 -9999.0 -9999.0 -9999.0 -9999.0 -9999.0 -9999.0 -9999.0 -9999.0 -9999.0 -9999.0 -9999.0 -9999.0 -9999.0 -9999.0 -9999.0 -9999.0 -9999.0 -9999.0 -9999.0 -9999.0 -9999.0 -9999.0 -9999.0 -9999.0 -9999.0 -9999.0 -9999.0 -9999.0 -9999.0 -9999.0 -9999.0 -9999.0
-9999.0 -9999.0 -9999.0 -9999.0 -9999.0 -9999.0 -9999.0 -9999.0 -9999.0 -9999.0 -9999.0 -9999.0 -9999.0 -9999.0 -9999.0 -9999.0 -9999.0 -9999.0 -9999.0 -9999.0 -9999.0 -9999.0 -9999.0 -9999.0 -9999.0 -9999.0 -9999.0 -9999.0 -9999.0 -9999.0 -9999.0 -9999.0 -9999.0 -9999.0 -9999.0 -9999.0 -9999.0 -9999.0 -9999.0 -9999.0 -9999.0 -9999.0 -9999.0 -9999.0 -9999.0 -9999.0 -9999.0 -9999.0 -9999.0 -9999.0 -9999.0 -9999.0 -9999.0 -9999.0 -9999.0 -9999.0 -9999.0 -9999.0 -9999.0 -9999.0 -9999.0 -9999.0 -9999.0 -9999.0 -9999.0 -9999.0 -9999.0 -9999.0 -9999.0 -9999.0 -9999.0 -9999.0 -9999.0 -9999.0 -9999.0 -9999.0 -9999.0 -9999.0 -9999.0 -9999.0