Borden_/Borden1m_014/output_maps/thetaliqL0005N0004.asc
ncols         80
nrows         18
xllcorner     620200.000000
yllcorner     5168000.000000
cellsize      1.000000
NODATA_value  -9999.0
-9999.0 -9999.0 -9999.0 -9999.0 -9999.0 -9999.0 -9999.0 -9999.0 -9999.0 -9999.0 -9999.0 -9999.0 -9999.0 -9999.0 -9999.0 -9999.0 -9999.0 -9999.0 -9999.0 -9999.0 -9999.0 -9999.0 -9999.0 -9999.0 -9999.0 -9999.0 -9999.0 -9999.0 -9999.0 -9999.0 -9999.0 -9999.0 -9999.0 -9999.0 -9999.0 -9999.0 -9999.0 -9999.0 -9999.0 -9999.0 -9999.0 -9999.0 -9999.0 -9999.0 -9999.0 -9999.0 -9999.0 -9999.0 -9999.0 -9999.0 -9999.0 -9999.0 -9999.0 -9999.0 -9999.0 -9999.0 -9999.0 -9999.0 -9999.0 -9999.0 -9999.0 -9999.0 -9999.0 -9999.0 -9999.0 -9999.0 -9999.0 -9999.0 -9999.0 -9999.0 -9999.0 -9999.0 -9999.0 -9999.0 -9999.0 -9999.0 -9999.0 -9999.0 -9999.0 -9999.0
-9999.0 -9999.0 -9999.0 -9999.0 -9999.0 -9999.0 -9999.0 -9999.0 -9999.0 -9999.0 -9999.0 -9999.0 -9999.0 -9999.0 -9999.0 -9999.0 -9999.0 -9999.0 -9999.0 -9999.0 -9999.0 -9999.0 -9999.0 -9999.0 -9999.0 -9999.0 -9999.0 -9999.0 -9999.0 -9999.0 -9999.0 -9999.0 -9999.0 -9999.0 -9999.0 -9999.0 -9999.0 -9999.0 -9999.0 -9999.0 -9999.0 -9999.0 -9999.0 -9999.0 -9999.0 -9999.0 -9999.0 -9999.0 -9999.0 -9999.0 -9999.0 -9999.0 -9999.0 -9999.0 -9999.0 -9999.0 -9999.0 -9999.0 -9999.0 -9999.0 -9999.0 -9999.0 -9999.0 -9999.0 -9999.0 -9999.0 -9999.0 -9999.0 -9999.0 -9999.0 -9999.0 -9999.0 -9999.0 -9999.0 -9999.0 -9999.0 -9999.0 -9999.0 -9999.0 -9999.0
-9999.0 -9999.0 -9999.0 -9999.0 -9999.0 -9999.0 -9999.0 -9999.0 -9999.0 -9999.0 -9999.0 -9999.0 -9999.0 -9999.0 -9999.0 -9999.0 -9999.0 -9999.0 -9999.0 -9999.0 0.107726 0.108481 0.103252 0.096813 0.092400 0.092589 0.098023 0.106079 0.115494 0.118536 0.113238 0.113417 0.111894 0.111875 0.112656 0.114134 0.114679 0.118023 0.120612 0.120529 0.118599 0.116816 0.116235 0.117301 0.118757 0.116402 0.120452 0.125576 0.128051 0.126357 0.117624 0.113210 0.111261 0.107895 0.114330 0.118221 0.125948 0.127705 0.127530 0.118650 0.110323 -9999.0 -9999.0 -9999.0 -9999.0 -9999.0 -9999.0 -9999.0 -9999.0 -9999.0 -9999.0 -9999.0 -9999.0 -9999.0 -9999.0 -9999.0 -9999.0 -9999.0 -9999.0 -9999.0
-9999.0 -9999.0 -9999.0 -9999.0 -9999.0 -9999.0 -9999.0 -9999.0 -9999.0 -9999.0 -9999.0 -9999.0 -9999.0 -9999.0 0.091613 0.090216 0.089773 0.090796 0.095598 0.100755 0.103271 0.101630 0.101517 0.097123 0.093874 0.095971 0.100997 0.107487 0.116124 0.122271 0.118019 0.117030 0.120171 0.129689 0.135385 0.134141 0.125979 0.134242 0.140951 0.145247 0.144678 0.140741 0.147521 0.155588 0.152189 0.143865 0.145193 0.150707 0.158603 0.151098 0.124500 0.117856 0.117331 0.115703 0.112364 0.110806 0.117800 0.118400 0.116174 0.111450 0.104032 0.095921 0.093297 0.099677 0.109417 0.127129 -9999.0 -9999.0 -9999.0 -9999.0 -9999.0 -9999.0 -9999.0 -9999.0 -9999.0 -9999.0 -9999.0 -9999.0 -9999.0 -9999.0
-9999.0 -9999.0 -9999.0 -9999.0 -9999.0 -9999.0 -9999.0 -9999.0 -9999.0 0.085287 0.085568 0.086224 0.086335 0.087951 0.087737 0.088450 0.089359 0.092619 0.097316 0.103853 0.110421 0.107719 0.107611 0.110592 0.112501 0.115895 0.121817 0.136122 0.155087 0.178165 0.161248 0.159866 0.170294 0.202636 0.231448 0.238908 0.224516 0.225740 0.244754 0.263802 0.262658 0.261000 0.278238 0.287227 0.292947 0.280533 0.266423 0.264553 0.283938 0.246779 0.200515 0.166028 0.166995 0.150869 0.132816 0.124642 0.123852 0.132392 0.127061 0.115380 0.106274 0.104489 0.101289 0.104715 0.110244 0.124482 0.139654 0.153643 0.154310 0.146010 -9999.0 -9999.0 -9999.0 -9999.0 -9999.0 -9999.0 -9999.0 -9999.0 -9999.0 -9999.0
-9999.0 -9999.0 -9999.0 -9999.0 -9999.0 -9999.0 0.079330 0.079832 0.081104 0.081498 0.083322 0.083929 0.085775 0.087732 0.089998 0.092149 0.096763 0.102545 0.111970 0.125041 0.136897 0.134863 0.138547 0.154246 0.178971 0.200546 0.216475 0.243428 0.297478 0.323261 0.331075 0.333787 0.338483 0.356471 0.368210 0.369405 0.367962 0.365929 0.367910 0.369840 0.369965 0.369976 0.370000 0.370000 0.370000 0.370000 0.369992 0.369425 0.368950 0.368331 0.360128 0.336923 0.314992 0.285973 0.228998 0.187505 0.186351 0.197358 0.178034 0.149567 0.131591 0.128104 0.123469 0.119124 0.121030 0.128052 0.137839 0.143373 0.138434 0.130571 0.122574 0.114007 0.114617 0.122603 -9999.0 -9999.0 -9999.0 -9999.0 -9999.0 -9999.0
-9999.0 -9999.0 -9999.0 -9999.0 0.076738 0.077297 0.076746 0.077841 0.079605 0.081792 0.084413 0.088127 0.091318 0.095458 0.102896 0.111739 0.124429 0.136732 0.162269 0.205296 0.243402 0.262869 0.271813 0.311783 0.344377 0.361340 0.364853 0.367950 0.369965 0.370000 0.370000 0.370000 0.370000 0.370000 0.370000 0.370000 0.370000 0.370000 0.370000 0.370000 0.370000 0.370000 0.370000 0.370000 0.370000 0.370000 0.370000 0.370000 0.370000 0.370000 0.370000 0.370000 0.370000 0.369999 0.369589 0.365119 0.343707 0.332599 0.302673 0.267095 0.218342 0.201015 0.180935 0.166594 0.151050 0.152147 0.154444 0.145633 0.133305 0.122218 0.117846 0.112782 0.110393 0.118989 0.125011 0.137229 -9999.0 -9999.0 -9999.0 -9999.0
-9999.0 -9999.0 0.074494 0.076429 0.079260 0.079751 0.079905 0.080163 0.081957 0.086269 0.096506 0.106657 0.118316 0.127482 0.152016 0.202216 0.255406 0.287693 0.322247 0.352174 0.365973 0.369151 0.369890 0.370000 0.370000 0.370000 0.370000 0.370000 0.370000 0.370000 0.370000 0.370000 0.370000 0.370000 0.370000 0.370000 0.370000 0.370000 0.370000 0.370000 0.370000 0.370000 0.370000 0.370000 0.370000 0.370000 0.370000 0.370000 0.370000 0.370000 0.370000 0.370000 0.370000 0.370000 0.370000 0.370000 0.370000 0.370000 0.370000 0.369560 0.358988 0.339084 0.312429 0.281607 0.244853 0.222614 0.191634 0.168167 0.146048 0.128251 0.120827 0.115608 0.115335 0.115876 0.121032 0.126630 0.132652 0.135940 -9999.0 -9999.0
-9999.0 0.071942 0.073733 0.079175 0.085037 0.089806 0.095717 0.100919 0.105378 0.107675 0.142699 0.203949 0.267463 0.284907 0.317417 0.357746 0.369679 0.370000 0.370000 0.370000 0.370000 0.370000 0.370000 0.370000 0.370000 0.370000 0.370000 0.370000 0.370000 0.370000 0.370000 0.370000 0.370000 0.370000 0.370000 0.370000 0.370000 0.370000 0.370000 0.370000 0.370000 0.370000 0.370000 0.370000 0.370000 0.370000 0.370000 0.370000 0.370000 0.370000 0.370000 0.370000 0.370000 0.370000 0.370000 0.370000 0.370000 0.370000 0.370000 0.370000 0.370000 0.370000 0.369624 0.362787 0.343608 0.310996 0.274878 0.236304 0.193322 0.171244 0.155625 0.132777 0.124651 0.125748 0.122886 0.122352 0.124870 0.127279 -9999.0 -9999.0
-9999.0 0.070765 0.073845 0.083626 0.103735 0.119093 0.171135 0.226253 0.243657 0.226279 0.298564 0.369879 0.370000 0.370000 0.370000 0.370000 0.370000 0.370000 0.370000 0.370000 0.370000 0.370000 0.370000 0.370000 0.370000 0.370000 0.370000 0.370000 0.370000 0.370000 0.370000 0.370000 0.370000 0.370000 0.370000 0.370000 0.370000 0.370000 0.370000 0.369909 0.369511 0.369990 0.369831 0.368863 0.368531 0.369885 0.370000 0.370000 0.370000 0.370000 0.370000 0.370000 0.370000 0.370000 0.370000 0.370000 0.370000 0.370000 0.370000 0.370000 0.370000 0.370000 0.370000 0.370000 0.370000 0.366069 0.354415 0.335035 0.303573 0.275268 0.240886 0.200077 0.164704 0.151389 0.134338 0.126475 -9999.0 -9999.0 -9999.0 -9999.0
-9999.0 0.069995 0.073541 0.091362 0.170408 0.258149 0.359462 0.370000 0.370000 0.370000 0.370000 0.370000 0.370000 0.370000 0.370000 0.370000 0.370000 0.370000 0.370000 0.370000 0.370000 0.370000 0.370000 0.370000 0.370000 0.370000 0.370000 0.370000 0.370000 0.370000 0.370000 0.370000 0.370000 0.363872 0.352483 0.341682 0.316849 0.312849 0.304553 0.284898 0.272872 0.263976 0.275852 0.273747 0.272975 0.279048 0.293714 0.302699 0.323971 0.339840 0.355498 0.365679 0.368994 0.370000 0.370000 0.370000 0.370000 0.370000 0.370000 0.370000 0.370000 0.370000 0.370000 0.370000 0.370000 0.370000 0.370000 0.370000 0.368129 0.359651 0.342991 0.313997 0.270915 0.207073 0.180305 -9999.0 -9999.0 -9999.0 -9999.0 -9999.0
-9999.0 0.068797 0.071902 0.087004 0.202532 0.366495 0.370000 0.370000 0.370000 0.370000 0.370000 0.370000 0.370000 0.370000 0.370000 0.370000 0.370000 0.370000 0.370000 0.370000 0.370000 0.370000 0.370000 0.370000 0.370000 0.370000 0.370000 0.369986 0.367472 0.359429 0.330990 0.321784 0.278319 0.229873 0.198434 0.170006 0.144399 0.143770 0.150893 0.143110 0.134058 0.127102 0.136434 0.142427 0.146981 0.142657 0.146227 0.162651 0.190256 0.217254 0.251228 0.287399 0.312763 0.337225 0.351355 0.364534 0.369454 0.370000 0.370000 0.370000 0.370000 0.370000 0.370000 0.370000 0.370000 0.370000 0.370000 0.370000 0.370000 0.370000 0.370000 0.367165 0.353140 -9999.0 -9999.0 -9999.0 -9999.0 -9999.0 -9999.0 -9999.0
-9999.0 0.068149 0.069564 0.074205 0.100580 0.191206 0.298947 0.350422 0.365924 0.364902 0.366487 0.368856 0.369972 0.370000 0.369872 0.367359 0.363054 0.363586 0.363631 0.357873 0.348186 0.341942 0.341923 0.338704 0.325386 0.316369 0.310280 0.296807 0.272771 0.234860 0.179695 0.146009 0.122946 0.112545 0.105411 0.098921 0.092634 0.094215 0.096640 0.095816 0.093789 0.093020 0.097647 0.100874 0.102806 0.100034 0.103518 0.109484 0.120897 0.134980 0.155245 0.184065 0.217496 0.237560 0.247684 0.268085 0.295085 0.326644 0.360061 0.370000 0.370000 0.370000 0.370000 0.370000 0.370000 0.370000 0.370000 0.370000 0.370000 0.370000 0.370000 -9999.0 -9999.0 -9999.0 -9999.0 -9999.0 -9999.0 -9999.0 -9999.0 -9999.0
-9999.0 -9999.0 0.068149 0.069210 0.071203 0.076418 0.086284 0.099816 0.113883 0.140120 0.182538 0.229163 0.256223 0.267138 0.252606 0.221368 0.202173 0.202737 0.197187 0.187668 0.172429 0.167467 0.163119 0.159524 0.152593 0.149062 0.146899 0.142406 0.133467 0.117884 0.104372 0.094958 0.087838 0.085325 0.083378 0.081574 0.081253 0.081194 0.081722 0.081794 0.082136 0.083019 0.084834 0.086886 0.087860 0.088542 0.090010 0.093105 0.098286 0.106190 0.119610 0.139079 0.155738 0.160758 0.154844 0.157094 0.168079 0.193578 0.253454 0.310435 0.352028 0.366952 0.370000 0.370000 0.370000 0.370000 0.370000 0.370000 0.370000 0.370000 -9999.0 -9999.0 -9999.0 -9999.0 -9999.0 -9999.0 -9999.0 -9999.0 -9999.0 -9999.0
-9999.0 -9999.0 -9999.0 -9999.0 0.068365 0.069340 0.070292 0.071533 0.074394 0.078799 0.085140 0.093407 0.101275 0.105704 0.102717 0.100828 0.099099 0.098680 0.097340 0.096194 0.095099 0.093972 0.092593 0.091596 0.091441 0.091846 0.091630 0.090031 0.088302 0.085317 0.083087 0.080473 0.078232 0.076790 0.076219 0.075907 0.075925 0.075725 0.076129 0.076377 0.077040 0.077801 0.079126 0.080910 0.081764 0.082835 0.083629 0.085519 0.088633 0.095707 0.107587 0.122702 0.134108 0.134632 0.124031 0.118290 0.116755 0.124786 0.141980 0.175928 0.242562 0.291585 0.328736 0.351649 0.362536 0.369798 0.370000 0.370000 -9999.0 -9999.0 -9999.0 -9999.0 -9999.0 -9999.0 -9999.0 -9999.0 -9999.0 -9999.0 -9999.0 -9999.0
-9999.0 -9999.0 -9999.0 -9999.0 -9999.0 -9999.0 0.068126 0.068512 0.069056 0.070107 0.071677 0.073730 0.076220 0.077189 0.077858 0.078967 0.078649 0.077792 0.077048 0.077811 0.078218 0.077995 0.076731 0.076650 0.076780 0.077235 0.077199 0.076923 0.075860 0.076133 0.076033 0.075139 0.074247 0.073796 0.073465 0.073754 0.073784 0.073437 0.073526 0.074303 0.074963 0.075466 0.076401 0.077983 0.079807 0.080706 0.080750 0.081173 0.084541 0.092434 0.104448 0.117550 0.126898 0.128859 0.118526 0.106988 0.101816 0.102599 0.109585 0.123810 0.153422 0.177761 0.195686 0.209873 0.228924 0.296411 -9999.0 -9999.0 -9999.0 -9999.0 -9999.0 -9999.0 -9999.0 -9999.0 -9999.0 -9999.0 -9999.0 -9999.0 -9999.0 -9999.0
-9999.0 -9999.0 -9999.0 -9999.0 -9999.0 -9999.0 -9999.0 -9999.0 -9999.0 -9999.0 -9999.0 -9999.0 -9999.0 -9999.0 -9999.0 -9999.0 -9999.0 -9999.0 -9999.0 -9999.0 -9999.0 -9999.0 -9999.0 -9999.0 -9999.0 -9999.0 -9999.0 -9999.0 -9999.0 -9999.0 -9999.0 -9999.0 -9999.0 -9999.0 -9999.0 -9999.0 -9999.0 -9999.0 -9999.0 -9999.0 -9999.0 -9999.0 -9999.0 -9999.0 -9999.0 -9999.0 -9999.0 -9999.0 -9999.0 -9999.0 -9999.0 -9999.0 -9999.0 -9999.0 -9999.0 -9999.0 -9999.0 -9999.0 -9999.0 -9999.0 -9999.0 -9999.0 -9999.0 -9999.0 -9999.0 -9999.0 -9999.0 -9999.0 -9999.0 -9999.0 -9999.0 -9999.0 -9999.0 -9999.0 -9999.0 -9999.0 -9999.0 -9999.0 -9999.0 -9999.0
-9999.0 -9999.0 -9999.0 -9999.0 -9999.0 -9999.0 -9999.0 -9999.0 -9999.0 -9999.0 -9999.0 -9999.0 -9999.0 -9999.0 -9999.0 -9999.0 -9999.0 -9999.0 -9999.0 -9999.0 -9999.0 -9999.0 -9999.0 -9999.0 -9999.0 -9999.0 -9999.0 -9999.0 -9999.0 -9999.0 -9999.0 -9999.0 -9999.0 -9999.0 -9999.0 -9999.0 -9999.0 -9999.0 -9999.0 -9999.0 -9999.0 -9999.0 -9999.0 -9999.0 -9999.0 -9999.0 -9999.0 -9999.0 -9999.0 -9999.0 -9999.0 -9999.0 -9999.0 -9999.0 -9999.0 -9999.0 -9999.0 -9999.0 -9999.0 -9999.0 -9999.0 -9999.0 -9999.0 -9999.0 -9999.0 -9999.0 -9999.0 -9999.0 -9999.0 -9999.0 -9999.0 -9999.0 -9999.0 -9999.0 -9999.0 -9999.0 -9999.0 -9999.0 -9999.0 -9999.0