Borden_/Borden1m_014/output_maps/thetaliqL0004N0003.asc
ncols         80
nrows         18
xllcorner     620200.000000
yllcorner     5168000.000000
cellsize      1.000000
NODATA_value  -9999.0
-9999.0 -9999.0 -9999.0 -9999.0 -9999.0 -9999.0 -9999.0 -9999.0 -9999.0 -9999.0 -9999.0 -9999.0 -9999.0 -9999.0 -9999.0 -9999.0 -9999.0 -9999.0 -9999.0 -9999.0 -9999.0 -9999.0 -9999.0 -9999.0 -9999.0 -9999.0 -9999.0 -9999.0 -9999.0 -9999.0 -9999.0 -9999.0 -9999.0 -9999.0 -9999.0 -9999.0 -9999.0 -9999.0 -9999.0 -9999.0 -9999.0 -9999.0 -9999.0 -9999.0 -9999.0 -9999.0 -9999.0 -9999.0 -9999.0 -9999.0 -9999.0 -9999.0 -9999.0 -9999.0 -9999.0 -9999.0 -9999.0 -9999.0 -9999.0 -9999.0 -9999.0 -9999.0 -9999.0 -9999.0 -9999.0 -9999.0 -9999.0 -9999.0 -9999.0 -9999.0 -9999.0 -9999.0 -9999.0 -9999.0 -9999.0 -9999.0 -9999.0 -9999.0 -9999.0 -9999.0
-9999.0 -9999.0 -9999.0 -9999.0 -9999.0 -9999.0 -9999.0 -9999.0 -9999.0 -9999.0 -9999.0 -9999.0 -9999.0 -9999.0 -9999.0 -9999.0 -9999.0 -9999.0 -9999.0 -9999.0 -9999.0 -9999.0 -9999.0 -9999.0 -9999.0 -9999.0 -9999.0 -9999.0 -9999.0 -9999.0 -9999.0 -9999.0 -9999.0 -9999.0 -9999.0 -9999.0 -9999.0 -9999.0 -9999.0 -9999.0 -9999.0 -9999.0 -9999.0 -9999.0 -9999.0 -9999.0 -9999.0 -9999.0 -9999.0 -9999.0 -9999.0 -9999.0 -9999.0 -9999.0 -9999.0 -9999.0 -9999.0 -9999.0 -9999.0 -9999.0 -9999.0 -9999.0 -9999.0 -9999.0 -9999.0 -9999.0 -9999.0 -9999.0 -9999.0 -9999.0 -9999.0 -9999.0 -9999.0 -9999.0 -9999.0 -9999.0 -9999.0 -9999.0 -9999.0 -9999.0
-9999.0 -9999.0 -9999.0 -9999.0 -9999.0 -9999.0 -9999.0 -9999.0 -9999.0 -9999.0 -9999.0 -9999.0 -9999.0 -9999.0 -9999.0 -9999.0 -9999.0 -9999.0 -9999.0 -9999.0 0.091388 0.091818 0.088877 0.085238 0.082720 0.082828 0.085927 0.090470 0.095739 0.097453 0.094491 0.094582 0.093726 0.093731 0.094178 0.094999 0.095289 0.097167 0.098623 0.098585 0.097509 0.096507 0.096165 0.096770 0.097580 0.096285 0.098544 0.101413 0.102814 0.101852 0.096943 0.094460 0.093370 0.091489 0.095087 0.097269 0.101597 0.102583 0.102490 0.097512 0.092851 -9999.0 -9999.0 -9999.0 -9999.0 -9999.0 -9999.0 -9999.0 -9999.0 -9999.0 -9999.0 -9999.0 -9999.0 -9999.0 -9999.0 -9999.0 -9999.0 -9999.0 -9999.0 -9999.0
-9999.0 -9999.0 -9999.0 -9999.0 -9999.0 -9999.0 -9999.0 -9999.0 -9999.0 -9999.0 -9999.0 -9999.0 -9999.0 -9999.0 0.082269 0.081462 0.081206 0.081797 0.084547 0.087468 0.088889 0.087963 0.087899 0.085416 0.083571 0.084770 0.087617 0.091271 0.096111 0.099567 0.097176 0.096621 0.098395 0.103781 0.107037 0.106336 0.101708 0.106362 0.110192 0.112684 0.112363 0.110114 0.114045 0.118748 0.116767 0.111943 0.112657 0.115815 0.120452 0.116027 0.100853 0.097090 0.096799 0.095879 0.094010 0.093129 0.097031 0.097374 0.096125 0.093480 0.089322 0.084738 0.083243 0.086867 0.092350 0.102284 -9999.0 -9999.0 -9999.0 -9999.0 -9999.0 -9999.0 -9999.0 -9999.0 -9999.0 -9999.0 -9999.0 -9999.0 -9999.0 -9999.0
-9999.0 -9999.0 -9999.0 -9999.0 -9999.0 -9999.0 -9999.0 -9999.0 -9999.0 0.078603 0.078764 0.079147 0.079210 0.080152 0.080030 0.080443 0.080976 0.082849 0.085530 0.089227 0.092921 0.091401 0.091345 0.093046 0.094162 0.096087 0.099415 0.107514 0.118507 0.132394 0.122210 0.121410 0.127656 0.148179 0.168535 0.174259 0.163565 0.164265 0.178629 0.194503 0.193516 0.192141 0.207610 0.216144 0.222001 0.209676 0.196747 0.195028 0.213055 0.180213 0.146908 0.125128 0.125598 0.116017 0.105587 0.100923 0.100464 0.105282 0.102263 0.095700 0.090586 0.089591 0.087789 0.089706 0.092807 0.100784 0.109336 0.117362 0.117759 0.112970 -9999.0 -9999.0 -9999.0 -9999.0 -9999.0 -9999.0 -9999.0 -9999.0 -9999.0 -9999.0
-9999.0 -9999.0 -9999.0 -9999.0 -9999.0 -9999.0 0.075060 0.075361 0.076123 0.076362 0.077442 0.077803 0.078890 0.080035 0.081345 0.082590 0.085238 0.088520 0.093838 0.101205 0.107933 0.106815 0.108935 0.118094 0.133092 0.147006 0.157814 0.177678 0.227068 0.257336 0.268223 0.272083 0.279295 0.314545 0.352049 0.359246 0.350953 0.342567 0.350383 0.362866 0.364925 0.364874 0.366216 0.368295 0.370000 0.370000 0.364599 0.358280 0.355469 0.352375 0.324144 0.277193 0.246866 0.215155 0.166903 0.138517 0.137562 0.144503 0.132206 0.115233 0.104902 0.102911 0.100289 0.097820 0.098860 0.102785 0.108310 0.111449 0.108639 0.104200 0.099705 0.094908 0.095248 0.099721 -9999.0 -9999.0 -9999.0 -9999.0 -9999.0 -9999.0
-9999.0 -9999.0 -9999.0 -9999.0 0.073478 0.073821 0.073485 0.074154 0.075226 0.076536 0.078094 0.080274 0.082126 0.084504 0.088747 0.093784 0.100981 0.107983 0.122881 0.149994 0.177582 0.193764 0.201696 0.243176 0.289795 0.327533 0.338319 0.349894 0.363634 0.370000 0.370000 0.370000 0.370000 0.370000 0.370000 0.370000 0.370000 0.370000 0.370000 0.370000 0.370000 0.370000 0.370000 0.370000 0.370000 0.370000 0.370000 0.370000 0.370000 0.370000 0.370000 0.370000 0.369965 0.365197 0.359700 0.339099 0.288161 0.270710 0.232466 0.197363 0.158926 0.146972 0.134043 0.125241 0.116006 0.116573 0.117853 0.112748 0.105746 0.099507 0.097055 0.094219 0.092888 0.097696 0.101070 0.107967 -9999.0 -9999.0 -9999.0 -9999.0
-9999.0 -9999.0 0.072081 0.073291 0.075022 0.075321 0.075422 0.075579 0.076656 0.079206 0.085148 0.090954 0.097596 0.102778 0.116922 0.148225 0.187695 0.216889 0.256119 0.304682 0.342216 0.356793 0.362032 0.369909 0.370000 0.370000 0.370000 0.370000 0.370000 0.370000 0.370000 0.370000 0.370000 0.370000 0.370000 0.370000 0.370000 0.370000 0.370000 0.370000 0.370000 0.370000 0.370000 0.370000 0.370000 0.370000 0.370000 0.370000 0.370000 0.370000 0.370000 0.370000 0.370000 0.370000 0.370000 0.370000 0.370000 0.370000 0.367899 0.358182 0.320082 0.280992 0.244287 0.210562 0.178343 0.161489 0.140528 0.126002 0.113031 0.102919 0.098740 0.095806 0.095650 0.095956 0.098837 0.101978 0.105366 0.107223 -9999.0 -9999.0
-9999.0 0.070453 0.071606 0.074984 0.078486 0.081285 0.084757 0.087802 0.090339 0.091582 0.111601 0.149866 0.198332 0.214130 0.249933 0.318529 0.359964 0.369349 0.370000 0.370000 0.370000 0.370000 0.370000 0.370000 0.370000 0.370000 0.370000 0.370000 0.370000 0.370000 0.370000 0.370000 0.370000 0.370000 0.370000 0.370000 0.370000 0.370000 0.370000 0.370000 0.370000 0.370000 0.370000 0.370000 0.370000 0.370000 0.370000 0.370000 0.370000 0.370000 0.370000 0.370000 0.370000 0.370000 0.370000 0.370000 0.370000 0.370000 0.370000 0.370000 0.370000 0.370000 0.357980 0.330284 0.289507 0.242354 0.203923 0.171618 0.141725 0.127976 0.118673 0.105517 0.100896 0.101496 0.099875 0.099575 0.100989 0.102342 -9999.0 -9999.0
-9999.0 0.069685 0.071691 0.077692 0.089322 0.098087 0.128841 0.165580 0.178998 0.166350 0.229156 0.362492 0.370000 0.370000 0.370000 0.370000 0.370000 0.370000 0.370000 0.370000 0.370000 0.370000 0.370000 0.370000 0.370000 0.370000 0.370000 0.370000 0.370000 0.370000 0.370000 0.370000 0.370000 0.370000 0.370000 0.370000 0.370000 0.370000 0.368952 0.362069 0.358567 0.365774 0.362377 0.354613 0.352500 0.361905 0.369262 0.367590 0.367602 0.370000 0.370000 0.370000 0.370000 0.370000 0.370000 0.370000 0.370000 0.370000 0.370000 0.370000 0.370000 0.370000 0.370000 0.370000 0.367888 0.339425 0.309351 0.275642 0.233916 0.204548 0.175268 0.146252 0.124072 0.116132 0.106357 0.101890 -9999.0 -9999.0 -9999.0 -9999.0
-9999.0 0.069174 0.071519 0.082358 0.127988 0.190737 0.323577 0.370000 0.370000 0.370000 0.370000 0.370000 0.370000 0.370000 0.370000 0.370000 0.370000 0.370000 0.370000 0.370000 0.370000 0.370000 0.370000 0.370000 0.370000 0.370000 0.370000 0.370000 0.370000 0.370000 0.370000 0.370000 0.368558 0.332056 0.304664 0.284649 0.249058 0.244316 0.234710 0.214096 0.202707 0.194935 0.205510 0.203368 0.202571 0.208411 0.223019 0.232650 0.258938 0.282006 0.311423 0.340018 0.353565 0.367765 0.370000 0.370000 0.370000 0.370000 0.370000 0.370000 0.370000 0.370000 0.370000 0.370000 0.370000 0.370000 0.370000 0.367005 0.349993 0.323003 0.289105 0.247041 0.200722 0.150699 0.133433 -9999.0 -9999.0 -9999.0 -9999.0 -9999.0
-9999.0 0.068352 0.070474 0.079900 0.150400 0.348796 0.369214 0.370000 0.370000 0.370000 0.370000 0.370000 0.370000 0.370000 0.370000 0.370000 0.370000 0.370000 0.370000 0.370000 0.370000 0.370000 0.370000 0.370000 0.370000 0.369961 0.368183 0.364379 0.346814 0.321003 0.267684 0.255828 0.208010 0.167589 0.145678 0.127775 0.112578 0.112171 0.116247 0.111688 0.106497 0.102536 0.107817 0.111209 0.113813 0.111362 0.113427 0.123035 0.139993 0.157961 0.183510 0.216203 0.244461 0.278557 0.302568 0.336039 0.356672 0.369595 0.370000 0.370000 0.370000 0.370000 0.370000 0.370000 0.370000 0.370000 0.370000 0.370000 0.370000 0.370000 0.369743 0.348298 0.312857 -9999.0 -9999.0 -9999.0 -9999.0 -9999.0 -9999.0 -9999.0
-9999.0 0.067884 0.068893 0.072017 0.088161 0.143234 0.231717 0.305718 0.344947 0.339686 0.344428 0.354758 0.364385 0.368432 0.362211 0.347362 0.332291 0.334110 0.334491 0.317887 0.296338 0.284984 0.285195 0.280030 0.260419 0.248830 0.241693 0.226579 0.202594 0.171198 0.133615 0.113526 0.100288 0.094337 0.090276 0.086570 0.082939 0.083842 0.085237 0.084754 0.083578 0.083126 0.085772 0.087599 0.088693 0.087116 0.089086 0.092455 0.098881 0.106829 0.118482 0.135849 0.157861 0.172547 0.180567 0.197957 0.224317 0.262096 0.322001 0.365567 0.370000 0.370000 0.370000 0.370000 0.370000 0.370000 0.370000 0.370000 0.370000 0.370000 0.370000 -9999.0 -9999.0 -9999.0 -9999.0 -9999.0 -9999.0 -9999.0 -9999.0 -9999.0
-9999.0 -9999.0 0.067886 0.068651 0.070041 0.073486 0.079649 0.087745 0.095876 0.110887 0.136341 0.167854 0.188975 0.198272 0.185868 0.161785 0.148434 0.148824 0.145187 0.138953 0.129349 0.126304 0.123716 0.121572 0.117408 0.115295 0.114018 0.111403 0.106242 0.097374 0.089674 0.084288 0.080153 0.078673 0.077516 0.076433 0.076232 0.076200 0.076517 0.076558 0.076756 0.077278 0.078352 0.079551 0.080118 0.080508 0.081360 0.083144 0.086104 0.090566 0.098092 0.109061 0.118645 0.121609 0.118195 0.119579 0.126188 0.142132 0.185590 0.241729 0.303933 0.342695 0.369141 0.370000 0.370000 0.370000 0.370000 0.370000 0.370000 0.370000 -9999.0 -9999.0 -9999.0 -9999.0 -9999.0 -9999.0 -9999.0 -9999.0 -9999.0 -9999.0
-9999.0 -9999.0 -9999.0 -9999.0 0.068046 0.068744 0.069405 0.070249 0.072126 0.074897 0.078748 0.083617 0.088131 0.090662 0.088908 0.087758 0.086747 0.086523 0.085760 0.085074 0.084419 0.083765 0.082981 0.082400 0.082299 0.082523 0.082395 0.081465 0.080458 0.078682 0.077344 0.075773 0.074409 0.073521 0.073166 0.072969 0.072979 0.072856 0.073107 0.073259 0.073666 0.074133 0.074940 0.076013 0.076521 0.077157 0.077628 0.078743 0.080560 0.084623 0.091332 0.099792 0.106196 0.106498 0.100536 0.097336 0.096506 0.101049 0.110877 0.131031 0.176672 0.220542 0.265360 0.303272 0.329146 0.360186 0.370000 0.370000 -9999.0 -9999.0 -9999.0 -9999.0 -9999.0 -9999.0 -9999.0 -9999.0 -9999.0 -9999.0 -9999.0 -9999.0
-9999.0 -9999.0 -9999.0 -9999.0 -9999.0 -9999.0 0.067869 0.068149 0.068540 0.069266 0.070314 0.071645 0.073217 0.073812 0.074211 0.074882 0.074683 0.074161 0.073707 0.074173 0.074414 0.074278 0.073503 0.073450 0.073528 0.073809 0.073786 0.073615 0.072954 0.073116 0.073048 0.072490 0.071927 0.071640 0.071429 0.071612 0.071631 0.071411 0.071469 0.071960 0.072374 0.072688 0.073269 0.074241 0.075346 0.075885 0.075911 0.076166 0.078169 0.082754 0.089565 0.096899 0.102128 0.103235 0.097444 0.090988 0.088085 0.088541 0.092494 0.100522 0.117489 0.132102 0.143578 0.153213 0.166831 0.225865 -9999.0 -9999.0 -9999.0 -9999.0 -9999.0 -9999.0 -9999.0 -9999.0 -9999.0 -9999.0 -9999.0 -9999.0 -9999.0 -9999.0
-9999.0 -9999.0 -9999.0 -9999.0 -9999.0 -9999.0 -9999.0 -9999.0 -9999.0 -9999.0 -9999.0 -9999.0 -9999.0 -9999.0 -9999.0 -9999.0 -9999.0 -9999.0 -9999.0 -9999.0 -9999.0 -9999.0 -9999.0 -9999.0 -9999.0 -9999.0 -9999.0 -9999.0 -9999.0 -9999.0 -9999.0 -9999.0 -9999.0 -9999.0 -9999.0 -9999.0 -9999.0 -9999.0 -9999.0 -9999.0 -9999.0 -9999.0 -9999.0 -9999.0 -9999.0 -9999.0 -9999.0 -9999.0 -9999.0 -9999.0 -9999.0 -9999.0 -9999.0 -9999.0 -9999.0 -9999.0 -9999.0 -9999.0 -9999.0 -9999.0 -9999.0 -9999.0 -9999.0 -9999.0 -9999.0 -9999.0 -9999.0 -9999.0 -9999.0 -9999.0 -9999.0 -9999.0 -9999.0 -9999.0 -9999.0 -9999.0 -9999.0 -9999.0 -9999.0 -9999.0
-9999.0 -9999.0 -9999.0 -9999.0 -9999.0 -9999.0 -9999.0 -9999.0 -9999.0 -9999.0 -9999.0 -9999.0 -9999.0 -9999.0 -9999.0 -9999.0 -9999.0 -9999.0 -9999.0 -9999.0 -9999.0 -9999.0 -9999.0 -9999.0 -9999.0 -9999.0 -9999.0 -9999.0 -9999.0 -9999.0 -9999.0 -9999.0 -9999.0 -9999.0 -9999.0 -9999.0 -9999.0 -9999.0 -9999.0 -9999.0 -9999.0 -9999.0 -9999.0 -9999.0 -9999.0 -9999.0 -9999.0 -9999.0 -9999.0 -9999.0 -9999.0 -9999.0 -9999.0 -9999.0 -9999.0 -9999.0 -9999.0 -9999.0 -9999.0 -9999.0 -9999.0 -9999.0 -9999.0 -9999.0 -9999.0 -9999.0 -9999.0 -9999.0 -9999.0 -9999.0 -9999.0 -9999.0 -9999.0 -9999.0 -9999.0 -9999.0 -9999.0 -9999.0 -9999.0 -9999.0