Borden_/Borden1m_014/output_maps/thetaliqL0001N0006.asc
ncols         80
nrows         18
xllcorner     620200.000000
yllcorner     5168000.000000
cellsize      1.000000
NODATA_value  -9999.0
-9999.0 -9999.0 -9999.0 -9999.0 -9999.0 -9999.0 -9999.0 -9999.0 -9999.0 -9999.0 -9999.0 -9999.0 -9999.0 -9999.0 -9999.0 -9999.0 -9999.0 -9999.0 -9999.0 -9999.0 -9999.0 -9999.0 -9999.0 -9999.0 -9999.0 -9999.0 -9999.0 -9999.0 -9999.0 -9999.0 -9999.0 -9999.0 -9999.0 -9999.0 -9999.0 -9999.0 -9999.0 -9999.0 -9999.0 -9999.0 -9999.0 -9999.0 -9999.0 -9999.0 -9999.0 -9999.0 -9999.0 -9999.0 -9999.0 -9999.0 -9999.0 -9999.0 -9999.0 -9999.0 -9999.0 -9999.0 -9999.0 -9999.0 -9999.0 -9999.0 -9999.0 -9999.0 -9999.0 -9999.0 -9999.0 -9999.0 -9999.0 -9999.0 -9999.0 -9999.0 -9999.0 -9999.0 -9999.0 -9999.0 -9999.0 -9999.0 -9999.0 -9999.0 -9999.0 -9999.0
-9999.0 -9999.0 -9999.0 -9999.0 -9999.0 -9999.0 -9999.0 -9999.0 -9999.0 -9999.0 -9999.0 -9999.0 -9999.0 -9999.0 -9999.0 -9999.0 -9999.0 -9999.0 -9999.0 -9999.0 -9999.0 -9999.0 -9999.0 -9999.0 -9999.0 -9999.0 -9999.0 -9999.0 -9999.0 -9999.0 -9999.0 -9999.0 -9999.0 -9999.0 -9999.0 -9999.0 -9999.0 -9999.0 -9999.0 -9999.0 -9999.0 -9999.0 -9999.0 -9999.0 -9999.0 -9999.0 -9999.0 -9999.0 -9999.0 -9999.0 -9999.0 -9999.0 -9999.0 -9999.0 -9999.0 -9999.0 -9999.0 -9999.0 -9999.0 -9999.0 -9999.0 -9999.0 -9999.0 -9999.0 -9999.0 -9999.0 -9999.0 -9999.0 -9999.0 -9999.0 -9999.0 -9999.0 -9999.0 -9999.0 -9999.0 -9999.0 -9999.0 -9999.0 -9999.0 -9999.0
-9999.0 -9999.0 -9999.0 -9999.0 -9999.0 -9999.0 -9999.0 -9999.0 -9999.0 -9999.0 -9999.0 -9999.0 -9999.0 -9999.0 -9999.0 -9999.0 -9999.0 -9999.0 -9999.0 -9999.0 0.242375 0.243330 0.241710 0.239954 0.238361 0.238063 0.239775 0.241564 0.243656 0.243908 0.241915 0.242563 0.241717 0.241102 0.240934 0.241494 0.241813 0.242430 0.242765 0.242448 0.241878 0.241541 0.241115 0.241136 0.241875 0.240893 0.242213 0.243364 0.243668 0.243883 0.242579 0.242159 0.242039 0.240396 0.243315 0.243910 0.245717 0.245768 0.246300 0.244289 0.242286 -9999.0 -9999.0 -9999.0 -9999.0 -9999.0 -9999.0 -9999.0 -9999.0 -9999.0 -9999.0 -9999.0 -9999.0 -9999.0 -9999.0 -9999.0 -9999.0 -9999.0 -9999.0 -9999.0
-9999.0 -9999.0 -9999.0 -9999.0 -9999.0 -9999.0 -9999.0 -9999.0 -9999.0 -9999.0 -9999.0 -9999.0 -9999.0 -9999.0 0.240274 0.239237 0.238727 0.238214 0.239759 0.240808 0.240532 0.239457 0.240530 0.238607 0.236832 0.237872 0.239101 0.239811 0.241308 0.242519 0.241212 0.240879 0.241456 0.243729 0.244506 0.243909 0.240744 0.243674 0.244815 0.245577 0.245487 0.244051 0.245820 0.247913 0.246730 0.244514 0.245084 0.246233 0.248220 0.247685 0.240801 0.240730 0.241323 0.241757 0.240792 0.240008 0.242908 0.242283 0.241953 0.241889 0.240654 0.238196 0.236984 0.239790 0.241794 0.246330 -9999.0 -9999.0 -9999.0 -9999.0 -9999.0 -9999.0 -9999.0 -9999.0 -9999.0 -9999.0 -9999.0 -9999.0 -9999.0 -9999.0
-9999.0 -9999.0 -9999.0 -9999.0 -9999.0 -9999.0 -9999.0 -9999.0 -9999.0 0.239135 0.238759 0.239005 0.238172 0.239016 0.237224 0.237545 0.237069 0.238134 0.238712 0.239964 0.241962 0.240208 0.239938 0.241012 0.240861 0.240913 0.241401 0.244304 0.247261 0.252748 0.247323 0.247033 0.248930 0.256023 0.263173 0.266783 0.260946 0.260528 0.265860 0.274808 0.274679 0.274103 0.279870 0.282906 0.285438 0.280958 0.275700 0.273627 0.279473 0.266353 0.255375 0.247670 0.250017 0.246745 0.243153 0.242055 0.241418 0.244693 0.243738 0.241292 0.239295 0.240513 0.239144 0.240472 0.240983 0.244325 0.247117 0.249961 0.250091 0.248198 -9999.0 -9999.0 -9999.0 -9999.0 -9999.0 -9999.0 -9999.0 -9999.0 -9999.0 -9999.0
-9999.0 -9999.0 -9999.0 -9999.0 -9999.0 -9999.0 0.237890 0.237664 0.238157 0.235864 0.237148 0.235957 0.236812 0.237007 0.237440 0.237139 0.238388 0.239294 0.240933 0.243076 0.245151 0.243378 0.243855 0.246897 0.251991 0.256165 0.259055 0.265310 0.286442 0.298989 0.303840 0.305503 0.308408 0.328480 0.365031 0.369998 0.363418 0.351656 0.364708 0.370000 0.370000 0.370000 0.370000 0.370000 0.370000 0.370000 0.370000 0.370000 0.370000 0.365660 0.335580 0.308079 0.294680 0.282759 0.265095 0.251771 0.252390 0.255836 0.252072 0.246421 0.243284 0.243819 0.243385 0.241965 0.242723 0.243936 0.245952 0.247321 0.246377 0.245241 0.244668 0.242364 0.242828 0.245094 -9999.0 -9999.0 -9999.0 -9999.0 -9999.0 -9999.0
-9999.0 -9999.0 -9999.0 -9999.0 0.234920 0.235842 0.232896 0.234423 0.235450 0.236103 0.235668 0.236874 0.236883 0.237572 0.239264 0.240089 0.242257 0.243621 0.248344 0.257081 0.265731 0.273313 0.276888 0.293324 0.314471 0.337857 0.347447 0.364966 0.370000 0.370000 0.370000 0.370000 0.370000 0.370000 0.370000 0.370000 0.370000 0.370000 0.370000 0.370000 0.370000 0.370000 0.370000 0.370000 0.370000 0.370000 0.370000 0.370000 0.370000 0.370000 0.370000 0.370000 0.370000 0.370000 0.370000 0.351288 0.313345 0.304768 0.288394 0.275006 0.258787 0.255992 0.252124 0.249995 0.246491 0.247499 0.248850 0.247103 0.244943 0.242869 0.243006 0.242146 0.240748 0.243897 0.244625 0.247713 -9999.0 -9999.0 -9999.0 -9999.0
-9999.0 -9999.0 0.235132 0.234845 0.237144 0.235342 0.234268 0.232771 0.233075 0.235057 0.238570 0.239212 0.241089 0.241777 0.246535 0.256988 0.272749 0.283570 0.298605 0.322476 0.352763 0.370000 0.370000 0.370000 0.370000 0.370000 0.370000 0.370000 0.370000 0.370000 0.370000 0.370000 0.370000 0.370000 0.370000 0.370000 0.370000 0.370000 0.370000 0.370000 0.370000 0.370000 0.370000 0.370000 0.370000 0.370000 0.370000 0.370000 0.370000 0.370000 0.370000 0.370000 0.370000 0.370000 0.370000 0.370000 0.370000 0.370000 0.370000 0.370000 0.335078 0.309555 0.291399 0.275743 0.265038 0.260563 0.253941 0.250114 0.246569 0.242980 0.242179 0.241819 0.242669 0.241991 0.243603 0.244597 0.246394 0.246943 -9999.0 -9999.0
-9999.0 0.234734 0.233456 0.237398 0.237291 0.237559 0.237798 0.238106 0.238880 0.236857 0.245772 0.261552 0.278703 0.282928 0.295358 0.332794 0.370000 0.370000 0.370000 0.370000 0.370000 0.370000 0.370000 0.370000 0.370000 0.370000 0.370000 0.370000 0.370000 0.370000 0.370000 0.370000 0.370000 0.370000 0.370000 0.370000 0.370000 0.370000 0.370000 0.370000 0.370000 0.370000 0.370000 0.370000 0.370000 0.370000 0.370000 0.370000 0.370000 0.370000 0.370000 0.370000 0.370000 0.370000 0.370000 0.370000 0.370000 0.370000 0.370000 0.370000 0.370000 0.370000 0.370000 0.342733 0.312967 0.286713 0.272746 0.262906 0.253675 0.250458 0.248668 0.243566 0.242607 0.244215 0.243535 0.243477 0.244158 0.244637 -9999.0 -9999.0
-9999.0 0.230297 0.234099 0.237673 0.241507 0.240043 0.251899 0.268637 0.272512 0.264917 0.289869 0.370000 0.370000 0.370000 0.370000 0.370000 0.370000 0.370000 0.370000 0.370000 0.370000 0.370000 0.370000 0.370000 0.370000 0.370000 0.370000 0.370000 0.370000 0.370000 0.370000 0.370000 0.370000 0.370000 0.370000 0.370000 0.370000 0.370000 0.370000 0.370000 0.370000 0.370000 0.370000 0.370000 0.370000 0.370000 0.370000 0.370000 0.370000 0.370000 0.370000 0.370000 0.370000 0.370000 0.370000 0.370000 0.370000 0.370000 0.370000 0.370000 0.370000 0.370000 0.370000 0.370000 0.370000 0.353514 0.324861 0.305689 0.284185 0.273430 0.264358 0.255907 0.248871 0.248134 0.244457 0.244583 -9999.0 -9999.0 -9999.0 -9999.0
-9999.0 0.230082 0.233652 0.240698 0.256040 0.270676 0.339678 0.370000 0.370000 0.370000 0.370000 0.370000 0.370000 0.370000 0.370000 0.370000 0.370000 0.370000 0.370000 0.370000 0.370000 0.370000 0.370000 0.370000 0.370000 0.370000 0.370000 0.370000 0.370000 0.370000 0.370000 0.370000 0.370000 0.346137 0.322490 0.311897 0.295613 0.294191 0.290205 0.281730 0.277548 0.275406 0.278927 0.275973 0.274775 0.279477 0.285610 0.288548 0.299058 0.309708 0.326316 0.350713 0.370000 0.370000 0.370000 0.370000 0.370000 0.370000 0.370000 0.370000 0.370000 0.370000 0.370000 0.370000 0.370000 0.370000 0.370000 0.370000 0.366259 0.334628 0.312783 0.289133 0.272488 0.258318 0.253862 -9999.0 -9999.0 -9999.0 -9999.0 -9999.0
-9999.0 0.223938 0.233897 0.239351 0.264332 0.359856 0.369999 0.370000 0.370000 0.370000 0.370000 0.370000 0.370000 0.370000 0.370000 0.370000 0.370000 0.370000 0.370000 0.370000 0.370000 0.370000 0.370000 0.370000 0.370000 0.370000 0.370000 0.370000 0.362057 0.333603 0.303204 0.299381 0.281009 0.262973 0.256446 0.251020 0.245319 0.245750 0.248297 0.246450 0.244497 0.242159 0.244910 0.245987 0.247186 0.245554 0.245684 0.249020 0.254339 0.259190 0.266680 0.277413 0.289524 0.307357 0.320760 0.347396 0.370000 0.370000 0.370000 0.370000 0.370000 0.370000 0.370000 0.370000 0.370000 0.370000 0.370000 0.370000 0.370000 0.370000 0.370000 0.358448 0.321883 -9999.0 -9999.0 -9999.0 -9999.0 -9999.0 -9999.0 -9999.0
-9999.0 0.220783 0.231655 0.232353 0.242654 0.260469 0.291774 0.325253 0.354702 0.349809 0.356302 0.370000 0.370000 0.370000 0.370000 0.361562 0.342097 0.343423 0.343629 0.330846 0.317815 0.311855 0.312172 0.309833 0.300704 0.295805 0.292899 0.286668 0.274521 0.264512 0.252599 0.246262 0.241793 0.240616 0.239738 0.238685 0.235832 0.237707 0.238973 0.238700 0.237803 0.237025 0.239226 0.239799 0.240449 0.238236 0.239595 0.240445 0.242706 0.244824 0.247913 0.252740 0.259384 0.263463 0.265602 0.271376 0.283518 0.300513 0.337397 0.370000 0.370000 0.370000 0.370000 0.370000 0.370000 0.370000 0.370000 0.370000 0.370000 0.370000 0.370000 -9999.0 -9999.0 -9999.0 -9999.0 -9999.0 -9999.0 -9999.0 -9999.0 -9999.0
-9999.0 -9999.0 0.218419 0.222593 0.226095 0.229328 0.233905 0.237795 0.240097 0.246223 0.255238 0.267152 0.275407 0.278724 0.273898 0.261957 0.257073 0.257838 0.256702 0.254846 0.251389 0.250823 0.250027 0.249557 0.248062 0.247471 0.247297 0.246852 0.245647 0.242487 0.239947 0.238242 0.235988 0.236489 0.236266 0.235432 0.236444 0.236205 0.236426 0.236262 0.236494 0.236901 0.237265 0.237861 0.237771 0.237943 0.238052 0.238596 0.239398 0.240383 0.242645 0.246164 0.248748 0.249233 0.247440 0.247798 0.249700 0.254017 0.268029 0.291641 0.322175 0.357683 0.370000 0.370000 0.370000 0.370000 0.370000 0.370000 0.370000 0.370000 -9999.0 -9999.0 -9999.0 -9999.0 -9999.0 -9999.0 -9999.0 -9999.0 -9999.0 -9999.0
-9999.0 -9999.0 -9999.0 -9999.0 0.216408 0.222444 0.228182 0.227306 0.231229 0.233324 0.235040 0.237136 0.238866 0.240087 0.238327 0.238153 0.237991 0.238356 0.238068 0.237713 0.237670 0.237492 0.237315 0.236953 0.237203 0.237650 0.237816 0.237182 0.237413 0.236266 0.236427 0.235896 0.235352 0.234533 0.234855 0.234810 0.235277 0.234803 0.235501 0.235014 0.235493 0.235633 0.236134 0.237029 0.236473 0.236989 0.236904 0.237510 0.237425 0.238868 0.241304 0.244130 0.246007 0.245796 0.242955 0.241957 0.241140 0.242713 0.245002 0.250626 0.265039 0.279416 0.301842 0.321653 0.342349 0.370000 0.370000 0.370000 -9999.0 -9999.0 -9999.0 -9999.0 -9999.0 -9999.0 -9999.0 -9999.0 -9999.0 -9999.0 -9999.0 -9999.0
-9999.0 -9999.0 -9999.0 -9999.0 -9999.0 -9999.0 0.219198 0.222288 0.221191 0.223484 0.225467 0.226894 0.229182 0.228735 0.229465 0.231440 0.231207 0.230323 0.229160 0.230921 0.231708 0.231929 0.230053 0.230653 0.230862 0.231579 0.231502 0.231899 0.230320 0.232396 0.233444 0.233206 0.232988 0.233474 0.233086 0.234360 0.234512 0.233512 0.233175 0.234569 0.234895 0.234591 0.234730 0.235523 0.236776 0.236875 0.236178 0.235150 0.236214 0.238777 0.241425 0.243613 0.245018 0.245639 0.243448 0.240291 0.238683 0.238258 0.239216 0.241050 0.246343 0.249687 0.252229 0.254332 0.257648 0.283139 -9999.0 -9999.0 -9999.0 -9999.0 -9999.0 -9999.0 -9999.0 -9999.0 -9999.0 -9999.0 -9999.0 -9999.0 -9999.0 -9999.0
-9999.0 -9999.0 -9999.0 -9999.0 -9999.0 -9999.0 -9999.0 -9999.0 -9999.0 -9999.0 -9999.0 -9999.0 -9999.0 -9999.0 -9999.0 -9999.0 -9999.0 -9999.0 -9999.0 -9999.0 -9999.0 -9999.0 -9999.0 -9999.0 -9999.0 -9999.0 -9999.0 -9999.0 -9999.0 -9999.0 -9999.0 -9999.0 -9999.0 -9999.0 -9999.0 -9999.0 -9999.0 -9999.0 -9999.0 -9999.0 -9999.0 -9999.0 -9999.0 -9999.0 -9999.0 -9999.0 -9999.0 -9999.0 -9999.0 -9999.0 -9999.0 -9999.0 -9999.0 -9999.0 -9999.0 -9999.0 -9999.0 -9999.0 -9999.0 -9999.0 -9999.0 -9999.0 -9999.0 -9999.0 -9999.0 -9999.0 -9999.0 -9999.0 -9999.0 -9999.0 -9999.0 -9999.0 -9999.0 -9999.0 -9999.0 -9999.0 -9999.0 -9999.0 -9999.0 -9999.0
-9999.0 -9999.0 -9999.0 -9999.0 -9999.0 -9999.0 -9999.0 -9999.0 -9999.0 -9999.0 -9999.0 -9999.0 -9999.0 -9999.0 -9999.0 -9999.0 -9999.0 -9999.0 -9999.0 -9999.0 -9999.0 -9999.0 -9999.0 -9999.0 -9999.0 -9999.0 -9999.0 -9999.0 -9999.0 -9999.0 -9999.0 -9999.0 -9999.0 -9999.0 -9999.0 -9999.0 -9999.0 -9999.0 -9999.0 -9999.0 -9999.0 -9999.0 -9999.0 -9999.0 -9999.0 -9999.0 -9999.0 -9999.0 -9999.0 -9999.0 -9999.0 -9999.0 -9999.0 -9999.0 -9999.0 -9999.0 -9999.0 -9999.0 -9999.0 -9999.0 -9999.0 -9999.0 -9999.0 -9999.0 -9999.0 -9999.0 -9999.0 -9999.0 -9999.0 -9999.0 -9999.0 -9999.0 -9999.0 -9999.0 -9999.0 -9999.0 -9999.0 -9999.0 -9999.0 -9999.0