Borden_/Borden1m_014/output_maps/thetaliqL0006N0033.asc
ncols         80
nrows         18
xllcorner     620200.000000
yllcorner     5168000.000000
cellsize      1.000000
NODATA_value  -9999.0
-9999.0 -9999.0 -9999.0 -9999.0 -9999.0 -9999.0 -9999.0 -9999.0 -9999.0 -9999.0 -9999.0 -9999.0 -9999.0 -9999.0 -9999.0 -9999.0 -9999.0 -9999.0 -9999.0 -9999.0 -9999.0 -9999.0 -9999.0 -9999.0 -9999.0 -9999.0 -9999.0 -9999.0 -9999.0 -9999.0 -9999.0 -9999.0 -9999.0 -9999.0 -9999.0 -9999.0 -9999.0 -9999.0 -9999.0 -9999.0 -9999.0 -9999.0 -9999.0 -9999.0 -9999.0 -9999.0 -9999.0 -9999.0 -9999.0 -9999.0 -9999.0 -9999.0 -9999.0 -9999.0 -9999.0 -9999.0 -9999.0 -9999.0 -9999.0 -9999.0 -9999.0 -9999.0 -9999.0 -9999.0 -9999.0 -9999.0 -9999.0 -9999.0 -9999.0 -9999.0 -9999.0 -9999.0 -9999.0 -9999.0 -9999.0 -9999.0 -9999.0 -9999.0 -9999.0 -9999.0
-9999.0 -9999.0 -9999.0 -9999.0 -9999.0 -9999.0 -9999.0 -9999.0 -9999.0 -9999.0 -9999.0 -9999.0 -9999.0 -9999.0 -9999.0 -9999.0 -9999.0 -9999.0 -9999.0 -9999.0 -9999.0 -9999.0 -9999.0 -9999.0 -9999.0 -9999.0 -9999.0 -9999.0 -9999.0 -9999.0 -9999.0 -9999.0 -9999.0 -9999.0 -9999.0 -9999.0 -9999.0 -9999.0 -9999.0 -9999.0 -9999.0 -9999.0 -9999.0 -9999.0 -9999.0 -9999.0 -9999.0 -9999.0 -9999.0 -9999.0 -9999.0 -9999.0 -9999.0 -9999.0 -9999.0 -9999.0 -9999.0 -9999.0 -9999.0 -9999.0 -9999.0 -9999.0 -9999.0 -9999.0 -9999.0 -9999.0 -9999.0 -9999.0 -9999.0 -9999.0 -9999.0 -9999.0 -9999.0 -9999.0 -9999.0 -9999.0 -9999.0 -9999.0 -9999.0 -9999.0
-9999.0 -9999.0 -9999.0 -9999.0 -9999.0 -9999.0 -9999.0 -9999.0 -9999.0 -9999.0 -9999.0 -9999.0 -9999.0 -9999.0 -9999.0 -9999.0 -9999.0 -9999.0 -9999.0 -9999.0 0.154038 0.155694 0.144138 0.129652 0.119669 0.120112 0.132459 0.150689 0.171524 0.178092 0.166735 0.167282 0.164058 0.164060 0.165863 0.169262 0.170606 0.177953 0.183595 0.183470 0.179346 0.175517 0.174409 0.176766 0.179960 0.174604 0.183393 0.194172 0.199103 0.195398 0.176722 0.166961 0.162498 0.154862 0.168946 0.177123 0.192970 0.196336 0.195830 0.177585 0.159708 -9999.0 -9999.0 -9999.0 -9999.0 -9999.0 -9999.0 -9999.0 -9999.0 -9999.0 -9999.0 -9999.0 -9999.0 -9999.0 -9999.0 -9999.0 -9999.0 -9999.0 -9999.0 -9999.0
-9999.0 -9999.0 -9999.0 -9999.0 -9999.0 -9999.0 -9999.0 -9999.0 -9999.0 -9999.0 -9999.0 -9999.0 -9999.0 -9999.0 0.117849 0.114716 0.113725 0.116021 0.126888 0.138577 0.144222 0.140562 0.140357 0.130420 0.123025 0.127830 0.139360 0.154165 0.173522 0.186991 0.178073 0.176120 0.183238 0.203888 0.216187 0.214244 0.197415 0.214638 0.228305 0.237036 0.236356 0.229170 0.242425 0.256956 0.251329 0.235699 0.237511 0.247126 0.260322 0.246121 0.193285 0.178172 0.176540 0.172643 0.165017 0.161435 0.176557 0.177626 0.172739 0.162416 0.145913 0.127582 0.121605 0.136030 0.157606 0.194512 -9999.0 -9999.0 -9999.0 -9999.0 -9999.0 -9999.0 -9999.0 -9999.0 -9999.0 -9999.0 -9999.0 -9999.0 -9999.0 -9999.0
-9999.0 -9999.0 -9999.0 -9999.0 -9999.0 -9999.0 -9999.0 -9999.0 -9999.0 0.103673 0.104311 0.105773 0.106021 0.109640 0.109134 0.110740 0.112752 0.120150 0.130828 0.145682 0.160442 0.154572 0.154452 0.161230 0.165694 0.173739 0.187375 0.218148 0.255533 0.292623 0.269739 0.268795 0.287139 0.328369 0.351367 0.355958 0.348021 0.349013 0.358870 0.364856 0.365380 0.365377 0.367905 0.368679 0.368944 0.367968 0.365760 0.365159 0.367656 0.359154 0.326742 0.280185 0.277190 0.247936 0.211467 0.193419 0.191118 0.207967 0.196630 0.171577 0.151255 0.147082 0.139767 0.147460 0.159591 0.189460 0.218437 0.242144 0.242947 0.229055 -9999.0 -9999.0 -9999.0 -9999.0 -9999.0 -9999.0 -9999.0 -9999.0 -9999.0 -9999.0
-9999.0 -9999.0 -9999.0 -9999.0 -9999.0 -9999.0 0.090680 0.091761 0.094512 0.095333 0.099340 0.100653 0.104738 0.109094 0.114218 0.119066 0.129551 0.142811 0.164256 0.193252 0.218513 0.215782 0.224535 0.256528 0.298209 0.325879 0.341676 0.358841 0.369043 0.369870 0.369949 0.369968 0.369982 0.369999 0.370000 0.370000 0.370000 0.370000 0.370000 0.370000 0.370000 0.370000 0.370000 0.370000 0.370000 0.370000 0.370000 0.370000 0.370000 0.370000 0.369999 0.369974 0.369732 0.368174 0.351411 0.314112 0.309068 0.317619 0.291050 0.243982 0.207703 0.199444 0.189042 0.179469 0.183203 0.197231 0.215620 0.225262 0.216092 0.201110 0.185194 0.167277 0.168526 0.185007 -9999.0 -9999.0 -9999.0 -9999.0 -9999.0 -9999.0
-9999.0 -9999.0 -9999.0 -9999.0 0.085195 0.086369 0.085191 0.087498 0.091251 0.095981 0.101699 0.109945 0.117133 0.126575 0.143626 0.164058 0.193324 0.221035 0.270823 0.329148 0.357164 0.364558 0.367211 0.369736 0.369988 0.370000 0.370000 0.370000 0.370000 0.370000 0.370000 0.370000 0.370000 0.370000 0.370000 0.370000 0.370000 0.370000 0.370000 0.370000 0.370000 0.370000 0.370000 0.370000 0.370000 0.370000 0.370000 0.370000 0.370000 0.370000 0.370000 0.370000 0.370000 0.370000 0.370000 0.370000 0.369988 0.369949 0.369312 0.365382 0.342413 0.323229 0.295732 0.271639 0.243692 0.243592 0.246029 0.230263 0.207094 0.184834 0.175622 0.164772 0.159495 0.177642 0.189765 0.212981 -9999.0 -9999.0 -9999.0 -9999.0
-9999.0 -9999.0 0.080601 0.084535 0.090505 0.091529 0.091808 0.092344 0.096218 0.105715 0.128785 0.152432 0.179839 0.201292 0.252666 0.326903 0.363062 0.368669 0.369885 0.369996 0.370000 0.370000 0.370000 0.370000 0.370000 0.370000 0.370000 0.370000 0.370000 0.370000 0.370000 0.370000 0.370000 0.370000 0.370000 0.370000 0.370000 0.370000 0.370000 0.370000 0.370000 0.370000 0.370000 0.370000 0.370000 0.370000 0.370000 0.370000 0.370000 0.370000 0.370000 0.370000 0.370000 0.370000 0.370000 0.370000 0.370000 0.370000 0.370000 0.370000 0.369999 0.369970 0.369646 0.367405 0.355821 0.337604 0.303394 0.269425 0.232010 0.197725 0.182193 0.171006 0.170255 0.171212 0.181816 0.192919 0.204457 0.210536 -9999.0 -9999.0
-9999.0 0.075567 0.079041 0.090253 0.102942 0.113494 0.126657 0.138748 0.149459 0.155272 0.233544 0.329778 0.365308 0.368313 0.369804 0.370000 0.370000 0.370000 0.370000 0.370000 0.370000 0.370000 0.370000 0.370000 0.370000 0.370000 0.370000 0.370000 0.370000 0.370000 0.370000 0.370000 0.370000 0.370000 0.370000 0.370000 0.370000 0.370000 0.370000 0.370000 0.370000 0.370000 0.370000 0.370000 0.370000 0.370000 0.370000 0.370000 0.370000 0.370000 0.370000 0.370000 0.370000 0.370000 0.370000 0.370000 0.370000 0.370000 0.370000 0.370000 0.370000 0.370000 0.370000 0.370000 0.369982 0.369562 0.365819 0.348820 0.307120 0.274965 0.248620 0.206597 0.189891 0.191670 0.185705 0.184462 0.189384 0.194086 -9999.0 -9999.0
-9999.0 0.073308 0.079205 0.099649 0.144337 0.179563 0.280929 0.343371 0.356141 0.347758 0.369245 0.370000 0.370000 0.370000 0.370000 0.370000 0.370000 0.370000 0.370000 0.370000 0.370000 0.370000 0.370000 0.370000 0.370000 0.370000 0.370000 0.370000 0.370000 0.370000 0.370000 0.370000 0.370000 0.370000 0.370000 0.370000 0.370000 0.370000 0.370000 0.370000 0.370000 0.370000 0.370000 0.370000 0.370000 0.370000 0.370000 0.370000 0.370000 0.370000 0.370000 0.370000 0.370000 0.370000 0.370000 0.370000 0.370000 0.370000 0.370000 0.370000 0.370000 0.370000 0.370000 0.370000 0.370000 0.370000 0.369994 0.369914 0.368858 0.364663 0.349554 0.312592 0.263372 0.239119 0.208136 0.192820 -9999.0 -9999.0 -9999.0 -9999.0
-9999.0 0.071884 0.078513 0.116087 0.269767 0.359540 0.369983 0.370000 0.370000 0.370000 0.370000 0.370000 0.370000 0.370000 0.370000 0.370000 0.370000 0.370000 0.370000 0.370000 0.370000 0.370000 0.370000 0.370000 0.370000 0.370000 0.370000 0.370000 0.370000 0.370000 0.370000 0.370000 0.370000 0.370000 0.369997 0.369984 0.369785 0.369615 0.369316 0.368076 0.366487 0.364713 0.366752 0.366560 0.366537 0.367424 0.368738 0.369336 0.369881 0.369979 0.369998 0.370000 0.370000 0.370000 0.370000 0.370000 0.370000 0.370000 0.370000 0.370000 0.370000 0.370000 0.370000 0.370000 0.370000 0.370000 0.370000 0.370000 0.369999 0.369978 0.369891 0.369223 0.362815 0.314031 0.280513 -9999.0 -9999.0 -9999.0 -9999.0 -9999.0
-9999.0 0.069766 0.075295 0.106181 0.310592 0.369991 0.370000 0.370000 0.370000 0.370000 0.370000 0.370000 0.370000 0.370000 0.370000 0.370000 0.370000 0.370000 0.370000 0.370000 0.370000 0.370000 0.370000 0.370000 0.370000 0.370000 0.370000 0.370000 0.370000 0.369999 0.369937 0.369793 0.367241 0.350984 0.323077 0.284489 0.237968 0.235345 0.247410 0.232258 0.213985 0.199403 0.218787 0.230504 0.239086 0.231535 0.239230 0.268704 0.309023 0.338588 0.360199 0.368264 0.369698 0.369975 0.369997 0.370000 0.370000 0.370000 0.370000 0.370000 0.370000 0.370000 0.370000 0.370000 0.370000 0.370000 0.370000 0.370000 0.370000 0.370000 0.370000 0.369999 0.369979 -9999.0 -9999.0 -9999.0 -9999.0 -9999.0 -9999.0 -9999.0
-9999.0 0.068711 0.071081 0.079502 0.134474 0.302213 0.368426 0.369989 0.370000 0.370000 0.370000 0.370000 0.370000 0.370000 0.370000 0.370000 0.370000 0.370000 0.370000 0.369999 0.369990 0.369980 0.369979 0.369968 0.369874 0.369717 0.369526 0.368870 0.366048 0.351803 0.297597 0.240253 0.190687 0.166217 0.149407 0.134296 0.119942 0.123534 0.129010 0.127162 0.122610 0.120909 0.131444 0.138821 0.143220 0.136988 0.144971 0.158503 0.183778 0.213515 0.252146 0.297046 0.334571 0.351381 0.358521 0.365708 0.369062 0.369927 0.370000 0.370000 0.370000 0.370000 0.370000 0.370000 0.370000 0.370000 0.370000 0.370000 0.370000 0.370000 0.370000 -9999.0 -9999.0 -9999.0 -9999.0 -9999.0 -9999.0 -9999.0 -9999.0 -9999.0
-9999.0 -9999.0 0.068700 0.070432 0.073853 0.083770 0.105924 0.137874 0.172866 0.231545 0.302773 0.347974 0.361333 0.364412 0.360509 0.344478 0.328341 0.328291 0.322281 0.310864 0.289546 0.280615 0.272784 0.265811 0.252617 0.245258 0.240366 0.230688 0.211696 0.177559 0.146750 0.125150 0.109084 0.103516 0.099261 0.095367 0.094726 0.094579 0.095718 0.095884 0.096656 0.098603 0.102588 0.107160 0.109339 0.110901 0.114192 0.121177 0.132916 0.150818 0.180357 0.219848 0.250035 0.259482 0.251541 0.257460 0.278053 0.316882 0.362102 0.369654 0.369996 0.370000 0.370000 0.370000 0.370000 0.370000 0.370000 0.370000 0.369999 0.370000 -9999.0 -9999.0 -9999.0 -9999.0 -9999.0 -9999.0 -9999.0 -9999.0 -9999.0 -9999.0
-9999.0 -9999.0 -9999.0 -9999.0 0.069033 0.070643 0.072298 0.074509 0.079925 0.088827 0.102479 0.121298 0.139841 0.150246 0.143468 0.139029 0.134904 0.133807 0.130605 0.127994 0.125472 0.122846 0.119602 0.117332 0.117001 0.117948 0.117451 0.113841 0.109941 0.103428 0.098621 0.092993 0.088255 0.085248 0.084079 0.083454 0.083496 0.083079 0.083911 0.084430 0.085813 0.087407 0.090211 0.094053 0.095914 0.098258 0.099992 0.104153 0.111090 0.127048 0.153763 0.186345 0.209396 0.210768 0.190011 0.178197 0.175241 0.193419 0.230811 0.292836 0.357238 0.368809 0.369933 0.369994 0.370000 0.370000 0.370000 0.370000 -9999.0 -9999.0 -9999.0 -9999.0 -9999.0 -9999.0 -9999.0 -9999.0 -9999.0 -9999.0 -9999.0 -9999.0
-9999.0 -9999.0 -9999.0 -9999.0 -9999.0 -9999.0 0.068661 0.069289 0.070176 0.072006 0.074890 0.078833 0.083822 0.085842 0.087295 0.089663 0.089016 0.087201 0.085633 0.087244 0.088141 0.087668 0.085016 0.084864 0.085150 0.086093 0.086017 0.085454 0.083268 0.083870 0.083697 0.081877 0.080083 0.079194 0.078539 0.079122 0.079184 0.078487 0.078655 0.080218 0.081557 0.082579 0.084499 0.087810 0.091700 0.093643 0.093731 0.094631 0.101973 0.119620 0.146673 0.175289 0.194727 0.198835 0.177853 0.152810 0.141234 0.143122 0.159280 0.191562 0.251977 0.294406 0.321389 0.338872 0.354486 0.369124 -9999.0 -9999.0 -9999.0 -9999.0 -9999.0 -9999.0 -9999.0 -9999.0 -9999.0 -9999.0 -9999.0 -9999.0 -9999.0 -9999.0
-9999.0 -9999.0 -9999.0 -9999.0 -9999.0 -9999.0 -9999.0 -9999.0 -9999.0 -9999.0 -9999.0 -9999.0 -9999.0 -9999.0 -9999.0 -9999.0 -9999.0 -9999.0 -9999.0 -9999.0 -9999.0 -9999.0 -9999.0 -9999.0 -9999.0 -9999.0 -9999.0 -9999.0 -9999.0 -9999.0 -9999.0 -9999.0 -9999.0 -9999.0 -9999.0 -9999.0 -9999.0 -9999.0 -9999.0 -9999.0 -9999.0 -9999.0 -9999.0 -9999.0 -9999.0 -9999.0 -9999.0 -9999.0 -9999.0 -9999.0 -9999.0 -9999.0 -9999.0 -9999.0 -9999.0 -9999.0 -9999.0 -9999.0 -9999.0 -9999.0 -9999.0 -9999.0 -9999.0 -9999.0 -9999.0 -9999.0 -9999.0 -9999.0 -9999.0 -9999.0 -9999.0 -9999.0 -9999.0 -9999.0 -9999.0 -9999.0 -9999.0 -9999.0 -9999.0 -9999.0
-9999.0 -9999.0 -9999.0 -9999.0 -9999.0 -9999.0 -9999.0 -9999.0 -9999.0 -9999.0 -9999.0 -9999.0 -9999.0 -9999.0 -9999.0 -9999.0 -9999.0 -9999.0 -9999.0 -9999.0 -9999.0 -9999.0 -9999.0 -9999.0 -9999.0 -9999.0 -9999.0 -9999.0 -9999.0 -9999.0 -9999.0 -9999.0 -9999.0 -9999.0 -9999.0 -9999.0 -9999.0 -9999.0 -9999.0 -9999.0 -9999.0 -9999.0 -9999.0 -9999.0 -9999.0 -9999.0 -9999.0 -9999.0 -9999.0 -9999.0 -9999.0 -9999.0 -9999.0 -9999.0 -9999.0 -9999.0 -9999.0 -9999.0 -9999.0 -9999.0 -9999.0 -9999.0 -9999.0 -9999.0 -9999.0 -9999.0 -9999.0 -9999.0 -9999.0 -9999.0 -9999.0 -9999.0 -9999.0 -9999.0 -9999.0 -9999.0 -9999.0 -9999.0 -9999.0 -9999.0