Borden_/Borden1m_014/output_maps/thetaliqL0002N0023.asc
ncols         80
nrows         18
xllcorner     620200.000000
yllcorner     5168000.000000
cellsize      1.000000
NODATA_value  -9999.0
-9999.0 -9999.0 -9999.0 -9999.0 -9999.0 -9999.0 -9999.0 -9999.0 -9999.0 -9999.0 -9999.0 -9999.0 -9999.0 -9999.0 -9999.0 -9999.0 -9999.0 -9999.0 -9999.0 -9999.0 -9999.0 -9999.0 -9999.0 -9999.0 -9999.0 -9999.0 -9999.0 -9999.0 -9999.0 -9999.0 -9999.0 -9999.0 -9999.0 -9999.0 -9999.0 -9999.0 -9999.0 -9999.0 -9999.0 -9999.0 -9999.0 -9999.0 -9999.0 -9999.0 -9999.0 -9999.0 -9999.0 -9999.0 -9999.0 -9999.0 -9999.0 -9999.0 -9999.0 -9999.0 -9999.0 -9999.0 -9999.0 -9999.0 -9999.0 -9999.0 -9999.0 -9999.0 -9999.0 -9999.0 -9999.0 -9999.0 -9999.0 -9999.0 -9999.0 -9999.0 -9999.0 -9999.0 -9999.0 -9999.0 -9999.0 -9999.0 -9999.0 -9999.0 -9999.0 -9999.0
-9999.0 -9999.0 -9999.0 -9999.0 -9999.0 -9999.0 -9999.0 -9999.0 -9999.0 -9999.0 -9999.0 -9999.0 -9999.0 -9999.0 -9999.0 -9999.0 -9999.0 -9999.0 -9999.0 -9999.0 -9999.0 -9999.0 -9999.0 -9999.0 -9999.0 -9999.0 -9999.0 -9999.0 -9999.0 -9999.0 -9999.0 -9999.0 -9999.0 -9999.0 -9999.0 -9999.0 -9999.0 -9999.0 -9999.0 -9999.0 -9999.0 -9999.0 -9999.0 -9999.0 -9999.0 -9999.0 -9999.0 -9999.0 -9999.0 -9999.0 -9999.0 -9999.0 -9999.0 -9999.0 -9999.0 -9999.0 -9999.0 -9999.0 -9999.0 -9999.0 -9999.0 -9999.0 -9999.0 -9999.0 -9999.0 -9999.0 -9999.0 -9999.0 -9999.0 -9999.0 -9999.0 -9999.0 -9999.0 -9999.0 -9999.0 -9999.0 -9999.0 -9999.0 -9999.0 -9999.0
-9999.0 -9999.0 -9999.0 -9999.0 -9999.0 -9999.0 -9999.0 -9999.0 -9999.0 -9999.0 -9999.0 -9999.0 -9999.0 -9999.0 -9999.0 -9999.0 -9999.0 -9999.0 -9999.0 -9999.0 0.212625 0.213359 0.211850 0.210167 0.208743 0.208546 0.210128 0.211942 0.214061 0.214466 0.212694 0.213149 0.212441 0.212027 0.211976 0.212462 0.212702 0.213379 0.213801 0.213581 0.213049 0.212682 0.212319 0.212417 0.213031 0.212207 0.213407 0.214574 0.214975 0.215001 0.213455 0.212839 0.212623 0.211245 0.213737 0.214436 0.216259 0.216419 0.216790 0.214741 0.212749 -9999.0 -9999.0 -9999.0 -9999.0 -9999.0 -9999.0 -9999.0 -9999.0 -9999.0 -9999.0 -9999.0 -9999.0 -9999.0 -9999.0 -9999.0 -9999.0 -9999.0 -9999.0 -9999.0
-9999.0 -9999.0 -9999.0 -9999.0 -9999.0 -9999.0 -9999.0 -9999.0 -9999.0 -9999.0 -9999.0 -9999.0 -9999.0 -9999.0 0.210031 0.209201 0.208809 0.208527 0.209946 0.211037 0.211023 0.210154 0.210894 0.209246 0.207792 0.208667 0.209871 0.210816 0.212462 0.213757 0.212525 0.212222 0.212867 0.215227 0.216260 0.215744 0.212921 0.215561 0.216876 0.217735 0.217621 0.216316 0.218108 0.220222 0.219118 0.216893 0.217369 0.218599 0.220675 0.219657 0.212799 0.212185 0.212569 0.212752 0.211849 0.211180 0.213686 0.213300 0.212910 0.212537 0.211162 0.208888 0.207865 0.210258 0.212345 0.216804 -9999.0 -9999.0 -9999.0 -9999.0 -9999.0 -9999.0 -9999.0 -9999.0 -9999.0 -9999.0 -9999.0 -9999.0 -9999.0 -9999.0
-9999.0 -9999.0 -9999.0 -9999.0 -9999.0 -9999.0 -9999.0 -9999.0 -9999.0 0.208789 0.208539 0.208754 0.208180 0.208882 0.207627 0.207896 0.207646 0.208606 0.209342 0.210676 0.212539 0.211111 0.210919 0.211914 0.212017 0.212361 0.213136 0.216222 0.219797 0.225722 0.220571 0.220352 0.223091 0.233932 0.244093 0.247167 0.241828 0.241765 0.248426 0.256638 0.256432 0.255621 0.264692 0.270241 0.274413 0.265756 0.257638 0.256336 0.267527 0.248960 0.233835 0.221993 0.222796 0.219060 0.215101 0.213697 0.213121 0.216027 0.214956 0.212404 0.210365 0.211108 0.209932 0.211079 0.211820 0.215170 0.218227 0.221292 0.221444 0.219468 -9999.0 -9999.0 -9999.0 -9999.0 -9999.0 -9999.0 -9999.0 -9999.0 -9999.0 -9999.0
-9999.0 -9999.0 -9999.0 -9999.0 -9999.0 -9999.0 0.207482 0.207357 0.207788 0.206243 0.207251 0.206479 0.207209 0.207493 0.207943 0.207901 0.209115 0.210156 0.211979 0.214471 0.216860 0.215492 0.216096 0.219613 0.227196 0.234641 0.239291 0.247857 0.278933 0.315089 0.331312 0.339130 0.348846 0.355504 0.363759 0.368996 0.363207 0.360377 0.362325 0.366373 0.369687 0.369699 0.369748 0.369804 0.369932 0.369917 0.366747 0.364218 0.363384 0.362583 0.356880 0.346995 0.304707 0.269756 0.243452 0.230650 0.228268 0.229988 0.225046 0.218704 0.215099 0.215162 0.214499 0.213165 0.213797 0.215134 0.217264 0.218633 0.217604 0.216242 0.215273 0.213050 0.213416 0.215584 -9999.0 -9999.0 -9999.0 -9999.0 -9999.0 -9999.0
-9999.0 -9999.0 -9999.0 -9999.0 0.205230 0.205904 0.203844 0.204966 0.205809 0.206418 0.206329 0.207449 0.207694 0.208470 0.210204 0.211520 0.214011 0.215873 0.221445 0.234407 0.247759 0.256209 0.261058 0.302686 0.349093 0.357579 0.359570 0.362458 0.366952 0.369951 0.369987 0.369956 0.369997 0.369995 0.370000 0.370000 0.370000 0.370000 0.370000 0.370000 0.370000 0.370000 0.370000 0.370000 0.370000 0.370000 0.370000 0.370000 0.370000 0.370000 0.369994 0.369977 0.368676 0.366426 0.364382 0.360016 0.349954 0.339350 0.284787 0.258007 0.238340 0.231570 0.225456 0.222567 0.218729 0.219451 0.220553 0.218637 0.216219 0.213968 0.213760 0.212801 0.211665 0.214474 0.215416 0.218492 -9999.0 -9999.0 -9999.0 -9999.0
-9999.0 -9999.0 0.205202 0.205181 0.206974 0.205778 0.205077 0.204068 0.204408 0.206092 0.209325 0.210610 0.212796 0.213931 0.219351 0.234549 0.253943 0.271486 0.322673 0.352074 0.360612 0.365137 0.369539 0.369878 0.369937 0.370000 0.370000 0.370000 0.370000 0.370000 0.370000 0.370000 0.370000 0.370000 0.370000 0.370000 0.370000 0.370000 0.370000 0.370000 0.370000 0.370000 0.370000 0.370000 0.370000 0.370000 0.370000 0.370000 0.370000 0.370000 0.370000 0.370000 0.370000 0.370000 0.370000 0.370000 0.369977 0.368984 0.367551 0.364472 0.355233 0.346248 0.301018 0.263839 0.244271 0.235544 0.227368 0.222553 0.218312 0.214485 0.213394 0.212767 0.213345 0.212915 0.214404 0.215506 0.217209 0.217837 -9999.0 -9999.0
-9999.0 0.204760 0.204047 0.207209 0.207585 0.208137 0.208914 0.209582 0.210403 0.209044 0.218096 0.237499 0.259770 0.268819 0.311364 0.355986 0.369567 0.369867 0.369952 0.369967 0.370000 0.370000 0.370000 0.370000 0.370000 0.370000 0.370000 0.370000 0.370000 0.370000 0.370000 0.370000 0.370000 0.370000 0.370000 0.370000 0.370000 0.370000 0.370000 0.370000 0.370000 0.370000 0.370000 0.370000 0.370000 0.370000 0.370000 0.370000 0.370000 0.370000 0.370000 0.370000 0.370000 0.370000 0.370000 0.370000 0.370000 0.370000 0.370000 0.370000 0.369852 0.368821 0.365677 0.358064 0.347499 0.297177 0.257534 0.239765 0.227503 0.223202 0.220619 0.215264 0.213973 0.215176 0.214481 0.214405 0.215068 0.215578 -9999.0 -9999.0
-9999.0 0.201723 0.204609 0.207876 0.212001 0.212347 0.228400 0.244741 0.250316 0.241421 0.287695 0.369639 0.369853 0.369972 0.369999 0.370000 0.370000 0.370000 0.370000 0.370000 0.370000 0.370000 0.370000 0.370000 0.370000 0.370000 0.370000 0.370000 0.370000 0.370000 0.370000 0.370000 0.370000 0.369999 0.369992 0.369984 0.369966 0.369263 0.367492 0.365233 0.363963 0.365892 0.364950 0.363069 0.362628 0.365085 0.367606 0.367357 0.367865 0.368919 0.369736 0.369996 0.369999 0.370000 0.370000 0.370000 0.370000 0.370000 0.370000 0.370000 0.370000 0.370000 0.370000 0.369757 0.367996 0.360843 0.352475 0.342453 0.283564 0.258720 0.242568 0.229877 0.221527 0.219847 0.215976 0.215479 -9999.0 -9999.0 -9999.0 -9999.0
-9999.0 0.201649 0.204472 0.210841 0.227640 0.257075 0.349134 0.367404 0.369999 0.369948 0.370000 0.370000 0.370000 0.370000 0.370000 0.370000 0.370000 0.370000 0.370000 0.370000 0.370000 0.370000 0.370000 0.370000 0.370000 0.370000 0.370000 0.370000 0.369934 0.369733 0.369328 0.368829 0.367174 0.358748 0.353778 0.348882 0.308138 0.296967 0.286128 0.268571 0.261453 0.256933 0.263096 0.261443 0.260830 0.264624 0.275077 0.284551 0.323153 0.347387 0.354281 0.361354 0.365132 0.368301 0.369625 0.369998 0.370000 0.370000 0.370000 0.370000 0.370000 0.370000 0.370000 0.370000 0.370000 0.369755 0.368967 0.365944 0.358601 0.351074 0.343430 0.297727 0.255540 0.232024 0.226289 -9999.0 -9999.0 -9999.0 -9999.0 -9999.0
-9999.0 0.197590 0.204734 0.209928 0.241042 0.352138 0.365896 0.370000 0.370000 0.370000 0.369939 0.370000 0.369999 0.370000 0.370000 0.370000 0.370000 0.370000 0.370000 0.369999 0.369881 0.369758 0.369738 0.369579 0.369069 0.368345 0.367554 0.366094 0.360634 0.354800 0.340503 0.315180 0.265417 0.243731 0.233617 0.225181 0.217874 0.218067 0.220362 0.218404 0.216346 0.214163 0.216779 0.217972 0.219151 0.217668 0.218030 0.221678 0.228035 0.235607 0.248330 0.268016 0.299471 0.346153 0.352586 0.360220 0.365250 0.368515 0.369865 0.370000 0.370000 0.370000 0.370000 0.370000 0.370000 0.370000 0.370000 0.369995 0.369122 0.366152 0.363309 0.358661 0.350434 -9999.0 -9999.0 -9999.0 -9999.0 -9999.0 -9999.0 -9999.0
-9999.0 0.195277 0.203000 0.204173 0.213686 0.237285 0.288410 0.353361 0.369593 0.360895 0.358673 0.361642 0.364485 0.366265 0.364358 0.361006 0.358159 0.358850 0.359225 0.356224 0.352077 0.349932 0.349586 0.345881 0.322600 0.304436 0.294240 0.278239 0.261014 0.244684 0.226361 0.218730 0.213723 0.212103 0.210918 0.209664 0.207175 0.208579 0.209646 0.209375 0.208579 0.207961 0.209821 0.210440 0.211028 0.209274 0.210459 0.211482 0.213882 0.216386 0.220120 0.225964 0.234107 0.240646 0.246249 0.256971 0.277215 0.335470 0.356315 0.367331 0.369679 0.369997 0.370000 0.370000 0.370000 0.370000 0.370000 0.370000 0.370000 0.369536 0.368431 -9999.0 -9999.0 -9999.0 -9999.0 -9999.0 -9999.0 -9999.0 -9999.0 -9999.0
-9999.0 -9999.0 0.193753 0.196886 0.199708 0.202544 0.206659 0.212490 0.216939 0.223382 0.233517 0.246230 0.255454 0.260116 0.253862 0.242398 0.236352 0.236829 0.235271 0.232197 0.226900 0.224891 0.223609 0.222609 0.220587 0.219769 0.219443 0.218750 0.217215 0.213799 0.210930 0.209042 0.206939 0.207091 0.206780 0.206045 0.206685 0.206529 0.206728 0.206609 0.206774 0.207107 0.207500 0.208054 0.208058 0.208208 0.208394 0.208997 0.209928 0.211162 0.213678 0.217537 0.220609 0.221361 0.219698 0.220229 0.222548 0.228405 0.250582 0.303366 0.351363 0.362287 0.368413 0.369688 0.369960 0.369995 0.370000 0.370000 0.370000 0.369963 -9999.0 -9999.0 -9999.0 -9999.0 -9999.0 -9999.0 -9999.0 -9999.0 -9999.0 -9999.0
-9999.0 -9999.0 -9999.0 -9999.0 0.192525 0.196848 0.200876 0.200447 0.203359 0.205072 0.206684 0.208686 0.210359 0.211502 0.210008 0.209672 0.209389 0.209636 0.209343 0.208953 0.208769 0.208541 0.208336 0.208006 0.208142 0.208461 0.208557 0.208000 0.208038 0.206973 0.206870 0.206285 0.205715 0.205029 0.205196 0.205120 0.205440 0.205104 0.205618 0.205290 0.205664 0.205820 0.206268 0.207014 0.206683 0.207116 0.207119 0.207684 0.207852 0.209356 0.211882 0.214912 0.217037 0.216928 0.214167 0.213079 0.212430 0.214133 0.217126 0.224059 0.245130 0.272976 0.336586 0.352422 0.357981 0.364207 0.368897 0.369962 -9999.0 -9999.0 -9999.0 -9999.0 -9999.0 -9999.0 -9999.0 -9999.0 -9999.0 -9999.0 -9999.0 -9999.0
-9999.0 -9999.0 -9999.0 -9999.0 -9999.0 -9999.0 0.194346 0.196486 0.195862 0.197412 0.198776 0.199853 0.201581 0.201292 0.201771 0.203185 0.202976 0.202316 0.201481 0.202732 0.203263 0.203404 0.202036 0.202429 0.202563 0.203095 0.203040 0.203286 0.202108 0.203514 0.204196 0.203952 0.203720 0.204002 0.203702 0.204596 0.204702 0.203991 0.203780 0.204790 0.205060 0.204892 0.205067 0.205736 0.206738 0.206868 0.206387 0.205712 0.206716 0.209066 0.211750 0.214186 0.215824 0.216407 0.214129 0.211116 0.209642 0.209419 0.210598 0.212915 0.218901 0.223352 0.227304 0.233262 0.240039 0.277132 -9999.0 -9999.0 -9999.0 -9999.0 -9999.0 -9999.0 -9999.0 -9999.0 -9999.0 -9999.0 -9999.0 -9999.0 -9999.0 -9999.0
-9999.0 -9999.0 -9999.0 -9999.0 -9999.0 -9999.0 -9999.0 -9999.0 -9999.0 -9999.0 -9999.0 -9999.0 -9999.0 -9999.0 -9999.0 -9999.0 -9999.0 -9999.0 -9999.0 -9999.0 -9999.0 -9999.0 -9999.0 -9999.0 -9999.0 -9999.0 -9999.0 -9999.0 -9999.0 -9999.0 -9999.0 -9999.0 -9999.0 -9999.0 -9999.0 -9999.0 -9999.0 -9999.0 -9999.0 -9999.0 -9999.0 -9999.0 -9999.0 -9999.0 -9999.0 -9999.0 -9999.0 -9999.0 -9999.0 -9999.0 -9999.0 -9999.0 -9999.0 -9999.0 -9999.0 -9999.0 -9999.0 -9999.0 -9999.0 -9999.0 -9999.0 -9999.0 -9999.0 -9999.0 -9999.0 -9999.0 -9999.0 -9999.0 -9999.0 -9999.0 -9999.0 -9999.0 -9999.0 -9999.0 -9999.0 -9999.0 -9999.0 -9999.0 -9999.0 -9999.0
-9999.0 -9999.0 -9999.0 -9999.0 -9999.0 -9999.0 -9999.0 -9999.0 -9999.0 -9999.0 -9999.0 -9999.0 -9999.0 -9999.0 -9999.0 -9999.0 -9999.0 -9999.0 -9999.0 -9999.0 -9999.0 -9999.0 -9999.0 -9999.0 -9999.0 -9999.0 -9999.0 -9999.0 -9999.0 -9999.0 -9999.0 -9999.0 -9999.0 -9999.0 -9999.0 -9999.0 -9999.0 -9999.0 -9999.0 -9999.0 -9999.0 -9999.0 -9999.0 -9999.0 -9999.0 -9999.0 -9999.0 -9999.0 -9999.0 -9999.0 -9999.0 -9999.0 -9999.0 -9999.0 -9999.0 -9999.0 -9999.0 -9999.0 -9999.0 -9999.0 -9999.0 -9999.0 -9999.0 -9999.0 -9999.0 -9999.0 -9999.0 -9999.0 -9999.0 -9999.0 -9999.0 -9999.0 -9999.0 -9999.0 -9999.0 -9999.0 -9999.0 -9999.0 -9999.0 -9999.0