Borden_/Borden1m_014/output_maps/thetasurfN0029.asc
ncols         80
nrows         18
xllcorner     620200.000000
yllcorner     5168000.000000
cellsize      1.000000
NODATA_value  -9999.0
-9999.0 -9999.0 -9999.0 -9999.0 -9999.0 -9999.0 -9999.0 -9999.0 -9999.0 -9999.0 -9999.0 -9999.0 -9999.0 -9999.0 -9999.0 -9999.0 -9999.0 -9999.0 -9999.0 -9999.0 -9999.0 -9999.0 -9999.0 -9999.0 -9999.0 -9999.0 -9999.0 -9999.0 -9999.0 -9999.0 -9999.0 -9999.0 -9999.0 -9999.0 -9999.0 -9999.0 -9999.0 -9999.0 -9999.0 -9999.0 -9999.0 -9999.0 -9999.0 -9999.0 -9999.0 -9999.0 -9999.0 -9999.0 -9999.0 -9999.0 -9999.0 -9999.0 -9999.0 -9999.0 -9999.0 -9999.0 -9999.0 -9999.0 -9999.0 -9999.0 -9999.0 -9999.0 -9999.0 -9999.0 -9999.0 -9999.0 -9999.0 -9999.0 -9999.0 -9999.0 -9999.0 -9999.0 -9999.0 -9999.0 -9999.0 -9999.0 -9999.0 -9999.0 -9999.0 -9999.0
-9999.0 -9999.0 -9999.0 -9999.0 -9999.0 -9999.0 -9999.0 -9999.0 -9999.0 -9999.0 -9999.0 -9999.0 -9999.0 -9999.0 -9999.0 -9999.0 -9999.0 -9999.0 -9999.0 -9999.0 -9999.0 -9999.0 -9999.0 -9999.0 -9999.0 -9999.0 -9999.0 -9999.0 -9999.0 -9999.0 -9999.0 -9999.0 -9999.0 -9999.0 -9999.0 -9999.0 -9999.0 -9999.0 -9999.0 -9999.0 -9999.0 -9999.0 -9999.0 -9999.0 -9999.0 -9999.0 -9999.0 -9999.0 -9999.0 -9999.0 -9999.0 -9999.0 -9999.0 -9999.0 -9999.0 -9999.0 -9999.0 -9999.0 -9999.0 -9999.0 -9999.0 -9999.0 -9999.0 -9999.0 -9999.0 -9999.0 -9999.0 -9999.0 -9999.0 -9999.0 -9999.0 -9999.0 -9999.0 -9999.0 -9999.0 -9999.0 -9999.0 -9999.0 -9999.0 -9999.0
-9999.0 -9999.0 -9999.0 -9999.0 -9999.0 -9999.0 -9999.0 -9999.0 -9999.0 -9999.0 -9999.0 -9999.0 -9999.0 -9999.0 -9999.0 -9999.0 -9999.0 -9999.0 -9999.0 -9999.0 0.186368 0.186976 0.185668 0.184209 0.182996 0.182844 0.184206 0.185800 0.187665 0.188059 0.186544 0.186901 0.186303 0.185989 0.185974 0.186382 0.186568 0.187179 0.187572 0.187402 0.186944 0.186615 0.186298 0.186403 0.186916 0.186237 0.187263 0.188292 0.188670 0.188649 0.187232 0.186643 0.186435 0.185279 0.187382 0.188020 0.189632 0.189795 0.190095 0.188276 0.186525 -9999.0 -9999.0 -9999.0 -9999.0 -9999.0 -9999.0 -9999.0 -9999.0 -9999.0 -9999.0 -9999.0 -9999.0 -9999.0 -9999.0 -9999.0 -9999.0 -9999.0 -9999.0 -9999.0
-9999.0 -9999.0 -9999.0 -9999.0 -9999.0 -9999.0 -9999.0 -9999.0 -9999.0 -9999.0 -9999.0 -9999.0 -9999.0 -9999.0 0.183999 0.183309 0.182990 0.182792 0.184011 0.184973 0.185012 0.184290 0.184876 0.183490 0.182289 0.183025 0.184070 0.184944 0.186417 0.187581 0.186508 0.186246 0.186834 0.188937 0.189908 0.189472 0.187030 0.189302 0.190509 0.191315 0.191215 0.190084 0.191700 0.193602 0.192636 0.190645 0.191021 0.192117 0.193995 0.192970 0.186884 0.186237 0.186537 0.186645 0.185863 0.185291 0.187410 0.187118 0.186762 0.186374 0.185144 0.183193 0.182340 0.184345 0.186193 0.190114 -9999.0 -9999.0 -9999.0 -9999.0 -9999.0 -9999.0 -9999.0 -9999.0 -9999.0 -9999.0 -9999.0 -9999.0 -9999.0 -9999.0
-9999.0 -9999.0 -9999.0 -9999.0 -9999.0 -9999.0 -9999.0 -9999.0 -9999.0 0.182894 0.182693 0.182877 0.182424 0.183012 0.182024 0.182250 0.182085 0.182901 0.183577 0.184762 0.186376 0.185183 0.185033 0.185912 0.186075 0.186431 0.187163 0.189933 0.193277 0.198735 0.194146 0.193961 0.196458 0.206337 0.216337 0.219823 0.214135 0.214044 0.220915 0.230024 0.230389 0.229576 0.240321 0.247514 0.252899 0.241727 0.231358 0.229766 0.242664 0.221459 0.206255 0.195458 0.196041 0.192564 0.188929 0.187598 0.187109 0.189617 0.188640 0.186362 0.184558 0.185125 0.184133 0.185091 0.185782 0.188735 0.191493 0.194267 0.194411 0.192631 -9999.0 -9999.0 -9999.0 -9999.0 -9999.0 -9999.0 -9999.0 -9999.0 -9999.0 -9999.0
-9999.0 -9999.0 -9999.0 -9999.0 -9999.0 -9999.0 0.181736 0.181643 0.182007 0.180815 0.181636 0.181051 0.181667 0.181938 0.182331 0.182355 0.183423 0.184364 0.186010 0.188273 0.190448 0.189335 0.189914 0.193173 0.200034 0.206948 0.211522 0.220417 0.258193 0.301028 0.317578 0.324957 0.332924 0.344953 0.359821 0.366615 0.359148 0.354573 0.358268 0.364906 0.369487 0.369504 0.369578 0.369665 0.369872 0.369849 0.365552 0.361620 0.359947 0.358201 0.347444 0.329942 0.289003 0.246134 0.215839 0.203242 0.201067 0.202826 0.198082 0.192223 0.188906 0.188873 0.188240 0.187062 0.187578 0.188773 0.190681 0.191893 0.190962 0.189712 0.188775 0.186829 0.187130 0.189024 -9999.0 -9999.0 -9999.0 -9999.0 -9999.0 -9999.0
-9999.0 -9999.0 -9999.0 -9999.0 0.179916 0.180454 0.178847 0.179737 0.180433 0.180956 0.180959 0.181933 0.182203 0.182904 0.184448 0.185718 0.187997 0.189760 0.194901 0.206808 0.220087 0.229472 0.236137 0.287816 0.333998 0.348689 0.352726 0.358367 0.365557 0.369904 0.369972 0.369902 0.369992 0.369985 0.370000 0.370000 0.370000 0.370000 0.370000 0.370000 0.370000 0.370000 0.370000 0.370000 0.370000 0.370000 0.370000 0.370000 0.369996 0.370000 0.369999 0.369952 0.367933 0.364824 0.361411 0.353318 0.334699 0.321418 0.266030 0.231608 0.210657 0.204236 0.198532 0.195739 0.192218 0.192786 0.193699 0.191946 0.189749 0.187721 0.187467 0.186604 0.185658 0.188063 0.188935 0.191665 -9999.0 -9999.0 -9999.0 -9999.0
-9999.0 -9999.0 0.179842 0.179891 0.181354 0.180440 0.179928 0.179155 0.179460 0.180869 0.183672 0.184941 0.186970 0.188056 0.192994 0.206979 0.227376 0.249419 0.307170 0.339514 0.354911 0.362885 0.369211 0.369782 0.369966 0.369998 0.370000 0.370000 0.370000 0.370000 0.370000 0.370000 0.370000 0.370000 0.370000 0.370000 0.370000 0.370000 0.370000 0.370000 0.370000 0.370000 0.370000 0.370000 0.370000 0.370000 0.370000 0.370000 0.370000 0.370000 0.370000 0.370000 0.370000 0.370000 0.370000 0.369999 0.369945 0.368227 0.366254 0.361376 0.344061 0.327875 0.284253 0.238744 0.216803 0.208114 0.200224 0.195663 0.191719 0.188273 0.187246 0.186635 0.187089 0.186757 0.188044 0.189038 0.190527 0.191099 -9999.0 -9999.0
-9999.0 0.179469 0.178972 0.181593 0.182024 0.182585 0.183429 0.184155 0.184888 0.183780 0.191815 0.210274 0.233983 0.245913 0.296797 0.347839 0.369322 0.369768 0.369914 0.369988 0.370000 0.370000 0.370000 0.370000 0.370000 0.370000 0.370000 0.370000 0.370000 0.370000 0.370000 0.370000 0.370000 0.370000 0.370000 0.370000 0.370000 0.370000 0.370000 0.370000 0.370000 0.370000 0.370000 0.370000 0.369999 0.370000 0.370000 0.370000 0.369996 0.370000 0.370000 0.370000 0.370000 0.370000 0.370000 0.370000 0.370000 0.370000 0.370000 0.369999 0.369676 0.367817 0.362868 0.349464 0.330236 0.279596 0.231343 0.212443 0.200460 0.196329 0.193851 0.189023 0.187794 0.188767 0.188141 0.188068 0.188651 0.189107 -9999.0 -9999.0
-9999.0 0.177173 0.179514 0.182333 0.186018 0.186663 0.201071 0.216981 0.223666 0.214621 0.270491 0.369442 0.369943 0.369943 0.369997 0.370000 0.370000 0.370000 0.370000 0.370000 0.370000 0.370000 0.370000 0.370000 0.370000 0.370000 0.370000 0.370000 0.370000 0.370000 0.370000 0.370000 0.370000 0.369997 0.369978 0.369956 0.369887 0.368760 0.366399 0.363312 0.361356 0.364179 0.362776 0.359703 0.359009 0.363025 0.366616 0.366154 0.366603 0.368097 0.369472 0.369989 0.369997 0.370000 0.370000 0.370000 0.370000 0.370000 0.370000 0.370000 0.370000 0.370000 0.369998 0.369483 0.366241 0.353706 0.337971 0.320935 0.263196 0.232122 0.214945 0.202678 0.194816 0.193089 0.189593 0.189013 -9999.0 -9999.0 -9999.0 -9999.0
-9999.0 0.177224 0.179565 0.185087 0.200189 0.229528 0.333140 0.365670 0.369993 0.369889 0.370000 0.370000 0.370000 0.370000 0.370000 0.370000 0.370000 0.370000 0.370000 0.370000 0.370000 0.370000 0.370000 0.370000 0.370000 0.370000 0.370000 0.369999 0.369852 0.369453 0.368772 0.368090 0.365783 0.351382 0.341583 0.333365 0.294423 0.280761 0.267012 0.244483 0.235528 0.230345 0.237393 0.235518 0.234860 0.239523 0.252920 0.265819 0.306529 0.329803 0.342268 0.355912 0.362231 0.367005 0.369262 0.369993 0.369999 0.369998 0.370000 0.370000 0.370000 0.370000 0.370000 0.370000 0.369999 0.369409 0.367543 0.360152 0.347107 0.333651 0.321002 0.278118 0.228508 0.204528 0.199033 -9999.0 -9999.0 -9999.0 -9999.0 -9999.0
-9999.0 0.174302 0.179942 0.184523 0.213152 0.339230 0.362821 0.370000 0.370000 0.370000 0.369868 0.369999 0.370000 0.370000 0.370000 0.369999 0.369999 0.369998 0.370000 0.369994 0.369716 0.369468 0.369434 0.369168 0.368410 0.367407 0.366331 0.364164 0.354749 0.343496 0.321450 0.298726 0.240616 0.215985 0.206012 0.198261 0.191681 0.191790 0.193762 0.191964 0.190108 0.188206 0.190482 0.191542 0.192579 0.191315 0.191694 0.195019 0.200992 0.208185 0.220919 0.244175 0.283299 0.327853 0.339077 0.353929 0.362705 0.367486 0.369721 0.370000 0.370000 0.370000 0.370000 0.370000 0.370000 0.370000 0.369999 0.369541 0.364518 0.358584 0.354537 0.347478 0.332844 -9999.0 -9999.0 -9999.0 -9999.0 -9999.0 -9999.0 -9999.0
-9999.0 0.172434 0.178562 0.179841 0.188163 0.209824 0.267580 0.341128 0.369205 0.354839 0.350735 0.356478 0.361702 0.364518 0.361417 0.355301 0.349866 0.350945 0.351438 0.345521 0.337035 0.333051 0.332734 0.328581 0.306996 0.288661 0.276828 0.256753 0.234814 0.216890 0.199476 0.192423 0.187863 0.186302 0.185194 0.184053 0.181922 0.183050 0.183948 0.183699 0.183008 0.182485 0.184045 0.184591 0.185096 0.183641 0.184645 0.185582 0.187729 0.190016 0.193457 0.198924 0.206736 0.213300 0.218788 0.230538 0.256636 0.316804 0.346770 0.365599 0.369357 0.369989 0.370000 0.370000 0.370000 0.370000 0.370000 0.370000 0.367028 0.364276 0.363787 -9999.0 -9999.0 -9999.0 -9999.0 -9999.0 -9999.0 -9999.0 -9999.0 -9999.0
-9999.0 -9999.0 0.171373 0.173947 0.176418 0.178862 0.182363 0.187222 0.191102 0.196607 0.205904 0.218397 0.228269 0.233559 0.226559 0.214611 0.208624 0.209040 0.207545 0.204600 0.199731 0.197991 0.196879 0.195992 0.194110 0.193321 0.192991 0.192312 0.190855 0.187776 0.185168 0.183462 0.181634 0.181689 0.181388 0.180750 0.181213 0.181101 0.181272 0.181172 0.181291 0.181561 0.181911 0.182383 0.182404 0.182523 0.182704 0.183248 0.184093 0.185222 0.187481 0.190959 0.193795 0.194530 0.193076 0.193598 0.195803 0.201442 0.223467 0.286198 0.338028 0.357427 0.367032 0.369179 0.369581 0.369983 0.370000 0.369411 0.356404 0.359129 -9999.0 -9999.0 -9999.0 -9999.0 -9999.0 -9999.0 -9999.0 -9999.0 -9999.0 -9999.0
-9999.0 -9999.0 -9999.0 -9999.0 0.170588 0.173973 0.177105 0.176831 0.179119 0.180481 0.181832 0.183533 0.184948 0.185931 0.184629 0.184233 0.183945 0.184155 0.183906 0.183535 0.183328 0.183121 0.182954 0.182668 0.182752 0.182991 0.183058 0.182583 0.182582 0.181629 0.181454 0.180917 0.180397 0.179817 0.179924 0.179838 0.180085 0.179824 0.180236 0.179975 0.180277 0.180416 0.180798 0.181416 0.181167 0.181527 0.181551 0.182043 0.182243 0.183570 0.185798 0.188499 0.190422 0.190350 0.187926 0.186963 0.186443 0.187989 0.190793 0.197302 0.217617 0.251140 0.318126 0.338326 0.347862 0.359169 0.365384 0.366327 -9999.0 -9999.0 -9999.0 -9999.0 -9999.0 -9999.0 -9999.0 -9999.0 -9999.0 -9999.0 -9999.0 -9999.0
-9999.0 -9999.0 -9999.0 -9999.0 -9999.0 -9999.0 0.171877 0.173495 0.173116 0.174228 0.175202 0.176025 0.177384 0.177138 0.177459 0.178549 0.178360 0.177841 0.177198 0.178164 0.178546 0.178657 0.177585 0.177875 0.177964 0.178389 0.178346 0.178524 0.177577 0.178634 0.179131 0.178910 0.178698 0.178890 0.178643 0.179340 0.179422 0.178865 0.178715 0.179510 0.179730 0.179613 0.179778 0.180336 0.181158 0.181274 0.180900 0.180388 0.181264 0.183278 0.185631 0.187812 0.189299 0.189811 0.187784 0.185169 0.183912 0.183770 0.184862 0.187014 0.192472 0.196716 0.200654 0.206146 0.212991 0.256979 -9999.0 -9999.0 -9999.0 -9999.0 -9999.0 -9999.0 -9999.0 -9999.0 -9999.0 -9999.0 -9999.0 -9999.0 -9999.0 -9999.0
-9999.0 -9999.0 -9999.0 -9999.0 -9999.0 -9999.0 -9999.0 -9999.0 -9999.0 -9999.0 -9999.0 -9999.0 -9999.0 -9999.0 -9999.0 -9999.0 -9999.0 -9999.0 -9999.0 -9999.0 -9999.0 -9999.0 -9999.0 -9999.0 -9999.0 -9999.0 -9999.0 -9999.0 -9999.0 -9999.0 -9999.0 -9999.0 -9999.0 -9999.0 -9999.0 -9999.0 -9999.0 -9999.0 -9999.0 -9999.0 -9999.0 -9999.0 -9999.0 -9999.0 -9999.0 -9999.0 -9999.0 -9999.0 -9999.0 -9999.0 -9999.0 -9999.0 -9999.0 -9999.0 -9999.0 -9999.0 -9999.0 -9999.0 -9999.0 -9999.0 -9999.0 -9999.0 -9999.0 -9999.0 -9999.0 -9999.0 -9999.0 -9999.0 -9999.0 -9999.0 -9999.0 -9999.0 -9999.0 -9999.0 -9999.0 -9999.0 -9999.0 -9999.0 -9999.0 -9999.0
-9999.0 -9999.0 -9999.0 -9999.0 -9999.0 -9999.0 -9999.0 -9999.0 -9999.0 -9999.0 -9999.0 -9999.0 -9999.0 -9999.0 -9999.0 -9999.0 -9999.0 -9999.0 -9999.0 -9999.0 -9999.0 -9999.0 -9999.0 -9999.0 -9999.0 -9999.0 -9999.0 -9999.0 -9999.0 -9999.0 -9999.0 -9999.0 -9999.0 -9999.0 -9999.0 -9999.0 -9999.0 -9999.0 -9999.0 -9999.0 -9999.0 -9999.0 -9999.0 -9999.0 -9999.0 -9999.0 -9999.0 -9999.0 -9999.0 -9999.0 -9999.0 -9999.0 -9999.0 -9999.0 -9999.0 -9999.0 -9999.0 -9999.0 -9999.0 -9999.0 -9999.0 -9999.0 -9999.0 -9999.0 -9999.0 -9999.0 -9999.0 -9999.0 -9999.0 -9999.0 -9999.0 -9999.0 -9999.0 -9999.0 -9999.0 -9999.0 -9999.0 -9999.0 -9999.0 -9999.0