Borden_/Borden1m_014/output_maps/thetaliqL0003N0011.asc
ncols         80
nrows         18
xllcorner     620200.000000
yllcorner     5168000.000000
cellsize      1.000000
NODATA_value  -9999.0
-9999.0 -9999.0 -9999.0 -9999.0 -9999.0 -9999.0 -9999.0 -9999.0 -9999.0 -9999.0 -9999.0 -9999.0 -9999.0 -9999.0 -9999.0 -9999.0 -9999.0 -9999.0 -9999.0 -9999.0 -9999.0 -9999.0 -9999.0 -9999.0 -9999.0 -9999.0 -9999.0 -9999.0 -9999.0 -9999.0 -9999.0 -9999.0 -9999.0 -9999.0 -9999.0 -9999.0 -9999.0 -9999.0 -9999.0 -9999.0 -9999.0 -9999.0 -9999.0 -9999.0 -9999.0 -9999.0 -9999.0 -9999.0 -9999.0 -9999.0 -9999.0 -9999.0 -9999.0 -9999.0 -9999.0 -9999.0 -9999.0 -9999.0 -9999.0 -9999.0 -9999.0 -9999.0 -9999.0 -9999.0 -9999.0 -9999.0 -9999.0 -9999.0 -9999.0 -9999.0 -9999.0 -9999.0 -9999.0 -9999.0 -9999.0 -9999.0 -9999.0 -9999.0 -9999.0 -9999.0
-9999.0 -9999.0 -9999.0 -9999.0 -9999.0 -9999.0 -9999.0 -9999.0 -9999.0 -9999.0 -9999.0 -9999.0 -9999.0 -9999.0 -9999.0 -9999.0 -9999.0 -9999.0 -9999.0 -9999.0 -9999.0 -9999.0 -9999.0 -9999.0 -9999.0 -9999.0 -9999.0 -9999.0 -9999.0 -9999.0 -9999.0 -9999.0 -9999.0 -9999.0 -9999.0 -9999.0 -9999.0 -9999.0 -9999.0 -9999.0 -9999.0 -9999.0 -9999.0 -9999.0 -9999.0 -9999.0 -9999.0 -9999.0 -9999.0 -9999.0 -9999.0 -9999.0 -9999.0 -9999.0 -9999.0 -9999.0 -9999.0 -9999.0 -9999.0 -9999.0 -9999.0 -9999.0 -9999.0 -9999.0 -9999.0 -9999.0 -9999.0 -9999.0 -9999.0 -9999.0 -9999.0 -9999.0 -9999.0 -9999.0 -9999.0 -9999.0 -9999.0 -9999.0 -9999.0 -9999.0
-9999.0 -9999.0 -9999.0 -9999.0 -9999.0 -9999.0 -9999.0 -9999.0 -9999.0 -9999.0 -9999.0 -9999.0 -9999.0 -9999.0 -9999.0 -9999.0 -9999.0 -9999.0 -9999.0 -9999.0 0.200029 0.201518 0.198246 0.194485 0.191305 0.190923 0.194469 0.198563 0.203234 0.204115 0.200359 0.201311 0.199840 0.198957 0.198855 0.199914 0.200467 0.201926 0.202846 0.202380 0.201235 0.200447 0.199747 0.199962 0.201262 0.199451 0.202029 0.204533 0.205378 0.205401 0.202067 0.200704 0.200186 0.197242 0.202544 0.204068 0.207941 0.208306 0.209026 0.204680 0.200370 -9999.0 -9999.0 -9999.0 -9999.0 -9999.0 -9999.0 -9999.0 -9999.0 -9999.0 -9999.0 -9999.0 -9999.0 -9999.0 -9999.0 -9999.0 -9999.0 -9999.0 -9999.0 -9999.0
-9999.0 -9999.0 -9999.0 -9999.0 -9999.0 -9999.0 -9999.0 -9999.0 -9999.0 -9999.0 -9999.0 -9999.0 -9999.0 -9999.0 0.193856 0.192083 0.191259 0.190754 0.193959 0.196480 0.196574 0.194734 0.196230 0.192630 0.189440 0.191342 0.194089 0.196327 0.200004 0.202780 0.200192 0.199549 0.200906 0.205730 0.207839 0.206790 0.200972 0.206473 0.209196 0.210928 0.210695 0.208038 0.211614 0.215822 0.213624 0.209176 0.210214 0.212742 0.216799 0.214839 0.200733 0.199477 0.200230 0.200560 0.198602 0.197216 0.202569 0.201791 0.200936 0.200007 0.196882 0.191797 0.189532 0.194815 0.199501 0.208997 -9999.0 -9999.0 -9999.0 -9999.0 -9999.0 -9999.0 -9999.0 -9999.0 -9999.0 -9999.0 -9999.0 -9999.0 -9999.0 -9999.0
-9999.0 -9999.0 -9999.0 -9999.0 -9999.0 -9999.0 -9999.0 -9999.0 -9999.0 0.190802 0.190343 0.190845 0.189693 0.191259 0.188669 0.189282 0.188805 0.191025 0.192815 0.195866 0.199914 0.196932 0.196527 0.198578 0.198686 0.199374 0.201134 0.207668 0.214859 0.226080 0.215926 0.215301 0.219628 0.235061 0.254015 0.258658 0.250536 0.249895 0.260355 0.271689 0.270882 0.269822 0.279974 0.285213 0.289023 0.281216 0.272818 0.270924 0.283116 0.261068 0.235081 0.217230 0.220559 0.213450 0.205488 0.202566 0.201487 0.207538 0.205308 0.199846 0.195372 0.196756 0.194203 0.196751 0.198502 0.205719 0.212153 0.218357 0.218642 0.214686 -9999.0 -9999.0 -9999.0 -9999.0 -9999.0 -9999.0 -9999.0 -9999.0 -9999.0 -9999.0
-9999.0 -9999.0 -9999.0 -9999.0 -9999.0 -9999.0 0.187522 0.187342 0.188380 0.185231 0.187509 0.185971 0.187617 0.188345 0.189468 0.189501 0.192220 0.194640 0.198705 0.204014 0.208969 0.206153 0.207401 0.214197 0.225282 0.236230 0.245207 0.259318 0.292325 0.312028 0.319709 0.322509 0.328299 0.368270 0.370000 0.370000 0.370000 0.370000 0.370000 0.370000 0.370000 0.370000 0.370000 0.370000 0.370000 0.370000 0.370000 0.370000 0.370000 0.370000 0.370000 0.329200 0.305250 0.285088 0.253682 0.230716 0.227100 0.233358 0.225137 0.212803 0.205415 0.205581 0.204187 0.201446 0.202854 0.205765 0.210218 0.213035 0.210915 0.208030 0.205887 0.201141 0.201908 0.206499 -9999.0 -9999.0 -9999.0 -9999.0 -9999.0 -9999.0
-9999.0 -9999.0 -9999.0 -9999.0 0.182589 0.184051 0.179731 0.182202 0.184140 0.185637 0.185668 0.188228 0.188942 0.190784 0.194642 0.197442 0.202772 0.206743 0.217496 0.236616 0.258680 0.270886 0.275629 0.302906 0.340001 0.370000 0.370000 0.370000 0.370000 0.370000 0.370000 0.370000 0.370000 0.370000 0.370000 0.370000 0.370000 0.370000 0.370000 0.370000 0.370000 0.370000 0.370000 0.370000 0.370000 0.370000 0.370000 0.370000 0.370000 0.370000 0.370000 0.370000 0.370000 0.370000 0.370000 0.370000 0.341318 0.322292 0.295166 0.272909 0.242443 0.234214 0.225704 0.220455 0.213081 0.214668 0.216921 0.213086 0.208053 0.203274 0.202720 0.200612 0.198201 0.204181 0.206241 0.212603 -9999.0 -9999.0 -9999.0 -9999.0
-9999.0 -9999.0 0.182201 0.182377 0.186429 0.184010 0.182506 0.180464 0.181358 0.185201 0.192369 0.195279 0.200006 0.202564 0.213312 0.236438 0.267607 0.286024 0.311630 0.357453 0.370000 0.370000 0.370000 0.370000 0.370000 0.370000 0.370000 0.370000 0.370000 0.370000 0.370000 0.370000 0.370000 0.370000 0.370000 0.370000 0.370000 0.370000 0.370000 0.370000 0.370000 0.370000 0.370000 0.370000 0.370000 0.370000 0.370000 0.370000 0.370000 0.370000 0.370000 0.370000 0.370000 0.370000 0.370000 0.370000 0.370000 0.370000 0.370000 0.370000 0.370000 0.332424 0.302189 0.277156 0.253509 0.243732 0.229799 0.220835 0.212391 0.204438 0.202055 0.200642 0.201800 0.200939 0.204116 0.206471 0.210002 0.211313 -9999.0 -9999.0
-9999.0 0.180753 0.179558 0.186720 0.188073 0.189524 0.191076 0.192519 0.194468 0.192068 0.210771 0.244011 0.275743 0.284102 0.306508 0.369978 0.370000 0.370000 0.370000 0.370000 0.370000 0.370000 0.370000 0.370000 0.370000 0.370000 0.370000 0.370000 0.370000 0.370000 0.370000 0.370000 0.370000 0.370000 0.370000 0.370000 0.370000 0.370000 0.370000 0.370000 0.370000 0.370000 0.370000 0.370000 0.370000 0.370000 0.370000 0.370000 0.370000 0.370000 0.370000 0.370000 0.370000 0.370000 0.370000 0.370000 0.370000 0.370000 0.370000 0.370000 0.370000 0.370000 0.370000 0.370000 0.340899 0.298042 0.269069 0.249148 0.229803 0.221809 0.216838 0.206008 0.203305 0.205770 0.204333 0.204164 0.205554 0.206635 -9999.0 -9999.0
-9999.0 0.174002 0.180410 0.188187 0.197925 0.198719 0.225569 0.256487 0.263745 0.250997 0.296714 0.370000 0.370000 0.370000 0.370000 0.370000 0.370000 0.370000 0.370000 0.370000 0.370000 0.370000 0.370000 0.370000 0.370000 0.370000 0.370000 0.370000 0.370000 0.370000 0.370000 0.370000 0.370000 0.370000 0.370000 0.370000 0.370000 0.370000 0.370000 0.370000 0.370000 0.370000 0.370000 0.370000 0.370000 0.370000 0.370000 0.370000 0.370000 0.370000 0.370000 0.370000 0.370000 0.370000 0.370000 0.370000 0.370000 0.370000 0.370000 0.370000 0.370000 0.370000 0.370000 0.370000 0.370000 0.370000 0.364151 0.325078 0.293659 0.271314 0.251873 0.233880 0.218571 0.215432 0.207537 0.206420 -9999.0 -9999.0 -9999.0 -9999.0
-9999.0 0.173281 0.179553 0.194112 0.229415 0.268727 0.370000 0.370000 0.370000 0.370000 0.370000 0.370000 0.370000 0.370000 0.370000 0.370000 0.370000 0.370000 0.370000 0.370000 0.370000 0.370000 0.370000 0.370000 0.370000 0.370000 0.370000 0.370000 0.370000 0.370000 0.370000 0.370000 0.370000 0.370000 0.357201 0.333543 0.306235 0.303676 0.297563 0.283953 0.276960 0.272024 0.278913 0.276655 0.275838 0.280202 0.289728 0.295359 0.313175 0.331568 0.366478 0.370000 0.370000 0.370000 0.370000 0.370000 0.370000 0.370000 0.370000 0.370000 0.370000 0.370000 0.370000 0.370000 0.370000 0.370000 0.370000 0.370000 0.370000 0.370000 0.337427 0.301334 0.267729 0.238152 0.227891 -9999.0 -9999.0 -9999.0 -9999.0 -9999.0
-9999.0 0.164043 0.179136 0.191086 0.249045 0.369999 0.370000 0.370000 0.370000 0.370000 0.370000 0.370000 0.370000 0.370000 0.370000 0.370000 0.370000 0.370000 0.370000 0.370000 0.370000 0.370000 0.370000 0.370000 0.370000 0.370000 0.370000 0.370000 0.370000 0.370000 0.321416 0.312170 0.281213 0.251871 0.234618 0.222460 0.210353 0.210864 0.215590 0.211771 0.207549 0.203069 0.208527 0.211060 0.213484 0.210450 0.211197 0.218485 0.230184 0.241101 0.257110 0.281563 0.301232 0.327742 0.355882 0.370000 0.370000 0.370000 0.370000 0.370000 0.370000 0.370000 0.370000 0.370000 0.370000 0.370000 0.370000 0.370000 0.370000 0.370000 0.370000 0.370000 0.352919 -9999.0 -9999.0 -9999.0 -9999.0 -9999.0 -9999.0 -9999.0
-9999.0 0.159482 0.175021 0.177548 0.198513 0.242086 0.298665 0.356061 0.370000 0.370000 0.370000 0.370000 0.370000 0.370000 0.370000 0.370000 0.370000 0.370000 0.370000 0.369092 0.344190 0.333443 0.333670 0.329679 0.314825 0.306854 0.302133 0.292180 0.275857 0.252644 0.226161 0.211953 0.201801 0.198322 0.195732 0.192984 0.187676 0.190669 0.192963 0.192417 0.190738 0.189485 0.193561 0.195021 0.196314 0.192644 0.195243 0.197558 0.202776 0.208130 0.215735 0.227022 0.241364 0.250084 0.254866 0.269854 0.289196 0.317942 0.370000 0.370000 0.370000 0.370000 0.370000 0.370000 0.370000 0.370000 0.370000 0.370000 0.370000 0.370000 0.370000 -9999.0 -9999.0 -9999.0 -9999.0 -9999.0 -9999.0 -9999.0 -9999.0 -9999.0
-9999.0 -9999.0 0.156202 0.162245 0.167664 0.173887 0.182947 0.191688 0.201247 0.215318 0.235708 0.257603 0.270680 0.276339 0.268501 0.251108 0.239608 0.240280 0.237337 0.230952 0.223410 0.221776 0.219984 0.218743 0.215529 0.214135 0.213545 0.212199 0.209068 0.201889 0.195835 0.191562 0.186840 0.186966 0.186188 0.184572 0.185938 0.185579 0.186026 0.185818 0.186246 0.187052 0.188012 0.189346 0.189443 0.189849 0.190329 0.191765 0.193960 0.196883 0.202492 0.210704 0.216984 0.218449 0.215013 0.215915 0.220322 0.230333 0.260956 0.301509 0.358952 0.370000 0.370000 0.370000 0.370000 0.370000 0.370000 0.370000 0.370000 0.370000 -9999.0 -9999.0 -9999.0 -9999.0 -9999.0 -9999.0 -9999.0 -9999.0 -9999.0 -9999.0
-9999.0 -9999.0 -9999.0 -9999.0 0.153501 0.162056 0.170346 0.169613 0.176135 0.180477 0.184614 0.189510 0.193592 0.196178 0.193156 0.192613 0.192009 0.192420 0.191726 0.190996 0.190728 0.190243 0.189681 0.188959 0.189290 0.190026 0.190218 0.188974 0.188903 0.186625 0.186340 0.184933 0.183571 0.182013 0.182303 0.182162 0.182831 0.182096 0.183201 0.182598 0.183473 0.183890 0.184966 0.186714 0.186157 0.187159 0.187232 0.188539 0.189138 0.192702 0.198464 0.205140 0.209689 0.209475 0.203700 0.201293 0.199856 0.203450 0.209536 0.222838 0.253332 0.285101 0.318010 0.355933 0.370000 0.370000 0.370000 0.370000 -9999.0 -9999.0 -9999.0 -9999.0 -9999.0 -9999.0 -9999.0 -9999.0 -9999.0 -9999.0 -9999.0 -9999.0
-9999.0 -9999.0 -9999.0 -9999.0 -9999.0 -9999.0 0.157195 0.161607 0.160304 0.163973 0.167405 0.170143 0.174136 0.173835 0.175093 0.178190 0.177790 0.176301 0.174448 0.177145 0.178393 0.178635 0.175629 0.176453 0.176798 0.177935 0.177817 0.178297 0.175776 0.178798 0.180267 0.179667 0.179086 0.179635 0.178986 0.180880 0.181107 0.179578 0.179125 0.181350 0.182024 0.181749 0.182222 0.183801 0.186076 0.186460 0.185485 0.184137 0.186470 0.191886 0.198054 0.203529 0.207111 0.208311 0.203460 0.196916 0.193649 0.193186 0.195836 0.200925 0.213242 0.221853 0.228240 0.233677 0.244604 0.288652 -9999.0 -9999.0 -9999.0 -9999.0 -9999.0 -9999.0 -9999.0 -9999.0 -9999.0 -9999.0 -9999.0 -9999.0 -9999.0 -9999.0
-9999.0 -9999.0 -9999.0 -9999.0 -9999.0 -9999.0 -9999.0 -9999.0 -9999.0 -9999.0 -9999.0 -9999.0 -9999.0 -9999.0 -9999.0 -9999.0 -9999.0 -9999.0 -9999.0 -9999.0 -9999.0 -9999.0 -9999.0 -9999.0 -9999.0 -9999.0 -9999.0 -9999.0 -9999.0 -9999.0 -9999.0 -9999.0 -9999.0 -9999.0 -9999.0 -9999.0 -9999.0 -9999.0 -9999.0 -9999.0 -9999.0 -9999.0 -9999.0 -9999.0 -9999.0 -9999.0 -9999.0 -9999.0 -9999.0 -9999.0 -9999.0 -9999.0 -9999.0 -9999.0 -9999.0 -9999.0 -9999.0 -9999.0 -9999.0 -9999.0 -9999.0 -9999.0 -9999.0 -9999.0 -9999.0 -9999.0 -9999.0 -9999.0 -9999.0 -9999.0 -9999.0 -9999.0 -9999.0 -9999.0 -9999.0 -9999.0 -9999.0 -9999.0 -9999.0 -9999.0
-9999.0 -9999.0 -9999.0 -9999.0 -9999.0 -9999.0 -9999.0 -9999.0 -9999.0 -9999.0 -9999.0 -9999.0 -9999.0 -9999.0 -9999.0 -9999.0 -9999.0 -9999.0 -9999.0 -9999.0 -9999.0 -9999.0 -9999.0 -9999.0 -9999.0 -9999.0 -9999.0 -9999.0 -9999.0 -9999.0 -9999.0 -9999.0 -9999.0 -9999.0 -9999.0 -9999.0 -9999.0 -9999.0 -9999.0 -9999.0 -9999.0 -9999.0 -9999.0 -9999.0 -9999.0 -9999.0 -9999.0 -9999.0 -9999.0 -9999.0 -9999.0 -9999.0 -9999.0 -9999.0 -9999.0 -9999.0 -9999.0 -9999.0 -9999.0 -9999.0 -9999.0 -9999.0 -9999.0 -9999.0 -9999.0 -9999.0 -9999.0 -9999.0 -9999.0 -9999.0 -9999.0 -9999.0 -9999.0 -9999.0 -9999.0 -9999.0 -9999.0 -9999.0 -9999.0 -9999.0