Borden_/Borden1m_014/output_maps/thetaliqL0007N0005.asc
ncols         80
nrows         18
xllcorner     620200.000000
yllcorner     5168000.000000
cellsize      1.000000
NODATA_value  -9999.0
-9999.0 -9999.0 -9999.0 -9999.0 -9999.0 -9999.0 -9999.0 -9999.0 -9999.0 -9999.0 -9999.0 -9999.0 -9999.0 -9999.0 -9999.0 -9999.0 -9999.0 -9999.0 -9999.0 -9999.0 -9999.0 -9999.0 -9999.0 -9999.0 -9999.0 -9999.0 -9999.0 -9999.0 -9999.0 -9999.0 -9999.0 -9999.0 -9999.0 -9999.0 -9999.0 -9999.0 -9999.0 -9999.0 -9999.0 -9999.0 -9999.0 -9999.0 -9999.0 -9999.0 -9999.0 -9999.0 -9999.0 -9999.0 -9999.0 -9999.0 -9999.0 -9999.0 -9999.0 -9999.0 -9999.0 -9999.0 -9999.0 -9999.0 -9999.0 -9999.0 -9999.0 -9999.0 -9999.0 -9999.0 -9999.0 -9999.0 -9999.0 -9999.0 -9999.0 -9999.0 -9999.0 -9999.0 -9999.0 -9999.0 -9999.0 -9999.0 -9999.0 -9999.0 -9999.0 -9999.0
-9999.0 -9999.0 -9999.0 -9999.0 -9999.0 -9999.0 -9999.0 -9999.0 -9999.0 -9999.0 -9999.0 -9999.0 -9999.0 -9999.0 -9999.0 -9999.0 -9999.0 -9999.0 -9999.0 -9999.0 -9999.0 -9999.0 -9999.0 -9999.0 -9999.0 -9999.0 -9999.0 -9999.0 -9999.0 -9999.0 -9999.0 -9999.0 -9999.0 -9999.0 -9999.0 -9999.0 -9999.0 -9999.0 -9999.0 -9999.0 -9999.0 -9999.0 -9999.0 -9999.0 -9999.0 -9999.0 -9999.0 -9999.0 -9999.0 -9999.0 -9999.0 -9999.0 -9999.0 -9999.0 -9999.0 -9999.0 -9999.0 -9999.0 -9999.0 -9999.0 -9999.0 -9999.0 -9999.0 -9999.0 -9999.0 -9999.0 -9999.0 -9999.0 -9999.0 -9999.0 -9999.0 -9999.0 -9999.0 -9999.0 -9999.0 -9999.0 -9999.0 -9999.0 -9999.0 -9999.0
-9999.0 -9999.0 -9999.0 -9999.0 -9999.0 -9999.0 -9999.0 -9999.0 -9999.0 -9999.0 -9999.0 -9999.0 -9999.0 -9999.0 -9999.0 -9999.0 -9999.0 -9999.0 -9999.0 -9999.0 0.279185 0.281484 0.263295 0.235607 0.213061 0.214104 0.241211 0.273573 0.301177 0.308016 0.295257 0.295894 0.291829 0.291532 0.293531 0.297552 0.299174 0.306966 0.312350 0.312087 0.307997 0.304044 0.302922 0.305305 0.308605 0.302963 0.311938 0.321372 0.325198 0.322613 0.306045 0.295436 0.290032 0.279670 0.298278 0.307376 0.322021 0.324782 0.324447 0.308216 0.287106 -9999.0 -9999.0 -9999.0 -9999.0 -9999.0 -9999.0 -9999.0 -9999.0 -9999.0 -9999.0 -9999.0 -9999.0 -9999.0 -9999.0 -9999.0 -9999.0 -9999.0 -9999.0 -9999.0
-9999.0 -9999.0 -9999.0 -9999.0 -9999.0 -9999.0 -9999.0 -9999.0 -9999.0 -9999.0 -9999.0 -9999.0 -9999.0 -9999.0 0.208702 0.200896 0.198354 0.204173 0.229676 0.253310 0.263349 0.256889 0.256438 0.237022 0.220685 0.231238 0.254055 0.278176 0.302512 0.315454 0.306885 0.304695 0.311354 0.327394 0.334561 0.333062 0.321576 0.333407 0.340584 0.344292 0.343825 0.340257 0.345995 0.351425 0.349348 0.343058 0.344335 0.348512 0.353109 0.348725 0.319227 0.306466 0.305191 0.301434 0.292769 0.288488 0.306516 0.307727 0.302692 0.290441 0.266109 0.231046 0.217557 0.248493 0.284245 0.323602 -9999.0 -9999.0 -9999.0 -9999.0 -9999.0 -9999.0 -9999.0 -9999.0 -9999.0 -9999.0 -9999.0 -9999.0 -9999.0 -9999.0
-9999.0 -9999.0 -9999.0 -9999.0 -9999.0 -9999.0 -9999.0 -9999.0 -9999.0 0.170864 0.172763 0.176880 0.177618 0.187533 0.186155 0.190460 0.195633 0.214124 0.237813 0.265351 0.287222 0.278914 0.278504 0.287299 0.292025 0.300581 0.313546 0.335091 0.350911 0.360733 0.354337 0.353649 0.358258 0.365739 0.368349 0.368739 0.367885 0.368019 0.369030 0.369632 0.369661 0.369654 0.369863 0.369923 0.369944 0.369872 0.369721 0.369618 0.369832 0.369082 0.365343 0.356383 0.356878 0.348291 0.331417 0.319568 0.318285 0.331138 0.323584 0.300581 0.274124 0.267571 0.255062 0.268641 0.286870 0.319406 0.339441 0.350352 0.350705 0.344988 -9999.0 -9999.0 -9999.0 -9999.0 -9999.0 -9999.0 -9999.0 -9999.0 -9999.0 -9999.0
-9999.0 -9999.0 -9999.0 -9999.0 -9999.0 -9999.0 0.132248 0.135588 0.143956 0.146423 0.158392 0.162210 0.173874 0.185851 0.199380 0.211255 0.234579 0.259677 0.290938 0.319606 0.335997 0.333467 0.337602 0.350230 0.360758 0.365272 0.367246 0.369010 0.369952 0.369997 0.369999 0.369999 0.370000 0.370000 0.370000 0.370000 0.370000 0.370000 0.370000 0.370000 0.370000 0.370000 0.370000 0.370000 0.370000 0.370000 0.370000 0.370000 0.370000 0.370000 0.370000 0.370000 0.369993 0.369905 0.368354 0.363058 0.362898 0.364970 0.360757 0.347365 0.329632 0.324712 0.317045 0.308806 0.313012 0.325258 0.337607 0.342921 0.338227 0.328801 0.316048 0.297296 0.298878 0.316087 -9999.0 -9999.0 -9999.0 -9999.0 -9999.0 -9999.0
-9999.0 -9999.0 -9999.0 -9999.0 0.115567 0.119136 0.115558 0.122606 0.134055 0.148375 0.165119 0.187900 0.206221 0.227956 0.260420 0.289098 0.317442 0.335132 0.354563 0.366010 0.368929 0.369541 0.369768 0.369988 0.370000 0.370000 0.370000 0.370000 0.370000 0.370000 0.370000 0.370000 0.370000 0.370000 0.370000 0.370000 0.370000 0.370000 0.370000 0.370000 0.370000 0.370000 0.370000 0.370000 0.370000 0.370000 0.370000 0.370000 0.370000 0.370000 0.370000 0.370000 0.370000 0.370000 0.370000 0.370000 0.370000 0.370000 0.369974 0.369661 0.367494 0.365483 0.361416 0.356622 0.348501 0.349376 0.350901 0.344839 0.332400 0.315403 0.306513 0.294142 0.287306 0.308937 0.320340 0.336829 -9999.0 -9999.0 -9999.0 -9999.0
-9999.0 -9999.0 0.101728 0.113487 0.131650 0.134762 0.135450 0.137055 0.148670 0.176020 0.231801 0.272521 0.304461 0.322219 0.348442 0.365449 0.369373 0.369905 0.369996 0.370000 0.370000 0.370000 0.370000 0.370000 0.370000 0.370000 0.370000 0.370000 0.370000 0.370000 0.370000 0.370000 0.370000 0.370000 0.370000 0.370000 0.370000 0.370000 0.370000 0.370000 0.370000 0.370000 0.370000 0.370000 0.370000 0.370000 0.370000 0.370000 0.370000 0.370000 0.370000 0.370000 0.370000 0.370000 0.370000 0.370000 0.370000 0.370000 0.370000 0.370000 0.370000 0.370000 0.369983 0.369806 0.368978 0.367706 0.363869 0.357426 0.345017 0.325354 0.312590 0.301284 0.300650 0.301898 0.313132 0.322998 0.331558 0.335488 -9999.0 -9999.0
-9999.0 0.087184 0.097062 0.130574 0.168179 0.196572 0.226187 0.248223 0.265805 0.275097 0.340447 0.365694 0.369674 0.369887 0.369991 0.370000 0.370000 0.370000 0.370000 0.370000 0.370000 0.370000 0.370000 0.370000 0.370000 0.370000 0.370000 0.370000 0.370000 0.370000 0.370000 0.370000 0.370000 0.370000 0.370000 0.370000 0.370000 0.370000 0.370000 0.370000 0.370000 0.370000 0.370000 0.370000 0.370000 0.370000 0.370000 0.370000 0.370000 0.370000 0.370000 0.370000 0.370000 0.370000 0.370000 0.370000 0.370000 0.370000 0.370000 0.370000 0.370000 0.370000 0.370000 0.370000 0.370000 0.369977 0.369721 0.368576 0.364086 0.358301 0.351138 0.331220 0.319490 0.321469 0.316652 0.315673 0.320122 0.324020 -9999.0 -9999.0
-9999.0 0.081069 0.097284 0.157847 0.261262 0.305125 0.356756 0.367944 0.368983 0.368058 0.369956 0.370000 0.370000 0.370000 0.370000 0.370000 0.370000 0.370000 0.370000 0.370000 0.370000 0.370000 0.370000 0.370000 0.370000 0.370000 0.370000 0.370000 0.370000 0.370000 0.370000 0.370000 0.370000 0.370000 0.370000 0.370000 0.370000 0.370000 0.370000 0.370000 0.370000 0.370000 0.370000 0.370000 0.370000 0.370000 0.370000 0.370000 0.370000 0.370000 0.370000 0.370000 0.370000 0.370000 0.370000 0.370000 0.370000 0.370000 0.370000 0.370000 0.370000 0.370000 0.370000 0.370000 0.370000 0.370000 0.370000 0.370000 0.369950 0.369689 0.368700 0.364943 0.355522 0.348635 0.333382 0.322764 -9999.0 -9999.0 -9999.0 -9999.0
-9999.0 0.077348 0.094949 0.199931 0.356815 0.369186 0.370000 0.370000 0.370000 0.370000 0.370000 0.370000 0.370000 0.370000 0.370000 0.370000 0.370000 0.370000 0.370000 0.370000 0.370000 0.370000 0.370000 0.370000 0.370000 0.370000 0.370000 0.370000 0.370000 0.370000 0.370000 0.370000 0.370000 0.370000 0.370000 0.370000 0.369993 0.369989 0.369978 0.369899 0.369755 0.369645 0.369796 0.369732 0.369730 0.369847 0.369946 0.369977 0.369998 0.370000 0.370000 0.370000 0.370000 0.370000 0.370000 0.370000 0.370000 0.370000 0.370000 0.370000 0.370000 0.370000 0.370000 0.370000 0.370000 0.370000 0.370000 0.370000 0.370000 0.370000 0.370000 0.369969 0.369537 0.365906 0.360965 -9999.0 -9999.0 -9999.0 -9999.0 -9999.0
-9999.0 0.072315 0.085765 0.171721 0.363256 0.370000 0.370000 0.370000 0.370000 0.370000 0.370000 0.370000 0.370000 0.370000 0.370000 0.370000 0.370000 0.370000 0.370000 0.370000 0.370000 0.370000 0.370000 0.370000 0.370000 0.370000 0.370000 0.370000 0.370000 0.370000 0.369999 0.369996 0.369834 0.368326 0.364964 0.357503 0.342082 0.341629 0.347506 0.341313 0.331498 0.321580 0.334583 0.341018 0.345041 0.341199 0.344369 0.354805 0.363612 0.367374 0.369234 0.369864 0.369983 0.370000 0.370000 0.370000 0.370000 0.370000 0.370000 0.370000 0.370000 0.370000 0.370000 0.370000 0.370000 0.370000 0.370000 0.370000 0.370000 0.370000 0.370000 0.370000 0.370000 -9999.0 -9999.0 -9999.0 -9999.0 -9999.0 -9999.0 -9999.0
-9999.0 0.070095 0.075212 0.096619 0.233377 0.360339 0.369877 0.370000 0.370000 0.370000 0.370000 0.370000 0.370000 0.370000 0.370000 0.370000 0.370000 0.370000 0.370000 0.370000 0.370000 0.370000 0.370000 0.370000 0.369998 0.369994 0.369987 0.369951 0.369713 0.368512 0.360909 0.343315 0.313267 0.289810 0.267558 0.241852 0.211730 0.220201 0.232107 0.228420 0.218561 0.214837 0.237907 0.252286 0.260088 0.248908 0.263072 0.283374 0.311756 0.333779 0.351117 0.362271 0.367331 0.368689 0.369123 0.369639 0.369933 0.369999 0.370000 0.370000 0.370000 0.370000 0.370000 0.370000 0.370000 0.370000 0.370000 0.370000 0.370000 0.370000 0.370000 -9999.0 -9999.0 -9999.0 -9999.0 -9999.0 -9999.0 -9999.0 -9999.0 -9999.0
-9999.0 -9999.0 0.070064 0.073744 0.081677 0.107232 0.162002 0.229296 0.280853 0.332855 0.360247 0.367952 0.369405 0.369661 0.369299 0.367504 0.365299 0.365343 0.364414 0.362562 0.358240 0.356318 0.354232 0.352313 0.348224 0.345770 0.344036 0.340005 0.330073 0.302982 0.264018 0.223416 0.184551 0.169364 0.157279 0.145959 0.144215 0.143712 0.147092 0.147645 0.150059 0.155896 0.167451 0.180356 0.186322 0.190618 0.199149 0.216240 0.241683 0.273265 0.309821 0.338768 0.351645 0.354299 0.351058 0.352243 0.357324 0.364356 0.369342 0.369986 0.370000 0.370000 0.370000 0.370000 0.370000 0.370000 0.370000 0.370000 0.370000 0.370000 -9999.0 -9999.0 -9999.0 -9999.0 -9999.0 -9999.0 -9999.0 -9999.0 -9999.0 -9999.0
-9999.0 -9999.0 -9999.0 -9999.0 0.070725 0.074199 0.078037 0.083503 0.097966 0.123444 0.161982 0.208897 0.246718 0.264079 0.253757 0.247669 0.240719 0.238435 0.232116 0.227391 0.222728 0.217096 0.209467 0.204178 0.203666 0.206223 0.205108 0.196239 0.186141 0.168852 0.155393 0.138806 0.124583 0.115519 0.112012 0.110194 0.110323 0.109056 0.111540 0.113167 0.117379 0.122234 0.130778 0.142466 0.148146 0.155141 0.160225 0.172147 0.191190 0.229799 0.278324 0.316224 0.333482 0.334093 0.318723 0.307262 0.303450 0.319334 0.341107 0.360087 0.368960 0.369910 0.369999 0.370000 0.370000 0.370000 0.370000 0.370000 -9999.0 -9999.0 -9999.0 -9999.0 -9999.0 -9999.0 -9999.0 -9999.0 -9999.0 -9999.0 -9999.0 -9999.0
-9999.0 -9999.0 -9999.0 -9999.0 -9999.0 -9999.0 0.069974 0.071275 0.073192 0.077511 0.084946 0.095851 0.110367 0.116523 0.121137 0.128389 0.126544 0.121023 0.116237 0.121150 0.124025 0.122566 0.114519 0.114106 0.115031 0.117860 0.117631 0.115952 0.109433 0.111356 0.110924 0.105494 0.100202 0.097617 0.095731 0.097418 0.097599 0.095576 0.096044 0.100622 0.104617 0.107684 0.113469 0.123555 0.135427 0.141368 0.141648 0.144354 0.165934 0.212782 0.267437 0.305760 0.323534 0.326487 0.307982 0.276512 0.257281 0.260093 0.284051 0.317412 0.349985 0.360703 0.364770 0.366756 0.368396 0.369955 -9999.0 -9999.0 -9999.0 -9999.0 -9999.0 -9999.0 -9999.0 -9999.0 -9999.0 -9999.0 -9999.0 -9999.0 -9999.0 -9999.0
-9999.0 -9999.0 -9999.0 -9999.0 -9999.0 -9999.0 -9999.0 -9999.0 -9999.0 -9999.0 -9999.0 -9999.0 -9999.0 -9999.0 -9999.0 -9999.0 -9999.0 -9999.0 -9999.0 -9999.0 -9999.0 -9999.0 -9999.0 -9999.0 -9999.0 -9999.0 -9999.0 -9999.0 -9999.0 -9999.0 -9999.0 -9999.0 -9999.0 -9999.0 -9999.0 -9999.0 -9999.0 -9999.0 -9999.0 -9999.0 -9999.0 -9999.0 -9999.0 -9999.0 -9999.0 -9999.0 -9999.0 -9999.0 -9999.0 -9999.0 -9999.0 -9999.0 -9999.0 -9999.0 -9999.0 -9999.0 -9999.0 -9999.0 -9999.0 -9999.0 -9999.0 -9999.0 -9999.0 -9999.0 -9999.0 -9999.0 -9999.0 -9999.0 -9999.0 -9999.0 -9999.0 -9999.0 -9999.0 -9999.0 -9999.0 -9999.0 -9999.0 -9999.0 -9999.0 -9999.0
-9999.0 -9999.0 -9999.0 -9999.0 -9999.0 -9999.0 -9999.0 -9999.0 -9999.0 -9999.0 -9999.0 -9999.0 -9999.0 -9999.0 -9999.0 -9999.0 -9999.0 -9999.0 -9999.0 -9999.0 -9999.0 -9999.0 -9999.0 -9999.0 -9999.0 -9999.0 -9999.0 -9999.0 -9999.0 -9999.0 -9999.0 -9999.0 -9999.0 -9999.0 -9999.0 -9999.0 -9999.0 -9999.0 -9999.0 -9999.0 -9999.0 -9999.0 -9999.0 -9999.0 -9999.0 -9999.0 -9999.0 -9999.0 -9999.0 -9999.0 -9999.0 -9999.0 -9999.0 -9999.0 -9999.0 -9999.0 -9999.0 -9999.0 -9999.0 -9999.0 -9999.0 -9999.0 -9999.0 -9999.0 -9999.0 -9999.0 -9999.0 -9999.0 -9999.0 -9999.0 -9999.0 -9999.0 -9999.0 -9999.0 -9999.0 -9999.0 -9999.0 -9999.0 -9999.0 -9999.0