Borden_/Borden1m_014/output_maps/thetaliqL0006N0036.asc
ncols         80
nrows         18
xllcorner     620200.000000
yllcorner     5168000.000000
cellsize      1.000000
NODATA_value  -9999.0
-9999.0 -9999.0 -9999.0 -9999.0 -9999.0 -9999.0 -9999.0 -9999.0 -9999.0 -9999.0 -9999.0 -9999.0 -9999.0 -9999.0 -9999.0 -9999.0 -9999.0 -9999.0 -9999.0 -9999.0 -9999.0 -9999.0 -9999.0 -9999.0 -9999.0 -9999.0 -9999.0 -9999.0 -9999.0 -9999.0 -9999.0 -9999.0 -9999.0 -9999.0 -9999.0 -9999.0 -9999.0 -9999.0 -9999.0 -9999.0 -9999.0 -9999.0 -9999.0 -9999.0 -9999.0 -9999.0 -9999.0 -9999.0 -9999.0 -9999.0 -9999.0 -9999.0 -9999.0 -9999.0 -9999.0 -9999.0 -9999.0 -9999.0 -9999.0 -9999.0 -9999.0 -9999.0 -9999.0 -9999.0 -9999.0 -9999.0 -9999.0 -9999.0 -9999.0 -9999.0 -9999.0 -9999.0 -9999.0 -9999.0 -9999.0 -9999.0 -9999.0 -9999.0 -9999.0 -9999.0
-9999.0 -9999.0 -9999.0 -9999.0 -9999.0 -9999.0 -9999.0 -9999.0 -9999.0 -9999.0 -9999.0 -9999.0 -9999.0 -9999.0 -9999.0 -9999.0 -9999.0 -9999.0 -9999.0 -9999.0 -9999.0 -9999.0 -9999.0 -9999.0 -9999.0 -9999.0 -9999.0 -9999.0 -9999.0 -9999.0 -9999.0 -9999.0 -9999.0 -9999.0 -9999.0 -9999.0 -9999.0 -9999.0 -9999.0 -9999.0 -9999.0 -9999.0 -9999.0 -9999.0 -9999.0 -9999.0 -9999.0 -9999.0 -9999.0 -9999.0 -9999.0 -9999.0 -9999.0 -9999.0 -9999.0 -9999.0 -9999.0 -9999.0 -9999.0 -9999.0 -9999.0 -9999.0 -9999.0 -9999.0 -9999.0 -9999.0 -9999.0 -9999.0 -9999.0 -9999.0 -9999.0 -9999.0 -9999.0 -9999.0 -9999.0 -9999.0 -9999.0 -9999.0 -9999.0 -9999.0
-9999.0 -9999.0 -9999.0 -9999.0 -9999.0 -9999.0 -9999.0 -9999.0 -9999.0 -9999.0 -9999.0 -9999.0 -9999.0 -9999.0 -9999.0 -9999.0 -9999.0 -9999.0 -9999.0 -9999.0 0.154276 0.155950 0.144348 0.129808 0.119788 0.120236 0.132642 0.150973 0.171946 0.178573 0.167153 0.167724 0.164491 0.164510 0.166343 0.169782 0.171143 0.178559 0.184265 0.184158 0.180015 0.176164 0.175062 0.177451 0.180673 0.175247 0.184099 0.194955 0.199907 0.196130 0.177265 0.167404 0.162887 0.155177 0.169332 0.177532 0.193451 0.196812 0.196291 0.177935 0.159967 -9999.0 -9999.0 -9999.0 -9999.0 -9999.0 -9999.0 -9999.0 -9999.0 -9999.0 -9999.0 -9999.0 -9999.0 -9999.0 -9999.0 -9999.0 -9999.0 -9999.0 -9999.0 -9999.0
-9999.0 -9999.0 -9999.0 -9999.0 -9999.0 -9999.0 -9999.0 -9999.0 -9999.0 -9999.0 -9999.0 -9999.0 -9999.0 -9999.0 0.117962 0.114817 0.113823 0.116123 0.127031 0.138769 0.144435 0.140761 0.140570 0.130590 0.123164 0.128004 0.139610 0.154530 0.174073 0.187716 0.178743 0.176801 0.184035 0.204982 0.217519 0.215622 0.198592 0.216008 0.229917 0.238871 0.238286 0.231087 0.244575 0.259290 0.253605 0.237747 0.239440 0.249068 0.262336 0.247827 0.194276 0.178889 0.177176 0.173184 0.165448 0.161807 0.177006 0.178052 0.173113 0.162723 0.146134 0.127722 0.121716 0.136192 0.157839 0.194904 -9999.0 -9999.0 -9999.0 -9999.0 -9999.0 -9999.0 -9999.0 -9999.0 -9999.0 -9999.0 -9999.0 -9999.0 -9999.0 -9999.0
-9999.0 -9999.0 -9999.0 -9999.0 -9999.0 -9999.0 -9999.0 -9999.0 -9999.0 0.103755 0.104392 0.105858 0.106102 0.109732 0.109216 0.110828 0.112844 0.120272 0.131000 0.145941 0.160812 0.154921 0.154827 0.161707 0.166283 0.174487 0.188356 0.219642 0.257675 0.295156 0.272289 0.271406 0.289828 0.330767 0.352938 0.357154 0.349851 0.350850 0.359993 0.365340 0.365873 0.365891 0.368074 0.368755 0.368993 0.368115 0.366146 0.365586 0.367768 0.360158 0.329179 0.282735 0.279580 0.249920 0.212788 0.194361 0.191956 0.208892 0.197364 0.172050 0.151556 0.147348 0.139974 0.147690 0.159851 0.189839 0.218946 0.242778 0.243559 0.229553 -9999.0 -9999.0 -9999.0 -9999.0 -9999.0 -9999.0 -9999.0 -9999.0 -9999.0 -9999.0
-9999.0 -9999.0 -9999.0 -9999.0 -9999.0 -9999.0 0.090748 0.091827 0.094583 0.095390 0.099408 0.100717 0.104812 0.109179 0.114322 0.119190 0.129740 0.143106 0.164772 0.194155 0.219858 0.217299 0.226364 0.258871 0.300720 0.328225 0.343781 0.359909 0.369053 0.369865 0.369943 0.369963 0.369978 0.369998 0.370000 0.370000 0.370000 0.370000 0.370000 0.370000 0.370000 0.370000 0.370000 0.370000 0.370000 0.370000 0.370000 0.370000 0.370000 0.370000 0.369999 0.369970 0.369721 0.368227 0.353035 0.316591 0.311533 0.320007 0.293382 0.245765 0.208838 0.200341 0.189732 0.179994 0.183681 0.197730 0.216169 0.225819 0.216556 0.201476 0.185486 0.167487 0.168732 0.185270 -9999.0 -9999.0 -9999.0 -9999.0 -9999.0 -9999.0
-9999.0 -9999.0 -9999.0 -9999.0 0.085244 0.086424 0.085232 0.087546 0.091305 0.096041 0.101765 0.110036 0.117254 0.126757 0.143963 0.164704 0.194576 0.222879 0.273332 0.331574 0.358386 0.365046 0.367421 0.369730 0.369986 0.370000 0.370000 0.370000 0.370000 0.370000 0.370000 0.370000 0.370000 0.370000 0.370000 0.370000 0.370000 0.370000 0.370000 0.370000 0.370000 0.370000 0.370000 0.370000 0.370000 0.370000 0.370000 0.370000 0.370000 0.370000 0.370000 0.370000 0.370000 0.370000 0.370000 0.370000 0.369986 0.369942 0.369302 0.365695 0.344415 0.325535 0.298059 0.273634 0.245127 0.244741 0.246986 0.230970 0.207580 0.185163 0.175893 0.164987 0.159673 0.177876 0.190030 0.213369 -9999.0 -9999.0 -9999.0 -9999.0
-9999.0 -9999.0 0.080651 0.084584 0.090567 0.091582 0.091856 0.092387 0.096266 0.105791 0.128997 0.152968 0.180924 0.202846 0.255069 0.329574 0.363783 0.368728 0.369879 0.369996 0.370000 0.370000 0.370000 0.370000 0.370000 0.370000 0.370000 0.370000 0.370000 0.370000 0.370000 0.370000 0.370000 0.370000 0.370000 0.370000 0.370000 0.370000 0.370000 0.370000 0.370000 0.370000 0.370000 0.370000 0.370000 0.370000 0.370000 0.370000 0.370000 0.370000 0.370000 0.370000 0.370000 0.370000 0.370000 0.370000 0.370000 0.370000 0.370000 0.370000 0.369999 0.369964 0.369626 0.367502 0.357043 0.339674 0.305434 0.270833 0.232854 0.198224 0.182546 0.171273 0.170498 0.171427 0.182053 0.193191 0.204791 0.210898 -9999.0 -9999.0
-9999.0 0.075618 0.079084 0.090316 0.103013 0.113590 0.126848 0.139138 0.150053 0.155959 0.235630 0.332582 0.365732 0.368405 0.369799 0.370000 0.370000 0.370000 0.370000 0.370000 0.370000 0.370000 0.370000 0.370000 0.370000 0.370000 0.370000 0.370000 0.370000 0.370000 0.370000 0.370000 0.370000 0.370000 0.370000 0.370000 0.370000 0.370000 0.370000 0.370000 0.370000 0.370000 0.370000 0.370000 0.370000 0.370000 0.370000 0.370000 0.370000 0.370000 0.370000 0.370000 0.370000 0.370000 0.370000 0.370000 0.370000 0.370000 0.370000 0.370000 0.370000 0.370000 0.370000 0.370000 0.369978 0.369536 0.366026 0.350270 0.309028 0.276443 0.249664 0.207181 0.190275 0.192000 0.185969 0.184700 0.189640 0.194359 -9999.0 -9999.0
-9999.0 0.073341 0.079250 0.099718 0.144558 0.180302 0.282628 0.345160 0.357479 0.349781 0.369253 0.370000 0.370000 0.370000 0.370000 0.370000 0.370000 0.370000 0.370000 0.370000 0.370000 0.370000 0.370000 0.370000 0.370000 0.370000 0.370000 0.370000 0.370000 0.370000 0.370000 0.370000 0.370000 0.370000 0.370000 0.370000 0.370000 0.370000 0.370000 0.370000 0.370000 0.370000 0.370000 0.370000 0.370000 0.370000 0.370000 0.370000 0.370000 0.370000 0.370000 0.370000 0.370000 0.370000 0.370000 0.370000 0.370000 0.370000 0.370000 0.370000 0.370000 0.370000 0.370000 0.370000 0.370000 0.370000 0.369992 0.369892 0.368773 0.364773 0.350694 0.314314 0.264645 0.239820 0.208524 0.193107 -9999.0 -9999.0 -9999.0 -9999.0
-9999.0 0.071918 0.078556 0.116208 0.271175 0.359962 0.369980 0.370000 0.370000 0.370000 0.370000 0.370000 0.370000 0.370000 0.370000 0.370000 0.370000 0.370000 0.370000 0.370000 0.370000 0.370000 0.370000 0.370000 0.370000 0.370000 0.370000 0.370000 0.370000 0.370000 0.370000 0.370000 0.370000 0.370000 0.369997 0.369981 0.369766 0.369598 0.369305 0.368142 0.366723 0.365160 0.366960 0.366793 0.366776 0.367560 0.368758 0.369328 0.369869 0.369975 0.369998 0.370000 0.370000 0.370000 0.370000 0.370000 0.370000 0.370000 0.370000 0.370000 0.370000 0.370000 0.370000 0.370000 0.370000 0.370000 0.370000 0.370000 0.369998 0.369970 0.369858 0.369135 0.363069 0.315656 0.281527 -9999.0 -9999.0 -9999.0 -9999.0 -9999.0
-9999.0 0.069784 0.075339 0.106310 0.312285 0.369990 0.370000 0.370000 0.370000 0.370000 0.370000 0.370000 0.370000 0.370000 0.370000 0.370000 0.370000 0.370000 0.370000 0.370000 0.370000 0.370000 0.370000 0.370000 0.370000 0.370000 0.370000 0.370000 0.370000 0.369998 0.369927 0.369778 0.367359 0.352651 0.325552 0.287014 0.240140 0.237344 0.249423 0.234042 0.215503 0.200716 0.220329 0.232172 0.240855 0.233290 0.241148 0.270976 0.311538 0.340784 0.361101 0.368321 0.369687 0.369970 0.369996 0.370000 0.370000 0.370000 0.370000 0.370000 0.370000 0.370000 0.370000 0.370000 0.370000 0.370000 0.370000 0.370000 0.370000 0.370000 0.370000 0.369998 0.369971 -9999.0 -9999.0 -9999.0 -9999.0 -9999.0 -9999.0 -9999.0
-9999.0 0.068725 0.071120 0.079536 0.134756 0.304160 0.368349 0.369987 0.370000 0.370000 0.370000 0.370000 0.370000 0.370000 0.370000 0.370000 0.370000 0.370000 0.370000 0.369998 0.369988 0.369975 0.369973 0.369960 0.369861 0.369701 0.369509 0.368869 0.366273 0.353322 0.300146 0.242301 0.191994 0.167022 0.149914 0.134603 0.120106 0.123716 0.129223 0.127355 0.122770 0.121054 0.131653 0.139074 0.143506 0.137232 0.145282 0.158939 0.184492 0.214634 0.253871 0.299387 0.336875 0.353032 0.359637 0.366041 0.369067 0.369918 0.370000 0.370000 0.370000 0.370000 0.370000 0.370000 0.370000 0.370000 0.370000 0.370000 0.370000 0.370000 0.370000 -9999.0 -9999.0 -9999.0 -9999.0 -9999.0 -9999.0 -9999.0 -9999.0 -9999.0
-9999.0 -9999.0 0.068711 0.070447 0.073871 0.083837 0.106317 0.138515 0.174217 0.233434 0.304964 0.349657 0.362056 0.364820 0.361340 0.346415 0.330623 0.330531 0.324577 0.313231 0.291951 0.283028 0.275162 0.268147 0.254847 0.247359 0.242341 0.232464 0.213121 0.178424 0.147164 0.125351 0.109180 0.103594 0.099328 0.095425 0.094788 0.094639 0.095780 0.095945 0.096719 0.098670 0.102662 0.107245 0.109428 0.110995 0.114295 0.121306 0.133101 0.151110 0.180874 0.220746 0.251335 0.261051 0.253237 0.259467 0.280488 0.319609 0.362787 0.369639 0.369995 0.370000 0.370000 0.370000 0.370000 0.370000 0.370000 0.370000 0.369999 0.370000 -9999.0 -9999.0 -9999.0 -9999.0 -9999.0 -9999.0 -9999.0 -9999.0 -9999.0 -9999.0
-9999.0 -9999.0 -9999.0 -9999.0 0.069040 0.070657 0.072323 0.074531 0.079959 0.088884 0.102613 0.121633 0.140412 0.150956 0.144087 0.139530 0.135322 0.134211 0.130965 0.128308 0.125737 0.123076 0.119799 0.117506 0.117162 0.118109 0.117604 0.113967 0.110047 0.103505 0.098688 0.093050 0.088307 0.085296 0.084128 0.083502 0.083547 0.083128 0.083963 0.084480 0.085865 0.087460 0.090268 0.094116 0.095976 0.098324 0.100059 0.104228 0.111178 0.127186 0.154022 0.186801 0.210038 0.211473 0.190621 0.178786 0.175892 0.194414 0.232613 0.295571 0.358423 0.368824 0.369923 0.369993 0.369999 0.370000 0.370000 0.370000 -9999.0 -9999.0 -9999.0 -9999.0 -9999.0 -9999.0 -9999.0 -9999.0 -9999.0 -9999.0 -9999.0 -9999.0
-9999.0 -9999.0 -9999.0 -9999.0 -9999.0 -9999.0 0.068673 0.069304 0.070188 0.072021 0.074907 0.078854 0.083849 0.085869 0.087324 0.089700 0.089052 0.087233 0.085661 0.087278 0.088178 0.087706 0.085046 0.084896 0.085183 0.086129 0.086052 0.085490 0.083298 0.083908 0.083739 0.081918 0.080124 0.079237 0.078581 0.079169 0.079232 0.078531 0.078697 0.080266 0.081606 0.082627 0.084547 0.087863 0.091761 0.093705 0.093789 0.094684 0.102038 0.119729 0.146880 0.175633 0.195196 0.199363 0.178288 0.153122 0.141501 0.143436 0.159794 0.192569 0.254010 0.297128 0.324145 0.341218 0.355933 0.369112 -9999.0 -9999.0 -9999.0 -9999.0 -9999.0 -9999.0 -9999.0 -9999.0 -9999.0 -9999.0 -9999.0 -9999.0 -9999.0 -9999.0
-9999.0 -9999.0 -9999.0 -9999.0 -9999.0 -9999.0 -9999.0 -9999.0 -9999.0 -9999.0 -9999.0 -9999.0 -9999.0 -9999.0 -9999.0 -9999.0 -9999.0 -9999.0 -9999.0 -9999.0 -9999.0 -9999.0 -9999.0 -9999.0 -9999.0 -9999.0 -9999.0 -9999.0 -9999.0 -9999.0 -9999.0 -9999.0 -9999.0 -9999.0 -9999.0 -9999.0 -9999.0 -9999.0 -9999.0 -9999.0 -9999.0 -9999.0 -9999.0 -9999.0 -9999.0 -9999.0 -9999.0 -9999.0 -9999.0 -9999.0 -9999.0 -9999.0 -9999.0 -9999.0 -9999.0 -9999.0 -9999.0 -9999.0 -9999.0 -9999.0 -9999.0 -9999.0 -9999.0 -9999.0 -9999.0 -9999.0 -9999.0 -9999.0 -9999.0 -9999.0 -9999.0 -9999.0 -9999.0 -9999.0 -9999.0 -9999.0 -9999.0 -9999.0 -9999.0 -9999.0
-9999.0 -9999.0 -9999.0 -9999.0 -9999.0 -9999.0 -9999.0 -9999.0 -9999.0 -9999.0 -9999.0 -9999.0 -9999.0 -9999.0 -9999.0 -9999.0 -9999.0 -9999.0 -9999.0 -9999.0 -9999.0 -9999.0 -9999.0 -9999.0 -9999.0 -9999.0 -9999.0 -9999.0 -9999.0 -9999.0 -9999.0 -9999.0 -9999.0 -9999.0 -9999.0 -9999.0 -9999.0 -9999.0 -9999.0 -9999.0 -9999.0 -9999.0 -9999.0 -9999.0 -9999.0 -9999.0 -9999.0 -9999.0 -9999.0 -9999.0 -9999.0 -9999.0 -9999.0 -9999.0 -9999.0 -9999.0 -9999.0 -9999.0 -9999.0 -9999.0 -9999.0 -9999.0 -9999.0 -9999.0 -9999.0 -9999.0 -9999.0 -9999.0 -9999.0 -9999.0 -9999.0 -9999.0 -9999.0 -9999.0 -9999.0 -9999.0 -9999.0 -9999.0 -9999.0 -9999.0