Borden_/Borden1m_014/output_maps/thetaliqL0004N0020.asc
ncols         80
nrows         18
xllcorner     620200.000000
yllcorner     5168000.000000
cellsize      1.000000
NODATA_value  -9999.0
-9999.0 -9999.0 -9999.0 -9999.0 -9999.0 -9999.0 -9999.0 -9999.0 -9999.0 -9999.0 -9999.0 -9999.0 -9999.0 -9999.0 -9999.0 -9999.0 -9999.0 -9999.0 -9999.0 -9999.0 -9999.0 -9999.0 -9999.0 -9999.0 -9999.0 -9999.0 -9999.0 -9999.0 -9999.0 -9999.0 -9999.0 -9999.0 -9999.0 -9999.0 -9999.0 -9999.0 -9999.0 -9999.0 -9999.0 -9999.0 -9999.0 -9999.0 -9999.0 -9999.0 -9999.0 -9999.0 -9999.0 -9999.0 -9999.0 -9999.0 -9999.0 -9999.0 -9999.0 -9999.0 -9999.0 -9999.0 -9999.0 -9999.0 -9999.0 -9999.0 -9999.0 -9999.0 -9999.0 -9999.0 -9999.0 -9999.0 -9999.0 -9999.0 -9999.0 -9999.0 -9999.0 -9999.0 -9999.0 -9999.0 -9999.0 -9999.0 -9999.0 -9999.0 -9999.0 -9999.0
-9999.0 -9999.0 -9999.0 -9999.0 -9999.0 -9999.0 -9999.0 -9999.0 -9999.0 -9999.0 -9999.0 -9999.0 -9999.0 -9999.0 -9999.0 -9999.0 -9999.0 -9999.0 -9999.0 -9999.0 -9999.0 -9999.0 -9999.0 -9999.0 -9999.0 -9999.0 -9999.0 -9999.0 -9999.0 -9999.0 -9999.0 -9999.0 -9999.0 -9999.0 -9999.0 -9999.0 -9999.0 -9999.0 -9999.0 -9999.0 -9999.0 -9999.0 -9999.0 -9999.0 -9999.0 -9999.0 -9999.0 -9999.0 -9999.0 -9999.0 -9999.0 -9999.0 -9999.0 -9999.0 -9999.0 -9999.0 -9999.0 -9999.0 -9999.0 -9999.0 -9999.0 -9999.0 -9999.0 -9999.0 -9999.0 -9999.0 -9999.0 -9999.0 -9999.0 -9999.0 -9999.0 -9999.0 -9999.0 -9999.0 -9999.0 -9999.0 -9999.0 -9999.0 -9999.0 -9999.0
-9999.0 -9999.0 -9999.0 -9999.0 -9999.0 -9999.0 -9999.0 -9999.0 -9999.0 -9999.0 -9999.0 -9999.0 -9999.0 -9999.0 -9999.0 -9999.0 -9999.0 -9999.0 -9999.0 -9999.0 0.170101 0.171892 0.167360 0.162143 0.157961 0.157572 0.162312 0.168175 0.175026 0.176552 0.171406 0.172501 0.170592 0.169602 0.169622 0.171062 0.171777 0.174003 0.175497 0.174959 0.173330 0.172128 0.171251 0.171681 0.173388 0.170947 0.174550 0.178295 0.179706 0.179417 0.174087 0.171787 0.170868 0.167017 0.174047 0.176447 0.182215 0.182952 0.183731 0.177214 0.170918 -9999.0 -9999.0 -9999.0 -9999.0 -9999.0 -9999.0 -9999.0 -9999.0 -9999.0 -9999.0 -9999.0 -9999.0 -9999.0 -9999.0 -9999.0 -9999.0 -9999.0 -9999.0 -9999.0
-9999.0 -9999.0 -9999.0 -9999.0 -9999.0 -9999.0 -9999.0 -9999.0 -9999.0 -9999.0 -9999.0 -9999.0 -9999.0 -9999.0 0.160654 0.158494 0.157523 0.157121 0.161371 0.164984 0.165500 0.163196 0.164825 0.160145 0.156147 0.158544 0.162366 0.165926 0.171517 0.175725 0.172066 0.171175 0.173256 0.180464 0.183926 0.182505 0.174498 0.182194 0.186552 0.189336 0.188951 0.185198 0.190561 0.196934 0.193777 0.187090 0.188524 0.192486 0.198688 0.194904 0.173957 0.171251 0.171982 0.172055 0.169292 0.167492 0.174682 0.173926 0.172574 0.170702 0.165958 0.159039 0.156157 0.162957 0.169785 0.183620 -9999.0 -9999.0 -9999.0 -9999.0 -9999.0 -9999.0 -9999.0 -9999.0 -9999.0 -9999.0 -9999.0 -9999.0 -9999.0 -9999.0
-9999.0 -9999.0 -9999.0 -9999.0 -9999.0 -9999.0 -9999.0 -9999.0 -9999.0 0.156373 0.155916 0.156555 0.155316 0.157256 0.154400 0.155166 0.154776 0.157682 0.160375 0.164803 0.170409 0.166632 0.166164 0.168934 0.169393 0.170827 0.173877 0.183866 0.195788 0.213558 0.198789 0.197977 0.206073 0.235501 0.261645 0.268319 0.256181 0.256373 0.272188 0.289105 0.288143 0.286611 0.302782 0.311465 0.317011 0.304371 0.291269 0.289029 0.307855 0.273414 0.234988 0.202629 0.204848 0.193310 0.180791 0.175998 0.174611 0.182941 0.179433 0.171204 0.164668 0.165883 0.162537 0.165927 0.168818 0.179431 0.189552 0.199328 0.199783 0.193656 -9999.0 -9999.0 -9999.0 -9999.0 -9999.0 -9999.0 -9999.0 -9999.0 -9999.0 -9999.0
-9999.0 -9999.0 -9999.0 -9999.0 -9999.0 -9999.0 0.151984 0.151863 0.153157 0.149819 0.152516 0.150942 0.152970 0.154037 0.155587 0.155942 0.159614 0.163209 0.169310 0.177640 0.185487 0.181937 0.184047 0.194999 0.216007 0.236438 0.249381 0.270860 0.323217 0.353024 0.360558 0.363562 0.367146 0.368394 0.369493 0.369951 0.369421 0.369084 0.369322 0.369745 0.369990 0.369992 0.369994 0.369997 0.370000 0.369999 0.369778 0.369539 0.369460 0.369386 0.368624 0.366748 0.346865 0.311115 0.260264 0.226240 0.220102 0.226728 0.212240 0.192302 0.180483 0.179932 0.177492 0.173653 0.175576 0.180144 0.187016 0.191272 0.187920 0.183166 0.179276 0.172422 0.173386 0.179978 -9999.0 -9999.0 -9999.0 -9999.0 -9999.0 -9999.0
-9999.0 -9999.0 -9999.0 -9999.0 0.146379 0.147997 0.143376 0.146108 0.148394 0.150286 0.150675 0.153950 0.155194 0.157831 0.163253 0.167911 0.176130 0.182946 0.200705 0.236746 0.270274 0.288029 0.296644 0.344999 0.367173 0.368730 0.369001 0.369344 0.369802 0.370000 0.370000 0.370000 0.370000 0.370000 0.370000 0.370000 0.370000 0.370000 0.370000 0.370000 0.370000 0.370000 0.370000 0.370000 0.370000 0.370000 0.370000 0.370000 0.370000 0.370000 0.370000 0.370000 0.369948 0.369763 0.369571 0.369061 0.367421 0.364235 0.330060 0.291770 0.247716 0.230221 0.213674 0.204449 0.192870 0.194845 0.197850 0.191768 0.183705 0.176276 0.174864 0.171611 0.168516 0.176710 0.180125 0.189600 -9999.0 -9999.0 -9999.0 -9999.0
-9999.0 -9999.0 0.145672 0.146109 0.150787 0.148267 0.146671 0.144552 0.145728 0.150403 0.159691 0.164607 0.171874 0.176461 0.193675 0.236368 0.282212 0.312692 0.356945 0.367764 0.369123 0.369623 0.369983 0.369998 0.370000 0.370000 0.370000 0.370000 0.370000 0.370000 0.370000 0.370000 0.370000 0.370000 0.370000 0.370000 0.370000 0.370000 0.370000 0.370000 0.370000 0.370000 0.370000 0.370000 0.370000 0.370000 0.370000 0.370000 0.370000 0.370000 0.370000 0.370000 0.370000 0.370000 0.370000 0.370000 0.370000 0.369971 0.369869 0.369587 0.368422 0.366717 0.344485 0.302338 0.263640 0.243345 0.220358 0.205104 0.191054 0.178691 0.174653 0.172140 0.173382 0.172526 0.177005 0.180682 0.185789 0.187896 -9999.0 -9999.0
-9999.0 0.143790 0.142799 0.151059 0.153328 0.155572 0.158192 0.160535 0.163402 0.161224 0.188689 0.242821 0.292876 0.308541 0.350515 0.368290 0.369981 0.369998 0.369999 0.370000 0.370000 0.370000 0.370000 0.370000 0.370000 0.370000 0.370000 0.370000 0.370000 0.370000 0.370000 0.370000 0.370000 0.370000 0.370000 0.370000 0.370000 0.370000 0.370000 0.370000 0.370000 0.370000 0.370000 0.370000 0.370000 0.370000 0.370000 0.370000 0.370000 0.370000 0.370000 0.370000 0.370000 0.370000 0.370000 0.370000 0.370000 0.370000 0.370000 0.370000 0.370000 0.369969 0.369727 0.368862 0.367020 0.341796 0.291776 0.254122 0.220887 0.206939 0.197990 0.181299 0.176751 0.179715 0.177584 0.177302 0.179325 0.180986 -9999.0 -9999.0
-9999.0 0.136696 0.143649 0.153201 0.166970 0.170790 0.216753 0.260948 0.273092 0.254652 0.330500 0.369981 0.369999 0.370000 0.370000 0.370000 0.370000 0.370000 0.370000 0.370000 0.370000 0.370000 0.370000 0.370000 0.370000 0.370000 0.370000 0.370000 0.370000 0.370000 0.370000 0.370000 0.370000 0.370000 0.370000 0.370000 0.370000 0.369979 0.369847 0.369637 0.369510 0.369713 0.369620 0.369422 0.369369 0.369627 0.369862 0.369844 0.369899 0.369973 0.369998 0.370000 0.370000 0.370000 0.370000 0.370000 0.370000 0.370000 0.370000 0.370000 0.370000 0.370000 0.370000 0.369999 0.369930 0.369248 0.368044 0.365820 0.329040 0.293581 0.259691 0.227007 0.201873 0.195541 0.183324 0.180589 -9999.0 -9999.0 -9999.0 -9999.0
-9999.0 0.135812 0.142657 0.160674 0.215330 0.287438 0.367263 0.369870 0.370000 0.370000 0.370000 0.370000 0.370000 0.370000 0.370000 0.370000 0.370000 0.370000 0.370000 0.370000 0.370000 0.370000 0.370000 0.370000 0.370000 0.370000 0.370000 0.370000 0.370000 0.369998 0.369987 0.369962 0.369837 0.368883 0.368137 0.367134 0.348604 0.340876 0.331270 0.309516 0.297843 0.289455 0.300570 0.298025 0.297105 0.303403 0.318513 0.329868 0.357514 0.366988 0.368303 0.369256 0.369668 0.369942 0.369996 0.370000 0.370000 0.370000 0.370000 0.370000 0.370000 0.370000 0.370000 0.370000 0.370000 0.369999 0.369979 0.369801 0.368999 0.367869 0.366225 0.342146 0.287090 0.233018 0.215586 -9999.0 -9999.0 -9999.0 -9999.0 -9999.0
-9999.0 0.126559 0.141902 0.156635 0.247021 0.367641 0.369769 0.370000 0.370000 0.370000 0.370000 0.370000 0.370000 0.370000 0.370000 0.370000 0.370000 0.370000 0.370000 0.370000 0.370000 0.369999 0.369999 0.369995 0.369974 0.369925 0.369862 0.369739 0.369167 0.368337 0.364749 0.353205 0.303780 0.260074 0.233288 0.209650 0.188588 0.188988 0.195710 0.189817 0.183293 0.176955 0.184861 0.188902 0.192536 0.188252 0.189828 0.201436 0.221063 0.241734 0.272324 0.309155 0.343552 0.366732 0.368023 0.369111 0.369669 0.369954 0.370000 0.370000 0.370000 0.370000 0.370000 0.370000 0.370000 0.370000 0.370000 0.370000 0.369988 0.369843 0.369623 0.369055 0.367759 -9999.0 -9999.0 -9999.0 -9999.0 -9999.0 -9999.0 -9999.0
-9999.0 0.122210 0.137346 0.140467 0.166744 0.237037 0.330798 0.367894 0.369976 0.369119 0.368893 0.369280 0.369590 0.369760 0.369574 0.369194 0.368818 0.368922 0.368975 0.368559 0.367938 0.367528 0.367422 0.366325 0.356991 0.346653 0.338821 0.322390 0.296832 0.262518 0.214878 0.190797 0.174734 0.169005 0.164874 0.160735 0.153987 0.157473 0.160361 0.159641 0.157500 0.156029 0.161205 0.163343 0.165087 0.160600 0.164025 0.167598 0.175431 0.184088 0.196744 0.215630 0.239526 0.255884 0.267907 0.290154 0.321465 0.362885 0.368567 0.369864 0.369997 0.370000 0.370000 0.370000 0.370000 0.370000 0.370000 0.370000 0.370000 0.369998 0.369970 -9999.0 -9999.0 -9999.0 -9999.0 -9999.0 -9999.0 -9999.0 -9999.0 -9999.0
-9999.0 -9999.0 0.119171 0.124856 0.130169 0.136943 0.147753 0.162878 0.177522 0.198555 0.229839 0.264119 0.284948 0.293959 0.281866 0.255962 0.240136 0.241061 0.236677 0.228019 0.213359 0.208312 0.204836 0.202080 0.196256 0.193758 0.192614 0.190149 0.184868 0.173910 0.164769 0.158547 0.152364 0.152143 0.151043 0.149080 0.150509 0.150114 0.150664 0.150453 0.150967 0.151959 0.153249 0.154990 0.155238 0.155783 0.156520 0.158554 0.161771 0.166304 0.174906 0.187785 0.198186 0.200878 0.195843 0.197364 0.204662 0.222613 0.276839 0.346061 0.367701 0.369360 0.369946 0.369998 0.370000 0.370000 0.370000 0.370000 0.370000 0.370000 -9999.0 -9999.0 -9999.0 -9999.0 -9999.0 -9999.0 -9999.0 -9999.0 -9999.0 -9999.0
-9999.0 -9999.0 -9999.0 -9999.0 0.116719 0.124677 0.132762 0.132226 0.139134 0.144209 0.149452 0.155958 0.161708 0.165297 0.161511 0.160655 0.159736 0.160102 0.159117 0.158141 0.157648 0.156926 0.156082 0.155150 0.155492 0.156362 0.156540 0.154953 0.154614 0.151759 0.151163 0.149313 0.147577 0.145751 0.145985 0.145807 0.146515 0.145712 0.146927 0.146331 0.147344 0.147886 0.149206 0.151321 0.150844 0.152069 0.152255 0.153926 0.155025 0.159991 0.168309 0.178451 0.185704 0.185559 0.177082 0.173333 0.171447 0.176911 0.187119 0.209506 0.264969 0.316023 0.363271 0.367957 0.368844 0.369578 0.369974 0.370000 -9999.0 -9999.0 -9999.0 -9999.0 -9999.0 -9999.0 -9999.0 -9999.0 -9999.0 -9999.0 -9999.0 -9999.0
-9999.0 -9999.0 -9999.0 -9999.0 -9999.0 -9999.0 0.120061 0.124210 0.123033 0.126642 0.130164 0.133109 0.137426 0.137255 0.138641 0.141984 0.141537 0.139887 0.137892 0.140759 0.142118 0.142338 0.139072 0.139912 0.140290 0.141521 0.141396 0.141859 0.139134 0.142300 0.143831 0.143095 0.142383 0.142899 0.142185 0.144194 0.144436 0.142796 0.142334 0.144755 0.145553 0.145329 0.145947 0.147824 0.150497 0.151033 0.149990 0.148603 0.151555 0.158590 0.167328 0.175719 0.181452 0.183166 0.175811 0.166493 0.162015 0.161631 0.165728 0.173929 0.193566 0.208542 0.220815 0.235402 0.253491 0.321911 -9999.0 -9999.0 -9999.0 -9999.0 -9999.0 -9999.0 -9999.0 -9999.0 -9999.0 -9999.0 -9999.0 -9999.0 -9999.0 -9999.0
-9999.0 -9999.0 -9999.0 -9999.0 -9999.0 -9999.0 -9999.0 -9999.0 -9999.0 -9999.0 -9999.0 -9999.0 -9999.0 -9999.0 -9999.0 -9999.0 -9999.0 -9999.0 -9999.0 -9999.0 -9999.0 -9999.0 -9999.0 -9999.0 -9999.0 -9999.0 -9999.0 -9999.0 -9999.0 -9999.0 -9999.0 -9999.0 -9999.0 -9999.0 -9999.0 -9999.0 -9999.0 -9999.0 -9999.0 -9999.0 -9999.0 -9999.0 -9999.0 -9999.0 -9999.0 -9999.0 -9999.0 -9999.0 -9999.0 -9999.0 -9999.0 -9999.0 -9999.0 -9999.0 -9999.0 -9999.0 -9999.0 -9999.0 -9999.0 -9999.0 -9999.0 -9999.0 -9999.0 -9999.0 -9999.0 -9999.0 -9999.0 -9999.0 -9999.0 -9999.0 -9999.0 -9999.0 -9999.0 -9999.0 -9999.0 -9999.0 -9999.0 -9999.0 -9999.0 -9999.0
-9999.0 -9999.0 -9999.0 -9999.0 -9999.0 -9999.0 -9999.0 -9999.0 -9999.0 -9999.0 -9999.0 -9999.0 -9999.0 -9999.0 -9999.0 -9999.0 -9999.0 -9999.0 -9999.0 -9999.0 -9999.0 -9999.0 -9999.0 -9999.0 -9999.0 -9999.0 -9999.0 -9999.0 -9999.0 -9999.0 -9999.0 -9999.0 -9999.0 -9999.0 -9999.0 -9999.0 -9999.0 -9999.0 -9999.0 -9999.0 -9999.0 -9999.0 -9999.0 -9999.0 -9999.0 -9999.0 -9999.0 -9999.0 -9999.0 -9999.0 -9999.0 -9999.0 -9999.0 -9999.0 -9999.0 -9999.0 -9999.0 -9999.0 -9999.0 -9999.0 -9999.0 -9999.0 -9999.0 -9999.0 -9999.0 -9999.0 -9999.0 -9999.0 -9999.0 -9999.0 -9999.0 -9999.0 -9999.0 -9999.0 -9999.0 -9999.0 -9999.0 -9999.0 -9999.0 -9999.0