Borden_/Borden1m_014/output_maps/thetaliqL0002N0019.asc
ncols         80
nrows         18
xllcorner     620200.000000
yllcorner     5168000.000000
cellsize      1.000000
NODATA_value  -9999.0
-9999.0 -9999.0 -9999.0 -9999.0 -9999.0 -9999.0 -9999.0 -9999.0 -9999.0 -9999.0 -9999.0 -9999.0 -9999.0 -9999.0 -9999.0 -9999.0 -9999.0 -9999.0 -9999.0 -9999.0 -9999.0 -9999.0 -9999.0 -9999.0 -9999.0 -9999.0 -9999.0 -9999.0 -9999.0 -9999.0 -9999.0 -9999.0 -9999.0 -9999.0 -9999.0 -9999.0 -9999.0 -9999.0 -9999.0 -9999.0 -9999.0 -9999.0 -9999.0 -9999.0 -9999.0 -9999.0 -9999.0 -9999.0 -9999.0 -9999.0 -9999.0 -9999.0 -9999.0 -9999.0 -9999.0 -9999.0 -9999.0 -9999.0 -9999.0 -9999.0 -9999.0 -9999.0 -9999.0 -9999.0 -9999.0 -9999.0 -9999.0 -9999.0 -9999.0 -9999.0 -9999.0 -9999.0 -9999.0 -9999.0 -9999.0 -9999.0 -9999.0 -9999.0 -9999.0 -9999.0
-9999.0 -9999.0 -9999.0 -9999.0 -9999.0 -9999.0 -9999.0 -9999.0 -9999.0 -9999.0 -9999.0 -9999.0 -9999.0 -9999.0 -9999.0 -9999.0 -9999.0 -9999.0 -9999.0 -9999.0 -9999.0 -9999.0 -9999.0 -9999.0 -9999.0 -9999.0 -9999.0 -9999.0 -9999.0 -9999.0 -9999.0 -9999.0 -9999.0 -9999.0 -9999.0 -9999.0 -9999.0 -9999.0 -9999.0 -9999.0 -9999.0 -9999.0 -9999.0 -9999.0 -9999.0 -9999.0 -9999.0 -9999.0 -9999.0 -9999.0 -9999.0 -9999.0 -9999.0 -9999.0 -9999.0 -9999.0 -9999.0 -9999.0 -9999.0 -9999.0 -9999.0 -9999.0 -9999.0 -9999.0 -9999.0 -9999.0 -9999.0 -9999.0 -9999.0 -9999.0 -9999.0 -9999.0 -9999.0 -9999.0 -9999.0 -9999.0 -9999.0 -9999.0 -9999.0 -9999.0
-9999.0 -9999.0 -9999.0 -9999.0 -9999.0 -9999.0 -9999.0 -9999.0 -9999.0 -9999.0 -9999.0 -9999.0 -9999.0 -9999.0 -9999.0 -9999.0 -9999.0 -9999.0 -9999.0 -9999.0 0.237928 0.238764 0.237185 0.235442 0.233922 0.233680 0.235343 0.237176 0.239318 0.239667 0.237775 0.238314 0.237536 0.237033 0.236933 0.237457 0.237730 0.238396 0.238789 0.238524 0.237967 0.237605 0.237206 0.237274 0.237949 0.237049 0.238319 0.239499 0.239869 0.239975 0.238503 0.237959 0.237780 0.236272 0.238981 0.239650 0.241497 0.241614 0.242058 0.239993 0.237965 -9999.0 -9999.0 -9999.0 -9999.0 -9999.0 -9999.0 -9999.0 -9999.0 -9999.0 -9999.0 -9999.0 -9999.0 -9999.0 -9999.0 -9999.0 -9999.0 -9999.0 -9999.0 -9999.0
-9999.0 -9999.0 -9999.0 -9999.0 -9999.0 -9999.0 -9999.0 -9999.0 -9999.0 -9999.0 -9999.0 -9999.0 -9999.0 -9999.0 0.235496 0.234566 0.234117 0.233734 0.235228 0.236319 0.236197 0.235228 0.236115 0.234325 0.232711 0.233669 0.234904 0.235767 0.237377 0.238659 0.237371 0.237051 0.237684 0.240084 0.241053 0.240489 0.237483 0.240285 0.241551 0.242366 0.242252 0.240872 0.242685 0.244818 0.243662 0.241401 0.241932 0.243159 0.245247 0.244405 0.237414 0.236971 0.237447 0.237736 0.236797 0.236070 0.238778 0.238290 0.237919 0.237668 0.236328 0.233940 0.232821 0.235426 0.237516 0.242081 -9999.0 -9999.0 -9999.0 -9999.0 -9999.0 -9999.0 -9999.0 -9999.0 -9999.0 -9999.0 -9999.0 -9999.0 -9999.0 -9999.0
-9999.0 -9999.0 -9999.0 -9999.0 -9999.0 -9999.0 -9999.0 -9999.0 -9999.0 0.234281 0.233974 0.234203 0.233512 0.234282 0.232784 0.233076 0.232729 0.233745 0.234427 0.235750 0.237699 0.236109 0.235881 0.236927 0.236946 0.237209 0.237888 0.240949 0.244320 0.250152 0.244869 0.244652 0.247417 0.258480 0.267880 0.270381 0.265743 0.265694 0.271632 0.278636 0.278073 0.277313 0.284813 0.289052 0.292227 0.285553 0.279311 0.278250 0.287667 0.272106 0.258399 0.246352 0.247275 0.243651 0.239781 0.238484 0.237837 0.240925 0.239884 0.237335 0.235281 0.236234 0.234961 0.236200 0.236860 0.240262 0.243255 0.246271 0.246416 0.244448 -9999.0 -9999.0 -9999.0 -9999.0 -9999.0 -9999.0 -9999.0 -9999.0 -9999.0 -9999.0
-9999.0 -9999.0 -9999.0 -9999.0 -9999.0 -9999.0 0.232984 0.232814 0.233275 0.231394 0.232528 0.231569 0.232361 0.232612 0.233058 0.232908 0.234156 0.235156 0.236935 0.239356 0.241683 0.240125 0.240673 0.244105 0.251962 0.259329 0.263559 0.271072 0.295839 0.321410 0.336276 0.344831 0.359050 0.362320 0.366111 0.369280 0.365793 0.364502 0.365395 0.367353 0.369712 0.369718 0.369764 0.369817 0.369937 0.369922 0.367591 0.366298 0.365968 0.365720 0.363079 0.358138 0.313423 0.289084 0.267132 0.255307 0.252881 0.254102 0.249440 0.243304 0.239831 0.240056 0.239465 0.238074 0.238764 0.240073 0.242191 0.243580 0.242573 0.241285 0.240467 0.238176 0.238588 0.240834 -9999.0 -9999.0 -9999.0 -9999.0 -9999.0 -9999.0
-9999.0 -9999.0 -9999.0 -9999.0 0.230400 0.231185 0.228720 0.230027 0.230959 0.231591 0.231356 0.232528 0.232677 0.233427 0.235175 0.236352 0.238764 0.240442 0.245855 0.258912 0.271199 0.278375 0.281791 0.311854 0.359017 0.363392 0.364259 0.365482 0.367677 0.369956 0.369989 0.369964 0.369998 0.369997 0.370000 0.370000 0.370000 0.370000 0.370000 0.370000 0.370000 0.370000 0.370000 0.370000 0.370000 0.370000 0.370000 0.370000 0.370000 0.369999 0.370000 0.369979 0.368916 0.367467 0.366575 0.364531 0.359719 0.348900 0.299423 0.279784 0.262540 0.255877 0.249753 0.247099 0.243306 0.244134 0.245355 0.243486 0.241142 0.238931 0.238865 0.237932 0.236672 0.239666 0.240537 0.243666 -9999.0 -9999.0 -9999.0 -9999.0
-9999.0 -9999.0 0.230479 0.230344 0.232368 0.230899 0.230027 0.228792 0.229119 0.230954 0.234363 0.235446 0.237528 0.238496 0.243836 0.259080 0.276258 0.289950 0.329021 0.360374 0.364599 0.366667 0.369586 0.369768 0.369987 0.370000 0.370000 0.370000 0.370000 0.370000 0.370000 0.370000 0.370000 0.370000 0.370000 0.370000 0.370000 0.370000 0.370000 0.370000 0.370000 0.370000 0.370000 0.370000 0.370000 0.370000 0.370000 0.370000 0.370000 0.370000 0.370000 0.370000 0.370000 0.370000 0.370000 0.370000 0.369981 0.369263 0.368204 0.366591 0.362512 0.358114 0.310909 0.284442 0.267579 0.259234 0.251564 0.247071 0.243063 0.239282 0.238298 0.237772 0.238472 0.237938 0.239501 0.240579 0.242346 0.242952 -9999.0 -9999.0
-9999.0 0.230066 0.229097 0.232621 0.232798 0.233235 0.233851 0.234367 0.235162 0.233481 0.242738 0.261646 0.281113 0.287873 0.318722 0.361690 0.369592 0.369725 0.369960 0.369975 0.370000 0.370000 0.370000 0.370000 0.370000 0.370000 0.370000 0.370000 0.370000 0.370000 0.370000 0.370000 0.370000 0.370000 0.370000 0.370000 0.370000 0.370000 0.370000 0.370000 0.370000 0.370000 0.370000 0.370000 0.370000 0.370000 0.370000 0.370000 0.370000 0.370000 0.370000 0.370000 0.370000 0.370000 0.370000 0.370000 0.370000 0.370000 0.370000 0.370000 0.369914 0.369292 0.367311 0.363758 0.358687 0.308228 0.279092 0.262961 0.251581 0.247654 0.245334 0.239995 0.238822 0.240214 0.239517 0.239450 0.240132 0.240637 -9999.0 -9999.0
-9999.0 0.226403 0.229712 0.233146 0.237209 0.236951 0.253478 0.268599 0.272852 0.264488 0.301866 0.369653 0.369974 0.369974 0.369999 0.370000 0.370000 0.370000 0.370000 0.370000 0.370000 0.370000 0.370000 0.370000 0.370000 0.370000 0.370000 0.370000 0.370000 0.370000 0.370000 0.370000 0.370000 0.369999 0.369993 0.369987 0.369975 0.369326 0.367987 0.366736 0.366142 0.367246 0.366716 0.365751 0.365520 0.366735 0.368181 0.367991 0.368492 0.369337 0.369842 0.369997 0.369999 0.369999 0.370000 0.370000 0.370000 0.370000 0.370000 0.370000 0.370000 0.370000 0.370000 0.369857 0.368868 0.365153 0.361406 0.355737 0.298891 0.280462 0.266057 0.253950 0.245982 0.244637 0.240796 0.240552 -9999.0 -9999.0 -9999.0 -9999.0
-9999.0 0.226291 0.229467 0.236204 0.252736 0.280036 0.359715 0.368621 0.369999 0.369955 0.370000 0.370000 0.370000 0.370000 0.370000 0.370000 0.370000 0.370000 0.370000 0.370000 0.370000 0.370000 0.370000 0.370000 0.370000 0.370000 0.370000 0.370000 0.369959 0.369832 0.369538 0.369112 0.368002 0.363792 0.361605 0.358944 0.315243 0.308262 0.301029 0.288209 0.282679 0.278857 0.284056 0.282654 0.282102 0.285108 0.293055 0.299336 0.329675 0.358685 0.362131 0.365117 0.366946 0.368966 0.369770 0.369998 0.370000 0.370000 0.370000 0.370000 0.370000 0.370000 0.370000 0.370000 0.370000 0.369860 0.369449 0.367967 0.364396 0.361202 0.357337 0.309598 0.277864 0.256154 0.250865 -9999.0 -9999.0 -9999.0 -9999.0 -9999.0
-9999.0 0.221293 0.229760 0.235164 0.265885 0.360707 0.368139 0.370000 0.370000 0.370000 0.369965 0.370000 0.370000 0.370000 0.370000 0.370000 0.370000 0.370000 0.370000 0.369999 0.369980 0.369893 0.369863 0.369738 0.369285 0.368660 0.368112 0.367330 0.364800 0.362110 0.351196 0.322523 0.285811 0.267666 0.258364 0.249908 0.242393 0.242667 0.245095 0.243151 0.241106 0.238811 0.241533 0.242709 0.243914 0.242329 0.242593 0.246167 0.252223 0.259563 0.271461 0.287575 0.309267 0.358038 0.361323 0.364588 0.366959 0.369096 0.369974 0.370000 0.370000 0.370000 0.370000 0.370000 0.370000 0.370000 0.370000 0.369999 0.369607 0.368341 0.367186 0.364728 0.360960 -9999.0 -9999.0 -9999.0 -9999.0 -9999.0 -9999.0 -9999.0
-9999.0 0.218553 0.227800 0.228794 0.238844 0.262112 0.304721 0.361945 0.369686 0.364748 0.363932 0.365256 0.366624 0.367534 0.366522 0.364960 0.363679 0.364034 0.364268 0.362952 0.361307 0.360321 0.359992 0.355955 0.328457 0.313554 0.306640 0.295549 0.282518 0.268538 0.250699 0.243319 0.238402 0.236951 0.235849 0.234629 0.231934 0.233559 0.234729 0.234451 0.233598 0.232901 0.234934 0.235546 0.236167 0.234191 0.235465 0.236434 0.238816 0.241206 0.244753 0.250266 0.257872 0.263885 0.269507 0.278853 0.294045 0.345042 0.362671 0.368203 0.369797 0.369997 0.370000 0.370000 0.370000 0.370000 0.370000 0.370000 0.370000 0.369864 0.369403 -9999.0 -9999.0 -9999.0 -9999.0 -9999.0 -9999.0 -9999.0 -9999.0 -9999.0
-9999.0 -9999.0 0.216629 0.220308 0.223490 0.226576 0.231037 0.237619 0.242084 0.248732 0.258549 0.270165 0.278055 0.281927 0.276671 0.266525 0.261009 0.261539 0.260082 0.257204 0.251913 0.249678 0.248275 0.247196 0.245191 0.244423 0.244146 0.243537 0.242126 0.238740 0.235911 0.234063 0.231862 0.232165 0.231887 0.231099 0.231902 0.231712 0.231923 0.231782 0.231975 0.232342 0.232730 0.233308 0.233272 0.233431 0.233588 0.234175 0.235066 0.236216 0.238665 0.242439 0.245349 0.246003 0.244292 0.244790 0.246978 0.252443 0.273410 0.313121 0.360222 0.365506 0.369009 0.369835 0.369988 0.369996 0.370000 0.370000 0.370000 0.370000 -9999.0 -9999.0 -9999.0 -9999.0 -9999.0 -9999.0 -9999.0 -9999.0 -9999.0 -9999.0
-9999.0 -9999.0 -9999.0 -9999.0 0.215028 0.220225 0.225072 0.224461 0.227862 0.229749 0.231419 0.233481 0.235183 0.236368 0.234744 0.234479 0.234234 0.234534 0.234235 0.233841 0.233688 0.233462 0.233262 0.232912 0.233094 0.233471 0.233597 0.233001 0.233121 0.232004 0.232008 0.231438 0.230871 0.230122 0.230356 0.230292 0.230680 0.230281 0.230879 0.230478 0.230900 0.231050 0.231525 0.232342 0.231910 0.232383 0.232348 0.232937 0.233002 0.234503 0.237033 0.240026 0.242078 0.241924 0.239085 0.238016 0.237287 0.238965 0.241763 0.248337 0.268583 0.290981 0.345879 0.361134 0.363787 0.366555 0.369342 0.369992 -9999.0 -9999.0 -9999.0 -9999.0 -9999.0 -9999.0 -9999.0 -9999.0 -9999.0 -9999.0 -9999.0 -9999.0
-9999.0 -9999.0 -9999.0 -9999.0 -9999.0 -9999.0 0.217329 0.219936 0.219088 0.220973 0.222606 0.223836 0.225827 0.225453 0.226040 0.227718 0.227493 0.226727 0.225739 0.227230 0.227875 0.228054 0.226448 0.226936 0.227102 0.227724 0.227659 0.227973 0.226604 0.228317 0.229165 0.228921 0.228693 0.229066 0.228725 0.229793 0.229921 0.229077 0.228811 0.229996 0.230291 0.230061 0.230222 0.230951 0.232071 0.232188 0.231608 0.230773 0.231817 0.234293 0.237006 0.239378 0.240945 0.241551 0.239271 0.236148 0.234591 0.234281 0.235386 0.237539 0.243360 0.247441 0.250993 0.257237 0.263423 0.293520 -9999.0 -9999.0 -9999.0 -9999.0 -9999.0 -9999.0 -9999.0 -9999.0 -9999.0 -9999.0 -9999.0 -9999.0 -9999.0 -9999.0
-9999.0 -9999.0 -9999.0 -9999.0 -9999.0 -9999.0 -9999.0 -9999.0 -9999.0 -9999.0 -9999.0 -9999.0 -9999.0 -9999.0 -9999.0 -9999.0 -9999.0 -9999.0 -9999.0 -9999.0 -9999.0 -9999.0 -9999.0 -9999.0 -9999.0 -9999.0 -9999.0 -9999.0 -9999.0 -9999.0 -9999.0 -9999.0 -9999.0 -9999.0 -9999.0 -9999.0 -9999.0 -9999.0 -9999.0 -9999.0 -9999.0 -9999.0 -9999.0 -9999.0 -9999.0 -9999.0 -9999.0 -9999.0 -9999.0 -9999.0 -9999.0 -9999.0 -9999.0 -9999.0 -9999.0 -9999.0 -9999.0 -9999.0 -9999.0 -9999.0 -9999.0 -9999.0 -9999.0 -9999.0 -9999.0 -9999.0 -9999.0 -9999.0 -9999.0 -9999.0 -9999.0 -9999.0 -9999.0 -9999.0 -9999.0 -9999.0 -9999.0 -9999.0 -9999.0 -9999.0
-9999.0 -9999.0 -9999.0 -9999.0 -9999.0 -9999.0 -9999.0 -9999.0 -9999.0 -9999.0 -9999.0 -9999.0 -9999.0 -9999.0 -9999.0 -9999.0 -9999.0 -9999.0 -9999.0 -9999.0 -9999.0 -9999.0 -9999.0 -9999.0 -9999.0 -9999.0 -9999.0 -9999.0 -9999.0 -9999.0 -9999.0 -9999.0 -9999.0 -9999.0 -9999.0 -9999.0 -9999.0 -9999.0 -9999.0 -9999.0 -9999.0 -9999.0 -9999.0 -9999.0 -9999.0 -9999.0 -9999.0 -9999.0 -9999.0 -9999.0 -9999.0 -9999.0 -9999.0 -9999.0 -9999.0 -9999.0 -9999.0 -9999.0 -9999.0 -9999.0 -9999.0 -9999.0 -9999.0 -9999.0 -9999.0 -9999.0 -9999.0 -9999.0 -9999.0 -9999.0 -9999.0 -9999.0 -9999.0 -9999.0 -9999.0 -9999.0 -9999.0 -9999.0 -9999.0 -9999.0