Borden_/Borden1m_014/output_maps/thetaliqL0001N0003.asc
ncols         80
nrows         18
xllcorner     620200.000000
yllcorner     5168000.000000
cellsize      1.000000
NODATA_value  -9999.0
-9999.0 -9999.0 -9999.0 -9999.0 -9999.0 -9999.0 -9999.0 -9999.0 -9999.0 -9999.0 -9999.0 -9999.0 -9999.0 -9999.0 -9999.0 -9999.0 -9999.0 -9999.0 -9999.0 -9999.0 -9999.0 -9999.0 -9999.0 -9999.0 -9999.0 -9999.0 -9999.0 -9999.0 -9999.0 -9999.0 -9999.0 -9999.0 -9999.0 -9999.0 -9999.0 -9999.0 -9999.0 -9999.0 -9999.0 -9999.0 -9999.0 -9999.0 -9999.0 -9999.0 -9999.0 -9999.0 -9999.0 -9999.0 -9999.0 -9999.0 -9999.0 -9999.0 -9999.0 -9999.0 -9999.0 -9999.0 -9999.0 -9999.0 -9999.0 -9999.0 -9999.0 -9999.0 -9999.0 -9999.0 -9999.0 -9999.0 -9999.0 -9999.0 -9999.0 -9999.0 -9999.0 -9999.0 -9999.0 -9999.0 -9999.0 -9999.0 -9999.0 -9999.0 -9999.0 -9999.0
-9999.0 -9999.0 -9999.0 -9999.0 -9999.0 -9999.0 -9999.0 -9999.0 -9999.0 -9999.0 -9999.0 -9999.0 -9999.0 -9999.0 -9999.0 -9999.0 -9999.0 -9999.0 -9999.0 -9999.0 -9999.0 -9999.0 -9999.0 -9999.0 -9999.0 -9999.0 -9999.0 -9999.0 -9999.0 -9999.0 -9999.0 -9999.0 -9999.0 -9999.0 -9999.0 -9999.0 -9999.0 -9999.0 -9999.0 -9999.0 -9999.0 -9999.0 -9999.0 -9999.0 -9999.0 -9999.0 -9999.0 -9999.0 -9999.0 -9999.0 -9999.0 -9999.0 -9999.0 -9999.0 -9999.0 -9999.0 -9999.0 -9999.0 -9999.0 -9999.0 -9999.0 -9999.0 -9999.0 -9999.0 -9999.0 -9999.0 -9999.0 -9999.0 -9999.0 -9999.0 -9999.0 -9999.0 -9999.0 -9999.0 -9999.0 -9999.0 -9999.0 -9999.0 -9999.0 -9999.0
-9999.0 -9999.0 -9999.0 -9999.0 -9999.0 -9999.0 -9999.0 -9999.0 -9999.0 -9999.0 -9999.0 -9999.0 -9999.0 -9999.0 -9999.0 -9999.0 -9999.0 -9999.0 -9999.0 -9999.0 0.210632 0.211556 0.209805 0.207858 0.206149 0.205883 0.207752 0.209805 0.212183 0.212551 0.210462 0.211072 0.210220 0.209651 0.209534 0.210122 0.210443 0.211169 0.211599 0.211303 0.210687 0.210294 0.209882 0.209954 0.210702 0.209677 0.211084 0.212384 0.212778 0.212896 0.211286 0.210692 0.210489 0.208807 0.211812 0.212541 0.214563 0.214687 0.215173 0.212911 0.210671 -9999.0 -9999.0 -9999.0 -9999.0 -9999.0 -9999.0 -9999.0 -9999.0 -9999.0 -9999.0 -9999.0 -9999.0 -9999.0 -9999.0 -9999.0 -9999.0 -9999.0 -9999.0 -9999.0
-9999.0 -9999.0 -9999.0 -9999.0 -9999.0 -9999.0 -9999.0 -9999.0 -9999.0 -9999.0 -9999.0 -9999.0 -9999.0 -9999.0 0.207891 0.206851 0.206351 0.205929 0.207616 0.208847 0.208711 0.207635 0.208626 0.206626 0.204816 0.205890 0.207285 0.208262 0.210061 0.211469 0.210064 0.209712 0.210396 0.212944 0.213928 0.213311 0.210044 0.213121 0.214482 0.215342 0.215222 0.213722 0.215664 0.217953 0.216721 0.214292 0.214879 0.216220 0.218438 0.217587 0.210019 0.209619 0.210134 0.210450 0.209389 0.208589 0.211599 0.211048 0.210639 0.210359 0.208863 0.206178 0.204916 0.207848 0.210176 0.215181 -9999.0 -9999.0 -9999.0 -9999.0 -9999.0 -9999.0 -9999.0 -9999.0 -9999.0 -9999.0 -9999.0 -9999.0 -9999.0 -9999.0
-9999.0 -9999.0 -9999.0 -9999.0 -9999.0 -9999.0 -9999.0 -9999.0 -9999.0 0.206480 0.206147 0.206413 0.205644 0.206520 0.204840 0.205177 0.204785 0.205954 0.206735 0.208221 0.210388 0.208637 0.208385 0.209529 0.209493 0.209714 0.210452 0.213798 0.217371 0.223499 0.217758 0.217436 0.219692 0.227756 0.235263 0.237405 0.232939 0.232958 0.238518 0.244841 0.244196 0.243464 0.249844 0.253208 0.257909 0.252467 0.245275 0.244249 0.252351 0.239094 0.227036 0.218312 0.220440 0.216676 0.212534 0.211165 0.210540 0.213947 0.212814 0.210008 0.207724 0.208761 0.207334 0.208730 0.209466 0.213214 0.216480 0.219732 0.219881 0.217761 -9999.0 -9999.0 -9999.0 -9999.0 -9999.0 -9999.0 -9999.0 -9999.0 -9999.0 -9999.0
-9999.0 -9999.0 -9999.0 -9999.0 -9999.0 -9999.0 0.204941 0.204767 0.205312 0.203202 0.204510 0.203440 0.204342 0.204636 0.205170 0.205011 0.206414 0.207547 0.209528 0.212134 0.214605 0.212877 0.213466 0.216989 0.222883 0.227736 0.231151 0.237921 0.257976 0.273955 0.280093 0.282103 0.285557 0.306450 0.338157 0.346793 0.336838 0.328217 0.336027 0.351974 0.355485 0.355388 0.357884 0.362828 0.370000 0.370000 0.355135 0.345283 0.341614 0.338423 0.313587 0.284440 0.266851 0.253112 0.234100 0.222839 0.223616 0.227269 0.222855 0.216344 0.212640 0.212954 0.212331 0.210809 0.211589 0.213027 0.215327 0.216838 0.215743 0.214338 0.213442 0.210915 0.211374 0.213834 -9999.0 -9999.0 -9999.0 -9999.0 -9999.0 -9999.0
-9999.0 -9999.0 -9999.0 -9999.0 0.201988 0.202883 0.200112 0.201608 0.202688 0.203441 0.203206 0.204543 0.204732 0.205594 0.207548 0.208762 0.211343 0.213153 0.218731 0.228882 0.238698 0.244687 0.247100 0.265336 0.291441 0.316184 0.324639 0.335502 0.353229 0.370000 0.370000 0.370000 0.370000 0.370000 0.370000 0.370000 0.370000 0.370000 0.370000 0.370000 0.370000 0.370000 0.370000 0.370000 0.370000 0.370000 0.370000 0.370000 0.370000 0.370000 0.370000 0.370000 0.369453 0.355794 0.347501 0.326086 0.290107 0.278570 0.259593 0.245760 0.231053 0.227629 0.223104 0.220473 0.216502 0.217452 0.218775 0.216754 0.214194 0.211768 0.211690 0.210658 0.209250 0.212565 0.213512 0.216912 -9999.0 -9999.0 -9999.0 -9999.0
-9999.0 -9999.0 0.201996 0.201893 0.204240 0.202601 0.201612 0.200250 0.200654 0.202755 0.206582 0.207654 0.209972 0.211062 0.216638 0.228572 0.242954 0.254093 0.273476 0.300182 0.328135 0.343371 0.350548 0.368996 0.370000 0.370000 0.370000 0.370000 0.370000 0.370000 0.370000 0.370000 0.370000 0.370000 0.370000 0.370000 0.370000 0.370000 0.370000 0.370000 0.370000 0.370000 0.370000 0.370000 0.370000 0.370000 0.370000 0.370000 0.370000 0.370000 0.370000 0.370000 0.370000 0.370000 0.370000 0.370000 0.370000 0.370000 0.361642 0.345325 0.310506 0.284128 0.264555 0.250569 0.238420 0.233043 0.225314 0.220621 0.216306 0.212172 0.211079 0.210494 0.211264 0.210657 0.212387 0.213559 0.215490 0.216145 -9999.0 -9999.0
-9999.0 0.201364 0.200372 0.204464 0.204753 0.205281 0.205835 0.206332 0.207321 0.205609 0.215413 0.229398 0.250995 0.256490 0.271487 0.309133 0.347765 0.366226 0.370000 0.370000 0.370000 0.370000 0.370000 0.370000 0.370000 0.370000 0.370000 0.370000 0.370000 0.370000 0.370000 0.370000 0.370000 0.370000 0.370000 0.370000 0.370000 0.370000 0.370000 0.370000 0.370000 0.370000 0.370000 0.370000 0.370000 0.370000 0.370000 0.370000 0.370000 0.370000 0.370000 0.370000 0.370000 0.370000 0.370000 0.370000 0.370000 0.370000 0.370000 0.370000 0.370000 0.370000 0.345125 0.317737 0.287272 0.262947 0.247490 0.235946 0.225189 0.221119 0.218706 0.212938 0.211656 0.213177 0.212412 0.212331 0.213074 0.213626 -9999.0 -9999.0
-9999.0 0.197105 0.200954 0.205013 0.209686 0.209117 0.222197 0.237398 0.244616 0.237471 0.262032 0.352747 0.370000 0.370000 0.370000 0.370000 0.370000 0.370000 0.370000 0.370000 0.370000 0.370000 0.370000 0.370000 0.370000 0.370000 0.370000 0.370000 0.370000 0.370000 0.370000 0.370000 0.370000 0.370000 0.370000 0.370000 0.370000 0.370000 0.364624 0.350460 0.345589 0.357063 0.351080 0.340653 0.338206 0.350354 0.365914 0.360783 0.360763 0.370000 0.370000 0.370000 0.370000 0.370000 0.370000 0.370000 0.370000 0.370000 0.370000 0.370000 0.370000 0.370000 0.370000 0.370000 0.361398 0.325307 0.301999 0.279473 0.259560 0.248104 0.237537 0.227588 0.219356 0.217989 0.213806 0.213542 -9999.0 -9999.0 -9999.0 -9999.0
-9999.0 0.196758 0.200492 0.208292 0.226239 0.243939 0.313702 0.370000 0.370000 0.370000 0.370000 0.370000 0.370000 0.370000 0.370000 0.370000 0.370000 0.370000 0.370000 0.370000 0.370000 0.370000 0.370000 0.370000 0.370000 0.370000 0.370000 0.370000 0.370000 0.370000 0.370000 0.370000 0.363502 0.319548 0.300083 0.288756 0.270913 0.268587 0.261433 0.252346 0.248052 0.245040 0.249365 0.248093 0.247572 0.250017 0.256441 0.259720 0.271498 0.284458 0.303849 0.325846 0.339187 0.361076 0.370000 0.370000 0.370000 0.370000 0.370000 0.370000 0.370000 0.370000 0.370000 0.370000 0.370000 0.370000 0.370000 0.359529 0.335918 0.312175 0.287423 0.265489 0.247046 0.230079 0.224599 -9999.0 -9999.0 -9999.0 -9999.0 -9999.0
-9999.0 0.190888 0.200489 0.206803 0.235121 0.337438 0.366199 0.370000 0.370000 0.370000 0.370000 0.370000 0.370000 0.370000 0.370000 0.370000 0.370000 0.370000 0.370000 0.370000 0.370000 0.370000 0.370000 0.370000 0.370000 0.369380 0.362254 0.354210 0.332408 0.311069 0.278787 0.273714 0.250995 0.235376 0.227956 0.221579 0.215137 0.215472 0.218110 0.216067 0.213861 0.211364 0.214340 0.215640 0.216958 0.215222 0.215492 0.219335 0.225564 0.231437 0.240313 0.252503 0.263936 0.281056 0.297805 0.322486 0.343074 0.367145 0.370000 0.370000 0.370000 0.370000 0.370000 0.370000 0.370000 0.370000 0.370000 0.370000 0.370000 0.370000 0.368042 0.333417 0.301868 -9999.0 -9999.0 -9999.0 -9999.0 -9999.0 -9999.0 -9999.0
-9999.0 0.187901 0.198053 0.199278 0.210632 0.231104 0.264139 0.303631 0.332978 0.327314 0.331065 0.341444 0.354620 0.363305 0.351050 0.333279 0.319712 0.321289 0.321691 0.309104 0.295319 0.288782 0.289055 0.286230 0.275457 0.267982 0.264435 0.257857 0.248379 0.237289 0.223498 0.216049 0.210833 0.209306 0.208137 0.206825 0.203845 0.205663 0.206963 0.206664 0.205724 0.204958 0.207242 0.207937 0.208634 0.206446 0.207878 0.208958 0.211595 0.214210 0.218011 0.223844 0.231660 0.236503 0.239110 0.245563 0.255945 0.273242 0.311736 0.356577 0.370000 0.370000 0.370000 0.370000 0.370000 0.370000 0.370000 0.370000 0.370000 0.370000 0.370000 -9999.0 -9999.0 -9999.0 -9999.0 -9999.0 -9999.0 -9999.0 -9999.0 -9999.0
-9999.0 -9999.0 0.185736 0.189684 0.193160 0.196734 0.201679 0.206041 0.208618 0.215584 0.225762 0.237223 0.244560 0.248199 0.243233 0.233722 0.228649 0.229360 0.228032 0.225929 0.222040 0.221279 0.220339 0.219729 0.218014 0.217282 0.217021 0.216416 0.214943 0.211292 0.208271 0.206200 0.203712 0.204023 0.203695 0.202805 0.203722 0.203497 0.203737 0.203589 0.203827 0.204262 0.204713 0.205388 0.205359 0.205557 0.205739 0.206411 0.207424 0.208728 0.211457 0.215602 0.218757 0.219451 0.217548 0.218001 0.220259 0.225463 0.241529 0.263799 0.299189 0.328454 0.365250 0.370000 0.370000 0.370000 0.370000 0.370000 0.370000 0.370000 -9999.0 -9999.0 -9999.0 -9999.0 -9999.0 -9999.0 -9999.0 -9999.0 -9999.0 -9999.0
-9999.0 -9999.0 -9999.0 -9999.0 0.183927 0.189554 0.194956 0.194353 0.198266 0.200609 0.202665 0.205097 0.207084 0.208425 0.206664 0.206448 0.206206 0.206519 0.206178 0.205788 0.205686 0.205458 0.205215 0.204824 0.205044 0.205480 0.205621 0.204943 0.205054 0.203814 0.203823 0.203157 0.202494 0.201627 0.201880 0.201817 0.202252 0.201795 0.202474 0.202046 0.202542 0.202730 0.203291 0.204246 0.203786 0.204334 0.204302 0.204978 0.205079 0.206797 0.209640 0.212957 0.215209 0.215040 0.211941 0.210760 0.209942 0.211785 0.214728 0.221487 0.238263 0.254397 0.274881 0.299006 0.317160 0.348190 0.370000 0.370000 -9999.0 -9999.0 -9999.0 -9999.0 -9999.0 -9999.0 -9999.0 -9999.0 -9999.0 -9999.0 -9999.0 -9999.0
-9999.0 -9999.0 -9999.0 -9999.0 -9999.0 -9999.0 0.186413 0.189289 0.188395 0.190669 0.192714 0.194257 0.196583 0.196266 0.196999 0.198901 0.198667 0.197787 0.196656 0.198336 0.199101 0.199285 0.197456 0.198003 0.198210 0.198906 0.198833 0.199177 0.197641 0.199583 0.200553 0.200261 0.199983 0.200394 0.200008 0.201216 0.201361 0.200400 0.200094 0.201459 0.201822 0.201582 0.201786 0.202644 0.203937 0.204091 0.203445 0.202517 0.203714 0.206540 0.209601 0.212238 0.213961 0.214622 0.212130 0.208668 0.206926 0.206573 0.207807 0.210192 0.216475 0.220752 0.223951 0.226677 0.230673 0.255290 -9999.0 -9999.0 -9999.0 -9999.0 -9999.0 -9999.0 -9999.0 -9999.0 -9999.0 -9999.0 -9999.0 -9999.0 -9999.0 -9999.0
-9999.0 -9999.0 -9999.0 -9999.0 -9999.0 -9999.0 -9999.0 -9999.0 -9999.0 -9999.0 -9999.0 -9999.0 -9999.0 -9999.0 -9999.0 -9999.0 -9999.0 -9999.0 -9999.0 -9999.0 -9999.0 -9999.0 -9999.0 -9999.0 -9999.0 -9999.0 -9999.0 -9999.0 -9999.0 -9999.0 -9999.0 -9999.0 -9999.0 -9999.0 -9999.0 -9999.0 -9999.0 -9999.0 -9999.0 -9999.0 -9999.0 -9999.0 -9999.0 -9999.0 -9999.0 -9999.0 -9999.0 -9999.0 -9999.0 -9999.0 -9999.0 -9999.0 -9999.0 -9999.0 -9999.0 -9999.0 -9999.0 -9999.0 -9999.0 -9999.0 -9999.0 -9999.0 -9999.0 -9999.0 -9999.0 -9999.0 -9999.0 -9999.0 -9999.0 -9999.0 -9999.0 -9999.0 -9999.0 -9999.0 -9999.0 -9999.0 -9999.0 -9999.0 -9999.0 -9999.0
-9999.0 -9999.0 -9999.0 -9999.0 -9999.0 -9999.0 -9999.0 -9999.0 -9999.0 -9999.0 -9999.0 -9999.0 -9999.0 -9999.0 -9999.0 -9999.0 -9999.0 -9999.0 -9999.0 -9999.0 -9999.0 -9999.0 -9999.0 -9999.0 -9999.0 -9999.0 -9999.0 -9999.0 -9999.0 -9999.0 -9999.0 -9999.0 -9999.0 -9999.0 -9999.0 -9999.0 -9999.0 -9999.0 -9999.0 -9999.0 -9999.0 -9999.0 -9999.0 -9999.0 -9999.0 -9999.0 -9999.0 -9999.0 -9999.0 -9999.0 -9999.0 -9999.0 -9999.0 -9999.0 -9999.0 -9999.0 -9999.0 -9999.0 -9999.0 -9999.0 -9999.0 -9999.0 -9999.0 -9999.0 -9999.0 -9999.0 -9999.0 -9999.0 -9999.0 -9999.0 -9999.0 -9999.0 -9999.0 -9999.0 -9999.0 -9999.0 -9999.0 -9999.0 -9999.0 -9999.0