Borden_/Borden1m_014/output_maps/thetaliqL0002N0017.asc
ncols         80
nrows         18
xllcorner     620200.000000
yllcorner     5168000.000000
cellsize      1.000000
NODATA_value  -9999.0
-9999.0 -9999.0 -9999.0 -9999.0 -9999.0 -9999.0 -9999.0 -9999.0 -9999.0 -9999.0 -9999.0 -9999.0 -9999.0 -9999.0 -9999.0 -9999.0 -9999.0 -9999.0 -9999.0 -9999.0 -9999.0 -9999.0 -9999.0 -9999.0 -9999.0 -9999.0 -9999.0 -9999.0 -9999.0 -9999.0 -9999.0 -9999.0 -9999.0 -9999.0 -9999.0 -9999.0 -9999.0 -9999.0 -9999.0 -9999.0 -9999.0 -9999.0 -9999.0 -9999.0 -9999.0 -9999.0 -9999.0 -9999.0 -9999.0 -9999.0 -9999.0 -9999.0 -9999.0 -9999.0 -9999.0 -9999.0 -9999.0 -9999.0 -9999.0 -9999.0 -9999.0 -9999.0 -9999.0 -9999.0 -9999.0 -9999.0 -9999.0 -9999.0 -9999.0 -9999.0 -9999.0 -9999.0 -9999.0 -9999.0 -9999.0 -9999.0 -9999.0 -9999.0 -9999.0 -9999.0
-9999.0 -9999.0 -9999.0 -9999.0 -9999.0 -9999.0 -9999.0 -9999.0 -9999.0 -9999.0 -9999.0 -9999.0 -9999.0 -9999.0 -9999.0 -9999.0 -9999.0 -9999.0 -9999.0 -9999.0 -9999.0 -9999.0 -9999.0 -9999.0 -9999.0 -9999.0 -9999.0 -9999.0 -9999.0 -9999.0 -9999.0 -9999.0 -9999.0 -9999.0 -9999.0 -9999.0 -9999.0 -9999.0 -9999.0 -9999.0 -9999.0 -9999.0 -9999.0 -9999.0 -9999.0 -9999.0 -9999.0 -9999.0 -9999.0 -9999.0 -9999.0 -9999.0 -9999.0 -9999.0 -9999.0 -9999.0 -9999.0 -9999.0 -9999.0 -9999.0 -9999.0 -9999.0 -9999.0 -9999.0 -9999.0 -9999.0 -9999.0 -9999.0 -9999.0 -9999.0 -9999.0 -9999.0 -9999.0 -9999.0 -9999.0 -9999.0 -9999.0 -9999.0 -9999.0 -9999.0
-9999.0 -9999.0 -9999.0 -9999.0 -9999.0 -9999.0 -9999.0 -9999.0 -9999.0 -9999.0 -9999.0 -9999.0 -9999.0 -9999.0 -9999.0 -9999.0 -9999.0 -9999.0 -9999.0 -9999.0 0.266227 0.267234 0.265530 0.263678 0.261998 0.261680 0.263482 0.265361 0.267561 0.267829 0.265725 0.266402 0.265504 0.264858 0.264681 0.265269 0.265596 0.266252 0.266605 0.266269 0.265666 0.265306 0.264844 0.264867 0.265646 0.264618 0.266013 0.267230 0.267557 0.267788 0.266410 0.265969 0.265847 0.264119 0.267198 0.267831 0.269739 0.269793 0.270354 0.268237 0.266128 -9999.0 -9999.0 -9999.0 -9999.0 -9999.0 -9999.0 -9999.0 -9999.0 -9999.0 -9999.0 -9999.0 -9999.0 -9999.0 -9999.0 -9999.0 -9999.0 -9999.0 -9999.0 -9999.0
-9999.0 -9999.0 -9999.0 -9999.0 -9999.0 -9999.0 -9999.0 -9999.0 -9999.0 -9999.0 -9999.0 -9999.0 -9999.0 -9999.0 0.264036 0.262941 0.262398 0.261852 0.263474 0.264571 0.264279 0.263142 0.264270 0.262242 0.260365 0.261462 0.262752 0.263491 0.265061 0.266343 0.264949 0.264598 0.265222 0.267730 0.268620 0.267973 0.264630 0.267730 0.268948 0.269718 0.269602 0.268078 0.269967 0.272181 0.270921 0.268550 0.269171 0.270420 0.272582 0.271970 0.264640 0.264450 0.265076 0.265536 0.264528 0.263699 0.266754 0.266103 0.265756 0.265694 0.264397 0.261813 0.260535 0.263494 0.265605 0.270394 -9999.0 -9999.0 -9999.0 -9999.0 -9999.0 -9999.0 -9999.0 -9999.0 -9999.0 -9999.0 -9999.0 -9999.0 -9999.0 -9999.0
-9999.0 -9999.0 -9999.0 -9999.0 -9999.0 -9999.0 -9999.0 -9999.0 -9999.0 0.262855 0.262455 0.262708 0.261828 0.262709 0.260819 0.261148 0.260646 0.261755 0.262355 0.263670 0.265774 0.263912 0.263625 0.264766 0.264665 0.264805 0.265343 0.268418 0.271571 0.277462 0.271875 0.271682 0.274655 0.286356 0.294945 0.297022 0.292907 0.292897 0.298152 0.304081 0.303367 0.302632 0.308955 0.312269 0.314757 0.309389 0.304458 0.303622 0.311749 0.298565 0.286269 0.273640 0.274565 0.270979 0.267149 0.265991 0.265222 0.268641 0.267626 0.265045 0.262944 0.264242 0.262803 0.264198 0.264735 0.268261 0.271204 0.274206 0.274345 0.272348 -9999.0 -9999.0 -9999.0 -9999.0 -9999.0 -9999.0 -9999.0 -9999.0 -9999.0 -9999.0
-9999.0 -9999.0 -9999.0 -9999.0 -9999.0 -9999.0 0.261566 0.261323 0.261833 0.259414 0.260751 0.259492 0.260386 0.260588 0.261028 0.260704 0.262017 0.262960 0.264687 0.267038 0.269311 0.267438 0.267913 0.271335 0.280059 0.287389 0.291137 0.297607 0.317900 0.335037 0.344700 0.350569 0.367667 0.368512 0.369227 0.369492 0.369154 0.368968 0.369133 0.369454 0.369740 0.369738 0.369779 0.369830 0.369942 0.369930 0.369495 0.369363 0.369354 0.369315 0.368752 0.367591 0.329992 0.312650 0.294020 0.283154 0.280785 0.281169 0.276637 0.270631 0.267282 0.267758 0.267265 0.265762 0.266550 0.267832 0.269967 0.271412 0.270418 0.269223 0.268626 0.266200 0.266688 0.269085 -9999.0 -9999.0 -9999.0 -9999.0 -9999.0 -9999.0
-9999.0 -9999.0 -9999.0 -9999.0 0.258443 0.259407 0.256291 0.257896 0.258974 0.259647 0.259181 0.260442 0.260440 0.261153 0.262939 0.263918 0.266246 0.267678 0.273051 0.286754 0.297985 0.304000 0.306478 0.329427 0.367778 0.368861 0.369015 0.369183 0.369483 0.369961 0.369991 0.369984 0.370000 0.370000 0.370000 0.370000 0.370000 0.370000 0.370000 0.370000 0.370000 0.370000 0.370000 0.370000 0.370000 0.370000 0.370000 0.370000 0.370000 0.370000 0.370000 0.369987 0.369795 0.369591 0.369467 0.369086 0.367957 0.355576 0.320208 0.305095 0.290071 0.283453 0.276850 0.274420 0.270590 0.271587 0.273008 0.271168 0.268893 0.266709 0.266864 0.265960 0.264492 0.267811 0.268585 0.271845 -9999.0 -9999.0 -9999.0 -9999.0
-9999.0 -9999.0 0.258687 0.258378 0.260777 0.258872 0.257730 0.256130 0.256437 0.258519 0.262235 0.263013 0.264964 0.265692 0.271068 0.286910 0.302151 0.313095 0.340342 0.368022 0.369025 0.369311 0.369640 0.369807 0.369991 0.370000 0.370000 0.370000 0.370000 0.370000 0.370000 0.370000 0.370000 0.370000 0.370000 0.370000 0.370000 0.370000 0.370000 0.370000 0.370000 0.370000 0.370000 0.370000 0.370000 0.370000 0.370000 0.370000 0.370000 0.370000 0.370000 0.370000 0.370000 0.370000 0.370000 0.370000 0.369993 0.369888 0.369745 0.369498 0.368796 0.367725 0.328680 0.309059 0.294241 0.285770 0.278509 0.274350 0.270593 0.266809 0.265975 0.265601 0.266502 0.265798 0.267496 0.268551 0.270446 0.271028 -9999.0 -9999.0
-9999.0 0.258314 0.256946 0.261070 0.260935 0.261194 0.261576 0.261866 0.262625 0.260401 0.270156 0.289113 0.306025 0.311192 0.333692 0.368026 0.369620 0.369753 0.369965 0.369997 0.370000 0.370000 0.370000 0.370000 0.370000 0.370000 0.370000 0.370000 0.370000 0.370000 0.370000 0.370000 0.370000 0.370000 0.370000 0.370000 0.370000 0.370000 0.370000 0.370000 0.370000 0.370000 0.370000 0.370000 0.370000 0.370000 0.370000 0.370000 0.370000 0.370000 0.370000 0.370000 0.370000 0.370000 0.370000 0.370000 0.370000 0.370000 0.370000 0.370000 0.369999 0.369959 0.369660 0.369059 0.367872 0.327057 0.304365 0.289124 0.278384 0.274865 0.272869 0.267437 0.266423 0.268130 0.267415 0.267361 0.268084 0.268590 -9999.0 -9999.0
-9999.0 0.253661 0.257662 0.261391 0.265381 0.264195 0.281861 0.295557 0.298743 0.290483 0.322313 0.369434 0.369976 0.369975 0.369999 0.370000 0.370000 0.370000 0.370000 0.370000 0.370000 0.370000 0.370000 0.370000 0.370000 0.370000 0.370000 0.370000 0.370000 0.370000 0.370000 0.370000 0.370000 0.370000 0.369999 0.369994 0.369982 0.369870 0.369675 0.369478 0.369372 0.369627 0.369503 0.369324 0.369263 0.369501 0.369778 0.369711 0.369798 0.369957 0.369998 0.370000 0.370000 0.370000 0.370000 0.370000 0.370000 0.370000 0.370000 0.370000 0.370000 0.370000 0.370000 0.369998 0.369933 0.369358 0.368529 0.365294 0.320064 0.305782 0.292805 0.280837 0.273154 0.272259 0.268387 0.268524 -9999.0 -9999.0 -9999.0 -9999.0
-9999.0 0.253504 0.257271 0.264648 0.281013 0.306512 0.367857 0.369941 0.370000 0.369999 0.370000 0.370000 0.370000 0.370000 0.370000 0.370000 0.370000 0.370000 0.370000 0.370000 0.370000 0.370000 0.370000 0.370000 0.370000 0.370000 0.370000 0.370000 0.370000 0.369998 0.369963 0.369901 0.369724 0.368975 0.368462 0.367762 0.331152 0.326606 0.321657 0.311920 0.307523 0.304212 0.308682 0.307524 0.307025 0.309395 0.315641 0.320130 0.340326 0.367833 0.368732 0.369287 0.369608 0.369931 0.369995 0.370000 0.370000 0.370000 0.370000 0.370000 0.370000 0.370000 0.370000 0.370000 0.370000 0.369999 0.369985 0.369846 0.369298 0.368728 0.367742 0.328488 0.303772 0.283120 0.278318 -9999.0 -9999.0 -9999.0 -9999.0 -9999.0
-9999.0 0.247033 0.257641 0.263442 0.294119 0.367959 0.369929 0.370000 0.370000 0.370000 0.370000 0.370000 0.370000 0.370000 0.370000 0.370000 0.370000 0.370000 0.370000 0.370000 0.370000 0.369999 0.370000 0.369985 0.369906 0.369803 0.369737 0.369628 0.369222 0.368542 0.358347 0.336054 0.310091 0.294977 0.286577 0.277918 0.269635 0.270019 0.272688 0.270711 0.268643 0.266132 0.269068 0.270238 0.271504 0.269737 0.269864 0.273419 0.279283 0.286787 0.298068 0.311465 0.327056 0.367698 0.368523 0.369154 0.369542 0.369872 0.369997 0.370000 0.370000 0.370000 0.370000 0.370000 0.370000 0.370000 0.370000 0.370000 0.369998 0.369974 0.369932 0.369533 0.368815 -9999.0 -9999.0 -9999.0 -9999.0 -9999.0 -9999.0 -9999.0
-9999.0 0.243592 0.255310 0.256081 0.267076 0.290306 0.326451 0.367981 0.369727 0.369067 0.369059 0.369289 0.369539 0.369697 0.369498 0.369208 0.368959 0.369030 0.369098 0.368840 0.368521 0.368278 0.368111 0.362865 0.339495 0.330156 0.325675 0.317747 0.307660 0.295775 0.277995 0.270694 0.265779 0.264563 0.263579 0.262398 0.259347 0.261333 0.262678 0.262384 0.261431 0.260600 0.262923 0.263524 0.264204 0.261858 0.263284 0.264177 0.266560 0.268815 0.272159 0.277337 0.284468 0.290231 0.296197 0.304375 0.316324 0.352308 0.368533 0.369727 0.369989 0.370000 0.370000 0.370000 0.370000 0.370000 0.370000 0.370000 0.370000 0.370000 0.370000 -9999.0 -9999.0 -9999.0 -9999.0 -9999.0 -9999.0 -9999.0 -9999.0 -9999.0
-9999.0 -9999.0 0.241044 0.245633 0.249440 0.252961 0.258016 0.266009 0.270473 0.277435 0.286959 0.297416 0.303987 0.307187 0.302816 0.293967 0.289033 0.289658 0.288307 0.285693 0.280404 0.277806 0.276087 0.274760 0.272648 0.271905 0.271686 0.271178 0.269919 0.266522 0.263712 0.261911 0.259540 0.260083 0.259855 0.258976 0.260036 0.259792 0.260026 0.259848 0.260084 0.260505 0.260887 0.261506 0.261405 0.261577 0.261689 0.262254 0.263088 0.264111 0.266484 0.270187 0.272912 0.273439 0.271625 0.272094 0.274158 0.279359 0.299752 0.330450 0.368098 0.369279 0.369897 0.369997 0.370000 0.370000 0.370000 0.370000 0.370000 0.370000 -9999.0 -9999.0 -9999.0 -9999.0 -9999.0 -9999.0 -9999.0 -9999.0 -9999.0 -9999.0
-9999.0 -9999.0 -9999.0 -9999.0 0.238871 0.245487 0.251652 0.250763 0.254949 0.257109 0.258868 0.261026 0.262776 0.264038 0.262182 0.262016 0.261826 0.262217 0.261909 0.261499 0.261390 0.261162 0.260971 0.260585 0.260837 0.261305 0.261482 0.260819 0.261070 0.259859 0.260026 0.259474 0.258905 0.258048 0.258390 0.258340 0.258835 0.258336 0.259071 0.258551 0.259050 0.259193 0.259714 0.260648 0.260053 0.260591 0.260497 0.261129 0.261028 0.262533 0.265086 0.268056 0.270028 0.269802 0.266798 0.265744 0.264884 0.266551 0.269115 0.275381 0.295439 0.314072 0.352633 0.368342 0.369029 0.369563 0.369977 0.370000 -9999.0 -9999.0 -9999.0 -9999.0 -9999.0 -9999.0 -9999.0 -9999.0 -9999.0 -9999.0 -9999.0 -9999.0
-9999.0 -9999.0 -9999.0 -9999.0 -9999.0 -9999.0 0.241926 0.245281 0.244089 0.246499 0.248550 0.250019 0.252430 0.251912 0.252662 0.254763 0.254508 0.253573 0.252340 0.254218 0.255042 0.255282 0.253292 0.253932 0.254147 0.254914 0.254833 0.255257 0.253576 0.255779 0.256888 0.256641 0.256415 0.256931 0.256521 0.257869 0.258030 0.256974 0.256622 0.258088 0.258424 0.258097 0.258238 0.259068 0.260381 0.260479 0.259738 0.258645 0.259761 0.262449 0.265225 0.267520 0.268996 0.269650 0.267334 0.264004 0.262306 0.261854 0.262856 0.264784 0.270480 0.274148 0.277394 0.284393 0.290034 0.315298 -9999.0 -9999.0 -9999.0 -9999.0 -9999.0 -9999.0 -9999.0 -9999.0 -9999.0 -9999.0 -9999.0 -9999.0 -9999.0 -9999.0
-9999.0 -9999.0 -9999.0 -9999.0 -9999.0 -9999.0 -9999.0 -9999.0 -9999.0 -9999.0 -9999.0 -9999.0 -9999.0 -9999.0 -9999.0 -9999.0 -9999.0 -9999.0 -9999.0 -9999.0 -9999.0 -9999.0 -9999.0 -9999.0 -9999.0 -9999.0 -9999.0 -9999.0 -9999.0 -9999.0 -9999.0 -9999.0 -9999.0 -9999.0 -9999.0 -9999.0 -9999.0 -9999.0 -9999.0 -9999.0 -9999.0 -9999.0 -9999.0 -9999.0 -9999.0 -9999.0 -9999.0 -9999.0 -9999.0 -9999.0 -9999.0 -9999.0 -9999.0 -9999.0 -9999.0 -9999.0 -9999.0 -9999.0 -9999.0 -9999.0 -9999.0 -9999.0 -9999.0 -9999.0 -9999.0 -9999.0 -9999.0 -9999.0 -9999.0 -9999.0 -9999.0 -9999.0 -9999.0 -9999.0 -9999.0 -9999.0 -9999.0 -9999.0 -9999.0 -9999.0
-9999.0 -9999.0 -9999.0 -9999.0 -9999.0 -9999.0 -9999.0 -9999.0 -9999.0 -9999.0 -9999.0 -9999.0 -9999.0 -9999.0 -9999.0 -9999.0 -9999.0 -9999.0 -9999.0 -9999.0 -9999.0 -9999.0 -9999.0 -9999.0 -9999.0 -9999.0 -9999.0 -9999.0 -9999.0 -9999.0 -9999.0 -9999.0 -9999.0 -9999.0 -9999.0 -9999.0 -9999.0 -9999.0 -9999.0 -9999.0 -9999.0 -9999.0 -9999.0 -9999.0 -9999.0 -9999.0 -9999.0 -9999.0 -9999.0 -9999.0 -9999.0 -9999.0 -9999.0 -9999.0 -9999.0 -9999.0 -9999.0 -9999.0 -9999.0 -9999.0 -9999.0 -9999.0 -9999.0 -9999.0 -9999.0 -9999.0 -9999.0 -9999.0 -9999.0 -9999.0 -9999.0 -9999.0 -9999.0 -9999.0 -9999.0 -9999.0 -9999.0 -9999.0 -9999.0 -9999.0