Borden_/Borden1m_014/output_maps/thetaliqL0004N0018.asc
ncols         80
nrows         18
xllcorner     620200.000000
yllcorner     5168000.000000
cellsize      1.000000
NODATA_value  -9999.0
-9999.0 -9999.0 -9999.0 -9999.0 -9999.0 -9999.0 -9999.0 -9999.0 -9999.0 -9999.0 -9999.0 -9999.0 -9999.0 -9999.0 -9999.0 -9999.0 -9999.0 -9999.0 -9999.0 -9999.0 -9999.0 -9999.0 -9999.0 -9999.0 -9999.0 -9999.0 -9999.0 -9999.0 -9999.0 -9999.0 -9999.0 -9999.0 -9999.0 -9999.0 -9999.0 -9999.0 -9999.0 -9999.0 -9999.0 -9999.0 -9999.0 -9999.0 -9999.0 -9999.0 -9999.0 -9999.0 -9999.0 -9999.0 -9999.0 -9999.0 -9999.0 -9999.0 -9999.0 -9999.0 -9999.0 -9999.0 -9999.0 -9999.0 -9999.0 -9999.0 -9999.0 -9999.0 -9999.0 -9999.0 -9999.0 -9999.0 -9999.0 -9999.0 -9999.0 -9999.0 -9999.0 -9999.0 -9999.0 -9999.0 -9999.0 -9999.0 -9999.0 -9999.0 -9999.0 -9999.0
-9999.0 -9999.0 -9999.0 -9999.0 -9999.0 -9999.0 -9999.0 -9999.0 -9999.0 -9999.0 -9999.0 -9999.0 -9999.0 -9999.0 -9999.0 -9999.0 -9999.0 -9999.0 -9999.0 -9999.0 -9999.0 -9999.0 -9999.0 -9999.0 -9999.0 -9999.0 -9999.0 -9999.0 -9999.0 -9999.0 -9999.0 -9999.0 -9999.0 -9999.0 -9999.0 -9999.0 -9999.0 -9999.0 -9999.0 -9999.0 -9999.0 -9999.0 -9999.0 -9999.0 -9999.0 -9999.0 -9999.0 -9999.0 -9999.0 -9999.0 -9999.0 -9999.0 -9999.0 -9999.0 -9999.0 -9999.0 -9999.0 -9999.0 -9999.0 -9999.0 -9999.0 -9999.0 -9999.0 -9999.0 -9999.0 -9999.0 -9999.0 -9999.0 -9999.0 -9999.0 -9999.0 -9999.0 -9999.0 -9999.0 -9999.0 -9999.0 -9999.0 -9999.0 -9999.0 -9999.0
-9999.0 -9999.0 -9999.0 -9999.0 -9999.0 -9999.0 -9999.0 -9999.0 -9999.0 -9999.0 -9999.0 -9999.0 -9999.0 -9999.0 -9999.0 -9999.0 -9999.0 -9999.0 -9999.0 -9999.0 0.159957 0.161762 0.157170 0.151912 0.147730 0.147347 0.152093 0.158016 0.164989 0.166562 0.161336 0.162432 0.160505 0.159520 0.159554 0.161010 0.161729 0.164003 0.165538 0.164999 0.163343 0.162116 0.161234 0.161680 0.163404 0.160936 0.164592 0.168420 0.169876 0.169557 0.164081 0.161716 0.160771 0.156890 0.163992 0.166452 0.172367 0.173134 0.173922 0.167228 0.160807 -9999.0 -9999.0 -9999.0 -9999.0 -9999.0 -9999.0 -9999.0 -9999.0 -9999.0 -9999.0 -9999.0 -9999.0 -9999.0 -9999.0 -9999.0 -9999.0 -9999.0 -9999.0 -9999.0
-9999.0 -9999.0 -9999.0 -9999.0 -9999.0 -9999.0 -9999.0 -9999.0 -9999.0 -9999.0 -9999.0 -9999.0 -9999.0 -9999.0 0.150396 0.148242 0.147277 0.146886 0.151135 0.154776 0.155318 0.153012 0.154627 0.149938 0.145961 0.148345 0.152184 0.155804 0.161495 0.165794 0.162076 0.161173 0.163297 0.170655 0.174229 0.172781 0.164638 0.172468 0.176967 0.179850 0.179454 0.175607 0.181127 0.187724 0.184458 0.177566 0.179032 0.183129 0.189555 0.185593 0.164070 0.161263 0.161980 0.162024 0.159221 0.157409 0.164678 0.163931 0.162547 0.160608 0.155785 0.148831 0.145963 0.152751 0.159666 0.173805 -9999.0 -9999.0 -9999.0 -9999.0 -9999.0 -9999.0 -9999.0 -9999.0 -9999.0 -9999.0 -9999.0 -9999.0 -9999.0 -9999.0
-9999.0 -9999.0 -9999.0 -9999.0 -9999.0 -9999.0 -9999.0 -9999.0 -9999.0 0.146128 0.145674 0.146308 0.145079 0.147006 0.144180 0.144940 0.144562 0.147457 0.150168 0.154636 0.160302 0.156508 0.156042 0.158839 0.159323 0.160799 0.163938 0.174185 0.186544 0.205045 0.189568 0.188667 0.196891 0.227801 0.256192 0.263267 0.250255 0.250356 0.267407 0.285591 0.284333 0.282657 0.299726 0.308665 0.314412 0.301399 0.287791 0.285339 0.305307 0.268753 0.227328 0.193296 0.195933 0.183964 0.171042 0.166100 0.164709 0.173198 0.169587 0.161173 0.154540 0.155718 0.152358 0.155763 0.158715 0.169540 0.179990 0.190166 0.190642 0.184258 -9999.0 -9999.0 -9999.0 -9999.0 -9999.0 -9999.0 -9999.0 -9999.0 -9999.0 -9999.0
-9999.0 -9999.0 -9999.0 -9999.0 -9999.0 -9999.0 0.141807 0.141682 0.142954 0.139653 0.142310 0.140760 0.142762 0.143823 0.145368 0.145738 0.149411 0.153042 0.159236 0.167750 0.175825 0.172226 0.174410 0.185692 0.207114 0.228900 0.242857 0.265924 0.320673 0.351668 0.360845 0.364418 0.368758 0.369325 0.369766 0.369968 0.369735 0.369609 0.369706 0.369871 0.369991 0.369992 0.369995 0.369997 0.370000 0.369999 0.369897 0.369794 0.369775 0.369749 0.369439 0.368586 0.344441 0.308404 0.254719 0.218151 0.211382 0.218784 0.203748 0.182928 0.170711 0.170104 0.167585 0.163675 0.165625 0.170314 0.177394 0.181793 0.178317 0.173393 0.169356 0.162360 0.163333 0.170064 -9999.0 -9999.0 -9999.0 -9999.0 -9999.0 -9999.0
-9999.0 -9999.0 -9999.0 -9999.0 0.136301 0.137888 0.133363 0.136026 0.138259 0.140114 0.140501 0.143742 0.144995 0.147639 0.153092 0.157839 0.166235 0.173272 0.191540 0.229128 0.265402 0.284466 0.293052 0.342166 0.368760 0.369480 0.369588 0.369718 0.369897 0.370000 0.370000 0.370000 0.370000 0.370000 0.370000 0.370000 0.370000 0.370000 0.370000 0.370000 0.370000 0.370000 0.370000 0.370000 0.370000 0.370000 0.370000 0.370000 0.370000 0.370000 0.370000 0.370000 0.369971 0.369891 0.369824 0.369615 0.368910 0.365914 0.327008 0.288299 0.240870 0.222197 0.205215 0.195584 0.183537 0.185566 0.188664 0.182332 0.173981 0.166342 0.164860 0.161534 0.158416 0.166726 0.170244 0.180007 -9999.0 -9999.0 -9999.0 -9999.0
-9999.0 -9999.0 0.135644 0.136040 0.140623 0.138133 0.136571 0.134505 0.135658 0.140250 0.149489 0.154487 0.161894 0.166626 0.184292 0.228865 0.278243 0.309721 0.356811 0.369008 0.369621 0.369815 0.369985 0.369999 0.370000 0.370000 0.370000 0.370000 0.370000 0.370000 0.370000 0.370000 0.370000 0.370000 0.370000 0.370000 0.370000 0.370000 0.370000 0.370000 0.370000 0.370000 0.370000 0.370000 0.370000 0.370000 0.370000 0.370000 0.370000 0.370000 0.370000 0.370000 0.370000 0.370000 0.370000 0.370000 0.370000 0.369987 0.369938 0.369825 0.369390 0.368641 0.341727 0.298985 0.257868 0.236790 0.212388 0.196301 0.181619 0.168865 0.164700 0.162106 0.163341 0.162494 0.167052 0.170830 0.176074 0.178255 -9999.0 -9999.0
-9999.0 0.133860 0.132838 0.140895 0.143113 0.145354 0.147992 0.150386 0.153289 0.151199 0.179143 0.236063 0.289842 0.305663 0.348809 0.369163 0.369983 0.369998 0.369999 0.370000 0.370000 0.370000 0.370000 0.370000 0.370000 0.370000 0.370000 0.370000 0.370000 0.370000 0.370000 0.370000 0.370000 0.370000 0.370000 0.370000 0.370000 0.370000 0.370000 0.370000 0.370000 0.370000 0.370000 0.370000 0.370000 0.370000 0.370000 0.370000 0.370000 0.370000 0.370000 0.370000 0.370000 0.370000 0.370000 0.370000 0.370000 0.370000 0.370000 0.370000 0.370000 0.369991 0.369887 0.369563 0.368775 0.338718 0.287745 0.247940 0.212919 0.198220 0.188827 0.171561 0.166861 0.169847 0.167662 0.167370 0.169438 0.171145 -9999.0 -9999.0
-9999.0 0.126971 0.133672 0.142990 0.156799 0.160812 0.208177 0.255972 0.268705 0.248800 0.327841 0.369982 0.370000 0.370000 0.370000 0.370000 0.370000 0.370000 0.370000 0.370000 0.370000 0.370000 0.370000 0.370000 0.370000 0.370000 0.370000 0.370000 0.370000 0.370000 0.370000 0.370000 0.370000 0.370000 0.370000 0.370000 0.370000 0.369986 0.369920 0.369833 0.369783 0.369877 0.369836 0.369749 0.369728 0.369836 0.369938 0.369924 0.369956 0.369992 0.370000 0.370000 0.370000 0.370000 0.370000 0.370000 0.370000 0.370000 0.370000 0.370000 0.370000 0.370000 0.370000 0.370000 0.369979 0.369721 0.369256 0.368082 0.326002 0.290126 0.253839 0.219383 0.192930 0.186266 0.173616 0.170735 -9999.0 -9999.0 -9999.0 -9999.0
-9999.0 0.126143 0.132706 0.150431 0.206986 0.284247 0.368902 0.369993 0.370000 0.370000 0.370000 0.370000 0.370000 0.370000 0.370000 0.370000 0.370000 0.370000 0.370000 0.370000 0.370000 0.370000 0.370000 0.370000 0.370000 0.370000 0.370000 0.370000 0.370000 0.370000 0.369995 0.369982 0.369925 0.369535 0.369232 0.368743 0.345871 0.338551 0.328990 0.306849 0.294797 0.285975 0.297736 0.294911 0.293877 0.300525 0.316058 0.326980 0.357601 0.368761 0.369351 0.369701 0.369861 0.369981 0.369999 0.370000 0.370000 0.370000 0.370000 0.370000 0.370000 0.370000 0.370000 0.370000 0.370000 0.370000 0.369995 0.369941 0.369652 0.369250 0.368532 0.339825 0.283211 0.225904 0.207326 -9999.0 -9999.0 -9999.0 -9999.0 -9999.0
-9999.0 0.117327 0.132015 0.146401 0.241108 0.368970 0.369986 0.370000 0.370000 0.370000 0.370000 0.370000 0.370000 0.370000 0.370000 0.370000 0.370000 0.370000 0.370000 0.370000 0.370000 0.370000 0.370000 0.369999 0.369987 0.369960 0.369932 0.369883 0.369670 0.369324 0.366626 0.352359 0.300952 0.254322 0.225374 0.200523 0.179060 0.179463 0.186402 0.180306 0.173577 0.167112 0.175192 0.179367 0.183122 0.178718 0.180365 0.192421 0.212912 0.234447 0.267160 0.305973 0.340458 0.368648 0.369232 0.369641 0.369856 0.369982 0.370000 0.370000 0.370000 0.370000 0.370000 0.370000 0.370000 0.370000 0.370000 0.370000 0.369998 0.369968 0.369917 0.369698 0.369208 -9999.0 -9999.0 -9999.0 -9999.0 -9999.0 -9999.0 -9999.0
-9999.0 0.113254 0.127656 0.130567 0.156581 0.230192 0.329341 0.369194 0.369982 0.369612 0.369553 0.369697 0.369830 0.369898 0.369820 0.369671 0.369522 0.369566 0.369594 0.369429 0.369196 0.369041 0.368972 0.367949 0.356664 0.344584 0.336572 0.320052 0.293750 0.256964 0.206212 0.181300 0.164822 0.158939 0.154730 0.150550 0.143832 0.147273 0.150152 0.149429 0.147293 0.145835 0.150996 0.153152 0.154907 0.150429 0.153864 0.157497 0.165483 0.174399 0.187537 0.207357 0.232686 0.249724 0.262380 0.286266 0.318116 0.364608 0.369385 0.369937 0.369999 0.370000 0.370000 0.370000 0.370000 0.370000 0.370000 0.370000 0.370000 0.370000 0.369997 -9999.0 -9999.0 -9999.0 -9999.0 -9999.0 -9999.0 -9999.0 -9999.0 -9999.0
-9999.0 -9999.0 0.110422 0.115709 0.120708 0.127159 0.137655 0.152354 0.167226 0.189074 0.222219 0.259188 0.281592 0.291164 0.278215 0.250139 0.232955 0.233963 0.229255 0.219846 0.204232 0.199085 0.195558 0.192797 0.186914 0.184375 0.183187 0.180631 0.175158 0.163912 0.154619 0.148342 0.142185 0.141949 0.140861 0.138929 0.140335 0.139946 0.140486 0.140279 0.140784 0.141761 0.143034 0.144760 0.145009 0.145551 0.146288 0.148323 0.151561 0.156160 0.164933 0.178195 0.189027 0.191852 0.186613 0.188192 0.195806 0.214404 0.271982 0.343820 0.369022 0.369733 0.369980 0.370000 0.370000 0.370000 0.370000 0.370000 0.370000 0.370000 -9999.0 -9999.0 -9999.0 -9999.0 -9999.0 -9999.0 -9999.0 -9999.0 -9999.0 -9999.0
-9999.0 -9999.0 -9999.0 -9999.0 0.108149 0.115538 0.123201 0.122651 0.129265 0.134173 0.139317 0.145782 0.151551 0.155168 0.151378 0.150498 0.149565 0.149920 0.148932 0.147953 0.147455 0.146735 0.145891 0.144964 0.145297 0.146158 0.146330 0.144752 0.144405 0.141573 0.140979 0.139161 0.137466 0.135685 0.135923 0.135751 0.136448 0.135661 0.136850 0.136259 0.137248 0.137773 0.139061 0.141137 0.140663 0.141869 0.142052 0.143705 0.144803 0.149770 0.158171 0.168530 0.176010 0.175871 0.167179 0.163341 0.161441 0.167029 0.177563 0.200804 0.259262 0.312464 0.364926 0.369179 0.369554 0.369832 0.369992 0.370000 -9999.0 -9999.0 -9999.0 -9999.0 -9999.0 -9999.0 -9999.0 -9999.0 -9999.0 -9999.0 -9999.0 -9999.0
-9999.0 -9999.0 -9999.0 -9999.0 -9999.0 -9999.0 0.111250 0.115119 0.113999 0.117373 0.120687 0.123479 0.127612 0.127452 0.128785 0.132013 0.131578 0.129983 0.128060 0.130824 0.132139 0.132352 0.129194 0.130004 0.130369 0.131560 0.131439 0.131888 0.129253 0.132320 0.133814 0.133105 0.132423 0.132936 0.132245 0.134207 0.134444 0.132843 0.132389 0.134747 0.135517 0.135289 0.135882 0.137710 0.140329 0.140853 0.139824 0.138461 0.141365 0.148353 0.157154 0.165713 0.171609 0.173367 0.165819 0.156357 0.151851 0.151486 0.155650 0.164045 0.184283 0.199926 0.212522 0.227454 0.246663 0.318389 -9999.0 -9999.0 -9999.0 -9999.0 -9999.0 -9999.0 -9999.0 -9999.0 -9999.0 -9999.0 -9999.0 -9999.0 -9999.0 -9999.0
-9999.0 -9999.0 -9999.0 -9999.0 -9999.0 -9999.0 -9999.0 -9999.0 -9999.0 -9999.0 -9999.0 -9999.0 -9999.0 -9999.0 -9999.0 -9999.0 -9999.0 -9999.0 -9999.0 -9999.0 -9999.0 -9999.0 -9999.0 -9999.0 -9999.0 -9999.0 -9999.0 -9999.0 -9999.0 -9999.0 -9999.0 -9999.0 -9999.0 -9999.0 -9999.0 -9999.0 -9999.0 -9999.0 -9999.0 -9999.0 -9999.0 -9999.0 -9999.0 -9999.0 -9999.0 -9999.0 -9999.0 -9999.0 -9999.0 -9999.0 -9999.0 -9999.0 -9999.0 -9999.0 -9999.0 -9999.0 -9999.0 -9999.0 -9999.0 -9999.0 -9999.0 -9999.0 -9999.0 -9999.0 -9999.0 -9999.0 -9999.0 -9999.0 -9999.0 -9999.0 -9999.0 -9999.0 -9999.0 -9999.0 -9999.0 -9999.0 -9999.0 -9999.0 -9999.0 -9999.0
-9999.0 -9999.0 -9999.0 -9999.0 -9999.0 -9999.0 -9999.0 -9999.0 -9999.0 -9999.0 -9999.0 -9999.0 -9999.0 -9999.0 -9999.0 -9999.0 -9999.0 -9999.0 -9999.0 -9999.0 -9999.0 -9999.0 -9999.0 -9999.0 -9999.0 -9999.0 -9999.0 -9999.0 -9999.0 -9999.0 -9999.0 -9999.0 -9999.0 -9999.0 -9999.0 -9999.0 -9999.0 -9999.0 -9999.0 -9999.0 -9999.0 -9999.0 -9999.0 -9999.0 -9999.0 -9999.0 -9999.0 -9999.0 -9999.0 -9999.0 -9999.0 -9999.0 -9999.0 -9999.0 -9999.0 -9999.0 -9999.0 -9999.0 -9999.0 -9999.0 -9999.0 -9999.0 -9999.0 -9999.0 -9999.0 -9999.0 -9999.0 -9999.0 -9999.0 -9999.0 -9999.0 -9999.0 -9999.0 -9999.0 -9999.0 -9999.0 -9999.0 -9999.0 -9999.0 -9999.0