Borden_/Borden1m_014/output_maps/thetaliqL0003N0010.asc
ncols         80
nrows         18
xllcorner     620200.000000
yllcorner     5168000.000000
cellsize      1.000000
NODATA_value  -9999.0
-9999.0 -9999.0 -9999.0 -9999.0 -9999.0 -9999.0 -9999.0 -9999.0 -9999.0 -9999.0 -9999.0 -9999.0 -9999.0 -9999.0 -9999.0 -9999.0 -9999.0 -9999.0 -9999.0 -9999.0 -9999.0 -9999.0 -9999.0 -9999.0 -9999.0 -9999.0 -9999.0 -9999.0 -9999.0 -9999.0 -9999.0 -9999.0 -9999.0 -9999.0 -9999.0 -9999.0 -9999.0 -9999.0 -9999.0 -9999.0 -9999.0 -9999.0 -9999.0 -9999.0 -9999.0 -9999.0 -9999.0 -9999.0 -9999.0 -9999.0 -9999.0 -9999.0 -9999.0 -9999.0 -9999.0 -9999.0 -9999.0 -9999.0 -9999.0 -9999.0 -9999.0 -9999.0 -9999.0 -9999.0 -9999.0 -9999.0 -9999.0 -9999.0 -9999.0 -9999.0 -9999.0 -9999.0 -9999.0 -9999.0 -9999.0 -9999.0 -9999.0 -9999.0 -9999.0 -9999.0
-9999.0 -9999.0 -9999.0 -9999.0 -9999.0 -9999.0 -9999.0 -9999.0 -9999.0 -9999.0 -9999.0 -9999.0 -9999.0 -9999.0 -9999.0 -9999.0 -9999.0 -9999.0 -9999.0 -9999.0 -9999.0 -9999.0 -9999.0 -9999.0 -9999.0 -9999.0 -9999.0 -9999.0 -9999.0 -9999.0 -9999.0 -9999.0 -9999.0 -9999.0 -9999.0 -9999.0 -9999.0 -9999.0 -9999.0 -9999.0 -9999.0 -9999.0 -9999.0 -9999.0 -9999.0 -9999.0 -9999.0 -9999.0 -9999.0 -9999.0 -9999.0 -9999.0 -9999.0 -9999.0 -9999.0 -9999.0 -9999.0 -9999.0 -9999.0 -9999.0 -9999.0 -9999.0 -9999.0 -9999.0 -9999.0 -9999.0 -9999.0 -9999.0 -9999.0 -9999.0 -9999.0 -9999.0 -9999.0 -9999.0 -9999.0 -9999.0 -9999.0 -9999.0 -9999.0 -9999.0
-9999.0 -9999.0 -9999.0 -9999.0 -9999.0 -9999.0 -9999.0 -9999.0 -9999.0 -9999.0 -9999.0 -9999.0 -9999.0 -9999.0 -9999.0 -9999.0 -9999.0 -9999.0 -9999.0 -9999.0 0.189491 0.190994 0.187644 0.183799 0.180568 0.180191 0.183800 0.188002 0.192814 0.193741 0.189900 0.190858 0.189363 0.188479 0.188388 0.189470 0.190032 0.191542 0.192501 0.192033 0.190859 0.190044 0.189337 0.189567 0.190890 0.189042 0.191682 0.194269 0.195154 0.195151 0.191677 0.190247 0.189700 0.186706 0.192107 0.193690 0.197692 0.198084 0.198807 0.194309 0.189869 -9999.0 -9999.0 -9999.0 -9999.0 -9999.0 -9999.0 -9999.0 -9999.0 -9999.0 -9999.0 -9999.0 -9999.0 -9999.0 -9999.0 -9999.0 -9999.0 -9999.0 -9999.0 -9999.0
-9999.0 -9999.0 -9999.0 -9999.0 -9999.0 -9999.0 -9999.0 -9999.0 -9999.0 -9999.0 -9999.0 -9999.0 -9999.0 -9999.0 0.183095 0.181309 0.180483 0.179996 0.183257 0.185846 0.185973 0.184113 0.185607 0.181955 0.178735 0.180658 0.183465 0.185790 0.189590 0.192462 0.189809 0.189151 0.190557 0.195535 0.197722 0.196650 0.190689 0.196330 0.199174 0.200991 0.200750 0.198017 0.201725 0.206098 0.203831 0.199219 0.200277 0.202907 0.207123 0.205021 0.190443 0.189093 0.189835 0.190142 0.188131 0.186722 0.192182 0.191409 0.190520 0.189523 0.186294 0.181108 0.178817 0.184169 0.188987 0.198772 -9999.0 -9999.0 -9999.0 -9999.0 -9999.0 -9999.0 -9999.0 -9999.0 -9999.0 -9999.0 -9999.0 -9999.0 -9999.0 -9999.0
-9999.0 -9999.0 -9999.0 -9999.0 -9999.0 -9999.0 -9999.0 -9999.0 -9999.0 0.179955 0.179504 0.180014 0.178872 0.180455 0.177877 0.178498 0.178037 0.180293 0.182142 0.185277 0.189417 0.186397 0.185991 0.188086 0.188223 0.188952 0.190789 0.197564 0.205117 0.216852 0.206308 0.205654 0.210191 0.226109 0.245169 0.250223 0.241391 0.240483 0.251836 0.264203 0.263445 0.262349 0.273057 0.278605 0.282687 0.274540 0.265503 0.263332 0.276016 0.252622 0.225173 0.207681 0.211075 0.203627 0.195323 0.192265 0.191193 0.197394 0.195071 0.189422 0.184818 0.186177 0.183582 0.186174 0.188000 0.195439 0.202142 0.208620 0.208918 0.204794 -9999.0 -9999.0 -9999.0 -9999.0 -9999.0 -9999.0 -9999.0 -9999.0 -9999.0 -9999.0
-9999.0 -9999.0 -9999.0 -9999.0 -9999.0 -9999.0 0.176585 0.176419 0.177474 0.174365 0.176655 0.175141 0.176804 0.177557 0.178708 0.178772 0.181543 0.184037 0.188233 0.193744 0.198882 0.196024 0.197342 0.204442 0.216013 0.226236 0.235350 0.250736 0.285838 0.306261 0.314018 0.316792 0.322139 0.359966 0.370000 0.370000 0.370000 0.370000 0.370000 0.370000 0.370000 0.370000 0.370000 0.370000 0.370000 0.370000 0.370000 0.370000 0.370000 0.370000 0.369992 0.321924 0.299264 0.278361 0.245061 0.220366 0.217961 0.224564 0.215896 0.202951 0.195247 0.195364 0.193894 0.191079 0.192518 0.195542 0.200168 0.203090 0.200877 0.197853 0.195579 0.190694 0.191471 0.196193 -9999.0 -9999.0 -9999.0 -9999.0 -9999.0 -9999.0
-9999.0 -9999.0 -9999.0 -9999.0 0.171654 0.173110 0.168844 0.171301 0.173251 0.174775 0.174852 0.177448 0.178205 0.180097 0.184047 0.186966 0.192474 0.196657 0.207907 0.227892 0.249959 0.263166 0.268393 0.296855 0.332289 0.370000 0.370000 0.370000 0.370000 0.370000 0.370000 0.370000 0.370000 0.370000 0.370000 0.370000 0.370000 0.370000 0.370000 0.370000 0.370000 0.370000 0.370000 0.370000 0.370000 0.370000 0.370000 0.370000 0.370000 0.370000 0.370000 0.370000 0.370000 0.370000 0.370000 0.370000 0.333652 0.316305 0.288909 0.265383 0.233052 0.225480 0.216520 0.210963 0.203279 0.204890 0.207194 0.203181 0.197922 0.192955 0.192334 0.190148 0.187699 0.193815 0.195969 0.202554 -9999.0 -9999.0 -9999.0 -9999.0
-9999.0 -9999.0 0.171207 0.171436 0.175504 0.173126 0.171646 0.169640 0.170554 0.174422 0.181690 0.184717 0.189622 0.192328 0.203522 0.227375 0.259801 0.279465 0.305696 0.348814 0.370000 0.370000 0.370000 0.370000 0.370000 0.370000 0.370000 0.370000 0.370000 0.370000 0.370000 0.370000 0.370000 0.370000 0.370000 0.370000 0.370000 0.370000 0.370000 0.370000 0.370000 0.370000 0.370000 0.370000 0.370000 0.370000 0.370000 0.370000 0.370000 0.370000 0.370000 0.370000 0.370000 0.370000 0.370000 0.370000 0.370000 0.370000 0.370000 0.370000 0.369566 0.324936 0.295889 0.269326 0.245915 0.235592 0.220884 0.211388 0.202496 0.194218 0.191713 0.190221 0.191376 0.190519 0.193779 0.196225 0.199867 0.201236 -9999.0 -9999.0
-9999.0 0.169687 0.168585 0.175788 0.177242 0.178762 0.180381 0.181888 0.183904 0.181553 0.200784 0.234937 0.268839 0.277664 0.300375 0.363749 0.370000 0.370000 0.370000 0.370000 0.370000 0.370000 0.370000 0.370000 0.370000 0.370000 0.370000 0.370000 0.370000 0.370000 0.370000 0.370000 0.370000 0.370000 0.370000 0.370000 0.370000 0.370000 0.370000 0.370000 0.370000 0.370000 0.370000 0.370000 0.370000 0.370000 0.370000 0.370000 0.370000 0.370000 0.370000 0.370000 0.370000 0.370000 0.370000 0.370000 0.370000 0.370000 0.370000 0.370000 0.370000 0.370000 0.370000 0.370000 0.332919 0.291333 0.262204 0.241369 0.220904 0.212425 0.207139 0.195867 0.193026 0.195513 0.194025 0.193847 0.195279 0.196400 -9999.0 -9999.0
-9999.0 0.163030 0.169422 0.177329 0.187336 0.188320 0.215031 0.248308 0.256293 0.243143 0.290330 0.370000 0.370000 0.370000 0.370000 0.370000 0.370000 0.370000 0.370000 0.370000 0.370000 0.370000 0.370000 0.370000 0.370000 0.370000 0.370000 0.370000 0.370000 0.370000 0.370000 0.370000 0.370000 0.370000 0.370000 0.370000 0.370000 0.370000 0.370000 0.370000 0.370000 0.370000 0.370000 0.370000 0.370000 0.370000 0.370000 0.370000 0.370000 0.370000 0.370000 0.370000 0.370000 0.370000 0.370000 0.370000 0.370000 0.370000 0.370000 0.370000 0.370000 0.370000 0.370000 0.370000 0.370000 0.370000 0.354795 0.318858 0.286959 0.263552 0.244202 0.225162 0.209050 0.205645 0.197420 0.196174 -9999.0 -9999.0 -9999.0 -9999.0
-9999.0 0.162282 0.168565 0.183345 0.220063 0.259569 0.370000 0.370000 0.370000 0.370000 0.370000 0.370000 0.370000 0.370000 0.370000 0.370000 0.370000 0.370000 0.370000 0.370000 0.370000 0.370000 0.370000 0.370000 0.370000 0.370000 0.370000 0.370000 0.370000 0.370000 0.370000 0.370000 0.370000 0.370000 0.348343 0.327377 0.300420 0.297787 0.291389 0.277115 0.269687 0.264651 0.271799 0.269245 0.268352 0.273179 0.283318 0.289107 0.307207 0.325054 0.357122 0.370000 0.370000 0.370000 0.370000 0.370000 0.370000 0.370000 0.370000 0.370000 0.370000 0.370000 0.370000 0.370000 0.370000 0.370000 0.370000 0.370000 0.370000 0.369402 0.330028 0.294925 0.260914 0.229633 0.218727 -9999.0 -9999.0 -9999.0 -9999.0 -9999.0
-9999.0 0.153252 0.168084 0.180245 0.239755 0.369999 0.370000 0.370000 0.370000 0.370000 0.370000 0.370000 0.370000 0.370000 0.370000 0.370000 0.370000 0.370000 0.370000 0.370000 0.370000 0.370000 0.370000 0.370000 0.370000 0.370000 0.370000 0.370000 0.370000 0.369112 0.314315 0.306338 0.274375 0.242608 0.225743 0.213035 0.200420 0.200917 0.205786 0.201807 0.197416 0.192816 0.198436 0.201076 0.203589 0.200472 0.201288 0.208910 0.221228 0.232800 0.249506 0.274112 0.294860 0.321467 0.346778 0.370000 0.370000 0.370000 0.370000 0.370000 0.370000 0.370000 0.370000 0.370000 0.370000 0.370000 0.370000 0.370000 0.370000 0.370000 0.370000 0.370000 0.345599 -9999.0 -9999.0 -9999.0 -9999.0 -9999.0 -9999.0 -9999.0
-9999.0 0.148821 0.163939 0.166609 0.187852 0.232482 0.292317 0.348315 0.370000 0.370000 0.370000 0.370000 0.370000 0.370000 0.370000 0.370000 0.370000 0.370000 0.370000 0.360323 0.337305 0.327372 0.327656 0.323763 0.309000 0.300920 0.296066 0.285720 0.268159 0.243764 0.216951 0.202046 0.191485 0.187843 0.185170 0.182338 0.176968 0.179965 0.182282 0.181726 0.180026 0.178769 0.182892 0.184393 0.185712 0.182011 0.184653 0.187050 0.192442 0.198033 0.206020 0.217910 0.233082 0.242337 0.247285 0.261716 0.282438 0.310607 0.370000 0.370000 0.370000 0.370000 0.370000 0.370000 0.370000 0.370000 0.370000 0.370000 0.370000 0.370000 0.370000 -9999.0 -9999.0 -9999.0 -9999.0 -9999.0 -9999.0 -9999.0 -9999.0 -9999.0
-9999.0 -9999.0 0.145678 0.151540 0.156873 0.163081 0.172166 0.180923 0.189475 0.203778 0.225337 0.248935 0.263118 0.269208 0.260754 0.241848 0.229218 0.229927 0.227029 0.221683 0.214014 0.212302 0.210415 0.209105 0.205756 0.204293 0.203661 0.202230 0.198933 0.191504 0.185259 0.180864 0.176067 0.176152 0.175348 0.173716 0.175061 0.174704 0.175156 0.174952 0.175382 0.176196 0.177179 0.178536 0.178649 0.179064 0.179562 0.181037 0.183298 0.186326 0.192135 0.200680 0.207281 0.208848 0.205287 0.206216 0.210854 0.221422 0.252337 0.295162 0.349913 0.370000 0.370000 0.370000 0.370000 0.370000 0.370000 0.370000 0.370000 0.370000 -9999.0 -9999.0 -9999.0 -9999.0 -9999.0 -9999.0 -9999.0 -9999.0 -9999.0 -9999.0
-9999.0 -9999.0 -9999.0 -9999.0 0.143113 0.151365 0.159432 0.158780 0.165220 0.169592 0.173793 0.178777 0.182959 0.185606 0.182543 0.181971 0.181350 0.181755 0.181049 0.180317 0.180037 0.179539 0.178960 0.178228 0.178555 0.179291 0.179478 0.178217 0.178122 0.175814 0.175493 0.174051 0.172658 0.171087 0.171358 0.171212 0.171870 0.171141 0.172240 0.171653 0.172532 0.172962 0.174055 0.175821 0.175286 0.176299 0.176385 0.177714 0.178358 0.182006 0.187925 0.194833 0.199577 0.199370 0.193410 0.190914 0.189454 0.193178 0.199554 0.213541 0.245585 0.277982 0.311937 0.346817 0.370000 0.370000 0.370000 0.370000 -9999.0 -9999.0 -9999.0 -9999.0 -9999.0 -9999.0 -9999.0 -9999.0 -9999.0 -9999.0 -9999.0 -9999.0
-9999.0 -9999.0 -9999.0 -9999.0 -9999.0 -9999.0 0.146623 0.150882 0.149666 0.153259 0.156650 0.159379 0.163339 0.163068 0.164315 0.167375 0.166977 0.165498 0.163667 0.166325 0.167561 0.167793 0.164816 0.165622 0.165963 0.167089 0.166972 0.167437 0.164941 0.167911 0.169352 0.168737 0.168141 0.168665 0.168017 0.169886 0.170109 0.168597 0.168155 0.170365 0.171048 0.170793 0.171284 0.172879 0.175167 0.175566 0.174602 0.173279 0.175647 0.181147 0.187470 0.193140 0.196872 0.198108 0.193086 0.186369 0.183036 0.182586 0.185331 0.190634 0.203485 0.212588 0.219391 0.225068 0.235085 0.281985 -9999.0 -9999.0 -9999.0 -9999.0 -9999.0 -9999.0 -9999.0 -9999.0 -9999.0 -9999.0 -9999.0 -9999.0 -9999.0 -9999.0
-9999.0 -9999.0 -9999.0 -9999.0 -9999.0 -9999.0 -9999.0 -9999.0 -9999.0 -9999.0 -9999.0 -9999.0 -9999.0 -9999.0 -9999.0 -9999.0 -9999.0 -9999.0 -9999.0 -9999.0 -9999.0 -9999.0 -9999.0 -9999.0 -9999.0 -9999.0 -9999.0 -9999.0 -9999.0 -9999.0 -9999.0 -9999.0 -9999.0 -9999.0 -9999.0 -9999.0 -9999.0 -9999.0 -9999.0 -9999.0 -9999.0 -9999.0 -9999.0 -9999.0 -9999.0 -9999.0 -9999.0 -9999.0 -9999.0 -9999.0 -9999.0 -9999.0 -9999.0 -9999.0 -9999.0 -9999.0 -9999.0 -9999.0 -9999.0 -9999.0 -9999.0 -9999.0 -9999.0 -9999.0 -9999.0 -9999.0 -9999.0 -9999.0 -9999.0 -9999.0 -9999.0 -9999.0 -9999.0 -9999.0 -9999.0 -9999.0 -9999.0 -9999.0 -9999.0 -9999.0
-9999.0 -9999.0 -9999.0 -9999.0 -9999.0 -9999.0 -9999.0 -9999.0 -9999.0 -9999.0 -9999.0 -9999.0 -9999.0 -9999.0 -9999.0 -9999.0 -9999.0 -9999.0 -9999.0 -9999.0 -9999.0 -9999.0 -9999.0 -9999.0 -9999.0 -9999.0 -9999.0 -9999.0 -9999.0 -9999.0 -9999.0 -9999.0 -9999.0 -9999.0 -9999.0 -9999.0 -9999.0 -9999.0 -9999.0 -9999.0 -9999.0 -9999.0 -9999.0 -9999.0 -9999.0 -9999.0 -9999.0 -9999.0 -9999.0 -9999.0 -9999.0 -9999.0 -9999.0 -9999.0 -9999.0 -9999.0 -9999.0 -9999.0 -9999.0 -9999.0 -9999.0 -9999.0 -9999.0 -9999.0 -9999.0 -9999.0 -9999.0 -9999.0 -9999.0 -9999.0 -9999.0 -9999.0 -9999.0 -9999.0 -9999.0 -9999.0 -9999.0 -9999.0 -9999.0 -9999.0