Borden_/Borden1m_014/output_maps/thetaliqL0002N0004.asc
ncols         80
nrows         18
xllcorner     620200.000000
yllcorner     5168000.000000
cellsize      1.000000
NODATA_value  -9999.0
-9999.0 -9999.0 -9999.0 -9999.0 -9999.0 -9999.0 -9999.0 -9999.0 -9999.0 -9999.0 -9999.0 -9999.0 -9999.0 -9999.0 -9999.0 -9999.0 -9999.0 -9999.0 -9999.0 -9999.0 -9999.0 -9999.0 -9999.0 -9999.0 -9999.0 -9999.0 -9999.0 -9999.0 -9999.0 -9999.0 -9999.0 -9999.0 -9999.0 -9999.0 -9999.0 -9999.0 -9999.0 -9999.0 -9999.0 -9999.0 -9999.0 -9999.0 -9999.0 -9999.0 -9999.0 -9999.0 -9999.0 -9999.0 -9999.0 -9999.0 -9999.0 -9999.0 -9999.0 -9999.0 -9999.0 -9999.0 -9999.0 -9999.0 -9999.0 -9999.0 -9999.0 -9999.0 -9999.0 -9999.0 -9999.0 -9999.0 -9999.0 -9999.0 -9999.0 -9999.0 -9999.0 -9999.0 -9999.0 -9999.0 -9999.0 -9999.0 -9999.0 -9999.0 -9999.0 -9999.0
-9999.0 -9999.0 -9999.0 -9999.0 -9999.0 -9999.0 -9999.0 -9999.0 -9999.0 -9999.0 -9999.0 -9999.0 -9999.0 -9999.0 -9999.0 -9999.0 -9999.0 -9999.0 -9999.0 -9999.0 -9999.0 -9999.0 -9999.0 -9999.0 -9999.0 -9999.0 -9999.0 -9999.0 -9999.0 -9999.0 -9999.0 -9999.0 -9999.0 -9999.0 -9999.0 -9999.0 -9999.0 -9999.0 -9999.0 -9999.0 -9999.0 -9999.0 -9999.0 -9999.0 -9999.0 -9999.0 -9999.0 -9999.0 -9999.0 -9999.0 -9999.0 -9999.0 -9999.0 -9999.0 -9999.0 -9999.0 -9999.0 -9999.0 -9999.0 -9999.0 -9999.0 -9999.0 -9999.0 -9999.0 -9999.0 -9999.0 -9999.0 -9999.0 -9999.0 -9999.0 -9999.0 -9999.0 -9999.0 -9999.0 -9999.0 -9999.0 -9999.0 -9999.0 -9999.0 -9999.0
-9999.0 -9999.0 -9999.0 -9999.0 -9999.0 -9999.0 -9999.0 -9999.0 -9999.0 -9999.0 -9999.0 -9999.0 -9999.0 -9999.0 -9999.0 -9999.0 -9999.0 -9999.0 -9999.0 -9999.0 0.180456 0.181543 0.179060 0.176186 0.173773 0.173506 0.176215 0.179375 0.182963 0.183675 0.180860 0.181541 0.180454 0.179835 0.179790 0.180584 0.180989 0.182121 0.182850 0.182522 0.181658 0.181049 0.180541 0.180729 0.181689 0.180338 0.182276 0.184195 0.184864 0.184826 0.182208 0.181106 0.180680 0.178488 0.182440 0.183630 0.186591 0.186896 0.187406 0.184076 0.180778 -9999.0 -9999.0 -9999.0 -9999.0 -9999.0 -9999.0 -9999.0 -9999.0 -9999.0 -9999.0 -9999.0 -9999.0 -9999.0 -9999.0 -9999.0 -9999.0 -9999.0 -9999.0 -9999.0
-9999.0 -9999.0 -9999.0 -9999.0 -9999.0 -9999.0 -9999.0 -9999.0 -9999.0 -9999.0 -9999.0 -9999.0 -9999.0 -9999.0 0.175579 0.174261 0.173655 0.173326 0.175774 0.177730 0.177870 0.176510 0.177576 0.174878 0.172503 0.173935 0.176054 0.177850 0.180723 0.182876 0.180922 0.180438 0.181502 0.185204 0.186816 0.186031 0.181703 0.185831 0.187934 0.189265 0.189083 0.187100 0.189827 0.193036 0.191408 0.188026 0.188762 0.190709 0.193813 0.192215 0.181529 0.180423 0.180927 0.181103 0.179602 0.178567 0.182565 0.182029 0.181357 0.180559 0.178121 0.174243 0.172539 0.176515 0.180142 0.187378 -9999.0 -9999.0 -9999.0 -9999.0 -9999.0 -9999.0 -9999.0 -9999.0 -9999.0 -9999.0 -9999.0 -9999.0 -9999.0 -9999.0
-9999.0 -9999.0 -9999.0 -9999.0 -9999.0 -9999.0 -9999.0 -9999.0 -9999.0 0.173192 0.172867 0.173249 0.172420 0.173600 0.171729 0.172194 0.171885 0.173587 0.175020 0.177402 0.180480 0.178284 0.177998 0.179565 0.179731 0.180329 0.181734 0.186749 0.192362 0.201017 0.193348 0.192878 0.196238 0.207777 0.218504 0.221549 0.215392 0.215483 0.223239 0.232007 0.231275 0.230342 0.239142 0.244716 0.249975 0.242949 0.232897 0.231397 0.242105 0.224055 0.206842 0.194385 0.196753 0.191227 0.185065 0.182783 0.182027 0.186547 0.184806 0.180590 0.177131 0.178061 0.176142 0.178052 0.179459 0.184986 0.189964 0.194743 0.194965 0.191932 -9999.0 -9999.0 -9999.0 -9999.0 -9999.0 -9999.0 -9999.0 -9999.0 -9999.0 -9999.0
-9999.0 -9999.0 -9999.0 -9999.0 -9999.0 -9999.0 0.170631 0.170516 0.171308 0.169042 0.170749 0.169660 0.170912 0.171503 0.172390 0.172496 0.174601 0.176518 0.179712 0.183876 0.187693 0.185636 0.186623 0.191899 0.200453 0.207603 0.212706 0.222490 0.249909 0.270666 0.278111 0.280626 0.285055 0.310883 0.346898 0.356343 0.345431 0.335906 0.344687 0.362442 0.366317 0.366620 0.369951 0.370000 0.370000 0.370000 0.367879 0.355347 0.351018 0.347274 0.319240 0.283825 0.263358 0.243463 0.217118 0.201211 0.201880 0.206760 0.200300 0.190746 0.185062 0.185063 0.183932 0.181845 0.182881 0.185131 0.188550 0.190692 0.189054 0.186793 0.185044 0.181432 0.181994 0.185473 -9999.0 -9999.0 -9999.0 -9999.0 -9999.0 -9999.0
-9999.0 -9999.0 -9999.0 -9999.0 0.166955 0.168036 0.164883 0.166715 0.168186 0.169349 0.169472 0.171452 0.172082 0.173547 0.176559 0.178858 0.182967 0.186135 0.194497 0.209219 0.223271 0.231677 0.235322 0.261197 0.292610 0.322221 0.331913 0.344305 0.365739 0.370000 0.370000 0.370000 0.370000 0.370000 0.370000 0.370000 0.370000 0.370000 0.370000 0.370000 0.370000 0.370000 0.370000 0.370000 0.370000 0.370000 0.370000 0.370000 0.370000 0.370000 0.370000 0.370000 0.370000 0.369120 0.357744 0.333504 0.291045 0.278243 0.253282 0.233289 0.212739 0.207483 0.200823 0.196719 0.191043 0.192159 0.193786 0.190808 0.186898 0.183194 0.182668 0.181024 0.179241 0.183734 0.185360 0.190208 -9999.0 -9999.0 -9999.0 -9999.0
-9999.0 -9999.0 0.166587 0.166795 0.169842 0.168110 0.167040 0.165584 0.166305 0.169236 0.174749 0.177101 0.180873 0.182976 0.191316 0.208650 0.229151 0.246051 0.270044 0.303356 0.335863 0.352908 0.362803 0.370000 0.370000 0.370000 0.370000 0.370000 0.370000 0.370000 0.370000 0.370000 0.370000 0.370000 0.370000 0.370000 0.370000 0.370000 0.370000 0.370000 0.370000 0.370000 0.370000 0.370000 0.370000 0.370000 0.370000 0.370000 0.370000 0.370000 0.370000 0.370000 0.370000 0.370000 0.370000 0.370000 0.370000 0.370000 0.370000 0.356359 0.315843 0.285001 0.258813 0.239873 0.223039 0.215159 0.204107 0.196998 0.190367 0.184225 0.182307 0.181140 0.181948 0.181346 0.183746 0.185570 0.188238 0.189256 -9999.0 -9999.0
-9999.0 0.165427 0.164643 0.170068 0.171252 0.172479 0.173834 0.175020 0.176597 0.174993 0.189145 0.209929 0.239269 0.246875 0.266744 0.314073 0.358945 0.370000 0.370000 0.370000 0.370000 0.370000 0.370000 0.370000 0.370000 0.370000 0.370000 0.370000 0.370000 0.370000 0.370000 0.370000 0.370000 0.370000 0.370000 0.370000 0.370000 0.370000 0.370000 0.370000 0.370000 0.370000 0.370000 0.370000 0.370000 0.370000 0.370000 0.370000 0.370000 0.370000 0.370000 0.370000 0.370000 0.370000 0.370000 0.370000 0.370000 0.370000 0.370000 0.370000 0.370000 0.370000 0.356797 0.324392 0.289133 0.256789 0.235808 0.219559 0.204139 0.197819 0.193830 0.185494 0.183314 0.185069 0.183957 0.183817 0.184872 0.185705 -9999.0 -9999.0
-9999.0 0.160441 0.165287 0.171322 0.178981 0.180025 0.199140 0.221726 0.229950 0.220682 0.254468 0.363919 0.370000 0.370000 0.370000 0.370000 0.370000 0.370000 0.370000 0.370000 0.370000 0.370000 0.370000 0.370000 0.370000 0.370000 0.370000 0.370000 0.370000 0.370000 0.370000 0.370000 0.370000 0.370000 0.370000 0.370000 0.370000 0.370000 0.370000 0.362934 0.355997 0.367970 0.361858 0.350114 0.347440 0.362397 0.370000 0.370000 0.370000 0.370000 0.370000 0.370000 0.370000 0.370000 0.370000 0.370000 0.370000 0.370000 0.370000 0.370000 0.370000 0.370000 0.370000 0.370000 0.370000 0.334058 0.306073 0.278926 0.252220 0.236536 0.221723 0.207319 0.195347 0.192669 0.186578 0.185536 -9999.0 -9999.0 -9999.0 -9999.0
-9999.0 0.159868 0.164688 0.175953 0.203291 0.230533 0.321278 0.370000 0.370000 0.370000 0.370000 0.370000 0.370000 0.370000 0.370000 0.370000 0.370000 0.370000 0.370000 0.370000 0.370000 0.370000 0.370000 0.370000 0.370000 0.370000 0.370000 0.370000 0.370000 0.370000 0.370000 0.370000 0.370000 0.327594 0.303273 0.289154 0.266215 0.263418 0.255907 0.242353 0.236352 0.232394 0.238125 0.236442 0.235787 0.239195 0.249100 0.253306 0.269040 0.285495 0.308066 0.333495 0.349643 0.370000 0.370000 0.370000 0.370000 0.370000 0.370000 0.370000 0.370000 0.370000 0.370000 0.370000 0.370000 0.370000 0.370000 0.370000 0.345256 0.317887 0.289805 0.260046 0.234929 0.210580 0.202344 -9999.0 -9999.0 -9999.0 -9999.0 -9999.0
-9999.0 0.153038 0.164334 0.173712 0.215942 0.345426 0.369997 0.370000 0.370000 0.370000 0.370000 0.370000 0.370000 0.370000 0.370000 0.370000 0.370000 0.370000 0.370000 0.370000 0.370000 0.370000 0.370000 0.370000 0.370000 0.370000 0.370000 0.366876 0.341053 0.316485 0.276916 0.270438 0.241482 0.218482 0.207640 0.198276 0.189008 0.189311 0.192808 0.189872 0.186635 0.183260 0.187376 0.189339 0.191179 0.188912 0.189545 0.195167 0.204300 0.213013 0.225702 0.242609 0.258120 0.281291 0.300905 0.329690 0.354538 0.370000 0.370000 0.370000 0.370000 0.370000 0.370000 0.370000 0.370000 0.370000 0.370000 0.370000 0.370000 0.370000 0.370000 0.342374 0.305771 -9999.0 -9999.0 -9999.0 -9999.0 -9999.0 -9999.0 -9999.0
-9999.0 0.149604 0.161147 0.163371 0.179635 0.210680 0.257774 0.306858 0.340411 0.334609 0.339044 0.350839 0.366362 0.370000 0.362560 0.341740 0.326357 0.328114 0.328511 0.313980 0.297325 0.289213 0.289539 0.286058 0.272764 0.264909 0.259672 0.249732 0.236615 0.220938 0.201185 0.190152 0.182287 0.179539 0.177485 0.175305 0.171278 0.173463 0.175181 0.174755 0.173477 0.172546 0.175610 0.176749 0.177732 0.175027 0.176990 0.178827 0.182880 0.187084 0.193051 0.201875 0.213214 0.220270 0.224059 0.233061 0.247317 0.271788 0.317618 0.369366 0.370000 0.370000 0.370000 0.370000 0.370000 0.370000 0.370000 0.370000 0.370000 0.370000 0.370000 -9999.0 -9999.0 -9999.0 -9999.0 -9999.0 -9999.0 -9999.0 -9999.0 -9999.0
-9999.0 -9999.0 0.147199 0.151767 0.155996 0.160946 0.167972 0.174549 0.179008 0.189197 0.204016 0.220500 0.231090 0.236832 0.229239 0.215977 0.208772 0.209582 0.207670 0.204545 0.199001 0.197734 0.196338 0.195359 0.192879 0.191769 0.191275 0.190196 0.187756 0.182255 0.177513 0.174141 0.170495 0.170486 0.169847 0.168605 0.169569 0.169311 0.169654 0.169503 0.169818 0.170427 0.171182 0.172209 0.172310 0.172620 0.173014 0.174147 0.175887 0.178215 0.182597 0.188966 0.193887 0.195084 0.192511 0.193208 0.196630 0.204501 0.227256 0.257964 0.302425 0.337898 0.370000 0.370000 0.370000 0.370000 0.370000 0.370000 0.370000 0.370000 -9999.0 -9999.0 -9999.0 -9999.0 -9999.0 -9999.0 -9999.0 -9999.0 -9999.0 -9999.0
-9999.0 -9999.0 -9999.0 -9999.0 0.145246 0.151644 0.157820 0.157417 0.162305 0.165673 0.168922 0.172720 0.175862 0.177839 0.175575 0.175118 0.174649 0.174938 0.174404 0.173839 0.173593 0.173203 0.172760 0.172204 0.172425 0.172955 0.173082 0.172131 0.172019 0.170252 0.169945 0.168824 0.167745 0.166555 0.166741 0.166623 0.167109 0.166568 0.167387 0.166956 0.167615 0.167945 0.168774 0.170102 0.169724 0.170484 0.170564 0.171573 0.172109 0.174892 0.179361 0.184532 0.188071 0.187939 0.183562 0.181705 0.180662 0.183472 0.188305 0.198657 0.222665 0.245165 0.273745 0.302095 0.323660 0.360101 0.370000 0.370000 -9999.0 -9999.0 -9999.0 -9999.0 -9999.0 -9999.0 -9999.0 -9999.0 -9999.0 -9999.0 -9999.0 -9999.0
-9999.0 -9999.0 -9999.0 -9999.0 -9999.0 -9999.0 0.147923 0.151192 0.150323 0.153095 0.155714 0.157837 0.160860 0.160692 0.161621 0.163896 0.163590 0.162479 0.161108 0.163084 0.163998 0.164162 0.161935 0.162524 0.162777 0.163620 0.163533 0.163865 0.161993 0.164186 0.165245 0.164771 0.164309 0.164687 0.164201 0.165594 0.165761 0.164631 0.164306 0.165959 0.166476 0.166295 0.166676 0.167882 0.169596 0.169903 0.169197 0.168240 0.170048 0.174204 0.178972 0.183234 0.186031 0.186937 0.183216 0.178238 0.175759 0.175465 0.177587 0.181653 0.191244 0.198033 0.203103 0.207340 0.213430 0.246897 -9999.0 -9999.0 -9999.0 -9999.0 -9999.0 -9999.0 -9999.0 -9999.0 -9999.0 -9999.0 -9999.0 -9999.0 -9999.0 -9999.0
-9999.0 -9999.0 -9999.0 -9999.0 -9999.0 -9999.0 -9999.0 -9999.0 -9999.0 -9999.0 -9999.0 -9999.0 -9999.0 -9999.0 -9999.0 -9999.0 -9999.0 -9999.0 -9999.0 -9999.0 -9999.0 -9999.0 -9999.0 -9999.0 -9999.0 -9999.0 -9999.0 -9999.0 -9999.0 -9999.0 -9999.0 -9999.0 -9999.0 -9999.0 -9999.0 -9999.0 -9999.0 -9999.0 -9999.0 -9999.0 -9999.0 -9999.0 -9999.0 -9999.0 -9999.0 -9999.0 -9999.0 -9999.0 -9999.0 -9999.0 -9999.0 -9999.0 -9999.0 -9999.0 -9999.0 -9999.0 -9999.0 -9999.0 -9999.0 -9999.0 -9999.0 -9999.0 -9999.0 -9999.0 -9999.0 -9999.0 -9999.0 -9999.0 -9999.0 -9999.0 -9999.0 -9999.0 -9999.0 -9999.0 -9999.0 -9999.0 -9999.0 -9999.0 -9999.0 -9999.0
-9999.0 -9999.0 -9999.0 -9999.0 -9999.0 -9999.0 -9999.0 -9999.0 -9999.0 -9999.0 -9999.0 -9999.0 -9999.0 -9999.0 -9999.0 -9999.0 -9999.0 -9999.0 -9999.0 -9999.0 -9999.0 -9999.0 -9999.0 -9999.0 -9999.0 -9999.0 -9999.0 -9999.0 -9999.0 -9999.0 -9999.0 -9999.0 -9999.0 -9999.0 -9999.0 -9999.0 -9999.0 -9999.0 -9999.0 -9999.0 -9999.0 -9999.0 -9999.0 -9999.0 -9999.0 -9999.0 -9999.0 -9999.0 -9999.0 -9999.0 -9999.0 -9999.0 -9999.0 -9999.0 -9999.0 -9999.0 -9999.0 -9999.0 -9999.0 -9999.0 -9999.0 -9999.0 -9999.0 -9999.0 -9999.0 -9999.0 -9999.0 -9999.0 -9999.0 -9999.0 -9999.0 -9999.0 -9999.0 -9999.0 -9999.0 -9999.0 -9999.0 -9999.0 -9999.0 -9999.0