Borden_/Borden1m_014/output_maps/thetaliqL0005N0002.asc
ncols         80
nrows         18
xllcorner     620200.000000
yllcorner     5168000.000000
cellsize      1.000000
NODATA_value  -9999.0
-9999.0 -9999.0 -9999.0 -9999.0 -9999.0 -9999.0 -9999.0 -9999.0 -9999.0 -9999.0 -9999.0 -9999.0 -9999.0 -9999.0 -9999.0 -9999.0 -9999.0 -9999.0 -9999.0 -9999.0 -9999.0 -9999.0 -9999.0 -9999.0 -9999.0 -9999.0 -9999.0 -9999.0 -9999.0 -9999.0 -9999.0 -9999.0 -9999.0 -9999.0 -9999.0 -9999.0 -9999.0 -9999.0 -9999.0 -9999.0 -9999.0 -9999.0 -9999.0 -9999.0 -9999.0 -9999.0 -9999.0 -9999.0 -9999.0 -9999.0 -9999.0 -9999.0 -9999.0 -9999.0 -9999.0 -9999.0 -9999.0 -9999.0 -9999.0 -9999.0 -9999.0 -9999.0 -9999.0 -9999.0 -9999.0 -9999.0 -9999.0 -9999.0 -9999.0 -9999.0 -9999.0 -9999.0 -9999.0 -9999.0 -9999.0 -9999.0 -9999.0 -9999.0 -9999.0 -9999.0
-9999.0 -9999.0 -9999.0 -9999.0 -9999.0 -9999.0 -9999.0 -9999.0 -9999.0 -9999.0 -9999.0 -9999.0 -9999.0 -9999.0 -9999.0 -9999.0 -9999.0 -9999.0 -9999.0 -9999.0 -9999.0 -9999.0 -9999.0 -9999.0 -9999.0 -9999.0 -9999.0 -9999.0 -9999.0 -9999.0 -9999.0 -9999.0 -9999.0 -9999.0 -9999.0 -9999.0 -9999.0 -9999.0 -9999.0 -9999.0 -9999.0 -9999.0 -9999.0 -9999.0 -9999.0 -9999.0 -9999.0 -9999.0 -9999.0 -9999.0 -9999.0 -9999.0 -9999.0 -9999.0 -9999.0 -9999.0 -9999.0 -9999.0 -9999.0 -9999.0 -9999.0 -9999.0 -9999.0 -9999.0 -9999.0 -9999.0 -9999.0 -9999.0 -9999.0 -9999.0 -9999.0 -9999.0 -9999.0 -9999.0 -9999.0 -9999.0 -9999.0 -9999.0 -9999.0 -9999.0
-9999.0 -9999.0 -9999.0 -9999.0 -9999.0 -9999.0 -9999.0 -9999.0 -9999.0 -9999.0 -9999.0 -9999.0 -9999.0 -9999.0 -9999.0 -9999.0 -9999.0 -9999.0 -9999.0 -9999.0 0.107726 0.108481 0.103252 0.096813 0.092400 0.092589 0.098023 0.106079 0.115494 0.118536 0.113238 0.113417 0.111894 0.111875 0.112655 0.114134 0.114679 0.118023 0.120612 0.120529 0.118599 0.116816 0.116235 0.117300 0.118757 0.116402 0.120452 0.125576 0.128051 0.126357 0.117624 0.113210 0.111261 0.107895 0.114330 0.118221 0.125948 0.127705 0.127530 0.118649 0.110323 -9999.0 -9999.0 -9999.0 -9999.0 -9999.0 -9999.0 -9999.0 -9999.0 -9999.0 -9999.0 -9999.0 -9999.0 -9999.0 -9999.0 -9999.0 -9999.0 -9999.0 -9999.0 -9999.0
-9999.0 -9999.0 -9999.0 -9999.0 -9999.0 -9999.0 -9999.0 -9999.0 -9999.0 -9999.0 -9999.0 -9999.0 -9999.0 -9999.0 0.091613 0.090216 0.089773 0.090796 0.095598 0.100755 0.103271 0.101630 0.101517 0.097123 0.093874 0.095971 0.100997 0.107487 0.116124 0.122271 0.118019 0.117030 0.120170 0.129689 0.135384 0.134141 0.125979 0.134241 0.140950 0.145246 0.144677 0.140739 0.147519 0.155585 0.152186 0.143863 0.145192 0.150705 0.158600 0.151097 0.124500 0.117856 0.117331 0.115703 0.112364 0.110806 0.117800 0.118400 0.116174 0.111450 0.104032 0.095921 0.093297 0.099677 0.109417 0.127129 -9999.0 -9999.0 -9999.0 -9999.0 -9999.0 -9999.0 -9999.0 -9999.0 -9999.0 -9999.0 -9999.0 -9999.0 -9999.0 -9999.0
-9999.0 -9999.0 -9999.0 -9999.0 -9999.0 -9999.0 -9999.0 -9999.0 -9999.0 0.085287 0.085568 0.086224 0.086335 0.087951 0.087737 0.088450 0.089359 0.092619 0.097316 0.103853 0.110421 0.107719 0.107611 0.110592 0.112501 0.115895 0.121816 0.136121 0.155084 0.178151 0.161236 0.159852 0.170272 0.202564 0.231245 0.238640 0.224336 0.225577 0.244498 0.263358 0.262181 0.260526 0.277574 0.286240 0.291449 0.279279 0.265873 0.264136 0.283432 0.246517 0.200443 0.166012 0.166988 0.150867 0.132816 0.124642 0.123851 0.132392 0.127060 0.115380 0.106274 0.104489 0.101289 0.104715 0.110244 0.124482 0.139654 0.153643 0.154310 0.146010 -9999.0 -9999.0 -9999.0 -9999.0 -9999.0 -9999.0 -9999.0 -9999.0 -9999.0 -9999.0
-9999.0 -9999.0 -9999.0 -9999.0 -9999.0 -9999.0 0.079330 0.079832 0.081104 0.081498 0.083322 0.083929 0.085775 0.087732 0.089998 0.092149 0.096763 0.102545 0.111970 0.125041 0.136896 0.134862 0.138546 0.154241 0.178946 0.200470 0.216348 0.243165 0.296584 0.320719 0.327959 0.330498 0.335113 0.353277 0.365735 0.367425 0.365457 0.363219 0.365355 0.368227 0.368641 0.368624 0.368898 0.369249 0.369905 0.369842 0.368512 0.367253 0.366648 0.365851 0.356990 0.333703 0.313139 0.285218 0.228748 0.187425 0.186321 0.197333 0.178026 0.149565 0.131591 0.128104 0.123469 0.119124 0.121030 0.128052 0.137839 0.143373 0.138434 0.130571 0.122574 0.114007 0.114617 0.122603 -9999.0 -9999.0 -9999.0 -9999.0 -9999.0 -9999.0
-9999.0 -9999.0 -9999.0 -9999.0 0.076738 0.077297 0.076746 0.077841 0.079605 0.081792 0.084413 0.088127 0.091318 0.095458 0.102896 0.111739 0.124429 0.136731 0.162261 0.205237 0.243192 0.262490 0.271262 0.310061 0.341033 0.358273 0.361960 0.365235 0.368258 0.369992 0.370000 0.370000 0.370000 0.370000 0.370000 0.370000 0.370000 0.370000 0.370000 0.370000 0.370000 0.370000 0.370000 0.370000 0.370000 0.370000 0.370000 0.370000 0.370000 0.370000 0.370000 0.370000 0.369677 0.368687 0.367513 0.362039 0.340216 0.330149 0.301477 0.266667 0.218248 0.200985 0.180926 0.166591 0.151049 0.152147 0.154443 0.145633 0.133305 0.122218 0.117846 0.112782 0.110393 0.118989 0.125011 0.137229 -9999.0 -9999.0 -9999.0 -9999.0
-9999.0 -9999.0 0.074494 0.076429 0.079260 0.079751 0.079905 0.080163 0.081957 0.086269 0.096506 0.106657 0.118315 0.127481 0.152007 0.202146 0.255045 0.286576 0.319676 0.348773 0.363123 0.366902 0.368030 0.369667 0.370000 0.370000 0.370000 0.370000 0.370000 0.370000 0.370000 0.370000 0.370000 0.370000 0.370000 0.370000 0.370000 0.370000 0.370000 0.370000 0.370000 0.370000 0.370000 0.370000 0.370000 0.370000 0.370000 0.370000 0.370000 0.370000 0.370000 0.370000 0.370000 0.370000 0.370000 0.370000 0.370000 0.369755 0.369222 0.367210 0.355433 0.336398 0.311464 0.281248 0.244758 0.222583 0.191627 0.168166 0.146048 0.128251 0.120827 0.115608 0.115335 0.115876 0.121032 0.126630 0.132652 0.135940 -9999.0 -9999.0
-9999.0 0.071942 0.073733 0.079175 0.085037 0.089806 0.095717 0.100919 0.105377 0.107675 0.142694 0.203730 0.266126 0.283058 0.314739 0.354736 0.367546 0.369452 0.369992 0.370000 0.370000 0.370000 0.370000 0.370000 0.370000 0.370000 0.370000 0.370000 0.370000 0.370000 0.370000 0.370000 0.370000 0.370000 0.370000 0.370000 0.370000 0.370000 0.370000 0.370000 0.370000 0.370000 0.370000 0.370000 0.370000 0.370000 0.370000 0.370000 0.370000 0.370000 0.370000 0.370000 0.370000 0.370000 0.370000 0.370000 0.370000 0.370000 0.370000 0.370000 0.370000 0.369798 0.367177 0.359241 0.341374 0.310265 0.274645 0.236251 0.193314 0.171242 0.155625 0.132777 0.124651 0.125748 0.122886 0.122352 0.124870 0.127279 -9999.0 -9999.0
-9999.0 0.070765 0.073845 0.083626 0.103735 0.119093 0.171112 0.225571 0.242540 0.225324 0.296403 0.367815 0.369999 0.370000 0.370000 0.370000 0.370000 0.370000 0.370000 0.370000 0.370000 0.370000 0.370000 0.370000 0.370000 0.370000 0.370000 0.370000 0.370000 0.370000 0.370000 0.370000 0.370000 0.370000 0.370000 0.370000 0.370000 0.369991 0.369346 0.368075 0.367337 0.368826 0.368145 0.366462 0.365964 0.368039 0.369542 0.369178 0.369148 0.369800 0.370000 0.370000 0.370000 0.370000 0.370000 0.370000 0.370000 0.370000 0.370000 0.370000 0.370000 0.370000 0.370000 0.370000 0.369207 0.362287 0.350857 0.333413 0.303059 0.275091 0.240845 0.200073 0.164703 0.151388 0.134338 0.126475 -9999.0 -9999.0 -9999.0 -9999.0
-9999.0 0.069995 0.073541 0.091362 0.170407 0.258022 0.356176 0.369713 0.370000 0.370000 0.370000 0.370000 0.370000 0.370000 0.370000 0.370000 0.370000 0.370000 0.370000 0.370000 0.370000 0.370000 0.370000 0.370000 0.370000 0.370000 0.370000 0.370000 0.370000 0.370000 0.369999 0.369922 0.369271 0.359949 0.348779 0.338118 0.314120 0.310534 0.303167 0.284235 0.272388 0.263464 0.275324 0.273301 0.272540 0.278470 0.292609 0.301556 0.322345 0.337058 0.351803 0.362518 0.366222 0.369112 0.370000 0.370000 0.370000 0.370000 0.370000 0.370000 0.370000 0.370000 0.370000 0.370000 0.370000 0.370000 0.369999 0.368919 0.365163 0.356375 0.340983 0.313664 0.270871 0.207071 0.180305 -9999.0 -9999.0 -9999.0 -9999.0 -9999.0
-9999.0 0.068797 0.071902 0.087004 0.202493 0.364008 0.369499 0.370000 0.370000 0.370000 0.370000 0.370000 0.370000 0.370000 0.370000 0.370000 0.370000 0.370000 0.370000 0.370000 0.370000 0.370000 0.370000 0.370000 0.369951 0.369644 0.369290 0.368554 0.364464 0.355785 0.327803 0.319403 0.277380 0.229712 0.198380 0.169986 0.144394 0.143766 0.150890 0.143109 0.134057 0.127102 0.136433 0.142425 0.146980 0.142655 0.146225 0.162646 0.190240 0.217205 0.251061 0.286941 0.311874 0.335232 0.347768 0.361273 0.366927 0.369581 0.370000 0.370000 0.370000 0.370000 0.370000 0.370000 0.370000 0.370000 0.370000 0.370000 0.370000 0.370000 0.369582 0.364490 0.352229 -9999.0 -9999.0 -9999.0 -9999.0 -9999.0 -9999.0 -9999.0
-9999.0 0.068149 0.069564 0.074205 0.100580 0.191167 0.298169 0.347942 0.363256 0.362046 0.363647 0.366390 0.368510 0.369349 0.368077 0.364568 0.360032 0.360626 0.360691 0.354592 0.344560 0.338323 0.338359 0.335309 0.322762 0.314494 0.308936 0.296007 0.272385 0.234728 0.179677 0.146004 0.122946 0.112545 0.105411 0.098921 0.092634 0.094215 0.096640 0.095816 0.093789 0.093020 0.097647 0.100874 0.102806 0.100034 0.103518 0.109484 0.120897 0.134979 0.155244 0.184058 0.217465 0.237486 0.247541 0.267761 0.294346 0.324474 0.356264 0.368701 0.370000 0.370000 0.370000 0.370000 0.370000 0.370000 0.370000 0.370000 0.370000 0.370000 0.370000 -9999.0 -9999.0 -9999.0 -9999.0 -9999.0 -9999.0 -9999.0 -9999.0 -9999.0
-9999.0 -9999.0 0.068149 0.069210 0.071203 0.076418 0.086283 0.099803 0.113833 0.140069 0.182460 0.228976 0.255826 0.266482 0.252245 0.221213 0.202086 0.202647 0.197106 0.187615 0.172401 0.167447 0.163102 0.159511 0.152586 0.149058 0.146896 0.142405 0.133466 0.117884 0.104372 0.094958 0.087838 0.085325 0.083378 0.081574 0.081253 0.081194 0.081722 0.081794 0.082136 0.083019 0.084834 0.086886 0.087860 0.088542 0.090010 0.093105 0.098286 0.106190 0.119610 0.139079 0.155737 0.160756 0.154843 0.157091 0.168074 0.193555 0.253225 0.309193 0.348360 0.363296 0.369452 0.370000 0.370000 0.370000 0.370000 0.370000 0.370000 0.370000 -9999.0 -9999.0 -9999.0 -9999.0 -9999.0 -9999.0 -9999.0 -9999.0 -9999.0 -9999.0
-9999.0 -9999.0 -9999.0 -9999.0 0.068365 0.069340 0.070292 0.071533 0.074394 0.078799 0.085140 0.093407 0.101275 0.105704 0.102717 0.100828 0.099099 0.098679 0.097340 0.096194 0.095099 0.093972 0.092593 0.091596 0.091441 0.091846 0.091630 0.090031 0.088302 0.085317 0.083087 0.080473 0.078232 0.076790 0.076219 0.075907 0.075925 0.075725 0.076129 0.076377 0.077040 0.077801 0.079126 0.080910 0.081764 0.082835 0.083629 0.085519 0.088633 0.095707 0.107587 0.122702 0.134108 0.134632 0.124031 0.118290 0.116755 0.124785 0.141979 0.175918 0.242422 0.290991 0.326686 0.347968 0.358865 0.367607 0.370000 0.370000 -9999.0 -9999.0 -9999.0 -9999.0 -9999.0 -9999.0 -9999.0 -9999.0 -9999.0 -9999.0 -9999.0 -9999.0
-9999.0 -9999.0 -9999.0 -9999.0 -9999.0 -9999.0 0.068126 0.068512 0.069056 0.070107 0.071677 0.073730 0.076220 0.077189 0.077858 0.078967 0.078649 0.077792 0.077048 0.077811 0.078218 0.077995 0.076731 0.076650 0.076780 0.077235 0.077199 0.076923 0.075860 0.076133 0.076033 0.075139 0.074247 0.073796 0.073465 0.073754 0.073784 0.073437 0.073526 0.074303 0.074963 0.075466 0.076401 0.077983 0.079807 0.080706 0.080750 0.081173 0.084541 0.092434 0.104448 0.117550 0.126898 0.128859 0.118526 0.106988 0.101816 0.102599 0.109585 0.123809 0.153420 0.177753 0.195660 0.209806 0.228762 0.295508 -9999.0 -9999.0 -9999.0 -9999.0 -9999.0 -9999.0 -9999.0 -9999.0 -9999.0 -9999.0 -9999.0 -9999.0 -9999.0 -9999.0
-9999.0 -9999.0 -9999.0 -9999.0 -9999.0 -9999.0 -9999.0 -9999.0 -9999.0 -9999.0 -9999.0 -9999.0 -9999.0 -9999.0 -9999.0 -9999.0 -9999.0 -9999.0 -9999.0 -9999.0 -9999.0 -9999.0 -9999.0 -9999.0 -9999.0 -9999.0 -9999.0 -9999.0 -9999.0 -9999.0 -9999.0 -9999.0 -9999.0 -9999.0 -9999.0 -9999.0 -9999.0 -9999.0 -9999.0 -9999.0 -9999.0 -9999.0 -9999.0 -9999.0 -9999.0 -9999.0 -9999.0 -9999.0 -9999.0 -9999.0 -9999.0 -9999.0 -9999.0 -9999.0 -9999.0 -9999.0 -9999.0 -9999.0 -9999.0 -9999.0 -9999.0 -9999.0 -9999.0 -9999.0 -9999.0 -9999.0 -9999.0 -9999.0 -9999.0 -9999.0 -9999.0 -9999.0 -9999.0 -9999.0 -9999.0 -9999.0 -9999.0 -9999.0 -9999.0 -9999.0
-9999.0 -9999.0 -9999.0 -9999.0 -9999.0 -9999.0 -9999.0 -9999.0 -9999.0 -9999.0 -9999.0 -9999.0 -9999.0 -9999.0 -9999.0 -9999.0 -9999.0 -9999.0 -9999.0 -9999.0 -9999.0 -9999.0 -9999.0 -9999.0 -9999.0 -9999.0 -9999.0 -9999.0 -9999.0 -9999.0 -9999.0 -9999.0 -9999.0 -9999.0 -9999.0 -9999.0 -9999.0 -9999.0 -9999.0 -9999.0 -9999.0 -9999.0 -9999.0 -9999.0 -9999.0 -9999.0 -9999.0 -9999.0 -9999.0 -9999.0 -9999.0 -9999.0 -9999.0 -9999.0 -9999.0 -9999.0 -9999.0 -9999.0 -9999.0 -9999.0 -9999.0 -9999.0 -9999.0 -9999.0 -9999.0 -9999.0 -9999.0 -9999.0 -9999.0 -9999.0 -9999.0 -9999.0 -9999.0 -9999.0 -9999.0 -9999.0 -9999.0 -9999.0 -9999.0 -9999.0