Borden_/Borden1m_014/output_maps/thetaliqL0001N0007.asc
ncols         80
nrows         18
xllcorner     620200.000000
yllcorner     5168000.000000
cellsize      1.000000
NODATA_value  -9999.0
-9999.0 -9999.0 -9999.0 -9999.0 -9999.0 -9999.0 -9999.0 -9999.0 -9999.0 -9999.0 -9999.0 -9999.0 -9999.0 -9999.0 -9999.0 -9999.0 -9999.0 -9999.0 -9999.0 -9999.0 -9999.0 -9999.0 -9999.0 -9999.0 -9999.0 -9999.0 -9999.0 -9999.0 -9999.0 -9999.0 -9999.0 -9999.0 -9999.0 -9999.0 -9999.0 -9999.0 -9999.0 -9999.0 -9999.0 -9999.0 -9999.0 -9999.0 -9999.0 -9999.0 -9999.0 -9999.0 -9999.0 -9999.0 -9999.0 -9999.0 -9999.0 -9999.0 -9999.0 -9999.0 -9999.0 -9999.0 -9999.0 -9999.0 -9999.0 -9999.0 -9999.0 -9999.0 -9999.0 -9999.0 -9999.0 -9999.0 -9999.0 -9999.0 -9999.0 -9999.0 -9999.0 -9999.0 -9999.0 -9999.0 -9999.0 -9999.0 -9999.0 -9999.0 -9999.0 -9999.0
-9999.0 -9999.0 -9999.0 -9999.0 -9999.0 -9999.0 -9999.0 -9999.0 -9999.0 -9999.0 -9999.0 -9999.0 -9999.0 -9999.0 -9999.0 -9999.0 -9999.0 -9999.0 -9999.0 -9999.0 -9999.0 -9999.0 -9999.0 -9999.0 -9999.0 -9999.0 -9999.0 -9999.0 -9999.0 -9999.0 -9999.0 -9999.0 -9999.0 -9999.0 -9999.0 -9999.0 -9999.0 -9999.0 -9999.0 -9999.0 -9999.0 -9999.0 -9999.0 -9999.0 -9999.0 -9999.0 -9999.0 -9999.0 -9999.0 -9999.0 -9999.0 -9999.0 -9999.0 -9999.0 -9999.0 -9999.0 -9999.0 -9999.0 -9999.0 -9999.0 -9999.0 -9999.0 -9999.0 -9999.0 -9999.0 -9999.0 -9999.0 -9999.0 -9999.0 -9999.0 -9999.0 -9999.0 -9999.0 -9999.0 -9999.0 -9999.0 -9999.0 -9999.0 -9999.0 -9999.0
-9999.0 -9999.0 -9999.0 -9999.0 -9999.0 -9999.0 -9999.0 -9999.0 -9999.0 -9999.0 -9999.0 -9999.0 -9999.0 -9999.0 -9999.0 -9999.0 -9999.0 -9999.0 -9999.0 -9999.0 0.248841 0.249813 0.248220 0.246511 0.244947 0.244637 0.246307 0.248028 0.250055 0.250277 0.248293 0.248956 0.248105 0.247472 0.247289 0.247846 0.248166 0.248759 0.249071 0.248746 0.248183 0.247858 0.247426 0.247434 0.248175 0.247196 0.248504 0.249627 0.249911 0.250153 0.248917 0.248543 0.248445 0.246802 0.249719 0.250283 0.252053 0.252084 0.252635 0.250669 0.248714 -9999.0 -9999.0 -9999.0 -9999.0 -9999.0 -9999.0 -9999.0 -9999.0 -9999.0 -9999.0 -9999.0 -9999.0 -9999.0 -9999.0 -9999.0 -9999.0 -9999.0 -9999.0 -9999.0
-9999.0 -9999.0 -9999.0 -9999.0 -9999.0 -9999.0 -9999.0 -9999.0 -9999.0 -9999.0 -9999.0 -9999.0 -9999.0 -9999.0 0.246922 0.245882 0.245366 0.244823 0.246329 0.247327 0.247008 0.245927 0.247030 0.245122 0.243353 0.244385 0.245568 0.246203 0.247627 0.248796 0.247502 0.247172 0.247725 0.249952 0.250714 0.250119 0.246943 0.249845 0.250971 0.251711 0.251620 0.250181 0.251931 0.254004 0.252814 0.250614 0.251198 0.252335 0.254314 0.253826 0.246997 0.247006 0.247625 0.248094 0.247147 0.246361 0.249254 0.248604 0.248292 0.248289 0.247121 0.244720 0.243520 0.246298 0.248219 0.252671 -9999.0 -9999.0 -9999.0 -9999.0 -9999.0 -9999.0 -9999.0 -9999.0 -9999.0 -9999.0 -9999.0 -9999.0 -9999.0 -9999.0
-9999.0 -9999.0 -9999.0 -9999.0 -9999.0 -9999.0 -9999.0 -9999.0 -9999.0 0.245863 0.245473 0.245713 0.244858 0.245693 0.243862 0.244178 0.243675 0.244710 0.245226 0.246414 0.248377 0.246609 0.246332 0.247395 0.247213 0.247222 0.247651 0.250498 0.253345 0.258773 0.253332 0.253046 0.254900 0.262004 0.271332 0.274381 0.269077 0.266788 0.274111 0.281544 0.281158 0.280548 0.286201 0.289100 0.291465 0.287051 0.282147 0.280645 0.287305 0.274671 0.261393 0.253647 0.256062 0.252852 0.249351 0.248291 0.247640 0.250916 0.249994 0.247620 0.245690 0.246968 0.245609 0.246923 0.247372 0.250633 0.253339 0.256128 0.256256 0.254386 -9999.0 -9999.0 -9999.0 -9999.0 -9999.0 -9999.0 -9999.0 -9999.0 -9999.0 -9999.0
-9999.0 -9999.0 -9999.0 -9999.0 -9999.0 -9999.0 0.244703 0.244461 0.244940 0.242589 0.243865 0.242635 0.243475 0.243640 0.244042 0.243697 0.244902 0.245743 0.247295 0.249334 0.251341 0.249564 0.250006 0.252970 0.257989 0.262166 0.265174 0.273518 0.293001 0.304737 0.309403 0.311012 0.313869 0.335679 0.370000 0.370000 0.370000 0.363341 0.370000 0.370000 0.370000 0.370000 0.370000 0.370000 0.370000 0.370000 0.370000 0.370000 0.370000 0.370000 0.343307 0.313674 0.300635 0.289121 0.271995 0.258033 0.258335 0.261786 0.258078 0.252536 0.249471 0.250064 0.249673 0.248264 0.249021 0.250187 0.252156 0.253508 0.252588 0.251505 0.251010 0.248745 0.249215 0.251451 -9999.0 -9999.0 -9999.0 -9999.0 -9999.0 -9999.0
-9999.0 -9999.0 -9999.0 -9999.0 0.241725 0.242652 0.239659 0.241193 0.242203 0.242825 0.242330 0.243495 0.243448 0.244084 0.245706 0.246430 0.248524 0.249777 0.254377 0.263015 0.271969 0.280592 0.283503 0.299331 0.319956 0.344234 0.356773 0.370000 0.370000 0.370000 0.370000 0.370000 0.370000 0.370000 0.370000 0.370000 0.370000 0.370000 0.370000 0.370000 0.370000 0.370000 0.370000 0.370000 0.370000 0.370000 0.370000 0.370000 0.370000 0.370000 0.370000 0.370000 0.370000 0.370000 0.370000 0.361189 0.319079 0.310502 0.294535 0.281823 0.264750 0.261915 0.258112 0.256025 0.252562 0.253592 0.254967 0.253257 0.251165 0.249159 0.249355 0.248536 0.247130 0.250260 0.250937 0.253983 -9999.0 -9999.0 -9999.0 -9999.0
-9999.0 -9999.0 0.241990 0.241656 0.243941 0.242091 0.240990 0.239455 0.239727 0.241668 0.245093 0.245621 0.247384 0.247977 0.252608 0.263018 0.279460 0.289754 0.304378 0.328212 0.363147 0.370000 0.370000 0.370000 0.370000 0.370000 0.370000 0.370000 0.370000 0.370000 0.370000 0.370000 0.370000 0.370000 0.370000 0.370000 0.370000 0.370000 0.370000 0.370000 0.370000 0.370000 0.370000 0.370000 0.370000 0.370000 0.370000 0.370000 0.370000 0.370000 0.370000 0.370000 0.370000 0.370000 0.370000 0.370000 0.370000 0.370000 0.370000 0.370000 0.342208 0.315279 0.297942 0.281627 0.270838 0.266410 0.259855 0.256129 0.252697 0.249197 0.248464 0.248160 0.249039 0.248335 0.249931 0.250888 0.252672 0.253202 -9999.0 -9999.0
-9999.0 0.241647 0.240304 0.244205 0.243982 0.244168 0.244317 0.244564 0.245285 0.243164 0.251959 0.268182 0.284798 0.288892 0.301036 0.339279 0.370000 0.370000 0.370000 0.370000 0.370000 0.370000 0.370000 0.370000 0.370000 0.370000 0.370000 0.370000 0.370000 0.370000 0.370000 0.370000 0.370000 0.370000 0.370000 0.370000 0.370000 0.370000 0.370000 0.370000 0.370000 0.370000 0.370000 0.370000 0.370000 0.370000 0.370000 0.370000 0.370000 0.370000 0.370000 0.370000 0.370000 0.370000 0.370000 0.370000 0.370000 0.370000 0.370000 0.370000 0.370000 0.370000 0.370000 0.351154 0.318857 0.292687 0.278466 0.268714 0.259591 0.256454 0.254763 0.249747 0.248856 0.250502 0.249837 0.249785 0.250457 0.250922 -9999.0 -9999.0
-9999.0 0.237173 0.240962 0.244404 0.248002 0.246296 0.258084 0.274981 0.278585 0.270827 0.296202 0.370000 0.370000 0.370000 0.370000 0.370000 0.370000 0.370000 0.370000 0.370000 0.370000 0.370000 0.370000 0.370000 0.370000 0.370000 0.370000 0.370000 0.370000 0.370000 0.370000 0.370000 0.370000 0.370000 0.370000 0.370000 0.370000 0.370000 0.370000 0.370000 0.370000 0.370000 0.370000 0.370000 0.370000 0.370000 0.370000 0.370000 0.370000 0.370000 0.370000 0.370000 0.370000 0.370000 0.370000 0.370000 0.370000 0.370000 0.370000 0.370000 0.370000 0.370000 0.370000 0.370000 0.370000 0.364586 0.330847 0.311624 0.292026 0.279247 0.270171 0.261814 0.254878 0.254258 0.250651 0.250874 -9999.0 -9999.0 -9999.0 -9999.0
-9999.0 0.236988 0.240525 0.247371 0.262255 0.277100 0.346396 0.370000 0.370000 0.370000 0.370000 0.370000 0.370000 0.370000 0.370000 0.370000 0.370000 0.370000 0.370000 0.370000 0.370000 0.370000 0.370000 0.370000 0.370000 0.370000 0.370000 0.370000 0.370000 0.370000 0.370000 0.370000 0.370000 0.354854 0.328155 0.317365 0.301362 0.300044 0.296309 0.288246 0.284369 0.281884 0.285580 0.283673 0.283008 0.286093 0.291760 0.294686 0.305006 0.315356 0.332250 0.361305 0.370000 0.370000 0.370000 0.370000 0.370000 0.370000 0.370000 0.370000 0.370000 0.370000 0.370000 0.370000 0.370000 0.370000 0.370000 0.370000 0.370000 0.342279 0.318483 0.295199 0.278225 0.264240 0.259891 -9999.0 -9999.0 -9999.0 -9999.0 -9999.0
-9999.0 0.230809 0.240831 0.246080 0.271000 0.367320 0.370000 0.370000 0.370000 0.370000 0.370000 0.370000 0.370000 0.370000 0.370000 0.370000 0.370000 0.370000 0.370000 0.370000 0.370000 0.370000 0.370000 0.370000 0.370000 0.370000 0.370000 0.370000 0.370000 0.341116 0.308921 0.305194 0.287296 0.269068 0.262422 0.257070 0.251438 0.251893 0.254452 0.252635 0.250726 0.248389 0.251122 0.252179 0.253370 0.251716 0.251802 0.255076 0.260304 0.265061 0.272485 0.283439 0.296718 0.313170 0.326488 0.356847 0.370000 0.370000 0.370000 0.370000 0.370000 0.370000 0.370000 0.370000 0.370000 0.370000 0.370000 0.370000 0.370000 0.370000 0.370000 0.367896 0.327135 -9999.0 -9999.0 -9999.0 -9999.0 -9999.0 -9999.0 -9999.0
-9999.0 0.227628 0.238623 0.239213 0.249255 0.267113 0.297991 0.330623 0.362452 0.358098 0.367839 0.370000 0.370000 0.370000 0.370000 0.370000 0.350318 0.350549 0.350598 0.336638 0.323247 0.317316 0.317626 0.315349 0.306460 0.301742 0.298980 0.293065 0.282321 0.270484 0.258604 0.252401 0.248059 0.246964 0.246158 0.245173 0.242348 0.244245 0.245506 0.245239 0.244351 0.243565 0.245750 0.246289 0.246927 0.244695 0.246038 0.246827 0.249005 0.251019 0.253987 0.258691 0.265273 0.269280 0.271396 0.277377 0.290352 0.306482 0.344664 0.370000 0.370000 0.370000 0.370000 0.370000 0.370000 0.370000 0.370000 0.370000 0.370000 0.370000 0.370000 -9999.0 -9999.0 -9999.0 -9999.0 -9999.0 -9999.0 -9999.0 -9999.0 -9999.0
-9999.0 -9999.0 0.225241 0.229444 0.232941 0.236079 0.240540 0.244308 0.246745 0.252666 0.261953 0.274864 0.282003 0.285091 0.280680 0.269830 0.263168 0.263925 0.262800 0.260890 0.257433 0.256891 0.256114 0.255664 0.254190 0.253618 0.253463 0.253057 0.251908 0.248819 0.246387 0.244782 0.242595 0.243155 0.242965 0.242148 0.243187 0.242945 0.243160 0.242991 0.243221 0.243619 0.243958 0.244530 0.244420 0.244584 0.244670 0.245175 0.245915 0.246810 0.248959 0.252357 0.254847 0.255296 0.253501 0.253852 0.255733 0.259940 0.273948 0.297846 0.328349 0.369202 0.370000 0.370000 0.370000 0.370000 0.370000 0.370000 0.370000 0.370000 -9999.0 -9999.0 -9999.0 -9999.0 -9999.0 -9999.0 -9999.0 -9999.0 -9999.0 -9999.0
-9999.0 -9999.0 -9999.0 -9999.0 0.223205 0.229293 0.235084 0.234150 0.238060 0.240080 0.241698 0.243719 0.245354 0.246538 0.244779 0.244619 0.244461 0.244843 0.244568 0.244221 0.244193 0.244030 0.243872 0.243519 0.243777 0.244229 0.244403 0.243781 0.244049 0.242929 0.243135 0.242644 0.242136 0.241331 0.241671 0.241631 0.242107 0.241629 0.242332 0.241828 0.242302 0.242429 0.242913 0.243791 0.243205 0.243712 0.243610 0.244195 0.244052 0.245413 0.247739 0.250453 0.252254 0.252030 0.249224 0.248266 0.247445 0.248962 0.251125 0.256603 0.270885 0.285874 0.307733 0.327283 0.350611 0.370000 0.370000 0.370000 -9999.0 -9999.0 -9999.0 -9999.0 -9999.0 -9999.0 -9999.0 -9999.0 -9999.0 -9999.0 -9999.0 -9999.0
-9999.0 -9999.0 -9999.0 -9999.0 -9999.0 -9999.0 0.226037 0.229154 0.228023 0.230303 0.232256 0.233640 0.235902 0.235417 0.236142 0.238130 0.237898 0.237017 0.235850 0.237628 0.238420 0.238651 0.236767 0.237381 0.237590 0.238311 0.238233 0.238644 0.237059 0.239167 0.240237 0.240014 0.239813 0.240318 0.239930 0.241220 0.241374 0.240364 0.240020 0.241421 0.241737 0.241416 0.241537 0.242312 0.243554 0.243637 0.242924 0.241865 0.242887 0.245373 0.247909 0.249985 0.251320 0.251936 0.249802 0.246705 0.245127 0.244679 0.245562 0.247262 0.252383 0.255598 0.258061 0.260108 0.263519 0.289637 -9999.0 -9999.0 -9999.0 -9999.0 -9999.0 -9999.0 -9999.0 -9999.0 -9999.0 -9999.0 -9999.0 -9999.0 -9999.0 -9999.0
-9999.0 -9999.0 -9999.0 -9999.0 -9999.0 -9999.0 -9999.0 -9999.0 -9999.0 -9999.0 -9999.0 -9999.0 -9999.0 -9999.0 -9999.0 -9999.0 -9999.0 -9999.0 -9999.0 -9999.0 -9999.0 -9999.0 -9999.0 -9999.0 -9999.0 -9999.0 -9999.0 -9999.0 -9999.0 -9999.0 -9999.0 -9999.0 -9999.0 -9999.0 -9999.0 -9999.0 -9999.0 -9999.0 -9999.0 -9999.0 -9999.0 -9999.0 -9999.0 -9999.0 -9999.0 -9999.0 -9999.0 -9999.0 -9999.0 -9999.0 -9999.0 -9999.0 -9999.0 -9999.0 -9999.0 -9999.0 -9999.0 -9999.0 -9999.0 -9999.0 -9999.0 -9999.0 -9999.0 -9999.0 -9999.0 -9999.0 -9999.0 -9999.0 -9999.0 -9999.0 -9999.0 -9999.0 -9999.0 -9999.0 -9999.0 -9999.0 -9999.0 -9999.0 -9999.0 -9999.0
-9999.0 -9999.0 -9999.0 -9999.0 -9999.0 -9999.0 -9999.0 -9999.0 -9999.0 -9999.0 -9999.0 -9999.0 -9999.0 -9999.0 -9999.0 -9999.0 -9999.0 -9999.0 -9999.0 -9999.0 -9999.0 -9999.0 -9999.0 -9999.0 -9999.0 -9999.0 -9999.0 -9999.0 -9999.0 -9999.0 -9999.0 -9999.0 -9999.0 -9999.0 -9999.0 -9999.0 -9999.0 -9999.0 -9999.0 -9999.0 -9999.0 -9999.0 -9999.0 -9999.0 -9999.0 -9999.0 -9999.0 -9999.0 -9999.0 -9999.0 -9999.0 -9999.0 -9999.0 -9999.0 -9999.0 -9999.0 -9999.0 -9999.0 -9999.0 -9999.0 -9999.0 -9999.0 -9999.0 -9999.0 -9999.0 -9999.0 -9999.0 -9999.0 -9999.0 -9999.0 -9999.0 -9999.0 -9999.0 -9999.0 -9999.0 -9999.0 -9999.0 -9999.0 -9999.0 -9999.0