Borden_/Borden1m_014/output_maps/thetaliqL0006N0002.asc
ncols         80
nrows         18
xllcorner     620200.000000
yllcorner     5168000.000000
cellsize      1.000000
NODATA_value  -9999.0
-9999.0 -9999.0 -9999.0 -9999.0 -9999.0 -9999.0 -9999.0 -9999.0 -9999.0 -9999.0 -9999.0 -9999.0 -9999.0 -9999.0 -9999.0 -9999.0 -9999.0 -9999.0 -9999.0 -9999.0 -9999.0 -9999.0 -9999.0 -9999.0 -9999.0 -9999.0 -9999.0 -9999.0 -9999.0 -9999.0 -9999.0 -9999.0 -9999.0 -9999.0 -9999.0 -9999.0 -9999.0 -9999.0 -9999.0 -9999.0 -9999.0 -9999.0 -9999.0 -9999.0 -9999.0 -9999.0 -9999.0 -9999.0 -9999.0 -9999.0 -9999.0 -9999.0 -9999.0 -9999.0 -9999.0 -9999.0 -9999.0 -9999.0 -9999.0 -9999.0 -9999.0 -9999.0 -9999.0 -9999.0 -9999.0 -9999.0 -9999.0 -9999.0 -9999.0 -9999.0 -9999.0 -9999.0 -9999.0 -9999.0 -9999.0 -9999.0 -9999.0 -9999.0 -9999.0 -9999.0
-9999.0 -9999.0 -9999.0 -9999.0 -9999.0 -9999.0 -9999.0 -9999.0 -9999.0 -9999.0 -9999.0 -9999.0 -9999.0 -9999.0 -9999.0 -9999.0 -9999.0 -9999.0 -9999.0 -9999.0 -9999.0 -9999.0 -9999.0 -9999.0 -9999.0 -9999.0 -9999.0 -9999.0 -9999.0 -9999.0 -9999.0 -9999.0 -9999.0 -9999.0 -9999.0 -9999.0 -9999.0 -9999.0 -9999.0 -9999.0 -9999.0 -9999.0 -9999.0 -9999.0 -9999.0 -9999.0 -9999.0 -9999.0 -9999.0 -9999.0 -9999.0 -9999.0 -9999.0 -9999.0 -9999.0 -9999.0 -9999.0 -9999.0 -9999.0 -9999.0 -9999.0 -9999.0 -9999.0 -9999.0 -9999.0 -9999.0 -9999.0 -9999.0 -9999.0 -9999.0 -9999.0 -9999.0 -9999.0 -9999.0 -9999.0 -9999.0 -9999.0 -9999.0 -9999.0 -9999.0
-9999.0 -9999.0 -9999.0 -9999.0 -9999.0 -9999.0 -9999.0 -9999.0 -9999.0 -9999.0 -9999.0 -9999.0 -9999.0 -9999.0 -9999.0 -9999.0 -9999.0 -9999.0 -9999.0 -9999.0 0.153261 0.154853 0.143495 0.129236 0.119383 0.119808 0.131914 0.149655 0.169746 0.175963 0.164944 0.165372 0.162169 0.162048 0.163647 0.166793 0.168015 0.174907 0.180147 0.179935 0.175988 0.172340 0.171222 0.173386 0.176401 0.171435 0.179770 0.189978 0.194731 0.191504 0.174089 0.164969 0.160835 0.153589 0.167320 0.175360 0.190830 0.194238 0.193874 0.176222 0.158801 -9999.0 -9999.0 -9999.0 -9999.0 -9999.0 -9999.0 -9999.0 -9999.0 -9999.0 -9999.0 -9999.0 -9999.0 -9999.0 -9999.0 -9999.0 -9999.0 -9999.0 -9999.0 -9999.0
-9999.0 -9999.0 -9999.0 -9999.0 -9999.0 -9999.0 -9999.0 -9999.0 -9999.0 -9999.0 -9999.0 -9999.0 -9999.0 -9999.0 0.117620 0.114516 0.113530 0.115804 0.126523 0.137997 0.143529 0.139921 0.139673 0.129911 0.122632 0.127297 0.138462 0.152650 0.170953 0.183409 0.174841 0.172814 0.179158 0.197648 0.208070 0.205781 0.190436 0.206104 0.218020 0.225228 0.224249 0.217473 0.228799 0.241551 0.236254 0.222680 0.225120 0.234248 0.246338 0.234930 0.187655 0.174483 0.173387 0.170060 0.163052 0.159790 0.174505 0.175701 0.171129 0.161215 0.145170 0.127201 0.121331 0.135568 0.156824 0.193008 -9999.0 -9999.0 -9999.0 -9999.0 -9999.0 -9999.0 -9999.0 -9999.0 -9999.0 -9999.0 -9999.0 -9999.0 -9999.0 -9999.0
-9999.0 -9999.0 -9999.0 -9999.0 -9999.0 -9999.0 -9999.0 -9999.0 -9999.0 0.103540 0.104178 0.105629 0.105881 0.109469 0.108981 0.110567 0.112558 0.119850 0.130317 0.144747 0.158931 0.153149 0.152896 0.159144 0.162952 0.169944 0.181989 0.209146 0.240590 0.272402 0.249532 0.247441 0.262055 0.298890 0.322707 0.327717 0.317394 0.318635 0.331734 0.342268 0.341642 0.340732 0.348910 0.352500 0.354370 0.349516 0.343525 0.342770 0.351457 0.332979 0.296521 0.256110 0.257823 0.234095 0.203329 0.187980 0.186499 0.202841 0.192793 0.169379 0.150041 0.146105 0.139071 0.146668 0.158629 0.187906 0.216249 0.239477 0.240477 0.227119 -9999.0 -9999.0 -9999.0 -9999.0 -9999.0 -9999.0 -9999.0 -9999.0 -9999.0 -9999.0
-9999.0 -9999.0 -9999.0 -9999.0 -9999.0 -9999.0 0.090587 0.091668 0.094411 0.095248 0.099234 0.100550 0.104607 0.108926 0.113986 0.118746 0.128963 0.141719 0.161965 0.188485 0.210639 0.206788 0.213311 0.238997 0.272822 0.296386 0.310984 0.330778 0.356279 0.363349 0.365132 0.365765 0.366724 0.369159 0.369932 0.369975 0.369922 0.369833 0.369920 0.369989 0.369994 0.369994 0.369996 0.369999 0.370000 0.370000 0.369993 0.369974 0.369961 0.369938 0.369451 0.366267 0.361385 0.352056 0.320599 0.282609 0.281943 0.294113 0.272546 0.232112 0.201016 0.194516 0.185547 0.176974 0.180978 0.194870 0.213014 0.222720 0.214113 0.199680 0.184171 0.166628 0.167921 0.184231 -9999.0 -9999.0 -9999.0 -9999.0 -9999.0 -9999.0
-9999.0 -9999.0 -9999.0 -9999.0 0.085130 0.086297 0.085139 0.087435 0.091176 0.095890 0.101586 0.109751 0.116819 0.126010 0.142332 0.161083 0.186706 0.209710 0.250806 0.301365 0.330880 0.341774 0.346060 0.360476 0.367564 0.369552 0.369779 0.369920 0.369992 0.370000 0.370000 0.370000 0.370000 0.370000 0.370000 0.370000 0.370000 0.370000 0.370000 0.370000 0.370000 0.370000 0.370000 0.370000 0.370000 0.370000 0.370000 0.370000 0.370000 0.370000 0.370000 0.370000 0.370000 0.369995 0.369978 0.369778 0.367464 0.365460 0.357949 0.343922 0.312882 0.297617 0.275963 0.257642 0.234822 0.236830 0.240621 0.226514 0.204770 0.183452 0.174613 0.164069 0.158963 0.176942 0.188998 0.211915 -9999.0 -9999.0 -9999.0 -9999.0
-9999.0 -9999.0 0.080536 0.084471 0.090419 0.091455 0.091740 0.092282 0.096139 0.105558 0.128091 0.150061 0.174170 0.192288 0.235011 0.297826 0.337512 0.352443 0.363077 0.368674 0.369836 0.369965 0.369987 0.370000 0.370000 0.370000 0.370000 0.370000 0.370000 0.370000 0.370000 0.370000 0.370000 0.370000 0.370000 0.370000 0.370000 0.370000 0.370000 0.370000 0.370000 0.370000 0.370000 0.370000 0.370000 0.370000 0.370000 0.370000 0.370000 0.370000 0.370000 0.370000 0.370000 0.370000 0.370000 0.370000 0.370000 0.370000 0.369999 0.369975 0.369349 0.366657 0.360926 0.350651 0.332252 0.317085 0.288767 0.260376 0.227023 0.195151 0.180597 0.169966 0.169413 0.170521 0.181098 0.192165 0.203611 0.209647 -9999.0 -9999.0
-9999.0 0.075505 0.078988 0.090166 0.102827 0.113288 0.126018 0.137068 0.146730 0.151967 0.219339 0.298285 0.342963 0.351035 0.362084 0.369233 0.369977 0.369999 0.370000 0.370000 0.370000 0.370000 0.370000 0.370000 0.370000 0.370000 0.370000 0.370000 0.370000 0.370000 0.370000 0.370000 0.370000 0.370000 0.370000 0.370000 0.370000 0.370000 0.370000 0.370000 0.370000 0.370000 0.370000 0.370000 0.370000 0.370000 0.370000 0.370000 0.370000 0.370000 0.370000 0.370000 0.370000 0.370000 0.370000 0.370000 0.370000 0.370000 0.370000 0.370000 0.370000 0.370000 0.369977 0.369640 0.367472 0.360648 0.347976 0.326897 0.290296 0.264120 0.241957 0.203471 0.188152 0.190382 0.184813 0.183754 0.188734 0.193426 -9999.0 -9999.0
-9999.0 0.073270 0.079149 0.099544 0.143627 0.175492 0.261121 0.316892 0.329037 0.316162 0.355983 0.369980 0.370000 0.370000 0.370000 0.370000 0.370000 0.370000 0.370000 0.370000 0.370000 0.370000 0.370000 0.370000 0.370000 0.370000 0.370000 0.370000 0.370000 0.370000 0.370000 0.370000 0.370000 0.370000 0.370000 0.370000 0.370000 0.370000 0.369999 0.369989 0.369977 0.369996 0.369989 0.369958 0.369946 0.369988 0.370000 0.369999 0.369999 0.370000 0.370000 0.370000 0.370000 0.370000 0.370000 0.370000 0.370000 0.370000 0.370000 0.370000 0.370000 0.370000 0.370000 0.370000 0.369999 0.369820 0.368795 0.366007 0.358381 0.347989 0.329743 0.296919 0.255138 0.235632 0.206547 0.191865 -9999.0 -9999.0 -9999.0 -9999.0
-9999.0 0.071846 0.078461 0.115831 0.261445 0.338485 0.369208 0.370000 0.370000 0.370000 0.370000 0.370000 0.370000 0.370000 0.370000 0.370000 0.370000 0.370000 0.370000 0.370000 0.370000 0.370000 0.370000 0.370000 0.370000 0.370000 0.370000 0.370000 0.370000 0.370000 0.370000 0.370000 0.369999 0.369689 0.368728 0.367132 0.361698 0.360564 0.358400 0.351696 0.346580 0.342068 0.347874 0.347108 0.346821 0.349315 0.354793 0.357940 0.363717 0.366767 0.368995 0.369824 0.369957 0.369999 0.370000 0.370000 0.370000 0.370000 0.370000 0.370000 0.370000 0.370000 0.370000 0.370000 0.370000 0.370000 0.370000 0.369997 0.369914 0.369359 0.367273 0.361305 0.345972 0.304000 0.275807 -9999.0 -9999.0 -9999.0 -9999.0 -9999.0
-9999.0 0.069747 0.075242 0.105836 0.294182 0.369772 0.369999 0.370000 0.370000 0.370000 0.370000 0.370000 0.370000 0.370000 0.370000 0.370000 0.370000 0.370000 0.370000 0.370000 0.370000 0.370000 0.370000 0.370000 0.370000 0.370000 0.369999 0.369995 0.369903 0.369390 0.365017 0.362888 0.348476 0.321287 0.294156 0.260770 0.222241 0.221357 0.233311 0.220665 0.204697 0.191687 0.209161 0.219848 0.227592 0.220155 0.226144 0.251609 0.286452 0.312356 0.335946 0.352966 0.361127 0.366431 0.368462 0.369755 0.369972 0.370000 0.370000 0.370000 0.370000 0.370000 0.370000 0.370000 0.370000 0.370000 0.370000 0.370000 0.370000 0.370000 0.370000 0.369848 0.368737 -9999.0 -9999.0 -9999.0 -9999.0 -9999.0 -9999.0 -9999.0
-9999.0 0.068696 0.071036 0.079459 0.133520 0.281284 0.355483 0.368215 0.369786 0.369758 0.369854 0.369953 0.369993 0.369999 0.369988 0.369898 0.369679 0.369713 0.369712 0.369287 0.368185 0.367190 0.367126 0.366475 0.363747 0.361650 0.360092 0.355986 0.346578 0.325023 0.273520 0.224876 0.183086 0.162267 0.147232 0.133185 0.119451 0.122982 0.128326 0.126562 0.122142 0.120491 0.130760 0.137915 0.142154 0.136103 0.143764 0.156613 0.180231 0.207232 0.241262 0.280045 0.313011 0.327764 0.333966 0.344686 0.355612 0.364294 0.369437 0.369997 0.370000 0.370000 0.370000 0.370000 0.370000 0.370000 0.370000 0.370000 0.370000 0.370000 0.370000 -9999.0 -9999.0 -9999.0 -9999.0 -9999.0 -9999.0 -9999.0 -9999.0 -9999.0
-9999.0 -9999.0 0.068690 0.070418 0.073833 0.083557 0.103437 0.131701 0.161019 0.211545 0.274335 0.319631 0.337373 0.343069 0.335424 0.314168 0.297266 0.297788 0.292133 0.282030 0.263681 0.257107 0.250911 0.245677 0.235369 0.229917 0.226455 0.218966 0.203248 0.173187 0.145061 0.124524 0.108863 0.103367 0.099148 0.095279 0.094634 0.094490 0.095624 0.095791 0.096559 0.098496 0.102462 0.107001 0.109165 0.110711 0.113965 0.120850 0.132350 0.149715 0.177965 0.215015 0.242472 0.249901 0.240837 0.244025 0.259501 0.290007 0.336950 0.360275 0.368583 0.369863 0.370000 0.370000 0.370000 0.370000 0.370000 0.370000 0.370000 0.370000 -9999.0 -9999.0 -9999.0 -9999.0 -9999.0 -9999.0 -9999.0 -9999.0 -9999.0 -9999.0
-9999.0 -9999.0 -9999.0 -9999.0 0.069025 0.070629 0.072270 0.074483 0.079874 0.088708 0.102040 0.119941 0.137184 0.146719 0.140551 0.136827 0.133172 0.132173 0.129213 0.126844 0.124575 0.122110 0.119008 0.116832 0.116549 0.117499 0.117034 0.113520 0.109704 0.103283 0.098511 0.092909 0.088185 0.085186 0.084016 0.083391 0.083430 0.083016 0.083843 0.084365 0.085744 0.087335 0.090133 0.093961 0.095823 0.098157 0.099886 0.104024 0.110919 0.126688 0.152844 0.184353 0.206268 0.207197 0.186994 0.175354 0.172049 0.188045 0.219396 0.269573 0.330651 0.354441 0.364709 0.368542 0.369628 0.369989 0.370000 0.370000 -9999.0 -9999.0 -9999.0 -9999.0 -9999.0 -9999.0 -9999.0 -9999.0 -9999.0 -9999.0 -9999.0 -9999.0
-9999.0 -9999.0 -9999.0 -9999.0 -9999.0 -9999.0 0.068650 0.069273 0.070163 0.071990 0.074870 0.078809 0.083787 0.085806 0.087254 0.089609 0.088965 0.087158 0.085597 0.087199 0.088091 0.087618 0.084977 0.084822 0.085107 0.086047 0.085971 0.085406 0.083229 0.083821 0.083642 0.081825 0.080032 0.079140 0.078488 0.079063 0.079124 0.078434 0.078604 0.080157 0.081494 0.082518 0.084436 0.087739 0.091615 0.093554 0.093647 0.094553 0.101868 0.119382 0.146033 0.173953 0.192685 0.196437 0.175961 0.151584 0.140241 0.141885 0.156922 0.186013 0.238174 0.272025 0.292025 0.305330 0.320641 0.355904 -9999.0 -9999.0 -9999.0 -9999.0 -9999.0 -9999.0 -9999.0 -9999.0 -9999.0 -9999.0 -9999.0 -9999.0 -9999.0 -9999.0
-9999.0 -9999.0 -9999.0 -9999.0 -9999.0 -9999.0 -9999.0 -9999.0 -9999.0 -9999.0 -9999.0 -9999.0 -9999.0 -9999.0 -9999.0 -9999.0 -9999.0 -9999.0 -9999.0 -9999.0 -9999.0 -9999.0 -9999.0 -9999.0 -9999.0 -9999.0 -9999.0 -9999.0 -9999.0 -9999.0 -9999.0 -9999.0 -9999.0 -9999.0 -9999.0 -9999.0 -9999.0 -9999.0 -9999.0 -9999.0 -9999.0 -9999.0 -9999.0 -9999.0 -9999.0 -9999.0 -9999.0 -9999.0 -9999.0 -9999.0 -9999.0 -9999.0 -9999.0 -9999.0 -9999.0 -9999.0 -9999.0 -9999.0 -9999.0 -9999.0 -9999.0 -9999.0 -9999.0 -9999.0 -9999.0 -9999.0 -9999.0 -9999.0 -9999.0 -9999.0 -9999.0 -9999.0 -9999.0 -9999.0 -9999.0 -9999.0 -9999.0 -9999.0 -9999.0 -9999.0
-9999.0 -9999.0 -9999.0 -9999.0 -9999.0 -9999.0 -9999.0 -9999.0 -9999.0 -9999.0 -9999.0 -9999.0 -9999.0 -9999.0 -9999.0 -9999.0 -9999.0 -9999.0 -9999.0 -9999.0 -9999.0 -9999.0 -9999.0 -9999.0 -9999.0 -9999.0 -9999.0 -9999.0 -9999.0 -9999.0 -9999.0 -9999.0 -9999.0 -9999.0 -9999.0 -9999.0 -9999.0 -9999.0 -9999.0 -9999.0 -9999.0 -9999.0 -9999.0 -9999.0 -9999.0 -9999.0 -9999.0 -9999.0 -9999.0 -9999.0 -9999.0 -9999.0 -9999.0 -9999.0 -9999.0 -9999.0 -9999.0 -9999.0 -9999.0 -9999.0 -9999.0 -9999.0 -9999.0 -9999.0 -9999.0 -9999.0 -9999.0 -9999.0 -9999.0 -9999.0 -9999.0 -9999.0 -9999.0 -9999.0 -9999.0 -9999.0 -9999.0 -9999.0 -9999.0 -9999.0