Borden_/Borden1m_014/output_maps/thetaliqL0004N0010.asc
ncols         80
nrows         18
xllcorner     620200.000000
yllcorner     5168000.000000
cellsize      1.000000
NODATA_value  -9999.0
-9999.0 -9999.0 -9999.0 -9999.0 -9999.0 -9999.0 -9999.0 -9999.0 -9999.0 -9999.0 -9999.0 -9999.0 -9999.0 -9999.0 -9999.0 -9999.0 -9999.0 -9999.0 -9999.0 -9999.0 -9999.0 -9999.0 -9999.0 -9999.0 -9999.0 -9999.0 -9999.0 -9999.0 -9999.0 -9999.0 -9999.0 -9999.0 -9999.0 -9999.0 -9999.0 -9999.0 -9999.0 -9999.0 -9999.0 -9999.0 -9999.0 -9999.0 -9999.0 -9999.0 -9999.0 -9999.0 -9999.0 -9999.0 -9999.0 -9999.0 -9999.0 -9999.0 -9999.0 -9999.0 -9999.0 -9999.0 -9999.0 -9999.0 -9999.0 -9999.0 -9999.0 -9999.0 -9999.0 -9999.0 -9999.0 -9999.0 -9999.0 -9999.0 -9999.0 -9999.0 -9999.0 -9999.0 -9999.0 -9999.0 -9999.0 -9999.0 -9999.0 -9999.0 -9999.0 -9999.0
-9999.0 -9999.0 -9999.0 -9999.0 -9999.0 -9999.0 -9999.0 -9999.0 -9999.0 -9999.0 -9999.0 -9999.0 -9999.0 -9999.0 -9999.0 -9999.0 -9999.0 -9999.0 -9999.0 -9999.0 -9999.0 -9999.0 -9999.0 -9999.0 -9999.0 -9999.0 -9999.0 -9999.0 -9999.0 -9999.0 -9999.0 -9999.0 -9999.0 -9999.0 -9999.0 -9999.0 -9999.0 -9999.0 -9999.0 -9999.0 -9999.0 -9999.0 -9999.0 -9999.0 -9999.0 -9999.0 -9999.0 -9999.0 -9999.0 -9999.0 -9999.0 -9999.0 -9999.0 -9999.0 -9999.0 -9999.0 -9999.0 -9999.0 -9999.0 -9999.0 -9999.0 -9999.0 -9999.0 -9999.0 -9999.0 -9999.0 -9999.0 -9999.0 -9999.0 -9999.0 -9999.0 -9999.0 -9999.0 -9999.0 -9999.0 -9999.0 -9999.0 -9999.0 -9999.0 -9999.0
-9999.0 -9999.0 -9999.0 -9999.0 -9999.0 -9999.0 -9999.0 -9999.0 -9999.0 -9999.0 -9999.0 -9999.0 -9999.0 -9999.0 -9999.0 -9999.0 -9999.0 -9999.0 -9999.0 -9999.0 0.101360 0.102172 0.098747 0.094672 0.091745 0.091725 0.095227 0.100158 0.105986 0.107707 0.104064 0.104425 0.103267 0.103014 0.103364 0.104367 0.104777 0.106807 0.108326 0.108156 0.106897 0.105811 0.105322 0.105901 0.106970 0.105337 0.108018 0.111233 0.112696 0.111871 0.106657 0.104143 0.103068 0.100629 0.105224 0.107537 0.112443 0.113404 0.113557 0.107932 0.102684 -9999.0 -9999.0 -9999.0 -9999.0 -9999.0 -9999.0 -9999.0 -9999.0 -9999.0 -9999.0 -9999.0 -9999.0 -9999.0 -9999.0 -9999.0 -9999.0 -9999.0 -9999.0 -9999.0
-9999.0 -9999.0 -9999.0 -9999.0 -9999.0 -9999.0 -9999.0 -9999.0 -9999.0 -9999.0 -9999.0 -9999.0 -9999.0 -9999.0 0.092126 0.090975 0.090538 0.090858 0.093963 0.097068 0.098264 0.096974 0.097349 0.094291 0.091921 0.093410 0.096509 0.100190 0.105347 0.109120 0.106317 0.105658 0.107570 0.113641 0.117096 0.116167 0.110457 0.116102 0.120276 0.122997 0.122644 0.119862 0.124410 0.129896 0.127449 0.121820 0.122759 0.126325 0.131717 0.127181 0.109657 0.106042 0.106001 0.105307 0.103150 0.102011 0.106882 0.106943 0.105625 0.103107 0.098714 0.093507 0.091678 0.096093 0.102005 0.113368 -9999.0 -9999.0 -9999.0 -9999.0 -9999.0 -9999.0 -9999.0 -9999.0 -9999.0 -9999.0 -9999.0 -9999.0 -9999.0 -9999.0
-9999.0 -9999.0 -9999.0 -9999.0 -9999.0 -9999.0 -9999.0 -9999.0 -9999.0 0.088412 0.088399 0.088835 0.088550 0.089722 0.088892 0.089384 0.089669 0.091770 0.094436 0.098344 0.102607 0.100468 0.100307 0.102323 0.103298 0.105135 0.108498 0.117458 0.129368 0.145494 0.133040 0.132139 0.139102 0.162944 0.189382 0.197027 0.183377 0.183271 0.201154 0.221755 0.220754 0.219059 0.238048 0.248564 0.256028 0.241077 0.224664 0.221464 0.243122 0.202910 0.161628 0.136056 0.137533 0.126720 0.115128 0.110222 0.109529 0.115496 0.112200 0.104949 0.099347 0.098901 0.096681 0.098996 0.102102 0.111048 0.120479 0.129558 0.130003 0.124476 -9999.0 -9999.0 -9999.0 -9999.0 -9999.0 -9999.0 -9999.0 -9999.0 -9999.0 -9999.0
-9999.0 -9999.0 -9999.0 -9999.0 -9999.0 -9999.0 0.084874 0.085035 0.085882 0.085165 0.086598 0.086444 0.087721 0.088805 0.090143 0.091144 0.094030 0.097408 0.103030 0.110891 0.118223 0.116395 0.118628 0.128800 0.145862 0.162151 0.175375 0.199803 0.261164 0.298496 0.311362 0.315857 0.324246 0.365050 0.370000 0.370000 0.370000 0.370000 0.370000 0.370000 0.370000 0.370000 0.370000 0.370000 0.370000 0.370000 0.370000 0.370000 0.370000 0.370000 0.369999 0.323135 0.286116 0.247296 0.188581 0.152898 0.150466 0.158934 0.144972 0.125823 0.114521 0.112838 0.110154 0.107225 0.108534 0.112791 0.118966 0.122607 0.119474 0.114710 0.110177 0.104650 0.105167 0.110382 -9999.0 -9999.0 -9999.0 -9999.0 -9999.0 -9999.0
-9999.0 -9999.0 -9999.0 -9999.0 0.082387 0.083025 0.081639 0.082755 0.084040 0.085406 0.086584 0.088959 0.090619 0.093038 0.097596 0.102621 0.110310 0.117595 0.134111 0.165119 0.198969 0.220049 0.230095 0.281572 0.337410 0.370000 0.370000 0.370000 0.370000 0.370000 0.370000 0.370000 0.370000 0.370000 0.370000 0.370000 0.370000 0.370000 0.370000 0.370000 0.370000 0.370000 0.370000 0.370000 0.370000 0.370000 0.370000 0.370000 0.370000 0.370000 0.370000 0.370000 0.370000 0.370000 0.370000 0.370000 0.338575 0.314860 0.267934 0.224502 0.175172 0.161452 0.146797 0.137181 0.126620 0.127629 0.129500 0.123761 0.116060 0.109215 0.106947 0.103911 0.102083 0.107936 0.111455 0.119439 -9999.0 -9999.0 -9999.0 -9999.0
-9999.0 -9999.0 0.081345 0.082199 0.084531 0.084072 0.083743 0.083339 0.084373 0.087318 0.093990 0.099602 0.106594 0.111829 0.127490 0.163497 0.213410 0.249639 0.297361 0.355940 0.370000 0.370000 0.370000 0.370000 0.370000 0.370000 0.370000 0.370000 0.370000 0.370000 0.370000 0.370000 0.370000 0.370000 0.370000 0.370000 0.370000 0.370000 0.370000 0.370000 0.370000 0.370000 0.370000 0.370000 0.370000 0.370000 0.370000 0.370000 0.370000 0.370000 0.370000 0.370000 0.370000 0.370000 0.370000 0.370000 0.370000 0.370000 0.370000 0.370000 0.369902 0.327647 0.280457 0.236351 0.197215 0.178113 0.154065 0.138007 0.123787 0.112514 0.108197 0.105270 0.105477 0.105482 0.108891 0.112308 0.116344 0.118373 -9999.0 -9999.0
-9999.0 0.079922 0.080321 0.084582 0.087533 0.090103 0.093304 0.096194 0.098859 0.099312 0.121960 0.169500 0.228404 0.246683 0.289148 0.367236 0.370000 0.370000 0.370000 0.370000 0.370000 0.370000 0.370000 0.370000 0.370000 0.370000 0.370000 0.370000 0.370000 0.370000 0.370000 0.370000 0.370000 0.370000 0.370000 0.370000 0.370000 0.370000 0.370000 0.370000 0.370000 0.370000 0.370000 0.370000 0.370000 0.370000 0.370000 0.370000 0.370000 0.370000 0.370000 0.370000 0.370000 0.370000 0.370000 0.370000 0.370000 0.370000 0.370000 0.370000 0.370000 0.370000 0.370000 0.370000 0.337876 0.274809 0.226916 0.189372 0.155104 0.140076 0.130185 0.115241 0.110425 0.111679 0.109848 0.109538 0.111175 0.112672 -9999.0 -9999.0
-9999.0 0.077711 0.080593 0.086956 0.098997 0.106652 0.142110 0.189753 0.205347 0.187806 0.267520 0.370000 0.370000 0.370000 0.370000 0.370000 0.370000 0.370000 0.370000 0.370000 0.370000 0.370000 0.370000 0.370000 0.370000 0.370000 0.370000 0.370000 0.370000 0.370000 0.370000 0.370000 0.370000 0.370000 0.370000 0.370000 0.370000 0.370000 0.370000 0.370000 0.370000 0.370000 0.370000 0.370000 0.370000 0.370000 0.370000 0.370000 0.370000 0.370000 0.370000 0.370000 0.370000 0.370000 0.370000 0.370000 0.370000 0.370000 0.370000 0.370000 0.370000 0.370000 0.370000 0.370000 0.370000 0.370000 0.361562 0.318973 0.265871 0.228213 0.193791 0.160653 0.135525 0.127490 0.116432 0.112218 -9999.0 -9999.0 -9999.0 -9999.0
-9999.0 0.077229 0.080240 0.092224 0.142849 0.215033 0.370000 0.370000 0.370000 0.370000 0.370000 0.370000 0.370000 0.370000 0.370000 0.370000 0.370000 0.370000 0.370000 0.370000 0.370000 0.370000 0.370000 0.370000 0.370000 0.370000 0.370000 0.370000 0.370000 0.370000 0.370000 0.370000 0.370000 0.370000 0.355655 0.331132 0.288688 0.283293 0.271430 0.245430 0.231481 0.222594 0.235140 0.231362 0.230120 0.238382 0.256978 0.268226 0.300159 0.328441 0.363324 0.370000 0.370000 0.370000 0.370000 0.370000 0.370000 0.370000 0.370000 0.370000 0.370000 0.370000 0.370000 0.370000 0.370000 0.370000 0.370000 0.370000 0.370000 0.369854 0.334495 0.280125 0.223412 0.166303 0.147082 -9999.0 -9999.0 -9999.0 -9999.0 -9999.0
-9999.0 0.074707 0.079455 0.089399 0.170882 0.370000 0.370000 0.370000 0.370000 0.370000 0.370000 0.370000 0.370000 0.370000 0.370000 0.370000 0.370000 0.370000 0.370000 0.370000 0.370000 0.370000 0.370000 0.370000 0.370000 0.370000 0.370000 0.370000 0.370000 0.369767 0.311961 0.297507 0.239310 0.186902 0.160510 0.140145 0.122728 0.122520 0.127600 0.122363 0.116516 0.111748 0.117970 0.121725 0.124780 0.121673 0.123730 0.134554 0.153715 0.173930 0.203450 0.243741 0.279567 0.323176 0.354411 0.370000 0.370000 0.370000 0.370000 0.370000 0.370000 0.370000 0.370000 0.370000 0.370000 0.370000 0.370000 0.370000 0.370000 0.370000 0.370000 0.370000 0.352976 -9999.0 -9999.0 -9999.0 -9999.0 -9999.0 -9999.0 -9999.0
-9999.0 0.073576 0.077476 0.080014 0.098095 0.161468 0.268330 0.353813 0.370000 0.370000 0.370000 0.370000 0.370000 0.370000 0.370000 0.370000 0.370000 0.370000 0.370000 0.365319 0.344000 0.331267 0.331479 0.325804 0.302750 0.288687 0.279745 0.260773 0.229627 0.190361 0.146586 0.124053 0.109421 0.103319 0.099165 0.095321 0.090935 0.092461 0.094225 0.093681 0.092268 0.091566 0.094835 0.096748 0.098021 0.095690 0.098046 0.101529 0.108520 0.117019 0.129650 0.148879 0.173919 0.190618 0.199834 0.221913 0.256332 0.305254 0.370000 0.370000 0.370000 0.370000 0.370000 0.370000 0.370000 0.370000 0.370000 0.370000 0.370000 0.370000 0.370000 -9999.0 -9999.0 -9999.0 -9999.0 -9999.0 -9999.0 -9999.0 -9999.0 -9999.0
-9999.0 -9999.0 0.072982 0.074507 0.076443 0.080166 0.087010 0.095940 0.105902 0.123052 0.152892 0.190831 0.216689 0.228146 0.212650 0.181939 0.164634 0.165269 0.160954 0.153199 0.141895 0.138602 0.135699 0.133374 0.128611 0.126290 0.124972 0.122241 0.116752 0.106942 0.098690 0.093063 0.088484 0.087368 0.086278 0.085033 0.085260 0.085136 0.085492 0.085465 0.085732 0.086343 0.087417 0.088708 0.089173 0.089591 0.090392 0.092210 0.095222 0.099749 0.107764 0.119773 0.130214 0.133315 0.129168 0.130665 0.137963 0.155658 0.206770 0.278842 0.357183 0.370000 0.370000 0.370000 0.370000 0.370000 0.370000 0.370000 0.370000 0.370000 -9999.0 -9999.0 -9999.0 -9999.0 -9999.0 -9999.0 -9999.0 -9999.0 -9999.0 -9999.0
-9999.0 -9999.0 -9999.0 -9999.0 0.072610 0.074522 0.076645 0.077004 0.079742 0.082781 0.086750 0.091912 0.096737 0.099572 0.097278 0.096178 0.095185 0.095108 0.094291 0.093540 0.092936 0.092274 0.091486 0.090824 0.090834 0.091214 0.091165 0.090085 0.089272 0.087279 0.086190 0.084645 0.083297 0.082257 0.082092 0.081922 0.082111 0.081827 0.082299 0.082238 0.082757 0.083195 0.084061 0.085321 0.085537 0.086286 0.086658 0.087865 0.089434 0.093664 0.100847 0.110019 0.116962 0.117156 0.110228 0.106767 0.105640 0.110595 0.120989 0.143120 0.195734 0.249796 0.307969 0.354335 0.370000 0.370000 0.370000 0.370000 -9999.0 -9999.0 -9999.0 -9999.0 -9999.0 -9999.0 -9999.0 -9999.0 -9999.0 -9999.0 -9999.0 -9999.0
-9999.0 -9999.0 -9999.0 -9999.0 -9999.0 -9999.0 0.073145 0.074110 0.074076 0.075220 0.076592 0.078076 0.080075 0.080447 0.081030 0.082253 0.082012 0.081274 0.080513 0.081481 0.081961 0.081920 0.080638 0.080795 0.080934 0.081411 0.081366 0.081361 0.080283 0.081139 0.081471 0.080936 0.080411 0.080367 0.080061 0.080683 0.080756 0.080205 0.080123 0.081034 0.081490 0.081624 0.082145 0.083247 0.084663 0.085159 0.084906 0.084726 0.086857 0.091933 0.099256 0.107058 0.112636 0.113966 0.107501 0.100115 0.096774 0.097029 0.101088 0.109416 0.127972 0.143733 0.156189 0.166834 0.182998 0.257486 -9999.0 -9999.0 -9999.0 -9999.0 -9999.0 -9999.0 -9999.0 -9999.0 -9999.0 -9999.0 -9999.0 -9999.0 -9999.0 -9999.0
-9999.0 -9999.0 -9999.0 -9999.0 -9999.0 -9999.0 -9999.0 -9999.0 -9999.0 -9999.0 -9999.0 -9999.0 -9999.0 -9999.0 -9999.0 -9999.0 -9999.0 -9999.0 -9999.0 -9999.0 -9999.0 -9999.0 -9999.0 -9999.0 -9999.0 -9999.0 -9999.0 -9999.0 -9999.0 -9999.0 -9999.0 -9999.0 -9999.0 -9999.0 -9999.0 -9999.0 -9999.0 -9999.0 -9999.0 -9999.0 -9999.0 -9999.0 -9999.0 -9999.0 -9999.0 -9999.0 -9999.0 -9999.0 -9999.0 -9999.0 -9999.0 -9999.0 -9999.0 -9999.0 -9999.0 -9999.0 -9999.0 -9999.0 -9999.0 -9999.0 -9999.0 -9999.0 -9999.0 -9999.0 -9999.0 -9999.0 -9999.0 -9999.0 -9999.0 -9999.0 -9999.0 -9999.0 -9999.0 -9999.0 -9999.0 -9999.0 -9999.0 -9999.0 -9999.0 -9999.0
-9999.0 -9999.0 -9999.0 -9999.0 -9999.0 -9999.0 -9999.0 -9999.0 -9999.0 -9999.0 -9999.0 -9999.0 -9999.0 -9999.0 -9999.0 -9999.0 -9999.0 -9999.0 -9999.0 -9999.0 -9999.0 -9999.0 -9999.0 -9999.0 -9999.0 -9999.0 -9999.0 -9999.0 -9999.0 -9999.0 -9999.0 -9999.0 -9999.0 -9999.0 -9999.0 -9999.0 -9999.0 -9999.0 -9999.0 -9999.0 -9999.0 -9999.0 -9999.0 -9999.0 -9999.0 -9999.0 -9999.0 -9999.0 -9999.0 -9999.0 -9999.0 -9999.0 -9999.0 -9999.0 -9999.0 -9999.0 -9999.0 -9999.0 -9999.0 -9999.0 -9999.0 -9999.0 -9999.0 -9999.0 -9999.0 -9999.0 -9999.0 -9999.0 -9999.0 -9999.0 -9999.0 -9999.0 -9999.0 -9999.0 -9999.0 -9999.0 -9999.0 -9999.0 -9999.0 -9999.0