Borden_/Borden1m_014/output_maps/thetaliqL0005N0038.asc
ncols         80
nrows         18
xllcorner     620200.000000
yllcorner     5168000.000000
cellsize      1.000000
NODATA_value  -9999.0
-9999.0 -9999.0 -9999.0 -9999.0 -9999.0 -9999.0 -9999.0 -9999.0 -9999.0 -9999.0 -9999.0 -9999.0 -9999.0 -9999.0 -9999.0 -9999.0 -9999.0 -9999.0 -9999.0 -9999.0 -9999.0 -9999.0 -9999.0 -9999.0 -9999.0 -9999.0 -9999.0 -9999.0 -9999.0 -9999.0 -9999.0 -9999.0 -9999.0 -9999.0 -9999.0 -9999.0 -9999.0 -9999.0 -9999.0 -9999.0 -9999.0 -9999.0 -9999.0 -9999.0 -9999.0 -9999.0 -9999.0 -9999.0 -9999.0 -9999.0 -9999.0 -9999.0 -9999.0 -9999.0 -9999.0 -9999.0 -9999.0 -9999.0 -9999.0 -9999.0 -9999.0 -9999.0 -9999.0 -9999.0 -9999.0 -9999.0 -9999.0 -9999.0 -9999.0 -9999.0 -9999.0 -9999.0 -9999.0 -9999.0 -9999.0 -9999.0 -9999.0 -9999.0 -9999.0 -9999.0
-9999.0 -9999.0 -9999.0 -9999.0 -9999.0 -9999.0 -9999.0 -9999.0 -9999.0 -9999.0 -9999.0 -9999.0 -9999.0 -9999.0 -9999.0 -9999.0 -9999.0 -9999.0 -9999.0 -9999.0 -9999.0 -9999.0 -9999.0 -9999.0 -9999.0 -9999.0 -9999.0 -9999.0 -9999.0 -9999.0 -9999.0 -9999.0 -9999.0 -9999.0 -9999.0 -9999.0 -9999.0 -9999.0 -9999.0 -9999.0 -9999.0 -9999.0 -9999.0 -9999.0 -9999.0 -9999.0 -9999.0 -9999.0 -9999.0 -9999.0 -9999.0 -9999.0 -9999.0 -9999.0 -9999.0 -9999.0 -9999.0 -9999.0 -9999.0 -9999.0 -9999.0 -9999.0 -9999.0 -9999.0 -9999.0 -9999.0 -9999.0 -9999.0 -9999.0 -9999.0 -9999.0 -9999.0 -9999.0 -9999.0 -9999.0 -9999.0 -9999.0 -9999.0 -9999.0 -9999.0
-9999.0 -9999.0 -9999.0 -9999.0 -9999.0 -9999.0 -9999.0 -9999.0 -9999.0 -9999.0 -9999.0 -9999.0 -9999.0 -9999.0 -9999.0 -9999.0 -9999.0 -9999.0 -9999.0 -9999.0 0.136576 0.138255 0.131688 0.123918 0.118291 0.118183 0.124860 0.134190 0.145245 0.148391 0.141324 0.142153 0.139860 0.139220 0.139792 0.141762 0.142612 0.146424 0.149238 0.148837 0.146414 0.144372 0.143417 0.144457 0.146580 0.143335 0.148525 0.154606 0.157289 0.155871 0.146178 0.141558 0.139580 0.134757 0.143786 0.148093 0.157335 0.159060 0.159436 0.148880 0.138927 -9999.0 -9999.0 -9999.0 -9999.0 -9999.0 -9999.0 -9999.0 -9999.0 -9999.0 -9999.0 -9999.0 -9999.0 -9999.0 -9999.0 -9999.0 -9999.0 -9999.0 -9999.0 -9999.0
-9999.0 -9999.0 -9999.0 -9999.0 -9999.0 -9999.0 -9999.0 -9999.0 -9999.0 -9999.0 -9999.0 -9999.0 -9999.0 -9999.0 0.119440 0.117147 0.116245 0.116684 0.122597 0.128439 0.130526 0.127938 0.128871 0.122894 0.118202 0.121108 0.126976 0.133790 0.143483 0.150580 0.145211 0.143947 0.147530 0.159060 0.165637 0.163946 0.152812 0.163719 0.171670 0.177013 0.176415 0.171123 0.180061 0.190477 0.186100 0.175185 0.176610 0.183147 0.193364 0.184449 0.151218 0.144603 0.144656 0.143513 0.139374 0.137140 0.146670 0.146618 0.144162 0.139596 0.131343 0.121374 0.117804 0.126409 0.137558 0.159049 -9999.0 -9999.0 -9999.0 -9999.0 -9999.0 -9999.0 -9999.0 -9999.0 -9999.0 -9999.0 -9999.0 -9999.0 -9999.0 -9999.0
-9999.0 -9999.0 -9999.0 -9999.0 -9999.0 -9999.0 -9999.0 -9999.0 -9999.0 0.112571 0.112470 0.113295 0.112597 0.114867 0.112961 0.113903 0.114274 0.118266 0.123168 0.130500 0.138675 0.134389 0.134024 0.137867 0.139515 0.142901 0.149214 0.166308 0.189571 0.219716 0.198367 0.197285 0.211483 0.257278 0.296918 0.307514 0.289610 0.290950 0.314310 0.334408 0.336467 0.336206 0.348781 0.353698 0.355815 0.349327 0.337903 0.335281 0.347527 0.315388 0.255659 0.205831 0.205531 0.184426 0.161811 0.152556 0.151078 0.162510 0.156378 0.142738 0.132147 0.131615 0.127279 0.131808 0.137548 0.154457 0.171825 0.188066 0.188805 0.178963 -9999.0 -9999.0 -9999.0 -9999.0 -9999.0 -9999.0 -9999.0 -9999.0 -9999.0 -9999.0
-9999.0 -9999.0 -9999.0 -9999.0 -9999.0 -9999.0 0.106093 0.106326 0.107915 0.106112 0.108915 0.108351 0.110784 0.112728 0.115199 0.116880 0.122299 0.128573 0.139081 0.153818 0.167781 0.164479 0.169009 0.189623 0.224423 0.255961 0.278294 0.313957 0.356570 0.365673 0.367320 0.367844 0.368348 0.369432 0.369936 0.369973 0.369931 0.369870 0.369946 0.369996 0.370000 0.370000 0.370000 0.370000 0.370000 0.370000 0.369997 0.369982 0.369967 0.369940 0.369594 0.368056 0.363523 0.350530 0.296530 0.240388 0.233558 0.244063 0.217671 0.182090 0.160513 0.157475 0.152520 0.146961 0.149547 0.157501 0.168916 0.175599 0.169894 0.161202 0.152988 0.142494 0.143541 0.153459 -9999.0 -9999.0 -9999.0 -9999.0 -9999.0 -9999.0
-9999.0 -9999.0 -9999.0 -9999.0 0.101121 0.102427 0.099353 0.101619 0.104065 0.106579 0.108503 0.112932 0.115847 0.120300 0.128833 0.138052 0.152932 0.167431 0.200077 0.259081 0.310234 0.333257 0.344925 0.363677 0.368602 0.369647 0.369817 0.369943 0.369997 0.370000 0.370000 0.370000 0.370000 0.370000 0.370000 0.370000 0.370000 0.370000 0.370000 0.370000 0.370000 0.370000 0.370000 0.370000 0.370000 0.370000 0.370000 0.370000 0.370000 0.370000 0.370000 0.370000 0.370000 0.369995 0.369976 0.369818 0.368589 0.367217 0.358826 0.336607 0.278352 0.250380 0.221404 0.202654 0.182718 0.184444 0.187882 0.177594 0.163535 0.150827 0.146792 0.141110 0.137459 0.148776 0.155262 0.170088 -9999.0 -9999.0 -9999.0 -9999.0
-9999.0 -9999.0 0.099408 0.100772 0.105303 0.104074 0.103211 0.102142 0.103978 0.109555 0.122125 0.132359 0.145961 0.156287 0.187354 0.257034 0.328284 0.353926 0.366003 0.369151 0.369882 0.369985 0.370000 0.370000 0.370000 0.370000 0.370000 0.370000 0.370000 0.370000 0.370000 0.370000 0.370000 0.370000 0.370000 0.370000 0.370000 0.370000 0.370000 0.370000 0.370000 0.370000 0.370000 0.370000 0.370000 0.370000 0.370000 0.370000 0.370000 0.370000 0.370000 0.370000 0.370000 0.370000 0.370000 0.370000 0.370000 0.370000 0.369998 0.369975 0.369420 0.367802 0.362336 0.345730 0.305280 0.270927 0.230625 0.202725 0.177493 0.156725 0.148807 0.143469 0.144052 0.143895 0.150423 0.156774 0.164360 0.168061 -9999.0 -9999.0
-9999.0 0.096906 0.097267 0.105396 0.110490 0.115016 0.120630 0.125743 0.130820 0.131161 0.176261 0.264819 0.337576 0.351753 0.364802 0.369640 0.370000 0.370000 0.370000 0.370000 0.370000 0.370000 0.370000 0.370000 0.370000 0.370000 0.370000 0.370000 0.370000 0.370000 0.370000 0.370000 0.370000 0.370000 0.370000 0.370000 0.370000 0.370000 0.370000 0.370000 0.370000 0.370000 0.370000 0.370000 0.370000 0.370000 0.370000 0.370000 0.370000 0.370000 0.370000 0.370000 0.370000 0.370000 0.370000 0.370000 0.370000 0.370000 0.370000 0.370000 0.370000 0.370000 0.369983 0.369701 0.368214 0.361248 0.337922 0.290299 0.233666 0.206785 0.188971 0.161638 0.152877 0.155533 0.152123 0.151556 0.154645 0.157429 -9999.0 -9999.0
-9999.0 0.092181 0.097797 0.109453 0.131649 0.145548 0.217111 0.287681 0.311423 0.290344 0.359396 0.370000 0.370000 0.370000 0.370000 0.370000 0.370000 0.370000 0.370000 0.370000 0.370000 0.370000 0.370000 0.370000 0.370000 0.370000 0.370000 0.370000 0.370000 0.370000 0.370000 0.370000 0.370000 0.370000 0.370000 0.370000 0.370000 0.370000 0.369998 0.369990 0.369980 0.369994 0.369988 0.369967 0.369960 0.369989 0.369999 0.369998 0.369999 0.370000 0.370000 0.370000 0.370000 0.370000 0.370000 0.370000 0.370000 0.370000 0.370000 0.370000 0.370000 0.370000 0.370000 0.370000 0.369997 0.369808 0.368850 0.366281 0.355228 0.334274 0.294386 0.241951 0.198372 0.184043 0.163990 0.156609 -9999.0 -9999.0 -9999.0 -9999.0
-9999.0 0.091284 0.097004 0.119071 0.210829 0.321065 0.368404 0.369995 0.370000 0.370000 0.370000 0.370000 0.370000 0.370000 0.370000 0.370000 0.370000 0.370000 0.370000 0.370000 0.370000 0.370000 0.370000 0.370000 0.370000 0.370000 0.370000 0.370000 0.370000 0.370000 0.370000 0.370000 0.369997 0.369776 0.369211 0.368404 0.364269 0.362070 0.358934 0.349822 0.341569 0.334134 0.342988 0.341807 0.341556 0.346114 0.354254 0.359023 0.365734 0.368111 0.369340 0.369899 0.369981 0.369999 0.370000 0.370000 0.370000 0.370000 0.370000 0.370000 0.370000 0.370000 0.370000 0.370000 0.370000 0.370000 0.369999 0.369916 0.369320 0.367975 0.365810 0.358346 0.328062 0.247239 0.216990 -9999.0 -9999.0 -9999.0 -9999.0 -9999.0
-9999.0 0.085780 0.095625 0.113561 0.255023 0.368907 0.369974 0.370000 0.370000 0.370000 0.370000 0.370000 0.370000 0.370000 0.370000 0.370000 0.370000 0.370000 0.370000 0.370000 0.370000 0.370000 0.370000 0.370000 0.370000 0.370000 0.369998 0.369992 0.369879 0.369402 0.366939 0.364471 0.345680 0.295830 0.251899 0.212983 0.178136 0.177345 0.186465 0.176168 0.164915 0.155588 0.167730 0.174708 0.180405 0.174688 0.178914 0.199207 0.234346 0.270965 0.317270 0.350612 0.362849 0.367944 0.369114 0.369858 0.369985 0.370000 0.370000 0.370000 0.370000 0.370000 0.370000 0.370000 0.370000 0.370000 0.370000 0.370000 0.369977 0.369827 0.369683 0.369369 0.368019 -9999.0 -9999.0 -9999.0 -9999.0 -9999.0 -9999.0 -9999.0
-9999.0 0.083374 0.091860 0.095973 0.128817 0.243444 0.354170 0.368875 0.369998 0.369816 0.369737 0.369913 0.369981 0.369995 0.369978 0.369885 0.369710 0.369741 0.369742 0.369423 0.368687 0.368184 0.368150 0.367775 0.365708 0.363325 0.361078 0.355285 0.339701 0.298196 0.223465 0.180666 0.151485 0.139387 0.131579 0.124432 0.116003 0.119183 0.122625 0.121617 0.118918 0.117507 0.123871 0.127458 0.129901 0.125191 0.129755 0.136220 0.149350 0.165158 0.188528 0.223249 0.265493 0.294301 0.311955 0.337337 0.356486 0.366672 0.369603 0.369996 0.370000 0.370000 0.370000 0.370000 0.370000 0.370000 0.370000 0.370000 0.369996 0.369965 0.369960 -9999.0 -9999.0 -9999.0 -9999.0 -9999.0 -9999.0 -9999.0 -9999.0 -9999.0
-9999.0 -9999.0 0.081924 0.085087 0.088715 0.095292 0.108484 0.130062 0.152400 0.183963 0.236607 0.294274 0.324360 0.334405 0.321560 0.285545 0.260372 0.260913 0.253412 0.239832 0.217786 0.210083 0.204196 0.199254 0.189371 0.184522 0.181749 0.176142 0.165280 0.146281 0.130759 0.120334 0.111748 0.109941 0.108014 0.105687 0.106353 0.106072 0.106739 0.106659 0.107194 0.108364 0.110323 0.112740 0.113539 0.114333 0.115770 0.119122 0.124687 0.133074 0.148092 0.170393 0.189226 0.194830 0.187604 0.190928 0.205286 0.240203 0.323610 0.362527 0.369075 0.369919 0.369999 0.370000 0.370000 0.370000 0.370000 0.370000 0.369571 0.369757 -9999.0 -9999.0 -9999.0 -9999.0 -9999.0 -9999.0 -9999.0 -9999.0 -9999.0 -9999.0
-9999.0 -9999.0 -9999.0 -9999.0 0.080883 0.085052 0.089651 0.090010 0.095352 0.100900 0.108053 0.117590 0.126847 0.132417 0.127802 0.125742 0.123929 0.123838 0.122286 0.120909 0.119858 0.118638 0.117162 0.115920 0.116025 0.116836 0.116797 0.114751 0.113372 0.109691 0.107896 0.105127 0.102710 0.100760 0.100566 0.100284 0.100720 0.100121 0.101083 0.100874 0.101875 0.102655 0.104255 0.106650 0.106900 0.108328 0.108949 0.111194 0.113931 0.121804 0.135327 0.152570 0.165439 0.165736 0.152689 0.146176 0.143887 0.153166 0.172881 0.216118 0.308218 0.354362 0.366770 0.368910 0.369540 0.369905 0.369989 0.369994 -9999.0 -9999.0 -9999.0 -9999.0 -9999.0 -9999.0 -9999.0 -9999.0 -9999.0 -9999.0 -9999.0 -9999.0
-9999.0 -9999.0 -9999.0 -9999.0 -9999.0 -9999.0 0.082322 0.084479 0.084135 0.086436 0.089078 0.091794 0.095612 0.096136 0.097326 0.099890 0.099442 0.097978 0.096411 0.098476 0.099505 0.099488 0.096870 0.097290 0.097585 0.098558 0.098465 0.098560 0.096383 0.098349 0.099186 0.098237 0.097316 0.097370 0.096771 0.098117 0.098278 0.097115 0.096890 0.098753 0.099603 0.099755 0.100665 0.102733 0.105468 0.106355 0.105745 0.105177 0.109113 0.118688 0.132491 0.147131 0.157509 0.160026 0.147900 0.133778 0.127339 0.127658 0.135167 0.150595 0.185346 0.215583 0.241697 0.266671 0.298866 0.356757 -9999.0 -9999.0 -9999.0 -9999.0 -9999.0 -9999.0 -9999.0 -9999.0 -9999.0 -9999.0 -9999.0 -9999.0 -9999.0 -9999.0
-9999.0 -9999.0 -9999.0 -9999.0 -9999.0 -9999.0 -9999.0 -9999.0 -9999.0 -9999.0 -9999.0 -9999.0 -9999.0 -9999.0 -9999.0 -9999.0 -9999.0 -9999.0 -9999.0 -9999.0 -9999.0 -9999.0 -9999.0 -9999.0 -9999.0 -9999.0 -9999.0 -9999.0 -9999.0 -9999.0 -9999.0 -9999.0 -9999.0 -9999.0 -9999.0 -9999.0 -9999.0 -9999.0 -9999.0 -9999.0 -9999.0 -9999.0 -9999.0 -9999.0 -9999.0 -9999.0 -9999.0 -9999.0 -9999.0 -9999.0 -9999.0 -9999.0 -9999.0 -9999.0 -9999.0 -9999.0 -9999.0 -9999.0 -9999.0 -9999.0 -9999.0 -9999.0 -9999.0 -9999.0 -9999.0 -9999.0 -9999.0 -9999.0 -9999.0 -9999.0 -9999.0 -9999.0 -9999.0 -9999.0 -9999.0 -9999.0 -9999.0 -9999.0 -9999.0 -9999.0
-9999.0 -9999.0 -9999.0 -9999.0 -9999.0 -9999.0 -9999.0 -9999.0 -9999.0 -9999.0 -9999.0 -9999.0 -9999.0 -9999.0 -9999.0 -9999.0 -9999.0 -9999.0 -9999.0 -9999.0 -9999.0 -9999.0 -9999.0 -9999.0 -9999.0 -9999.0 -9999.0 -9999.0 -9999.0 -9999.0 -9999.0 -9999.0 -9999.0 -9999.0 -9999.0 -9999.0 -9999.0 -9999.0 -9999.0 -9999.0 -9999.0 -9999.0 -9999.0 -9999.0 -9999.0 -9999.0 -9999.0 -9999.0 -9999.0 -9999.0 -9999.0 -9999.0 -9999.0 -9999.0 -9999.0 -9999.0 -9999.0 -9999.0 -9999.0 -9999.0 -9999.0 -9999.0 -9999.0 -9999.0 -9999.0 -9999.0 -9999.0 -9999.0 -9999.0 -9999.0 -9999.0 -9999.0 -9999.0 -9999.0 -9999.0 -9999.0 -9999.0 -9999.0 -9999.0 -9999.0