Borden_/Borden1m_014/output_maps/thetaliqL0003N0022.asc
ncols         80
nrows         18
xllcorner     620200.000000
yllcorner     5168000.000000
cellsize      1.000000
NODATA_value  -9999.0
-9999.0 -9999.0 -9999.0 -9999.0 -9999.0 -9999.0 -9999.0 -9999.0 -9999.0 -9999.0 -9999.0 -9999.0 -9999.0 -9999.0 -9999.0 -9999.0 -9999.0 -9999.0 -9999.0 -9999.0 -9999.0 -9999.0 -9999.0 -9999.0 -9999.0 -9999.0 -9999.0 -9999.0 -9999.0 -9999.0 -9999.0 -9999.0 -9999.0 -9999.0 -9999.0 -9999.0 -9999.0 -9999.0 -9999.0 -9999.0 -9999.0 -9999.0 -9999.0 -9999.0 -9999.0 -9999.0 -9999.0 -9999.0 -9999.0 -9999.0 -9999.0 -9999.0 -9999.0 -9999.0 -9999.0 -9999.0 -9999.0 -9999.0 -9999.0 -9999.0 -9999.0 -9999.0 -9999.0 -9999.0 -9999.0 -9999.0 -9999.0 -9999.0 -9999.0 -9999.0 -9999.0 -9999.0 -9999.0 -9999.0 -9999.0 -9999.0 -9999.0 -9999.0 -9999.0 -9999.0
-9999.0 -9999.0 -9999.0 -9999.0 -9999.0 -9999.0 -9999.0 -9999.0 -9999.0 -9999.0 -9999.0 -9999.0 -9999.0 -9999.0 -9999.0 -9999.0 -9999.0 -9999.0 -9999.0 -9999.0 -9999.0 -9999.0 -9999.0 -9999.0 -9999.0 -9999.0 -9999.0 -9999.0 -9999.0 -9999.0 -9999.0 -9999.0 -9999.0 -9999.0 -9999.0 -9999.0 -9999.0 -9999.0 -9999.0 -9999.0 -9999.0 -9999.0 -9999.0 -9999.0 -9999.0 -9999.0 -9999.0 -9999.0 -9999.0 -9999.0 -9999.0 -9999.0 -9999.0 -9999.0 -9999.0 -9999.0 -9999.0 -9999.0 -9999.0 -9999.0 -9999.0 -9999.0 -9999.0 -9999.0 -9999.0 -9999.0 -9999.0 -9999.0 -9999.0 -9999.0 -9999.0 -9999.0 -9999.0 -9999.0 -9999.0 -9999.0 -9999.0 -9999.0 -9999.0 -9999.0
-9999.0 -9999.0 -9999.0 -9999.0 -9999.0 -9999.0 -9999.0 -9999.0 -9999.0 -9999.0 -9999.0 -9999.0 -9999.0 -9999.0 -9999.0 -9999.0 -9999.0 -9999.0 -9999.0 -9999.0 0.217311 0.218289 0.216147 0.213709 0.211663 0.211408 0.213690 0.216349 0.219429 0.220034 0.217548 0.218163 0.217191 0.216624 0.216567 0.217262 0.217614 0.218595 0.219219 0.218918 0.218157 0.217625 0.217151 0.217304 0.218160 0.216977 0.218686 0.220369 0.220955 0.220948 0.218684 0.217759 0.217414 0.215485 0.218971 0.219995 0.222596 0.222854 0.223324 0.220403 0.217543 -9999.0 -9999.0 -9999.0 -9999.0 -9999.0 -9999.0 -9999.0 -9999.0 -9999.0 -9999.0 -9999.0 -9999.0 -9999.0 -9999.0 -9999.0 -9999.0 -9999.0 -9999.0 -9999.0
-9999.0 -9999.0 -9999.0 -9999.0 -9999.0 -9999.0 -9999.0 -9999.0 -9999.0 -9999.0 -9999.0 -9999.0 -9999.0 -9999.0 0.213357 0.212209 0.211672 0.211324 0.213375 0.214993 0.215050 0.213846 0.214824 0.212487 0.210420 0.211655 0.213428 0.214888 0.217326 0.219197 0.217463 0.217036 0.217961 0.221283 0.222759 0.222052 0.218153 0.221844 0.223728 0.224935 0.224768 0.222969 0.225443 0.228362 0.226858 0.223777 0.224462 0.226215 0.229064 0.227585 0.217970 0.217005 0.217490 0.217689 0.216397 0.215479 0.219005 0.218509 0.217934 0.217302 0.215249 0.211955 0.210493 0.213910 0.216973 0.223311 -9999.0 -9999.0 -9999.0 -9999.0 -9999.0 -9999.0 -9999.0 -9999.0 -9999.0 -9999.0 -9999.0 -9999.0 -9999.0 -9999.0
-9999.0 -9999.0 -9999.0 -9999.0 -9999.0 -9999.0 -9999.0 -9999.0 -9999.0 0.211472 0.211158 0.211471 0.210709 0.211705 0.210006 0.210393 0.210071 0.211478 0.212611 0.214589 0.217247 0.215285 0.215022 0.216389 0.216519 0.217050 0.218251 0.222682 0.227772 0.235856 0.228895 0.228563 0.232303 0.246534 0.259400 0.263062 0.256561 0.256576 0.264811 0.274523 0.274132 0.273183 0.283510 0.289605 0.293950 0.284620 0.275721 0.274280 0.286832 0.265470 0.246339 0.230768 0.231883 0.226733 0.221179 0.219157 0.218400 0.222427 0.220896 0.217221 0.214259 0.215171 0.213508 0.215161 0.216315 0.221128 0.225524 0.229831 0.230036 0.227289 -9999.0 -9999.0 -9999.0 -9999.0 -9999.0 -9999.0 -9999.0 -9999.0 -9999.0 -9999.0
-9999.0 -9999.0 -9999.0 -9999.0 -9999.0 -9999.0 0.209490 0.209351 0.209987 0.207904 0.209344 0.208316 0.209359 0.209802 0.210494 0.210492 0.212242 0.213806 0.216490 0.220119 0.223544 0.221687 0.222560 0.227454 0.237549 0.247269 0.253322 0.264094 0.298807 0.331718 0.344647 0.350648 0.358065 0.362211 0.366910 0.369567 0.366593 0.365017 0.366100 0.368266 0.369878 0.369886 0.369909 0.369933 0.369981 0.369975 0.368455 0.367136 0.366713 0.366289 0.363049 0.356864 0.323006 0.289196 0.258582 0.242167 0.239159 0.241679 0.235066 0.226260 0.221131 0.221132 0.220147 0.218307 0.219223 0.221191 0.224231 0.226156 0.224694 0.222704 0.221217 0.218056 0.218558 0.221622 -9999.0 -9999.0 -9999.0 -9999.0 -9999.0 -9999.0
-9999.0 -9999.0 -9999.0 -9999.0 0.206341 0.207280 0.204445 0.206029 0.207243 0.208154 0.208109 0.209725 0.210149 0.211317 0.213830 0.215770 0.219376 0.222146 0.229981 0.247136 0.263945 0.273982 0.279442 0.321090 0.358205 0.363461 0.364598 0.366193 0.368578 0.369988 0.369987 0.369999 0.369997 0.370000 0.370000 0.370000 0.370000 0.370000 0.370000 0.370000 0.370000 0.370000 0.370000 0.370000 0.370000 0.370000 0.370000 0.370000 0.370000 0.370000 0.370000 0.369996 0.369453 0.368312 0.367247 0.364845 0.358820 0.351289 0.304725 0.276140 0.252275 0.243644 0.235635 0.231650 0.226397 0.227400 0.228901 0.226223 0.222750 0.219503 0.219106 0.217698 0.216119 0.220071 0.221475 0.225790 -9999.0 -9999.0 -9999.0 -9999.0
-9999.0 -9999.0 0.206199 0.206231 0.208780 0.207171 0.206181 0.204813 0.205344 0.207779 0.212393 0.214354 0.217526 0.219297 0.226964 0.247138 0.271010 0.290787 0.337948 0.360087 0.365176 0.367620 0.369813 0.369961 0.369998 0.369999 0.370000 0.370000 0.370000 0.370000 0.370000 0.370000 0.370000 0.370000 0.370000 0.370000 0.370000 0.370000 0.370000 0.370000 0.370000 0.370000 0.370000 0.370000 0.370000 0.370000 0.370000 0.370000 0.370000 0.370000 0.370000 0.370000 0.370000 0.370000 0.370000 0.370000 0.369996 0.369610 0.368908 0.367307 0.362123 0.356498 0.319886 0.282892 0.259961 0.249167 0.238422 0.231786 0.225785 0.220332 0.218698 0.217732 0.218485 0.217934 0.220043 0.221640 0.224019 0.224922 -9999.0 -9999.0
-9999.0 0.205418 0.204527 0.209010 0.209732 0.210601 0.211680 0.212620 0.213866 0.212237 0.225025 0.250576 0.277576 0.287799 0.328426 0.362313 0.369817 0.369950 0.369990 0.369994 0.370000 0.370000 0.370000 0.370000 0.370000 0.370000 0.370000 0.370000 0.370000 0.370000 0.370000 0.370000 0.370000 0.370000 0.370000 0.370000 0.370000 0.370000 0.370000 0.370000 0.370000 0.370000 0.370000 0.370000 0.370000 0.370000 0.370000 0.370000 0.370000 0.370000 0.370000 0.370000 0.370000 0.370000 0.370000 0.370000 0.370000 0.370000 0.370000 0.370000 0.369962 0.369548 0.367978 0.363802 0.357338 0.316567 0.275868 0.254535 0.238588 0.232615 0.228930 0.221436 0.219556 0.221171 0.220199 0.220086 0.221021 0.221753 -9999.0 -9999.0
-9999.0 0.201081 0.205147 0.209914 0.216065 0.216890 0.238619 0.259644 0.266252 0.255629 0.306643 0.369843 0.369993 0.369994 0.370000 0.370000 0.370000 0.370000 0.370000 0.370000 0.370000 0.370000 0.370000 0.370000 0.370000 0.370000 0.370000 0.370000 0.370000 0.370000 0.370000 0.370000 0.370000 0.370000 0.369999 0.369997 0.369994 0.369722 0.368851 0.367667 0.366989 0.368026 0.367533 0.366523 0.366278 0.367591 0.368910 0.368789 0.369078 0.369591 0.369924 0.370000 0.370000 0.370000 0.370000 0.370000 0.370000 0.370000 0.370000 0.370000 0.370000 0.370000 0.370000 0.369931 0.369176 0.365416 0.360538 0.353984 0.303650 0.277140 0.257863 0.241620 0.230312 0.227882 0.222441 0.221600 -9999.0 -9999.0 -9999.0 -9999.0
-9999.0 0.200743 0.204710 0.213808 0.237826 0.274506 0.358294 0.368846 0.370000 0.369989 0.370000 0.370000 0.370000 0.370000 0.370000 0.370000 0.370000 0.370000 0.370000 0.370000 0.370000 0.370000 0.370000 0.370000 0.370000 0.370000 0.370000 0.370000 0.369986 0.369921 0.369763 0.369537 0.368712 0.364115 0.361206 0.358073 0.325723 0.316039 0.305964 0.287948 0.280025 0.274773 0.281850 0.280080 0.279426 0.283626 0.294821 0.304494 0.338527 0.357258 0.361585 0.365629 0.367681 0.369308 0.369881 0.370000 0.370000 0.370000 0.370000 0.370000 0.370000 0.370000 0.370000 0.370000 0.370000 0.369932 0.369625 0.368208 0.364198 0.359748 0.354768 0.317035 0.273366 0.244498 0.236758 -9999.0 -9999.0 -9999.0 -9999.0 -9999.0
-9999.0 0.194742 0.204665 0.212089 0.254078 0.359988 0.368108 0.370000 0.370000 0.370000 0.369988 0.370000 0.370000 0.370000 0.370000 0.370000 0.370000 0.370000 0.370000 0.370000 0.369973 0.369934 0.369928 0.369868 0.369648 0.369296 0.368896 0.368149 0.365223 0.361853 0.352229 0.331861 0.284257 0.258822 0.245878 0.234705 0.224793 0.225059 0.228238 0.225552 0.222644 0.219614 0.223303 0.225045 0.226699 0.224647 0.225210 0.230334 0.239054 0.248982 0.264837 0.287538 0.318587 0.356468 0.360563 0.364990 0.367727 0.369401 0.369965 0.370000 0.370000 0.370000 0.370000 0.370000 0.370000 0.370000 0.370000 0.370000 0.369712 0.368365 0.366920 0.364296 0.359359 -9999.0 -9999.0 -9999.0 -9999.0 -9999.0 -9999.0 -9999.0
-9999.0 0.191607 0.202111 0.203631 0.217019 0.249165 0.307293 0.360748 0.369817 0.365290 0.364097 0.365782 0.367323 0.368244 0.367241 0.365413 0.363797 0.364206 0.364425 0.362701 0.360264 0.358913 0.358657 0.356022 0.337907 0.322757 0.313637 0.298085 0.279514 0.260058 0.236559 0.225926 0.218802 0.216430 0.214676 0.212834 0.209358 0.211307 0.212801 0.212437 0.211339 0.210510 0.213148 0.214087 0.214927 0.212522 0.214212 0.215739 0.219223 0.222893 0.228264 0.236425 0.247315 0.255590 0.262354 0.275064 0.297165 0.348398 0.362730 0.368812 0.369901 0.370000 0.370000 0.370000 0.370000 0.370000 0.370000 0.370000 0.370000 0.369887 0.369436 -9999.0 -9999.0 -9999.0 -9999.0 -9999.0 -9999.0 -9999.0 -9999.0 -9999.0
-9999.0 -9999.0 0.189348 0.193550 0.197206 0.201187 0.207084 0.215238 0.221817 0.231149 0.245058 0.261461 0.272682 0.278099 0.270849 0.256947 0.249267 0.249830 0.247784 0.243778 0.236832 0.234226 0.232511 0.231172 0.228458 0.227346 0.226883 0.225880 0.223674 0.218798 0.214686 0.211906 0.208881 0.209013 0.208543 0.207516 0.208410 0.208183 0.208465 0.208319 0.208580 0.209078 0.209667 0.210494 0.210536 0.210781 0.211074 0.211978 0.213377 0.215268 0.218993 0.224580 0.228985 0.230066 0.227752 0.228446 0.231639 0.239609 0.267442 0.321908 0.359703 0.366137 0.369351 0.369911 0.369995 0.370000 0.370000 0.370000 0.370000 0.369999 -9999.0 -9999.0 -9999.0 -9999.0 -9999.0 -9999.0 -9999.0 -9999.0 -9999.0 -9999.0
-9999.0 -9999.0 -9999.0 -9999.0 0.187455 0.193432 0.199022 0.198473 0.202657 0.205294 0.207798 0.210849 0.213436 0.215113 0.213108 0.212719 0.212323 0.212607 0.212160 0.211657 0.211431 0.211099 0.210748 0.210282 0.210487 0.210956 0.211082 0.210287 0.210271 0.208807 0.208651 0.207793 0.206963 0.205990 0.206204 0.206115 0.206555 0.206082 0.206793 0.206377 0.206921 0.207163 0.207821 0.208907 0.208507 0.209133 0.209161 0.209977 0.210309 0.212559 0.216294 0.220735 0.223832 0.223701 0.219804 0.218188 0.217254 0.219689 0.224004 0.233715 0.260904 0.292795 0.349225 0.360429 0.363759 0.367192 0.369595 0.369996 -9999.0 -9999.0 -9999.0 -9999.0 -9999.0 -9999.0 -9999.0 -9999.0 -9999.0 -9999.0 -9999.0 -9999.0
-9999.0 -9999.0 -9999.0 -9999.0 -9999.0 -9999.0 0.190092 0.193125 0.192189 0.194554 0.196693 0.198366 0.200902 0.200615 0.201391 0.203410 0.203142 0.202187 0.200985 0.202756 0.203551 0.203726 0.201779 0.202330 0.202544 0.203288 0.203211 0.203542 0.201899 0.203887 0.204854 0.204496 0.204153 0.204535 0.204120 0.205357 0.205505 0.204514 0.204216 0.205640 0.206047 0.205839 0.206110 0.207084 0.208515 0.208733 0.208086 0.207181 0.208637 0.212061 0.216026 0.219642 0.222061 0.222869 0.219598 0.215273 0.213140 0.212844 0.214599 0.218044 0.226613 0.232918 0.238293 0.245864 0.254571 0.297147 -9999.0 -9999.0 -9999.0 -9999.0 -9999.0 -9999.0 -9999.0 -9999.0 -9999.0 -9999.0 -9999.0 -9999.0 -9999.0 -9999.0
-9999.0 -9999.0 -9999.0 -9999.0 -9999.0 -9999.0 -9999.0 -9999.0 -9999.0 -9999.0 -9999.0 -9999.0 -9999.0 -9999.0 -9999.0 -9999.0 -9999.0 -9999.0 -9999.0 -9999.0 -9999.0 -9999.0 -9999.0 -9999.0 -9999.0 -9999.0 -9999.0 -9999.0 -9999.0 -9999.0 -9999.0 -9999.0 -9999.0 -9999.0 -9999.0 -9999.0 -9999.0 -9999.0 -9999.0 -9999.0 -9999.0 -9999.0 -9999.0 -9999.0 -9999.0 -9999.0 -9999.0 -9999.0 -9999.0 -9999.0 -9999.0 -9999.0 -9999.0 -9999.0 -9999.0 -9999.0 -9999.0 -9999.0 -9999.0 -9999.0 -9999.0 -9999.0 -9999.0 -9999.0 -9999.0 -9999.0 -9999.0 -9999.0 -9999.0 -9999.0 -9999.0 -9999.0 -9999.0 -9999.0 -9999.0 -9999.0 -9999.0 -9999.0 -9999.0 -9999.0
-9999.0 -9999.0 -9999.0 -9999.0 -9999.0 -9999.0 -9999.0 -9999.0 -9999.0 -9999.0 -9999.0 -9999.0 -9999.0 -9999.0 -9999.0 -9999.0 -9999.0 -9999.0 -9999.0 -9999.0 -9999.0 -9999.0 -9999.0 -9999.0 -9999.0 -9999.0 -9999.0 -9999.0 -9999.0 -9999.0 -9999.0 -9999.0 -9999.0 -9999.0 -9999.0 -9999.0 -9999.0 -9999.0 -9999.0 -9999.0 -9999.0 -9999.0 -9999.0 -9999.0 -9999.0 -9999.0 -9999.0 -9999.0 -9999.0 -9999.0 -9999.0 -9999.0 -9999.0 -9999.0 -9999.0 -9999.0 -9999.0 -9999.0 -9999.0 -9999.0 -9999.0 -9999.0 -9999.0 -9999.0 -9999.0 -9999.0 -9999.0 -9999.0 -9999.0 -9999.0 -9999.0 -9999.0 -9999.0 -9999.0 -9999.0 -9999.0 -9999.0 -9999.0 -9999.0 -9999.0