Borden_/Borden1m_014/output_maps/thetaliqL0002N0037.asc
ncols         80
nrows         18
xllcorner     620200.000000
yllcorner     5168000.000000
cellsize      1.000000
NODATA_value  -9999.0
-9999.0 -9999.0 -9999.0 -9999.0 -9999.0 -9999.0 -9999.0 -9999.0 -9999.0 -9999.0 -9999.0 -9999.0 -9999.0 -9999.0 -9999.0 -9999.0 -9999.0 -9999.0 -9999.0 -9999.0 -9999.0 -9999.0 -9999.0 -9999.0 -9999.0 -9999.0 -9999.0 -9999.0 -9999.0 -9999.0 -9999.0 -9999.0 -9999.0 -9999.0 -9999.0 -9999.0 -9999.0 -9999.0 -9999.0 -9999.0 -9999.0 -9999.0 -9999.0 -9999.0 -9999.0 -9999.0 -9999.0 -9999.0 -9999.0 -9999.0 -9999.0 -9999.0 -9999.0 -9999.0 -9999.0 -9999.0 -9999.0 -9999.0 -9999.0 -9999.0 -9999.0 -9999.0 -9999.0 -9999.0 -9999.0 -9999.0 -9999.0 -9999.0 -9999.0 -9999.0 -9999.0 -9999.0 -9999.0 -9999.0 -9999.0 -9999.0 -9999.0 -9999.0 -9999.0 -9999.0
-9999.0 -9999.0 -9999.0 -9999.0 -9999.0 -9999.0 -9999.0 -9999.0 -9999.0 -9999.0 -9999.0 -9999.0 -9999.0 -9999.0 -9999.0 -9999.0 -9999.0 -9999.0 -9999.0 -9999.0 -9999.0 -9999.0 -9999.0 -9999.0 -9999.0 -9999.0 -9999.0 -9999.0 -9999.0 -9999.0 -9999.0 -9999.0 -9999.0 -9999.0 -9999.0 -9999.0 -9999.0 -9999.0 -9999.0 -9999.0 -9999.0 -9999.0 -9999.0 -9999.0 -9999.0 -9999.0 -9999.0 -9999.0 -9999.0 -9999.0 -9999.0 -9999.0 -9999.0 -9999.0 -9999.0 -9999.0 -9999.0 -9999.0 -9999.0 -9999.0 -9999.0 -9999.0 -9999.0 -9999.0 -9999.0 -9999.0 -9999.0 -9999.0 -9999.0 -9999.0 -9999.0 -9999.0 -9999.0 -9999.0 -9999.0 -9999.0 -9999.0 -9999.0 -9999.0 -9999.0
-9999.0 -9999.0 -9999.0 -9999.0 -9999.0 -9999.0 -9999.0 -9999.0 -9999.0 -9999.0 -9999.0 -9999.0 -9999.0 -9999.0 -9999.0 -9999.0 -9999.0 -9999.0 -9999.0 -9999.0 0.179258 0.179858 0.178466 0.176890 0.175602 0.175462 0.176920 0.178669 0.180708 0.181164 0.179574 0.179922 0.179310 0.179006 0.179010 0.179442 0.179638 0.180310 0.180754 0.180588 0.180098 0.179736 0.179421 0.179549 0.180079 0.179362 0.180453 0.181574 0.182000 0.181935 0.180350 0.179671 0.179419 0.178221 0.180407 0.181119 0.182864 0.183066 0.183346 0.181373 0.179477 -9999.0 -9999.0 -9999.0 -9999.0 -9999.0 -9999.0 -9999.0 -9999.0 -9999.0 -9999.0 -9999.0 -9999.0 -9999.0 -9999.0 -9999.0 -9999.0 -9999.0 -9999.0 -9999.0
-9999.0 -9999.0 -9999.0 -9999.0 -9999.0 -9999.0 -9999.0 -9999.0 -9999.0 -9999.0 -9999.0 -9999.0 -9999.0 -9999.0 0.176536 0.175837 0.175519 0.175360 0.176665 0.177732 0.177840 0.177103 0.177660 0.176210 0.174965 0.175729 0.176872 0.177887 0.179529 0.180806 0.179667 0.179391 0.180035 0.182292 0.183373 0.182926 0.180374 0.182768 0.184105 0.184997 0.184887 0.183700 0.185436 0.187484 0.186473 0.184330 0.184719 0.185917 0.187941 0.186727 0.180194 0.179404 0.179676 0.179736 0.178897 0.178310 0.180526 0.180262 0.179862 0.179365 0.177985 0.175889 0.174995 0.177099 0.179133 0.183350 -9999.0 -9999.0 -9999.0 -9999.0 -9999.0 -9999.0 -9999.0 -9999.0 -9999.0 -9999.0 -9999.0 -9999.0 -9999.0 -9999.0
-9999.0 -9999.0 -9999.0 -9999.0 -9999.0 -9999.0 -9999.0 -9999.0 -9999.0 0.175284 0.175104 0.175301 0.174872 0.175484 0.174531 0.174770 0.174636 0.175515 0.176297 0.177613 0.179335 0.178122 0.177976 0.178890 0.179087 0.179516 0.180378 0.183413 0.187165 0.193125 0.188260 0.188062 0.190797 0.201369 0.212651 0.216714 0.210132 0.210117 0.218385 0.229919 0.231130 0.230286 0.244541 0.254036 0.260391 0.246250 0.231980 0.229817 0.245577 0.219004 0.201207 0.189686 0.190188 0.186355 0.182370 0.180881 0.180395 0.183018 0.181943 0.179456 0.177486 0.177977 0.176938 0.177954 0.178766 0.181967 0.185004 0.188026 0.188180 0.186259 -9999.0 -9999.0 -9999.0 -9999.0 -9999.0 -9999.0 -9999.0 -9999.0 -9999.0 -9999.0
-9999.0 -9999.0 -9999.0 -9999.0 -9999.0 -9999.0 0.173980 0.173911 0.174303 0.173173 0.174021 0.173479 0.174126 0.174444 0.174892 0.174975 0.176125 0.177188 0.179016 0.181527 0.183926 0.182813 0.183474 0.187069 0.194408 0.201832 0.207058 0.217923 0.264999 0.306896 0.320860 0.326388 0.332017 0.346030 0.360635 0.363406 0.360310 0.357173 0.360997 0.366456 0.369614 0.369635 0.369701 0.369765 0.369917 0.369899 0.366980 0.364003 0.362444 0.360635 0.349218 0.328963 0.294685 0.250632 0.212167 0.197840 0.195689 0.197778 0.192448 0.185977 0.182309 0.182185 0.181457 0.180221 0.180770 0.182101 0.184182 0.185487 0.184466 0.183063 0.181956 0.179869 0.180174 0.182195 -9999.0 -9999.0 -9999.0 -9999.0 -9999.0 -9999.0
-9999.0 -9999.0 -9999.0 -9999.0 0.172148 0.172684 0.171121 0.172016 0.172744 0.173319 0.173403 0.174446 0.174798 0.175588 0.177269 0.178714 0.181238 0.183280 0.188985 0.201888 0.217203 0.229150 0.239238 0.294951 0.334075 0.350451 0.355176 0.360895 0.366764 0.369940 0.369929 0.369990 0.369997 0.369999 0.370000 0.370000 0.370000 0.370000 0.370000 0.370000 0.370000 0.370000 0.370000 0.370000 0.370000 0.370000 0.370000 0.370000 0.370000 0.369997 0.370000 0.369971 0.368524 0.366240 0.363512 0.355503 0.334149 0.320654 0.273090 0.232000 0.206297 0.199254 0.193001 0.189820 0.186007 0.186578 0.187511 0.185600 0.183172 0.180941 0.180583 0.179622 0.178651 0.181181 0.182174 0.185100 -9999.0 -9999.0 -9999.0 -9999.0
-9999.0 -9999.0 0.171993 0.172106 0.173608 0.172748 0.172255 0.171522 0.171874 0.173360 0.176333 0.177824 0.180085 0.181388 0.186830 0.201947 0.226830 0.256340 0.310733 0.340835 0.357581 0.364659 0.369205 0.369858 0.369980 0.369999 0.370000 0.370000 0.370000 0.370000 0.370000 0.370000 0.370000 0.370000 0.370000 0.370000 0.370000 0.370000 0.370000 0.370000 0.370000 0.370000 0.370000 0.370000 0.370000 0.370000 0.370000 0.370000 0.370000 0.370000 0.370000 0.370000 0.370000 0.370000 0.370000 0.370000 0.369959 0.368654 0.367217 0.363266 0.345196 0.325925 0.289312 0.241564 0.213832 0.203740 0.194870 0.189775 0.185393 0.181626 0.180449 0.179727 0.180154 0.179850 0.181218 0.182315 0.183897 0.184530 -9999.0 -9999.0
-9999.0 0.171524 0.171116 0.173815 0.174424 0.175101 0.176053 0.176877 0.177711 0.176731 0.185402 0.205903 0.234931 0.251821 0.302773 0.350711 0.369511 0.369704 0.369946 0.369958 0.370000 0.370000 0.370000 0.370000 0.370000 0.370000 0.370000 0.370000 0.370000 0.370000 0.370000 0.370000 0.370000 0.370000 0.370000 0.370000 0.370000 0.370000 0.370000 0.370000 0.370000 0.370000 0.370000 0.370000 0.370000 0.370000 0.370000 0.370000 0.370000 0.370000 0.370000 0.370000 0.370000 0.370000 0.370000 0.370000 0.370000 0.370000 0.370000 0.370000 0.369778 0.368284 0.364114 0.351044 0.328944 0.284391 0.232196 0.208848 0.195208 0.190508 0.187680 0.182458 0.181072 0.182032 0.181361 0.181277 0.181900 0.182399 -9999.0 -9999.0
-9999.0 0.169245 0.171607 0.174640 0.178758 0.179793 0.195010 0.212654 0.221532 0.211060 0.278994 0.369580 0.369966 0.369965 0.369999 0.370000 0.370000 0.370000 0.370000 0.370000 0.370000 0.370000 0.370000 0.370000 0.370000 0.370000 0.370000 0.370000 0.370000 0.370000 0.370000 0.370000 0.370000 0.369999 0.369980 0.369952 0.369570 0.368943 0.367317 0.365150 0.363778 0.366015 0.364907 0.362404 0.361809 0.365031 0.367663 0.367206 0.367420 0.368518 0.369629 0.369994 0.369999 0.369998 0.370000 0.370000 0.370000 0.370000 0.370000 0.370000 0.370000 0.369999 0.369999 0.369629 0.366834 0.354542 0.336574 0.316158 0.267406 0.232043 0.211345 0.197549 0.188867 0.186839 0.183048 0.182288 -9999.0 -9999.0 -9999.0 -9999.0
-9999.0 0.169215 0.171594 0.177447 0.194057 0.227145 0.332451 0.366461 0.369992 0.369933 0.370000 0.370000 0.370000 0.370000 0.370000 0.370000 0.370000 0.370000 0.370000 0.370000 0.370000 0.370000 0.370000 0.370000 0.370000 0.370000 0.370000 0.370000 0.369911 0.369623 0.369093 0.368625 0.366909 0.353718 0.342165 0.332639 0.300284 0.287624 0.273848 0.248597 0.236873 0.230145 0.239048 0.236907 0.236218 0.242270 0.258738 0.273222 0.308724 0.328327 0.343236 0.358089 0.363773 0.367651 0.369471 0.369996 0.370000 0.370000 0.370000 0.370000 0.370000 0.370000 0.370000 0.370000 0.369999 0.369539 0.367752 0.359452 0.344305 0.328993 0.314789 0.279836 0.227489 0.199436 0.193315 -9999.0 -9999.0 -9999.0 -9999.0 -9999.0
-9999.0 0.166277 0.171811 0.176699 0.207395 0.339766 0.363678 0.370000 0.370000 0.370000 0.369917 0.370000 0.370000 0.370000 0.370000 0.369999 0.369999 0.369999 0.370000 0.369994 0.369782 0.369586 0.369573 0.369361 0.368807 0.368060 0.367252 0.365548 0.357121 0.344628 0.319536 0.302015 0.243444 0.212231 0.200832 0.192427 0.185344 0.185422 0.187493 0.185542 0.183514 0.181506 0.183943 0.185121 0.186238 0.184914 0.185392 0.189051 0.195719 0.203793 0.218733 0.248794 0.289515 0.326288 0.339509 0.356300 0.364332 0.368094 0.369817 0.370000 0.370000 0.370000 0.370000 0.370000 0.370000 0.370000 0.370000 0.369556 0.363673 0.355917 0.351744 0.345234 0.329063 -9999.0 -9999.0 -9999.0 -9999.0 -9999.0 -9999.0 -9999.0
-9999.0 0.164479 0.170364 0.171724 0.180475 0.203895 0.270693 0.341184 0.369100 0.356418 0.352756 0.359105 0.363928 0.366167 0.363612 0.357779 0.351945 0.352871 0.353133 0.346124 0.335722 0.330723 0.330469 0.326777 0.309565 0.294227 0.283203 0.262627 0.235666 0.213219 0.193941 0.186098 0.181057 0.179273 0.178020 0.176751 0.174543 0.175670 0.176598 0.176340 0.175626 0.175108 0.176734 0.177349 0.177886 0.176420 0.177478 0.178536 0.180894 0.183457 0.187303 0.193410 0.202221 0.209882 0.216211 0.231068 0.263742 0.316261 0.348662 0.366551 0.369537 0.369992 0.369998 0.370000 0.370000 0.370000 0.370000 0.370000 0.366520 0.362548 0.362170 -9999.0 -9999.0 -9999.0 -9999.0 -9999.0 -9999.0 -9999.0 -9999.0 -9999.0
-9999.0 -9999.0 0.163426 0.165898 0.168274 0.170803 0.174522 0.179604 0.183900 0.189850 0.200040 0.214310 0.226421 0.233183 0.224457 0.210288 0.203526 0.203925 0.202239 0.199028 0.193857 0.192076 0.190892 0.189939 0.187902 0.187031 0.186644 0.185850 0.184193 0.180821 0.177970 0.176077 0.174123 0.174099 0.173753 0.173090 0.173530 0.173417 0.173598 0.173507 0.173637 0.173927 0.174320 0.174838 0.174888 0.175027 0.175244 0.175854 0.176810 0.178111 0.180633 0.184476 0.187639 0.188485 0.186933 0.187503 0.189959 0.196355 0.222007 0.290681 0.338948 0.359226 0.367588 0.369337 0.369604 0.369881 0.370000 0.369381 0.351054 0.354111 -9999.0 -9999.0 -9999.0 -9999.0 -9999.0 -9999.0 -9999.0 -9999.0 -9999.0 -9999.0
-9999.0 -9999.0 -9999.0 -9999.0 0.162636 0.165912 0.168955 0.168746 0.171065 0.172563 0.174091 0.175995 0.177605 0.178679 0.177359 0.176944 0.176623 0.176805 0.176525 0.176149 0.175930 0.175702 0.175493 0.175193 0.175273 0.175519 0.175578 0.175077 0.175020 0.174031 0.173805 0.173210 0.172642 0.172039 0.172123 0.172035 0.172273 0.172013 0.172422 0.172185 0.172500 0.172660 0.173072 0.173726 0.173519 0.173899 0.173946 0.174474 0.174762 0.176240 0.178704 0.181694 0.183836 0.183781 0.181184 0.180107 0.179563 0.181251 0.184394 0.191689 0.214768 0.257525 0.317191 0.337586 0.347973 0.359220 0.365217 0.365975 -9999.0 -9999.0 -9999.0 -9999.0 -9999.0 -9999.0 -9999.0 -9999.0 -9999.0 -9999.0 -9999.0 -9999.0
-9999.0 -9999.0 -9999.0 -9999.0 -9999.0 -9999.0 0.163890 0.165473 0.165111 0.166263 0.167307 0.168201 0.169611 0.169425 0.169777 0.170870 0.170683 0.170152 0.169502 0.170462 0.170854 0.170950 0.169872 0.170151 0.170246 0.170670 0.170627 0.170789 0.169845 0.170880 0.171360 0.171118 0.170884 0.171055 0.170807 0.171487 0.171567 0.171019 0.170876 0.171670 0.171908 0.171814 0.172004 0.172595 0.173446 0.173590 0.173233 0.172755 0.173698 0.175865 0.178458 0.180901 0.182572 0.183112 0.180901 0.178089 0.176742 0.176624 0.177855 0.180291 0.186315 0.191148 0.195737 0.201675 0.209780 0.264238 -9999.0 -9999.0 -9999.0 -9999.0 -9999.0 -9999.0 -9999.0 -9999.0 -9999.0 -9999.0 -9999.0 -9999.0 -9999.0 -9999.0
-9999.0 -9999.0 -9999.0 -9999.0 -9999.0 -9999.0 -9999.0 -9999.0 -9999.0 -9999.0 -9999.0 -9999.0 -9999.0 -9999.0 -9999.0 -9999.0 -9999.0 -9999.0 -9999.0 -9999.0 -9999.0 -9999.0 -9999.0 -9999.0 -9999.0 -9999.0 -9999.0 -9999.0 -9999.0 -9999.0 -9999.0 -9999.0 -9999.0 -9999.0 -9999.0 -9999.0 -9999.0 -9999.0 -9999.0 -9999.0 -9999.0 -9999.0 -9999.0 -9999.0 -9999.0 -9999.0 -9999.0 -9999.0 -9999.0 -9999.0 -9999.0 -9999.0 -9999.0 -9999.0 -9999.0 -9999.0 -9999.0 -9999.0 -9999.0 -9999.0 -9999.0 -9999.0 -9999.0 -9999.0 -9999.0 -9999.0 -9999.0 -9999.0 -9999.0 -9999.0 -9999.0 -9999.0 -9999.0 -9999.0 -9999.0 -9999.0 -9999.0 -9999.0 -9999.0 -9999.0
-9999.0 -9999.0 -9999.0 -9999.0 -9999.0 -9999.0 -9999.0 -9999.0 -9999.0 -9999.0 -9999.0 -9999.0 -9999.0 -9999.0 -9999.0 -9999.0 -9999.0 -9999.0 -9999.0 -9999.0 -9999.0 -9999.0 -9999.0 -9999.0 -9999.0 -9999.0 -9999.0 -9999.0 -9999.0 -9999.0 -9999.0 -9999.0 -9999.0 -9999.0 -9999.0 -9999.0 -9999.0 -9999.0 -9999.0 -9999.0 -9999.0 -9999.0 -9999.0 -9999.0 -9999.0 -9999.0 -9999.0 -9999.0 -9999.0 -9999.0 -9999.0 -9999.0 -9999.0 -9999.0 -9999.0 -9999.0 -9999.0 -9999.0 -9999.0 -9999.0 -9999.0 -9999.0 -9999.0 -9999.0 -9999.0 -9999.0 -9999.0 -9999.0 -9999.0 -9999.0 -9999.0 -9999.0 -9999.0 -9999.0 -9999.0 -9999.0 -9999.0 -9999.0 -9999.0 -9999.0