Borden_/Borden1m_014/output_maps/thetaliqL0002N0012.asc
ncols         80
nrows         18
xllcorner     620200.000000
yllcorner     5168000.000000
cellsize      1.000000
NODATA_value  -9999.0
-9999.0 -9999.0 -9999.0 -9999.0 -9999.0 -9999.0 -9999.0 -9999.0 -9999.0 -9999.0 -9999.0 -9999.0 -9999.0 -9999.0 -9999.0 -9999.0 -9999.0 -9999.0 -9999.0 -9999.0 -9999.0 -9999.0 -9999.0 -9999.0 -9999.0 -9999.0 -9999.0 -9999.0 -9999.0 -9999.0 -9999.0 -9999.0 -9999.0 -9999.0 -9999.0 -9999.0 -9999.0 -9999.0 -9999.0 -9999.0 -9999.0 -9999.0 -9999.0 -9999.0 -9999.0 -9999.0 -9999.0 -9999.0 -9999.0 -9999.0 -9999.0 -9999.0 -9999.0 -9999.0 -9999.0 -9999.0 -9999.0 -9999.0 -9999.0 -9999.0 -9999.0 -9999.0 -9999.0 -9999.0 -9999.0 -9999.0 -9999.0 -9999.0 -9999.0 -9999.0 -9999.0 -9999.0 -9999.0 -9999.0 -9999.0 -9999.0 -9999.0 -9999.0 -9999.0 -9999.0
-9999.0 -9999.0 -9999.0 -9999.0 -9999.0 -9999.0 -9999.0 -9999.0 -9999.0 -9999.0 -9999.0 -9999.0 -9999.0 -9999.0 -9999.0 -9999.0 -9999.0 -9999.0 -9999.0 -9999.0 -9999.0 -9999.0 -9999.0 -9999.0 -9999.0 -9999.0 -9999.0 -9999.0 -9999.0 -9999.0 -9999.0 -9999.0 -9999.0 -9999.0 -9999.0 -9999.0 -9999.0 -9999.0 -9999.0 -9999.0 -9999.0 -9999.0 -9999.0 -9999.0 -9999.0 -9999.0 -9999.0 -9999.0 -9999.0 -9999.0 -9999.0 -9999.0 -9999.0 -9999.0 -9999.0 -9999.0 -9999.0 -9999.0 -9999.0 -9999.0 -9999.0 -9999.0 -9999.0 -9999.0 -9999.0 -9999.0 -9999.0 -9999.0 -9999.0 -9999.0 -9999.0 -9999.0 -9999.0 -9999.0 -9999.0 -9999.0 -9999.0 -9999.0 -9999.0 -9999.0
-9999.0 -9999.0 -9999.0 -9999.0 -9999.0 -9999.0 -9999.0 -9999.0 -9999.0 -9999.0 -9999.0 -9999.0 -9999.0 -9999.0 -9999.0 -9999.0 -9999.0 -9999.0 -9999.0 -9999.0 0.254541 0.255693 0.253695 0.251505 0.249530 0.249174 0.251300 0.253539 0.256141 0.256469 0.254023 0.254801 0.253766 0.253022 0.252825 0.253512 0.253897 0.254670 0.255091 0.254706 0.254002 0.253579 0.253056 0.253089 0.253991 0.252789 0.254415 0.255842 0.256227 0.256481 0.254846 0.254311 0.254152 0.252146 0.255719 0.256471 0.258707 0.258781 0.259419 0.256935 0.254454 -9999.0 -9999.0 -9999.0 -9999.0 -9999.0 -9999.0 -9999.0 -9999.0 -9999.0 -9999.0 -9999.0 -9999.0 -9999.0 -9999.0 -9999.0 -9999.0 -9999.0 -9999.0 -9999.0
-9999.0 -9999.0 -9999.0 -9999.0 -9999.0 -9999.0 -9999.0 -9999.0 -9999.0 -9999.0 -9999.0 -9999.0 -9999.0 -9999.0 0.251819 0.250555 0.249934 0.249335 0.251254 0.252576 0.252274 0.250962 0.252246 0.249882 0.247703 0.248976 0.250511 0.251425 0.253296 0.254801 0.253182 0.252773 0.253490 0.256328 0.257401 0.256664 0.252796 0.256383 0.257812 0.258715 0.258586 0.256825 0.258997 0.261553 0.260096 0.257369 0.258097 0.259547 0.262017 0.261318 0.252781 0.252593 0.253318 0.253833 0.252650 0.251694 0.255246 0.254503 0.254090 0.253976 0.252419 0.249374 0.247883 0.251336 0.253848 0.259455 -9999.0 -9999.0 -9999.0 -9999.0 -9999.0 -9999.0 -9999.0 -9999.0 -9999.0 -9999.0 -9999.0 -9999.0 -9999.0 -9999.0
-9999.0 -9999.0 -9999.0 -9999.0 -9999.0 -9999.0 -9999.0 -9999.0 -9999.0 0.250342 0.249901 0.250204 0.249213 0.250247 0.248102 0.248493 0.247937 0.249257 0.250010 0.251585 0.254050 0.251907 0.251578 0.252893 0.252723 0.252870 0.253543 0.257161 0.260803 0.267474 0.260898 0.260545 0.262971 0.274040 0.285859 0.288402 0.283729 0.283477 0.289436 0.295927 0.295218 0.294486 0.300816 0.303965 0.306291 0.301297 0.296336 0.295292 0.303347 0.289790 0.274893 0.261525 0.264155 0.260142 0.255722 0.254343 0.253472 0.257482 0.256300 0.253270 0.250791 0.252244 0.250569 0.252202 0.252872 0.257011 0.260471 0.263968 0.264128 0.261809 -9999.0 -9999.0 -9999.0 -9999.0 -9999.0 -9999.0 -9999.0 -9999.0 -9999.0 -9999.0
-9999.0 -9999.0 -9999.0 -9999.0 -9999.0 -9999.0 0.248712 0.248458 0.249076 0.246356 0.247923 0.246514 0.247568 0.247836 0.248385 0.248051 0.249605 0.250752 0.252805 0.255495 0.258173 0.256027 0.256587 0.260343 0.266884 0.275953 0.281158 0.288744 0.308958 0.321959 0.327639 0.329827 0.336063 0.369999 0.370000 0.370000 0.370000 0.370000 0.370000 0.370000 0.370000 0.370000 0.370000 0.370000 0.370000 0.370000 0.370000 0.370000 0.370000 0.370000 0.370000 0.337322 0.317385 0.304227 0.285202 0.272001 0.267501 0.271295 0.266663 0.259760 0.255823 0.256402 0.255847 0.254109 0.255035 0.256552 0.259049 0.260732 0.259569 0.258154 0.257414 0.254576 0.255139 0.257936 -9999.0 -9999.0 -9999.0 -9999.0 -9999.0 -9999.0
-9999.0 -9999.0 -9999.0 -9999.0 0.245102 0.246211 0.242686 0.244535 0.245807 0.246635 0.246171 0.247673 0.247728 0.248602 0.250712 0.251816 0.254580 0.256270 0.262138 0.273569 0.288604 0.295710 0.298156 0.315893 0.346854 0.370000 0.370000 0.370000 0.370000 0.370000 0.370000 0.370000 0.370000 0.370000 0.370000 0.370000 0.370000 0.370000 0.370000 0.370000 0.370000 0.370000 0.370000 0.370000 0.370000 0.370000 0.370000 0.370000 0.370000 0.370000 0.370000 0.370000 0.370000 0.370000 0.370000 0.370000 0.347985 0.330037 0.310396 0.296746 0.278911 0.271669 0.266786 0.264121 0.259742 0.260965 0.262610 0.260470 0.257798 0.255230 0.255370 0.254295 0.252596 0.256458 0.257384 0.261183 -9999.0 -9999.0 -9999.0 -9999.0
-9999.0 -9999.0 0.245277 0.245005 0.247816 0.245683 0.244394 0.242605 0.243002 0.245452 0.249812 0.250760 0.253072 0.253952 0.259918 0.275517 0.293853 0.304620 0.322189 0.364745 0.370000 0.370000 0.370000 0.370000 0.370000 0.370000 0.370000 0.370000 0.370000 0.370000 0.370000 0.370000 0.370000 0.370000 0.370000 0.370000 0.370000 0.370000 0.370000 0.370000 0.370000 0.370000 0.370000 0.370000 0.370000 0.370000 0.370000 0.370000 0.370000 0.370000 0.370000 0.370000 0.370000 0.370000 0.370000 0.370000 0.370000 0.370000 0.370000 0.370000 0.370000 0.340240 0.315530 0.299474 0.282541 0.276913 0.268871 0.264179 0.259810 0.255384 0.254380 0.253913 0.254938 0.254135 0.256116 0.257359 0.259562 0.260246 -9999.0 -9999.0
-9999.0 0.244703 0.243261 0.248116 0.248130 0.248517 0.248936 0.249344 0.250281 0.247822 0.259006 0.279925 0.298326 0.303070 0.319588 0.369997 0.370000 0.370000 0.370000 0.370000 0.370000 0.370000 0.370000 0.370000 0.370000 0.370000 0.370000 0.370000 0.370000 0.370000 0.370000 0.370000 0.370000 0.370000 0.370000 0.370000 0.370000 0.370000 0.370000 0.370000 0.370000 0.370000 0.370000 0.370000 0.370000 0.370000 0.370000 0.370000 0.370000 0.370000 0.370000 0.370000 0.370000 0.370000 0.370000 0.370000 0.370000 0.370000 0.370000 0.370000 0.370000 0.370000 0.370000 0.370000 0.347903 0.312811 0.292747 0.279759 0.268681 0.264661 0.262384 0.256115 0.254915 0.256875 0.256041 0.255973 0.256815 0.257409 -9999.0 -9999.0
-9999.0 0.239380 0.244024 0.248557 0.253436 0.251993 0.270392 0.287373 0.290947 0.281894 0.312277 0.370000 0.370000 0.370000 0.370000 0.370000 0.370000 0.370000 0.370000 0.370000 0.370000 0.370000 0.370000 0.370000 0.370000 0.370000 0.370000 0.370000 0.370000 0.370000 0.370000 0.370000 0.370000 0.370000 0.370000 0.370000 0.370000 0.370000 0.370000 0.370000 0.370000 0.370000 0.370000 0.370000 0.370000 0.370000 0.370000 0.370000 0.370000 0.370000 0.370000 0.370000 0.370000 0.370000 0.370000 0.370000 0.370000 0.370000 0.370000 0.370000 0.370000 0.370000 0.370000 0.370000 0.370000 0.370000 0.369999 0.333207 0.309742 0.295768 0.281621 0.271348 0.262674 0.261730 0.257219 0.257331 -9999.0 -9999.0 -9999.0 -9999.0
-9999.0 0.239089 0.243488 0.252309 0.271501 0.296741 0.369999 0.370000 0.370000 0.370000 0.370000 0.370000 0.370000 0.370000 0.370000 0.370000 0.370000 0.370000 0.370000 0.370000 0.370000 0.370000 0.370000 0.370000 0.370000 0.370000 0.370000 0.370000 0.370000 0.370000 0.370000 0.370000 0.370000 0.370000 0.364778 0.339498 0.317782 0.316154 0.312208 0.303494 0.299317 0.296012 0.300493 0.299169 0.298631 0.301106 0.306932 0.310535 0.323054 0.339019 0.370000 0.370000 0.370000 0.370000 0.370000 0.370000 0.370000 0.370000 0.370000 0.370000 0.370000 0.370000 0.370000 0.370000 0.370000 0.370000 0.370000 0.370000 0.370000 0.370000 0.344387 0.314937 0.291243 0.274120 0.268737 -9999.0 -9999.0 -9999.0 -9999.0 -9999.0
-9999.0 0.231704 0.243712 0.250696 0.285238 0.369999 0.370000 0.370000 0.370000 0.370000 0.370000 0.370000 0.370000 0.370000 0.370000 0.370000 0.370000 0.370000 0.370000 0.370000 0.370000 0.370000 0.370000 0.370000 0.370000 0.370000 0.370000 0.370000 0.370000 0.370000 0.331141 0.322474 0.301865 0.284865 0.272753 0.265495 0.258352 0.258882 0.262008 0.259759 0.257359 0.254464 0.257866 0.259239 0.260715 0.258671 0.258820 0.262928 0.269449 0.275415 0.286344 0.302217 0.314671 0.334688 0.363648 0.370000 0.370000 0.370000 0.370000 0.370000 0.370000 0.370000 0.370000 0.370000 0.370000 0.370000 0.370000 0.370000 0.370000 0.370000 0.370000 0.370000 0.358841 -9999.0 -9999.0 -9999.0 -9999.0 -9999.0 -9999.0 -9999.0
-9999.0 0.227896 0.240935 0.241961 0.254893 0.280720 0.314698 0.362806 0.370000 0.370000 0.370000 0.370000 0.370000 0.370000 0.370000 0.370000 0.370000 0.370000 0.370000 0.370000 0.350858 0.339135 0.339235 0.335869 0.324227 0.318532 0.315367 0.308862 0.299117 0.285561 0.267455 0.259540 0.253981 0.252511 0.251314 0.249972 0.246469 0.248748 0.250305 0.249968 0.248865 0.247920 0.250624 0.251353 0.252152 0.249457 0.251123 0.252199 0.255010 0.257648 0.261498 0.267513 0.275540 0.280417 0.283584 0.294984 0.306862 0.328567 0.370000 0.370000 0.370000 0.370000 0.370000 0.370000 0.370000 0.370000 0.370000 0.370000 0.370000 0.370000 0.370000 -9999.0 -9999.0 -9999.0 -9999.0 -9999.0 -9999.0 -9999.0 -9999.0 -9999.0
-9999.0 -9999.0 0.225068 0.230117 0.234362 0.238440 0.244137 0.249651 0.257201 0.265511 0.276824 0.288878 0.296022 0.299242 0.294742 0.284796 0.278588 0.279182 0.277425 0.272768 0.266131 0.265235 0.264260 0.263647 0.261750 0.261010 0.260792 0.260238 0.258770 0.254780 0.251550 0.249399 0.246600 0.247161 0.246860 0.245830 0.247029 0.246746 0.247022 0.246828 0.247113 0.247617 0.248093 0.248844 0.248753 0.248968 0.249122 0.249818 0.250842 0.252105 0.254936 0.259299 0.262497 0.263097 0.260910 0.261448 0.263807 0.269224 0.289897 0.315463 0.366738 0.370000 0.370000 0.370000 0.370000 0.370000 0.370000 0.370000 0.370000 0.370000 -9999.0 -9999.0 -9999.0 -9999.0 -9999.0 -9999.0 -9999.0 -9999.0 -9999.0 -9999.0
-9999.0 -9999.0 -9999.0 -9999.0 0.222667 0.229944 0.236829 0.235838 0.240699 0.243332 0.245524 0.248158 0.250291 0.251787 0.249662 0.249475 0.249230 0.249656 0.249282 0.248795 0.248704 0.248477 0.248243 0.247798 0.248097 0.248643 0.248842 0.248062 0.248311 0.246893 0.247046 0.246357 0.245651 0.244637 0.245002 0.244940 0.245498 0.244927 0.245770 0.245200 0.245790 0.245980 0.246613 0.247726 0.247085 0.247724 0.247638 0.248397 0.248350 0.250181 0.253237 0.256762 0.259096 0.258841 0.255340 0.254090 0.253088 0.255032 0.257958 0.264952 0.283122 0.304324 0.327019 0.363761 0.370000 0.370000 0.370000 0.370000 -9999.0 -9999.0 -9999.0 -9999.0 -9999.0 -9999.0 -9999.0 -9999.0 -9999.0 -9999.0 -9999.0 -9999.0
-9999.0 -9999.0 -9999.0 -9999.0 -9999.0 -9999.0 0.226001 0.229723 0.228431 0.231217 0.233642 0.235409 0.238216 0.237697 0.238587 0.240985 0.240698 0.239618 0.238206 0.240338 0.241292 0.241552 0.239273 0.239990 0.240244 0.241116 0.241024 0.241491 0.239575 0.242065 0.243316 0.243004 0.242715 0.243277 0.242803 0.244329 0.244512 0.243309 0.242913 0.244599 0.245011 0.244666 0.244862 0.245855 0.247397 0.247539 0.246707 0.245488 0.246829 0.250030 0.253358 0.256108 0.257868 0.258627 0.255909 0.252005 0.250013 0.249502 0.250707 0.253006 0.259571 0.263819 0.266961 0.270225 0.278945 0.305909 -9999.0 -9999.0 -9999.0 -9999.0 -9999.0 -9999.0 -9999.0 -9999.0 -9999.0 -9999.0 -9999.0 -9999.0 -9999.0 -9999.0
-9999.0 -9999.0 -9999.0 -9999.0 -9999.0 -9999.0 -9999.0 -9999.0 -9999.0 -9999.0 -9999.0 -9999.0 -9999.0 -9999.0 -9999.0 -9999.0 -9999.0 -9999.0 -9999.0 -9999.0 -9999.0 -9999.0 -9999.0 -9999.0 -9999.0 -9999.0 -9999.0 -9999.0 -9999.0 -9999.0 -9999.0 -9999.0 -9999.0 -9999.0 -9999.0 -9999.0 -9999.0 -9999.0 -9999.0 -9999.0 -9999.0 -9999.0 -9999.0 -9999.0 -9999.0 -9999.0 -9999.0 -9999.0 -9999.0 -9999.0 -9999.0 -9999.0 -9999.0 -9999.0 -9999.0 -9999.0 -9999.0 -9999.0 -9999.0 -9999.0 -9999.0 -9999.0 -9999.0 -9999.0 -9999.0 -9999.0 -9999.0 -9999.0 -9999.0 -9999.0 -9999.0 -9999.0 -9999.0 -9999.0 -9999.0 -9999.0 -9999.0 -9999.0 -9999.0 -9999.0
-9999.0 -9999.0 -9999.0 -9999.0 -9999.0 -9999.0 -9999.0 -9999.0 -9999.0 -9999.0 -9999.0 -9999.0 -9999.0 -9999.0 -9999.0 -9999.0 -9999.0 -9999.0 -9999.0 -9999.0 -9999.0 -9999.0 -9999.0 -9999.0 -9999.0 -9999.0 -9999.0 -9999.0 -9999.0 -9999.0 -9999.0 -9999.0 -9999.0 -9999.0 -9999.0 -9999.0 -9999.0 -9999.0 -9999.0 -9999.0 -9999.0 -9999.0 -9999.0 -9999.0 -9999.0 -9999.0 -9999.0 -9999.0 -9999.0 -9999.0 -9999.0 -9999.0 -9999.0 -9999.0 -9999.0 -9999.0 -9999.0 -9999.0 -9999.0 -9999.0 -9999.0 -9999.0 -9999.0 -9999.0 -9999.0 -9999.0 -9999.0 -9999.0 -9999.0 -9999.0 -9999.0 -9999.0 -9999.0 -9999.0 -9999.0 -9999.0 -9999.0 -9999.0 -9999.0 -9999.0