Borden_/Borden1m_014/output_maps/thetaliqL0002N0031.asc
ncols         80
nrows         18
xllcorner     620200.000000
yllcorner     5168000.000000
cellsize      1.000000
NODATA_value  -9999.0
-9999.0 -9999.0 -9999.0 -9999.0 -9999.0 -9999.0 -9999.0 -9999.0 -9999.0 -9999.0 -9999.0 -9999.0 -9999.0 -9999.0 -9999.0 -9999.0 -9999.0 -9999.0 -9999.0 -9999.0 -9999.0 -9999.0 -9999.0 -9999.0 -9999.0 -9999.0 -9999.0 -9999.0 -9999.0 -9999.0 -9999.0 -9999.0 -9999.0 -9999.0 -9999.0 -9999.0 -9999.0 -9999.0 -9999.0 -9999.0 -9999.0 -9999.0 -9999.0 -9999.0 -9999.0 -9999.0 -9999.0 -9999.0 -9999.0 -9999.0 -9999.0 -9999.0 -9999.0 -9999.0 -9999.0 -9999.0 -9999.0 -9999.0 -9999.0 -9999.0 -9999.0 -9999.0 -9999.0 -9999.0 -9999.0 -9999.0 -9999.0 -9999.0 -9999.0 -9999.0 -9999.0 -9999.0 -9999.0 -9999.0 -9999.0 -9999.0 -9999.0 -9999.0 -9999.0 -9999.0
-9999.0 -9999.0 -9999.0 -9999.0 -9999.0 -9999.0 -9999.0 -9999.0 -9999.0 -9999.0 -9999.0 -9999.0 -9999.0 -9999.0 -9999.0 -9999.0 -9999.0 -9999.0 -9999.0 -9999.0 -9999.0 -9999.0 -9999.0 -9999.0 -9999.0 -9999.0 -9999.0 -9999.0 -9999.0 -9999.0 -9999.0 -9999.0 -9999.0 -9999.0 -9999.0 -9999.0 -9999.0 -9999.0 -9999.0 -9999.0 -9999.0 -9999.0 -9999.0 -9999.0 -9999.0 -9999.0 -9999.0 -9999.0 -9999.0 -9999.0 -9999.0 -9999.0 -9999.0 -9999.0 -9999.0 -9999.0 -9999.0 -9999.0 -9999.0 -9999.0 -9999.0 -9999.0 -9999.0 -9999.0 -9999.0 -9999.0 -9999.0 -9999.0 -9999.0 -9999.0 -9999.0 -9999.0 -9999.0 -9999.0 -9999.0 -9999.0 -9999.0 -9999.0 -9999.0 -9999.0
-9999.0 -9999.0 -9999.0 -9999.0 -9999.0 -9999.0 -9999.0 -9999.0 -9999.0 -9999.0 -9999.0 -9999.0 -9999.0 -9999.0 -9999.0 -9999.0 -9999.0 -9999.0 -9999.0 -9999.0 0.189258 0.189900 0.188467 0.186852 0.185518 0.185361 0.186862 0.188637 0.190711 0.191155 0.189502 0.189883 0.189240 0.188902 0.188889 0.189340 0.189549 0.190227 0.190667 0.190484 0.189979 0.189613 0.189282 0.189402 0.189960 0.189207 0.190336 0.191478 0.191898 0.191861 0.190278 0.189614 0.189371 0.188113 0.190402 0.191114 0.192893 0.193084 0.193393 0.191385 0.189450 -9999.0 -9999.0 -9999.0 -9999.0 -9999.0 -9999.0 -9999.0 -9999.0 -9999.0 -9999.0 -9999.0 -9999.0 -9999.0 -9999.0 -9999.0 -9999.0 -9999.0 -9999.0 -9999.0
-9999.0 -9999.0 -9999.0 -9999.0 -9999.0 -9999.0 -9999.0 -9999.0 -9999.0 -9999.0 -9999.0 -9999.0 -9999.0 -9999.0 0.186561 0.185820 0.185480 0.185283 0.186627 0.187706 0.187778 0.186999 0.187612 0.186098 0.184787 0.185586 0.186751 0.187750 0.189401 0.190690 0.189518 0.189232 0.189879 0.192179 0.193252 0.192781 0.190134 0.192615 0.193952 0.194838 0.194725 0.193496 0.195256 0.197334 0.196287 0.194110 0.194531 0.195746 0.197795 0.196639 0.189971 0.189230 0.189537 0.189634 0.188772 0.188157 0.190471 0.190169 0.189771 0.189307 0.187922 0.185765 0.184830 0.187027 0.189086 0.193400 -9999.0 -9999.0 -9999.0 -9999.0 -9999.0 -9999.0 -9999.0 -9999.0 -9999.0 -9999.0 -9999.0 -9999.0 -9999.0 -9999.0
-9999.0 -9999.0 -9999.0 -9999.0 -9999.0 -9999.0 -9999.0 -9999.0 -9999.0 0.185307 0.185105 0.185308 0.184835 0.185476 0.184430 0.184679 0.184511 0.185417 0.186188 0.187514 0.189286 0.188004 0.187843 0.188786 0.188955 0.189360 0.190201 0.193267 0.196979 0.202952 0.197972 0.197765 0.200504 0.211162 0.222011 0.225817 0.219604 0.219561 0.227119 0.237203 0.237760 0.236896 0.248917 0.256960 0.262718 0.250425 0.238773 0.237011 0.251108 0.227713 0.211027 0.199393 0.200006 0.196189 0.192196 0.190725 0.190210 0.192933 0.191853 0.189333 0.187332 0.187900 0.186816 0.187875 0.188670 0.191933 0.194997 0.198054 0.198209 0.196257 -9999.0 -9999.0 -9999.0 -9999.0 -9999.0 -9999.0 -9999.0 -9999.0 -9999.0 -9999.0
-9999.0 -9999.0 -9999.0 -9999.0 -9999.0 -9999.0 0.183996 0.183910 0.184316 0.183060 0.183958 0.183347 0.184021 0.184330 0.184779 0.184826 0.185999 0.187059 0.188895 0.191412 0.193821 0.192623 0.193268 0.196848 0.204271 0.211714 0.216731 0.226595 0.268070 0.309723 0.324475 0.330755 0.337297 0.348754 0.361821 0.365658 0.361312 0.357704 0.360963 0.366352 0.369653 0.369666 0.369724 0.369784 0.369925 0.369907 0.366856 0.363766 0.362347 0.360799 0.351130 0.334527 0.298206 0.255098 0.221467 0.207727 0.205484 0.207491 0.202279 0.195820 0.192153 0.192085 0.191372 0.190100 0.190677 0.192018 0.194127 0.195460 0.194430 0.193029 0.191956 0.189816 0.190141 0.192218 -9999.0 -9999.0 -9999.0 -9999.0 -9999.0 -9999.0
-9999.0 -9999.0 -9999.0 -9999.0 0.182035 0.182613 0.180902 0.181865 0.182629 0.183216 0.183249 0.184318 0.184640 0.185428 0.187131 0.188543 0.191067 0.193061 0.198747 0.211669 0.226155 0.236563 0.244335 0.297427 0.338526 0.352204 0.355981 0.360984 0.366799 0.369944 0.369986 0.369989 0.369997 0.370000 0.370000 0.370000 0.370000 0.370000 0.370000 0.370000 0.370000 0.370000 0.370000 0.370000 0.370000 0.370000 0.370000 0.370000 0.369999 0.370000 0.370000 0.369973 0.368574 0.366245 0.363528 0.356465 0.339034 0.326855 0.276112 0.239004 0.215899 0.208984 0.202786 0.199692 0.195854 0.196476 0.197468 0.195541 0.193100 0.190849 0.190533 0.189568 0.188543 0.191170 0.192153 0.195144 -9999.0 -9999.0 -9999.0 -9999.0
-9999.0 -9999.0 0.181915 0.181991 0.183583 0.182623 0.182068 0.181253 0.181602 0.183149 0.186208 0.187643 0.189889 0.191144 0.196599 0.211756 0.234238 0.259013 0.314788 0.343878 0.357997 0.364720 0.369420 0.369741 0.369983 0.369990 0.370000 0.370000 0.370000 0.370000 0.370000 0.370000 0.370000 0.370000 0.370000 0.370000 0.370000 0.370000 0.370000 0.370000 0.370000 0.370000 0.370000 0.370000 0.370000 0.370000 0.370000 0.370000 0.370000 0.370000 0.370000 0.370000 0.370000 0.370000 0.370000 0.369991 0.369969 0.368771 0.367320 0.363445 0.347942 0.332412 0.293505 0.247128 0.222806 0.213331 0.204698 0.199667 0.195298 0.191489 0.190330 0.189632 0.190106 0.189763 0.191175 0.192280 0.193908 0.194544 -9999.0 -9999.0
-9999.0 0.181450 0.180956 0.183799 0.184343 0.184985 0.185888 0.186669 0.187501 0.186406 0.195219 0.215274 0.241388 0.255056 0.305604 0.351779 0.369527 0.369712 0.369951 0.369956 0.369996 0.370000 0.370000 0.370000 0.370000 0.370000 0.370000 0.370000 0.370000 0.370000 0.370000 0.370000 0.370000 0.370000 0.370000 0.370000 0.370000 0.370000 0.370000 0.370000 0.370000 0.370000 0.370000 0.370000 0.370000 0.370000 0.370000 0.370000 0.369999 0.370000 0.370000 0.370000 0.370000 0.370000 0.370000 0.370000 0.370000 0.370000 0.370000 0.370000 0.369797 0.368445 0.364549 0.352958 0.334793 0.288974 0.239001 0.218111 0.204963 0.200373 0.197605 0.192310 0.190944 0.191981 0.191299 0.191217 0.191856 0.192361 -9999.0 -9999.0
-9999.0 0.178947 0.181469 0.184582 0.188718 0.189549 0.205090 0.222323 0.229842 0.220024 0.280552 0.369606 0.369966 0.369968 0.369999 0.370000 0.370000 0.370000 0.370000 0.370000 0.370000 0.370000 0.370000 0.370000 0.370000 0.370000 0.370000 0.370000 0.370000 0.370000 0.370000 0.370000 0.369999 0.369999 0.369988 0.369974 0.369847 0.369138 0.367429 0.365115 0.363604 0.365839 0.364708 0.362235 0.361663 0.364893 0.367635 0.367219 0.367532 0.368638 0.369660 0.369995 0.369999 0.369998 0.370000 0.370000 0.370000 0.370000 0.370000 0.370000 0.370000 0.370000 0.369999 0.369667 0.367186 0.356522 0.341871 0.325319 0.272649 0.239546 0.220699 0.207325 0.198714 0.196781 0.192940 0.192253 -9999.0 -9999.0 -9999.0 -9999.0
-9999.0 0.178904 0.181420 0.187447 0.204219 0.235974 0.337522 0.366773 0.369996 0.369940 0.370000 0.370000 0.370000 0.370000 0.370000 0.370000 0.370000 0.370000 0.370000 0.370000 0.370000 0.370000 0.370000 0.370000 0.370000 0.370000 0.370000 0.370000 0.369917 0.369652 0.369163 0.368687 0.366970 0.354815 0.345597 0.337801 0.303556 0.290538 0.276950 0.253280 0.243278 0.237473 0.245282 0.243309 0.242633 0.247793 0.262388 0.275975 0.313894 0.334321 0.346309 0.358805 0.364092 0.367822 0.369514 0.369997 0.370000 0.370000 0.370000 0.370000 0.370000 0.370000 0.370000 0.370000 0.370000 0.369608 0.368146 0.361637 0.349710 0.337128 0.325021 0.286673 0.235519 0.209326 0.203295 -9999.0 -9999.0 -9999.0 -9999.0 -9999.0
-9999.0 0.175641 0.181650 0.186647 0.217641 0.343293 0.364394 0.370000 0.370000 0.370000 0.369927 0.370000 0.370000 0.370000 0.370000 0.370000 0.370000 0.370000 0.370000 0.369997 0.369821 0.369651 0.369626 0.369444 0.368905 0.368170 0.367367 0.365693 0.357828 0.347457 0.326519 0.306762 0.248873 0.221581 0.210696 0.202280 0.195109 0.195225 0.197379 0.195418 0.193372 0.191302 0.193804 0.194995 0.196137 0.194756 0.195198 0.198872 0.205464 0.213344 0.227287 0.253224 0.292938 0.332508 0.343278 0.357098 0.364525 0.368222 0.369834 0.370000 0.370000 0.370000 0.370000 0.370000 0.370000 0.370000 0.370000 0.369677 0.365292 0.359748 0.356296 0.350263 0.336608 -9999.0 -9999.0 -9999.0 -9999.0 -9999.0 -9999.0 -9999.0
-9999.0 0.173693 0.180114 0.181430 0.190434 0.214025 0.276158 0.344930 0.369352 0.357659 0.354118 0.359359 0.363823 0.366056 0.363557 0.358291 0.353364 0.354291 0.354672 0.349142 0.340955 0.337058 0.336789 0.333131 0.314444 0.297849 0.286554 0.266342 0.242435 0.222580 0.203710 0.195899 0.190850 0.189111 0.187873 0.186605 0.184305 0.185519 0.186491 0.186228 0.185487 0.184938 0.186639 0.187258 0.187812 0.186255 0.187355 0.188407 0.190789 0.193350 0.197186 0.203239 0.211837 0.219048 0.224976 0.237980 0.266662 0.322612 0.350606 0.366767 0.369583 0.369995 0.369999 0.370000 0.370000 0.370000 0.370000 0.370000 0.367494 0.364844 0.364498 -9999.0 -9999.0 -9999.0 -9999.0 -9999.0 -9999.0 -9999.0 -9999.0 -9999.0
-9999.0 -9999.0 0.172506 0.175171 0.177680 0.180302 0.184133 0.189421 0.193790 0.199934 0.210167 0.223874 0.234784 0.240653 0.232953 0.219919 0.213418 0.213843 0.212201 0.209024 0.203795 0.201948 0.200738 0.199772 0.197729 0.196870 0.196501 0.195737 0.194112 0.190711 0.187843 0.185943 0.183939 0.183967 0.183630 0.182944 0.183444 0.183318 0.183505 0.183406 0.183546 0.183850 0.184244 0.184774 0.184811 0.184954 0.185162 0.185772 0.186724 0.188011 0.190545 0.194416 0.197574 0.198396 0.196798 0.197355 0.199774 0.206005 0.230091 0.295140 0.342467 0.360033 0.367828 0.369433 0.369726 0.369991 0.370000 0.369564 0.356823 0.359468 -9999.0 -9999.0 -9999.0 -9999.0 -9999.0 -9999.0 -9999.0 -9999.0 -9999.0 -9999.0
-9999.0 -9999.0 -9999.0 -9999.0 0.171593 0.175170 0.178500 0.178228 0.180723 0.182287 0.183842 0.185780 0.187413 0.188510 0.187134 0.186742 0.186432 0.186634 0.186349 0.185967 0.185758 0.185530 0.185322 0.185012 0.185109 0.185377 0.185447 0.184928 0.184899 0.183884 0.183694 0.183100 0.182529 0.181900 0.182007 0.181923 0.182185 0.181903 0.182343 0.182079 0.182412 0.182572 0.182996 0.183679 0.183435 0.183832 0.183866 0.184407 0.184661 0.186152 0.188645 0.191663 0.193814 0.193742 0.191080 0.189994 0.189416 0.191117 0.194230 0.201436 0.223649 0.260892 0.323766 0.342292 0.351078 0.361075 0.366200 0.366913 -9999.0 -9999.0 -9999.0 -9999.0 -9999.0 -9999.0 -9999.0 -9999.0 -9999.0 -9999.0 -9999.0 -9999.0
-9999.0 -9999.0 -9999.0 -9999.0 -9999.0 -9999.0 0.173008 0.174751 0.174315 0.175583 0.176720 0.177667 0.179171 0.178955 0.179344 0.180532 0.180338 0.179769 0.179064 0.180110 0.180543 0.180653 0.179488 0.179801 0.179908 0.180363 0.180317 0.180503 0.179489 0.180634 0.181174 0.180931 0.180696 0.180899 0.180635 0.181378 0.181466 0.180869 0.180707 0.181566 0.181814 0.181699 0.181886 0.182501 0.183399 0.183539 0.183145 0.182609 0.183572 0.185800 0.188431 0.190885 0.192557 0.193113 0.190868 0.187982 0.186591 0.186442 0.187663 0.190076 0.196121 0.200850 0.205228 0.211120 0.218666 0.267090 -9999.0 -9999.0 -9999.0 -9999.0 -9999.0 -9999.0 -9999.0 -9999.0 -9999.0 -9999.0 -9999.0 -9999.0 -9999.0 -9999.0
-9999.0 -9999.0 -9999.0 -9999.0 -9999.0 -9999.0 -9999.0 -9999.0 -9999.0 -9999.0 -9999.0 -9999.0 -9999.0 -9999.0 -9999.0 -9999.0 -9999.0 -9999.0 -9999.0 -9999.0 -9999.0 -9999.0 -9999.0 -9999.0 -9999.0 -9999.0 -9999.0 -9999.0 -9999.0 -9999.0 -9999.0 -9999.0 -9999.0 -9999.0 -9999.0 -9999.0 -9999.0 -9999.0 -9999.0 -9999.0 -9999.0 -9999.0 -9999.0 -9999.0 -9999.0 -9999.0 -9999.0 -9999.0 -9999.0 -9999.0 -9999.0 -9999.0 -9999.0 -9999.0 -9999.0 -9999.0 -9999.0 -9999.0 -9999.0 -9999.0 -9999.0 -9999.0 -9999.0 -9999.0 -9999.0 -9999.0 -9999.0 -9999.0 -9999.0 -9999.0 -9999.0 -9999.0 -9999.0 -9999.0 -9999.0 -9999.0 -9999.0 -9999.0 -9999.0 -9999.0
-9999.0 -9999.0 -9999.0 -9999.0 -9999.0 -9999.0 -9999.0 -9999.0 -9999.0 -9999.0 -9999.0 -9999.0 -9999.0 -9999.0 -9999.0 -9999.0 -9999.0 -9999.0 -9999.0 -9999.0 -9999.0 -9999.0 -9999.0 -9999.0 -9999.0 -9999.0 -9999.0 -9999.0 -9999.0 -9999.0 -9999.0 -9999.0 -9999.0 -9999.0 -9999.0 -9999.0 -9999.0 -9999.0 -9999.0 -9999.0 -9999.0 -9999.0 -9999.0 -9999.0 -9999.0 -9999.0 -9999.0 -9999.0 -9999.0 -9999.0 -9999.0 -9999.0 -9999.0 -9999.0 -9999.0 -9999.0 -9999.0 -9999.0 -9999.0 -9999.0 -9999.0 -9999.0 -9999.0 -9999.0 -9999.0 -9999.0 -9999.0 -9999.0 -9999.0 -9999.0 -9999.0 -9999.0 -9999.0 -9999.0 -9999.0 -9999.0 -9999.0 -9999.0 -9999.0 -9999.0