Borden_/Borden1m_014/output_maps/thetaliqL0001N0020.asc
ncols         80
nrows         18
xllcorner     620200.000000
yllcorner     5168000.000000
cellsize      1.000000
NODATA_value  -9999.0
-9999.0 -9999.0 -9999.0 -9999.0 -9999.0 -9999.0 -9999.0 -9999.0 -9999.0 -9999.0 -9999.0 -9999.0 -9999.0 -9999.0 -9999.0 -9999.0 -9999.0 -9999.0 -9999.0 -9999.0 -9999.0 -9999.0 -9999.0 -9999.0 -9999.0 -9999.0 -9999.0 -9999.0 -9999.0 -9999.0 -9999.0 -9999.0 -9999.0 -9999.0 -9999.0 -9999.0 -9999.0 -9999.0 -9999.0 -9999.0 -9999.0 -9999.0 -9999.0 -9999.0 -9999.0 -9999.0 -9999.0 -9999.0 -9999.0 -9999.0 -9999.0 -9999.0 -9999.0 -9999.0 -9999.0 -9999.0 -9999.0 -9999.0 -9999.0 -9999.0 -9999.0 -9999.0 -9999.0 -9999.0 -9999.0 -9999.0 -9999.0 -9999.0 -9999.0 -9999.0 -9999.0 -9999.0 -9999.0 -9999.0 -9999.0 -9999.0 -9999.0 -9999.0 -9999.0 -9999.0
-9999.0 -9999.0 -9999.0 -9999.0 -9999.0 -9999.0 -9999.0 -9999.0 -9999.0 -9999.0 -9999.0 -9999.0 -9999.0 -9999.0 -9999.0 -9999.0 -9999.0 -9999.0 -9999.0 -9999.0 -9999.0 -9999.0 -9999.0 -9999.0 -9999.0 -9999.0 -9999.0 -9999.0 -9999.0 -9999.0 -9999.0 -9999.0 -9999.0 -9999.0 -9999.0 -9999.0 -9999.0 -9999.0 -9999.0 -9999.0 -9999.0 -9999.0 -9999.0 -9999.0 -9999.0 -9999.0 -9999.0 -9999.0 -9999.0 -9999.0 -9999.0 -9999.0 -9999.0 -9999.0 -9999.0 -9999.0 -9999.0 -9999.0 -9999.0 -9999.0 -9999.0 -9999.0 -9999.0 -9999.0 -9999.0 -9999.0 -9999.0 -9999.0 -9999.0 -9999.0 -9999.0 -9999.0 -9999.0 -9999.0 -9999.0 -9999.0 -9999.0 -9999.0 -9999.0 -9999.0
-9999.0 -9999.0 -9999.0 -9999.0 -9999.0 -9999.0 -9999.0 -9999.0 -9999.0 -9999.0 -9999.0 -9999.0 -9999.0 -9999.0 -9999.0 -9999.0 -9999.0 -9999.0 -9999.0 -9999.0 0.223029 0.223773 0.222365 0.220818 0.219478 0.219267 0.220740 0.222371 0.224281 0.224610 0.222929 0.223395 0.222704 0.222276 0.222200 0.222659 0.222888 0.223490 0.223850 0.223623 0.223131 0.222803 0.222438 0.222508 0.223102 0.222322 0.223444 0.224499 0.224841 0.224921 0.223583 0.223077 0.222914 0.221585 0.223979 0.224587 0.226246 0.226357 0.226752 0.224893 0.223078 -9999.0 -9999.0 -9999.0 -9999.0 -9999.0 -9999.0 -9999.0 -9999.0 -9999.0 -9999.0 -9999.0 -9999.0 -9999.0 -9999.0 -9999.0 -9999.0 -9999.0 -9999.0 -9999.0
-9999.0 -9999.0 -9999.0 -9999.0 -9999.0 -9999.0 -9999.0 -9999.0 -9999.0 -9999.0 -9999.0 -9999.0 -9999.0 -9999.0 0.220848 0.220028 0.219634 0.219307 0.220628 0.221596 0.221501 0.220648 0.221422 0.219849 0.218442 0.219286 0.220376 0.221153 0.222594 0.223752 0.222599 0.222314 0.222892 0.225065 0.225965 0.225464 0.222772 0.225266 0.226423 0.227181 0.227080 0.225844 0.227499 0.229442 0.228398 0.226346 0.226797 0.227900 0.229811 0.229002 0.222690 0.222251 0.222669 0.222911 0.222076 0.221426 0.223816 0.223395 0.223059 0.222820 0.221624 0.219517 0.218539 0.220822 0.222688 0.226784 -9999.0 -9999.0 -9999.0 -9999.0 -9999.0 -9999.0 -9999.0 -9999.0 -9999.0 -9999.0 -9999.0 -9999.0 -9999.0 -9999.0
-9999.0 -9999.0 -9999.0 -9999.0 -9999.0 -9999.0 -9999.0 -9999.0 -9999.0 0.219772 0.219498 0.219700 0.219096 0.219772 0.218474 0.218729 0.218443 0.219331 0.219944 0.221124 0.222859 0.221453 0.221258 0.222209 0.222272 0.222529 0.223146 0.225910 0.229019 0.234393 0.229581 0.229392 0.231918 0.242146 0.251230 0.253770 0.249188 0.249093 0.254921 0.261987 0.261528 0.260786 0.268464 0.272937 0.276370 0.269312 0.262711 0.261594 0.271238 0.255384 0.242102 0.230950 0.231738 0.228389 0.224834 0.223624 0.223042 0.225804 0.224854 0.222559 0.220720 0.221556 0.220435 0.221514 0.222110 0.225156 0.227864 0.230613 0.230751 0.228956 -9999.0 -9999.0 -9999.0 -9999.0 -9999.0 -9999.0 -9999.0 -9999.0 -9999.0 -9999.0
-9999.0 -9999.0 -9999.0 -9999.0 -9999.0 -9999.0 0.218627 0.218475 0.218876 0.217255 0.218236 0.217413 0.218110 0.218341 0.218730 0.218618 0.219736 0.220634 0.222238 0.224433 0.226550 0.225186 0.225698 0.228861 0.236066 0.242974 0.247035 0.254399 0.280132 0.310000 0.327505 0.337236 0.352167 0.357251 0.363590 0.368860 0.363074 0.360849 0.362335 0.365700 0.369553 0.369562 0.369625 0.369705 0.369889 0.369868 0.366047 0.363843 0.363210 0.362755 0.358407 0.350727 0.300518 0.272849 0.250579 0.239209 0.236895 0.238089 0.233705 0.228060 0.224877 0.225049 0.224501 0.223239 0.223832 0.225002 0.226915 0.228166 0.227251 0.226081 0.225323 0.223273 0.223635 0.225647 -9999.0 -9999.0 -9999.0 -9999.0 -9999.0 -9999.0
-9999.0 -9999.0 -9999.0 -9999.0 0.216382 0.217060 0.214941 0.216063 0.216872 0.217425 0.217244 0.218288 0.218438 0.219111 0.220685 0.221793 0.223992 0.225534 0.230489 0.242568 0.254458 0.261702 0.265352 0.298644 0.352138 0.358911 0.360359 0.362454 0.366247 0.369920 0.369976 0.369918 0.369962 0.369999 0.370000 0.370000 0.370000 0.370000 0.370000 0.370000 0.370000 0.370000 0.370000 0.370000 0.370000 0.370000 0.370000 0.370000 0.369997 0.370000 0.369989 0.369958 0.368227 0.365825 0.364205 0.360805 0.353104 0.340613 0.284252 0.263136 0.246029 0.239720 0.234022 0.231527 0.228028 0.228738 0.229812 0.228096 0.225968 0.223969 0.223891 0.223051 0.221943 0.224602 0.225394 0.228223 -9999.0 -9999.0 -9999.0 -9999.0
-9999.0 -9999.0 0.216445 0.216350 0.218106 0.216845 0.216120 0.215061 0.215349 0.216950 0.219992 0.221018 0.222932 0.223815 0.228673 0.242800 0.259684 0.273954 0.318815 0.354338 0.361017 0.364563 0.369365 0.369797 0.369894 0.369999 0.369996 0.370000 0.370000 0.370000 0.370000 0.370000 0.370000 0.370000 0.370000 0.370000 0.370000 0.370000 0.370000 0.370000 0.370000 0.370000 0.370000 0.370000 0.370000 0.370000 0.370000 0.370000 0.370000 0.370000 0.370000 0.370000 0.370000 0.370000 0.369999 0.369999 0.369959 0.368705 0.367009 0.364236 0.357318 0.350455 0.297439 0.267866 0.250923 0.242905 0.235636 0.231439 0.227745 0.224319 0.223416 0.222926 0.223537 0.223072 0.224463 0.225437 0.227025 0.227575 -9999.0 -9999.0
-9999.0 0.216116 0.215293 0.218377 0.218554 0.218973 0.219627 0.220174 0.220878 0.219357 0.227696 0.245430 0.264754 0.271846 0.306829 0.356756 0.369389 0.369782 0.369785 0.369990 0.369995 0.370000 0.370000 0.370000 0.370000 0.370000 0.370000 0.370000 0.370000 0.370000 0.370000 0.370000 0.370000 0.370000 0.370000 0.370000 0.370000 0.370000 0.369998 0.370000 0.370000 0.370000 0.369998 0.370000 0.369999 0.369997 0.370000 0.370000 0.369997 0.370000 0.370000 0.370000 0.370000 0.370000 0.370000 0.370000 0.370000 0.370000 0.370000 0.369999 0.369795 0.368651 0.365414 0.359354 0.351321 0.294205 0.262367 0.246538 0.235702 0.232025 0.229857 0.224995 0.223901 0.225121 0.224484 0.224422 0.225035 0.225490 -9999.0 -9999.0
-9999.0 0.213042 0.215914 0.218948 0.222575 0.222465 0.237606 0.252155 0.256561 0.248494 0.287245 0.369491 0.369750 0.369950 0.369998 0.370000 0.370000 0.370000 0.370000 0.370000 0.370000 0.370000 0.370000 0.370000 0.370000 0.370000 0.370000 0.370000 0.370000 0.370000 0.370000 0.370000 0.370000 0.369998 0.369984 0.369970 0.369948 0.368912 0.366745 0.364606 0.363572 0.365366 0.364508 0.362905 0.362523 0.364555 0.366958 0.366693 0.367415 0.368739 0.369653 0.369991 0.369998 0.370000 0.370000 0.370000 0.370000 0.370000 0.370000 0.370000 0.370000 0.370000 0.369998 0.369684 0.367891 0.361625 0.355420 0.347245 0.283523 0.263713 0.249439 0.237939 0.230500 0.229181 0.225683 0.225412 -9999.0 -9999.0 -9999.0 -9999.0
-9999.0 0.213060 0.215848 0.221853 0.236791 0.263316 0.352840 0.367208 0.369998 0.369908 0.370000 0.370000 0.370000 0.370000 0.370000 0.370000 0.370000 0.370000 0.370000 0.370000 0.370000 0.370000 0.370000 0.370000 0.370000 0.370000 0.370000 0.370000 0.369902 0.369652 0.369139 0.368490 0.366651 0.359623 0.356027 0.352027 0.302918 0.294330 0.285911 0.271910 0.266120 0.262276 0.267544 0.266064 0.265490 0.268658 0.277142 0.284138 0.319540 0.351326 0.356634 0.361720 0.364830 0.368099 0.369523 0.369994 0.369999 0.369999 0.370000 0.370000 0.370000 0.370000 0.370000 0.370000 0.369999 0.369694 0.368898 0.366235 0.360198 0.354839 0.348936 0.295586 0.261073 0.239934 0.234937 -9999.0 -9999.0 -9999.0 -9999.0 -9999.0
-9999.0 0.208998 0.216291 0.221147 0.249688 0.354808 0.366093 0.370000 0.370000 0.370000 0.369917 0.369999 0.369998 0.370000 0.370000 0.369999 0.369999 0.369999 0.370000 0.369997 0.369938 0.369752 0.369694 0.369472 0.368755 0.367806 0.366904 0.365540 0.361171 0.356798 0.342924 0.311157 0.269473 0.251036 0.242074 0.234243 0.227396 0.227615 0.229777 0.227986 0.226131 0.224072 0.226499 0.227547 0.228627 0.227221 0.227476 0.230733 0.236348 0.243226 0.254691 0.271170 0.295633 0.350320 0.355364 0.360854 0.364884 0.368345 0.369860 0.370000 0.370000 0.370000 0.370000 0.370000 0.370000 0.370000 0.370000 0.369995 0.369165 0.366712 0.364547 0.360593 0.354441 -9999.0 -9999.0 -9999.0 -9999.0 -9999.0 -9999.0 -9999.0
-9999.0 0.206600 0.214632 0.215703 0.224735 0.246225 0.289830 0.356164 0.369527 0.361321 0.359777 0.362026 0.364308 0.365837 0.364142 0.361498 0.359361 0.359931 0.360285 0.358106 0.355355 0.353736 0.353308 0.348665 0.318324 0.300553 0.292332 0.279789 0.265884 0.251856 0.235000 0.228236 0.223768 0.222406 0.221394 0.220288 0.217884 0.219293 0.220328 0.220067 0.219297 0.218672 0.220458 0.220996 0.221547 0.219803 0.220926 0.221803 0.223947 0.226111 0.229351 0.234450 0.241609 0.247403 0.252774 0.262129 0.278265 0.336218 0.357858 0.366970 0.369576 0.369992 0.370000 0.370000 0.370000 0.370000 0.370000 0.370000 0.370000 0.369654 0.368668 -9999.0 -9999.0 -9999.0 -9999.0 -9999.0 -9999.0 -9999.0 -9999.0 -9999.0
-9999.0 -9999.0 0.205060 0.208314 0.211249 0.214002 0.217920 0.223676 0.227598 0.233437 0.242471 0.253613 0.261484 0.265434 0.260072 0.250003 0.244651 0.245146 0.243768 0.241015 0.236073 0.234047 0.232792 0.231819 0.229954 0.229226 0.228960 0.228389 0.227079 0.224011 0.221430 0.219762 0.217801 0.218045 0.217785 0.217077 0.217744 0.217588 0.217777 0.217648 0.217801 0.218112 0.218458 0.218961 0.218931 0.219060 0.219206 0.219732 0.220534 0.221565 0.223760 0.227167 0.229830 0.230448 0.228915 0.229400 0.231450 0.236579 0.256684 0.299936 0.353917 0.362425 0.368187 0.369637 0.369967 0.369990 0.370000 0.370000 0.370000 0.369999 -9999.0 -9999.0 -9999.0 -9999.0 -9999.0 -9999.0 -9999.0 -9999.0 -9999.0 -9999.0
-9999.0 -9999.0 -9999.0 -9999.0 0.203833 0.208289 0.212434 0.211931 0.214820 0.216388 0.217804 0.219580 0.221031 0.222071 0.220595 0.220280 0.220035 0.220315 0.220059 0.219677 0.219505 0.219300 0.219141 0.218828 0.218968 0.219279 0.219385 0.218858 0.218961 0.217935 0.217890 0.217370 0.216852 0.216191 0.216383 0.216310 0.216642 0.216302 0.216822 0.216465 0.216827 0.216959 0.217376 0.218084 0.217705 0.218116 0.218092 0.218617 0.218686 0.220016 0.222265 0.224945 0.226798 0.226668 0.224121 0.223172 0.222550 0.224080 0.226665 0.232744 0.251880 0.274901 0.337279 0.355175 0.359413 0.364112 0.368767 0.369976 -9999.0 -9999.0 -9999.0 -9999.0 -9999.0 -9999.0 -9999.0 -9999.0 -9999.0 -9999.0 -9999.0 -9999.0
-9999.0 -9999.0 -9999.0 -9999.0 -9999.0 -9999.0 0.205700 0.207886 0.207238 0.208747 0.210038 0.211040 0.212718 0.212361 0.212809 0.214226 0.214014 0.213365 0.212533 0.213797 0.214319 0.214478 0.213110 0.213517 0.213645 0.214182 0.214126 0.214390 0.213204 0.214642 0.215345 0.215125 0.214917 0.215224 0.214924 0.215841 0.215950 0.215226 0.215007 0.216022 0.216273 0.216077 0.216224 0.216858 0.217831 0.217930 0.217429 0.216712 0.217643 0.219824 0.222228 0.224349 0.225761 0.226309 0.224258 0.221482 0.220113 0.219861 0.220871 0.222838 0.228136 0.231931 0.235312 0.241113 0.247074 0.277867 -9999.0 -9999.0 -9999.0 -9999.0 -9999.0 -9999.0 -9999.0 -9999.0 -9999.0 -9999.0 -9999.0 -9999.0 -9999.0 -9999.0
-9999.0 -9999.0 -9999.0 -9999.0 -9999.0 -9999.0 -9999.0 -9999.0 -9999.0 -9999.0 -9999.0 -9999.0 -9999.0 -9999.0 -9999.0 -9999.0 -9999.0 -9999.0 -9999.0 -9999.0 -9999.0 -9999.0 -9999.0 -9999.0 -9999.0 -9999.0 -9999.0 -9999.0 -9999.0 -9999.0 -9999.0 -9999.0 -9999.0 -9999.0 -9999.0 -9999.0 -9999.0 -9999.0 -9999.0 -9999.0 -9999.0 -9999.0 -9999.0 -9999.0 -9999.0 -9999.0 -9999.0 -9999.0 -9999.0 -9999.0 -9999.0 -9999.0 -9999.0 -9999.0 -9999.0 -9999.0 -9999.0 -9999.0 -9999.0 -9999.0 -9999.0 -9999.0 -9999.0 -9999.0 -9999.0 -9999.0 -9999.0 -9999.0 -9999.0 -9999.0 -9999.0 -9999.0 -9999.0 -9999.0 -9999.0 -9999.0 -9999.0 -9999.0 -9999.0 -9999.0
-9999.0 -9999.0 -9999.0 -9999.0 -9999.0 -9999.0 -9999.0 -9999.0 -9999.0 -9999.0 -9999.0 -9999.0 -9999.0 -9999.0 -9999.0 -9999.0 -9999.0 -9999.0 -9999.0 -9999.0 -9999.0 -9999.0 -9999.0 -9999.0 -9999.0 -9999.0 -9999.0 -9999.0 -9999.0 -9999.0 -9999.0 -9999.0 -9999.0 -9999.0 -9999.0 -9999.0 -9999.0 -9999.0 -9999.0 -9999.0 -9999.0 -9999.0 -9999.0 -9999.0 -9999.0 -9999.0 -9999.0 -9999.0 -9999.0 -9999.0 -9999.0 -9999.0 -9999.0 -9999.0 -9999.0 -9999.0 -9999.0 -9999.0 -9999.0 -9999.0 -9999.0 -9999.0 -9999.0 -9999.0 -9999.0 -9999.0 -9999.0 -9999.0 -9999.0 -9999.0 -9999.0 -9999.0 -9999.0 -9999.0 -9999.0 -9999.0 -9999.0 -9999.0 -9999.0 -9999.0