Borden_/Borden1m_014/output_maps/thetaliqL0002N0022.asc
ncols         80
nrows         18
xllcorner     620200.000000
yllcorner     5168000.000000
cellsize      1.000000
NODATA_value  -9999.0
-9999.0 -9999.0 -9999.0 -9999.0 -9999.0 -9999.0 -9999.0 -9999.0 -9999.0 -9999.0 -9999.0 -9999.0 -9999.0 -9999.0 -9999.0 -9999.0 -9999.0 -9999.0 -9999.0 -9999.0 -9999.0 -9999.0 -9999.0 -9999.0 -9999.0 -9999.0 -9999.0 -9999.0 -9999.0 -9999.0 -9999.0 -9999.0 -9999.0 -9999.0 -9999.0 -9999.0 -9999.0 -9999.0 -9999.0 -9999.0 -9999.0 -9999.0 -9999.0 -9999.0 -9999.0 -9999.0 -9999.0 -9999.0 -9999.0 -9999.0 -9999.0 -9999.0 -9999.0 -9999.0 -9999.0 -9999.0 -9999.0 -9999.0 -9999.0 -9999.0 -9999.0 -9999.0 -9999.0 -9999.0 -9999.0 -9999.0 -9999.0 -9999.0 -9999.0 -9999.0 -9999.0 -9999.0 -9999.0 -9999.0 -9999.0 -9999.0 -9999.0 -9999.0 -9999.0 -9999.0
-9999.0 -9999.0 -9999.0 -9999.0 -9999.0 -9999.0 -9999.0 -9999.0 -9999.0 -9999.0 -9999.0 -9999.0 -9999.0 -9999.0 -9999.0 -9999.0 -9999.0 -9999.0 -9999.0 -9999.0 -9999.0 -9999.0 -9999.0 -9999.0 -9999.0 -9999.0 -9999.0 -9999.0 -9999.0 -9999.0 -9999.0 -9999.0 -9999.0 -9999.0 -9999.0 -9999.0 -9999.0 -9999.0 -9999.0 -9999.0 -9999.0 -9999.0 -9999.0 -9999.0 -9999.0 -9999.0 -9999.0 -9999.0 -9999.0 -9999.0 -9999.0 -9999.0 -9999.0 -9999.0 -9999.0 -9999.0 -9999.0 -9999.0 -9999.0 -9999.0 -9999.0 -9999.0 -9999.0 -9999.0 -9999.0 -9999.0 -9999.0 -9999.0 -9999.0 -9999.0 -9999.0 -9999.0 -9999.0 -9999.0 -9999.0 -9999.0 -9999.0 -9999.0 -9999.0 -9999.0
-9999.0 -9999.0 -9999.0 -9999.0 -9999.0 -9999.0 -9999.0 -9999.0 -9999.0 -9999.0 -9999.0 -9999.0 -9999.0 -9999.0 -9999.0 -9999.0 -9999.0 -9999.0 -9999.0 -9999.0 0.217357 0.218109 0.216586 0.214891 0.213448 0.213244 0.214842 0.216661 0.218787 0.219183 0.217388 0.217858 0.217137 0.216707 0.216648 0.217141 0.217387 0.218063 0.218481 0.218252 0.217715 0.217349 0.216979 0.217072 0.217697 0.216859 0.218073 0.219244 0.219640 0.219679 0.218145 0.217540 0.217330 0.215928 0.218460 0.219155 0.220984 0.221137 0.221521 0.219466 0.217466 -9999.0 -9999.0 -9999.0 -9999.0 -9999.0 -9999.0 -9999.0 -9999.0 -9999.0 -9999.0 -9999.0 -9999.0 -9999.0 -9999.0 -9999.0 -9999.0 -9999.0 -9999.0 -9999.0
-9999.0 -9999.0 -9999.0 -9999.0 -9999.0 -9999.0 -9999.0 -9999.0 -9999.0 -9999.0 -9999.0 -9999.0 -9999.0 -9999.0 0.214788 0.213939 0.213537 0.213237 0.214671 0.215763 0.215731 0.214843 0.215609 0.213935 0.212451 0.213342 0.214553 0.215485 0.217127 0.218422 0.217179 0.216872 0.217516 0.219885 0.220909 0.220384 0.217527 0.220197 0.221504 0.222356 0.222242 0.220923 0.222720 0.224839 0.223725 0.221493 0.221978 0.223209 0.225288 0.224301 0.217414 0.216828 0.217228 0.217429 0.216519 0.215840 0.218383 0.217979 0.217592 0.217240 0.215868 0.213571 0.212531 0.214964 0.217054 0.221536 -9999.0 -9999.0 -9999.0 -9999.0 -9999.0 -9999.0 -9999.0 -9999.0 -9999.0 -9999.0 -9999.0 -9999.0 -9999.0 -9999.0
-9999.0 -9999.0 -9999.0 -9999.0 -9999.0 -9999.0 -9999.0 -9999.0 -9999.0 0.213549 0.213288 0.213507 0.212911 0.213626 0.212327 0.212600 0.212333 0.213305 0.214032 0.215366 0.217246 0.215789 0.215591 0.216595 0.216684 0.217014 0.217774 0.220859 0.224400 0.230309 0.225132 0.224912 0.227652 0.238527 0.248550 0.251500 0.246309 0.246246 0.252765 0.260721 0.260422 0.259622 0.268333 0.273569 0.277506 0.269328 0.261648 0.260401 0.271186 0.253287 0.238435 0.226559 0.227391 0.223675 0.219729 0.218342 0.217753 0.220693 0.219627 0.217072 0.215028 0.215807 0.214614 0.215778 0.216506 0.219868 0.222918 0.225977 0.226128 0.224151 -9999.0 -9999.0 -9999.0 -9999.0 -9999.0 -9999.0 -9999.0 -9999.0 -9999.0 -9999.0
-9999.0 -9999.0 -9999.0 -9999.0 -9999.0 -9999.0 0.212242 0.212109 0.212547 0.210940 0.211972 0.211166 0.211908 0.212187 0.212637 0.212576 0.213797 0.214832 0.216650 0.219133 0.221514 0.220112 0.220707 0.224209 0.231830 0.239263 0.243837 0.252195 0.281797 0.316067 0.332387 0.340451 0.350946 0.356846 0.364157 0.369070 0.363637 0.361098 0.362813 0.366474 0.369692 0.369702 0.369752 0.369807 0.369933 0.369917 0.366815 0.364507 0.363791 0.363115 0.358099 0.349280 0.305996 0.273209 0.247891 0.235271 0.232875 0.234516 0.229629 0.223321 0.219736 0.219827 0.219175 0.217830 0.218473 0.219807 0.221937 0.223310 0.222284 0.220934 0.219990 0.217752 0.218126 0.220310 -9999.0 -9999.0 -9999.0 -9999.0 -9999.0 -9999.0
-9999.0 -9999.0 -9999.0 -9999.0 0.209931 0.210625 0.208491 0.209647 0.210506 0.211120 0.211005 0.212135 0.212364 0.213137 0.214876 0.216169 0.218649 0.220481 0.226026 0.238995 0.252144 0.260325 0.264828 0.303941 0.351095 0.358714 0.360443 0.362963 0.367027 0.369952 0.369942 0.369992 0.369981 0.370000 0.370000 0.370000 0.370000 0.370000 0.370000 0.370000 0.370000 0.370000 0.370000 0.370000 0.370000 0.370000 0.370000 0.370000 0.370000 0.370000 0.370000 0.369977 0.368702 0.366541 0.364714 0.360852 0.351963 0.341458 0.287130 0.262036 0.242870 0.236125 0.230020 0.227174 0.223343 0.224084 0.225207 0.223298 0.220890 0.218643 0.218459 0.217504 0.216345 0.219189 0.220120 0.223208 -9999.0 -9999.0 -9999.0 -9999.0
-9999.0 -9999.0 0.209921 0.209880 0.211715 0.210470 0.209738 0.208689 0.209027 0.210739 0.214006 0.215259 0.217429 0.218537 0.223945 0.239144 0.258079 0.274711 0.323953 0.353724 0.361329 0.365343 0.369548 0.369875 0.369986 0.369993 0.370000 0.370000 0.370000 0.370000 0.370000 0.370000 0.370000 0.370000 0.370000 0.370000 0.370000 0.370000 0.370000 0.370000 0.370000 0.370000 0.370000 0.370000 0.370000 0.370000 0.370000 0.370000 0.370000 0.370000 0.370000 0.370000 0.370000 0.370000 0.370000 0.370000 0.369978 0.369026 0.367635 0.364797 0.356685 0.348717 0.302509 0.267580 0.248629 0.240001 0.231920 0.227159 0.222955 0.219133 0.218059 0.217448 0.218047 0.217599 0.219103 0.220202 0.221918 0.222542 -9999.0 -9999.0
-9999.0 0.209485 0.208726 0.211953 0.212295 0.212827 0.213577 0.214220 0.215038 0.213622 0.222717 0.242013 0.263715 0.272207 0.312477 0.357012 0.369568 0.369856 0.369960 0.369968 0.370000 0.370000 0.370000 0.370000 0.370000 0.370000 0.370000 0.370000 0.370000 0.370000 0.370000 0.370000 0.370000 0.370000 0.370000 0.370000 0.370000 0.370000 0.370000 0.370000 0.370000 0.370000 0.370000 0.370000 0.370000 0.370000 0.370000 0.370000 0.370000 0.370000 0.370000 0.370000 0.370000 0.370000 0.370000 0.370000 0.370000 0.370000 0.370000 0.370000 0.369860 0.368894 0.365938 0.359148 0.349805 0.298861 0.261502 0.244123 0.232032 0.227796 0.225257 0.219902 0.218629 0.219865 0.219170 0.219095 0.219762 0.220271 -9999.0 -9999.0
-9999.0 0.206334 0.209297 0.212596 0.216715 0.216957 0.233098 0.249228 0.254518 0.245752 0.289909 0.369639 0.369972 0.369972 0.369999 0.370000 0.370000 0.370000 0.370000 0.370000 0.370000 0.370000 0.370000 0.370000 0.370000 0.370000 0.370000 0.370000 0.370000 0.370000 0.370000 0.370000 0.370000 0.369999 0.369992 0.369984 0.369971 0.369273 0.367523 0.365397 0.364250 0.366043 0.365177 0.363474 0.363069 0.365273 0.367640 0.367408 0.367952 0.368986 0.369753 0.369996 0.369999 0.369999 0.370000 0.370000 0.370000 0.370000 0.370000 0.370000 0.370000 0.370000 0.370000 0.369772 0.368144 0.361658 0.354322 0.345291 0.286105 0.262744 0.246973 0.234404 0.226121 0.224499 0.220629 0.220174 -9999.0 -9999.0 -9999.0 -9999.0
-9999.0 0.206253 0.209141 0.215580 0.232349 0.261363 0.351303 0.367549 0.369999 0.369947 0.370000 0.370000 0.370000 0.370000 0.370000 0.370000 0.370000 0.370000 0.370000 0.370000 0.370000 0.370000 0.370000 0.370000 0.370000 0.370000 0.370000 0.370000 0.369937 0.369743 0.369363 0.368874 0.367275 0.359678 0.355354 0.350925 0.309046 0.298632 0.288560 0.272108 0.265365 0.261006 0.266950 0.265348 0.264747 0.268363 0.278222 0.286925 0.324558 0.349736 0.355855 0.362008 0.365413 0.368405 0.369643 0.369998 0.370000 0.370000 0.370000 0.370000 0.370000 0.370000 0.370000 0.370000 0.370000 0.369774 0.369057 0.366355 0.359775 0.353233 0.346413 0.299695 0.259687 0.236566 0.230908 -9999.0 -9999.0 -9999.0 -9999.0 -9999.0
-9999.0 0.202024 0.209409 0.214643 0.245711 0.353867 0.366218 0.370000 0.370000 0.370000 0.369944 0.370000 0.370000 0.370000 0.370000 0.370000 0.370000 0.370000 0.370000 0.369999 0.369892 0.369781 0.369763 0.369609 0.369108 0.368381 0.367605 0.366243 0.361369 0.356259 0.342851 0.316523 0.269127 0.248211 0.238246 0.229809 0.222473 0.222681 0.225001 0.223045 0.220988 0.218784 0.221420 0.222612 0.223796 0.222294 0.222639 0.226276 0.232578 0.240096 0.252642 0.271508 0.300890 0.348618 0.354368 0.361008 0.365502 0.368593 0.369870 0.370000 0.370000 0.370000 0.370000 0.370000 0.370000 0.370000 0.370000 0.369997 0.369247 0.366633 0.364138 0.359943 0.352700 -9999.0 -9999.0 -9999.0 -9999.0 -9999.0 -9999.0 -9999.0
-9999.0 0.199634 0.207634 0.208775 0.218391 0.241945 0.291190 0.355015 0.369618 0.361603 0.359679 0.362301 0.364834 0.366429 0.364689 0.361714 0.359215 0.359843 0.360196 0.357587 0.354061 0.352154 0.351793 0.348053 0.323793 0.305783 0.296153 0.281223 0.264981 0.249150 0.230928 0.223342 0.218348 0.216756 0.215583 0.214333 0.211805 0.213250 0.214336 0.214063 0.213257 0.212624 0.214516 0.215135 0.215730 0.213935 0.215137 0.216152 0.218552 0.221039 0.224744 0.230532 0.238577 0.245005 0.250589 0.261011 0.280043 0.337624 0.357553 0.367455 0.369693 0.369997 0.370000 0.370000 0.370000 0.370000 0.370000 0.370000 0.370000 0.369656 0.368660 -9999.0 -9999.0 -9999.0 -9999.0 -9999.0 -9999.0 -9999.0 -9999.0 -9999.0
-9999.0 -9999.0 0.198037 0.201270 0.204157 0.207040 0.211219 0.217178 0.221637 0.228124 0.238210 0.250721 0.259678 0.264170 0.258126 0.246922 0.240970 0.241456 0.239917 0.236874 0.231576 0.229529 0.228229 0.227218 0.225201 0.224393 0.224076 0.223398 0.221884 0.218470 0.215604 0.213720 0.211597 0.211776 0.211470 0.210726 0.211394 0.211233 0.211434 0.211311 0.211481 0.211821 0.212212 0.212772 0.212768 0.212921 0.213102 0.213703 0.214628 0.215849 0.218357 0.222206 0.225253 0.225988 0.224315 0.224840 0.227137 0.232918 0.254825 0.304906 0.353123 0.362832 0.368493 0.369718 0.369973 0.369996 0.370000 0.370000 0.370000 0.369994 -9999.0 -9999.0 -9999.0 -9999.0 -9999.0 -9999.0 -9999.0 -9999.0 -9999.0 -9999.0
-9999.0 -9999.0 -9999.0 -9999.0 0.196742 0.201223 0.205400 0.204938 0.207939 0.209684 0.211308 0.213324 0.215004 0.216156 0.214638 0.214313 0.214037 0.214293 0.213999 0.213608 0.213429 0.213201 0.212997 0.212663 0.212807 0.213136 0.213238 0.212674 0.212726 0.211650 0.211566 0.210983 0.210413 0.209716 0.209894 0.209820 0.210153 0.209805 0.210335 0.209993 0.210376 0.210531 0.210984 0.211744 0.211395 0.211835 0.211831 0.212401 0.212551 0.214057 0.216587 0.219615 0.221729 0.221612 0.218835 0.217749 0.217085 0.218786 0.221748 0.228618 0.249509 0.276078 0.338687 0.354213 0.359130 0.364589 0.368995 0.369978 -9999.0 -9999.0 -9999.0 -9999.0 -9999.0 -9999.0 -9999.0 -9999.0 -9999.0 -9999.0 -9999.0 -9999.0
-9999.0 -9999.0 -9999.0 -9999.0 -9999.0 -9999.0 0.198650 0.200874 0.200210 0.201821 0.203233 0.204338 0.206114 0.205810 0.206309 0.207770 0.207559 0.206880 0.206017 0.207311 0.207863 0.208011 0.206599 0.207009 0.207149 0.207698 0.207641 0.207899 0.206686 0.208148 0.208860 0.208616 0.208384 0.208682 0.208375 0.209300 0.209411 0.208675 0.208455 0.209497 0.209771 0.209592 0.209765 0.210444 0.211468 0.211596 0.211097 0.210394 0.211405 0.213780 0.216473 0.218900 0.220529 0.221116 0.218835 0.215800 0.214309 0.214071 0.215239 0.217531 0.223494 0.227881 0.231754 0.237748 0.244404 0.279873 -9999.0 -9999.0 -9999.0 -9999.0 -9999.0 -9999.0 -9999.0 -9999.0 -9999.0 -9999.0 -9999.0 -9999.0 -9999.0 -9999.0
-9999.0 -9999.0 -9999.0 -9999.0 -9999.0 -9999.0 -9999.0 -9999.0 -9999.0 -9999.0 -9999.0 -9999.0 -9999.0 -9999.0 -9999.0 -9999.0 -9999.0 -9999.0 -9999.0 -9999.0 -9999.0 -9999.0 -9999.0 -9999.0 -9999.0 -9999.0 -9999.0 -9999.0 -9999.0 -9999.0 -9999.0 -9999.0 -9999.0 -9999.0 -9999.0 -9999.0 -9999.0 -9999.0 -9999.0 -9999.0 -9999.0 -9999.0 -9999.0 -9999.0 -9999.0 -9999.0 -9999.0 -9999.0 -9999.0 -9999.0 -9999.0 -9999.0 -9999.0 -9999.0 -9999.0 -9999.0 -9999.0 -9999.0 -9999.0 -9999.0 -9999.0 -9999.0 -9999.0 -9999.0 -9999.0 -9999.0 -9999.0 -9999.0 -9999.0 -9999.0 -9999.0 -9999.0 -9999.0 -9999.0 -9999.0 -9999.0 -9999.0 -9999.0 -9999.0 -9999.0
-9999.0 -9999.0 -9999.0 -9999.0 -9999.0 -9999.0 -9999.0 -9999.0 -9999.0 -9999.0 -9999.0 -9999.0 -9999.0 -9999.0 -9999.0 -9999.0 -9999.0 -9999.0 -9999.0 -9999.0 -9999.0 -9999.0 -9999.0 -9999.0 -9999.0 -9999.0 -9999.0 -9999.0 -9999.0 -9999.0 -9999.0 -9999.0 -9999.0 -9999.0 -9999.0 -9999.0 -9999.0 -9999.0 -9999.0 -9999.0 -9999.0 -9999.0 -9999.0 -9999.0 -9999.0 -9999.0 -9999.0 -9999.0 -9999.0 -9999.0 -9999.0 -9999.0 -9999.0 -9999.0 -9999.0 -9999.0 -9999.0 -9999.0 -9999.0 -9999.0 -9999.0 -9999.0 -9999.0 -9999.0 -9999.0 -9999.0 -9999.0 -9999.0 -9999.0 -9999.0 -9999.0 -9999.0 -9999.0 -9999.0 -9999.0 -9999.0 -9999.0 -9999.0 -9999.0 -9999.0