Borden_/Borden1m_014/output_maps/thetaliqL0005N0033.asc
ncols         80
nrows         18
xllcorner     620200.000000
yllcorner     5168000.000000
cellsize      1.000000
NODATA_value  -9999.0
-9999.0 -9999.0 -9999.0 -9999.0 -9999.0 -9999.0 -9999.0 -9999.0 -9999.0 -9999.0 -9999.0 -9999.0 -9999.0 -9999.0 -9999.0 -9999.0 -9999.0 -9999.0 -9999.0 -9999.0 -9999.0 -9999.0 -9999.0 -9999.0 -9999.0 -9999.0 -9999.0 -9999.0 -9999.0 -9999.0 -9999.0 -9999.0 -9999.0 -9999.0 -9999.0 -9999.0 -9999.0 -9999.0 -9999.0 -9999.0 -9999.0 -9999.0 -9999.0 -9999.0 -9999.0 -9999.0 -9999.0 -9999.0 -9999.0 -9999.0 -9999.0 -9999.0 -9999.0 -9999.0 -9999.0 -9999.0 -9999.0 -9999.0 -9999.0 -9999.0 -9999.0 -9999.0 -9999.0 -9999.0 -9999.0 -9999.0 -9999.0 -9999.0 -9999.0 -9999.0 -9999.0 -9999.0 -9999.0 -9999.0 -9999.0 -9999.0 -9999.0 -9999.0 -9999.0 -9999.0
-9999.0 -9999.0 -9999.0 -9999.0 -9999.0 -9999.0 -9999.0 -9999.0 -9999.0 -9999.0 -9999.0 -9999.0 -9999.0 -9999.0 -9999.0 -9999.0 -9999.0 -9999.0 -9999.0 -9999.0 -9999.0 -9999.0 -9999.0 -9999.0 -9999.0 -9999.0 -9999.0 -9999.0 -9999.0 -9999.0 -9999.0 -9999.0 -9999.0 -9999.0 -9999.0 -9999.0 -9999.0 -9999.0 -9999.0 -9999.0 -9999.0 -9999.0 -9999.0 -9999.0 -9999.0 -9999.0 -9999.0 -9999.0 -9999.0 -9999.0 -9999.0 -9999.0 -9999.0 -9999.0 -9999.0 -9999.0 -9999.0 -9999.0 -9999.0 -9999.0 -9999.0 -9999.0 -9999.0 -9999.0 -9999.0 -9999.0 -9999.0 -9999.0 -9999.0 -9999.0 -9999.0 -9999.0 -9999.0 -9999.0 -9999.0 -9999.0 -9999.0 -9999.0 -9999.0 -9999.0
-9999.0 -9999.0 -9999.0 -9999.0 -9999.0 -9999.0 -9999.0 -9999.0 -9999.0 -9999.0 -9999.0 -9999.0 -9999.0 -9999.0 -9999.0 -9999.0 -9999.0 -9999.0 -9999.0 -9999.0 0.130739 0.132327 0.125878 0.118248 0.112770 0.112697 0.119220 0.128423 0.139359 0.142517 0.135592 0.136353 0.134132 0.133559 0.134157 0.136080 0.136900 0.140683 0.143492 0.143122 0.140737 0.138711 0.137792 0.138840 0.140901 0.137739 0.142834 0.148859 0.151546 0.150089 0.140423 0.135797 0.133812 0.129135 0.137922 0.142219 0.151397 0.153147 0.153477 0.142979 0.133129 -9999.0 -9999.0 -9999.0 -9999.0 -9999.0 -9999.0 -9999.0 -9999.0 -9999.0 -9999.0 -9999.0 -9999.0 -9999.0 -9999.0 -9999.0 -9999.0 -9999.0 -9999.0 -9999.0
-9999.0 -9999.0 -9999.0 -9999.0 -9999.0 -9999.0 -9999.0 -9999.0 -9999.0 -9999.0 -9999.0 -9999.0 -9999.0 -9999.0 0.113699 0.111513 0.110666 0.111169 0.116940 0.122706 0.124846 0.122362 0.123176 0.117379 0.112869 0.115671 0.121437 0.128228 0.137843 0.144878 0.139597 0.138355 0.141906 0.153294 0.159808 0.158127 0.147248 0.157946 0.165811 0.171058 0.170428 0.165205 0.173982 0.184297 0.179951 0.169177 0.170659 0.177190 0.187338 0.178517 0.145681 0.139032 0.139023 0.137821 0.133753 0.131589 0.140889 0.140909 0.138464 0.133852 0.125659 0.115899 0.112450 0.120783 0.131806 0.153091 -9999.0 -9999.0 -9999.0 -9999.0 -9999.0 -9999.0 -9999.0 -9999.0 -9999.0 -9999.0 -9999.0 -9999.0 -9999.0 -9999.0
-9999.0 -9999.0 -9999.0 -9999.0 -9999.0 -9999.0 -9999.0 -9999.0 -9999.0 0.106930 0.106870 0.107670 0.107065 0.109247 0.107542 0.108453 0.108884 0.112774 0.117643 0.124889 0.132911 0.128786 0.128450 0.132206 0.133889 0.137291 0.143581 0.160458 0.183460 0.213475 0.192050 0.190909 0.204981 0.251080 0.291831 0.302885 0.284118 0.285368 0.309555 0.331308 0.332806 0.332200 0.347072 0.352822 0.355253 0.347860 0.335033 0.332346 0.346770 0.311000 0.249494 0.199424 0.199278 0.178352 0.156068 0.146897 0.145494 0.156725 0.150622 0.137096 0.126632 0.125952 0.121740 0.126151 0.131890 0.148638 0.166022 0.182383 0.183139 0.173224 -9999.0 -9999.0 -9999.0 -9999.0 -9999.0 -9999.0 -9999.0 -9999.0 -9999.0 -9999.0
-9999.0 -9999.0 -9999.0 -9999.0 -9999.0 -9999.0 0.100590 0.100845 0.102377 0.100829 0.103492 0.103064 0.105407 0.107338 0.109771 0.111501 0.116813 0.123030 0.133444 0.148084 0.161906 0.158636 0.163045 0.183367 0.218034 0.249974 0.272545 0.309044 0.356578 0.365884 0.367554 0.368097 0.368599 0.369507 0.369944 0.369980 0.369937 0.369874 0.369944 0.369995 0.370000 0.370000 0.370000 0.370000 0.370000 0.370000 0.369997 0.369980 0.369966 0.369942 0.369632 0.368337 0.363864 0.350141 0.291117 0.234124 0.227169 0.237955 0.211599 0.176135 0.154798 0.151714 0.146759 0.141293 0.143828 0.151762 0.163161 0.169848 0.164128 0.155399 0.147114 0.136736 0.137743 0.147547 -9999.0 -9999.0 -9999.0 -9999.0 -9999.0 -9999.0
-9999.0 -9999.0 -9999.0 -9999.0 0.095951 0.097155 0.094408 0.096501 0.098831 0.101272 0.103253 0.107563 0.110496 0.114900 0.123301 0.132502 0.147138 0.161423 0.193739 0.252967 0.305487 0.330099 0.342886 0.363877 0.368785 0.369682 0.369826 0.369943 0.369997 0.370000 0.370000 0.370000 0.370000 0.370000 0.370000 0.370000 0.370000 0.370000 0.370000 0.370000 0.370000 0.370000 0.370000 0.370000 0.370000 0.370000 0.370000 0.370000 0.370000 0.370000 0.370000 0.370000 0.370000 0.369995 0.369975 0.369830 0.368804 0.367608 0.359098 0.334437 0.272511 0.244279 0.215305 0.196693 0.176970 0.178752 0.182201 0.171879 0.157792 0.145119 0.141014 0.135360 0.131832 0.142929 0.149432 0.164212 -9999.0 -9999.0 -9999.0 -9999.0
-9999.0 -9999.0 0.094233 0.095615 0.099885 0.098853 0.098117 0.097218 0.099024 0.104392 0.116631 0.126864 0.140225 0.150418 0.181080 0.250721 0.323886 0.353286 0.366289 0.369246 0.369885 0.369986 0.370000 0.370000 0.370000 0.370000 0.370000 0.370000 0.370000 0.370000 0.370000 0.370000 0.370000 0.370000 0.370000 0.370000 0.370000 0.370000 0.370000 0.370000 0.370000 0.370000 0.370000 0.370000 0.370000 0.370000 0.370000 0.370000 0.370000 0.370000 0.370000 0.370000 0.370000 0.370000 0.370000 0.370000 0.370000 0.370000 0.369998 0.369976 0.369491 0.368158 0.362819 0.344932 0.300190 0.265464 0.225103 0.197151 0.171800 0.151080 0.143148 0.137785 0.138279 0.138199 0.144633 0.150973 0.158503 0.162221 -9999.0 -9999.0
-9999.0 0.091815 0.092283 0.099960 0.105066 0.109590 0.115221 0.120354 0.125358 0.125940 0.170046 0.258395 0.334667 0.350774 0.365003 0.369657 0.370000 0.370000 0.370000 0.370000 0.370000 0.370000 0.370000 0.370000 0.370000 0.370000 0.370000 0.370000 0.370000 0.370000 0.370000 0.370000 0.370000 0.370000 0.370000 0.370000 0.370000 0.370000 0.370000 0.370000 0.370000 0.370000 0.370000 0.370000 0.370000 0.370000 0.370000 0.370000 0.370000 0.370000 0.370000 0.370000 0.370000 0.370000 0.370000 0.370000 0.370000 0.370000 0.370000 0.370000 0.370000 0.370000 0.369985 0.369740 0.368497 0.361835 0.336329 0.285226 0.228055 0.201122 0.183275 0.156001 0.147227 0.149749 0.146365 0.145798 0.148859 0.151636 -9999.0 -9999.0
-9999.0 0.087585 0.092761 0.104002 0.125904 0.140011 0.211360 0.283443 0.306688 0.284194 0.359324 0.370000 0.370000 0.370000 0.370000 0.370000 0.370000 0.370000 0.370000 0.370000 0.370000 0.370000 0.370000 0.370000 0.370000 0.370000 0.370000 0.370000 0.370000 0.370000 0.370000 0.370000 0.370000 0.370000 0.370000 0.370000 0.370000 0.370000 0.369999 0.369990 0.369979 0.369994 0.369988 0.369965 0.369958 0.369989 0.369999 0.369998 0.369999 0.370000 0.370000 0.370000 0.370000 0.370000 0.370000 0.370000 0.370000 0.370000 0.370000 0.370000 0.370000 0.370000 0.370000 0.370000 0.369998 0.369844 0.369077 0.367037 0.356355 0.333609 0.290427 0.236656 0.192744 0.178397 0.158321 0.150805 -9999.0 -9999.0 -9999.0 -9999.0
-9999.0 0.086746 0.092039 0.113354 0.205191 0.319791 0.368636 0.369996 0.370000 0.370000 0.370000 0.370000 0.370000 0.370000 0.370000 0.370000 0.370000 0.370000 0.370000 0.370000 0.370000 0.370000 0.370000 0.370000 0.370000 0.370000 0.370000 0.370000 0.370000 0.370000 0.370000 0.370000 0.369998 0.369792 0.369327 0.368670 0.364725 0.362443 0.359211 0.349270 0.339809 0.331274 0.341503 0.340082 0.339739 0.344994 0.354157 0.359253 0.366150 0.368409 0.369424 0.369907 0.369982 0.369999 0.370000 0.370000 0.370000 0.370000 0.370000 0.370000 0.370000 0.370000 0.370000 0.370000 0.370000 0.370000 0.370000 0.369943 0.369510 0.368490 0.366775 0.359658 0.326636 0.242672 0.211907 -9999.0 -9999.0 -9999.0 -9999.0 -9999.0
-9999.0 0.081919 0.090694 0.108003 0.251169 0.369035 0.369979 0.370000 0.370000 0.370000 0.370000 0.370000 0.370000 0.370000 0.370000 0.370000 0.370000 0.370000 0.370000 0.370000 0.370000 0.370000 0.370000 0.370000 0.370000 0.370000 0.369999 0.369993 0.369887 0.369476 0.367411 0.364914 0.344775 0.290298 0.245665 0.206547 0.171951 0.171205 0.180274 0.170076 0.158946 0.149812 0.161745 0.168693 0.174349 0.168675 0.172864 0.193046 0.228164 0.264853 0.312654 0.350132 0.363184 0.368258 0.369232 0.369868 0.369986 0.370000 0.370000 0.370000 0.370000 0.370000 0.370000 0.370000 0.370000 0.370000 0.370000 0.370000 0.369987 0.369893 0.369794 0.369546 0.368484 -9999.0 -9999.0 -9999.0 -9999.0 -9999.0 -9999.0 -9999.0
-9999.0 0.079830 0.087226 0.091213 0.123060 0.238496 0.355140 0.369048 0.369999 0.369839 0.369759 0.369914 0.369980 0.369994 0.369977 0.369889 0.369732 0.369763 0.369769 0.369513 0.368921 0.368526 0.368495 0.368156 0.366142 0.363727 0.361460 0.355448 0.338147 0.293173 0.217092 0.174489 0.145666 0.133773 0.126023 0.118948 0.110796 0.113770 0.117085 0.116100 0.113486 0.112156 0.118303 0.121848 0.124236 0.119750 0.124190 0.130616 0.143625 0.159380 0.182667 0.217357 0.259721 0.288630 0.306818 0.334803 0.356532 0.367094 0.369644 0.369997 0.370000 0.370000 0.370000 0.370000 0.370000 0.370000 0.370000 0.370000 0.369998 0.369982 0.369979 -9999.0 -9999.0 -9999.0 -9999.0 -9999.0 -9999.0 -9999.0 -9999.0 -9999.0
-9999.0 -9999.0 0.078616 0.081371 0.084657 0.090879 0.103619 0.124453 0.145968 0.177600 0.230811 0.289861 0.321293 0.332264 0.318093 0.280324 0.254534 0.255148 0.247510 0.233653 0.211383 0.203678 0.197832 0.192922 0.183097 0.178303 0.175566 0.170007 0.159249 0.140530 0.125178 0.114870 0.106494 0.104618 0.102707 0.100466 0.101015 0.100763 0.101405 0.101343 0.101850 0.102974 0.104897 0.107252 0.108065 0.108842 0.110274 0.113585 0.119098 0.127444 0.142364 0.164601 0.183505 0.189097 0.181785 0.184947 0.199107 0.233644 0.319491 0.362958 0.369187 0.369928 0.369999 0.370000 0.370000 0.370000 0.370000 0.370000 0.369727 0.369863 -9999.0 -9999.0 -9999.0 -9999.0 -9999.0 -9999.0 -9999.0 -9999.0 -9999.0 -9999.0
-9999.0 -9999.0 -9999.0 -9999.0 0.077773 0.081355 0.085366 0.085792 0.090694 0.095989 0.102955 0.112290 0.121385 0.126808 0.122387 0.120338 0.118528 0.118398 0.116873 0.115524 0.114470 0.113264 0.111805 0.110597 0.110670 0.111430 0.111369 0.109385 0.107974 0.104399 0.102571 0.099856 0.097499 0.095641 0.095414 0.095136 0.095521 0.094975 0.095860 0.095700 0.096644 0.097405 0.098948 0.101240 0.101550 0.102922 0.103555 0.105739 0.108499 0.116252 0.129609 0.146737 0.159600 0.159916 0.146976 0.140494 0.138272 0.147465 0.166982 0.209721 0.302782 0.354296 0.367219 0.369095 0.369627 0.369937 0.369994 0.369997 -9999.0 -9999.0 -9999.0 -9999.0 -9999.0 -9999.0 -9999.0 -9999.0 -9999.0 -9999.0 -9999.0 -9999.0
-9999.0 -9999.0 -9999.0 -9999.0 -9999.0 -9999.0 0.078947 0.080793 0.080553 0.082601 0.085010 0.087559 0.091121 0.091689 0.092790 0.095129 0.094704 0.093340 0.091906 0.093771 0.094707 0.094666 0.092260 0.092611 0.092881 0.093774 0.093689 0.093740 0.091738 0.093469 0.094187 0.093268 0.092375 0.092380 0.091825 0.093031 0.093176 0.092123 0.091934 0.093640 0.094447 0.094628 0.095518 0.097493 0.100085 0.100958 0.100427 0.099975 0.103801 0.113126 0.126728 0.141284 0.151653 0.154141 0.142077 0.128160 0.121855 0.122231 0.129694 0.145051 0.179499 0.209367 0.235045 0.259907 0.292403 0.356989 -9999.0 -9999.0 -9999.0 -9999.0 -9999.0 -9999.0 -9999.0 -9999.0 -9999.0 -9999.0 -9999.0 -9999.0 -9999.0 -9999.0
-9999.0 -9999.0 -9999.0 -9999.0 -9999.0 -9999.0 -9999.0 -9999.0 -9999.0 -9999.0 -9999.0 -9999.0 -9999.0 -9999.0 -9999.0 -9999.0 -9999.0 -9999.0 -9999.0 -9999.0 -9999.0 -9999.0 -9999.0 -9999.0 -9999.0 -9999.0 -9999.0 -9999.0 -9999.0 -9999.0 -9999.0 -9999.0 -9999.0 -9999.0 -9999.0 -9999.0 -9999.0 -9999.0 -9999.0 -9999.0 -9999.0 -9999.0 -9999.0 -9999.0 -9999.0 -9999.0 -9999.0 -9999.0 -9999.0 -9999.0 -9999.0 -9999.0 -9999.0 -9999.0 -9999.0 -9999.0 -9999.0 -9999.0 -9999.0 -9999.0 -9999.0 -9999.0 -9999.0 -9999.0 -9999.0 -9999.0 -9999.0 -9999.0 -9999.0 -9999.0 -9999.0 -9999.0 -9999.0 -9999.0 -9999.0 -9999.0 -9999.0 -9999.0 -9999.0 -9999.0
-9999.0 -9999.0 -9999.0 -9999.0 -9999.0 -9999.0 -9999.0 -9999.0 -9999.0 -9999.0 -9999.0 -9999.0 -9999.0 -9999.0 -9999.0 -9999.0 -9999.0 -9999.0 -9999.0 -9999.0 -9999.0 -9999.0 -9999.0 -9999.0 -9999.0 -9999.0 -9999.0 -9999.0 -9999.0 -9999.0 -9999.0 -9999.0 -9999.0 -9999.0 -9999.0 -9999.0 -9999.0 -9999.0 -9999.0 -9999.0 -9999.0 -9999.0 -9999.0 -9999.0 -9999.0 -9999.0 -9999.0 -9999.0 -9999.0 -9999.0 -9999.0 -9999.0 -9999.0 -9999.0 -9999.0 -9999.0 -9999.0 -9999.0 -9999.0 -9999.0 -9999.0 -9999.0 -9999.0 -9999.0 -9999.0 -9999.0 -9999.0 -9999.0 -9999.0 -9999.0 -9999.0 -9999.0 -9999.0 -9999.0 -9999.0 -9999.0 -9999.0 -9999.0 -9999.0 -9999.0