Borden_/Borden1m_014/output_maps/thetaliqL0004N0002.asc
ncols         80
nrows         18
xllcorner     620200.000000
yllcorner     5168000.000000
cellsize      1.000000
NODATA_value  -9999.0
-9999.0 -9999.0 -9999.0 -9999.0 -9999.0 -9999.0 -9999.0 -9999.0 -9999.0 -9999.0 -9999.0 -9999.0 -9999.0 -9999.0 -9999.0 -9999.0 -9999.0 -9999.0 -9999.0 -9999.0 -9999.0 -9999.0 -9999.0 -9999.0 -9999.0 -9999.0 -9999.0 -9999.0 -9999.0 -9999.0 -9999.0 -9999.0 -9999.0 -9999.0 -9999.0 -9999.0 -9999.0 -9999.0 -9999.0 -9999.0 -9999.0 -9999.0 -9999.0 -9999.0 -9999.0 -9999.0 -9999.0 -9999.0 -9999.0 -9999.0 -9999.0 -9999.0 -9999.0 -9999.0 -9999.0 -9999.0 -9999.0 -9999.0 -9999.0 -9999.0 -9999.0 -9999.0 -9999.0 -9999.0 -9999.0 -9999.0 -9999.0 -9999.0 -9999.0 -9999.0 -9999.0 -9999.0 -9999.0 -9999.0 -9999.0 -9999.0 -9999.0 -9999.0 -9999.0 -9999.0
-9999.0 -9999.0 -9999.0 -9999.0 -9999.0 -9999.0 -9999.0 -9999.0 -9999.0 -9999.0 -9999.0 -9999.0 -9999.0 -9999.0 -9999.0 -9999.0 -9999.0 -9999.0 -9999.0 -9999.0 -9999.0 -9999.0 -9999.0 -9999.0 -9999.0 -9999.0 -9999.0 -9999.0 -9999.0 -9999.0 -9999.0 -9999.0 -9999.0 -9999.0 -9999.0 -9999.0 -9999.0 -9999.0 -9999.0 -9999.0 -9999.0 -9999.0 -9999.0 -9999.0 -9999.0 -9999.0 -9999.0 -9999.0 -9999.0 -9999.0 -9999.0 -9999.0 -9999.0 -9999.0 -9999.0 -9999.0 -9999.0 -9999.0 -9999.0 -9999.0 -9999.0 -9999.0 -9999.0 -9999.0 -9999.0 -9999.0 -9999.0 -9999.0 -9999.0 -9999.0 -9999.0 -9999.0 -9999.0 -9999.0 -9999.0 -9999.0 -9999.0 -9999.0 -9999.0 -9999.0
-9999.0 -9999.0 -9999.0 -9999.0 -9999.0 -9999.0 -9999.0 -9999.0 -9999.0 -9999.0 -9999.0 -9999.0 -9999.0 -9999.0 -9999.0 -9999.0 -9999.0 -9999.0 -9999.0 -9999.0 0.091386 0.091816 0.088875 0.085236 0.082719 0.082827 0.085926 0.090468 0.095736 0.097450 0.094489 0.094579 0.093724 0.093729 0.094176 0.094996 0.095286 0.097164 0.098620 0.098582 0.097506 0.096504 0.096163 0.096767 0.097576 0.096283 0.098540 0.101410 0.102810 0.101848 0.096940 0.094457 0.093368 0.091487 0.095084 0.097265 0.101593 0.102579 0.102486 0.097508 0.092849 -9999.0 -9999.0 -9999.0 -9999.0 -9999.0 -9999.0 -9999.0 -9999.0 -9999.0 -9999.0 -9999.0 -9999.0 -9999.0 -9999.0 -9999.0 -9999.0 -9999.0 -9999.0 -9999.0
-9999.0 -9999.0 -9999.0 -9999.0 -9999.0 -9999.0 -9999.0 -9999.0 -9999.0 -9999.0 -9999.0 -9999.0 -9999.0 -9999.0 0.082268 0.081461 0.081205 0.081796 0.084546 0.087466 0.088887 0.087962 0.087898 0.085415 0.083570 0.084769 0.087616 0.091269 0.096109 0.099563 0.097173 0.096618 0.098391 0.103777 0.107032 0.106331 0.101705 0.106357 0.110187 0.112677 0.112356 0.110109 0.114038 0.118739 0.116759 0.111937 0.112650 0.115808 0.120442 0.116019 0.100850 0.097087 0.096796 0.095877 0.094008 0.093127 0.097028 0.097371 0.096123 0.093478 0.089320 0.084737 0.083242 0.086866 0.092348 0.102280 -9999.0 -9999.0 -9999.0 -9999.0 -9999.0 -9999.0 -9999.0 -9999.0 -9999.0 -9999.0 -9999.0 -9999.0 -9999.0 -9999.0
-9999.0 -9999.0 -9999.0 -9999.0 -9999.0 -9999.0 -9999.0 -9999.0 -9999.0 0.078602 0.078763 0.079146 0.079209 0.080151 0.080029 0.080442 0.080975 0.082848 0.085529 0.089225 0.092918 0.091399 0.091343 0.093043 0.094159 0.096084 0.099412 0.107509 0.118498 0.132378 0.122200 0.121400 0.127643 0.148148 0.168460 0.174161 0.163500 0.164207 0.178538 0.194343 0.193350 0.191981 0.207381 0.215853 0.221473 0.209268 0.196573 0.194882 0.212838 0.180117 0.146877 0.125116 0.125586 0.116009 0.105583 0.100920 0.100460 0.105277 0.102259 0.095697 0.090584 0.089589 0.087788 0.089704 0.092805 0.100780 0.109330 0.117353 0.117750 0.112963 -9999.0 -9999.0 -9999.0 -9999.0 -9999.0 -9999.0 -9999.0 -9999.0 -9999.0 -9999.0
-9999.0 -9999.0 -9999.0 -9999.0 -9999.0 -9999.0 0.075059 0.075360 0.076123 0.076361 0.077442 0.077803 0.078889 0.080034 0.081344 0.082589 0.085237 0.088518 0.093836 0.101201 0.107927 0.106810 0.108930 0.118086 0.133075 0.146974 0.157766 0.177590 0.226740 0.256267 0.266821 0.270550 0.277517 0.311158 0.346578 0.353759 0.345600 0.337627 0.345018 0.357380 0.359630 0.359528 0.360991 0.363013 0.368311 0.367622 0.358747 0.352564 0.349820 0.346820 0.320232 0.275573 0.246251 0.214894 0.166818 0.138489 0.137543 0.144478 0.132191 0.115225 0.104897 0.102906 0.100285 0.097817 0.098856 0.102781 0.108304 0.111442 0.108633 0.104195 0.099701 0.094906 0.095245 0.099717 -9999.0 -9999.0 -9999.0 -9999.0 -9999.0 -9999.0
-9999.0 -9999.0 -9999.0 -9999.0 0.073477 0.073821 0.073484 0.074154 0.075225 0.076536 0.078094 0.080273 0.082125 0.084503 0.088746 0.093782 0.100977 0.107978 0.122870 0.149963 0.177500 0.193623 0.201515 0.242608 0.287758 0.323398 0.333492 0.344398 0.357030 0.369552 0.370000 0.370000 0.370000 0.370000 0.370000 0.370000 0.370000 0.370000 0.370000 0.370000 0.370000 0.370000 0.370000 0.370000 0.370000 0.370000 0.370000 0.370000 0.370000 0.370000 0.370000 0.370000 0.365484 0.359449 0.353938 0.334161 0.286168 0.269678 0.232071 0.197209 0.158884 0.146945 0.134027 0.125230 0.115999 0.116565 0.117844 0.112741 0.105741 0.099503 0.097051 0.094217 0.092886 0.097692 0.101066 0.107961 -9999.0 -9999.0 -9999.0 -9999.0
-9999.0 -9999.0 0.072081 0.073290 0.075021 0.075320 0.075421 0.075579 0.076656 0.079205 0.085147 0.090952 0.097593 0.102774 0.116914 0.148193 0.187563 0.216571 0.255060 0.301912 0.337167 0.351193 0.356248 0.365534 0.370000 0.370000 0.370000 0.370000 0.370000 0.370000 0.370000 0.370000 0.370000 0.370000 0.370000 0.370000 0.370000 0.370000 0.370000 0.370000 0.370000 0.370000 0.370000 0.370000 0.370000 0.370000 0.370000 0.370000 0.370000 0.370000 0.370000 0.370000 0.370000 0.370000 0.370000 0.370000 0.370000 0.366134 0.362549 0.352235 0.316434 0.279687 0.243838 0.210386 0.178274 0.161447 0.140507 0.125990 0.113024 0.102915 0.098736 0.095803 0.095647 0.095953 0.098834 0.101974 0.105361 0.107218 -9999.0 -9999.0
-9999.0 0.070453 0.071606 0.074984 0.078485 0.081284 0.084756 0.087800 0.090337 0.091581 0.111595 0.149793 0.197745 0.213414 0.248854 0.315051 0.354391 0.364366 0.369599 0.370000 0.370000 0.370000 0.370000 0.370000 0.370000 0.370000 0.370000 0.370000 0.370000 0.370000 0.370000 0.370000 0.370000 0.370000 0.370000 0.370000 0.370000 0.370000 0.370000 0.370000 0.370000 0.370000 0.370000 0.370000 0.370000 0.370000 0.370000 0.370000 0.370000 0.370000 0.370000 0.370000 0.370000 0.370000 0.370000 0.370000 0.370000 0.370000 0.370000 0.370000 0.370000 0.366579 0.351638 0.326041 0.288134 0.241963 0.203782 0.171562 0.141704 0.127963 0.118664 0.105513 0.100893 0.101492 0.099872 0.099571 0.100985 0.102337 -9999.0 -9999.0
-9999.0 0.069684 0.071691 0.077692 0.089320 0.098084 0.128824 0.165353 0.178454 0.165890 0.228390 0.356041 0.369858 0.370000 0.370000 0.370000 0.370000 0.370000 0.370000 0.370000 0.370000 0.370000 0.370000 0.370000 0.370000 0.370000 0.370000 0.370000 0.370000 0.370000 0.370000 0.370000 0.370000 0.370000 0.370000 0.370000 0.370000 0.369525 0.363255 0.356098 0.352687 0.360435 0.356679 0.348860 0.346792 0.356053 0.364972 0.362324 0.361931 0.366582 0.370000 0.370000 0.370000 0.370000 0.370000 0.370000 0.370000 0.370000 0.370000 0.370000 0.370000 0.370000 0.370000 0.370000 0.361522 0.334307 0.306669 0.274684 0.233592 0.204401 0.175204 0.146227 0.124061 0.116124 0.106352 0.101886 -9999.0 -9999.0 -9999.0 -9999.0
-9999.0 0.069174 0.071518 0.082357 0.127972 0.190618 0.320513 0.366306 0.370000 0.370000 0.370000 0.370000 0.370000 0.370000 0.370000 0.370000 0.370000 0.370000 0.370000 0.370000 0.370000 0.370000 0.370000 0.370000 0.370000 0.370000 0.370000 0.370000 0.370000 0.370000 0.369809 0.368317 0.362922 0.327383 0.301847 0.282752 0.248009 0.243411 0.234271 0.213857 0.202530 0.194758 0.205310 0.203198 0.202408 0.208201 0.222663 0.232256 0.258246 0.280683 0.308437 0.334978 0.347587 0.361408 0.369986 0.370000 0.370000 0.370000 0.370000 0.370000 0.370000 0.370000 0.370000 0.370000 0.370000 0.370000 0.369855 0.360665 0.344492 0.319556 0.287773 0.246606 0.200590 0.150669 0.133416 -9999.0 -9999.0 -9999.0 -9999.0 -9999.0
-9999.0 0.068352 0.070474 0.079899 0.150349 0.344561 0.365375 0.370000 0.370000 0.370000 0.370000 0.370000 0.370000 0.370000 0.370000 0.370000 0.370000 0.370000 0.370000 0.370000 0.370000 0.370000 0.370000 0.370000 0.368611 0.365522 0.362961 0.358594 0.341241 0.317297 0.266350 0.254879 0.207752 0.167529 0.145650 0.127761 0.112571 0.112164 0.116238 0.111681 0.106492 0.102532 0.107811 0.111203 0.113806 0.111356 0.113420 0.123024 0.139973 0.157923 0.183427 0.215996 0.244027 0.277491 0.300108 0.331276 0.350559 0.364503 0.370000 0.370000 0.370000 0.370000 0.370000 0.370000 0.370000 0.370000 0.370000 0.370000 0.370000 0.370000 0.364961 0.344222 0.310901 -9999.0 -9999.0 -9999.0 -9999.0 -9999.0 -9999.0 -9999.0
-9999.0 0.067884 0.068893 0.072016 0.088159 0.143193 0.231273 0.303067 0.340049 0.334812 0.339159 0.349014 0.358793 0.363714 0.356361 0.341897 0.327767 0.329480 0.329873 0.314289 0.293924 0.283069 0.283301 0.278345 0.259368 0.248202 0.241203 0.226254 0.202436 0.171135 0.133598 0.113519 0.100284 0.094335 0.090274 0.086569 0.082938 0.083841 0.085235 0.084752 0.083577 0.083125 0.085770 0.087598 0.088691 0.087115 0.089084 0.092453 0.098877 0.106824 0.118473 0.135832 0.157824 0.172489 0.180492 0.197827 0.224037 0.261280 0.318143 0.358729 0.370000 0.370000 0.370000 0.370000 0.370000 0.370000 0.370000 0.370000 0.370000 0.370000 0.370000 -9999.0 -9999.0 -9999.0 -9999.0 -9999.0 -9999.0 -9999.0 -9999.0 -9999.0
-9999.0 -9999.0 0.067885 0.068651 0.070041 0.073486 0.079648 0.087742 0.095861 0.110870 0.136308 0.167773 0.188820 0.198052 0.185731 0.161724 0.148399 0.148787 0.145153 0.138928 0.129334 0.126291 0.123704 0.121561 0.117399 0.115287 0.114011 0.111396 0.106237 0.097371 0.089672 0.084287 0.080152 0.078673 0.077516 0.076433 0.076231 0.076199 0.076517 0.076557 0.076756 0.077277 0.078351 0.079550 0.080117 0.080507 0.081359 0.083143 0.086102 0.090564 0.098089 0.109055 0.118636 0.121599 0.118187 0.119570 0.126177 0.142111 0.185499 0.241262 0.301332 0.337257 0.363460 0.370000 0.370000 0.370000 0.370000 0.370000 0.370000 0.370000 -9999.0 -9999.0 -9999.0 -9999.0 -9999.0 -9999.0 -9999.0 -9999.0 -9999.0 -9999.0
-9999.0 -9999.0 -9999.0 -9999.0 0.068046 0.068744 0.069405 0.070249 0.072126 0.074896 0.078747 0.083616 0.088130 0.090660 0.088906 0.087756 0.086746 0.086521 0.085759 0.085073 0.084417 0.083764 0.082980 0.082399 0.082298 0.082522 0.082394 0.081464 0.080458 0.078682 0.077344 0.075773 0.074408 0.073520 0.073166 0.072968 0.072979 0.072856 0.073107 0.073259 0.073666 0.074133 0.074939 0.076012 0.076520 0.077156 0.077627 0.078742 0.080559 0.084622 0.091330 0.099788 0.106191 0.106493 0.100532 0.097333 0.096503 0.101045 0.110871 0.131016 0.176604 0.220306 0.264525 0.300694 0.324765 0.352788 0.370000 0.370000 -9999.0 -9999.0 -9999.0 -9999.0 -9999.0 -9999.0 -9999.0 -9999.0 -9999.0 -9999.0 -9999.0 -9999.0
-9999.0 -9999.0 -9999.0 -9999.0 -9999.0 -9999.0 0.067869 0.068149 0.068540 0.069265 0.070313 0.071645 0.073217 0.073811 0.074210 0.074882 0.074683 0.074161 0.073707 0.074172 0.074413 0.074278 0.073503 0.073450 0.073527 0.073808 0.073786 0.073614 0.072953 0.073115 0.073048 0.072489 0.071927 0.071639 0.071429 0.071611 0.071631 0.071411 0.071469 0.071960 0.072373 0.072688 0.073269 0.074240 0.075345 0.075884 0.075910 0.076165 0.078169 0.082753 0.089563 0.096896 0.102124 0.103231 0.097441 0.090986 0.088084 0.088540 0.092492 0.100519 0.117481 0.132088 0.143557 0.153183 0.166782 0.225573 -9999.0 -9999.0 -9999.0 -9999.0 -9999.0 -9999.0 -9999.0 -9999.0 -9999.0 -9999.0 -9999.0 -9999.0 -9999.0 -9999.0
-9999.0 -9999.0 -9999.0 -9999.0 -9999.0 -9999.0 -9999.0 -9999.0 -9999.0 -9999.0 -9999.0 -9999.0 -9999.0 -9999.0 -9999.0 -9999.0 -9999.0 -9999.0 -9999.0 -9999.0 -9999.0 -9999.0 -9999.0 -9999.0 -9999.0 -9999.0 -9999.0 -9999.0 -9999.0 -9999.0 -9999.0 -9999.0 -9999.0 -9999.0 -9999.0 -9999.0 -9999.0 -9999.0 -9999.0 -9999.0 -9999.0 -9999.0 -9999.0 -9999.0 -9999.0 -9999.0 -9999.0 -9999.0 -9999.0 -9999.0 -9999.0 -9999.0 -9999.0 -9999.0 -9999.0 -9999.0 -9999.0 -9999.0 -9999.0 -9999.0 -9999.0 -9999.0 -9999.0 -9999.0 -9999.0 -9999.0 -9999.0 -9999.0 -9999.0 -9999.0 -9999.0 -9999.0 -9999.0 -9999.0 -9999.0 -9999.0 -9999.0 -9999.0 -9999.0 -9999.0
-9999.0 -9999.0 -9999.0 -9999.0 -9999.0 -9999.0 -9999.0 -9999.0 -9999.0 -9999.0 -9999.0 -9999.0 -9999.0 -9999.0 -9999.0 -9999.0 -9999.0 -9999.0 -9999.0 -9999.0 -9999.0 -9999.0 -9999.0 -9999.0 -9999.0 -9999.0 -9999.0 -9999.0 -9999.0 -9999.0 -9999.0 -9999.0 -9999.0 -9999.0 -9999.0 -9999.0 -9999.0 -9999.0 -9999.0 -9999.0 -9999.0 -9999.0 -9999.0 -9999.0 -9999.0 -9999.0 -9999.0 -9999.0 -9999.0 -9999.0 -9999.0 -9999.0 -9999.0 -9999.0 -9999.0 -9999.0 -9999.0 -9999.0 -9999.0 -9999.0 -9999.0 -9999.0 -9999.0 -9999.0 -9999.0 -9999.0 -9999.0 -9999.0 -9999.0 -9999.0 -9999.0 -9999.0 -9999.0 -9999.0 -9999.0 -9999.0 -9999.0 -9999.0 -9999.0 -9999.0