Borden_/Borden1m_014/output_maps/thetaliqL0007N0029.asc
ncols         80
nrows         18
xllcorner     620200.000000
yllcorner     5168000.000000
cellsize      1.000000
NODATA_value  -9999.0
-9999.0 -9999.0 -9999.0 -9999.0 -9999.0 -9999.0 -9999.0 -9999.0 -9999.0 -9999.0 -9999.0 -9999.0 -9999.0 -9999.0 -9999.0 -9999.0 -9999.0 -9999.0 -9999.0 -9999.0 -9999.0 -9999.0 -9999.0 -9999.0 -9999.0 -9999.0 -9999.0 -9999.0 -9999.0 -9999.0 -9999.0 -9999.0 -9999.0 -9999.0 -9999.0 -9999.0 -9999.0 -9999.0 -9999.0 -9999.0 -9999.0 -9999.0 -9999.0 -9999.0 -9999.0 -9999.0 -9999.0 -9999.0 -9999.0 -9999.0 -9999.0 -9999.0 -9999.0 -9999.0 -9999.0 -9999.0 -9999.0 -9999.0 -9999.0 -9999.0 -9999.0 -9999.0 -9999.0 -9999.0 -9999.0 -9999.0 -9999.0 -9999.0 -9999.0 -9999.0 -9999.0 -9999.0 -9999.0 -9999.0 -9999.0 -9999.0 -9999.0 -9999.0 -9999.0 -9999.0
-9999.0 -9999.0 -9999.0 -9999.0 -9999.0 -9999.0 -9999.0 -9999.0 -9999.0 -9999.0 -9999.0 -9999.0 -9999.0 -9999.0 -9999.0 -9999.0 -9999.0 -9999.0 -9999.0 -9999.0 -9999.0 -9999.0 -9999.0 -9999.0 -9999.0 -9999.0 -9999.0 -9999.0 -9999.0 -9999.0 -9999.0 -9999.0 -9999.0 -9999.0 -9999.0 -9999.0 -9999.0 -9999.0 -9999.0 -9999.0 -9999.0 -9999.0 -9999.0 -9999.0 -9999.0 -9999.0 -9999.0 -9999.0 -9999.0 -9999.0 -9999.0 -9999.0 -9999.0 -9999.0 -9999.0 -9999.0 -9999.0 -9999.0 -9999.0 -9999.0 -9999.0 -9999.0 -9999.0 -9999.0 -9999.0 -9999.0 -9999.0 -9999.0 -9999.0 -9999.0 -9999.0 -9999.0 -9999.0 -9999.0 -9999.0 -9999.0 -9999.0 -9999.0 -9999.0 -9999.0
-9999.0 -9999.0 -9999.0 -9999.0 -9999.0 -9999.0 -9999.0 -9999.0 -9999.0 -9999.0 -9999.0 -9999.0 -9999.0 -9999.0 -9999.0 -9999.0 -9999.0 -9999.0 -9999.0 -9999.0 0.281105 0.283469 0.265331 0.237522 0.214788 0.216022 0.243794 0.276736 0.304580 0.311611 0.299219 0.300067 0.296322 0.296381 0.298687 0.302864 0.304568 0.312377 0.317808 0.317730 0.313877 0.310098 0.309145 0.311579 0.314753 0.309129 0.317739 0.326730 0.330253 0.327418 0.310797 0.299833 0.294038 0.283337 0.301535 0.310291 0.324504 0.327024 0.326505 0.310292 0.289135 -9999.0 -9999.0 -9999.0 -9999.0 -9999.0 -9999.0 -9999.0 -9999.0 -9999.0 -9999.0 -9999.0 -9999.0 -9999.0 -9999.0 -9999.0 -9999.0 -9999.0 -9999.0 -9999.0
-9999.0 -9999.0 -9999.0 -9999.0 -9999.0 -9999.0 -9999.0 -9999.0 -9999.0 -9999.0 -9999.0 -9999.0 -9999.0 -9999.0 0.209649 0.201828 0.199358 0.205395 0.231416 0.255490 0.265689 0.259337 0.259051 0.239650 0.223299 0.234373 0.257948 0.282754 0.307527 0.320712 0.312691 0.310914 0.317945 0.333924 0.341161 0.340165 0.329700 0.340599 0.347282 0.350836 0.350657 0.347815 0.352917 0.357412 0.355796 0.350418 0.351117 0.354438 0.358132 0.353929 0.326482 0.313074 0.310986 0.306550 0.297355 0.292629 0.310094 0.310998 0.305686 0.293172 0.268544 0.233025 0.219172 0.250282 0.286033 0.325097 -9999.0 -9999.0 -9999.0 -9999.0 -9999.0 -9999.0 -9999.0 -9999.0 -9999.0 -9999.0 -9999.0 -9999.0 -9999.0 -9999.0
-9999.0 -9999.0 -9999.0 -9999.0 -9999.0 -9999.0 -9999.0 -9999.0 -9999.0 0.171260 0.173215 0.177430 0.178255 0.188365 0.187037 0.191512 0.196934 0.215978 0.240398 0.268671 0.291002 0.283111 0.283179 0.292665 0.298330 0.307723 0.321141 0.342128 0.356830 0.364658 0.360596 0.360444 0.363929 0.368465 0.369654 0.369799 0.369526 0.369577 0.369877 0.369977 0.369983 0.369983 0.369998 0.370000 0.370000 0.369998 0.369987 0.369981 0.369997 0.369882 0.368307 0.362617 0.362024 0.354521 0.338601 0.326514 0.324511 0.336029 0.328154 0.304991 0.278000 0.270906 0.257889 0.271186 0.289151 0.321261 0.340845 0.351347 0.351567 0.345869 -9999.0 -9999.0 -9999.0 -9999.0 -9999.0 -9999.0 -9999.0 -9999.0 -9999.0 -9999.0
-9999.0 -9999.0 -9999.0 -9999.0 -9999.0 -9999.0 0.132352 0.135724 0.144169 0.146685 0.158815 0.162760 0.174692 0.187019 0.201032 0.213519 0.237843 0.264048 0.296429 0.325664 0.342034 0.340711 0.345411 0.357176 0.365350 0.368205 0.369235 0.369877 0.370000 0.370000 0.370000 0.370000 0.370000 0.370000 0.370000 0.370000 0.370000 0.370000 0.370000 0.370000 0.370000 0.370000 0.370000 0.370000 0.370000 0.370000 0.370000 0.370000 0.370000 0.370000 0.370000 0.370000 0.370000 0.369999 0.369650 0.367180 0.366756 0.367614 0.364408 0.353091 0.336046 0.330295 0.321941 0.313043 0.316425 0.327889 0.339531 0.344385 0.339535 0.330014 0.317163 0.298271 0.299682 0.316753 -9999.0 -9999.0 -9999.0 -9999.0 -9999.0 -9999.0
-9999.0 -9999.0 -9999.0 -9999.0 0.115601 0.119188 0.115608 0.122704 0.134264 0.148795 0.165932 0.189437 0.208609 0.231436 0.265475 0.295901 0.325396 0.343429 0.360655 0.368495 0.369833 0.369974 0.369996 0.370000 0.370000 0.370000 0.370000 0.370000 0.370000 0.370000 0.370000 0.370000 0.370000 0.370000 0.370000 0.370000 0.370000 0.370000 0.370000 0.370000 0.370000 0.370000 0.370000 0.370000 0.370000 0.370000 0.370000 0.370000 0.370000 0.370000 0.370000 0.370000 0.370000 0.370000 0.370000 0.370000 0.370000 0.370000 0.370000 0.369983 0.369291 0.368077 0.365081 0.360713 0.352846 0.352620 0.353270 0.346999 0.334442 0.317230 0.308008 0.295357 0.288273 0.309680 0.320919 0.337268 -9999.0 -9999.0 -9999.0 -9999.0
-9999.0 -9999.0 0.101733 0.113511 0.131749 0.134928 0.135699 0.137423 0.149353 0.177569 0.235732 0.279120 0.312675 0.331270 0.355859 0.368288 0.369952 0.370000 0.370000 0.370000 0.370000 0.370000 0.370000 0.370000 0.370000 0.370000 0.370000 0.370000 0.370000 0.370000 0.370000 0.370000 0.370000 0.370000 0.370000 0.370000 0.370000 0.370000 0.370000 0.370000 0.370000 0.370000 0.370000 0.370000 0.370000 0.370000 0.370000 0.370000 0.370000 0.370000 0.370000 0.370000 0.370000 0.370000 0.370000 0.370000 0.370000 0.370000 0.370000 0.370000 0.370000 0.370000 0.370000 0.369997 0.369812 0.369064 0.366042 0.360041 0.347939 0.328251 0.314956 0.303116 0.302004 0.302887 0.313833 0.323502 0.331921 0.335787 -9999.0 -9999.0
-9999.0 0.087184 0.097065 0.130656 0.168645 0.197911 0.229478 0.253583 0.272691 0.283412 0.348602 0.368356 0.369978 0.369999 0.370000 0.370000 0.370000 0.370000 0.370000 0.370000 0.370000 0.370000 0.370000 0.370000 0.370000 0.370000 0.370000 0.370000 0.370000 0.370000 0.370000 0.370000 0.370000 0.370000 0.370000 0.370000 0.370000 0.370000 0.370000 0.370000 0.370000 0.370000 0.370000 0.370000 0.370000 0.370000 0.370000 0.370000 0.370000 0.370000 0.370000 0.370000 0.370000 0.370000 0.370000 0.370000 0.370000 0.370000 0.370000 0.370000 0.370000 0.370000 0.370000 0.370000 0.370000 0.370000 0.369988 0.369577 0.366424 0.361115 0.353943 0.334203 0.321712 0.322851 0.317587 0.316306 0.320533 0.324345 -9999.0 -9999.0
-9999.0 0.081069 0.097287 0.158150 0.263545 0.311049 0.361442 0.369150 0.369751 0.369430 0.370000 0.370000 0.370000 0.370000 0.370000 0.370000 0.370000 0.370000 0.370000 0.370000 0.370000 0.370000 0.370000 0.370000 0.370000 0.370000 0.370000 0.370000 0.370000 0.370000 0.370000 0.370000 0.370000 0.370000 0.370000 0.370000 0.370000 0.370000 0.370000 0.370000 0.370000 0.370000 0.370000 0.370000 0.370000 0.370000 0.370000 0.370000 0.370000 0.370000 0.370000 0.370000 0.370000 0.370000 0.370000 0.370000 0.370000 0.370000 0.370000 0.370000 0.370000 0.370000 0.370000 0.370000 0.370000 0.370000 0.370000 0.370000 0.370000 0.369974 0.369568 0.366893 0.358235 0.350297 0.334625 0.323583 -9999.0 -9999.0 -9999.0 -9999.0
-9999.0 0.077348 0.094953 0.200956 0.359053 0.369841 0.370000 0.370000 0.370000 0.370000 0.370000 0.370000 0.370000 0.370000 0.370000 0.370000 0.370000 0.370000 0.370000 0.370000 0.370000 0.370000 0.370000 0.370000 0.370000 0.370000 0.370000 0.370000 0.370000 0.370000 0.370000 0.370000 0.370000 0.370000 0.370000 0.370000 0.370000 0.370000 0.370000 0.369999 0.369991 0.369974 0.369993 0.369992 0.369992 0.369997 0.370000 0.370000 0.370000 0.370000 0.370000 0.370000 0.370000 0.370000 0.370000 0.370000 0.370000 0.370000 0.370000 0.370000 0.370000 0.370000 0.370000 0.370000 0.370000 0.370000 0.370000 0.370000 0.370000 0.370000 0.370000 0.370000 0.369945 0.366988 0.361853 -9999.0 -9999.0 -9999.0 -9999.0 -9999.0
-9999.0 0.072315 0.085766 0.172739 0.365388 0.370000 0.370000 0.370000 0.370000 0.370000 0.370000 0.370000 0.370000 0.370000 0.370000 0.370000 0.370000 0.370000 0.370000 0.370000 0.370000 0.370000 0.370000 0.370000 0.370000 0.370000 0.370000 0.370000 0.370000 0.370000 0.370000 0.370000 0.369995 0.369634 0.367989 0.363132 0.350727 0.349548 0.353895 0.348202 0.339118 0.329800 0.341801 0.347549 0.351091 0.348079 0.351271 0.360131 0.366753 0.369128 0.369913 0.369999 0.370000 0.370000 0.370000 0.370000 0.370000 0.370000 0.370000 0.370000 0.370000 0.370000 0.370000 0.370000 0.370000 0.370000 0.370000 0.370000 0.370000 0.370000 0.370000 0.370000 0.370000 -9999.0 -9999.0 -9999.0 -9999.0 -9999.0 -9999.0 -9999.0
-9999.0 0.070095 0.075212 0.096634 0.236621 0.364163 0.369998 0.370000 0.370000 0.370000 0.370000 0.370000 0.370000 0.370000 0.370000 0.370000 0.370000 0.370000 0.370000 0.370000 0.370000 0.370000 0.370000 0.370000 0.370000 0.370000 0.370000 0.370000 0.369988 0.369661 0.365229 0.351328 0.322604 0.297961 0.274408 0.247228 0.215497 0.223874 0.235899 0.231932 0.221700 0.217824 0.241449 0.256147 0.264140 0.252992 0.267592 0.288504 0.317298 0.339247 0.355703 0.365299 0.368917 0.369689 0.369881 0.369987 0.370000 0.370000 0.370000 0.370000 0.370000 0.370000 0.370000 0.370000 0.370000 0.370000 0.370000 0.370000 0.370000 0.370000 0.370000 -9999.0 -9999.0 -9999.0 -9999.0 -9999.0 -9999.0 -9999.0 -9999.0 -9999.0
-9999.0 -9999.0 0.070064 0.073744 0.081685 0.107782 0.165306 0.240265 0.297593 0.345408 0.365201 0.369424 0.369907 0.369965 0.369892 0.369310 0.368313 0.368300 0.367794 0.366693 0.363894 0.362376 0.360749 0.359104 0.355552 0.353149 0.351292 0.347218 0.337323 0.310233 0.269950 0.227427 0.186712 0.170755 0.158197 0.146548 0.144706 0.144166 0.147578 0.148124 0.150561 0.156478 0.168224 0.181363 0.187465 0.191878 0.200655 0.218226 0.244386 0.276758 0.313792 0.342441 0.354887 0.357763 0.355629 0.357434 0.362279 0.367614 0.369945 0.370000 0.370000 0.370000 0.370000 0.370000 0.370000 0.370000 0.370000 0.370000 0.370000 0.370000 -9999.0 -9999.0 -9999.0 -9999.0 -9999.0 -9999.0 -9999.0 -9999.0 -9999.0 -9999.0
-9999.0 -9999.0 -9999.0 -9999.0 0.070725 0.074199 0.078039 0.083534 0.098130 0.124205 0.164501 0.214344 0.254396 0.272579 0.262098 0.255504 0.248047 0.245495 0.238712 0.233465 0.228170 0.221963 0.213754 0.208030 0.207246 0.209684 0.208325 0.198929 0.188226 0.170199 0.156231 0.139234 0.124778 0.115615 0.112077 0.110244 0.110370 0.109095 0.111587 0.113219 0.117449 0.122329 0.130929 0.142711 0.148453 0.155530 0.160695 0.172811 0.192224 0.231588 0.280849 0.318977 0.336252 0.337244 0.322868 0.312331 0.309593 0.326433 0.348406 0.364812 0.369853 0.370000 0.370000 0.370000 0.370000 0.370000 0.370000 0.370000 -9999.0 -9999.0 -9999.0 -9999.0 -9999.0 -9999.0 -9999.0 -9999.0 -9999.0 -9999.0 -9999.0 -9999.0
-9999.0 -9999.0 -9999.0 -9999.0 -9999.0 -9999.0 0.069974 0.071275 0.073192 0.077512 0.084949 0.095880 0.110517 0.116786 0.121484 0.128881 0.126986 0.121344 0.116466 0.121443 0.124354 0.122853 0.114681 0.114256 0.115186 0.118040 0.117799 0.116091 0.109510 0.111436 0.110992 0.105530 0.100219 0.097628 0.095738 0.097426 0.097607 0.095581 0.096049 0.100632 0.104634 0.107708 0.113509 0.123636 0.135574 0.141562 0.141858 0.144606 0.166434 0.213955 0.269334 0.307956 0.325843 0.329033 0.311171 0.280283 0.261505 0.265240 0.290697 0.325240 0.356123 0.365175 0.368082 0.369183 0.369787 0.370000 -9999.0 -9999.0 -9999.0 -9999.0 -9999.0 -9999.0 -9999.0 -9999.0 -9999.0 -9999.0 -9999.0 -9999.0 -9999.0 -9999.0
-9999.0 -9999.0 -9999.0 -9999.0 -9999.0 -9999.0 -9999.0 -9999.0 -9999.0 -9999.0 -9999.0 -9999.0 -9999.0 -9999.0 -9999.0 -9999.0 -9999.0 -9999.0 -9999.0 -9999.0 -9999.0 -9999.0 -9999.0 -9999.0 -9999.0 -9999.0 -9999.0 -9999.0 -9999.0 -9999.0 -9999.0 -9999.0 -9999.0 -9999.0 -9999.0 -9999.0 -9999.0 -9999.0 -9999.0 -9999.0 -9999.0 -9999.0 -9999.0 -9999.0 -9999.0 -9999.0 -9999.0 -9999.0 -9999.0 -9999.0 -9999.0 -9999.0 -9999.0 -9999.0 -9999.0 -9999.0 -9999.0 -9999.0 -9999.0 -9999.0 -9999.0 -9999.0 -9999.0 -9999.0 -9999.0 -9999.0 -9999.0 -9999.0 -9999.0 -9999.0 -9999.0 -9999.0 -9999.0 -9999.0 -9999.0 -9999.0 -9999.0 -9999.0 -9999.0 -9999.0
-9999.0 -9999.0 -9999.0 -9999.0 -9999.0 -9999.0 -9999.0 -9999.0 -9999.0 -9999.0 -9999.0 -9999.0 -9999.0 -9999.0 -9999.0 -9999.0 -9999.0 -9999.0 -9999.0 -9999.0 -9999.0 -9999.0 -9999.0 -9999.0 -9999.0 -9999.0 -9999.0 -9999.0 -9999.0 -9999.0 -9999.0 -9999.0 -9999.0 -9999.0 -9999.0 -9999.0 -9999.0 -9999.0 -9999.0 -9999.0 -9999.0 -9999.0 -9999.0 -9999.0 -9999.0 -9999.0 -9999.0 -9999.0 -9999.0 -9999.0 -9999.0 -9999.0 -9999.0 -9999.0 -9999.0 -9999.0 -9999.0 -9999.0 -9999.0 -9999.0 -9999.0 -9999.0 -9999.0 -9999.0 -9999.0 -9999.0 -9999.0 -9999.0 -9999.0 -9999.0 -9999.0 -9999.0 -9999.0 -9999.0 -9999.0 -9999.0 -9999.0 -9999.0 -9999.0 -9999.0