Borden_/Borden1m_014/output_maps/thetaliqL0005N0040.asc
ncols         80
nrows         18
xllcorner     620200.000000
yllcorner     5168000.000000
cellsize      1.000000
NODATA_value  -9999.0
-9999.0 -9999.0 -9999.0 -9999.0 -9999.0 -9999.0 -9999.0 -9999.0 -9999.0 -9999.0 -9999.0 -9999.0 -9999.0 -9999.0 -9999.0 -9999.0 -9999.0 -9999.0 -9999.0 -9999.0 -9999.0 -9999.0 -9999.0 -9999.0 -9999.0 -9999.0 -9999.0 -9999.0 -9999.0 -9999.0 -9999.0 -9999.0 -9999.0 -9999.0 -9999.0 -9999.0 -9999.0 -9999.0 -9999.0 -9999.0 -9999.0 -9999.0 -9999.0 -9999.0 -9999.0 -9999.0 -9999.0 -9999.0 -9999.0 -9999.0 -9999.0 -9999.0 -9999.0 -9999.0 -9999.0 -9999.0 -9999.0 -9999.0 -9999.0 -9999.0 -9999.0 -9999.0 -9999.0 -9999.0 -9999.0 -9999.0 -9999.0 -9999.0 -9999.0 -9999.0 -9999.0 -9999.0 -9999.0 -9999.0 -9999.0 -9999.0 -9999.0 -9999.0 -9999.0 -9999.0
-9999.0 -9999.0 -9999.0 -9999.0 -9999.0 -9999.0 -9999.0 -9999.0 -9999.0 -9999.0 -9999.0 -9999.0 -9999.0 -9999.0 -9999.0 -9999.0 -9999.0 -9999.0 -9999.0 -9999.0 -9999.0 -9999.0 -9999.0 -9999.0 -9999.0 -9999.0 -9999.0 -9999.0 -9999.0 -9999.0 -9999.0 -9999.0 -9999.0 -9999.0 -9999.0 -9999.0 -9999.0 -9999.0 -9999.0 -9999.0 -9999.0 -9999.0 -9999.0 -9999.0 -9999.0 -9999.0 -9999.0 -9999.0 -9999.0 -9999.0 -9999.0 -9999.0 -9999.0 -9999.0 -9999.0 -9999.0 -9999.0 -9999.0 -9999.0 -9999.0 -9999.0 -9999.0 -9999.0 -9999.0 -9999.0 -9999.0 -9999.0 -9999.0 -9999.0 -9999.0 -9999.0 -9999.0 -9999.0 -9999.0 -9999.0 -9999.0 -9999.0 -9999.0 -9999.0 -9999.0
-9999.0 -9999.0 -9999.0 -9999.0 -9999.0 -9999.0 -9999.0 -9999.0 -9999.0 -9999.0 -9999.0 -9999.0 -9999.0 -9999.0 -9999.0 -9999.0 -9999.0 -9999.0 -9999.0 -9999.0 0.138619 0.140320 0.133729 0.125926 0.120258 0.120140 0.126860 0.136217 0.147290 0.150428 0.143333 0.144180 0.141871 0.141213 0.141778 0.143758 0.144615 0.148430 0.151241 0.150832 0.148404 0.146360 0.145396 0.146432 0.148571 0.145306 0.150515 0.156601 0.159278 0.157872 0.148188 0.143575 0.141601 0.136743 0.145827 0.150129 0.159366 0.161080 0.161466 0.150919 0.140955 -9999.0 -9999.0 -9999.0 -9999.0 -9999.0 -9999.0 -9999.0 -9999.0 -9999.0 -9999.0 -9999.0 -9999.0 -9999.0 -9999.0 -9999.0 -9999.0 -9999.0 -9999.0 -9999.0
-9999.0 -9999.0 -9999.0 -9999.0 -9999.0 -9999.0 -9999.0 -9999.0 -9999.0 -9999.0 -9999.0 -9999.0 -9999.0 -9999.0 0.121470 0.119147 0.118229 0.118650 0.124602 0.130462 0.132532 0.129916 0.130883 0.124859 0.120115 0.123051 0.128945 0.135760 0.145465 0.152569 0.147185 0.145917 0.149505 0.161058 0.167648 0.165962 0.154773 0.165722 0.173689 0.179059 0.178478 0.173182 0.182153 0.192577 0.188203 0.177265 0.178663 0.185184 0.195391 0.186454 0.153167 0.146566 0.146635 0.145509 0.141355 0.139103 0.148683 0.148610 0.146156 0.141609 0.133349 0.123327 0.119722 0.128403 0.139575 0.161078 -9999.0 -9999.0 -9999.0 -9999.0 -9999.0 -9999.0 -9999.0 -9999.0 -9999.0 -9999.0 -9999.0 -9999.0 -9999.0 -9999.0
-9999.0 -9999.0 -9999.0 -9999.0 -9999.0 -9999.0 -9999.0 -9999.0 -9999.0 0.114572 0.114460 0.115292 0.114567 0.116863 0.114898 0.115850 0.116203 0.120225 0.125135 0.132486 0.140697 0.136370 0.135998 0.139862 0.141500 0.144879 0.151193 0.168333 0.191643 0.221773 0.200514 0.199457 0.213674 0.259292 0.298532 0.308932 0.291393 0.292781 0.315796 0.335265 0.337476 0.337310 0.349208 0.353910 0.355952 0.349686 0.338660 0.336061 0.347685 0.316707 0.257663 0.207996 0.207620 0.186493 0.163808 0.154535 0.153036 0.164500 0.158370 0.144720 0.134105 0.133616 0.129247 0.133807 0.139539 0.156461 0.173776 0.189919 0.190649 0.180867 -9999.0 -9999.0 -9999.0 -9999.0 -9999.0 -9999.0 -9999.0 -9999.0 -9999.0 -9999.0
-9999.0 -9999.0 -9999.0 -9999.0 -9999.0 -9999.0 0.108050 0.108277 0.109883 0.108006 0.110852 0.110248 0.112708 0.114658 0.117140 0.118806 0.124256 0.130542 0.141068 0.155813 0.169801 0.166511 0.171081 0.191756 0.226520 0.257880 0.280161 0.315450 0.356540 0.365602 0.367252 0.367763 0.368267 0.369413 0.369934 0.369972 0.369929 0.369871 0.369947 0.369996 0.370000 0.370000 0.370000 0.370000 0.370000 0.370000 0.369998 0.369983 0.369968 0.369942 0.369584 0.367965 0.363402 0.350582 0.298258 0.242430 0.235653 0.246042 0.219669 0.184120 0.162496 0.159470 0.154520 0.148943 0.151537 0.159480 0.170866 0.177523 0.171841 0.163184 0.155010 0.144505 0.145561 0.155488 -9999.0 -9999.0 -9999.0 -9999.0 -9999.0 -9999.0
-9999.0 -9999.0 -9999.0 -9999.0 0.102975 0.104312 0.101140 0.103459 0.105943 0.108480 0.110390 0.114855 0.117766 0.122233 0.130800 0.140018 0.154964 0.169519 0.202220 0.261068 0.311707 0.334101 0.345382 0.363606 0.368546 0.369639 0.369815 0.369944 0.369997 0.370000 0.370000 0.370000 0.370000 0.370000 0.370000 0.370000 0.370000 0.370000 0.370000 0.370000 0.370000 0.370000 0.370000 0.370000 0.370000 0.370000 0.370000 0.370000 0.370000 0.370000 0.370000 0.370000 0.370000 0.369995 0.369976 0.369815 0.368513 0.367081 0.358714 0.337128 0.280235 0.252350 0.223408 0.204631 0.184664 0.186349 0.189757 0.179509 0.165498 0.152809 0.148801 0.143121 0.139441 0.150799 0.157265 0.172057 -9999.0 -9999.0 -9999.0 -9999.0
-9999.0 -9999.0 0.101259 0.102622 0.107234 0.105947 0.105046 0.103926 0.105774 0.111416 0.124084 0.134313 0.147984 0.158348 0.189500 0.259107 0.329539 0.354077 0.365913 0.369132 0.369883 0.369985 0.370000 0.370000 0.370000 0.370000 0.370000 0.370000 0.370000 0.370000 0.370000 0.370000 0.370000 0.370000 0.370000 0.370000 0.370000 0.370000 0.370000 0.370000 0.370000 0.370000 0.370000 0.370000 0.370000 0.370000 0.370000 0.370000 0.370000 0.370000 0.370000 0.370000 0.370000 0.370000 0.370000 0.370000 0.370000 0.370000 0.369998 0.369974 0.369400 0.367683 0.362158 0.345852 0.306833 0.272682 0.232398 0.204546 0.179410 0.158681 0.150780 0.145458 0.146065 0.145886 0.152427 0.158765 0.166344 0.170028 -9999.0 -9999.0
-9999.0 0.098726 0.099059 0.107332 0.112428 0.116956 0.122565 0.127671 0.132763 0.133037 0.178398 0.266931 0.338349 0.351984 0.364735 0.369637 0.370000 0.370000 0.370000 0.370000 0.370000 0.370000 0.370000 0.370000 0.370000 0.370000 0.370000 0.370000 0.370000 0.370000 0.370000 0.370000 0.370000 0.370000 0.370000 0.370000 0.370000 0.370000 0.370000 0.370000 0.370000 0.370000 0.370000 0.370000 0.370000 0.370000 0.370000 0.370000 0.370000 0.370000 0.370000 0.370000 0.370000 0.370000 0.370000 0.370000 0.370000 0.370000 0.370000 0.370000 0.370000 0.370000 0.369982 0.369688 0.368117 0.361027 0.338226 0.291848 0.235453 0.208626 0.190856 0.163581 0.154839 0.157524 0.154114 0.153549 0.156637 0.159415 -9999.0 -9999.0
-9999.0 0.093845 0.099606 0.111398 0.133672 0.147498 0.218912 0.288968 0.312890 0.292380 0.359426 0.370000 0.370000 0.370000 0.370000 0.370000 0.370000 0.370000 0.370000 0.370000 0.370000 0.370000 0.370000 0.370000 0.370000 0.370000 0.370000 0.370000 0.370000 0.370000 0.370000 0.370000 0.370000 0.370000 0.370000 0.370000 0.370000 0.370000 0.369998 0.369990 0.369981 0.369994 0.369989 0.369968 0.369961 0.369989 0.369999 0.369998 0.369999 0.370000 0.370000 0.370000 0.370000 0.370000 0.370000 0.370000 0.370000 0.370000 0.370000 0.370000 0.370000 0.370000 0.370000 0.370000 0.369997 0.369795 0.368765 0.365997 0.354775 0.334239 0.295494 0.243583 0.200220 0.185913 0.165928 0.158602 -9999.0 -9999.0 -9999.0 -9999.0
-9999.0 0.092927 0.098790 0.121093 0.212586 0.321249 0.368325 0.369994 0.370000 0.370000 0.370000 0.370000 0.370000 0.370000 0.370000 0.370000 0.370000 0.370000 0.370000 0.370000 0.370000 0.370000 0.370000 0.370000 0.370000 0.370000 0.370000 0.370000 0.370000 0.370000 0.370000 0.370000 0.369997 0.369771 0.369168 0.368304 0.364102 0.361933 0.358820 0.349902 0.341977 0.334882 0.343327 0.342209 0.341981 0.346342 0.354228 0.358923 0.365587 0.368012 0.369314 0.369897 0.369980 0.369999 0.370000 0.370000 0.370000 0.370000 0.370000 0.370000 0.370000 0.370000 0.370000 0.370000 0.370000 0.370000 0.369999 0.369905 0.369245 0.367773 0.365437 0.357835 0.328250 0.248597 0.218555 -9999.0 -9999.0 -9999.0 -9999.0 -9999.0
-9999.0 0.087203 0.097396 0.115539 0.256050 0.368867 0.369972 0.370000 0.370000 0.370000 0.370000 0.370000 0.370000 0.370000 0.370000 0.370000 0.370000 0.370000 0.370000 0.370000 0.370000 0.370000 0.370000 0.370000 0.370000 0.370000 0.369998 0.369992 0.369877 0.369380 0.366776 0.364312 0.345844 0.297591 0.253911 0.215110 0.180261 0.179447 0.188552 0.178247 0.166978 0.157612 0.169793 0.176767 0.182462 0.176752 0.180986 0.201276 0.236371 0.272962 0.318626 0.350686 0.362730 0.367841 0.369077 0.369855 0.369984 0.370000 0.370000 0.370000 0.370000 0.370000 0.370000 0.370000 0.370000 0.370000 0.370000 0.370000 0.369973 0.369800 0.369638 0.369299 0.367839 -9999.0 -9999.0 -9999.0 -9999.0 -9999.0 -9999.0 -9999.0
-9999.0 0.084690 0.093530 0.097697 0.130843 0.244878 0.353778 0.368811 0.369997 0.369807 0.369732 0.369914 0.369981 0.369995 0.369978 0.369884 0.369705 0.369735 0.369733 0.369384 0.368600 0.368062 0.368027 0.367639 0.365548 0.363175 0.360934 0.355185 0.340032 0.299759 0.225564 0.182773 0.153526 0.141370 0.133552 0.126387 0.117879 0.121119 0.124596 0.123582 0.120860 0.119425 0.125850 0.129447 0.131904 0.127133 0.131730 0.138201 0.151348 0.167145 0.190502 0.225180 0.267382 0.296136 0.313535 0.337971 0.356437 0.366529 0.369592 0.369996 0.370000 0.370000 0.370000 0.370000 0.370000 0.370000 0.370000 0.370000 0.369994 0.369958 0.369952 -9999.0 -9999.0 -9999.0 -9999.0 -9999.0 -9999.0 -9999.0 -9999.0 -9999.0
-9999.0 -9999.0 0.083162 0.086465 0.090210 0.096912 0.110258 0.132034 0.154617 0.186071 0.238405 0.295642 0.325222 0.334948 0.322566 0.287211 0.262230 0.262734 0.255276 0.241798 0.219878 0.212195 0.206305 0.201363 0.191489 0.186631 0.183846 0.178229 0.167351 0.148293 0.132739 0.122284 0.113637 0.111849 0.109916 0.107562 0.108262 0.107974 0.108648 0.108563 0.109107 0.110291 0.112262 0.114697 0.115492 0.116292 0.117730 0.121094 0.126671 0.135064 0.150090 0.172359 0.191125 0.196732 0.189570 0.192951 0.207359 0.242393 0.324758 0.362375 0.369039 0.369915 0.369999 0.370000 0.370000 0.370000 0.370000 0.370000 0.369511 0.369714 -9999.0 -9999.0 -9999.0 -9999.0 -9999.0 -9999.0 -9999.0 -9999.0 -9999.0 -9999.0
-9999.0 -9999.0 -9999.0 -9999.0 0.082055 0.086423 0.091216 0.091557 0.097045 0.102678 0.109895 0.119495 0.128791 0.134401 0.129732 0.127676 0.125861 0.125782 0.124222 0.122837 0.121788 0.120564 0.119082 0.117830 0.117944 0.118771 0.118737 0.116673 0.115303 0.111590 0.109803 0.107017 0.104579 0.102599 0.102414 0.102131 0.102582 0.101967 0.102952 0.102729 0.103748 0.104534 0.106154 0.108580 0.108814 0.110259 0.110878 0.113142 0.115873 0.123779 0.137339 0.154584 0.167425 0.167718 0.154675 0.148166 0.145862 0.155156 0.174917 0.218272 0.309885 0.354331 0.366611 0.368845 0.369507 0.369891 0.369987 0.369993 -9999.0 -9999.0 -9999.0 -9999.0 -9999.0 -9999.0 -9999.0 -9999.0 -9999.0 -9999.0 -9999.0 -9999.0
-9999.0 -9999.0 -9999.0 -9999.0 -9999.0 -9999.0 0.083583 0.085844 0.085469 0.087856 0.090578 0.093353 0.097257 0.097768 0.098987 0.101622 0.101167 0.099671 0.098062 0.100189 0.101248 0.101239 0.098553 0.098994 0.099297 0.100296 0.100200 0.100308 0.098075 0.100114 0.100988 0.100028 0.099096 0.099164 0.098551 0.099940 0.100107 0.098909 0.098673 0.100586 0.101450 0.101594 0.102512 0.104610 0.107390 0.108281 0.107649 0.107047 0.111018 0.120668 0.134517 0.149160 0.159518 0.162038 0.149923 0.135764 0.129292 0.129595 0.137112 0.152545 0.187346 0.217691 0.243963 0.268965 0.300937 0.356606 -9999.0 -9999.0 -9999.0 -9999.0 -9999.0 -9999.0 -9999.0 -9999.0 -9999.0 -9999.0 -9999.0 -9999.0 -9999.0 -9999.0
-9999.0 -9999.0 -9999.0 -9999.0 -9999.0 -9999.0 -9999.0 -9999.0 -9999.0 -9999.0 -9999.0 -9999.0 -9999.0 -9999.0 -9999.0 -9999.0 -9999.0 -9999.0 -9999.0 -9999.0 -9999.0 -9999.0 -9999.0 -9999.0 -9999.0 -9999.0 -9999.0 -9999.0 -9999.0 -9999.0 -9999.0 -9999.0 -9999.0 -9999.0 -9999.0 -9999.0 -9999.0 -9999.0 -9999.0 -9999.0 -9999.0 -9999.0 -9999.0 -9999.0 -9999.0 -9999.0 -9999.0 -9999.0 -9999.0 -9999.0 -9999.0 -9999.0 -9999.0 -9999.0 -9999.0 -9999.0 -9999.0 -9999.0 -9999.0 -9999.0 -9999.0 -9999.0 -9999.0 -9999.0 -9999.0 -9999.0 -9999.0 -9999.0 -9999.0 -9999.0 -9999.0 -9999.0 -9999.0 -9999.0 -9999.0 -9999.0 -9999.0 -9999.0 -9999.0 -9999.0
-9999.0 -9999.0 -9999.0 -9999.0 -9999.0 -9999.0 -9999.0 -9999.0 -9999.0 -9999.0 -9999.0 -9999.0 -9999.0 -9999.0 -9999.0 -9999.0 -9999.0 -9999.0 -9999.0 -9999.0 -9999.0 -9999.0 -9999.0 -9999.0 -9999.0 -9999.0 -9999.0 -9999.0 -9999.0 -9999.0 -9999.0 -9999.0 -9999.0 -9999.0 -9999.0 -9999.0 -9999.0 -9999.0 -9999.0 -9999.0 -9999.0 -9999.0 -9999.0 -9999.0 -9999.0 -9999.0 -9999.0 -9999.0 -9999.0 -9999.0 -9999.0 -9999.0 -9999.0 -9999.0 -9999.0 -9999.0 -9999.0 -9999.0 -9999.0 -9999.0 -9999.0 -9999.0 -9999.0 -9999.0 -9999.0 -9999.0 -9999.0 -9999.0 -9999.0 -9999.0 -9999.0 -9999.0 -9999.0 -9999.0 -9999.0 -9999.0 -9999.0 -9999.0 -9999.0 -9999.0