Borden_/Borden1m_014/output_maps/thetaliqL0002N0006.asc
ncols         80
nrows         18
xllcorner     620200.000000
yllcorner     5168000.000000
cellsize      1.000000
NODATA_value  -9999.0
-9999.0 -9999.0 -9999.0 -9999.0 -9999.0 -9999.0 -9999.0 -9999.0 -9999.0 -9999.0 -9999.0 -9999.0 -9999.0 -9999.0 -9999.0 -9999.0 -9999.0 -9999.0 -9999.0 -9999.0 -9999.0 -9999.0 -9999.0 -9999.0 -9999.0 -9999.0 -9999.0 -9999.0 -9999.0 -9999.0 -9999.0 -9999.0 -9999.0 -9999.0 -9999.0 -9999.0 -9999.0 -9999.0 -9999.0 -9999.0 -9999.0 -9999.0 -9999.0 -9999.0 -9999.0 -9999.0 -9999.0 -9999.0 -9999.0 -9999.0 -9999.0 -9999.0 -9999.0 -9999.0 -9999.0 -9999.0 -9999.0 -9999.0 -9999.0 -9999.0 -9999.0 -9999.0 -9999.0 -9999.0 -9999.0 -9999.0 -9999.0 -9999.0 -9999.0 -9999.0 -9999.0 -9999.0 -9999.0 -9999.0 -9999.0 -9999.0 -9999.0 -9999.0 -9999.0 -9999.0
-9999.0 -9999.0 -9999.0 -9999.0 -9999.0 -9999.0 -9999.0 -9999.0 -9999.0 -9999.0 -9999.0 -9999.0 -9999.0 -9999.0 -9999.0 -9999.0 -9999.0 -9999.0 -9999.0 -9999.0 -9999.0 -9999.0 -9999.0 -9999.0 -9999.0 -9999.0 -9999.0 -9999.0 -9999.0 -9999.0 -9999.0 -9999.0 -9999.0 -9999.0 -9999.0 -9999.0 -9999.0 -9999.0 -9999.0 -9999.0 -9999.0 -9999.0 -9999.0 -9999.0 -9999.0 -9999.0 -9999.0 -9999.0 -9999.0 -9999.0 -9999.0 -9999.0 -9999.0 -9999.0 -9999.0 -9999.0 -9999.0 -9999.0 -9999.0 -9999.0 -9999.0 -9999.0 -9999.0 -9999.0 -9999.0 -9999.0 -9999.0 -9999.0 -9999.0 -9999.0 -9999.0 -9999.0 -9999.0 -9999.0 -9999.0 -9999.0 -9999.0 -9999.0 -9999.0 -9999.0
-9999.0 -9999.0 -9999.0 -9999.0 -9999.0 -9999.0 -9999.0 -9999.0 -9999.0 -9999.0 -9999.0 -9999.0 -9999.0 -9999.0 -9999.0 -9999.0 -9999.0 -9999.0 -9999.0 -9999.0 0.208896 0.210012 0.207766 0.205236 0.203052 0.202741 0.205151 0.207858 0.210977 0.211510 0.208874 0.209600 0.208542 0.207867 0.207752 0.208494 0.208892 0.209856 0.210444 0.210091 0.209303 0.208781 0.208271 0.208387 0.209318 0.208039 0.209829 0.211520 0.212059 0.212149 0.209983 0.209142 0.208840 0.206740 0.210503 0.211487 0.214110 0.214311 0.214877 0.211937 0.209026 -9999.0 -9999.0 -9999.0 -9999.0 -9999.0 -9999.0 -9999.0 -9999.0 -9999.0 -9999.0 -9999.0 -9999.0 -9999.0 -9999.0 -9999.0 -9999.0 -9999.0 -9999.0 -9999.0
-9999.0 -9999.0 -9999.0 -9999.0 -9999.0 -9999.0 -9999.0 -9999.0 -9999.0 -9999.0 -9999.0 -9999.0 -9999.0 -9999.0 0.205096 0.203810 0.203200 0.202732 0.204906 0.206545 0.206471 0.205139 0.206308 0.203780 0.201510 0.202859 0.204689 0.206066 0.208472 0.210324 0.208535 0.208087 0.208989 0.212272 0.213593 0.212834 0.208730 0.212603 0.214398 0.215559 0.215413 0.213538 0.216014 0.218935 0.217389 0.214309 0.215026 0.216724 0.219525 0.218331 0.208663 0.207999 0.208594 0.208922 0.207571 0.206577 0.210358 0.209728 0.209174 0.208691 0.206673 0.203209 0.201615 0.205322 0.208406 0.214875 -9999.0 -9999.0 -9999.0 -9999.0 -9999.0 -9999.0 -9999.0 -9999.0 -9999.0 -9999.0 -9999.0 -9999.0 -9999.0 -9999.0
-9999.0 -9999.0 -9999.0 -9999.0 -9999.0 -9999.0 -9999.0 -9999.0 -9999.0 0.203200 0.202812 0.203153 0.202238 0.203339 0.201326 0.201755 0.201317 0.202822 0.203913 0.205900 0.208681 0.206520 0.206215 0.207656 0.207660 0.208020 0.209075 0.213442 0.218200 0.226004 0.218802 0.218378 0.221288 0.231593 0.241548 0.245360 0.238589 0.238398 0.245675 0.256493 0.256357 0.255605 0.263740 0.268151 0.271782 0.265536 0.257881 0.254993 0.263515 0.246400 0.230722 0.219581 0.222149 0.217288 0.211896 0.210027 0.209270 0.213543 0.212056 0.208388 0.205392 0.206559 0.204761 0.206536 0.207594 0.212470 0.216763 0.220974 0.221169 0.218450 -9999.0 -9999.0 -9999.0 -9999.0 -9999.0 -9999.0 -9999.0 -9999.0 -9999.0 -9999.0
-9999.0 -9999.0 -9999.0 -9999.0 -9999.0 -9999.0 0.201175 0.200980 0.201672 0.199152 0.200782 0.199519 0.200662 0.201080 0.201793 0.201675 0.203500 0.205041 0.207692 0.211168 0.214421 0.212325 0.213145 0.217747 0.225280 0.231563 0.236017 0.244965 0.272950 0.290220 0.296604 0.298785 0.302622 0.326715 0.365501 0.369999 0.363958 0.352243 0.365192 0.370000 0.370000 0.370000 0.370000 0.370000 0.370000 0.370000 0.370000 0.370000 0.370000 0.366086 0.334771 0.301956 0.284338 0.267662 0.242527 0.225662 0.226326 0.230918 0.225259 0.216833 0.211956 0.212235 0.211367 0.209447 0.210437 0.212352 0.215353 0.217288 0.215861 0.213978 0.212684 0.209434 0.209995 0.213151 -9999.0 -9999.0 -9999.0 -9999.0 -9999.0 -9999.0
-9999.0 -9999.0 -9999.0 -9999.0 0.197553 0.198649 0.195291 0.197127 0.198477 0.199450 0.199249 0.200970 0.201304 0.202473 0.205038 0.206748 0.210207 0.212744 0.219979 0.232960 0.245571 0.254537 0.259570 0.282453 0.309920 0.337426 0.347829 0.365440 0.370000 0.370000 0.370000 0.370000 0.370000 0.370000 0.370000 0.370000 0.370000 0.370000 0.370000 0.370000 0.370000 0.370000 0.370000 0.370000 0.370000 0.370000 0.370000 0.370000 0.370000 0.370000 0.370000 0.370000 0.370000 0.370000 0.370000 0.351536 0.308571 0.297644 0.275880 0.256917 0.235894 0.231412 0.225568 0.222106 0.217050 0.218215 0.219851 0.217243 0.213884 0.210696 0.210469 0.209090 0.207349 0.211539 0.212842 0.217209 -9999.0 -9999.0 -9999.0 -9999.0
-9999.0 -9999.0 0.197514 0.197425 0.200327 0.198368 0.197179 0.195547 0.196092 0.198759 0.203660 0.205298 0.208406 0.209967 0.217195 0.232573 0.253433 0.268990 0.289676 0.319678 0.353185 0.370000 0.370000 0.370000 0.370000 0.370000 0.370000 0.370000 0.370000 0.370000 0.370000 0.370000 0.370000 0.370000 0.370000 0.370000 0.370000 0.370000 0.370000 0.370000 0.370000 0.370000 0.370000 0.370000 0.370000 0.370000 0.370000 0.370000 0.370000 0.370000 0.370000 0.370000 0.370000 0.370000 0.370000 0.370000 0.370000 0.370000 0.370000 0.370000 0.333644 0.303740 0.280039 0.260299 0.245057 0.238188 0.228413 0.222348 0.216708 0.211337 0.209829 0.208981 0.209884 0.209189 0.211392 0.212947 0.215401 0.216268 -9999.0 -9999.0
-9999.0 0.196718 0.195524 0.200581 0.201101 0.201885 0.202718 0.203530 0.204815 0.202853 0.215551 0.236828 0.261921 0.268376 0.285783 0.331207 0.370000 0.370000 0.370000 0.370000 0.370000 0.370000 0.370000 0.370000 0.370000 0.370000 0.370000 0.370000 0.370000 0.370000 0.370000 0.370000 0.370000 0.370000 0.370000 0.370000 0.370000 0.370000 0.370000 0.370000 0.370000 0.370000 0.370000 0.370000 0.370000 0.370000 0.370000 0.370000 0.370000 0.370000 0.370000 0.370000 0.370000 0.370000 0.370000 0.370000 0.370000 0.370000 0.370000 0.370000 0.370000 0.370000 0.370000 0.342352 0.308073 0.275663 0.256399 0.241953 0.228288 0.222986 0.219765 0.212359 0.210623 0.212460 0.211476 0.211368 0.212322 0.213045 -9999.0 -9999.0
-9999.0 0.191536 0.196215 0.201342 0.207561 0.207360 0.224485 0.246966 0.253145 0.243652 0.277078 0.370000 0.370000 0.370000 0.370000 0.370000 0.370000 0.370000 0.370000 0.370000 0.370000 0.370000 0.370000 0.370000 0.370000 0.370000 0.370000 0.370000 0.370000 0.370000 0.370000 0.370000 0.370000 0.370000 0.370000 0.370000 0.370000 0.370000 0.370000 0.370000 0.370000 0.370000 0.370000 0.370000 0.370000 0.370000 0.370000 0.370000 0.370000 0.370000 0.370000 0.370000 0.370000 0.370000 0.370000 0.370000 0.370000 0.370000 0.370000 0.370000 0.370000 0.370000 0.370000 0.370000 0.370000 0.354005 0.322558 0.298978 0.271827 0.257173 0.243946 0.231256 0.220746 0.218833 0.213448 0.212920 -9999.0 -9999.0 -9999.0 -9999.0
-9999.0 0.191112 0.195615 0.205443 0.228938 0.252359 0.338661 0.370000 0.370000 0.370000 0.370000 0.370000 0.370000 0.370000 0.370000 0.370000 0.370000 0.370000 0.370000 0.370000 0.370000 0.370000 0.370000 0.370000 0.370000 0.370000 0.370000 0.370000 0.370000 0.370000 0.370000 0.370000 0.370000 0.346098 0.319706 0.306737 0.285832 0.283697 0.278106 0.266262 0.260193 0.257330 0.262172 0.258453 0.257376 0.263151 0.271880 0.276052 0.290189 0.304054 0.324277 0.351052 0.370000 0.370000 0.370000 0.370000 0.370000 0.370000 0.370000 0.370000 0.370000 0.370000 0.370000 0.370000 0.370000 0.370000 0.370000 0.370000 0.366662 0.333699 0.307948 0.278735 0.255731 0.234396 0.227355 -9999.0 -9999.0 -9999.0 -9999.0 -9999.0
-9999.0 0.183959 0.195567 0.203443 0.240508 0.360331 0.369999 0.370000 0.370000 0.370000 0.370000 0.370000 0.370000 0.370000 0.370000 0.370000 0.370000 0.370000 0.370000 0.370000 0.370000 0.370000 0.370000 0.370000 0.370000 0.370000 0.370000 0.370000 0.362626 0.332530 0.295811 0.290388 0.265168 0.241391 0.231703 0.223504 0.215240 0.215642 0.218969 0.216326 0.213455 0.210330 0.214102 0.215780 0.217457 0.215323 0.215768 0.220721 0.228723 0.236251 0.247438 0.262742 0.277977 0.301064 0.317698 0.347479 0.370000 0.370000 0.370000 0.370000 0.370000 0.370000 0.370000 0.370000 0.370000 0.370000 0.370000 0.370000 0.370000 0.370000 0.370000 0.359160 0.319921 -9999.0 -9999.0 -9999.0 -9999.0 -9999.0 -9999.0 -9999.0
-9999.0 0.180367 0.192655 0.194064 0.208380 0.235434 0.279447 0.322491 0.355254 0.350182 0.356751 0.370000 0.370000 0.370000 0.370000 0.362116 0.342039 0.343542 0.343773 0.329493 0.314082 0.306741 0.307078 0.304070 0.292323 0.285749 0.281726 0.273125 0.257859 0.243549 0.226002 0.216383 0.209572 0.207389 0.205778 0.204012 0.200263 0.202486 0.204114 0.203737 0.202554 0.201623 0.204499 0.205436 0.206329 0.203642 0.205460 0.206934 0.210407 0.213907 0.218928 0.226498 0.236459 0.242654 0.245936 0.254129 0.269222 0.292133 0.336361 0.370000 0.370000 0.370000 0.370000 0.370000 0.370000 0.370000 0.370000 0.370000 0.370000 0.370000 0.370000 -9999.0 -9999.0 -9999.0 -9999.0 -9999.0 -9999.0 -9999.0 -9999.0 -9999.0
-9999.0 -9999.0 0.177717 0.182468 0.186605 0.190954 0.197227 0.202946 0.206736 0.215764 0.228973 0.244680 0.256543 0.261473 0.254467 0.239419 0.232686 0.233547 0.231856 0.229083 0.224107 0.223083 0.221867 0.221061 0.218872 0.217936 0.217563 0.216706 0.214672 0.209902 0.205910 0.203142 0.199938 0.200228 0.199774 0.198655 0.199754 0.199479 0.199782 0.199609 0.199910 0.200462 0.201060 0.201937 0.201937 0.202201 0.202468 0.203374 0.204755 0.206570 0.210229 0.215690 0.219851 0.220790 0.218383 0.218961 0.221901 0.228675 0.249059 0.280305 0.319246 0.358286 0.370000 0.370000 0.370000 0.370000 0.370000 0.370000 0.370000 0.370000 -9999.0 -9999.0 -9999.0 -9999.0 -9999.0 -9999.0 -9999.0 -9999.0 -9999.0 -9999.0
-9999.0 -9999.0 -9999.0 -9999.0 0.175492 0.182304 0.188839 0.188076 0.192867 0.195807 0.198478 0.201679 0.204365 0.206126 0.203926 0.203591 0.203251 0.203605 0.203154 0.202660 0.202511 0.202204 0.201863 0.201365 0.201628 0.202166 0.202329 0.201466 0.201541 0.199970 0.199920 0.199045 0.198189 0.197107 0.197400 0.197320 0.197846 0.197289 0.198118 0.197608 0.198224 0.198471 0.199182 0.200383 0.199859 0.200551 0.200539 0.201410 0.201636 0.203929 0.207706 0.212109 0.215104 0.214919 0.210947 0.209367 0.208343 0.210752 0.214695 0.223558 0.244833 0.265302 0.293892 0.318692 0.341906 0.370000 0.370000 0.370000 -9999.0 -9999.0 -9999.0 -9999.0 -9999.0 -9999.0 -9999.0 -9999.0 -9999.0 -9999.0 -9999.0 -9999.0
-9999.0 -9999.0 -9999.0 -9999.0 -9999.0 -9999.0 0.178541 0.182042 0.180911 0.183682 0.186187 0.188101 0.190988 0.190640 0.191555 0.193886 0.193597 0.192508 0.191120 0.193171 0.194108 0.194323 0.192079 0.192738 0.192993 0.193845 0.193755 0.194162 0.192279 0.194635 0.195804 0.195430 0.195077 0.195568 0.195093 0.196560 0.196735 0.195567 0.195197 0.196862 0.197313 0.197034 0.197301 0.198375 0.199983 0.200196 0.199423 0.198322 0.199866 0.203510 0.207558 0.211105 0.213428 0.214266 0.211009 0.206542 0.204302 0.203907 0.205599 0.208861 0.217092 0.222728 0.226980 0.230503 0.235747 0.269219 -9999.0 -9999.0 -9999.0 -9999.0 -9999.0 -9999.0 -9999.0 -9999.0 -9999.0 -9999.0 -9999.0 -9999.0 -9999.0 -9999.0
-9999.0 -9999.0 -9999.0 -9999.0 -9999.0 -9999.0 -9999.0 -9999.0 -9999.0 -9999.0 -9999.0 -9999.0 -9999.0 -9999.0 -9999.0 -9999.0 -9999.0 -9999.0 -9999.0 -9999.0 -9999.0 -9999.0 -9999.0 -9999.0 -9999.0 -9999.0 -9999.0 -9999.0 -9999.0 -9999.0 -9999.0 -9999.0 -9999.0 -9999.0 -9999.0 -9999.0 -9999.0 -9999.0 -9999.0 -9999.0 -9999.0 -9999.0 -9999.0 -9999.0 -9999.0 -9999.0 -9999.0 -9999.0 -9999.0 -9999.0 -9999.0 -9999.0 -9999.0 -9999.0 -9999.0 -9999.0 -9999.0 -9999.0 -9999.0 -9999.0 -9999.0 -9999.0 -9999.0 -9999.0 -9999.0 -9999.0 -9999.0 -9999.0 -9999.0 -9999.0 -9999.0 -9999.0 -9999.0 -9999.0 -9999.0 -9999.0 -9999.0 -9999.0 -9999.0 -9999.0
-9999.0 -9999.0 -9999.0 -9999.0 -9999.0 -9999.0 -9999.0 -9999.0 -9999.0 -9999.0 -9999.0 -9999.0 -9999.0 -9999.0 -9999.0 -9999.0 -9999.0 -9999.0 -9999.0 -9999.0 -9999.0 -9999.0 -9999.0 -9999.0 -9999.0 -9999.0 -9999.0 -9999.0 -9999.0 -9999.0 -9999.0 -9999.0 -9999.0 -9999.0 -9999.0 -9999.0 -9999.0 -9999.0 -9999.0 -9999.0 -9999.0 -9999.0 -9999.0 -9999.0 -9999.0 -9999.0 -9999.0 -9999.0 -9999.0 -9999.0 -9999.0 -9999.0 -9999.0 -9999.0 -9999.0 -9999.0 -9999.0 -9999.0 -9999.0 -9999.0 -9999.0 -9999.0 -9999.0 -9999.0 -9999.0 -9999.0 -9999.0 -9999.0 -9999.0 -9999.0 -9999.0 -9999.0 -9999.0 -9999.0 -9999.0 -9999.0 -9999.0 -9999.0 -9999.0 -9999.0