Borden_/Borden1m_014/output_maps/thetaliqL0004N0038.asc
ncols         80
nrows         18
xllcorner     620200.000000
yllcorner     5168000.000000
cellsize      1.000000
NODATA_value  -9999.0
-9999.0 -9999.0 -9999.0 -9999.0 -9999.0 -9999.0 -9999.0 -9999.0 -9999.0 -9999.0 -9999.0 -9999.0 -9999.0 -9999.0 -9999.0 -9999.0 -9999.0 -9999.0 -9999.0 -9999.0 -9999.0 -9999.0 -9999.0 -9999.0 -9999.0 -9999.0 -9999.0 -9999.0 -9999.0 -9999.0 -9999.0 -9999.0 -9999.0 -9999.0 -9999.0 -9999.0 -9999.0 -9999.0 -9999.0 -9999.0 -9999.0 -9999.0 -9999.0 -9999.0 -9999.0 -9999.0 -9999.0 -9999.0 -9999.0 -9999.0 -9999.0 -9999.0 -9999.0 -9999.0 -9999.0 -9999.0 -9999.0 -9999.0 -9999.0 -9999.0 -9999.0 -9999.0 -9999.0 -9999.0 -9999.0 -9999.0 -9999.0 -9999.0 -9999.0 -9999.0 -9999.0 -9999.0 -9999.0 -9999.0 -9999.0 -9999.0 -9999.0 -9999.0 -9999.0 -9999.0
-9999.0 -9999.0 -9999.0 -9999.0 -9999.0 -9999.0 -9999.0 -9999.0 -9999.0 -9999.0 -9999.0 -9999.0 -9999.0 -9999.0 -9999.0 -9999.0 -9999.0 -9999.0 -9999.0 -9999.0 -9999.0 -9999.0 -9999.0 -9999.0 -9999.0 -9999.0 -9999.0 -9999.0 -9999.0 -9999.0 -9999.0 -9999.0 -9999.0 -9999.0 -9999.0 -9999.0 -9999.0 -9999.0 -9999.0 -9999.0 -9999.0 -9999.0 -9999.0 -9999.0 -9999.0 -9999.0 -9999.0 -9999.0 -9999.0 -9999.0 -9999.0 -9999.0 -9999.0 -9999.0 -9999.0 -9999.0 -9999.0 -9999.0 -9999.0 -9999.0 -9999.0 -9999.0 -9999.0 -9999.0 -9999.0 -9999.0 -9999.0 -9999.0 -9999.0 -9999.0 -9999.0 -9999.0 -9999.0 -9999.0 -9999.0 -9999.0 -9999.0 -9999.0 -9999.0 -9999.0
-9999.0 -9999.0 -9999.0 -9999.0 -9999.0 -9999.0 -9999.0 -9999.0 -9999.0 -9999.0 -9999.0 -9999.0 -9999.0 -9999.0 -9999.0 -9999.0 -9999.0 -9999.0 -9999.0 -9999.0 0.178287 0.179465 0.176010 0.171894 0.168634 0.168418 0.172177 0.176899 0.182278 0.183593 0.179825 0.180500 0.179149 0.178557 0.178678 0.179740 0.180233 0.182011 0.183242 0.182914 0.181692 0.180736 0.180124 0.180525 0.181739 0.179973 0.182659 0.185544 0.186699 0.186306 0.182007 0.180042 0.179229 0.176446 0.181540 0.183482 0.187879 0.188536 0.188966 0.183992 0.179136 -9999.0 -9999.0 -9999.0 -9999.0 -9999.0 -9999.0 -9999.0 -9999.0 -9999.0 -9999.0 -9999.0 -9999.0 -9999.0 -9999.0 -9999.0 -9999.0 -9999.0 -9999.0 -9999.0
-9999.0 -9999.0 -9999.0 -9999.0 -9999.0 -9999.0 -9999.0 -9999.0 -9999.0 -9999.0 -9999.0 -9999.0 -9999.0 -9999.0 0.170191 0.168630 0.167952 0.167860 0.171238 0.174209 0.174883 0.173238 0.174221 0.170703 0.167718 0.169540 0.172642 0.175731 0.180273 0.183601 0.180854 0.180189 0.181858 0.187400 0.190211 0.189241 0.183414 0.189039 0.192493 0.194744 0.194456 0.191758 0.195864 0.200676 0.198449 0.193379 0.194286 0.197277 0.201987 0.198618 0.182865 0.180348 0.180720 0.180543 0.178436 0.177129 0.182376 0.182008 0.180907 0.179155 0.175267 0.169840 0.167639 0.172813 0.178332 0.188854 -9999.0 -9999.0 -9999.0 -9999.0 -9999.0 -9999.0 -9999.0 -9999.0 -9999.0 -9999.0 -9999.0 -9999.0 -9999.0 -9999.0
-9999.0 -9999.0 -9999.0 -9999.0 -9999.0 -9999.0 -9999.0 -9999.0 -9999.0 0.166516 0.166272 0.166780 0.166015 0.167498 0.165661 0.166258 0.166160 0.168494 0.170878 0.174543 0.178849 0.176194 0.175897 0.177996 0.178556 0.179896 0.182516 0.190314 0.200028 0.213879 0.203215 0.202732 0.209276 0.232002 0.254918 0.262413 0.250004 0.250484 0.266697 0.286166 0.288072 0.287211 0.306259 0.316007 0.321096 0.307722 0.289904 0.286750 0.305934 0.267800 0.231300 0.206595 0.207147 0.197942 0.188045 0.184098 0.183151 0.189166 0.186409 0.179987 0.174792 0.175293 0.172790 0.175345 0.177857 0.186055 0.193881 0.201252 0.201597 0.197044 -9999.0 -9999.0 -9999.0 -9999.0 -9999.0 -9999.0 -9999.0 -9999.0 -9999.0 -9999.0
-9999.0 -9999.0 -9999.0 -9999.0 -9999.0 -9999.0 0.162724 0.162731 0.163777 0.161691 0.163736 0.162826 0.164435 0.165434 0.166773 0.167335 0.170335 0.173395 0.178416 0.185143 0.191343 0.189086 0.190878 0.199754 0.216271 0.231995 0.243500 0.266131 0.323858 0.349208 0.355401 0.357577 0.359724 0.364869 0.368693 0.369207 0.368630 0.367975 0.368802 0.369701 0.369986 0.369988 0.369992 0.369995 0.369999 0.369999 0.369766 0.369350 0.369085 0.368726 0.365870 0.358511 0.342561 0.311373 0.254203 0.223796 0.220019 0.225059 0.212690 0.197034 0.187677 0.186873 0.184813 0.181956 0.183336 0.186934 0.192188 0.195343 0.192782 0.189022 0.185715 0.180528 0.181183 0.186133 -9999.0 -9999.0 -9999.0 -9999.0 -9999.0 -9999.0
-9999.0 -9999.0 -9999.0 -9999.0 0.158604 0.159773 0.156594 0.158615 0.160433 0.162041 0.162739 0.165448 0.166744 0.169034 0.173487 0.177590 0.184307 0.190127 0.204398 0.233025 0.264006 0.284910 0.299969 0.342909 0.360698 0.366227 0.367497 0.368776 0.369738 0.370000 0.370000 0.370000 0.370000 0.370000 0.370000 0.370000 0.370000 0.370000 0.370000 0.370000 0.370000 0.370000 0.370000 0.370000 0.370000 0.370000 0.370000 0.370000 0.370000 0.370000 0.370000 0.370000 0.369926 0.369673 0.369250 0.367544 0.360666 0.355076 0.329514 0.289373 0.242862 0.228136 0.214169 0.206295 0.197375 0.198570 0.200545 0.195920 0.189685 0.183896 0.182489 0.179875 0.177692 0.183732 0.186530 0.193600 -9999.0 -9999.0 -9999.0 -9999.0
-9999.0 -9999.0 0.157742 0.158378 0.161940 0.160387 0.159368 0.158006 0.159099 0.162882 0.170373 0.174907 0.181025 0.185078 0.198796 0.232381 0.279940 0.317378 0.350689 0.363254 0.368079 0.369434 0.369955 0.369998 0.370000 0.370000 0.370000 0.370000 0.370000 0.370000 0.370000 0.370000 0.370000 0.370000 0.370000 0.370000 0.370000 0.370000 0.370000 0.370000 0.370000 0.370000 0.370000 0.370000 0.370000 0.370000 0.370000 0.370000 0.370000 0.370000 0.370000 0.370000 0.370000 0.370000 0.370000 0.370000 0.370000 0.369936 0.369799 0.369218 0.364703 0.357325 0.339287 0.302420 0.259241 0.238523 0.218764 0.206538 0.195581 0.186108 0.182757 0.180568 0.181274 0.180836 0.184173 0.187063 0.190811 0.192449 -9999.0 -9999.0
-9999.0 0.156049 0.155685 0.162115 0.164574 0.166770 0.169373 0.171641 0.174066 0.172971 0.194494 0.238117 0.291438 0.312989 0.346740 0.366255 0.369976 0.369998 0.370000 0.370000 0.370000 0.370000 0.370000 0.370000 0.370000 0.370000 0.370000 0.370000 0.370000 0.370000 0.370000 0.370000 0.370000 0.370000 0.370000 0.370000 0.370000 0.370000 0.370000 0.370000 0.370000 0.370000 0.370000 0.370000 0.370000 0.370000 0.370000 0.370000 0.370000 0.370000 0.370000 0.370000 0.370000 0.370000 0.370000 0.370000 0.370000 0.370000 0.370000 0.370000 0.369998 0.369906 0.369361 0.366481 0.358789 0.336271 0.290757 0.249509 0.219745 0.208176 0.200847 0.188237 0.184500 0.186386 0.184755 0.184518 0.186038 0.187323 -9999.0 -9999.0
-9999.0 0.150941 0.156304 0.164287 0.175913 0.180470 0.214841 0.251556 0.267560 0.250584 0.332296 0.369978 0.370000 0.370000 0.370000 0.370000 0.370000 0.370000 0.370000 0.370000 0.370000 0.370000 0.370000 0.370000 0.370000 0.370000 0.370000 0.370000 0.370000 0.370000 0.370000 0.370000 0.370000 0.370000 0.370000 0.370000 0.369992 0.369958 0.369808 0.369527 0.369316 0.369647 0.369488 0.369084 0.368978 0.369507 0.369844 0.369797 0.369819 0.369926 0.369994 0.370000 0.370000 0.370000 0.370000 0.370000 0.370000 0.370000 0.370000 0.370000 0.370000 0.370000 0.370000 0.369994 0.369750 0.367358 0.361691 0.352346 0.323498 0.288460 0.253331 0.224320 0.204339 0.198825 0.189600 0.186988 -9999.0 -9999.0 -9999.0 -9999.0
-9999.0 0.150206 0.155627 0.170311 0.212737 0.277171 0.359937 0.369681 0.370000 0.370000 0.370000 0.370000 0.370000 0.370000 0.370000 0.370000 0.370000 0.370000 0.370000 0.370000 0.370000 0.370000 0.370000 0.370000 0.370000 0.370000 0.370000 0.370000 0.370000 0.369994 0.369968 0.369934 0.369761 0.367142 0.363625 0.359974 0.345261 0.338455 0.329897 0.309650 0.295954 0.286185 0.298384 0.296184 0.295571 0.302892 0.318750 0.329809 0.349684 0.358449 0.364148 0.368218 0.369313 0.369844 0.369988 0.370000 0.370000 0.370000 0.370000 0.370000 0.370000 0.370000 0.370000 0.370000 0.370000 0.369991 0.369851 0.368438 0.364219 0.358280 0.351268 0.331355 0.281510 0.227956 0.213957 -9999.0 -9999.0 -9999.0 -9999.0 -9999.0
-9999.0 0.143215 0.154856 0.167178 0.236507 0.362443 0.369245 0.370000 0.370000 0.370000 0.370000 0.370000 0.370000 0.370000 0.370000 0.370000 0.370000 0.370000 0.370000 0.370000 0.369998 0.369992 0.369991 0.369983 0.369948 0.369886 0.369802 0.369582 0.368006 0.364556 0.354308 0.345979 0.303240 0.253968 0.229876 0.211210 0.194804 0.194825 0.199525 0.194918 0.189866 0.185182 0.191095 0.194198 0.196883 0.193892 0.195390 0.204385 0.220304 0.238392 0.268449 0.310596 0.340036 0.357675 0.362896 0.367810 0.369401 0.369887 0.369999 0.370000 0.370000 0.370000 0.370000 0.370000 0.370000 0.370000 0.370000 0.369991 0.369260 0.367579 0.366468 0.364517 0.358399 -9999.0 -9999.0 -9999.0 -9999.0 -9999.0 -9999.0 -9999.0
-9999.0 0.139709 0.151262 0.154347 0.175556 0.229608 0.323579 0.362672 0.369899 0.367656 0.366867 0.368418 0.369331 0.369666 0.369281 0.368117 0.366656 0.366895 0.366932 0.364859 0.361174 0.359105 0.358990 0.357481 0.349889 0.342149 0.335726 0.321499 0.293963 0.255824 0.215517 0.196314 0.183436 0.178429 0.174902 0.171407 0.166215 0.168656 0.170824 0.170246 0.168596 0.167546 0.171471 0.173255 0.174597 0.171436 0.174042 0.177049 0.183275 0.190203 0.200203 0.215217 0.235423 0.251660 0.263912 0.289156 0.323311 0.353065 0.365806 0.369714 0.369991 0.370000 0.370000 0.370000 0.370000 0.370000 0.370000 0.370000 0.369696 0.369053 0.368978 -9999.0 -9999.0 -9999.0 -9999.0 -9999.0 -9999.0 -9999.0 -9999.0 -9999.0
-9999.0 -9999.0 0.137280 0.142001 0.146426 0.152362 0.161729 0.174324 0.185629 0.200687 0.224550 0.255144 0.277834 0.288464 0.274889 0.248638 0.234690 0.235241 0.231496 0.224712 0.213797 0.210043 0.207294 0.205039 0.200421 0.198353 0.197305 0.195129 0.190706 0.182084 0.174669 0.169448 0.164427 0.163871 0.162836 0.161250 0.162114 0.161851 0.162301 0.162173 0.162558 0.163341 0.164472 0.165913 0.166225 0.166673 0.167370 0.169125 0.171895 0.175794 0.182764 0.192816 0.200947 0.203188 0.199606 0.200919 0.206916 0.222403 0.274223 0.339918 0.362703 0.368444 0.369836 0.369980 0.369992 0.369999 0.370000 0.369982 0.366113 0.367065 -9999.0 -9999.0 -9999.0 -9999.0 -9999.0 -9999.0 -9999.0 -9999.0 -9999.0 -9999.0
-9999.0 -9999.0 -9999.0 -9999.0 0.135318 0.141893 0.148134 0.148004 0.153428 0.157683 0.162232 0.167724 0.172518 0.175385 0.172576 0.171702 0.170858 0.171030 0.170216 0.169428 0.168938 0.168308 0.167566 0.166822 0.167006 0.167614 0.167690 0.166440 0.165946 0.163630 0.162862 0.161211 0.159677 0.158212 0.158264 0.158086 0.158561 0.157991 0.158870 0.158516 0.159302 0.159793 0.160889 0.162567 0.162402 0.163371 0.163624 0.165005 0.166206 0.170406 0.177193 0.185252 0.190959 0.190946 0.184618 0.181649 0.180329 0.184654 0.192994 0.211298 0.261047 0.318448 0.353448 0.362028 0.365473 0.368340 0.369509 0.369628 -9999.0 -9999.0 -9999.0 -9999.0 -9999.0 -9999.0 -9999.0 -9999.0 -9999.0 -9999.0 -9999.0 -9999.0
-9999.0 -9999.0 -9999.0 -9999.0 -9999.0 -9999.0 0.138010 0.141362 0.140549 0.143511 0.146430 0.148963 0.152493 0.152539 0.153608 0.156095 0.155728 0.154447 0.152934 0.155051 0.156040 0.156150 0.153688 0.154250 0.154529 0.155456 0.155364 0.155628 0.153559 0.155772 0.156783 0.156123 0.155476 0.155744 0.155197 0.156614 0.156783 0.155610 0.155313 0.157090 0.157739 0.157677 0.158256 0.159777 0.161840 0.162340 0.161669 0.160838 0.163326 0.169039 0.176162 0.182962 0.187554 0.188810 0.183144 0.176006 0.172542 0.172421 0.175912 0.182754 0.198186 0.210614 0.222028 0.234626 0.252583 0.323780 -9999.0 -9999.0 -9999.0 -9999.0 -9999.0 -9999.0 -9999.0 -9999.0 -9999.0 -9999.0 -9999.0 -9999.0 -9999.0 -9999.0
-9999.0 -9999.0 -9999.0 -9999.0 -9999.0 -9999.0 -9999.0 -9999.0 -9999.0 -9999.0 -9999.0 -9999.0 -9999.0 -9999.0 -9999.0 -9999.0 -9999.0 -9999.0 -9999.0 -9999.0 -9999.0 -9999.0 -9999.0 -9999.0 -9999.0 -9999.0 -9999.0 -9999.0 -9999.0 -9999.0 -9999.0 -9999.0 -9999.0 -9999.0 -9999.0 -9999.0 -9999.0 -9999.0 -9999.0 -9999.0 -9999.0 -9999.0 -9999.0 -9999.0 -9999.0 -9999.0 -9999.0 -9999.0 -9999.0 -9999.0 -9999.0 -9999.0 -9999.0 -9999.0 -9999.0 -9999.0 -9999.0 -9999.0 -9999.0 -9999.0 -9999.0 -9999.0 -9999.0 -9999.0 -9999.0 -9999.0 -9999.0 -9999.0 -9999.0 -9999.0 -9999.0 -9999.0 -9999.0 -9999.0 -9999.0 -9999.0 -9999.0 -9999.0 -9999.0 -9999.0
-9999.0 -9999.0 -9999.0 -9999.0 -9999.0 -9999.0 -9999.0 -9999.0 -9999.0 -9999.0 -9999.0 -9999.0 -9999.0 -9999.0 -9999.0 -9999.0 -9999.0 -9999.0 -9999.0 -9999.0 -9999.0 -9999.0 -9999.0 -9999.0 -9999.0 -9999.0 -9999.0 -9999.0 -9999.0 -9999.0 -9999.0 -9999.0 -9999.0 -9999.0 -9999.0 -9999.0 -9999.0 -9999.0 -9999.0 -9999.0 -9999.0 -9999.0 -9999.0 -9999.0 -9999.0 -9999.0 -9999.0 -9999.0 -9999.0 -9999.0 -9999.0 -9999.0 -9999.0 -9999.0 -9999.0 -9999.0 -9999.0 -9999.0 -9999.0 -9999.0 -9999.0 -9999.0 -9999.0 -9999.0 -9999.0 -9999.0 -9999.0 -9999.0 -9999.0 -9999.0 -9999.0 -9999.0 -9999.0 -9999.0 -9999.0 -9999.0 -9999.0 -9999.0 -9999.0 -9999.0