Borden_/Borden1m_014/output_maps/thetaliqL0004N0015.asc
ncols         80
nrows         18
xllcorner     620200.000000
yllcorner     5168000.000000
cellsize      1.000000
NODATA_value  -9999.0
-9999.0 -9999.0 -9999.0 -9999.0 -9999.0 -9999.0 -9999.0 -9999.0 -9999.0 -9999.0 -9999.0 -9999.0 -9999.0 -9999.0 -9999.0 -9999.0 -9999.0 -9999.0 -9999.0 -9999.0 -9999.0 -9999.0 -9999.0 -9999.0 -9999.0 -9999.0 -9999.0 -9999.0 -9999.0 -9999.0 -9999.0 -9999.0 -9999.0 -9999.0 -9999.0 -9999.0 -9999.0 -9999.0 -9999.0 -9999.0 -9999.0 -9999.0 -9999.0 -9999.0 -9999.0 -9999.0 -9999.0 -9999.0 -9999.0 -9999.0 -9999.0 -9999.0 -9999.0 -9999.0 -9999.0 -9999.0 -9999.0 -9999.0 -9999.0 -9999.0 -9999.0 -9999.0 -9999.0 -9999.0 -9999.0 -9999.0 -9999.0 -9999.0 -9999.0 -9999.0 -9999.0 -9999.0 -9999.0 -9999.0 -9999.0 -9999.0 -9999.0 -9999.0 -9999.0 -9999.0
-9999.0 -9999.0 -9999.0 -9999.0 -9999.0 -9999.0 -9999.0 -9999.0 -9999.0 -9999.0 -9999.0 -9999.0 -9999.0 -9999.0 -9999.0 -9999.0 -9999.0 -9999.0 -9999.0 -9999.0 -9999.0 -9999.0 -9999.0 -9999.0 -9999.0 -9999.0 -9999.0 -9999.0 -9999.0 -9999.0 -9999.0 -9999.0 -9999.0 -9999.0 -9999.0 -9999.0 -9999.0 -9999.0 -9999.0 -9999.0 -9999.0 -9999.0 -9999.0 -9999.0 -9999.0 -9999.0 -9999.0 -9999.0 -9999.0 -9999.0 -9999.0 -9999.0 -9999.0 -9999.0 -9999.0 -9999.0 -9999.0 -9999.0 -9999.0 -9999.0 -9999.0 -9999.0 -9999.0 -9999.0 -9999.0 -9999.0 -9999.0 -9999.0 -9999.0 -9999.0 -9999.0 -9999.0 -9999.0 -9999.0 -9999.0 -9999.0 -9999.0 -9999.0 -9999.0 -9999.0
-9999.0 -9999.0 -9999.0 -9999.0 -9999.0 -9999.0 -9999.0 -9999.0 -9999.0 -9999.0 -9999.0 -9999.0 -9999.0 -9999.0 -9999.0 -9999.0 -9999.0 -9999.0 -9999.0 -9999.0 0.135639 0.137163 0.132872 0.127937 0.124125 0.123854 0.128234 0.133905 0.140626 0.142274 0.137454 0.138337 0.136622 0.135853 0.135988 0.137323 0.137956 0.140191 0.141750 0.141318 0.139758 0.138556 0.137785 0.138281 0.139825 0.137582 0.140990 0.144699 0.146188 0.145701 0.140198 0.137746 0.136746 0.133265 0.139685 0.142143 0.147868 0.148713 0.149323 0.142815 0.136649 -9999.0 -9999.0 -9999.0 -9999.0 -9999.0 -9999.0 -9999.0 -9999.0 -9999.0 -9999.0 -9999.0 -9999.0 -9999.0 -9999.0 -9999.0 -9999.0 -9999.0 -9999.0 -9999.0
-9999.0 -9999.0 -9999.0 -9999.0 -9999.0 -9999.0 -9999.0 -9999.0 -9999.0 -9999.0 -9999.0 -9999.0 -9999.0 -9999.0 0.126102 0.124247 0.123443 0.123267 0.127177 0.130677 0.131426 0.129416 0.130660 0.126445 0.122957 0.125068 0.128698 0.132372 0.137974 0.142182 0.138690 0.137850 0.139940 0.147015 0.150637 0.149322 0.141785 0.149077 0.153586 0.156499 0.156108 0.152501 0.157856 0.164299 0.161191 0.154512 0.155846 0.159888 0.166179 0.161917 0.141129 0.138033 0.138521 0.138331 0.135688 0.134065 0.140689 0.140183 0.138795 0.136643 0.131894 0.125434 0.122882 0.128962 0.135636 0.149181 -9999.0 -9999.0 -9999.0 -9999.0 -9999.0 -9999.0 -9999.0 -9999.0 -9999.0 -9999.0 -9999.0 -9999.0 -9999.0 -9999.0
-9999.0 -9999.0 -9999.0 -9999.0 -9999.0 -9999.0 -9999.0 -9999.0 -9999.0 0.122007 0.121684 0.122257 0.121313 0.123009 0.120791 0.121468 0.121293 0.123944 0.126650 0.130976 0.136273 0.132949 0.132575 0.135162 0.135800 0.137396 0.140661 0.150723 0.163279 0.181642 0.166486 0.165497 0.173197 0.202653 0.232978 0.240776 0.226669 0.226548 0.245021 0.265181 0.263878 0.262082 0.280631 0.290381 0.296856 0.282790 0.267676 0.264754 0.286328 0.246560 0.202188 0.169596 0.172560 0.160604 0.147769 0.142728 0.141546 0.149422 0.145828 0.137623 0.131227 0.131907 0.128872 0.131967 0.135002 0.145428 0.155821 0.165975 0.166458 0.160131 -9999.0 -9999.0 -9999.0 -9999.0 -9999.0 -9999.0 -9999.0 -9999.0 -9999.0 -9999.0
-9999.0 -9999.0 -9999.0 -9999.0 -9999.0 -9999.0 0.117960 0.117916 0.119050 0.116539 0.118807 0.117686 0.119456 0.120518 0.121997 0.122561 0.126000 0.129577 0.135662 0.144100 0.152121 0.149003 0.151258 0.162453 0.182011 0.203461 0.218358 0.243433 0.302831 0.335880 0.347182 0.351688 0.363367 0.370000 0.370000 0.370000 0.370000 0.370000 0.370000 0.370000 0.370000 0.370000 0.370000 0.370000 0.370000 0.370000 0.370000 0.370000 0.370000 0.370000 0.370000 0.364268 0.326021 0.289766 0.231770 0.193007 0.186472 0.195634 0.180592 0.159586 0.147336 0.146390 0.143771 0.140096 0.141878 0.146527 0.153495 0.157778 0.154311 0.149310 0.145024 0.138356 0.139202 0.145588 -9999.0 -9999.0 -9999.0 -9999.0 -9999.0 -9999.0
-9999.0 -9999.0 -9999.0 -9999.0 0.113414 0.114699 0.111171 0.113329 0.115246 0.116932 0.117550 0.120511 0.121886 0.124465 0.129671 0.134540 0.142853 0.150124 0.168220 0.204119 0.242635 0.263787 0.273067 0.322258 0.370000 0.370000 0.370000 0.370000 0.370000 0.370000 0.370000 0.370000 0.370000 0.370000 0.370000 0.370000 0.370000 0.370000 0.370000 0.370000 0.370000 0.370000 0.370000 0.370000 0.370000 0.370000 0.370000 0.370000 0.370000 0.370000 0.370000 0.370000 0.370000 0.370000 0.370000 0.370000 0.370000 0.353636 0.308798 0.267924 0.216320 0.198173 0.182182 0.172243 0.160287 0.162066 0.164878 0.158530 0.150155 0.142596 0.140837 0.137545 0.134787 0.142462 0.146052 0.155506 -9999.0 -9999.0 -9999.0 -9999.0
-9999.0 -9999.0 0.112672 0.113179 0.117034 0.115167 0.113994 0.112458 0.113559 0.117605 0.126044 0.131259 0.138641 0.143621 0.160999 0.203897 0.257128 0.291301 0.338768 0.370000 0.370000 0.370000 0.370000 0.370000 0.370000 0.370000 0.370000 0.370000 0.370000 0.370000 0.370000 0.370000 0.370000 0.370000 0.370000 0.370000 0.370000 0.370000 0.370000 0.370000 0.370000 0.370000 0.370000 0.370000 0.370000 0.370000 0.370000 0.370000 0.370000 0.370000 0.370000 0.370000 0.370000 0.370000 0.370000 0.370000 0.370000 0.370000 0.370000 0.370000 0.370000 0.367775 0.321700 0.278747 0.235226 0.215154 0.189759 0.173058 0.158034 0.145423 0.141123 0.138376 0.139307 0.138712 0.142992 0.146735 0.151728 0.153919 -9999.0 -9999.0
-9999.0 0.111058 0.110440 0.117239 0.119642 0.121975 0.124772 0.127347 0.130206 0.128919 0.155640 0.212046 0.270696 0.287588 0.330683 0.370000 0.370000 0.370000 0.370000 0.370000 0.370000 0.370000 0.370000 0.370000 0.370000 0.370000 0.370000 0.370000 0.370000 0.370000 0.370000 0.370000 0.370000 0.370000 0.370000 0.370000 0.370000 0.370000 0.370000 0.370000 0.370000 0.370000 0.370000 0.370000 0.370000 0.370000 0.370000 0.370000 0.370000 0.370000 0.370000 0.370000 0.370000 0.370000 0.370000 0.370000 0.370000 0.370000 0.370000 0.370000 0.370000 0.370000 0.370000 0.370000 0.370000 0.317053 0.266761 0.226403 0.190439 0.175066 0.165205 0.148190 0.143348 0.145846 0.143725 0.143420 0.145395 0.147074 -9999.0 -9999.0
-9999.0 0.105696 0.111094 0.119386 0.132693 0.137853 0.182312 0.233495 0.247808 0.227285 0.310068 0.370000 0.370000 0.370000 0.370000 0.370000 0.370000 0.370000 0.370000 0.370000 0.370000 0.370000 0.370000 0.370000 0.370000 0.370000 0.370000 0.370000 0.370000 0.370000 0.370000 0.370000 0.370000 0.370000 0.370000 0.370000 0.370000 0.370000 0.370000 0.370000 0.370000 0.370000 0.370000 0.370000 0.370000 0.370000 0.370000 0.370000 0.370000 0.370000 0.370000 0.370000 0.370000 0.370000 0.370000 0.370000 0.370000 0.370000 0.370000 0.370000 0.370000 0.370000 0.370000 0.370000 0.370000 0.370000 0.370000 0.360745 0.307040 0.269571 0.231438 0.196894 0.169824 0.162524 0.150016 0.146642 -9999.0 -9999.0 -9999.0 -9999.0
-9999.0 0.105008 0.110326 0.126159 0.182340 0.261862 0.370000 0.370000 0.370000 0.370000 0.370000 0.370000 0.370000 0.370000 0.370000 0.370000 0.370000 0.370000 0.370000 0.370000 0.370000 0.370000 0.370000 0.370000 0.370000 0.370000 0.370000 0.370000 0.370000 0.370000 0.370000 0.370000 0.370000 0.370000 0.370000 0.367089 0.327239 0.322054 0.311937 0.288093 0.274998 0.265717 0.278343 0.274954 0.273756 0.281287 0.298275 0.309103 0.339798 0.367570 0.370000 0.370000 0.370000 0.370000 0.370000 0.370000 0.370000 0.370000 0.370000 0.370000 0.370000 0.370000 0.370000 0.370000 0.370000 0.370000 0.370000 0.370000 0.370000 0.370000 0.369741 0.319839 0.262043 0.203563 0.183927 -9999.0 -9999.0 -9999.0 -9999.0 -9999.0
-9999.0 0.098367 0.109645 0.122479 0.216418 0.370000 0.370000 0.370000 0.370000 0.370000 0.370000 0.370000 0.370000 0.370000 0.370000 0.370000 0.370000 0.370000 0.370000 0.370000 0.370000 0.370000 0.370000 0.370000 0.370000 0.370000 0.370000 0.370000 0.370000 0.370000 0.355958 0.335899 0.281926 0.230366 0.199748 0.175867 0.155828 0.156057 0.162617 0.156617 0.149994 0.143931 0.151597 0.155747 0.159388 0.155273 0.157095 0.169133 0.189878 0.211066 0.244273 0.286320 0.320807 0.363637 0.370000 0.370000 0.370000 0.370000 0.370000 0.370000 0.370000 0.370000 0.370000 0.370000 0.370000 0.370000 0.370000 0.370000 0.370000 0.370000 0.370000 0.370000 0.370000 -9999.0 -9999.0 -9999.0 -9999.0 -9999.0 -9999.0 -9999.0
-9999.0 0.095365 0.106129 0.108787 0.132252 0.205156 0.310891 0.370000 0.370000 0.370000 0.370000 0.370000 0.370000 0.370000 0.370000 0.370000 0.370000 0.370000 0.370000 0.370000 0.370000 0.366302 0.364623 0.360344 0.340632 0.327789 0.319686 0.302352 0.273526 0.233261 0.182518 0.157811 0.141582 0.135524 0.131284 0.127191 0.121186 0.124033 0.126575 0.125905 0.123986 0.122760 0.127351 0.129445 0.131067 0.127225 0.130349 0.133975 0.141776 0.150753 0.164088 0.184450 0.210818 0.227934 0.239362 0.265046 0.298812 0.351106 0.370000 0.370000 0.370000 0.370000 0.370000 0.370000 0.370000 0.370000 0.370000 0.370000 0.370000 0.370000 0.370000 -9999.0 -9999.0 -9999.0 -9999.0 -9999.0 -9999.0 -9999.0 -9999.0 -9999.0
-9999.0 -9999.0 0.093343 0.097229 0.101100 0.106515 0.115680 0.127718 0.141678 0.162668 0.196383 0.236030 0.260922 0.271591 0.257087 0.226192 0.207577 0.208505 0.203582 0.193622 0.178424 0.174329 0.171157 0.168699 0.163230 0.160740 0.159482 0.156806 0.151183 0.140149 0.131075 0.124960 0.119291 0.118788 0.117708 0.116001 0.117043 0.116735 0.117214 0.117063 0.117492 0.118351 0.119554 0.121139 0.121452 0.121956 0.122711 0.124681 0.127864 0.132481 0.141148 0.154322 0.165362 0.168368 0.163280 0.164873 0.172641 0.191370 0.249465 0.323030 0.370000 0.370000 0.370000 0.370000 0.370000 0.370000 0.370000 0.370000 0.370000 0.370000 -9999.0 -9999.0 -9999.0 -9999.0 -9999.0 -9999.0 -9999.0 -9999.0 -9999.0 -9999.0
-9999.0 -9999.0 -9999.0 -9999.0 0.091762 0.097119 0.102838 0.102546 0.107805 0.112045 0.116772 0.122820 0.128320 0.131725 0.128371 0.127409 0.126446 0.126667 0.125729 0.124817 0.124296 0.123601 0.122776 0.121931 0.122166 0.122877 0.122981 0.121556 0.121068 0.118502 0.117764 0.116048 0.114482 0.112951 0.113070 0.112903 0.113440 0.112814 0.113773 0.113344 0.114177 0.114666 0.115809 0.117618 0.117349 0.118408 0.118646 0.120154 0.121389 0.126134 0.134229 0.144391 0.151878 0.151841 0.143507 0.139717 0.138032 0.143521 0.154235 0.177776 0.235946 0.292477 0.350785 0.370000 0.370000 0.370000 0.370000 0.370000 -9999.0 -9999.0 -9999.0 -9999.0 -9999.0 -9999.0 -9999.0 -9999.0 -9999.0 -9999.0 -9999.0 -9999.0
-9999.0 -9999.0 -9999.0 -9999.0 -9999.0 -9999.0 0.093929 0.096737 0.095980 0.098529 0.101126 0.103427 0.106800 0.106806 0.107881 0.110433 0.110065 0.108762 0.107235 0.109393 0.110430 0.110563 0.108037 0.108633 0.108921 0.109873 0.109776 0.110081 0.107971 0.110312 0.111434 0.110794 0.110178 0.110522 0.109960 0.111492 0.111677 0.110415 0.110076 0.111962 0.112622 0.112499 0.113055 0.114637 0.116865 0.117372 0.116583 0.115586 0.118229 0.124617 0.133020 0.141471 0.147390 0.149056 0.141687 0.132733 0.128550 0.128379 0.132553 0.141059 0.161239 0.177428 0.190152 0.203150 0.222943 0.299234 -9999.0 -9999.0 -9999.0 -9999.0 -9999.0 -9999.0 -9999.0 -9999.0 -9999.0 -9999.0 -9999.0 -9999.0 -9999.0 -9999.0
-9999.0 -9999.0 -9999.0 -9999.0 -9999.0 -9999.0 -9999.0 -9999.0 -9999.0 -9999.0 -9999.0 -9999.0 -9999.0 -9999.0 -9999.0 -9999.0 -9999.0 -9999.0 -9999.0 -9999.0 -9999.0 -9999.0 -9999.0 -9999.0 -9999.0 -9999.0 -9999.0 -9999.0 -9999.0 -9999.0 -9999.0 -9999.0 -9999.0 -9999.0 -9999.0 -9999.0 -9999.0 -9999.0 -9999.0 -9999.0 -9999.0 -9999.0 -9999.0 -9999.0 -9999.0 -9999.0 -9999.0 -9999.0 -9999.0 -9999.0 -9999.0 -9999.0 -9999.0 -9999.0 -9999.0 -9999.0 -9999.0 -9999.0 -9999.0 -9999.0 -9999.0 -9999.0 -9999.0 -9999.0 -9999.0 -9999.0 -9999.0 -9999.0 -9999.0 -9999.0 -9999.0 -9999.0 -9999.0 -9999.0 -9999.0 -9999.0 -9999.0 -9999.0 -9999.0 -9999.0
-9999.0 -9999.0 -9999.0 -9999.0 -9999.0 -9999.0 -9999.0 -9999.0 -9999.0 -9999.0 -9999.0 -9999.0 -9999.0 -9999.0 -9999.0 -9999.0 -9999.0 -9999.0 -9999.0 -9999.0 -9999.0 -9999.0 -9999.0 -9999.0 -9999.0 -9999.0 -9999.0 -9999.0 -9999.0 -9999.0 -9999.0 -9999.0 -9999.0 -9999.0 -9999.0 -9999.0 -9999.0 -9999.0 -9999.0 -9999.0 -9999.0 -9999.0 -9999.0 -9999.0 -9999.0 -9999.0 -9999.0 -9999.0 -9999.0 -9999.0 -9999.0 -9999.0 -9999.0 -9999.0 -9999.0 -9999.0 -9999.0 -9999.0 -9999.0 -9999.0 -9999.0 -9999.0 -9999.0 -9999.0 -9999.0 -9999.0 -9999.0 -9999.0 -9999.0 -9999.0 -9999.0 -9999.0 -9999.0 -9999.0 -9999.0 -9999.0 -9999.0 -9999.0 -9999.0 -9999.0