Borden_/Borden1m_014/output_maps/thetaliqL0002N0028.asc
ncols         80
nrows         18
xllcorner     620200.000000
yllcorner     5168000.000000
cellsize      1.000000
NODATA_value  -9999.0
-9999.0 -9999.0 -9999.0 -9999.0 -9999.0 -9999.0 -9999.0 -9999.0 -9999.0 -9999.0 -9999.0 -9999.0 -9999.0 -9999.0 -9999.0 -9999.0 -9999.0 -9999.0 -9999.0 -9999.0 -9999.0 -9999.0 -9999.0 -9999.0 -9999.0 -9999.0 -9999.0 -9999.0 -9999.0 -9999.0 -9999.0 -9999.0 -9999.0 -9999.0 -9999.0 -9999.0 -9999.0 -9999.0 -9999.0 -9999.0 -9999.0 -9999.0 -9999.0 -9999.0 -9999.0 -9999.0 -9999.0 -9999.0 -9999.0 -9999.0 -9999.0 -9999.0 -9999.0 -9999.0 -9999.0 -9999.0 -9999.0 -9999.0 -9999.0 -9999.0 -9999.0 -9999.0 -9999.0 -9999.0 -9999.0 -9999.0 -9999.0 -9999.0 -9999.0 -9999.0 -9999.0 -9999.0 -9999.0 -9999.0 -9999.0 -9999.0 -9999.0 -9999.0 -9999.0 -9999.0
-9999.0 -9999.0 -9999.0 -9999.0 -9999.0 -9999.0 -9999.0 -9999.0 -9999.0 -9999.0 -9999.0 -9999.0 -9999.0 -9999.0 -9999.0 -9999.0 -9999.0 -9999.0 -9999.0 -9999.0 -9999.0 -9999.0 -9999.0 -9999.0 -9999.0 -9999.0 -9999.0 -9999.0 -9999.0 -9999.0 -9999.0 -9999.0 -9999.0 -9999.0 -9999.0 -9999.0 -9999.0 -9999.0 -9999.0 -9999.0 -9999.0 -9999.0 -9999.0 -9999.0 -9999.0 -9999.0 -9999.0 -9999.0 -9999.0 -9999.0 -9999.0 -9999.0 -9999.0 -9999.0 -9999.0 -9999.0 -9999.0 -9999.0 -9999.0 -9999.0 -9999.0 -9999.0 -9999.0 -9999.0 -9999.0 -9999.0 -9999.0 -9999.0 -9999.0 -9999.0 -9999.0 -9999.0 -9999.0 -9999.0 -9999.0 -9999.0 -9999.0 -9999.0 -9999.0 -9999.0
-9999.0 -9999.0 -9999.0 -9999.0 -9999.0 -9999.0 -9999.0 -9999.0 -9999.0 -9999.0 -9999.0 -9999.0 -9999.0 -9999.0 -9999.0 -9999.0 -9999.0 -9999.0 -9999.0 -9999.0 0.196033 0.196703 0.195245 0.193609 0.192248 0.192080 0.193605 0.195394 0.197484 0.197918 0.196228 0.196631 0.195968 0.195607 0.195584 0.196045 0.196264 0.196943 0.197379 0.197184 0.196671 0.196304 0.195963 0.196077 0.196652 0.195878 0.197029 0.198180 0.198596 0.198577 0.197001 0.196349 0.196114 0.194820 0.197170 0.197880 0.199676 0.199858 0.200186 0.198161 0.196206 -9999.0 -9999.0 -9999.0 -9999.0 -9999.0 -9999.0 -9999.0 -9999.0 -9999.0 -9999.0 -9999.0 -9999.0 -9999.0 -9999.0 -9999.0 -9999.0 -9999.0 -9999.0 -9999.0
-9999.0 -9999.0 -9999.0 -9999.0 -9999.0 -9999.0 -9999.0 -9999.0 -9999.0 -9999.0 -9999.0 -9999.0 -9999.0 -9999.0 0.193362 0.192595 0.192240 0.192018 0.193385 0.194469 0.194516 0.193710 0.194361 0.192806 0.191453 0.192274 0.193452 0.194437 0.196089 0.197383 0.196191 0.195900 0.196548 0.198869 0.199932 0.199447 0.196745 0.199276 0.200610 0.201489 0.201376 0.200122 0.201894 0.203987 0.202921 0.200727 0.201165 0.202387 0.204448 0.203331 0.196594 0.195888 0.196217 0.196339 0.195464 0.194833 0.197206 0.196879 0.196482 0.196044 0.194659 0.192465 0.191504 0.193760 0.195831 0.200195 -9999.0 -9999.0 -9999.0 -9999.0 -9999.0 -9999.0 -9999.0 -9999.0 -9999.0 -9999.0 -9999.0 -9999.0 -9999.0 -9999.0
-9999.0 -9999.0 -9999.0 -9999.0 -9999.0 -9999.0 -9999.0 -9999.0 -9999.0 0.192111 0.191895 0.192102 0.191599 0.192258 0.191151 0.191406 0.191214 0.192136 0.192898 0.194228 0.196029 0.194703 0.194533 0.195492 0.195643 0.196031 0.196854 0.199932 0.203610 0.209579 0.204538 0.204325 0.207066 0.217785 0.228418 0.232020 0.226062 0.226009 0.233247 0.242629 0.242889 0.242037 0.252917 0.260048 0.265301 0.254276 0.243976 0.242394 0.255469 0.233823 0.217664 0.205956 0.206633 0.202834 0.198845 0.197390 0.196857 0.199638 0.198558 0.196024 0.194009 0.194628 0.193516 0.194602 0.195382 0.198677 0.201746 0.204815 0.204969 0.203004 -9999.0 -9999.0 -9999.0 -9999.0 -9999.0 -9999.0 -9999.0 -9999.0 -9999.0 -9999.0
-9999.0 -9999.0 -9999.0 -9999.0 -9999.0 -9999.0 0.190800 0.190703 0.191116 0.189777 0.190707 0.190049 0.190739 0.191041 0.191491 0.191512 0.192698 0.193754 0.195589 0.198103 0.200511 0.199262 0.199895 0.203460 0.210932 0.218389 0.223295 0.232698 0.270617 0.311447 0.326730 0.333499 0.340819 0.350692 0.362516 0.368114 0.361943 0.358272 0.361147 0.366293 0.369669 0.369683 0.369735 0.369794 0.369928 0.369912 0.366774 0.363736 0.362463 0.361121 0.352677 0.338292 0.300281 0.258804 0.227845 0.214400 0.212103 0.214044 0.208907 0.202470 0.198813 0.198783 0.198083 0.196791 0.197384 0.198727 0.200848 0.202195 0.201162 0.199769 0.198723 0.196555 0.196892 0.198999 -9999.0 -9999.0 -9999.0 -9999.0 -9999.0 -9999.0
-9999.0 -9999.0 -9999.0 -9999.0 0.188755 0.189360 0.187549 0.188558 0.189344 0.189938 0.189936 0.191020 0.191320 0.192106 0.193819 0.195206 0.197724 0.199682 0.205343 0.218284 0.232387 0.242060 0.248690 0.298966 0.341659 0.353694 0.356846 0.361261 0.366827 0.369948 0.369986 0.369991 0.369976 0.370000 0.370000 0.370000 0.370000 0.370000 0.370000 0.370000 0.370000 0.370000 0.370000 0.370000 0.370000 0.370000 0.370000 0.370000 0.370000 0.370000 0.369992 0.369975 0.368600 0.366267 0.363633 0.357329 0.342331 0.330819 0.278239 0.244266 0.222421 0.215555 0.209385 0.206349 0.202504 0.203157 0.204183 0.202254 0.199813 0.197557 0.197271 0.196306 0.195247 0.197931 0.198905 0.201928 -9999.0 -9999.0 -9999.0 -9999.0
-9999.0 -9999.0 0.188661 0.188709 0.190359 0.189332 0.188734 0.187864 0.188210 0.189797 0.192908 0.194301 0.196532 0.197755 0.203206 0.218390 0.239748 0.261835 0.317350 0.346205 0.358576 0.364763 0.369473 0.369869 0.369931 0.370000 0.370000 0.370000 0.370000 0.370000 0.370000 0.370000 0.370000 0.370000 0.370000 0.370000 0.370000 0.370000 0.370000 0.370000 0.370000 0.370000 0.370000 0.370000 0.370000 0.370000 0.370000 0.370000 0.370000 0.370000 0.370000 0.370000 0.370000 0.370000 0.370000 0.370000 0.369973 0.368825 0.367355 0.363630 0.350017 0.336685 0.295917 0.251544 0.229005 0.219811 0.211311 0.206331 0.201986 0.198163 0.197021 0.196342 0.196846 0.196478 0.197915 0.199022 0.200675 0.201310 -9999.0 -9999.0
-9999.0 0.188201 0.187645 0.190581 0.191077 0.191694 0.192561 0.193311 0.194140 0.192969 0.201860 0.221699 0.246416 0.258321 0.307402 0.352798 0.369543 0.369859 0.369866 0.369995 0.370000 0.370000 0.370000 0.370000 0.370000 0.370000 0.370000 0.370000 0.370000 0.370000 0.370000 0.370000 0.370000 0.370000 0.370000 0.370000 0.370000 0.370000 0.370000 0.370000 0.370000 0.370000 0.370000 0.370000 0.370000 0.370000 0.370000 0.370000 0.370000 0.370000 0.370000 0.370000 0.370000 0.370000 0.370000 0.370000 0.370000 0.370000 0.369999 0.370000 0.369810 0.368545 0.364862 0.354378 0.338684 0.291578 0.244102 0.224411 0.211534 0.207021 0.204300 0.198974 0.197626 0.198713 0.198026 0.197945 0.198592 0.199100 -9999.0 -9999.0
-9999.0 0.185547 0.188173 0.191331 0.195469 0.196160 0.211878 0.228870 0.235697 0.226208 0.282019 0.369616 0.369969 0.369970 0.369999 0.370000 0.370000 0.370000 0.370000 0.370000 0.370000 0.370000 0.370000 0.370000 0.370000 0.370000 0.370000 0.370000 0.370000 0.370000 0.370000 0.370000 0.370000 0.369999 0.369990 0.369981 0.369929 0.369208 0.367474 0.365076 0.363537 0.365720 0.364641 0.362262 0.361718 0.364853 0.367616 0.367263 0.367616 0.368701 0.369675 0.369996 0.369999 0.370000 0.370000 0.370000 0.370000 0.370000 0.370000 0.370000 0.370000 0.370000 0.369999 0.369688 0.367430 0.357859 0.345253 0.330928 0.275741 0.244926 0.227059 0.213905 0.205353 0.203489 0.199629 0.198994 -9999.0 -9999.0 -9999.0 -9999.0
-9999.0 0.185495 0.188100 0.194228 0.211050 0.242060 0.340990 0.366957 0.369997 0.369943 0.370000 0.370000 0.370000 0.370000 0.370000 0.370000 0.370000 0.370000 0.370000 0.370000 0.370000 0.370000 0.370000 0.370000 0.370000 0.370000 0.370000 0.370000 0.369922 0.369674 0.369211 0.368733 0.367006 0.355793 0.347991 0.341165 0.305142 0.292295 0.279197 0.257192 0.248236 0.242916 0.250121 0.248257 0.247600 0.252253 0.265472 0.278001 0.317001 0.338318 0.348586 0.359413 0.364342 0.367954 0.369542 0.369997 0.370000 0.370000 0.370000 0.370000 0.370000 0.370000 0.370000 0.370000 0.370000 0.369651 0.368408 0.363149 0.352995 0.341925 0.331128 0.290399 0.241201 0.215964 0.210003 -9999.0 -9999.0 -9999.0 -9999.0 -9999.0
-9999.0 0.182008 0.188339 0.193396 0.224503 0.345842 0.364840 0.370000 0.370000 0.370000 0.369929 0.370000 0.370000 0.370000 0.370000 0.370000 0.370000 0.370000 0.370000 0.369998 0.369842 0.369689 0.369658 0.369475 0.368960 0.368230 0.367427 0.365783 0.358477 0.349556 0.330968 0.309581 0.253233 0.228001 0.217362 0.208933 0.201717 0.201856 0.204057 0.202095 0.200041 0.197936 0.200474 0.201669 0.202825 0.201411 0.201829 0.205503 0.212037 0.219818 0.233312 0.256951 0.294954 0.336674 0.345997 0.357834 0.364672 0.368279 0.369839 0.370000 0.370000 0.370000 0.370000 0.370000 0.370000 0.370000 0.370000 0.369750 0.366479 0.362217 0.358969 0.353173 0.341144 -9999.0 -9999.0 -9999.0 -9999.0 -9999.0 -9999.0 -9999.0
-9999.0 0.179957 0.186745 0.188023 0.197179 0.220826 0.279601 0.347418 0.369453 0.358550 0.355328 0.359851 0.363851 0.366031 0.363639 0.358893 0.354615 0.355499 0.355906 0.351220 0.344385 0.341109 0.340820 0.337165 0.317260 0.299937 0.288660 0.269260 0.247548 0.228992 0.210300 0.202528 0.197485 0.195779 0.194554 0.193288 0.190933 0.192202 0.193202 0.192937 0.192179 0.191610 0.193358 0.193978 0.194542 0.192926 0.194052 0.195098 0.197489 0.200039 0.203855 0.209861 0.218332 0.225317 0.231093 0.243223 0.269098 0.326693 0.352146 0.366915 0.369604 0.369996 0.370000 0.370000 0.370000 0.370000 0.370000 0.370000 0.368203 0.366426 0.366001 -9999.0 -9999.0 -9999.0 -9999.0 -9999.0 -9999.0 -9999.0 -9999.0 -9999.0
-9999.0 -9999.0 0.178676 0.181473 0.184071 0.186753 0.190661 0.196093 0.200495 0.206744 0.216981 0.230385 0.240704 0.246126 0.238952 0.226463 0.220099 0.220540 0.218923 0.215768 0.210506 0.208613 0.207384 0.206410 0.204370 0.203521 0.203165 0.202421 0.200820 0.197409 0.194536 0.192638 0.190604 0.190668 0.190338 0.189637 0.190178 0.190043 0.190233 0.190128 0.190276 0.190588 0.190982 0.191519 0.191547 0.191692 0.191894 0.192502 0.193449 0.194723 0.197256 0.201133 0.204275 0.205079 0.203457 0.204006 0.206399 0.212523 0.235899 0.297798 0.345030 0.360630 0.367993 0.369489 0.369760 0.369993 0.370000 0.369682 0.361219 0.363100 -9999.0 -9999.0 -9999.0 -9999.0 -9999.0 -9999.0 -9999.0 -9999.0 -9999.0 -9999.0
-9999.0 -9999.0 -9999.0 -9999.0 0.177675 0.181462 0.184988 0.184672 0.187285 0.188891 0.190463 0.192420 0.194064 0.195176 0.193765 0.193389 0.193086 0.193301 0.193013 0.192629 0.192427 0.192199 0.191992 0.191676 0.191784 0.192067 0.192144 0.191614 0.191605 0.190575 0.190409 0.189817 0.189246 0.188601 0.188725 0.188643 0.188922 0.188624 0.189086 0.188803 0.189148 0.189307 0.189738 0.190439 0.190171 0.190578 0.190603 0.191151 0.191381 0.192876 0.195382 0.198410 0.200558 0.200475 0.197779 0.196690 0.196091 0.197796 0.200881 0.208016 0.229832 0.263751 0.327908 0.345458 0.353274 0.362227 0.367016 0.367738 -9999.0 -9999.0 -9999.0 -9999.0 -9999.0 -9999.0 -9999.0 -9999.0 -9999.0 -9999.0 -9999.0 -9999.0
-9999.0 -9999.0 -9999.0 -9999.0 -9999.0 -9999.0 0.179204 0.181057 0.180570 0.181917 0.183117 0.184101 0.185668 0.185430 0.185845 0.187097 0.186899 0.186304 0.185562 0.186666 0.187127 0.187246 0.186023 0.186359 0.186473 0.186951 0.186902 0.187105 0.186044 0.187264 0.187844 0.187600 0.187366 0.187591 0.187317 0.188104 0.188197 0.187567 0.187391 0.188293 0.188548 0.188418 0.188601 0.189232 0.190160 0.190298 0.189879 0.189302 0.190278 0.192542 0.195192 0.197645 0.199311 0.199876 0.197616 0.194689 0.193272 0.193102 0.194313 0.196702 0.202743 0.207399 0.211647 0.217539 0.224817 0.269380 -9999.0 -9999.0 -9999.0 -9999.0 -9999.0 -9999.0 -9999.0 -9999.0 -9999.0 -9999.0 -9999.0 -9999.0 -9999.0 -9999.0
-9999.0 -9999.0 -9999.0 -9999.0 -9999.0 -9999.0 -9999.0 -9999.0 -9999.0 -9999.0 -9999.0 -9999.0 -9999.0 -9999.0 -9999.0 -9999.0 -9999.0 -9999.0 -9999.0 -9999.0 -9999.0 -9999.0 -9999.0 -9999.0 -9999.0 -9999.0 -9999.0 -9999.0 -9999.0 -9999.0 -9999.0 -9999.0 -9999.0 -9999.0 -9999.0 -9999.0 -9999.0 -9999.0 -9999.0 -9999.0 -9999.0 -9999.0 -9999.0 -9999.0 -9999.0 -9999.0 -9999.0 -9999.0 -9999.0 -9999.0 -9999.0 -9999.0 -9999.0 -9999.0 -9999.0 -9999.0 -9999.0 -9999.0 -9999.0 -9999.0 -9999.0 -9999.0 -9999.0 -9999.0 -9999.0 -9999.0 -9999.0 -9999.0 -9999.0 -9999.0 -9999.0 -9999.0 -9999.0 -9999.0 -9999.0 -9999.0 -9999.0 -9999.0 -9999.0 -9999.0
-9999.0 -9999.0 -9999.0 -9999.0 -9999.0 -9999.0 -9999.0 -9999.0 -9999.0 -9999.0 -9999.0 -9999.0 -9999.0 -9999.0 -9999.0 -9999.0 -9999.0 -9999.0 -9999.0 -9999.0 -9999.0 -9999.0 -9999.0 -9999.0 -9999.0 -9999.0 -9999.0 -9999.0 -9999.0 -9999.0 -9999.0 -9999.0 -9999.0 -9999.0 -9999.0 -9999.0 -9999.0 -9999.0 -9999.0 -9999.0 -9999.0 -9999.0 -9999.0 -9999.0 -9999.0 -9999.0 -9999.0 -9999.0 -9999.0 -9999.0 -9999.0 -9999.0 -9999.0 -9999.0 -9999.0 -9999.0 -9999.0 -9999.0 -9999.0 -9999.0 -9999.0 -9999.0 -9999.0 -9999.0 -9999.0 -9999.0 -9999.0 -9999.0 -9999.0 -9999.0 -9999.0 -9999.0 -9999.0 -9999.0 -9999.0 -9999.0 -9999.0 -9999.0 -9999.0 -9999.0