Borden_/Borden1m_014/output_maps/thetaliqL0002N0038.asc
ncols         80
nrows         18
xllcorner     620200.000000
yllcorner     5168000.000000
cellsize      1.000000
NODATA_value  -9999.0
-9999.0 -9999.0 -9999.0 -9999.0 -9999.0 -9999.0 -9999.0 -9999.0 -9999.0 -9999.0 -9999.0 -9999.0 -9999.0 -9999.0 -9999.0 -9999.0 -9999.0 -9999.0 -9999.0 -9999.0 -9999.0 -9999.0 -9999.0 -9999.0 -9999.0 -9999.0 -9999.0 -9999.0 -9999.0 -9999.0 -9999.0 -9999.0 -9999.0 -9999.0 -9999.0 -9999.0 -9999.0 -9999.0 -9999.0 -9999.0 -9999.0 -9999.0 -9999.0 -9999.0 -9999.0 -9999.0 -9999.0 -9999.0 -9999.0 -9999.0 -9999.0 -9999.0 -9999.0 -9999.0 -9999.0 -9999.0 -9999.0 -9999.0 -9999.0 -9999.0 -9999.0 -9999.0 -9999.0 -9999.0 -9999.0 -9999.0 -9999.0 -9999.0 -9999.0 -9999.0 -9999.0 -9999.0 -9999.0 -9999.0 -9999.0 -9999.0 -9999.0 -9999.0 -9999.0 -9999.0
-9999.0 -9999.0 -9999.0 -9999.0 -9999.0 -9999.0 -9999.0 -9999.0 -9999.0 -9999.0 -9999.0 -9999.0 -9999.0 -9999.0 -9999.0 -9999.0 -9999.0 -9999.0 -9999.0 -9999.0 -9999.0 -9999.0 -9999.0 -9999.0 -9999.0 -9999.0 -9999.0 -9999.0 -9999.0 -9999.0 -9999.0 -9999.0 -9999.0 -9999.0 -9999.0 -9999.0 -9999.0 -9999.0 -9999.0 -9999.0 -9999.0 -9999.0 -9999.0 -9999.0 -9999.0 -9999.0 -9999.0 -9999.0 -9999.0 -9999.0 -9999.0 -9999.0 -9999.0 -9999.0 -9999.0 -9999.0 -9999.0 -9999.0 -9999.0 -9999.0 -9999.0 -9999.0 -9999.0 -9999.0 -9999.0 -9999.0 -9999.0 -9999.0 -9999.0 -9999.0 -9999.0 -9999.0 -9999.0 -9999.0 -9999.0 -9999.0 -9999.0 -9999.0 -9999.0 -9999.0
-9999.0 -9999.0 -9999.0 -9999.0 -9999.0 -9999.0 -9999.0 -9999.0 -9999.0 -9999.0 -9999.0 -9999.0 -9999.0 -9999.0 -9999.0 -9999.0 -9999.0 -9999.0 -9999.0 -9999.0 0.177901 0.178494 0.177108 0.175538 0.174257 0.174120 0.175572 0.177315 0.179348 0.179806 0.178225 0.178569 0.177962 0.177663 0.177669 0.178098 0.178292 0.178963 0.179407 0.179244 0.178756 0.178394 0.178081 0.178210 0.178737 0.178025 0.179110 0.180228 0.180654 0.180586 0.179002 0.178321 0.178068 0.176878 0.179049 0.179761 0.181500 0.181704 0.181980 0.180013 0.178123 -9999.0 -9999.0 -9999.0 -9999.0 -9999.0 -9999.0 -9999.0 -9999.0 -9999.0 -9999.0 -9999.0 -9999.0 -9999.0 -9999.0 -9999.0 -9999.0 -9999.0 -9999.0 -9999.0
-9999.0 -9999.0 -9999.0 -9999.0 -9999.0 -9999.0 -9999.0 -9999.0 -9999.0 -9999.0 -9999.0 -9999.0 -9999.0 -9999.0 0.175177 0.174483 0.174169 0.174014 0.175314 0.176379 0.176491 0.175761 0.176310 0.174869 0.173634 0.174392 0.175532 0.176548 0.178189 0.179463 0.178330 0.178054 0.178697 0.180948 0.182030 0.181587 0.179048 0.181429 0.182766 0.183659 0.183549 0.182368 0.184101 0.186144 0.185139 0.183000 0.183385 0.184580 0.186599 0.185378 0.178866 0.178070 0.178336 0.178391 0.177556 0.176973 0.179175 0.178916 0.178517 0.178015 0.176636 0.174550 0.173662 0.175752 0.177782 0.181983 -9999.0 -9999.0 -9999.0 -9999.0 -9999.0 -9999.0 -9999.0 -9999.0 -9999.0 -9999.0 -9999.0 -9999.0 -9999.0 -9999.0
-9999.0 -9999.0 -9999.0 -9999.0 -9999.0 -9999.0 -9999.0 -9999.0 -9999.0 0.173926 0.173749 0.173944 0.173522 0.174130 0.173189 0.173426 0.173297 0.174173 0.174955 0.176269 0.177983 0.176781 0.176636 0.177546 0.177747 0.178179 0.179043 0.182073 0.185830 0.191788 0.186939 0.186743 0.189476 0.200041 0.211401 0.215510 0.208861 0.208852 0.217249 0.229028 0.230356 0.229521 0.244119 0.253796 0.260206 0.245848 0.231174 0.228941 0.244919 0.217870 0.199875 0.188366 0.188852 0.185018 0.181034 0.179543 0.179062 0.181670 0.180596 0.178115 0.176150 0.176630 0.175598 0.176607 0.177421 0.180612 0.183644 0.186659 0.186814 0.184898 -9999.0 -9999.0 -9999.0 -9999.0 -9999.0 -9999.0 -9999.0 -9999.0 -9999.0 -9999.0
-9999.0 -9999.0 -9999.0 -9999.0 -9999.0 -9999.0 0.172624 0.172557 0.172947 0.171833 0.172675 0.172142 0.172785 0.173104 0.173551 0.173639 0.174786 0.175848 0.177675 0.180183 0.182580 0.181480 0.182142 0.185739 0.193067 0.200491 0.205753 0.216798 0.264625 0.306490 0.320344 0.325765 0.331311 0.345682 0.360541 0.363312 0.360254 0.357153 0.361024 0.366468 0.369603 0.369624 0.369692 0.369758 0.369915 0.369897 0.366994 0.364038 0.362448 0.360616 0.349012 0.328224 0.294165 0.250113 0.210930 0.196496 0.194357 0.196457 0.191109 0.184638 0.180970 0.180839 0.180109 0.178879 0.179424 0.180752 0.182829 0.184129 0.183110 0.181707 0.180596 0.178518 0.178820 0.180832 -9999.0 -9999.0 -9999.0 -9999.0 -9999.0 -9999.0
-9999.0 -9999.0 -9999.0 -9999.0 0.170810 0.171339 0.169797 0.170682 0.171406 0.171979 0.172069 0.173108 0.173464 0.174254 0.175930 0.177380 0.179903 0.181951 0.187658 0.200562 0.216028 0.228237 0.238693 0.294595 0.333504 0.350256 0.355095 0.360896 0.366750 0.369937 0.369984 0.369988 0.369997 0.370000 0.370000 0.370000 0.370000 0.370000 0.370000 0.370000 0.370000 0.370000 0.370000 0.370000 0.370000 0.370000 0.370000 0.370000 0.370000 0.369997 0.370000 0.369971 0.368517 0.366230 0.363517 0.355411 0.333494 0.319792 0.272668 0.231142 0.205003 0.197933 0.191668 0.188476 0.184666 0.185230 0.186154 0.184246 0.181822 0.179594 0.179231 0.178271 0.177308 0.179824 0.180817 0.183733 -9999.0 -9999.0 -9999.0 -9999.0
-9999.0 -9999.0 0.170650 0.170768 0.172257 0.171411 0.170926 0.170205 0.170557 0.172034 0.174993 0.176492 0.178753 0.180063 0.185502 0.200618 0.225924 0.256107 0.310167 0.340463 0.357535 0.364623 0.369139 0.369850 0.369980 0.369988 0.370000 0.370000 0.370000 0.370000 0.370000 0.370000 0.370000 0.370000 0.370000 0.370000 0.370000 0.370000 0.370000 0.370000 0.370000 0.370000 0.370000 0.370000 0.370000 0.370000 0.370000 0.370000 0.370000 0.370000 0.370000 0.370000 0.370000 0.370000 0.370000 0.370000 0.369952 0.368631 0.367214 0.363241 0.344861 0.325043 0.288681 0.240902 0.212643 0.202440 0.193530 0.188427 0.184045 0.180286 0.179107 0.178382 0.178802 0.178504 0.179865 0.180960 0.182534 0.183167 -9999.0 -9999.0
-9999.0 0.170181 0.169785 0.172463 0.173080 0.173761 0.174719 0.175549 0.176383 0.175419 0.184068 0.204650 0.234177 0.251536 0.302380 0.350608 0.369495 0.369840 0.369946 0.369956 0.370000 0.370000 0.370000 0.370000 0.370000 0.370000 0.370000 0.370000 0.370000 0.370000 0.370000 0.370000 0.370000 0.370000 0.370000 0.370000 0.370000 0.370000 0.370000 0.370000 0.370000 0.370000 0.370000 0.370000 0.370000 0.370000 0.370000 0.370000 0.370000 0.370000 0.370000 0.370000 0.370000 0.370000 0.370000 0.370000 0.370000 0.370000 0.370000 0.370000 0.369773 0.368259 0.364053 0.350802 0.328155 0.283695 0.231353 0.207601 0.193880 0.189164 0.186328 0.181119 0.179731 0.180680 0.180010 0.179926 0.180546 0.181045 -9999.0 -9999.0
-9999.0 0.167933 0.170273 0.173292 0.177405 0.178468 0.193636 0.211349 0.220452 0.209871 0.278825 0.369578 0.369962 0.369964 0.369999 0.370000 0.370000 0.370000 0.370000 0.370000 0.370000 0.370000 0.370000 0.370000 0.370000 0.370000 0.370000 0.370000 0.370000 0.370000 0.370000 0.370000 0.370000 0.369999 0.369978 0.369937 0.369559 0.368936 0.367301 0.365148 0.363801 0.366040 0.364917 0.362431 0.361835 0.365035 0.367654 0.367201 0.367392 0.368498 0.369621 0.369994 0.369999 0.369998 0.370000 0.370000 0.370000 0.370000 0.370000 0.370000 0.370000 0.370000 0.369999 0.369617 0.366782 0.354271 0.335832 0.314841 0.266594 0.231068 0.210085 0.196216 0.187526 0.185484 0.181703 0.180933 -9999.0 -9999.0 -9999.0 -9999.0
-9999.0 0.167905 0.170264 0.176090 0.192669 0.225967 0.331777 0.366410 0.369991 0.369932 0.370000 0.370000 0.370000 0.370000 0.370000 0.370000 0.370000 0.370000 0.370000 0.370000 0.370000 0.370000 0.370000 0.370000 0.370000 0.370000 0.370000 0.370000 0.369910 0.369619 0.369070 0.368596 0.366913 0.353598 0.341703 0.331906 0.299723 0.287179 0.273423 0.248063 0.236112 0.229244 0.238308 0.236145 0.235457 0.241634 0.258309 0.272846 0.307978 0.327519 0.342855 0.358004 0.363731 0.367617 0.369460 0.369996 0.370000 0.369999 0.370000 0.370000 0.370000 0.370000 0.370000 0.370000 0.369999 0.369526 0.367686 0.359142 0.343523 0.327791 0.313287 0.278769 0.226439 0.198085 0.191953 -9999.0 -9999.0 -9999.0 -9999.0 -9999.0
-9999.0 0.165010 0.170480 0.175350 0.205995 0.339322 0.363572 0.370000 0.370000 0.370000 0.369916 0.370000 0.370000 0.370000 0.370000 0.369999 0.369999 0.369999 0.370000 0.369992 0.369774 0.369567 0.369546 0.369346 0.368789 0.368043 0.367234 0.365525 0.357041 0.344278 0.318564 0.301321 0.242808 0.210988 0.199493 0.191086 0.184017 0.184089 0.186148 0.184199 0.182174 0.180175 0.182602 0.183778 0.184891 0.183575 0.184058 0.187714 0.194393 0.202502 0.217623 0.248287 0.289008 0.325455 0.339036 0.356215 0.364307 0.368067 0.369811 0.370000 0.370000 0.370000 0.370000 0.370000 0.370000 0.370000 0.369999 0.369531 0.363440 0.355371 0.351072 0.344480 0.327956 -9999.0 -9999.0 -9999.0 -9999.0 -9999.0 -9999.0 -9999.0
-9999.0 0.163233 0.169045 0.170410 0.179122 0.202513 0.269888 0.340662 0.369048 0.356249 0.352615 0.359105 0.363954 0.366181 0.363625 0.357739 0.351802 0.352722 0.352957 0.345716 0.335005 0.329841 0.329589 0.325885 0.308839 0.293680 0.282712 0.262153 0.234837 0.211969 0.192611 0.184765 0.179727 0.177937 0.176682 0.175415 0.173219 0.174335 0.175255 0.174998 0.174288 0.173776 0.175390 0.176005 0.176539 0.175086 0.176138 0.177196 0.179549 0.182111 0.185957 0.192070 0.200917 0.208657 0.215064 0.230234 0.263382 0.315385 0.348437 0.366523 0.369527 0.369990 0.370000 0.370000 0.370000 0.370000 0.370000 0.370000 0.366369 0.362224 0.361836 -9999.0 -9999.0 -9999.0 -9999.0 -9999.0 -9999.0 -9999.0 -9999.0 -9999.0
-9999.0 -9999.0 0.162197 0.164644 0.167001 0.169517 0.173219 0.178273 0.182557 0.188477 0.198660 0.213026 0.225343 0.232248 0.223359 0.208991 0.202184 0.202579 0.200886 0.197669 0.192504 0.190732 0.189552 0.188600 0.186565 0.185692 0.185303 0.184505 0.182843 0.179477 0.176630 0.174738 0.172792 0.172762 0.172414 0.171755 0.172187 0.172076 0.172256 0.172166 0.172295 0.172583 0.172975 0.173491 0.173543 0.173681 0.173899 0.174509 0.175465 0.176767 0.179287 0.183123 0.186285 0.187135 0.185590 0.186162 0.188623 0.195044 0.220979 0.290034 0.338507 0.359113 0.367549 0.369292 0.369561 0.369809 0.370000 0.369341 0.350299 0.353369 -9999.0 -9999.0 -9999.0 -9999.0 -9999.0 -9999.0 -9999.0 -9999.0 -9999.0 -9999.0
-9999.0 -9999.0 -9999.0 -9999.0 0.161424 0.164659 0.167663 0.167463 0.169757 0.171246 0.172769 0.174668 0.176275 0.177344 0.176033 0.175615 0.175293 0.175472 0.175192 0.174817 0.174597 0.174369 0.174161 0.173861 0.173940 0.174183 0.174239 0.173741 0.173680 0.172696 0.172465 0.171870 0.171303 0.170704 0.170785 0.170697 0.170931 0.170675 0.171079 0.170846 0.171158 0.171318 0.171728 0.172378 0.172175 0.172553 0.172602 0.173128 0.173420 0.174896 0.177354 0.180338 0.182478 0.182425 0.179839 0.178764 0.178225 0.179910 0.183056 0.190363 0.213602 0.257122 0.316271 0.336952 0.347526 0.358796 0.365039 0.365829 -9999.0 -9999.0 -9999.0 -9999.0 -9999.0 -9999.0 -9999.0 -9999.0 -9999.0 -9999.0 -9999.0 -9999.0
-9999.0 -9999.0 -9999.0 -9999.0 -9999.0 -9999.0 0.162657 0.164219 0.163866 0.165003 0.166034 0.166920 0.168317 0.168135 0.168482 0.169562 0.169376 0.168850 0.168208 0.169156 0.169542 0.169637 0.168570 0.168844 0.168939 0.169357 0.169315 0.169473 0.168539 0.169559 0.170032 0.169790 0.169556 0.169723 0.169477 0.170149 0.170228 0.169686 0.169545 0.170331 0.170567 0.170476 0.170667 0.171254 0.172098 0.172242 0.171890 0.171421 0.172361 0.174518 0.177104 0.179544 0.181214 0.181752 0.179546 0.176747 0.175405 0.175292 0.176524 0.178962 0.184980 0.189828 0.194449 0.200400 0.208605 0.263866 -9999.0 -9999.0 -9999.0 -9999.0 -9999.0 -9999.0 -9999.0 -9999.0 -9999.0 -9999.0 -9999.0 -9999.0 -9999.0 -9999.0
-9999.0 -9999.0 -9999.0 -9999.0 -9999.0 -9999.0 -9999.0 -9999.0 -9999.0 -9999.0 -9999.0 -9999.0 -9999.0 -9999.0 -9999.0 -9999.0 -9999.0 -9999.0 -9999.0 -9999.0 -9999.0 -9999.0 -9999.0 -9999.0 -9999.0 -9999.0 -9999.0 -9999.0 -9999.0 -9999.0 -9999.0 -9999.0 -9999.0 -9999.0 -9999.0 -9999.0 -9999.0 -9999.0 -9999.0 -9999.0 -9999.0 -9999.0 -9999.0 -9999.0 -9999.0 -9999.0 -9999.0 -9999.0 -9999.0 -9999.0 -9999.0 -9999.0 -9999.0 -9999.0 -9999.0 -9999.0 -9999.0 -9999.0 -9999.0 -9999.0 -9999.0 -9999.0 -9999.0 -9999.0 -9999.0 -9999.0 -9999.0 -9999.0 -9999.0 -9999.0 -9999.0 -9999.0 -9999.0 -9999.0 -9999.0 -9999.0 -9999.0 -9999.0 -9999.0 -9999.0
-9999.0 -9999.0 -9999.0 -9999.0 -9999.0 -9999.0 -9999.0 -9999.0 -9999.0 -9999.0 -9999.0 -9999.0 -9999.0 -9999.0 -9999.0 -9999.0 -9999.0 -9999.0 -9999.0 -9999.0 -9999.0 -9999.0 -9999.0 -9999.0 -9999.0 -9999.0 -9999.0 -9999.0 -9999.0 -9999.0 -9999.0 -9999.0 -9999.0 -9999.0 -9999.0 -9999.0 -9999.0 -9999.0 -9999.0 -9999.0 -9999.0 -9999.0 -9999.0 -9999.0 -9999.0 -9999.0 -9999.0 -9999.0 -9999.0 -9999.0 -9999.0 -9999.0 -9999.0 -9999.0 -9999.0 -9999.0 -9999.0 -9999.0 -9999.0 -9999.0 -9999.0 -9999.0 -9999.0 -9999.0 -9999.0 -9999.0 -9999.0 -9999.0 -9999.0 -9999.0 -9999.0 -9999.0 -9999.0 -9999.0 -9999.0 -9999.0 -9999.0 -9999.0 -9999.0 -9999.0