Borden_/Borden1m_014/output_maps/thetaliqL0001N0011.asc
ncols         80
nrows         18
xllcorner     620200.000000
yllcorner     5168000.000000
cellsize      1.000000
NODATA_value  -9999.0
-9999.0 -9999.0 -9999.0 -9999.0 -9999.0 -9999.0 -9999.0 -9999.0 -9999.0 -9999.0 -9999.0 -9999.0 -9999.0 -9999.0 -9999.0 -9999.0 -9999.0 -9999.0 -9999.0 -9999.0 -9999.0 -9999.0 -9999.0 -9999.0 -9999.0 -9999.0 -9999.0 -9999.0 -9999.0 -9999.0 -9999.0 -9999.0 -9999.0 -9999.0 -9999.0 -9999.0 -9999.0 -9999.0 -9999.0 -9999.0 -9999.0 -9999.0 -9999.0 -9999.0 -9999.0 -9999.0 -9999.0 -9999.0 -9999.0 -9999.0 -9999.0 -9999.0 -9999.0 -9999.0 -9999.0 -9999.0 -9999.0 -9999.0 -9999.0 -9999.0 -9999.0 -9999.0 -9999.0 -9999.0 -9999.0 -9999.0 -9999.0 -9999.0 -9999.0 -9999.0 -9999.0 -9999.0 -9999.0 -9999.0 -9999.0 -9999.0 -9999.0 -9999.0 -9999.0 -9999.0
-9999.0 -9999.0 -9999.0 -9999.0 -9999.0 -9999.0 -9999.0 -9999.0 -9999.0 -9999.0 -9999.0 -9999.0 -9999.0 -9999.0 -9999.0 -9999.0 -9999.0 -9999.0 -9999.0 -9999.0 -9999.0 -9999.0 -9999.0 -9999.0 -9999.0 -9999.0 -9999.0 -9999.0 -9999.0 -9999.0 -9999.0 -9999.0 -9999.0 -9999.0 -9999.0 -9999.0 -9999.0 -9999.0 -9999.0 -9999.0 -9999.0 -9999.0 -9999.0 -9999.0 -9999.0 -9999.0 -9999.0 -9999.0 -9999.0 -9999.0 -9999.0 -9999.0 -9999.0 -9999.0 -9999.0 -9999.0 -9999.0 -9999.0 -9999.0 -9999.0 -9999.0 -9999.0 -9999.0 -9999.0 -9999.0 -9999.0 -9999.0 -9999.0 -9999.0 -9999.0 -9999.0 -9999.0 -9999.0 -9999.0 -9999.0 -9999.0 -9999.0 -9999.0 -9999.0 -9999.0
-9999.0 -9999.0 -9999.0 -9999.0 -9999.0 -9999.0 -9999.0 -9999.0 -9999.0 -9999.0 -9999.0 -9999.0 -9999.0 -9999.0 -9999.0 -9999.0 -9999.0 -9999.0 -9999.0 -9999.0 0.268407 0.269418 0.267840 0.266164 0.264603 0.264274 0.265923 0.267575 0.269525 0.269698 0.267704 0.268399 0.267526 0.266857 0.266647 0.267204 0.267527 0.268088 0.268364 0.268019 0.267461 0.267152 0.266699 0.266685 0.267441 0.266455 0.267758 0.268843 0.269096 0.269394 0.268264 0.267962 0.267902 0.266236 0.269191 0.269712 0.271432 0.271430 0.272018 0.270116 0.268217 -9999.0 -9999.0 -9999.0 -9999.0 -9999.0 -9999.0 -9999.0 -9999.0 -9999.0 -9999.0 -9999.0 -9999.0 -9999.0 -9999.0 -9999.0 -9999.0 -9999.0 -9999.0 -9999.0
-9999.0 -9999.0 -9999.0 -9999.0 -9999.0 -9999.0 -9999.0 -9999.0 -9999.0 -9999.0 -9999.0 -9999.0 -9999.0 -9999.0 0.266698 0.265632 0.265097 0.264508 0.265997 0.266944 0.266558 0.265450 0.266612 0.264689 0.262891 0.263933 0.265074 0.265605 0.266923 0.268033 0.266739 0.266410 0.266930 0.269116 0.269884 0.269264 0.266072 0.268999 0.270040 0.270701 0.270605 0.269150 0.270873 0.272906 0.271698 0.269526 0.270137 0.271249 0.273213 0.272856 0.266106 0.266212 0.266893 0.267428 0.266501 0.265701 0.268617 0.267920 0.267638 0.267736 0.266656 0.264293 0.263084 0.265879 0.267710 0.272069 -9999.0 -9999.0 -9999.0 -9999.0 -9999.0 -9999.0 -9999.0 -9999.0 -9999.0 -9999.0 -9999.0 -9999.0 -9999.0 -9999.0
-9999.0 -9999.0 -9999.0 -9999.0 -9999.0 -9999.0 -9999.0 -9999.0 -9999.0 0.265700 0.265287 0.265524 0.264630 0.265472 0.263563 0.263875 0.263333 0.264349 0.264797 0.265912 0.267850 0.266029 0.265738 0.266802 0.266574 0.266561 0.266927 0.269644 0.272239 0.277499 0.272079 0.271807 0.273605 0.281505 0.292319 0.294432 0.290679 0.290418 0.295169 0.300373 0.299745 0.299127 0.304248 0.306728 0.308606 0.304580 0.300612 0.299740 0.306387 0.295402 0.283340 0.272452 0.274862 0.271795 0.268459 0.267527 0.266761 0.270067 0.269203 0.266932 0.265085 0.266480 0.265116 0.266429 0.266789 0.269949 0.272506 0.275179 0.275301 0.273488 -9999.0 -9999.0 -9999.0 -9999.0 -9999.0 -9999.0 -9999.0 -9999.0 -9999.0 -9999.0
-9999.0 -9999.0 -9999.0 -9999.0 -9999.0 -9999.0 0.264577 0.264319 0.264796 0.262349 0.263641 0.262350 0.263192 0.263329 0.263700 0.263293 0.264467 0.265229 0.266666 0.268560 0.270532 0.268661 0.269027 0.271850 0.276880 0.284331 0.288630 0.294572 0.310860 0.321205 0.325803 0.327530 0.331581 0.367207 0.370000 0.370000 0.370000 0.370000 0.370000 0.370000 0.370000 0.370000 0.370000 0.370000 0.370000 0.370000 0.370000 0.370000 0.370000 0.370000 0.369999 0.333477 0.317522 0.307053 0.291819 0.281265 0.277168 0.280295 0.276756 0.271494 0.268590 0.269260 0.268943 0.267539 0.268296 0.269388 0.271278 0.272602 0.271729 0.270746 0.270391 0.268169 0.268653 0.270864 -9999.0 -9999.0 -9999.0 -9999.0 -9999.0 -9999.0
-9999.0 -9999.0 -9999.0 -9999.0 0.261520 0.262471 0.259373 0.260945 0.261970 0.262580 0.262020 0.263168 0.263052 0.263631 0.265184 0.265786 0.267776 0.268817 0.273185 0.281944 0.294429 0.300239 0.302072 0.316351 0.340945 0.370000 0.370000 0.370000 0.370000 0.370000 0.370000 0.370000 0.370000 0.370000 0.370000 0.370000 0.370000 0.370000 0.370000 0.370000 0.370000 0.370000 0.370000 0.370000 0.370000 0.370000 0.370000 0.370000 0.370000 0.370000 0.370000 0.370000 0.370000 0.370000 0.370000 0.370000 0.341768 0.327646 0.311837 0.300986 0.286306 0.280471 0.276757 0.274843 0.271409 0.272485 0.273903 0.272275 0.270314 0.268421 0.268728 0.267966 0.266533 0.269668 0.270266 0.273250 -9999.0 -9999.0 -9999.0 -9999.0
-9999.0 -9999.0 0.261821 0.261459 0.263788 0.261859 0.260709 0.259098 0.259344 0.261288 0.264688 0.265083 0.266674 0.267085 0.271529 0.283149 0.298794 0.307327 0.321263 0.355083 0.370000 0.370000 0.370000 0.370000 0.370000 0.370000 0.370000 0.370000 0.370000 0.370000 0.370000 0.370000 0.370000 0.370000 0.370000 0.370000 0.370000 0.370000 0.370000 0.370000 0.370000 0.370000 0.370000 0.370000 0.370000 0.370000 0.370000 0.370000 0.370000 0.370000 0.370000 0.370000 0.370000 0.370000 0.370000 0.370000 0.370000 0.370000 0.370000 0.370000 0.369999 0.335628 0.315995 0.302832 0.288813 0.284540 0.278268 0.274829 0.271659 0.268319 0.267708 0.267501 0.268441 0.267692 0.269274 0.270178 0.271947 0.272443 -9999.0 -9999.0
-9999.0 0.261501 0.260099 0.264078 0.263756 0.263856 0.263960 0.264104 0.264736 0.262389 0.271101 0.287894 0.302462 0.306017 0.318563 0.369937 0.370000 0.370000 0.370000 0.370000 0.370000 0.370000 0.370000 0.370000 0.370000 0.370000 0.370000 0.370000 0.370000 0.370000 0.370000 0.370000 0.370000 0.370000 0.370000 0.370000 0.370000 0.370000 0.370000 0.370000 0.370000 0.370000 0.370000 0.370000 0.370000 0.370000 0.370000 0.370000 0.370000 0.370000 0.370000 0.370000 0.370000 0.370000 0.370000 0.370000 0.370000 0.370000 0.370000 0.370000 0.370000 0.370000 0.370000 0.370000 0.341538 0.313433 0.296272 0.286604 0.278032 0.275155 0.273659 0.268808 0.268039 0.269774 0.269130 0.269090 0.269753 0.270197 -9999.0 -9999.0
-9999.0 0.256908 0.260805 0.264250 0.267635 0.265663 0.280405 0.293948 0.296582 0.288810 0.313736 0.370000 0.370000 0.370000 0.370000 0.370000 0.370000 0.370000 0.370000 0.370000 0.370000 0.370000 0.370000 0.370000 0.370000 0.370000 0.370000 0.370000 0.370000 0.370000 0.370000 0.370000 0.370000 0.370000 0.370000 0.370000 0.370000 0.370000 0.370000 0.370000 0.370000 0.370000 0.370000 0.370000 0.370000 0.370000 0.370000 0.370000 0.370000 0.370000 0.370000 0.370000 0.370000 0.370000 0.370000 0.370000 0.370000 0.370000 0.370000 0.370000 0.370000 0.370000 0.370000 0.370000 0.370000 0.370000 0.361929 0.329559 0.311196 0.299516 0.288128 0.280249 0.273580 0.273216 0.269748 0.270158 -9999.0 -9999.0 -9999.0 -9999.0
-9999.0 0.256765 0.260405 0.267271 0.281535 0.301224 0.369999 0.370000 0.370000 0.370000 0.370000 0.370000 0.370000 0.370000 0.370000 0.370000 0.370000 0.370000 0.370000 0.370000 0.370000 0.370000 0.370000 0.370000 0.370000 0.370000 0.370000 0.370000 0.370000 0.370000 0.370000 0.370000 0.370000 0.370000 0.354818 0.335189 0.317790 0.316596 0.313447 0.306424 0.303130 0.300431 0.304087 0.302963 0.302496 0.304489 0.309157 0.311965 0.322019 0.333832 0.364763 0.370000 0.370000 0.370000 0.370000 0.370000 0.370000 0.370000 0.370000 0.370000 0.370000 0.370000 0.370000 0.370000 0.370000 0.370000 0.370000 0.370000 0.370000 0.369999 0.338985 0.315354 0.295728 0.282559 0.278585 -9999.0 -9999.0 -9999.0 -9999.0 -9999.0
-9999.0 0.250434 0.260805 0.266126 0.293050 0.369997 0.370000 0.370000 0.370000 0.370000 0.370000 0.370000 0.370000 0.370000 0.370000 0.370000 0.370000 0.370000 0.370000 0.370000 0.370000 0.370000 0.370000 0.370000 0.370000 0.370000 0.370000 0.370000 0.370000 0.370000 0.328410 0.321800 0.305234 0.291513 0.281456 0.275973 0.270426 0.270934 0.273518 0.271759 0.269924 0.267568 0.270288 0.271303 0.272475 0.270776 0.270771 0.273904 0.278865 0.283314 0.291010 0.305015 0.315178 0.331106 0.353464 0.370000 0.370000 0.370000 0.370000 0.370000 0.370000 0.370000 0.370000 0.370000 0.370000 0.370000 0.370000 0.370000 0.370000 0.370000 0.370000 0.370000 0.350438 -9999.0 -9999.0 -9999.0 -9999.0 -9999.0 -9999.0 -9999.0
-9999.0 0.247108 0.258557 0.259174 0.269320 0.289300 0.316117 0.354561 0.370000 0.370000 0.370000 0.370000 0.370000 0.370000 0.370000 0.370000 0.370000 0.370000 0.370000 0.368416 0.343269 0.334968 0.335170 0.332508 0.323085 0.318523 0.316019 0.310804 0.302969 0.291810 0.277409 0.271450 0.267315 0.266414 0.265640 0.264730 0.261880 0.263845 0.265129 0.264862 0.263964 0.263149 0.265353 0.265856 0.266488 0.264184 0.265523 0.266230 0.268293 0.270125 0.272852 0.277308 0.283466 0.287174 0.289538 0.299281 0.309010 0.326530 0.369999 0.370000 0.370000 0.370000 0.370000 0.370000 0.370000 0.370000 0.370000 0.370000 0.370000 0.370000 0.370000 -9999.0 -9999.0 -9999.0 -9999.0 -9999.0 -9999.0 -9999.0 -9999.0 -9999.0
-9999.0 -9999.0 0.244649 0.249059 0.252723 0.255961 0.260407 0.264537 0.270859 0.277280 0.285952 0.295300 0.300819 0.303341 0.299781 0.291815 0.286829 0.287343 0.285791 0.280736 0.276417 0.275837 0.275108 0.274689 0.273221 0.272680 0.272564 0.272234 0.271242 0.268237 0.265899 0.264402 0.262250 0.262887 0.262722 0.261899 0.262980 0.262734 0.262951 0.262771 0.263001 0.263398 0.263724 0.264283 0.264149 0.264302 0.264366 0.264836 0.265508 0.266283 0.268269 0.271462 0.273752 0.274114 0.272332 0.272746 0.274502 0.278513 0.295153 0.315803 0.356473 0.370000 0.370000 0.370000 0.370000 0.370000 0.370000 0.370000 0.370000 0.370000 -9999.0 -9999.0 -9999.0 -9999.0 -9999.0 -9999.0 -9999.0 -9999.0 -9999.0 -9999.0
-9999.0 -9999.0 -9999.0 -9999.0 0.242559 0.248913 0.254918 0.253933 0.258017 0.260027 0.261579 0.263476 0.264985 0.266124 0.264332 0.264231 0.264083 0.264493 0.264222 0.263817 0.263791 0.263643 0.263510 0.263159 0.263430 0.263895 0.264083 0.263464 0.263782 0.262658 0.262906 0.262437 0.261937 0.261121 0.261479 0.261438 0.261932 0.261439 0.262163 0.261636 0.262117 0.262239 0.262723 0.263608 0.262984 0.263493 0.263373 0.263951 0.263744 0.265032 0.267239 0.269796 0.271465 0.271213 0.268449 0.267554 0.266714 0.268150 0.270134 0.275253 0.289272 0.306801 0.325079 0.353617 0.370000 0.370000 0.370000 0.370000 -9999.0 -9999.0 -9999.0 -9999.0 -9999.0 -9999.0 -9999.0 -9999.0 -9999.0 -9999.0 -9999.0 -9999.0
-9999.0 -9999.0 -9999.0 -9999.0 -9999.0 -9999.0 0.245498 0.248734 0.247565 0.249886 0.251850 0.253231 0.255529 0.254984 0.255710 0.257764 0.257522 0.256621 0.255420 0.257261 0.258072 0.258320 0.256381 0.257020 0.257232 0.257979 0.257899 0.258331 0.256695 0.258879 0.259988 0.259768 0.259568 0.260093 0.259694 0.261026 0.261186 0.260144 0.259790 0.261231 0.261550 0.261211 0.261326 0.262110 0.263375 0.263447 0.262702 0.261591 0.262602 0.265058 0.267487 0.269412 0.270631 0.271244 0.269190 0.266150 0.264590 0.264097 0.264872 0.266353 0.271166 0.274138 0.276330 0.278635 0.285984 0.307990 -9999.0 -9999.0 -9999.0 -9999.0 -9999.0 -9999.0 -9999.0 -9999.0 -9999.0 -9999.0 -9999.0 -9999.0 -9999.0 -9999.0
-9999.0 -9999.0 -9999.0 -9999.0 -9999.0 -9999.0 -9999.0 -9999.0 -9999.0 -9999.0 -9999.0 -9999.0 -9999.0 -9999.0 -9999.0 -9999.0 -9999.0 -9999.0 -9999.0 -9999.0 -9999.0 -9999.0 -9999.0 -9999.0 -9999.0 -9999.0 -9999.0 -9999.0 -9999.0 -9999.0 -9999.0 -9999.0 -9999.0 -9999.0 -9999.0 -9999.0 -9999.0 -9999.0 -9999.0 -9999.0 -9999.0 -9999.0 -9999.0 -9999.0 -9999.0 -9999.0 -9999.0 -9999.0 -9999.0 -9999.0 -9999.0 -9999.0 -9999.0 -9999.0 -9999.0 -9999.0 -9999.0 -9999.0 -9999.0 -9999.0 -9999.0 -9999.0 -9999.0 -9999.0 -9999.0 -9999.0 -9999.0 -9999.0 -9999.0 -9999.0 -9999.0 -9999.0 -9999.0 -9999.0 -9999.0 -9999.0 -9999.0 -9999.0 -9999.0 -9999.0
-9999.0 -9999.0 -9999.0 -9999.0 -9999.0 -9999.0 -9999.0 -9999.0 -9999.0 -9999.0 -9999.0 -9999.0 -9999.0 -9999.0 -9999.0 -9999.0 -9999.0 -9999.0 -9999.0 -9999.0 -9999.0 -9999.0 -9999.0 -9999.0 -9999.0 -9999.0 -9999.0 -9999.0 -9999.0 -9999.0 -9999.0 -9999.0 -9999.0 -9999.0 -9999.0 -9999.0 -9999.0 -9999.0 -9999.0 -9999.0 -9999.0 -9999.0 -9999.0 -9999.0 -9999.0 -9999.0 -9999.0 -9999.0 -9999.0 -9999.0 -9999.0 -9999.0 -9999.0 -9999.0 -9999.0 -9999.0 -9999.0 -9999.0 -9999.0 -9999.0 -9999.0 -9999.0 -9999.0 -9999.0 -9999.0 -9999.0 -9999.0 -9999.0 -9999.0 -9999.0 -9999.0 -9999.0 -9999.0 -9999.0 -9999.0 -9999.0 -9999.0 -9999.0 -9999.0 -9999.0