Borden_/Borden1m_014/output_maps/thetaliqL0004N0025.asc
ncols         80
nrows         18
xllcorner     620200.000000
yllcorner     5168000.000000
cellsize      1.000000
NODATA_value  -9999.0
-9999.0 -9999.0 -9999.0 -9999.0 -9999.0 -9999.0 -9999.0 -9999.0 -9999.0 -9999.0 -9999.0 -9999.0 -9999.0 -9999.0 -9999.0 -9999.0 -9999.0 -9999.0 -9999.0 -9999.0 -9999.0 -9999.0 -9999.0 -9999.0 -9999.0 -9999.0 -9999.0 -9999.0 -9999.0 -9999.0 -9999.0 -9999.0 -9999.0 -9999.0 -9999.0 -9999.0 -9999.0 -9999.0 -9999.0 -9999.0 -9999.0 -9999.0 -9999.0 -9999.0 -9999.0 -9999.0 -9999.0 -9999.0 -9999.0 -9999.0 -9999.0 -9999.0 -9999.0 -9999.0 -9999.0 -9999.0 -9999.0 -9999.0 -9999.0 -9999.0 -9999.0 -9999.0 -9999.0 -9999.0 -9999.0 -9999.0 -9999.0 -9999.0 -9999.0 -9999.0 -9999.0 -9999.0 -9999.0 -9999.0 -9999.0 -9999.0 -9999.0 -9999.0 -9999.0 -9999.0
-9999.0 -9999.0 -9999.0 -9999.0 -9999.0 -9999.0 -9999.0 -9999.0 -9999.0 -9999.0 -9999.0 -9999.0 -9999.0 -9999.0 -9999.0 -9999.0 -9999.0 -9999.0 -9999.0 -9999.0 -9999.0 -9999.0 -9999.0 -9999.0 -9999.0 -9999.0 -9999.0 -9999.0 -9999.0 -9999.0 -9999.0 -9999.0 -9999.0 -9999.0 -9999.0 -9999.0 -9999.0 -9999.0 -9999.0 -9999.0 -9999.0 -9999.0 -9999.0 -9999.0 -9999.0 -9999.0 -9999.0 -9999.0 -9999.0 -9999.0 -9999.0 -9999.0 -9999.0 -9999.0 -9999.0 -9999.0 -9999.0 -9999.0 -9999.0 -9999.0 -9999.0 -9999.0 -9999.0 -9999.0 -9999.0 -9999.0 -9999.0 -9999.0 -9999.0 -9999.0 -9999.0 -9999.0 -9999.0 -9999.0 -9999.0 -9999.0 -9999.0 -9999.0 -9999.0 -9999.0
-9999.0 -9999.0 -9999.0 -9999.0 -9999.0 -9999.0 -9999.0 -9999.0 -9999.0 -9999.0 -9999.0 -9999.0 -9999.0 -9999.0 -9999.0 -9999.0 -9999.0 -9999.0 -9999.0 -9999.0 0.179374 0.180938 0.176790 0.171933 0.168033 0.167705 0.172149 0.177638 0.183954 0.185396 0.180762 0.181705 0.179999 0.179148 0.179202 0.180508 0.181143 0.183202 0.184593 0.184130 0.182652 0.181542 0.180760 0.181176 0.182706 0.180506 0.183776 0.187190 0.188495 0.188177 0.183256 0.181085 0.180205 0.176731 0.183066 0.185291 0.190516 0.191216 0.191859 0.185961 0.180204 -9999.0 -9999.0 -9999.0 -9999.0 -9999.0 -9999.0 -9999.0 -9999.0 -9999.0 -9999.0 -9999.0 -9999.0 -9999.0 -9999.0 -9999.0 -9999.0 -9999.0 -9999.0 -9999.0
-9999.0 -9999.0 -9999.0 -9999.0 -9999.0 -9999.0 -9999.0 -9999.0 -9999.0 -9999.0 -9999.0 -9999.0 -9999.0 -9999.0 0.170320 0.168356 0.167482 0.167199 0.171192 0.174610 0.175191 0.173111 0.174514 0.170214 0.166529 0.168751 0.172356 0.175767 0.180985 0.184861 0.181540 0.180730 0.182657 0.189223 0.192401 0.191151 0.183974 0.190885 0.194851 0.197384 0.197037 0.193712 0.198527 0.204197 0.201439 0.195459 0.196702 0.200248 0.205765 0.202253 0.183444 0.180832 0.181440 0.181430 0.178903 0.177275 0.183769 0.183152 0.181896 0.180072 0.175625 0.169182 0.166506 0.172799 0.179189 0.191748 -9999.0 -9999.0 -9999.0 -9999.0 -9999.0 -9999.0 -9999.0 -9999.0 -9999.0 -9999.0 -9999.0 -9999.0 -9999.0 -9999.0
-9999.0 -9999.0 -9999.0 -9999.0 -9999.0 -9999.0 -9999.0 -9999.0 -9999.0 0.166159 0.165784 0.166388 0.165317 0.167123 0.164615 0.165334 0.165053 0.167803 0.170426 0.174619 0.179773 0.176391 0.175981 0.178516 0.179008 0.180402 0.183279 0.192387 0.203251 0.219062 0.206263 0.205612 0.213003 0.238682 0.261713 0.268255 0.256863 0.257165 0.271793 0.288247 0.287981 0.286612 0.303352 0.312855 0.318650 0.305029 0.290705 0.288457 0.307401 0.272916 0.238106 0.209954 0.211369 0.200981 0.189637 0.185204 0.183976 0.191419 0.188221 0.180684 0.174617 0.175584 0.172520 0.175633 0.178397 0.188103 0.197264 0.205962 0.206365 0.200951 -9999.0 -9999.0 -9999.0 -9999.0 -9999.0 -9999.0 -9999.0 -9999.0 -9999.0 -9999.0
-9999.0 -9999.0 -9999.0 -9999.0 -9999.0 -9999.0 0.161838 0.161777 0.163019 0.160120 0.162638 0.161299 0.163221 0.164296 0.165806 0.166251 0.169733 0.173171 0.178904 0.186627 0.193786 0.190714 0.192664 0.202649 0.221588 0.239201 0.250705 0.270737 0.324701 0.352019 0.358723 0.361396 0.364160 0.366812 0.369165 0.369913 0.369057 0.368389 0.368894 0.369673 0.369989 0.369991 0.369994 0.369996 0.370000 0.369999 0.369730 0.369317 0.369142 0.368928 0.367269 0.363387 0.346342 0.311724 0.260577 0.230251 0.225397 0.230999 0.217833 0.200047 0.189320 0.188698 0.186419 0.182952 0.184676 0.188862 0.195069 0.198858 0.195850 0.191523 0.187885 0.181666 0.182517 0.188480 -9999.0 -9999.0 -9999.0 -9999.0 -9999.0 -9999.0
-9999.0 -9999.0 -9999.0 -9999.0 0.156654 0.158142 0.153967 0.156512 0.158699 0.160553 0.161099 0.164247 0.165545 0.168101 0.173229 0.177702 0.185338 0.191688 0.207874 0.239782 0.269793 0.287130 0.297427 0.345380 0.364409 0.367499 0.368138 0.368923 0.369755 0.370000 0.370000 0.370000 0.370000 0.370000 0.370000 0.370000 0.370000 0.370000 0.370000 0.370000 0.370000 0.370000 0.370000 0.370000 0.370000 0.370000 0.370000 0.370000 0.370000 0.370000 0.370000 0.370000 0.369936 0.369684 0.369314 0.368230 0.364670 0.360800 0.331757 0.291192 0.249603 0.234272 0.219243 0.210840 0.200541 0.202212 0.204788 0.199368 0.192093 0.185324 0.183927 0.180913 0.178143 0.185548 0.188714 0.197196 -9999.0 -9999.0 -9999.0 -9999.0
-9999.0 -9999.0 0.155808 0.156387 0.160782 0.158602 0.157195 0.155315 0.156509 0.160987 0.169790 0.174608 0.181439 0.185778 0.201486 0.239224 0.281649 0.314634 0.354721 0.365680 0.368471 0.369472 0.369980 0.369999 0.370000 0.370000 0.370000 0.370000 0.370000 0.370000 0.370000 0.370000 0.370000 0.370000 0.370000 0.370000 0.370000 0.370000 0.370000 0.370000 0.370000 0.370000 0.370000 0.370000 0.370000 0.370000 0.370000 0.370000 0.370000 0.370000 0.370000 0.370000 0.370000 0.370000 0.370000 0.370000 0.370000 0.369957 0.369828 0.369340 0.366732 0.363055 0.344006 0.302829 0.264474 0.245435 0.224926 0.211368 0.198792 0.187636 0.183879 0.181496 0.182546 0.181841 0.185893 0.189257 0.193814 0.195721 -9999.0 -9999.0
-9999.0 0.153868 0.153164 0.161015 0.163490 0.165787 0.168453 0.170785 0.173508 0.171676 0.196848 0.244728 0.291987 0.309898 0.349617 0.367123 0.369979 0.369998 0.370000 0.370000 0.370000 0.370000 0.370000 0.370000 0.370000 0.370000 0.370000 0.370000 0.370000 0.370000 0.370000 0.370000 0.370000 0.370000 0.370000 0.370000 0.370000 0.370000 0.370000 0.370000 0.370000 0.370000 0.370000 0.370000 0.370000 0.370000 0.370000 0.370000 0.370000 0.370000 0.370000 0.370000 0.370000 0.370000 0.370000 0.370000 0.370000 0.370000 0.370000 0.370000 0.369999 0.369943 0.369545 0.367738 0.363748 0.341574 0.292121 0.255669 0.225568 0.213053 0.204970 0.190041 0.185833 0.188400 0.186467 0.186203 0.188031 0.189542 -9999.0 -9999.0
-9999.0 0.147311 0.153941 0.163275 0.176493 0.180551 0.221410 0.260135 0.272483 0.255933 0.332438 0.369981 0.370000 0.370000 0.370000 0.370000 0.370000 0.370000 0.370000 0.370000 0.370000 0.370000 0.370000 0.370000 0.370000 0.370000 0.370000 0.370000 0.370000 0.370000 0.370000 0.370000 0.370000 0.370000 0.370000 0.370000 0.370000 0.369977 0.369828 0.369515 0.369280 0.369601 0.369450 0.369089 0.368998 0.369482 0.369838 0.369808 0.369857 0.369952 0.369996 0.370000 0.370000 0.370000 0.370000 0.370000 0.370000 0.370000 0.370000 0.370000 0.370000 0.370000 0.370000 0.369997 0.369857 0.368483 0.365708 0.361223 0.329783 0.292831 0.260418 0.230880 0.208587 0.202746 0.191818 0.189170 -9999.0 -9999.0 -9999.0 -9999.0
-9999.0 0.146420 0.153030 0.170347 0.219740 0.285050 0.364213 0.369778 0.370000 0.370000 0.370000 0.370000 0.370000 0.370000 0.370000 0.370000 0.370000 0.370000 0.370000 0.370000 0.370000 0.370000 0.370000 0.370000 0.370000 0.370000 0.370000 0.370000 0.370000 0.369996 0.369979 0.369949 0.369781 0.367930 0.366200 0.364272 0.348735 0.341473 0.332225 0.309769 0.297134 0.288540 0.299780 0.297396 0.296584 0.303190 0.319356 0.331592 0.354895 0.363601 0.366432 0.368665 0.369463 0.369895 0.369993 0.370000 0.370000 0.370000 0.370000 0.370000 0.370000 0.370000 0.370000 0.370000 0.370000 0.369997 0.369948 0.369501 0.367726 0.364938 0.361368 0.340407 0.286342 0.235772 0.220405 -9999.0 -9999.0 -9999.0 -9999.0 -9999.0
-9999.0 0.137616 0.152180 0.166560 0.246836 0.365315 0.369532 0.370000 0.370000 0.370000 0.370000 0.370000 0.370000 0.370000 0.370000 0.370000 0.370000 0.370000 0.370000 0.370000 0.369999 0.369997 0.369996 0.369991 0.369964 0.369908 0.369829 0.369634 0.368485 0.366627 0.360882 0.351036 0.303738 0.260440 0.236656 0.215915 0.196883 0.197155 0.203030 0.197734 0.191849 0.186160 0.193275 0.196918 0.200144 0.196389 0.197891 0.208282 0.225884 0.244601 0.272542 0.310278 0.343695 0.363117 0.365795 0.368362 0.369492 0.369919 0.369999 0.370000 0.370000 0.370000 0.370000 0.370000 0.370000 0.370000 0.370000 0.370000 0.369924 0.369481 0.368903 0.367687 0.364636 -9999.0 -9999.0 -9999.0 -9999.0 -9999.0 -9999.0 -9999.0
-9999.0 0.133353 0.147782 0.151130 0.176155 0.238513 0.329929 0.365670 0.369962 0.368415 0.367852 0.368708 0.369355 0.369652 0.369318 0.368530 0.367695 0.367891 0.367974 0.366984 0.365326 0.364408 0.364297 0.363049 0.354818 0.346129 0.339191 0.323236 0.296002 0.262597 0.220538 0.198818 0.184111 0.178699 0.174782 0.170841 0.164561 0.167723 0.170387 0.169710 0.167721 0.166383 0.171173 0.173205 0.174815 0.170771 0.173930 0.177313 0.184555 0.192504 0.203953 0.220795 0.242093 0.257357 0.268472 0.290053 0.323753 0.359172 0.367197 0.369787 0.369995 0.370000 0.370000 0.370000 0.370000 0.370000 0.370000 0.370000 0.369999 0.369941 0.369854 -9999.0 -9999.0 -9999.0 -9999.0 -9999.0 -9999.0 -9999.0 -9999.0 -9999.0
-9999.0 -9999.0 0.130374 0.136028 0.141297 0.148116 0.158769 0.173355 0.186759 0.205232 0.232531 0.263224 0.283174 0.292251 0.280300 0.256257 0.242262 0.242988 0.239115 0.231704 0.219158 0.214717 0.211578 0.209037 0.203688 0.201392 0.200312 0.198010 0.193149 0.183150 0.174629 0.168708 0.162837 0.162468 0.161354 0.159476 0.160711 0.160358 0.160888 0.160707 0.161186 0.162128 0.163400 0.165076 0.165360 0.165882 0.166625 0.168596 0.171696 0.176035 0.184045 0.195769 0.205131 0.207581 0.203184 0.204573 0.211160 0.227575 0.277058 0.344895 0.365457 0.368886 0.369903 0.369994 0.370000 0.370000 0.370000 0.370000 0.369884 0.369860 -9999.0 -9999.0 -9999.0 -9999.0 -9999.0 -9999.0 -9999.0 -9999.0 -9999.0 -9999.0
-9999.0 -9999.0 -9999.0 -9999.0 0.127966 0.135870 0.143629 0.143275 0.149931 0.154923 0.160094 0.166374 0.171848 0.175196 0.171740 0.170886 0.169990 0.170289 0.169353 0.168436 0.167937 0.167235 0.166411 0.165532 0.165821 0.166610 0.166752 0.165261 0.164848 0.162129 0.161436 0.159591 0.157858 0.156102 0.156257 0.156068 0.156700 0.155965 0.157085 0.156579 0.157541 0.158092 0.159378 0.161395 0.161046 0.162209 0.162434 0.164042 0.165224 0.170002 0.177831 0.187194 0.193809 0.193711 0.186090 0.182639 0.180954 0.185982 0.195374 0.215683 0.265708 0.318347 0.359692 0.365662 0.367593 0.369260 0.369925 0.369992 -9999.0 -9999.0 -9999.0 -9999.0 -9999.0 -9999.0 -9999.0 -9999.0 -9999.0 -9999.0 -9999.0 -9999.0
-9999.0 -9999.0 -9999.0 -9999.0 -9999.0 -9999.0 0.131251 0.135331 0.134251 0.137834 0.141336 0.144296 0.148519 0.148438 0.149764 0.152905 0.152472 0.150899 0.149009 0.151697 0.152964 0.153144 0.150065 0.150826 0.151180 0.152340 0.152223 0.152618 0.150044 0.152944 0.154312 0.153565 0.152836 0.153254 0.152578 0.154412 0.154632 0.153125 0.152719 0.154970 0.155747 0.155597 0.156237 0.158052 0.160574 0.161123 0.160207 0.159014 0.161885 0.168584 0.176827 0.184642 0.189918 0.191448 0.184764 0.176234 0.172092 0.171794 0.175691 0.183383 0.201243 0.214820 0.226366 0.239618 0.256233 0.324439 -9999.0 -9999.0 -9999.0 -9999.0 -9999.0 -9999.0 -9999.0 -9999.0 -9999.0 -9999.0 -9999.0 -9999.0 -9999.0 -9999.0
-9999.0 -9999.0 -9999.0 -9999.0 -9999.0 -9999.0 -9999.0 -9999.0 -9999.0 -9999.0 -9999.0 -9999.0 -9999.0 -9999.0 -9999.0 -9999.0 -9999.0 -9999.0 -9999.0 -9999.0 -9999.0 -9999.0 -9999.0 -9999.0 -9999.0 -9999.0 -9999.0 -9999.0 -9999.0 -9999.0 -9999.0 -9999.0 -9999.0 -9999.0 -9999.0 -9999.0 -9999.0 -9999.0 -9999.0 -9999.0 -9999.0 -9999.0 -9999.0 -9999.0 -9999.0 -9999.0 -9999.0 -9999.0 -9999.0 -9999.0 -9999.0 -9999.0 -9999.0 -9999.0 -9999.0 -9999.0 -9999.0 -9999.0 -9999.0 -9999.0 -9999.0 -9999.0 -9999.0 -9999.0 -9999.0 -9999.0 -9999.0 -9999.0 -9999.0 -9999.0 -9999.0 -9999.0 -9999.0 -9999.0 -9999.0 -9999.0 -9999.0 -9999.0 -9999.0 -9999.0
-9999.0 -9999.0 -9999.0 -9999.0 -9999.0 -9999.0 -9999.0 -9999.0 -9999.0 -9999.0 -9999.0 -9999.0 -9999.0 -9999.0 -9999.0 -9999.0 -9999.0 -9999.0 -9999.0 -9999.0 -9999.0 -9999.0 -9999.0 -9999.0 -9999.0 -9999.0 -9999.0 -9999.0 -9999.0 -9999.0 -9999.0 -9999.0 -9999.0 -9999.0 -9999.0 -9999.0 -9999.0 -9999.0 -9999.0 -9999.0 -9999.0 -9999.0 -9999.0 -9999.0 -9999.0 -9999.0 -9999.0 -9999.0 -9999.0 -9999.0 -9999.0 -9999.0 -9999.0 -9999.0 -9999.0 -9999.0 -9999.0 -9999.0 -9999.0 -9999.0 -9999.0 -9999.0 -9999.0 -9999.0 -9999.0 -9999.0 -9999.0 -9999.0 -9999.0 -9999.0 -9999.0 -9999.0 -9999.0 -9999.0 -9999.0 -9999.0 -9999.0 -9999.0 -9999.0 -9999.0