Borden_/Borden1m_014/output_maps/thetaliqL0004N0039.asc
ncols         80
nrows         18
xllcorner     620200.000000
yllcorner     5168000.000000
cellsize      1.000000
NODATA_value  -9999.0
-9999.0 -9999.0 -9999.0 -9999.0 -9999.0 -9999.0 -9999.0 -9999.0 -9999.0 -9999.0 -9999.0 -9999.0 -9999.0 -9999.0 -9999.0 -9999.0 -9999.0 -9999.0 -9999.0 -9999.0 -9999.0 -9999.0 -9999.0 -9999.0 -9999.0 -9999.0 -9999.0 -9999.0 -9999.0 -9999.0 -9999.0 -9999.0 -9999.0 -9999.0 -9999.0 -9999.0 -9999.0 -9999.0 -9999.0 -9999.0 -9999.0 -9999.0 -9999.0 -9999.0 -9999.0 -9999.0 -9999.0 -9999.0 -9999.0 -9999.0 -9999.0 -9999.0 -9999.0 -9999.0 -9999.0 -9999.0 -9999.0 -9999.0 -9999.0 -9999.0 -9999.0 -9999.0 -9999.0 -9999.0 -9999.0 -9999.0 -9999.0 -9999.0 -9999.0 -9999.0 -9999.0 -9999.0 -9999.0 -9999.0 -9999.0 -9999.0 -9999.0 -9999.0 -9999.0 -9999.0
-9999.0 -9999.0 -9999.0 -9999.0 -9999.0 -9999.0 -9999.0 -9999.0 -9999.0 -9999.0 -9999.0 -9999.0 -9999.0 -9999.0 -9999.0 -9999.0 -9999.0 -9999.0 -9999.0 -9999.0 -9999.0 -9999.0 -9999.0 -9999.0 -9999.0 -9999.0 -9999.0 -9999.0 -9999.0 -9999.0 -9999.0 -9999.0 -9999.0 -9999.0 -9999.0 -9999.0 -9999.0 -9999.0 -9999.0 -9999.0 -9999.0 -9999.0 -9999.0 -9999.0 -9999.0 -9999.0 -9999.0 -9999.0 -9999.0 -9999.0 -9999.0 -9999.0 -9999.0 -9999.0 -9999.0 -9999.0 -9999.0 -9999.0 -9999.0 -9999.0 -9999.0 -9999.0 -9999.0 -9999.0 -9999.0 -9999.0 -9999.0 -9999.0 -9999.0 -9999.0 -9999.0 -9999.0 -9999.0 -9999.0 -9999.0 -9999.0 -9999.0 -9999.0 -9999.0 -9999.0
-9999.0 -9999.0 -9999.0 -9999.0 -9999.0 -9999.0 -9999.0 -9999.0 -9999.0 -9999.0 -9999.0 -9999.0 -9999.0 -9999.0 -9999.0 -9999.0 -9999.0 -9999.0 -9999.0 -9999.0 0.177910 0.179071 0.175649 0.171571 0.168345 0.168134 0.171856 0.176538 0.181871 0.183180 0.179451 0.180115 0.178779 0.178198 0.178322 0.179373 0.179860 0.181624 0.182847 0.182525 0.181315 0.180366 0.179761 0.180162 0.181361 0.179615 0.182275 0.185136 0.186284 0.185888 0.181618 0.179663 0.178854 0.176103 0.181140 0.183069 0.187429 0.188084 0.188505 0.183572 0.178757 -9999.0 -9999.0 -9999.0 -9999.0 -9999.0 -9999.0 -9999.0 -9999.0 -9999.0 -9999.0 -9999.0 -9999.0 -9999.0 -9999.0 -9999.0 -9999.0 -9999.0 -9999.0 -9999.0
-9999.0 -9999.0 -9999.0 -9999.0 -9999.0 -9999.0 -9999.0 -9999.0 -9999.0 -9999.0 -9999.0 -9999.0 -9999.0 -9999.0 0.169871 0.168330 0.167661 0.167576 0.170920 0.173866 0.174543 0.172918 0.173882 0.170403 0.167454 0.169255 0.172329 0.175399 0.179907 0.183210 0.180489 0.179831 0.181488 0.186984 0.189782 0.188824 0.183055 0.188624 0.192059 0.194302 0.194017 0.191345 0.195426 0.200209 0.198001 0.192963 0.193854 0.196824 0.201506 0.198135 0.182504 0.179992 0.180354 0.180170 0.178083 0.176790 0.181980 0.181623 0.180529 0.178782 0.174924 0.169549 0.167373 0.172490 0.177964 0.188393 -9999.0 -9999.0 -9999.0 -9999.0 -9999.0 -9999.0 -9999.0 -9999.0 -9999.0 -9999.0 -9999.0 -9999.0 -9999.0 -9999.0
-9999.0 -9999.0 -9999.0 -9999.0 -9999.0 -9999.0 -9999.0 -9999.0 -9999.0 0.166227 0.165989 0.166491 0.165739 0.167205 0.165398 0.165990 0.165898 0.168209 0.170576 0.174213 0.178477 0.175855 0.175563 0.177642 0.178204 0.179541 0.182148 0.189892 0.199571 0.213375 0.202777 0.202300 0.208822 0.231511 0.254551 0.262114 0.249613 0.250112 0.266507 0.286175 0.288247 0.287438 0.306467 0.316142 0.321178 0.307892 0.289983 0.286766 0.305829 0.267593 0.230801 0.206148 0.206664 0.197489 0.187641 0.183713 0.182779 0.188732 0.185994 0.179623 0.174471 0.174952 0.172477 0.175004 0.177502 0.185629 0.193398 0.200718 0.201060 0.196541 -9999.0 -9999.0 -9999.0 -9999.0 -9999.0 -9999.0 -9999.0 -9999.0 -9999.0 -9999.0
-9999.0 -9999.0 -9999.0 -9999.0 -9999.0 -9999.0 0.162470 0.162479 0.163514 0.161465 0.163484 0.162592 0.164184 0.165176 0.166504 0.167068 0.170041 0.173079 0.178062 0.184743 0.190904 0.188683 0.190472 0.199315 0.215766 0.231475 0.243053 0.265966 0.323732 0.349044 0.355219 0.357371 0.359504 0.364794 0.368680 0.369204 0.368622 0.367978 0.368809 0.369702 0.369986 0.369988 0.369992 0.369995 0.369999 0.369999 0.369767 0.369355 0.369088 0.368724 0.365821 0.358269 0.342323 0.311273 0.253873 0.223277 0.219526 0.224560 0.212179 0.196579 0.187269 0.186457 0.184407 0.181577 0.182941 0.186512 0.191726 0.194855 0.192312 0.188577 0.185285 0.180144 0.180791 0.185695 -9999.0 -9999.0 -9999.0 -9999.0 -9999.0 -9999.0
-9999.0 -9999.0 -9999.0 -9999.0 0.158406 0.159558 0.156429 0.158422 0.160218 0.161810 0.162510 0.165193 0.166484 0.168757 0.173173 0.177254 0.183930 0.189733 0.203943 0.232535 0.263753 0.284902 0.300141 0.342753 0.360520 0.366179 0.367483 0.368773 0.369737 0.370000 0.370000 0.370000 0.370000 0.370000 0.370000 0.370000 0.370000 0.370000 0.370000 0.370000 0.370000 0.370000 0.370000 0.370000 0.370000 0.370000 0.370000 0.370000 0.370000 0.370000 0.370000 0.370000 0.369926 0.369675 0.369250 0.367524 0.360460 0.354759 0.329309 0.289315 0.242431 0.227641 0.213666 0.205789 0.196908 0.198081 0.200031 0.195435 0.189242 0.183496 0.182091 0.179497 0.177340 0.183318 0.186098 0.193109 -9999.0 -9999.0 -9999.0 -9999.0
-9999.0 -9999.0 0.157549 0.158183 0.161699 0.160174 0.159174 0.157836 0.158920 0.162662 0.170079 0.174592 0.180677 0.184720 0.198366 0.231895 0.280013 0.317455 0.350473 0.363173 0.368069 0.369426 0.369946 0.369998 0.370000 0.370000 0.370000 0.370000 0.370000 0.370000 0.370000 0.370000 0.370000 0.370000 0.370000 0.370000 0.370000 0.370000 0.370000 0.370000 0.370000 0.370000 0.370000 0.370000 0.370000 0.370000 0.370000 0.370000 0.370000 0.370000 0.370000 0.370000 0.370000 0.370000 0.370000 0.370000 0.370000 0.369934 0.369797 0.369215 0.364624 0.357023 0.338974 0.302323 0.258978 0.238045 0.218217 0.206010 0.195107 0.185703 0.182371 0.180193 0.180884 0.180457 0.183762 0.186630 0.190344 0.191971 -9999.0 -9999.0
-9999.0 0.155874 0.155522 0.161872 0.164319 0.166502 0.169096 0.171356 0.173765 0.172702 0.194071 0.237698 0.291535 0.313117 0.346584 0.366235 0.369976 0.369998 0.370000 0.370000 0.370000 0.370000 0.370000 0.370000 0.370000 0.370000 0.370000 0.370000 0.370000 0.370000 0.370000 0.370000 0.370000 0.370000 0.370000 0.370000 0.370000 0.370000 0.370000 0.370000 0.370000 0.370000 0.370000 0.370000 0.370000 0.370000 0.370000 0.370000 0.370000 0.370000 0.370000 0.370000 0.370000 0.370000 0.370000 0.370000 0.370000 0.370000 0.370000 0.370000 0.369998 0.369905 0.369352 0.366426 0.358530 0.335905 0.290645 0.249118 0.219220 0.207653 0.200341 0.187821 0.184104 0.185961 0.184344 0.184108 0.185614 0.186889 -9999.0 -9999.0
-9999.0 0.150844 0.156134 0.164032 0.175561 0.180135 0.214262 0.251044 0.267369 0.250308 0.332265 0.369978 0.370000 0.370000 0.370000 0.370000 0.370000 0.370000 0.370000 0.370000 0.370000 0.370000 0.370000 0.370000 0.370000 0.370000 0.370000 0.370000 0.370000 0.370000 0.370000 0.370000 0.370000 0.370000 0.370000 0.370000 0.369991 0.369958 0.369807 0.369527 0.369319 0.369650 0.369493 0.369089 0.368981 0.369508 0.369845 0.369796 0.369817 0.369924 0.369994 0.370000 0.370000 0.370000 0.370000 0.370000 0.370000 0.370000 0.370000 0.370000 0.370000 0.370000 0.370000 0.369994 0.369744 0.367298 0.361458 0.351797 0.322958 0.288115 0.252871 0.223771 0.203834 0.198323 0.189166 0.186556 -9999.0 -9999.0 -9999.0 -9999.0
-9999.0 0.150120 0.155470 0.169998 0.212131 0.276682 0.359724 0.369675 0.370000 0.370000 0.370000 0.370000 0.370000 0.370000 0.370000 0.370000 0.370000 0.370000 0.370000 0.370000 0.370000 0.370000 0.370000 0.370000 0.370000 0.370000 0.370000 0.370000 0.370000 0.369994 0.369967 0.369934 0.369758 0.367116 0.363493 0.359726 0.344973 0.338222 0.329691 0.309578 0.295933 0.286158 0.298337 0.296159 0.295561 0.302866 0.318627 0.329629 0.349374 0.358183 0.364051 0.368202 0.369307 0.369843 0.369988 0.370000 0.370000 0.370000 0.370000 0.370000 0.370000 0.370000 0.370000 0.370000 0.370000 0.369990 0.369844 0.368375 0.363992 0.357835 0.350605 0.330697 0.281173 0.227348 0.213366 -9999.0 -9999.0 -9999.0 -9999.0 -9999.0
-9999.0 0.143233 0.154708 0.166902 0.235808 0.362318 0.369228 0.370000 0.370000 0.370000 0.370000 0.370000 0.370000 0.370000 0.370000 0.370000 0.370000 0.370000 0.370000 0.370000 0.369998 0.369992 0.369991 0.369982 0.369946 0.369884 0.369799 0.369579 0.367990 0.364469 0.353940 0.345669 0.303167 0.253631 0.229367 0.210714 0.194394 0.194403 0.199056 0.194472 0.189451 0.184808 0.190671 0.193753 0.196417 0.193457 0.194958 0.203908 0.219804 0.237958 0.268302 0.310525 0.339799 0.357399 0.362769 0.367793 0.369397 0.369886 0.369999 0.370000 0.370000 0.370000 0.370000 0.370000 0.370000 0.370000 0.370000 0.369990 0.369221 0.367456 0.366298 0.364299 0.357995 -9999.0 -9999.0 -9999.0 -9999.0 -9999.0 -9999.0 -9999.0
-9999.0 0.139775 0.151162 0.154222 0.175212 0.228973 0.323087 0.362507 0.369892 0.367619 0.366840 0.368421 0.369337 0.369668 0.369283 0.368111 0.366629 0.366865 0.366893 0.364741 0.360945 0.358801 0.358683 0.357158 0.349575 0.341884 0.335478 0.321300 0.293858 0.255459 0.215023 0.195886 0.183078 0.178087 0.174580 0.171111 0.165974 0.168380 0.170524 0.169951 0.168319 0.167283 0.171163 0.172933 0.174262 0.171142 0.173720 0.176707 0.182884 0.189767 0.199716 0.214691 0.234947 0.251338 0.263730 0.289174 0.323181 0.352734 0.365754 0.369710 0.369990 0.370000 0.370000 0.370000 0.370000 0.370000 0.370000 0.370000 0.369676 0.368996 0.368919 -9999.0 -9999.0 -9999.0 -9999.0 -9999.0 -9999.0 -9999.0 -9999.0 -9999.0
-9999.0 -9999.0 0.137381 0.142041 0.146411 0.152284 0.161563 0.174045 0.185256 0.200177 0.223953 0.254691 0.277613 0.288318 0.274669 0.248191 0.234168 0.234711 0.230953 0.224165 0.213277 0.209542 0.206802 0.204559 0.199967 0.197904 0.196856 0.194680 0.190271 0.181705 0.174344 0.169164 0.164191 0.163630 0.162603 0.161034 0.161881 0.161622 0.162067 0.161941 0.162321 0.163095 0.164216 0.165643 0.165954 0.166398 0.167091 0.168832 0.171581 0.175454 0.182373 0.192352 0.200438 0.202675 0.199125 0.200441 0.206430 0.221940 0.274152 0.339619 0.362582 0.368420 0.369830 0.369979 0.369991 0.369998 0.370000 0.369980 0.365919 0.366891 -9999.0 -9999.0 -9999.0 -9999.0 -9999.0 -9999.0 -9999.0 -9999.0 -9999.0 -9999.0
-9999.0 -9999.0 -9999.0 -9999.0 0.135449 0.141936 0.148088 0.147966 0.153316 0.157523 0.162029 0.167470 0.172227 0.175069 0.172290 0.171416 0.170576 0.170742 0.169936 0.169154 0.168665 0.168040 0.167303 0.166567 0.166746 0.167345 0.167418 0.166182 0.165687 0.163394 0.162626 0.160989 0.159469 0.158021 0.158070 0.157894 0.158361 0.157799 0.158666 0.158319 0.159095 0.159580 0.160664 0.162324 0.162165 0.163123 0.163376 0.164743 0.165940 0.170104 0.176835 0.184831 0.190499 0.190489 0.184217 0.181271 0.179967 0.184260 0.192561 0.210824 0.260850 0.318326 0.353095 0.361834 0.365351 0.368253 0.369480 0.369607 -9999.0 -9999.0 -9999.0 -9999.0 -9999.0 -9999.0 -9999.0 -9999.0 -9999.0 -9999.0 -9999.0 -9999.0
-9999.0 -9999.0 -9999.0 -9999.0 -9999.0 -9999.0 0.138102 0.141408 0.140609 0.143531 0.146411 0.148913 0.152398 0.152448 0.153502 0.155954 0.155590 0.154326 0.152834 0.154920 0.155894 0.156001 0.153573 0.154126 0.154400 0.155314 0.155224 0.155482 0.153441 0.155619 0.156612 0.155958 0.155318 0.155580 0.155040 0.156436 0.156602 0.155446 0.155155 0.156906 0.157548 0.157489 0.158062 0.159566 0.161603 0.162099 0.161439 0.160624 0.163087 0.168743 0.175805 0.182554 0.187114 0.188359 0.182739 0.175666 0.172237 0.172123 0.175590 0.182391 0.197728 0.210144 0.221604 0.234245 0.252402 0.323591 -9999.0 -9999.0 -9999.0 -9999.0 -9999.0 -9999.0 -9999.0 -9999.0 -9999.0 -9999.0 -9999.0 -9999.0 -9999.0 -9999.0
-9999.0 -9999.0 -9999.0 -9999.0 -9999.0 -9999.0 -9999.0 -9999.0 -9999.0 -9999.0 -9999.0 -9999.0 -9999.0 -9999.0 -9999.0 -9999.0 -9999.0 -9999.0 -9999.0 -9999.0 -9999.0 -9999.0 -9999.0 -9999.0 -9999.0 -9999.0 -9999.0 -9999.0 -9999.0 -9999.0 -9999.0 -9999.0 -9999.0 -9999.0 -9999.0 -9999.0 -9999.0 -9999.0 -9999.0 -9999.0 -9999.0 -9999.0 -9999.0 -9999.0 -9999.0 -9999.0 -9999.0 -9999.0 -9999.0 -9999.0 -9999.0 -9999.0 -9999.0 -9999.0 -9999.0 -9999.0 -9999.0 -9999.0 -9999.0 -9999.0 -9999.0 -9999.0 -9999.0 -9999.0 -9999.0 -9999.0 -9999.0 -9999.0 -9999.0 -9999.0 -9999.0 -9999.0 -9999.0 -9999.0 -9999.0 -9999.0 -9999.0 -9999.0 -9999.0 -9999.0
-9999.0 -9999.0 -9999.0 -9999.0 -9999.0 -9999.0 -9999.0 -9999.0 -9999.0 -9999.0 -9999.0 -9999.0 -9999.0 -9999.0 -9999.0 -9999.0 -9999.0 -9999.0 -9999.0 -9999.0 -9999.0 -9999.0 -9999.0 -9999.0 -9999.0 -9999.0 -9999.0 -9999.0 -9999.0 -9999.0 -9999.0 -9999.0 -9999.0 -9999.0 -9999.0 -9999.0 -9999.0 -9999.0 -9999.0 -9999.0 -9999.0 -9999.0 -9999.0 -9999.0 -9999.0 -9999.0 -9999.0 -9999.0 -9999.0 -9999.0 -9999.0 -9999.0 -9999.0 -9999.0 -9999.0 -9999.0 -9999.0 -9999.0 -9999.0 -9999.0 -9999.0 -9999.0 -9999.0 -9999.0 -9999.0 -9999.0 -9999.0 -9999.0 -9999.0 -9999.0 -9999.0 -9999.0 -9999.0 -9999.0 -9999.0 -9999.0 -9999.0 -9999.0 -9999.0 -9999.0