Borden_/Borden1m_014/output_maps/thetaliqL0005N0019.asc
ncols         80
nrows         18
xllcorner     620200.000000
yllcorner     5168000.000000
cellsize      1.000000
NODATA_value  -9999.0
-9999.0 -9999.0 -9999.0 -9999.0 -9999.0 -9999.0 -9999.0 -9999.0 -9999.0 -9999.0 -9999.0 -9999.0 -9999.0 -9999.0 -9999.0 -9999.0 -9999.0 -9999.0 -9999.0 -9999.0 -9999.0 -9999.0 -9999.0 -9999.0 -9999.0 -9999.0 -9999.0 -9999.0 -9999.0 -9999.0 -9999.0 -9999.0 -9999.0 -9999.0 -9999.0 -9999.0 -9999.0 -9999.0 -9999.0 -9999.0 -9999.0 -9999.0 -9999.0 -9999.0 -9999.0 -9999.0 -9999.0 -9999.0 -9999.0 -9999.0 -9999.0 -9999.0 -9999.0 -9999.0 -9999.0 -9999.0 -9999.0 -9999.0 -9999.0 -9999.0 -9999.0 -9999.0 -9999.0 -9999.0 -9999.0 -9999.0 -9999.0 -9999.0 -9999.0 -9999.0 -9999.0 -9999.0 -9999.0 -9999.0 -9999.0 -9999.0 -9999.0 -9999.0 -9999.0 -9999.0
-9999.0 -9999.0 -9999.0 -9999.0 -9999.0 -9999.0 -9999.0 -9999.0 -9999.0 -9999.0 -9999.0 -9999.0 -9999.0 -9999.0 -9999.0 -9999.0 -9999.0 -9999.0 -9999.0 -9999.0 -9999.0 -9999.0 -9999.0 -9999.0 -9999.0 -9999.0 -9999.0 -9999.0 -9999.0 -9999.0 -9999.0 -9999.0 -9999.0 -9999.0 -9999.0 -9999.0 -9999.0 -9999.0 -9999.0 -9999.0 -9999.0 -9999.0 -9999.0 -9999.0 -9999.0 -9999.0 -9999.0 -9999.0 -9999.0 -9999.0 -9999.0 -9999.0 -9999.0 -9999.0 -9999.0 -9999.0 -9999.0 -9999.0 -9999.0 -9999.0 -9999.0 -9999.0 -9999.0 -9999.0 -9999.0 -9999.0 -9999.0 -9999.0 -9999.0 -9999.0 -9999.0 -9999.0 -9999.0 -9999.0 -9999.0 -9999.0 -9999.0 -9999.0 -9999.0 -9999.0
-9999.0 -9999.0 -9999.0 -9999.0 -9999.0 -9999.0 -9999.0 -9999.0 -9999.0 -9999.0 -9999.0 -9999.0 -9999.0 -9999.0 -9999.0 -9999.0 -9999.0 -9999.0 -9999.0 -9999.0 0.110905 0.111856 0.106313 0.099582 0.094932 0.095068 0.100747 0.109097 0.118936 0.122036 0.116317 0.116627 0.114935 0.114795 0.115544 0.117131 0.117741 0.121215 0.123880 0.123732 0.121681 0.119827 0.119167 0.120239 0.121842 0.119290 0.123607 0.128993 0.131547 0.129888 0.120843 0.116340 0.114366 0.110689 0.117697 0.121722 0.129889 0.131668 0.131618 0.122234 0.113477 -9999.0 -9999.0 -9999.0 -9999.0 -9999.0 -9999.0 -9999.0 -9999.0 -9999.0 -9999.0 -9999.0 -9999.0 -9999.0 -9999.0 -9999.0 -9999.0 -9999.0 -9999.0 -9999.0
-9999.0 -9999.0 -9999.0 -9999.0 -9999.0 -9999.0 -9999.0 -9999.0 -9999.0 -9999.0 -9999.0 -9999.0 -9999.0 -9999.0 0.094507 0.092937 0.092408 0.093324 0.098342 0.103653 0.106103 0.104275 0.104357 0.099647 0.096135 0.098379 0.103579 0.110174 0.119091 0.125496 0.120973 0.119920 0.123180 0.133230 0.139201 0.137835 0.128951 0.137873 0.144972 0.149593 0.148996 0.144666 0.152078 0.160951 0.157223 0.148069 0.149462 0.155349 0.164034 0.155981 0.127433 0.120722 0.120303 0.118753 0.115226 0.113527 0.121087 0.121562 0.119266 0.114524 0.106882 0.098384 0.095587 0.102391 0.112471 0.131218 -9999.0 -9999.0 -9999.0 -9999.0 -9999.0 -9999.0 -9999.0 -9999.0 -9999.0 -9999.0 -9999.0 -9999.0 -9999.0 -9999.0
-9999.0 -9999.0 -9999.0 -9999.0 -9999.0 -9999.0 -9999.0 -9999.0 -9999.0 0.088092 0.088297 0.088982 0.088939 0.090674 0.090148 0.090901 0.091714 0.095107 0.099856 0.106576 0.113506 0.110475 0.110319 0.113489 0.115366 0.118790 0.124849 0.139930 0.160340 0.186500 0.167780 0.166526 0.178797 0.219869 0.259913 0.270757 0.252012 0.253282 0.278668 0.304288 0.303187 0.301270 0.323499 0.334395 0.340296 0.325581 0.308269 0.305451 0.329424 0.280408 0.218416 0.174081 0.173923 0.155775 0.136325 0.127813 0.126878 0.136147 0.130561 0.118339 0.108873 0.107307 0.103876 0.107529 0.113143 0.128092 0.144031 0.158950 0.159660 0.150728 -9999.0 -9999.0 -9999.0 -9999.0 -9999.0 -9999.0 -9999.0 -9999.0 -9999.0 -9999.0
-9999.0 -9999.0 -9999.0 -9999.0 -9999.0 -9999.0 0.082105 0.082544 0.083858 0.083834 0.085820 0.086211 0.088153 0.090103 0.092404 0.094475 0.099245 0.105147 0.114849 0.128396 0.140873 0.138510 0.142417 0.159806 0.189768 0.218666 0.240336 0.276896 0.346702 0.366160 0.368462 0.369139 0.369773 0.369921 0.369991 0.370000 0.369988 0.369972 0.369984 0.369998 0.370000 0.370000 0.370000 0.370000 0.370000 0.370000 0.369998 0.369993 0.369991 0.369988 0.369941 0.369712 0.363677 0.333959 0.258830 0.204322 0.198406 0.208880 0.185643 0.154177 0.135064 0.131629 0.126865 0.122219 0.124285 0.131597 0.141915 0.147840 0.142615 0.134421 0.126254 0.117176 0.117882 0.126381 -9999.0 -9999.0 -9999.0 -9999.0 -9999.0 -9999.0
-9999.0 -9999.0 -9999.0 -9999.0 0.079110 0.079797 0.078799 0.080078 0.081937 0.084157 0.086636 0.090464 0.093609 0.097814 0.105485 0.114468 0.127698 0.140630 0.168920 0.221851 0.274208 0.302125 0.315940 0.362645 0.369778 0.369949 0.369968 0.369986 0.369999 0.370000 0.370000 0.370000 0.370000 0.370000 0.370000 0.370000 0.370000 0.370000 0.370000 0.370000 0.370000 0.370000 0.370000 0.370000 0.370000 0.370000 0.370000 0.370000 0.370000 0.370000 0.370000 0.370000 0.370000 0.369998 0.369994 0.369971 0.369814 0.369264 0.353342 0.308460 0.240418 0.214443 0.188945 0.172568 0.155496 0.156809 0.159476 0.150077 0.137107 0.125509 0.121152 0.115907 0.113250 0.122486 0.128691 0.141735 -9999.0 -9999.0 -9999.0 -9999.0
-9999.0 -9999.0 0.077040 0.078802 0.081896 0.082056 0.082029 0.082062 0.083849 0.088351 0.099006 0.109237 0.121364 0.130861 0.157622 0.219255 0.291686 0.335566 0.367407 0.369854 0.369975 0.369995 0.370000 0.370000 0.370000 0.370000 0.370000 0.370000 0.370000 0.370000 0.370000 0.370000 0.370000 0.370000 0.370000 0.370000 0.370000 0.370000 0.370000 0.370000 0.370000 0.370000 0.370000 0.370000 0.370000 0.370000 0.370000 0.370000 0.370000 0.370000 0.370000 0.370000 0.370000 0.370000 0.370000 0.370000 0.370000 0.370000 0.370000 0.369995 0.369928 0.369721 0.362604 0.323897 0.268222 0.236150 0.199588 0.173881 0.150368 0.131594 0.123972 0.118670 0.118566 0.118973 0.124473 0.130312 0.136790 0.140239 -9999.0 -9999.0
-9999.0 0.074639 0.076045 0.081848 0.087500 0.092217 0.098089 0.103324 0.107924 0.109893 0.147487 0.225100 0.306872 0.330327 0.365022 0.369903 0.370000 0.370000 0.370000 0.370000 0.370000 0.370000 0.370000 0.370000 0.370000 0.370000 0.370000 0.370000 0.370000 0.370000 0.370000 0.370000 0.370000 0.370000 0.370000 0.370000 0.370000 0.370000 0.370000 0.370000 0.370000 0.370000 0.370000 0.370000 0.370000 0.370000 0.370000 0.370000 0.370000 0.370000 0.370000 0.370000 0.370000 0.370000 0.370000 0.370000 0.370000 0.370000 0.370000 0.370000 0.370000 0.370000 0.369998 0.369963 0.369772 0.361315 0.310696 0.254478 0.201817 0.177259 0.160633 0.136267 0.127894 0.129337 0.126318 0.125771 0.128446 0.130973 -9999.0 -9999.0
-9999.0 0.072850 0.076235 0.086171 0.106708 0.121916 0.183449 0.252996 0.275026 0.251851 0.352033 0.370000 0.370000 0.370000 0.370000 0.370000 0.370000 0.370000 0.370000 0.370000 0.370000 0.370000 0.370000 0.370000 0.370000 0.370000 0.370000 0.370000 0.370000 0.370000 0.370000 0.370000 0.370000 0.370000 0.370000 0.370000 0.370000 0.370000 0.369999 0.369996 0.369992 0.369997 0.369995 0.369989 0.369987 0.369996 0.370000 0.369999 0.370000 0.370000 0.370000 0.370000 0.370000 0.370000 0.370000 0.370000 0.370000 0.370000 0.370000 0.370000 0.370000 0.370000 0.370000 0.370000 0.370000 0.369984 0.369897 0.369573 0.352473 0.311232 0.260801 0.209485 0.169956 0.156146 0.138032 0.130151 -9999.0 -9999.0 -9999.0 -9999.0
-9999.0 0.072126 0.075853 0.094250 0.178134 0.295891 0.369788 0.370000 0.370000 0.370000 0.370000 0.370000 0.370000 0.370000 0.370000 0.370000 0.370000 0.370000 0.370000 0.370000 0.370000 0.370000 0.370000 0.370000 0.370000 0.370000 0.370000 0.370000 0.370000 0.370000 0.370000 0.370000 0.369999 0.369961 0.369898 0.369770 0.364429 0.360304 0.353641 0.332107 0.316705 0.304881 0.320114 0.317259 0.316347 0.324610 0.342167 0.353165 0.367673 0.369764 0.369920 0.369983 0.369997 0.370000 0.370000 0.370000 0.370000 0.370000 0.370000 0.370000 0.370000 0.370000 0.370000 0.370000 0.370000 0.370000 0.370000 0.369999 0.369972 0.369881 0.369646 0.361079 0.301011 0.216617 0.187282 -9999.0 -9999.0 -9999.0 -9999.0 -9999.0
-9999.0 0.070291 0.074363 0.089686 0.221131 0.369815 0.369999 0.370000 0.370000 0.370000 0.370000 0.370000 0.370000 0.370000 0.370000 0.370000 0.370000 0.370000 0.370000 0.370000 0.370000 0.370000 0.370000 0.370000 0.370000 0.370000 0.370000 0.369998 0.369979 0.369920 0.369357 0.366136 0.324084 0.257269 0.214366 0.179216 0.149394 0.148667 0.156393 0.147717 0.137980 0.130421 0.140497 0.146825 0.151758 0.147005 0.150837 0.168753 0.200186 0.233567 0.280650 0.332749 0.362362 0.369729 0.369893 0.369976 0.369997 0.370000 0.370000 0.370000 0.370000 0.370000 0.370000 0.370000 0.370000 0.370000 0.370000 0.370000 0.370000 0.370000 0.369997 0.369976 0.369868 -9999.0 -9999.0 -9999.0 -9999.0 -9999.0 -9999.0 -9999.0
-9999.0 0.069443 0.071953 0.076194 0.103646 0.207640 0.350333 0.369846 0.370000 0.369970 0.369961 0.369983 0.369994 0.369998 0.369994 0.369979 0.369956 0.369963 0.369966 0.369936 0.369878 0.369830 0.369815 0.369644 0.367493 0.363476 0.359019 0.345725 0.314582 0.261067 0.189291 0.151398 0.126224 0.115382 0.108063 0.101414 0.094734 0.096590 0.099206 0.098344 0.096190 0.095307 0.100258 0.103568 0.105608 0.102466 0.106166 0.112270 0.124139 0.138787 0.160188 0.191679 0.230433 0.256959 0.274513 0.307323 0.346167 0.368979 0.369940 0.370000 0.370000 0.370000 0.370000 0.370000 0.370000 0.370000 0.370000 0.370000 0.370000 0.370000 0.370000 -9999.0 -9999.0 -9999.0 -9999.0 -9999.0 -9999.0 -9999.0 -9999.0 -9999.0
-9999.0 -9999.0 0.069224 0.070488 0.072611 0.077896 0.088418 0.105494 0.122788 0.151358 0.199889 0.258716 0.294346 0.308422 0.289868 0.248210 0.222635 0.223040 0.215764 0.202815 0.183134 0.176472 0.171397 0.167091 0.158739 0.154606 0.152157 0.147188 0.137588 0.121079 0.107058 0.097408 0.090024 0.087638 0.085705 0.083821 0.083682 0.083582 0.084131 0.084174 0.084547 0.085475 0.087304 0.089414 0.090354 0.091054 0.092516 0.095662 0.100932 0.108976 0.122841 0.143228 0.160804 0.166100 0.159649 0.162202 0.174485 0.204802 0.287135 0.363219 0.369855 0.369987 0.370000 0.370000 0.370000 0.370000 0.370000 0.370000 0.370000 0.370000 -9999.0 -9999.0 -9999.0 -9999.0 -9999.0 -9999.0 -9999.0 -9999.0 -9999.0 -9999.0
-9999.0 -9999.0 -9999.0 -9999.0 0.069241 0.070583 0.072055 0.073070 0.076235 0.080743 0.087177 0.095680 0.103838 0.108505 0.105191 0.103242 0.101479 0.101116 0.099733 0.098538 0.097444 0.096297 0.094900 0.093858 0.093748 0.094223 0.094038 0.092358 0.090692 0.087589 0.085447 0.082830 0.080591 0.079086 0.078599 0.078301 0.078398 0.078129 0.078627 0.078781 0.079490 0.080237 0.081589 0.083461 0.084192 0.085319 0.086075 0.088019 0.091057 0.098285 0.110548 0.126262 0.138171 0.138650 0.127351 0.121383 0.119685 0.128059 0.146036 0.183697 0.269304 0.340938 0.369076 0.369884 0.369960 0.369995 0.370000 0.370000 -9999.0 -9999.0 -9999.0 -9999.0 -9999.0 -9999.0 -9999.0 -9999.0 -9999.0 -9999.0 -9999.0 -9999.0
-9999.0 -9999.0 -9999.0 -9999.0 -9999.0 -9999.0 0.069266 0.069875 0.070226 0.071386 0.073039 0.075126 0.077764 0.078654 0.079391 0.080710 0.080375 0.079434 0.078575 0.079527 0.080027 0.079840 0.078380 0.078379 0.078533 0.079064 0.079019 0.078809 0.077584 0.078132 0.078198 0.077320 0.076452 0.076112 0.075745 0.076224 0.076279 0.075789 0.075814 0.076767 0.077438 0.077857 0.078760 0.080396 0.082358 0.083242 0.083163 0.083404 0.086847 0.095033 0.107442 0.120984 0.130680 0.132797 0.121926 0.109761 0.104322 0.105028 0.112159 0.126754 0.158013 0.184829 0.206977 0.228364 0.257733 0.347729 -9999.0 -9999.0 -9999.0 -9999.0 -9999.0 -9999.0 -9999.0 -9999.0 -9999.0 -9999.0 -9999.0 -9999.0 -9999.0 -9999.0
-9999.0 -9999.0 -9999.0 -9999.0 -9999.0 -9999.0 -9999.0 -9999.0 -9999.0 -9999.0 -9999.0 -9999.0 -9999.0 -9999.0 -9999.0 -9999.0 -9999.0 -9999.0 -9999.0 -9999.0 -9999.0 -9999.0 -9999.0 -9999.0 -9999.0 -9999.0 -9999.0 -9999.0 -9999.0 -9999.0 -9999.0 -9999.0 -9999.0 -9999.0 -9999.0 -9999.0 -9999.0 -9999.0 -9999.0 -9999.0 -9999.0 -9999.0 -9999.0 -9999.0 -9999.0 -9999.0 -9999.0 -9999.0 -9999.0 -9999.0 -9999.0 -9999.0 -9999.0 -9999.0 -9999.0 -9999.0 -9999.0 -9999.0 -9999.0 -9999.0 -9999.0 -9999.0 -9999.0 -9999.0 -9999.0 -9999.0 -9999.0 -9999.0 -9999.0 -9999.0 -9999.0 -9999.0 -9999.0 -9999.0 -9999.0 -9999.0 -9999.0 -9999.0 -9999.0 -9999.0
-9999.0 -9999.0 -9999.0 -9999.0 -9999.0 -9999.0 -9999.0 -9999.0 -9999.0 -9999.0 -9999.0 -9999.0 -9999.0 -9999.0 -9999.0 -9999.0 -9999.0 -9999.0 -9999.0 -9999.0 -9999.0 -9999.0 -9999.0 -9999.0 -9999.0 -9999.0 -9999.0 -9999.0 -9999.0 -9999.0 -9999.0 -9999.0 -9999.0 -9999.0 -9999.0 -9999.0 -9999.0 -9999.0 -9999.0 -9999.0 -9999.0 -9999.0 -9999.0 -9999.0 -9999.0 -9999.0 -9999.0 -9999.0 -9999.0 -9999.0 -9999.0 -9999.0 -9999.0 -9999.0 -9999.0 -9999.0 -9999.0 -9999.0 -9999.0 -9999.0 -9999.0 -9999.0 -9999.0 -9999.0 -9999.0 -9999.0 -9999.0 -9999.0 -9999.0 -9999.0 -9999.0 -9999.0 -9999.0 -9999.0 -9999.0 -9999.0 -9999.0 -9999.0 -9999.0 -9999.0