Borden_/Borden1m_014/output_maps/thetaliqL0006N0040.asc
ncols         80
nrows         18
xllcorner     620200.000000
yllcorner     5168000.000000
cellsize      1.000000
NODATA_value  -9999.0
-9999.0 -9999.0 -9999.0 -9999.0 -9999.0 -9999.0 -9999.0 -9999.0 -9999.0 -9999.0 -9999.0 -9999.0 -9999.0 -9999.0 -9999.0 -9999.0 -9999.0 -9999.0 -9999.0 -9999.0 -9999.0 -9999.0 -9999.0 -9999.0 -9999.0 -9999.0 -9999.0 -9999.0 -9999.0 -9999.0 -9999.0 -9999.0 -9999.0 -9999.0 -9999.0 -9999.0 -9999.0 -9999.0 -9999.0 -9999.0 -9999.0 -9999.0 -9999.0 -9999.0 -9999.0 -9999.0 -9999.0 -9999.0 -9999.0 -9999.0 -9999.0 -9999.0 -9999.0 -9999.0 -9999.0 -9999.0 -9999.0 -9999.0 -9999.0 -9999.0 -9999.0 -9999.0 -9999.0 -9999.0 -9999.0 -9999.0 -9999.0 -9999.0 -9999.0 -9999.0 -9999.0 -9999.0 -9999.0 -9999.0 -9999.0 -9999.0 -9999.0 -9999.0 -9999.0 -9999.0
-9999.0 -9999.0 -9999.0 -9999.0 -9999.0 -9999.0 -9999.0 -9999.0 -9999.0 -9999.0 -9999.0 -9999.0 -9999.0 -9999.0 -9999.0 -9999.0 -9999.0 -9999.0 -9999.0 -9999.0 -9999.0 -9999.0 -9999.0 -9999.0 -9999.0 -9999.0 -9999.0 -9999.0 -9999.0 -9999.0 -9999.0 -9999.0 -9999.0 -9999.0 -9999.0 -9999.0 -9999.0 -9999.0 -9999.0 -9999.0 -9999.0 -9999.0 -9999.0 -9999.0 -9999.0 -9999.0 -9999.0 -9999.0 -9999.0 -9999.0 -9999.0 -9999.0 -9999.0 -9999.0 -9999.0 -9999.0 -9999.0 -9999.0 -9999.0 -9999.0 -9999.0 -9999.0 -9999.0 -9999.0 -9999.0 -9999.0 -9999.0 -9999.0 -9999.0 -9999.0 -9999.0 -9999.0 -9999.0 -9999.0 -9999.0 -9999.0 -9999.0 -9999.0 -9999.0 -9999.0
-9999.0 -9999.0 -9999.0 -9999.0 -9999.0 -9999.0 -9999.0 -9999.0 -9999.0 -9999.0 -9999.0 -9999.0 -9999.0 -9999.0 -9999.0 -9999.0 -9999.0 -9999.0 -9999.0 -9999.0 0.154653 0.156354 0.144684 0.130066 0.119993 0.120445 0.132938 0.151412 0.172579 0.179289 0.167777 0.168382 0.165137 0.165177 0.167051 0.170545 0.171930 0.179444 0.185239 0.185161 0.180992 0.177112 0.176019 0.178455 0.181714 0.176189 0.185127 0.196088 0.201067 0.197189 0.178062 0.168062 0.163471 0.155656 0.169912 0.178145 0.194165 0.197520 0.196980 0.178467 0.160370 -9999.0 -9999.0 -9999.0 -9999.0 -9999.0 -9999.0 -9999.0 -9999.0 -9999.0 -9999.0 -9999.0 -9999.0 -9999.0 -9999.0 -9999.0 -9999.0 -9999.0 -9999.0 -9999.0
-9999.0 -9999.0 -9999.0 -9999.0 -9999.0 -9999.0 -9999.0 -9999.0 -9999.0 -9999.0 -9999.0 -9999.0 -9999.0 -9999.0 0.118160 0.114997 0.113997 0.116302 0.127271 0.139081 0.144774 0.141077 0.140909 0.130867 0.123395 0.128285 0.140000 0.155079 0.174881 0.188766 0.179714 0.177788 0.185178 0.206530 0.219390 0.217547 0.200252 0.217939 0.232177 0.241418 0.240968 0.233754 0.247523 0.262452 0.256686 0.240553 0.242106 0.251750 0.265079 0.250206 0.195684 0.179922 0.178099 0.173977 0.166087 0.162362 0.177671 0.178684 0.173674 0.163192 0.146483 0.127954 0.121905 0.136458 0.158206 0.195500 -9999.0 -9999.0 -9999.0 -9999.0 -9999.0 -9999.0 -9999.0 -9999.0 -9999.0 -9999.0 -9999.0 -9999.0 -9999.0 -9999.0
-9999.0 -9999.0 -9999.0 -9999.0 -9999.0 -9999.0 -9999.0 -9999.0 -9999.0 0.103910 0.104543 0.106015 0.106251 0.109900 0.109364 0.110985 0.113007 0.120480 0.131278 0.146343 0.161373 0.155450 0.155395 0.162417 0.167144 0.175566 0.189755 0.221727 0.260540 0.298443 0.275615 0.274795 0.293297 0.333718 0.354617 0.358387 0.351888 0.352879 0.361076 0.365765 0.366298 0.366334 0.368212 0.368817 0.369033 0.368234 0.366472 0.365950 0.367860 0.361104 0.332196 0.286056 0.282714 0.252592 0.214641 0.195693 0.193148 0.210210 0.198423 0.172748 0.152015 0.147759 0.140301 0.148049 0.160253 0.190412 0.219704 0.243718 0.244479 0.230308 -9999.0 -9999.0 -9999.0 -9999.0 -9999.0 -9999.0 -9999.0 -9999.0 -9999.0 -9999.0
-9999.0 -9999.0 -9999.0 -9999.0 -9999.0 -9999.0 0.090878 0.091955 0.094718 0.095501 0.099536 0.100835 0.104948 0.109331 0.114501 0.119399 0.130045 0.143562 0.165535 0.195453 0.221756 0.219406 0.228865 0.261970 0.303967 0.331155 0.346224 0.360923 0.369060 0.369859 0.369939 0.369958 0.369975 0.369998 0.370000 0.370000 0.370000 0.370000 0.370000 0.370000 0.370000 0.370000 0.370000 0.370000 0.370000 0.370000 0.370000 0.370000 0.370000 0.370000 0.369999 0.369965 0.369707 0.368266 0.354728 0.319773 0.314677 0.323000 0.296437 0.248200 0.210438 0.201618 0.190728 0.180763 0.184384 0.198463 0.216977 0.226643 0.217249 0.202030 0.185937 0.167820 0.169071 0.185714 -9999.0 -9999.0 -9999.0 -9999.0 -9999.0 -9999.0
-9999.0 -9999.0 -9999.0 -9999.0 0.085342 0.086531 0.085313 0.087640 0.091410 0.096156 0.101886 0.110197 0.117461 0.127052 0.144481 0.165657 0.196343 0.225388 0.276638 0.334544 0.359570 0.365459 0.367576 0.369722 0.369983 0.370000 0.370000 0.370000 0.370000 0.370000 0.370000 0.370000 0.370000 0.370000 0.370000 0.370000 0.370000 0.370000 0.370000 0.370000 0.370000 0.370000 0.370000 0.370000 0.370000 0.370000 0.370000 0.370000 0.370000 0.370000 0.370000 0.370000 0.370000 0.370000 0.370000 0.370000 0.369983 0.369932 0.369287 0.365953 0.346691 0.328402 0.301080 0.276309 0.247132 0.246376 0.248359 0.231993 0.208293 0.185658 0.176310 0.165326 0.159957 0.178265 0.190478 0.214003 -9999.0 -9999.0 -9999.0 -9999.0
-9999.0 -9999.0 0.080753 0.084681 0.090689 0.091685 0.091950 0.092471 0.096358 0.105927 0.129338 0.153770 0.182457 0.204986 0.258269 0.332846 0.364422 0.368774 0.369871 0.369995 0.370000 0.370000 0.370000 0.370000 0.370000 0.370000 0.370000 0.370000 0.370000 0.370000 0.370000 0.370000 0.370000 0.370000 0.370000 0.370000 0.370000 0.370000 0.370000 0.370000 0.370000 0.370000 0.370000 0.370000 0.370000 0.370000 0.370000 0.370000 0.370000 0.370000 0.370000 0.370000 0.370000 0.370000 0.370000 0.370000 0.370000 0.370000 0.370000 0.370000 0.369998 0.369957 0.369603 0.367565 0.358237 0.342100 0.308132 0.272801 0.234052 0.198943 0.183069 0.171680 0.170873 0.171765 0.182448 0.193648 0.205343 0.211492 -9999.0 -9999.0
-9999.0 0.075721 0.079171 0.090440 0.103145 0.113759 0.127152 0.139723 0.150922 0.156963 0.238459 0.335956 0.366091 0.368478 0.369793 0.369999 0.370000 0.370000 0.370000 0.370000 0.370000 0.370000 0.370000 0.370000 0.370000 0.370000 0.370000 0.370000 0.370000 0.370000 0.370000 0.370000 0.370000 0.370000 0.370000 0.370000 0.370000 0.370000 0.370000 0.370000 0.370000 0.370000 0.370000 0.370000 0.370000 0.370000 0.370000 0.370000 0.370000 0.370000 0.370000 0.370000 0.370000 0.370000 0.370000 0.370000 0.370000 0.370000 0.370000 0.370000 0.370000 0.370000 0.370000 0.370000 0.369974 0.369504 0.366169 0.351793 0.311464 0.278425 0.251120 0.208013 0.190840 0.192499 0.186383 0.185100 0.190072 0.194819 -9999.0 -9999.0
-9999.0 0.073410 0.079341 0.099849 0.144910 0.181334 0.284902 0.347152 0.358775 0.351948 0.369273 0.370000 0.370000 0.370000 0.370000 0.370000 0.370000 0.370000 0.370000 0.370000 0.370000 0.370000 0.370000 0.370000 0.370000 0.370000 0.370000 0.370000 0.370000 0.370000 0.370000 0.370000 0.370000 0.370000 0.370000 0.370000 0.370000 0.370000 0.370000 0.370000 0.370000 0.370000 0.370000 0.370000 0.370000 0.370000 0.370000 0.370000 0.370000 0.370000 0.370000 0.370000 0.370000 0.370000 0.370000 0.370000 0.370000 0.370000 0.370000 0.370000 0.370000 0.370000 0.370000 0.370000 0.370000 0.370000 0.369989 0.369863 0.368657 0.364782 0.351850 0.316475 0.266374 0.240841 0.209110 0.193567 -9999.0 -9999.0 -9999.0 -9999.0
-9999.0 0.071987 0.078642 0.116420 0.273125 0.360257 0.369976 0.370000 0.370000 0.370000 0.370000 0.370000 0.370000 0.370000 0.370000 0.370000 0.370000 0.370000 0.370000 0.370000 0.370000 0.370000 0.370000 0.370000 0.370000 0.370000 0.370000 0.370000 0.370000 0.370000 0.370000 0.370000 0.370000 0.370000 0.369996 0.369976 0.369743 0.369577 0.369288 0.368184 0.366907 0.365532 0.367121 0.366976 0.366964 0.367659 0.368765 0.369314 0.369856 0.369970 0.369998 0.370000 0.370000 0.370000 0.370000 0.370000 0.370000 0.370000 0.370000 0.370000 0.370000 0.370000 0.370000 0.370000 0.370000 0.370000 0.370000 0.370000 0.369997 0.369956 0.369813 0.369018 0.363203 0.317768 0.282987 -9999.0 -9999.0 -9999.0 -9999.0 -9999.0
-9999.0 0.069824 0.075429 0.106530 0.314451 0.369988 0.370000 0.370000 0.370000 0.370000 0.370000 0.370000 0.370000 0.370000 0.370000 0.370000 0.370000 0.370000 0.370000 0.370000 0.370000 0.370000 0.370000 0.370000 0.370000 0.370000 0.370000 0.370000 0.370000 0.369998 0.369914 0.369759 0.367442 0.354378 0.328610 0.290264 0.242989 0.239995 0.252107 0.236465 0.217599 0.202550 0.222459 0.234470 0.243288 0.235688 0.243732 0.273988 0.314747 0.343342 0.361935 0.368362 0.369674 0.369965 0.369995 0.370000 0.370000 0.370000 0.370000 0.370000 0.370000 0.370000 0.370000 0.370000 0.370000 0.370000 0.370000 0.370000 0.370000 0.370000 0.370000 0.369997 0.369959 -9999.0 -9999.0 -9999.0 -9999.0 -9999.0 -9999.0 -9999.0
-9999.0 0.068757 0.071202 0.079607 0.135199 0.306612 0.368245 0.369983 0.370000 0.370000 0.370000 0.370000 0.370000 0.370000 0.370000 0.370000 0.370000 0.370000 0.370000 0.369998 0.369984 0.369968 0.369966 0.369952 0.369845 0.369681 0.369488 0.368856 0.366444 0.354874 0.303415 0.245010 0.193790 0.168182 0.150667 0.135078 0.120373 0.124012 0.129565 0.127666 0.123032 0.121294 0.131986 0.139471 0.143950 0.137615 0.145759 0.159591 0.185529 0.216227 0.256269 0.302485 0.339641 0.354782 0.360706 0.366320 0.369066 0.369907 0.369999 0.370000 0.370000 0.370000 0.370000 0.370000 0.370000 0.370000 0.370000 0.370000 0.370000 0.370000 0.370000 -9999.0 -9999.0 -9999.0 -9999.0 -9999.0 -9999.0 -9999.0 -9999.0 -9999.0
-9999.0 -9999.0 0.068735 0.070478 0.073910 0.083951 0.106845 0.139395 0.176042 0.235931 0.307840 0.351475 0.362699 0.365161 0.362097 0.348610 0.333470 0.333314 0.327464 0.316241 0.295044 0.286124 0.278220 0.271162 0.257759 0.250131 0.244966 0.234854 0.215084 0.179667 0.147789 0.125673 0.109349 0.103736 0.099453 0.095534 0.094905 0.094754 0.095897 0.096062 0.096838 0.098796 0.102799 0.107399 0.109587 0.111161 0.114476 0.121526 0.133399 0.151557 0.181637 0.222041 0.253189 0.263264 0.255605 0.262205 0.283710 0.323000 0.363405 0.369622 0.369995 0.370000 0.370000 0.370000 0.370000 0.370000 0.370000 0.370000 0.369998 0.370000 -9999.0 -9999.0 -9999.0 -9999.0 -9999.0 -9999.0 -9999.0 -9999.0 -9999.0 -9999.0
-9999.0 -9999.0 -9999.0 -9999.0 0.069058 0.070688 0.072375 0.074577 0.080028 0.088987 0.102834 0.122144 0.141237 0.151966 0.144980 0.140274 0.135950 0.134820 0.131513 0.128791 0.126150 0.123441 0.120117 0.117789 0.117428 0.118375 0.117859 0.114182 0.110230 0.103644 0.098813 0.093160 0.088409 0.085390 0.084225 0.083599 0.083649 0.083225 0.084066 0.084579 0.085969 0.087565 0.090379 0.094238 0.096093 0.098449 0.100186 0.104368 0.111334 0.127417 0.154426 0.187481 0.210978 0.212498 0.191511 0.179646 0.176839 0.195832 0.235093 0.299115 0.359569 0.368829 0.369910 0.369991 0.369999 0.370000 0.370000 0.370000 -9999.0 -9999.0 -9999.0 -9999.0 -9999.0 -9999.0 -9999.0 -9999.0 -9999.0 -9999.0 -9999.0 -9999.0
-9999.0 -9999.0 -9999.0 -9999.0 -9999.0 -9999.0 0.068699 0.069339 0.070216 0.072053 0.074946 0.078897 0.083904 0.085924 0.087384 0.089773 0.089123 0.087297 0.085717 0.087345 0.088252 0.087780 0.085107 0.084960 0.085248 0.086200 0.086122 0.085563 0.083361 0.083985 0.083824 0.082002 0.080206 0.079324 0.078665 0.079265 0.079329 0.078619 0.078782 0.080362 0.081705 0.082722 0.084644 0.087968 0.091879 0.093826 0.093903 0.094788 0.102159 0.119918 0.147211 0.176158 0.195895 0.200144 0.178936 0.153597 0.141914 0.143914 0.160549 0.193997 0.256809 0.300688 0.327566 0.343951 0.357363 0.369077 -9999.0 -9999.0 -9999.0 -9999.0 -9999.0 -9999.0 -9999.0 -9999.0 -9999.0 -9999.0 -9999.0 -9999.0 -9999.0 -9999.0
-9999.0 -9999.0 -9999.0 -9999.0 -9999.0 -9999.0 -9999.0 -9999.0 -9999.0 -9999.0 -9999.0 -9999.0 -9999.0 -9999.0 -9999.0 -9999.0 -9999.0 -9999.0 -9999.0 -9999.0 -9999.0 -9999.0 -9999.0 -9999.0 -9999.0 -9999.0 -9999.0 -9999.0 -9999.0 -9999.0 -9999.0 -9999.0 -9999.0 -9999.0 -9999.0 -9999.0 -9999.0 -9999.0 -9999.0 -9999.0 -9999.0 -9999.0 -9999.0 -9999.0 -9999.0 -9999.0 -9999.0 -9999.0 -9999.0 -9999.0 -9999.0 -9999.0 -9999.0 -9999.0 -9999.0 -9999.0 -9999.0 -9999.0 -9999.0 -9999.0 -9999.0 -9999.0 -9999.0 -9999.0 -9999.0 -9999.0 -9999.0 -9999.0 -9999.0 -9999.0 -9999.0 -9999.0 -9999.0 -9999.0 -9999.0 -9999.0 -9999.0 -9999.0 -9999.0 -9999.0
-9999.0 -9999.0 -9999.0 -9999.0 -9999.0 -9999.0 -9999.0 -9999.0 -9999.0 -9999.0 -9999.0 -9999.0 -9999.0 -9999.0 -9999.0 -9999.0 -9999.0 -9999.0 -9999.0 -9999.0 -9999.0 -9999.0 -9999.0 -9999.0 -9999.0 -9999.0 -9999.0 -9999.0 -9999.0 -9999.0 -9999.0 -9999.0 -9999.0 -9999.0 -9999.0 -9999.0 -9999.0 -9999.0 -9999.0 -9999.0 -9999.0 -9999.0 -9999.0 -9999.0 -9999.0 -9999.0 -9999.0 -9999.0 -9999.0 -9999.0 -9999.0 -9999.0 -9999.0 -9999.0 -9999.0 -9999.0 -9999.0 -9999.0 -9999.0 -9999.0 -9999.0 -9999.0 -9999.0 -9999.0 -9999.0 -9999.0 -9999.0 -9999.0 -9999.0 -9999.0 -9999.0 -9999.0 -9999.0 -9999.0 -9999.0 -9999.0 -9999.0 -9999.0 -9999.0 -9999.0