Borden_/Borden1m_014/output_maps/thetaliqL0001N0030.asc
ncols         80
nrows         18
xllcorner     620200.000000
yllcorner     5168000.000000
cellsize      1.000000
NODATA_value  -9999.0
-9999.0 -9999.0 -9999.0 -9999.0 -9999.0 -9999.0 -9999.0 -9999.0 -9999.0 -9999.0 -9999.0 -9999.0 -9999.0 -9999.0 -9999.0 -9999.0 -9999.0 -9999.0 -9999.0 -9999.0 -9999.0 -9999.0 -9999.0 -9999.0 -9999.0 -9999.0 -9999.0 -9999.0 -9999.0 -9999.0 -9999.0 -9999.0 -9999.0 -9999.0 -9999.0 -9999.0 -9999.0 -9999.0 -9999.0 -9999.0 -9999.0 -9999.0 -9999.0 -9999.0 -9999.0 -9999.0 -9999.0 -9999.0 -9999.0 -9999.0 -9999.0 -9999.0 -9999.0 -9999.0 -9999.0 -9999.0 -9999.0 -9999.0 -9999.0 -9999.0 -9999.0 -9999.0 -9999.0 -9999.0 -9999.0 -9999.0 -9999.0 -9999.0 -9999.0 -9999.0 -9999.0 -9999.0 -9999.0 -9999.0 -9999.0 -9999.0 -9999.0 -9999.0 -9999.0 -9999.0
-9999.0 -9999.0 -9999.0 -9999.0 -9999.0 -9999.0 -9999.0 -9999.0 -9999.0 -9999.0 -9999.0 -9999.0 -9999.0 -9999.0 -9999.0 -9999.0 -9999.0 -9999.0 -9999.0 -9999.0 -9999.0 -9999.0 -9999.0 -9999.0 -9999.0 -9999.0 -9999.0 -9999.0 -9999.0 -9999.0 -9999.0 -9999.0 -9999.0 -9999.0 -9999.0 -9999.0 -9999.0 -9999.0 -9999.0 -9999.0 -9999.0 -9999.0 -9999.0 -9999.0 -9999.0 -9999.0 -9999.0 -9999.0 -9999.0 -9999.0 -9999.0 -9999.0 -9999.0 -9999.0 -9999.0 -9999.0 -9999.0 -9999.0 -9999.0 -9999.0 -9999.0 -9999.0 -9999.0 -9999.0 -9999.0 -9999.0 -9999.0 -9999.0 -9999.0 -9999.0 -9999.0 -9999.0 -9999.0 -9999.0 -9999.0 -9999.0 -9999.0 -9999.0 -9999.0 -9999.0
-9999.0 -9999.0 -9999.0 -9999.0 -9999.0 -9999.0 -9999.0 -9999.0 -9999.0 -9999.0 -9999.0 -9999.0 -9999.0 -9999.0 -9999.0 -9999.0 -9999.0 -9999.0 -9999.0 -9999.0 0.184133 0.184732 0.183432 0.181980 0.180775 0.180627 0.181981 0.183571 0.185431 0.185828 0.184325 0.184675 0.184084 0.183776 0.183764 0.184169 0.184352 0.184963 0.185357 0.185190 0.184735 0.184406 0.184092 0.184199 0.184708 0.184034 0.185053 0.186080 0.186459 0.186433 0.185014 0.184421 0.184210 0.183066 0.185150 0.185788 0.187396 0.187561 0.187855 0.186041 0.184296 -9999.0 -9999.0 -9999.0 -9999.0 -9999.0 -9999.0 -9999.0 -9999.0 -9999.0 -9999.0 -9999.0 -9999.0 -9999.0 -9999.0 -9999.0 -9999.0 -9999.0 -9999.0 -9999.0
-9999.0 -9999.0 -9999.0 -9999.0 -9999.0 -9999.0 -9999.0 -9999.0 -9999.0 -9999.0 -9999.0 -9999.0 -9999.0 -9999.0 0.181756 0.181074 0.180760 0.180570 0.181781 0.182742 0.182789 0.182075 0.182649 0.181276 0.180088 0.180817 0.181859 0.182736 0.184209 0.185372 0.184305 0.184044 0.184632 0.186728 0.187702 0.187271 0.184846 0.187103 0.188310 0.189118 0.189019 0.187896 0.189508 0.191404 0.190444 0.188459 0.188830 0.189923 0.191798 0.190761 0.184696 0.184039 0.184332 0.184432 0.183654 0.183087 0.185188 0.184904 0.184547 0.184152 0.182921 0.180981 0.180136 0.182124 0.183968 0.187873 -9999.0 -9999.0 -9999.0 -9999.0 -9999.0 -9999.0 -9999.0 -9999.0 -9999.0 -9999.0 -9999.0 -9999.0 -9999.0 -9999.0
-9999.0 -9999.0 -9999.0 -9999.0 -9999.0 -9999.0 -9999.0 -9999.0 -9999.0 0.180650 0.180454 0.180637 0.180193 0.180775 0.179806 0.180030 0.179872 0.180683 0.181362 0.182546 0.184151 0.182972 0.182825 0.183698 0.183867 0.184228 0.184965 0.187732 0.191086 0.196543 0.191975 0.191791 0.194287 0.204141 0.214200 0.217744 0.211984 0.211896 0.218859 0.228181 0.228640 0.227823 0.238926 0.246419 0.251977 0.240381 0.229584 0.227936 0.241158 0.219409 0.204055 0.193286 0.193850 0.190369 0.186733 0.185397 0.184914 0.187404 0.186427 0.184154 0.182354 0.182905 0.181922 0.182871 0.183567 0.186510 0.189266 0.192037 0.192181 0.190405 -9999.0 -9999.0 -9999.0 -9999.0 -9999.0 -9999.0 -9999.0 -9999.0 -9999.0 -9999.0
-9999.0 -9999.0 -9999.0 -9999.0 -9999.0 -9999.0 0.179492 0.179403 0.179764 0.178598 0.179409 0.178838 0.179450 0.179722 0.180116 0.180147 0.181211 0.182154 0.183800 0.186064 0.188239 0.187142 0.187724 0.190987 0.197830 0.204736 0.209341 0.218369 0.257296 0.300406 0.316740 0.323926 0.331579 0.344201 0.359525 0.365194 0.358876 0.354342 0.358198 0.364932 0.369483 0.369495 0.369577 0.369662 0.369871 0.369847 0.365588 0.361635 0.359881 0.358041 0.346827 0.328518 0.288267 0.244842 0.213712 0.201033 0.198875 0.200656 0.195891 0.190026 0.186706 0.186662 0.186025 0.184853 0.185364 0.186559 0.188464 0.189671 0.188741 0.187488 0.186543 0.184606 0.184903 0.186788 -9999.0 -9999.0 -9999.0 -9999.0 -9999.0 -9999.0
-9999.0 -9999.0 -9999.0 -9999.0 0.177698 0.178227 0.176651 0.177527 0.178217 0.178738 0.178751 0.179721 0.179997 0.180699 0.182239 0.183517 0.185797 0.187572 0.192720 0.204614 0.217999 0.227607 0.234630 0.287270 0.332795 0.348103 0.352364 0.358254 0.365538 0.369905 0.369971 0.369981 0.369946 0.369999 0.370000 0.370000 0.370000 0.370000 0.370000 0.370000 0.370000 0.370000 0.370000 0.370000 0.370000 0.370000 0.370000 0.370000 0.370000 0.370000 0.369980 0.369951 0.367919 0.364816 0.361360 0.352977 0.333438 0.319940 0.265284 0.229815 0.208489 0.202059 0.196350 0.193540 0.190023 0.190581 0.191483 0.189731 0.187534 0.185507 0.185245 0.184381 0.183445 0.185833 0.186708 0.189427 -9999.0 -9999.0 -9999.0 -9999.0
-9999.0 -9999.0 0.177616 0.177673 0.179118 0.178225 0.177726 0.176970 0.177276 0.178673 0.181459 0.182741 0.184774 0.185871 0.190809 0.204780 0.225510 0.248416 0.306235 0.338614 0.354687 0.362868 0.369181 0.369772 0.369966 0.369998 0.369993 0.370000 0.370000 0.370000 0.370000 0.370000 0.370000 0.370000 0.370000 0.370000 0.370000 0.370000 0.370000 0.370000 0.370000 0.370000 0.370000 0.370000 0.370000 0.370000 0.370000 0.370000 0.370000 0.370000 0.370000 0.370000 0.370000 0.370000 0.369998 0.369999 0.369942 0.368195 0.366215 0.361301 0.343249 0.326263 0.283404 0.237219 0.214730 0.205965 0.198039 0.193463 0.189512 0.186070 0.185038 0.184421 0.184865 0.184542 0.185821 0.186814 0.188295 0.188868 -9999.0 -9999.0
-9999.0 0.177241 0.176763 0.179355 0.179801 0.180370 0.181224 0.181959 0.182693 0.181609 0.189619 0.208139 0.232265 0.244760 0.296151 0.347436 0.369312 0.369761 0.369759 0.369988 0.370000 0.370000 0.370000 0.370000 0.370000 0.370000 0.370000 0.370000 0.370000 0.370000 0.370000 0.370000 0.370000 0.370000 0.370000 0.370000 0.370000 0.370000 0.370000 0.370000 0.370000 0.370000 0.370000 0.370000 0.369999 0.370000 0.370000 0.370000 0.370000 0.370000 0.370000 0.370000 0.370000 0.370000 0.370000 0.370000 0.370000 0.370000 0.370000 0.369999 0.369664 0.367756 0.362736 0.348900 0.328760 0.278684 0.229601 0.210345 0.198287 0.194133 0.191641 0.186823 0.185588 0.186546 0.185921 0.185848 0.186428 0.186884 -9999.0 -9999.0
-9999.0 0.174991 0.177299 0.180104 0.183789 0.184477 0.198826 0.214801 0.221699 0.212556 0.269968 0.369439 0.369942 0.369943 0.369997 0.370000 0.370000 0.370000 0.370000 0.370000 0.370000 0.370000 0.370000 0.370000 0.370000 0.370000 0.370000 0.370000 0.370000 0.370000 0.370000 0.370000 0.370000 0.369997 0.369978 0.369953 0.369801 0.368722 0.366392 0.363331 0.361385 0.364227 0.362790 0.359693 0.358989 0.363042 0.366621 0.366136 0.366542 0.368022 0.369455 0.369989 0.369997 0.370000 0.370000 0.370000 0.370000 0.370000 0.370000 0.370000 0.370000 0.370000 0.369998 0.369469 0.366135 0.353164 0.336665 0.318850 0.262130 0.230294 0.212826 0.200501 0.192624 0.190875 0.187386 0.186789 -9999.0 -9999.0 -9999.0 -9999.0
-9999.0 0.175042 0.177357 0.182846 0.197933 0.227480 0.331818 0.365590 0.369992 0.369888 0.370000 0.370000 0.370000 0.370000 0.370000 0.370000 0.370000 0.370000 0.370000 0.370000 0.370000 0.370000 0.370000 0.370000 0.370000 0.370000 0.370000 0.369999 0.369850 0.369450 0.368738 0.368061 0.365765 0.350990 0.340651 0.332083 0.293860 0.280143 0.266223 0.243122 0.233830 0.228496 0.235732 0.233823 0.233159 0.237983 0.251837 0.265106 0.305399 0.328290 0.341381 0.355666 0.362126 0.366930 0.369234 0.369992 0.369999 0.370000 0.370000 0.370000 0.370000 0.370000 0.370000 0.370000 0.369999 0.369388 0.367426 0.359524 0.345806 0.331820 0.318735 0.276823 0.226587 0.202333 0.196819 -9999.0 -9999.0 -9999.0 -9999.0 -9999.0
-9999.0 0.172187 0.177728 0.182290 0.210875 0.338248 0.362632 0.370000 0.370000 0.370000 0.369864 0.369999 0.370000 0.370000 0.370000 0.369999 0.369999 0.369998 0.370000 0.369993 0.369702 0.369440 0.369412 0.369134 0.368387 0.367381 0.366304 0.364124 0.354485 0.342673 0.319793 0.297713 0.239109 0.213843 0.203803 0.196059 0.189495 0.189598 0.191555 0.189758 0.187905 0.186014 0.188278 0.189337 0.190371 0.189116 0.189503 0.192828 0.198817 0.206035 0.218895 0.242874 0.282588 0.326280 0.338025 0.353632 0.362641 0.367430 0.369713 0.370000 0.370000 0.370000 0.370000 0.370000 0.370000 0.370000 0.369999 0.369505 0.364013 0.357564 0.353450 0.346325 0.331117 -9999.0 -9999.0 -9999.0 -9999.0 -9999.0 -9999.0 -9999.0
-9999.0 0.170352 0.176365 0.177654 0.185928 0.207567 0.266387 0.340168 0.369161 0.354478 0.350250 0.356279 0.361680 0.364539 0.361385 0.355057 0.349367 0.350462 0.350944 0.344704 0.335717 0.331508 0.331199 0.327060 0.305972 0.287922 0.276089 0.255731 0.233066 0.214750 0.197294 0.190231 0.185670 0.184098 0.182987 0.181845 0.179731 0.180842 0.181732 0.181484 0.180798 0.180282 0.181827 0.182373 0.182874 0.181437 0.182433 0.183372 0.185517 0.187807 0.191255 0.196736 0.204584 0.211211 0.216739 0.228751 0.255776 0.315295 0.346161 0.365543 0.369343 0.369988 0.370000 0.370000 0.370000 0.370000 0.370000 0.370000 0.366716 0.363599 0.363144 -9999.0 -9999.0 -9999.0 -9999.0 -9999.0 -9999.0 -9999.0 -9999.0 -9999.0
-9999.0 -9999.0 0.169318 0.171851 0.174293 0.176718 0.180195 0.185008 0.188880 0.194354 0.203648 0.216226 0.226272 0.231698 0.224538 0.212433 0.206409 0.206819 0.205317 0.202367 0.197510 0.195786 0.194680 0.193797 0.191914 0.191122 0.190788 0.190104 0.188639 0.185563 0.182957 0.181250 0.179432 0.179476 0.179173 0.178540 0.178991 0.178881 0.179051 0.178953 0.179070 0.179337 0.179688 0.180157 0.180181 0.180300 0.180483 0.181026 0.181874 0.183007 0.185266 0.188742 0.191583 0.192324 0.190877 0.191402 0.193614 0.199283 0.221508 0.285259 0.337038 0.357184 0.366956 0.369122 0.369561 0.369982 0.370000 0.369354 0.354623 0.357630 -9999.0 -9999.0 -9999.0 -9999.0 -9999.0 -9999.0 -9999.0 -9999.0 -9999.0 -9999.0
-9999.0 -9999.0 -9999.0 -9999.0 0.168559 0.171879 0.174951 0.174691 0.176942 0.178293 0.179639 0.181336 0.182747 0.183726 0.182435 0.182035 0.181745 0.181951 0.181702 0.181333 0.181124 0.180917 0.180750 0.180466 0.180546 0.180781 0.180845 0.180374 0.180367 0.179419 0.179236 0.178699 0.178179 0.177605 0.177706 0.177620 0.177861 0.177605 0.178011 0.177755 0.178054 0.178193 0.178573 0.179186 0.178944 0.179301 0.179328 0.179817 0.180025 0.181350 0.183575 0.186274 0.188198 0.188128 0.185715 0.184753 0.184239 0.185784 0.188597 0.195126 0.215547 0.250133 0.316592 0.337105 0.346992 0.358692 0.365036 0.365970 -9999.0 -9999.0 -9999.0 -9999.0 -9999.0 -9999.0 -9999.0 -9999.0 -9999.0 -9999.0 -9999.0 -9999.0
-9999.0 -9999.0 -9999.0 -9999.0 -9999.0 -9999.0 0.169814 0.171398 0.171034 0.172123 0.173080 0.173892 0.175232 0.174992 0.175307 0.176377 0.176190 0.175679 0.175046 0.175995 0.176369 0.176477 0.175422 0.175705 0.175793 0.176211 0.176168 0.176341 0.175409 0.176444 0.176928 0.176707 0.176494 0.176681 0.176436 0.177120 0.177200 0.176653 0.176508 0.177290 0.177508 0.177396 0.177561 0.178114 0.178928 0.179045 0.178678 0.178178 0.179051 0.181054 0.183401 0.185582 0.187071 0.187580 0.185558 0.182956 0.181706 0.181570 0.182665 0.184825 0.190284 0.194550 0.198527 0.204013 0.210935 0.256171 -9999.0 -9999.0 -9999.0 -9999.0 -9999.0 -9999.0 -9999.0 -9999.0 -9999.0 -9999.0 -9999.0 -9999.0 -9999.0 -9999.0
-9999.0 -9999.0 -9999.0 -9999.0 -9999.0 -9999.0 -9999.0 -9999.0 -9999.0 -9999.0 -9999.0 -9999.0 -9999.0 -9999.0 -9999.0 -9999.0 -9999.0 -9999.0 -9999.0 -9999.0 -9999.0 -9999.0 -9999.0 -9999.0 -9999.0 -9999.0 -9999.0 -9999.0 -9999.0 -9999.0 -9999.0 -9999.0 -9999.0 -9999.0 -9999.0 -9999.0 -9999.0 -9999.0 -9999.0 -9999.0 -9999.0 -9999.0 -9999.0 -9999.0 -9999.0 -9999.0 -9999.0 -9999.0 -9999.0 -9999.0 -9999.0 -9999.0 -9999.0 -9999.0 -9999.0 -9999.0 -9999.0 -9999.0 -9999.0 -9999.0 -9999.0 -9999.0 -9999.0 -9999.0 -9999.0 -9999.0 -9999.0 -9999.0 -9999.0 -9999.0 -9999.0 -9999.0 -9999.0 -9999.0 -9999.0 -9999.0 -9999.0 -9999.0 -9999.0 -9999.0
-9999.0 -9999.0 -9999.0 -9999.0 -9999.0 -9999.0 -9999.0 -9999.0 -9999.0 -9999.0 -9999.0 -9999.0 -9999.0 -9999.0 -9999.0 -9999.0 -9999.0 -9999.0 -9999.0 -9999.0 -9999.0 -9999.0 -9999.0 -9999.0 -9999.0 -9999.0 -9999.0 -9999.0 -9999.0 -9999.0 -9999.0 -9999.0 -9999.0 -9999.0 -9999.0 -9999.0 -9999.0 -9999.0 -9999.0 -9999.0 -9999.0 -9999.0 -9999.0 -9999.0 -9999.0 -9999.0 -9999.0 -9999.0 -9999.0 -9999.0 -9999.0 -9999.0 -9999.0 -9999.0 -9999.0 -9999.0 -9999.0 -9999.0 -9999.0 -9999.0 -9999.0 -9999.0 -9999.0 -9999.0 -9999.0 -9999.0 -9999.0 -9999.0 -9999.0 -9999.0 -9999.0 -9999.0 -9999.0 -9999.0 -9999.0 -9999.0 -9999.0 -9999.0 -9999.0 -9999.0