Borden_/Borden1m_014/output_maps/thetaliqL0003N0040.asc
ncols         80
nrows         18
xllcorner     620200.000000
yllcorner     5168000.000000
cellsize      1.000000
NODATA_value  -9999.0
-9999.0 -9999.0 -9999.0 -9999.0 -9999.0 -9999.0 -9999.0 -9999.0 -9999.0 -9999.0 -9999.0 -9999.0 -9999.0 -9999.0 -9999.0 -9999.0 -9999.0 -9999.0 -9999.0 -9999.0 -9999.0 -9999.0 -9999.0 -9999.0 -9999.0 -9999.0 -9999.0 -9999.0 -9999.0 -9999.0 -9999.0 -9999.0 -9999.0 -9999.0 -9999.0 -9999.0 -9999.0 -9999.0 -9999.0 -9999.0 -9999.0 -9999.0 -9999.0 -9999.0 -9999.0 -9999.0 -9999.0 -9999.0 -9999.0 -9999.0 -9999.0 -9999.0 -9999.0 -9999.0 -9999.0 -9999.0 -9999.0 -9999.0 -9999.0 -9999.0 -9999.0 -9999.0 -9999.0 -9999.0 -9999.0 -9999.0 -9999.0 -9999.0 -9999.0 -9999.0 -9999.0 -9999.0 -9999.0 -9999.0 -9999.0 -9999.0 -9999.0 -9999.0 -9999.0 -9999.0
-9999.0 -9999.0 -9999.0 -9999.0 -9999.0 -9999.0 -9999.0 -9999.0 -9999.0 -9999.0 -9999.0 -9999.0 -9999.0 -9999.0 -9999.0 -9999.0 -9999.0 -9999.0 -9999.0 -9999.0 -9999.0 -9999.0 -9999.0 -9999.0 -9999.0 -9999.0 -9999.0 -9999.0 -9999.0 -9999.0 -9999.0 -9999.0 -9999.0 -9999.0 -9999.0 -9999.0 -9999.0 -9999.0 -9999.0 -9999.0 -9999.0 -9999.0 -9999.0 -9999.0 -9999.0 -9999.0 -9999.0 -9999.0 -9999.0 -9999.0 -9999.0 -9999.0 -9999.0 -9999.0 -9999.0 -9999.0 -9999.0 -9999.0 -9999.0 -9999.0 -9999.0 -9999.0 -9999.0 -9999.0 -9999.0 -9999.0 -9999.0 -9999.0 -9999.0 -9999.0 -9999.0 -9999.0 -9999.0 -9999.0 -9999.0 -9999.0 -9999.0 -9999.0 -9999.0 -9999.0
-9999.0 -9999.0 -9999.0 -9999.0 -9999.0 -9999.0 -9999.0 -9999.0 -9999.0 -9999.0 -9999.0 -9999.0 -9999.0 -9999.0 -9999.0 -9999.0 -9999.0 -9999.0 -9999.0 -9999.0 0.182745 0.183467 0.181643 0.179535 0.177832 0.177675 0.179615 0.181985 0.184724 0.185356 0.183306 0.183727 0.182959 0.182589 0.182613 0.183180 0.183442 0.184344 0.184951 0.184748 0.184103 0.183617 0.183242 0.183425 0.184102 0.183157 0.184587 0.186079 0.186656 0.186526 0.184376 0.183433 0.183064 0.181529 0.184332 0.185299 0.187602 0.187898 0.188211 0.185608 0.183091 -9999.0 -9999.0 -9999.0 -9999.0 -9999.0 -9999.0 -9999.0 -9999.0 -9999.0 -9999.0 -9999.0 -9999.0 -9999.0 -9999.0 -9999.0 -9999.0 -9999.0 -9999.0 -9999.0
-9999.0 -9999.0 -9999.0 -9999.0 -9999.0 -9999.0 -9999.0 -9999.0 -9999.0 -9999.0 -9999.0 -9999.0 -9999.0 -9999.0 0.178906 0.178025 0.177631 0.177480 0.179220 0.180685 0.180907 0.179977 0.180629 0.178741 0.177124 0.178111 0.179665 0.181110 0.183358 0.185062 0.183587 0.183228 0.184084 0.187026 0.188466 0.187908 0.184662 0.187744 0.189526 0.190703 0.190555 0.189043 0.191281 0.193922 0.192650 0.189880 0.190385 0.191968 0.194567 0.192895 0.184410 0.183269 0.183564 0.183580 0.182474 0.181735 0.184596 0.184306 0.183760 0.183004 0.181100 0.178303 0.177132 0.179886 0.182648 0.188187 -9999.0 -9999.0 -9999.0 -9999.0 -9999.0 -9999.0 -9999.0 -9999.0 -9999.0 -9999.0 -9999.0 -9999.0 -9999.0 -9999.0
-9999.0 -9999.0 -9999.0 -9999.0 -9999.0 -9999.0 -9999.0 -9999.0 -9999.0 0.177147 0.176954 0.177217 0.176714 0.177511 0.176362 0.176677 0.176544 0.177731 0.178845 0.180650 0.182913 0.181395 0.181215 0.182371 0.182630 0.183244 0.184473 0.188508 0.193526 0.201213 0.195071 0.194810 0.198373 0.211690 0.225992 0.231058 0.222794 0.222925 0.233580 0.248071 0.249820 0.248967 0.265918 0.276273 0.282563 0.267634 0.250861 0.248185 0.265966 0.234337 0.211385 0.196911 0.197437 0.192445 0.187213 0.185218 0.184636 0.187977 0.186550 0.183240 0.180597 0.181094 0.179746 0.181090 0.182255 0.186504 0.190551 0.194500 0.194693 0.192210 -9999.0 -9999.0 -9999.0 -9999.0 -9999.0 -9999.0 -9999.0 -9999.0 -9999.0 -9999.0
-9999.0 -9999.0 -9999.0 -9999.0 -9999.0 -9999.0 0.175320 0.175267 0.175799 0.174454 0.175561 0.174932 0.175783 0.176240 0.176876 0.177052 0.178585 0.180062 0.182552 0.185940 0.189137 0.187773 0.188670 0.193386 0.202711 0.212017 0.218799 0.233095 0.286258 0.323632 0.334733 0.338837 0.343021 0.354318 0.364669 0.366379 0.364489 0.362566 0.365078 0.368280 0.369834 0.369848 0.369881 0.369911 0.369975 0.369967 0.368569 0.366915 0.365967 0.364794 0.356829 0.340585 0.312825 0.271619 0.225449 0.207040 0.204559 0.207352 0.200422 0.191954 0.187086 0.186828 0.185823 0.184251 0.184982 0.186791 0.189542 0.191241 0.189894 0.187994 0.186429 0.183690 0.184071 0.186707 -9999.0 -9999.0 -9999.0 -9999.0 -9999.0 -9999.0
-9999.0 -9999.0 -9999.0 -9999.0 0.172994 0.173668 0.171745 0.172888 0.173851 0.174645 0.174848 0.176238 0.176781 0.177882 0.180135 0.182119 0.185513 0.188348 0.195888 0.212331 0.231914 0.247089 0.259803 0.313500 0.344964 0.357702 0.361149 0.364950 0.368417 0.369983 0.369997 0.369998 0.369995 0.370000 0.370000 0.370000 0.370000 0.370000 0.370000 0.370000 0.370000 0.370000 0.370000 0.370000 0.370000 0.370000 0.370000 0.370000 0.370000 0.370000 0.369999 0.369993 0.369357 0.368156 0.366563 0.361303 0.344815 0.333772 0.293701 0.250591 0.218081 0.209185 0.201180 0.196965 0.192058 0.192773 0.193937 0.191449 0.188215 0.185238 0.184665 0.183360 0.182130 0.185401 0.186770 0.190570 -9999.0 -9999.0 -9999.0 -9999.0
-9999.0 -9999.0 0.172692 0.172908 0.174854 0.173837 0.173218 0.172342 0.172849 0.174824 0.178735 0.180845 0.183898 0.185778 0.192977 0.212217 0.244038 0.278341 0.326332 0.350546 0.362804 0.367177 0.369533 0.369944 0.369980 0.370000 0.370000 0.370000 0.370000 0.370000 0.370000 0.370000 0.370000 0.370000 0.370000 0.370000 0.370000 0.370000 0.370000 0.370000 0.370000 0.370000 0.370000 0.370000 0.370000 0.370000 0.370000 0.370000 0.370000 0.370000 0.370000 0.370000 0.370000 0.370000 0.370000 0.370000 0.369985 0.369394 0.368658 0.366380 0.353780 0.337952 0.307779 0.261956 0.228110 0.215113 0.203666 0.196997 0.191207 0.186235 0.184606 0.183583 0.184072 0.183737 0.185520 0.186993 0.189032 0.189877 -9999.0 -9999.0
-9999.0 0.171951 0.171544 0.175038 0.176030 0.177014 0.178277 0.179377 0.180546 0.179548 0.190921 0.216827 0.253615 0.273552 0.319972 0.358014 0.369780 0.369945 0.369958 0.369999 0.370000 0.370000 0.370000 0.370000 0.370000 0.370000 0.370000 0.370000 0.370000 0.370000 0.370000 0.370000 0.370000 0.370000 0.370000 0.370000 0.370000 0.370000 0.370000 0.370000 0.370000 0.370000 0.370000 0.370000 0.370000 0.370000 0.370000 0.370000 0.370000 0.370000 0.370000 0.370000 0.370000 0.370000 0.370000 0.370000 0.370000 0.370000 0.370000 0.370000 0.369929 0.369228 0.366837 0.358098 0.340635 0.303224 0.251186 0.221770 0.204149 0.197916 0.194118 0.187332 0.185461 0.186624 0.185753 0.185638 0.186449 0.187114 -9999.0 -9999.0
-9999.0 0.169020 0.172035 0.176112 0.181794 0.183536 0.202775 0.224987 0.236316 0.223733 0.299221 0.369811 0.369956 0.369991 0.370000 0.370000 0.370000 0.370000 0.370000 0.370000 0.370000 0.370000 0.370000 0.370000 0.370000 0.370000 0.370000 0.370000 0.370000 0.370000 0.370000 0.370000 0.370000 0.370000 0.369991 0.369978 0.369834 0.369556 0.368719 0.367531 0.366764 0.368055 0.367421 0.365953 0.365587 0.367471 0.368915 0.368673 0.368774 0.369351 0.369871 0.369999 0.370000 0.370000 0.370000 0.370000 0.370000 0.370000 0.370000 0.370000 0.370000 0.370000 0.370000 0.369869 0.368406 0.360395 0.346561 0.328826 0.286719 0.250074 0.224580 0.206991 0.195796 0.193034 0.188094 0.186956 -9999.0 -9999.0 -9999.0 -9999.0
-9999.0 0.168798 0.171833 0.179531 0.201625 0.242779 0.343426 0.368167 0.369997 0.369984 0.370000 0.370000 0.370000 0.370000 0.370000 0.370000 0.370000 0.370000 0.370000 0.370000 0.370000 0.370000 0.370000 0.370000 0.370000 0.370000 0.370000 0.370000 0.369978 0.369870 0.369627 0.369401 0.368503 0.360096 0.351242 0.343407 0.317350 0.306695 0.294334 0.269577 0.256331 0.248186 0.258697 0.256433 0.255749 0.262662 0.279986 0.293995 0.324264 0.340066 0.352317 0.363072 0.366670 0.368891 0.369802 0.370000 0.370000 0.370000 0.370000 0.370000 0.370000 0.370000 0.370000 0.370000 0.370000 0.369824 0.368866 0.363496 0.352141 0.339512 0.327087 0.297440 0.244574 0.209283 0.201381 -9999.0 -9999.0 -9999.0 -9999.0 -9999.0
-9999.0 0.164871 0.171773 0.178212 0.217147 0.349253 0.366453 0.370000 0.370000 0.370000 0.369979 0.370000 0.370000 0.370000 0.370000 0.370000 0.370000 0.370000 0.370000 0.369997 0.369922 0.369847 0.369838 0.369754 0.369484 0.369106 0.368679 0.367724 0.362455 0.353358 0.332498 0.318528 0.263582 0.225439 0.210757 0.200035 0.190942 0.191015 0.193656 0.191141 0.188471 0.185897 0.189075 0.190667 0.192120 0.190434 0.191129 0.195938 0.204664 0.215141 0.234367 0.270123 0.308514 0.338456 0.349407 0.361905 0.367021 0.369124 0.369944 0.370000 0.370000 0.370000 0.370000 0.370000 0.370000 0.370000 0.370000 0.369810 0.366262 0.360747 0.357654 0.352861 0.339812 -9999.0 -9999.0 -9999.0 -9999.0 -9999.0 -9999.0 -9999.0
-9999.0 0.162694 0.169836 0.171511 0.182839 0.212831 0.288885 0.349979 0.369438 0.361683 0.359400 0.363857 0.366873 0.368131 0.366649 0.362916 0.358851 0.359464 0.359559 0.354147 0.345828 0.341582 0.341374 0.338452 0.324869 0.312274 0.302644 0.283529 0.254692 0.226637 0.202186 0.191857 0.185157 0.182713 0.180992 0.179264 0.176435 0.177848 0.179037 0.178716 0.177810 0.177183 0.179295 0.180156 0.180862 0.179037 0.180422 0.181883 0.185047 0.188526 0.193680 0.201734 0.213208 0.223148 0.231201 0.249914 0.285225 0.330161 0.356467 0.368277 0.369826 0.369998 0.370000 0.370000 0.370000 0.370000 0.370000 0.370000 0.368053 0.365433 0.365179 -9999.0 -9999.0 -9999.0 -9999.0 -9999.0 -9999.0 -9999.0 -9999.0 -9999.0
-9999.0 -9999.0 0.161284 0.164248 0.167022 0.170278 0.175209 0.181871 0.187682 0.195596 0.208810 0.227174 0.242664 0.250979 0.240358 0.222498 0.213922 0.214358 0.212176 0.208143 0.201697 0.199497 0.197972 0.196739 0.194151 0.193028 0.192501 0.191413 0.189172 0.184699 0.180909 0.178328 0.175736 0.175609 0.175123 0.174270 0.174813 0.174664 0.174901 0.174804 0.174993 0.175391 0.175937 0.176651 0.176756 0.176963 0.177278 0.178125 0.179456 0.181297 0.184749 0.189898 0.194118 0.195262 0.193267 0.193989 0.197206 0.205638 0.238540 0.308896 0.349036 0.363719 0.368830 0.369717 0.369835 0.369935 0.370000 0.369712 0.356982 0.359166 -9999.0 -9999.0 -9999.0 -9999.0 -9999.0 -9999.0 -9999.0 -9999.0 -9999.0 -9999.0
-9999.0 -9999.0 -9999.0 -9999.0 0.160170 0.164218 0.167996 0.167797 0.170815 0.172933 0.175119 0.177794 0.180093 0.181547 0.179925 0.179439 0.179016 0.179191 0.178796 0.178345 0.178081 0.177770 0.177444 0.177051 0.177160 0.177489 0.177553 0.176896 0.176748 0.175494 0.175170 0.174359 0.173592 0.172808 0.172889 0.172788 0.173079 0.172750 0.173261 0.173000 0.173418 0.173648 0.174204 0.175078 0.174879 0.175385 0.175473 0.176179 0.176653 0.178700 0.182067 0.186119 0.189012 0.188963 0.185578 0.184102 0.183386 0.185620 0.189845 0.199515 0.229321 0.279125 0.330798 0.347511 0.355457 0.363124 0.367251 0.367755 -9999.0 -9999.0 -9999.0 -9999.0 -9999.0 -9999.0 -9999.0 -9999.0 -9999.0 -9999.0 -9999.0 -9999.0
-9999.0 -9999.0 -9999.0 -9999.0 -9999.0 -9999.0 0.161800 0.163810 0.163317 0.164916 0.166417 0.167691 0.169579 0.169451 0.169978 0.171387 0.171167 0.170468 0.169622 0.170844 0.171378 0.171477 0.170089 0.170436 0.170576 0.171110 0.171056 0.171244 0.170055 0.171364 0.171971 0.171642 0.171322 0.171521 0.171209 0.172054 0.172154 0.171466 0.171285 0.172298 0.172626 0.172537 0.172807 0.173598 0.174709 0.174929 0.174502 0.173943 0.175207 0.178119 0.181661 0.185016 0.187300 0.187990 0.185053 0.181331 0.179537 0.179410 0.181106 0.184453 0.192460 0.198943 0.205074 0.212565 0.223258 0.285630 -9999.0 -9999.0 -9999.0 -9999.0 -9999.0 -9999.0 -9999.0 -9999.0 -9999.0 -9999.0 -9999.0 -9999.0 -9999.0 -9999.0
-9999.0 -9999.0 -9999.0 -9999.0 -9999.0 -9999.0 -9999.0 -9999.0 -9999.0 -9999.0 -9999.0 -9999.0 -9999.0 -9999.0 -9999.0 -9999.0 -9999.0 -9999.0 -9999.0 -9999.0 -9999.0 -9999.0 -9999.0 -9999.0 -9999.0 -9999.0 -9999.0 -9999.0 -9999.0 -9999.0 -9999.0 -9999.0 -9999.0 -9999.0 -9999.0 -9999.0 -9999.0 -9999.0 -9999.0 -9999.0 -9999.0 -9999.0 -9999.0 -9999.0 -9999.0 -9999.0 -9999.0 -9999.0 -9999.0 -9999.0 -9999.0 -9999.0 -9999.0 -9999.0 -9999.0 -9999.0 -9999.0 -9999.0 -9999.0 -9999.0 -9999.0 -9999.0 -9999.0 -9999.0 -9999.0 -9999.0 -9999.0 -9999.0 -9999.0 -9999.0 -9999.0 -9999.0 -9999.0 -9999.0 -9999.0 -9999.0 -9999.0 -9999.0 -9999.0 -9999.0
-9999.0 -9999.0 -9999.0 -9999.0 -9999.0 -9999.0 -9999.0 -9999.0 -9999.0 -9999.0 -9999.0 -9999.0 -9999.0 -9999.0 -9999.0 -9999.0 -9999.0 -9999.0 -9999.0 -9999.0 -9999.0 -9999.0 -9999.0 -9999.0 -9999.0 -9999.0 -9999.0 -9999.0 -9999.0 -9999.0 -9999.0 -9999.0 -9999.0 -9999.0 -9999.0 -9999.0 -9999.0 -9999.0 -9999.0 -9999.0 -9999.0 -9999.0 -9999.0 -9999.0 -9999.0 -9999.0 -9999.0 -9999.0 -9999.0 -9999.0 -9999.0 -9999.0 -9999.0 -9999.0 -9999.0 -9999.0 -9999.0 -9999.0 -9999.0 -9999.0 -9999.0 -9999.0 -9999.0 -9999.0 -9999.0 -9999.0 -9999.0 -9999.0 -9999.0 -9999.0 -9999.0 -9999.0 -9999.0 -9999.0 -9999.0 -9999.0 -9999.0 -9999.0 -9999.0 -9999.0