Borden_/Borden1m_014/output_maps/thetaliqL0003N0028.asc
ncols         80
nrows         18
xllcorner     620200.000000
yllcorner     5168000.000000
cellsize      1.000000
NODATA_value  -9999.0
-9999.0 -9999.0 -9999.0 -9999.0 -9999.0 -9999.0 -9999.0 -9999.0 -9999.0 -9999.0 -9999.0 -9999.0 -9999.0 -9999.0 -9999.0 -9999.0 -9999.0 -9999.0 -9999.0 -9999.0 -9999.0 -9999.0 -9999.0 -9999.0 -9999.0 -9999.0 -9999.0 -9999.0 -9999.0 -9999.0 -9999.0 -9999.0 -9999.0 -9999.0 -9999.0 -9999.0 -9999.0 -9999.0 -9999.0 -9999.0 -9999.0 -9999.0 -9999.0 -9999.0 -9999.0 -9999.0 -9999.0 -9999.0 -9999.0 -9999.0 -9999.0 -9999.0 -9999.0 -9999.0 -9999.0 -9999.0 -9999.0 -9999.0 -9999.0 -9999.0 -9999.0 -9999.0 -9999.0 -9999.0 -9999.0 -9999.0 -9999.0 -9999.0 -9999.0 -9999.0 -9999.0 -9999.0 -9999.0 -9999.0 -9999.0 -9999.0 -9999.0 -9999.0 -9999.0 -9999.0
-9999.0 -9999.0 -9999.0 -9999.0 -9999.0 -9999.0 -9999.0 -9999.0 -9999.0 -9999.0 -9999.0 -9999.0 -9999.0 -9999.0 -9999.0 -9999.0 -9999.0 -9999.0 -9999.0 -9999.0 -9999.0 -9999.0 -9999.0 -9999.0 -9999.0 -9999.0 -9999.0 -9999.0 -9999.0 -9999.0 -9999.0 -9999.0 -9999.0 -9999.0 -9999.0 -9999.0 -9999.0 -9999.0 -9999.0 -9999.0 -9999.0 -9999.0 -9999.0 -9999.0 -9999.0 -9999.0 -9999.0 -9999.0 -9999.0 -9999.0 -9999.0 -9999.0 -9999.0 -9999.0 -9999.0 -9999.0 -9999.0 -9999.0 -9999.0 -9999.0 -9999.0 -9999.0 -9999.0 -9999.0 -9999.0 -9999.0 -9999.0 -9999.0 -9999.0 -9999.0 -9999.0 -9999.0 -9999.0 -9999.0 -9999.0 -9999.0 -9999.0 -9999.0 -9999.0 -9999.0
-9999.0 -9999.0 -9999.0 -9999.0 -9999.0 -9999.0 -9999.0 -9999.0 -9999.0 -9999.0 -9999.0 -9999.0 -9999.0 -9999.0 -9999.0 -9999.0 -9999.0 -9999.0 -9999.0 -9999.0 0.200657 0.201508 0.199517 0.197237 0.195360 0.195154 0.197270 0.199793 0.202715 0.203337 0.201060 0.201580 0.200707 0.200237 0.200221 0.200854 0.201162 0.202108 0.202726 0.202473 0.201767 0.201256 0.200831 0.200999 0.201768 0.200700 0.202276 0.203871 0.204456 0.204387 0.202168 0.201230 0.200871 0.199134 0.202288 0.203289 0.205754 0.206033 0.206426 0.203649 0.200948 -9999.0 -9999.0 -9999.0 -9999.0 -9999.0 -9999.0 -9999.0 -9999.0 -9999.0 -9999.0 -9999.0 -9999.0 -9999.0 -9999.0 -9999.0 -9999.0 -9999.0 -9999.0 -9999.0
-9999.0 -9999.0 -9999.0 -9999.0 -9999.0 -9999.0 -9999.0 -9999.0 -9999.0 -9999.0 -9999.0 -9999.0 -9999.0 -9999.0 0.196739 0.195724 0.195258 0.195012 0.196911 0.198459 0.198601 0.197532 0.198347 0.196231 0.194389 0.195500 0.197167 0.198625 0.200977 0.202771 0.201160 0.200766 0.201660 0.204803 0.206265 0.205628 0.202042 0.205443 0.207282 0.208474 0.208314 0.206651 0.209010 0.211796 0.210399 0.207468 0.208074 0.209752 0.212481 0.210914 0.201826 0.200771 0.201162 0.201269 0.200066 0.199235 0.202440 0.202046 0.201483 0.200784 0.198797 0.195746 0.194428 0.197517 0.200440 0.206407 -9999.0 -9999.0 -9999.0 -9999.0 -9999.0 -9999.0 -9999.0 -9999.0 -9999.0 -9999.0 -9999.0 -9999.0 -9999.0 -9999.0
-9999.0 -9999.0 -9999.0 -9999.0 -9999.0 -9999.0 -9999.0 -9999.0 -9999.0 0.194905 0.194655 0.194943 0.194314 0.195211 0.193792 0.194144 0.193918 0.195217 0.196345 0.198242 0.200710 0.198966 0.198744 0.200009 0.200203 0.200777 0.201996 0.206245 0.211296 0.219180 0.212612 0.212313 0.215960 0.229635 0.242864 0.247184 0.239943 0.239988 0.248922 0.260140 0.260359 0.259374 0.272088 0.280152 0.285696 0.273549 0.261819 0.260033 0.274946 0.249628 0.229399 0.214464 0.215307 0.210239 0.204842 0.202828 0.202157 0.205858 0.204372 0.200864 0.198052 0.198756 0.197247 0.198750 0.199914 0.204466 0.208713 0.212868 0.213068 0.210436 -9999.0 -9999.0 -9999.0 -9999.0 -9999.0 -9999.0 -9999.0 -9999.0 -9999.0 -9999.0
-9999.0 -9999.0 -9999.0 -9999.0 -9999.0 -9999.0 0.192987 0.192894 0.193481 0.191779 0.193052 0.192230 0.193177 0.193630 0.194296 0.194386 0.196030 0.197555 0.200151 0.203673 0.206996 0.205370 0.206252 0.211048 0.220742 0.230190 0.236456 0.248261 0.291269 0.328217 0.340378 0.345539 0.350947 0.358136 0.365935 0.369066 0.365580 0.363265 0.365104 0.368170 0.369869 0.369878 0.369902 0.369928 0.369980 0.369973 0.368438 0.366698 0.365938 0.365095 0.359513 0.349053 0.318739 0.278734 0.242143 0.225201 0.222449 0.225128 0.218405 0.209767 0.204756 0.204629 0.203630 0.201917 0.202745 0.204643 0.207555 0.209379 0.207965 0.206008 0.204472 0.201508 0.201951 0.204814 -9999.0 -9999.0 -9999.0 -9999.0 -9999.0 -9999.0
-9999.0 -9999.0 -9999.0 -9999.0 0.190256 0.191059 0.188698 0.190056 0.191144 0.192000 0.192087 0.193591 0.194079 0.195215 0.197604 0.199570 0.203075 0.205873 0.213569 0.230254 0.247793 0.259423 0.267311 0.317625 0.351625 0.360215 0.362336 0.365178 0.368472 0.369986 0.369998 0.369999 0.369996 0.370000 0.370000 0.370000 0.370000 0.370000 0.370000 0.370000 0.370000 0.370000 0.370000 0.370000 0.370000 0.370000 0.370000 0.370000 0.370000 0.370000 0.369999 0.369995 0.369403 0.368165 0.366621 0.362632 0.352116 0.343454 0.298881 0.262161 0.235564 0.226987 0.219060 0.214986 0.209902 0.210772 0.212115 0.209517 0.206143 0.203014 0.202525 0.201162 0.199754 0.203379 0.204774 0.208855 -9999.0 -9999.0 -9999.0 -9999.0
-9999.0 -9999.0 0.190020 0.190157 0.192402 0.191102 0.190304 0.189192 0.189713 0.191915 0.196179 0.198220 0.201333 0.203155 0.210594 0.230186 0.256337 0.281991 0.332842 0.354984 0.363478 0.367295 0.369779 0.369958 0.369984 0.370000 0.370000 0.370000 0.370000 0.370000 0.370000 0.370000 0.370000 0.370000 0.370000 0.370000 0.370000 0.370000 0.370000 0.370000 0.370000 0.370000 0.370000 0.370000 0.370000 0.370000 0.370000 0.370000 0.370000 0.370000 0.370000 0.370000 0.370000 0.370000 0.370000 0.370000 0.369994 0.369515 0.368762 0.366634 0.357704 0.347899 0.314950 0.270869 0.244039 0.232669 0.221743 0.215098 0.209174 0.203933 0.202293 0.201293 0.201915 0.201471 0.203426 0.204970 0.207191 0.208071 -9999.0 -9999.0
-9999.0 0.189242 0.188618 0.192608 0.193483 0.194417 0.195592 0.196613 0.197821 0.196511 0.208596 0.233934 0.263957 0.277966 0.324603 0.359569 0.369805 0.369953 0.369962 0.369999 0.370000 0.370000 0.370000 0.370000 0.370000 0.370000 0.370000 0.370000 0.370000 0.370000 0.370000 0.370000 0.370000 0.370000 0.370000 0.370000 0.370000 0.370000 0.370000 0.370000 0.370000 0.370000 0.370000 0.370000 0.370000 0.370000 0.370000 0.370000 0.370000 0.370000 0.370000 0.370000 0.370000 0.370000 0.370000 0.370000 0.370000 0.370000 0.370000 0.370000 0.369945 0.369379 0.367370 0.360753 0.349492 0.311172 0.262394 0.238503 0.222036 0.215961 0.212216 0.205038 0.203154 0.204548 0.203622 0.203508 0.204385 0.205087 -9999.0 -9999.0
-9999.0 0.185640 0.189170 0.193610 0.199551 0.200833 0.221368 0.242727 0.250920 0.239749 0.301704 0.369832 0.369993 0.369993 0.370000 0.370000 0.370000 0.370000 0.370000 0.370000 0.370000 0.370000 0.370000 0.370000 0.370000 0.370000 0.370000 0.370000 0.370000 0.370000 0.370000 0.370000 0.370000 0.370000 0.369999 0.369996 0.369982 0.369693 0.368826 0.367492 0.366585 0.367851 0.367235 0.365818 0.365485 0.367360 0.368900 0.368714 0.368904 0.369455 0.369894 0.370000 0.370000 0.370000 0.370000 0.370000 0.370000 0.370000 0.370000 0.370000 0.370000 0.370000 0.370000 0.369899 0.368806 0.363049 0.354341 0.343394 0.296279 0.263072 0.241580 0.224979 0.213746 0.211149 0.205928 0.204931 -9999.0 -9999.0 -9999.0 -9999.0
-9999.0 0.185354 0.188851 0.197272 0.220450 0.258678 0.351066 0.368527 0.370000 0.369988 0.370000 0.370000 0.370000 0.370000 0.370000 0.370000 0.370000 0.370000 0.370000 0.370000 0.370000 0.370000 0.370000 0.370000 0.370000 0.370000 0.370000 0.370000 0.369982 0.369894 0.369696 0.369471 0.368571 0.361653 0.356252 0.351236 0.322887 0.311735 0.299649 0.276964 0.266700 0.260388 0.268812 0.266801 0.266106 0.271405 0.285863 0.298684 0.332624 0.349172 0.356738 0.364048 0.367071 0.369081 0.369840 0.370000 0.370000 0.370000 0.370000 0.370000 0.370000 0.370000 0.370000 0.370000 0.370000 0.369885 0.369311 0.366339 0.359745 0.351816 0.343479 0.309664 0.258590 0.227621 0.219812 -9999.0 -9999.0 -9999.0 -9999.0 -9999.0
-9999.0 0.180448 0.188784 0.195745 0.236322 0.354461 0.367322 0.370000 0.370000 0.370000 0.369984 0.370000 0.370000 0.370000 0.370000 0.370000 0.370000 0.370000 0.370000 0.370000 0.369956 0.369900 0.369887 0.369811 0.369578 0.369220 0.368802 0.367897 0.363445 0.357403 0.343461 0.326381 0.272265 0.242247 0.228860 0.217998 0.208484 0.208662 0.211593 0.208992 0.206196 0.203386 0.206830 0.208506 0.210069 0.208186 0.208809 0.213786 0.222489 0.232518 0.249228 0.277047 0.314316 0.347959 0.354890 0.363022 0.367258 0.369245 0.369955 0.370000 0.370000 0.370000 0.370000 0.370000 0.370000 0.370000 0.370000 0.369923 0.368281 0.365761 0.363723 0.359882 0.351250 -9999.0 -9999.0 -9999.0 -9999.0 -9999.0 -9999.0 -9999.0
-9999.0 0.177825 0.186536 0.188164 0.200538 0.231661 0.298693 0.355530 0.369727 0.363377 0.361320 0.364291 0.366761 0.368028 0.366637 0.363676 0.360844 0.361436 0.361693 0.358495 0.353590 0.351149 0.350930 0.348206 0.332780 0.318415 0.308437 0.289753 0.265877 0.243506 0.220010 0.209516 0.202598 0.200195 0.198454 0.196665 0.193513 0.195192 0.196533 0.196191 0.195188 0.194461 0.196838 0.197741 0.198515 0.196398 0.197939 0.199438 0.202775 0.206367 0.211651 0.219758 0.230807 0.239596 0.246575 0.261140 0.289963 0.340209 0.359212 0.368523 0.369866 0.370000 0.370000 0.370000 0.370000 0.370000 0.370000 0.370000 0.369206 0.368253 0.368014 -9999.0 -9999.0 -9999.0 -9999.0 -9999.0 -9999.0 -9999.0 -9999.0 -9999.0
-9999.0 -9999.0 0.176024 0.179561 0.182750 0.186356 0.191737 0.199091 0.205315 0.213998 0.227582 0.244604 0.257235 0.263665 0.255211 0.240069 0.232126 0.232626 0.230546 0.226558 0.219884 0.217498 0.215890 0.214609 0.211939 0.210819 0.210327 0.209287 0.207066 0.202380 0.198419 0.195731 0.192920 0.192917 0.192436 0.191495 0.192208 0.192021 0.192281 0.192161 0.192385 0.192833 0.193404 0.194177 0.194252 0.194479 0.194785 0.195664 0.197034 0.198908 0.202511 0.207909 0.212245 0.213360 0.211188 0.211888 0.215078 0.223214 0.252296 0.316440 0.354193 0.364810 0.369099 0.369817 0.369927 0.369999 0.370000 0.369897 0.365068 0.366283 -9999.0 -9999.0 -9999.0 -9999.0 -9999.0 -9999.0 -9999.0 -9999.0 -9999.0 -9999.0
-9999.0 -9999.0 -9999.0 -9999.0 0.174553 0.179491 0.184115 0.183759 0.187338 0.189716 0.192064 0.194930 0.197374 0.198939 0.197127 0.196693 0.196284 0.196513 0.196091 0.195613 0.195369 0.195048 0.194708 0.194278 0.194435 0.194834 0.194928 0.194202 0.194116 0.192757 0.192512 0.191673 0.190870 0.189991 0.190133 0.190037 0.190399 0.190001 0.190609 0.190275 0.190756 0.190994 0.191604 0.192585 0.192291 0.192858 0.192918 0.193681 0.194090 0.196245 0.199807 0.204074 0.207087 0.206996 0.203336 0.201782 0.200954 0.203298 0.207578 0.217250 0.244953 0.284477 0.341174 0.354437 0.359941 0.365777 0.368576 0.368965 -9999.0 -9999.0 -9999.0 -9999.0 -9999.0 -9999.0 -9999.0 -9999.0 -9999.0 -9999.0 -9999.0 -9999.0
-9999.0 -9999.0 -9999.0 -9999.0 -9999.0 -9999.0 0.176643 0.179126 0.178432 0.180394 0.182202 0.183670 0.185870 0.185668 0.186315 0.188018 0.187775 0.186952 0.185935 0.187420 0.188080 0.188216 0.186558 0.187003 0.187179 0.187813 0.187749 0.188004 0.186597 0.188230 0.189009 0.188663 0.188328 0.188612 0.188249 0.189281 0.189404 0.188571 0.188335 0.189547 0.189916 0.189773 0.190047 0.190931 0.192202 0.192424 0.191891 0.191165 0.192528 0.195701 0.199467 0.202969 0.205335 0.206088 0.202967 0.198928 0.196959 0.196748 0.198478 0.201886 0.210206 0.216578 0.222251 0.229620 0.238879 0.290373 -9999.0 -9999.0 -9999.0 -9999.0 -9999.0 -9999.0 -9999.0 -9999.0 -9999.0 -9999.0 -9999.0 -9999.0 -9999.0 -9999.0
-9999.0 -9999.0 -9999.0 -9999.0 -9999.0 -9999.0 -9999.0 -9999.0 -9999.0 -9999.0 -9999.0 -9999.0 -9999.0 -9999.0 -9999.0 -9999.0 -9999.0 -9999.0 -9999.0 -9999.0 -9999.0 -9999.0 -9999.0 -9999.0 -9999.0 -9999.0 -9999.0 -9999.0 -9999.0 -9999.0 -9999.0 -9999.0 -9999.0 -9999.0 -9999.0 -9999.0 -9999.0 -9999.0 -9999.0 -9999.0 -9999.0 -9999.0 -9999.0 -9999.0 -9999.0 -9999.0 -9999.0 -9999.0 -9999.0 -9999.0 -9999.0 -9999.0 -9999.0 -9999.0 -9999.0 -9999.0 -9999.0 -9999.0 -9999.0 -9999.0 -9999.0 -9999.0 -9999.0 -9999.0 -9999.0 -9999.0 -9999.0 -9999.0 -9999.0 -9999.0 -9999.0 -9999.0 -9999.0 -9999.0 -9999.0 -9999.0 -9999.0 -9999.0 -9999.0 -9999.0
-9999.0 -9999.0 -9999.0 -9999.0 -9999.0 -9999.0 -9999.0 -9999.0 -9999.0 -9999.0 -9999.0 -9999.0 -9999.0 -9999.0 -9999.0 -9999.0 -9999.0 -9999.0 -9999.0 -9999.0 -9999.0 -9999.0 -9999.0 -9999.0 -9999.0 -9999.0 -9999.0 -9999.0 -9999.0 -9999.0 -9999.0 -9999.0 -9999.0 -9999.0 -9999.0 -9999.0 -9999.0 -9999.0 -9999.0 -9999.0 -9999.0 -9999.0 -9999.0 -9999.0 -9999.0 -9999.0 -9999.0 -9999.0 -9999.0 -9999.0 -9999.0 -9999.0 -9999.0 -9999.0 -9999.0 -9999.0 -9999.0 -9999.0 -9999.0 -9999.0 -9999.0 -9999.0 -9999.0 -9999.0 -9999.0 -9999.0 -9999.0 -9999.0 -9999.0 -9999.0 -9999.0 -9999.0 -9999.0 -9999.0 -9999.0 -9999.0 -9999.0 -9999.0 -9999.0 -9999.0