Borden_/Borden1m_014/output_maps/thetaliqL0006N0005.asc
ncols         80
nrows         18
xllcorner     620200.000000
yllcorner     5168000.000000
cellsize      1.000000
NODATA_value  -9999.0
-9999.0 -9999.0 -9999.0 -9999.0 -9999.0 -9999.0 -9999.0 -9999.0 -9999.0 -9999.0 -9999.0 -9999.0 -9999.0 -9999.0 -9999.0 -9999.0 -9999.0 -9999.0 -9999.0 -9999.0 -9999.0 -9999.0 -9999.0 -9999.0 -9999.0 -9999.0 -9999.0 -9999.0 -9999.0 -9999.0 -9999.0 -9999.0 -9999.0 -9999.0 -9999.0 -9999.0 -9999.0 -9999.0 -9999.0 -9999.0 -9999.0 -9999.0 -9999.0 -9999.0 -9999.0 -9999.0 -9999.0 -9999.0 -9999.0 -9999.0 -9999.0 -9999.0 -9999.0 -9999.0 -9999.0 -9999.0 -9999.0 -9999.0 -9999.0 -9999.0 -9999.0 -9999.0 -9999.0 -9999.0 -9999.0 -9999.0 -9999.0 -9999.0 -9999.0 -9999.0 -9999.0 -9999.0 -9999.0 -9999.0 -9999.0 -9999.0 -9999.0 -9999.0 -9999.0 -9999.0
-9999.0 -9999.0 -9999.0 -9999.0 -9999.0 -9999.0 -9999.0 -9999.0 -9999.0 -9999.0 -9999.0 -9999.0 -9999.0 -9999.0 -9999.0 -9999.0 -9999.0 -9999.0 -9999.0 -9999.0 -9999.0 -9999.0 -9999.0 -9999.0 -9999.0 -9999.0 -9999.0 -9999.0 -9999.0 -9999.0 -9999.0 -9999.0 -9999.0 -9999.0 -9999.0 -9999.0 -9999.0 -9999.0 -9999.0 -9999.0 -9999.0 -9999.0 -9999.0 -9999.0 -9999.0 -9999.0 -9999.0 -9999.0 -9999.0 -9999.0 -9999.0 -9999.0 -9999.0 -9999.0 -9999.0 -9999.0 -9999.0 -9999.0 -9999.0 -9999.0 -9999.0 -9999.0 -9999.0 -9999.0 -9999.0 -9999.0 -9999.0 -9999.0 -9999.0 -9999.0 -9999.0 -9999.0 -9999.0 -9999.0 -9999.0 -9999.0 -9999.0 -9999.0 -9999.0 -9999.0
-9999.0 -9999.0 -9999.0 -9999.0 -9999.0 -9999.0 -9999.0 -9999.0 -9999.0 -9999.0 -9999.0 -9999.0 -9999.0 -9999.0 -9999.0 -9999.0 -9999.0 -9999.0 -9999.0 -9999.0 0.153262 0.154855 0.143496 0.129236 0.119383 0.119809 0.131914 0.149657 0.169753 0.175973 0.164951 0.165379 0.162176 0.162055 0.163655 0.166802 0.168026 0.174921 0.180164 0.179953 0.176004 0.172354 0.171236 0.173401 0.176418 0.171449 0.179789 0.190004 0.194759 0.191528 0.174101 0.164976 0.160840 0.153592 0.167325 0.175367 0.190840 0.194248 0.193882 0.176226 0.158803 -9999.0 -9999.0 -9999.0 -9999.0 -9999.0 -9999.0 -9999.0 -9999.0 -9999.0 -9999.0 -9999.0 -9999.0 -9999.0 -9999.0 -9999.0 -9999.0 -9999.0 -9999.0 -9999.0
-9999.0 -9999.0 -9999.0 -9999.0 -9999.0 -9999.0 -9999.0 -9999.0 -9999.0 -9999.0 -9999.0 -9999.0 -9999.0 -9999.0 0.117620 0.114516 0.113530 0.115804 0.126523 0.137997 0.143530 0.139922 0.139674 0.129911 0.122632 0.127298 0.138464 0.152654 0.170965 0.183431 0.174859 0.172832 0.179183 0.197697 0.208139 0.205850 0.190482 0.206173 0.218115 0.225345 0.224366 0.217579 0.228942 0.241744 0.236448 0.222825 0.225251 0.234390 0.246507 0.235052 0.187690 0.174501 0.173402 0.170071 0.163059 0.159796 0.174514 0.175709 0.171135 0.161218 0.145171 0.127201 0.121331 0.135568 0.156825 0.193013 -9999.0 -9999.0 -9999.0 -9999.0 -9999.0 -9999.0 -9999.0 -9999.0 -9999.0 -9999.0 -9999.0 -9999.0 -9999.0 -9999.0
-9999.0 -9999.0 -9999.0 -9999.0 -9999.0 -9999.0 -9999.0 -9999.0 -9999.0 0.103540 0.104178 0.105629 0.105881 0.109469 0.108981 0.110567 0.112558 0.119850 0.130318 0.144749 0.158935 0.153154 0.152900 0.159152 0.162963 0.169961 0.182021 0.209225 0.240785 0.272824 0.249896 0.247825 0.262564 0.299780 0.323961 0.329098 0.318612 0.319815 0.333079 0.344010 0.343696 0.342954 0.351357 0.355211 0.357294 0.352538 0.345864 0.344429 0.352778 0.334314 0.297371 0.256517 0.258136 0.234257 0.203393 0.188014 0.186527 0.202879 0.192817 0.169388 0.150044 0.146107 0.139072 0.146669 0.158631 0.187911 0.216258 0.239490 0.240487 0.227125 -9999.0 -9999.0 -9999.0 -9999.0 -9999.0 -9999.0 -9999.0 -9999.0 -9999.0 -9999.0
-9999.0 -9999.0 -9999.0 -9999.0 -9999.0 -9999.0 0.090587 0.091668 0.094411 0.095248 0.099234 0.100551 0.104607 0.108927 0.113986 0.118746 0.128964 0.141722 0.161974 0.188515 0.210706 0.206862 0.213413 0.239225 0.273338 0.297230 0.312096 0.332303 0.358318 0.365405 0.366758 0.367168 0.367808 0.369575 0.369998 0.370000 0.369997 0.369977 0.369999 0.370000 0.370000 0.370000 0.370000 0.370000 0.370000 0.370000 0.370000 0.370000 0.370000 0.369999 0.369787 0.367673 0.363724 0.354412 0.322201 0.283426 0.282563 0.294689 0.272877 0.232239 0.201063 0.194547 0.185565 0.176984 0.180987 0.194881 0.213028 0.222733 0.214120 0.199683 0.184173 0.166628 0.167921 0.184231 -9999.0 -9999.0 -9999.0 -9999.0 -9999.0 -9999.0
-9999.0 -9999.0 -9999.0 -9999.0 0.085130 0.086297 0.085139 0.087435 0.091176 0.095890 0.101587 0.109751 0.116819 0.126011 0.142335 0.161095 0.186750 0.209818 0.251122 0.302179 0.332107 0.343281 0.348134 0.362790 0.368548 0.369833 0.369956 0.369999 0.370000 0.370000 0.370000 0.370000 0.370000 0.370000 0.370000 0.370000 0.370000 0.370000 0.370000 0.370000 0.370000 0.370000 0.370000 0.370000 0.370000 0.370000 0.370000 0.370000 0.370000 0.370000 0.370000 0.370000 0.370000 0.370000 0.370000 0.369970 0.368565 0.367172 0.360348 0.345687 0.313935 0.298248 0.276284 0.257815 0.234905 0.236891 0.240668 0.226538 0.204780 0.183456 0.174615 0.164069 0.158963 0.176943 0.188998 0.211916 -9999.0 -9999.0 -9999.0 -9999.0
-9999.0 -9999.0 0.080536 0.084471 0.090419 0.091455 0.091740 0.092282 0.096139 0.105559 0.128092 0.150069 0.174215 0.192384 0.235292 0.298667 0.339195 0.355097 0.365216 0.369286 0.369979 0.370000 0.370000 0.370000 0.370000 0.370000 0.370000 0.370000 0.370000 0.370000 0.370000 0.370000 0.370000 0.370000 0.370000 0.370000 0.370000 0.370000 0.370000 0.370000 0.370000 0.370000 0.370000 0.370000 0.370000 0.370000 0.370000 0.370000 0.370000 0.370000 0.370000 0.370000 0.370000 0.370000 0.370000 0.370000 0.370000 0.370000 0.370000 0.370000 0.369787 0.368019 0.362387 0.351867 0.333108 0.317581 0.289003 0.260474 0.227056 0.195160 0.180600 0.169968 0.169414 0.170522 0.181098 0.192165 0.203611 0.209647 -9999.0 -9999.0
-9999.0 0.075505 0.078988 0.090166 0.102827 0.113288 0.126019 0.137074 0.146747 0.151988 0.219533 0.299683 0.346120 0.354295 0.364001 0.369671 0.370000 0.370000 0.370000 0.370000 0.370000 0.370000 0.370000 0.370000 0.370000 0.370000 0.370000 0.370000 0.370000 0.370000 0.370000 0.370000 0.370000 0.370000 0.370000 0.370000 0.370000 0.370000 0.370000 0.370000 0.370000 0.370000 0.370000 0.370000 0.370000 0.370000 0.370000 0.370000 0.370000 0.370000 0.370000 0.370000 0.370000 0.370000 0.370000 0.370000 0.370000 0.370000 0.370000 0.370000 0.370000 0.370000 0.370000 0.369928 0.368567 0.361862 0.349017 0.327538 0.290545 0.264221 0.241999 0.203481 0.188155 0.190383 0.184814 0.183755 0.188734 0.193427 -9999.0 -9999.0
-9999.0 0.073270 0.079149 0.099544 0.143628 0.175504 0.261427 0.319063 0.332073 0.319236 0.358873 0.370000 0.370000 0.370000 0.370000 0.370000 0.370000 0.370000 0.370000 0.370000 0.370000 0.370000 0.370000 0.370000 0.370000 0.370000 0.370000 0.370000 0.370000 0.370000 0.370000 0.370000 0.370000 0.370000 0.370000 0.370000 0.370000 0.370000 0.370000 0.370000 0.370000 0.370000 0.370000 0.370000 0.370000 0.370000 0.370000 0.370000 0.370000 0.370000 0.370000 0.370000 0.370000 0.370000 0.370000 0.370000 0.370000 0.370000 0.370000 0.370000 0.370000 0.370000 0.370000 0.370000 0.370000 0.369991 0.369524 0.367348 0.359506 0.348811 0.330239 0.297072 0.255173 0.235642 0.206550 0.191866 -9999.0 -9999.0 -9999.0 -9999.0
-9999.0 0.071846 0.078461 0.115831 0.261498 0.339247 0.369767 0.370000 0.370000 0.370000 0.370000 0.370000 0.370000 0.370000 0.370000 0.370000 0.370000 0.370000 0.370000 0.370000 0.370000 0.370000 0.370000 0.370000 0.370000 0.370000 0.370000 0.370000 0.370000 0.370000 0.370000 0.370000 0.370000 0.369960 0.369353 0.368271 0.364136 0.363177 0.360894 0.353770 0.348300 0.344124 0.349616 0.348554 0.348296 0.351278 0.357337 0.360442 0.365729 0.368216 0.369583 0.369979 0.370000 0.370000 0.370000 0.370000 0.370000 0.370000 0.370000 0.370000 0.370000 0.370000 0.370000 0.370000 0.370000 0.370000 0.370000 0.370000 0.369999 0.369775 0.368291 0.361989 0.346269 0.304058 0.275823 -9999.0 -9999.0 -9999.0 -9999.0 -9999.0
-9999.0 0.069747 0.075242 0.105837 0.294400 0.369968 0.370000 0.370000 0.370000 0.370000 0.370000 0.370000 0.370000 0.370000 0.370000 0.370000 0.370000 0.370000 0.370000 0.370000 0.370000 0.370000 0.370000 0.370000 0.370000 0.370000 0.370000 0.370000 0.369999 0.369791 0.366969 0.365160 0.351279 0.322714 0.294993 0.261233 0.222457 0.221541 0.233491 0.220780 0.204771 0.191740 0.209241 0.219945 0.227707 0.220263 0.226285 0.251844 0.286912 0.313143 0.337091 0.354225 0.362443 0.367778 0.369300 0.369961 0.370000 0.370000 0.370000 0.370000 0.370000 0.370000 0.370000 0.370000 0.370000 0.370000 0.370000 0.370000 0.370000 0.370000 0.370000 0.369991 0.369034 -9999.0 -9999.0 -9999.0 -9999.0 -9999.0 -9999.0 -9999.0
-9999.0 0.068696 0.071036 0.079459 0.133521 0.281551 0.357007 0.368819 0.369959 0.369946 0.369985 0.370000 0.370000 0.370000 0.370000 0.369997 0.369908 0.369916 0.369913 0.369655 0.368930 0.368299 0.368296 0.367930 0.365951 0.364093 0.362446 0.358076 0.348063 0.326178 0.274031 0.225073 0.183141 0.162284 0.147238 0.133187 0.119452 0.122983 0.128327 0.126563 0.122142 0.120492 0.130761 0.137917 0.142156 0.136104 0.143766 0.156618 0.180248 0.207277 0.241377 0.280319 0.313536 0.328562 0.335049 0.346045 0.357311 0.366212 0.369875 0.370000 0.370000 0.370000 0.370000 0.370000 0.370000 0.370000 0.370000 0.370000 0.370000 0.370000 0.370000 -9999.0 -9999.0 -9999.0 -9999.0 -9999.0 -9999.0 -9999.0 -9999.0 -9999.0
-9999.0 -9999.0 0.068690 0.070418 0.073833 0.083558 0.103448 0.131769 0.161169 0.211799 0.274945 0.320824 0.339269 0.345356 0.337206 0.315353 0.298170 0.298679 0.292961 0.282726 0.264197 0.257550 0.251301 0.246012 0.235616 0.230110 0.226611 0.219077 0.203311 0.173207 0.145065 0.124525 0.108863 0.103367 0.099148 0.095279 0.094634 0.094490 0.095624 0.095791 0.096559 0.098496 0.102462 0.107002 0.109165 0.110711 0.113965 0.120850 0.132350 0.149717 0.177974 0.215050 0.242548 0.250009 0.240952 0.244179 0.259764 0.290616 0.338395 0.362385 0.369365 0.369996 0.370000 0.370000 0.370000 0.370000 0.370000 0.370000 0.370000 0.370000 -9999.0 -9999.0 -9999.0 -9999.0 -9999.0 -9999.0 -9999.0 -9999.0 -9999.0 -9999.0
-9999.0 -9999.0 -9999.0 -9999.0 0.069025 0.070629 0.072270 0.074483 0.079874 0.088708 0.102040 0.119944 0.137193 0.146734 0.140561 0.136833 0.133175 0.132176 0.129215 0.126846 0.124576 0.122111 0.119008 0.116832 0.116549 0.117499 0.117034 0.113521 0.109704 0.103283 0.098511 0.092909 0.088185 0.085186 0.084016 0.083391 0.083430 0.083016 0.083843 0.084365 0.085744 0.087335 0.090133 0.093961 0.095823 0.098157 0.099886 0.104024 0.110919 0.126688 0.152846 0.184361 0.206286 0.207219 0.187009 0.175366 0.172062 0.188076 0.219497 0.269959 0.331855 0.356034 0.366488 0.369312 0.369932 0.370000 0.370000 0.370000 -9999.0 -9999.0 -9999.0 -9999.0 -9999.0 -9999.0 -9999.0 -9999.0 -9999.0 -9999.0 -9999.0 -9999.0
-9999.0 -9999.0 -9999.0 -9999.0 -9999.0 -9999.0 0.068650 0.069273 0.070163 0.071990 0.074870 0.078809 0.083787 0.085806 0.087254 0.089609 0.088965 0.087158 0.085597 0.087199 0.088091 0.087618 0.084977 0.084822 0.085107 0.086047 0.085971 0.085406 0.083229 0.083821 0.083642 0.081825 0.080032 0.079140 0.078488 0.079063 0.079124 0.078434 0.078604 0.080157 0.081494 0.082518 0.084436 0.087739 0.091615 0.093554 0.093647 0.094553 0.101868 0.119382 0.146033 0.173956 0.192693 0.196448 0.175967 0.151586 0.140243 0.141888 0.156929 0.186044 0.238327 0.272401 0.292726 0.306441 0.322285 0.358009 -9999.0 -9999.0 -9999.0 -9999.0 -9999.0 -9999.0 -9999.0 -9999.0 -9999.0 -9999.0 -9999.0 -9999.0 -9999.0 -9999.0
-9999.0 -9999.0 -9999.0 -9999.0 -9999.0 -9999.0 -9999.0 -9999.0 -9999.0 -9999.0 -9999.0 -9999.0 -9999.0 -9999.0 -9999.0 -9999.0 -9999.0 -9999.0 -9999.0 -9999.0 -9999.0 -9999.0 -9999.0 -9999.0 -9999.0 -9999.0 -9999.0 -9999.0 -9999.0 -9999.0 -9999.0 -9999.0 -9999.0 -9999.0 -9999.0 -9999.0 -9999.0 -9999.0 -9999.0 -9999.0 -9999.0 -9999.0 -9999.0 -9999.0 -9999.0 -9999.0 -9999.0 -9999.0 -9999.0 -9999.0 -9999.0 -9999.0 -9999.0 -9999.0 -9999.0 -9999.0 -9999.0 -9999.0 -9999.0 -9999.0 -9999.0 -9999.0 -9999.0 -9999.0 -9999.0 -9999.0 -9999.0 -9999.0 -9999.0 -9999.0 -9999.0 -9999.0 -9999.0 -9999.0 -9999.0 -9999.0 -9999.0 -9999.0 -9999.0 -9999.0
-9999.0 -9999.0 -9999.0 -9999.0 -9999.0 -9999.0 -9999.0 -9999.0 -9999.0 -9999.0 -9999.0 -9999.0 -9999.0 -9999.0 -9999.0 -9999.0 -9999.0 -9999.0 -9999.0 -9999.0 -9999.0 -9999.0 -9999.0 -9999.0 -9999.0 -9999.0 -9999.0 -9999.0 -9999.0 -9999.0 -9999.0 -9999.0 -9999.0 -9999.0 -9999.0 -9999.0 -9999.0 -9999.0 -9999.0 -9999.0 -9999.0 -9999.0 -9999.0 -9999.0 -9999.0 -9999.0 -9999.0 -9999.0 -9999.0 -9999.0 -9999.0 -9999.0 -9999.0 -9999.0 -9999.0 -9999.0 -9999.0 -9999.0 -9999.0 -9999.0 -9999.0 -9999.0 -9999.0 -9999.0 -9999.0 -9999.0 -9999.0 -9999.0 -9999.0 -9999.0 -9999.0 -9999.0 -9999.0 -9999.0 -9999.0 -9999.0 -9999.0 -9999.0 -9999.0 -9999.0