Borden_/Borden1m_014/output_maps/thetaliqL0006N0013.asc
ncols         80
nrows         18
xllcorner     620200.000000
yllcorner     5168000.000000
cellsize      1.000000
NODATA_value  -9999.0
-9999.0 -9999.0 -9999.0 -9999.0 -9999.0 -9999.0 -9999.0 -9999.0 -9999.0 -9999.0 -9999.0 -9999.0 -9999.0 -9999.0 -9999.0 -9999.0 -9999.0 -9999.0 -9999.0 -9999.0 -9999.0 -9999.0 -9999.0 -9999.0 -9999.0 -9999.0 -9999.0 -9999.0 -9999.0 -9999.0 -9999.0 -9999.0 -9999.0 -9999.0 -9999.0 -9999.0 -9999.0 -9999.0 -9999.0 -9999.0 -9999.0 -9999.0 -9999.0 -9999.0 -9999.0 -9999.0 -9999.0 -9999.0 -9999.0 -9999.0 -9999.0 -9999.0 -9999.0 -9999.0 -9999.0 -9999.0 -9999.0 -9999.0 -9999.0 -9999.0 -9999.0 -9999.0 -9999.0 -9999.0 -9999.0 -9999.0 -9999.0 -9999.0 -9999.0 -9999.0 -9999.0 -9999.0 -9999.0 -9999.0 -9999.0 -9999.0 -9999.0 -9999.0 -9999.0 -9999.0
-9999.0 -9999.0 -9999.0 -9999.0 -9999.0 -9999.0 -9999.0 -9999.0 -9999.0 -9999.0 -9999.0 -9999.0 -9999.0 -9999.0 -9999.0 -9999.0 -9999.0 -9999.0 -9999.0 -9999.0 -9999.0 -9999.0 -9999.0 -9999.0 -9999.0 -9999.0 -9999.0 -9999.0 -9999.0 -9999.0 -9999.0 -9999.0 -9999.0 -9999.0 -9999.0 -9999.0 -9999.0 -9999.0 -9999.0 -9999.0 -9999.0 -9999.0 -9999.0 -9999.0 -9999.0 -9999.0 -9999.0 -9999.0 -9999.0 -9999.0 -9999.0 -9999.0 -9999.0 -9999.0 -9999.0 -9999.0 -9999.0 -9999.0 -9999.0 -9999.0 -9999.0 -9999.0 -9999.0 -9999.0 -9999.0 -9999.0 -9999.0 -9999.0 -9999.0 -9999.0 -9999.0 -9999.0 -9999.0 -9999.0 -9999.0 -9999.0 -9999.0 -9999.0 -9999.0 -9999.0
-9999.0 -9999.0 -9999.0 -9999.0 -9999.0 -9999.0 -9999.0 -9999.0 -9999.0 -9999.0 -9999.0 -9999.0 -9999.0 -9999.0 -9999.0 -9999.0 -9999.0 -9999.0 -9999.0 -9999.0 0.153304 0.154901 0.143526 0.129250 0.119391 0.119817 0.131938 0.149722 0.169900 0.176163 0.165099 0.165537 0.162329 0.162219 0.163841 0.167018 0.168257 0.175213 0.180515 0.180318 0.176344 0.172669 0.171552 0.173744 0.176789 0.171767 0.180174 0.190476 0.195255 0.191950 0.174345 0.165142 0.160970 0.153683 0.167455 0.175515 0.191036 0.194440 0.194053 0.176327 0.158857 -9999.0 -9999.0 -9999.0 -9999.0 -9999.0 -9999.0 -9999.0 -9999.0 -9999.0 -9999.0 -9999.0 -9999.0 -9999.0 -9999.0 -9999.0 -9999.0 -9999.0 -9999.0 -9999.0
-9999.0 -9999.0 -9999.0 -9999.0 -9999.0 -9999.0 -9999.0 -9999.0 -9999.0 -9999.0 -9999.0 -9999.0 -9999.0 -9999.0 0.117624 0.114519 0.113533 0.115809 0.126534 0.138023 0.143566 0.139954 0.139708 0.129933 0.122646 0.127321 0.138514 0.152766 0.171201 0.183793 0.175168 0.173142 0.179578 0.198373 0.209124 0.206892 0.191274 0.207239 0.219520 0.227057 0.226119 0.219218 0.230944 0.244140 0.238745 0.224712 0.227092 0.236362 0.248686 0.236671 0.188283 0.174850 0.173700 0.170308 0.163226 0.159928 0.174696 0.175879 0.171268 0.161303 0.145211 0.127214 0.121339 0.135585 0.156867 0.193119 -9999.0 -9999.0 -9999.0 -9999.0 -9999.0 -9999.0 -9999.0 -9999.0 -9999.0 -9999.0 -9999.0 -9999.0 -9999.0 -9999.0
-9999.0 -9999.0 -9999.0 -9999.0 -9999.0 -9999.0 -9999.0 -9999.0 -9999.0 0.103540 0.104178 0.105630 0.105883 0.109471 0.108983 0.110570 0.112562 0.119859 0.130340 0.144805 0.159048 0.153257 0.153015 0.159316 0.163183 0.170292 0.182564 0.210340 0.242937 0.276045 0.252840 0.250871 0.266437 0.306763 0.333910 0.339605 0.329800 0.330913 0.343801 0.353450 0.353108 0.352479 0.359070 0.361798 0.363055 0.359530 0.354837 0.354061 0.360575 0.344304 0.305447 0.260381 0.261204 0.236292 0.204431 0.188610 0.187007 0.203457 0.193227 0.169582 0.150126 0.146165 0.139107 0.146712 0.158690 0.188030 0.216447 0.239719 0.240682 0.227265 -9999.0 -9999.0 -9999.0 -9999.0 -9999.0 -9999.0 -9999.0 -9999.0 -9999.0 -9999.0
-9999.0 -9999.0 -9999.0 -9999.0 -9999.0 -9999.0 0.090587 0.091668 0.094411 0.095248 0.099235 0.100551 0.104608 0.108929 0.113992 0.118757 0.128992 0.141790 0.162161 0.188992 0.211646 0.207962 0.214827 0.241643 0.277651 0.304919 0.321980 0.342757 0.364341 0.368624 0.369321 0.369549 0.369897 0.370000 0.370000 0.370000 0.370000 0.370000 0.370000 0.370000 0.370000 0.370000 0.370000 0.370000 0.370000 0.370000 0.370000 0.370000 0.370000 0.370000 0.370000 0.369911 0.367913 0.361516 0.333540 0.292631 0.287749 0.298916 0.275988 0.233918 0.201820 0.195058 0.185899 0.177203 0.181180 0.195097 0.213277 0.222968 0.214282 0.199781 0.184228 0.166654 0.167942 0.184259 -9999.0 -9999.0 -9999.0 -9999.0 -9999.0 -9999.0
-9999.0 -9999.0 -9999.0 -9999.0 0.085130 0.086297 0.085139 0.087435 0.091176 0.095890 0.101588 0.109755 0.116830 0.126038 0.142421 0.161342 0.187455 0.211197 0.254035 0.308100 0.341040 0.352410 0.356771 0.367434 0.369993 0.370000 0.370000 0.370000 0.370000 0.370000 0.370000 0.370000 0.370000 0.370000 0.370000 0.370000 0.370000 0.370000 0.370000 0.370000 0.370000 0.370000 0.370000 0.370000 0.370000 0.370000 0.370000 0.370000 0.370000 0.370000 0.370000 0.370000 0.370000 0.370000 0.370000 0.370000 0.369996 0.369653 0.365754 0.354530 0.322431 0.303186 0.279468 0.259779 0.235988 0.237713 0.241314 0.226941 0.204989 0.183555 0.174673 0.164100 0.158982 0.176968 0.189024 0.211950 -9999.0 -9999.0 -9999.0 -9999.0
-9999.0 -9999.0 0.080536 0.084471 0.090419 0.091455 0.091740 0.092282 0.096140 0.105562 0.128128 0.150272 0.174842 0.193459 0.237751 0.305490 0.348051 0.361582 0.368929 0.370000 0.370000 0.370000 0.370000 0.370000 0.370000 0.370000 0.370000 0.370000 0.370000 0.370000 0.370000 0.370000 0.370000 0.370000 0.370000 0.370000 0.370000 0.370000 0.370000 0.370000 0.370000 0.370000 0.370000 0.370000 0.370000 0.370000 0.370000 0.370000 0.370000 0.370000 0.370000 0.370000 0.370000 0.370000 0.370000 0.370000 0.370000 0.370000 0.370000 0.370000 0.370000 0.369966 0.367588 0.358879 0.338400 0.321069 0.291176 0.261684 0.227618 0.195389 0.180715 0.170026 0.169453 0.170549 0.181124 0.192189 0.203632 0.209666 -9999.0 -9999.0
-9999.0 0.075505 0.078988 0.090166 0.102828 0.113292 0.126046 0.137210 0.147001 0.152310 0.221578 0.308998 0.353170 0.360291 0.368256 0.370000 0.370000 0.370000 0.370000 0.370000 0.370000 0.370000 0.370000 0.370000 0.370000 0.370000 0.370000 0.370000 0.370000 0.370000 0.370000 0.370000 0.370000 0.370000 0.370000 0.370000 0.370000 0.370000 0.370000 0.370000 0.370000 0.370000 0.370000 0.370000 0.370000 0.370000 0.370000 0.370000 0.370000 0.370000 0.370000 0.370000 0.370000 0.370000 0.370000 0.370000 0.370000 0.370000 0.370000 0.370000 0.370000 0.370000 0.370000 0.370000 0.369998 0.367262 0.355036 0.331846 0.293254 0.265679 0.242740 0.203740 0.188269 0.190455 0.184853 0.183779 0.188750 0.193440 -9999.0 -9999.0
-9999.0 0.073270 0.079149 0.099544 0.143657 0.175842 0.266262 0.327523 0.339923 0.328366 0.365148 0.370000 0.370000 0.370000 0.370000 0.370000 0.370000 0.370000 0.370000 0.370000 0.370000 0.370000 0.370000 0.370000 0.370000 0.370000 0.370000 0.370000 0.370000 0.370000 0.370000 0.370000 0.370000 0.370000 0.370000 0.370000 0.370000 0.370000 0.370000 0.370000 0.370000 0.370000 0.370000 0.370000 0.370000 0.370000 0.370000 0.370000 0.370000 0.370000 0.370000 0.370000 0.370000 0.370000 0.370000 0.370000 0.370000 0.370000 0.370000 0.370000 0.370000 0.370000 0.370000 0.370000 0.370000 0.370000 0.370000 0.369863 0.365442 0.355073 0.334313 0.299267 0.255949 0.235919 0.206645 0.191906 -9999.0 -9999.0 -9999.0 -9999.0
-9999.0 0.071846 0.078461 0.115835 0.262506 0.348029 0.370000 0.370000 0.370000 0.370000 0.370000 0.370000 0.370000 0.370000 0.370000 0.370000 0.370000 0.370000 0.370000 0.370000 0.370000 0.370000 0.370000 0.370000 0.370000 0.370000 0.370000 0.370000 0.370000 0.370000 0.370000 0.370000 0.370000 0.370000 0.370000 0.369950 0.367897 0.367194 0.365897 0.361258 0.357220 0.353526 0.358125 0.357494 0.357311 0.359434 0.363511 0.365812 0.369074 0.369967 0.370000 0.370000 0.370000 0.370000 0.370000 0.370000 0.370000 0.370000 0.370000 0.370000 0.370000 0.370000 0.370000 0.370000 0.370000 0.370000 0.370000 0.370000 0.370000 0.370000 0.369985 0.366929 0.350241 0.305061 0.276206 -9999.0 -9999.0 -9999.0 -9999.0 -9999.0
-9999.0 0.069747 0.075242 0.105850 0.298994 0.370000 0.370000 0.370000 0.370000 0.370000 0.370000 0.370000 0.370000 0.370000 0.370000 0.370000 0.370000 0.370000 0.370000 0.370000 0.370000 0.370000 0.370000 0.370000 0.370000 0.370000 0.370000 0.370000 0.370000 0.370000 0.369748 0.368594 0.358586 0.331923 0.300932 0.264895 0.224522 0.223458 0.235570 0.222420 0.205996 0.192703 0.210537 0.221437 0.229377 0.221871 0.228181 0.254560 0.290882 0.318259 0.344080 0.361353 0.367663 0.369919 0.370000 0.370000 0.370000 0.370000 0.370000 0.370000 0.370000 0.370000 0.370000 0.370000 0.370000 0.370000 0.370000 0.370000 0.370000 0.370000 0.370000 0.370000 0.370000 -9999.0 -9999.0 -9999.0 -9999.0 -9999.0 -9999.0 -9999.0
-9999.0 0.068696 0.071036 0.079459 0.133561 0.286637 0.363170 0.370000 0.370000 0.370000 0.370000 0.370000 0.370000 0.370000 0.370000 0.370000 0.370000 0.370000 0.370000 0.370000 0.369999 0.369931 0.369911 0.369814 0.368966 0.367918 0.366968 0.364171 0.356299 0.334091 0.278207 0.227181 0.183989 0.162629 0.147387 0.133248 0.119472 0.123008 0.128360 0.126591 0.122161 0.120508 0.130795 0.137969 0.142222 0.136155 0.143846 0.156767 0.180588 0.207970 0.242786 0.282966 0.317295 0.333211 0.341269 0.354260 0.364300 0.369627 0.370000 0.370000 0.370000 0.370000 0.370000 0.370000 0.370000 0.370000 0.370000 0.370000 0.370000 0.370000 0.370000 -9999.0 -9999.0 -9999.0 -9999.0 -9999.0 -9999.0 -9999.0 -9999.0 -9999.0
-9999.0 -9999.0 0.068690 0.070418 0.073833 0.083567 0.103636 0.132764 0.163963 0.216423 0.283699 0.331554 0.348775 0.353826 0.347140 0.326207 0.307642 0.307528 0.300983 0.288783 0.268238 0.260978 0.254472 0.248925 0.238047 0.232264 0.228546 0.220635 0.204303 0.173608 0.145177 0.124553 0.108869 0.103369 0.099149 0.095279 0.094634 0.094490 0.095624 0.095792 0.096559 0.098497 0.102463 0.107004 0.109168 0.110714 0.113970 0.120860 0.132375 0.149787 0.178183 0.215589 0.243517 0.251278 0.242339 0.246031 0.262634 0.295601 0.346762 0.367822 0.370000 0.370000 0.370000 0.370000 0.370000 0.370000 0.370000 0.370000 0.370000 0.370000 -9999.0 -9999.0 -9999.0 -9999.0 -9999.0 -9999.0 -9999.0 -9999.0 -9999.0 -9999.0
-9999.0 -9999.0 -9999.0 -9999.0 0.069025 0.070629 0.072270 0.074483 0.079875 0.088711 0.102061 0.120040 0.137419 0.147056 0.140805 0.136984 0.133273 0.132264 0.129285 0.126899 0.124615 0.122142 0.119032 0.116852 0.116566 0.117516 0.117049 0.113531 0.109710 0.103285 0.098512 0.092909 0.088185 0.085186 0.084016 0.083391 0.083430 0.083016 0.083843 0.084365 0.085744 0.087335 0.090133 0.093961 0.095824 0.098157 0.099886 0.104025 0.110922 0.126699 0.152899 0.184530 0.206601 0.207590 0.187297 0.175621 0.172347 0.188621 0.220885 0.273705 0.338791 0.363035 0.369624 0.370000 0.370000 0.370000 0.370000 0.370000 -9999.0 -9999.0 -9999.0 -9999.0 -9999.0 -9999.0 -9999.0 -9999.0 -9999.0 -9999.0 -9999.0 -9999.0
-9999.0 -9999.0 -9999.0 -9999.0 -9999.0 -9999.0 0.068650 0.069273 0.070163 0.071990 0.074870 0.078809 0.083787 0.085806 0.087254 0.089610 0.088965 0.087158 0.085597 0.087199 0.088091 0.087618 0.084977 0.084823 0.085107 0.086047 0.085971 0.085406 0.083229 0.083821 0.083642 0.081825 0.080032 0.079140 0.078488 0.079063 0.079124 0.078434 0.078604 0.080157 0.081494 0.082518 0.084436 0.087739 0.091615 0.093554 0.093648 0.094553 0.101868 0.119387 0.146063 0.174051 0.192869 0.196666 0.176122 0.151666 0.140299 0.141963 0.157111 0.186605 0.240191 0.276070 0.298296 0.314513 0.333941 0.365049 -9999.0 -9999.0 -9999.0 -9999.0 -9999.0 -9999.0 -9999.0 -9999.0 -9999.0 -9999.0 -9999.0 -9999.0 -9999.0 -9999.0
-9999.0 -9999.0 -9999.0 -9999.0 -9999.0 -9999.0 -9999.0 -9999.0 -9999.0 -9999.0 -9999.0 -9999.0 -9999.0 -9999.0 -9999.0 -9999.0 -9999.0 -9999.0 -9999.0 -9999.0 -9999.0 -9999.0 -9999.0 -9999.0 -9999.0 -9999.0 -9999.0 -9999.0 -9999.0 -9999.0 -9999.0 -9999.0 -9999.0 -9999.0 -9999.0 -9999.0 -9999.0 -9999.0 -9999.0 -9999.0 -9999.0 -9999.0 -9999.0 -9999.0 -9999.0 -9999.0 -9999.0 -9999.0 -9999.0 -9999.0 -9999.0 -9999.0 -9999.0 -9999.0 -9999.0 -9999.0 -9999.0 -9999.0 -9999.0 -9999.0 -9999.0 -9999.0 -9999.0 -9999.0 -9999.0 -9999.0 -9999.0 -9999.0 -9999.0 -9999.0 -9999.0 -9999.0 -9999.0 -9999.0 -9999.0 -9999.0 -9999.0 -9999.0 -9999.0 -9999.0
-9999.0 -9999.0 -9999.0 -9999.0 -9999.0 -9999.0 -9999.0 -9999.0 -9999.0 -9999.0 -9999.0 -9999.0 -9999.0 -9999.0 -9999.0 -9999.0 -9999.0 -9999.0 -9999.0 -9999.0 -9999.0 -9999.0 -9999.0 -9999.0 -9999.0 -9999.0 -9999.0 -9999.0 -9999.0 -9999.0 -9999.0 -9999.0 -9999.0 -9999.0 -9999.0 -9999.0 -9999.0 -9999.0 -9999.0 -9999.0 -9999.0 -9999.0 -9999.0 -9999.0 -9999.0 -9999.0 -9999.0 -9999.0 -9999.0 -9999.0 -9999.0 -9999.0 -9999.0 -9999.0 -9999.0 -9999.0 -9999.0 -9999.0 -9999.0 -9999.0 -9999.0 -9999.0 -9999.0 -9999.0 -9999.0 -9999.0 -9999.0 -9999.0 -9999.0 -9999.0 -9999.0 -9999.0 -9999.0 -9999.0 -9999.0 -9999.0 -9999.0 -9999.0 -9999.0 -9999.0