Borden_/Borden1m_014/output_maps/thetaliqL0003N0032.asc
ncols         80
nrows         18
xllcorner     620200.000000
yllcorner     5168000.000000
cellsize      1.000000
NODATA_value  -9999.0
-9999.0 -9999.0 -9999.0 -9999.0 -9999.0 -9999.0 -9999.0 -9999.0 -9999.0 -9999.0 -9999.0 -9999.0 -9999.0 -9999.0 -9999.0 -9999.0 -9999.0 -9999.0 -9999.0 -9999.0 -9999.0 -9999.0 -9999.0 -9999.0 -9999.0 -9999.0 -9999.0 -9999.0 -9999.0 -9999.0 -9999.0 -9999.0 -9999.0 -9999.0 -9999.0 -9999.0 -9999.0 -9999.0 -9999.0 -9999.0 -9999.0 -9999.0 -9999.0 -9999.0 -9999.0 -9999.0 -9999.0 -9999.0 -9999.0 -9999.0 -9999.0 -9999.0 -9999.0 -9999.0 -9999.0 -9999.0 -9999.0 -9999.0 -9999.0 -9999.0 -9999.0 -9999.0 -9999.0 -9999.0 -9999.0 -9999.0 -9999.0 -9999.0 -9999.0 -9999.0 -9999.0 -9999.0 -9999.0 -9999.0 -9999.0 -9999.0 -9999.0 -9999.0 -9999.0 -9999.0
-9999.0 -9999.0 -9999.0 -9999.0 -9999.0 -9999.0 -9999.0 -9999.0 -9999.0 -9999.0 -9999.0 -9999.0 -9999.0 -9999.0 -9999.0 -9999.0 -9999.0 -9999.0 -9999.0 -9999.0 -9999.0 -9999.0 -9999.0 -9999.0 -9999.0 -9999.0 -9999.0 -9999.0 -9999.0 -9999.0 -9999.0 -9999.0 -9999.0 -9999.0 -9999.0 -9999.0 -9999.0 -9999.0 -9999.0 -9999.0 -9999.0 -9999.0 -9999.0 -9999.0 -9999.0 -9999.0 -9999.0 -9999.0 -9999.0 -9999.0 -9999.0 -9999.0 -9999.0 -9999.0 -9999.0 -9999.0 -9999.0 -9999.0 -9999.0 -9999.0 -9999.0 -9999.0 -9999.0 -9999.0 -9999.0 -9999.0 -9999.0 -9999.0 -9999.0 -9999.0 -9999.0 -9999.0 -9999.0 -9999.0 -9999.0 -9999.0 -9999.0 -9999.0 -9999.0 -9999.0
-9999.0 -9999.0 -9999.0 -9999.0 -9999.0 -9999.0 -9999.0 -9999.0 -9999.0 -9999.0 -9999.0 -9999.0 -9999.0 -9999.0 -9999.0 -9999.0 -9999.0 -9999.0 -9999.0 -9999.0 0.193319 0.194117 0.192192 0.189979 0.188171 0.187986 0.190032 0.192497 0.195349 0.195977 0.193791 0.194270 0.193440 0.193011 0.193012 0.193619 0.193908 0.194837 0.195453 0.195220 0.194538 0.194037 0.193632 0.193806 0.194538 0.193520 0.195037 0.196593 0.197175 0.197080 0.194886 0.193943 0.193579 0.191924 0.194936 0.195926 0.198327 0.198614 0.198973 0.196264 0.193635 -9999.0 -9999.0 -9999.0 -9999.0 -9999.0 -9999.0 -9999.0 -9999.0 -9999.0 -9999.0 -9999.0 -9999.0 -9999.0 -9999.0 -9999.0 -9999.0 -9999.0 -9999.0 -9999.0
-9999.0 -9999.0 -9999.0 -9999.0 -9999.0 -9999.0 -9999.0 -9999.0 -9999.0 -9999.0 -9999.0 -9999.0 -9999.0 -9999.0 0.189421 0.188461 0.188025 0.187820 0.189657 0.191174 0.191351 0.190339 0.191086 0.189062 0.187311 0.188372 0.189996 0.191452 0.193765 0.195526 0.193968 0.193588 0.194468 0.197532 0.198986 0.198380 0.194932 0.198204 0.200021 0.201206 0.201050 0.199449 0.201756 0.204481 0.203135 0.200271 0.200839 0.202479 0.205153 0.203547 0.194701 0.193609 0.193960 0.194028 0.192863 0.192070 0.195136 0.194786 0.194229 0.193504 0.191547 0.188595 0.187337 0.190291 0.193153 0.198952 -9999.0 -9999.0 -9999.0 -9999.0 -9999.0 -9999.0 -9999.0 -9999.0 -9999.0 -9999.0 -9999.0 -9999.0 -9999.0 -9999.0
-9999.0 -9999.0 -9999.0 -9999.0 -9999.0 -9999.0 -9999.0 -9999.0 -9999.0 0.187612 0.187386 0.187664 0.187088 0.187945 0.186640 0.186977 0.186791 0.188046 0.189172 0.191035 0.193422 0.191770 0.191565 0.192787 0.193009 0.193601 0.194826 0.198990 0.204024 0.211815 0.205430 0.205147 0.208753 0.222221 0.235748 0.240364 0.232743 0.232809 0.242263 0.254562 0.255247 0.254271 0.268616 0.277757 0.283757 0.270234 0.256604 0.254537 0.270747 0.242998 0.221960 0.207275 0.207990 0.202959 0.197632 0.195623 0.194989 0.198546 0.197082 0.193650 0.190903 0.191520 0.190076 0.191515 0.192683 0.197117 0.201288 0.205363 0.205561 0.202988 -9999.0 -9999.0 -9999.0 -9999.0 -9999.0 -9999.0 -9999.0 -9999.0 -9999.0 -9999.0
-9999.0 -9999.0 -9999.0 -9999.0 -9999.0 -9999.0 0.185723 0.185648 0.186214 0.184664 0.185868 0.185129 0.186037 0.186494 0.187150 0.187278 0.188880 0.190388 0.192946 0.196418 0.199692 0.198171 0.199057 0.203816 0.213343 0.222687 0.229098 0.241657 0.288992 0.326426 0.338134 0.342865 0.347637 0.356436 0.365332 0.367321 0.365046 0.362820 0.364987 0.368216 0.369861 0.369870 0.369897 0.369924 0.369979 0.369971 0.368491 0.366728 0.365863 0.364862 0.358214 0.345494 0.316500 0.275358 0.235070 0.217729 0.215098 0.217822 0.211040 0.202482 0.197530 0.197347 0.196344 0.194688 0.195476 0.197341 0.200191 0.201966 0.200577 0.198640 0.197088 0.194213 0.194630 0.197404 -9999.0 -9999.0 -9999.0 -9999.0 -9999.0 -9999.0
-9999.0 -9999.0 -9999.0 -9999.0 0.183160 0.183909 0.181733 0.183001 0.184039 0.184872 0.185011 0.186472 0.186985 0.188110 0.190447 0.192425 0.195887 0.198699 0.206329 0.222846 0.240965 0.253753 0.263375 0.316009 0.348736 0.358971 0.361652 0.364979 0.368454 0.369985 0.369998 0.369998 0.369995 0.370000 0.370000 0.370000 0.370000 0.370000 0.370000 0.370000 0.370000 0.370000 0.370000 0.370000 0.370000 0.370000 0.370000 0.370000 0.370000 0.370000 0.369999 0.369994 0.369386 0.368154 0.366555 0.361923 0.349064 0.339561 0.296798 0.256837 0.228282 0.219657 0.211734 0.207615 0.202610 0.203417 0.204688 0.202133 0.198813 0.195741 0.195215 0.193873 0.192537 0.196021 0.197408 0.201378 -9999.0 -9999.0 -9999.0 -9999.0
-9999.0 -9999.0 0.182890 0.183065 0.185188 0.184009 0.183287 0.182275 0.182793 0.184904 0.189029 0.191104 0.194194 0.196041 0.203380 0.222749 0.250630 0.279831 0.330225 0.352927 0.363051 0.367264 0.369742 0.369955 0.369982 0.370000 0.370000 0.370000 0.370000 0.370000 0.370000 0.370000 0.370000 0.370000 0.370000 0.370000 0.370000 0.370000 0.370000 0.370000 0.370000 0.370000 0.370000 0.370000 0.370000 0.370000 0.370000 0.370000 0.370000 0.370000 0.370000 0.370000 0.370000 0.370000 0.370000 0.370000 0.369993 0.369480 0.368744 0.366507 0.355910 0.343812 0.312293 0.266699 0.237254 0.225408 0.214344 0.207703 0.201832 0.196695 0.195056 0.194043 0.194611 0.194212 0.196099 0.197616 0.199765 0.200631 -9999.0 -9999.0
-9999.0 0.182121 0.181595 0.185385 0.186318 0.187278 0.188495 0.189551 0.190745 0.189565 0.201359 0.226755 0.258956 0.275357 0.322735 0.358731 0.369795 0.369950 0.369961 0.369999 0.370000 0.370000 0.370000 0.370000 0.370000 0.370000 0.370000 0.370000 0.370000 0.370000 0.370000 0.370000 0.370000 0.370000 0.370000 0.370000 0.370000 0.370000 0.370000 0.370000 0.370000 0.370000 0.370000 0.370000 0.370000 0.370000 0.370000 0.370000 0.370000 0.370000 0.370000 0.370000 0.370000 0.370000 0.370000 0.370000 0.370000 0.370000 0.370000 0.370000 0.369939 0.369314 0.367138 0.359565 0.345825 0.308264 0.257308 0.231517 0.214708 0.208585 0.204821 0.197798 0.195916 0.197216 0.196311 0.196196 0.197047 0.197735 -9999.0 -9999.0
-9999.0 0.178802 0.182121 0.186424 0.192276 0.193753 0.213752 0.235339 0.244565 0.232944 0.300459 0.369826 0.369992 0.369992 0.370000 0.370000 0.370000 0.370000 0.370000 0.370000 0.370000 0.370000 0.370000 0.370000 0.370000 0.370000 0.370000 0.370000 0.370000 0.370000 0.370000 0.370000 0.370000 0.370000 0.369998 0.369995 0.369968 0.369653 0.368798 0.367523 0.366648 0.367943 0.367291 0.365816 0.365463 0.367395 0.368903 0.368687 0.368847 0.369415 0.369885 0.369999 0.370000 0.370000 0.370000 0.370000 0.370000 0.370000 0.370000 0.370000 0.370000 0.370000 0.370000 0.369887 0.368637 0.361945 0.351234 0.337766 0.292854 0.257467 0.234491 0.217607 0.206411 0.203748 0.198636 0.197578 -9999.0 -9999.0 -9999.0 -9999.0
-9999.0 0.178541 0.181850 0.189993 0.212751 0.251982 0.347841 0.368396 0.369999 0.369986 0.370000 0.370000 0.370000 0.370000 0.370000 0.370000 0.370000 0.370000 0.370000 0.370000 0.370000 0.370000 0.370000 0.370000 0.370000 0.370000 0.370000 0.370000 0.369980 0.369884 0.369664 0.369441 0.368536 0.360864 0.354126 0.348089 0.321111 0.309875 0.297464 0.273391 0.261800 0.254781 0.264043 0.261910 0.261205 0.267178 0.283108 0.296759 0.329396 0.345393 0.354749 0.363574 0.366886 0.368999 0.369824 0.370000 0.370000 0.370000 0.370000 0.370000 0.370000 0.370000 0.370000 0.370000 0.370000 0.369862 0.369142 0.365169 0.356828 0.347209 0.337294 0.305336 0.252566 0.220116 0.212286 -9999.0 -9999.0 -9999.0 -9999.0 -9999.0
-9999.0 0.174050 0.181782 0.188548 0.228455 0.352159 0.366984 0.370000 0.370000 0.370000 0.369983 0.370000 0.370000 0.370000 0.370000 0.370000 0.370000 0.370000 0.370000 0.370000 0.369947 0.369879 0.369867 0.369791 0.369545 0.369180 0.368761 0.367832 0.362939 0.355578 0.339067 0.323380 0.268141 0.235131 0.221390 0.210637 0.201301 0.201438 0.204252 0.201687 0.198943 0.196229 0.199565 0.201208 0.202727 0.200923 0.201575 0.206481 0.215173 0.225308 0.242749 0.273714 0.312128 0.343998 0.352464 0.362446 0.367151 0.369197 0.369951 0.370000 0.370000 0.370000 0.370000 0.370000 0.370000 0.370000 0.370000 0.369887 0.367437 0.363781 0.361460 0.357289 0.346911 -9999.0 -9999.0 -9999.0 -9999.0 -9999.0 -9999.0 -9999.0
-9999.0 0.171617 0.179659 0.181320 0.193284 0.223928 0.294962 0.353260 0.369652 0.362649 0.360333 0.363937 0.366754 0.368053 0.366591 0.363218 0.359817 0.360447 0.360677 0.356683 0.350424 0.347316 0.347109 0.344323 0.329823 0.316141 0.306214 0.287036 0.260745 0.236384 0.212703 0.202287 0.195457 0.193037 0.191302 0.189534 0.186513 0.188081 0.189361 0.189027 0.188063 0.187378 0.189647 0.190535 0.191282 0.189285 0.190763 0.192250 0.195521 0.199072 0.204305 0.212378 0.223536 0.232674 0.239939 0.255893 0.287839 0.336143 0.357910 0.368401 0.369853 0.369999 0.370000 0.370000 0.370000 0.370000 0.370000 0.370000 0.368741 0.367105 0.366900 -9999.0 -9999.0 -9999.0 -9999.0 -9999.0 -9999.0 -9999.0 -9999.0 -9999.0
-9999.0 -9999.0 0.169984 0.173277 0.176293 0.179759 0.184958 0.192022 0.198085 0.206458 0.219869 0.237297 0.250859 0.257960 0.248730 0.232726 0.224601 0.225073 0.222967 0.218982 0.212426 0.210125 0.208556 0.207297 0.204657 0.203536 0.203031 0.201971 0.199744 0.195143 0.191246 0.188597 0.185871 0.185813 0.185328 0.184422 0.185063 0.184892 0.185143 0.185032 0.185242 0.185670 0.186233 0.186984 0.187072 0.187291 0.187603 0.188471 0.189829 0.191694 0.195242 0.200546 0.204839 0.205965 0.203863 0.204569 0.207762 0.215986 0.246177 0.313541 0.351902 0.364341 0.368987 0.369786 0.369909 0.369998 0.370000 0.369836 0.361523 0.363395 -9999.0 -9999.0 -9999.0 -9999.0 -9999.0 -9999.0 -9999.0 -9999.0 -9999.0 -9999.0
-9999.0 -9999.0 -9999.0 -9999.0 0.168667 0.173224 0.177488 0.177203 0.180549 0.182825 0.185113 0.187905 0.190293 0.191814 0.190079 0.189624 0.189208 0.189415 0.189003 0.188536 0.188282 0.187965 0.187630 0.187215 0.187351 0.187721 0.187803 0.187104 0.186990 0.185672 0.185391 0.184560 0.183769 0.182928 0.183043 0.182944 0.183276 0.182907 0.183474 0.183172 0.183627 0.183864 0.184453 0.185392 0.185139 0.185682 0.185755 0.186496 0.186936 0.189052 0.192541 0.196727 0.199695 0.199622 0.196071 0.194546 0.193764 0.196066 0.200326 0.209982 0.238227 0.282017 0.337041 0.351554 0.358063 0.364881 0.368023 0.368423 -9999.0 -9999.0 -9999.0 -9999.0 -9999.0 -9999.0 -9999.0 -9999.0 -9999.0 -9999.0 -9999.0 -9999.0
-9999.0 -9999.0 -9999.0 -9999.0 -9999.0 -9999.0 0.170558 0.172839 0.172233 0.174043 0.175723 0.177113 0.179184 0.179016 0.179613 0.181193 0.180958 0.180187 0.179242 0.180616 0.181224 0.181343 0.179798 0.180201 0.180362 0.180955 0.180895 0.181121 0.179804 0.181300 0.182006 0.181665 0.181335 0.181582 0.181240 0.182193 0.182306 0.181534 0.181322 0.182450 0.182803 0.182684 0.182959 0.183806 0.185013 0.185235 0.184747 0.184093 0.185418 0.188490 0.192172 0.195620 0.197957 0.198685 0.195635 0.191721 0.189821 0.189646 0.191365 0.194755 0.202952 0.209355 0.215185 0.222539 0.232217 0.288368 -9999.0 -9999.0 -9999.0 -9999.0 -9999.0 -9999.0 -9999.0 -9999.0 -9999.0 -9999.0 -9999.0 -9999.0 -9999.0 -9999.0
-9999.0 -9999.0 -9999.0 -9999.0 -9999.0 -9999.0 -9999.0 -9999.0 -9999.0 -9999.0 -9999.0 -9999.0 -9999.0 -9999.0 -9999.0 -9999.0 -9999.0 -9999.0 -9999.0 -9999.0 -9999.0 -9999.0 -9999.0 -9999.0 -9999.0 -9999.0 -9999.0 -9999.0 -9999.0 -9999.0 -9999.0 -9999.0 -9999.0 -9999.0 -9999.0 -9999.0 -9999.0 -9999.0 -9999.0 -9999.0 -9999.0 -9999.0 -9999.0 -9999.0 -9999.0 -9999.0 -9999.0 -9999.0 -9999.0 -9999.0 -9999.0 -9999.0 -9999.0 -9999.0 -9999.0 -9999.0 -9999.0 -9999.0 -9999.0 -9999.0 -9999.0 -9999.0 -9999.0 -9999.0 -9999.0 -9999.0 -9999.0 -9999.0 -9999.0 -9999.0 -9999.0 -9999.0 -9999.0 -9999.0 -9999.0 -9999.0 -9999.0 -9999.0 -9999.0 -9999.0
-9999.0 -9999.0 -9999.0 -9999.0 -9999.0 -9999.0 -9999.0 -9999.0 -9999.0 -9999.0 -9999.0 -9999.0 -9999.0 -9999.0 -9999.0 -9999.0 -9999.0 -9999.0 -9999.0 -9999.0 -9999.0 -9999.0 -9999.0 -9999.0 -9999.0 -9999.0 -9999.0 -9999.0 -9999.0 -9999.0 -9999.0 -9999.0 -9999.0 -9999.0 -9999.0 -9999.0 -9999.0 -9999.0 -9999.0 -9999.0 -9999.0 -9999.0 -9999.0 -9999.0 -9999.0 -9999.0 -9999.0 -9999.0 -9999.0 -9999.0 -9999.0 -9999.0 -9999.0 -9999.0 -9999.0 -9999.0 -9999.0 -9999.0 -9999.0 -9999.0 -9999.0 -9999.0 -9999.0 -9999.0 -9999.0 -9999.0 -9999.0 -9999.0 -9999.0 -9999.0 -9999.0 -9999.0 -9999.0 -9999.0 -9999.0 -9999.0 -9999.0 -9999.0 -9999.0 -9999.0