Borden_/Borden1m_014/output_maps/thetaliqL0006N0008.asc
ncols         80
nrows         18
xllcorner     620200.000000
yllcorner     5168000.000000
cellsize      1.000000
NODATA_value  -9999.0
-9999.0 -9999.0 -9999.0 -9999.0 -9999.0 -9999.0 -9999.0 -9999.0 -9999.0 -9999.0 -9999.0 -9999.0 -9999.0 -9999.0 -9999.0 -9999.0 -9999.0 -9999.0 -9999.0 -9999.0 -9999.0 -9999.0 -9999.0 -9999.0 -9999.0 -9999.0 -9999.0 -9999.0 -9999.0 -9999.0 -9999.0 -9999.0 -9999.0 -9999.0 -9999.0 -9999.0 -9999.0 -9999.0 -9999.0 -9999.0 -9999.0 -9999.0 -9999.0 -9999.0 -9999.0 -9999.0 -9999.0 -9999.0 -9999.0 -9999.0 -9999.0 -9999.0 -9999.0 -9999.0 -9999.0 -9999.0 -9999.0 -9999.0 -9999.0 -9999.0 -9999.0 -9999.0 -9999.0 -9999.0 -9999.0 -9999.0 -9999.0 -9999.0 -9999.0 -9999.0 -9999.0 -9999.0 -9999.0 -9999.0 -9999.0 -9999.0 -9999.0 -9999.0 -9999.0 -9999.0
-9999.0 -9999.0 -9999.0 -9999.0 -9999.0 -9999.0 -9999.0 -9999.0 -9999.0 -9999.0 -9999.0 -9999.0 -9999.0 -9999.0 -9999.0 -9999.0 -9999.0 -9999.0 -9999.0 -9999.0 -9999.0 -9999.0 -9999.0 -9999.0 -9999.0 -9999.0 -9999.0 -9999.0 -9999.0 -9999.0 -9999.0 -9999.0 -9999.0 -9999.0 -9999.0 -9999.0 -9999.0 -9999.0 -9999.0 -9999.0 -9999.0 -9999.0 -9999.0 -9999.0 -9999.0 -9999.0 -9999.0 -9999.0 -9999.0 -9999.0 -9999.0 -9999.0 -9999.0 -9999.0 -9999.0 -9999.0 -9999.0 -9999.0 -9999.0 -9999.0 -9999.0 -9999.0 -9999.0 -9999.0 -9999.0 -9999.0 -9999.0 -9999.0 -9999.0 -9999.0 -9999.0 -9999.0 -9999.0 -9999.0 -9999.0 -9999.0 -9999.0 -9999.0 -9999.0 -9999.0
-9999.0 -9999.0 -9999.0 -9999.0 -9999.0 -9999.0 -9999.0 -9999.0 -9999.0 -9999.0 -9999.0 -9999.0 -9999.0 -9999.0 -9999.0 -9999.0 -9999.0 -9999.0 -9999.0 -9999.0 0.153269 0.154863 0.143501 0.129238 0.119384 0.119810 0.131918 0.149668 0.169781 0.176011 0.164980 0.165410 0.162205 0.162085 0.163689 0.166841 0.168067 0.174975 0.180230 0.180021 0.176067 0.172412 0.171295 0.173466 0.176490 0.171510 0.179864 0.190098 0.194858 0.191611 0.174147 0.165006 0.160863 0.153608 0.167348 0.175394 0.190879 0.194286 0.193916 0.176244 0.158812 -9999.0 -9999.0 -9999.0 -9999.0 -9999.0 -9999.0 -9999.0 -9999.0 -9999.0 -9999.0 -9999.0 -9999.0 -9999.0 -9999.0 -9999.0 -9999.0 -9999.0 -9999.0 -9999.0
-9999.0 -9999.0 -9999.0 -9999.0 -9999.0 -9999.0 -9999.0 -9999.0 -9999.0 -9999.0 -9999.0 -9999.0 -9999.0 -9999.0 0.117621 0.114516 0.113530 0.115805 0.126525 0.138001 0.143536 0.139927 0.139679 0.129914 0.122634 0.127301 0.138472 0.152674 0.171012 0.183508 0.174924 0.172897 0.179266 0.197840 0.208340 0.206057 0.190629 0.206377 0.218397 0.225715 0.224757 0.217945 0.229414 0.242342 0.237022 0.223275 0.225674 0.234833 0.246996 0.235401 0.187806 0.174569 0.173460 0.170116 0.163089 0.159819 0.174549 0.175742 0.171160 0.161233 0.145177 0.127203 0.121332 0.135570 0.156832 0.193033 -9999.0 -9999.0 -9999.0 -9999.0 -9999.0 -9999.0 -9999.0 -9999.0 -9999.0 -9999.0 -9999.0 -9999.0 -9999.0 -9999.0
-9999.0 -9999.0 -9999.0 -9999.0 -9999.0 -9999.0 -9999.0 -9999.0 -9999.0 0.103540 0.104178 0.105630 0.105882 0.109469 0.108981 0.110567 0.112559 0.119852 0.130321 0.144759 0.158956 0.153172 0.152921 0.159182 0.163005 0.170025 0.182126 0.209461 0.241314 0.273736 0.250688 0.248634 0.263572 0.301393 0.326961 0.332668 0.321776 0.322576 0.336618 0.348024 0.347853 0.347196 0.354922 0.358241 0.359860 0.355663 0.349868 0.348603 0.356151 0.337622 0.299130 0.257456 0.258936 0.234746 0.203612 0.188133 0.186625 0.203005 0.192903 0.169424 0.150058 0.146117 0.139078 0.146676 0.158641 0.187934 0.216297 0.239538 0.240527 0.227152 -9999.0 -9999.0 -9999.0 -9999.0 -9999.0 -9999.0 -9999.0 -9999.0 -9999.0 -9999.0
-9999.0 -9999.0 -9999.0 -9999.0 -9999.0 -9999.0 0.090587 0.091668 0.094411 0.095248 0.099234 0.100551 0.104607 0.108927 0.113987 0.118748 0.128968 0.141733 0.162010 0.188615 0.210904 0.207095 0.213732 0.239825 0.274410 0.298820 0.314244 0.335690 0.360954 0.366656 0.367713 0.368053 0.368660 0.369950 0.370000 0.370000 0.370000 0.370000 0.370000 0.370000 0.370000 0.370000 0.370000 0.370000 0.370000 0.370000 0.370000 0.370000 0.370000 0.370000 0.369994 0.368652 0.365437 0.357598 0.326367 0.285533 0.283888 0.295915 0.273730 0.232630 0.201223 0.194654 0.185632 0.177026 0.181024 0.194924 0.213079 0.222781 0.214152 0.199701 0.184182 0.166632 0.167924 0.184235 -9999.0 -9999.0 -9999.0 -9999.0 -9999.0 -9999.0
-9999.0 -9999.0 -9999.0 -9999.0 0.085130 0.086297 0.085139 0.087435 0.091176 0.095890 0.101587 0.109752 0.116820 0.126015 0.142351 0.161142 0.186900 0.210145 0.251871 0.303654 0.334545 0.346850 0.351897 0.364657 0.369261 0.369993 0.370000 0.370000 0.370000 0.370000 0.370000 0.370000 0.370000 0.370000 0.370000 0.370000 0.370000 0.370000 0.370000 0.370000 0.370000 0.370000 0.370000 0.370000 0.370000 0.370000 0.370000 0.370000 0.370000 0.370000 0.370000 0.370000 0.370000 0.370000 0.370000 0.370000 0.369423 0.368212 0.362704 0.349305 0.316044 0.299588 0.277103 0.258276 0.235149 0.237076 0.240813 0.226624 0.204821 0.183473 0.174624 0.164074 0.158965 0.176946 0.189002 0.211921 -9999.0 -9999.0 -9999.0 -9999.0
-9999.0 -9999.0 0.080536 0.084471 0.090419 0.091455 0.091740 0.092282 0.096139 0.105559 0.128098 0.150106 0.174357 0.192646 0.235918 0.300344 0.342671 0.357833 0.366559 0.369826 0.370000 0.370000 0.370000 0.370000 0.370000 0.370000 0.370000 0.370000 0.370000 0.370000 0.370000 0.370000 0.370000 0.370000 0.370000 0.370000 0.370000 0.370000 0.370000 0.370000 0.370000 0.370000 0.370000 0.370000 0.370000 0.370000 0.370000 0.370000 0.370000 0.370000 0.370000 0.370000 0.370000 0.370000 0.370000 0.370000 0.370000 0.370000 0.370000 0.370000 0.369993 0.368968 0.364619 0.353766 0.334549 0.318524 0.289561 0.260760 0.227174 0.195203 0.180620 0.169977 0.169420 0.170526 0.181102 0.192169 0.203614 0.209649 -9999.0 -9999.0
-9999.0 0.075505 0.078988 0.090166 0.102827 0.113289 0.126023 0.137101 0.146801 0.152055 0.220037 0.302973 0.349061 0.356726 0.365447 0.369966 0.370000 0.370000 0.370000 0.370000 0.370000 0.370000 0.370000 0.370000 0.370000 0.370000 0.370000 0.370000 0.370000 0.370000 0.370000 0.370000 0.370000 0.370000 0.370000 0.370000 0.370000 0.370000 0.370000 0.370000 0.370000 0.370000 0.370000 0.370000 0.370000 0.370000 0.370000 0.370000 0.370000 0.370000 0.370000 0.370000 0.370000 0.370000 0.370000 0.370000 0.370000 0.370000 0.370000 0.370000 0.370000 0.370000 0.370000 0.370000 0.369385 0.363678 0.350499 0.328740 0.291209 0.264538 0.242150 0.203526 0.188173 0.190395 0.184820 0.183758 0.188736 0.193428 -9999.0 -9999.0
-9999.0 0.073270 0.079149 0.099544 0.143632 0.175557 0.262315 0.322125 0.335105 0.322673 0.361731 0.370000 0.370000 0.370000 0.370000 0.370000 0.370000 0.370000 0.370000 0.370000 0.370000 0.370000 0.370000 0.370000 0.370000 0.370000 0.370000 0.370000 0.370000 0.370000 0.370000 0.370000 0.370000 0.370000 0.370000 0.370000 0.370000 0.370000 0.370000 0.370000 0.370000 0.370000 0.370000 0.370000 0.370000 0.370000 0.370000 0.370000 0.370000 0.370000 0.370000 0.370000 0.370000 0.370000 0.370000 0.370000 0.370000 0.370000 0.370000 0.370000 0.370000 0.370000 0.370000 0.370000 0.370000 0.370000 0.369927 0.368454 0.361749 0.350251 0.331228 0.297535 0.255313 0.235690 0.206565 0.191872 -9999.0 -9999.0 -9999.0 -9999.0
-9999.0 0.071846 0.078461 0.115832 0.261679 0.341244 0.369988 0.370000 0.370000 0.370000 0.370000 0.370000 0.370000 0.370000 0.370000 0.370000 0.370000 0.370000 0.370000 0.370000 0.370000 0.370000 0.370000 0.370000 0.370000 0.370000 0.370000 0.370000 0.370000 0.370000 0.370000 0.370000 0.370000 0.370000 0.369801 0.368990 0.365538 0.364800 0.363141 0.357336 0.352456 0.348333 0.353545 0.352486 0.352205 0.355052 0.360169 0.362874 0.367148 0.369044 0.369943 0.370000 0.370000 0.370000 0.370000 0.370000 0.370000 0.370000 0.370000 0.370000 0.370000 0.370000 0.370000 0.370000 0.370000 0.370000 0.370000 0.370000 0.370000 0.369991 0.369121 0.363561 0.347024 0.304252 0.275894 -9999.0 -9999.0 -9999.0 -9999.0 -9999.0
-9999.0 0.069747 0.075242 0.105838 0.295357 0.370000 0.370000 0.370000 0.370000 0.370000 0.370000 0.370000 0.370000 0.370000 0.370000 0.370000 0.370000 0.370000 0.370000 0.370000 0.370000 0.370000 0.370000 0.370000 0.370000 0.370000 0.370000 0.370000 0.370000 0.369992 0.368073 0.366452 0.354228 0.325101 0.296514 0.262203 0.222985 0.222026 0.234012 0.221159 0.205033 0.191938 0.209515 0.220259 0.228066 0.220620 0.226735 0.252541 0.288050 0.314635 0.338817 0.356369 0.364738 0.368785 0.369808 0.370000 0.370000 0.370000 0.370000 0.370000 0.370000 0.370000 0.370000 0.370000 0.370000 0.370000 0.370000 0.370000 0.370000 0.370000 0.370000 0.370000 0.369695 -9999.0 -9999.0 -9999.0 -9999.0 -9999.0 -9999.0 -9999.0
-9999.0 0.068696 0.071036 0.079459 0.133525 0.282615 0.358848 0.369545 0.370000 0.370000 0.370000 0.370000 0.370000 0.370000 0.370000 0.370000 0.370000 0.370000 0.369999 0.369936 0.369488 0.368990 0.368981 0.368695 0.367113 0.365669 0.364418 0.360805 0.351019 0.328106 0.275145 0.225598 0.183331 0.162349 0.147265 0.133197 0.119455 0.122987 0.128332 0.126567 0.122145 0.120494 0.130766 0.137925 0.142166 0.136112 0.143779 0.156644 0.180315 0.207427 0.241702 0.280973 0.314604 0.329940 0.336704 0.348294 0.360266 0.367665 0.369997 0.370000 0.370000 0.370000 0.370000 0.370000 0.370000 0.370000 0.370000 0.370000 0.370000 0.370000 0.370000 -9999.0 -9999.0 -9999.0 -9999.0 -9999.0 -9999.0 -9999.0 -9999.0 -9999.0
-9999.0 -9999.0 0.068690 0.070418 0.073833 0.083559 0.103485 0.131919 0.161648 0.212547 0.276801 0.324382 0.343193 0.348971 0.341156 0.318359 0.299989 0.300341 0.294514 0.284022 0.265217 0.258462 0.252142 0.246781 0.236250 0.230659 0.227089 0.219440 0.203518 0.173285 0.145084 0.124529 0.108864 0.103367 0.099148 0.095279 0.094634 0.094490 0.095624 0.095791 0.096559 0.098496 0.102462 0.107002 0.109166 0.110711 0.113966 0.120852 0.132354 0.149728 0.178014 0.215165 0.242772 0.250312 0.241274 0.244601 0.260468 0.291971 0.340632 0.364447 0.369871 0.370000 0.370000 0.370000 0.370000 0.370000 0.370000 0.370000 0.370000 0.370000 -9999.0 -9999.0 -9999.0 -9999.0 -9999.0 -9999.0 -9999.0 -9999.0 -9999.0 -9999.0
-9999.0 -9999.0 -9999.0 -9999.0 0.069025 0.070629 0.072270 0.074483 0.079874 0.088709 0.102043 0.119959 0.137235 0.146797 0.140604 0.136856 0.133190 0.132190 0.129226 0.126855 0.124582 0.122116 0.119012 0.116835 0.116552 0.117502 0.117036 0.113522 0.109705 0.103283 0.098511 0.092909 0.088185 0.085186 0.084016 0.083391 0.083430 0.083016 0.083843 0.084365 0.085744 0.087335 0.090133 0.093961 0.095823 0.098157 0.099886 0.104024 0.110920 0.126690 0.152854 0.184394 0.206352 0.207297 0.187066 0.175415 0.172116 0.188188 0.219807 0.270928 0.333736 0.358520 0.367762 0.369797 0.370000 0.370000 0.370000 0.370000 -9999.0 -9999.0 -9999.0 -9999.0 -9999.0 -9999.0 -9999.0 -9999.0 -9999.0 -9999.0 -9999.0 -9999.0
-9999.0 -9999.0 -9999.0 -9999.0 -9999.0 -9999.0 0.068650 0.069273 0.070163 0.071990 0.074870 0.078809 0.083787 0.085806 0.087254 0.089609 0.088965 0.087158 0.085597 0.087199 0.088091 0.087618 0.084977 0.084822 0.085107 0.086047 0.085971 0.085406 0.083229 0.083821 0.083642 0.081825 0.080032 0.079140 0.078488 0.079063 0.079124 0.078434 0.078604 0.080157 0.081494 0.082518 0.084436 0.087739 0.091615 0.093554 0.093647 0.094553 0.101868 0.119383 0.146038 0.173973 0.192728 0.196491 0.175996 0.151600 0.140252 0.141900 0.156961 0.186159 0.238765 0.273334 0.294271 0.308564 0.325311 0.361082 -9999.0 -9999.0 -9999.0 -9999.0 -9999.0 -9999.0 -9999.0 -9999.0 -9999.0 -9999.0 -9999.0 -9999.0 -9999.0 -9999.0
-9999.0 -9999.0 -9999.0 -9999.0 -9999.0 -9999.0 -9999.0 -9999.0 -9999.0 -9999.0 -9999.0 -9999.0 -9999.0 -9999.0 -9999.0 -9999.0 -9999.0 -9999.0 -9999.0 -9999.0 -9999.0 -9999.0 -9999.0 -9999.0 -9999.0 -9999.0 -9999.0 -9999.0 -9999.0 -9999.0 -9999.0 -9999.0 -9999.0 -9999.0 -9999.0 -9999.0 -9999.0 -9999.0 -9999.0 -9999.0 -9999.0 -9999.0 -9999.0 -9999.0 -9999.0 -9999.0 -9999.0 -9999.0 -9999.0 -9999.0 -9999.0 -9999.0 -9999.0 -9999.0 -9999.0 -9999.0 -9999.0 -9999.0 -9999.0 -9999.0 -9999.0 -9999.0 -9999.0 -9999.0 -9999.0 -9999.0 -9999.0 -9999.0 -9999.0 -9999.0 -9999.0 -9999.0 -9999.0 -9999.0 -9999.0 -9999.0 -9999.0 -9999.0 -9999.0 -9999.0
-9999.0 -9999.0 -9999.0 -9999.0 -9999.0 -9999.0 -9999.0 -9999.0 -9999.0 -9999.0 -9999.0 -9999.0 -9999.0 -9999.0 -9999.0 -9999.0 -9999.0 -9999.0 -9999.0 -9999.0 -9999.0 -9999.0 -9999.0 -9999.0 -9999.0 -9999.0 -9999.0 -9999.0 -9999.0 -9999.0 -9999.0 -9999.0 -9999.0 -9999.0 -9999.0 -9999.0 -9999.0 -9999.0 -9999.0 -9999.0 -9999.0 -9999.0 -9999.0 -9999.0 -9999.0 -9999.0 -9999.0 -9999.0 -9999.0 -9999.0 -9999.0 -9999.0 -9999.0 -9999.0 -9999.0 -9999.0 -9999.0 -9999.0 -9999.0 -9999.0 -9999.0 -9999.0 -9999.0 -9999.0 -9999.0 -9999.0 -9999.0 -9999.0 -9999.0 -9999.0 -9999.0 -9999.0 -9999.0 -9999.0 -9999.0 -9999.0 -9999.0 -9999.0 -9999.0 -9999.0