Borden_/Borden1m_014/output_maps/thetaliqL0006N0007.asc
ncols         80
nrows         18
xllcorner     620200.000000
yllcorner     5168000.000000
cellsize      1.000000
NODATA_value  -9999.0
-9999.0 -9999.0 -9999.0 -9999.0 -9999.0 -9999.0 -9999.0 -9999.0 -9999.0 -9999.0 -9999.0 -9999.0 -9999.0 -9999.0 -9999.0 -9999.0 -9999.0 -9999.0 -9999.0 -9999.0 -9999.0 -9999.0 -9999.0 -9999.0 -9999.0 -9999.0 -9999.0 -9999.0 -9999.0 -9999.0 -9999.0 -9999.0 -9999.0 -9999.0 -9999.0 -9999.0 -9999.0 -9999.0 -9999.0 -9999.0 -9999.0 -9999.0 -9999.0 -9999.0 -9999.0 -9999.0 -9999.0 -9999.0 -9999.0 -9999.0 -9999.0 -9999.0 -9999.0 -9999.0 -9999.0 -9999.0 -9999.0 -9999.0 -9999.0 -9999.0 -9999.0 -9999.0 -9999.0 -9999.0 -9999.0 -9999.0 -9999.0 -9999.0 -9999.0 -9999.0 -9999.0 -9999.0 -9999.0 -9999.0 -9999.0 -9999.0 -9999.0 -9999.0 -9999.0 -9999.0
-9999.0 -9999.0 -9999.0 -9999.0 -9999.0 -9999.0 -9999.0 -9999.0 -9999.0 -9999.0 -9999.0 -9999.0 -9999.0 -9999.0 -9999.0 -9999.0 -9999.0 -9999.0 -9999.0 -9999.0 -9999.0 -9999.0 -9999.0 -9999.0 -9999.0 -9999.0 -9999.0 -9999.0 -9999.0 -9999.0 -9999.0 -9999.0 -9999.0 -9999.0 -9999.0 -9999.0 -9999.0 -9999.0 -9999.0 -9999.0 -9999.0 -9999.0 -9999.0 -9999.0 -9999.0 -9999.0 -9999.0 -9999.0 -9999.0 -9999.0 -9999.0 -9999.0 -9999.0 -9999.0 -9999.0 -9999.0 -9999.0 -9999.0 -9999.0 -9999.0 -9999.0 -9999.0 -9999.0 -9999.0 -9999.0 -9999.0 -9999.0 -9999.0 -9999.0 -9999.0 -9999.0 -9999.0 -9999.0 -9999.0 -9999.0 -9999.0 -9999.0 -9999.0 -9999.0 -9999.0
-9999.0 -9999.0 -9999.0 -9999.0 -9999.0 -9999.0 -9999.0 -9999.0 -9999.0 -9999.0 -9999.0 -9999.0 -9999.0 -9999.0 -9999.0 -9999.0 -9999.0 -9999.0 -9999.0 -9999.0 0.153266 0.154859 0.143499 0.129237 0.119384 0.119809 0.131916 0.149663 0.169769 0.175994 0.164967 0.165396 0.162192 0.162072 0.163674 0.166824 0.168049 0.174951 0.180201 0.179991 0.176038 0.172386 0.171268 0.173437 0.176458 0.171483 0.179830 0.190056 0.194815 0.191575 0.174126 0.164992 0.160853 0.153601 0.167338 0.175382 0.190861 0.194269 0.193901 0.176236 0.158807 -9999.0 -9999.0 -9999.0 -9999.0 -9999.0 -9999.0 -9999.0 -9999.0 -9999.0 -9999.0 -9999.0 -9999.0 -9999.0 -9999.0 -9999.0 -9999.0 -9999.0 -9999.0 -9999.0
-9999.0 -9999.0 -9999.0 -9999.0 -9999.0 -9999.0 -9999.0 -9999.0 -9999.0 -9999.0 -9999.0 -9999.0 -9999.0 -9999.0 0.117621 0.114516 0.113530 0.115804 0.126524 0.138000 0.143533 0.139925 0.139677 0.129913 0.122633 0.127300 0.138468 0.152665 0.170992 0.183475 0.174896 0.172869 0.179231 0.197780 0.208254 0.205967 0.190565 0.206289 0.218274 0.225555 0.224589 0.217787 0.229215 0.242095 0.236786 0.223088 0.225494 0.234642 0.246784 0.235250 0.187756 0.174539 0.173434 0.170095 0.163075 0.159808 0.174533 0.175727 0.171148 0.161226 0.145175 0.127202 0.121332 0.135569 0.156829 0.193024 -9999.0 -9999.0 -9999.0 -9999.0 -9999.0 -9999.0 -9999.0 -9999.0 -9999.0 -9999.0 -9999.0 -9999.0 -9999.0 -9999.0
-9999.0 -9999.0 -9999.0 -9999.0 -9999.0 -9999.0 -9999.0 -9999.0 -9999.0 0.103540 0.104178 0.105630 0.105881 0.109469 0.108981 0.110567 0.112558 0.119851 0.130320 0.144754 0.158946 0.153163 0.152911 0.159169 0.162987 0.169997 0.182081 0.209361 0.241098 0.273387 0.250381 0.248321 0.263183 0.300750 0.325621 0.331188 0.320283 0.321238 0.335053 0.346689 0.346558 0.345893 0.353879 0.357369 0.359113 0.354726 0.348622 0.347210 0.354952 0.336194 0.298407 0.257081 0.258617 0.234543 0.203518 0.188081 0.186583 0.202951 0.192866 0.169408 0.150051 0.146112 0.139075 0.146673 0.158636 0.187924 0.216280 0.239517 0.240510 0.227140 -9999.0 -9999.0 -9999.0 -9999.0 -9999.0 -9999.0 -9999.0 -9999.0 -9999.0 -9999.0
-9999.0 -9999.0 -9999.0 -9999.0 -9999.0 -9999.0 0.090587 0.091668 0.094411 0.095248 0.099234 0.100551 0.104607 0.108927 0.113987 0.118747 0.128966 0.141728 0.161994 0.188572 0.210820 0.206995 0.213597 0.239583 0.273995 0.298198 0.313358 0.334269 0.360150 0.366267 0.367398 0.367753 0.368365 0.369875 0.370000 0.370000 0.370000 0.370000 0.370000 0.370000 0.370000 0.370000 0.370000 0.370000 0.370000 0.370000 0.370000 0.370000 0.370000 0.370000 0.369969 0.368331 0.364937 0.356668 0.324890 0.284623 0.283371 0.295453 0.273393 0.232466 0.201155 0.194608 0.185602 0.177008 0.181008 0.194905 0.213057 0.222760 0.214138 0.199693 0.184178 0.166630 0.167922 0.184234 -9999.0 -9999.0 -9999.0 -9999.0 -9999.0 -9999.0
-9999.0 -9999.0 -9999.0 -9999.0 0.085130 0.086297 0.085139 0.087435 0.091176 0.095890 0.101587 0.109751 0.116820 0.126013 0.142344 0.161122 0.186835 0.210010 0.251576 0.303087 0.333491 0.345576 0.350734 0.364116 0.369026 0.369964 0.370000 0.370000 0.370000 0.370000 0.370000 0.370000 0.370000 0.370000 0.370000 0.370000 0.370000 0.370000 0.370000 0.370000 0.370000 0.370000 0.370000 0.370000 0.370000 0.370000 0.370000 0.370000 0.370000 0.370000 0.370000 0.370000 0.370000 0.370000 0.370000 0.370000 0.369113 0.367890 0.362044 0.348160 0.315238 0.299076 0.276775 0.258088 0.235048 0.236999 0.240753 0.226588 0.204803 0.183465 0.174620 0.164071 0.158964 0.176945 0.189000 0.211919 -9999.0 -9999.0 -9999.0 -9999.0
-9999.0 -9999.0 0.080536 0.084471 0.090419 0.091455 0.091740 0.092282 0.096139 0.105559 0.128095 0.150090 0.174298 0.192539 0.235671 0.299697 0.341548 0.357027 0.366128 0.369641 0.370000 0.370000 0.370000 0.370000 0.370000 0.370000 0.370000 0.370000 0.370000 0.370000 0.370000 0.370000 0.370000 0.370000 0.370000 0.370000 0.370000 0.370000 0.370000 0.370000 0.370000 0.370000 0.370000 0.370000 0.370000 0.370000 0.370000 0.370000 0.370000 0.370000 0.370000 0.370000 0.370000 0.370000 0.370000 0.370000 0.370000 0.370000 0.370000 0.370000 0.369967 0.368688 0.364007 0.353074 0.334024 0.318169 0.289343 0.260643 0.227123 0.195184 0.180611 0.169972 0.169417 0.170524 0.181100 0.192167 0.203613 0.209648 -9999.0 -9999.0
-9999.0 0.075505 0.078988 0.090166 0.102827 0.113288 0.126021 0.137089 0.146778 0.152026 0.219832 0.301798 0.348151 0.355988 0.364984 0.369912 0.370000 0.370000 0.370000 0.370000 0.370000 0.370000 0.370000 0.370000 0.370000 0.370000 0.370000 0.370000 0.370000 0.370000 0.370000 0.370000 0.370000 0.370000 0.370000 0.370000 0.370000 0.370000 0.370000 0.370000 0.370000 0.370000 0.370000 0.370000 0.370000 0.370000 0.370000 0.370000 0.370000 0.370000 0.370000 0.370000 0.370000 0.370000 0.370000 0.370000 0.370000 0.370000 0.370000 0.370000 0.370000 0.370000 0.370000 0.369997 0.369119 0.362873 0.349940 0.328294 0.290937 0.264405 0.242085 0.203506 0.188165 0.190389 0.184817 0.183756 0.188735 0.193428 -9999.0 -9999.0
-9999.0 0.073270 0.079149 0.099544 0.143630 0.175533 0.261945 0.321100 0.334126 0.321529 0.360922 0.370000 0.370000 0.370000 0.370000 0.370000 0.370000 0.370000 0.370000 0.370000 0.370000 0.370000 0.370000 0.370000 0.370000 0.370000 0.370000 0.370000 0.370000 0.370000 0.370000 0.370000 0.370000 0.370000 0.370000 0.370000 0.370000 0.370000 0.370000 0.370000 0.370000 0.370000 0.370000 0.370000 0.370000 0.370000 0.370000 0.370000 0.370000 0.370000 0.370000 0.370000 0.370000 0.370000 0.370000 0.370000 0.370000 0.370000 0.370000 0.370000 0.370000 0.370000 0.370000 0.370000 0.370000 0.370000 0.369805 0.368102 0.360913 0.349676 0.330846 0.297341 0.255252 0.235668 0.206558 0.191869 -9999.0 -9999.0 -9999.0 -9999.0
-9999.0 0.071846 0.078461 0.115831 0.261601 0.340334 0.369944 0.370000 0.370000 0.370000 0.370000 0.370000 0.370000 0.370000 0.370000 0.370000 0.370000 0.370000 0.370000 0.370000 0.370000 0.370000 0.370000 0.370000 0.370000 0.370000 0.370000 0.370000 0.370000 0.370000 0.370000 0.370000 0.370000 0.369999 0.369663 0.368749 0.365102 0.364321 0.362518 0.356322 0.351209 0.347023 0.352335 0.351118 0.350808 0.353895 0.359354 0.362198 0.366744 0.368778 0.369840 0.370000 0.370000 0.370000 0.370000 0.370000 0.370000 0.370000 0.370000 0.370000 0.370000 0.370000 0.370000 0.370000 0.370000 0.370000 0.370000 0.370000 0.370000 0.369961 0.368822 0.362764 0.346680 0.304170 0.275863 -9999.0 -9999.0 -9999.0 -9999.0 -9999.0
-9999.0 0.069747 0.075242 0.105837 0.294876 0.370000 0.370000 0.370000 0.370000 0.370000 0.370000 0.370000 0.370000 0.370000 0.370000 0.370000 0.370000 0.370000 0.370000 0.370000 0.370000 0.370000 0.370000 0.370000 0.370000 0.370000 0.370000 0.370000 0.370000 0.369963 0.367703 0.366052 0.353329 0.324214 0.295947 0.261830 0.222776 0.221831 0.233799 0.220998 0.204918 0.191850 0.209394 0.220119 0.227908 0.220466 0.226546 0.252258 0.287611 0.314089 0.338174 0.355461 0.364014 0.368485 0.369660 0.370000 0.370000 0.370000 0.370000 0.370000 0.370000 0.370000 0.370000 0.370000 0.370000 0.370000 0.370000 0.370000 0.370000 0.370000 0.370000 0.370000 0.369411 -9999.0 -9999.0 -9999.0 -9999.0 -9999.0 -9999.0 -9999.0
-9999.0 0.068696 0.071036 0.079459 0.133523 0.282098 0.358182 0.369266 0.369999 0.369999 0.370000 0.370000 0.370000 0.370000 0.370000 0.370000 0.369995 0.369992 0.369989 0.369861 0.369303 0.368758 0.368753 0.368444 0.366757 0.365217 0.363865 0.359989 0.349791 0.327361 0.274717 0.225389 0.183251 0.162321 0.147253 0.133193 0.119453 0.122985 0.128329 0.126565 0.122144 0.120493 0.130764 0.137921 0.142161 0.136108 0.143773 0.156632 0.180286 0.207363 0.241568 0.280711 0.314191 0.329436 0.336099 0.347435 0.359369 0.367235 0.369981 0.370000 0.370000 0.370000 0.370000 0.370000 0.370000 0.370000 0.370000 0.370000 0.370000 0.370000 0.370000 -9999.0 -9999.0 -9999.0 -9999.0 -9999.0 -9999.0 -9999.0 -9999.0 -9999.0
-9999.0 -9999.0 0.068690 0.070418 0.073833 0.083558 0.103470 0.131855 0.161415 0.212195 0.275888 0.322943 0.341904 0.347836 0.339818 0.317016 0.299241 0.299683 0.293905 0.283525 0.264827 0.258113 0.251817 0.246482 0.236000 0.230439 0.226894 0.219288 0.203429 0.173251 0.145075 0.124527 0.108864 0.103367 0.099148 0.095279 0.094634 0.094490 0.095624 0.095791 0.096559 0.098496 0.102462 0.107002 0.109165 0.110711 0.113966 0.120851 0.132352 0.149723 0.177997 0.215116 0.242679 0.250188 0.241142 0.244427 0.260180 0.291451 0.339829 0.363814 0.369714 0.370000 0.370000 0.370000 0.370000 0.370000 0.370000 0.370000 0.370000 0.370000 -9999.0 -9999.0 -9999.0 -9999.0 -9999.0 -9999.0 -9999.0 -9999.0 -9999.0 -9999.0
-9999.0 -9999.0 -9999.0 -9999.0 0.069025 0.070629 0.072270 0.074483 0.079874 0.088709 0.102041 0.119951 0.137216 0.146769 0.140584 0.136845 0.133183 0.132184 0.129221 0.126851 0.124579 0.122114 0.119010 0.116834 0.116550 0.117501 0.117035 0.113521 0.109704 0.103283 0.098511 0.092909 0.088185 0.085186 0.084016 0.083391 0.083430 0.083016 0.083843 0.084365 0.085744 0.087335 0.090133 0.093961 0.095823 0.098157 0.099886 0.104024 0.110919 0.126689 0.152850 0.184379 0.206324 0.207264 0.187041 0.175393 0.172092 0.188139 0.219678 0.270545 0.333030 0.357430 0.367338 0.369654 0.369996 0.370000 0.370000 0.370000 -9999.0 -9999.0 -9999.0 -9999.0 -9999.0 -9999.0 -9999.0 -9999.0 -9999.0 -9999.0 -9999.0 -9999.0
-9999.0 -9999.0 -9999.0 -9999.0 -9999.0 -9999.0 0.068650 0.069273 0.070163 0.071990 0.074870 0.078809 0.083787 0.085806 0.087254 0.089609 0.088965 0.087158 0.085597 0.087199 0.088091 0.087618 0.084977 0.084822 0.085107 0.086047 0.085971 0.085406 0.083229 0.083821 0.083642 0.081825 0.080032 0.079140 0.078488 0.079063 0.079124 0.078434 0.078604 0.080157 0.081494 0.082518 0.084436 0.087739 0.091615 0.093554 0.093647 0.094553 0.101868 0.119382 0.146036 0.173966 0.192712 0.196472 0.175983 0.151593 0.140247 0.141894 0.156946 0.186109 0.238585 0.272962 0.293682 0.307769 0.324177 0.360200 -9999.0 -9999.0 -9999.0 -9999.0 -9999.0 -9999.0 -9999.0 -9999.0 -9999.0 -9999.0 -9999.0 -9999.0 -9999.0 -9999.0
-9999.0 -9999.0 -9999.0 -9999.0 -9999.0 -9999.0 -9999.0 -9999.0 -9999.0 -9999.0 -9999.0 -9999.0 -9999.0 -9999.0 -9999.0 -9999.0 -9999.0 -9999.0 -9999.0 -9999.0 -9999.0 -9999.0 -9999.0 -9999.0 -9999.0 -9999.0 -9999.0 -9999.0 -9999.0 -9999.0 -9999.0 -9999.0 -9999.0 -9999.0 -9999.0 -9999.0 -9999.0 -9999.0 -9999.0 -9999.0 -9999.0 -9999.0 -9999.0 -9999.0 -9999.0 -9999.0 -9999.0 -9999.0 -9999.0 -9999.0 -9999.0 -9999.0 -9999.0 -9999.0 -9999.0 -9999.0 -9999.0 -9999.0 -9999.0 -9999.0 -9999.0 -9999.0 -9999.0 -9999.0 -9999.0 -9999.0 -9999.0 -9999.0 -9999.0 -9999.0 -9999.0 -9999.0 -9999.0 -9999.0 -9999.0 -9999.0 -9999.0 -9999.0 -9999.0 -9999.0
-9999.0 -9999.0 -9999.0 -9999.0 -9999.0 -9999.0 -9999.0 -9999.0 -9999.0 -9999.0 -9999.0 -9999.0 -9999.0 -9999.0 -9999.0 -9999.0 -9999.0 -9999.0 -9999.0 -9999.0 -9999.0 -9999.0 -9999.0 -9999.0 -9999.0 -9999.0 -9999.0 -9999.0 -9999.0 -9999.0 -9999.0 -9999.0 -9999.0 -9999.0 -9999.0 -9999.0 -9999.0 -9999.0 -9999.0 -9999.0 -9999.0 -9999.0 -9999.0 -9999.0 -9999.0 -9999.0 -9999.0 -9999.0 -9999.0 -9999.0 -9999.0 -9999.0 -9999.0 -9999.0 -9999.0 -9999.0 -9999.0 -9999.0 -9999.0 -9999.0 -9999.0 -9999.0 -9999.0 -9999.0 -9999.0 -9999.0 -9999.0 -9999.0 -9999.0 -9999.0 -9999.0 -9999.0 -9999.0 -9999.0 -9999.0 -9999.0 -9999.0 -9999.0 -9999.0 -9999.0