Borden_/Borden1m_014/output_maps/thetaliqL0003N0021.asc
ncols         80
nrows         18
xllcorner     620200.000000
yllcorner     5168000.000000
cellsize      1.000000
NODATA_value  -9999.0
-9999.0 -9999.0 -9999.0 -9999.0 -9999.0 -9999.0 -9999.0 -9999.0 -9999.0 -9999.0 -9999.0 -9999.0 -9999.0 -9999.0 -9999.0 -9999.0 -9999.0 -9999.0 -9999.0 -9999.0 -9999.0 -9999.0 -9999.0 -9999.0 -9999.0 -9999.0 -9999.0 -9999.0 -9999.0 -9999.0 -9999.0 -9999.0 -9999.0 -9999.0 -9999.0 -9999.0 -9999.0 -9999.0 -9999.0 -9999.0 -9999.0 -9999.0 -9999.0 -9999.0 -9999.0 -9999.0 -9999.0 -9999.0 -9999.0 -9999.0 -9999.0 -9999.0 -9999.0 -9999.0 -9999.0 -9999.0 -9999.0 -9999.0 -9999.0 -9999.0 -9999.0 -9999.0 -9999.0 -9999.0 -9999.0 -9999.0 -9999.0 -9999.0 -9999.0 -9999.0 -9999.0 -9999.0 -9999.0 -9999.0 -9999.0 -9999.0 -9999.0 -9999.0 -9999.0 -9999.0
-9999.0 -9999.0 -9999.0 -9999.0 -9999.0 -9999.0 -9999.0 -9999.0 -9999.0 -9999.0 -9999.0 -9999.0 -9999.0 -9999.0 -9999.0 -9999.0 -9999.0 -9999.0 -9999.0 -9999.0 -9999.0 -9999.0 -9999.0 -9999.0 -9999.0 -9999.0 -9999.0 -9999.0 -9999.0 -9999.0 -9999.0 -9999.0 -9999.0 -9999.0 -9999.0 -9999.0 -9999.0 -9999.0 -9999.0 -9999.0 -9999.0 -9999.0 -9999.0 -9999.0 -9999.0 -9999.0 -9999.0 -9999.0 -9999.0 -9999.0 -9999.0 -9999.0 -9999.0 -9999.0 -9999.0 -9999.0 -9999.0 -9999.0 -9999.0 -9999.0 -9999.0 -9999.0 -9999.0 -9999.0 -9999.0 -9999.0 -9999.0 -9999.0 -9999.0 -9999.0 -9999.0 -9999.0 -9999.0 -9999.0 -9999.0 -9999.0 -9999.0 -9999.0 -9999.0 -9999.0
-9999.0 -9999.0 -9999.0 -9999.0 -9999.0 -9999.0 -9999.0 -9999.0 -9999.0 -9999.0 -9999.0 -9999.0 -9999.0 -9999.0 -9999.0 -9999.0 -9999.0 -9999.0 -9999.0 -9999.0 0.221317 0.222331 0.220143 0.217657 0.215560 0.215290 0.217625 0.220326 0.223454 0.224055 0.221510 0.222151 0.221150 0.220557 0.220488 0.221201 0.221565 0.222558 0.223184 0.222870 0.222093 0.221555 0.221067 0.221215 0.222096 0.220880 0.222628 0.224337 0.224924 0.224934 0.222654 0.221732 0.221389 0.219405 0.222987 0.224019 0.226659 0.226911 0.227402 0.224440 0.221533 -9999.0 -9999.0 -9999.0 -9999.0 -9999.0 -9999.0 -9999.0 -9999.0 -9999.0 -9999.0 -9999.0 -9999.0 -9999.0 -9999.0 -9999.0 -9999.0 -9999.0 -9999.0 -9999.0
-9999.0 -9999.0 -9999.0 -9999.0 -9999.0 -9999.0 -9999.0 -9999.0 -9999.0 -9999.0 -9999.0 -9999.0 -9999.0 -9999.0 0.217343 0.216155 0.215597 0.215222 0.217319 0.218961 0.218995 0.217752 0.218777 0.216374 0.214241 0.215513 0.217319 0.218784 0.221250 0.223144 0.221374 0.220937 0.221873 0.225247 0.226729 0.226003 0.222014 0.225789 0.227686 0.228899 0.228730 0.226893 0.229402 0.232358 0.230826 0.227700 0.228406 0.230179 0.233063 0.231605 0.221840 0.220896 0.221408 0.221632 0.220314 0.219370 0.222989 0.222465 0.221886 0.221270 0.219196 0.215829 0.214322 0.217837 0.220946 0.227392 -9999.0 -9999.0 -9999.0 -9999.0 -9999.0 -9999.0 -9999.0 -9999.0 -9999.0 -9999.0 -9999.0 -9999.0 -9999.0 -9999.0
-9999.0 -9999.0 -9999.0 -9999.0 -9999.0 -9999.0 -9999.0 -9999.0 -9999.0 0.215437 0.215106 0.215426 0.214626 0.215652 0.213873 0.214271 0.213922 0.215363 0.216502 0.218507 0.221221 0.219196 0.218922 0.220319 0.220433 0.220954 0.222153 0.226637 0.231746 0.239889 0.232823 0.232484 0.236255 0.250651 0.263450 0.266990 0.260622 0.260633 0.268743 0.278203 0.277717 0.276777 0.286730 0.292498 0.296608 0.287771 0.279322 0.277932 0.290070 0.269392 0.250464 0.234708 0.235887 0.230709 0.225105 0.223078 0.222296 0.226416 0.224871 0.221147 0.218137 0.219108 0.217399 0.219097 0.220250 0.225141 0.229580 0.233927 0.234133 0.231356 -9999.0 -9999.0 -9999.0 -9999.0 -9999.0 -9999.0 -9999.0 -9999.0 -9999.0 -9999.0
-9999.0 -9999.0 -9999.0 -9999.0 -9999.0 -9999.0 0.213431 0.213279 0.213931 0.211738 0.213229 0.212142 0.213215 0.213657 0.214358 0.214332 0.216117 0.217696 0.220410 0.224074 0.227531 0.225610 0.226482 0.231412 0.241634 0.251428 0.257436 0.268022 0.301229 0.332510 0.345489 0.351658 0.359657 0.363200 0.367193 0.369629 0.366908 0.365560 0.366476 0.368357 0.369881 0.369887 0.369910 0.369934 0.369982 0.369975 0.368526 0.367371 0.367019 0.366685 0.363930 0.358626 0.324028 0.292211 0.262607 0.246289 0.243223 0.245686 0.239090 0.230234 0.225068 0.225103 0.224120 0.222243 0.223185 0.225172 0.228249 0.230202 0.228726 0.226727 0.225253 0.222035 0.222553 0.225675 -9999.0 -9999.0 -9999.0 -9999.0 -9999.0 -9999.0
-9999.0 -9999.0 -9999.0 -9999.0 0.210158 0.211137 0.208163 0.209815 0.211067 0.211998 0.211918 0.213570 0.213979 0.215159 0.217714 0.219652 0.223292 0.226061 0.233945 0.251249 0.267930 0.277699 0.282785 0.322070 0.359734 0.364282 0.365235 0.366563 0.368639 0.369988 0.369988 0.369999 0.370000 0.370000 0.370000 0.370000 0.370000 0.370000 0.370000 0.370000 0.370000 0.370000 0.370000 0.370000 0.370000 0.370000 0.370000 0.370000 0.370000 0.370000 0.370000 0.369996 0.369468 0.368406 0.367496 0.365465 0.360337 0.352928 0.306632 0.279757 0.256356 0.247688 0.239640 0.235670 0.230369 0.231406 0.232950 0.230249 0.226748 0.223467 0.223094 0.221672 0.220045 0.224091 0.225498 0.229880 -9999.0 -9999.0 -9999.0 -9999.0
-9999.0 -9999.0 0.210041 0.210045 0.212685 0.210988 0.209943 0.208501 0.209038 0.211546 0.216269 0.218216 0.221412 0.223173 0.230914 0.251266 0.274758 0.293571 0.338985 0.361330 0.365705 0.367781 0.369817 0.369963 0.369997 0.370000 0.370000 0.370000 0.370000 0.370000 0.370000 0.370000 0.370000 0.370000 0.370000 0.370000 0.370000 0.370000 0.370000 0.370000 0.370000 0.370000 0.370000 0.370000 0.370000 0.370000 0.370000 0.370000 0.370000 0.370000 0.370000 0.370000 0.370000 0.370000 0.370000 0.370000 0.369996 0.369634 0.368966 0.367550 0.363191 0.358391 0.321066 0.286188 0.263878 0.253159 0.242441 0.235807 0.229786 0.224273 0.222639 0.221680 0.222470 0.221889 0.224043 0.225656 0.228079 0.228988 -9999.0 -9999.0
-9999.0 0.209258 0.208290 0.212923 0.213607 0.214463 0.215522 0.216444 0.217704 0.215984 0.228988 0.254658 0.281131 0.290760 0.329328 0.363105 0.369818 0.369958 0.369989 0.370000 0.370000 0.370000 0.370000 0.370000 0.370000 0.370000 0.370000 0.370000 0.370000 0.370000 0.370000 0.370000 0.370000 0.370000 0.370000 0.370000 0.370000 0.370000 0.370000 0.370000 0.370000 0.370000 0.370000 0.370000 0.370000 0.370000 0.370000 0.370000 0.370000 0.370000 0.370000 0.370000 0.370000 0.370000 0.370000 0.370000 0.370000 0.370000 0.370000 0.370000 0.369965 0.369592 0.368162 0.364596 0.359096 0.317897 0.279393 0.258431 0.242580 0.236630 0.232960 0.225378 0.223497 0.225174 0.224188 0.224075 0.225026 0.225767 -9999.0 -9999.0
-9999.0 0.204705 0.208932 0.213805 0.220032 0.220738 0.242809 0.263754 0.270074 0.259521 0.308488 0.369845 0.369992 0.369994 0.370000 0.370000 0.370000 0.370000 0.370000 0.370000 0.370000 0.370000 0.370000 0.370000 0.370000 0.370000 0.370000 0.370000 0.370000 0.370000 0.370000 0.370000 0.370000 0.370000 0.369999 0.369998 0.369994 0.369725 0.368878 0.367814 0.367235 0.368166 0.367722 0.366841 0.366624 0.367754 0.368952 0.368840 0.369134 0.369633 0.369932 0.370000 0.370000 0.370000 0.370000 0.370000 0.370000 0.370000 0.370000 0.370000 0.370000 0.370000 0.370000 0.369938 0.369270 0.365992 0.361897 0.356185 0.305740 0.280745 0.261830 0.245638 0.234303 0.231917 0.226415 0.225615 -9999.0 -9999.0 -9999.0 -9999.0
-9999.0 0.204353 0.208462 0.217776 0.242032 0.278433 0.359949 0.368950 0.370000 0.369990 0.370000 0.370000 0.370000 0.370000 0.370000 0.370000 0.370000 0.370000 0.370000 0.370000 0.370000 0.370000 0.370000 0.370000 0.370000 0.370000 0.370000 0.370000 0.369988 0.369931 0.369782 0.369555 0.368790 0.364804 0.362374 0.359634 0.326419 0.317378 0.307987 0.291053 0.283525 0.278443 0.285293 0.283570 0.282925 0.286942 0.297529 0.306437 0.339654 0.359047 0.362746 0.366111 0.367883 0.369376 0.369893 0.370000 0.370000 0.370000 0.370000 0.370000 0.370000 0.370000 0.370000 0.370000 0.370000 0.369940 0.369672 0.368456 0.365017 0.361329 0.357064 0.318646 0.277100 0.248562 0.240844 -9999.0 -9999.0 -9999.0 -9999.0 -9999.0
-9999.0 0.198030 0.208426 0.216003 0.258377 0.361304 0.368336 0.370000 0.370000 0.370000 0.369991 0.370000 0.370000 0.370000 0.370000 0.370000 0.370000 0.370000 0.370000 0.370000 0.369987 0.369948 0.369939 0.369883 0.369666 0.369318 0.368938 0.368270 0.365766 0.362924 0.354051 0.332958 0.287546 0.262889 0.250029 0.238759 0.228726 0.229013 0.232260 0.229546 0.226605 0.223512 0.227271 0.229031 0.230711 0.228612 0.229162 0.234328 0.243061 0.252985 0.268722 0.290572 0.319688 0.358357 0.361884 0.365569 0.367912 0.369455 0.369970 0.370000 0.370000 0.370000 0.370000 0.370000 0.370000 0.370000 0.370000 0.370000 0.369760 0.368636 0.367443 0.365172 0.361021 -9999.0 -9999.0 -9999.0 -9999.0 -9999.0 -9999.0 -9999.0
-9999.0 0.194740 0.205781 0.207277 0.220987 0.253415 0.309691 0.362022 0.369830 0.365805 0.364831 0.366256 0.367564 0.368370 0.367491 0.365932 0.364570 0.364927 0.365124 0.363688 0.361714 0.360560 0.360304 0.357670 0.338861 0.323840 0.315195 0.300634 0.283074 0.264115 0.240564 0.229886 0.222694 0.220324 0.218562 0.216700 0.213127 0.215153 0.216693 0.216322 0.215195 0.214337 0.217052 0.218003 0.218863 0.216374 0.218109 0.219647 0.223177 0.226871 0.232268 0.240446 0.251308 0.259490 0.266260 0.278680 0.299520 0.350094 0.363654 0.368907 0.369909 0.370000 0.370000 0.370000 0.370000 0.370000 0.370000 0.370000 0.370000 0.369918 0.369542 -9999.0 -9999.0 -9999.0 -9999.0 -9999.0 -9999.0 -9999.0 -9999.0 -9999.0
-9999.0 -9999.0 0.192345 0.196749 0.200550 0.204654 0.210722 0.219137 0.225820 0.235321 0.249303 0.265576 0.276533 0.281773 0.274737 0.261065 0.253441 0.254020 0.251981 0.247974 0.240958 0.238284 0.236535 0.235177 0.232449 0.231339 0.230881 0.229886 0.227679 0.222745 0.218584 0.215771 0.212678 0.212846 0.212377 0.211322 0.212267 0.212029 0.212318 0.212165 0.212436 0.212949 0.213545 0.214390 0.214424 0.214674 0.214965 0.215879 0.217290 0.219191 0.222955 0.228598 0.233021 0.234094 0.231742 0.232437 0.235636 0.243579 0.271259 0.323151 0.361037 0.366541 0.369419 0.369923 0.369996 0.370000 0.370000 0.370000 0.370000 0.370000 -9999.0 -9999.0 -9999.0 -9999.0 -9999.0 -9999.0 -9999.0 -9999.0 -9999.0 -9999.0
-9999.0 -9999.0 -9999.0 -9999.0 0.190328 0.196618 0.202496 0.201892 0.206258 0.208976 0.211533 0.214646 0.217280 0.218990 0.216928 0.216548 0.216155 0.216454 0.215999 0.215487 0.215266 0.214929 0.214574 0.214096 0.214315 0.214803 0.214939 0.214123 0.214125 0.212627 0.212493 0.211626 0.210786 0.209784 0.210017 0.209930 0.210392 0.209897 0.210639 0.210199 0.210762 0.211006 0.211679 0.212798 0.212368 0.213013 0.213032 0.213866 0.214179 0.216462 0.220252 0.224747 0.227870 0.227727 0.223763 0.222129 0.221164 0.223628 0.227958 0.237694 0.264848 0.295412 0.350868 0.361754 0.364580 0.367466 0.369638 0.369998 -9999.0 -9999.0 -9999.0 -9999.0 -9999.0 -9999.0 -9999.0 -9999.0 -9999.0 -9999.0 -9999.0 -9999.0
-9999.0 -9999.0 -9999.0 -9999.0 -9999.0 -9999.0 0.193128 0.196324 0.195317 0.197802 0.200041 0.201777 0.204416 0.204105 0.204919 0.207032 0.206756 0.205761 0.204504 0.206359 0.207193 0.207380 0.205347 0.205929 0.206154 0.206930 0.206850 0.207202 0.205489 0.207580 0.208601 0.208238 0.207892 0.208302 0.207871 0.209168 0.209323 0.208286 0.207970 0.209457 0.209875 0.209649 0.209920 0.210922 0.212402 0.212620 0.211939 0.210984 0.212470 0.215974 0.220003 0.223656 0.226092 0.226915 0.223601 0.219192 0.217009 0.216690 0.218456 0.221917 0.230562 0.236856 0.242174 0.249835 0.258455 0.299409 -9999.0 -9999.0 -9999.0 -9999.0 -9999.0 -9999.0 -9999.0 -9999.0 -9999.0 -9999.0 -9999.0 -9999.0 -9999.0 -9999.0
-9999.0 -9999.0 -9999.0 -9999.0 -9999.0 -9999.0 -9999.0 -9999.0 -9999.0 -9999.0 -9999.0 -9999.0 -9999.0 -9999.0 -9999.0 -9999.0 -9999.0 -9999.0 -9999.0 -9999.0 -9999.0 -9999.0 -9999.0 -9999.0 -9999.0 -9999.0 -9999.0 -9999.0 -9999.0 -9999.0 -9999.0 -9999.0 -9999.0 -9999.0 -9999.0 -9999.0 -9999.0 -9999.0 -9999.0 -9999.0 -9999.0 -9999.0 -9999.0 -9999.0 -9999.0 -9999.0 -9999.0 -9999.0 -9999.0 -9999.0 -9999.0 -9999.0 -9999.0 -9999.0 -9999.0 -9999.0 -9999.0 -9999.0 -9999.0 -9999.0 -9999.0 -9999.0 -9999.0 -9999.0 -9999.0 -9999.0 -9999.0 -9999.0 -9999.0 -9999.0 -9999.0 -9999.0 -9999.0 -9999.0 -9999.0 -9999.0 -9999.0 -9999.0 -9999.0 -9999.0
-9999.0 -9999.0 -9999.0 -9999.0 -9999.0 -9999.0 -9999.0 -9999.0 -9999.0 -9999.0 -9999.0 -9999.0 -9999.0 -9999.0 -9999.0 -9999.0 -9999.0 -9999.0 -9999.0 -9999.0 -9999.0 -9999.0 -9999.0 -9999.0 -9999.0 -9999.0 -9999.0 -9999.0 -9999.0 -9999.0 -9999.0 -9999.0 -9999.0 -9999.0 -9999.0 -9999.0 -9999.0 -9999.0 -9999.0 -9999.0 -9999.0 -9999.0 -9999.0 -9999.0 -9999.0 -9999.0 -9999.0 -9999.0 -9999.0 -9999.0 -9999.0 -9999.0 -9999.0 -9999.0 -9999.0 -9999.0 -9999.0 -9999.0 -9999.0 -9999.0 -9999.0 -9999.0 -9999.0 -9999.0 -9999.0 -9999.0 -9999.0 -9999.0 -9999.0 -9999.0 -9999.0 -9999.0 -9999.0 -9999.0 -9999.0 -9999.0 -9999.0 -9999.0 -9999.0 -9999.0