Borden_/Borden1m_014/output_maps/thetaliqL0006N0004.asc
ncols         80
nrows         18
xllcorner     620200.000000
yllcorner     5168000.000000
cellsize      1.000000
NODATA_value  -9999.0
-9999.0 -9999.0 -9999.0 -9999.0 -9999.0 -9999.0 -9999.0 -9999.0 -9999.0 -9999.0 -9999.0 -9999.0 -9999.0 -9999.0 -9999.0 -9999.0 -9999.0 -9999.0 -9999.0 -9999.0 -9999.0 -9999.0 -9999.0 -9999.0 -9999.0 -9999.0 -9999.0 -9999.0 -9999.0 -9999.0 -9999.0 -9999.0 -9999.0 -9999.0 -9999.0 -9999.0 -9999.0 -9999.0 -9999.0 -9999.0 -9999.0 -9999.0 -9999.0 -9999.0 -9999.0 -9999.0 -9999.0 -9999.0 -9999.0 -9999.0 -9999.0 -9999.0 -9999.0 -9999.0 -9999.0 -9999.0 -9999.0 -9999.0 -9999.0 -9999.0 -9999.0 -9999.0 -9999.0 -9999.0 -9999.0 -9999.0 -9999.0 -9999.0 -9999.0 -9999.0 -9999.0 -9999.0 -9999.0 -9999.0 -9999.0 -9999.0 -9999.0 -9999.0 -9999.0 -9999.0
-9999.0 -9999.0 -9999.0 -9999.0 -9999.0 -9999.0 -9999.0 -9999.0 -9999.0 -9999.0 -9999.0 -9999.0 -9999.0 -9999.0 -9999.0 -9999.0 -9999.0 -9999.0 -9999.0 -9999.0 -9999.0 -9999.0 -9999.0 -9999.0 -9999.0 -9999.0 -9999.0 -9999.0 -9999.0 -9999.0 -9999.0 -9999.0 -9999.0 -9999.0 -9999.0 -9999.0 -9999.0 -9999.0 -9999.0 -9999.0 -9999.0 -9999.0 -9999.0 -9999.0 -9999.0 -9999.0 -9999.0 -9999.0 -9999.0 -9999.0 -9999.0 -9999.0 -9999.0 -9999.0 -9999.0 -9999.0 -9999.0 -9999.0 -9999.0 -9999.0 -9999.0 -9999.0 -9999.0 -9999.0 -9999.0 -9999.0 -9999.0 -9999.0 -9999.0 -9999.0 -9999.0 -9999.0 -9999.0 -9999.0 -9999.0 -9999.0 -9999.0 -9999.0 -9999.0 -9999.0
-9999.0 -9999.0 -9999.0 -9999.0 -9999.0 -9999.0 -9999.0 -9999.0 -9999.0 -9999.0 -9999.0 -9999.0 -9999.0 -9999.0 -9999.0 -9999.0 -9999.0 -9999.0 -9999.0 -9999.0 0.153261 0.154854 0.143496 0.129236 0.119383 0.119808 0.131914 0.149656 0.169749 0.175967 0.164947 0.165375 0.162172 0.162051 0.163650 0.166797 0.168020 0.174913 0.180155 0.179943 0.175995 0.172346 0.171228 0.173392 0.176408 0.171441 0.179778 0.189990 0.194744 0.191515 0.174094 0.164972 0.160837 0.153591 0.167322 0.175363 0.190834 0.194242 0.193877 0.176223 0.158802 -9999.0 -9999.0 -9999.0 -9999.0 -9999.0 -9999.0 -9999.0 -9999.0 -9999.0 -9999.0 -9999.0 -9999.0 -9999.0 -9999.0 -9999.0 -9999.0 -9999.0 -9999.0 -9999.0
-9999.0 -9999.0 -9999.0 -9999.0 -9999.0 -9999.0 -9999.0 -9999.0 -9999.0 -9999.0 -9999.0 -9999.0 -9999.0 -9999.0 0.117620 0.114516 0.113530 0.115804 0.126523 0.137997 0.143530 0.139922 0.139673 0.129911 0.122632 0.127298 0.138463 0.152652 0.170958 0.183418 0.174848 0.172822 0.179169 0.197671 0.208104 0.205815 0.190458 0.206138 0.218068 0.225287 0.224307 0.217524 0.228867 0.241642 0.236346 0.222748 0.225183 0.234319 0.246424 0.234991 0.187671 0.174491 0.173393 0.170064 0.163055 0.159793 0.174509 0.175704 0.171131 0.161216 0.145171 0.127201 0.121331 0.135568 0.156825 0.193010 -9999.0 -9999.0 -9999.0 -9999.0 -9999.0 -9999.0 -9999.0 -9999.0 -9999.0 -9999.0 -9999.0 -9999.0 -9999.0 -9999.0
-9999.0 -9999.0 -9999.0 -9999.0 -9999.0 -9999.0 -9999.0 -9999.0 -9999.0 0.103540 0.104178 0.105629 0.105881 0.109469 0.108981 0.110567 0.112558 0.119850 0.130318 0.144748 0.158933 0.153151 0.152898 0.159147 0.162957 0.169952 0.182004 0.209184 0.240687 0.272622 0.249723 0.247646 0.262333 0.299404 0.323447 0.328520 0.318104 0.319333 0.332524 0.343171 0.342609 0.341733 0.350005 0.353920 0.356195 0.351335 0.344667 0.343691 0.352241 0.333769 0.296999 0.256323 0.257978 0.234173 0.203359 0.187996 0.186511 0.202858 0.192803 0.169383 0.150042 0.146106 0.139072 0.146669 0.158630 0.187908 0.216253 0.239482 0.240481 0.227121 -9999.0 -9999.0 -9999.0 -9999.0 -9999.0 -9999.0 -9999.0 -9999.0 -9999.0 -9999.0
-9999.0 -9999.0 -9999.0 -9999.0 -9999.0 -9999.0 0.090587 0.091668 0.094411 0.095248 0.099234 0.100550 0.104607 0.108926 0.113986 0.118746 0.128964 0.141720 0.161969 0.188499 0.210671 0.206824 0.213360 0.239110 0.273100 0.296864 0.311628 0.331668 0.357392 0.364862 0.366384 0.366846 0.367541 0.369442 0.369987 0.369999 0.369983 0.369936 0.369984 0.370000 0.370000 0.370000 0.370000 0.370000 0.370000 0.370000 0.370000 0.369999 0.369997 0.369990 0.369681 0.367320 0.362900 0.353220 0.321450 0.283049 0.282275 0.294411 0.272709 0.232173 0.201038 0.194530 0.185555 0.176978 0.180982 0.194875 0.213020 0.222725 0.214116 0.199681 0.184172 0.166628 0.167921 0.184231 -9999.0 -9999.0 -9999.0 -9999.0 -9999.0 -9999.0
-9999.0 -9999.0 -9999.0 -9999.0 0.085130 0.086297 0.085139 0.087435 0.091176 0.095890 0.101586 0.109751 0.116819 0.126010 0.142333 0.161089 0.186726 0.209760 0.250967 0.301826 0.331616 0.342650 0.347162 0.361973 0.368298 0.369746 0.369904 0.369986 0.370000 0.370000 0.370000 0.370000 0.370000 0.370000 0.370000 0.370000 0.370000 0.370000 0.370000 0.370000 0.370000 0.370000 0.370000 0.370000 0.370000 0.370000 0.370000 0.370000 0.370000 0.370000 0.370000 0.370000 0.370000 0.370000 0.370000 0.369915 0.368280 0.366678 0.359300 0.344897 0.313470 0.297950 0.276127 0.257728 0.234861 0.236858 0.240643 0.226524 0.204774 0.183454 0.174614 0.164069 0.158963 0.176943 0.188998 0.211916 -9999.0 -9999.0 -9999.0 -9999.0
-9999.0 -9999.0 0.080536 0.084471 0.090419 0.091455 0.091740 0.092282 0.096139 0.105559 0.128091 0.150064 0.174190 0.192335 0.235161 0.298300 0.338441 0.354022 0.364653 0.369114 0.369941 0.369998 0.370000 0.370000 0.370000 0.370000 0.370000 0.370000 0.370000 0.370000 0.370000 0.370000 0.370000 0.370000 0.370000 0.370000 0.370000 0.370000 0.370000 0.370000 0.370000 0.370000 0.370000 0.370000 0.370000 0.370000 0.370000 0.370000 0.370000 0.370000 0.370000 0.370000 0.370000 0.370000 0.370000 0.370000 0.370000 0.370000 0.370000 0.370000 0.369655 0.367650 0.361814 0.351395 0.332735 0.317355 0.288886 0.260422 0.227038 0.195155 0.180598 0.169967 0.169413 0.170522 0.181098 0.192165 0.203611 0.209647 -9999.0 -9999.0
-9999.0 0.075505 0.078988 0.090166 0.102827 0.113288 0.126018 0.137071 0.146737 0.151977 0.219439 0.298974 0.345052 0.353323 0.363482 0.369516 0.370000 0.370000 0.370000 0.370000 0.370000 0.370000 0.370000 0.370000 0.370000 0.370000 0.370000 0.370000 0.370000 0.370000 0.370000 0.370000 0.370000 0.370000 0.370000 0.370000 0.370000 0.370000 0.370000 0.370000 0.370000 0.370000 0.370000 0.370000 0.370000 0.370000 0.370000 0.370000 0.370000 0.370000 0.370000 0.370000 0.370000 0.370000 0.370000 0.370000 0.370000 0.370000 0.370000 0.370000 0.370000 0.370000 0.370000 0.369850 0.368193 0.361396 0.348602 0.327241 0.290418 0.264166 0.241975 0.203475 0.188153 0.190382 0.184813 0.183754 0.188734 0.193427 -9999.0 -9999.0
-9999.0 0.073270 0.079149 0.099544 0.143627 0.175497 0.261264 0.318095 0.331001 0.318125 0.357814 0.370000 0.370000 0.370000 0.370000 0.370000 0.370000 0.370000 0.370000 0.370000 0.370000 0.370000 0.370000 0.370000 0.370000 0.370000 0.370000 0.370000 0.370000 0.370000 0.370000 0.370000 0.370000 0.370000 0.370000 0.370000 0.370000 0.370000 0.370000 0.370000 0.370000 0.370000 0.370000 0.369996 0.369994 0.370000 0.370000 0.370000 0.370000 0.370000 0.370000 0.370000 0.370000 0.370000 0.370000 0.370000 0.370000 0.370000 0.370000 0.370000 0.370000 0.370000 0.370000 0.370000 0.370000 0.369966 0.369350 0.366799 0.359025 0.348467 0.329999 0.296988 0.255152 0.235636 0.206548 0.191866 -9999.0 -9999.0 -9999.0 -9999.0
-9999.0 0.071846 0.078461 0.115831 0.261468 0.338864 0.369642 0.370000 0.370000 0.370000 0.370000 0.370000 0.370000 0.370000 0.370000 0.370000 0.370000 0.370000 0.370000 0.370000 0.370000 0.370000 0.370000 0.370000 0.370000 0.370000 0.370000 0.370000 0.370000 0.370000 0.370000 0.370000 0.370000 0.369909 0.369188 0.368017 0.363527 0.362439 0.359891 0.352750 0.347515 0.343084 0.348783 0.347950 0.347673 0.350304 0.356166 0.359240 0.364883 0.367828 0.369435 0.369943 0.369999 0.370000 0.370000 0.370000 0.370000 0.370000 0.370000 0.370000 0.370000 0.370000 0.370000 0.370000 0.370000 0.370000 0.370000 0.370000 0.369991 0.369660 0.367998 0.361689 0.346122 0.304025 0.275813 -9999.0 -9999.0 -9999.0 -9999.0 -9999.0
-9999.0 0.069747 0.075242 0.105837 0.294277 0.369917 0.370000 0.370000 0.370000 0.370000 0.370000 0.370000 0.370000 0.370000 0.370000 0.370000 0.370000 0.370000 0.370000 0.370000 0.370000 0.370000 0.370000 0.370000 0.370000 0.370000 0.370000 0.370000 0.369982 0.369679 0.366525 0.364534 0.350069 0.322091 0.294620 0.261016 0.222349 0.221447 0.233397 0.220721 0.204733 0.191712 0.209201 0.219897 0.227650 0.220208 0.226210 0.251721 0.286678 0.312774 0.336629 0.353746 0.361920 0.367291 0.369101 0.369909 0.370000 0.370000 0.370000 0.370000 0.370000 0.370000 0.370000 0.370000 0.370000 0.370000 0.370000 0.370000 0.370000 0.370000 0.370000 0.369966 0.368903 -9999.0 -9999.0 -9999.0 -9999.0 -9999.0 -9999.0 -9999.0
-9999.0 0.068696 0.071036 0.079459 0.133520 0.281403 0.356357 0.368621 0.369909 0.369889 0.369951 0.369996 0.370000 0.370000 0.370000 0.369976 0.369834 0.369854 0.369852 0.369543 0.368745 0.368057 0.368047 0.367627 0.365382 0.363255 0.361424 0.357009 0.347441 0.325699 0.273784 0.224971 0.183110 0.162274 0.147235 0.133186 0.119451 0.122983 0.128326 0.126562 0.122142 0.120492 0.130760 0.137916 0.142155 0.136103 0.143765 0.156615 0.180238 0.207252 0.241318 0.280186 0.313298 0.328209 0.334609 0.345515 0.356624 0.365565 0.369740 0.370000 0.370000 0.370000 0.370000 0.370000 0.370000 0.370000 0.370000 0.370000 0.370000 0.370000 0.370000 -9999.0 -9999.0 -9999.0 -9999.0 -9999.0 -9999.0 -9999.0 -9999.0 -9999.0
-9999.0 -9999.0 0.068690 0.070418 0.073833 0.083557 0.103442 0.131739 0.161099 0.211680 0.274664 0.320285 0.338275 0.344210 0.336329 0.314840 0.297782 0.298299 0.292604 0.282421 0.263963 0.257343 0.251116 0.245848 0.235488 0.230007 0.226527 0.219018 0.203277 0.173196 0.145062 0.124524 0.108863 0.103367 0.099148 0.095279 0.094634 0.094490 0.095624 0.095791 0.096559 0.098496 0.102462 0.107001 0.109165 0.110711 0.113965 0.120850 0.132350 0.149715 0.177969 0.215031 0.242508 0.249953 0.240893 0.244101 0.259633 0.290323 0.337791 0.361433 0.369155 0.369979 0.370000 0.370000 0.370000 0.370000 0.370000 0.370000 0.370000 0.370000 -9999.0 -9999.0 -9999.0 -9999.0 -9999.0 -9999.0 -9999.0 -9999.0 -9999.0 -9999.0
-9999.0 -9999.0 -9999.0 -9999.0 0.069025 0.070629 0.072270 0.074483 0.079874 0.088708 0.102040 0.119942 0.137188 0.146726 0.140555 0.136830 0.133173 0.132174 0.129214 0.126845 0.124575 0.122110 0.119008 0.116832 0.116549 0.117499 0.117034 0.113520 0.109704 0.103283 0.098511 0.092909 0.088185 0.085186 0.084016 0.083391 0.083430 0.083016 0.083843 0.084365 0.085744 0.087335 0.090133 0.093961 0.095823 0.098157 0.099886 0.104024 0.110919 0.126688 0.152845 0.184357 0.206276 0.207207 0.187000 0.175359 0.172054 0.188058 0.219444 0.269767 0.331355 0.355419 0.365912 0.369121 0.369841 0.370000 0.370000 0.370000 -9999.0 -9999.0 -9999.0 -9999.0 -9999.0 -9999.0 -9999.0 -9999.0 -9999.0 -9999.0 -9999.0 -9999.0
-9999.0 -9999.0 -9999.0 -9999.0 -9999.0 -9999.0 0.068650 0.069273 0.070163 0.071990 0.074870 0.078809 0.083787 0.085806 0.087254 0.089609 0.088965 0.087158 0.085597 0.087199 0.088091 0.087618 0.084977 0.084822 0.085107 0.086047 0.085971 0.085406 0.083229 0.083821 0.083642 0.081825 0.080032 0.079140 0.078488 0.079063 0.079124 0.078434 0.078604 0.080157 0.081494 0.082518 0.084436 0.087739 0.091615 0.093554 0.093647 0.094553 0.101868 0.119382 0.146033 0.173954 0.192688 0.196441 0.175964 0.151585 0.140242 0.141886 0.156924 0.186026 0.238247 0.272213 0.292384 0.305934 0.321580 0.357162 -9999.0 -9999.0 -9999.0 -9999.0 -9999.0 -9999.0 -9999.0 -9999.0 -9999.0 -9999.0 -9999.0 -9999.0 -9999.0 -9999.0
-9999.0 -9999.0 -9999.0 -9999.0 -9999.0 -9999.0 -9999.0 -9999.0 -9999.0 -9999.0 -9999.0 -9999.0 -9999.0 -9999.0 -9999.0 -9999.0 -9999.0 -9999.0 -9999.0 -9999.0 -9999.0 -9999.0 -9999.0 -9999.0 -9999.0 -9999.0 -9999.0 -9999.0 -9999.0 -9999.0 -9999.0 -9999.0 -9999.0 -9999.0 -9999.0 -9999.0 -9999.0 -9999.0 -9999.0 -9999.0 -9999.0 -9999.0 -9999.0 -9999.0 -9999.0 -9999.0 -9999.0 -9999.0 -9999.0 -9999.0 -9999.0 -9999.0 -9999.0 -9999.0 -9999.0 -9999.0 -9999.0 -9999.0 -9999.0 -9999.0 -9999.0 -9999.0 -9999.0 -9999.0 -9999.0 -9999.0 -9999.0 -9999.0 -9999.0 -9999.0 -9999.0 -9999.0 -9999.0 -9999.0 -9999.0 -9999.0 -9999.0 -9999.0 -9999.0 -9999.0
-9999.0 -9999.0 -9999.0 -9999.0 -9999.0 -9999.0 -9999.0 -9999.0 -9999.0 -9999.0 -9999.0 -9999.0 -9999.0 -9999.0 -9999.0 -9999.0 -9999.0 -9999.0 -9999.0 -9999.0 -9999.0 -9999.0 -9999.0 -9999.0 -9999.0 -9999.0 -9999.0 -9999.0 -9999.0 -9999.0 -9999.0 -9999.0 -9999.0 -9999.0 -9999.0 -9999.0 -9999.0 -9999.0 -9999.0 -9999.0 -9999.0 -9999.0 -9999.0 -9999.0 -9999.0 -9999.0 -9999.0 -9999.0 -9999.0 -9999.0 -9999.0 -9999.0 -9999.0 -9999.0 -9999.0 -9999.0 -9999.0 -9999.0 -9999.0 -9999.0 -9999.0 -9999.0 -9999.0 -9999.0 -9999.0 -9999.0 -9999.0 -9999.0 -9999.0 -9999.0 -9999.0 -9999.0 -9999.0 -9999.0 -9999.0 -9999.0 -9999.0 -9999.0 -9999.0 -9999.0