Borden_/Borden1m_014/output_maps/thetaliqL0005N0001.asc
ncols         80
nrows         18
xllcorner     620200.000000
yllcorner     5168000.000000
cellsize      1.000000
NODATA_value  -9999.0
-9999.0 -9999.0 -9999.0 -9999.0 -9999.0 -9999.0 -9999.0 -9999.0 -9999.0 -9999.0 -9999.0 -9999.0 -9999.0 -9999.0 -9999.0 -9999.0 -9999.0 -9999.0 -9999.0 -9999.0 -9999.0 -9999.0 -9999.0 -9999.0 -9999.0 -9999.0 -9999.0 -9999.0 -9999.0 -9999.0 -9999.0 -9999.0 -9999.0 -9999.0 -9999.0 -9999.0 -9999.0 -9999.0 -9999.0 -9999.0 -9999.0 -9999.0 -9999.0 -9999.0 -9999.0 -9999.0 -9999.0 -9999.0 -9999.0 -9999.0 -9999.0 -9999.0 -9999.0 -9999.0 -9999.0 -9999.0 -9999.0 -9999.0 -9999.0 -9999.0 -9999.0 -9999.0 -9999.0 -9999.0 -9999.0 -9999.0 -9999.0 -9999.0 -9999.0 -9999.0 -9999.0 -9999.0 -9999.0 -9999.0 -9999.0 -9999.0 -9999.0 -9999.0 -9999.0 -9999.0
-9999.0 -9999.0 -9999.0 -9999.0 -9999.0 -9999.0 -9999.0 -9999.0 -9999.0 -9999.0 -9999.0 -9999.0 -9999.0 -9999.0 -9999.0 -9999.0 -9999.0 -9999.0 -9999.0 -9999.0 -9999.0 -9999.0 -9999.0 -9999.0 -9999.0 -9999.0 -9999.0 -9999.0 -9999.0 -9999.0 -9999.0 -9999.0 -9999.0 -9999.0 -9999.0 -9999.0 -9999.0 -9999.0 -9999.0 -9999.0 -9999.0 -9999.0 -9999.0 -9999.0 -9999.0 -9999.0 -9999.0 -9999.0 -9999.0 -9999.0 -9999.0 -9999.0 -9999.0 -9999.0 -9999.0 -9999.0 -9999.0 -9999.0 -9999.0 -9999.0 -9999.0 -9999.0 -9999.0 -9999.0 -9999.0 -9999.0 -9999.0 -9999.0 -9999.0 -9999.0 -9999.0 -9999.0 -9999.0 -9999.0 -9999.0 -9999.0 -9999.0 -9999.0 -9999.0 -9999.0
-9999.0 -9999.0 -9999.0 -9999.0 -9999.0 -9999.0 -9999.0 -9999.0 -9999.0 -9999.0 -9999.0 -9999.0 -9999.0 -9999.0 -9999.0 -9999.0 -9999.0 -9999.0 -9999.0 -9999.0 0.107726 0.108481 0.103252 0.096813 0.092400 0.092589 0.098023 0.106079 0.115494 0.118536 0.113238 0.113417 0.111894 0.111875 0.112655 0.114134 0.114679 0.118023 0.120612 0.120529 0.118599 0.116816 0.116235 0.117300 0.118757 0.116402 0.120452 0.125576 0.128051 0.126357 0.117624 0.113210 0.111261 0.107895 0.114330 0.118221 0.125948 0.127705 0.127530 0.118649 0.110323 -9999.0 -9999.0 -9999.0 -9999.0 -9999.0 -9999.0 -9999.0 -9999.0 -9999.0 -9999.0 -9999.0 -9999.0 -9999.0 -9999.0 -9999.0 -9999.0 -9999.0 -9999.0 -9999.0
-9999.0 -9999.0 -9999.0 -9999.0 -9999.0 -9999.0 -9999.0 -9999.0 -9999.0 -9999.0 -9999.0 -9999.0 -9999.0 -9999.0 0.091613 0.090216 0.089773 0.090796 0.095598 0.100755 0.103271 0.101630 0.101517 0.097123 0.093874 0.095971 0.100997 0.107487 0.116124 0.122271 0.118019 0.117030 0.120170 0.129689 0.135384 0.134141 0.125979 0.134241 0.140950 0.145246 0.144677 0.140739 0.147519 0.155585 0.152186 0.143863 0.145192 0.150705 0.158600 0.151097 0.124500 0.117856 0.117331 0.115703 0.112364 0.110806 0.117800 0.118400 0.116174 0.111450 0.104032 0.095921 0.093297 0.099677 0.109417 0.127129 -9999.0 -9999.0 -9999.0 -9999.0 -9999.0 -9999.0 -9999.0 -9999.0 -9999.0 -9999.0 -9999.0 -9999.0 -9999.0 -9999.0
-9999.0 -9999.0 -9999.0 -9999.0 -9999.0 -9999.0 -9999.0 -9999.0 -9999.0 0.085287 0.085568 0.086224 0.086335 0.087951 0.087737 0.088450 0.089359 0.092619 0.097316 0.103853 0.110421 0.107719 0.107611 0.110592 0.112501 0.115895 0.121816 0.136121 0.155083 0.178151 0.161235 0.159851 0.170270 0.202555 0.231216 0.238602 0.224310 0.225553 0.244460 0.263293 0.262113 0.260460 0.277483 0.286125 0.291292 0.279155 0.265801 0.264075 0.283351 0.246482 0.200434 0.166011 0.166987 0.150867 0.132816 0.124642 0.123851 0.132392 0.127060 0.115380 0.106274 0.104489 0.101289 0.104715 0.110244 0.124482 0.139654 0.153643 0.154310 0.146010 -9999.0 -9999.0 -9999.0 -9999.0 -9999.0 -9999.0 -9999.0 -9999.0 -9999.0 -9999.0
-9999.0 -9999.0 -9999.0 -9999.0 -9999.0 -9999.0 0.079330 0.079832 0.081104 0.081498 0.083322 0.083929 0.085775 0.087732 0.089998 0.092149 0.096763 0.102545 0.111970 0.125041 0.136896 0.134862 0.138546 0.154241 0.178944 0.200461 0.216331 0.243129 0.296458 0.320418 0.327357 0.329707 0.334031 0.351870 0.364708 0.366534 0.364467 0.362125 0.364342 0.367373 0.367826 0.367803 0.368101 0.368476 0.369408 0.369283 0.367640 0.366292 0.365633 0.364776 0.355677 0.333068 0.312919 0.285117 0.228715 0.187414 0.186318 0.197331 0.178025 0.149565 0.131591 0.128104 0.123469 0.119124 0.121030 0.128052 0.137839 0.143373 0.138434 0.130571 0.122574 0.114007 0.114617 0.122603 -9999.0 -9999.0 -9999.0 -9999.0 -9999.0 -9999.0
-9999.0 -9999.0 -9999.0 -9999.0 0.076738 0.077297 0.076746 0.077841 0.079605 0.081792 0.084413 0.088127 0.091318 0.095458 0.102896 0.111739 0.124429 0.136731 0.162260 0.205231 0.243164 0.262435 0.271186 0.309851 0.340244 0.356937 0.360702 0.364149 0.367293 0.369575 0.369917 0.369967 0.370000 0.370000 0.370000 0.370000 0.370000 0.370000 0.370000 0.370000 0.370000 0.370000 0.370000 0.370000 0.370000 0.370000 0.370000 0.370000 0.370000 0.370000 0.370000 0.369874 0.368863 0.367795 0.366545 0.360781 0.339427 0.329830 0.301330 0.266613 0.218239 0.200983 0.180926 0.166591 0.151049 0.152146 0.154443 0.145633 0.133305 0.122218 0.117846 0.112782 0.110393 0.118989 0.125011 0.137229 -9999.0 -9999.0 -9999.0 -9999.0
-9999.0 -9999.0 0.074494 0.076429 0.079260 0.079751 0.079905 0.080163 0.081957 0.086269 0.096506 0.106657 0.118315 0.127480 0.152007 0.202136 0.254996 0.286459 0.319349 0.347585 0.361932 0.365949 0.367118 0.368851 0.369923 0.370000 0.370000 0.370000 0.370000 0.370000 0.370000 0.370000 0.370000 0.370000 0.370000 0.370000 0.370000 0.370000 0.370000 0.370000 0.370000 0.370000 0.370000 0.370000 0.370000 0.370000 0.370000 0.370000 0.370000 0.370000 0.370000 0.370000 0.370000 0.370000 0.370000 0.370000 0.369911 0.368965 0.368387 0.366127 0.354185 0.336011 0.311326 0.281210 0.244751 0.222581 0.191627 0.168166 0.146048 0.128251 0.120827 0.115608 0.115335 0.115876 0.121032 0.126630 0.132652 0.135940 -9999.0 -9999.0
-9999.0 0.071942 0.073733 0.079175 0.085037 0.089806 0.095717 0.100919 0.105377 0.107675 0.142694 0.203706 0.265990 0.282789 0.313920 0.353517 0.366657 0.368692 0.369558 0.369998 0.370000 0.370000 0.370000 0.370000 0.370000 0.370000 0.370000 0.370000 0.370000 0.370000 0.370000 0.370000 0.370000 0.370000 0.370000 0.370000 0.370000 0.370000 0.370000 0.370000 0.370000 0.370000 0.370000 0.370000 0.370000 0.370000 0.370000 0.370000 0.370000 0.370000 0.370000 0.370000 0.370000 0.370000 0.370000 0.370000 0.370000 0.370000 0.370000 0.370000 0.369988 0.368989 0.365989 0.358149 0.341025 0.310174 0.274624 0.236247 0.193314 0.171242 0.155625 0.132777 0.124651 0.125748 0.122886 0.122352 0.124870 0.127279 -9999.0 -9999.0
-9999.0 0.070765 0.073845 0.083626 0.103735 0.119093 0.171111 0.225520 0.242245 0.224938 0.295772 0.366858 0.369677 0.369790 0.370000 0.370000 0.370000 0.370000 0.370000 0.370000 0.370000 0.370000 0.370000 0.370000 0.370000 0.370000 0.370000 0.370000 0.370000 0.370000 0.370000 0.370000 0.370000 0.370000 0.369989 0.369917 0.369857 0.369580 0.368518 0.367095 0.366314 0.367982 0.367217 0.365360 0.364811 0.367077 0.368835 0.368361 0.368293 0.369052 0.369844 0.370000 0.370000 0.370000 0.370000 0.370000 0.370000 0.370000 0.370000 0.370000 0.370000 0.370000 0.370000 0.369925 0.368074 0.361017 0.350298 0.333201 0.303000 0.275080 0.240843 0.200072 0.164703 0.151388 0.134338 0.126475 -9999.0 -9999.0 -9999.0 -9999.0
-9999.0 0.069995 0.073541 0.091362 0.170407 0.258013 0.355763 0.368882 0.369937 0.370000 0.370000 0.370000 0.370000 0.370000 0.370000 0.370000 0.370000 0.370000 0.370000 0.370000 0.370000 0.370000 0.370000 0.370000 0.370000 0.370000 0.370000 0.370000 0.370000 0.369958 0.369614 0.369390 0.368420 0.358458 0.347580 0.337352 0.313692 0.310283 0.303007 0.284140 0.272317 0.263395 0.275246 0.273234 0.272475 0.278386 0.292477 0.301406 0.322117 0.336693 0.350956 0.361127 0.364940 0.368145 0.369698 0.370000 0.370000 0.370000 0.370000 0.370000 0.370000 0.370000 0.370000 0.370000 0.370000 0.369966 0.369641 0.367997 0.364033 0.355678 0.340775 0.313640 0.270870 0.207071 0.180305 -9999.0 -9999.0 -9999.0 -9999.0 -9999.0
-9999.0 0.068797 0.071902 0.087004 0.202490 0.363632 0.368832 0.370000 0.370000 0.370000 0.370000 0.370000 0.370000 0.370000 0.370000 0.370000 0.370000 0.370000 0.370000 0.370000 0.369988 0.369923 0.369919 0.369806 0.369419 0.368925 0.368468 0.367580 0.363069 0.354617 0.327405 0.319148 0.277289 0.229695 0.198376 0.169985 0.144393 0.143765 0.150890 0.143109 0.134057 0.127102 0.136433 0.142425 0.146980 0.142655 0.146225 0.162646 0.190239 0.217202 0.251047 0.286886 0.311740 0.334931 0.347120 0.359878 0.365738 0.368622 0.369990 0.370000 0.370000 0.370000 0.370000 0.370000 0.370000 0.370000 0.370000 0.370000 0.370000 0.369851 0.368742 0.364070 0.352151 -9999.0 -9999.0 -9999.0 -9999.0 -9999.0 -9999.0 -9999.0
-9999.0 0.068149 0.069564 0.074205 0.100580 0.191164 0.298083 0.347075 0.362306 0.360817 0.362334 0.365287 0.367621 0.368588 0.367099 0.363318 0.358585 0.359203 0.359323 0.353149 0.343454 0.337527 0.337650 0.334800 0.322476 0.314285 0.308768 0.295895 0.272339 0.234718 0.179676 0.146003 0.122946 0.112545 0.105411 0.098921 0.092634 0.094215 0.096640 0.095816 0.093789 0.093020 0.097647 0.100874 0.102806 0.100034 0.103518 0.109484 0.120897 0.134979 0.155244 0.184058 0.217463 0.237480 0.247529 0.267724 0.294242 0.324166 0.354955 0.367558 0.369809 0.370000 0.370000 0.370000 0.370000 0.370000 0.370000 0.370000 0.370000 0.370000 0.370000 -9999.0 -9999.0 -9999.0 -9999.0 -9999.0 -9999.0 -9999.0 -9999.0 -9999.0
-9999.0 -9999.0 0.068149 0.069210 0.071203 0.076418 0.086283 0.099801 0.113825 0.140061 0.182449 0.228952 0.255776 0.266409 0.252199 0.221192 0.202074 0.202636 0.197096 0.187609 0.172399 0.167446 0.163101 0.159510 0.152586 0.149057 0.146896 0.142405 0.133466 0.117884 0.104372 0.094958 0.087838 0.085325 0.083378 0.081574 0.081253 0.081194 0.081722 0.081794 0.082136 0.083019 0.084834 0.086886 0.087860 0.088542 0.090010 0.093105 0.098286 0.106190 0.119610 0.139079 0.155737 0.160756 0.154843 0.157091 0.168073 0.193553 0.253203 0.309027 0.347602 0.361866 0.368463 0.369853 0.369997 0.370000 0.370000 0.370000 0.370000 0.370000 -9999.0 -9999.0 -9999.0 -9999.0 -9999.0 -9999.0 -9999.0 -9999.0 -9999.0 -9999.0
-9999.0 -9999.0 -9999.0 -9999.0 0.068365 0.069340 0.070292 0.071533 0.074394 0.078799 0.085140 0.093407 0.101275 0.105704 0.102717 0.100828 0.099099 0.098679 0.097340 0.096194 0.095099 0.093972 0.092593 0.091596 0.091441 0.091846 0.091630 0.090031 0.088302 0.085317 0.083087 0.080473 0.078232 0.076790 0.076219 0.075907 0.075925 0.075725 0.076129 0.076377 0.077040 0.077801 0.079126 0.080910 0.081764 0.082835 0.083629 0.085519 0.088633 0.095707 0.107587 0.122702 0.134108 0.134632 0.124031 0.118290 0.116755 0.124785 0.141979 0.175918 0.242411 0.290919 0.326430 0.347188 0.357479 0.366174 0.369859 0.370000 -9999.0 -9999.0 -9999.0 -9999.0 -9999.0 -9999.0 -9999.0 -9999.0 -9999.0 -9999.0 -9999.0 -9999.0
-9999.0 -9999.0 -9999.0 -9999.0 -9999.0 -9999.0 0.068126 0.068512 0.069056 0.070107 0.071677 0.073730 0.076220 0.077189 0.077858 0.078967 0.078649 0.077792 0.077048 0.077811 0.078218 0.077995 0.076731 0.076650 0.076780 0.077235 0.077199 0.076923 0.075860 0.076133 0.076033 0.075139 0.074247 0.073796 0.073465 0.073754 0.073784 0.073437 0.073526 0.074303 0.074963 0.075466 0.076401 0.077983 0.079807 0.080706 0.080750 0.081173 0.084541 0.092434 0.104448 0.117550 0.126898 0.128859 0.118526 0.106988 0.101816 0.102599 0.109585 0.123809 0.153420 0.177753 0.195659 0.209802 0.228749 0.295403 -9999.0 -9999.0 -9999.0 -9999.0 -9999.0 -9999.0 -9999.0 -9999.0 -9999.0 -9999.0 -9999.0 -9999.0 -9999.0 -9999.0
-9999.0 -9999.0 -9999.0 -9999.0 -9999.0 -9999.0 -9999.0 -9999.0 -9999.0 -9999.0 -9999.0 -9999.0 -9999.0 -9999.0 -9999.0 -9999.0 -9999.0 -9999.0 -9999.0 -9999.0 -9999.0 -9999.0 -9999.0 -9999.0 -9999.0 -9999.0 -9999.0 -9999.0 -9999.0 -9999.0 -9999.0 -9999.0 -9999.0 -9999.0 -9999.0 -9999.0 -9999.0 -9999.0 -9999.0 -9999.0 -9999.0 -9999.0 -9999.0 -9999.0 -9999.0 -9999.0 -9999.0 -9999.0 -9999.0 -9999.0 -9999.0 -9999.0 -9999.0 -9999.0 -9999.0 -9999.0 -9999.0 -9999.0 -9999.0 -9999.0 -9999.0 -9999.0 -9999.0 -9999.0 -9999.0 -9999.0 -9999.0 -9999.0 -9999.0 -9999.0 -9999.0 -9999.0 -9999.0 -9999.0 -9999.0 -9999.0 -9999.0 -9999.0 -9999.0 -9999.0
-9999.0 -9999.0 -9999.0 -9999.0 -9999.0 -9999.0 -9999.0 -9999.0 -9999.0 -9999.0 -9999.0 -9999.0 -9999.0 -9999.0 -9999.0 -9999.0 -9999.0 -9999.0 -9999.0 -9999.0 -9999.0 -9999.0 -9999.0 -9999.0 -9999.0 -9999.0 -9999.0 -9999.0 -9999.0 -9999.0 -9999.0 -9999.0 -9999.0 -9999.0 -9999.0 -9999.0 -9999.0 -9999.0 -9999.0 -9999.0 -9999.0 -9999.0 -9999.0 -9999.0 -9999.0 -9999.0 -9999.0 -9999.0 -9999.0 -9999.0 -9999.0 -9999.0 -9999.0 -9999.0 -9999.0 -9999.0 -9999.0 -9999.0 -9999.0 -9999.0 -9999.0 -9999.0 -9999.0 -9999.0 -9999.0 -9999.0 -9999.0 -9999.0 -9999.0 -9999.0 -9999.0 -9999.0 -9999.0 -9999.0 -9999.0 -9999.0 -9999.0 -9999.0 -9999.0 -9999.0