Borden_/Borden1m_014/output_maps/thetaliqL0005N0009.asc
ncols         80
nrows         18
xllcorner     620200.000000
yllcorner     5168000.000000
cellsize      1.000000
NODATA_value  -9999.0
-9999.0 -9999.0 -9999.0 -9999.0 -9999.0 -9999.0 -9999.0 -9999.0 -9999.0 -9999.0 -9999.0 -9999.0 -9999.0 -9999.0 -9999.0 -9999.0 -9999.0 -9999.0 -9999.0 -9999.0 -9999.0 -9999.0 -9999.0 -9999.0 -9999.0 -9999.0 -9999.0 -9999.0 -9999.0 -9999.0 -9999.0 -9999.0 -9999.0 -9999.0 -9999.0 -9999.0 -9999.0 -9999.0 -9999.0 -9999.0 -9999.0 -9999.0 -9999.0 -9999.0 -9999.0 -9999.0 -9999.0 -9999.0 -9999.0 -9999.0 -9999.0 -9999.0 -9999.0 -9999.0 -9999.0 -9999.0 -9999.0 -9999.0 -9999.0 -9999.0 -9999.0 -9999.0 -9999.0 -9999.0 -9999.0 -9999.0 -9999.0 -9999.0 -9999.0 -9999.0 -9999.0 -9999.0 -9999.0 -9999.0 -9999.0 -9999.0 -9999.0 -9999.0 -9999.0 -9999.0
-9999.0 -9999.0 -9999.0 -9999.0 -9999.0 -9999.0 -9999.0 -9999.0 -9999.0 -9999.0 -9999.0 -9999.0 -9999.0 -9999.0 -9999.0 -9999.0 -9999.0 -9999.0 -9999.0 -9999.0 -9999.0 -9999.0 -9999.0 -9999.0 -9999.0 -9999.0 -9999.0 -9999.0 -9999.0 -9999.0 -9999.0 -9999.0 -9999.0 -9999.0 -9999.0 -9999.0 -9999.0 -9999.0 -9999.0 -9999.0 -9999.0 -9999.0 -9999.0 -9999.0 -9999.0 -9999.0 -9999.0 -9999.0 -9999.0 -9999.0 -9999.0 -9999.0 -9999.0 -9999.0 -9999.0 -9999.0 -9999.0 -9999.0 -9999.0 -9999.0 -9999.0 -9999.0 -9999.0 -9999.0 -9999.0 -9999.0 -9999.0 -9999.0 -9999.0 -9999.0 -9999.0 -9999.0 -9999.0 -9999.0 -9999.0 -9999.0 -9999.0 -9999.0 -9999.0 -9999.0
-9999.0 -9999.0 -9999.0 -9999.0 -9999.0 -9999.0 -9999.0 -9999.0 -9999.0 -9999.0 -9999.0 -9999.0 -9999.0 -9999.0 -9999.0 -9999.0 -9999.0 -9999.0 -9999.0 -9999.0 0.107733 0.108488 0.103257 0.096817 0.092403 0.092592 0.098027 0.106085 0.115503 0.118546 0.113246 0.113425 0.111901 0.111882 0.112663 0.114142 0.114687 0.118033 0.120624 0.120540 0.118609 0.116825 0.116243 0.117310 0.118767 0.116411 0.120463 0.125590 0.128067 0.126372 0.117633 0.113218 0.111268 0.107900 0.114338 0.118231 0.125962 0.127720 0.127544 0.118660 0.110330 -9999.0 -9999.0 -9999.0 -9999.0 -9999.0 -9999.0 -9999.0 -9999.0 -9999.0 -9999.0 -9999.0 -9999.0 -9999.0 -9999.0 -9999.0 -9999.0 -9999.0 -9999.0 -9999.0
-9999.0 -9999.0 -9999.0 -9999.0 -9999.0 -9999.0 -9999.0 -9999.0 -9999.0 -9999.0 -9999.0 -9999.0 -9999.0 -9999.0 0.091616 0.090218 0.089775 0.090798 0.095601 0.100759 0.103275 0.101634 0.101521 0.097126 0.093876 0.095974 0.101001 0.107493 0.116133 0.122283 0.118028 0.117040 0.120181 0.129708 0.135412 0.134168 0.125996 0.134267 0.140989 0.145299 0.144731 0.140786 0.147589 0.155688 0.152285 0.143929 0.145250 0.150772 0.158692 0.151155 0.124514 0.117866 0.117340 0.115712 0.112371 0.110812 0.117809 0.118409 0.116183 0.111457 0.104037 0.095924 0.093299 0.099681 0.109423 0.127143 -9999.0 -9999.0 -9999.0 -9999.0 -9999.0 -9999.0 -9999.0 -9999.0 -9999.0 -9999.0 -9999.0 -9999.0 -9999.0 -9999.0
-9999.0 -9999.0 -9999.0 -9999.0 -9999.0 -9999.0 -9999.0 -9999.0 -9999.0 0.085289 0.085570 0.086226 0.086337 0.087954 0.087739 0.088452 0.089361 0.092622 0.097320 0.103857 0.110428 0.107724 0.107617 0.110599 0.112508 0.115904 0.121829 0.136153 0.155184 0.178442 0.161459 0.160087 0.170609 0.203580 0.234565 0.242842 0.227538 0.228409 0.248740 0.269929 0.269140 0.267560 0.286356 0.296322 0.302431 0.288883 0.273429 0.270700 0.290738 0.250670 0.201564 0.166298 0.167183 0.150948 0.132842 0.124656 0.123864 0.132412 0.127075 0.115388 0.106279 0.104494 0.101293 0.104720 0.110250 0.124493 0.139674 0.153676 0.154342 0.146034 -9999.0 -9999.0 -9999.0 -9999.0 -9999.0 -9999.0 -9999.0 -9999.0 -9999.0 -9999.0
-9999.0 -9999.0 -9999.0 -9999.0 -9999.0 -9999.0 0.079332 0.079834 0.081106 0.081500 0.083324 0.083930 0.085777 0.087734 0.090001 0.092152 0.096766 0.102550 0.111977 0.125055 0.136926 0.134893 0.138590 0.154367 0.179370 0.201569 0.218419 0.247379 0.306691 0.334942 0.342929 0.345676 0.350776 0.368169 0.370000 0.370000 0.370000 0.370000 0.370000 0.370000 0.370000 0.370000 0.370000 0.370000 0.370000 0.370000 0.370000 0.370000 0.370000 0.370000 0.369690 0.350236 0.326815 0.294655 0.233039 0.189089 0.186857 0.197858 0.178255 0.149626 0.131612 0.128120 0.123481 0.119134 0.121041 0.128065 0.137858 0.143396 0.138453 0.130585 0.122585 0.114014 0.114625 0.122614 -9999.0 -9999.0 -9999.0 -9999.0 -9999.0 -9999.0
-9999.0 -9999.0 -9999.0 -9999.0 0.076739 0.077298 0.076747 0.077842 0.079607 0.081794 0.084415 0.088129 0.091321 0.095461 0.102901 0.111746 0.124449 0.136782 0.162452 0.206134 0.246375 0.268201 0.278864 0.323057 0.357285 0.369755 0.370000 0.370000 0.370000 0.370000 0.370000 0.370000 0.370000 0.370000 0.370000 0.370000 0.370000 0.370000 0.370000 0.370000 0.370000 0.370000 0.370000 0.370000 0.370000 0.370000 0.370000 0.370000 0.370000 0.370000 0.370000 0.370000 0.370000 0.370000 0.370000 0.370000 0.358461 0.345812 0.313146 0.273105 0.219797 0.201606 0.181164 0.166696 0.151094 0.152188 0.154484 0.145660 0.133321 0.122228 0.117855 0.112789 0.110399 0.118998 0.125023 0.137248 -9999.0 -9999.0 -9999.0 -9999.0
-9999.0 -9999.0 0.074495 0.076430 0.079262 0.079753 0.079906 0.080164 0.081959 0.086271 0.096510 0.106663 0.118338 0.127523 0.152155 0.203194 0.260344 0.296291 0.334275 0.365257 0.370000 0.370000 0.370000 0.370000 0.370000 0.370000 0.370000 0.370000 0.370000 0.370000 0.370000 0.370000 0.370000 0.370000 0.370000 0.370000 0.370000 0.370000 0.370000 0.370000 0.370000 0.370000 0.370000 0.370000 0.370000 0.370000 0.370000 0.370000 0.370000 0.370000 0.370000 0.370000 0.370000 0.370000 0.370000 0.370000 0.370000 0.370000 0.370000 0.370000 0.369603 0.353013 0.322567 0.285783 0.246276 0.223213 0.191834 0.168242 0.146077 0.128264 0.120836 0.115616 0.115343 0.115884 0.121042 0.126642 0.132667 0.135957 -9999.0 -9999.0
-9999.0 0.071943 0.073734 0.079176 0.085039 0.089809 0.095720 0.100925 0.105389 0.107684 0.142790 0.206855 0.274049 0.293350 0.328463 0.368776 0.370000 0.370000 0.370000 0.370000 0.370000 0.370000 0.370000 0.370000 0.370000 0.370000 0.370000 0.370000 0.370000 0.370000 0.370000 0.370000 0.370000 0.370000 0.370000 0.370000 0.370000 0.370000 0.370000 0.370000 0.370000 0.370000 0.370000 0.370000 0.370000 0.370000 0.370000 0.370000 0.370000 0.370000 0.370000 0.370000 0.370000 0.370000 0.370000 0.370000 0.370000 0.370000 0.370000 0.370000 0.370000 0.370000 0.370000 0.370000 0.358026 0.318760 0.277684 0.237286 0.193555 0.171329 0.155666 0.132792 0.124661 0.125760 0.122896 0.122362 0.124881 0.127291 -9999.0 -9999.0
-9999.0 0.070765 0.073845 0.083628 0.103741 0.119105 0.171734 0.229897 0.248372 0.230126 0.310803 0.370000 0.370000 0.370000 0.370000 0.370000 0.370000 0.370000 0.370000 0.370000 0.370000 0.370000 0.370000 0.370000 0.370000 0.370000 0.370000 0.370000 0.370000 0.370000 0.370000 0.370000 0.370000 0.370000 0.370000 0.370000 0.370000 0.370000 0.370000 0.370000 0.370000 0.370000 0.370000 0.370000 0.370000 0.370000 0.370000 0.370000 0.370000 0.370000 0.370000 0.370000 0.370000 0.370000 0.370000 0.370000 0.370000 0.370000 0.370000 0.370000 0.370000 0.370000 0.370000 0.370000 0.370000 0.370000 0.367262 0.348021 0.310798 0.277924 0.241818 0.200288 0.164753 0.151417 0.134353 0.126487 -9999.0 -9999.0 -9999.0 -9999.0
-9999.0 0.069995 0.073542 0.091366 0.170487 0.261279 0.369698 0.370000 0.370000 0.370000 0.370000 0.370000 0.370000 0.370000 0.370000 0.370000 0.370000 0.370000 0.370000 0.370000 0.370000 0.370000 0.370000 0.370000 0.370000 0.370000 0.370000 0.370000 0.370000 0.370000 0.370000 0.370000 0.370000 0.370000 0.365161 0.354211 0.328360 0.324147 0.315333 0.293421 0.279946 0.270562 0.283067 0.280191 0.279323 0.286790 0.303300 0.313555 0.337012 0.353705 0.367772 0.370000 0.370000 0.370000 0.370000 0.370000 0.370000 0.370000 0.370000 0.370000 0.370000 0.370000 0.370000 0.370000 0.370000 0.370000 0.370000 0.370000 0.370000 0.369583 0.355654 0.320387 0.272234 0.207232 0.180372 -9999.0 -9999.0 -9999.0 -9999.0 -9999.0
-9999.0 0.068797 0.071903 0.087007 0.203820 0.370000 0.370000 0.370000 0.370000 0.370000 0.370000 0.370000 0.370000 0.370000 0.370000 0.370000 0.370000 0.370000 0.370000 0.370000 0.370000 0.370000 0.370000 0.370000 0.370000 0.370000 0.370000 0.370000 0.370000 0.369542 0.344474 0.333821 0.286078 0.232248 0.199209 0.170327 0.144510 0.143867 0.150992 0.143168 0.134093 0.127127 0.136473 0.142473 0.147037 0.142708 0.146299 0.162790 0.190634 0.218122 0.253303 0.292697 0.322592 0.350856 0.364987 0.370000 0.370000 0.370000 0.370000 0.370000 0.370000 0.370000 0.370000 0.370000 0.370000 0.370000 0.370000 0.370000 0.370000 0.370000 0.370000 0.370000 0.363812 -9999.0 -9999.0 -9999.0 -9999.0 -9999.0 -9999.0 -9999.0
-9999.0 0.068149 0.069564 0.074206 0.100586 0.192434 0.305892 0.363202 0.370000 0.370000 0.370000 0.370000 0.370000 0.370000 0.370000 0.370000 0.370000 0.370000 0.369984 0.368072 0.360336 0.354276 0.354262 0.351255 0.337888 0.328404 0.321596 0.306122 0.278045 0.236653 0.180044 0.146127 0.122974 0.112554 0.105417 0.098925 0.092637 0.094218 0.096644 0.095819 0.093792 0.093023 0.097650 0.100878 0.102811 0.100038 0.103523 0.109490 0.120908 0.135002 0.155305 0.184259 0.218084 0.238730 0.249502 0.272046 0.303646 0.340559 0.369835 0.370000 0.370000 0.370000 0.370000 0.370000 0.370000 0.370000 0.370000 0.370000 0.370000 0.370000 0.370000 -9999.0 -9999.0 -9999.0 -9999.0 -9999.0 -9999.0 -9999.0 -9999.0 -9999.0
-9999.0 -9999.0 0.068149 0.069211 0.071203 0.076419 0.086299 0.099994 0.114873 0.141203 0.184259 0.232634 0.261824 0.273691 0.257869 0.224152 0.203492 0.203947 0.198270 0.188359 0.172819 0.167770 0.163392 0.159757 0.152745 0.149176 0.146991 0.142468 0.133498 0.117895 0.104377 0.094961 0.087840 0.085326 0.083380 0.081575 0.081254 0.081195 0.081724 0.081796 0.082137 0.083020 0.084836 0.086888 0.087862 0.088544 0.090012 0.093108 0.098290 0.106195 0.119620 0.139103 0.155787 0.160823 0.154902 0.157168 0.168226 0.194057 0.256291 0.321524 0.365855 0.370000 0.370000 0.370000 0.370000 0.370000 0.370000 0.370000 0.370000 0.370000 -9999.0 -9999.0 -9999.0 -9999.0 -9999.0 -9999.0 -9999.0 -9999.0 -9999.0 -9999.0
-9999.0 -9999.0 -9999.0 -9999.0 0.068365 0.069340 0.070292 0.071533 0.074395 0.078800 0.085141 0.093412 0.101285 0.105718 0.102726 0.100833 0.099103 0.098684 0.097344 0.096197 0.095103 0.093975 0.092596 0.091598 0.091444 0.091849 0.091632 0.090033 0.088304 0.085319 0.083088 0.080474 0.078233 0.076791 0.076220 0.075908 0.075926 0.075726 0.076130 0.076378 0.077041 0.077802 0.079127 0.080911 0.081766 0.082837 0.083631 0.085521 0.088636 0.095710 0.107593 0.122714 0.134127 0.134651 0.124043 0.118299 0.116764 0.124800 0.142020 0.176165 0.244415 0.298302 0.341799 0.364716 0.370000 0.370000 0.370000 0.370000 -9999.0 -9999.0 -9999.0 -9999.0 -9999.0 -9999.0 -9999.0 -9999.0 -9999.0 -9999.0 -9999.0 -9999.0
-9999.0 -9999.0 -9999.0 -9999.0 -9999.0 -9999.0 0.068126 0.068512 0.069056 0.070107 0.071678 0.073730 0.076220 0.077190 0.077858 0.078968 0.078650 0.077792 0.077049 0.077812 0.078219 0.077996 0.076732 0.076650 0.076781 0.077236 0.077199 0.076923 0.075861 0.076133 0.076033 0.075140 0.074248 0.073797 0.073466 0.073755 0.073785 0.073438 0.073527 0.074304 0.074964 0.075467 0.076402 0.077984 0.079808 0.080708 0.080751 0.081174 0.084542 0.092437 0.104453 0.117560 0.126912 0.128874 0.118535 0.106993 0.101820 0.102603 0.109591 0.123822 0.153487 0.177976 0.196221 0.210958 0.231358 0.305948 -9999.0 -9999.0 -9999.0 -9999.0 -9999.0 -9999.0 -9999.0 -9999.0 -9999.0 -9999.0 -9999.0 -9999.0 -9999.0 -9999.0
-9999.0 -9999.0 -9999.0 -9999.0 -9999.0 -9999.0 -9999.0 -9999.0 -9999.0 -9999.0 -9999.0 -9999.0 -9999.0 -9999.0 -9999.0 -9999.0 -9999.0 -9999.0 -9999.0 -9999.0 -9999.0 -9999.0 -9999.0 -9999.0 -9999.0 -9999.0 -9999.0 -9999.0 -9999.0 -9999.0 -9999.0 -9999.0 -9999.0 -9999.0 -9999.0 -9999.0 -9999.0 -9999.0 -9999.0 -9999.0 -9999.0 -9999.0 -9999.0 -9999.0 -9999.0 -9999.0 -9999.0 -9999.0 -9999.0 -9999.0 -9999.0 -9999.0 -9999.0 -9999.0 -9999.0 -9999.0 -9999.0 -9999.0 -9999.0 -9999.0 -9999.0 -9999.0 -9999.0 -9999.0 -9999.0 -9999.0 -9999.0 -9999.0 -9999.0 -9999.0 -9999.0 -9999.0 -9999.0 -9999.0 -9999.0 -9999.0 -9999.0 -9999.0 -9999.0 -9999.0
-9999.0 -9999.0 -9999.0 -9999.0 -9999.0 -9999.0 -9999.0 -9999.0 -9999.0 -9999.0 -9999.0 -9999.0 -9999.0 -9999.0 -9999.0 -9999.0 -9999.0 -9999.0 -9999.0 -9999.0 -9999.0 -9999.0 -9999.0 -9999.0 -9999.0 -9999.0 -9999.0 -9999.0 -9999.0 -9999.0 -9999.0 -9999.0 -9999.0 -9999.0 -9999.0 -9999.0 -9999.0 -9999.0 -9999.0 -9999.0 -9999.0 -9999.0 -9999.0 -9999.0 -9999.0 -9999.0 -9999.0 -9999.0 -9999.0 -9999.0 -9999.0 -9999.0 -9999.0 -9999.0 -9999.0 -9999.0 -9999.0 -9999.0 -9999.0 -9999.0 -9999.0 -9999.0 -9999.0 -9999.0 -9999.0 -9999.0 -9999.0 -9999.0 -9999.0 -9999.0 -9999.0 -9999.0 -9999.0 -9999.0 -9999.0 -9999.0 -9999.0 -9999.0 -9999.0 -9999.0