Borden_/Borden1m_014/output_maps/thetaliqL0001N0014.asc
ncols         80
nrows         18
xllcorner     620200.000000
yllcorner     5168000.000000
cellsize      1.000000
NODATA_value  -9999.0
-9999.0 -9999.0 -9999.0 -9999.0 -9999.0 -9999.0 -9999.0 -9999.0 -9999.0 -9999.0 -9999.0 -9999.0 -9999.0 -9999.0 -9999.0 -9999.0 -9999.0 -9999.0 -9999.0 -9999.0 -9999.0 -9999.0 -9999.0 -9999.0 -9999.0 -9999.0 -9999.0 -9999.0 -9999.0 -9999.0 -9999.0 -9999.0 -9999.0 -9999.0 -9999.0 -9999.0 -9999.0 -9999.0 -9999.0 -9999.0 -9999.0 -9999.0 -9999.0 -9999.0 -9999.0 -9999.0 -9999.0 -9999.0 -9999.0 -9999.0 -9999.0 -9999.0 -9999.0 -9999.0 -9999.0 -9999.0 -9999.0 -9999.0 -9999.0 -9999.0 -9999.0 -9999.0 -9999.0 -9999.0 -9999.0 -9999.0 -9999.0 -9999.0 -9999.0 -9999.0 -9999.0 -9999.0 -9999.0 -9999.0 -9999.0 -9999.0 -9999.0 -9999.0 -9999.0 -9999.0
-9999.0 -9999.0 -9999.0 -9999.0 -9999.0 -9999.0 -9999.0 -9999.0 -9999.0 -9999.0 -9999.0 -9999.0 -9999.0 -9999.0 -9999.0 -9999.0 -9999.0 -9999.0 -9999.0 -9999.0 -9999.0 -9999.0 -9999.0 -9999.0 -9999.0 -9999.0 -9999.0 -9999.0 -9999.0 -9999.0 -9999.0 -9999.0 -9999.0 -9999.0 -9999.0 -9999.0 -9999.0 -9999.0 -9999.0 -9999.0 -9999.0 -9999.0 -9999.0 -9999.0 -9999.0 -9999.0 -9999.0 -9999.0 -9999.0 -9999.0 -9999.0 -9999.0 -9999.0 -9999.0 -9999.0 -9999.0 -9999.0 -9999.0 -9999.0 -9999.0 -9999.0 -9999.0 -9999.0 -9999.0 -9999.0 -9999.0 -9999.0 -9999.0 -9999.0 -9999.0 -9999.0 -9999.0 -9999.0 -9999.0 -9999.0 -9999.0 -9999.0 -9999.0 -9999.0 -9999.0
-9999.0 -9999.0 -9999.0 -9999.0 -9999.0 -9999.0 -9999.0 -9999.0 -9999.0 -9999.0 -9999.0 -9999.0 -9999.0 -9999.0 -9999.0 -9999.0 -9999.0 -9999.0 -9999.0 -9999.0 0.277888 0.278879 0.277350 0.275725 0.274204 0.273878 0.275482 0.277075 0.278952 0.279111 0.277174 0.277853 0.277000 0.276345 0.276137 0.276677 0.276989 0.277528 0.277789 0.277451 0.276910 0.276612 0.276165 0.276148 0.276884 0.275929 0.277193 0.278237 0.278476 0.278776 0.277703 0.277423 0.277372 0.275749 0.278628 0.279125 0.280780 0.280770 0.281349 0.279522 0.277691 -9999.0 -9999.0 -9999.0 -9999.0 -9999.0 -9999.0 -9999.0 -9999.0 -9999.0 -9999.0 -9999.0 -9999.0 -9999.0 -9999.0 -9999.0 -9999.0 -9999.0 -9999.0 -9999.0
-9999.0 -9999.0 -9999.0 -9999.0 -9999.0 -9999.0 -9999.0 -9999.0 -9999.0 -9999.0 -9999.0 -9999.0 -9999.0 -9999.0 0.276280 0.275233 0.274705 0.274119 0.275566 0.276476 0.276086 0.275001 0.276145 0.274268 0.272507 0.273529 0.274633 0.275129 0.276389 0.277456 0.276200 0.275880 0.276385 0.278565 0.279266 0.278653 0.275555 0.278401 0.279387 0.280006 0.279911 0.278501 0.280166 0.282121 0.280953 0.278853 0.279447 0.280515 0.282416 0.282098 0.275615 0.275687 0.276356 0.276888 0.275993 0.275211 0.278047 0.277362 0.277094 0.277210 0.276178 0.273884 0.272702 0.275432 0.277196 0.281404 -9999.0 -9999.0 -9999.0 -9999.0 -9999.0 -9999.0 -9999.0 -9999.0 -9999.0 -9999.0 -9999.0 -9999.0 -9999.0 -9999.0
-9999.0 -9999.0 -9999.0 -9999.0 -9999.0 -9999.0 -9999.0 -9999.0 -9999.0 0.275333 0.274921 0.275150 0.274265 0.275086 0.273202 0.273505 0.272967 0.273953 0.274375 0.275449 0.277329 0.275546 0.275260 0.276300 0.276087 0.276115 0.276440 0.279029 0.281493 0.286562 0.281393 0.281168 0.283131 0.293926 0.301669 0.303349 0.299938 0.299890 0.304216 0.308965 0.308278 0.307664 0.312718 0.315200 0.317033 0.312919 0.309128 0.308424 0.315123 0.304481 0.293995 0.282036 0.284033 0.281065 0.277864 0.276994 0.276210 0.279411 0.278584 0.276402 0.274622 0.276004 0.274674 0.275951 0.276284 0.279330 0.281767 0.284317 0.284434 0.282700 -9999.0 -9999.0 -9999.0 -9999.0 -9999.0 -9999.0 -9999.0 -9999.0 -9999.0 -9999.0
-9999.0 -9999.0 -9999.0 -9999.0 -9999.0 -9999.0 0.274271 0.274009 0.274468 0.272042 0.273305 0.272024 0.272847 0.272973 0.273325 0.272916 0.274058 0.274784 0.276166 0.278028 0.279908 0.278069 0.278406 0.281159 0.286681 0.295041 0.298498 0.303683 0.319635 0.331037 0.336651 0.339139 0.348344 0.369999 0.370000 0.370000 0.370000 0.370000 0.370000 0.370000 0.370000 0.370000 0.370000 0.370000 0.370000 0.370000 0.370000 0.370000 0.370000 0.370000 0.370000 0.349579 0.327098 0.315624 0.300770 0.291396 0.286989 0.289285 0.285785 0.280772 0.278034 0.278650 0.278351 0.276987 0.277717 0.278758 0.280570 0.281840 0.281009 0.280083 0.279772 0.277626 0.278099 0.280238 -9999.0 -9999.0 -9999.0 -9999.0 -9999.0 -9999.0
-9999.0 -9999.0 -9999.0 -9999.0 0.271262 0.272200 0.269127 0.270677 0.271679 0.272264 0.271696 0.272813 0.272685 0.273239 0.274748 0.275380 0.277256 0.278221 0.282550 0.294095 0.304112 0.308996 0.310679 0.326065 0.362599 0.370000 0.370000 0.370000 0.370000 0.370000 0.370000 0.370000 0.370000 0.370000 0.370000 0.370000 0.370000 0.370000 0.370000 0.370000 0.370000 0.370000 0.370000 0.370000 0.370000 0.370000 0.370000 0.370000 0.370000 0.370000 0.370000 0.370000 0.370000 0.370000 0.370000 0.370000 0.364470 0.340103 0.320725 0.309722 0.296929 0.289767 0.285808 0.283984 0.280645 0.281678 0.283056 0.281505 0.279644 0.277835 0.278157 0.277429 0.276032 0.279077 0.279639 0.282513 -9999.0 -9999.0 -9999.0 -9999.0
-9999.0 -9999.0 0.271593 0.271211 0.273490 0.271573 0.270435 0.268833 0.269064 0.270967 0.274292 0.274673 0.276189 0.276557 0.280988 0.294777 0.307646 0.315881 0.333908 0.369998 0.370000 0.370000 0.370000 0.370000 0.370000 0.370000 0.370000 0.370000 0.370000 0.370000 0.370000 0.370000 0.370000 0.370000 0.370000 0.370000 0.370000 0.370000 0.370000 0.370000 0.370000 0.370000 0.370000 0.370000 0.370000 0.370000 0.370000 0.370000 0.370000 0.370000 0.370000 0.370000 0.370000 0.370000 0.370000 0.370000 0.370000 0.370000 0.370000 0.370000 0.370000 0.353930 0.325701 0.312442 0.298050 0.293161 0.287183 0.283887 0.280897 0.277706 0.277140 0.276959 0.277884 0.277148 0.278680 0.279545 0.281254 0.281725 -9999.0 -9999.0
-9999.0 0.271330 0.269901 0.273792 0.273428 0.273505 0.273652 0.273749 0.274338 0.271992 0.280499 0.297030 0.310703 0.314372 0.330314 0.369998 0.370000 0.370000 0.370000 0.370000 0.370000 0.370000 0.370000 0.370000 0.370000 0.370000 0.370000 0.370000 0.370000 0.370000 0.370000 0.370000 0.370000 0.370000 0.370000 0.370000 0.370000 0.370000 0.370000 0.370000 0.370000 0.370000 0.370000 0.370000 0.370000 0.370000 0.370000 0.370000 0.370000 0.370000 0.370000 0.370000 0.370000 0.370000 0.370000 0.370000 0.370000 0.370000 0.370000 0.370000 0.370000 0.370000 0.370000 0.370000 0.365211 0.324004 0.308188 0.295362 0.286944 0.284262 0.282824 0.278170 0.277449 0.279149 0.278529 0.278494 0.279135 0.279560 -9999.0 -9999.0
-9999.0 0.266789 0.270624 0.273951 0.277189 0.275340 0.291004 0.302576 0.304855 0.297243 0.322684 0.370000 0.370000 0.370000 0.370000 0.370000 0.370000 0.370000 0.370000 0.370000 0.370000 0.370000 0.370000 0.370000 0.370000 0.370000 0.370000 0.370000 0.370000 0.370000 0.370000 0.370000 0.370000 0.370000 0.370000 0.370000 0.370000 0.370000 0.370000 0.370000 0.370000 0.370000 0.370000 0.370000 0.370000 0.370000 0.370000 0.370000 0.370000 0.370000 0.370000 0.370000 0.370000 0.370000 0.370000 0.370000 0.370000 0.370000 0.370000 0.370000 0.370000 0.370000 0.370000 0.370000 0.370000 0.370000 0.370000 0.345735 0.320557 0.309637 0.297117 0.289106 0.282735 0.282401 0.279085 0.279524 -9999.0 -9999.0 -9999.0 -9999.0
-9999.0 0.266694 0.270269 0.276937 0.290612 0.311620 0.369999 0.370000 0.370000 0.370000 0.370000 0.370000 0.370000 0.370000 0.370000 0.370000 0.370000 0.370000 0.370000 0.370000 0.370000 0.370000 0.370000 0.370000 0.370000 0.370000 0.370000 0.370000 0.370000 0.370000 0.370000 0.370000 0.370000 0.370000 0.370000 0.353093 0.327348 0.325658 0.322281 0.315033 0.311754 0.308963 0.312656 0.311697 0.311268 0.313071 0.317704 0.320815 0.332637 0.353142 0.370000 0.370000 0.370000 0.370000 0.370000 0.370000 0.370000 0.370000 0.370000 0.370000 0.370000 0.370000 0.370000 0.370000 0.370000 0.370000 0.370000 0.370000 0.370000 0.370000 0.359090 0.325414 0.307268 0.291268 0.287502 -9999.0 -9999.0 -9999.0 -9999.0 -9999.0
-9999.0 0.260429 0.270745 0.275912 0.302360 0.369999 0.370000 0.370000 0.370000 0.370000 0.370000 0.370000 0.370000 0.370000 0.370000 0.370000 0.370000 0.370000 0.370000 0.370000 0.370000 0.370000 0.370000 0.370000 0.370000 0.370000 0.370000 0.370000 0.370000 0.370000 0.342436 0.331754 0.313744 0.301689 0.293853 0.285524 0.279823 0.280306 0.282790 0.281089 0.279328 0.277036 0.279669 0.280638 0.281763 0.280114 0.280092 0.283086 0.287852 0.292436 0.303232 0.314476 0.324814 0.347897 0.370000 0.370000 0.370000 0.370000 0.370000 0.370000 0.370000 0.370000 0.370000 0.370000 0.370000 0.370000 0.370000 0.370000 0.370000 0.370000 0.370000 0.370000 0.370000 -9999.0 -9999.0 -9999.0 -9999.0 -9999.0 -9999.0 -9999.0
-9999.0 0.257084 0.268565 0.269139 0.279076 0.298854 0.327337 0.369999 0.370000 0.370000 0.370000 0.370000 0.370000 0.370000 0.370000 0.370000 0.370000 0.370000 0.370000 0.370000 0.369104 0.350959 0.350086 0.345894 0.333472 0.327980 0.325113 0.319526 0.311989 0.302237 0.286716 0.280849 0.276826 0.276002 0.275267 0.274341 0.271540 0.273473 0.274732 0.274468 0.273587 0.272781 0.274937 0.275419 0.276031 0.273770 0.275074 0.275748 0.277729 0.279468 0.282108 0.286289 0.292121 0.295919 0.301379 0.308963 0.318011 0.339578 0.370000 0.370000 0.370000 0.370000 0.370000 0.370000 0.370000 0.370000 0.370000 0.370000 0.370000 0.370000 0.370000 -9999.0 -9999.0 -9999.0 -9999.0 -9999.0 -9999.0 -9999.0 -9999.0 -9999.0
-9999.0 -9999.0 0.254623 0.259072 0.262757 0.265976 0.270454 0.277367 0.281653 0.287684 0.295726 0.304290 0.309376 0.311767 0.308416 0.301158 0.297001 0.297589 0.296402 0.293674 0.286812 0.285308 0.284584 0.284117 0.282570 0.282015 0.281898 0.281580 0.280651 0.277785 0.275471 0.274027 0.271928 0.272572 0.272419 0.271611 0.272678 0.272438 0.272650 0.272470 0.272691 0.273075 0.273387 0.273926 0.273788 0.273932 0.273988 0.274437 0.275078 0.275807 0.277703 0.280746 0.282903 0.283234 0.281572 0.281976 0.283640 0.287650 0.305173 0.328105 0.369999 0.370000 0.370000 0.370000 0.370000 0.370000 0.370000 0.370000 0.370000 0.370000 -9999.0 -9999.0 -9999.0 -9999.0 -9999.0 -9999.0 -9999.0 -9999.0 -9999.0 -9999.0
-9999.0 -9999.0 -9999.0 -9999.0 0.252531 0.258933 0.264939 0.263976 0.267998 0.269936 0.271412 0.273225 0.274659 0.275755 0.273998 0.273902 0.273776 0.274188 0.273932 0.273547 0.273453 0.273297 0.273175 0.272833 0.273095 0.273548 0.273735 0.273132 0.273455 0.272352 0.272603 0.272153 0.271672 0.270876 0.271237 0.271196 0.271687 0.271200 0.271915 0.271386 0.271855 0.271968 0.272435 0.273296 0.272669 0.273164 0.273041 0.273601 0.273379 0.274617 0.276740 0.279187 0.280772 0.280521 0.277855 0.277002 0.276186 0.277569 0.279503 0.284470 0.301203 0.316323 0.339162 0.370000 0.370000 0.370000 0.370000 0.370000 -9999.0 -9999.0 -9999.0 -9999.0 -9999.0 -9999.0 -9999.0 -9999.0 -9999.0 -9999.0 -9999.0 -9999.0
-9999.0 -9999.0 -9999.0 -9999.0 -9999.0 -9999.0 0.255493 0.258738 0.257560 0.259846 0.261761 0.263102 0.265364 0.264801 0.265506 0.267538 0.267296 0.266407 0.265220 0.267045 0.267841 0.268090 0.266173 0.266808 0.267014 0.267755 0.267677 0.268108 0.266486 0.268652 0.269752 0.269542 0.269353 0.269880 0.269486 0.270809 0.270968 0.269936 0.269584 0.271006 0.271312 0.270968 0.271072 0.271834 0.273071 0.273133 0.272394 0.271288 0.272272 0.274659 0.276999 0.278834 0.279988 0.280582 0.278609 0.275669 0.274152 0.273666 0.274406 0.275807 0.280450 0.283227 0.285473 0.291183 0.296500 0.316882 -9999.0 -9999.0 -9999.0 -9999.0 -9999.0 -9999.0 -9999.0 -9999.0 -9999.0 -9999.0 -9999.0 -9999.0 -9999.0 -9999.0
-9999.0 -9999.0 -9999.0 -9999.0 -9999.0 -9999.0 -9999.0 -9999.0 -9999.0 -9999.0 -9999.0 -9999.0 -9999.0 -9999.0 -9999.0 -9999.0 -9999.0 -9999.0 -9999.0 -9999.0 -9999.0 -9999.0 -9999.0 -9999.0 -9999.0 -9999.0 -9999.0 -9999.0 -9999.0 -9999.0 -9999.0 -9999.0 -9999.0 -9999.0 -9999.0 -9999.0 -9999.0 -9999.0 -9999.0 -9999.0 -9999.0 -9999.0 -9999.0 -9999.0 -9999.0 -9999.0 -9999.0 -9999.0 -9999.0 -9999.0 -9999.0 -9999.0 -9999.0 -9999.0 -9999.0 -9999.0 -9999.0 -9999.0 -9999.0 -9999.0 -9999.0 -9999.0 -9999.0 -9999.0 -9999.0 -9999.0 -9999.0 -9999.0 -9999.0 -9999.0 -9999.0 -9999.0 -9999.0 -9999.0 -9999.0 -9999.0 -9999.0 -9999.0 -9999.0 -9999.0
-9999.0 -9999.0 -9999.0 -9999.0 -9999.0 -9999.0 -9999.0 -9999.0 -9999.0 -9999.0 -9999.0 -9999.0 -9999.0 -9999.0 -9999.0 -9999.0 -9999.0 -9999.0 -9999.0 -9999.0 -9999.0 -9999.0 -9999.0 -9999.0 -9999.0 -9999.0 -9999.0 -9999.0 -9999.0 -9999.0 -9999.0 -9999.0 -9999.0 -9999.0 -9999.0 -9999.0 -9999.0 -9999.0 -9999.0 -9999.0 -9999.0 -9999.0 -9999.0 -9999.0 -9999.0 -9999.0 -9999.0 -9999.0 -9999.0 -9999.0 -9999.0 -9999.0 -9999.0 -9999.0 -9999.0 -9999.0 -9999.0 -9999.0 -9999.0 -9999.0 -9999.0 -9999.0 -9999.0 -9999.0 -9999.0 -9999.0 -9999.0 -9999.0 -9999.0 -9999.0 -9999.0 -9999.0 -9999.0 -9999.0 -9999.0 -9999.0 -9999.0 -9999.0 -9999.0 -9999.0