Borden_/Borden1m_014/output_maps/thetaliqL0004N0031.asc
ncols         80
nrows         18
xllcorner     620200.000000
yllcorner     5168000.000000
cellsize      1.000000
NODATA_value  -9999.0
-9999.0 -9999.0 -9999.0 -9999.0 -9999.0 -9999.0 -9999.0 -9999.0 -9999.0 -9999.0 -9999.0 -9999.0 -9999.0 -9999.0 -9999.0 -9999.0 -9999.0 -9999.0 -9999.0 -9999.0 -9999.0 -9999.0 -9999.0 -9999.0 -9999.0 -9999.0 -9999.0 -9999.0 -9999.0 -9999.0 -9999.0 -9999.0 -9999.0 -9999.0 -9999.0 -9999.0 -9999.0 -9999.0 -9999.0 -9999.0 -9999.0 -9999.0 -9999.0 -9999.0 -9999.0 -9999.0 -9999.0 -9999.0 -9999.0 -9999.0 -9999.0 -9999.0 -9999.0 -9999.0 -9999.0 -9999.0 -9999.0 -9999.0 -9999.0 -9999.0 -9999.0 -9999.0 -9999.0 -9999.0 -9999.0 -9999.0 -9999.0 -9999.0 -9999.0 -9999.0 -9999.0 -9999.0 -9999.0 -9999.0 -9999.0 -9999.0 -9999.0 -9999.0 -9999.0 -9999.0
-9999.0 -9999.0 -9999.0 -9999.0 -9999.0 -9999.0 -9999.0 -9999.0 -9999.0 -9999.0 -9999.0 -9999.0 -9999.0 -9999.0 -9999.0 -9999.0 -9999.0 -9999.0 -9999.0 -9999.0 -9999.0 -9999.0 -9999.0 -9999.0 -9999.0 -9999.0 -9999.0 -9999.0 -9999.0 -9999.0 -9999.0 -9999.0 -9999.0 -9999.0 -9999.0 -9999.0 -9999.0 -9999.0 -9999.0 -9999.0 -9999.0 -9999.0 -9999.0 -9999.0 -9999.0 -9999.0 -9999.0 -9999.0 -9999.0 -9999.0 -9999.0 -9999.0 -9999.0 -9999.0 -9999.0 -9999.0 -9999.0 -9999.0 -9999.0 -9999.0 -9999.0 -9999.0 -9999.0 -9999.0 -9999.0 -9999.0 -9999.0 -9999.0 -9999.0 -9999.0 -9999.0 -9999.0 -9999.0 -9999.0 -9999.0 -9999.0 -9999.0 -9999.0 -9999.0 -9999.0
-9999.0 -9999.0 -9999.0 -9999.0 -9999.0 -9999.0 -9999.0 -9999.0 -9999.0 -9999.0 -9999.0 -9999.0 -9999.0 -9999.0 -9999.0 -9999.0 -9999.0 -9999.0 -9999.0 -9999.0 0.180374 0.181712 0.177955 0.173503 0.169949 0.169687 0.173764 0.178837 0.184625 0.185996 0.181863 0.182650 0.181149 0.180448 0.180543 0.181709 0.182263 0.184162 0.185462 0.185078 0.183748 0.182725 0.182042 0.182451 0.183798 0.181848 0.184783 0.187890 0.189107 0.188745 0.184182 0.182124 0.181279 0.178201 0.183823 0.185888 0.190629 0.191305 0.191820 0.186464 0.181222 -9999.0 -9999.0 -9999.0 -9999.0 -9999.0 -9999.0 -9999.0 -9999.0 -9999.0 -9999.0 -9999.0 -9999.0 -9999.0 -9999.0 -9999.0 -9999.0 -9999.0 -9999.0 -9999.0
-9999.0 -9999.0 -9999.0 -9999.0 -9999.0 -9999.0 -9999.0 -9999.0 -9999.0 -9999.0 -9999.0 -9999.0 -9999.0 -9999.0 0.171807 0.170069 0.169306 0.169140 0.172805 0.175987 0.176633 0.174799 0.175957 0.172091 0.168791 0.170795 0.174133 0.177379 0.182223 0.185785 0.182796 0.182069 0.183848 0.189816 0.192771 0.191684 0.185303 0.191460 0.195112 0.197462 0.197148 0.194200 0.198572 0.203702 0.201270 0.195857 0.196910 0.200118 0.205123 0.201735 0.184766 0.182204 0.182675 0.182565 0.180277 0.178832 0.184611 0.184142 0.182973 0.181182 0.177040 0.171151 0.168733 0.174413 0.180329 0.191708 -9999.0 -9999.0 -9999.0 -9999.0 -9999.0 -9999.0 -9999.0 -9999.0 -9999.0 -9999.0 -9999.0 -9999.0 -9999.0 -9999.0
-9999.0 -9999.0 -9999.0 -9999.0 -9999.0 -9999.0 -9999.0 -9999.0 -9999.0 0.167882 0.167586 0.168139 0.167247 0.168878 0.166756 0.167410 0.167240 0.169772 0.172283 0.176197 0.180875 0.177910 0.177565 0.179854 0.180388 0.181757 0.184489 0.192820 0.202937 0.217428 0.206012 0.205467 0.212298 0.235819 0.258187 0.265194 0.253412 0.253783 0.268829 0.286603 0.287288 0.286095 0.304540 0.314629 0.320195 0.306223 0.289690 0.287045 0.306656 0.269967 0.235181 0.209506 0.210390 0.200794 0.190361 0.186219 0.185156 0.191761 0.188824 0.181930 0.176348 0.177039 0.174289 0.177091 0.179724 0.188567 0.196935 0.204818 0.205185 0.200304 -9999.0 -9999.0 -9999.0 -9999.0 -9999.0 -9999.0 -9999.0 -9999.0 -9999.0 -9999.0
-9999.0 -9999.0 -9999.0 -9999.0 -9999.0 -9999.0 0.163808 0.163792 0.164935 0.162506 0.164771 0.163683 0.165442 0.166489 0.167917 0.168443 0.171673 0.174917 0.180263 0.187419 0.194002 0.191404 0.193246 0.202515 0.219864 0.236040 0.247228 0.268023 0.324692 0.350547 0.356950 0.359363 0.361709 0.365682 0.368922 0.369548 0.368821 0.368080 0.368783 0.369685 0.369988 0.369990 0.369993 0.369996 0.370000 0.369999 0.369749 0.369303 0.369064 0.368756 0.366383 0.360654 0.344452 0.311853 0.257233 0.227690 0.223572 0.228744 0.216256 0.199893 0.190018 0.189291 0.187139 0.184028 0.185553 0.189399 0.195041 0.198448 0.195711 0.191723 0.188275 0.182652 0.183389 0.188764 -9999.0 -9999.0 -9999.0 -9999.0 -9999.0 -9999.0
-9999.0 -9999.0 -9999.0 -9999.0 0.159200 0.160514 0.156893 0.159158 0.161157 0.162894 0.163551 0.166478 0.167797 0.170224 0.174995 0.179277 0.186380 0.192394 0.207363 0.236855 0.266548 0.285426 0.298417 0.344140 0.362270 0.366683 0.367676 0.368787 0.369745 0.370000 0.370000 0.370000 0.370000 0.370000 0.370000 0.370000 0.370000 0.370000 0.370000 0.370000 0.370000 0.370000 0.370000 0.370000 0.370000 0.370000 0.370000 0.370000 0.370000 0.370000 0.370000 0.370000 0.369931 0.369675 0.369249 0.367760 0.362434 0.357721 0.330994 0.289937 0.246426 0.231853 0.217684 0.209709 0.200315 0.201708 0.203921 0.198995 0.192348 0.186152 0.184744 0.181956 0.179523 0.186143 0.189098 0.196739 -9999.0 -9999.0 -9999.0 -9999.0
-9999.0 -9999.0 0.158316 0.158952 0.162907 0.161090 0.159903 0.158316 0.159473 0.163598 0.171715 0.176406 0.182831 0.186995 0.201475 0.236217 0.280070 0.316402 0.352545 0.364205 0.368159 0.369449 0.369974 0.369996 0.370000 0.370000 0.370000 0.370000 0.370000 0.370000 0.370000 0.370000 0.370000 0.370000 0.370000 0.370000 0.370000 0.370000 0.370000 0.370000 0.370000 0.370000 0.370000 0.370000 0.370000 0.370000 0.370000 0.370000 0.370000 0.370000 0.370000 0.370000 0.370000 0.370000 0.370000 0.370000 0.370000 0.369947 0.369811 0.369250 0.365509 0.359918 0.341711 0.302800 0.261704 0.242314 0.222700 0.210104 0.198559 0.188408 0.184885 0.182609 0.183456 0.182909 0.186548 0.189637 0.193714 0.195460 -9999.0 -9999.0
-9999.0 0.156480 0.155989 0.163105 0.165629 0.167904 0.170567 0.172882 0.175445 0.174042 0.197063 0.241604 0.291069 0.311630 0.348072 0.366523 0.369978 0.369994 0.370000 0.370000 0.370000 0.370000 0.370000 0.370000 0.370000 0.370000 0.370000 0.370000 0.370000 0.370000 0.370000 0.370000 0.370000 0.370000 0.370000 0.370000 0.370000 0.370000 0.370000 0.370000 0.370000 0.370000 0.370000 0.370000 0.370000 0.370000 0.370000 0.370000 0.370000 0.370000 0.370000 0.370000 0.370000 0.370000 0.370000 0.370000 0.370000 0.370000 0.370000 0.370000 0.369998 0.369922 0.369437 0.366991 0.361012 0.339058 0.291397 0.252728 0.223509 0.211729 0.204166 0.190651 0.186719 0.188885 0.187129 0.186881 0.188529 0.189908 -9999.0 -9999.0
-9999.0 0.150702 0.156678 0.165357 0.177771 0.182146 0.218996 0.255788 0.269618 0.253189 0.332591 0.369980 0.370000 0.370000 0.370000 0.370000 0.370000 0.370000 0.370000 0.370000 0.370000 0.370000 0.370000 0.370000 0.370000 0.370000 0.370000 0.370000 0.370000 0.370000 0.370000 0.370000 0.370000 0.370000 0.370000 0.370000 0.369999 0.369971 0.369822 0.369522 0.369283 0.369620 0.369459 0.369048 0.368943 0.369487 0.369843 0.369799 0.369834 0.369938 0.369995 0.370000 0.370000 0.370000 0.370000 0.370000 0.370000 0.370000 0.370000 0.370000 0.370000 0.370000 0.370000 0.369995 0.369797 0.367860 0.363573 0.356667 0.327290 0.290774 0.256995 0.228337 0.207677 0.202082 0.192187 0.189557 -9999.0 -9999.0 -9999.0 -9999.0
-9999.0 0.149882 0.155890 0.171876 0.217104 0.280989 0.361804 0.369728 0.370000 0.370000 0.370000 0.370000 0.370000 0.370000 0.370000 0.370000 0.370000 0.370000 0.370000 0.370000 0.370000 0.370000 0.370000 0.370000 0.370000 0.370000 0.370000 0.370000 0.370000 0.369995 0.369973 0.369941 0.369766 0.367406 0.364733 0.361945 0.347259 0.340155 0.331369 0.309885 0.296186 0.286802 0.298785 0.296450 0.295723 0.302930 0.319433 0.331079 0.352186 0.360751 0.365072 0.368375 0.369369 0.369864 0.369990 0.370000 0.370000 0.370000 0.370000 0.370000 0.370000 0.370000 0.370000 0.370000 0.370000 0.369994 0.369896 0.368917 0.365969 0.361648 0.356323 0.336187 0.283918 0.232480 0.218133 -9999.0 -9999.0 -9999.0 -9999.0 -9999.0
-9999.0 0.142009 0.155057 0.168432 0.241913 0.363626 0.369380 0.370000 0.370000 0.370000 0.370000 0.370000 0.370000 0.370000 0.370000 0.370000 0.370000 0.370000 0.370000 0.370000 0.369999 0.369995 0.369994 0.369987 0.369956 0.369897 0.369816 0.369605 0.368161 0.365393 0.357365 0.348436 0.303539 0.257048 0.233790 0.214623 0.197255 0.197388 0.202551 0.197694 0.192322 0.187230 0.193629 0.196946 0.199841 0.196545 0.198031 0.207530 0.223919 0.241861 0.270121 0.310788 0.341911 0.360095 0.364097 0.367988 0.369434 0.369902 0.369999 0.370000 0.370000 0.370000 0.370000 0.370000 0.370000 0.370000 0.370000 0.369996 0.369545 0.368522 0.367739 0.366144 0.361495 -9999.0 -9999.0 -9999.0 -9999.0 -9999.0 -9999.0 -9999.0
-9999.0 0.138118 0.151067 0.154334 0.177388 0.234469 0.327135 0.364015 0.369939 0.367971 0.367204 0.368459 0.369309 0.369649 0.369266 0.368220 0.367008 0.367245 0.367323 0.365783 0.363066 0.361579 0.361470 0.360088 0.352331 0.344189 0.337616 0.322800 0.294745 0.259066 0.218990 0.198940 0.185347 0.180178 0.176473 0.172766 0.167078 0.169837 0.172228 0.171605 0.169801 0.168624 0.172940 0.174843 0.176305 0.172761 0.175614 0.178797 0.185464 0.192813 0.203359 0.218939 0.239163 0.254525 0.265887 0.289195 0.324077 0.355866 0.366332 0.369744 0.369993 0.370000 0.370000 0.370000 0.370000 0.370000 0.370000 0.370000 0.369828 0.369478 0.369423 -9999.0 -9999.0 -9999.0 -9999.0 -9999.0 -9999.0 -9999.0 -9999.0 -9999.0
-9999.0 -9999.0 0.135407 0.140616 0.145481 0.151910 0.161964 0.175514 0.187704 0.204120 0.229079 0.259032 0.280035 0.289910 0.277125 0.252433 0.238819 0.239434 0.235723 0.228836 0.217460 0.213473 0.210594 0.208237 0.203330 0.201188 0.200137 0.197925 0.193349 0.184173 0.176270 0.170715 0.165286 0.164791 0.163705 0.161976 0.162997 0.162694 0.163184 0.163034 0.163463 0.164323 0.165531 0.167089 0.167397 0.167882 0.168608 0.170474 0.173410 0.177524 0.184955 0.195694 0.204292 0.206597 0.202698 0.204017 0.210177 0.225784 0.275218 0.342347 0.363833 0.368623 0.369863 0.369987 0.369997 0.370000 0.370000 0.369992 0.367726 0.368434 -9999.0 -9999.0 -9999.0 -9999.0 -9999.0 -9999.0 -9999.0 -9999.0 -9999.0 -9999.0
-9999.0 -9999.0 -9999.0 -9999.0 0.133214 0.140485 0.147471 0.147258 0.153293 0.157937 0.162823 0.168713 0.173832 0.176913 0.173825 0.172959 0.172087 0.172311 0.171439 0.170591 0.170093 0.169426 0.168640 0.167833 0.168061 0.168749 0.168852 0.167489 0.167018 0.164507 0.163752 0.161991 0.160346 0.158737 0.158827 0.158641 0.159185 0.158540 0.159530 0.159113 0.159984 0.160509 0.161703 0.163546 0.163312 0.164374 0.164623 0.166117 0.167335 0.171823 0.179093 0.187718 0.193799 0.193751 0.186893 0.183718 0.182242 0.186865 0.195614 0.214547 0.263108 0.319027 0.356366 0.363649 0.366398 0.368807 0.369671 0.369765 -9999.0 -9999.0 -9999.0 -9999.0 -9999.0 -9999.0 -9999.0 -9999.0 -9999.0 -9999.0 -9999.0 -9999.0
-9999.0 -9999.0 -9999.0 -9999.0 -9999.0 -9999.0 0.136212 0.139938 0.139000 0.142289 0.145518 0.148288 0.152174 0.152176 0.153372 0.156168 0.155768 0.154345 0.152651 0.155037 0.156156 0.156294 0.153539 0.154190 0.154504 0.155542 0.155438 0.155757 0.153448 0.155973 0.157141 0.156430 0.155735 0.156064 0.155456 0.157061 0.157253 0.155927 0.155584 0.157580 0.158295 0.158200 0.158818 0.160486 0.162768 0.163298 0.162523 0.161540 0.164225 0.170416 0.178064 0.185314 0.190196 0.191563 0.185473 0.177734 0.173966 0.173773 0.177455 0.184674 0.201064 0.213805 0.225065 0.237644 0.254428 0.324808 -9999.0 -9999.0 -9999.0 -9999.0 -9999.0 -9999.0 -9999.0 -9999.0 -9999.0 -9999.0 -9999.0 -9999.0 -9999.0 -9999.0
-9999.0 -9999.0 -9999.0 -9999.0 -9999.0 -9999.0 -9999.0 -9999.0 -9999.0 -9999.0 -9999.0 -9999.0 -9999.0 -9999.0 -9999.0 -9999.0 -9999.0 -9999.0 -9999.0 -9999.0 -9999.0 -9999.0 -9999.0 -9999.0 -9999.0 -9999.0 -9999.0 -9999.0 -9999.0 -9999.0 -9999.0 -9999.0 -9999.0 -9999.0 -9999.0 -9999.0 -9999.0 -9999.0 -9999.0 -9999.0 -9999.0 -9999.0 -9999.0 -9999.0 -9999.0 -9999.0 -9999.0 -9999.0 -9999.0 -9999.0 -9999.0 -9999.0 -9999.0 -9999.0 -9999.0 -9999.0 -9999.0 -9999.0 -9999.0 -9999.0 -9999.0 -9999.0 -9999.0 -9999.0 -9999.0 -9999.0 -9999.0 -9999.0 -9999.0 -9999.0 -9999.0 -9999.0 -9999.0 -9999.0 -9999.0 -9999.0 -9999.0 -9999.0 -9999.0 -9999.0
-9999.0 -9999.0 -9999.0 -9999.0 -9999.0 -9999.0 -9999.0 -9999.0 -9999.0 -9999.0 -9999.0 -9999.0 -9999.0 -9999.0 -9999.0 -9999.0 -9999.0 -9999.0 -9999.0 -9999.0 -9999.0 -9999.0 -9999.0 -9999.0 -9999.0 -9999.0 -9999.0 -9999.0 -9999.0 -9999.0 -9999.0 -9999.0 -9999.0 -9999.0 -9999.0 -9999.0 -9999.0 -9999.0 -9999.0 -9999.0 -9999.0 -9999.0 -9999.0 -9999.0 -9999.0 -9999.0 -9999.0 -9999.0 -9999.0 -9999.0 -9999.0 -9999.0 -9999.0 -9999.0 -9999.0 -9999.0 -9999.0 -9999.0 -9999.0 -9999.0 -9999.0 -9999.0 -9999.0 -9999.0 -9999.0 -9999.0 -9999.0 -9999.0 -9999.0 -9999.0 -9999.0 -9999.0 -9999.0 -9999.0 -9999.0 -9999.0 -9999.0 -9999.0 -9999.0 -9999.0