Borden_/Borden1m_014/output_maps/thetasurfN0036.asc
ncols         80
nrows         18
xllcorner     620200.000000
yllcorner     5168000.000000
cellsize      1.000000
NODATA_value  -9999.0
-9999.0 -9999.0 -9999.0 -9999.0 -9999.0 -9999.0 -9999.0 -9999.0 -9999.0 -9999.0 -9999.0 -9999.0 -9999.0 -9999.0 -9999.0 -9999.0 -9999.0 -9999.0 -9999.0 -9999.0 -9999.0 -9999.0 -9999.0 -9999.0 -9999.0 -9999.0 -9999.0 -9999.0 -9999.0 -9999.0 -9999.0 -9999.0 -9999.0 -9999.0 -9999.0 -9999.0 -9999.0 -9999.0 -9999.0 -9999.0 -9999.0 -9999.0 -9999.0 -9999.0 -9999.0 -9999.0 -9999.0 -9999.0 -9999.0 -9999.0 -9999.0 -9999.0 -9999.0 -9999.0 -9999.0 -9999.0 -9999.0 -9999.0 -9999.0 -9999.0 -9999.0 -9999.0 -9999.0 -9999.0 -9999.0 -9999.0 -9999.0 -9999.0 -9999.0 -9999.0 -9999.0 -9999.0 -9999.0 -9999.0 -9999.0 -9999.0 -9999.0 -9999.0 -9999.0 -9999.0
-9999.0 -9999.0 -9999.0 -9999.0 -9999.0 -9999.0 -9999.0 -9999.0 -9999.0 -9999.0 -9999.0 -9999.0 -9999.0 -9999.0 -9999.0 -9999.0 -9999.0 -9999.0 -9999.0 -9999.0 -9999.0 -9999.0 -9999.0 -9999.0 -9999.0 -9999.0 -9999.0 -9999.0 -9999.0 -9999.0 -9999.0 -9999.0 -9999.0 -9999.0 -9999.0 -9999.0 -9999.0 -9999.0 -9999.0 -9999.0 -9999.0 -9999.0 -9999.0 -9999.0 -9999.0 -9999.0 -9999.0 -9999.0 -9999.0 -9999.0 -9999.0 -9999.0 -9999.0 -9999.0 -9999.0 -9999.0 -9999.0 -9999.0 -9999.0 -9999.0 -9999.0 -9999.0 -9999.0 -9999.0 -9999.0 -9999.0 -9999.0 -9999.0 -9999.0 -9999.0 -9999.0 -9999.0 -9999.0 -9999.0 -9999.0 -9999.0 -9999.0 -9999.0 -9999.0 -9999.0
-9999.0 -9999.0 -9999.0 -9999.0 -9999.0 -9999.0 -9999.0 -9999.0 -9999.0 -9999.0 -9999.0 -9999.0 -9999.0 -9999.0 -9999.0 -9999.0 -9999.0 -9999.0 -9999.0 -9999.0 0.173636 0.174193 0.172933 0.171516 0.170355 0.170223 0.171538 0.173103 0.174932 0.175342 0.173899 0.174217 0.173656 0.173382 0.173385 0.173773 0.173944 0.174550 0.174949 0.174798 0.174358 0.174031 0.173733 0.173848 0.174330 0.173690 0.174673 0.175682 0.176066 0.176014 0.174590 0.173982 0.173761 0.172673 0.174659 0.175299 0.176875 0.177052 0.177317 0.175535 0.173826 -9999.0 -9999.0 -9999.0 -9999.0 -9999.0 -9999.0 -9999.0 -9999.0 -9999.0 -9999.0 -9999.0 -9999.0 -9999.0 -9999.0 -9999.0 -9999.0 -9999.0 -9999.0 -9999.0
-9999.0 -9999.0 -9999.0 -9999.0 -9999.0 -9999.0 -9999.0 -9999.0 -9999.0 -9999.0 -9999.0 -9999.0 -9999.0 -9999.0 0.171229 0.170587 0.170296 0.170141 0.171317 0.172268 0.172351 0.171678 0.172196 0.170885 0.169760 0.170454 0.171477 0.172372 0.173839 0.174991 0.173956 0.173705 0.174289 0.176346 0.177329 0.176920 0.174586 0.176761 0.177969 0.178783 0.178685 0.177602 0.179191 0.181058 0.180132 0.178180 0.178522 0.179601 0.181450 0.180358 0.174420 0.173714 0.173972 0.174036 0.173280 0.172739 0.174748 0.174501 0.174142 0.173712 0.172484 0.170601 0.169795 0.171694 0.173516 0.177332 -9999.0 -9999.0 -9999.0 -9999.0 -9999.0 -9999.0 -9999.0 -9999.0 -9999.0 -9999.0 -9999.0 -9999.0 -9999.0 -9999.0
-9999.0 -9999.0 -9999.0 -9999.0 -9999.0 -9999.0 -9999.0 -9999.0 -9999.0 0.170122 0.169948 0.170124 0.169724 0.170279 0.169400 0.169615 0.169491 0.170276 0.170967 0.172143 0.173701 0.172589 0.172456 0.173302 0.173496 0.173881 0.174641 0.177380 0.180774 0.186214 0.181759 0.181584 0.184071 0.193806 0.204213 0.207985 0.201908 0.201843 0.209416 0.220057 0.221118 0.220307 0.233583 0.242636 0.248917 0.235268 0.221909 0.219894 0.234816 0.209986 0.193695 0.183071 0.183532 0.180038 0.176410 0.175056 0.174601 0.176996 0.176023 0.173779 0.172006 0.172481 0.171540 0.172449 0.173164 0.176051 0.178786 0.181525 0.181668 0.179921 -9999.0 -9999.0 -9999.0 -9999.0 -9999.0 -9999.0 -9999.0 -9999.0 -9999.0 -9999.0
-9999.0 -9999.0 -9999.0 -9999.0 -9999.0 -9999.0 0.168968 0.168895 0.169244 0.168200 0.168964 0.168461 0.169047 0.169329 0.169722 0.169789 0.170831 0.171778 0.173420 0.175681 0.177848 0.176832 0.177429 0.180705 0.187451 0.194311 0.199090 0.208981 0.253704 0.297212 0.312537 0.318782 0.325187 0.340736 0.357895 0.361379 0.357473 0.353566 0.358157 0.365076 0.369427 0.369452 0.369537 0.369631 0.369859 0.369834 0.365759 0.361882 0.359934 0.357747 0.344306 0.321803 0.284394 0.239623 0.203780 0.190622 0.188560 0.190427 0.185563 0.179688 0.176365 0.176266 0.175613 0.174476 0.174962 0.176149 0.178029 0.179211 0.178288 0.177031 0.176050 0.174162 0.174440 0.176272 -9999.0 -9999.0 -9999.0 -9999.0 -9999.0 -9999.0
-9999.0 -9999.0 -9999.0 -9999.0 0.167298 0.167786 0.166356 0.167165 0.167821 0.168332 0.168395 0.169340 0.169647 0.170351 0.171871 0.173182 0.175464 0.177287 0.182454 0.194289 0.208360 0.219356 0.228585 0.284509 0.327313 0.345719 0.351169 0.358023 0.365487 0.369896 0.369968 0.369977 0.369939 0.369999 0.369998 0.370000 0.370000 0.370000 0.370000 0.370000 0.370000 0.370000 0.370000 0.370000 0.370000 0.370000 0.370000 0.370000 0.369996 0.370000 0.369978 0.369947 0.367852 0.364817 0.361335 0.351625 0.327484 0.312669 0.261914 0.221970 0.198313 0.191803 0.186064 0.183176 0.179684 0.180194 0.181041 0.179302 0.177115 0.175105 0.174799 0.173938 0.173055 0.175350 0.176236 0.178895 -9999.0 -9999.0 -9999.0 -9999.0
-9999.0 -9999.0 0.167179 0.167274 0.168633 0.167838 0.167399 0.166723 0.167032 0.168371 0.171074 0.172412 0.174461 0.175606 0.180533 0.194422 0.217268 0.244977 0.301581 0.334733 0.354019 0.362793 0.368832 0.369763 0.369962 0.369977 0.370000 0.369999 0.370000 0.370000 0.370000 0.370000 0.370000 0.370000 0.370000 0.370000 0.370000 0.370000 0.370000 0.370000 0.370000 0.370000 0.370000 0.370000 0.370000 0.370000 0.370000 0.370000 0.370000 0.370000 0.370000 0.370000 0.370000 0.370000 0.369998 0.369999 0.369925 0.368041 0.366096 0.361034 0.339713 0.318519 0.278855 0.230831 0.205107 0.195837 0.187718 0.183086 0.179119 0.175713 0.174661 0.174019 0.174417 0.174132 0.175370 0.176356 0.177794 0.178364 -9999.0 -9999.0
-9999.0 0.166795 0.166405 0.168858 0.169371 0.169975 0.170874 0.171650 0.172386 0.171419 0.179294 0.198185 0.224919 0.240655 0.292940 0.345959 0.369275 0.369756 0.369901 0.369921 0.370000 0.370000 0.370000 0.370000 0.370000 0.370000 0.370000 0.370000 0.370000 0.370000 0.370000 0.370000 0.370000 0.370000 0.370000 0.370000 0.370000 0.370000 0.370000 0.370000 0.370000 0.370000 0.370000 0.369999 0.369999 0.370000 0.370000 0.370000 0.369995 0.370000 0.370000 0.370000 0.370000 0.370000 0.370000 0.370000 0.370000 0.370000 0.369997 0.369999 0.369636 0.367546 0.362140 0.346407 0.321717 0.273761 0.221982 0.200504 0.188034 0.183779 0.181228 0.176477 0.175221 0.176104 0.175489 0.175414 0.175980 0.176430 -9999.0 -9999.0
-9999.0 0.164760 0.166915 0.169646 0.173320 0.174209 0.188231 0.204534 0.212687 0.202961 0.268060 0.369411 0.369746 0.369938 0.369996 0.370000 0.370000 0.370000 0.370000 0.370000 0.370000 0.370000 0.370000 0.370000 0.370000 0.370000 0.370000 0.370000 0.370000 0.370000 0.370000 0.370000 0.370000 0.369996 0.369965 0.369913 0.369342 0.368466 0.366247 0.363394 0.361613 0.364475 0.363061 0.359876 0.359133 0.363221 0.366671 0.366081 0.366394 0.367876 0.369411 0.369987 0.369997 0.370000 0.370000 0.370000 0.370000 0.370000 0.370000 0.370000 0.370000 0.370000 0.369998 0.369409 0.365636 0.350608 0.330244 0.308282 0.256598 0.222057 0.202884 0.190222 0.182288 0.180446 0.177002 0.176332 -9999.0 -9999.0 -9999.0 -9999.0
-9999.0 0.164818 0.166999 0.172325 0.187272 0.217963 0.325645 0.365174 0.369985 0.369874 0.370000 0.370000 0.370000 0.370000 0.370000 0.370000 0.370000 0.370000 0.370000 0.370000 0.370000 0.370000 0.370000 0.370000 0.370000 0.370000 0.370000 0.369999 0.369837 0.369385 0.368630 0.367970 0.365719 0.349491 0.336368 0.325886 0.290412 0.276978 0.262734 0.237632 0.226553 0.220332 0.228638 0.226553 0.225870 0.231592 0.247542 0.262000 0.299549 0.321078 0.337462 0.354683 0.361685 0.366686 0.369168 0.369991 0.369999 0.370000 0.370000 0.370000 0.370000 0.370000 0.370000 0.370000 0.369998 0.369283 0.366873 0.356635 0.339179 0.322273 0.307028 0.269601 0.217833 0.191946 0.186355 -9999.0 -9999.0 -9999.0 -9999.0 -9999.0
-9999.0 0.162269 0.167347 0.171807 0.200075 0.333841 0.361685 0.370000 0.370000 0.370000 0.369842 0.369999 0.369997 0.370000 0.370000 0.369998 0.369998 0.369998 0.369999 0.369988 0.369643 0.369362 0.369310 0.369025 0.368246 0.367230 0.366151 0.363932 0.353504 0.339056 0.311626 0.292420 0.232845 0.203854 0.193397 0.185693 0.179221 0.179288 0.181167 0.179380 0.177543 0.175712 0.177915 0.178964 0.179974 0.178774 0.179195 0.182507 0.188562 0.195930 0.209622 0.237668 0.278851 0.318815 0.333288 0.352522 0.362371 0.367270 0.369686 0.370000 0.370000 0.370000 0.370000 0.370000 0.370000 0.370000 0.369999 0.369324 0.361797 0.352621 0.347768 0.340217 0.322239 -9999.0 -9999.0 -9999.0 -9999.0 -9999.0 -9999.0 -9999.0
-9999.0 0.160584 0.166066 0.167395 0.175426 0.196885 0.260488 0.335586 0.368847 0.352863 0.348400 0.355859 0.361851 0.364698 0.361425 0.354287 0.347427 0.348533 0.348889 0.340912 0.329357 0.323930 0.323651 0.319542 0.300504 0.283970 0.272421 0.251470 0.225456 0.204757 0.187015 0.179921 0.175365 0.173750 0.172622 0.171480 0.169454 0.170483 0.171329 0.171086 0.170426 0.169942 0.171415 0.171959 0.172444 0.171096 0.172052 0.172998 0.175122 0.177419 0.180881 0.186411 0.194437 0.201444 0.207287 0.220975 0.252359 0.307895 0.343608 0.365244 0.369273 0.369984 0.370000 0.370000 0.370000 0.370000 0.370000 0.370000 0.365345 0.360493 0.360036 -9999.0 -9999.0 -9999.0 -9999.0 -9999.0 -9999.0 -9999.0 -9999.0 -9999.0
-9999.0 -9999.0 0.159677 0.162016 0.164319 0.166653 0.170020 0.174627 0.178443 0.183742 0.192987 0.206038 0.217149 0.223415 0.215293 0.202203 0.195965 0.196347 0.194810 0.191839 0.187052 0.185400 0.184324 0.183455 0.181578 0.180776 0.180424 0.179711 0.178215 0.175166 0.172575 0.170872 0.169101 0.169094 0.168781 0.168171 0.168565 0.168467 0.168631 0.168542 0.168650 0.168904 0.169254 0.169713 0.169751 0.169866 0.170058 0.170602 0.171455 0.172605 0.174857 0.178311 0.181162 0.181926 0.180522 0.181056 0.183301 0.189117 0.212655 0.280359 0.332619 0.356108 0.366631 0.368987 0.369420 0.369896 0.370000 0.369086 0.347060 0.350672 -9999.0 -9999.0 -9999.0 -9999.0 -9999.0 -9999.0 -9999.0 -9999.0 -9999.0 -9999.0
-9999.0 -9999.0 -9999.0 -9999.0 0.159033 0.162056 0.164848 0.164650 0.166734 0.168026 0.169351 0.171021 0.172415 0.173372 0.172138 0.171719 0.171419 0.171604 0.171359 0.170996 0.170779 0.170573 0.170403 0.170129 0.170193 0.170407 0.170461 0.170007 0.169971 0.169050 0.168834 0.168295 0.167777 0.167228 0.167306 0.167217 0.167435 0.167201 0.167576 0.167347 0.167628 0.167769 0.168138 0.168723 0.168519 0.168860 0.168899 0.169377 0.169619 0.170934 0.173134 0.175810 0.177730 0.177677 0.175324 0.174368 0.173886 0.175419 0.178264 0.184875 0.205989 0.246169 0.308950 0.331320 0.343055 0.356427 0.363679 0.364625 -9999.0 -9999.0 -9999.0 -9999.0 -9999.0 -9999.0 -9999.0 -9999.0 -9999.0 -9999.0 -9999.0 -9999.0
-9999.0 -9999.0 -9999.0 -9999.0 -9999.0 -9999.0 0.160134 0.161563 0.161269 0.162251 0.163123 0.163888 0.165139 0.164932 0.165213 0.166192 0.166012 0.165538 0.164957 0.165823 0.166159 0.166253 0.165282 0.165532 0.165610 0.165996 0.165957 0.166106 0.165242 0.166171 0.166598 0.166379 0.166166 0.166321 0.166092 0.166713 0.166786 0.166287 0.166160 0.166880 0.167088 0.166997 0.167167 0.167697 0.168465 0.168586 0.168256 0.167815 0.168667 0.170613 0.172927 0.175103 0.176595 0.177088 0.175095 0.172562 0.171353 0.171247 0.172354 0.174540 0.179984 0.184349 0.188516 0.194010 0.201406 0.252886 -9999.0 -9999.0 -9999.0 -9999.0 -9999.0 -9999.0 -9999.0 -9999.0 -9999.0 -9999.0 -9999.0 -9999.0 -9999.0 -9999.0
-9999.0 -9999.0 -9999.0 -9999.0 -9999.0 -9999.0 -9999.0 -9999.0 -9999.0 -9999.0 -9999.0 -9999.0 -9999.0 -9999.0 -9999.0 -9999.0 -9999.0 -9999.0 -9999.0 -9999.0 -9999.0 -9999.0 -9999.0 -9999.0 -9999.0 -9999.0 -9999.0 -9999.0 -9999.0 -9999.0 -9999.0 -9999.0 -9999.0 -9999.0 -9999.0 -9999.0 -9999.0 -9999.0 -9999.0 -9999.0 -9999.0 -9999.0 -9999.0 -9999.0 -9999.0 -9999.0 -9999.0 -9999.0 -9999.0 -9999.0 -9999.0 -9999.0 -9999.0 -9999.0 -9999.0 -9999.0 -9999.0 -9999.0 -9999.0 -9999.0 -9999.0 -9999.0 -9999.0 -9999.0 -9999.0 -9999.0 -9999.0 -9999.0 -9999.0 -9999.0 -9999.0 -9999.0 -9999.0 -9999.0 -9999.0 -9999.0 -9999.0 -9999.0 -9999.0 -9999.0
-9999.0 -9999.0 -9999.0 -9999.0 -9999.0 -9999.0 -9999.0 -9999.0 -9999.0 -9999.0 -9999.0 -9999.0 -9999.0 -9999.0 -9999.0 -9999.0 -9999.0 -9999.0 -9999.0 -9999.0 -9999.0 -9999.0 -9999.0 -9999.0 -9999.0 -9999.0 -9999.0 -9999.0 -9999.0 -9999.0 -9999.0 -9999.0 -9999.0 -9999.0 -9999.0 -9999.0 -9999.0 -9999.0 -9999.0 -9999.0 -9999.0 -9999.0 -9999.0 -9999.0 -9999.0 -9999.0 -9999.0 -9999.0 -9999.0 -9999.0 -9999.0 -9999.0 -9999.0 -9999.0 -9999.0 -9999.0 -9999.0 -9999.0 -9999.0 -9999.0 -9999.0 -9999.0 -9999.0 -9999.0 -9999.0 -9999.0 -9999.0 -9999.0 -9999.0 -9999.0 -9999.0 -9999.0 -9999.0 -9999.0 -9999.0 -9999.0 -9999.0 -9999.0 -9999.0 -9999.0