Borden_/Borden1m_014/output_maps/thetaliqL0003N0009.asc
ncols         80
nrows         18
xllcorner     620200.000000
yllcorner     5168000.000000
cellsize      1.000000
NODATA_value  -9999.0
-9999.0 -9999.0 -9999.0 -9999.0 -9999.0 -9999.0 -9999.0 -9999.0 -9999.0 -9999.0 -9999.0 -9999.0 -9999.0 -9999.0 -9999.0 -9999.0 -9999.0 -9999.0 -9999.0 -9999.0 -9999.0 -9999.0 -9999.0 -9999.0 -9999.0 -9999.0 -9999.0 -9999.0 -9999.0 -9999.0 -9999.0 -9999.0 -9999.0 -9999.0 -9999.0 -9999.0 -9999.0 -9999.0 -9999.0 -9999.0 -9999.0 -9999.0 -9999.0 -9999.0 -9999.0 -9999.0 -9999.0 -9999.0 -9999.0 -9999.0 -9999.0 -9999.0 -9999.0 -9999.0 -9999.0 -9999.0 -9999.0 -9999.0 -9999.0 -9999.0 -9999.0 -9999.0 -9999.0 -9999.0 -9999.0 -9999.0 -9999.0 -9999.0 -9999.0 -9999.0 -9999.0 -9999.0 -9999.0 -9999.0 -9999.0 -9999.0 -9999.0 -9999.0 -9999.0 -9999.0
-9999.0 -9999.0 -9999.0 -9999.0 -9999.0 -9999.0 -9999.0 -9999.0 -9999.0 -9999.0 -9999.0 -9999.0 -9999.0 -9999.0 -9999.0 -9999.0 -9999.0 -9999.0 -9999.0 -9999.0 -9999.0 -9999.0 -9999.0 -9999.0 -9999.0 -9999.0 -9999.0 -9999.0 -9999.0 -9999.0 -9999.0 -9999.0 -9999.0 -9999.0 -9999.0 -9999.0 -9999.0 -9999.0 -9999.0 -9999.0 -9999.0 -9999.0 -9999.0 -9999.0 -9999.0 -9999.0 -9999.0 -9999.0 -9999.0 -9999.0 -9999.0 -9999.0 -9999.0 -9999.0 -9999.0 -9999.0 -9999.0 -9999.0 -9999.0 -9999.0 -9999.0 -9999.0 -9999.0 -9999.0 -9999.0 -9999.0 -9999.0 -9999.0 -9999.0 -9999.0 -9999.0 -9999.0 -9999.0 -9999.0 -9999.0 -9999.0 -9999.0 -9999.0 -9999.0 -9999.0
-9999.0 -9999.0 -9999.0 -9999.0 -9999.0 -9999.0 -9999.0 -9999.0 -9999.0 -9999.0 -9999.0 -9999.0 -9999.0 -9999.0 -9999.0 -9999.0 -9999.0 -9999.0 -9999.0 -9999.0 0.177187 0.178683 0.175293 0.171409 0.168176 0.167810 0.171431 0.175696 0.180607 0.181581 0.177695 0.178641 0.177142 0.176274 0.176200 0.177292 0.177855 0.179407 0.180405 0.179943 0.178749 0.177912 0.177207 0.177455 0.178785 0.176921 0.179597 0.182251 0.183176 0.183134 0.179532 0.178037 0.177461 0.174455 0.179888 0.181523 0.185629 0.186053 0.186765 0.182142 0.177607 -9999.0 -9999.0 -9999.0 -9999.0 -9999.0 -9999.0 -9999.0 -9999.0 -9999.0 -9999.0 -9999.0 -9999.0 -9999.0 -9999.0 -9999.0 -9999.0 -9999.0 -9999.0 -9999.0
-9999.0 -9999.0 -9999.0 -9999.0 -9999.0 -9999.0 -9999.0 -9999.0 -9999.0 -9999.0 -9999.0 -9999.0 -9999.0 -9999.0 0.170639 0.168867 0.168053 0.167591 0.170859 0.173484 0.173651 0.171798 0.173263 0.169610 0.166411 0.168324 0.171156 0.173553 0.177453 0.180404 0.177710 0.177043 0.178490 0.183593 0.185857 0.184772 0.178731 0.184461 0.187418 0.189317 0.189068 0.186283 0.190104 0.194627 0.192306 0.187552 0.188616 0.191342 0.195706 0.193439 0.178476 0.177006 0.177720 0.177986 0.175942 0.174529 0.180032 0.179282 0.178363 0.177290 0.173981 0.168761 0.166479 0.171821 0.176724 0.186722 -9999.0 -9999.0 -9999.0 -9999.0 -9999.0 -9999.0 -9999.0 -9999.0 -9999.0 -9999.0 -9999.0 -9999.0 -9999.0 -9999.0
-9999.0 -9999.0 -9999.0 -9999.0 -9999.0 -9999.0 -9999.0 -9999.0 -9999.0 0.167470 0.167033 0.167542 0.166426 0.167998 0.165475 0.166093 0.165656 0.167911 0.169796 0.172981 0.177169 0.174152 0.173753 0.175868 0.176044 0.176828 0.178745 0.185724 0.193644 0.205888 0.194994 0.194314 0.199075 0.215654 0.234522 0.239992 0.230324 0.229156 0.241505 0.255182 0.254492 0.253352 0.264810 0.270797 0.275270 0.266629 0.256713 0.254173 0.267515 0.242466 0.214431 0.196472 0.199855 0.192064 0.183438 0.180250 0.179196 0.185485 0.183076 0.177273 0.172578 0.173877 0.171275 0.173876 0.175771 0.183377 0.190327 0.197070 0.197383 0.193098 -9999.0 -9999.0 -9999.0 -9999.0 -9999.0 -9999.0 -9999.0 -9999.0 -9999.0 -9999.0
-9999.0 -9999.0 -9999.0 -9999.0 -9999.0 -9999.0 0.164089 0.163935 0.164984 0.161962 0.164219 0.162753 0.164400 0.165163 0.166323 0.166420 0.169204 0.171747 0.176042 0.181731 0.187042 0.184179 0.185569 0.192965 0.205066 0.215450 0.223857 0.240354 0.278231 0.299866 0.307853 0.310663 0.315864 0.351092 0.370000 0.370000 0.370000 0.370000 0.370000 0.370000 0.370000 0.370000 0.370000 0.370000 0.370000 0.370000 0.370000 0.370000 0.370000 0.370000 0.362490 0.315233 0.292515 0.270390 0.234620 0.208158 0.207168 0.214093 0.204928 0.191363 0.183358 0.183392 0.181843 0.178979 0.180432 0.183557 0.188336 0.191351 0.189049 0.185888 0.183475 0.178489 0.179266 0.184080 -9999.0 -9999.0 -9999.0 -9999.0 -9999.0 -9999.0
-9999.0 -9999.0 -9999.0 -9999.0 0.159254 0.160675 0.156537 0.158932 0.160851 0.162367 0.162480 0.165066 0.165854 0.167770 0.171766 0.174799 0.180457 0.184860 0.196603 0.217575 0.239495 0.253836 0.259712 0.289998 0.325414 0.363266 0.370000 0.370000 0.370000 0.370000 0.370000 0.370000 0.370000 0.370000 0.370000 0.370000 0.370000 0.370000 0.370000 0.370000 0.370000 0.370000 0.370000 0.370000 0.370000 0.370000 0.370000 0.370000 0.370000 0.370000 0.370000 0.370000 0.370000 0.370000 0.370000 0.370000 0.325884 0.309902 0.281659 0.256356 0.222861 0.215109 0.205628 0.199738 0.191743 0.193354 0.195685 0.191498 0.186019 0.180883 0.180180 0.177930 0.175477 0.181663 0.183908 0.190680 -9999.0 -9999.0 -9999.0 -9999.0
-9999.0 -9999.0 0.158775 0.159037 0.163036 0.160732 0.159301 0.157364 0.158276 0.162094 0.169348 0.172477 0.177535 0.180401 0.192019 0.216885 0.250459 0.271729 0.299188 0.340466 0.370000 0.370000 0.370000 0.370000 0.370000 0.370000 0.370000 0.370000 0.370000 0.370000 0.370000 0.370000 0.370000 0.370000 0.370000 0.370000 0.370000 0.370000 0.370000 0.370000 0.370000 0.370000 0.370000 0.370000 0.370000 0.370000 0.370000 0.370000 0.370000 0.370000 0.370000 0.370000 0.370000 0.370000 0.370000 0.370000 0.370000 0.370000 0.370000 0.370000 0.361159 0.318118 0.288666 0.260328 0.236902 0.225870 0.210281 0.200200 0.190838 0.182264 0.179636 0.178059 0.179190 0.178354 0.181668 0.184195 0.187921 0.189346 -9999.0 -9999.0
-9999.0 0.157235 0.156226 0.163311 0.164818 0.166376 0.168054 0.169611 0.171677 0.169436 0.189058 0.223993 0.260602 0.270090 0.293813 0.355454 0.370000 0.370000 0.370000 0.370000 0.370000 0.370000 0.370000 0.370000 0.370000 0.370000 0.370000 0.370000 0.370000 0.370000 0.370000 0.370000 0.370000 0.370000 0.370000 0.370000 0.370000 0.370000 0.370000 0.370000 0.370000 0.370000 0.370000 0.370000 0.370000 0.370000 0.370000 0.370000 0.370000 0.370000 0.370000 0.370000 0.370000 0.370000 0.370000 0.370000 0.370000 0.370000 0.370000 0.370000 0.370000 0.370000 0.370000 0.370000 0.324821 0.283576 0.254220 0.232092 0.210337 0.201317 0.195674 0.183992 0.181010 0.183479 0.181950 0.181762 0.183226 0.184382 -9999.0 -9999.0
-9999.0 0.150803 0.157034 0.164882 0.175011 0.176272 0.203498 0.238424 0.247338 0.233736 0.282929 0.370000 0.370000 0.370000 0.370000 0.370000 0.370000 0.370000 0.370000 0.370000 0.370000 0.370000 0.370000 0.370000 0.370000 0.370000 0.370000 0.370000 0.370000 0.370000 0.370000 0.370000 0.370000 0.370000 0.370000 0.370000 0.370000 0.370000 0.370000 0.370000 0.370000 0.370000 0.370000 0.370000 0.370000 0.370000 0.370000 0.370000 0.370000 0.370000 0.370000 0.370000 0.370000 0.370000 0.370000 0.370000 0.370000 0.370000 0.370000 0.370000 0.370000 0.370000 0.370000 0.370000 0.370000 0.370000 0.345620 0.312354 0.279219 0.255366 0.235076 0.214782 0.197804 0.194081 0.185550 0.184143 -9999.0 -9999.0 -9999.0 -9999.0
-9999.0 0.150051 0.156197 0.170889 0.208891 0.249615 0.364054 0.370000 0.370000 0.370000 0.370000 0.370000 0.370000 0.370000 0.370000 0.370000 0.370000 0.370000 0.370000 0.370000 0.370000 0.370000 0.370000 0.370000 0.370000 0.370000 0.370000 0.370000 0.370000 0.370000 0.370000 0.370000 0.370000 0.370000 0.339789 0.321070 0.293905 0.291114 0.284261 0.268988 0.260948 0.255785 0.263279 0.260323 0.259328 0.264789 0.275805 0.281863 0.300616 0.318476 0.347686 0.370000 0.370000 0.370000 0.370000 0.370000 0.370000 0.370000 0.370000 0.370000 0.370000 0.370000 0.370000 0.370000 0.370000 0.370000 0.370000 0.370000 0.370000 0.361092 0.323372 0.287524 0.252878 0.219448 0.207807 -9999.0 -9999.0 -9999.0 -9999.0 -9999.0
-9999.0 0.141424 0.155681 0.167775 0.228531 0.369998 0.370000 0.370000 0.370000 0.370000 0.370000 0.370000 0.370000 0.370000 0.370000 0.370000 0.370000 0.370000 0.370000 0.370000 0.370000 0.370000 0.370000 0.370000 0.370000 0.370000 0.370000 0.370000 0.370000 0.360284 0.307626 0.299871 0.266249 0.231719 0.215255 0.201889 0.188770 0.189237 0.194212 0.190084 0.185538 0.180856 0.186596 0.189337 0.191929 0.188753 0.189651 0.197599 0.210576 0.222912 0.240622 0.265279 0.287505 0.314946 0.338053 0.370000 0.370000 0.370000 0.370000 0.370000 0.370000 0.370000 0.370000 0.370000 0.370000 0.370000 0.370000 0.370000 0.370000 0.370000 0.370000 0.370000 0.338671 -9999.0 -9999.0 -9999.0 -9999.0 -9999.0 -9999.0 -9999.0
-9999.0 0.137221 0.151604 0.154325 0.175465 0.220944 0.284983 0.340804 0.370000 0.370000 0.370000 0.370000 0.370000 0.370000 0.370000 0.370000 0.370000 0.369670 0.368639 0.351382 0.330706 0.321117 0.321432 0.317548 0.302599 0.294235 0.289131 0.278147 0.258998 0.234138 0.206040 0.190405 0.179465 0.175670 0.172919 0.170027 0.164675 0.167623 0.169929 0.169370 0.167673 0.166432 0.170540 0.172066 0.173394 0.169719 0.172369 0.174832 0.180362 0.186181 0.194559 0.207094 0.223193 0.233095 0.238332 0.252073 0.274470 0.303445 0.364526 0.370000 0.370000 0.370000 0.370000 0.370000 0.370000 0.370000 0.370000 0.370000 0.370000 0.370000 0.370000 -9999.0 -9999.0 -9999.0 -9999.0 -9999.0 -9999.0 -9999.0 -9999.0 -9999.0
-9999.0 -9999.0 0.134282 0.139829 0.144946 0.150980 0.159904 0.168597 0.175998 0.190355 0.212894 0.238390 0.253990 0.260660 0.251383 0.230675 0.217416 0.218376 0.215621 0.210870 0.202915 0.201098 0.199113 0.197724 0.194237 0.192698 0.192017 0.190492 0.187026 0.179386 0.172986 0.168515 0.163718 0.163762 0.162949 0.161335 0.162637 0.162289 0.162736 0.162539 0.162963 0.163769 0.164753 0.166108 0.166232 0.166648 0.167157 0.168647 0.170946 0.174056 0.180027 0.188878 0.195806 0.197488 0.193821 0.194785 0.199660 0.210862 0.243099 0.287984 0.341236 0.370000 0.370000 0.370000 0.370000 0.370000 0.370000 0.370000 0.370000 0.370000 -9999.0 -9999.0 -9999.0 -9999.0 -9999.0 -9999.0 -9999.0 -9999.0 -9999.0 -9999.0
-9999.0 -9999.0 -9999.0 -9999.0 0.131906 0.139668 0.147343 0.146770 0.152984 0.157280 0.161450 0.166438 0.170665 0.173344 0.170284 0.169685 0.169059 0.169450 0.168738 0.168007 0.167714 0.167208 0.166620 0.165888 0.166204 0.166929 0.167108 0.165850 0.165730 0.163433 0.163086 0.161643 0.160254 0.158707 0.158959 0.158810 0.159448 0.158738 0.159810 0.159247 0.160111 0.160542 0.161624 0.163371 0.162863 0.163865 0.163961 0.165285 0.165960 0.169637 0.175648 0.182743 0.187669 0.187477 0.181372 0.178799 0.177336 0.181172 0.187849 0.202544 0.236435 0.269545 0.305403 0.338110 0.370000 0.370000 0.370000 0.370000 -9999.0 -9999.0 -9999.0 -9999.0 -9999.0 -9999.0 -9999.0 -9999.0 -9999.0 -9999.0 -9999.0 -9999.0
-9999.0 -9999.0 -9999.0 -9999.0 -9999.0 -9999.0 0.135160 0.139172 0.138062 0.141489 0.144750 0.147395 0.151228 0.150986 0.152194 0.155156 0.154767 0.153330 0.151558 0.154126 0.155323 0.155543 0.152657 0.153430 0.153761 0.154852 0.154739 0.155182 0.152762 0.155625 0.157015 0.156404 0.155811 0.156306 0.155674 0.157482 0.157699 0.156231 0.155808 0.157957 0.158633 0.158397 0.158890 0.160464 0.162717 0.163119 0.162182 0.160903 0.163255 0.168743 0.175144 0.180968 0.184840 0.186102 0.180935 0.174110 0.170750 0.170326 0.173148 0.178652 0.192014 0.201654 0.208930 0.214963 0.224305 0.274157 -9999.0 -9999.0 -9999.0 -9999.0 -9999.0 -9999.0 -9999.0 -9999.0 -9999.0 -9999.0 -9999.0 -9999.0 -9999.0 -9999.0
-9999.0 -9999.0 -9999.0 -9999.0 -9999.0 -9999.0 -9999.0 -9999.0 -9999.0 -9999.0 -9999.0 -9999.0 -9999.0 -9999.0 -9999.0 -9999.0 -9999.0 -9999.0 -9999.0 -9999.0 -9999.0 -9999.0 -9999.0 -9999.0 -9999.0 -9999.0 -9999.0 -9999.0 -9999.0 -9999.0 -9999.0 -9999.0 -9999.0 -9999.0 -9999.0 -9999.0 -9999.0 -9999.0 -9999.0 -9999.0 -9999.0 -9999.0 -9999.0 -9999.0 -9999.0 -9999.0 -9999.0 -9999.0 -9999.0 -9999.0 -9999.0 -9999.0 -9999.0 -9999.0 -9999.0 -9999.0 -9999.0 -9999.0 -9999.0 -9999.0 -9999.0 -9999.0 -9999.0 -9999.0 -9999.0 -9999.0 -9999.0 -9999.0 -9999.0 -9999.0 -9999.0 -9999.0 -9999.0 -9999.0 -9999.0 -9999.0 -9999.0 -9999.0 -9999.0 -9999.0
-9999.0 -9999.0 -9999.0 -9999.0 -9999.0 -9999.0 -9999.0 -9999.0 -9999.0 -9999.0 -9999.0 -9999.0 -9999.0 -9999.0 -9999.0 -9999.0 -9999.0 -9999.0 -9999.0 -9999.0 -9999.0 -9999.0 -9999.0 -9999.0 -9999.0 -9999.0 -9999.0 -9999.0 -9999.0 -9999.0 -9999.0 -9999.0 -9999.0 -9999.0 -9999.0 -9999.0 -9999.0 -9999.0 -9999.0 -9999.0 -9999.0 -9999.0 -9999.0 -9999.0 -9999.0 -9999.0 -9999.0 -9999.0 -9999.0 -9999.0 -9999.0 -9999.0 -9999.0 -9999.0 -9999.0 -9999.0 -9999.0 -9999.0 -9999.0 -9999.0 -9999.0 -9999.0 -9999.0 -9999.0 -9999.0 -9999.0 -9999.0 -9999.0 -9999.0 -9999.0 -9999.0 -9999.0 -9999.0 -9999.0 -9999.0 -9999.0 -9999.0 -9999.0 -9999.0 -9999.0