Borden_/Borden1m_014/output_maps/thetaliqL0007N0026.asc
ncols         80
nrows         18
xllcorner     620200.000000
yllcorner     5168000.000000
cellsize      1.000000
NODATA_value  -9999.0
-9999.0 -9999.0 -9999.0 -9999.0 -9999.0 -9999.0 -9999.0 -9999.0 -9999.0 -9999.0 -9999.0 -9999.0 -9999.0 -9999.0 -9999.0 -9999.0 -9999.0 -9999.0 -9999.0 -9999.0 -9999.0 -9999.0 -9999.0 -9999.0 -9999.0 -9999.0 -9999.0 -9999.0 -9999.0 -9999.0 -9999.0 -9999.0 -9999.0 -9999.0 -9999.0 -9999.0 -9999.0 -9999.0 -9999.0 -9999.0 -9999.0 -9999.0 -9999.0 -9999.0 -9999.0 -9999.0 -9999.0 -9999.0 -9999.0 -9999.0 -9999.0 -9999.0 -9999.0 -9999.0 -9999.0 -9999.0 -9999.0 -9999.0 -9999.0 -9999.0 -9999.0 -9999.0 -9999.0 -9999.0 -9999.0 -9999.0 -9999.0 -9999.0 -9999.0 -9999.0 -9999.0 -9999.0 -9999.0 -9999.0 -9999.0 -9999.0 -9999.0 -9999.0 -9999.0 -9999.0
-9999.0 -9999.0 -9999.0 -9999.0 -9999.0 -9999.0 -9999.0 -9999.0 -9999.0 -9999.0 -9999.0 -9999.0 -9999.0 -9999.0 -9999.0 -9999.0 -9999.0 -9999.0 -9999.0 -9999.0 -9999.0 -9999.0 -9999.0 -9999.0 -9999.0 -9999.0 -9999.0 -9999.0 -9999.0 -9999.0 -9999.0 -9999.0 -9999.0 -9999.0 -9999.0 -9999.0 -9999.0 -9999.0 -9999.0 -9999.0 -9999.0 -9999.0 -9999.0 -9999.0 -9999.0 -9999.0 -9999.0 -9999.0 -9999.0 -9999.0 -9999.0 -9999.0 -9999.0 -9999.0 -9999.0 -9999.0 -9999.0 -9999.0 -9999.0 -9999.0 -9999.0 -9999.0 -9999.0 -9999.0 -9999.0 -9999.0 -9999.0 -9999.0 -9999.0 -9999.0 -9999.0 -9999.0 -9999.0 -9999.0 -9999.0 -9999.0 -9999.0 -9999.0 -9999.0 -9999.0
-9999.0 -9999.0 -9999.0 -9999.0 -9999.0 -9999.0 -9999.0 -9999.0 -9999.0 -9999.0 -9999.0 -9999.0 -9999.0 -9999.0 -9999.0 -9999.0 -9999.0 -9999.0 -9999.0 -9999.0 0.280859 0.283215 0.265054 0.237230 0.214498 0.215704 0.243418 0.276333 0.304181 0.311195 0.298744 0.299573 0.295794 0.295825 0.298113 0.302290 0.303997 0.311820 0.317249 0.317138 0.313236 0.309417 0.308431 0.310857 0.314054 0.308429 0.317116 0.326185 0.329753 0.326946 0.310301 0.299352 0.293588 0.282909 0.301179 0.309981 0.324251 0.326794 0.326291 0.310063 0.288895 -9999.0 -9999.0 -9999.0 -9999.0 -9999.0 -9999.0 -9999.0 -9999.0 -9999.0 -9999.0 -9999.0 -9999.0 -9999.0 -9999.0 -9999.0 -9999.0 -9999.0 -9999.0 -9999.0
-9999.0 -9999.0 -9999.0 -9999.0 -9999.0 -9999.0 -9999.0 -9999.0 -9999.0 -9999.0 -9999.0 -9999.0 -9999.0 -9999.0 0.209483 0.201660 0.199176 0.205180 0.231142 0.255185 0.265377 0.259004 0.258694 0.239261 0.222887 0.233908 0.257431 0.282192 0.306939 0.320112 0.312008 0.310190 0.317227 0.333301 0.340566 0.339522 0.328950 0.339974 0.346688 0.350220 0.349979 0.347036 0.352198 0.356795 0.355135 0.349654 0.350451 0.353884 0.357674 0.353474 0.325796 0.312385 0.310363 0.305993 0.296853 0.292172 0.309717 0.310649 0.305358 0.292860 0.268236 0.232729 0.218911 0.250032 0.285819 0.324940 -9999.0 -9999.0 -9999.0 -9999.0 -9999.0 -9999.0 -9999.0 -9999.0 -9999.0 -9999.0 -9999.0 -9999.0 -9999.0 -9999.0
-9999.0 -9999.0 -9999.0 -9999.0 -9999.0 -9999.0 -9999.0 -9999.0 -9999.0 0.171181 0.173126 0.177324 0.178132 0.188210 0.186871 0.191318 0.196699 0.215670 0.240015 0.268239 0.290548 0.282594 0.282598 0.292017 0.297613 0.306972 0.320385 0.341454 0.356291 0.364341 0.360121 0.359965 0.363585 0.368314 0.369591 0.369754 0.369446 0.369500 0.369841 0.369967 0.369973 0.369973 0.369997 0.369999 0.370000 0.369997 0.369979 0.369973 0.369996 0.369850 0.368143 0.362254 0.361644 0.353974 0.337961 0.325885 0.323914 0.335563 0.327694 0.304510 0.277541 0.270494 0.257517 0.270869 0.288887 0.321071 0.340712 0.351249 0.351481 0.345785 -9999.0 -9999.0 -9999.0 -9999.0 -9999.0 -9999.0 -9999.0 -9999.0 -9999.0 -9999.0
-9999.0 -9999.0 -9999.0 -9999.0 -9999.0 -9999.0 0.132327 0.135692 0.144122 0.146628 0.158728 0.162649 0.174534 0.186803 0.200742 0.213143 0.237352 0.263450 0.295765 0.325035 0.341447 0.339973 0.344616 0.356622 0.365080 0.368048 0.369131 0.369844 0.370000 0.370000 0.370000 0.370000 0.370000 0.370000 0.370000 0.370000 0.370000 0.370000 0.370000 0.370000 0.370000 0.370000 0.370000 0.370000 0.370000 0.370000 0.370000 0.370000 0.370000 0.370000 0.370000 0.370000 0.370000 0.369999 0.369584 0.366972 0.366541 0.367434 0.364110 0.352583 0.335467 0.329768 0.321445 0.312594 0.316073 0.327634 0.339358 0.344256 0.339420 0.329905 0.317060 0.298173 0.299600 0.316687 -9999.0 -9999.0 -9999.0 -9999.0 -9999.0 -9999.0
-9999.0 -9999.0 -9999.0 -9999.0 0.115592 0.119174 0.115595 0.122679 0.134216 0.148706 0.165772 0.189163 0.208212 0.230902 0.264787 0.295077 0.324470 0.342549 0.360197 0.368341 0.369791 0.369963 0.369993 0.370000 0.370000 0.370000 0.370000 0.370000 0.370000 0.370000 0.370000 0.370000 0.370000 0.370000 0.370000 0.370000 0.370000 0.370000 0.370000 0.370000 0.370000 0.370000 0.370000 0.370000 0.370000 0.370000 0.370000 0.370000 0.370000 0.370000 0.370000 0.370000 0.370000 0.370000 0.370000 0.370000 0.370000 0.370000 0.370000 0.369977 0.369197 0.367922 0.364819 0.360362 0.352466 0.352338 0.353070 0.346826 0.334274 0.317069 0.307872 0.295239 0.288174 0.309607 0.320862 0.337219 -9999.0 -9999.0 -9999.0 -9999.0
-9999.0 -9999.0 0.101731 0.113504 0.131725 0.134890 0.135642 0.137341 0.149211 0.177285 0.235158 0.278298 0.311656 0.330205 0.355225 0.368098 0.369932 0.369999 0.370000 0.370000 0.370000 0.370000 0.370000 0.370000 0.370000 0.370000 0.370000 0.370000 0.370000 0.370000 0.370000 0.370000 0.370000 0.370000 0.370000 0.370000 0.370000 0.370000 0.370000 0.370000 0.370000 0.370000 0.370000 0.370000 0.370000 0.370000 0.370000 0.370000 0.370000 0.370000 0.370000 0.370000 0.370000 0.370000 0.370000 0.370000 0.370000 0.370000 0.370000 0.370000 0.370000 0.370000 0.370000 0.369996 0.369772 0.368960 0.365845 0.359833 0.347733 0.328027 0.314761 0.302953 0.301879 0.302793 0.313766 0.323450 0.331878 0.335747 -9999.0 -9999.0
-9999.0 0.087184 0.097064 0.130636 0.168553 0.197684 0.229028 0.252918 0.271839 0.282415 0.347824 0.368153 0.369968 0.369998 0.370000 0.370000 0.370000 0.370000 0.370000 0.370000 0.370000 0.370000 0.370000 0.370000 0.370000 0.370000 0.370000 0.370000 0.370000 0.370000 0.370000 0.370000 0.370000 0.370000 0.370000 0.370000 0.370000 0.370000 0.370000 0.370000 0.370000 0.370000 0.370000 0.370000 0.370000 0.370000 0.370000 0.370000 0.370000 0.370000 0.370000 0.370000 0.370000 0.370000 0.370000 0.370000 0.370000 0.370000 0.370000 0.370000 0.370000 0.370000 0.370000 0.370000 0.370000 0.370000 0.369985 0.369525 0.366279 0.360934 0.353778 0.333993 0.321533 0.322737 0.317503 0.316244 0.320487 0.324305 -9999.0 -9999.0
-9999.0 0.081069 0.097286 0.158086 0.263266 0.310483 0.361244 0.369050 0.369693 0.369328 0.370000 0.370000 0.370000 0.370000 0.370000 0.370000 0.370000 0.370000 0.370000 0.370000 0.370000 0.370000 0.370000 0.370000 0.370000 0.370000 0.370000 0.370000 0.370000 0.370000 0.370000 0.370000 0.370000 0.370000 0.370000 0.370000 0.370000 0.370000 0.370000 0.370000 0.370000 0.370000 0.370000 0.370000 0.370000 0.370000 0.370000 0.370000 0.370000 0.370000 0.370000 0.370000 0.370000 0.370000 0.370000 0.370000 0.370000 0.370000 0.370000 0.370000 0.370000 0.370000 0.370000 0.370000 0.370000 0.370000 0.370000 0.370000 0.370000 0.369971 0.369530 0.366782 0.358052 0.350177 0.334526 0.323510 -9999.0 -9999.0 -9999.0 -9999.0
-9999.0 0.077348 0.094952 0.200781 0.358848 0.369819 0.370000 0.370000 0.370000 0.370000 0.370000 0.370000 0.370000 0.370000 0.370000 0.370000 0.370000 0.370000 0.370000 0.370000 0.370000 0.370000 0.370000 0.370000 0.370000 0.370000 0.370000 0.370000 0.370000 0.370000 0.370000 0.370000 0.370000 0.370000 0.370000 0.370000 0.370000 0.370000 0.370000 0.369998 0.369987 0.369963 0.369989 0.369988 0.369988 0.369995 0.370000 0.370000 0.370000 0.370000 0.370000 0.370000 0.370000 0.370000 0.370000 0.370000 0.370000 0.370000 0.370000 0.370000 0.370000 0.370000 0.370000 0.370000 0.370000 0.370000 0.370000 0.370000 0.370000 0.370000 0.370000 0.370000 0.369938 0.366873 0.361759 -9999.0 -9999.0 -9999.0 -9999.0 -9999.0
-9999.0 0.072315 0.085766 0.172567 0.365251 0.370000 0.370000 0.370000 0.370000 0.370000 0.370000 0.370000 0.370000 0.370000 0.370000 0.370000 0.370000 0.370000 0.370000 0.370000 0.370000 0.370000 0.370000 0.370000 0.370000 0.370000 0.370000 0.370000 0.370000 0.370000 0.370000 0.370000 0.369994 0.369566 0.367813 0.362793 0.349983 0.348812 0.353302 0.347522 0.338348 0.328956 0.341090 0.346923 0.350515 0.347414 0.350626 0.359686 0.366522 0.369017 0.369888 0.369999 0.370000 0.370000 0.370000 0.370000 0.370000 0.370000 0.370000 0.370000 0.370000 0.370000 0.370000 0.370000 0.370000 0.370000 0.370000 0.370000 0.370000 0.370000 0.370000 0.370000 0.370000 -9999.0 -9999.0 -9999.0 -9999.0 -9999.0 -9999.0 -9999.0
-9999.0 0.070095 0.075212 0.096630 0.236172 0.363954 0.369999 0.370000 0.370000 0.370000 0.370000 0.370000 0.370000 0.370000 0.370000 0.370000 0.370000 0.370000 0.370000 0.370000 0.370000 0.370000 0.370000 0.370000 0.370000 0.370000 0.370000 0.370000 0.369984 0.369600 0.364947 0.350687 0.321585 0.297038 0.273568 0.246465 0.214876 0.223293 0.235337 0.231414 0.221226 0.217370 0.240964 0.255649 0.263630 0.252453 0.267019 0.287892 0.316702 0.338723 0.355284 0.365018 0.368789 0.369629 0.369848 0.369982 0.370000 0.370000 0.370000 0.370000 0.370000 0.370000 0.370000 0.370000 0.370000 0.370000 0.370000 0.370000 0.370000 0.370000 0.370000 -9999.0 -9999.0 -9999.0 -9999.0 -9999.0 -9999.0 -9999.0 -9999.0 -9999.0
-9999.0 -9999.0 0.070064 0.073744 0.081683 0.107688 0.164722 0.238930 0.296159 0.344898 0.364981 0.369343 0.369880 0.369953 0.369862 0.369215 0.368164 0.368156 0.367631 0.366493 0.363627 0.362066 0.360389 0.358679 0.354994 0.352525 0.350642 0.346524 0.336585 0.309444 0.269205 0.226813 0.186320 0.170486 0.158008 0.146419 0.144597 0.144066 0.147473 0.148021 0.150455 0.156359 0.168075 0.181179 0.187261 0.191656 0.200398 0.217910 0.244003 0.276323 0.313357 0.342082 0.354579 0.357439 0.355216 0.356971 0.361880 0.367396 0.369928 0.370000 0.370000 0.370000 0.370000 0.370000 0.370000 0.370000 0.370000 0.370000 0.370000 0.370000 -9999.0 -9999.0 -9999.0 -9999.0 -9999.0 -9999.0 -9999.0 -9999.0 -9999.0 -9999.0
-9999.0 -9999.0 -9999.0 -9999.0 0.070725 0.074199 0.078039 0.083526 0.098091 0.124048 0.164067 0.213556 0.253438 0.271569 0.261091 0.254559 0.247127 0.244579 0.237810 0.232589 0.227339 0.221178 0.213031 0.207363 0.206626 0.209095 0.207780 0.198461 0.187849 0.169938 0.156057 0.139137 0.124729 0.115590 0.112059 0.110230 0.110357 0.109084 0.111574 0.113204 0.117431 0.122305 0.130893 0.142657 0.148386 0.155448 0.160598 0.172680 0.192035 0.231313 0.280535 0.318677 0.335973 0.336932 0.322437 0.311783 0.308923 0.325720 0.347762 0.364475 0.369818 0.370000 0.370000 0.370000 0.370000 0.370000 0.370000 0.370000 -9999.0 -9999.0 -9999.0 -9999.0 -9999.0 -9999.0 -9999.0 -9999.0 -9999.0 -9999.0 -9999.0 -9999.0
-9999.0 -9999.0 -9999.0 -9999.0 -9999.0 -9999.0 0.069974 0.071275 0.073192 0.077511 0.084948 0.095872 0.110477 0.116719 0.121397 0.128764 0.126878 0.121262 0.116405 0.121367 0.124270 0.122779 0.114637 0.114215 0.115144 0.117993 0.117755 0.116054 0.109489 0.111414 0.110973 0.105520 0.100214 0.097624 0.095735 0.097424 0.097605 0.095579 0.096048 0.100629 0.104629 0.107701 0.113498 0.123615 0.135540 0.141518 0.141810 0.144550 0.166331 0.213756 0.269084 0.307705 0.325598 0.328769 0.310822 0.279826 0.260957 0.264587 0.289935 0.324467 0.355628 0.364849 0.367896 0.369077 0.369745 0.370000 -9999.0 -9999.0 -9999.0 -9999.0 -9999.0 -9999.0 -9999.0 -9999.0 -9999.0 -9999.0 -9999.0 -9999.0 -9999.0 -9999.0
-9999.0 -9999.0 -9999.0 -9999.0 -9999.0 -9999.0 -9999.0 -9999.0 -9999.0 -9999.0 -9999.0 -9999.0 -9999.0 -9999.0 -9999.0 -9999.0 -9999.0 -9999.0 -9999.0 -9999.0 -9999.0 -9999.0 -9999.0 -9999.0 -9999.0 -9999.0 -9999.0 -9999.0 -9999.0 -9999.0 -9999.0 -9999.0 -9999.0 -9999.0 -9999.0 -9999.0 -9999.0 -9999.0 -9999.0 -9999.0 -9999.0 -9999.0 -9999.0 -9999.0 -9999.0 -9999.0 -9999.0 -9999.0 -9999.0 -9999.0 -9999.0 -9999.0 -9999.0 -9999.0 -9999.0 -9999.0 -9999.0 -9999.0 -9999.0 -9999.0 -9999.0 -9999.0 -9999.0 -9999.0 -9999.0 -9999.0 -9999.0 -9999.0 -9999.0 -9999.0 -9999.0 -9999.0 -9999.0 -9999.0 -9999.0 -9999.0 -9999.0 -9999.0 -9999.0 -9999.0
-9999.0 -9999.0 -9999.0 -9999.0 -9999.0 -9999.0 -9999.0 -9999.0 -9999.0 -9999.0 -9999.0 -9999.0 -9999.0 -9999.0 -9999.0 -9999.0 -9999.0 -9999.0 -9999.0 -9999.0 -9999.0 -9999.0 -9999.0 -9999.0 -9999.0 -9999.0 -9999.0 -9999.0 -9999.0 -9999.0 -9999.0 -9999.0 -9999.0 -9999.0 -9999.0 -9999.0 -9999.0 -9999.0 -9999.0 -9999.0 -9999.0 -9999.0 -9999.0 -9999.0 -9999.0 -9999.0 -9999.0 -9999.0 -9999.0 -9999.0 -9999.0 -9999.0 -9999.0 -9999.0 -9999.0 -9999.0 -9999.0 -9999.0 -9999.0 -9999.0 -9999.0 -9999.0 -9999.0 -9999.0 -9999.0 -9999.0 -9999.0 -9999.0 -9999.0 -9999.0 -9999.0 -9999.0 -9999.0 -9999.0 -9999.0 -9999.0 -9999.0 -9999.0 -9999.0 -9999.0