Borden_/Borden1m_014/output_maps/thetaliqL0002N0009.asc
ncols         80
nrows         18
xllcorner     620200.000000
yllcorner     5168000.000000
cellsize      1.000000
NODATA_value  -9999.0
-9999.0 -9999.0 -9999.0 -9999.0 -9999.0 -9999.0 -9999.0 -9999.0 -9999.0 -9999.0 -9999.0 -9999.0 -9999.0 -9999.0 -9999.0 -9999.0 -9999.0 -9999.0 -9999.0 -9999.0 -9999.0 -9999.0 -9999.0 -9999.0 -9999.0 -9999.0 -9999.0 -9999.0 -9999.0 -9999.0 -9999.0 -9999.0 -9999.0 -9999.0 -9999.0 -9999.0 -9999.0 -9999.0 -9999.0 -9999.0 -9999.0 -9999.0 -9999.0 -9999.0 -9999.0 -9999.0 -9999.0 -9999.0 -9999.0 -9999.0 -9999.0 -9999.0 -9999.0 -9999.0 -9999.0 -9999.0 -9999.0 -9999.0 -9999.0 -9999.0 -9999.0 -9999.0 -9999.0 -9999.0 -9999.0 -9999.0 -9999.0 -9999.0 -9999.0 -9999.0 -9999.0 -9999.0 -9999.0 -9999.0 -9999.0 -9999.0 -9999.0 -9999.0 -9999.0 -9999.0
-9999.0 -9999.0 -9999.0 -9999.0 -9999.0 -9999.0 -9999.0 -9999.0 -9999.0 -9999.0 -9999.0 -9999.0 -9999.0 -9999.0 -9999.0 -9999.0 -9999.0 -9999.0 -9999.0 -9999.0 -9999.0 -9999.0 -9999.0 -9999.0 -9999.0 -9999.0 -9999.0 -9999.0 -9999.0 -9999.0 -9999.0 -9999.0 -9999.0 -9999.0 -9999.0 -9999.0 -9999.0 -9999.0 -9999.0 -9999.0 -9999.0 -9999.0 -9999.0 -9999.0 -9999.0 -9999.0 -9999.0 -9999.0 -9999.0 -9999.0 -9999.0 -9999.0 -9999.0 -9999.0 -9999.0 -9999.0 -9999.0 -9999.0 -9999.0 -9999.0 -9999.0 -9999.0 -9999.0 -9999.0 -9999.0 -9999.0 -9999.0 -9999.0 -9999.0 -9999.0 -9999.0 -9999.0 -9999.0 -9999.0 -9999.0 -9999.0 -9999.0 -9999.0 -9999.0 -9999.0
-9999.0 -9999.0 -9999.0 -9999.0 -9999.0 -9999.0 -9999.0 -9999.0 -9999.0 -9999.0 -9999.0 -9999.0 -9999.0 -9999.0 -9999.0 -9999.0 -9999.0 -9999.0 -9999.0 -9999.0 0.236336 0.237512 0.235409 0.233101 0.231047 0.230692 0.232915 0.235302 0.238089 0.238472 0.235914 0.236704 0.235637 0.234888 0.234703 0.235422 0.235823 0.236659 0.237132 0.236744 0.236000 0.235544 0.235014 0.235066 0.236000 0.234745 0.236454 0.237986 0.238420 0.238639 0.236829 0.236209 0.236014 0.233933 0.237644 0.238469 0.240866 0.240973 0.241614 0.238942 0.236293 -9999.0 -9999.0 -9999.0 -9999.0 -9999.0 -9999.0 -9999.0 -9999.0 -9999.0 -9999.0 -9999.0 -9999.0 -9999.0 -9999.0 -9999.0 -9999.0 -9999.0 -9999.0 -9999.0
-9999.0 -9999.0 -9999.0 -9999.0 -9999.0 -9999.0 -9999.0 -9999.0 -9999.0 -9999.0 -9999.0 -9999.0 -9999.0 -9999.0 0.233340 0.232045 0.231414 0.230825 0.232831 0.234244 0.233979 0.232632 0.233926 0.231476 0.229236 0.230549 0.232174 0.233207 0.235247 0.236875 0.235175 0.234746 0.235525 0.238532 0.239688 0.238931 0.234885 0.238634 0.240220 0.241236 0.241100 0.239253 0.241576 0.244324 0.242793 0.239880 0.240626 0.242191 0.244833 0.243964 0.234849 0.234583 0.235293 0.235778 0.234523 0.233534 0.237236 0.236496 0.236038 0.235837 0.234141 0.230944 0.229404 0.232978 0.235668 0.241639 -9999.0 -9999.0 -9999.0 -9999.0 -9999.0 -9999.0 -9999.0 -9999.0 -9999.0 -9999.0 -9999.0 -9999.0 -9999.0 -9999.0
-9999.0 -9999.0 -9999.0 -9999.0 -9999.0 -9999.0 -9999.0 -9999.0 -9999.0 0.231759 0.231319 0.231636 0.230638 0.231705 0.229538 0.229944 0.229396 0.230777 0.231607 0.233299 0.235893 0.233694 0.233362 0.234735 0.234592 0.234746 0.235518 0.239460 0.243541 0.250792 0.243769 0.243376 0.245977 0.255745 0.268890 0.272260 0.266547 0.265664 0.273023 0.281091 0.280497 0.279726 0.286802 0.290386 0.293138 0.287699 0.281777 0.280253 0.288863 0.273362 0.255089 0.244347 0.247185 0.242791 0.237966 0.236402 0.235577 0.239773 0.238477 0.235207 0.232550 0.233976 0.232234 0.233937 0.234705 0.239132 0.242918 0.246736 0.246911 0.244396 -9999.0 -9999.0 -9999.0 -9999.0 -9999.0 -9999.0 -9999.0 -9999.0 -9999.0 -9999.0
-9999.0 -9999.0 -9999.0 -9999.0 -9999.0 -9999.0 0.230034 0.229786 0.230430 0.227691 0.229298 0.227886 0.228973 0.229270 0.229859 0.229555 0.231190 0.232440 0.234671 0.237612 0.240483 0.238304 0.238958 0.243059 0.249941 0.255958 0.262077 0.272188 0.295397 0.309193 0.314673 0.316615 0.320280 0.349466 0.370000 0.370000 0.370000 0.370000 0.370000 0.370000 0.370000 0.370000 0.370000 0.370000 0.370000 0.370000 0.370000 0.370000 0.370000 0.370000 0.360741 0.320173 0.304385 0.290432 0.268896 0.252963 0.250711 0.255085 0.249984 0.242374 0.238039 0.238594 0.237948 0.236117 0.237089 0.238749 0.241454 0.243261 0.241987 0.240402 0.239502 0.236483 0.237063 0.240024 -9999.0 -9999.0 -9999.0 -9999.0 -9999.0 -9999.0
-9999.0 -9999.0 -9999.0 -9999.0 0.226363 0.227489 0.223942 0.225815 0.227118 0.227983 0.227550 0.229112 0.229215 0.230160 0.232402 0.233632 0.236635 0.238604 0.245028 0.256963 0.271547 0.280436 0.283636 0.302800 0.327767 0.361594 0.370000 0.370000 0.370000 0.370000 0.370000 0.370000 0.370000 0.370000 0.370000 0.370000 0.370000 0.370000 0.370000 0.370000 0.370000 0.370000 0.370000 0.370000 0.370000 0.370000 0.370000 0.370000 0.370000 0.370000 0.370000 0.370000 0.370000 0.370000 0.370000 0.370000 0.328919 0.316275 0.297174 0.281693 0.259690 0.255403 0.250154 0.247125 0.242446 0.243699 0.245401 0.243053 0.240107 0.237304 0.237359 0.236184 0.234428 0.238472 0.239515 0.243581 -9999.0 -9999.0 -9999.0 -9999.0
-9999.0 -9999.0 0.226500 0.226255 0.229130 0.226989 0.225695 0.223909 0.224334 0.226854 0.231381 0.232463 0.235021 0.236099 0.242537 0.256896 0.278373 0.291097 0.308824 0.340354 0.370000 0.370000 0.370000 0.370000 0.370000 0.370000 0.370000 0.370000 0.370000 0.370000 0.370000 0.370000 0.370000 0.370000 0.370000 0.370000 0.370000 0.370000 0.370000 0.370000 0.370000 0.370000 0.370000 0.370000 0.370000 0.370000 0.370000 0.370000 0.370000 0.370000 0.370000 0.370000 0.370000 0.370000 0.370000 0.370000 0.370000 0.370000 0.370000 0.370000 0.359295 0.322317 0.301878 0.282583 0.267575 0.261498 0.252593 0.247302 0.242407 0.237587 0.236427 0.235856 0.236881 0.236077 0.238167 0.239521 0.241859 0.242613 -9999.0 -9999.0
-9999.0 0.225858 0.224453 0.229417 0.229511 0.229971 0.230413 0.230927 0.231973 0.229590 0.241409 0.263134 0.284495 0.289821 0.304831 0.353545 0.370000 0.370000 0.370000 0.370000 0.370000 0.370000 0.370000 0.370000 0.370000 0.370000 0.370000 0.370000 0.370000 0.370000 0.370000 0.370000 0.370000 0.370000 0.370000 0.370000 0.370000 0.370000 0.370000 0.370000 0.370000 0.370000 0.370000 0.370000 0.370000 0.370000 0.370000 0.370000 0.370000 0.370000 0.370000 0.370000 0.370000 0.370000 0.370000 0.370000 0.370000 0.370000 0.370000 0.370000 0.370000 0.370000 0.370000 0.370000 0.327772 0.298013 0.277719 0.264735 0.252394 0.247808 0.245202 0.238413 0.237041 0.239026 0.238130 0.238049 0.238942 0.239586 -9999.0 -9999.0
-9999.0 0.220489 0.225197 0.229896 0.235125 0.233804 0.250004 0.271814 0.276448 0.266888 0.298891 0.370000 0.370000 0.370000 0.370000 0.370000 0.370000 0.370000 0.370000 0.370000 0.370000 0.370000 0.370000 0.370000 0.370000 0.370000 0.370000 0.370000 0.370000 0.370000 0.370000 0.370000 0.370000 0.370000 0.370000 0.370000 0.370000 0.370000 0.370000 0.370000 0.370000 0.370000 0.370000 0.370000 0.370000 0.370000 0.370000 0.370000 0.370000 0.370000 0.370000 0.370000 0.370000 0.370000 0.370000 0.370000 0.370000 0.370000 0.370000 0.370000 0.370000 0.370000 0.370000 0.370000 0.370000 0.370000 0.344549 0.317955 0.295391 0.278761 0.266615 0.255252 0.245704 0.244448 0.239545 0.239497 -9999.0 -9999.0 -9999.0 -9999.0
-9999.0 0.220142 0.224612 0.233744 0.254577 0.277665 0.362718 0.370000 0.370000 0.370000 0.370000 0.370000 0.370000 0.370000 0.370000 0.370000 0.370000 0.370000 0.370000 0.370000 0.370000 0.370000 0.370000 0.370000 0.370000 0.370000 0.370000 0.370000 0.370000 0.370000 0.370000 0.370000 0.370000 0.370000 0.339655 0.324366 0.305085 0.303464 0.299139 0.289506 0.284722 0.281371 0.286141 0.284293 0.283628 0.286869 0.293609 0.297336 0.309794 0.322347 0.346354 0.370000 0.370000 0.370000 0.370000 0.370000 0.370000 0.370000 0.370000 0.370000 0.370000 0.370000 0.370000 0.370000 0.370000 0.370000 0.370000 0.370000 0.370000 0.359203 0.326159 0.300763 0.277193 0.258299 0.252168 -9999.0 -9999.0 -9999.0 -9999.0 -9999.0
-9999.0 0.212731 0.224744 0.231957 0.267870 0.369996 0.370000 0.370000 0.370000 0.370000 0.370000 0.370000 0.370000 0.370000 0.370000 0.370000 0.370000 0.370000 0.370000 0.370000 0.370000 0.370000 0.370000 0.370000 0.370000 0.370000 0.370000 0.370000 0.370000 0.358374 0.314596 0.309590 0.287957 0.266544 0.255945 0.248487 0.240847 0.241360 0.244651 0.242218 0.239614 0.236578 0.240177 0.241675 0.243257 0.241125 0.241365 0.245859 0.253072 0.259716 0.269857 0.286544 0.300908 0.319774 0.338212 0.370000 0.370000 0.370000 0.370000 0.370000 0.370000 0.370000 0.370000 0.370000 0.370000 0.370000 0.370000 0.370000 0.370000 0.370000 0.370000 0.370000 0.338208 -9999.0 -9999.0 -9999.0 -9999.0 -9999.0 -9999.0 -9999.0
-9999.0 0.208976 0.221884 0.222984 0.236311 0.262924 0.301033 0.341401 0.370000 0.370000 0.370000 0.370000 0.370000 0.370000 0.370000 0.370000 0.370000 0.369450 0.367995 0.349447 0.331716 0.324322 0.324620 0.321827 0.311229 0.305639 0.302370 0.295365 0.283526 0.266976 0.250668 0.242046 0.236002 0.234291 0.233022 0.231572 0.227960 0.230272 0.231872 0.231522 0.230385 0.229427 0.232219 0.233005 0.233842 0.231090 0.232826 0.234013 0.237052 0.239990 0.244282 0.250966 0.259967 0.265435 0.268392 0.278293 0.292745 0.311913 0.362953 0.370000 0.370000 0.370000 0.370000 0.370000 0.370000 0.370000 0.370000 0.370000 0.370000 0.370000 0.370000 -9999.0 -9999.0 -9999.0 -9999.0 -9999.0 -9999.0 -9999.0 -9999.0 -9999.0
-9999.0 -9999.0 0.206184 0.211146 0.215347 0.219445 0.225278 0.230498 0.236151 0.244763 0.257997 0.272438 0.281146 0.284987 0.279585 0.267302 0.257905 0.258348 0.256725 0.253757 0.249024 0.248171 0.247088 0.246413 0.244404 0.243595 0.243329 0.242675 0.240993 0.236685 0.233248 0.230932 0.228011 0.228538 0.228209 0.227151 0.228359 0.228069 0.228353 0.228161 0.228456 0.228979 0.229481 0.230267 0.230190 0.230421 0.230596 0.231342 0.232455 0.233860 0.236955 0.241734 0.245313 0.246035 0.243699 0.244221 0.246859 0.252802 0.271823 0.301483 0.340971 0.370000 0.370000 0.370000 0.370000 0.370000 0.370000 0.370000 0.370000 0.370000 -9999.0 -9999.0 -9999.0 -9999.0 -9999.0 -9999.0 -9999.0 -9999.0 -9999.0 -9999.0
-9999.0 -9999.0 -9999.0 -9999.0 0.203819 0.210969 0.217803 0.216847 0.221695 0.224411 0.226731 0.229538 0.231843 0.233436 0.231248 0.231018 0.230725 0.231146 0.230756 0.230300 0.230224 0.229979 0.229719 0.229256 0.229557 0.230115 0.230311 0.229500 0.229723 0.228262 0.228391 0.227664 0.226927 0.225888 0.226247 0.226184 0.226744 0.226166 0.227019 0.226452 0.227057 0.227259 0.227915 0.229062 0.228430 0.229089 0.229013 0.229804 0.229800 0.231749 0.235022 0.238848 0.241423 0.241179 0.237452 0.236086 0.235050 0.237159 0.240396 0.248188 0.267625 0.289396 0.313104 0.338037 0.370000 0.370000 0.370000 0.370000 -9999.0 -9999.0 -9999.0 -9999.0 -9999.0 -9999.0 -9999.0 -9999.0 -9999.0 -9999.0 -9999.0 -9999.0
-9999.0 -9999.0 -9999.0 -9999.0 -9999.0 -9999.0 0.207081 0.210755 0.209495 0.212297 0.214763 0.216573 0.219412 0.218925 0.219836 0.222247 0.221960 0.220868 0.219447 0.221585 0.222552 0.222806 0.220510 0.221226 0.221484 0.222360 0.222267 0.222731 0.220803 0.223302 0.224557 0.224232 0.223928 0.224485 0.224006 0.225540 0.225724 0.224512 0.224114 0.225820 0.226246 0.225909 0.226119 0.227140 0.228719 0.228875 0.228040 0.226820 0.228211 0.231545 0.235088 0.238090 0.240040 0.240843 0.237912 0.233777 0.231687 0.231189 0.232525 0.235114 0.242325 0.247117 0.250713 0.253768 0.259481 0.291928 -9999.0 -9999.0 -9999.0 -9999.0 -9999.0 -9999.0 -9999.0 -9999.0 -9999.0 -9999.0 -9999.0 -9999.0 -9999.0 -9999.0
-9999.0 -9999.0 -9999.0 -9999.0 -9999.0 -9999.0 -9999.0 -9999.0 -9999.0 -9999.0 -9999.0 -9999.0 -9999.0 -9999.0 -9999.0 -9999.0 -9999.0 -9999.0 -9999.0 -9999.0 -9999.0 -9999.0 -9999.0 -9999.0 -9999.0 -9999.0 -9999.0 -9999.0 -9999.0 -9999.0 -9999.0 -9999.0 -9999.0 -9999.0 -9999.0 -9999.0 -9999.0 -9999.0 -9999.0 -9999.0 -9999.0 -9999.0 -9999.0 -9999.0 -9999.0 -9999.0 -9999.0 -9999.0 -9999.0 -9999.0 -9999.0 -9999.0 -9999.0 -9999.0 -9999.0 -9999.0 -9999.0 -9999.0 -9999.0 -9999.0 -9999.0 -9999.0 -9999.0 -9999.0 -9999.0 -9999.0 -9999.0 -9999.0 -9999.0 -9999.0 -9999.0 -9999.0 -9999.0 -9999.0 -9999.0 -9999.0 -9999.0 -9999.0 -9999.0 -9999.0
-9999.0 -9999.0 -9999.0 -9999.0 -9999.0 -9999.0 -9999.0 -9999.0 -9999.0 -9999.0 -9999.0 -9999.0 -9999.0 -9999.0 -9999.0 -9999.0 -9999.0 -9999.0 -9999.0 -9999.0 -9999.0 -9999.0 -9999.0 -9999.0 -9999.0 -9999.0 -9999.0 -9999.0 -9999.0 -9999.0 -9999.0 -9999.0 -9999.0 -9999.0 -9999.0 -9999.0 -9999.0 -9999.0 -9999.0 -9999.0 -9999.0 -9999.0 -9999.0 -9999.0 -9999.0 -9999.0 -9999.0 -9999.0 -9999.0 -9999.0 -9999.0 -9999.0 -9999.0 -9999.0 -9999.0 -9999.0 -9999.0 -9999.0 -9999.0 -9999.0 -9999.0 -9999.0 -9999.0 -9999.0 -9999.0 -9999.0 -9999.0 -9999.0 -9999.0 -9999.0 -9999.0 -9999.0 -9999.0 -9999.0 -9999.0 -9999.0 -9999.0 -9999.0 -9999.0 -9999.0