Borden_/Borden1m_014/output_maps/thetaliqL0002N0010.asc
ncols         80
nrows         18
xllcorner     620200.000000
yllcorner     5168000.000000
cellsize      1.000000
NODATA_value  -9999.0
-9999.0 -9999.0 -9999.0 -9999.0 -9999.0 -9999.0 -9999.0 -9999.0 -9999.0 -9999.0 -9999.0 -9999.0 -9999.0 -9999.0 -9999.0 -9999.0 -9999.0 -9999.0 -9999.0 -9999.0 -9999.0 -9999.0 -9999.0 -9999.0 -9999.0 -9999.0 -9999.0 -9999.0 -9999.0 -9999.0 -9999.0 -9999.0 -9999.0 -9999.0 -9999.0 -9999.0 -9999.0 -9999.0 -9999.0 -9999.0 -9999.0 -9999.0 -9999.0 -9999.0 -9999.0 -9999.0 -9999.0 -9999.0 -9999.0 -9999.0 -9999.0 -9999.0 -9999.0 -9999.0 -9999.0 -9999.0 -9999.0 -9999.0 -9999.0 -9999.0 -9999.0 -9999.0 -9999.0 -9999.0 -9999.0 -9999.0 -9999.0 -9999.0 -9999.0 -9999.0 -9999.0 -9999.0 -9999.0 -9999.0 -9999.0 -9999.0 -9999.0 -9999.0 -9999.0 -9999.0
-9999.0 -9999.0 -9999.0 -9999.0 -9999.0 -9999.0 -9999.0 -9999.0 -9999.0 -9999.0 -9999.0 -9999.0 -9999.0 -9999.0 -9999.0 -9999.0 -9999.0 -9999.0 -9999.0 -9999.0 -9999.0 -9999.0 -9999.0 -9999.0 -9999.0 -9999.0 -9999.0 -9999.0 -9999.0 -9999.0 -9999.0 -9999.0 -9999.0 -9999.0 -9999.0 -9999.0 -9999.0 -9999.0 -9999.0 -9999.0 -9999.0 -9999.0 -9999.0 -9999.0 -9999.0 -9999.0 -9999.0 -9999.0 -9999.0 -9999.0 -9999.0 -9999.0 -9999.0 -9999.0 -9999.0 -9999.0 -9999.0 -9999.0 -9999.0 -9999.0 -9999.0 -9999.0 -9999.0 -9999.0 -9999.0 -9999.0 -9999.0 -9999.0 -9999.0 -9999.0 -9999.0 -9999.0 -9999.0 -9999.0 -9999.0 -9999.0 -9999.0 -9999.0 -9999.0 -9999.0
-9999.0 -9999.0 -9999.0 -9999.0 -9999.0 -9999.0 -9999.0 -9999.0 -9999.0 -9999.0 -9999.0 -9999.0 -9999.0 -9999.0 -9999.0 -9999.0 -9999.0 -9999.0 -9999.0 -9999.0 0.243305 0.244482 0.242408 0.240136 0.238102 0.237743 0.239939 0.242276 0.245002 0.245362 0.242831 0.243625 0.242562 0.241807 0.241614 0.242325 0.242723 0.243537 0.243989 0.243598 0.242866 0.242421 0.241890 0.241933 0.242861 0.241618 0.243305 0.244802 0.245217 0.245455 0.243711 0.243127 0.242947 0.240882 0.244564 0.245362 0.247707 0.247799 0.248446 0.245835 0.243239 -9999.0 -9999.0 -9999.0 -9999.0 -9999.0 -9999.0 -9999.0 -9999.0 -9999.0 -9999.0 -9999.0 -9999.0 -9999.0 -9999.0 -9999.0 -9999.0 -9999.0 -9999.0 -9999.0
-9999.0 -9999.0 -9999.0 -9999.0 -9999.0 -9999.0 -9999.0 -9999.0 -9999.0 -9999.0 -9999.0 -9999.0 -9999.0 -9999.0 0.240412 0.239121 0.238489 0.237890 0.239873 0.241255 0.240968 0.239626 0.240928 0.238497 0.236267 0.237572 0.239167 0.240151 0.242128 0.243713 0.242035 0.241611 0.242368 0.245315 0.246446 0.245692 0.241687 0.245398 0.246928 0.247903 0.247769 0.245942 0.248219 0.250909 0.249395 0.246538 0.247283 0.248811 0.251401 0.250602 0.241647 0.241438 0.242163 0.242668 0.241435 0.240452 0.244119 0.243369 0.242928 0.242769 0.241124 0.237972 0.236442 0.239989 0.242618 0.248475 -9999.0 -9999.0 -9999.0 -9999.0 -9999.0 -9999.0 -9999.0 -9999.0 -9999.0 -9999.0 -9999.0 -9999.0 -9999.0 -9999.0
-9999.0 -9999.0 -9999.0 -9999.0 -9999.0 -9999.0 -9999.0 -9999.0 -9999.0 0.238864 0.238420 0.238734 0.237732 0.238793 0.236618 0.237021 0.236464 0.237828 0.238628 0.240277 0.242834 0.240640 0.240306 0.241664 0.241503 0.241634 0.242376 0.246210 0.250129 0.257191 0.250288 0.249906 0.252430 0.262117 0.275470 0.278586 0.273294 0.272722 0.279480 0.286886 0.286241 0.285484 0.292238 0.295618 0.298170 0.292951 0.287452 0.286130 0.294505 0.279808 0.261925 0.250842 0.253676 0.249414 0.244727 0.243236 0.242385 0.246538 0.245283 0.242095 0.239499 0.240953 0.239226 0.240912 0.241639 0.245972 0.249644 0.253356 0.253525 0.251073 -9999.0 -9999.0 -9999.0 -9999.0 -9999.0 -9999.0 -9999.0 -9999.0 -9999.0 -9999.0
-9999.0 -9999.0 -9999.0 -9999.0 -9999.0 -9999.0 0.237161 0.236910 0.237549 0.234801 0.236403 0.234983 0.236063 0.236349 0.236924 0.236603 0.238212 0.239422 0.241586 0.244433 0.247238 0.245051 0.245669 0.249647 0.256366 0.262982 0.269657 0.278708 0.300589 0.313820 0.319248 0.321213 0.325145 0.358061 0.370000 0.370000 0.370000 0.370000 0.370000 0.370000 0.370000 0.370000 0.370000 0.370000 0.370000 0.370000 0.370000 0.370000 0.370000 0.370000 0.369980 0.325554 0.309172 0.295758 0.275271 0.260433 0.257099 0.261308 0.256378 0.249008 0.244800 0.245392 0.244784 0.242979 0.243940 0.245549 0.248184 0.249953 0.248717 0.247195 0.246362 0.243399 0.243976 0.246889 -9999.0 -9999.0 -9999.0 -9999.0 -9999.0 -9999.0
-9999.0 -9999.0 -9999.0 -9999.0 0.233490 0.234617 0.231058 0.232934 0.234233 0.235090 0.234641 0.236187 0.236267 0.237185 0.239381 0.240546 0.243469 0.245327 0.251552 0.263223 0.278263 0.286424 0.289289 0.307640 0.333611 0.370000 0.370000 0.370000 0.370000 0.370000 0.370000 0.370000 0.370000 0.370000 0.370000 0.370000 0.370000 0.370000 0.370000 0.370000 0.370000 0.370000 0.370000 0.370000 0.370000 0.370000 0.370000 0.370000 0.370000 0.370000 0.370000 0.370000 0.370000 0.370000 0.370000 0.370000 0.335019 0.321051 0.302181 0.287581 0.266221 0.261603 0.256524 0.253629 0.249045 0.250300 0.251995 0.249717 0.246868 0.244147 0.244245 0.243106 0.241359 0.245357 0.246354 0.250337 -9999.0 -9999.0 -9999.0 -9999.0
-9999.0 -9999.0 0.233637 0.233385 0.236255 0.234105 0.232805 0.231006 0.231422 0.233927 0.238409 0.239428 0.241892 0.242885 0.249141 0.263330 0.284362 0.296297 0.313559 0.347523 0.370000 0.370000 0.370000 0.370000 0.370000 0.370000 0.370000 0.370000 0.370000 0.370000 0.370000 0.370000 0.370000 0.370000 0.370000 0.370000 0.370000 0.370000 0.370000 0.370000 0.370000 0.370000 0.370000 0.370000 0.370000 0.370000 0.370000 0.370000 0.370000 0.370000 0.370000 0.370000 0.370000 0.370000 0.370000 0.370000 0.370000 0.370000 0.370000 0.370000 0.369298 0.327748 0.306998 0.289515 0.273312 0.267443 0.258839 0.253765 0.249058 0.244371 0.243274 0.242748 0.243785 0.242971 0.245031 0.246345 0.248645 0.249374 -9999.0 -9999.0
-9999.0 0.233006 0.231589 0.236547 0.236613 0.237042 0.237455 0.237934 0.238938 0.236499 0.248121 0.269660 0.289864 0.294903 0.309639 0.362150 0.370000 0.370000 0.370000 0.370000 0.370000 0.370000 0.370000 0.370000 0.370000 0.370000 0.370000 0.370000 0.370000 0.370000 0.370000 0.370000 0.370000 0.370000 0.370000 0.370000 0.370000 0.370000 0.370000 0.370000 0.370000 0.370000 0.370000 0.370000 0.370000 0.370000 0.370000 0.370000 0.370000 0.370000 0.370000 0.370000 0.370000 0.370000 0.370000 0.370000 0.370000 0.370000 0.370000 0.370000 0.370000 0.370000 0.370000 0.370000 0.334474 0.303593 0.283098 0.270514 0.258637 0.254246 0.251780 0.245160 0.243857 0.245851 0.244975 0.244900 0.245777 0.246404 -9999.0 -9999.0
-9999.0 0.227626 0.232343 0.237015 0.242126 0.240684 0.257271 0.277887 0.282098 0.272700 0.303962 0.370000 0.370000 0.370000 0.370000 0.370000 0.370000 0.370000 0.370000 0.370000 0.370000 0.370000 0.370000 0.370000 0.370000 0.370000 0.370000 0.370000 0.370000 0.370000 0.370000 0.370000 0.370000 0.370000 0.370000 0.370000 0.370000 0.370000 0.370000 0.370000 0.370000 0.370000 0.370000 0.370000 0.370000 0.370000 0.370000 0.370000 0.370000 0.370000 0.370000 0.370000 0.370000 0.370000 0.370000 0.370000 0.370000 0.370000 0.370000 0.370000 0.370000 0.370000 0.370000 0.370000 0.370000 0.370000 0.352855 0.322895 0.300833 0.284502 0.272356 0.261437 0.252189 0.251065 0.246291 0.246320 -9999.0 -9999.0 -9999.0 -9999.0
-9999.0 0.227293 0.231770 0.240845 0.261112 0.284675 0.369999 0.370000 0.370000 0.370000 0.370000 0.370000 0.370000 0.370000 0.370000 0.370000 0.370000 0.370000 0.370000 0.370000 0.370000 0.370000 0.370000 0.370000 0.370000 0.370000 0.370000 0.370000 0.370000 0.370000 0.370000 0.370000 0.370000 0.370000 0.347070 0.329301 0.309737 0.308173 0.304076 0.294920 0.290415 0.287081 0.291728 0.290108 0.289498 0.292400 0.298709 0.302335 0.314568 0.327446 0.355121 0.370000 0.370000 0.370000 0.370000 0.370000 0.370000 0.370000 0.370000 0.370000 0.370000 0.370000 0.370000 0.370000 0.370000 0.370000 0.370000 0.370000 0.370000 0.369058 0.331581 0.306102 0.282538 0.264403 0.258544 -9999.0 -9999.0 -9999.0 -9999.0 -9999.0
-9999.0 0.219854 0.231928 0.239111 0.274714 0.369997 0.370000 0.370000 0.370000 0.370000 0.370000 0.370000 0.370000 0.370000 0.370000 0.370000 0.370000 0.370000 0.370000 0.370000 0.370000 0.370000 0.370000 0.370000 0.370000 0.370000 0.370000 0.370000 0.370000 0.368650 0.319756 0.314253 0.293340 0.273922 0.262282 0.254976 0.247512 0.248040 0.251293 0.248921 0.246384 0.243383 0.246928 0.248383 0.249933 0.247819 0.248019 0.252384 0.259356 0.265732 0.275623 0.292647 0.306100 0.324743 0.345612 0.370000 0.370000 0.370000 0.370000 0.370000 0.370000 0.370000 0.370000 0.370000 0.370000 0.370000 0.370000 0.370000 0.370000 0.370000 0.370000 0.370000 0.344226 -9999.0 -9999.0 -9999.0 -9999.0 -9999.0 -9999.0 -9999.0
-9999.0 0.216063 0.229074 0.230167 0.243417 0.269903 0.306170 0.347798 0.370000 0.370000 0.370000 0.370000 0.370000 0.370000 0.370000 0.370000 0.370000 0.370000 0.370000 0.358481 0.337169 0.329209 0.329479 0.326590 0.315890 0.310390 0.307232 0.300531 0.289592 0.273272 0.257064 0.248715 0.242844 0.241230 0.239990 0.238584 0.234996 0.237312 0.238905 0.238559 0.237429 0.236470 0.239243 0.240009 0.240835 0.238085 0.239804 0.240947 0.243905 0.246732 0.250857 0.257312 0.265970 0.271203 0.274135 0.284949 0.298176 0.317697 0.369999 0.370000 0.370000 0.370000 0.370000 0.370000 0.370000 0.370000 0.370000 0.370000 0.370000 0.370000 0.370000 -9999.0 -9999.0 -9999.0 -9999.0 -9999.0 -9999.0 -9999.0 -9999.0 -9999.0
-9999.0 -9999.0 0.213248 0.218264 0.222503 0.226616 0.232417 0.237672 0.244345 0.253002 0.265417 0.278900 0.286965 0.290541 0.285522 0.274222 0.266491 0.266912 0.264859 0.260282 0.255515 0.254685 0.253639 0.252992 0.251028 0.250247 0.250002 0.249390 0.247788 0.243576 0.240227 0.237972 0.235087 0.235633 0.235315 0.234261 0.235474 0.235185 0.235468 0.235274 0.235567 0.236086 0.236581 0.237358 0.237274 0.237500 0.237667 0.238395 0.239474 0.240823 0.243820 0.248453 0.251894 0.252568 0.250272 0.250802 0.253340 0.259065 0.278435 0.306578 0.348448 0.370000 0.370000 0.370000 0.370000 0.370000 0.370000 0.370000 0.370000 0.370000 -9999.0 -9999.0 -9999.0 -9999.0 -9999.0 -9999.0 -9999.0 -9999.0 -9999.0 -9999.0
-9999.0 -9999.0 -9999.0 -9999.0 0.210863 0.218088 0.224970 0.224000 0.228885 0.231589 0.233872 0.236621 0.238866 0.240428 0.238250 0.238040 0.237763 0.238187 0.237800 0.237332 0.237260 0.237023 0.236773 0.236315 0.236618 0.237176 0.237375 0.236572 0.236809 0.235358 0.235500 0.234783 0.234053 0.233016 0.233378 0.233314 0.233877 0.233298 0.234152 0.233582 0.234185 0.234385 0.235038 0.236180 0.235541 0.236196 0.236116 0.236899 0.236876 0.238785 0.241982 0.245702 0.248190 0.247938 0.244279 0.242954 0.241923 0.243973 0.247078 0.254593 0.273449 0.295157 0.317938 0.345726 0.370000 0.370000 0.370000 0.370000 -9999.0 -9999.0 -9999.0 -9999.0 -9999.0 -9999.0 -9999.0 -9999.0 -9999.0 -9999.0 -9999.0 -9999.0
-9999.0 -9999.0 -9999.0 -9999.0 -9999.0 -9999.0 0.214160 0.217867 0.216594 0.219406 0.221873 0.223678 0.226521 0.226020 0.226929 0.229349 0.229061 0.227967 0.226541 0.228690 0.229658 0.229915 0.227613 0.228333 0.228592 0.229471 0.229378 0.229845 0.227911 0.230420 0.231680 0.231357 0.231056 0.231616 0.231136 0.232675 0.232859 0.231644 0.231245 0.232954 0.233379 0.233038 0.233246 0.234264 0.235839 0.235992 0.235153 0.233926 0.235305 0.238604 0.242076 0.244986 0.246866 0.247656 0.244796 0.240731 0.238670 0.238160 0.239443 0.241915 0.248896 0.253489 0.256906 0.259928 0.267393 0.297312 -9999.0 -9999.0 -9999.0 -9999.0 -9999.0 -9999.0 -9999.0 -9999.0 -9999.0 -9999.0 -9999.0 -9999.0 -9999.0 -9999.0
-9999.0 -9999.0 -9999.0 -9999.0 -9999.0 -9999.0 -9999.0 -9999.0 -9999.0 -9999.0 -9999.0 -9999.0 -9999.0 -9999.0 -9999.0 -9999.0 -9999.0 -9999.0 -9999.0 -9999.0 -9999.0 -9999.0 -9999.0 -9999.0 -9999.0 -9999.0 -9999.0 -9999.0 -9999.0 -9999.0 -9999.0 -9999.0 -9999.0 -9999.0 -9999.0 -9999.0 -9999.0 -9999.0 -9999.0 -9999.0 -9999.0 -9999.0 -9999.0 -9999.0 -9999.0 -9999.0 -9999.0 -9999.0 -9999.0 -9999.0 -9999.0 -9999.0 -9999.0 -9999.0 -9999.0 -9999.0 -9999.0 -9999.0 -9999.0 -9999.0 -9999.0 -9999.0 -9999.0 -9999.0 -9999.0 -9999.0 -9999.0 -9999.0 -9999.0 -9999.0 -9999.0 -9999.0 -9999.0 -9999.0 -9999.0 -9999.0 -9999.0 -9999.0 -9999.0 -9999.0
-9999.0 -9999.0 -9999.0 -9999.0 -9999.0 -9999.0 -9999.0 -9999.0 -9999.0 -9999.0 -9999.0 -9999.0 -9999.0 -9999.0 -9999.0 -9999.0 -9999.0 -9999.0 -9999.0 -9999.0 -9999.0 -9999.0 -9999.0 -9999.0 -9999.0 -9999.0 -9999.0 -9999.0 -9999.0 -9999.0 -9999.0 -9999.0 -9999.0 -9999.0 -9999.0 -9999.0 -9999.0 -9999.0 -9999.0 -9999.0 -9999.0 -9999.0 -9999.0 -9999.0 -9999.0 -9999.0 -9999.0 -9999.0 -9999.0 -9999.0 -9999.0 -9999.0 -9999.0 -9999.0 -9999.0 -9999.0 -9999.0 -9999.0 -9999.0 -9999.0 -9999.0 -9999.0 -9999.0 -9999.0 -9999.0 -9999.0 -9999.0 -9999.0 -9999.0 -9999.0 -9999.0 -9999.0 -9999.0 -9999.0 -9999.0 -9999.0 -9999.0 -9999.0 -9999.0 -9999.0