Borden_/Borden1m_014/output_maps/thetaliqL0003N0004.asc
ncols         80
nrows         18
xllcorner     620200.000000
yllcorner     5168000.000000
cellsize      1.000000
NODATA_value  -9999.0
-9999.0 -9999.0 -9999.0 -9999.0 -9999.0 -9999.0 -9999.0 -9999.0 -9999.0 -9999.0 -9999.0 -9999.0 -9999.0 -9999.0 -9999.0 -9999.0 -9999.0 -9999.0 -9999.0 -9999.0 -9999.0 -9999.0 -9999.0 -9999.0 -9999.0 -9999.0 -9999.0 -9999.0 -9999.0 -9999.0 -9999.0 -9999.0 -9999.0 -9999.0 -9999.0 -9999.0 -9999.0 -9999.0 -9999.0 -9999.0 -9999.0 -9999.0 -9999.0 -9999.0 -9999.0 -9999.0 -9999.0 -9999.0 -9999.0 -9999.0 -9999.0 -9999.0 -9999.0 -9999.0 -9999.0 -9999.0 -9999.0 -9999.0 -9999.0 -9999.0 -9999.0 -9999.0 -9999.0 -9999.0 -9999.0 -9999.0 -9999.0 -9999.0 -9999.0 -9999.0 -9999.0 -9999.0 -9999.0 -9999.0 -9999.0 -9999.0 -9999.0 -9999.0 -9999.0 -9999.0
-9999.0 -9999.0 -9999.0 -9999.0 -9999.0 -9999.0 -9999.0 -9999.0 -9999.0 -9999.0 -9999.0 -9999.0 -9999.0 -9999.0 -9999.0 -9999.0 -9999.0 -9999.0 -9999.0 -9999.0 -9999.0 -9999.0 -9999.0 -9999.0 -9999.0 -9999.0 -9999.0 -9999.0 -9999.0 -9999.0 -9999.0 -9999.0 -9999.0 -9999.0 -9999.0 -9999.0 -9999.0 -9999.0 -9999.0 -9999.0 -9999.0 -9999.0 -9999.0 -9999.0 -9999.0 -9999.0 -9999.0 -9999.0 -9999.0 -9999.0 -9999.0 -9999.0 -9999.0 -9999.0 -9999.0 -9999.0 -9999.0 -9999.0 -9999.0 -9999.0 -9999.0 -9999.0 -9999.0 -9999.0 -9999.0 -9999.0 -9999.0 -9999.0 -9999.0 -9999.0 -9999.0 -9999.0 -9999.0 -9999.0 -9999.0 -9999.0 -9999.0 -9999.0 -9999.0 -9999.0
-9999.0 -9999.0 -9999.0 -9999.0 -9999.0 -9999.0 -9999.0 -9999.0 -9999.0 -9999.0 -9999.0 -9999.0 -9999.0 -9999.0 -9999.0 -9999.0 -9999.0 -9999.0 -9999.0 -9999.0 0.100007 0.100707 0.098175 0.095183 0.092966 0.092903 0.095522 0.099083 0.103266 0.104439 0.101711 0.102056 0.101153 0.100888 0.101094 0.101847 0.102165 0.103604 0.104660 0.104498 0.103578 0.102808 0.102414 0.102802 0.103625 0.102391 0.104371 0.106672 0.107686 0.107175 0.103529 0.101802 0.101076 0.099193 0.102707 0.104325 0.107843 0.108480 0.108672 0.104649 0.100865 -9999.0 -9999.0 -9999.0 -9999.0 -9999.0 -9999.0 -9999.0 -9999.0 -9999.0 -9999.0 -9999.0 -9999.0 -9999.0 -9999.0 -9999.0 -9999.0 -9999.0 -9999.0 -9999.0
-9999.0 -9999.0 -9999.0 -9999.0 -9999.0 -9999.0 -9999.0 -9999.0 -9999.0 -9999.0 -9999.0 -9999.0 -9999.0 -9999.0 0.093542 0.092597 0.092219 0.092349 0.094679 0.096914 0.097657 0.096622 0.097053 0.094706 0.092837 0.094004 0.096266 0.098819 0.102469 0.105157 0.103093 0.102604 0.103966 0.108352 0.110763 0.110052 0.105774 0.109969 0.112905 0.114818 0.114569 0.112507 0.115805 0.119763 0.117959 0.113884 0.114580 0.117118 0.121011 0.117916 0.105249 0.102838 0.102907 0.102517 0.100928 0.100043 0.103730 0.103665 0.102743 0.101078 0.097977 0.094115 0.092694 0.096099 0.100340 0.108560 -9999.0 -9999.0 -9999.0 -9999.0 -9999.0 -9999.0 -9999.0 -9999.0 -9999.0 -9999.0 -9999.0 -9999.0 -9999.0 -9999.0
-9999.0 -9999.0 -9999.0 -9999.0 -9999.0 -9999.0 -9999.0 -9999.0 -9999.0 0.090856 0.090785 0.091120 0.090790 0.091719 0.090865 0.091249 0.091364 0.092949 0.094822 0.097623 0.100774 0.099069 0.098920 0.100445 0.101086 0.102318 0.104617 0.111001 0.119343 0.130899 0.121792 0.121156 0.126080 0.142967 0.160078 0.165036 0.155623 0.156011 0.168429 0.182672 0.181656 0.180326 0.194586 0.202728 0.209535 0.197770 0.184458 0.182586 0.199663 0.169786 0.141833 0.123862 0.125185 0.117493 0.109238 0.105819 0.105251 0.109716 0.107384 0.102205 0.098174 0.098087 0.096387 0.098135 0.100265 0.106702 0.113344 0.119762 0.120078 0.116142 -9999.0 -9999.0 -9999.0 -9999.0 -9999.0 -9999.0 -9999.0 -9999.0 -9999.0 -9999.0
-9999.0 -9999.0 -9999.0 -9999.0 -9999.0 -9999.0 0.088232 0.088309 0.088970 0.088115 0.089299 0.089004 0.090009 0.090774 0.091747 0.092373 0.094513 0.096910 0.100908 0.106457 0.111632 0.110149 0.111701 0.118931 0.131066 0.142295 0.150952 0.167498 0.212928 0.244621 0.256716 0.260861 0.268300 0.306081 0.349279 0.358743 0.347773 0.337374 0.347014 0.364240 0.367414 0.367638 0.369979 0.370000 0.370000 0.370000 0.368588 0.357797 0.353628 0.349702 0.316902 0.265903 0.233123 0.201741 0.158457 0.134444 0.134153 0.140346 0.130421 0.116850 0.108883 0.107849 0.106004 0.103824 0.104796 0.107783 0.112163 0.114771 0.112562 0.109253 0.106184 0.102168 0.102586 0.106388 -9999.0 -9999.0 -9999.0 -9999.0 -9999.0 -9999.0
-9999.0 -9999.0 -9999.0 -9999.0 0.086038 0.086624 0.085211 0.086221 0.087274 0.088318 0.089059 0.090866 0.091988 0.093723 0.097048 0.100539 0.105983 0.111008 0.122700 0.144715 0.167848 0.182081 0.188867 0.229562 0.279433 0.320675 0.332637 0.346571 0.366959 0.370000 0.370000 0.370000 0.370000 0.370000 0.370000 0.370000 0.370000 0.370000 0.370000 0.370000 0.370000 0.370000 0.370000 0.370000 0.370000 0.370000 0.370000 0.370000 0.370000 0.370000 0.370000 0.370000 0.370000 0.369468 0.359985 0.334161 0.277336 0.257543 0.217931 0.185088 0.151519 0.142095 0.131687 0.124949 0.117366 0.118154 0.119571 0.115502 0.110093 0.105254 0.103786 0.101646 0.100209 0.104585 0.107013 0.112759 -9999.0 -9999.0 -9999.0 -9999.0
-9999.0 -9999.0 0.085326 0.085897 0.087881 0.087285 0.086895 0.086389 0.087150 0.089473 0.094549 0.098389 0.103353 0.106929 0.118085 0.143545 0.177153 0.204057 0.243533 0.295436 0.337213 0.355471 0.364504 0.370000 0.370000 0.370000 0.370000 0.370000 0.370000 0.370000 0.370000 0.370000 0.370000 0.370000 0.370000 0.370000 0.370000 0.370000 0.370000 0.370000 0.370000 0.370000 0.370000 0.370000 0.370000 0.370000 0.370000 0.370000 0.370000 0.370000 0.370000 0.370000 0.370000 0.370000 0.370000 0.370000 0.370000 0.370000 0.370000 0.358532 0.312360 0.268394 0.229014 0.196711 0.168009 0.154088 0.136752 0.125430 0.115463 0.107459 0.104481 0.102490 0.102766 0.102652 0.105160 0.107566 0.110510 0.111929 -9999.0 -9999.0
-9999.0 0.084225 0.084354 0.087962 0.089979 0.091770 0.093993 0.095979 0.097894 0.097854 0.114311 0.145232 0.189302 0.203395 0.238516 0.310429 0.361002 0.370000 0.370000 0.370000 0.370000 0.370000 0.370000 0.370000 0.370000 0.370000 0.370000 0.370000 0.370000 0.370000 0.370000 0.370000 0.370000 0.370000 0.370000 0.370000 0.370000 0.370000 0.370000 0.370000 0.370000 0.370000 0.370000 0.370000 0.370000 0.370000 0.370000 0.370000 0.370000 0.370000 0.370000 0.370000 0.370000 0.370000 0.370000 0.370000 0.370000 0.370000 0.370000 0.370000 0.370000 0.370000 0.359045 0.323448 0.276253 0.226420 0.190228 0.162204 0.137462 0.126920 0.120067 0.109374 0.106023 0.107102 0.105778 0.105562 0.106750 0.107811 -9999.0 -9999.0
-9999.0 0.081986 0.084641 0.089664 0.098405 0.103274 0.128289 0.160075 0.172997 0.160987 0.218280 0.365317 0.370000 0.370000 0.370000 0.370000 0.370000 0.370000 0.370000 0.370000 0.370000 0.370000 0.370000 0.370000 0.370000 0.370000 0.370000 0.370000 0.370000 0.370000 0.370000 0.370000 0.370000 0.370000 0.370000 0.370000 0.370000 0.370000 0.370000 0.364615 0.358403 0.368662 0.363743 0.352668 0.349916 0.364134 0.370000 0.370000 0.370000 0.370000 0.370000 0.370000 0.370000 0.370000 0.370000 0.370000 0.370000 0.370000 0.370000 0.370000 0.370000 0.370000 0.370000 0.370000 0.370000 0.334505 0.299548 0.261176 0.218435 0.191098 0.165509 0.141590 0.123661 0.118160 0.110273 0.107507 -9999.0 -9999.0 -9999.0 -9999.0
-9999.0 0.081574 0.084333 0.093799 0.129846 0.179904 0.317669 0.370000 0.370000 0.370000 0.370000 0.370000 0.370000 0.370000 0.370000 0.370000 0.370000 0.370000 0.370000 0.370000 0.370000 0.370000 0.370000 0.370000 0.370000 0.370000 0.370000 0.370000 0.370000 0.370000 0.370000 0.370000 0.370000 0.326413 0.295319 0.274071 0.237030 0.231990 0.220948 0.200460 0.190105 0.183219 0.192830 0.190500 0.189610 0.195148 0.209629 0.218130 0.244285 0.269272 0.302201 0.334552 0.351925 0.370000 0.370000 0.370000 0.370000 0.370000 0.370000 0.370000 0.370000 0.370000 0.370000 0.370000 0.370000 0.370000 0.370000 0.370000 0.347235 0.315231 0.276472 0.231489 0.187932 0.145649 0.132028 -9999.0 -9999.0 -9999.0 -9999.0 -9999.0
-9999.0 0.078867 0.083775 0.091721 0.149267 0.346627 0.369999 0.370000 0.370000 0.370000 0.370000 0.370000 0.370000 0.370000 0.370000 0.370000 0.370000 0.370000 0.370000 0.370000 0.370000 0.370000 0.370000 0.370000 0.370000 0.370000 0.370000 0.367846 0.342973 0.313261 0.255164 0.243565 0.196078 0.159592 0.141596 0.127194 0.114755 0.114661 0.118407 0.114641 0.110467 0.106925 0.111475 0.114122 0.116325 0.114015 0.115387 0.123079 0.136666 0.151050 0.172501 0.201725 0.228584 0.264381 0.292194 0.330001 0.356829 0.370000 0.370000 0.370000 0.370000 0.370000 0.370000 0.370000 0.370000 0.370000 0.370000 0.370000 0.370000 0.370000 0.370000 0.344333 0.301421 -9999.0 -9999.0 -9999.0 -9999.0 -9999.0 -9999.0 -9999.0
-9999.0 0.077600 0.081936 0.084009 0.098294 0.142583 0.221517 0.299142 0.341674 0.335234 0.340478 0.353224 0.367417 0.370000 0.364250 0.343665 0.325875 0.327988 0.328461 0.310004 0.286579 0.274308 0.274667 0.269104 0.247892 0.235395 0.227718 0.212572 0.190185 0.162958 0.131729 0.115777 0.105371 0.101138 0.098224 0.095479 0.092058 0.093386 0.094777 0.094362 0.093261 0.092656 0.095205 0.096569 0.097523 0.095602 0.097392 0.099842 0.104836 0.110781 0.119611 0.133136 0.151021 0.163117 0.169848 0.185207 0.209585 0.247962 0.314498 0.369631 0.370000 0.370000 0.370000 0.370000 0.370000 0.370000 0.370000 0.370000 0.370000 0.370000 0.370000 -9999.0 -9999.0 -9999.0 -9999.0 -9999.0 -9999.0 -9999.0 -9999.0 -9999.0
-9999.0 -9999.0 0.076864 0.078552 0.080504 0.083743 0.089276 0.095913 0.101911 0.114185 0.134921 0.161119 0.179209 0.187807 0.176308 0.155084 0.143795 0.144435 0.141450 0.136413 0.128424 0.126162 0.124113 0.122501 0.119099 0.117453 0.116550 0.114677 0.110866 0.103855 0.097934 0.093888 0.090427 0.089746 0.088962 0.087972 0.088282 0.088160 0.088441 0.088396 0.088612 0.089094 0.089886 0.090857 0.091155 0.091462 0.092019 0.093328 0.095472 0.098634 0.104292 0.112759 0.120047 0.122186 0.119193 0.120271 0.125433 0.137939 0.174687 0.226895 0.294121 0.338831 0.370000 0.370000 0.370000 0.370000 0.370000 0.370000 0.370000 0.370000 -9999.0 -9999.0 -9999.0 -9999.0 -9999.0 -9999.0 -9999.0 -9999.0 -9999.0 -9999.0
-9999.0 -9999.0 -9999.0 -9999.0 0.076346 0.078545 0.080895 0.081089 0.083646 0.086140 0.089177 0.093029 0.096533 0.098621 0.096786 0.096008 0.095310 0.095324 0.094731 0.094157 0.093732 0.093256 0.092701 0.092194 0.092235 0.092559 0.092552 0.091718 0.091205 0.089655 0.088927 0.087775 0.086749 0.085894 0.085824 0.085696 0.085899 0.085628 0.086065 0.085950 0.086387 0.086717 0.087397 0.088409 0.088469 0.089063 0.089303 0.090223 0.091269 0.094339 0.099502 0.106000 0.110859 0.110955 0.105944 0.103514 0.102652 0.106196 0.113459 0.129034 0.166891 0.205932 0.251277 0.293608 0.322427 0.362146 0.370000 0.370000 -9999.0 -9999.0 -9999.0 -9999.0 -9999.0 -9999.0 -9999.0 -9999.0 -9999.0 -9999.0 -9999.0 -9999.0
-9999.0 -9999.0 -9999.0 -9999.0 -9999.0 -9999.0 0.077072 0.078186 0.078053 0.079224 0.080522 0.081810 0.083566 0.083766 0.084281 0.085427 0.085223 0.084576 0.083870 0.084808 0.085261 0.085265 0.084087 0.084285 0.084414 0.084855 0.084812 0.084866 0.083875 0.084782 0.085172 0.084756 0.084347 0.084384 0.084109 0.084738 0.084813 0.084272 0.084166 0.085022 0.085397 0.085449 0.085840 0.086735 0.087912 0.088270 0.087985 0.087701 0.089328 0.093169 0.098471 0.103965 0.107852 0.108829 0.104228 0.098842 0.096367 0.096470 0.099325 0.105140 0.118269 0.129292 0.138065 0.145587 0.156457 0.210279 -9999.0 -9999.0 -9999.0 -9999.0 -9999.0 -9999.0 -9999.0 -9999.0 -9999.0 -9999.0 -9999.0 -9999.0 -9999.0 -9999.0
-9999.0 -9999.0 -9999.0 -9999.0 -9999.0 -9999.0 -9999.0 -9999.0 -9999.0 -9999.0 -9999.0 -9999.0 -9999.0 -9999.0 -9999.0 -9999.0 -9999.0 -9999.0 -9999.0 -9999.0 -9999.0 -9999.0 -9999.0 -9999.0 -9999.0 -9999.0 -9999.0 -9999.0 -9999.0 -9999.0 -9999.0 -9999.0 -9999.0 -9999.0 -9999.0 -9999.0 -9999.0 -9999.0 -9999.0 -9999.0 -9999.0 -9999.0 -9999.0 -9999.0 -9999.0 -9999.0 -9999.0 -9999.0 -9999.0 -9999.0 -9999.0 -9999.0 -9999.0 -9999.0 -9999.0 -9999.0 -9999.0 -9999.0 -9999.0 -9999.0 -9999.0 -9999.0 -9999.0 -9999.0 -9999.0 -9999.0 -9999.0 -9999.0 -9999.0 -9999.0 -9999.0 -9999.0 -9999.0 -9999.0 -9999.0 -9999.0 -9999.0 -9999.0 -9999.0 -9999.0
-9999.0 -9999.0 -9999.0 -9999.0 -9999.0 -9999.0 -9999.0 -9999.0 -9999.0 -9999.0 -9999.0 -9999.0 -9999.0 -9999.0 -9999.0 -9999.0 -9999.0 -9999.0 -9999.0 -9999.0 -9999.0 -9999.0 -9999.0 -9999.0 -9999.0 -9999.0 -9999.0 -9999.0 -9999.0 -9999.0 -9999.0 -9999.0 -9999.0 -9999.0 -9999.0 -9999.0 -9999.0 -9999.0 -9999.0 -9999.0 -9999.0 -9999.0 -9999.0 -9999.0 -9999.0 -9999.0 -9999.0 -9999.0 -9999.0 -9999.0 -9999.0 -9999.0 -9999.0 -9999.0 -9999.0 -9999.0 -9999.0 -9999.0 -9999.0 -9999.0 -9999.0 -9999.0 -9999.0 -9999.0 -9999.0 -9999.0 -9999.0 -9999.0 -9999.0 -9999.0 -9999.0 -9999.0 -9999.0 -9999.0 -9999.0 -9999.0 -9999.0 -9999.0 -9999.0 -9999.0