Borden_/Borden1m_014/output_maps/thetaliqL0005N0003.asc
ncols         80
nrows         18
xllcorner     620200.000000
yllcorner     5168000.000000
cellsize      1.000000
NODATA_value  -9999.0
-9999.0 -9999.0 -9999.0 -9999.0 -9999.0 -9999.0 -9999.0 -9999.0 -9999.0 -9999.0 -9999.0 -9999.0 -9999.0 -9999.0 -9999.0 -9999.0 -9999.0 -9999.0 -9999.0 -9999.0 -9999.0 -9999.0 -9999.0 -9999.0 -9999.0 -9999.0 -9999.0 -9999.0 -9999.0 -9999.0 -9999.0 -9999.0 -9999.0 -9999.0 -9999.0 -9999.0 -9999.0 -9999.0 -9999.0 -9999.0 -9999.0 -9999.0 -9999.0 -9999.0 -9999.0 -9999.0 -9999.0 -9999.0 -9999.0 -9999.0 -9999.0 -9999.0 -9999.0 -9999.0 -9999.0 -9999.0 -9999.0 -9999.0 -9999.0 -9999.0 -9999.0 -9999.0 -9999.0 -9999.0 -9999.0 -9999.0 -9999.0 -9999.0 -9999.0 -9999.0 -9999.0 -9999.0 -9999.0 -9999.0 -9999.0 -9999.0 -9999.0 -9999.0 -9999.0 -9999.0
-9999.0 -9999.0 -9999.0 -9999.0 -9999.0 -9999.0 -9999.0 -9999.0 -9999.0 -9999.0 -9999.0 -9999.0 -9999.0 -9999.0 -9999.0 -9999.0 -9999.0 -9999.0 -9999.0 -9999.0 -9999.0 -9999.0 -9999.0 -9999.0 -9999.0 -9999.0 -9999.0 -9999.0 -9999.0 -9999.0 -9999.0 -9999.0 -9999.0 -9999.0 -9999.0 -9999.0 -9999.0 -9999.0 -9999.0 -9999.0 -9999.0 -9999.0 -9999.0 -9999.0 -9999.0 -9999.0 -9999.0 -9999.0 -9999.0 -9999.0 -9999.0 -9999.0 -9999.0 -9999.0 -9999.0 -9999.0 -9999.0 -9999.0 -9999.0 -9999.0 -9999.0 -9999.0 -9999.0 -9999.0 -9999.0 -9999.0 -9999.0 -9999.0 -9999.0 -9999.0 -9999.0 -9999.0 -9999.0 -9999.0 -9999.0 -9999.0 -9999.0 -9999.0 -9999.0 -9999.0
-9999.0 -9999.0 -9999.0 -9999.0 -9999.0 -9999.0 -9999.0 -9999.0 -9999.0 -9999.0 -9999.0 -9999.0 -9999.0 -9999.0 -9999.0 -9999.0 -9999.0 -9999.0 -9999.0 -9999.0 0.107726 0.108481 0.103252 0.096813 0.092400 0.092589 0.098023 0.106079 0.115494 0.118536 0.113238 0.113417 0.111894 0.111875 0.112655 0.114134 0.114679 0.118023 0.120612 0.120529 0.118599 0.116816 0.116235 0.117300 0.118757 0.116402 0.120452 0.125576 0.128051 0.126357 0.117624 0.113210 0.111261 0.107895 0.114330 0.118221 0.125948 0.127705 0.127530 0.118649 0.110323 -9999.0 -9999.0 -9999.0 -9999.0 -9999.0 -9999.0 -9999.0 -9999.0 -9999.0 -9999.0 -9999.0 -9999.0 -9999.0 -9999.0 -9999.0 -9999.0 -9999.0 -9999.0 -9999.0
-9999.0 -9999.0 -9999.0 -9999.0 -9999.0 -9999.0 -9999.0 -9999.0 -9999.0 -9999.0 -9999.0 -9999.0 -9999.0 -9999.0 0.091613 0.090216 0.089773 0.090796 0.095598 0.100755 0.103271 0.101630 0.101517 0.097123 0.093874 0.095971 0.100997 0.107487 0.116124 0.122271 0.118019 0.117030 0.120170 0.129689 0.135385 0.134141 0.125979 0.134241 0.140951 0.145246 0.144677 0.140740 0.147520 0.155586 0.152187 0.143864 0.145192 0.150706 0.158601 0.151097 0.124500 0.117856 0.117331 0.115703 0.112364 0.110806 0.117800 0.118400 0.116174 0.111450 0.104032 0.095921 0.093297 0.099677 0.109417 0.127129 -9999.0 -9999.0 -9999.0 -9999.0 -9999.0 -9999.0 -9999.0 -9999.0 -9999.0 -9999.0 -9999.0 -9999.0 -9999.0 -9999.0
-9999.0 -9999.0 -9999.0 -9999.0 -9999.0 -9999.0 -9999.0 -9999.0 -9999.0 0.085287 0.085568 0.086224 0.086335 0.087951 0.087737 0.088450 0.089359 0.092619 0.097316 0.103853 0.110421 0.107719 0.107611 0.110592 0.112501 0.115895 0.121816 0.136122 0.155084 0.178155 0.161239 0.159856 0.170279 0.202589 0.231316 0.238733 0.224399 0.225634 0.244589 0.263515 0.262345 0.260687 0.277793 0.286519 0.291944 0.279672 0.266051 0.264283 0.283618 0.246609 0.200467 0.166017 0.166990 0.150868 0.132816 0.124642 0.123851 0.132392 0.127060 0.115380 0.106274 0.104489 0.101289 0.104715 0.110244 0.124482 0.139654 0.153643 0.154310 0.146010 -9999.0 -9999.0 -9999.0 -9999.0 -9999.0 -9999.0 -9999.0 -9999.0 -9999.0 -9999.0
-9999.0 -9999.0 -9999.0 -9999.0 -9999.0 -9999.0 0.079330 0.079832 0.081104 0.081498 0.083322 0.083929 0.085775 0.087732 0.089998 0.092149 0.096763 0.102545 0.111970 0.125041 0.136896 0.134862 0.138547 0.154243 0.178953 0.200496 0.216392 0.243256 0.296895 0.321730 0.329331 0.331997 0.336701 0.354797 0.366926 0.368473 0.366638 0.364445 0.366547 0.369166 0.369484 0.369483 0.369677 0.369918 0.370000 0.370000 0.369521 0.368373 0.367793 0.367051 0.358448 0.335122 0.313705 0.285469 0.228831 0.187453 0.186330 0.197340 0.178028 0.149565 0.131591 0.128104 0.123469 0.119124 0.121030 0.128052 0.137839 0.143373 0.138434 0.130571 0.122574 0.114007 0.114617 0.122603 -9999.0 -9999.0 -9999.0 -9999.0 -9999.0 -9999.0
-9999.0 -9999.0 -9999.0 -9999.0 0.076738 0.077297 0.076746 0.077841 0.079605 0.081792 0.084413 0.088127 0.091318 0.095458 0.102896 0.111739 0.124429 0.136731 0.162263 0.205256 0.243266 0.262624 0.271449 0.310594 0.342561 0.359706 0.363289 0.366524 0.369425 0.370000 0.370000 0.370000 0.370000 0.370000 0.370000 0.370000 0.370000 0.370000 0.370000 0.370000 0.370000 0.370000 0.370000 0.370000 0.370000 0.370000 0.370000 0.370000 0.370000 0.370000 0.370000 0.370000 0.370000 0.369584 0.368621 0.363449 0.341794 0.330936 0.301837 0.266813 0.218278 0.200993 0.180928 0.166592 0.151049 0.152147 0.154443 0.145633 0.133305 0.122218 0.117846 0.112782 0.110393 0.118989 0.125011 0.137229 -9999.0 -9999.0 -9999.0 -9999.0
-9999.0 -9999.0 0.074494 0.076429 0.079260 0.079751 0.079905 0.080163 0.081957 0.086269 0.096506 0.106657 0.118315 0.127481 0.152010 0.202170 0.255166 0.286891 0.320693 0.350381 0.364438 0.368039 0.369093 0.369999 0.370000 0.370000 0.370000 0.370000 0.370000 0.370000 0.370000 0.370000 0.370000 0.370000 0.370000 0.370000 0.370000 0.370000 0.370000 0.370000 0.370000 0.370000 0.370000 0.370000 0.370000 0.370000 0.370000 0.370000 0.370000 0.370000 0.370000 0.370000 0.370000 0.370000 0.370000 0.370000 0.370000 0.370000 0.369889 0.368395 0.357061 0.337317 0.311806 0.281372 0.244787 0.222592 0.191629 0.168166 0.146048 0.128251 0.120827 0.115608 0.115335 0.115876 0.121032 0.126630 0.132652 0.135940 -9999.0 -9999.0
-9999.0 0.071942 0.073733 0.079175 0.085037 0.089806 0.095717 0.100919 0.105378 0.107675 0.142696 0.203799 0.266688 0.283846 0.315939 0.356088 0.368655 0.369980 0.370000 0.370000 0.370000 0.370000 0.370000 0.370000 0.370000 0.370000 0.370000 0.370000 0.370000 0.370000 0.370000 0.370000 0.370000 0.370000 0.370000 0.370000 0.370000 0.370000 0.370000 0.370000 0.370000 0.370000 0.370000 0.370000 0.370000 0.370000 0.370000 0.370000 0.370000 0.370000 0.370000 0.370000 0.370000 0.370000 0.370000 0.370000 0.370000 0.370000 0.370000 0.370000 0.370000 0.370000 0.368526 0.360910 0.342168 0.310527 0.274719 0.236266 0.193316 0.171243 0.155625 0.132777 0.124651 0.125748 0.122886 0.122352 0.124870 0.127279 -9999.0 -9999.0
-9999.0 0.070765 0.073845 0.083626 0.103735 0.119093 0.171118 0.225765 0.243045 0.225768 0.297329 0.369134 0.370000 0.370000 0.370000 0.370000 0.370000 0.370000 0.370000 0.370000 0.370000 0.370000 0.370000 0.370000 0.370000 0.370000 0.370000 0.370000 0.370000 0.370000 0.370000 0.370000 0.370000 0.370000 0.370000 0.370000 0.370000 0.370000 0.369964 0.369130 0.368471 0.369614 0.369119 0.367644 0.367189 0.369069 0.369972 0.369849 0.369877 0.370000 0.370000 0.370000 0.370000 0.370000 0.370000 0.370000 0.370000 0.370000 0.370000 0.370000 0.370000 0.370000 0.370000 0.370000 0.369896 0.364022 0.352462 0.333959 0.303235 0.275145 0.240855 0.200073 0.164703 0.151389 0.134338 0.126475 -9999.0 -9999.0 -9999.0 -9999.0
-9999.0 0.069995 0.073541 0.091362 0.170408 0.258058 0.357190 0.370000 0.370000 0.370000 0.370000 0.370000 0.370000 0.370000 0.370000 0.370000 0.370000 0.370000 0.370000 0.370000 0.370000 0.370000 0.370000 0.370000 0.370000 0.370000 0.370000 0.370000 0.370000 0.370000 0.370000 0.370000 0.369941 0.361615 0.350569 0.339766 0.315272 0.311437 0.303576 0.284465 0.272561 0.263639 0.275512 0.273464 0.272699 0.278673 0.292936 0.301906 0.322852 0.337982 0.353537 0.364026 0.367560 0.369888 0.370000 0.370000 0.370000 0.370000 0.370000 0.370000 0.370000 0.370000 0.370000 0.370000 0.370000 0.370000 0.370000 0.369811 0.366532 0.357872 0.341581 0.313760 0.270882 0.207071 0.180305 -9999.0 -9999.0 -9999.0 -9999.0 -9999.0
-9999.0 0.068797 0.071902 0.087004 0.202503 0.364913 0.369956 0.370000 0.370000 0.370000 0.370000 0.370000 0.370000 0.370000 0.370000 0.370000 0.370000 0.370000 0.370000 0.370000 0.370000 0.370000 0.370000 0.370000 0.370000 0.370000 0.369908 0.369465 0.365890 0.357546 0.329103 0.320242 0.277636 0.229765 0.198397 0.169992 0.144395 0.143767 0.150891 0.143109 0.134058 0.127102 0.136433 0.142426 0.146980 0.142656 0.146225 0.162648 0.190244 0.217219 0.251114 0.287105 0.312201 0.335918 0.349405 0.362799 0.368193 0.369992 0.370000 0.370000 0.370000 0.370000 0.370000 0.370000 0.370000 0.370000 0.370000 0.370000 0.370000 0.370000 0.369995 0.365466 0.352504 -9999.0 -9999.0 -9999.0 -9999.0 -9999.0 -9999.0 -9999.0
-9999.0 0.068149 0.069564 0.074205 0.100580 0.191177 0.298399 0.349020 0.364460 0.363346 0.364961 0.367598 0.369423 0.369908 0.369099 0.365867 0.361442 0.362015 0.362072 0.356184 0.346317 0.340010 0.339989 0.336779 0.323710 0.315027 0.309335 0.296283 0.272520 0.234770 0.179682 0.146005 0.122946 0.112545 0.105411 0.098921 0.092634 0.094215 0.096640 0.095816 0.093789 0.093020 0.097647 0.100874 0.102806 0.100034 0.103518 0.109484 0.120897 0.134979 0.155244 0.184060 0.217474 0.237508 0.247586 0.267874 0.294609 0.325187 0.357998 0.369669 0.370000 0.370000 0.370000 0.370000 0.370000 0.370000 0.370000 0.370000 0.370000 0.370000 0.370000 -9999.0 -9999.0 -9999.0 -9999.0 -9999.0 -9999.0 -9999.0 -9999.0 -9999.0
-9999.0 -9999.0 0.068149 0.069210 0.071203 0.076418 0.086284 0.099808 0.113851 0.140088 0.182487 0.229039 0.255957 0.266674 0.252366 0.221266 0.202116 0.202678 0.197135 0.187633 0.172410 0.167453 0.163107 0.159514 0.152588 0.149059 0.146897 0.142405 0.133467 0.117884 0.104372 0.094958 0.087838 0.085325 0.083378 0.081574 0.081253 0.081194 0.081722 0.081794 0.082136 0.083019 0.084834 0.086886 0.087860 0.088542 0.090010 0.093105 0.098286 0.106190 0.119610 0.139079 0.155737 0.160757 0.154843 0.157092 0.168075 0.193561 0.253301 0.309630 0.350075 0.364926 0.369974 0.370000 0.370000 0.370000 0.370000 0.370000 0.370000 0.370000 -9999.0 -9999.0 -9999.0 -9999.0 -9999.0 -9999.0 -9999.0 -9999.0 -9999.0 -9999.0
-9999.0 -9999.0 -9999.0 -9999.0 0.068365 0.069340 0.070292 0.071533 0.074394 0.078799 0.085140 0.093407 0.101275 0.105704 0.102717 0.100828 0.099099 0.098679 0.097340 0.096194 0.095099 0.093972 0.092593 0.091596 0.091441 0.091846 0.091630 0.090031 0.088302 0.085317 0.083087 0.080473 0.078232 0.076790 0.076219 0.075907 0.075925 0.075725 0.076129 0.076377 0.077040 0.077801 0.079126 0.080910 0.081764 0.082835 0.083629 0.085519 0.088633 0.095707 0.107587 0.122702 0.134108 0.134632 0.124031 0.118290 0.116755 0.124785 0.141979 0.175921 0.242465 0.291197 0.327348 0.349685 0.360633 0.368968 0.370000 0.370000 -9999.0 -9999.0 -9999.0 -9999.0 -9999.0 -9999.0 -9999.0 -9999.0 -9999.0 -9999.0 -9999.0 -9999.0
-9999.0 -9999.0 -9999.0 -9999.0 -9999.0 -9999.0 0.068126 0.068512 0.069056 0.070107 0.071677 0.073730 0.076220 0.077189 0.077858 0.078967 0.078649 0.077792 0.077048 0.077811 0.078218 0.077995 0.076731 0.076650 0.076780 0.077235 0.077199 0.076923 0.075860 0.076133 0.076033 0.075139 0.074247 0.073796 0.073465 0.073754 0.073784 0.073437 0.073526 0.074303 0.074963 0.075466 0.076401 0.077983 0.079807 0.080706 0.080750 0.081173 0.084541 0.092434 0.104448 0.117550 0.126898 0.128859 0.118526 0.106988 0.101816 0.102599 0.109585 0.123809 0.153420 0.177755 0.195667 0.209826 0.228813 0.295823 -9999.0 -9999.0 -9999.0 -9999.0 -9999.0 -9999.0 -9999.0 -9999.0 -9999.0 -9999.0 -9999.0 -9999.0 -9999.0 -9999.0
-9999.0 -9999.0 -9999.0 -9999.0 -9999.0 -9999.0 -9999.0 -9999.0 -9999.0 -9999.0 -9999.0 -9999.0 -9999.0 -9999.0 -9999.0 -9999.0 -9999.0 -9999.0 -9999.0 -9999.0 -9999.0 -9999.0 -9999.0 -9999.0 -9999.0 -9999.0 -9999.0 -9999.0 -9999.0 -9999.0 -9999.0 -9999.0 -9999.0 -9999.0 -9999.0 -9999.0 -9999.0 -9999.0 -9999.0 -9999.0 -9999.0 -9999.0 -9999.0 -9999.0 -9999.0 -9999.0 -9999.0 -9999.0 -9999.0 -9999.0 -9999.0 -9999.0 -9999.0 -9999.0 -9999.0 -9999.0 -9999.0 -9999.0 -9999.0 -9999.0 -9999.0 -9999.0 -9999.0 -9999.0 -9999.0 -9999.0 -9999.0 -9999.0 -9999.0 -9999.0 -9999.0 -9999.0 -9999.0 -9999.0 -9999.0 -9999.0 -9999.0 -9999.0 -9999.0 -9999.0
-9999.0 -9999.0 -9999.0 -9999.0 -9999.0 -9999.0 -9999.0 -9999.0 -9999.0 -9999.0 -9999.0 -9999.0 -9999.0 -9999.0 -9999.0 -9999.0 -9999.0 -9999.0 -9999.0 -9999.0 -9999.0 -9999.0 -9999.0 -9999.0 -9999.0 -9999.0 -9999.0 -9999.0 -9999.0 -9999.0 -9999.0 -9999.0 -9999.0 -9999.0 -9999.0 -9999.0 -9999.0 -9999.0 -9999.0 -9999.0 -9999.0 -9999.0 -9999.0 -9999.0 -9999.0 -9999.0 -9999.0 -9999.0 -9999.0 -9999.0 -9999.0 -9999.0 -9999.0 -9999.0 -9999.0 -9999.0 -9999.0 -9999.0 -9999.0 -9999.0 -9999.0 -9999.0 -9999.0 -9999.0 -9999.0 -9999.0 -9999.0 -9999.0 -9999.0 -9999.0 -9999.0 -9999.0 -9999.0 -9999.0 -9999.0 -9999.0 -9999.0 -9999.0 -9999.0 -9999.0