Borden_/Borden1m_014/output_maps/thetaliqL0004N0006.asc
ncols         80
nrows         18
xllcorner     620200.000000
yllcorner     5168000.000000
cellsize      1.000000
NODATA_value  -9999.0
-9999.0 -9999.0 -9999.0 -9999.0 -9999.0 -9999.0 -9999.0 -9999.0 -9999.0 -9999.0 -9999.0 -9999.0 -9999.0 -9999.0 -9999.0 -9999.0 -9999.0 -9999.0 -9999.0 -9999.0 -9999.0 -9999.0 -9999.0 -9999.0 -9999.0 -9999.0 -9999.0 -9999.0 -9999.0 -9999.0 -9999.0 -9999.0 -9999.0 -9999.0 -9999.0 -9999.0 -9999.0 -9999.0 -9999.0 -9999.0 -9999.0 -9999.0 -9999.0 -9999.0 -9999.0 -9999.0 -9999.0 -9999.0 -9999.0 -9999.0 -9999.0 -9999.0 -9999.0 -9999.0 -9999.0 -9999.0 -9999.0 -9999.0 -9999.0 -9999.0 -9999.0 -9999.0 -9999.0 -9999.0 -9999.0 -9999.0 -9999.0 -9999.0 -9999.0 -9999.0 -9999.0 -9999.0 -9999.0 -9999.0 -9999.0 -9999.0 -9999.0 -9999.0 -9999.0 -9999.0
-9999.0 -9999.0 -9999.0 -9999.0 -9999.0 -9999.0 -9999.0 -9999.0 -9999.0 -9999.0 -9999.0 -9999.0 -9999.0 -9999.0 -9999.0 -9999.0 -9999.0 -9999.0 -9999.0 -9999.0 -9999.0 -9999.0 -9999.0 -9999.0 -9999.0 -9999.0 -9999.0 -9999.0 -9999.0 -9999.0 -9999.0 -9999.0 -9999.0 -9999.0 -9999.0 -9999.0 -9999.0 -9999.0 -9999.0 -9999.0 -9999.0 -9999.0 -9999.0 -9999.0 -9999.0 -9999.0 -9999.0 -9999.0 -9999.0 -9999.0 -9999.0 -9999.0 -9999.0 -9999.0 -9999.0 -9999.0 -9999.0 -9999.0 -9999.0 -9999.0 -9999.0 -9999.0 -9999.0 -9999.0 -9999.0 -9999.0 -9999.0 -9999.0 -9999.0 -9999.0 -9999.0 -9999.0 -9999.0 -9999.0 -9999.0 -9999.0 -9999.0 -9999.0 -9999.0 -9999.0
-9999.0 -9999.0 -9999.0 -9999.0 -9999.0 -9999.0 -9999.0 -9999.0 -9999.0 -9999.0 -9999.0 -9999.0 -9999.0 -9999.0 -9999.0 -9999.0 -9999.0 -9999.0 -9999.0 -9999.0 0.091844 0.092301 0.089314 0.085631 0.083079 0.083180 0.086316 0.090904 0.096237 0.097962 0.094940 0.095048 0.094168 0.094157 0.094601 0.095437 0.095736 0.097635 0.099103 0.099057 0.097963 0.096950 0.096597 0.097203 0.098034 0.096711 0.099009 0.101918 0.103331 0.102372 0.097414 0.094915 0.093820 0.091895 0.095574 0.097777 0.102171 0.103162 0.103086 0.098032 0.093307 -9999.0 -9999.0 -9999.0 -9999.0 -9999.0 -9999.0 -9999.0 -9999.0 -9999.0 -9999.0 -9999.0 -9999.0 -9999.0 -9999.0 -9999.0 -9999.0 -9999.0 -9999.0 -9999.0
-9999.0 -9999.0 -9999.0 -9999.0 -9999.0 -9999.0 -9999.0 -9999.0 -9999.0 -9999.0 -9999.0 -9999.0 -9999.0 -9999.0 0.082675 0.081844 0.081576 0.082154 0.084936 0.087882 0.089296 0.088344 0.088306 0.085778 0.083896 0.085116 0.087990 0.091663 0.096548 0.100043 0.097613 0.097048 0.098840 0.104303 0.107593 0.106872 0.102146 0.106892 0.110771 0.113296 0.112970 0.110669 0.114671 0.119468 0.117437 0.112519 0.113253 0.116464 0.121194 0.116727 0.101290 0.097514 0.097237 0.096327 0.094430 0.093528 0.097511 0.097838 0.096578 0.093926 0.089733 0.085091 0.083571 0.087256 0.092792 0.102880 -9999.0 -9999.0 -9999.0 -9999.0 -9999.0 -9999.0 -9999.0 -9999.0 -9999.0 -9999.0 -9999.0 -9999.0 -9999.0 -9999.0
-9999.0 -9999.0 -9999.0 -9999.0 -9999.0 -9999.0 -9999.0 -9999.0 -9999.0 0.078993 0.079144 0.079532 0.079574 0.080533 0.080369 0.080788 0.081309 0.083203 0.085894 0.089621 0.093368 0.091803 0.091740 0.093469 0.094583 0.096513 0.099862 0.108067 0.119204 0.133402 0.122938 0.122125 0.128482 0.149531 0.170778 0.177012 0.165569 0.166171 0.181213 0.198620 0.197776 0.196354 0.212936 0.222310 0.228963 0.215642 0.201240 0.198821 0.217764 0.182886 0.148234 0.125888 0.126440 0.116682 0.106099 0.101391 0.100914 0.105838 0.102780 0.096135 0.090966 0.089998 0.088163 0.090112 0.093230 0.101314 0.109985 0.118152 0.118557 0.113672 -9999.0 -9999.0 -9999.0 -9999.0 -9999.0 -9999.0 -9999.0 -9999.0 -9999.0 -9999.0
-9999.0 -9999.0 -9999.0 -9999.0 -9999.0 -9999.0 0.075444 0.075737 0.076505 0.076688 0.077791 0.078124 0.079224 0.080369 0.081685 0.082922 0.085595 0.088897 0.094261 0.101701 0.108512 0.107337 0.109479 0.118778 0.134084 0.148384 0.159522 0.180208 0.233591 0.268069 0.280640 0.285118 0.293318 0.333432 0.368866 0.370000 0.368324 0.361839 0.368832 0.370000 0.370000 0.370000 0.370000 0.370000 0.370000 0.370000 0.370000 0.370000 0.370000 0.369108 0.343973 0.290948 0.256166 0.220989 0.169579 0.139662 0.138607 0.145767 0.133179 0.115884 0.105415 0.103432 0.100790 0.098277 0.099339 0.103310 0.108916 0.112113 0.109260 0.104768 0.100242 0.095369 0.095722 0.100270 -9999.0 -9999.0 -9999.0 -9999.0 -9999.0 -9999.0
-9999.0 -9999.0 -9999.0 -9999.0 0.073808 0.074168 0.073772 0.074466 0.075551 0.076867 0.078407 0.080605 0.082453 0.084843 0.089124 0.094186 0.101452 0.108517 0.123645 0.151406 0.180060 0.197398 0.206220 0.252013 0.305442 0.347298 0.358210 0.368905 0.370000 0.370000 0.370000 0.370000 0.370000 0.370000 0.370000 0.370000 0.370000 0.370000 0.370000 0.370000 0.370000 0.370000 0.370000 0.370000 0.370000 0.370000 0.370000 0.370000 0.370000 0.370000 0.370000 0.370000 0.370000 0.370000 0.370000 0.360632 0.303708 0.283076 0.239862 0.201383 0.160560 0.148272 0.135034 0.126081 0.116665 0.117269 0.118605 0.113411 0.106311 0.099992 0.097537 0.094673 0.093305 0.098205 0.101610 0.108629 -9999.0 -9999.0 -9999.0 -9999.0
-9999.0 -9999.0 0.072436 0.073621 0.075387 0.075642 0.075720 0.075848 0.076924 0.079502 0.085508 0.091329 0.098028 0.103244 0.117590 0.149633 0.191340 0.223216 0.266765 0.322535 0.362255 0.370000 0.370000 0.370000 0.370000 0.370000 0.370000 0.370000 0.370000 0.370000 0.370000 0.370000 0.370000 0.370000 0.370000 0.370000 0.370000 0.370000 0.370000 0.370000 0.370000 0.370000 0.370000 0.370000 0.370000 0.370000 0.370000 0.370000 0.370000 0.370000 0.370000 0.370000 0.370000 0.370000 0.370000 0.370000 0.370000 0.370000 0.370000 0.370000 0.341340 0.294801 0.251777 0.214602 0.180641 0.163219 0.141657 0.126851 0.113678 0.103417 0.099205 0.096255 0.096121 0.096409 0.099341 0.102520 0.105975 0.107857 -9999.0 -9999.0
-9999.0 0.070834 0.071930 0.075356 0.078832 0.081627 0.085099 0.088148 0.090706 0.091910 0.112213 0.152251 0.203759 0.220611 0.259867 0.338131 0.370000 0.370000 0.370000 0.370000 0.370000 0.370000 0.370000 0.370000 0.370000 0.370000 0.370000 0.370000 0.370000 0.370000 0.370000 0.370000 0.370000 0.370000 0.370000 0.370000 0.370000 0.370000 0.370000 0.370000 0.370000 0.370000 0.370000 0.370000 0.370000 0.370000 0.370000 0.370000 0.370000 0.370000 0.370000 0.370000 0.370000 0.370000 0.370000 0.370000 0.370000 0.370000 0.370000 0.370000 0.370000 0.370000 0.370000 0.352500 0.303741 0.248786 0.207430 0.173647 0.142852 0.128852 0.119422 0.106041 0.101379 0.102025 0.100380 0.100077 0.101515 0.102885 -9999.0 -9999.0
-9999.0 0.069982 0.072026 0.078049 0.089752 0.098496 0.129835 0.169240 0.183344 0.169686 0.237464 0.370000 0.370000 0.370000 0.370000 0.370000 0.370000 0.370000 0.370000 0.370000 0.370000 0.370000 0.370000 0.370000 0.370000 0.370000 0.370000 0.370000 0.370000 0.370000 0.370000 0.370000 0.370000 0.370000 0.370000 0.370000 0.370000 0.370000 0.370000 0.370000 0.370000 0.370000 0.370000 0.370000 0.370000 0.370000 0.370000 0.370000 0.370000 0.370000 0.370000 0.370000 0.370000 0.370000 0.370000 0.370000 0.370000 0.370000 0.370000 0.370000 0.370000 0.370000 0.370000 0.370000 0.370000 0.363133 0.327794 0.287512 0.239767 0.208158 0.177464 0.147535 0.124860 0.116848 0.106910 0.102431 -9999.0 -9999.0 -9999.0 -9999.0
-9999.0 0.069482 0.071844 0.082768 0.129118 0.193926 0.345209 0.370000 0.370000 0.370000 0.370000 0.370000 0.370000 0.370000 0.370000 0.370000 0.370000 0.370000 0.370000 0.370000 0.370000 0.370000 0.370000 0.370000 0.370000 0.370000 0.370000 0.370000 0.370000 0.370000 0.370000 0.370000 0.370000 0.356083 0.322839 0.299695 0.258966 0.253634 0.242612 0.219542 0.207154 0.199326 0.210316 0.207432 0.206465 0.213386 0.229799 0.240064 0.269176 0.296005 0.330378 0.360992 0.370000 0.370000 0.370000 0.370000 0.370000 0.370000 0.370000 0.370000 0.370000 0.370000 0.370000 0.370000 0.370000 0.370000 0.370000 0.370000 0.369283 0.342706 0.303169 0.253899 0.204119 0.152162 0.134497 -9999.0 -9999.0 -9999.0 -9999.0 -9999.0
-9999.0 0.068574 0.070824 0.080280 0.152393 0.365572 0.370000 0.370000 0.370000 0.370000 0.370000 0.370000 0.370000 0.370000 0.370000 0.370000 0.370000 0.370000 0.370000 0.370000 0.370000 0.370000 0.370000 0.370000 0.370000 0.370000 0.370000 0.370000 0.367884 0.341423 0.280021 0.266550 0.213702 0.169663 0.147011 0.128684 0.113184 0.112787 0.116966 0.112321 0.107049 0.103009 0.108386 0.111827 0.114484 0.111966 0.114045 0.123820 0.141137 0.159565 0.186056 0.220629 0.251467 0.291146 0.320108 0.357752 0.370000 0.370000 0.370000 0.370000 0.370000 0.370000 0.370000 0.370000 0.370000 0.370000 0.370000 0.370000 0.370000 0.370000 0.370000 0.365952 0.326290 -9999.0 -9999.0 -9999.0 -9999.0 -9999.0 -9999.0 -9999.0
-9999.0 0.068081 0.069244 0.072299 0.088607 0.144887 0.239430 0.322948 0.362826 0.359345 0.364443 0.370000 0.370000 0.370000 0.370000 0.367563 0.352568 0.354040 0.354187 0.337160 0.313127 0.300058 0.300283 0.294309 0.271673 0.258428 0.250194 0.233161 0.206433 0.173395 0.134627 0.114166 0.100744 0.094751 0.090664 0.086932 0.083243 0.084184 0.085605 0.085116 0.083923 0.083454 0.086147 0.087987 0.089097 0.087469 0.089470 0.092863 0.099359 0.107394 0.119203 0.136883 0.159470 0.174632 0.182962 0.201280 0.229964 0.273074 0.344961 0.370000 0.370000 0.370000 0.370000 0.370000 0.370000 0.370000 0.370000 0.370000 0.370000 0.370000 0.370000 -9999.0 -9999.0 -9999.0 -9999.0 -9999.0 -9999.0 -9999.0 -9999.0 -9999.0
-9999.0 -9999.0 0.068049 0.068838 0.070245 0.073700 0.079913 0.088108 0.096425 0.111632 0.137654 0.170454 0.193195 0.203347 0.189747 0.163805 0.149892 0.150336 0.146599 0.140161 0.130292 0.127194 0.124557 0.122378 0.118128 0.115982 0.114692 0.112048 0.106828 0.097841 0.090065 0.084640 0.080465 0.079000 0.077843 0.076749 0.076571 0.076534 0.076854 0.076891 0.077093 0.077621 0.078698 0.079906 0.080469 0.080862 0.081714 0.083507 0.086483 0.090971 0.098568 0.109677 0.119397 0.122397 0.118898 0.120302 0.127021 0.143280 0.188313 0.249718 0.321994 0.365765 0.370000 0.370000 0.370000 0.370000 0.370000 0.370000 0.370000 0.370000 -9999.0 -9999.0 -9999.0 -9999.0 -9999.0 -9999.0 -9999.0 -9999.0 -9999.0 -9999.0
-9999.0 -9999.0 -9999.0 -9999.0 0.068179 0.068926 0.069660 0.070470 0.072386 0.075172 0.079039 0.083942 0.088493 0.091053 0.089259 0.088107 0.087092 0.086875 0.086106 0.085414 0.084758 0.084101 0.083314 0.082725 0.082630 0.082864 0.082740 0.081797 0.080798 0.079004 0.077676 0.076103 0.074738 0.073841 0.073498 0.073302 0.073323 0.073191 0.073455 0.073594 0.074007 0.074472 0.075283 0.076368 0.076860 0.077503 0.077970 0.079094 0.080902 0.084991 0.091760 0.100313 0.106795 0.107092 0.101026 0.097792 0.096938 0.101534 0.111464 0.131934 0.178964 0.225376 0.276553 0.321102 0.351861 0.370000 0.370000 0.370000 -9999.0 -9999.0 -9999.0 -9999.0 -9999.0 -9999.0 -9999.0 -9999.0 -9999.0 -9999.0 -9999.0 -9999.0
-9999.0 -9999.0 -9999.0 -9999.0 -9999.0 -9999.0 0.068044 0.068354 0.068712 0.069451 0.070508 0.071844 0.073436 0.074021 0.074429 0.075129 0.074928 0.074394 0.073924 0.074415 0.074669 0.074538 0.073737 0.073694 0.073775 0.074066 0.074042 0.073880 0.073197 0.073396 0.073351 0.072794 0.072236 0.071964 0.071748 0.071957 0.071980 0.071740 0.071790 0.072304 0.072719 0.073021 0.073598 0.074576 0.075700 0.076237 0.076247 0.076478 0.078493 0.083122 0.089995 0.097399 0.102683 0.103812 0.097940 0.091391 0.088448 0.088895 0.092874 0.100963 0.118149 0.132974 0.144651 0.154501 0.168515 0.231663 -9999.0 -9999.0 -9999.0 -9999.0 -9999.0 -9999.0 -9999.0 -9999.0 -9999.0 -9999.0 -9999.0 -9999.0 -9999.0 -9999.0
-9999.0 -9999.0 -9999.0 -9999.0 -9999.0 -9999.0 -9999.0 -9999.0 -9999.0 -9999.0 -9999.0 -9999.0 -9999.0 -9999.0 -9999.0 -9999.0 -9999.0 -9999.0 -9999.0 -9999.0 -9999.0 -9999.0 -9999.0 -9999.0 -9999.0 -9999.0 -9999.0 -9999.0 -9999.0 -9999.0 -9999.0 -9999.0 -9999.0 -9999.0 -9999.0 -9999.0 -9999.0 -9999.0 -9999.0 -9999.0 -9999.0 -9999.0 -9999.0 -9999.0 -9999.0 -9999.0 -9999.0 -9999.0 -9999.0 -9999.0 -9999.0 -9999.0 -9999.0 -9999.0 -9999.0 -9999.0 -9999.0 -9999.0 -9999.0 -9999.0 -9999.0 -9999.0 -9999.0 -9999.0 -9999.0 -9999.0 -9999.0 -9999.0 -9999.0 -9999.0 -9999.0 -9999.0 -9999.0 -9999.0 -9999.0 -9999.0 -9999.0 -9999.0 -9999.0 -9999.0
-9999.0 -9999.0 -9999.0 -9999.0 -9999.0 -9999.0 -9999.0 -9999.0 -9999.0 -9999.0 -9999.0 -9999.0 -9999.0 -9999.0 -9999.0 -9999.0 -9999.0 -9999.0 -9999.0 -9999.0 -9999.0 -9999.0 -9999.0 -9999.0 -9999.0 -9999.0 -9999.0 -9999.0 -9999.0 -9999.0 -9999.0 -9999.0 -9999.0 -9999.0 -9999.0 -9999.0 -9999.0 -9999.0 -9999.0 -9999.0 -9999.0 -9999.0 -9999.0 -9999.0 -9999.0 -9999.0 -9999.0 -9999.0 -9999.0 -9999.0 -9999.0 -9999.0 -9999.0 -9999.0 -9999.0 -9999.0 -9999.0 -9999.0 -9999.0 -9999.0 -9999.0 -9999.0 -9999.0 -9999.0 -9999.0 -9999.0 -9999.0 -9999.0 -9999.0 -9999.0 -9999.0 -9999.0 -9999.0 -9999.0 -9999.0 -9999.0 -9999.0 -9999.0 -9999.0 -9999.0