Borden_/Borden1m_014/output_maps/thetaliqL0002N0018.asc
ncols         80
nrows         18
xllcorner     620200.000000
yllcorner     5168000.000000
cellsize      1.000000
NODATA_value  -9999.0
-9999.0 -9999.0 -9999.0 -9999.0 -9999.0 -9999.0 -9999.0 -9999.0 -9999.0 -9999.0 -9999.0 -9999.0 -9999.0 -9999.0 -9999.0 -9999.0 -9999.0 -9999.0 -9999.0 -9999.0 -9999.0 -9999.0 -9999.0 -9999.0 -9999.0 -9999.0 -9999.0 -9999.0 -9999.0 -9999.0 -9999.0 -9999.0 -9999.0 -9999.0 -9999.0 -9999.0 -9999.0 -9999.0 -9999.0 -9999.0 -9999.0 -9999.0 -9999.0 -9999.0 -9999.0 -9999.0 -9999.0 -9999.0 -9999.0 -9999.0 -9999.0 -9999.0 -9999.0 -9999.0 -9999.0 -9999.0 -9999.0 -9999.0 -9999.0 -9999.0 -9999.0 -9999.0 -9999.0 -9999.0 -9999.0 -9999.0 -9999.0 -9999.0 -9999.0 -9999.0 -9999.0 -9999.0 -9999.0 -9999.0 -9999.0 -9999.0 -9999.0 -9999.0 -9999.0 -9999.0
-9999.0 -9999.0 -9999.0 -9999.0 -9999.0 -9999.0 -9999.0 -9999.0 -9999.0 -9999.0 -9999.0 -9999.0 -9999.0 -9999.0 -9999.0 -9999.0 -9999.0 -9999.0 -9999.0 -9999.0 -9999.0 -9999.0 -9999.0 -9999.0 -9999.0 -9999.0 -9999.0 -9999.0 -9999.0 -9999.0 -9999.0 -9999.0 -9999.0 -9999.0 -9999.0 -9999.0 -9999.0 -9999.0 -9999.0 -9999.0 -9999.0 -9999.0 -9999.0 -9999.0 -9999.0 -9999.0 -9999.0 -9999.0 -9999.0 -9999.0 -9999.0 -9999.0 -9999.0 -9999.0 -9999.0 -9999.0 -9999.0 -9999.0 -9999.0 -9999.0 -9999.0 -9999.0 -9999.0 -9999.0 -9999.0 -9999.0 -9999.0 -9999.0 -9999.0 -9999.0 -9999.0 -9999.0 -9999.0 -9999.0 -9999.0 -9999.0 -9999.0 -9999.0 -9999.0 -9999.0
-9999.0 -9999.0 -9999.0 -9999.0 -9999.0 -9999.0 -9999.0 -9999.0 -9999.0 -9999.0 -9999.0 -9999.0 -9999.0 -9999.0 -9999.0 -9999.0 -9999.0 -9999.0 -9999.0 -9999.0 0.249157 0.250042 0.248436 0.246673 0.245113 0.244847 0.246542 0.248374 0.250515 0.250833 0.248887 0.249468 0.248657 0.248110 0.247985 0.248525 0.248814 0.249470 0.249845 0.249559 0.248992 0.248634 0.248218 0.248270 0.248974 0.248039 0.249339 0.250519 0.250871 0.251018 0.249594 0.249090 0.248932 0.247364 0.250172 0.250822 0.252672 0.252767 0.253245 0.251183 0.249147 -9999.0 -9999.0 -9999.0 -9999.0 -9999.0 -9999.0 -9999.0 -9999.0 -9999.0 -9999.0 -9999.0 -9999.0 -9999.0 -9999.0 -9999.0 -9999.0 -9999.0 -9999.0 -9999.0
-9999.0 -9999.0 -9999.0 -9999.0 -9999.0 -9999.0 -9999.0 -9999.0 -9999.0 -9999.0 -9999.0 -9999.0 -9999.0 -9999.0 0.246828 0.245852 0.245375 0.244941 0.246464 0.247547 0.247369 0.246352 0.247312 0.245459 0.243771 0.244767 0.246009 0.246822 0.248403 0.249672 0.248361 0.248034 0.248657 0.251068 0.252000 0.251413 0.248323 0.251198 0.252434 0.253225 0.253111 0.251696 0.253515 0.255653 0.254473 0.252199 0.252756 0.253978 0.256068 0.255315 0.248282 0.247931 0.248453 0.248798 0.247844 0.247090 0.249889 0.249351 0.248992 0.248807 0.247494 0.245062 0.243900 0.246600 0.248678 0.253274 -9999.0 -9999.0 -9999.0 -9999.0 -9999.0 -9999.0 -9999.0 -9999.0 -9999.0 -9999.0 -9999.0 -9999.0 -9999.0 -9999.0
-9999.0 -9999.0 -9999.0 -9999.0 -9999.0 -9999.0 -9999.0 -9999.0 -9999.0 0.245635 0.245300 0.245535 0.244787 0.245587 0.243971 0.244273 0.243877 0.244915 0.245564 0.246871 0.248854 0.247188 0.246942 0.248009 0.247986 0.248204 0.248828 0.251862 0.255121 0.260906 0.255571 0.255362 0.258155 0.269333 0.278373 0.280678 0.276290 0.276254 0.281891 0.288436 0.287794 0.287051 0.294032 0.297869 0.300739 0.294648 0.288992 0.288023 0.296864 0.282339 0.269255 0.257116 0.258054 0.254486 0.250672 0.249437 0.248755 0.251925 0.250904 0.248370 0.246320 0.247380 0.246063 0.247344 0.247956 0.251366 0.254312 0.257292 0.257434 0.255476 -9999.0 -9999.0 -9999.0 -9999.0 -9999.0 -9999.0 -9999.0 -9999.0 -9999.0 -9999.0
-9999.0 -9999.0 -9999.0 -9999.0 -9999.0 -9999.0 0.244352 0.244159 0.244632 0.242588 0.243780 0.242729 0.243548 0.243781 0.244221 0.244013 0.245271 0.246243 0.247987 0.250359 0.252643 0.250993 0.251509 0.254897 0.262937 0.270244 0.274271 0.281339 0.304132 0.325802 0.338647 0.346593 0.362757 0.364952 0.367297 0.369386 0.367104 0.366357 0.366904 0.368092 0.369721 0.369726 0.369769 0.369821 0.369939 0.369925 0.368347 0.367482 0.367323 0.367186 0.365500 0.362212 0.319074 0.298056 0.277568 0.266192 0.263779 0.264718 0.260166 0.254143 0.250750 0.251059 0.250508 0.249094 0.249811 0.251098 0.253199 0.254593 0.253601 0.252358 0.251624 0.249310 0.249743 0.252019 -9999.0 -9999.0 -9999.0 -9999.0 -9999.0 -9999.0
-9999.0 -9999.0 -9999.0 -9999.0 0.241610 0.242448 0.239787 0.241182 0.242154 0.242796 0.242485 0.243676 0.243773 0.244504 0.246248 0.247345 0.249703 0.251279 0.256612 0.269746 0.281558 0.288245 0.291240 0.317912 0.362757 0.365694 0.366243 0.366974 0.368301 0.369958 0.369990 0.369964 0.369989 0.370000 0.370000 0.370000 0.370000 0.370000 0.370000 0.370000 0.370000 0.370000 0.370000 0.370000 0.370000 0.370000 0.370000 0.370000 0.370000 0.369999 0.370000 0.369980 0.369159 0.368249 0.367734 0.366419 0.363273 0.351783 0.307102 0.289521 0.273234 0.266626 0.260438 0.257895 0.254131 0.255010 0.256288 0.254449 0.252153 0.249974 0.249983 0.249069 0.247751 0.250826 0.251656 0.254797 -9999.0 -9999.0 -9999.0 -9999.0
-9999.0 -9999.0 0.241743 0.241551 0.243683 0.242081 0.241126 0.239779 0.240097 0.241998 0.245478 0.246447 0.248463 0.249338 0.254630 0.269917 0.286226 0.298718 0.332436 0.363596 0.366391 0.367626 0.369604 0.369879 0.369957 0.370000 0.369999 0.370000 0.370000 0.370000 0.370000 0.370000 0.370000 0.370000 0.370000 0.370000 0.370000 0.370000 0.370000 0.370000 0.370000 0.370000 0.370000 0.370000 0.370000 0.370000 0.370000 0.370000 0.370000 0.370000 0.370000 0.370000 0.370000 0.370000 0.370000 0.370000 0.369982 0.369451 0.368731 0.367712 0.365251 0.362339 0.317058 0.293851 0.277893 0.269622 0.262181 0.257855 0.253977 0.250235 0.249312 0.248844 0.249605 0.249019 0.250612 0.251671 0.253464 0.254055 -9999.0 -9999.0
-9999.0 0.241347 0.240252 0.243946 0.244017 0.244390 0.244919 0.245353 0.246128 0.244281 0.253610 0.272329 0.290676 0.296746 0.323671 0.364239 0.369601 0.369867 0.369884 0.369996 0.369999 0.370000 0.370000 0.370000 0.370000 0.370000 0.370000 0.370000 0.370000 0.370000 0.370000 0.370000 0.370000 0.370000 0.370000 0.370000 0.370000 0.370000 0.370000 0.370000 0.369999 0.370000 0.370000 0.370000 0.370000 0.370000 0.370000 0.370000 0.370000 0.370000 0.370000 0.370000 0.370000 0.370000 0.370000 0.370000 0.370000 0.370000 0.370000 0.369998 0.369946 0.369546 0.368198 0.366035 0.362719 0.314846 0.288795 0.273156 0.262146 0.258406 0.256224 0.250911 0.249805 0.251291 0.250594 0.250533 0.251222 0.251722 -9999.0 -9999.0
-9999.0 0.237382 0.240893 0.244395 0.248397 0.247824 0.264565 0.279063 0.282850 0.274625 0.309444 0.369658 0.369975 0.369974 0.369999 0.370000 0.370000 0.370000 0.370000 0.370000 0.370000 0.370000 0.370000 0.370000 0.370000 0.370000 0.370000 0.370000 0.370000 0.370000 0.370000 0.370000 0.370000 0.369999 0.369994 0.369988 0.369978 0.369438 0.368521 0.367742 0.367392 0.368159 0.367783 0.367149 0.367002 0.367783 0.368743 0.368578 0.368936 0.369587 0.369939 0.369997 0.369999 0.370000 0.370000 0.370000 0.370000 0.370000 0.370000 0.370000 0.370000 0.370000 0.370000 0.369911 0.369290 0.366935 0.364577 0.360167 0.306734 0.290190 0.276417 0.264517 0.256739 0.255567 0.251756 0.251644 -9999.0 -9999.0 -9999.0 -9999.0
-9999.0 0.237252 0.240598 0.247487 0.263805 0.290218 0.363345 0.369721 0.369999 0.369956 0.370000 0.370000 0.370000 0.370000 0.370000 0.370000 0.370000 0.370000 0.370000 0.370000 0.370000 0.370000 0.370000 0.370000 0.370000 0.370000 0.370000 0.370000 0.369978 0.369889 0.369670 0.369344 0.368593 0.365935 0.364545 0.362710 0.320524 0.314850 0.308685 0.297251 0.292216 0.288620 0.293497 0.292198 0.291670 0.294406 0.301598 0.307041 0.332823 0.362694 0.365017 0.366817 0.367954 0.369333 0.369846 0.369998 0.370000 0.370000 0.370000 0.370000 0.370000 0.370000 0.370000 0.370000 0.370000 0.369916 0.369673 0.368768 0.366560 0.364634 0.362034 0.316258 0.287819 0.266732 0.261670 -9999.0 -9999.0 -9999.0 -9999.0 -9999.0
-9999.0 0.231796 0.240908 0.246394 0.276817 0.363824 0.369624 0.370000 0.370000 0.370000 0.369968 0.370000 0.370000 0.370000 0.370000 0.370000 0.370000 0.370000 0.370000 0.369999 0.369990 0.369948 0.369929 0.369822 0.369458 0.369000 0.368644 0.368170 0.366650 0.364890 0.354500 0.326881 0.295097 0.278242 0.269325 0.260868 0.253206 0.253517 0.256003 0.254070 0.252039 0.249694 0.252461 0.253623 0.254836 0.253205 0.253419 0.256947 0.262864 0.270146 0.281731 0.296668 0.315450 0.362288 0.364498 0.366474 0.367923 0.369346 0.369977 0.370000 0.370000 0.370000 0.370000 0.370000 0.370000 0.370000 0.370000 0.369999 0.369781 0.369131 0.368531 0.366866 0.364486 -9999.0 -9999.0 -9999.0 -9999.0 -9999.0 -9999.0 -9999.0
-9999.0 0.228844 0.238841 0.239745 0.250018 0.273053 0.312815 0.365247 0.369706 0.366477 0.366084 0.366864 0.367769 0.368341 0.367673 0.366704 0.365904 0.366127 0.366310 0.365475 0.364467 0.363863 0.363587 0.359230 0.331740 0.319303 0.313544 0.303911 0.292169 0.279080 0.261429 0.254167 0.249306 0.247951 0.246900 0.245705 0.242917 0.244648 0.245867 0.245586 0.244708 0.243972 0.246084 0.246687 0.247322 0.245241 0.246554 0.247488 0.249846 0.252165 0.255604 0.260941 0.268295 0.274125 0.279821 0.288665 0.302392 0.347898 0.365114 0.368710 0.369861 0.369998 0.370000 0.370000 0.370000 0.370000 0.370000 0.370000 0.370000 0.369938 0.369742 -9999.0 -9999.0 -9999.0 -9999.0 -9999.0 -9999.0 -9999.0 -9999.0 -9999.0
-9999.0 -9999.0 0.226722 0.230675 0.234035 0.237238 0.241857 0.248832 0.253268 0.259972 0.269602 0.280709 0.288053 0.291637 0.286757 0.277165 0.271902 0.272460 0.271052 0.268284 0.263021 0.260675 0.259195 0.258055 0.256046 0.255298 0.255045 0.254478 0.253135 0.249780 0.246986 0.245172 0.242934 0.243315 0.243057 0.242246 0.243128 0.242921 0.243138 0.242986 0.243193 0.243575 0.243957 0.244544 0.244487 0.244649 0.244789 0.245364 0.246227 0.247323 0.249724 0.253435 0.256251 0.256853 0.255124 0.255606 0.257725 0.263024 0.283571 0.319080 0.363604 0.367017 0.369322 0.369897 0.369991 0.369997 0.370000 0.370000 0.370000 0.370000 -9999.0 -9999.0 -9999.0 -9999.0 -9999.0 -9999.0 -9999.0 -9999.0 -9999.0 -9999.0
-9999.0 -9999.0 -9999.0 -9999.0 0.224936 0.230570 0.235819 0.235119 0.238756 0.240720 0.242407 0.244484 0.246189 0.247389 0.245703 0.245476 0.245252 0.245579 0.245280 0.244885 0.244749 0.244525 0.244329 0.243971 0.244175 0.244579 0.244722 0.244109 0.244271 0.243133 0.243193 0.242635 0.242072 0.241294 0.241562 0.241504 0.241924 0.241495 0.242134 0.241697 0.242141 0.242287 0.242773 0.243623 0.243141 0.243631 0.243577 0.244175 0.244183 0.245673 0.248187 0.251143 0.253147 0.252970 0.250104 0.249050 0.248283 0.249940 0.252627 0.259017 0.278973 0.299685 0.348558 0.364278 0.366025 0.367744 0.369570 0.369995 -9999.0 -9999.0 -9999.0 -9999.0 -9999.0 -9999.0 -9999.0 -9999.0 -9999.0 -9999.0 -9999.0 -9999.0
-9999.0 -9999.0 -9999.0 -9999.0 -9999.0 -9999.0 0.227477 0.230316 0.229356 0.231406 0.233169 0.234471 0.236587 0.236169 0.236807 0.238613 0.238381 0.237564 0.236502 0.238111 0.238811 0.239009 0.237287 0.237822 0.238004 0.238669 0.238599 0.238947 0.237486 0.239349 0.240277 0.240035 0.239810 0.240228 0.239867 0.241019 0.241157 0.240250 0.239957 0.241226 0.241532 0.241272 0.241424 0.242181 0.243356 0.243466 0.242837 0.241923 0.242982 0.245507 0.248216 0.250539 0.252060 0.252677 0.250407 0.247244 0.245654 0.245298 0.246358 0.248412 0.254127 0.258017 0.261406 0.267838 0.273776 0.301682 -9999.0 -9999.0 -9999.0 -9999.0 -9999.0 -9999.0 -9999.0 -9999.0 -9999.0 -9999.0 -9999.0 -9999.0 -9999.0 -9999.0
-9999.0 -9999.0 -9999.0 -9999.0 -9999.0 -9999.0 -9999.0 -9999.0 -9999.0 -9999.0 -9999.0 -9999.0 -9999.0 -9999.0 -9999.0 -9999.0 -9999.0 -9999.0 -9999.0 -9999.0 -9999.0 -9999.0 -9999.0 -9999.0 -9999.0 -9999.0 -9999.0 -9999.0 -9999.0 -9999.0 -9999.0 -9999.0 -9999.0 -9999.0 -9999.0 -9999.0 -9999.0 -9999.0 -9999.0 -9999.0 -9999.0 -9999.0 -9999.0 -9999.0 -9999.0 -9999.0 -9999.0 -9999.0 -9999.0 -9999.0 -9999.0 -9999.0 -9999.0 -9999.0 -9999.0 -9999.0 -9999.0 -9999.0 -9999.0 -9999.0 -9999.0 -9999.0 -9999.0 -9999.0 -9999.0 -9999.0 -9999.0 -9999.0 -9999.0 -9999.0 -9999.0 -9999.0 -9999.0 -9999.0 -9999.0 -9999.0 -9999.0 -9999.0 -9999.0 -9999.0
-9999.0 -9999.0 -9999.0 -9999.0 -9999.0 -9999.0 -9999.0 -9999.0 -9999.0 -9999.0 -9999.0 -9999.0 -9999.0 -9999.0 -9999.0 -9999.0 -9999.0 -9999.0 -9999.0 -9999.0 -9999.0 -9999.0 -9999.0 -9999.0 -9999.0 -9999.0 -9999.0 -9999.0 -9999.0 -9999.0 -9999.0 -9999.0 -9999.0 -9999.0 -9999.0 -9999.0 -9999.0 -9999.0 -9999.0 -9999.0 -9999.0 -9999.0 -9999.0 -9999.0 -9999.0 -9999.0 -9999.0 -9999.0 -9999.0 -9999.0 -9999.0 -9999.0 -9999.0 -9999.0 -9999.0 -9999.0 -9999.0 -9999.0 -9999.0 -9999.0 -9999.0 -9999.0 -9999.0 -9999.0 -9999.0 -9999.0 -9999.0 -9999.0 -9999.0 -9999.0 -9999.0 -9999.0 -9999.0 -9999.0 -9999.0 -9999.0 -9999.0 -9999.0 -9999.0 -9999.0