Borden_/Borden1m_014/output_maps/thetasurfN0027.asc
ncols         80
nrows         18
xllcorner     620200.000000
yllcorner     5168000.000000
cellsize      1.000000
NODATA_value  -9999.0
-9999.0 -9999.0 -9999.0 -9999.0 -9999.0 -9999.0 -9999.0 -9999.0 -9999.0 -9999.0 -9999.0 -9999.0 -9999.0 -9999.0 -9999.0 -9999.0 -9999.0 -9999.0 -9999.0 -9999.0 -9999.0 -9999.0 -9999.0 -9999.0 -9999.0 -9999.0 -9999.0 -9999.0 -9999.0 -9999.0 -9999.0 -9999.0 -9999.0 -9999.0 -9999.0 -9999.0 -9999.0 -9999.0 -9999.0 -9999.0 -9999.0 -9999.0 -9999.0 -9999.0 -9999.0 -9999.0 -9999.0 -9999.0 -9999.0 -9999.0 -9999.0 -9999.0 -9999.0 -9999.0 -9999.0 -9999.0 -9999.0 -9999.0 -9999.0 -9999.0 -9999.0 -9999.0 -9999.0 -9999.0 -9999.0 -9999.0 -9999.0 -9999.0 -9999.0 -9999.0 -9999.0 -9999.0 -9999.0 -9999.0 -9999.0 -9999.0 -9999.0 -9999.0 -9999.0 -9999.0
-9999.0 -9999.0 -9999.0 -9999.0 -9999.0 -9999.0 -9999.0 -9999.0 -9999.0 -9999.0 -9999.0 -9999.0 -9999.0 -9999.0 -9999.0 -9999.0 -9999.0 -9999.0 -9999.0 -9999.0 -9999.0 -9999.0 -9999.0 -9999.0 -9999.0 -9999.0 -9999.0 -9999.0 -9999.0 -9999.0 -9999.0 -9999.0 -9999.0 -9999.0 -9999.0 -9999.0 -9999.0 -9999.0 -9999.0 -9999.0 -9999.0 -9999.0 -9999.0 -9999.0 -9999.0 -9999.0 -9999.0 -9999.0 -9999.0 -9999.0 -9999.0 -9999.0 -9999.0 -9999.0 -9999.0 -9999.0 -9999.0 -9999.0 -9999.0 -9999.0 -9999.0 -9999.0 -9999.0 -9999.0 -9999.0 -9999.0 -9999.0 -9999.0 -9999.0 -9999.0 -9999.0 -9999.0 -9999.0 -9999.0 -9999.0 -9999.0 -9999.0 -9999.0 -9999.0 -9999.0
-9999.0 -9999.0 -9999.0 -9999.0 -9999.0 -9999.0 -9999.0 -9999.0 -9999.0 -9999.0 -9999.0 -9999.0 -9999.0 -9999.0 -9999.0 -9999.0 -9999.0 -9999.0 -9999.0 -9999.0 0.191463 0.192090 0.190766 0.189292 0.188061 0.187901 0.189280 0.190881 0.192757 0.193144 0.191604 0.191976 0.191364 0.191035 0.191012 0.191428 0.191620 0.192231 0.192621 0.192443 0.191980 0.191649 0.191326 0.191427 0.191952 0.191258 0.192298 0.193334 0.193707 0.193700 0.192289 0.191709 0.191506 0.190325 0.192471 0.193107 0.194730 0.194886 0.195199 0.193369 0.191606 -9999.0 -9999.0 -9999.0 -9999.0 -9999.0 -9999.0 -9999.0 -9999.0 -9999.0 -9999.0 -9999.0 -9999.0 -9999.0 -9999.0 -9999.0 -9999.0 -9999.0 -9999.0 -9999.0
-9999.0 -9999.0 -9999.0 -9999.0 -9999.0 -9999.0 -9999.0 -9999.0 -9999.0 -9999.0 -9999.0 -9999.0 -9999.0 -9999.0 0.189114 0.188405 0.188076 0.187861 0.189095 0.190060 0.190082 0.189341 0.189952 0.188539 0.187310 0.188060 0.189114 0.189977 0.191449 0.192616 0.191530 0.191264 0.191852 0.193969 0.194934 0.194488 0.192009 0.194315 0.195517 0.196319 0.196219 0.195072 0.196696 0.198606 0.197627 0.195625 0.196013 0.197112 0.198998 0.198000 0.191870 0.191249 0.191564 0.191690 0.190899 0.190316 0.192475 0.192165 0.191811 0.191441 0.190213 0.188237 0.187366 0.189412 0.191266 0.195220 -9999.0 -9999.0 -9999.0 -9999.0 -9999.0 -9999.0 -9999.0 -9999.0 -9999.0 -9999.0 -9999.0 -9999.0 -9999.0 -9999.0
-9999.0 -9999.0 -9999.0 -9999.0 -9999.0 -9999.0 -9999.0 -9999.0 -9999.0 0.188011 0.187800 0.187987 0.187513 0.188113 0.187082 0.187313 0.187132 0.187958 0.188627 0.189814 0.191448 0.190224 0.190069 0.190959 0.191110 0.191453 0.192172 0.194948 0.198267 0.203722 0.199092 0.198904 0.201403 0.211334 0.221209 0.224537 0.219034 0.218937 0.225626 0.234315 0.234495 0.233693 0.243742 0.250324 0.255324 0.245043 0.235516 0.234031 0.246261 0.226157 0.211261 0.200405 0.201028 0.197565 0.193932 0.192614 0.192112 0.194659 0.193683 0.191398 0.189585 0.190188 0.189177 0.190152 0.190833 0.193805 0.196564 0.199343 0.199487 0.197700 -9999.0 -9999.0 -9999.0 -9999.0 -9999.0 -9999.0 -9999.0 -9999.0 -9999.0 -9999.0
-9999.0 -9999.0 -9999.0 -9999.0 -9999.0 -9999.0 0.186854 0.186753 0.187122 0.185871 0.186714 0.186097 0.186725 0.186990 0.187384 0.187390 0.188466 0.189404 0.191048 0.193308 0.195481 0.194332 0.194903 0.198152 0.205053 0.211981 0.216487 0.225114 0.260451 0.302372 0.319381 0.327175 0.335914 0.346690 0.360330 0.367786 0.359616 0.355179 0.358522 0.364864 0.369501 0.369517 0.369588 0.369674 0.369876 0.369853 0.365477 0.361627 0.360098 0.358560 0.348899 0.333154 0.290581 0.249294 0.220690 0.208267 0.206057 0.207761 0.203068 0.197225 0.193918 0.193912 0.193288 0.192096 0.192624 0.193819 0.195732 0.196953 0.196021 0.194778 0.193861 0.191897 0.192207 0.194121 -9999.0 -9999.0 -9999.0 -9999.0 -9999.0 -9999.0
-9999.0 -9999.0 -9999.0 -9999.0 0.184975 0.185532 0.183855 0.184776 0.185489 0.186016 0.185994 0.186980 0.187234 0.187933 0.189484 0.190736 0.193009 0.194747 0.199869 0.211799 0.224862 0.233811 0.239780 0.289024 0.336712 0.350061 0.353568 0.358680 0.365593 0.369909 0.369881 0.369980 0.369993 0.369999 0.370000 0.370000 0.370000 0.370000 0.370000 0.370000 0.370000 0.370000 0.370000 0.370000 0.370000 0.370000 0.370000 0.370000 0.370000 0.369993 0.369999 0.369952 0.367944 0.364842 0.361557 0.354189 0.337543 0.324666 0.267836 0.235800 0.215592 0.209192 0.203498 0.200744 0.197219 0.197807 0.198744 0.196990 0.194796 0.192766 0.192534 0.191672 0.190703 0.193147 0.194010 0.196760 -9999.0 -9999.0 -9999.0 -9999.0
-9999.0 -9999.0 0.184919 0.184949 0.186453 0.185491 0.184951 0.184139 0.184441 0.185878 0.188717 0.189957 0.191976 0.193038 0.197971 0.211984 0.231716 0.252028 0.309200 0.341629 0.355537 0.362948 0.369258 0.369785 0.369967 0.369999 0.370000 0.370000 0.370000 0.370000 0.370000 0.370000 0.370000 0.370000 0.370000 0.370000 0.370000 0.370000 0.370000 0.370000 0.370000 0.370000 0.370000 0.370000 0.370000 0.370000 0.370000 0.370000 0.370000 0.370000 0.370000 0.370000 0.370000 0.370000 0.370000 0.369999 0.369949 0.368296 0.366309 0.361600 0.345962 0.331466 0.286063 0.242395 0.221538 0.213000 0.205193 0.200669 0.196747 0.193294 0.192280 0.191683 0.192158 0.191809 0.193112 0.194105 0.195612 0.196183 -9999.0 -9999.0
-9999.0 0.184552 0.184011 0.186697 0.187094 0.187637 0.188458 0.189163 0.189893 0.188730 0.196818 0.215149 0.238033 0.248840 0.298210 0.348852 0.369337 0.369777 0.369911 0.369989 0.370000 0.370000 0.370000 0.370000 0.370000 0.370000 0.370000 0.370000 0.370000 0.370000 0.370000 0.370000 0.370000 0.370000 0.370000 0.370000 0.370000 0.370000 0.370000 0.370000 0.370000 0.370000 0.370000 0.370000 0.369999 0.370000 0.370000 0.370000 0.370000 0.369999 0.370000 0.370000 0.370000 0.370000 0.370000 0.370000 0.370000 0.370000 0.370000 0.369999 0.369668 0.367924 0.363187 0.350793 0.333536 0.281540 0.235424 0.217218 0.205402 0.201325 0.198882 0.194036 0.192821 0.193828 0.193199 0.193128 0.193716 0.194173 -9999.0 -9999.0
-9999.0 0.182151 0.184565 0.187416 0.191100 0.191647 0.206178 0.221937 0.228186 0.219340 0.271876 0.369450 0.369943 0.369945 0.369997 0.370000 0.370000 0.370000 0.370000 0.370000 0.370000 0.370000 0.370000 0.370000 0.370000 0.370000 0.370000 0.370000 0.370000 0.370000 0.370000 0.370000 0.370000 0.369997 0.369979 0.369960 0.369890 0.368806 0.366429 0.363287 0.361352 0.364123 0.362736 0.359809 0.359144 0.362998 0.366607 0.366143 0.366640 0.368134 0.369478 0.369989 0.369997 0.370000 0.370000 0.370000 0.370000 0.370000 0.370000 0.370000 0.370000 0.370000 0.369998 0.369504 0.366499 0.354924 0.340841 0.325446 0.265595 0.236362 0.219769 0.207627 0.199807 0.198129 0.194623 0.194081 -9999.0 -9999.0 -9999.0 -9999.0
-9999.0 0.182198 0.184602 0.190196 0.205318 0.234215 0.336131 0.365849 0.369995 0.369887 0.370000 0.370000 0.370000 0.370000 0.370000 0.370000 0.370000 0.370000 0.370000 0.370000 0.370000 0.370000 0.370000 0.370000 0.370000 0.370000 0.370000 0.370000 0.369858 0.369479 0.368819 0.368157 0.365871 0.352365 0.343712 0.336234 0.295556 0.282161 0.268934 0.247798 0.239532 0.234647 0.241316 0.239513 0.238868 0.243209 0.255615 0.267580 0.308945 0.333197 0.344334 0.356532 0.362491 0.367125 0.369278 0.369993 0.369999 0.370000 0.370000 0.370000 0.370000 0.370000 0.370000 0.370000 0.369999 0.369462 0.367832 0.361626 0.349879 0.337540 0.325872 0.280820 0.232939 0.209512 0.204068 -9999.0 -9999.0 -9999.0 -9999.0 -9999.0
-9999.0 0.179124 0.184990 0.189613 0.218314 0.341493 0.363240 0.370000 0.370000 0.370000 0.369864 0.369999 0.370000 0.370000 0.370000 0.369999 0.369999 0.369999 0.370000 0.369995 0.369736 0.369505 0.369471 0.369208 0.368464 0.367463 0.366384 0.364255 0.355420 0.345402 0.325086 0.300881 0.244230 0.220870 0.211041 0.203275 0.196660 0.196786 0.198788 0.196988 0.195129 0.193203 0.195503 0.196564 0.197610 0.196324 0.196686 0.200009 0.205941 0.213079 0.225564 0.247362 0.284835 0.331379 0.341496 0.354688 0.362875 0.367563 0.369717 0.370000 0.370000 0.370000 0.370000 0.370000 0.370000 0.370000 0.369999 0.369630 0.365828 0.360859 0.356816 0.349913 0.336573 -9999.0 -9999.0 -9999.0 -9999.0 -9999.0 -9999.0 -9999.0
-9999.0 0.177182 0.183572 0.184826 0.193254 0.214946 0.270299 0.343300 0.369288 0.355682 0.351914 0.357061 0.361835 0.364549 0.361561 0.355950 0.351080 0.352110 0.352614 0.347383 0.339970 0.336450 0.336112 0.331928 0.309148 0.290243 0.278513 0.259272 0.238914 0.221768 0.204440 0.197417 0.192863 0.191324 0.190227 0.189088 0.186917 0.188084 0.189002 0.188751 0.188048 0.187511 0.189103 0.189649 0.190161 0.188665 0.189687 0.190618 0.192770 0.195047 0.198471 0.203902 0.211632 0.218062 0.223482 0.234723 0.258816 0.320122 0.348228 0.365770 0.369388 0.369990 0.370000 0.370000 0.370000 0.370000 0.370000 0.370000 0.367853 0.365912 0.365241 -9999.0 -9999.0 -9999.0 -9999.0 -9999.0 -9999.0 -9999.0 -9999.0 -9999.0
-9999.0 -9999.0 0.176057 0.178726 0.181263 0.183750 0.187307 0.192274 0.196171 0.201738 0.211031 0.223339 0.232855 0.237876 0.231195 0.219569 0.213665 0.214092 0.212612 0.209681 0.204788 0.203014 0.201886 0.200992 0.199111 0.198330 0.198008 0.197344 0.195904 0.192820 0.190209 0.188504 0.186656 0.186736 0.186440 0.185792 0.186282 0.186164 0.186338 0.186234 0.186357 0.186633 0.186983 0.187460 0.187474 0.187594 0.187771 0.188313 0.189155 0.190273 0.192529 0.196007 0.198829 0.199551 0.198082 0.198600 0.200787 0.206355 0.227989 0.288210 0.340314 0.358012 0.367193 0.369218 0.369617 0.369985 0.370000 0.369562 0.360875 0.362637 -9999.0 -9999.0 -9999.0 -9999.0 -9999.0 -9999.0 -9999.0 -9999.0 -9999.0 -9999.0
-9999.0 -9999.0 -9999.0 -9999.0 0.175213 0.178745 0.182015 0.181711 0.184080 0.185470 0.186830 0.188544 0.189965 0.190957 0.189630 0.189244 0.188961 0.189180 0.188930 0.188557 0.188354 0.188148 0.187981 0.187692 0.187783 0.188031 0.188103 0.187621 0.187634 0.186669 0.186511 0.185975 0.185455 0.184864 0.184982 0.184898 0.185156 0.184885 0.185312 0.185037 0.185347 0.185486 0.185873 0.186504 0.186237 0.186604 0.186621 0.187118 0.187301 0.188631 0.190866 0.193572 0.195491 0.195411 0.192965 0.192001 0.191467 0.193015 0.195797 0.202256 0.222354 0.253675 0.321471 0.341059 0.349854 0.360280 0.366362 0.367349 -9999.0 -9999.0 -9999.0 -9999.0 -9999.0 -9999.0 -9999.0 -9999.0 -9999.0 -9999.0 -9999.0 -9999.0
-9999.0 -9999.0 -9999.0 -9999.0 -9999.0 -9999.0 0.176580 0.178276 0.177861 0.179026 0.180042 0.180889 0.182291 0.182030 0.182368 0.183502 0.183310 0.182773 0.182104 0.183111 0.183512 0.183629 0.182517 0.182822 0.182917 0.183357 0.183312 0.183502 0.182522 0.183631 0.184156 0.183935 0.183722 0.183931 0.183676 0.184403 0.184489 0.183909 0.183750 0.184575 0.184799 0.184672 0.184834 0.185402 0.186246 0.186360 0.185968 0.185428 0.186313 0.188352 0.190716 0.192894 0.194376 0.194893 0.192858 0.190217 0.188942 0.188785 0.189869 0.192004 0.197454 0.201644 0.205498 0.211008 0.217695 0.259034 -9999.0 -9999.0 -9999.0 -9999.0 -9999.0 -9999.0 -9999.0 -9999.0 -9999.0 -9999.0 -9999.0 -9999.0 -9999.0 -9999.0
-9999.0 -9999.0 -9999.0 -9999.0 -9999.0 -9999.0 -9999.0 -9999.0 -9999.0 -9999.0 -9999.0 -9999.0 -9999.0 -9999.0 -9999.0 -9999.0 -9999.0 -9999.0 -9999.0 -9999.0 -9999.0 -9999.0 -9999.0 -9999.0 -9999.0 -9999.0 -9999.0 -9999.0 -9999.0 -9999.0 -9999.0 -9999.0 -9999.0 -9999.0 -9999.0 -9999.0 -9999.0 -9999.0 -9999.0 -9999.0 -9999.0 -9999.0 -9999.0 -9999.0 -9999.0 -9999.0 -9999.0 -9999.0 -9999.0 -9999.0 -9999.0 -9999.0 -9999.0 -9999.0 -9999.0 -9999.0 -9999.0 -9999.0 -9999.0 -9999.0 -9999.0 -9999.0 -9999.0 -9999.0 -9999.0 -9999.0 -9999.0 -9999.0 -9999.0 -9999.0 -9999.0 -9999.0 -9999.0 -9999.0 -9999.0 -9999.0 -9999.0 -9999.0 -9999.0 -9999.0
-9999.0 -9999.0 -9999.0 -9999.0 -9999.0 -9999.0 -9999.0 -9999.0 -9999.0 -9999.0 -9999.0 -9999.0 -9999.0 -9999.0 -9999.0 -9999.0 -9999.0 -9999.0 -9999.0 -9999.0 -9999.0 -9999.0 -9999.0 -9999.0 -9999.0 -9999.0 -9999.0 -9999.0 -9999.0 -9999.0 -9999.0 -9999.0 -9999.0 -9999.0 -9999.0 -9999.0 -9999.0 -9999.0 -9999.0 -9999.0 -9999.0 -9999.0 -9999.0 -9999.0 -9999.0 -9999.0 -9999.0 -9999.0 -9999.0 -9999.0 -9999.0 -9999.0 -9999.0 -9999.0 -9999.0 -9999.0 -9999.0 -9999.0 -9999.0 -9999.0 -9999.0 -9999.0 -9999.0 -9999.0 -9999.0 -9999.0 -9999.0 -9999.0 -9999.0 -9999.0 -9999.0 -9999.0 -9999.0 -9999.0 -9999.0 -9999.0 -9999.0 -9999.0 -9999.0 -9999.0