Borden_/Borden1m_014/output_maps/thetaliqL0006N0031.asc
ncols         80
nrows         18
xllcorner     620200.000000
yllcorner     5168000.000000
cellsize      1.000000
NODATA_value  -9999.0
-9999.0 -9999.0 -9999.0 -9999.0 -9999.0 -9999.0 -9999.0 -9999.0 -9999.0 -9999.0 -9999.0 -9999.0 -9999.0 -9999.0 -9999.0 -9999.0 -9999.0 -9999.0 -9999.0 -9999.0 -9999.0 -9999.0 -9999.0 -9999.0 -9999.0 -9999.0 -9999.0 -9999.0 -9999.0 -9999.0 -9999.0 -9999.0 -9999.0 -9999.0 -9999.0 -9999.0 -9999.0 -9999.0 -9999.0 -9999.0 -9999.0 -9999.0 -9999.0 -9999.0 -9999.0 -9999.0 -9999.0 -9999.0 -9999.0 -9999.0 -9999.0 -9999.0 -9999.0 -9999.0 -9999.0 -9999.0 -9999.0 -9999.0 -9999.0 -9999.0 -9999.0 -9999.0 -9999.0 -9999.0 -9999.0 -9999.0 -9999.0 -9999.0 -9999.0 -9999.0 -9999.0 -9999.0 -9999.0 -9999.0 -9999.0 -9999.0 -9999.0 -9999.0 -9999.0 -9999.0
-9999.0 -9999.0 -9999.0 -9999.0 -9999.0 -9999.0 -9999.0 -9999.0 -9999.0 -9999.0 -9999.0 -9999.0 -9999.0 -9999.0 -9999.0 -9999.0 -9999.0 -9999.0 -9999.0 -9999.0 -9999.0 -9999.0 -9999.0 -9999.0 -9999.0 -9999.0 -9999.0 -9999.0 -9999.0 -9999.0 -9999.0 -9999.0 -9999.0 -9999.0 -9999.0 -9999.0 -9999.0 -9999.0 -9999.0 -9999.0 -9999.0 -9999.0 -9999.0 -9999.0 -9999.0 -9999.0 -9999.0 -9999.0 -9999.0 -9999.0 -9999.0 -9999.0 -9999.0 -9999.0 -9999.0 -9999.0 -9999.0 -9999.0 -9999.0 -9999.0 -9999.0 -9999.0 -9999.0 -9999.0 -9999.0 -9999.0 -9999.0 -9999.0 -9999.0 -9999.0 -9999.0 -9999.0 -9999.0 -9999.0 -9999.0 -9999.0 -9999.0 -9999.0 -9999.0 -9999.0
-9999.0 -9999.0 -9999.0 -9999.0 -9999.0 -9999.0 -9999.0 -9999.0 -9999.0 -9999.0 -9999.0 -9999.0 -9999.0 -9999.0 -9999.0 -9999.0 -9999.0 -9999.0 -9999.0 -9999.0 0.153901 0.155546 0.144019 0.129566 0.119604 0.120046 0.132356 0.150523 0.171269 0.177798 0.166481 0.167013 0.163794 0.163785 0.165569 0.168942 0.170275 0.177577 0.183179 0.183042 0.178932 0.175119 0.174007 0.176343 0.179519 0.174207 0.182955 0.193684 0.198600 0.194941 0.176387 0.166690 0.162262 0.154674 0.168713 0.176876 0.192678 0.196047 0.195552 0.177377 0.159557 -9999.0 -9999.0 -9999.0 -9999.0 -9999.0 -9999.0 -9999.0 -9999.0 -9999.0 -9999.0 -9999.0 -9999.0 -9999.0 -9999.0 -9999.0 -9999.0 -9999.0 -9999.0 -9999.0
-9999.0 -9999.0 -9999.0 -9999.0 -9999.0 -9999.0 -9999.0 -9999.0 -9999.0 -9999.0 -9999.0 -9999.0 -9999.0 -9999.0 0.117790 0.114663 0.113674 0.115967 0.126809 0.138467 0.144100 0.140448 0.140235 0.130324 0.122947 0.127732 0.139213 0.153945 0.173184 0.186541 0.177658 0.175696 0.182737 0.203193 0.215335 0.213360 0.196666 0.213765 0.227277 0.235859 0.235119 0.227944 0.241035 0.255433 0.249843 0.234373 0.236271 0.245876 0.259011 0.245030 0.192657 0.177722 0.176145 0.172309 0.164754 0.161208 0.176282 0.177366 0.172513 0.162233 0.145785 0.127505 0.121545 0.135938 0.157471 0.194278 -9999.0 -9999.0 -9999.0 -9999.0 -9999.0 -9999.0 -9999.0 -9999.0 -9999.0 -9999.0 -9999.0 -9999.0 -9999.0 -9999.0
-9999.0 -9999.0 -9999.0 -9999.0 -9999.0 -9999.0 -9999.0 -9999.0 -9999.0 0.103632 0.104270 0.105730 0.105980 0.109593 0.109092 0.110694 0.112704 0.120084 0.130732 0.145530 0.160220 0.154362 0.154225 0.160939 0.165330 0.173271 0.186756 0.217192 0.254115 0.290912 0.268016 0.267023 0.285304 0.326695 0.350157 0.354997 0.346658 0.347646 0.357934 0.364411 0.364920 0.364894 0.367738 0.368602 0.368895 0.367822 0.365394 0.364758 0.367543 0.358303 0.325057 0.278456 0.275584 0.246630 0.210622 0.192821 0.190587 0.207383 0.196171 0.171286 0.151074 0.146925 0.139647 0.147326 0.159437 0.189232 0.218129 0.241760 0.242578 0.228757 -9999.0 -9999.0 -9999.0 -9999.0 -9999.0 -9999.0 -9999.0 -9999.0 -9999.0 -9999.0
-9999.0 -9999.0 -9999.0 -9999.0 -9999.0 -9999.0 0.090648 0.091729 0.094479 0.095305 0.099307 0.100622 0.104701 0.109050 0.114164 0.118998 0.129444 0.142637 0.163941 0.192685 0.217658 0.214810 0.223347 0.254960 0.296506 0.324264 0.340164 0.357939 0.369030 0.369874 0.369952 0.369971 0.369985 0.369999 0.370000 0.370000 0.370000 0.370000 0.370000 0.370000 0.370000 0.370000 0.370000 0.370000 0.370000 0.370000 0.370000 0.370000 0.370000 0.370000 0.370000 0.369977 0.369740 0.368114 0.350148 0.312433 0.307381 0.315968 0.289486 0.242822 0.206980 0.198876 0.188612 0.179145 0.182909 0.196924 0.215283 0.224922 0.215812 0.200891 0.185022 0.167156 0.168408 0.184858 -9999.0 -9999.0 -9999.0 -9999.0 -9999.0 -9999.0
-9999.0 -9999.0 -9999.0 -9999.0 0.085171 0.086344 0.085173 0.087476 0.091226 0.095952 0.101667 0.109897 0.117067 0.126472 0.143425 0.163661 0.192532 0.219831 0.269139 0.327460 0.356157 0.364102 0.366998 0.369739 0.369989 0.370000 0.370000 0.370000 0.370000 0.370000 0.370000 0.370000 0.370000 0.370000 0.370000 0.370000 0.370000 0.370000 0.370000 0.370000 0.370000 0.370000 0.370000 0.370000 0.370000 0.370000 0.370000 0.370000 0.370000 0.370000 0.370000 0.370000 0.370000 0.370000 0.370000 0.370000 0.369990 0.369955 0.369316 0.365079 0.340950 0.321628 0.294159 0.270326 0.242773 0.242866 0.245429 0.229823 0.206795 0.184635 0.175460 0.164647 0.159393 0.177508 0.189616 0.212767 -9999.0 -9999.0 -9999.0 -9999.0
-9999.0 -9999.0 0.080577 0.084512 0.090475 0.091504 0.091785 0.092324 0.096194 0.105676 0.128663 0.152107 0.179152 0.200288 0.251069 0.325047 0.362406 0.368608 0.369891 0.369997 0.370000 0.370000 0.370000 0.370000 0.370000 0.370000 0.370000 0.370000 0.370000 0.370000 0.370000 0.370000 0.370000 0.370000 0.370000 0.370000 0.370000 0.370000 0.370000 0.370000 0.370000 0.370000 0.370000 0.370000 0.370000 0.370000 0.370000 0.370000 0.370000 0.370000 0.370000 0.370000 0.370000 0.370000 0.370000 0.370000 0.370000 0.370000 0.370000 0.370000 0.369999 0.369974 0.369659 0.367297 0.354822 0.336122 0.302047 0.268526 0.231475 0.197413 0.181976 0.170846 0.170113 0.171087 0.181680 0.192770 0.204275 0.210337 -9999.0 -9999.0
-9999.0 0.075544 0.079021 0.090223 0.102907 0.113443 0.126546 0.138512 0.149094 0.154847 0.232177 0.327811 0.364913 0.368219 0.369808 0.370000 0.370000 0.370000 0.370000 0.370000 0.370000 0.370000 0.370000 0.370000 0.370000 0.370000 0.370000 0.370000 0.370000 0.370000 0.370000 0.370000 0.370000 0.370000 0.370000 0.370000 0.370000 0.370000 0.370000 0.370000 0.370000 0.370000 0.370000 0.370000 0.370000 0.370000 0.370000 0.370000 0.370000 0.370000 0.370000 0.370000 0.370000 0.370000 0.370000 0.370000 0.370000 0.370000 0.370000 0.370000 0.370000 0.370000 0.370000 0.370000 0.369985 0.369580 0.365606 0.347698 0.305821 0.273992 0.247949 0.206228 0.189655 0.191472 0.185550 0.184326 0.189247 0.193938 -9999.0 -9999.0
-9999.0 0.073293 0.079184 0.099615 0.144210 0.179089 0.279809 0.342055 0.355038 0.346218 0.369234 0.370000 0.370000 0.370000 0.370000 0.370000 0.370000 0.370000 0.370000 0.370000 0.370000 0.370000 0.370000 0.370000 0.370000 0.370000 0.370000 0.370000 0.370000 0.370000 0.370000 0.370000 0.370000 0.370000 0.370000 0.370000 0.370000 0.370000 0.370000 0.370000 0.370000 0.370000 0.370000 0.370000 0.370000 0.370000 0.370000 0.370000 0.370000 0.370000 0.370000 0.370000 0.370000 0.370000 0.370000 0.370000 0.370000 0.370000 0.370000 0.370000 0.370000 0.370000 0.370000 0.370000 0.370000 0.370000 0.369995 0.369928 0.368913 0.364512 0.348662 0.311408 0.262543 0.238685 0.207902 0.192653 -9999.0 -9999.0 -9999.0 -9999.0
-9999.0 0.071869 0.078494 0.116023 0.268870 0.359118 0.369985 0.370000 0.370000 0.370000 0.370000 0.370000 0.370000 0.370000 0.370000 0.370000 0.370000 0.370000 0.370000 0.370000 0.370000 0.370000 0.370000 0.370000 0.370000 0.370000 0.370000 0.370000 0.370000 0.370000 0.370000 0.370000 0.370000 0.370000 0.369998 0.369987 0.369797 0.369625 0.369320 0.368000 0.366250 0.364289 0.366546 0.366329 0.366300 0.367282 0.368712 0.369339 0.369889 0.369982 0.369999 0.370000 0.370000 0.370000 0.370000 0.370000 0.370000 0.370000 0.370000 0.370000 0.370000 0.370000 0.370000 0.370000 0.370000 0.370000 0.370000 0.370000 0.369999 0.369984 0.369911 0.369282 0.362536 0.312956 0.279888 -9999.0 -9999.0 -9999.0 -9999.0 -9999.0
-9999.0 0.069758 0.075275 0.106112 0.309463 0.369992 0.370000 0.370000 0.370000 0.370000 0.370000 0.370000 0.370000 0.370000 0.370000 0.370000 0.370000 0.370000 0.370000 0.370000 0.370000 0.370000 0.370000 0.370000 0.370000 0.370000 0.370000 0.370000 0.370000 0.369999 0.369945 0.369803 0.367116 0.349687 0.321362 0.282769 0.236508 0.234013 0.246077 0.231094 0.213008 0.198563 0.217793 0.229428 0.237943 0.230396 0.237970 0.267191 0.307308 0.337006 0.359422 0.368202 0.369706 0.369978 0.369997 0.370000 0.370000 0.370000 0.370000 0.370000 0.370000 0.370000 0.370000 0.370000 0.370000 0.370000 0.370000 0.370000 0.370000 0.370000 0.370000 0.369999 0.369983 -9999.0 -9999.0 -9999.0 -9999.0 -9999.0 -9999.0 -9999.0
-9999.0 0.068705 0.071063 0.079486 0.134311 0.300880 0.368474 0.369990 0.370000 0.370000 0.370000 0.370000 0.370000 0.370000 0.370000 0.370000 0.370000 0.370000 0.370000 0.369999 0.369992 0.369983 0.369982 0.369972 0.369884 0.369727 0.369537 0.368862 0.365821 0.350609 0.295862 0.238883 0.189840 0.165716 0.149098 0.134114 0.119849 0.123431 0.128888 0.127053 0.122521 0.120828 0.131324 0.138673 0.143052 0.136844 0.144786 0.158238 0.183333 0.212807 0.251040 0.295494 0.332944 0.350113 0.357590 0.365390 0.369052 0.369934 0.370000 0.370000 0.370000 0.370000 0.370000 0.370000 0.370000 0.370000 0.370000 0.370000 0.370000 0.370000 0.370000 -9999.0 -9999.0 -9999.0 -9999.0 -9999.0 -9999.0 -9999.0 -9999.0 -9999.0
-9999.0 -9999.0 0.068696 0.070426 0.073845 0.083732 0.105663 0.137455 0.171977 0.230275 0.301317 0.346711 0.360691 0.364027 0.359786 0.343069 0.326773 0.326746 0.320707 0.309246 0.287902 0.278959 0.271154 0.264218 0.251111 0.243852 0.239053 0.229520 0.210777 0.177017 0.146500 0.125036 0.109033 0.103476 0.099227 0.095339 0.094697 0.094550 0.095688 0.095855 0.096625 0.098570 0.102551 0.107117 0.109294 0.110852 0.114137 0.121106 0.132811 0.150646 0.180040 0.219286 0.249217 0.258486 0.250456 0.256156 0.276431 0.314991 0.361493 0.369665 0.369997 0.370000 0.370000 0.370000 0.370000 0.370000 0.370000 0.370000 0.370000 0.370000 -9999.0 -9999.0 -9999.0 -9999.0 -9999.0 -9999.0 -9999.0 -9999.0 -9999.0 -9999.0
-9999.0 -9999.0 -9999.0 -9999.0 0.069029 0.070638 0.072287 0.074500 0.079909 0.088798 0.102403 0.121098 0.139487 0.149799 0.143084 0.138724 0.134651 0.133563 0.130390 0.127807 0.125317 0.122713 0.119490 0.117235 0.116911 0.117859 0.117367 0.113772 0.109886 0.103389 0.098588 0.092965 0.088231 0.085226 0.084057 0.083431 0.083472 0.083056 0.083886 0.084407 0.085789 0.087382 0.090184 0.094022 0.095885 0.098226 0.099959 0.104115 0.111045 0.126972 0.153612 0.186069 0.209000 0.210331 0.189633 0.177833 0.174836 0.192791 0.229643 0.290989 0.356253 0.368789 0.369940 0.369995 0.370000 0.370000 0.370000 0.370000 -9999.0 -9999.0 -9999.0 -9999.0 -9999.0 -9999.0 -9999.0 -9999.0 -9999.0 -9999.0 -9999.0 -9999.0
-9999.0 -9999.0 -9999.0 -9999.0 -9999.0 -9999.0 0.068656 0.069282 0.070170 0.071999 0.074882 0.078824 0.083809 0.085830 0.087281 0.089645 0.088999 0.087186 0.085620 0.087229 0.088124 0.087651 0.085002 0.084849 0.085135 0.086077 0.086001 0.085437 0.083254 0.083853 0.083677 0.081858 0.080064 0.079174 0.078520 0.079100 0.079162 0.078467 0.078636 0.080196 0.081534 0.082557 0.084476 0.087785 0.091671 0.093613 0.093703 0.094605 0.101941 0.119562 0.146554 0.175084 0.194442 0.198512 0.177589 0.152624 0.141075 0.142933 0.158963 0.190922 0.250658 0.292576 0.319470 0.337182 0.353319 0.369125 -9999.0 -9999.0 -9999.0 -9999.0 -9999.0 -9999.0 -9999.0 -9999.0 -9999.0 -9999.0 -9999.0 -9999.0 -9999.0 -9999.0
-9999.0 -9999.0 -9999.0 -9999.0 -9999.0 -9999.0 -9999.0 -9999.0 -9999.0 -9999.0 -9999.0 -9999.0 -9999.0 -9999.0 -9999.0 -9999.0 -9999.0 -9999.0 -9999.0 -9999.0 -9999.0 -9999.0 -9999.0 -9999.0 -9999.0 -9999.0 -9999.0 -9999.0 -9999.0 -9999.0 -9999.0 -9999.0 -9999.0 -9999.0 -9999.0 -9999.0 -9999.0 -9999.0 -9999.0 -9999.0 -9999.0 -9999.0 -9999.0 -9999.0 -9999.0 -9999.0 -9999.0 -9999.0 -9999.0 -9999.0 -9999.0 -9999.0 -9999.0 -9999.0 -9999.0 -9999.0 -9999.0 -9999.0 -9999.0 -9999.0 -9999.0 -9999.0 -9999.0 -9999.0 -9999.0 -9999.0 -9999.0 -9999.0 -9999.0 -9999.0 -9999.0 -9999.0 -9999.0 -9999.0 -9999.0 -9999.0 -9999.0 -9999.0 -9999.0 -9999.0
-9999.0 -9999.0 -9999.0 -9999.0 -9999.0 -9999.0 -9999.0 -9999.0 -9999.0 -9999.0 -9999.0 -9999.0 -9999.0 -9999.0 -9999.0 -9999.0 -9999.0 -9999.0 -9999.0 -9999.0 -9999.0 -9999.0 -9999.0 -9999.0 -9999.0 -9999.0 -9999.0 -9999.0 -9999.0 -9999.0 -9999.0 -9999.0 -9999.0 -9999.0 -9999.0 -9999.0 -9999.0 -9999.0 -9999.0 -9999.0 -9999.0 -9999.0 -9999.0 -9999.0 -9999.0 -9999.0 -9999.0 -9999.0 -9999.0 -9999.0 -9999.0 -9999.0 -9999.0 -9999.0 -9999.0 -9999.0 -9999.0 -9999.0 -9999.0 -9999.0 -9999.0 -9999.0 -9999.0 -9999.0 -9999.0 -9999.0 -9999.0 -9999.0 -9999.0 -9999.0 -9999.0 -9999.0 -9999.0 -9999.0 -9999.0 -9999.0 -9999.0 -9999.0 -9999.0 -9999.0