Borden_/Borden1m_014/output_maps/thetasurfN0018.asc
ncols         80
nrows         18
xllcorner     620200.000000
yllcorner     5168000.000000
cellsize      1.000000
NODATA_value  -9999.0
-9999.0 -9999.0 -9999.0 -9999.0 -9999.0 -9999.0 -9999.0 -9999.0 -9999.0 -9999.0 -9999.0 -9999.0 -9999.0 -9999.0 -9999.0 -9999.0 -9999.0 -9999.0 -9999.0 -9999.0 -9999.0 -9999.0 -9999.0 -9999.0 -9999.0 -9999.0 -9999.0 -9999.0 -9999.0 -9999.0 -9999.0 -9999.0 -9999.0 -9999.0 -9999.0 -9999.0 -9999.0 -9999.0 -9999.0 -9999.0 -9999.0 -9999.0 -9999.0 -9999.0 -9999.0 -9999.0 -9999.0 -9999.0 -9999.0 -9999.0 -9999.0 -9999.0 -9999.0 -9999.0 -9999.0 -9999.0 -9999.0 -9999.0 -9999.0 -9999.0 -9999.0 -9999.0 -9999.0 -9999.0 -9999.0 -9999.0 -9999.0 -9999.0 -9999.0 -9999.0 -9999.0 -9999.0 -9999.0 -9999.0 -9999.0 -9999.0 -9999.0 -9999.0 -9999.0 -9999.0
-9999.0 -9999.0 -9999.0 -9999.0 -9999.0 -9999.0 -9999.0 -9999.0 -9999.0 -9999.0 -9999.0 -9999.0 -9999.0 -9999.0 -9999.0 -9999.0 -9999.0 -9999.0 -9999.0 -9999.0 -9999.0 -9999.0 -9999.0 -9999.0 -9999.0 -9999.0 -9999.0 -9999.0 -9999.0 -9999.0 -9999.0 -9999.0 -9999.0 -9999.0 -9999.0 -9999.0 -9999.0 -9999.0 -9999.0 -9999.0 -9999.0 -9999.0 -9999.0 -9999.0 -9999.0 -9999.0 -9999.0 -9999.0 -9999.0 -9999.0 -9999.0 -9999.0 -9999.0 -9999.0 -9999.0 -9999.0 -9999.0 -9999.0 -9999.0 -9999.0 -9999.0 -9999.0 -9999.0 -9999.0 -9999.0 -9999.0 -9999.0 -9999.0 -9999.0 -9999.0 -9999.0 -9999.0 -9999.0 -9999.0 -9999.0 -9999.0 -9999.0 -9999.0 -9999.0 -9999.0
-9999.0 -9999.0 -9999.0 -9999.0 -9999.0 -9999.0 -9999.0 -9999.0 -9999.0 -9999.0 -9999.0 -9999.0 -9999.0 -9999.0 -9999.0 -9999.0 -9999.0 -9999.0 -9999.0 -9999.0 0.244227 0.245045 0.243608 0.242047 0.240659 0.240413 0.241917 0.243523 0.245409 0.245682 0.243931 0.244461 0.243723 0.243227 0.243110 0.243590 0.243843 0.244421 0.244747 0.244487 0.243983 0.243667 0.243278 0.243319 0.243954 0.243126 0.244284 0.245327 0.245634 0.245784 0.244540 0.244109 0.243983 0.242570 0.245102 0.245670 0.247317 0.247388 0.247840 0.246004 0.244197 -9999.0 -9999.0 -9999.0 -9999.0 -9999.0 -9999.0 -9999.0 -9999.0 -9999.0 -9999.0 -9999.0 -9999.0 -9999.0 -9999.0 -9999.0 -9999.0 -9999.0 -9999.0 -9999.0
-9999.0 -9999.0 -9999.0 -9999.0 -9999.0 -9999.0 -9999.0 -9999.0 -9999.0 -9999.0 -9999.0 -9999.0 -9999.0 -9999.0 0.242247 0.241360 0.240926 0.240518 0.241868 0.242811 0.242622 0.241700 0.242587 0.240929 0.239420 0.240314 0.241401 0.242082 0.243455 0.244577 0.243399 0.243105 0.243659 0.245826 0.246653 0.246119 0.243318 0.245905 0.246998 0.247707 0.247608 0.246326 0.247975 0.249908 0.248833 0.246779 0.247270 0.248352 0.250249 0.249600 0.243284 0.243005 0.243496 0.243828 0.242980 0.242292 0.244806 0.244304 0.243992 0.243868 0.242734 0.240583 0.239548 0.241956 0.243776 0.247880 -9999.0 -9999.0 -9999.0 -9999.0 -9999.0 -9999.0 -9999.0 -9999.0 -9999.0 -9999.0 -9999.0 -9999.0 -9999.0 -9999.0
-9999.0 -9999.0 -9999.0 -9999.0 -9999.0 -9999.0 -9999.0 -9999.0 -9999.0 0.241224 0.240906 0.241115 0.240425 0.241142 0.239664 0.239933 0.239568 0.240480 0.241027 0.242165 0.243934 0.242418 0.242195 0.243170 0.243161 0.243340 0.243856 0.246542 0.249430 0.254682 0.249820 0.249647 0.252211 0.262569 0.271006 0.273187 0.269060 0.268990 0.274289 0.280541 0.279917 0.279203 0.285949 0.289684 0.292551 0.286570 0.281052 0.280101 0.288716 0.274707 0.262528 0.251296 0.252090 0.248864 0.245443 0.244351 0.243717 0.246584 0.245678 0.243436 0.241628 0.242633 0.241454 0.242587 0.243094 0.246119 0.248720 0.251384 0.251515 0.249753 -9999.0 -9999.0 -9999.0 -9999.0 -9999.0 -9999.0 -9999.0 -9999.0 -9999.0 -9999.0
-9999.0 -9999.0 -9999.0 -9999.0 -9999.0 -9999.0 0.240119 0.239932 0.240346 0.238478 0.239540 0.238576 0.239307 0.239502 0.239875 0.239670 0.240788 0.241625 0.243149 0.245234 0.247255 0.245750 0.246204 0.249260 0.256733 0.263498 0.267199 0.273779 0.295910 0.318130 0.332106 0.341099 0.360485 0.363214 0.366218 0.369107 0.365968 0.365001 0.365705 0.367267 0.369574 0.369579 0.369639 0.369715 0.369894 0.369873 0.367614 0.366456 0.366243 0.366069 0.363908 0.359814 0.311084 0.289903 0.270257 0.259695 0.257427 0.258123 0.253952 0.248546 0.245532 0.245843 0.245369 0.244081 0.244712 0.245832 0.247698 0.248946 0.248064 0.246982 0.246373 0.244307 0.244701 0.246740 -9999.0 -9999.0 -9999.0 -9999.0 -9999.0 -9999.0
-9999.0 -9999.0 -9999.0 -9999.0 0.237646 0.238402 0.235991 0.237241 0.238105 0.238662 0.238357 0.239417 0.239477 0.240107 0.241651 0.242610 0.244690 0.246042 0.250813 0.262957 0.274002 0.280381 0.283246 0.309956 0.360478 0.364152 0.364852 0.365794 0.367545 0.369924 0.369978 0.369929 0.369976 0.369999 0.370000 0.370000 0.370000 0.370000 0.370000 0.370000 0.370000 0.370000 0.370000 0.370000 0.370000 0.370000 0.370000 0.370000 0.370000 0.369998 0.369999 0.369960 0.368723 0.367475 0.366794 0.365085 0.361110 0.347152 0.298831 0.281580 0.266167 0.259985 0.254196 0.251909 0.248490 0.249279 0.250440 0.248790 0.246765 0.244841 0.244892 0.244094 0.242902 0.245665 0.246378 0.249201 -9999.0 -9999.0 -9999.0 -9999.0
-9999.0 -9999.0 0.237800 0.237611 0.239519 0.238054 0.237203 0.235976 0.236243 0.237928 0.241041 0.241860 0.243638 0.244353 0.249076 0.263188 0.278509 0.290591 0.325296 0.361508 0.365037 0.366647 0.369406 0.369805 0.369916 0.369999 0.369998 0.370000 0.370000 0.370000 0.370000 0.370000 0.370000 0.370000 0.370000 0.370000 0.370000 0.370000 0.370000 0.370000 0.370000 0.370000 0.370000 0.370000 0.370000 0.370000 0.370000 0.370000 0.370000 0.370000 0.370000 0.370000 0.370000 0.370000 0.370000 0.369999 0.369963 0.369139 0.368129 0.366759 0.363583 0.359951 0.308979 0.285718 0.270400 0.262523 0.255685 0.251801 0.248360 0.245036 0.244247 0.243859 0.244566 0.244019 0.245444 0.246376 0.247991 0.248513 -9999.0 -9999.0
-9999.0 0.237505 0.236487 0.239802 0.239799 0.240105 0.240604 0.241006 0.241665 0.239887 0.248241 0.265527 0.282862 0.288689 0.316026 0.362329 0.369408 0.369791 0.369796 0.369991 0.369997 0.370000 0.370000 0.370000 0.370000 0.370000 0.370000 0.370000 0.370000 0.370000 0.370000 0.370000 0.370000 0.370000 0.370000 0.370000 0.370000 0.370000 0.370000 0.370000 0.369997 0.370000 0.370000 0.370000 0.370000 0.370000 0.370000 0.369999 0.370000 0.370000 0.370000 0.370000 0.370000 0.370000 0.370000 0.370000 0.370000 0.370000 0.370000 0.369994 0.369896 0.369279 0.367401 0.364567 0.360402 0.306666 0.280751 0.265817 0.255661 0.252328 0.250413 0.245642 0.244673 0.246037 0.245409 0.245356 0.245974 0.246417 -9999.0 -9999.0
-9999.0 0.233987 0.237143 0.240241 0.243713 0.243074 0.258445 0.271881 0.275432 0.267644 0.301582 0.369503 0.369953 0.369952 0.369998 0.370000 0.370000 0.370000 0.370000 0.370000 0.370000 0.370000 0.370000 0.370000 0.370000 0.370000 0.370000 0.370000 0.370000 0.370000 0.370000 0.370000 0.370000 0.369998 0.369986 0.369973 0.369956 0.369122 0.367840 0.366794 0.366334 0.367358 0.366852 0.366014 0.365822 0.366851 0.368147 0.367919 0.368409 0.369338 0.369886 0.369992 0.369998 0.370000 0.370000 0.370000 0.370000 0.370000 0.370000 0.370000 0.370000 0.370000 0.369999 0.369837 0.368908 0.365727 0.362715 0.357263 0.298438 0.282153 0.269005 0.257888 0.250823 0.249808 0.246395 0.246352 -9999.0 -9999.0 -9999.0 -9999.0
-9999.0 0.233981 0.236998 0.243164 0.257602 0.282553 0.361216 0.369565 0.369999 0.369914 0.370000 0.370000 0.370000 0.370000 0.370000 0.370000 0.370000 0.370000 0.370000 0.370000 0.370000 0.370000 0.370000 0.370000 0.370000 0.370000 0.370000 0.370000 0.369953 0.369801 0.369462 0.368986 0.367941 0.364452 0.362694 0.360422 0.312670 0.306782 0.300480 0.289098 0.284207 0.280765 0.285462 0.284164 0.283633 0.286311 0.293403 0.298775 0.325613 0.360379 0.363275 0.365576 0.367072 0.368969 0.369732 0.369995 0.369999 0.370000 0.370000 0.370000 0.370000 0.370000 0.370000 0.370000 0.369999 0.369845 0.369466 0.368178 0.365245 0.362794 0.359571 0.308186 0.279914 0.259893 0.255311 -9999.0 -9999.0 -9999.0 -9999.0 -9999.0
-9999.0 0.229255 0.237469 0.242384 0.270212 0.361869 0.369431 0.370000 0.370000 0.370000 0.369935 0.369999 0.370000 0.370000 0.370000 0.370000 0.369999 0.369999 0.370000 0.369997 0.369978 0.369900 0.369868 0.369695 0.369150 0.368500 0.368007 0.367365 0.365363 0.363119 0.350413 0.319334 0.287097 0.270958 0.262685 0.254900 0.247846 0.248124 0.250365 0.248608 0.246795 0.244675 0.247151 0.248164 0.249249 0.247777 0.247944 0.251095 0.256432 0.263195 0.274082 0.288442 0.307239 0.359872 0.362621 0.365136 0.367034 0.368989 0.369953 0.370000 0.370000 0.370000 0.370000 0.370000 0.370000 0.370000 0.370000 0.369997 0.369631 0.368683 0.367855 0.365645 0.362610 -9999.0 -9999.0 -9999.0 -9999.0 -9999.0 -9999.0 -9999.0
-9999.0 0.226562 0.235663 0.236568 0.245832 0.266766 0.305238 0.363785 0.369578 0.365172 0.364652 0.365651 0.366837 0.367602 0.366708 0.365444 0.364419 0.364703 0.364942 0.363876 0.362606 0.361853 0.361511 0.356124 0.324504 0.311341 0.305423 0.295711 0.284180 0.271719 0.255247 0.248736 0.244413 0.243229 0.242316 0.241269 0.238745 0.240310 0.241409 0.241148 0.240347 0.239667 0.241559 0.242074 0.242641 0.240743 0.241915 0.242722 0.244799 0.246820 0.249845 0.254604 0.261294 0.266762 0.272245 0.280707 0.294121 0.342610 0.363399 0.368100 0.369756 0.369993 0.370000 0.370000 0.370000 0.370000 0.370000 0.370000 0.370000 0.369882 0.369570 -9999.0 -9999.0 -9999.0 -9999.0 -9999.0 -9999.0 -9999.0 -9999.0 -9999.0
-9999.0 -9999.0 0.224738 0.228367 0.231535 0.234424 0.238531 0.244867 0.248678 0.254559 0.263227 0.273473 0.280388 0.283830 0.279130 0.270034 0.265130 0.265671 0.264381 0.261827 0.256966 0.254771 0.253389 0.252311 0.250449 0.249762 0.249538 0.249045 0.247863 0.244881 0.242393 0.240805 0.238814 0.239184 0.238960 0.238225 0.239014 0.238833 0.239028 0.238883 0.239055 0.239386 0.239718 0.240228 0.240162 0.240294 0.240410 0.240907 0.241651 0.242577 0.244661 0.247925 0.250405 0.250930 0.249380 0.249833 0.251750 0.256560 0.275877 0.311125 0.361505 0.365838 0.368954 0.369815 0.369979 0.369991 0.370000 0.370000 0.370000 0.370000 -9999.0 -9999.0 -9999.0 -9999.0 -9999.0 -9999.0 -9999.0 -9999.0 -9999.0 -9999.0
-9999.0 -9999.0 -9999.0 -9999.0 0.223246 0.228308 0.233026 0.232386 0.235605 0.237270 0.238687 0.240456 0.241886 0.242936 0.241377 0.241129 0.240924 0.241246 0.240992 0.240614 0.240473 0.240274 0.240125 0.239803 0.239978 0.240330 0.240461 0.239914 0.240087 0.239041 0.239090 0.238597 0.238096 0.237397 0.237643 0.237580 0.237960 0.237577 0.238155 0.237744 0.238136 0.238260 0.238689 0.239439 0.238981 0.239415 0.239359 0.239890 0.239864 0.241154 0.243346 0.245932 0.247684 0.247517 0.244951 0.244040 0.243362 0.244837 0.247207 0.252920 0.271483 0.291429 0.343359 0.362354 0.364564 0.366798 0.369313 0.369987 -9999.0 -9999.0 -9999.0 -9999.0 -9999.0 -9999.0 -9999.0 -9999.0 -9999.0 -9999.0 -9999.0 -9999.0
-9999.0 -9999.0 -9999.0 -9999.0 -9999.0 -9999.0 0.225454 0.227967 0.227153 0.228892 0.230363 0.231459 0.233308 0.232883 0.233406 0.235008 0.234786 0.234066 0.233128 0.234562 0.235165 0.235352 0.233819 0.234297 0.234448 0.235046 0.234984 0.235300 0.233982 0.235642 0.236467 0.236252 0.236053 0.236429 0.236101 0.237143 0.237267 0.236449 0.236190 0.237327 0.237592 0.237349 0.237479 0.238148 0.239197 0.239282 0.238707 0.237870 0.238810 0.241039 0.243404 0.245417 0.246736 0.247295 0.245284 0.242476 0.241070 0.240746 0.241663 0.243439 0.248497 0.251935 0.255013 0.261106 0.266611 0.293380 -9999.0 -9999.0 -9999.0 -9999.0 -9999.0 -9999.0 -9999.0 -9999.0 -9999.0 -9999.0 -9999.0 -9999.0 -9999.0 -9999.0
-9999.0 -9999.0 -9999.0 -9999.0 -9999.0 -9999.0 -9999.0 -9999.0 -9999.0 -9999.0 -9999.0 -9999.0 -9999.0 -9999.0 -9999.0 -9999.0 -9999.0 -9999.0 -9999.0 -9999.0 -9999.0 -9999.0 -9999.0 -9999.0 -9999.0 -9999.0 -9999.0 -9999.0 -9999.0 -9999.0 -9999.0 -9999.0 -9999.0 -9999.0 -9999.0 -9999.0 -9999.0 -9999.0 -9999.0 -9999.0 -9999.0 -9999.0 -9999.0 -9999.0 -9999.0 -9999.0 -9999.0 -9999.0 -9999.0 -9999.0 -9999.0 -9999.0 -9999.0 -9999.0 -9999.0 -9999.0 -9999.0 -9999.0 -9999.0 -9999.0 -9999.0 -9999.0 -9999.0 -9999.0 -9999.0 -9999.0 -9999.0 -9999.0 -9999.0 -9999.0 -9999.0 -9999.0 -9999.0 -9999.0 -9999.0 -9999.0 -9999.0 -9999.0 -9999.0 -9999.0
-9999.0 -9999.0 -9999.0 -9999.0 -9999.0 -9999.0 -9999.0 -9999.0 -9999.0 -9999.0 -9999.0 -9999.0 -9999.0 -9999.0 -9999.0 -9999.0 -9999.0 -9999.0 -9999.0 -9999.0 -9999.0 -9999.0 -9999.0 -9999.0 -9999.0 -9999.0 -9999.0 -9999.0 -9999.0 -9999.0 -9999.0 -9999.0 -9999.0 -9999.0 -9999.0 -9999.0 -9999.0 -9999.0 -9999.0 -9999.0 -9999.0 -9999.0 -9999.0 -9999.0 -9999.0 -9999.0 -9999.0 -9999.0 -9999.0 -9999.0 -9999.0 -9999.0 -9999.0 -9999.0 -9999.0 -9999.0 -9999.0 -9999.0 -9999.0 -9999.0 -9999.0 -9999.0 -9999.0 -9999.0 -9999.0 -9999.0 -9999.0 -9999.0 -9999.0 -9999.0 -9999.0 -9999.0 -9999.0 -9999.0 -9999.0 -9999.0 -9999.0 -9999.0 -9999.0 -9999.0