Borden_/Borden1m_014/output_maps/thetaliqL0003N0033.asc
ncols         80
nrows         18
xllcorner     620200.000000
yllcorner     5168000.000000
cellsize      1.000000
NODATA_value  -9999.0
-9999.0 -9999.0 -9999.0 -9999.0 -9999.0 -9999.0 -9999.0 -9999.0 -9999.0 -9999.0 -9999.0 -9999.0 -9999.0 -9999.0 -9999.0 -9999.0 -9999.0 -9999.0 -9999.0 -9999.0 -9999.0 -9999.0 -9999.0 -9999.0 -9999.0 -9999.0 -9999.0 -9999.0 -9999.0 -9999.0 -9999.0 -9999.0 -9999.0 -9999.0 -9999.0 -9999.0 -9999.0 -9999.0 -9999.0 -9999.0 -9999.0 -9999.0 -9999.0 -9999.0 -9999.0 -9999.0 -9999.0 -9999.0 -9999.0 -9999.0 -9999.0 -9999.0 -9999.0 -9999.0 -9999.0 -9999.0 -9999.0 -9999.0 -9999.0 -9999.0 -9999.0 -9999.0 -9999.0 -9999.0 -9999.0 -9999.0 -9999.0 -9999.0 -9999.0 -9999.0 -9999.0 -9999.0 -9999.0 -9999.0 -9999.0 -9999.0 -9999.0 -9999.0 -9999.0 -9999.0
-9999.0 -9999.0 -9999.0 -9999.0 -9999.0 -9999.0 -9999.0 -9999.0 -9999.0 -9999.0 -9999.0 -9999.0 -9999.0 -9999.0 -9999.0 -9999.0 -9999.0 -9999.0 -9999.0 -9999.0 -9999.0 -9999.0 -9999.0 -9999.0 -9999.0 -9999.0 -9999.0 -9999.0 -9999.0 -9999.0 -9999.0 -9999.0 -9999.0 -9999.0 -9999.0 -9999.0 -9999.0 -9999.0 -9999.0 -9999.0 -9999.0 -9999.0 -9999.0 -9999.0 -9999.0 -9999.0 -9999.0 -9999.0 -9999.0 -9999.0 -9999.0 -9999.0 -9999.0 -9999.0 -9999.0 -9999.0 -9999.0 -9999.0 -9999.0 -9999.0 -9999.0 -9999.0 -9999.0 -9999.0 -9999.0 -9999.0 -9999.0 -9999.0 -9999.0 -9999.0 -9999.0 -9999.0 -9999.0 -9999.0 -9999.0 -9999.0 -9999.0 -9999.0 -9999.0 -9999.0
-9999.0 -9999.0 -9999.0 -9999.0 -9999.0 -9999.0 -9999.0 -9999.0 -9999.0 -9999.0 -9999.0 -9999.0 -9999.0 -9999.0 -9999.0 -9999.0 -9999.0 -9999.0 -9999.0 -9999.0 0.191752 0.192538 0.190628 0.188430 0.186637 0.186456 0.188487 0.190939 0.193775 0.194404 0.192238 0.192708 0.191887 0.191467 0.191472 0.192072 0.192358 0.193283 0.193898 0.193669 0.192993 0.192494 0.192093 0.192269 0.192993 0.191985 0.193490 0.195036 0.195618 0.195518 0.193329 0.192386 0.192021 0.190384 0.193365 0.194352 0.196739 0.197028 0.197380 0.194685 0.192072 -9999.0 -9999.0 -9999.0 -9999.0 -9999.0 -9999.0 -9999.0 -9999.0 -9999.0 -9999.0 -9999.0 -9999.0 -9999.0 -9999.0 -9999.0 -9999.0 -9999.0 -9999.0 -9999.0
-9999.0 -9999.0 -9999.0 -9999.0 -9999.0 -9999.0 -9999.0 -9999.0 -9999.0 -9999.0 -9999.0 -9999.0 -9999.0 -9999.0 0.187860 0.186912 0.186482 0.186286 0.188109 0.189619 0.189803 0.188803 0.189535 0.187531 0.185800 0.186850 0.188464 0.189920 0.192224 0.193976 0.192431 0.192054 0.192930 0.195977 0.197429 0.196830 0.193412 0.196656 0.198467 0.199651 0.199496 0.197908 0.200205 0.202917 0.201582 0.198732 0.199291 0.200923 0.203586 0.201970 0.193178 0.192078 0.192420 0.192481 0.191324 0.190540 0.193575 0.193234 0.192678 0.191948 0.189998 0.187069 0.185823 0.188748 0.191597 0.197358 -9999.0 -9999.0 -9999.0 -9999.0 -9999.0 -9999.0 -9999.0 -9999.0 -9999.0 -9999.0 -9999.0 -9999.0 -9999.0 -9999.0
-9999.0 -9999.0 -9999.0 -9999.0 -9999.0 -9999.0 -9999.0 -9999.0 -9999.0 0.186057 0.185836 0.186112 0.185548 0.186396 0.185114 0.185448 0.185270 0.186516 0.187640 0.189496 0.191865 0.190232 0.190031 0.191244 0.191472 0.192067 0.193293 0.197439 0.202469 0.210241 0.203895 0.203615 0.207213 0.220644 0.234256 0.238927 0.231227 0.231299 0.240894 0.253470 0.254279 0.253311 0.268041 0.277400 0.283472 0.269687 0.255606 0.253465 0.269945 0.241635 0.220377 0.205738 0.206425 0.201401 0.196090 0.194083 0.193457 0.196981 0.195523 0.192108 0.189376 0.189975 0.188545 0.189970 0.191138 0.195545 0.199699 0.203756 0.203953 0.201393 -9999.0 -9999.0 -9999.0 -9999.0 -9999.0 -9999.0 -9999.0 -9999.0 -9999.0 -9999.0
-9999.0 -9999.0 -9999.0 -9999.0 -9999.0 -9999.0 0.184176 0.184104 0.184665 0.183146 0.184337 0.183615 0.184515 0.184972 0.185625 0.185761 0.187353 0.188858 0.191406 0.194867 0.198130 0.196632 0.197519 0.202271 0.211763 0.221091 0.227542 0.240303 0.288555 0.326025 0.337645 0.342276 0.346928 0.356095 0.365176 0.367009 0.364912 0.362755 0.364985 0.368228 0.369858 0.369868 0.369896 0.369922 0.369978 0.369971 0.368509 0.366764 0.365888 0.364853 0.357969 0.344742 0.315986 0.274730 0.233590 0.216135 0.213530 0.216263 0.209465 0.200924 0.195984 0.195790 0.194787 0.193143 0.193923 0.195780 0.198615 0.200379 0.198997 0.197064 0.195510 0.192655 0.193066 0.195820 -9999.0 -9999.0 -9999.0 -9999.0 -9999.0 -9999.0
-9999.0 -9999.0 -9999.0 -9999.0 0.181648 0.182385 0.180248 0.181498 0.182524 0.183352 0.183502 0.184953 0.185472 0.186594 0.188919 0.190899 0.194351 0.197166 0.204782 0.221271 0.239552 0.252639 0.262688 0.315649 0.348143 0.358749 0.361545 0.364966 0.368452 0.369985 0.369998 0.369999 0.369995 0.370000 0.370000 0.370000 0.370000 0.370000 0.370000 0.370000 0.370000 0.370000 0.370000 0.370000 0.370000 0.370000 0.370000 0.370000 0.370000 0.370000 0.369999 0.369994 0.369384 0.368158 0.366557 0.361810 0.348420 0.338710 0.296354 0.255798 0.226741 0.218095 0.210168 0.206038 0.201049 0.201843 0.203098 0.200553 0.197244 0.194186 0.193653 0.192315 0.190995 0.194448 0.195833 0.199779 -9999.0 -9999.0 -9999.0 -9999.0
-9999.0 -9999.0 0.181372 0.181554 0.183651 0.182497 0.181791 0.180800 0.181316 0.183408 0.187502 0.189584 0.192669 0.194520 0.201838 0.221168 0.249513 0.279504 0.329649 0.352530 0.363003 0.367265 0.369734 0.369955 0.369982 0.370000 0.370000 0.370000 0.370000 0.370000 0.370000 0.370000 0.370000 0.370000 0.370000 0.370000 0.370000 0.370000 0.370000 0.370000 0.370000 0.370000 0.370000 0.370000 0.370000 0.370000 0.370000 0.370000 0.370000 0.370000 0.370000 0.370000 0.370000 0.370000 0.370000 0.370000 0.369993 0.369470 0.368723 0.366488 0.355558 0.342933 0.311674 0.265909 0.235842 0.223865 0.212761 0.206119 0.200260 0.195147 0.193509 0.192494 0.193050 0.192661 0.194533 0.196043 0.198176 0.199040 -9999.0 -9999.0
-9999.0 0.180606 0.180099 0.183846 0.184790 0.185755 0.186980 0.188043 0.189234 0.188082 0.199813 0.225246 0.258008 0.274953 0.322326 0.358588 0.369796 0.369944 0.369960 0.369999 0.370000 0.370000 0.370000 0.370000 0.370000 0.370000 0.370000 0.370000 0.370000 0.370000 0.370000 0.370000 0.370000 0.370000 0.370000 0.370000 0.370000 0.370000 0.370000 0.370000 0.370000 0.370000 0.370000 0.370000 0.370000 0.370000 0.370000 0.370000 0.370000 0.370000 0.370000 0.370000 0.370000 0.370000 0.370000 0.370000 0.370000 0.370000 0.370000 0.370000 0.369938 0.369309 0.367095 0.359330 0.345041 0.307580 0.256310 0.230042 0.213141 0.207006 0.203238 0.196250 0.194369 0.195647 0.194748 0.194633 0.195478 0.196163 -9999.0 -9999.0
-9999.0 0.177346 0.180620 0.184892 0.190722 0.192240 0.212124 0.233777 0.243263 0.231524 0.300242 0.369826 0.369992 0.369992 0.370000 0.370000 0.370000 0.370000 0.370000 0.370000 0.370000 0.370000 0.370000 0.370000 0.370000 0.370000 0.370000 0.370000 0.370000 0.370000 0.370000 0.370000 0.370000 0.370000 0.369998 0.369995 0.369920 0.369635 0.368791 0.367530 0.366670 0.367966 0.367320 0.365833 0.365477 0.367413 0.368912 0.368698 0.368848 0.369415 0.369885 0.369999 0.370000 0.370000 0.370000 0.370000 0.370000 0.370000 0.370000 0.370000 0.370000 0.370000 0.370000 0.369886 0.368605 0.361713 0.350553 0.336497 0.292047 0.256326 0.232995 0.216031 0.204841 0.202163 0.197076 0.196005 -9999.0 -9999.0 -9999.0 -9999.0
-9999.0 0.177090 0.180360 0.188440 0.211103 0.250583 0.347164 0.368367 0.369999 0.369986 0.370000 0.370000 0.370000 0.370000 0.370000 0.370000 0.370000 0.370000 0.370000 0.370000 0.370000 0.370000 0.370000 0.370000 0.370000 0.370000 0.370000 0.370000 0.369980 0.369884 0.369663 0.369437 0.368540 0.360725 0.353688 0.347413 0.320655 0.309448 0.297008 0.272735 0.260864 0.253680 0.263133 0.260975 0.260270 0.266392 0.282594 0.296357 0.328664 0.344587 0.354352 0.363489 0.366854 0.368986 0.369822 0.370000 0.370000 0.370000 0.370000 0.370000 0.370000 0.370000 0.370000 0.370000 0.370000 0.369858 0.369107 0.364927 0.356167 0.346146 0.335876 0.304294 0.251331 0.218510 0.210673 -9999.0 -9999.0 -9999.0 -9999.0 -9999.0
-9999.0 0.172685 0.180291 0.187013 0.226774 0.351692 0.366910 0.370000 0.370000 0.370000 0.369983 0.370000 0.370000 0.370000 0.370000 0.370000 0.370000 0.370000 0.370000 0.370000 0.369944 0.369878 0.369865 0.369789 0.369538 0.369171 0.368751 0.367817 0.362853 0.355214 0.338103 0.322696 0.267367 0.233642 0.219800 0.209063 0.199766 0.199894 0.202682 0.200125 0.197392 0.194699 0.198012 0.199647 0.201156 0.199370 0.200028 0.204918 0.213610 0.223778 0.241423 0.273102 0.311624 0.343155 0.351972 0.362347 0.367133 0.369191 0.369950 0.370000 0.370000 0.370000 0.370000 0.370000 0.370000 0.370000 0.370000 0.369879 0.367269 0.363347 0.360934 0.356684 0.345923 -9999.0 -9999.0 -9999.0 -9999.0 -9999.0 -9999.0 -9999.0
-9999.0 0.170291 0.178196 0.179861 0.191735 0.222277 0.294125 0.352777 0.369631 0.362504 0.360162 0.363907 0.366765 0.368065 0.366595 0.363149 0.359631 0.360265 0.360484 0.356306 0.349741 0.346476 0.346270 0.343470 0.329138 0.315613 0.305716 0.286499 0.259745 0.234892 0.211141 0.200742 0.193931 0.191508 0.189774 0.188012 0.185018 0.186564 0.187830 0.187498 0.186542 0.185866 0.188112 0.188996 0.189737 0.187766 0.189230 0.190714 0.193970 0.197511 0.202733 0.210799 0.221989 0.231219 0.238570 0.254879 0.287431 0.335257 0.357665 0.368389 0.369850 0.369999 0.370000 0.370000 0.370000 0.370000 0.370000 0.370000 0.368648 0.366865 0.366656 -9999.0 -9999.0 -9999.0 -9999.0 -9999.0 -9999.0 -9999.0 -9999.0 -9999.0
-9999.0 -9999.0 0.168693 0.171936 0.174915 0.178351 0.183511 0.190515 0.196542 0.204847 0.218223 0.235759 0.249559 0.256824 0.247405 0.231177 0.223001 0.223468 0.221354 0.217367 0.210833 0.208549 0.206987 0.205733 0.203100 0.201979 0.201471 0.200407 0.198178 0.193596 0.189714 0.187074 0.184367 0.184298 0.183812 0.182914 0.183540 0.183372 0.183621 0.183512 0.183719 0.184143 0.184704 0.185449 0.185540 0.185758 0.186070 0.186936 0.188291 0.190154 0.193689 0.198970 0.203253 0.204381 0.202295 0.203002 0.206198 0.214444 0.244944 0.312881 0.351439 0.364250 0.368973 0.369778 0.369905 0.369998 0.370000 0.369824 0.360823 0.362778 -9999.0 -9999.0 -9999.0 -9999.0 -9999.0 -9999.0 -9999.0 -9999.0 -9999.0 -9999.0
-9999.0 -9999.0 -9999.0 -9999.0 0.167407 0.171886 0.176076 0.175805 0.179102 0.181355 0.183629 0.186406 0.188781 0.190292 0.188574 0.188114 0.187697 0.187899 0.187489 0.187024 0.186769 0.186453 0.186119 0.185707 0.185839 0.186203 0.186282 0.185589 0.185470 0.184161 0.183873 0.183044 0.182256 0.181423 0.181533 0.181433 0.181759 0.181396 0.181955 0.181659 0.182109 0.182344 0.182929 0.183859 0.183615 0.184152 0.184227 0.184964 0.185410 0.187516 0.190989 0.195156 0.198114 0.198045 0.194518 0.193000 0.192227 0.194519 0.198775 0.208428 0.236836 0.281554 0.336128 0.350943 0.357681 0.364699 0.367926 0.368330 -9999.0 -9999.0 -9999.0 -9999.0 -9999.0 -9999.0 -9999.0 -9999.0 -9999.0 -9999.0 -9999.0 -9999.0
-9999.0 -9999.0 -9999.0 -9999.0 -9999.0 -9999.0 0.169258 0.171497 0.170909 0.172687 0.174341 0.175713 0.177758 0.177596 0.178182 0.179736 0.179504 0.178744 0.177813 0.179165 0.179761 0.179878 0.178356 0.178750 0.178908 0.179492 0.179433 0.179653 0.178356 0.179823 0.180514 0.180174 0.179845 0.180084 0.179747 0.180683 0.180795 0.180036 0.179828 0.180939 0.181289 0.181174 0.181449 0.182288 0.183481 0.183703 0.183225 0.182585 0.183902 0.186951 0.190613 0.194050 0.196379 0.197101 0.194067 0.190181 0.188297 0.188129 0.189846 0.193230 0.201399 0.207810 0.213679 0.221038 0.230831 0.287967 -9999.0 -9999.0 -9999.0 -9999.0 -9999.0 -9999.0 -9999.0 -9999.0 -9999.0 -9999.0 -9999.0 -9999.0 -9999.0 -9999.0
-9999.0 -9999.0 -9999.0 -9999.0 -9999.0 -9999.0 -9999.0 -9999.0 -9999.0 -9999.0 -9999.0 -9999.0 -9999.0 -9999.0 -9999.0 -9999.0 -9999.0 -9999.0 -9999.0 -9999.0 -9999.0 -9999.0 -9999.0 -9999.0 -9999.0 -9999.0 -9999.0 -9999.0 -9999.0 -9999.0 -9999.0 -9999.0 -9999.0 -9999.0 -9999.0 -9999.0 -9999.0 -9999.0 -9999.0 -9999.0 -9999.0 -9999.0 -9999.0 -9999.0 -9999.0 -9999.0 -9999.0 -9999.0 -9999.0 -9999.0 -9999.0 -9999.0 -9999.0 -9999.0 -9999.0 -9999.0 -9999.0 -9999.0 -9999.0 -9999.0 -9999.0 -9999.0 -9999.0 -9999.0 -9999.0 -9999.0 -9999.0 -9999.0 -9999.0 -9999.0 -9999.0 -9999.0 -9999.0 -9999.0 -9999.0 -9999.0 -9999.0 -9999.0 -9999.0 -9999.0
-9999.0 -9999.0 -9999.0 -9999.0 -9999.0 -9999.0 -9999.0 -9999.0 -9999.0 -9999.0 -9999.0 -9999.0 -9999.0 -9999.0 -9999.0 -9999.0 -9999.0 -9999.0 -9999.0 -9999.0 -9999.0 -9999.0 -9999.0 -9999.0 -9999.0 -9999.0 -9999.0 -9999.0 -9999.0 -9999.0 -9999.0 -9999.0 -9999.0 -9999.0 -9999.0 -9999.0 -9999.0 -9999.0 -9999.0 -9999.0 -9999.0 -9999.0 -9999.0 -9999.0 -9999.0 -9999.0 -9999.0 -9999.0 -9999.0 -9999.0 -9999.0 -9999.0 -9999.0 -9999.0 -9999.0 -9999.0 -9999.0 -9999.0 -9999.0 -9999.0 -9999.0 -9999.0 -9999.0 -9999.0 -9999.0 -9999.0 -9999.0 -9999.0 -9999.0 -9999.0 -9999.0 -9999.0 -9999.0 -9999.0 -9999.0 -9999.0 -9999.0 -9999.0 -9999.0 -9999.0