Borden_/Borden1m_014/output_maps/thetaliqL0004N0023.asc
ncols         80
nrows         18
xllcorner     620200.000000
yllcorner     5168000.000000
cellsize      1.000000
NODATA_value  -9999.0
-9999.0 -9999.0 -9999.0 -9999.0 -9999.0 -9999.0 -9999.0 -9999.0 -9999.0 -9999.0 -9999.0 -9999.0 -9999.0 -9999.0 -9999.0 -9999.0 -9999.0 -9999.0 -9999.0 -9999.0 -9999.0 -9999.0 -9999.0 -9999.0 -9999.0 -9999.0 -9999.0 -9999.0 -9999.0 -9999.0 -9999.0 -9999.0 -9999.0 -9999.0 -9999.0 -9999.0 -9999.0 -9999.0 -9999.0 -9999.0 -9999.0 -9999.0 -9999.0 -9999.0 -9999.0 -9999.0 -9999.0 -9999.0 -9999.0 -9999.0 -9999.0 -9999.0 -9999.0 -9999.0 -9999.0 -9999.0 -9999.0 -9999.0 -9999.0 -9999.0 -9999.0 -9999.0 -9999.0 -9999.0 -9999.0 -9999.0 -9999.0 -9999.0 -9999.0 -9999.0 -9999.0 -9999.0 -9999.0 -9999.0 -9999.0 -9999.0 -9999.0 -9999.0 -9999.0 -9999.0
-9999.0 -9999.0 -9999.0 -9999.0 -9999.0 -9999.0 -9999.0 -9999.0 -9999.0 -9999.0 -9999.0 -9999.0 -9999.0 -9999.0 -9999.0 -9999.0 -9999.0 -9999.0 -9999.0 -9999.0 -9999.0 -9999.0 -9999.0 -9999.0 -9999.0 -9999.0 -9999.0 -9999.0 -9999.0 -9999.0 -9999.0 -9999.0 -9999.0 -9999.0 -9999.0 -9999.0 -9999.0 -9999.0 -9999.0 -9999.0 -9999.0 -9999.0 -9999.0 -9999.0 -9999.0 -9999.0 -9999.0 -9999.0 -9999.0 -9999.0 -9999.0 -9999.0 -9999.0 -9999.0 -9999.0 -9999.0 -9999.0 -9999.0 -9999.0 -9999.0 -9999.0 -9999.0 -9999.0 -9999.0 -9999.0 -9999.0 -9999.0 -9999.0 -9999.0 -9999.0 -9999.0 -9999.0 -9999.0 -9999.0 -9999.0 -9999.0 -9999.0 -9999.0 -9999.0 -9999.0
-9999.0 -9999.0 -9999.0 -9999.0 -9999.0 -9999.0 -9999.0 -9999.0 -9999.0 -9999.0 -9999.0 -9999.0 -9999.0 -9999.0 -9999.0 -9999.0 -9999.0 -9999.0 -9999.0 -9999.0 0.177301 0.178961 0.174654 0.169643 0.165616 0.165261 0.169838 0.175485 0.182016 0.183488 0.178644 0.179653 0.177861 0.176949 0.176987 0.178349 0.179018 0.181142 0.182572 0.182077 0.180537 0.179391 0.178568 0.178988 0.180593 0.178291 0.181699 0.185244 0.186588 0.186287 0.181210 0.178992 0.178099 0.174465 0.181091 0.183383 0.188820 0.189531 0.190230 0.184094 0.178122 -9999.0 -9999.0 -9999.0 -9999.0 -9999.0 -9999.0 -9999.0 -9999.0 -9999.0 -9999.0 -9999.0 -9999.0 -9999.0 -9999.0 -9999.0 -9999.0 -9999.0 -9999.0 -9999.0
-9999.0 -9999.0 -9999.0 -9999.0 -9999.0 -9999.0 -9999.0 -9999.0 -9999.0 -9999.0 -9999.0 -9999.0 -9999.0 -9999.0 0.168081 0.166031 0.165113 0.164778 0.168889 0.172390 0.172941 0.170763 0.172267 0.167799 0.163971 0.166273 0.169974 0.173444 0.178812 0.182819 0.179360 0.178516 0.180504 0.187325 0.190607 0.189288 0.181772 0.189003 0.193115 0.195739 0.195378 0.191884 0.196907 0.202839 0.199928 0.193681 0.195002 0.198704 0.204474 0.200878 0.181242 0.178605 0.179269 0.179298 0.176675 0.174973 0.181758 0.181080 0.179787 0.177951 0.173384 0.166734 0.163963 0.170485 0.177057 0.190120 -9999.0 -9999.0 -9999.0 -9999.0 -9999.0 -9999.0 -9999.0 -9999.0 -9999.0 -9999.0 -9999.0 -9999.0 -9999.0 -9999.0
-9999.0 -9999.0 -9999.0 -9999.0 -9999.0 -9999.0 -9999.0 -9999.0 -9999.0 0.163856 0.163446 0.164067 0.162923 0.164792 0.162129 0.162869 0.162540 0.165364 0.168020 0.172313 0.177656 0.174105 0.173669 0.176303 0.176777 0.178183 0.181122 0.190570 0.201812 0.218320 0.204813 0.204108 0.211773 0.238726 0.262577 0.269060 0.257578 0.257848 0.272674 0.288992 0.288449 0.287034 0.303256 0.312348 0.318049 0.304885 0.291289 0.289106 0.307753 0.273813 0.238172 0.208584 0.210272 0.199471 0.187692 0.183127 0.181830 0.189632 0.186316 0.178507 0.172248 0.173328 0.170141 0.173374 0.176187 0.186254 0.195776 0.204866 0.205288 0.199614 -9999.0 -9999.0 -9999.0 -9999.0 -9999.0 -9999.0 -9999.0 -9999.0 -9999.0 -9999.0
-9999.0 -9999.0 -9999.0 -9999.0 -9999.0 -9999.0 0.159479 0.159396 0.160667 0.157575 0.160181 0.158738 0.160713 0.161789 0.163320 0.163726 0.167295 0.170800 0.176683 0.184643 0.192062 0.188791 0.190797 0.201136 0.220866 0.239389 0.251281 0.271526 0.324322 0.352555 0.359418 0.362209 0.365224 0.367350 0.369261 0.369929 0.369158 0.368588 0.369005 0.369682 0.369989 0.369991 0.369994 0.369996 0.370000 0.369999 0.369732 0.369361 0.369221 0.369057 0.367717 0.364573 0.346901 0.311624 0.261360 0.230039 0.224761 0.230661 0.217054 0.198513 0.187383 0.186800 0.184463 0.180846 0.182652 0.186985 0.193445 0.197411 0.194276 0.189793 0.186068 0.179596 0.180494 0.186707 -9999.0 -9999.0 -9999.0 -9999.0 -9999.0 -9999.0
-9999.0 -9999.0 -9999.0 -9999.0 0.154090 0.155642 0.151256 0.153898 0.156142 0.158024 0.158508 0.161723 0.163000 0.165594 0.170851 0.175394 0.183257 0.189772 0.206545 0.239869 0.270737 0.287899 0.297354 0.345655 0.365369 0.367909 0.368405 0.369031 0.369762 0.370000 0.370000 0.370000 0.370000 0.370000 0.370000 0.370000 0.370000 0.370000 0.370000 0.370000 0.370000 0.370000 0.370000 0.370000 0.370000 0.370000 0.370000 0.370000 0.370000 0.370000 0.370000 0.370000 0.369939 0.369697 0.369375 0.368489 0.365641 0.362053 0.331514 0.291782 0.250004 0.234028 0.218468 0.209794 0.199034 0.200826 0.203568 0.197908 0.190342 0.183320 0.181927 0.178820 0.175912 0.183641 0.186900 0.195761 -9999.0 -9999.0 -9999.0 -9999.0
-9999.0 -9999.0 0.153287 0.153819 0.158361 0.156032 0.154538 0.152545 0.153739 0.158325 0.167360 0.172214 0.179215 0.183638 0.199917 0.239366 0.282356 0.313939 0.355587 0.366377 0.368654 0.369502 0.369981 0.369999 0.370000 0.370000 0.370000 0.370000 0.370000 0.370000 0.370000 0.370000 0.370000 0.370000 0.370000 0.370000 0.370000 0.370000 0.370000 0.370000 0.370000 0.370000 0.370000 0.370000 0.370000 0.370000 0.370000 0.370000 0.370000 0.370000 0.370000 0.370000 0.370000 0.370000 0.370000 0.370000 0.370000 0.369961 0.369833 0.369402 0.367307 0.364367 0.344630 0.302877 0.265055 0.245744 0.224493 0.210371 0.197274 0.185661 0.181801 0.179373 0.180507 0.179736 0.183961 0.187445 0.192216 0.194196 -9999.0 -9999.0
-9999.0 0.151342 0.150530 0.158611 0.161020 0.163302 0.165950 0.168283 0.171065 0.169066 0.195158 0.245109 0.292611 0.309419 0.350176 0.367478 0.369980 0.369998 0.370000 0.370000 0.370000 0.370000 0.370000 0.370000 0.370000 0.370000 0.370000 0.370000 0.370000 0.370000 0.370000 0.370000 0.370000 0.370000 0.370000 0.370000 0.370000 0.370000 0.370000 0.370000 0.370000 0.370000 0.370000 0.370000 0.370000 0.370000 0.370000 0.370000 0.370000 0.370000 0.370000 0.370000 0.370000 0.370000 0.370000 0.370000 0.370000 0.370000 0.370000 0.370000 0.369999 0.369951 0.369597 0.368104 0.364908 0.342173 0.292403 0.256090 0.225081 0.212102 0.203728 0.188140 0.183808 0.186543 0.184533 0.184263 0.186168 0.187736 -9999.0 -9999.0
-9999.0 0.144512 0.151341 0.160839 0.174313 0.178241 0.221013 0.261306 0.273379 0.256389 0.331957 0.369981 0.369999 0.370000 0.370000 0.370000 0.370000 0.370000 0.370000 0.370000 0.370000 0.370000 0.370000 0.370000 0.370000 0.370000 0.370000 0.370000 0.370000 0.370000 0.370000 0.370000 0.370000 0.370000 0.370000 0.370000 0.370000 0.369978 0.369829 0.369532 0.369324 0.369620 0.369483 0.369166 0.369086 0.369506 0.369839 0.369813 0.369868 0.369958 0.369997 0.370000 0.370000 0.370000 0.370000 0.370000 0.370000 0.370000 0.370000 0.370000 0.370000 0.370000 0.370000 0.369998 0.369881 0.368739 0.366544 0.362919 0.329991 0.293524 0.261101 0.230666 0.207422 0.201428 0.190019 0.187356 -9999.0 -9999.0 -9999.0 -9999.0
-9999.0 0.143609 0.150388 0.168100 0.219429 0.286453 0.365282 0.369803 0.370000 0.370000 0.370000 0.370000 0.370000 0.370000 0.370000 0.370000 0.370000 0.370000 0.370000 0.370000 0.370000 0.370000 0.370000 0.370000 0.370000 0.370000 0.370000 0.370000 0.370000 0.369997 0.369982 0.369951 0.369789 0.368227 0.366869 0.365276 0.349063 0.341641 0.332144 0.309798 0.297685 0.289309 0.300332 0.297927 0.297086 0.303467 0.319153 0.331287 0.355928 0.364813 0.367074 0.368840 0.369520 0.369909 0.369994 0.370000 0.370000 0.370000 0.370000 0.370000 0.370000 0.370000 0.370000 0.370000 0.370000 0.369998 0.369961 0.369629 0.368210 0.366043 0.363192 0.341570 0.287134 0.235939 0.219921 -9999.0 -9999.0 -9999.0 -9999.0 -9999.0
-9999.0 0.134521 0.149558 0.164195 0.247962 0.366110 0.369603 0.370000 0.370000 0.370000 0.370000 0.370000 0.370000 0.370000 0.370000 0.370000 0.370000 0.370000 0.370000 0.370000 0.370000 0.369998 0.369997 0.369992 0.369967 0.369913 0.369836 0.369656 0.368687 0.367211 0.362305 0.352001 0.303930 0.261228 0.236659 0.214952 0.195131 0.195459 0.201660 0.196146 0.190021 0.184072 0.191500 0.195293 0.198673 0.194712 0.196232 0.207065 0.225361 0.244695 0.273213 0.310018 0.344112 0.364407 0.366570 0.368589 0.369534 0.369927 0.369999 0.370000 0.370000 0.370000 0.370000 0.370000 0.370000 0.370000 0.370000 0.370000 0.369970 0.369658 0.369198 0.368206 0.365807 -9999.0 -9999.0 -9999.0 -9999.0 -9999.0 -9999.0 -9999.0
-9999.0 0.130165 0.145045 0.148355 0.174015 0.239124 0.330536 0.366419 0.369968 0.368639 0.368186 0.368861 0.369396 0.369670 0.369380 0.368730 0.368061 0.368228 0.368305 0.367531 0.366273 0.365554 0.365442 0.364249 0.355722 0.346677 0.339440 0.323079 0.296616 0.263465 0.219752 0.197176 0.181957 0.176432 0.172432 0.168407 0.161911 0.165225 0.167991 0.167294 0.165236 0.163837 0.168803 0.170880 0.172548 0.168307 0.171584 0.175043 0.182520 0.190735 0.202621 0.220161 0.242260 0.257790 0.269093 0.290502 0.323155 0.360526 0.367640 0.369808 0.369996 0.370000 0.370000 0.370000 0.370000 0.370000 0.370000 0.370000 0.370000 0.369991 0.369920 -9999.0 -9999.0 -9999.0 -9999.0 -9999.0 -9999.0 -9999.0 -9999.0 -9999.0
-9999.0 -9999.0 0.127119 0.132869 0.138227 0.145105 0.155899 0.170807 0.184716 0.204142 0.232778 0.264399 0.284340 0.293245 0.281439 0.257118 0.242645 0.243436 0.239417 0.231630 0.218384 0.213713 0.210444 0.207815 0.202276 0.199899 0.198800 0.196444 0.191437 0.181070 0.172300 0.166250 0.160230 0.159924 0.158811 0.156887 0.158208 0.157836 0.158378 0.158184 0.158680 0.159648 0.160934 0.162645 0.162915 0.163449 0.164191 0.166192 0.169345 0.173763 0.182007 0.194169 0.203905 0.206434 0.201800 0.203234 0.210065 0.226997 0.277633 0.345707 0.366218 0.369025 0.369918 0.369996 0.370000 0.370000 0.370000 0.370000 0.370000 0.370000 -9999.0 -9999.0 -9999.0 -9999.0 -9999.0 -9999.0 -9999.0 -9999.0 -9999.0 -9999.0
-9999.0 -9999.0 -9999.0 -9999.0 0.124657 0.132701 0.140686 0.140263 0.147094 0.152166 0.157399 0.163796 0.169393 0.172845 0.169243 0.168393 0.167488 0.167818 0.166860 0.165917 0.165421 0.164709 0.163874 0.162971 0.163284 0.164111 0.164269 0.162733 0.162351 0.159564 0.158908 0.157050 0.155302 0.153504 0.153690 0.153503 0.154170 0.153403 0.154569 0.154025 0.155015 0.155568 0.156878 0.158949 0.158547 0.159742 0.159952 0.161594 0.162746 0.167614 0.175650 0.185320 0.192174 0.192055 0.184099 0.180532 0.178762 0.183960 0.193651 0.214693 0.266296 0.317694 0.361009 0.366480 0.368038 0.369365 0.369956 0.370000 -9999.0 -9999.0 -9999.0 -9999.0 -9999.0 -9999.0 -9999.0 -9999.0 -9999.0 -9999.0 -9999.0 -9999.0
-9999.0 -9999.0 -9999.0 -9999.0 -9999.0 -9999.0 0.128013 0.132180 0.131049 0.134696 0.138254 0.141244 0.145551 0.145431 0.146795 0.150049 0.149607 0.147988 0.146037 0.148825 0.150141 0.150339 0.147155 0.147956 0.148323 0.149523 0.149401 0.149828 0.147168 0.150202 0.151647 0.150897 0.150166 0.150625 0.149928 0.151846 0.152076 0.150504 0.150073 0.152411 0.153205 0.153026 0.153664 0.155520 0.158121 0.158669 0.157696 0.156417 0.159338 0.166202 0.174660 0.182702 0.188151 0.189753 0.182810 0.173957 0.169670 0.169332 0.173309 0.181194 0.199724 0.213777 0.225559 0.239267 0.256222 0.323744 -9999.0 -9999.0 -9999.0 -9999.0 -9999.0 -9999.0 -9999.0 -9999.0 -9999.0 -9999.0 -9999.0 -9999.0 -9999.0 -9999.0
-9999.0 -9999.0 -9999.0 -9999.0 -9999.0 -9999.0 -9999.0 -9999.0 -9999.0 -9999.0 -9999.0 -9999.0 -9999.0 -9999.0 -9999.0 -9999.0 -9999.0 -9999.0 -9999.0 -9999.0 -9999.0 -9999.0 -9999.0 -9999.0 -9999.0 -9999.0 -9999.0 -9999.0 -9999.0 -9999.0 -9999.0 -9999.0 -9999.0 -9999.0 -9999.0 -9999.0 -9999.0 -9999.0 -9999.0 -9999.0 -9999.0 -9999.0 -9999.0 -9999.0 -9999.0 -9999.0 -9999.0 -9999.0 -9999.0 -9999.0 -9999.0 -9999.0 -9999.0 -9999.0 -9999.0 -9999.0 -9999.0 -9999.0 -9999.0 -9999.0 -9999.0 -9999.0 -9999.0 -9999.0 -9999.0 -9999.0 -9999.0 -9999.0 -9999.0 -9999.0 -9999.0 -9999.0 -9999.0 -9999.0 -9999.0 -9999.0 -9999.0 -9999.0 -9999.0 -9999.0
-9999.0 -9999.0 -9999.0 -9999.0 -9999.0 -9999.0 -9999.0 -9999.0 -9999.0 -9999.0 -9999.0 -9999.0 -9999.0 -9999.0 -9999.0 -9999.0 -9999.0 -9999.0 -9999.0 -9999.0 -9999.0 -9999.0 -9999.0 -9999.0 -9999.0 -9999.0 -9999.0 -9999.0 -9999.0 -9999.0 -9999.0 -9999.0 -9999.0 -9999.0 -9999.0 -9999.0 -9999.0 -9999.0 -9999.0 -9999.0 -9999.0 -9999.0 -9999.0 -9999.0 -9999.0 -9999.0 -9999.0 -9999.0 -9999.0 -9999.0 -9999.0 -9999.0 -9999.0 -9999.0 -9999.0 -9999.0 -9999.0 -9999.0 -9999.0 -9999.0 -9999.0 -9999.0 -9999.0 -9999.0 -9999.0 -9999.0 -9999.0 -9999.0 -9999.0 -9999.0 -9999.0 -9999.0 -9999.0 -9999.0 -9999.0 -9999.0 -9999.0 -9999.0 -9999.0 -9999.0