Borden_/Borden1m_014/output_maps/thetaliqL0005N0015.asc
ncols         80
nrows         18
xllcorner     620200.000000
yllcorner     5168000.000000
cellsize      1.000000
NODATA_value  -9999.0
-9999.0 -9999.0 -9999.0 -9999.0 -9999.0 -9999.0 -9999.0 -9999.0 -9999.0 -9999.0 -9999.0 -9999.0 -9999.0 -9999.0 -9999.0 -9999.0 -9999.0 -9999.0 -9999.0 -9999.0 -9999.0 -9999.0 -9999.0 -9999.0 -9999.0 -9999.0 -9999.0 -9999.0 -9999.0 -9999.0 -9999.0 -9999.0 -9999.0 -9999.0 -9999.0 -9999.0 -9999.0 -9999.0 -9999.0 -9999.0 -9999.0 -9999.0 -9999.0 -9999.0 -9999.0 -9999.0 -9999.0 -9999.0 -9999.0 -9999.0 -9999.0 -9999.0 -9999.0 -9999.0 -9999.0 -9999.0 -9999.0 -9999.0 -9999.0 -9999.0 -9999.0 -9999.0 -9999.0 -9999.0 -9999.0 -9999.0 -9999.0 -9999.0 -9999.0 -9999.0 -9999.0 -9999.0 -9999.0 -9999.0 -9999.0 -9999.0 -9999.0 -9999.0 -9999.0 -9999.0
-9999.0 -9999.0 -9999.0 -9999.0 -9999.0 -9999.0 -9999.0 -9999.0 -9999.0 -9999.0 -9999.0 -9999.0 -9999.0 -9999.0 -9999.0 -9999.0 -9999.0 -9999.0 -9999.0 -9999.0 -9999.0 -9999.0 -9999.0 -9999.0 -9999.0 -9999.0 -9999.0 -9999.0 -9999.0 -9999.0 -9999.0 -9999.0 -9999.0 -9999.0 -9999.0 -9999.0 -9999.0 -9999.0 -9999.0 -9999.0 -9999.0 -9999.0 -9999.0 -9999.0 -9999.0 -9999.0 -9999.0 -9999.0 -9999.0 -9999.0 -9999.0 -9999.0 -9999.0 -9999.0 -9999.0 -9999.0 -9999.0 -9999.0 -9999.0 -9999.0 -9999.0 -9999.0 -9999.0 -9999.0 -9999.0 -9999.0 -9999.0 -9999.0 -9999.0 -9999.0 -9999.0 -9999.0 -9999.0 -9999.0 -9999.0 -9999.0 -9999.0 -9999.0 -9999.0 -9999.0
-9999.0 -9999.0 -9999.0 -9999.0 -9999.0 -9999.0 -9999.0 -9999.0 -9999.0 -9999.0 -9999.0 -9999.0 -9999.0 -9999.0 -9999.0 -9999.0 -9999.0 -9999.0 -9999.0 -9999.0 0.108246 0.109040 0.103737 0.097227 0.092762 0.092943 0.098433 0.106565 0.116090 0.119154 0.113758 0.113962 0.112403 0.112362 0.113139 0.114642 0.115201 0.118582 0.121196 0.121100 0.119140 0.117337 0.116739 0.117811 0.119300 0.116899 0.121014 0.126210 0.128711 0.127015 0.118186 0.113740 0.111780 0.108346 0.114907 0.118838 0.126681 0.128450 0.128299 0.119283 0.110847 -9999.0 -9999.0 -9999.0 -9999.0 -9999.0 -9999.0 -9999.0 -9999.0 -9999.0 -9999.0 -9999.0 -9999.0 -9999.0 -9999.0 -9999.0 -9999.0 -9999.0 -9999.0 -9999.0
-9999.0 -9999.0 -9999.0 -9999.0 -9999.0 -9999.0 -9999.0 -9999.0 -9999.0 -9999.0 -9999.0 -9999.0 -9999.0 -9999.0 0.092033 0.090603 0.090145 0.091153 0.096004 0.101203 0.103715 0.102036 0.101957 0.097496 0.094196 0.096323 0.101391 0.107918 0.116634 0.122853 0.118534 0.117530 0.120705 0.130373 0.136171 0.134902 0.126546 0.134987 0.141839 0.146265 0.145691 0.141636 0.148641 0.157006 0.153505 0.144882 0.146210 0.151851 0.160020 0.152256 0.125042 0.118355 0.117847 0.116227 0.112841 0.111253 0.118374 0.118953 0.116706 0.111963 0.104481 0.096281 0.093622 0.100090 0.109919 0.127896 -9999.0 -9999.0 -9999.0 -9999.0 -9999.0 -9999.0 -9999.0 -9999.0 -9999.0 -9999.0 -9999.0 -9999.0 -9999.0 -9999.0
-9999.0 -9999.0 -9999.0 -9999.0 -9999.0 -9999.0 -9999.0 -9999.0 -9999.0 0.085675 0.085943 0.086606 0.086692 0.088333 0.088068 0.088788 0.089684 0.092975 0.097693 0.104279 0.110933 0.108163 0.108047 0.111071 0.112981 0.116394 0.122368 0.136922 0.156463 0.180801 0.163226 0.161892 0.173047 0.210097 0.246048 0.255858 0.238723 0.239829 0.263088 0.287252 0.286222 0.284425 0.305739 0.316715 0.323025 0.308054 0.291177 0.288305 0.311317 0.264752 0.208595 0.168600 0.169042 0.152104 0.133532 0.125230 0.124404 0.133126 0.127715 0.115885 0.106686 0.104934 0.101685 0.105160 0.110721 0.125142 0.140534 0.154801 0.155480 0.146993 -9999.0 -9999.0 -9999.0 -9999.0 -9999.0 -9999.0 -9999.0 -9999.0 -9999.0 -9999.0
-9999.0 -9999.0 -9999.0 -9999.0 -9999.0 -9999.0 0.079696 0.080190 0.081471 0.081801 0.083654 0.084229 0.086095 0.088056 0.090334 0.092477 0.097129 0.102948 0.112450 0.125662 0.137721 0.135632 0.139412 0.155744 0.182683 0.208634 0.228088 0.261335 0.328965 0.356890 0.363230 0.365398 0.369051 0.370000 0.370000 0.370000 0.370000 0.370000 0.370000 0.370000 0.370000 0.370000 0.370000 0.370000 0.370000 0.370000 0.370000 0.370000 0.370000 0.370000 0.370000 0.369205 0.350693 0.315541 0.244957 0.195611 0.190749 0.201434 0.180382 0.150672 0.132274 0.128772 0.124088 0.119667 0.121610 0.128713 0.138649 0.144291 0.139267 0.131302 0.123241 0.114545 0.115176 0.123289 -9999.0 -9999.0 -9999.0 -9999.0 -9999.0 -9999.0
-9999.0 -9999.0 -9999.0 -9999.0 0.077035 0.077615 0.076995 0.078120 0.079903 0.082100 0.084706 0.088446 0.091639 0.095800 0.103298 0.112194 0.125055 0.137613 0.164205 0.212137 0.259117 0.284950 0.297525 0.347652 0.370000 0.370000 0.370000 0.370000 0.370000 0.370000 0.370000 0.370000 0.370000 0.370000 0.370000 0.370000 0.370000 0.370000 0.370000 0.370000 0.370000 0.370000 0.370000 0.370000 0.370000 0.370000 0.370000 0.370000 0.370000 0.370000 0.370000 0.370000 0.370000 0.370000 0.370000 0.370000 0.370000 0.366511 0.336108 0.290660 0.228572 0.205857 0.183419 0.168179 0.152059 0.153185 0.155564 0.146562 0.134039 0.122807 0.118423 0.113308 0.110863 0.119606 0.125686 0.138125 -9999.0 -9999.0 -9999.0 -9999.0
-9999.0 -9999.0 0.074813 0.076725 0.079604 0.080045 0.080172 0.080397 0.082194 0.086545 0.096875 0.107072 0.118891 0.128201 0.153552 0.209664 0.275209 0.316775 0.359457 0.370000 0.370000 0.370000 0.370000 0.370000 0.370000 0.370000 0.370000 0.370000 0.370000 0.370000 0.370000 0.370000 0.370000 0.370000 0.370000 0.370000 0.370000 0.370000 0.370000 0.370000 0.370000 0.370000 0.370000 0.370000 0.370000 0.370000 0.370000 0.370000 0.370000 0.370000 0.370000 0.370000 0.370000 0.370000 0.370000 0.370000 0.370000 0.370000 0.370000 0.370000 0.370000 0.369795 0.347788 0.304599 0.254691 0.227625 0.194049 0.169593 0.146959 0.128873 0.121383 0.116132 0.115889 0.116407 0.121646 0.127312 0.133450 0.136786 -9999.0 -9999.0
-9999.0 0.072283 0.074015 0.079525 0.085368 0.090142 0.096062 0.101294 0.105799 0.108040 0.143906 0.214605 0.290211 0.312390 0.353742 0.370000 0.370000 0.370000 0.370000 0.370000 0.370000 0.370000 0.370000 0.370000 0.370000 0.370000 0.370000 0.370000 0.370000 0.370000 0.370000 0.370000 0.370000 0.370000 0.370000 0.370000 0.370000 0.370000 0.370000 0.370000 0.370000 0.370000 0.370000 0.370000 0.370000 0.370000 0.370000 0.370000 0.370000 0.370000 0.370000 0.370000 0.370000 0.370000 0.370000 0.370000 0.370000 0.370000 0.370000 0.370000 0.370000 0.370000 0.370000 0.370000 0.370000 0.344988 0.292446 0.243514 0.196005 0.172798 0.156751 0.133446 0.125239 0.126408 0.123504 0.122966 0.125524 0.127965 -9999.0 -9999.0
-9999.0 0.071010 0.074139 0.083967 0.104207 0.119599 0.176401 0.240035 0.260617 0.239939 0.335149 0.370000 0.370000 0.370000 0.370000 0.370000 0.370000 0.370000 0.370000 0.370000 0.370000 0.370000 0.370000 0.370000 0.370000 0.370000 0.370000 0.370000 0.370000 0.370000 0.370000 0.370000 0.370000 0.370000 0.370000 0.370000 0.370000 0.370000 0.370000 0.370000 0.370000 0.370000 0.370000 0.370000 0.370000 0.370000 0.370000 0.370000 0.370000 0.370000 0.370000 0.370000 0.370000 0.370000 0.370000 0.370000 0.370000 0.370000 0.370000 0.370000 0.370000 0.370000 0.370000 0.370000 0.370000 0.370000 0.370000 0.368561 0.334234 0.293337 0.248614 0.202958 0.165937 0.152409 0.135051 0.127155 -9999.0 -9999.0 -9999.0 -9999.0
-9999.0 0.070249 0.073823 0.091783 0.172321 0.277850 0.370000 0.370000 0.370000 0.370000 0.370000 0.370000 0.370000 0.370000 0.370000 0.370000 0.370000 0.370000 0.370000 0.370000 0.370000 0.370000 0.370000 0.370000 0.370000 0.370000 0.370000 0.370000 0.370000 0.370000 0.370000 0.370000 0.370000 0.370000 0.370000 0.369690 0.351339 0.346466 0.337783 0.314171 0.299003 0.287929 0.302416 0.299443 0.298519 0.306731 0.324764 0.336408 0.360226 0.369783 0.370000 0.370000 0.370000 0.370000 0.370000 0.370000 0.370000 0.370000 0.370000 0.370000 0.370000 0.370000 0.370000 0.370000 0.370000 0.370000 0.370000 0.370000 0.370000 0.370000 0.369990 0.344983 0.283631 0.209835 0.182049 -9999.0 -9999.0 -9999.0 -9999.0 -9999.0
-9999.0 0.068960 0.072206 0.087380 0.210217 0.370000 0.370000 0.370000 0.370000 0.370000 0.370000 0.370000 0.370000 0.370000 0.370000 0.370000 0.370000 0.370000 0.370000 0.370000 0.370000 0.370000 0.370000 0.370000 0.370000 0.370000 0.370000 0.370000 0.370000 0.370000 0.367250 0.356823 0.305484 0.243338 0.204888 0.172933 0.145696 0.145016 0.152306 0.144189 0.134897 0.127769 0.137321 0.143426 0.148105 0.143665 0.147364 0.164372 0.193625 0.223495 0.265005 0.313457 0.347757 0.369199 0.370000 0.370000 0.370000 0.370000 0.370000 0.370000 0.370000 0.370000 0.370000 0.370000 0.370000 0.370000 0.370000 0.370000 0.370000 0.370000 0.370000 0.370000 0.370000 -9999.0 -9999.0 -9999.0 -9999.0 -9999.0 -9999.0 -9999.0
-9999.0 0.068287 0.069860 0.074441 0.101066 0.198067 0.330212 0.370000 0.370000 0.370000 0.370000 0.370000 0.370000 0.370000 0.370000 0.370000 0.370000 0.370000 0.370000 0.370000 0.370000 0.369617 0.369235 0.368180 0.359943 0.351289 0.344580 0.328256 0.296431 0.247226 0.182871 0.147431 0.123600 0.113028 0.105832 0.099296 0.092928 0.094557 0.097021 0.096187 0.094134 0.093344 0.098037 0.101288 0.103245 0.100401 0.103932 0.109940 0.121477 0.135741 0.156425 0.186377 0.222307 0.245436 0.259785 0.289125 0.327051 0.365725 0.370000 0.370000 0.370000 0.370000 0.370000 0.370000 0.370000 0.370000 0.370000 0.370000 0.370000 0.370000 0.370000 -9999.0 -9999.0 -9999.0 -9999.0 -9999.0 -9999.0 -9999.0 -9999.0 -9999.0
-9999.0 -9999.0 0.068257 0.069343 0.071353 0.076588 0.086634 0.102027 0.118414 0.145561 0.190764 0.244467 0.277711 0.291153 0.273357 0.234918 0.211734 0.212062 0.205565 0.193957 0.176168 0.170244 0.165658 0.161799 0.154292 0.150518 0.148228 0.143528 0.134323 0.118451 0.104796 0.095314 0.088134 0.085634 0.083684 0.081863 0.081570 0.081504 0.082037 0.082105 0.082452 0.083344 0.085166 0.087233 0.088204 0.088890 0.090362 0.093474 0.098684 0.106635 0.120181 0.139921 0.156900 0.162051 0.155988 0.158376 0.169922 0.197565 0.270273 0.349199 0.370000 0.370000 0.370000 0.370000 0.370000 0.370000 0.370000 0.370000 0.370000 0.370000 -9999.0 -9999.0 -9999.0 -9999.0 -9999.0 -9999.0 -9999.0 -9999.0 -9999.0 -9999.0
-9999.0 -9999.0 -9999.0 -9999.0 0.068447 0.069468 0.070491 0.071701 0.074609 0.079037 0.085408 0.093740 0.101692 0.106186 0.103120 0.101201 0.099457 0.099046 0.097696 0.096537 0.095440 0.094306 0.092921 0.091913 0.091765 0.092183 0.091971 0.090354 0.088631 0.085620 0.083398 0.080776 0.078531 0.077075 0.076516 0.076206 0.076236 0.076025 0.076444 0.076678 0.077349 0.078110 0.079442 0.081244 0.082082 0.083164 0.083954 0.085857 0.088968 0.096086 0.108068 0.123347 0.134902 0.135420 0.124635 0.118831 0.117261 0.125392 0.142881 0.178348 0.254733 0.320739 0.365820 0.370000 0.370000 0.370000 0.370000 0.370000 -9999.0 -9999.0 -9999.0 -9999.0 -9999.0 -9999.0 -9999.0 -9999.0 -9999.0 -9999.0 -9999.0 -9999.0
-9999.0 -9999.0 -9999.0 -9999.0 -9999.0 -9999.0 0.068242 0.068657 0.069174 0.070239 0.071822 0.073882 0.076396 0.077356 0.078035 0.079176 0.078855 0.077984 0.077223 0.078014 0.078435 0.078216 0.076922 0.076852 0.076986 0.077453 0.077415 0.077148 0.076060 0.076373 0.076297 0.075404 0.074514 0.074079 0.073742 0.074060 0.074095 0.073725 0.073805 0.074610 0.075272 0.075764 0.076696 0.078289 0.080139 0.081038 0.081063 0.081459 0.084847 0.092808 0.104924 0.118151 0.127602 0.129603 0.119124 0.107433 0.102200 0.102972 0.110003 0.124349 0.154553 0.179981 0.199800 0.217838 0.243353 0.329788 -9999.0 -9999.0 -9999.0 -9999.0 -9999.0 -9999.0 -9999.0 -9999.0 -9999.0 -9999.0 -9999.0 -9999.0 -9999.0 -9999.0
-9999.0 -9999.0 -9999.0 -9999.0 -9999.0 -9999.0 -9999.0 -9999.0 -9999.0 -9999.0 -9999.0 -9999.0 -9999.0 -9999.0 -9999.0 -9999.0 -9999.0 -9999.0 -9999.0 -9999.0 -9999.0 -9999.0 -9999.0 -9999.0 -9999.0 -9999.0 -9999.0 -9999.0 -9999.0 -9999.0 -9999.0 -9999.0 -9999.0 -9999.0 -9999.0 -9999.0 -9999.0 -9999.0 -9999.0 -9999.0 -9999.0 -9999.0 -9999.0 -9999.0 -9999.0 -9999.0 -9999.0 -9999.0 -9999.0 -9999.0 -9999.0 -9999.0 -9999.0 -9999.0 -9999.0 -9999.0 -9999.0 -9999.0 -9999.0 -9999.0 -9999.0 -9999.0 -9999.0 -9999.0 -9999.0 -9999.0 -9999.0 -9999.0 -9999.0 -9999.0 -9999.0 -9999.0 -9999.0 -9999.0 -9999.0 -9999.0 -9999.0 -9999.0 -9999.0 -9999.0
-9999.0 -9999.0 -9999.0 -9999.0 -9999.0 -9999.0 -9999.0 -9999.0 -9999.0 -9999.0 -9999.0 -9999.0 -9999.0 -9999.0 -9999.0 -9999.0 -9999.0 -9999.0 -9999.0 -9999.0 -9999.0 -9999.0 -9999.0 -9999.0 -9999.0 -9999.0 -9999.0 -9999.0 -9999.0 -9999.0 -9999.0 -9999.0 -9999.0 -9999.0 -9999.0 -9999.0 -9999.0 -9999.0 -9999.0 -9999.0 -9999.0 -9999.0 -9999.0 -9999.0 -9999.0 -9999.0 -9999.0 -9999.0 -9999.0 -9999.0 -9999.0 -9999.0 -9999.0 -9999.0 -9999.0 -9999.0 -9999.0 -9999.0 -9999.0 -9999.0 -9999.0 -9999.0 -9999.0 -9999.0 -9999.0 -9999.0 -9999.0 -9999.0 -9999.0 -9999.0 -9999.0 -9999.0 -9999.0 -9999.0 -9999.0 -9999.0 -9999.0 -9999.0 -9999.0 -9999.0