Borden_/Borden1m_014/output_maps/thetaliqL0007N0013.asc
ncols         80
nrows         18
xllcorner     620200.000000
yllcorner     5168000.000000
cellsize      1.000000
NODATA_value  -9999.0
-9999.0 -9999.0 -9999.0 -9999.0 -9999.0 -9999.0 -9999.0 -9999.0 -9999.0 -9999.0 -9999.0 -9999.0 -9999.0 -9999.0 -9999.0 -9999.0 -9999.0 -9999.0 -9999.0 -9999.0 -9999.0 -9999.0 -9999.0 -9999.0 -9999.0 -9999.0 -9999.0 -9999.0 -9999.0 -9999.0 -9999.0 -9999.0 -9999.0 -9999.0 -9999.0 -9999.0 -9999.0 -9999.0 -9999.0 -9999.0 -9999.0 -9999.0 -9999.0 -9999.0 -9999.0 -9999.0 -9999.0 -9999.0 -9999.0 -9999.0 -9999.0 -9999.0 -9999.0 -9999.0 -9999.0 -9999.0 -9999.0 -9999.0 -9999.0 -9999.0 -9999.0 -9999.0 -9999.0 -9999.0 -9999.0 -9999.0 -9999.0 -9999.0 -9999.0 -9999.0 -9999.0 -9999.0 -9999.0 -9999.0 -9999.0 -9999.0 -9999.0 -9999.0 -9999.0 -9999.0
-9999.0 -9999.0 -9999.0 -9999.0 -9999.0 -9999.0 -9999.0 -9999.0 -9999.0 -9999.0 -9999.0 -9999.0 -9999.0 -9999.0 -9999.0 -9999.0 -9999.0 -9999.0 -9999.0 -9999.0 -9999.0 -9999.0 -9999.0 -9999.0 -9999.0 -9999.0 -9999.0 -9999.0 -9999.0 -9999.0 -9999.0 -9999.0 -9999.0 -9999.0 -9999.0 -9999.0 -9999.0 -9999.0 -9999.0 -9999.0 -9999.0 -9999.0 -9999.0 -9999.0 -9999.0 -9999.0 -9999.0 -9999.0 -9999.0 -9999.0 -9999.0 -9999.0 -9999.0 -9999.0 -9999.0 -9999.0 -9999.0 -9999.0 -9999.0 -9999.0 -9999.0 -9999.0 -9999.0 -9999.0 -9999.0 -9999.0 -9999.0 -9999.0 -9999.0 -9999.0 -9999.0 -9999.0 -9999.0 -9999.0 -9999.0 -9999.0 -9999.0 -9999.0 -9999.0 -9999.0
-9999.0 -9999.0 -9999.0 -9999.0 -9999.0 -9999.0 -9999.0 -9999.0 -9999.0 -9999.0 -9999.0 -9999.0 -9999.0 -9999.0 -9999.0 -9999.0 -9999.0 -9999.0 -9999.0 -9999.0 0.279673 0.281993 0.263770 0.235987 0.213363 0.214443 0.241756 0.274390 0.302187 0.309109 0.296393 0.297091 0.293104 0.292931 0.295074 0.299214 0.300911 0.308803 0.314273 0.314081 0.310034 0.306100 0.305014 0.307427 0.310715 0.305042 0.313987 0.323352 0.327083 0.324355 0.307594 0.296773 0.291210 0.280694 0.299272 0.308299 0.322856 0.325537 0.325132 0.308845 0.287653 -9999.0 -9999.0 -9999.0 -9999.0 -9999.0 -9999.0 -9999.0 -9999.0 -9999.0 -9999.0 -9999.0 -9999.0 -9999.0 -9999.0 -9999.0 -9999.0 -9999.0 -9999.0 -9999.0
-9999.0 -9999.0 -9999.0 -9999.0 -9999.0 -9999.0 -9999.0 -9999.0 -9999.0 -9999.0 -9999.0 -9999.0 -9999.0 -9999.0 0.208864 0.201049 0.198516 0.204378 0.230013 0.253798 0.263908 0.257458 0.257043 0.237564 0.221174 0.231869 0.254972 0.279426 0.304030 0.317099 0.308607 0.306512 0.313353 0.329668 0.337171 0.335941 0.324714 0.336448 0.343587 0.347272 0.346864 0.343477 0.348983 0.354061 0.352113 0.346150 0.347359 0.351303 0.355533 0.351148 0.321804 0.308561 0.307026 0.303052 0.294176 0.289719 0.307649 0.308755 0.303606 0.291219 0.266705 0.231430 0.217840 0.248865 0.284698 0.324063 -9999.0 -9999.0 -9999.0 -9999.0 -9999.0 -9999.0 -9999.0 -9999.0 -9999.0 -9999.0 -9999.0 -9999.0 -9999.0 -9999.0
-9999.0 -9999.0 -9999.0 -9999.0 -9999.0 -9999.0 -9999.0 -9999.0 -9999.0 0.170919 0.172828 0.176962 0.177714 0.187665 0.186292 0.190627 0.195845 0.214461 0.238354 0.266171 0.288282 0.280061 0.279774 0.288782 0.293786 0.302760 0.316146 0.337846 0.353346 0.362351 0.356729 0.356242 0.360766 0.367613 0.369367 0.369572 0.369219 0.369299 0.369716 0.369898 0.369891 0.369881 0.369963 0.369982 0.369988 0.369964 0.369917 0.369911 0.369977 0.369720 0.367525 0.359385 0.359193 0.350992 0.334321 0.322095 0.320380 0.332867 0.325148 0.301938 0.275155 0.268402 0.255706 0.269257 0.287472 0.319976 0.339923 0.350716 0.351015 0.345290 -9999.0 -9999.0 -9999.0 -9999.0 -9999.0 -9999.0 -9999.0 -9999.0 -9999.0 -9999.0
-9999.0 -9999.0 -9999.0 -9999.0 -9999.0 -9999.0 0.132257 0.135601 0.143979 0.146453 0.158449 0.162286 0.173998 0.186040 0.199665 0.211672 0.235272 0.260741 0.292469 0.321572 0.338303 0.336224 0.340559 0.352998 0.363078 0.367429 0.368821 0.369682 0.369994 0.370000 0.370000 0.370000 0.370000 0.370000 0.370000 0.370000 0.370000 0.370000 0.370000 0.370000 0.370000 0.370000 0.370000 0.370000 0.370000 0.370000 0.370000 0.370000 0.370000 0.370000 0.370000 0.370000 0.370000 0.369982 0.369342 0.366156 0.365015 0.366233 0.362447 0.349831 0.332003 0.326607 0.318612 0.310094 0.314059 0.326111 0.338276 0.343445 0.338674 0.329183 0.316366 0.297537 0.299070 0.316257 -9999.0 -9999.0 -9999.0 -9999.0 -9999.0 -9999.0
-9999.0 -9999.0 -9999.0 -9999.0 0.115570 0.119140 0.115562 0.122614 0.134077 0.148427 0.165237 0.188162 0.206679 0.228701 0.261672 0.291042 0.320072 0.338042 0.357089 0.367553 0.369618 0.369880 0.369943 0.370000 0.370000 0.370000 0.370000 0.370000 0.370000 0.370000 0.370000 0.370000 0.370000 0.370000 0.370000 0.370000 0.370000 0.370000 0.370000 0.370000 0.370000 0.370000 0.370000 0.370000 0.370000 0.370000 0.370000 0.370000 0.370000 0.370000 0.370000 0.370000 0.370000 0.370000 0.370000 0.370000 0.370000 0.370000 0.369998 0.369915 0.368821 0.366920 0.363162 0.358423 0.350197 0.350643 0.351842 0.345651 0.333095 0.315956 0.306930 0.294444 0.287526 0.309120 0.320487 0.336946 -9999.0 -9999.0 -9999.0 -9999.0
-9999.0 -9999.0 0.101728 0.113489 0.131658 0.134778 0.135474 0.137095 0.148757 0.176270 0.232692 0.274472 0.307136 0.325236 0.351355 0.367291 0.369777 0.369981 0.370000 0.370000 0.370000 0.370000 0.370000 0.370000 0.370000 0.370000 0.370000 0.370000 0.370000 0.370000 0.370000 0.370000 0.370000 0.370000 0.370000 0.370000 0.370000 0.370000 0.370000 0.370000 0.370000 0.370000 0.370000 0.370000 0.370000 0.370000 0.370000 0.370000 0.370000 0.370000 0.370000 0.370000 0.370000 0.370000 0.370000 0.370000 0.370000 0.370000 0.370000 0.370000 0.370000 0.370000 0.370000 0.369967 0.369472 0.368369 0.364873 0.358562 0.346153 0.326311 0.313292 0.301771 0.300990 0.302137 0.313305 0.323123 0.331646 0.335558 -9999.0 -9999.0
-9999.0 0.087184 0.097062 0.130580 0.168236 0.196778 0.226842 0.249618 0.267788 0.277640 0.343756 0.367367 0.369856 0.369967 0.370000 0.370000 0.370000 0.370000 0.370000 0.370000 0.370000 0.370000 0.370000 0.370000 0.370000 0.370000 0.370000 0.370000 0.370000 0.370000 0.370000 0.370000 0.370000 0.370000 0.370000 0.370000 0.370000 0.370000 0.370000 0.370000 0.370000 0.370000 0.370000 0.370000 0.370000 0.370000 0.370000 0.370000 0.370000 0.370000 0.370000 0.370000 0.370000 0.370000 0.370000 0.370000 0.370000 0.370000 0.370000 0.370000 0.370000 0.370000 0.370000 0.370000 0.370000 0.370000 0.369933 0.369133 0.365276 0.359639 0.352291 0.332180 0.320112 0.321849 0.316892 0.315828 0.320218 0.324093 -9999.0 -9999.0
-9999.0 0.081069 0.097284 0.157879 0.261777 0.306997 0.360043 0.368769 0.369423 0.368859 0.369995 0.370000 0.370000 0.370000 0.370000 0.370000 0.370000 0.370000 0.370000 0.370000 0.370000 0.370000 0.370000 0.370000 0.370000 0.370000 0.370000 0.370000 0.370000 0.370000 0.370000 0.370000 0.370000 0.370000 0.370000 0.370000 0.370000 0.370000 0.370000 0.370000 0.370000 0.370000 0.370000 0.370000 0.370000 0.370000 0.370000 0.370000 0.370000 0.370000 0.370000 0.370000 0.370000 0.370000 0.370000 0.370000 0.370000 0.370000 0.370000 0.370000 0.370000 0.370000 0.370000 0.370000 0.370000 0.370000 0.370000 0.370000 0.369998 0.369920 0.369220 0.365890 0.356531 0.349196 0.333740 0.322977 -9999.0 -9999.0 -9999.0 -9999.0
-9999.0 0.077348 0.094949 0.200082 0.357923 0.369750 0.370000 0.370000 0.370000 0.370000 0.370000 0.370000 0.370000 0.370000 0.370000 0.370000 0.370000 0.370000 0.370000 0.370000 0.370000 0.370000 0.370000 0.370000 0.370000 0.370000 0.370000 0.370000 0.370000 0.370000 0.370000 0.370000 0.370000 0.370000 0.370000 0.370000 0.370000 0.369999 0.369998 0.369980 0.369946 0.369894 0.369954 0.369951 0.369951 0.369967 0.369991 0.369998 0.370000 0.370000 0.370000 0.370000 0.370000 0.370000 0.370000 0.370000 0.370000 0.370000 0.370000 0.370000 0.370000 0.370000 0.370000 0.370000 0.370000 0.370000 0.370000 0.370000 0.370000 0.370000 0.370000 0.369999 0.369805 0.366325 0.361294 -9999.0 -9999.0 -9999.0 -9999.0 -9999.0
-9999.0 0.072315 0.085765 0.171882 0.364941 0.370000 0.370000 0.370000 0.370000 0.370000 0.370000 0.370000 0.370000 0.370000 0.370000 0.370000 0.370000 0.370000 0.370000 0.370000 0.370000 0.370000 0.370000 0.370000 0.370000 0.370000 0.370000 0.370000 0.370000 0.370000 0.370000 0.370000 0.369956 0.369279 0.366777 0.359914 0.345150 0.344572 0.350142 0.344211 0.334626 0.324831 0.337642 0.343917 0.347802 0.344169 0.347297 0.357198 0.365102 0.368315 0.369732 0.369985 0.370000 0.370000 0.370000 0.370000 0.370000 0.370000 0.370000 0.370000 0.370000 0.370000 0.370000 0.370000 0.370000 0.370000 0.370000 0.370000 0.370000 0.370000 0.370000 0.370000 0.370000 -9999.0 -9999.0 -9999.0 -9999.0 -9999.0 -9999.0 -9999.0
-9999.0 0.070095 0.075212 0.096620 0.233989 0.362905 0.369985 0.370000 0.370000 0.370000 0.370000 0.370000 0.370000 0.370000 0.370000 0.370000 0.370000 0.370000 0.370000 0.370000 0.370000 0.370000 0.370000 0.370000 0.370000 0.370000 0.369999 0.369994 0.369937 0.369349 0.363063 0.346386 0.316370 0.292247 0.269284 0.243016 0.212442 0.220948 0.232948 0.229192 0.219216 0.215447 0.238739 0.253272 0.261166 0.249923 0.264275 0.284854 0.313517 0.335695 0.353004 0.363684 0.368086 0.369216 0.369651 0.369925 0.369996 0.370000 0.370000 0.370000 0.370000 0.370000 0.370000 0.370000 0.370000 0.370000 0.370000 0.370000 0.370000 0.370000 0.370000 -9999.0 -9999.0 -9999.0 -9999.0 -9999.0 -9999.0 -9999.0 -9999.0 -9999.0
-9999.0 -9999.0 0.070064 0.073744 0.081677 0.107323 0.162505 0.231395 0.286329 0.339664 0.364371 0.369162 0.369781 0.369883 0.369752 0.368996 0.367812 0.367771 0.367057 0.365293 0.360860 0.358756 0.356752 0.354904 0.350976 0.348589 0.346865 0.342825 0.332781 0.305286 0.265529 0.224226 0.184902 0.169565 0.157398 0.146028 0.144272 0.143765 0.147151 0.147703 0.150121 0.155972 0.167560 0.180512 0.186505 0.190825 0.199408 0.216614 0.242268 0.274157 0.311027 0.340089 0.352933 0.355701 0.352910 0.354488 0.359629 0.366089 0.369795 0.370000 0.370000 0.370000 0.370000 0.370000 0.370000 0.370000 0.370000 0.370000 0.370000 0.370000 -9999.0 -9999.0 -9999.0 -9999.0 -9999.0 -9999.0 -9999.0 -9999.0 -9999.0 -9999.0
-9999.0 -9999.0 -9999.0 -9999.0 0.070725 0.074199 0.078037 0.083505 0.097979 0.123528 0.162386 0.210040 0.248723 0.266508 0.255991 0.249618 0.242358 0.239931 0.233421 0.228520 0.223705 0.217961 0.210216 0.204849 0.204304 0.206859 0.205698 0.196708 0.186478 0.169044 0.155499 0.138852 0.124600 0.115526 0.112017 0.110197 0.110327 0.109059 0.111544 0.113170 0.117384 0.122241 0.130792 0.142493 0.148181 0.155189 0.160284 0.172238 0.191348 0.230141 0.278968 0.317074 0.334426 0.335177 0.320045 0.308814 0.305314 0.321675 0.343935 0.362374 0.369594 0.369993 0.370000 0.370000 0.370000 0.370000 0.370000 0.370000 -9999.0 -9999.0 -9999.0 -9999.0 -9999.0 -9999.0 -9999.0 -9999.0 -9999.0 -9999.0 -9999.0 -9999.0
-9999.0 -9999.0 -9999.0 -9999.0 -9999.0 -9999.0 0.069974 0.071275 0.073192 0.077511 0.084946 0.095853 0.110377 0.116544 0.121165 0.128433 0.126581 0.121048 0.116254 0.121173 0.124052 0.122590 0.114531 0.114117 0.115043 0.117875 0.117644 0.115962 0.109438 0.111361 0.110928 0.105496 0.100203 0.097618 0.095731 0.097418 0.097600 0.095576 0.096044 0.100622 0.104618 0.107686 0.113471 0.123561 0.135441 0.141388 0.141669 0.144380 0.165996 0.212978 0.267881 0.306394 0.324269 0.327317 0.308937 0.277486 0.258267 0.261330 0.285887 0.319964 0.352570 0.362904 0.366598 0.368478 0.369540 0.369998 -9999.0 -9999.0 -9999.0 -9999.0 -9999.0 -9999.0 -9999.0 -9999.0 -9999.0 -9999.0 -9999.0 -9999.0 -9999.0 -9999.0
-9999.0 -9999.0 -9999.0 -9999.0 -9999.0 -9999.0 -9999.0 -9999.0 -9999.0 -9999.0 -9999.0 -9999.0 -9999.0 -9999.0 -9999.0 -9999.0 -9999.0 -9999.0 -9999.0 -9999.0 -9999.0 -9999.0 -9999.0 -9999.0 -9999.0 -9999.0 -9999.0 -9999.0 -9999.0 -9999.0 -9999.0 -9999.0 -9999.0 -9999.0 -9999.0 -9999.0 -9999.0 -9999.0 -9999.0 -9999.0 -9999.0 -9999.0 -9999.0 -9999.0 -9999.0 -9999.0 -9999.0 -9999.0 -9999.0 -9999.0 -9999.0 -9999.0 -9999.0 -9999.0 -9999.0 -9999.0 -9999.0 -9999.0 -9999.0 -9999.0 -9999.0 -9999.0 -9999.0 -9999.0 -9999.0 -9999.0 -9999.0 -9999.0 -9999.0 -9999.0 -9999.0 -9999.0 -9999.0 -9999.0 -9999.0 -9999.0 -9999.0 -9999.0 -9999.0 -9999.0
-9999.0 -9999.0 -9999.0 -9999.0 -9999.0 -9999.0 -9999.0 -9999.0 -9999.0 -9999.0 -9999.0 -9999.0 -9999.0 -9999.0 -9999.0 -9999.0 -9999.0 -9999.0 -9999.0 -9999.0 -9999.0 -9999.0 -9999.0 -9999.0 -9999.0 -9999.0 -9999.0 -9999.0 -9999.0 -9999.0 -9999.0 -9999.0 -9999.0 -9999.0 -9999.0 -9999.0 -9999.0 -9999.0 -9999.0 -9999.0 -9999.0 -9999.0 -9999.0 -9999.0 -9999.0 -9999.0 -9999.0 -9999.0 -9999.0 -9999.0 -9999.0 -9999.0 -9999.0 -9999.0 -9999.0 -9999.0 -9999.0 -9999.0 -9999.0 -9999.0 -9999.0 -9999.0 -9999.0 -9999.0 -9999.0 -9999.0 -9999.0 -9999.0 -9999.0 -9999.0 -9999.0 -9999.0 -9999.0 -9999.0 -9999.0 -9999.0 -9999.0 -9999.0 -9999.0 -9999.0