Borden_/Borden1m_014/output_maps/thetaliqL0006N0035.asc
ncols         80
nrows         18
xllcorner     620200.000000
yllcorner     5168000.000000
cellsize      1.000000
NODATA_value  -9999.0
-9999.0 -9999.0 -9999.0 -9999.0 -9999.0 -9999.0 -9999.0 -9999.0 -9999.0 -9999.0 -9999.0 -9999.0 -9999.0 -9999.0 -9999.0 -9999.0 -9999.0 -9999.0 -9999.0 -9999.0 -9999.0 -9999.0 -9999.0 -9999.0 -9999.0 -9999.0 -9999.0 -9999.0 -9999.0 -9999.0 -9999.0 -9999.0 -9999.0 -9999.0 -9999.0 -9999.0 -9999.0 -9999.0 -9999.0 -9999.0 -9999.0 -9999.0 -9999.0 -9999.0 -9999.0 -9999.0 -9999.0 -9999.0 -9999.0 -9999.0 -9999.0 -9999.0 -9999.0 -9999.0 -9999.0 -9999.0 -9999.0 -9999.0 -9999.0 -9999.0 -9999.0 -9999.0 -9999.0 -9999.0 -9999.0 -9999.0 -9999.0 -9999.0 -9999.0 -9999.0 -9999.0 -9999.0 -9999.0 -9999.0 -9999.0 -9999.0 -9999.0 -9999.0 -9999.0 -9999.0
-9999.0 -9999.0 -9999.0 -9999.0 -9999.0 -9999.0 -9999.0 -9999.0 -9999.0 -9999.0 -9999.0 -9999.0 -9999.0 -9999.0 -9999.0 -9999.0 -9999.0 -9999.0 -9999.0 -9999.0 -9999.0 -9999.0 -9999.0 -9999.0 -9999.0 -9999.0 -9999.0 -9999.0 -9999.0 -9999.0 -9999.0 -9999.0 -9999.0 -9999.0 -9999.0 -9999.0 -9999.0 -9999.0 -9999.0 -9999.0 -9999.0 -9999.0 -9999.0 -9999.0 -9999.0 -9999.0 -9999.0 -9999.0 -9999.0 -9999.0 -9999.0 -9999.0 -9999.0 -9999.0 -9999.0 -9999.0 -9999.0 -9999.0 -9999.0 -9999.0 -9999.0 -9999.0 -9999.0 -9999.0 -9999.0 -9999.0 -9999.0 -9999.0 -9999.0 -9999.0 -9999.0 -9999.0 -9999.0 -9999.0 -9999.0 -9999.0 -9999.0 -9999.0 -9999.0 -9999.0
-9999.0 -9999.0 -9999.0 -9999.0 -9999.0 -9999.0 -9999.0 -9999.0 -9999.0 -9999.0 -9999.0 -9999.0 -9999.0 -9999.0 -9999.0 -9999.0 -9999.0 -9999.0 -9999.0 -9999.0 0.154192 0.155860 0.144274 0.129752 0.119745 0.120191 0.132577 0.150874 0.171800 0.178407 0.167008 0.167571 0.164342 0.164355 0.166178 0.169603 0.170959 0.178352 0.184036 0.183922 0.179786 0.175942 0.174838 0.177216 0.180428 0.175026 0.183857 0.194688 0.199633 0.195880 0.177079 0.167251 0.162752 0.155068 0.169198 0.177391 0.193285 0.196648 0.196131 0.177813 0.159876 -9999.0 -9999.0 -9999.0 -9999.0 -9999.0 -9999.0 -9999.0 -9999.0 -9999.0 -9999.0 -9999.0 -9999.0 -9999.0 -9999.0 -9999.0 -9999.0 -9999.0 -9999.0 -9999.0
-9999.0 -9999.0 -9999.0 -9999.0 -9999.0 -9999.0 -9999.0 -9999.0 -9999.0 -9999.0 -9999.0 -9999.0 -9999.0 -9999.0 0.117921 0.114780 0.113787 0.116086 0.126980 0.138701 0.144360 0.140691 0.140495 0.130530 0.123115 0.127943 0.139522 0.154403 0.173884 0.187468 0.178514 0.176568 0.183763 0.204611 0.217068 0.215156 0.198193 0.215543 0.229371 0.238251 0.237633 0.230439 0.243852 0.258507 0.252841 0.237057 0.238789 0.248413 0.261659 0.247250 0.193939 0.178645 0.176959 0.172998 0.165300 0.161678 0.176851 0.177905 0.172984 0.162617 0.146057 0.127672 0.121676 0.136135 0.157758 0.194768 -9999.0 -9999.0 -9999.0 -9999.0 -9999.0 -9999.0 -9999.0 -9999.0 -9999.0 -9999.0 -9999.0 -9999.0 -9999.0 -9999.0
-9999.0 -9999.0 -9999.0 -9999.0 -9999.0 -9999.0 -9999.0 -9999.0 -9999.0 0.103725 0.104362 0.105827 0.106072 0.109699 0.109186 0.110796 0.112811 0.120228 0.130939 0.145851 0.160684 0.154800 0.154697 0.161543 0.166081 0.174232 0.188022 0.219136 0.256959 0.294317 0.271444 0.270542 0.288940 0.329984 0.352446 0.356784 0.349269 0.350267 0.359653 0.365198 0.365729 0.365742 0.368026 0.368734 0.368979 0.368073 0.366035 0.365463 0.367737 0.359856 0.328381 0.281891 0.278786 0.249256 0.212341 0.194041 0.191671 0.208577 0.197114 0.171887 0.151452 0.147255 0.139901 0.147609 0.159761 0.189708 0.218770 0.242559 0.243348 0.229380 -9999.0 -9999.0 -9999.0 -9999.0 -9999.0 -9999.0 -9999.0 -9999.0 -9999.0 -9999.0
-9999.0 -9999.0 -9999.0 -9999.0 -9999.0 -9999.0 0.090722 0.091802 0.094556 0.095369 0.099383 0.100693 0.104785 0.109148 0.114284 0.119146 0.129673 0.143003 0.164594 0.193847 0.219402 0.216786 0.225749 0.258091 0.299890 0.327455 0.343104 0.359588 0.369051 0.369867 0.369945 0.369965 0.369980 0.369999 0.370000 0.370000 0.370000 0.370000 0.370000 0.370000 0.370000 0.370000 0.370000 0.370000 0.370000 0.370000 0.370000 0.370000 0.370000 0.370000 0.369999 0.369971 0.369724 0.368213 0.352529 0.315771 0.310721 0.319224 0.292608 0.245166 0.208453 0.200036 0.189497 0.179814 0.183517 0.197558 0.215981 0.225628 0.216396 0.201349 0.185384 0.167413 0.168660 0.185176 -9999.0 -9999.0 -9999.0 -9999.0 -9999.0 -9999.0
-9999.0 -9999.0 -9999.0 -9999.0 0.085225 0.086403 0.085217 0.087528 0.091285 0.096019 0.101740 0.110003 0.117211 0.126693 0.143846 0.164482 0.194151 0.222260 0.272498 0.330782 0.358015 0.364904 0.367364 0.369732 0.369986 0.370000 0.370000 0.370000 0.370000 0.370000 0.370000 0.370000 0.370000 0.370000 0.370000 0.370000 0.370000 0.370000 0.370000 0.370000 0.370000 0.370000 0.370000 0.370000 0.370000 0.370000 0.370000 0.370000 0.370000 0.370000 0.370000 0.370000 0.370000 0.370000 0.370000 0.370000 0.369986 0.369944 0.369306 0.365606 0.343775 0.324780 0.297288 0.272966 0.244642 0.244350 0.246659 0.230728 0.207413 0.185050 0.175799 0.164912 0.159610 0.177793 0.189935 0.213231 -9999.0 -9999.0 -9999.0 -9999.0
-9999.0 -9999.0 0.080632 0.084565 0.090544 0.091562 0.091838 0.092371 0.096248 0.105763 0.128922 0.152783 0.180556 0.202323 0.254267 0.328702 0.363571 0.368712 0.369881 0.369996 0.370000 0.370000 0.370000 0.370000 0.370000 0.370000 0.370000 0.370000 0.370000 0.370000 0.370000 0.370000 0.370000 0.370000 0.370000 0.370000 0.370000 0.370000 0.370000 0.370000 0.370000 0.370000 0.370000 0.370000 0.370000 0.370000 0.370000 0.370000 0.370000 0.370000 0.370000 0.370000 0.370000 0.370000 0.370000 0.370000 0.370000 0.370000 0.370000 0.370000 0.369999 0.369966 0.369632 0.367476 0.356670 0.339006 0.304753 0.270356 0.232567 0.198054 0.182425 0.171181 0.170413 0.171351 0.181969 0.193093 0.204672 0.210769 -9999.0 -9999.0
-9999.0 0.075599 0.079068 0.090293 0.102987 0.113555 0.126781 0.139003 0.149849 0.155723 0.234931 0.331671 0.365614 0.368380 0.369801 0.370000 0.370000 0.370000 0.370000 0.370000 0.370000 0.370000 0.370000 0.370000 0.370000 0.370000 0.370000 0.370000 0.370000 0.370000 0.370000 0.370000 0.370000 0.370000 0.370000 0.370000 0.370000 0.370000 0.370000 0.370000 0.370000 0.370000 0.370000 0.370000 0.370000 0.370000 0.370000 0.370000 0.370000 0.370000 0.370000 0.370000 0.370000 0.370000 0.370000 0.370000 0.370000 0.370000 0.370000 0.370000 0.370000 0.370000 0.370000 0.370000 0.369979 0.369545 0.365969 0.349817 0.308399 0.275948 0.249311 0.206982 0.190143 0.191885 0.185877 0.184615 0.189548 0.194261 -9999.0 -9999.0
-9999.0 0.073328 0.079233 0.099692 0.144480 0.180052 0.282060 0.344591 0.357073 0.349149 0.369255 0.370000 0.370000 0.370000 0.370000 0.370000 0.370000 0.370000 0.370000 0.370000 0.370000 0.370000 0.370000 0.370000 0.370000 0.370000 0.370000 0.370000 0.370000 0.370000 0.370000 0.370000 0.370000 0.370000 0.370000 0.370000 0.370000 0.370000 0.370000 0.370000 0.370000 0.370000 0.370000 0.370000 0.370000 0.370000 0.370000 0.370000 0.370000 0.370000 0.370000 0.370000 0.370000 0.370000 0.370000 0.370000 0.370000 0.370000 0.370000 0.370000 0.370000 0.370000 0.370000 0.370000 0.370000 0.370000 0.369993 0.369900 0.368801 0.364749 0.350340 0.313748 0.264217 0.239579 0.208390 0.193007 -9999.0 -9999.0 -9999.0 -9999.0
-9999.0 0.071905 0.078540 0.116164 0.270699 0.359845 0.369981 0.370000 0.370000 0.370000 0.370000 0.370000 0.370000 0.370000 0.370000 0.370000 0.370000 0.370000 0.370000 0.370000 0.370000 0.370000 0.370000 0.370000 0.370000 0.370000 0.370000 0.370000 0.370000 0.370000 0.370000 0.370000 0.370000 0.370000 0.369997 0.369982 0.369775 0.369605 0.369310 0.368125 0.366657 0.365032 0.366902 0.366727 0.366709 0.367523 0.368754 0.369331 0.369873 0.369976 0.369998 0.370000 0.370000 0.370000 0.370000 0.370000 0.370000 0.370000 0.370000 0.370000 0.370000 0.370000 0.370000 0.370000 0.370000 0.370000 0.370000 0.370000 0.369998 0.369973 0.369869 0.369164 0.363002 0.315115 0.281180 -9999.0 -9999.0 -9999.0 -9999.0 -9999.0
-9999.0 0.069777 0.075323 0.106264 0.311724 0.369990 0.370000 0.370000 0.370000 0.370000 0.370000 0.370000 0.370000 0.370000 0.370000 0.370000 0.370000 0.370000 0.370000 0.370000 0.370000 0.370000 0.370000 0.370000 0.370000 0.370000 0.370000 0.370000 0.370000 0.369999 0.369930 0.369783 0.367327 0.352132 0.324742 0.286179 0.239419 0.236678 0.248751 0.233443 0.214991 0.200272 0.219809 0.231610 0.240259 0.232700 0.240506 0.270219 0.310708 0.340078 0.360831 0.368306 0.369691 0.369972 0.369996 0.370000 0.370000 0.370000 0.370000 0.370000 0.370000 0.370000 0.370000 0.370000 0.370000 0.370000 0.370000 0.370000 0.370000 0.370000 0.370000 0.369999 0.369974 -9999.0 -9999.0 -9999.0 -9999.0 -9999.0 -9999.0 -9999.0
-9999.0 0.068720 0.071105 0.079523 0.134657 0.303519 0.368375 0.369987 0.370000 0.370000 0.370000 0.370000 0.370000 0.370000 0.370000 0.370000 0.370000 0.370000 0.370000 0.369999 0.369989 0.369976 0.369975 0.369963 0.369866 0.369706 0.369515 0.368870 0.366211 0.352852 0.299304 0.241620 0.191554 0.166747 0.149739 0.134496 0.120048 0.123652 0.129148 0.127287 0.122713 0.121003 0.131579 0.138986 0.143406 0.137147 0.145174 0.158788 0.184248 0.214254 0.253288 0.298607 0.336127 0.352515 0.359299 0.365945 0.369066 0.369921 0.370000 0.370000 0.370000 0.370000 0.370000 0.370000 0.370000 0.370000 0.370000 0.370000 0.370000 0.370000 0.370000 -9999.0 -9999.0 -9999.0 -9999.0 -9999.0 -9999.0 -9999.0 -9999.0 -9999.0
-9999.0 -9999.0 0.068707 0.070441 0.073864 0.083813 0.106186 0.138300 0.173765 0.232806 0.304235 0.349128 0.361845 0.364703 0.361093 0.345795 0.329874 0.329797 0.323822 0.312450 0.291158 0.282232 0.274378 0.267375 0.254107 0.246661 0.241682 0.231869 0.212641 0.178129 0.147021 0.125280 0.109145 0.103566 0.099303 0.095403 0.094765 0.094617 0.095757 0.095923 0.096695 0.098645 0.102635 0.107214 0.109396 0.110961 0.114258 0.121260 0.133035 0.151008 0.180696 0.220439 0.250892 0.260519 0.252663 0.258792 0.279677 0.318716 0.362585 0.369644 0.369996 0.370000 0.370000 0.370000 0.370000 0.370000 0.370000 0.370000 0.369999 0.370000 -9999.0 -9999.0 -9999.0 -9999.0 -9999.0 -9999.0 -9999.0 -9999.0 -9999.0 -9999.0
-9999.0 -9999.0 -9999.0 -9999.0 0.069037 0.070652 0.072313 0.074523 0.079946 0.088863 0.102565 0.121517 0.140217 0.150714 0.143876 0.139358 0.135178 0.134071 0.130840 0.128199 0.125644 0.122995 0.119729 0.117444 0.117105 0.118052 0.117550 0.113922 0.110009 0.103477 0.098663 0.093029 0.088288 0.085278 0.084110 0.083484 0.083528 0.083109 0.083943 0.084461 0.085846 0.087440 0.090247 0.094092 0.095953 0.098299 0.100035 0.104201 0.111146 0.127137 0.153932 0.186644 0.209817 0.211231 0.190412 0.178584 0.175669 0.194076 0.232006 0.294665 0.358063 0.368820 0.369926 0.369993 0.369999 0.370000 0.370000 0.370000 -9999.0 -9999.0 -9999.0 -9999.0 -9999.0 -9999.0 -9999.0 -9999.0 -9999.0 -9999.0 -9999.0 -9999.0
-9999.0 -9999.0 -9999.0 -9999.0 -9999.0 -9999.0 0.068668 0.069298 0.070183 0.072015 0.074901 0.078846 0.083838 0.085859 0.087313 0.089686 0.089038 0.087221 0.085651 0.087265 0.088165 0.087692 0.085035 0.084884 0.085170 0.086115 0.086039 0.085476 0.083287 0.083894 0.083723 0.081903 0.080108 0.079220 0.078565 0.079152 0.079214 0.078514 0.078681 0.080248 0.081588 0.082609 0.084529 0.087843 0.091738 0.093682 0.093768 0.094664 0.102014 0.119689 0.146807 0.175513 0.195034 0.199181 0.178138 0.153014 0.141408 0.143327 0.159617 0.192227 0.253325 0.296224 0.323243 0.340463 0.355489 0.369118 -9999.0 -9999.0 -9999.0 -9999.0 -9999.0 -9999.0 -9999.0 -9999.0 -9999.0 -9999.0 -9999.0 -9999.0 -9999.0 -9999.0
-9999.0 -9999.0 -9999.0 -9999.0 -9999.0 -9999.0 -9999.0 -9999.0 -9999.0 -9999.0 -9999.0 -9999.0 -9999.0 -9999.0 -9999.0 -9999.0 -9999.0 -9999.0 -9999.0 -9999.0 -9999.0 -9999.0 -9999.0 -9999.0 -9999.0 -9999.0 -9999.0 -9999.0 -9999.0 -9999.0 -9999.0 -9999.0 -9999.0 -9999.0 -9999.0 -9999.0 -9999.0 -9999.0 -9999.0 -9999.0 -9999.0 -9999.0 -9999.0 -9999.0 -9999.0 -9999.0 -9999.0 -9999.0 -9999.0 -9999.0 -9999.0 -9999.0 -9999.0 -9999.0 -9999.0 -9999.0 -9999.0 -9999.0 -9999.0 -9999.0 -9999.0 -9999.0 -9999.0 -9999.0 -9999.0 -9999.0 -9999.0 -9999.0 -9999.0 -9999.0 -9999.0 -9999.0 -9999.0 -9999.0 -9999.0 -9999.0 -9999.0 -9999.0 -9999.0 -9999.0
-9999.0 -9999.0 -9999.0 -9999.0 -9999.0 -9999.0 -9999.0 -9999.0 -9999.0 -9999.0 -9999.0 -9999.0 -9999.0 -9999.0 -9999.0 -9999.0 -9999.0 -9999.0 -9999.0 -9999.0 -9999.0 -9999.0 -9999.0 -9999.0 -9999.0 -9999.0 -9999.0 -9999.0 -9999.0 -9999.0 -9999.0 -9999.0 -9999.0 -9999.0 -9999.0 -9999.0 -9999.0 -9999.0 -9999.0 -9999.0 -9999.0 -9999.0 -9999.0 -9999.0 -9999.0 -9999.0 -9999.0 -9999.0 -9999.0 -9999.0 -9999.0 -9999.0 -9999.0 -9999.0 -9999.0 -9999.0 -9999.0 -9999.0 -9999.0 -9999.0 -9999.0 -9999.0 -9999.0 -9999.0 -9999.0 -9999.0 -9999.0 -9999.0 -9999.0 -9999.0 -9999.0 -9999.0 -9999.0 -9999.0 -9999.0 -9999.0 -9999.0 -9999.0 -9999.0 -9999.0