Borden_/Borden1m_014/output_maps/thetaliqL0005N0022.asc
ncols         80
nrows         18
xllcorner     620200.000000
yllcorner     5168000.000000
cellsize      1.000000
NODATA_value  -9999.0
-9999.0 -9999.0 -9999.0 -9999.0 -9999.0 -9999.0 -9999.0 -9999.0 -9999.0 -9999.0 -9999.0 -9999.0 -9999.0 -9999.0 -9999.0 -9999.0 -9999.0 -9999.0 -9999.0 -9999.0 -9999.0 -9999.0 -9999.0 -9999.0 -9999.0 -9999.0 -9999.0 -9999.0 -9999.0 -9999.0 -9999.0 -9999.0 -9999.0 -9999.0 -9999.0 -9999.0 -9999.0 -9999.0 -9999.0 -9999.0 -9999.0 -9999.0 -9999.0 -9999.0 -9999.0 -9999.0 -9999.0 -9999.0 -9999.0 -9999.0 -9999.0 -9999.0 -9999.0 -9999.0 -9999.0 -9999.0 -9999.0 -9999.0 -9999.0 -9999.0 -9999.0 -9999.0 -9999.0 -9999.0 -9999.0 -9999.0 -9999.0 -9999.0 -9999.0 -9999.0 -9999.0 -9999.0 -9999.0 -9999.0 -9999.0 -9999.0 -9999.0 -9999.0 -9999.0 -9999.0
-9999.0 -9999.0 -9999.0 -9999.0 -9999.0 -9999.0 -9999.0 -9999.0 -9999.0 -9999.0 -9999.0 -9999.0 -9999.0 -9999.0 -9999.0 -9999.0 -9999.0 -9999.0 -9999.0 -9999.0 -9999.0 -9999.0 -9999.0 -9999.0 -9999.0 -9999.0 -9999.0 -9999.0 -9999.0 -9999.0 -9999.0 -9999.0 -9999.0 -9999.0 -9999.0 -9999.0 -9999.0 -9999.0 -9999.0 -9999.0 -9999.0 -9999.0 -9999.0 -9999.0 -9999.0 -9999.0 -9999.0 -9999.0 -9999.0 -9999.0 -9999.0 -9999.0 -9999.0 -9999.0 -9999.0 -9999.0 -9999.0 -9999.0 -9999.0 -9999.0 -9999.0 -9999.0 -9999.0 -9999.0 -9999.0 -9999.0 -9999.0 -9999.0 -9999.0 -9999.0 -9999.0 -9999.0 -9999.0 -9999.0 -9999.0 -9999.0 -9999.0 -9999.0 -9999.0 -9999.0
-9999.0 -9999.0 -9999.0 -9999.0 -9999.0 -9999.0 -9999.0 -9999.0 -9999.0 -9999.0 -9999.0 -9999.0 -9999.0 -9999.0 -9999.0 -9999.0 -9999.0 -9999.0 -9999.0 -9999.0 0.114801 0.115933 0.110133 0.103161 0.098300 0.098379 0.104272 0.112851 0.123011 0.126135 0.120065 0.120500 0.118659 0.118400 0.119109 0.120790 0.121458 0.125025 0.127737 0.127527 0.125379 0.123473 0.122741 0.123809 0.125541 0.122817 0.127357 0.132938 0.135539 0.133931 0.124684 0.120138 0.118158 0.114203 0.121713 0.125825 0.134315 0.136094 0.136157 0.126411 0.117326 -9999.0 -9999.0 -9999.0 -9999.0 -9999.0 -9999.0 -9999.0 -9999.0 -9999.0 -9999.0 -9999.0 -9999.0 -9999.0 -9999.0 -9999.0 -9999.0 -9999.0 -9999.0 -9999.0
-9999.0 -9999.0 -9999.0 -9999.0 -9999.0 -9999.0 -9999.0 -9999.0 -9999.0 -9999.0 -9999.0 -9999.0 -9999.0 -9999.0 0.098249 0.096516 0.095902 0.096701 0.101906 0.107333 0.109697 0.107692 0.107972 0.102975 0.099207 0.101593 0.106935 0.113583 0.122700 0.129294 0.124551 0.123445 0.126790 0.137237 0.143371 0.141900 0.132445 0.141884 0.149217 0.154016 0.153397 0.148786 0.156599 0.165944 0.162002 0.152337 0.153795 0.159909 0.169082 0.160798 0.130919 0.124214 0.123906 0.122448 0.118768 0.116942 0.124992 0.125342 0.122999 0.118284 0.110485 0.101657 0.098695 0.105892 0.116231 0.135761 -9999.0 -9999.0 -9999.0 -9999.0 -9999.0 -9999.0 -9999.0 -9999.0 -9999.0 -9999.0 -9999.0 -9999.0 -9999.0 -9999.0
-9999.0 -9999.0 -9999.0 -9999.0 -9999.0 -9999.0 -9999.0 -9999.0 -9999.0 0.091779 0.091907 0.092619 0.092419 0.094265 0.093420 0.094211 0.094917 0.098429 0.103198 0.110053 0.117285 0.113954 0.113749 0.117079 0.118907 0.122329 0.128457 0.144067 0.165278 0.192910 0.173118 0.171881 0.184787 0.228235 0.269930 0.281187 0.261741 0.263021 0.288898 0.314290 0.313606 0.311821 0.333190 0.343072 0.348012 0.335006 0.318171 0.315390 0.337777 0.290699 0.226759 0.179793 0.179674 0.160526 0.140236 0.131530 0.130467 0.140322 0.134568 0.121950 0.112203 0.110874 0.107235 0.111090 0.116743 0.132234 0.148685 0.164186 0.164920 0.155592 -9999.0 -9999.0 -9999.0 -9999.0 -9999.0 -9999.0 -9999.0 -9999.0 -9999.0 -9999.0
-9999.0 -9999.0 -9999.0 -9999.0 -9999.0 -9999.0 0.085769 0.086147 0.087503 0.087053 0.089203 0.089367 0.091401 0.093332 0.095657 0.097629 0.102530 0.108510 0.118409 0.132285 0.145171 0.142508 0.146534 0.164879 0.196610 0.227185 0.249752 0.287332 0.353015 0.366454 0.368253 0.368867 0.369448 0.369795 0.369977 0.370000 0.369971 0.369930 0.369962 0.369995 0.370000 0.370000 0.370000 0.370000 0.370000 0.370000 0.369997 0.369983 0.369977 0.369966 0.369841 0.369322 0.364602 0.342292 0.268785 0.211974 0.205485 0.216282 0.191704 0.158770 0.138981 0.135644 0.130813 0.125926 0.128128 0.135643 0.146329 0.152525 0.147117 0.138718 0.130480 0.121007 0.121799 0.130696 -9999.0 -9999.0 -9999.0 -9999.0 -9999.0 -9999.0
-9999.0 -9999.0 -9999.0 -9999.0 0.082363 0.083182 0.081718 0.083196 0.085154 0.087405 0.089725 0.093656 0.096730 0.100975 0.108831 0.117877 0.131480 0.144774 0.174444 0.230239 0.284515 0.312378 0.326543 0.364139 0.369484 0.369862 0.369914 0.369964 0.369998 0.370000 0.370000 0.370000 0.370000 0.370000 0.370000 0.370000 0.370000 0.370000 0.370000 0.370000 0.370000 0.370000 0.370000 0.370000 0.370000 0.370000 0.370000 0.370000 0.370000 0.370000 0.370000 0.370000 0.370000 0.369996 0.369984 0.369920 0.369532 0.368817 0.357816 0.318635 0.249660 0.222197 0.195175 0.177955 0.160015 0.161514 0.164465 0.154709 0.141330 0.129377 0.125077 0.119705 0.116806 0.126580 0.132894 0.146527 -9999.0 -9999.0 -9999.0 -9999.0
-9999.0 -9999.0 0.080446 0.082054 0.085421 0.085245 0.085026 0.084812 0.086585 0.091277 0.102308 0.112534 0.124970 0.134640 0.162663 0.227685 0.302585 0.344519 0.367201 0.369657 0.369936 0.369989 0.370000 0.370000 0.370000 0.370000 0.370000 0.370000 0.370000 0.370000 0.370000 0.370000 0.370000 0.370000 0.370000 0.370000 0.370000 0.370000 0.370000 0.370000 0.370000 0.370000 0.370000 0.370000 0.370000 0.370000 0.370000 0.370000 0.370000 0.370000 0.370000 0.370000 0.370000 0.370000 0.370000 0.370000 0.370000 0.370000 0.369999 0.369985 0.369796 0.369301 0.363786 0.333575 0.278168 0.244283 0.205815 0.179146 0.154883 0.135448 0.127714 0.122381 0.122443 0.122716 0.128493 0.134499 0.141320 0.144870 -9999.0 -9999.0
-9999.0 0.078126 0.079207 0.085411 0.090839 0.095473 0.101263 0.106472 0.111168 0.112782 0.152179 0.234339 0.317223 0.339771 0.365558 0.369801 0.370000 0.370000 0.370000 0.370000 0.370000 0.370000 0.370000 0.370000 0.370000 0.370000 0.370000 0.370000 0.370000 0.370000 0.370000 0.370000 0.370000 0.370000 0.370000 0.370000 0.370000 0.370000 0.370000 0.370000 0.370000 0.370000 0.370000 0.370000 0.370000 0.370000 0.370000 0.370000 0.370000 0.370000 0.370000 0.370000 0.370000 0.370000 0.370000 0.370000 0.370000 0.370000 0.370000 0.370000 0.370000 0.370000 0.369994 0.369892 0.369423 0.362888 0.321125 0.263587 0.208249 0.182687 0.165584 0.140211 0.131693 0.133447 0.130313 0.129758 0.132554 0.135164 -9999.0 -9999.0
-9999.0 0.075710 0.079475 0.089597 0.110431 0.125339 0.190468 0.262968 0.285582 0.261177 0.357033 0.370000 0.370000 0.370000 0.370000 0.370000 0.370000 0.370000 0.370000 0.370000 0.370000 0.370000 0.370000 0.370000 0.370000 0.370000 0.370000 0.370000 0.370000 0.370000 0.370000 0.370000 0.370000 0.370000 0.370000 0.370000 0.370000 0.370000 0.369999 0.369991 0.369981 0.369994 0.369989 0.369973 0.369968 0.369990 0.369999 0.369999 0.369999 0.370000 0.370000 0.370000 0.370000 0.370000 0.370000 0.370000 0.370000 0.370000 0.370000 0.370000 0.370000 0.370000 0.370000 0.370000 0.370000 0.369948 0.369701 0.368989 0.356728 0.321088 0.270260 0.216500 0.174994 0.160972 0.142149 0.134335 -9999.0 -9999.0 -9999.0 -9999.0
-9999.0 0.074993 0.079011 0.097977 0.184809 0.306257 0.369451 0.369998 0.370000 0.370000 0.370000 0.370000 0.370000 0.370000 0.370000 0.370000 0.370000 0.370000 0.370000 0.370000 0.370000 0.370000 0.370000 0.370000 0.370000 0.370000 0.370000 0.370000 0.370000 0.370000 0.370000 0.370000 0.369998 0.369898 0.369732 0.369462 0.365386 0.362568 0.357861 0.340422 0.326162 0.314738 0.329230 0.326672 0.325856 0.333564 0.348969 0.357720 0.367357 0.369396 0.369771 0.369953 0.369991 0.370000 0.370000 0.370000 0.370000 0.370000 0.370000 0.370000 0.370000 0.370000 0.370000 0.370000 0.370000 0.370000 0.370000 0.369995 0.369904 0.369621 0.369040 0.362223 0.311478 0.223686 0.193317 -9999.0 -9999.0 -9999.0 -9999.0 -9999.0
-9999.0 0.072443 0.077621 0.093224 0.230587 0.369567 0.369993 0.370000 0.370000 0.370000 0.370000 0.370000 0.370000 0.370000 0.370000 0.370000 0.370000 0.370000 0.370000 0.370000 0.370000 0.370000 0.370000 0.370000 0.370000 0.370000 0.369999 0.369995 0.369942 0.369786 0.368848 0.366121 0.333545 0.267430 0.222672 0.185651 0.154136 0.153402 0.161571 0.152378 0.142209 0.134194 0.144816 0.151352 0.156528 0.151462 0.155403 0.174113 0.207071 0.242145 0.291186 0.341508 0.363771 0.369324 0.369701 0.369933 0.369991 0.370000 0.370000 0.370000 0.370000 0.370000 0.370000 0.370000 0.370000 0.370000 0.370000 0.370000 0.370000 0.369996 0.369979 0.369904 0.369578 -9999.0 -9999.0 -9999.0 -9999.0 -9999.0 -9999.0 -9999.0
-9999.0 0.071328 0.075026 0.079023 0.107456 0.216506 0.355050 0.369603 0.370000 0.369926 0.369892 0.369953 0.369985 0.369995 0.369984 0.369942 0.369879 0.369897 0.369903 0.369818 0.369639 0.369515 0.369492 0.369265 0.367293 0.364517 0.361557 0.351883 0.324414 0.271207 0.195969 0.156347 0.129985 0.118883 0.111449 0.104688 0.097638 0.099779 0.102575 0.101682 0.099411 0.098413 0.103669 0.107038 0.109172 0.105672 0.109566 0.115760 0.127964 0.142973 0.165023 0.197744 0.238331 0.266293 0.284809 0.317760 0.352756 0.368453 0.369839 0.369999 0.370000 0.370000 0.370000 0.370000 0.370000 0.370000 0.370000 0.370000 0.370000 0.370000 0.370000 -9999.0 -9999.0 -9999.0 -9999.0 -9999.0 -9999.0 -9999.0 -9999.0 -9999.0
-9999.0 -9999.0 0.070871 0.072433 0.074762 0.080157 0.091224 0.109281 0.127646 0.157385 0.208220 0.269017 0.304551 0.318121 0.300219 0.258087 0.231564 0.232088 0.224480 0.210857 0.189933 0.182867 0.177520 0.173000 0.164110 0.159738 0.157180 0.151993 0.142028 0.124880 0.110485 0.100671 0.093052 0.090818 0.088907 0.086947 0.086997 0.086857 0.087424 0.087438 0.087843 0.088814 0.090652 0.092812 0.093711 0.094428 0.095874 0.099051 0.104374 0.112496 0.126674 0.147678 0.165775 0.171185 0.164380 0.167078 0.179964 0.211894 0.298217 0.364060 0.369646 0.369966 0.370000 0.370000 0.370000 0.370000 0.370000 0.370000 0.370000 0.370000 -9999.0 -9999.0 -9999.0 -9999.0 -9999.0 -9999.0 -9999.0 -9999.0 -9999.0 -9999.0
-9999.0 -9999.0 -9999.0 -9999.0 0.070675 0.072494 0.074566 0.075377 0.078910 0.083541 0.090049 0.098738 0.107120 0.111978 0.108376 0.106405 0.104630 0.104329 0.102910 0.101674 0.100592 0.099433 0.098024 0.096942 0.096880 0.097429 0.097277 0.095523 0.093934 0.090724 0.088685 0.086072 0.083836 0.082260 0.081857 0.081571 0.081748 0.081406 0.082003 0.082063 0.082823 0.083560 0.084941 0.086902 0.087507 0.088688 0.089403 0.091395 0.094337 0.101679 0.114231 0.130375 0.142614 0.143045 0.131225 0.125097 0.123251 0.131870 0.150303 0.189662 0.279758 0.348763 0.368581 0.369683 0.369883 0.369984 0.370000 0.370000 -9999.0 -9999.0 -9999.0 -9999.0 -9999.0 -9999.0 -9999.0 -9999.0 -9999.0 -9999.0 -9999.0 -9999.0
-9999.0 -9999.0 -9999.0 -9999.0 -9999.0 -9999.0 0.070983 0.071867 0.072043 0.073369 0.075150 0.077296 0.080115 0.080910 0.081727 0.083287 0.082933 0.081897 0.080906 0.082075 0.082680 0.082535 0.080852 0.080942 0.081124 0.081740 0.081685 0.081548 0.080141 0.080992 0.081235 0.080365 0.079513 0.079281 0.078872 0.079543 0.079622 0.078987 0.078950 0.080088 0.080779 0.081119 0.081998 0.083695 0.085801 0.086669 0.086465 0.086513 0.090025 0.098471 0.111185 0.125031 0.134954 0.137188 0.125932 0.113263 0.107592 0.108212 0.115433 0.130258 0.162510 0.190306 0.213938 0.237057 0.268170 0.353673 -9999.0 -9999.0 -9999.0 -9999.0 -9999.0 -9999.0 -9999.0 -9999.0 -9999.0 -9999.0 -9999.0 -9999.0 -9999.0 -9999.0
-9999.0 -9999.0 -9999.0 -9999.0 -9999.0 -9999.0 -9999.0 -9999.0 -9999.0 -9999.0 -9999.0 -9999.0 -9999.0 -9999.0 -9999.0 -9999.0 -9999.0 -9999.0 -9999.0 -9999.0 -9999.0 -9999.0 -9999.0 -9999.0 -9999.0 -9999.0 -9999.0 -9999.0 -9999.0 -9999.0 -9999.0 -9999.0 -9999.0 -9999.0 -9999.0 -9999.0 -9999.0 -9999.0 -9999.0 -9999.0 -9999.0 -9999.0 -9999.0 -9999.0 -9999.0 -9999.0 -9999.0 -9999.0 -9999.0 -9999.0 -9999.0 -9999.0 -9999.0 -9999.0 -9999.0 -9999.0 -9999.0 -9999.0 -9999.0 -9999.0 -9999.0 -9999.0 -9999.0 -9999.0 -9999.0 -9999.0 -9999.0 -9999.0 -9999.0 -9999.0 -9999.0 -9999.0 -9999.0 -9999.0 -9999.0 -9999.0 -9999.0 -9999.0 -9999.0 -9999.0
-9999.0 -9999.0 -9999.0 -9999.0 -9999.0 -9999.0 -9999.0 -9999.0 -9999.0 -9999.0 -9999.0 -9999.0 -9999.0 -9999.0 -9999.0 -9999.0 -9999.0 -9999.0 -9999.0 -9999.0 -9999.0 -9999.0 -9999.0 -9999.0 -9999.0 -9999.0 -9999.0 -9999.0 -9999.0 -9999.0 -9999.0 -9999.0 -9999.0 -9999.0 -9999.0 -9999.0 -9999.0 -9999.0 -9999.0 -9999.0 -9999.0 -9999.0 -9999.0 -9999.0 -9999.0 -9999.0 -9999.0 -9999.0 -9999.0 -9999.0 -9999.0 -9999.0 -9999.0 -9999.0 -9999.0 -9999.0 -9999.0 -9999.0 -9999.0 -9999.0 -9999.0 -9999.0 -9999.0 -9999.0 -9999.0 -9999.0 -9999.0 -9999.0 -9999.0 -9999.0 -9999.0 -9999.0 -9999.0 -9999.0 -9999.0 -9999.0 -9999.0 -9999.0 -9999.0 -9999.0