Borden_/Borden1m_014/output_maps/thetaliqL0005N0018.asc
ncols         80
nrows         18
xllcorner     620200.000000
yllcorner     5168000.000000
cellsize      1.000000
NODATA_value  -9999.0
-9999.0 -9999.0 -9999.0 -9999.0 -9999.0 -9999.0 -9999.0 -9999.0 -9999.0 -9999.0 -9999.0 -9999.0 -9999.0 -9999.0 -9999.0 -9999.0 -9999.0 -9999.0 -9999.0 -9999.0 -9999.0 -9999.0 -9999.0 -9999.0 -9999.0 -9999.0 -9999.0 -9999.0 -9999.0 -9999.0 -9999.0 -9999.0 -9999.0 -9999.0 -9999.0 -9999.0 -9999.0 -9999.0 -9999.0 -9999.0 -9999.0 -9999.0 -9999.0 -9999.0 -9999.0 -9999.0 -9999.0 -9999.0 -9999.0 -9999.0 -9999.0 -9999.0 -9999.0 -9999.0 -9999.0 -9999.0 -9999.0 -9999.0 -9999.0 -9999.0 -9999.0 -9999.0 -9999.0 -9999.0 -9999.0 -9999.0 -9999.0 -9999.0 -9999.0 -9999.0 -9999.0 -9999.0 -9999.0 -9999.0 -9999.0 -9999.0 -9999.0 -9999.0 -9999.0 -9999.0
-9999.0 -9999.0 -9999.0 -9999.0 -9999.0 -9999.0 -9999.0 -9999.0 -9999.0 -9999.0 -9999.0 -9999.0 -9999.0 -9999.0 -9999.0 -9999.0 -9999.0 -9999.0 -9999.0 -9999.0 -9999.0 -9999.0 -9999.0 -9999.0 -9999.0 -9999.0 -9999.0 -9999.0 -9999.0 -9999.0 -9999.0 -9999.0 -9999.0 -9999.0 -9999.0 -9999.0 -9999.0 -9999.0 -9999.0 -9999.0 -9999.0 -9999.0 -9999.0 -9999.0 -9999.0 -9999.0 -9999.0 -9999.0 -9999.0 -9999.0 -9999.0 -9999.0 -9999.0 -9999.0 -9999.0 -9999.0 -9999.0 -9999.0 -9999.0 -9999.0 -9999.0 -9999.0 -9999.0 -9999.0 -9999.0 -9999.0 -9999.0 -9999.0 -9999.0 -9999.0 -9999.0 -9999.0 -9999.0 -9999.0 -9999.0 -9999.0 -9999.0 -9999.0 -9999.0 -9999.0
-9999.0 -9999.0 -9999.0 -9999.0 -9999.0 -9999.0 -9999.0 -9999.0 -9999.0 -9999.0 -9999.0 -9999.0 -9999.0 -9999.0 -9999.0 -9999.0 -9999.0 -9999.0 -9999.0 -9999.0 0.109918 0.110815 0.105350 0.098691 0.094103 0.094255 0.099872 0.108152 0.117891 0.120982 0.115369 0.115643 0.113995 0.113890 0.114650 0.116208 0.116801 0.120246 0.122896 0.122766 0.120745 0.118907 0.118268 0.119341 0.120906 0.118404 0.122655 0.127980 0.130518 0.128845 0.119865 0.115378 0.113407 0.109812 0.116670 0.120666 0.128731 0.130508 0.130424 0.121156 0.112502 -9999.0 -9999.0 -9999.0 -9999.0 -9999.0 -9999.0 -9999.0 -9999.0 -9999.0 -9999.0 -9999.0 -9999.0 -9999.0 -9999.0 -9999.0 -9999.0 -9999.0 -9999.0 -9999.0
-9999.0 -9999.0 -9999.0 -9999.0 -9999.0 -9999.0 -9999.0 -9999.0 -9999.0 -9999.0 -9999.0 -9999.0 -9999.0 -9999.0 0.093570 0.092048 0.091544 0.092494 0.097456 0.102732 0.105206 0.103430 0.103454 0.098829 0.095390 0.097594 0.102751 0.109328 0.118181 0.124528 0.120072 0.119035 0.122268 0.132195 0.138114 0.136780 0.128070 0.136834 0.143858 0.148422 0.147832 0.143591 0.150878 0.159598 0.155940 0.146948 0.148319 0.154131 0.162658 0.154681 0.126554 0.119846 0.119395 0.117819 0.114338 0.112677 0.120090 0.120602 0.118320 0.113574 0.105981 0.097582 0.094833 0.101522 0.111523 0.130022 -9999.0 -9999.0 -9999.0 -9999.0 -9999.0 -9999.0 -9999.0 -9999.0 -9999.0 -9999.0 -9999.0 -9999.0 -9999.0 -9999.0
-9999.0 -9999.0 -9999.0 -9999.0 -9999.0 -9999.0 -9999.0 -9999.0 -9999.0 0.087170 0.087398 0.088076 0.088078 0.089781 0.089348 0.090089 0.090933 0.094292 0.099034 0.105712 0.112551 0.109609 0.109467 0.112588 0.114478 0.117902 0.123937 0.138852 0.159005 0.184641 0.166277 0.165012 0.177035 0.217123 0.256278 0.266898 0.248509 0.249752 0.274749 0.300217 0.299038 0.297113 0.319367 0.330447 0.336549 0.321513 0.304203 0.301371 0.325482 0.276461 0.215670 0.172415 0.172303 0.154500 0.135316 0.126868 0.125970 0.135059 0.129528 0.117430 0.108050 0.106417 0.103048 0.106640 0.112241 0.127020 0.142790 0.157511 0.158211 0.149415 -9999.0 -9999.0 -9999.0 -9999.0 -9999.0 -9999.0 -9999.0 -9999.0 -9999.0 -9999.0
-9999.0 -9999.0 -9999.0 -9999.0 -9999.0 -9999.0 0.081184 0.081642 0.082945 0.083046 0.084986 0.085444 0.087359 0.089314 0.091609 0.093708 0.098439 0.104317 0.113956 0.127399 0.139746 0.137476 0.141346 0.158419 0.187722 0.215868 0.237039 0.272936 0.343179 0.365426 0.368404 0.369213 0.369885 0.369965 0.369996 0.370000 0.369995 0.369988 0.369994 0.369999 0.370000 0.370000 0.370000 0.370000 0.370000 0.370000 0.369999 0.369997 0.369997 0.369996 0.369975 0.369852 0.362345 0.329969 0.255199 0.201874 0.196213 0.206608 0.183917 0.152951 0.134054 0.130593 0.125852 0.121280 0.123305 0.130552 0.140749 0.146586 0.141423 0.133297 0.125158 0.116204 0.116885 0.125258 -9999.0 -9999.0 -9999.0 -9999.0 -9999.0 -9999.0
-9999.0 -9999.0 -9999.0 -9999.0 0.078306 0.078955 0.078092 0.079316 0.081148 0.083361 0.085887 0.089687 0.092851 0.097044 0.104660 0.113619 0.126734 0.139554 0.167362 0.219115 0.270344 0.297981 0.311528 0.360938 0.369886 0.369979 0.369987 0.369994 0.370000 0.370000 0.370000 0.370000 0.370000 0.370000 0.370000 0.370000 0.370000 0.370000 0.370000 0.370000 0.370000 0.370000 0.370000 0.370000 0.370000 0.370000 0.370000 0.370000 0.370000 0.370000 0.370000 0.370000 0.370000 0.369999 0.369998 0.369988 0.369911 0.369430 0.350324 0.304219 0.237201 0.211968 0.187151 0.171075 0.154289 0.155541 0.158116 0.148837 0.136004 0.124520 0.120150 0.114945 0.112360 0.121433 0.127601 0.140454 -9999.0 -9999.0 -9999.0 -9999.0
-9999.0 -9999.0 0.076184 0.077997 0.081015 0.081276 0.081304 0.081407 0.083199 0.087649 0.098195 0.108423 0.120455 0.129898 0.156238 0.216540 0.287518 0.331371 0.367184 0.369927 0.369989 0.369998 0.370000 0.370000 0.370000 0.370000 0.370000 0.370000 0.370000 0.370000 0.370000 0.370000 0.370000 0.370000 0.370000 0.370000 0.370000 0.370000 0.370000 0.370000 0.370000 0.370000 0.370000 0.370000 0.370000 0.370000 0.370000 0.370000 0.370000 0.370000 0.370000 0.370000 0.370000 0.370000 0.370000 0.370000 0.370000 0.370000 0.370000 0.369998 0.369971 0.369865 0.361061 0.319521 0.264603 0.233576 0.197773 0.172417 0.149164 0.130604 0.123021 0.117732 0.117579 0.118025 0.123439 0.129225 0.135594 0.139008 -9999.0 -9999.0
-9999.0 0.073742 0.075258 0.080957 0.086679 0.091420 0.097315 0.102554 0.107125 0.109192 0.146237 0.222127 0.302729 0.326146 0.364029 0.369947 0.370000 0.370000 0.370000 0.370000 0.370000 0.370000 0.370000 0.370000 0.370000 0.370000 0.370000 0.370000 0.370000 0.370000 0.370000 0.370000 0.370000 0.370000 0.370000 0.370000 0.370000 0.370000 0.370000 0.370000 0.370000 0.370000 0.370000 0.370000 0.370000 0.370000 0.370000 0.370000 0.370000 0.370000 0.370000 0.370000 0.370000 0.370000 0.370000 0.370000 0.370000 0.370000 0.370000 0.370000 0.370000 0.370000 0.369999 0.369986 0.369892 0.359519 0.306289 0.251346 0.199939 0.175743 0.159284 0.135248 0.126924 0.128273 0.125291 0.124746 0.127384 0.129884 -9999.0 -9999.0
-9999.0 0.072136 0.075425 0.085324 0.105773 0.121060 0.181341 0.249480 0.271194 0.248614 0.348904 0.370000 0.370000 0.370000 0.370000 0.370000 0.370000 0.370000 0.370000 0.370000 0.370000 0.370000 0.370000 0.370000 0.370000 0.370000 0.370000 0.370000 0.370000 0.370000 0.370000 0.370000 0.370000 0.370000 0.370000 0.370000 0.370000 0.370000 0.370000 0.369998 0.369997 0.369999 0.369998 0.369996 0.369995 0.369998 0.370000 0.370000 0.370000 0.370000 0.370000 0.370000 0.370000 0.370000 0.370000 0.370000 0.370000 0.370000 0.370000 0.370000 0.370000 0.370000 0.370000 0.370000 0.370000 0.369995 0.369958 0.369771 0.349421 0.307012 0.257487 0.207378 0.168573 0.154839 0.136960 0.129065 -9999.0 -9999.0 -9999.0 -9999.0
-9999.0 0.071403 0.075067 0.093316 0.176191 0.291576 0.369904 0.370000 0.370000 0.370000 0.370000 0.370000 0.370000 0.370000 0.370000 0.370000 0.370000 0.370000 0.370000 0.370000 0.370000 0.370000 0.370000 0.370000 0.370000 0.370000 0.370000 0.370000 0.370000 0.370000 0.370000 0.370000 0.370000 0.369984 0.369954 0.369882 0.363096 0.358281 0.350856 0.328219 0.312643 0.300848 0.316104 0.313193 0.312262 0.320615 0.338622 0.350189 0.367563 0.369888 0.369968 0.369994 0.369999 0.370000 0.370000 0.370000 0.370000 0.370000 0.370000 0.370000 0.370000 0.370000 0.370000 0.370000 0.370000 0.370000 0.370000 0.370000 0.369991 0.369955 0.369839 0.359441 0.296735 0.214447 0.185536 -9999.0 -9999.0 -9999.0 -9999.0 -9999.0
-9999.0 0.069766 0.073535 0.088807 0.217952 0.369908 0.370000 0.370000 0.370000 0.370000 0.370000 0.370000 0.370000 0.370000 0.370000 0.370000 0.370000 0.370000 0.370000 0.370000 0.370000 0.370000 0.370000 0.370000 0.370000 0.370000 0.370000 0.369999 0.369992 0.369965 0.369538 0.365595 0.319843 0.253587 0.211688 0.177328 0.148112 0.147395 0.154982 0.146476 0.136877 0.129458 0.139365 0.145625 0.150479 0.145827 0.149623 0.167275 0.198129 0.230706 0.276623 0.328574 0.360705 0.369869 0.369955 0.369991 0.369999 0.370000 0.370000 0.370000 0.370000 0.370000 0.370000 0.370000 0.370000 0.370000 0.370000 0.370000 0.370000 0.370000 0.370000 0.369993 0.369949 -9999.0 -9999.0 -9999.0 -9999.0 -9999.0 -9999.0 -9999.0
-9999.0 0.068987 0.071159 0.075507 0.102682 0.204793 0.346873 0.369928 0.370000 0.369987 0.369984 0.369993 0.369998 0.369999 0.369998 0.369992 0.369982 0.369985 0.369987 0.369974 0.369948 0.369926 0.369916 0.369775 0.367254 0.362093 0.356857 0.342293 0.310374 0.257402 0.187300 0.150037 0.125268 0.114507 0.107225 0.100610 0.094037 0.095812 0.098375 0.097523 0.095404 0.094554 0.099416 0.102708 0.104720 0.101681 0.105324 0.111399 0.123163 0.137694 0.158878 0.189940 0.227965 0.253707 0.270657 0.302974 0.342450 0.369162 0.369973 0.370000 0.370000 0.370000 0.370000 0.370000 0.370000 0.370000 0.370000 0.370000 0.370000 0.370000 0.370000 -9999.0 -9999.0 -9999.0 -9999.0 -9999.0 -9999.0 -9999.0 -9999.0 -9999.0
-9999.0 -9999.0 0.068835 0.070028 0.072106 0.077372 0.087737 0.104469 0.121456 0.149629 0.197286 0.255004 0.290286 0.304334 0.285809 0.244686 0.219630 0.220004 0.212909 0.200291 0.181122 0.174595 0.169609 0.165383 0.157236 0.153200 0.150795 0.145903 0.136421 0.120113 0.106207 0.096609 0.089292 0.086864 0.084923 0.083061 0.082866 0.082779 0.083322 0.083374 0.083738 0.084653 0.086481 0.088577 0.089529 0.090225 0.091691 0.094827 0.100081 0.108099 0.121864 0.142050 0.159448 0.164703 0.158373 0.160880 0.172966 0.202589 0.282827 0.361900 0.369931 0.369995 0.370000 0.370000 0.370000 0.370000 0.370000 0.370000 0.370000 0.370000 -9999.0 -9999.0 -9999.0 -9999.0 -9999.0 -9999.0 -9999.0 -9999.0 -9999.0 -9999.0
-9999.0 -9999.0 -9999.0 -9999.0 0.068915 0.070133 0.071440 0.072523 0.075593 0.080073 0.086488 0.094937 0.103029 0.107640 0.104410 0.102468 0.100710 0.100329 0.098957 0.097773 0.096677 0.095534 0.094140 0.093110 0.092986 0.093441 0.093246 0.091588 0.089899 0.086827 0.084655 0.082035 0.079793 0.078305 0.077793 0.077490 0.077563 0.077315 0.077785 0.077967 0.078663 0.079415 0.080760 0.082608 0.083377 0.084488 0.085258 0.087188 0.090254 0.097449 0.109623 0.125201 0.137001 0.137493 0.126359 0.120443 0.118788 0.127085 0.144916 0.181968 0.265448 0.336809 0.369252 0.369949 0.369985 0.369998 0.370000 0.370000 -9999.0 -9999.0 -9999.0 -9999.0 -9999.0 -9999.0 -9999.0 -9999.0 -9999.0 -9999.0 -9999.0 -9999.0
-9999.0 -9999.0 -9999.0 -9999.0 -9999.0 -9999.0 0.068857 0.069393 0.069801 0.070923 0.072548 0.074624 0.077217 0.078134 0.078849 0.080103 0.079773 0.078857 0.078034 0.078927 0.079398 0.079200 0.077800 0.077773 0.077920 0.078428 0.078385 0.078154 0.076979 0.077441 0.077457 0.076573 0.075697 0.075324 0.074968 0.075390 0.075438 0.074991 0.075035 0.075935 0.076602 0.077047 0.077960 0.079581 0.081504 0.082393 0.082351 0.082648 0.086073 0.094185 0.106501 0.119945 0.129567 0.131646 0.120899 0.108889 0.103518 0.104249 0.111350 0.125870 0.156811 0.183255 0.204789 0.225450 0.253965 0.344399 -9999.0 -9999.0 -9999.0 -9999.0 -9999.0 -9999.0 -9999.0 -9999.0 -9999.0 -9999.0 -9999.0 -9999.0 -9999.0 -9999.0
-9999.0 -9999.0 -9999.0 -9999.0 -9999.0 -9999.0 -9999.0 -9999.0 -9999.0 -9999.0 -9999.0 -9999.0 -9999.0 -9999.0 -9999.0 -9999.0 -9999.0 -9999.0 -9999.0 -9999.0 -9999.0 -9999.0 -9999.0 -9999.0 -9999.0 -9999.0 -9999.0 -9999.0 -9999.0 -9999.0 -9999.0 -9999.0 -9999.0 -9999.0 -9999.0 -9999.0 -9999.0 -9999.0 -9999.0 -9999.0 -9999.0 -9999.0 -9999.0 -9999.0 -9999.0 -9999.0 -9999.0 -9999.0 -9999.0 -9999.0 -9999.0 -9999.0 -9999.0 -9999.0 -9999.0 -9999.0 -9999.0 -9999.0 -9999.0 -9999.0 -9999.0 -9999.0 -9999.0 -9999.0 -9999.0 -9999.0 -9999.0 -9999.0 -9999.0 -9999.0 -9999.0 -9999.0 -9999.0 -9999.0 -9999.0 -9999.0 -9999.0 -9999.0 -9999.0 -9999.0
-9999.0 -9999.0 -9999.0 -9999.0 -9999.0 -9999.0 -9999.0 -9999.0 -9999.0 -9999.0 -9999.0 -9999.0 -9999.0 -9999.0 -9999.0 -9999.0 -9999.0 -9999.0 -9999.0 -9999.0 -9999.0 -9999.0 -9999.0 -9999.0 -9999.0 -9999.0 -9999.0 -9999.0 -9999.0 -9999.0 -9999.0 -9999.0 -9999.0 -9999.0 -9999.0 -9999.0 -9999.0 -9999.0 -9999.0 -9999.0 -9999.0 -9999.0 -9999.0 -9999.0 -9999.0 -9999.0 -9999.0 -9999.0 -9999.0 -9999.0 -9999.0 -9999.0 -9999.0 -9999.0 -9999.0 -9999.0 -9999.0 -9999.0 -9999.0 -9999.0 -9999.0 -9999.0 -9999.0 -9999.0 -9999.0 -9999.0 -9999.0 -9999.0 -9999.0 -9999.0 -9999.0 -9999.0 -9999.0 -9999.0 -9999.0 -9999.0 -9999.0 -9999.0 -9999.0 -9999.0