Borden_/Borden1m_014/output_maps/thetaliqL0006N0020.asc
ncols         80
nrows         18
xllcorner     620200.000000
yllcorner     5168000.000000
cellsize      1.000000
NODATA_value  -9999.0
-9999.0 -9999.0 -9999.0 -9999.0 -9999.0 -9999.0 -9999.0 -9999.0 -9999.0 -9999.0 -9999.0 -9999.0 -9999.0 -9999.0 -9999.0 -9999.0 -9999.0 -9999.0 -9999.0 -9999.0 -9999.0 -9999.0 -9999.0 -9999.0 -9999.0 -9999.0 -9999.0 -9999.0 -9999.0 -9999.0 -9999.0 -9999.0 -9999.0 -9999.0 -9999.0 -9999.0 -9999.0 -9999.0 -9999.0 -9999.0 -9999.0 -9999.0 -9999.0 -9999.0 -9999.0 -9999.0 -9999.0 -9999.0 -9999.0 -9999.0 -9999.0 -9999.0 -9999.0 -9999.0 -9999.0 -9999.0 -9999.0 -9999.0 -9999.0 -9999.0 -9999.0 -9999.0 -9999.0 -9999.0 -9999.0 -9999.0 -9999.0 -9999.0 -9999.0 -9999.0 -9999.0 -9999.0 -9999.0 -9999.0 -9999.0 -9999.0 -9999.0 -9999.0 -9999.0 -9999.0
-9999.0 -9999.0 -9999.0 -9999.0 -9999.0 -9999.0 -9999.0 -9999.0 -9999.0 -9999.0 -9999.0 -9999.0 -9999.0 -9999.0 -9999.0 -9999.0 -9999.0 -9999.0 -9999.0 -9999.0 -9999.0 -9999.0 -9999.0 -9999.0 -9999.0 -9999.0 -9999.0 -9999.0 -9999.0 -9999.0 -9999.0 -9999.0 -9999.0 -9999.0 -9999.0 -9999.0 -9999.0 -9999.0 -9999.0 -9999.0 -9999.0 -9999.0 -9999.0 -9999.0 -9999.0 -9999.0 -9999.0 -9999.0 -9999.0 -9999.0 -9999.0 -9999.0 -9999.0 -9999.0 -9999.0 -9999.0 -9999.0 -9999.0 -9999.0 -9999.0 -9999.0 -9999.0 -9999.0 -9999.0 -9999.0 -9999.0 -9999.0 -9999.0 -9999.0 -9999.0 -9999.0 -9999.0 -9999.0 -9999.0 -9999.0 -9999.0 -9999.0 -9999.0 -9999.0 -9999.0
-9999.0 -9999.0 -9999.0 -9999.0 -9999.0 -9999.0 -9999.0 -9999.0 -9999.0 -9999.0 -9999.0 -9999.0 -9999.0 -9999.0 -9999.0 -9999.0 -9999.0 -9999.0 -9999.0 -9999.0 0.153424 0.155031 0.143619 0.129302 0.119421 0.119851 0.132015 0.149902 0.170246 0.176589 0.165449 0.165913 0.162704 0.162629 0.164307 0.167551 0.168825 0.175902 0.181308 0.181128 0.177102 0.173376 0.172256 0.174494 0.177584 0.172470 0.181000 0.191458 0.196289 0.192858 0.174921 0.165553 0.161300 0.153925 0.167775 0.175867 0.191472 0.194863 0.194436 0.176577 0.159008 -9999.0 -9999.0 -9999.0 -9999.0 -9999.0 -9999.0 -9999.0 -9999.0 -9999.0 -9999.0 -9999.0 -9999.0 -9999.0 -9999.0 -9999.0 -9999.0 -9999.0 -9999.0 -9999.0
-9999.0 -9999.0 -9999.0 -9999.0 -9999.0 -9999.0 -9999.0 -9999.0 -9999.0 -9999.0 -9999.0 -9999.0 -9999.0 -9999.0 0.117641 0.114533 0.113547 0.115827 0.126576 0.138106 0.143674 0.140054 0.139813 0.130005 0.122699 0.127398 0.138668 0.153060 0.171737 0.184560 0.175845 0.173836 0.180469 0.199870 0.211177 0.209040 0.193030 0.209463 0.222224 0.230112 0.229173 0.222106 0.234294 0.247925 0.242444 0.227902 0.230238 0.239728 0.252397 0.239649 0.189650 0.175673 0.174388 0.170861 0.163635 0.160262 0.175123 0.176276 0.171589 0.161525 0.145330 0.127262 0.121369 0.135646 0.156991 0.193387 -9999.0 -9999.0 -9999.0 -9999.0 -9999.0 -9999.0 -9999.0 -9999.0 -9999.0 -9999.0 -9999.0 -9999.0 -9999.0 -9999.0
-9999.0 -9999.0 -9999.0 -9999.0 -9999.0 -9999.0 -9999.0 -9999.0 -9999.0 0.103545 0.104183 0.105637 0.105889 0.109481 0.108993 0.110582 0.112579 0.119892 0.130413 0.144967 0.159338 0.153529 0.153316 0.159730 0.163752 0.171145 0.183849 0.212577 0.246697 0.281335 0.258203 0.256705 0.274151 0.316604 0.341849 0.346999 0.337985 0.339104 0.350635 0.359063 0.359003 0.358558 0.364192 0.366342 0.367232 0.364544 0.360328 0.359638 0.365052 0.351271 0.315266 0.268000 0.266506 0.239848 0.206484 0.189933 0.188081 0.204650 0.194092 0.170043 0.150355 0.146335 0.139218 0.146841 0.158859 0.188327 0.216880 0.240234 0.241140 0.227613 -9999.0 -9999.0 -9999.0 -9999.0 -9999.0 -9999.0 -9999.0 -9999.0 -9999.0 -9999.0
-9999.0 -9999.0 -9999.0 -9999.0 -9999.0 -9999.0 0.090589 0.091670 0.094413 0.095250 0.099238 0.100555 0.104616 0.108942 0.114015 0.118796 0.129079 0.141982 0.162622 0.190088 0.213596 0.210159 0.217537 0.246303 0.286359 0.314868 0.331109 0.350153 0.368163 0.369889 0.369974 0.369990 0.369999 0.370000 0.370000 0.370000 0.370000 0.370000 0.370000 0.370000 0.370000 0.370000 0.370000 0.370000 0.370000 0.370000 0.370000 0.370000 0.370000 0.370000 0.370000 0.369998 0.369755 0.366169 0.341523 0.302786 0.297137 0.306049 0.280929 0.236980 0.203473 0.196208 0.186672 0.177734 0.181648 0.195601 0.213836 0.223498 0.214674 0.200043 0.184395 0.166746 0.168020 0.184360 -9999.0 -9999.0 -9999.0 -9999.0 -9999.0 -9999.0
-9999.0 -9999.0 -9999.0 -9999.0 0.085130 0.086298 0.085140 0.087436 0.091178 0.095893 0.101594 0.109773 0.116868 0.126123 0.142654 0.161966 0.188944 0.213871 0.259644 0.317585 0.348522 0.358490 0.362793 0.369703 0.369999 0.370000 0.370000 0.370000 0.370000 0.370000 0.370000 0.370000 0.370000 0.370000 0.370000 0.370000 0.370000 0.370000 0.370000 0.370000 0.370000 0.370000 0.370000 0.370000 0.370000 0.370000 0.370000 0.370000 0.370000 0.370000 0.370000 0.370000 0.370000 0.370000 0.370000 0.370000 0.369999 0.369990 0.368955 0.360530 0.331759 0.311880 0.285156 0.263527 0.238256 0.239398 0.242635 0.227816 0.205492 0.183824 0.174848 0.164206 0.159054 0.177060 0.189123 0.212081 -9999.0 -9999.0 -9999.0 -9999.0
-9999.0 -9999.0 0.080537 0.084472 0.090420 0.091456 0.091741 0.092284 0.096144 0.105575 0.128238 0.150761 0.176074 0.195491 0.242411 0.314502 0.354997 0.366646 0.369928 0.370000 0.370000 0.370000 0.370000 0.370000 0.370000 0.370000 0.370000 0.370000 0.370000 0.370000 0.370000 0.370000 0.370000 0.370000 0.370000 0.370000 0.370000 0.370000 0.370000 0.370000 0.370000 0.370000 0.370000 0.370000 0.370000 0.370000 0.370000 0.370000 0.370000 0.370000 0.370000 0.370000 0.370000 0.370000 0.370000 0.370000 0.370000 0.370000 0.370000 0.370000 0.370000 0.369998 0.369688 0.364554 0.346782 0.327164 0.295217 0.264091 0.228864 0.195974 0.181044 0.170215 0.169589 0.170652 0.181221 0.192282 0.203724 0.209754 -9999.0 -9999.0
-9999.0 0.075506 0.078989 0.090167 0.102832 0.113310 0.126150 0.137549 0.147560 0.153015 0.225129 0.316913 0.359095 0.365566 0.369815 0.370000 0.370000 0.370000 0.370000 0.370000 0.370000 0.370000 0.370000 0.370000 0.370000 0.370000 0.370000 0.370000 0.370000 0.370000 0.370000 0.370000 0.370000 0.370000 0.370000 0.370000 0.370000 0.370000 0.370000 0.370000 0.370000 0.370000 0.370000 0.370000 0.370000 0.370000 0.370000 0.370000 0.370000 0.370000 0.370000 0.370000 0.370000 0.370000 0.370000 0.370000 0.370000 0.370000 0.370000 0.370000 0.370000 0.370000 0.370000 0.370000 0.369999 0.369608 0.361744 0.339415 0.298281 0.268809 0.244532 0.204472 0.188630 0.190692 0.184993 0.183872 0.188822 0.193505 -9999.0 -9999.0
-9999.0 0.073270 0.079149 0.099547 0.143767 0.176829 0.273370 0.334445 0.346592 0.335935 0.368629 0.370000 0.370000 0.370000 0.370000 0.370000 0.370000 0.370000 0.370000 0.370000 0.370000 0.370000 0.370000 0.370000 0.370000 0.370000 0.370000 0.370000 0.370000 0.370000 0.370000 0.370000 0.370000 0.370000 0.370000 0.370000 0.370000 0.370000 0.370000 0.370000 0.370000 0.370000 0.370000 0.370000 0.370000 0.370000 0.370000 0.370000 0.370000 0.370000 0.370000 0.370000 0.370000 0.370000 0.370000 0.370000 0.370000 0.370000 0.370000 0.370000 0.370000 0.370000 0.370000 0.370000 0.370000 0.370000 0.370000 0.369994 0.368779 0.361160 0.342077 0.304373 0.258252 0.236735 0.206953 0.192053 -9999.0 -9999.0 -9999.0 -9999.0
-9999.0 0.071847 0.078461 0.115856 0.264716 0.354574 0.369999 0.370000 0.370000 0.370000 0.370000 0.370000 0.370000 0.370000 0.370000 0.370000 0.370000 0.370000 0.370000 0.370000 0.370000 0.370000 0.370000 0.370000 0.370000 0.370000 0.370000 0.370000 0.370000 0.370000 0.370000 0.370000 0.370000 0.370000 0.370000 0.369999 0.369814 0.369531 0.368894 0.365706 0.362282 0.359038 0.362961 0.362492 0.362375 0.364193 0.367395 0.368932 0.369942 0.369999 0.370000 0.370000 0.370000 0.370000 0.370000 0.370000 0.370000 0.370000 0.370000 0.370000 0.370000 0.370000 0.370000 0.370000 0.370000 0.370000 0.370000 0.370000 0.370000 0.370000 0.369995 0.369501 0.358281 0.307815 0.277267 -9999.0 -9999.0 -9999.0 -9999.0 -9999.0
-9999.0 0.069747 0.075243 0.105901 0.304052 0.369999 0.370000 0.370000 0.370000 0.370000 0.370000 0.370000 0.370000 0.370000 0.370000 0.370000 0.370000 0.370000 0.370000 0.370000 0.370000 0.370000 0.370000 0.370000 0.370000 0.370000 0.370000 0.370000 0.370000 0.370000 0.369990 0.369864 0.364119 0.340707 0.311152 0.272441 0.228519 0.226941 0.239114 0.225305 0.208291 0.194586 0.212955 0.224166 0.232340 0.224749 0.231495 0.259038 0.297394 0.327001 0.352202 0.366244 0.369699 0.369998 0.370000 0.370000 0.370000 0.370000 0.370000 0.370000 0.370000 0.370000 0.370000 0.370000 0.370000 0.370000 0.370000 0.370000 0.370000 0.370000 0.370000 0.370000 0.370000 -9999.0 -9999.0 -9999.0 -9999.0 -9999.0 -9999.0 -9999.0
-9999.0 0.068696 0.071036 0.079459 0.133721 0.293381 0.368047 0.369999 0.370000 0.370000 0.370000 0.370000 0.370000 0.370000 0.370000 0.370000 0.370000 0.370000 0.370000 0.370000 0.370000 0.369999 0.369999 0.369997 0.369937 0.369741 0.369411 0.367902 0.361841 0.342273 0.285569 0.231286 0.185748 0.163494 0.147812 0.133432 0.119542 0.123088 0.128466 0.126682 0.122228 0.120567 0.130905 0.138127 0.142415 0.136310 0.144069 0.157145 0.181361 0.209462 0.245617 0.287516 0.323375 0.341100 0.349833 0.360684 0.368240 0.369981 0.370000 0.370000 0.370000 0.370000 0.370000 0.370000 0.370000 0.370000 0.370000 0.370000 0.370000 0.370000 0.370000 -9999.0 -9999.0 -9999.0 -9999.0 -9999.0 -9999.0 -9999.0 -9999.0 -9999.0
-9999.0 -9999.0 0.068690 0.070418 0.073833 0.083604 0.104244 0.135172 0.167299 0.222790 0.293225 0.339121 0.354742 0.359236 0.353459 0.334745 0.317797 0.317782 0.311507 0.299498 0.277579 0.268573 0.261116 0.254697 0.242608 0.236186 0.232063 0.223542 0.206350 0.174590 0.145494 0.124645 0.108891 0.103380 0.099154 0.095282 0.094637 0.094492 0.095627 0.095794 0.096562 0.098501 0.102469 0.107014 0.109181 0.110729 0.113991 0.120898 0.132458 0.149984 0.178686 0.216718 0.245376 0.253705 0.245124 0.249579 0.267659 0.303677 0.354728 0.369708 0.370000 0.370000 0.370000 0.370000 0.370000 0.370000 0.370000 0.370000 0.370000 0.370000 -9999.0 -9999.0 -9999.0 -9999.0 -9999.0 -9999.0 -9999.0 -9999.0 -9999.0 -9999.0
-9999.0 -9999.0 -9999.0 -9999.0 0.069025 0.070629 0.072270 0.074484 0.079878 0.088724 0.102137 0.120310 0.137975 0.147817 0.141423 0.137437 0.133611 0.132575 0.129538 0.127094 0.124753 0.122249 0.119114 0.116918 0.116625 0.117575 0.117103 0.113568 0.109733 0.103295 0.098517 0.092911 0.088186 0.085187 0.084017 0.083391 0.083430 0.083017 0.083843 0.084366 0.085745 0.087336 0.090134 0.093963 0.095826 0.098160 0.099890 0.104031 0.110934 0.126742 0.153055 0.184931 0.207282 0.208389 0.187960 0.176234 0.173039 0.189859 0.223784 0.280449 0.347769 0.367642 0.369985 0.370000 0.370000 0.370000 0.370000 0.370000 -9999.0 -9999.0 -9999.0 -9999.0 -9999.0 -9999.0 -9999.0 -9999.0 -9999.0 -9999.0 -9999.0 -9999.0
-9999.0 -9999.0 -9999.0 -9999.0 -9999.0 -9999.0 0.068650 0.069273 0.070163 0.071990 0.074870 0.078809 0.083787 0.085807 0.087255 0.089611 0.088966 0.087159 0.085597 0.087200 0.088092 0.087619 0.084978 0.084823 0.085108 0.086048 0.085972 0.085407 0.083230 0.083822 0.083643 0.081825 0.080033 0.079141 0.078488 0.079064 0.079125 0.078434 0.078604 0.080158 0.081495 0.082518 0.084436 0.087740 0.091617 0.093556 0.093649 0.094555 0.101872 0.119407 0.146156 0.174295 0.193279 0.197162 0.176501 0.151892 0.140472 0.142189 0.157597 0.187896 0.243877 0.282362 0.307518 0.326273 0.344215 0.368437 -9999.0 -9999.0 -9999.0 -9999.0 -9999.0 -9999.0 -9999.0 -9999.0 -9999.0 -9999.0 -9999.0 -9999.0 -9999.0 -9999.0
-9999.0 -9999.0 -9999.0 -9999.0 -9999.0 -9999.0 -9999.0 -9999.0 -9999.0 -9999.0 -9999.0 -9999.0 -9999.0 -9999.0 -9999.0 -9999.0 -9999.0 -9999.0 -9999.0 -9999.0 -9999.0 -9999.0 -9999.0 -9999.0 -9999.0 -9999.0 -9999.0 -9999.0 -9999.0 -9999.0 -9999.0 -9999.0 -9999.0 -9999.0 -9999.0 -9999.0 -9999.0 -9999.0 -9999.0 -9999.0 -9999.0 -9999.0 -9999.0 -9999.0 -9999.0 -9999.0 -9999.0 -9999.0 -9999.0 -9999.0 -9999.0 -9999.0 -9999.0 -9999.0 -9999.0 -9999.0 -9999.0 -9999.0 -9999.0 -9999.0 -9999.0 -9999.0 -9999.0 -9999.0 -9999.0 -9999.0 -9999.0 -9999.0 -9999.0 -9999.0 -9999.0 -9999.0 -9999.0 -9999.0 -9999.0 -9999.0 -9999.0 -9999.0 -9999.0 -9999.0
-9999.0 -9999.0 -9999.0 -9999.0 -9999.0 -9999.0 -9999.0 -9999.0 -9999.0 -9999.0 -9999.0 -9999.0 -9999.0 -9999.0 -9999.0 -9999.0 -9999.0 -9999.0 -9999.0 -9999.0 -9999.0 -9999.0 -9999.0 -9999.0 -9999.0 -9999.0 -9999.0 -9999.0 -9999.0 -9999.0 -9999.0 -9999.0 -9999.0 -9999.0 -9999.0 -9999.0 -9999.0 -9999.0 -9999.0 -9999.0 -9999.0 -9999.0 -9999.0 -9999.0 -9999.0 -9999.0 -9999.0 -9999.0 -9999.0 -9999.0 -9999.0 -9999.0 -9999.0 -9999.0 -9999.0 -9999.0 -9999.0 -9999.0 -9999.0 -9999.0 -9999.0 -9999.0 -9999.0 -9999.0 -9999.0 -9999.0 -9999.0 -9999.0 -9999.0 -9999.0 -9999.0 -9999.0 -9999.0 -9999.0 -9999.0 -9999.0 -9999.0 -9999.0 -9999.0 -9999.0