Borden_/Borden1m_014/output_maps/thetaliqL0001N0005.asc
ncols         80
nrows         18
xllcorner     620200.000000
yllcorner     5168000.000000
cellsize      1.000000
NODATA_value  -9999.0
-9999.0 -9999.0 -9999.0 -9999.0 -9999.0 -9999.0 -9999.0 -9999.0 -9999.0 -9999.0 -9999.0 -9999.0 -9999.0 -9999.0 -9999.0 -9999.0 -9999.0 -9999.0 -9999.0 -9999.0 -9999.0 -9999.0 -9999.0 -9999.0 -9999.0 -9999.0 -9999.0 -9999.0 -9999.0 -9999.0 -9999.0 -9999.0 -9999.0 -9999.0 -9999.0 -9999.0 -9999.0 -9999.0 -9999.0 -9999.0 -9999.0 -9999.0 -9999.0 -9999.0 -9999.0 -9999.0 -9999.0 -9999.0 -9999.0 -9999.0 -9999.0 -9999.0 -9999.0 -9999.0 -9999.0 -9999.0 -9999.0 -9999.0 -9999.0 -9999.0 -9999.0 -9999.0 -9999.0 -9999.0 -9999.0 -9999.0 -9999.0 -9999.0 -9999.0 -9999.0 -9999.0 -9999.0 -9999.0 -9999.0 -9999.0 -9999.0 -9999.0 -9999.0 -9999.0 -9999.0
-9999.0 -9999.0 -9999.0 -9999.0 -9999.0 -9999.0 -9999.0 -9999.0 -9999.0 -9999.0 -9999.0 -9999.0 -9999.0 -9999.0 -9999.0 -9999.0 -9999.0 -9999.0 -9999.0 -9999.0 -9999.0 -9999.0 -9999.0 -9999.0 -9999.0 -9999.0 -9999.0 -9999.0 -9999.0 -9999.0 -9999.0 -9999.0 -9999.0 -9999.0 -9999.0 -9999.0 -9999.0 -9999.0 -9999.0 -9999.0 -9999.0 -9999.0 -9999.0 -9999.0 -9999.0 -9999.0 -9999.0 -9999.0 -9999.0 -9999.0 -9999.0 -9999.0 -9999.0 -9999.0 -9999.0 -9999.0 -9999.0 -9999.0 -9999.0 -9999.0 -9999.0 -9999.0 -9999.0 -9999.0 -9999.0 -9999.0 -9999.0 -9999.0 -9999.0 -9999.0 -9999.0 -9999.0 -9999.0 -9999.0 -9999.0 -9999.0 -9999.0 -9999.0 -9999.0 -9999.0
-9999.0 -9999.0 -9999.0 -9999.0 -9999.0 -9999.0 -9999.0 -9999.0 -9999.0 -9999.0 -9999.0 -9999.0 -9999.0 -9999.0 -9999.0 -9999.0 -9999.0 -9999.0 -9999.0 -9999.0 0.234691 0.235637 0.233969 0.232138 0.230494 0.230206 0.231985 0.233872 0.236062 0.236351 0.234326 0.234962 0.234112 0.233511 0.233358 0.233928 0.234248 0.234900 0.235264 0.234953 0.234368 0.234013 0.233590 0.233626 0.234370 0.233373 0.234722 0.235918 0.236248 0.236436 0.235040 0.234565 0.234418 0.232758 0.235711 0.236349 0.238221 0.238293 0.238811 0.236725 0.234645 -9999.0 -9999.0 -9999.0 -9999.0 -9999.0 -9999.0 -9999.0 -9999.0 -9999.0 -9999.0 -9999.0 -9999.0 -9999.0 -9999.0 -9999.0 -9999.0 -9999.0 -9999.0 -9999.0
-9999.0 -9999.0 -9999.0 -9999.0 -9999.0 -9999.0 -9999.0 -9999.0 -9999.0 -9999.0 -9999.0 -9999.0 -9999.0 -9999.0 0.232353 0.231309 0.230800 0.230318 0.231925 0.233044 0.232817 0.231737 0.232785 0.230825 0.229026 0.230085 0.231379 0.232182 0.233779 0.235051 0.233712 0.233373 0.233983 0.236335 0.237165 0.236551 0.233366 0.236342 0.237537 0.238303 0.238210 0.236761 0.238576 0.240720 0.239533 0.237267 0.237827 0.239013 0.241065 0.240463 0.233404 0.233240 0.233810 0.234210 0.233214 0.232423 0.235364 0.234762 0.234406 0.234274 0.232949 0.230400 0.229162 0.232029 0.234149 0.238835 -9999.0 -9999.0 -9999.0 -9999.0 -9999.0 -9999.0 -9999.0 -9999.0 -9999.0 -9999.0 -9999.0 -9999.0 -9999.0 -9999.0
-9999.0 -9999.0 -9999.0 -9999.0 -9999.0 -9999.0 -9999.0 -9999.0 -9999.0 0.231101 0.230740 0.230996 0.230182 0.231044 0.229283 0.229613 0.229166 0.230277 0.230932 0.232271 0.234332 0.232573 0.232307 0.233407 0.233290 0.233393 0.233955 0.236980 0.240073 0.245701 0.240223 0.239925 0.241898 0.249143 0.256018 0.258221 0.253832 0.253672 0.258760 0.266490 0.266804 0.266314 0.272375 0.275701 0.278536 0.273972 0.267880 0.264189 0.271249 0.259277 0.248473 0.240614 0.242909 0.239518 0.235777 0.234629 0.233997 0.237312 0.236307 0.233752 0.231657 0.232819 0.231425 0.232782 0.233370 0.236842 0.239765 0.242707 0.242842 0.240897 -9999.0 -9999.0 -9999.0 -9999.0 -9999.0 -9999.0 -9999.0 -9999.0 -9999.0 -9999.0
-9999.0 -9999.0 -9999.0 -9999.0 -9999.0 -9999.0 0.229733 0.229524 0.230042 0.227802 0.229107 0.227953 0.228835 0.229070 0.229544 0.229294 0.230606 0.231595 0.233351 0.235636 0.237818 0.236040 0.236540 0.239717 0.244970 0.249238 0.252173 0.258201 0.278782 0.292327 0.297371 0.299091 0.302090 0.322064 0.354866 0.364958 0.353316 0.343721 0.353597 0.370000 0.370000 0.370000 0.370000 0.370000 0.370000 0.370000 0.370000 0.366868 0.359881 0.355322 0.329025 0.301609 0.287770 0.275161 0.255665 0.244653 0.245442 0.248917 0.245034 0.239183 0.235927 0.236403 0.235915 0.234464 0.235231 0.236511 0.238606 0.240010 0.239027 0.237818 0.237151 0.234777 0.235240 0.237567 -9999.0 -9999.0 -9999.0 -9999.0 -9999.0 -9999.0
-9999.0 -9999.0 -9999.0 -9999.0 0.226743 0.227663 0.224754 0.226287 0.227345 0.228044 0.227683 0.228949 0.229026 0.229782 0.231573 0.232524 0.234795 0.236302 0.241230 0.250215 0.258896 0.264520 0.268635 0.286339 0.308126 0.331471 0.340085 0.353855 0.370000 0.370000 0.370000 0.370000 0.370000 0.370000 0.370000 0.370000 0.370000 0.370000 0.370000 0.370000 0.370000 0.370000 0.370000 0.370000 0.370000 0.370000 0.370000 0.370000 0.370000 0.370000 0.370000 0.370000 0.370000 0.370000 0.369434 0.342172 0.306875 0.298057 0.281216 0.265820 0.251937 0.249111 0.245110 0.242906 0.239304 0.240297 0.241639 0.239828 0.237563 0.235388 0.235460 0.234546 0.233141 0.236348 0.237142 0.240315 -9999.0 -9999.0 -9999.0 -9999.0
-9999.0 -9999.0 0.226878 0.226658 0.228998 0.227243 0.226192 0.224731 0.225078 0.227127 0.230779 0.231555 0.233589 0.234393 0.239354 0.250016 0.263786 0.276375 0.291929 0.316197 0.343887 0.362810 0.370000 0.370000 0.370000 0.370000 0.370000 0.370000 0.370000 0.370000 0.370000 0.370000 0.370000 0.370000 0.370000 0.370000 0.370000 0.370000 0.370000 0.370000 0.370000 0.370000 0.370000 0.370000 0.370000 0.370000 0.370000 0.370000 0.370000 0.370000 0.370000 0.370000 0.370000 0.370000 0.370000 0.370000 0.370000 0.370000 0.370000 0.368180 0.326823 0.302873 0.282619 0.269166 0.258413 0.253828 0.247038 0.243037 0.239315 0.235583 0.234697 0.234268 0.235095 0.234439 0.236089 0.237136 0.238970 0.239547 -9999.0 -9999.0
-9999.0 0.226393 0.225204 0.229242 0.229288 0.229657 0.230009 0.230390 0.231234 0.229299 0.238442 0.253323 0.271756 0.276148 0.288856 0.325049 0.369689 0.370000 0.370000 0.370000 0.370000 0.370000 0.370000 0.370000 0.370000 0.370000 0.370000 0.370000 0.370000 0.370000 0.370000 0.370000 0.370000 0.370000 0.370000 0.370000 0.370000 0.370000 0.370000 0.370000 0.370000 0.370000 0.370000 0.370000 0.370000 0.370000 0.370000 0.370000 0.370000 0.370000 0.370000 0.370000 0.370000 0.370000 0.370000 0.370000 0.370000 0.370000 0.370000 0.370000 0.370000 0.370000 0.368710 0.334089 0.306153 0.280240 0.266281 0.256243 0.246795 0.243412 0.241482 0.236217 0.235168 0.236753 0.236048 0.235984 0.236684 0.237184 -9999.0 -9999.0
-9999.0 0.221973 0.225832 0.229624 0.233784 0.232588 0.244705 0.261323 0.265594 0.258142 0.282156 0.370000 0.370000 0.370000 0.370000 0.370000 0.370000 0.370000 0.370000 0.370000 0.370000 0.370000 0.370000 0.370000 0.370000 0.370000 0.370000 0.370000 0.370000 0.370000 0.370000 0.370000 0.370000 0.370000 0.370000 0.370000 0.370000 0.370000 0.370000 0.370000 0.369346 0.370000 0.370000 0.359974 0.357341 0.370000 0.370000 0.370000 0.370000 0.370000 0.370000 0.370000 0.370000 0.370000 0.370000 0.370000 0.370000 0.370000 0.370000 0.370000 0.370000 0.370000 0.370000 0.370000 0.370000 0.344221 0.318441 0.298723 0.277340 0.266924 0.257707 0.249046 0.241790 0.240906 0.237103 0.237121 -9999.0 -9999.0 -9999.0 -9999.0
-9999.0 0.221712 0.225374 0.232759 0.248833 0.263765 0.332722 0.370000 0.370000 0.370000 0.370000 0.370000 0.370000 0.370000 0.370000 0.370000 0.370000 0.370000 0.370000 0.370000 0.370000 0.370000 0.370000 0.370000 0.370000 0.370000 0.370000 0.370000 0.370000 0.370000 0.370000 0.370000 0.370000 0.338137 0.316188 0.305534 0.289000 0.287454 0.283105 0.273652 0.267971 0.267520 0.270503 0.267375 0.266813 0.271289 0.278477 0.281371 0.292049 0.303113 0.319957 0.341882 0.360573 0.370000 0.370000 0.370000 0.370000 0.370000 0.370000 0.370000 0.370000 0.370000 0.370000 0.370000 0.370000 0.370000 0.370000 0.370000 0.355072 0.327988 0.306207 0.282650 0.265997 0.251462 0.246818 -9999.0 -9999.0 -9999.0 -9999.0 -9999.0
-9999.0 0.215583 0.225535 0.231341 0.257034 0.352691 0.369997 0.370000 0.370000 0.370000 0.370000 0.370000 0.370000 0.370000 0.370000 0.370000 0.370000 0.370000 0.370000 0.370000 0.370000 0.370000 0.370000 0.370000 0.370000 0.370000 0.370000 0.370000 0.351104 0.326964 0.296609 0.292631 0.273744 0.256101 0.249521 0.243927 0.238070 0.238478 0.241041 0.239131 0.237104 0.234737 0.237542 0.238690 0.239923 0.238252 0.238436 0.241884 0.247380 0.252410 0.260079 0.270854 0.281415 0.300437 0.314372 0.338510 0.366130 0.370000 0.370000 0.370000 0.370000 0.370000 0.370000 0.370000 0.370000 0.370000 0.370000 0.370000 0.370000 0.370000 0.370000 0.350088 0.316251 -9999.0 -9999.0 -9999.0 -9999.0 -9999.0 -9999.0 -9999.0
-9999.0 0.212440 0.223211 0.224093 0.234843 0.253165 0.284696 0.319239 0.347661 0.342626 0.347125 0.361142 0.370000 0.370000 0.370000 0.351014 0.335188 0.336657 0.336938 0.324637 0.311569 0.305503 0.305819 0.303394 0.294017 0.288912 0.285792 0.279025 0.267605 0.257749 0.245580 0.239003 0.234335 0.233053 0.232082 0.230939 0.228024 0.229892 0.231177 0.230894 0.229976 0.229198 0.231443 0.232062 0.232731 0.230516 0.231907 0.232835 0.235217 0.237476 0.240743 0.245781 0.252608 0.256794 0.258997 0.264723 0.274609 0.293542 0.329984 0.370000 0.370000 0.370000 0.370000 0.370000 0.370000 0.370000 0.370000 0.370000 0.370000 0.370000 0.370000 -9999.0 -9999.0 -9999.0 -9999.0 -9999.0 -9999.0 -9999.0 -9999.0 -9999.0
-9999.0 -9999.0 0.210106 0.214266 0.217807 0.221201 0.225963 0.230040 0.232387 0.238773 0.247962 0.258339 0.267400 0.271256 0.265616 0.254789 0.250118 0.250867 0.249700 0.247832 0.244311 0.243706 0.242879 0.242378 0.240839 0.240217 0.240016 0.239523 0.238261 0.234964 0.232268 0.230430 0.228074 0.228507 0.228242 0.227379 0.228363 0.228127 0.228357 0.228198 0.228435 0.228856 0.229258 0.229889 0.229822 0.230006 0.230143 0.230739 0.231621 0.232721 0.235136 0.238832 0.241557 0.242091 0.240275 0.240652 0.242607 0.247109 0.261333 0.284343 0.315692 0.347750 0.370000 0.370000 0.370000 0.370000 0.370000 0.370000 0.370000 0.370000 -9999.0 -9999.0 -9999.0 -9999.0 -9999.0 -9999.0 -9999.0 -9999.0 -9999.0 -9999.0
-9999.0 -9999.0 -9999.0 -9999.0 0.208130 0.214122 0.219822 0.219027 0.222998 0.225210 0.227070 0.229295 0.231124 0.232401 0.230619 0.230448 0.230263 0.230611 0.230303 0.229935 0.229872 0.229676 0.229474 0.229099 0.229340 0.229787 0.229945 0.229290 0.229479 0.228287 0.228391 0.227803 0.227208 0.226362 0.226660 0.226607 0.227067 0.226595 0.227293 0.226823 0.227313 0.227474 0.228003 0.228930 0.228406 0.228939 0.228875 0.229514 0.229500 0.231055 0.233643 0.236628 0.238612 0.238413 0.235499 0.234444 0.233624 0.235278 0.237741 0.243605 0.258378 0.272741 0.294931 0.315331 0.334120 0.370000 0.370000 0.370000 -9999.0 -9999.0 -9999.0 -9999.0 -9999.0 -9999.0 -9999.0 -9999.0 -9999.0 -9999.0 -9999.0 -9999.0
-9999.0 -9999.0 -9999.0 -9999.0 -9999.0 -9999.0 0.210863 0.213929 0.212882 0.215205 0.217241 0.218733 0.221070 0.220667 0.221409 0.223381 0.223145 0.222251 0.221085 0.222838 0.223625 0.223835 0.221953 0.222540 0.222751 0.223469 0.223392 0.223773 0.222191 0.224239 0.225268 0.225006 0.224763 0.225226 0.224833 0.226096 0.226247 0.225251 0.224923 0.226320 0.226663 0.226380 0.226545 0.227371 0.228652 0.228774 0.228091 0.227093 0.228220 0.230902 0.233711 0.236050 0.237551 0.238183 0.235902 0.232641 0.230981 0.230578 0.231630 0.233634 0.239186 0.242733 0.245395 0.247605 0.250937 0.274859 -9999.0 -9999.0 -9999.0 -9999.0 -9999.0 -9999.0 -9999.0 -9999.0 -9999.0 -9999.0 -9999.0 -9999.0 -9999.0 -9999.0
-9999.0 -9999.0 -9999.0 -9999.0 -9999.0 -9999.0 -9999.0 -9999.0 -9999.0 -9999.0 -9999.0 -9999.0 -9999.0 -9999.0 -9999.0 -9999.0 -9999.0 -9999.0 -9999.0 -9999.0 -9999.0 -9999.0 -9999.0 -9999.0 -9999.0 -9999.0 -9999.0 -9999.0 -9999.0 -9999.0 -9999.0 -9999.0 -9999.0 -9999.0 -9999.0 -9999.0 -9999.0 -9999.0 -9999.0 -9999.0 -9999.0 -9999.0 -9999.0 -9999.0 -9999.0 -9999.0 -9999.0 -9999.0 -9999.0 -9999.0 -9999.0 -9999.0 -9999.0 -9999.0 -9999.0 -9999.0 -9999.0 -9999.0 -9999.0 -9999.0 -9999.0 -9999.0 -9999.0 -9999.0 -9999.0 -9999.0 -9999.0 -9999.0 -9999.0 -9999.0 -9999.0 -9999.0 -9999.0 -9999.0 -9999.0 -9999.0 -9999.0 -9999.0 -9999.0 -9999.0
-9999.0 -9999.0 -9999.0 -9999.0 -9999.0 -9999.0 -9999.0 -9999.0 -9999.0 -9999.0 -9999.0 -9999.0 -9999.0 -9999.0 -9999.0 -9999.0 -9999.0 -9999.0 -9999.0 -9999.0 -9999.0 -9999.0 -9999.0 -9999.0 -9999.0 -9999.0 -9999.0 -9999.0 -9999.0 -9999.0 -9999.0 -9999.0 -9999.0 -9999.0 -9999.0 -9999.0 -9999.0 -9999.0 -9999.0 -9999.0 -9999.0 -9999.0 -9999.0 -9999.0 -9999.0 -9999.0 -9999.0 -9999.0 -9999.0 -9999.0 -9999.0 -9999.0 -9999.0 -9999.0 -9999.0 -9999.0 -9999.0 -9999.0 -9999.0 -9999.0 -9999.0 -9999.0 -9999.0 -9999.0 -9999.0 -9999.0 -9999.0 -9999.0 -9999.0 -9999.0 -9999.0 -9999.0 -9999.0 -9999.0 -9999.0 -9999.0 -9999.0 -9999.0 -9999.0 -9999.0