Borden_/Borden1m_014/output_maps/thetaliqL0003N0008.asc
ncols         80
nrows         18
xllcorner     620200.000000
yllcorner     5168000.000000
cellsize      1.000000
NODATA_value  -9999.0
-9999.0 -9999.0 -9999.0 -9999.0 -9999.0 -9999.0 -9999.0 -9999.0 -9999.0 -9999.0 -9999.0 -9999.0 -9999.0 -9999.0 -9999.0 -9999.0 -9999.0 -9999.0 -9999.0 -9999.0 -9999.0 -9999.0 -9999.0 -9999.0 -9999.0 -9999.0 -9999.0 -9999.0 -9999.0 -9999.0 -9999.0 -9999.0 -9999.0 -9999.0 -9999.0 -9999.0 -9999.0 -9999.0 -9999.0 -9999.0 -9999.0 -9999.0 -9999.0 -9999.0 -9999.0 -9999.0 -9999.0 -9999.0 -9999.0 -9999.0 -9999.0 -9999.0 -9999.0 -9999.0 -9999.0 -9999.0 -9999.0 -9999.0 -9999.0 -9999.0 -9999.0 -9999.0 -9999.0 -9999.0 -9999.0 -9999.0 -9999.0 -9999.0 -9999.0 -9999.0 -9999.0 -9999.0 -9999.0 -9999.0 -9999.0 -9999.0 -9999.0 -9999.0 -9999.0 -9999.0
-9999.0 -9999.0 -9999.0 -9999.0 -9999.0 -9999.0 -9999.0 -9999.0 -9999.0 -9999.0 -9999.0 -9999.0 -9999.0 -9999.0 -9999.0 -9999.0 -9999.0 -9999.0 -9999.0 -9999.0 -9999.0 -9999.0 -9999.0 -9999.0 -9999.0 -9999.0 -9999.0 -9999.0 -9999.0 -9999.0 -9999.0 -9999.0 -9999.0 -9999.0 -9999.0 -9999.0 -9999.0 -9999.0 -9999.0 -9999.0 -9999.0 -9999.0 -9999.0 -9999.0 -9999.0 -9999.0 -9999.0 -9999.0 -9999.0 -9999.0 -9999.0 -9999.0 -9999.0 -9999.0 -9999.0 -9999.0 -9999.0 -9999.0 -9999.0 -9999.0 -9999.0 -9999.0 -9999.0 -9999.0 -9999.0 -9999.0 -9999.0 -9999.0 -9999.0 -9999.0 -9999.0 -9999.0 -9999.0 -9999.0 -9999.0 -9999.0 -9999.0 -9999.0 -9999.0 -9999.0
-9999.0 -9999.0 -9999.0 -9999.0 -9999.0 -9999.0 -9999.0 -9999.0 -9999.0 -9999.0 -9999.0 -9999.0 -9999.0 -9999.0 -9999.0 -9999.0 -9999.0 -9999.0 -9999.0 -9999.0 0.163043 0.164490 0.161116 0.157258 0.154085 0.153744 0.157311 0.161580 0.166531 0.167552 0.163692 0.164597 0.163126 0.162305 0.162261 0.163342 0.163892 0.165472 0.166504 0.166065 0.164869 0.164018 0.163332 0.163603 0.164909 0.163068 0.165735 0.168425 0.169388 0.169290 0.165577 0.164016 0.163410 0.160457 0.165810 0.167487 0.171648 0.172109 0.172785 0.168090 0.163519 -9999.0 -9999.0 -9999.0 -9999.0 -9999.0 -9999.0 -9999.0 -9999.0 -9999.0 -9999.0 -9999.0 -9999.0 -9999.0 -9999.0 -9999.0 -9999.0 -9999.0 -9999.0 -9999.0
-9999.0 -9999.0 -9999.0 -9999.0 -9999.0 -9999.0 -9999.0 -9999.0 -9999.0 -9999.0 -9999.0 -9999.0 -9999.0 -9999.0 0.156401 0.154687 0.153906 0.153493 0.156706 0.159331 0.159558 0.157757 0.159142 0.155564 0.152460 0.154322 0.157137 0.159596 0.163562 0.166564 0.163870 0.163206 0.164683 0.169852 0.172190 0.171113 0.165104 0.170828 0.173875 0.175842 0.175586 0.172794 0.176685 0.181308 0.178967 0.174127 0.175177 0.177975 0.182443 0.179991 0.164826 0.163201 0.163856 0.164053 0.162007 0.160620 0.166057 0.165364 0.164419 0.163253 0.159895 0.154729 0.152507 0.157726 0.162655 0.172732 -9999.0 -9999.0 -9999.0 -9999.0 -9999.0 -9999.0 -9999.0 -9999.0 -9999.0 -9999.0 -9999.0 -9999.0 -9999.0 -9999.0
-9999.0 -9999.0 -9999.0 -9999.0 -9999.0 -9999.0 -9999.0 -9999.0 -9999.0 0.153261 0.152851 0.153347 0.152292 0.153815 0.151422 0.152023 0.151632 0.153842 0.155746 0.158944 0.163111 0.160170 0.159789 0.161889 0.162122 0.162978 0.164989 0.172099 0.180353 0.193014 0.181903 0.181203 0.186170 0.203406 0.221778 0.227596 0.217137 0.215985 0.229071 0.244168 0.243568 0.242379 0.254769 0.261336 0.266342 0.257039 0.245991 0.243001 0.257141 0.230283 0.202080 0.183508 0.186767 0.178681 0.169800 0.166496 0.165478 0.171741 0.169264 0.163367 0.158638 0.159813 0.157257 0.159816 0.161777 0.169454 0.176599 0.183556 0.183882 0.179474 -9999.0 -9999.0 -9999.0 -9999.0 -9999.0 -9999.0 -9999.0 -9999.0 -9999.0 -9999.0
-9999.0 -9999.0 -9999.0 -9999.0 -9999.0 -9999.0 0.149953 0.149816 0.150830 0.147981 0.150145 0.148774 0.150366 0.151129 0.152278 0.152425 0.155176 0.157745 0.162099 0.167928 0.173383 0.170586 0.172044 0.179686 0.192267 0.203095 0.211103 0.227944 0.269045 0.292516 0.300931 0.303848 0.309115 0.342436 0.370000 0.370000 0.370000 0.370000 0.370000 0.370000 0.370000 0.370000 0.370000 0.370000 0.370000 0.370000 0.370000 0.370000 0.370000 0.370000 0.353099 0.308232 0.284612 0.260706 0.222011 0.194389 0.194568 0.201727 0.192071 0.177962 0.169703 0.169609 0.167977 0.165109 0.166547 0.169748 0.174637 0.177709 0.175336 0.172050 0.169484 0.164469 0.165227 0.170061 -9999.0 -9999.0 -9999.0 -9999.0 -9999.0 -9999.0
-9999.0 -9999.0 -9999.0 -9999.0 0.145352 0.146698 0.142804 0.145067 0.146902 0.148369 0.148529 0.151050 0.151873 0.153790 0.157778 0.160927 0.166695 0.171317 0.183483 0.205430 0.227262 0.242479 0.249124 0.281927 0.318561 0.354032 0.368783 0.370000 0.370000 0.370000 0.370000 0.370000 0.370000 0.370000 0.370000 0.370000 0.370000 0.370000 0.370000 0.370000 0.370000 0.370000 0.370000 0.370000 0.370000 0.370000 0.370000 0.370000 0.370000 0.370000 0.370000 0.370000 0.370000 0.370000 0.370000 0.370000 0.317652 0.302771 0.272987 0.245411 0.211039 0.202875 0.192868 0.186647 0.178395 0.179962 0.182267 0.177935 0.172271 0.167009 0.166198 0.163901 0.161500 0.167644 0.169976 0.176852 -9999.0 -9999.0 -9999.0 -9999.0
-9999.0 -9999.0 0.144867 0.145143 0.148957 0.146794 0.145453 0.143645 0.144536 0.148213 0.155314 0.158556 0.163734 0.166771 0.178727 0.204591 0.239124 0.262368 0.291747 0.332101 0.370000 0.370000 0.370000 0.370000 0.370000 0.370000 0.370000 0.370000 0.370000 0.370000 0.370000 0.370000 0.370000 0.370000 0.370000 0.370000 0.370000 0.370000 0.370000 0.370000 0.370000 0.370000 0.370000 0.370000 0.370000 0.370000 0.370000 0.370000 0.370000 0.370000 0.370000 0.370000 0.370000 0.370000 0.370000 0.370000 0.370000 0.370000 0.370000 0.370000 0.351650 0.310992 0.280134 0.250701 0.226156 0.214298 0.197801 0.187134 0.177331 0.168534 0.165784 0.164115 0.165178 0.164401 0.167715 0.170302 0.174058 0.175531 -9999.0 -9999.0
-9999.0 0.143376 0.142465 0.149216 0.150749 0.152332 0.154076 0.155691 0.157786 0.155761 0.175527 0.210861 0.250581 0.260951 0.286334 0.347088 0.370000 0.370000 0.370000 0.370000 0.370000 0.370000 0.370000 0.370000 0.370000 0.370000 0.370000 0.370000 0.370000 0.370000 0.370000 0.370000 0.370000 0.370000 0.370000 0.370000 0.370000 0.370000 0.370000 0.370000 0.370000 0.370000 0.370000 0.370000 0.370000 0.370000 0.370000 0.370000 0.370000 0.370000 0.370000 0.370000 0.370000 0.370000 0.370000 0.370000 0.370000 0.370000 0.370000 0.370000 0.370000 0.370000 0.370000 0.363493 0.317226 0.274523 0.244740 0.221023 0.197923 0.188343 0.182321 0.170341 0.167219 0.169596 0.168044 0.167846 0.169321 0.170502 -9999.0 -9999.0
-9999.0 0.137357 0.143223 0.150784 0.160888 0.162576 0.190333 0.226412 0.236449 0.222443 0.274062 0.370000 0.370000 0.370000 0.370000 0.370000 0.370000 0.370000 0.370000 0.370000 0.370000 0.370000 0.370000 0.370000 0.370000 0.370000 0.370000 0.370000 0.370000 0.370000 0.370000 0.370000 0.370000 0.370000 0.370000 0.370000 0.370000 0.370000 0.370000 0.370000 0.370000 0.370000 0.370000 0.370000 0.370000 0.370000 0.370000 0.370000 0.370000 0.370000 0.370000 0.370000 0.370000 0.370000 0.370000 0.370000 0.370000 0.370000 0.370000 0.370000 0.370000 0.370000 0.370000 0.370000 0.370000 0.370000 0.336691 0.305190 0.269980 0.245812 0.224174 0.202528 0.184720 0.180626 0.171866 0.170250 -9999.0 -9999.0 -9999.0 -9999.0
-9999.0 0.136637 0.142436 0.156659 0.195650 0.238159 0.355384 0.370000 0.370000 0.370000 0.370000 0.370000 0.370000 0.370000 0.370000 0.370000 0.370000 0.370000 0.370000 0.370000 0.370000 0.370000 0.370000 0.370000 0.370000 0.370000 0.370000 0.370000 0.370000 0.370000 0.370000 0.370000 0.370000 0.366788 0.331816 0.314337 0.286338 0.283284 0.275755 0.259099 0.250269 0.244968 0.252877 0.249429 0.248318 0.254560 0.266747 0.273197 0.293043 0.311464 0.338559 0.370000 0.370000 0.370000 0.370000 0.370000 0.370000 0.370000 0.370000 0.370000 0.370000 0.370000 0.370000 0.370000 0.370000 0.370000 0.370000 0.370000 0.370000 0.351776 0.316492 0.278804 0.243270 0.207343 0.194932 -9999.0 -9999.0 -9999.0 -9999.0 -9999.0
-9999.0 0.128672 0.141919 0.153608 0.215176 0.369997 0.370000 0.370000 0.370000 0.370000 0.370000 0.370000 0.370000 0.370000 0.370000 0.370000 0.370000 0.370000 0.370000 0.370000 0.370000 0.370000 0.370000 0.370000 0.370000 0.370000 0.370000 0.370000 0.370000 0.350621 0.300374 0.292419 0.256376 0.219663 0.202919 0.188874 0.175347 0.175756 0.180757 0.176517 0.171860 0.167172 0.172947 0.175771 0.178408 0.175228 0.176222 0.184438 0.198036 0.211178 0.230085 0.255005 0.278746 0.307839 0.329641 0.368955 0.370000 0.370000 0.370000 0.370000 0.370000 0.370000 0.370000 0.370000 0.370000 0.370000 0.370000 0.370000 0.370000 0.370000 0.370000 0.370000 0.331732 -9999.0 -9999.0 -9999.0 -9999.0 -9999.0 -9999.0 -9999.0
-9999.0 0.124827 0.138054 0.140700 0.161282 0.207351 0.276290 0.333211 0.369998 0.369933 0.370000 0.370000 0.370000 0.370000 0.370000 0.370000 0.362535 0.361572 0.361245 0.343795 0.323960 0.314412 0.314745 0.310774 0.295296 0.286426 0.280920 0.269008 0.247956 0.222859 0.193253 0.176956 0.165723 0.161786 0.158958 0.156029 0.150807 0.153623 0.155866 0.155315 0.153656 0.152464 0.156467 0.158000 0.159313 0.155758 0.158364 0.160877 0.166489 0.172507 0.181245 0.194409 0.211439 0.222059 0.227680 0.241227 0.264856 0.295789 0.355096 0.370000 0.370000 0.370000 0.370000 0.370000 0.370000 0.370000 0.370000 0.370000 0.370000 0.370000 0.370000 -9999.0 -9999.0 -9999.0 -9999.0 -9999.0 -9999.0 -9999.0 -9999.0 -9999.0
-9999.0 -9999.0 0.122175 0.127230 0.131962 0.137643 0.146199 0.154728 0.161306 0.175651 0.198445 0.225583 0.242820 0.250219 0.239924 0.217462 0.204815 0.205923 0.203047 0.198215 0.189959 0.188020 0.185945 0.184475 0.180866 0.179255 0.178520 0.176895 0.173269 0.165486 0.158987 0.154488 0.149780 0.149762 0.148953 0.147396 0.148616 0.148287 0.148718 0.148533 0.148939 0.149716 0.150682 0.152005 0.152144 0.152551 0.153067 0.154551 0.156864 0.160035 0.166118 0.175207 0.182437 0.184244 0.180519 0.181529 0.186618 0.198457 0.232499 0.279558 0.332649 0.370000 0.370000 0.370000 0.370000 0.370000 0.370000 0.370000 0.370000 0.370000 -9999.0 -9999.0 -9999.0 -9999.0 -9999.0 -9999.0 -9999.0 -9999.0 -9999.0 -9999.0
-9999.0 -9999.0 -9999.0 -9999.0 0.120048 0.127086 0.134142 0.133647 0.139449 0.143544 0.147590 0.152491 0.156705 0.159373 0.156384 0.155759 0.155129 0.155488 0.154777 0.154053 0.153743 0.153234 0.152643 0.151927 0.152219 0.152911 0.153074 0.151846 0.151690 0.149452 0.149076 0.147666 0.146318 0.144840 0.145067 0.144923 0.145522 0.144852 0.145866 0.145340 0.146163 0.146580 0.147622 0.149301 0.148836 0.149802 0.149908 0.151197 0.151903 0.155553 0.161581 0.168794 0.173870 0.173706 0.167538 0.164909 0.163478 0.167390 0.174357 0.189713 0.225544 0.259452 0.298043 0.330481 0.362783 0.370000 0.370000 0.370000 -9999.0 -9999.0 -9999.0 -9999.0 -9999.0 -9999.0 -9999.0 -9999.0 -9999.0 -9999.0 -9999.0 -9999.0
-9999.0 -9999.0 -9999.0 -9999.0 -9999.0 -9999.0 0.122962 0.126606 0.125621 0.128767 0.131787 0.134260 0.137850 0.137647 0.138780 0.141556 0.141188 0.139833 0.138174 0.140573 0.141696 0.141897 0.139186 0.139903 0.140214 0.141238 0.141132 0.141540 0.139268 0.141941 0.143239 0.142654 0.142085 0.142541 0.141945 0.143642 0.143846 0.142465 0.142070 0.144097 0.144742 0.144527 0.145005 0.146510 0.148664 0.149058 0.148175 0.146979 0.149261 0.154624 0.161011 0.166938 0.170926 0.172195 0.166939 0.160105 0.156776 0.156401 0.159286 0.164972 0.178755 0.188939 0.196709 0.203169 0.212734 0.264796 -9999.0 -9999.0 -9999.0 -9999.0 -9999.0 -9999.0 -9999.0 -9999.0 -9999.0 -9999.0 -9999.0 -9999.0 -9999.0 -9999.0
-9999.0 -9999.0 -9999.0 -9999.0 -9999.0 -9999.0 -9999.0 -9999.0 -9999.0 -9999.0 -9999.0 -9999.0 -9999.0 -9999.0 -9999.0 -9999.0 -9999.0 -9999.0 -9999.0 -9999.0 -9999.0 -9999.0 -9999.0 -9999.0 -9999.0 -9999.0 -9999.0 -9999.0 -9999.0 -9999.0 -9999.0 -9999.0 -9999.0 -9999.0 -9999.0 -9999.0 -9999.0 -9999.0 -9999.0 -9999.0 -9999.0 -9999.0 -9999.0 -9999.0 -9999.0 -9999.0 -9999.0 -9999.0 -9999.0 -9999.0 -9999.0 -9999.0 -9999.0 -9999.0 -9999.0 -9999.0 -9999.0 -9999.0 -9999.0 -9999.0 -9999.0 -9999.0 -9999.0 -9999.0 -9999.0 -9999.0 -9999.0 -9999.0 -9999.0 -9999.0 -9999.0 -9999.0 -9999.0 -9999.0 -9999.0 -9999.0 -9999.0 -9999.0 -9999.0 -9999.0
-9999.0 -9999.0 -9999.0 -9999.0 -9999.0 -9999.0 -9999.0 -9999.0 -9999.0 -9999.0 -9999.0 -9999.0 -9999.0 -9999.0 -9999.0 -9999.0 -9999.0 -9999.0 -9999.0 -9999.0 -9999.0 -9999.0 -9999.0 -9999.0 -9999.0 -9999.0 -9999.0 -9999.0 -9999.0 -9999.0 -9999.0 -9999.0 -9999.0 -9999.0 -9999.0 -9999.0 -9999.0 -9999.0 -9999.0 -9999.0 -9999.0 -9999.0 -9999.0 -9999.0 -9999.0 -9999.0 -9999.0 -9999.0 -9999.0 -9999.0 -9999.0 -9999.0 -9999.0 -9999.0 -9999.0 -9999.0 -9999.0 -9999.0 -9999.0 -9999.0 -9999.0 -9999.0 -9999.0 -9999.0 -9999.0 -9999.0 -9999.0 -9999.0 -9999.0 -9999.0 -9999.0 -9999.0 -9999.0 -9999.0 -9999.0 -9999.0 -9999.0 -9999.0 -9999.0 -9999.0