Borden_/Borden1m_014/output_maps/thetaliqL0006N0019.asc
ncols         80
nrows         18
xllcorner     620200.000000
yllcorner     5168000.000000
cellsize      1.000000
NODATA_value  -9999.0
-9999.0 -9999.0 -9999.0 -9999.0 -9999.0 -9999.0 -9999.0 -9999.0 -9999.0 -9999.0 -9999.0 -9999.0 -9999.0 -9999.0 -9999.0 -9999.0 -9999.0 -9999.0 -9999.0 -9999.0 -9999.0 -9999.0 -9999.0 -9999.0 -9999.0 -9999.0 -9999.0 -9999.0 -9999.0 -9999.0 -9999.0 -9999.0 -9999.0 -9999.0 -9999.0 -9999.0 -9999.0 -9999.0 -9999.0 -9999.0 -9999.0 -9999.0 -9999.0 -9999.0 -9999.0 -9999.0 -9999.0 -9999.0 -9999.0 -9999.0 -9999.0 -9999.0 -9999.0 -9999.0 -9999.0 -9999.0 -9999.0 -9999.0 -9999.0 -9999.0 -9999.0 -9999.0 -9999.0 -9999.0 -9999.0 -9999.0 -9999.0 -9999.0 -9999.0 -9999.0 -9999.0 -9999.0 -9999.0 -9999.0 -9999.0 -9999.0 -9999.0 -9999.0 -9999.0 -9999.0
-9999.0 -9999.0 -9999.0 -9999.0 -9999.0 -9999.0 -9999.0 -9999.0 -9999.0 -9999.0 -9999.0 -9999.0 -9999.0 -9999.0 -9999.0 -9999.0 -9999.0 -9999.0 -9999.0 -9999.0 -9999.0 -9999.0 -9999.0 -9999.0 -9999.0 -9999.0 -9999.0 -9999.0 -9999.0 -9999.0 -9999.0 -9999.0 -9999.0 -9999.0 -9999.0 -9999.0 -9999.0 -9999.0 -9999.0 -9999.0 -9999.0 -9999.0 -9999.0 -9999.0 -9999.0 -9999.0 -9999.0 -9999.0 -9999.0 -9999.0 -9999.0 -9999.0 -9999.0 -9999.0 -9999.0 -9999.0 -9999.0 -9999.0 -9999.0 -9999.0 -9999.0 -9999.0 -9999.0 -9999.0 -9999.0 -9999.0 -9999.0 -9999.0 -9999.0 -9999.0 -9999.0 -9999.0 -9999.0 -9999.0 -9999.0 -9999.0 -9999.0 -9999.0 -9999.0 -9999.0
-9999.0 -9999.0 -9999.0 -9999.0 -9999.0 -9999.0 -9999.0 -9999.0 -9999.0 -9999.0 -9999.0 -9999.0 -9999.0 -9999.0 -9999.0 -9999.0 -9999.0 -9999.0 -9999.0 -9999.0 0.153400 0.155005 0.143600 0.129291 0.119414 0.119844 0.131999 0.149867 0.170182 0.176511 0.165384 0.165843 0.162634 0.162554 0.164222 0.167455 0.168724 0.175781 0.181171 0.180988 0.176971 0.173253 0.172133 0.174363 0.177446 0.172347 0.180858 0.191291 0.196114 0.192702 0.174818 0.165477 0.161238 0.153879 0.167715 0.175803 0.191394 0.194787 0.194366 0.176530 0.158978 -9999.0 -9999.0 -9999.0 -9999.0 -9999.0 -9999.0 -9999.0 -9999.0 -9999.0 -9999.0 -9999.0 -9999.0 -9999.0 -9999.0 -9999.0 -9999.0 -9999.0 -9999.0 -9999.0
-9999.0 -9999.0 -9999.0 -9999.0 -9999.0 -9999.0 -9999.0 -9999.0 -9999.0 -9999.0 -9999.0 -9999.0 -9999.0 -9999.0 0.117637 0.114529 0.113544 0.115823 0.126567 0.138089 0.143652 0.140034 0.139792 0.129990 0.122688 0.127382 0.138638 0.153005 0.171641 0.184424 0.175723 0.173710 0.180308 0.199612 0.210838 0.208688 0.192737 0.209103 0.221795 0.229632 0.228690 0.221643 0.233758 0.247324 0.241849 0.227387 0.229740 0.239205 0.251825 0.239183 0.189414 0.175525 0.174264 0.170762 0.163561 0.160201 0.175045 0.176204 0.171529 0.161483 0.145306 0.127252 0.121362 0.135633 0.156966 0.193336 -9999.0 -9999.0 -9999.0 -9999.0 -9999.0 -9999.0 -9999.0 -9999.0 -9999.0 -9999.0 -9999.0 -9999.0 -9999.0 -9999.0
-9999.0 -9999.0 -9999.0 -9999.0 -9999.0 -9999.0 -9999.0 -9999.0 -9999.0 0.103543 0.104182 0.105635 0.105888 0.109479 0.108990 0.110579 0.112575 0.119885 0.130398 0.144935 0.159284 0.153478 0.153259 0.159653 0.163645 0.170991 0.183627 0.212208 0.246080 0.280458 0.257297 0.255723 0.272958 0.315553 0.341049 0.346193 0.337203 0.338351 0.349953 0.358443 0.358265 0.357770 0.363543 0.365803 0.366771 0.363926 0.359694 0.359032 0.364617 0.350577 0.314257 0.266862 0.265645 0.239272 0.206145 0.189706 0.187891 0.204443 0.193940 0.169959 0.150311 0.146302 0.139196 0.146816 0.158826 0.188271 0.216800 0.240139 0.241053 0.227546 -9999.0 -9999.0 -9999.0 -9999.0 -9999.0 -9999.0 -9999.0 -9999.0 -9999.0 -9999.0
-9999.0 -9999.0 -9999.0 -9999.0 -9999.0 -9999.0 0.090588 0.091669 0.094412 0.095250 0.099237 0.100554 0.104614 0.108939 0.114010 0.118787 0.129062 0.141945 0.162537 0.189895 0.213273 0.209795 0.217084 0.245523 0.285228 0.313876 0.330258 0.349380 0.367830 0.369877 0.369976 0.369992 0.370000 0.370000 0.370000 0.370000 0.370000 0.370000 0.370000 0.370000 0.370000 0.370000 0.370000 0.370000 0.370000 0.370000 0.370000 0.370000 0.370000 0.370000 0.370000 0.369999 0.369722 0.365707 0.340728 0.301739 0.295971 0.304986 0.280145 0.236486 0.203191 0.196005 0.186533 0.177637 0.181562 0.195509 0.213735 0.223402 0.214601 0.199992 0.184361 0.166726 0.168003 0.184338 -9999.0 -9999.0 -9999.0 -9999.0 -9999.0 -9999.0
-9999.0 -9999.0 -9999.0 -9999.0 0.085130 0.086298 0.085139 0.087435 0.091177 0.095892 0.101592 0.109769 0.116860 0.126106 0.142609 0.161852 0.188688 0.213414 0.258738 0.316574 0.347774 0.357819 0.362067 0.369647 0.370000 0.370000 0.370000 0.370000 0.370000 0.370000 0.370000 0.370000 0.370000 0.370000 0.370000 0.370000 0.370000 0.370000 0.370000 0.370000 0.370000 0.370000 0.370000 0.370000 0.370000 0.370000 0.370000 0.370000 0.370000 0.370000 0.370000 0.370000 0.370000 0.370000 0.370000 0.370000 0.370000 0.369993 0.368761 0.359896 0.330869 0.310791 0.284261 0.262931 0.237877 0.239116 0.242412 0.227663 0.205400 0.183773 0.174813 0.164184 0.159038 0.177040 0.189101 0.212051 -9999.0 -9999.0 -9999.0 -9999.0
-9999.0 -9999.0 0.080537 0.084472 0.090420 0.091456 0.091741 0.092283 0.096143 0.105572 0.128216 0.150673 0.175861 0.195140 0.241641 0.313481 0.354123 0.366094 0.369930 0.370000 0.370000 0.370000 0.370000 0.370000 0.370000 0.370000 0.370000 0.370000 0.370000 0.370000 0.370000 0.370000 0.370000 0.370000 0.370000 0.370000 0.370000 0.370000 0.370000 0.370000 0.370000 0.370000 0.370000 0.370000 0.370000 0.370000 0.370000 0.370000 0.370000 0.370000 0.370000 0.370000 0.370000 0.370000 0.370000 0.370000 0.370000 0.370000 0.370000 0.370000 0.370000 0.369999 0.369646 0.364016 0.345928 0.326304 0.294615 0.263702 0.228651 0.195867 0.180981 0.170177 0.169561 0.170630 0.181199 0.192261 0.203702 0.209732 -9999.0 -9999.0
-9999.0 0.075506 0.078988 0.090166 0.102831 0.113305 0.126128 0.137487 0.147459 0.152890 0.224547 0.315958 0.358318 0.364923 0.369792 0.370000 0.370000 0.370000 0.370000 0.370000 0.370000 0.370000 0.370000 0.370000 0.370000 0.370000 0.370000 0.370000 0.370000 0.370000 0.370000 0.370000 0.370000 0.370000 0.370000 0.370000 0.370000 0.370000 0.370000 0.370000 0.370000 0.370000 0.370000 0.370000 0.370000 0.370000 0.370000 0.370000 0.370000 0.370000 0.370000 0.370000 0.370000 0.370000 0.370000 0.370000 0.370000 0.370000 0.370000 0.370000 0.370000 0.370000 0.370000 0.370000 0.370000 0.369554 0.361138 0.338465 0.297534 0.268322 0.244229 0.204337 0.188560 0.190644 0.184963 0.183852 0.188805 0.193489 -9999.0 -9999.0
-9999.0 0.073270 0.079149 0.099546 0.143744 0.176656 0.272611 0.333783 0.345771 0.334981 0.368345 0.370000 0.370000 0.370000 0.370000 0.370000 0.370000 0.370000 0.370000 0.370000 0.370000 0.370000 0.370000 0.370000 0.370000 0.370000 0.370000 0.370000 0.370000 0.370000 0.370000 0.370000 0.370000 0.370000 0.370000 0.370000 0.370000 0.370000 0.370000 0.370000 0.370000 0.370000 0.370000 0.370000 0.370000 0.370000 0.370000 0.370000 0.370000 0.370000 0.370000 0.370000 0.370000 0.370000 0.370000 0.370000 0.370000 0.370000 0.370000 0.370000 0.370000 0.370000 0.370000 0.370000 0.370000 0.370000 0.370000 0.369997 0.368609 0.360665 0.341319 0.303638 0.257864 0.236586 0.206892 0.192022 -9999.0 -9999.0 -9999.0 -9999.0
-9999.0 0.071847 0.078461 0.115851 0.264377 0.354142 0.370000 0.370000 0.370000 0.370000 0.370000 0.370000 0.370000 0.370000 0.370000 0.370000 0.370000 0.370000 0.370000 0.370000 0.370000 0.370000 0.370000 0.370000 0.370000 0.370000 0.370000 0.370000 0.370000 0.370000 0.370000 0.370000 0.370000 0.370000 0.370000 0.369999 0.369781 0.369427 0.368672 0.365239 0.361748 0.358456 0.362469 0.361975 0.361843 0.363693 0.367026 0.368724 0.369946 0.369999 0.370000 0.370000 0.370000 0.370000 0.370000 0.370000 0.370000 0.370000 0.370000 0.370000 0.370000 0.370000 0.370000 0.370000 0.370000 0.370000 0.370000 0.370000 0.370000 0.370000 0.369998 0.369456 0.357687 0.307406 0.277080 -9999.0 -9999.0 -9999.0 -9999.0 -9999.0
-9999.0 0.069747 0.075243 0.105891 0.303570 0.370000 0.370000 0.370000 0.370000 0.370000 0.370000 0.370000 0.370000 0.370000 0.370000 0.370000 0.370000 0.370000 0.370000 0.370000 0.370000 0.370000 0.370000 0.370000 0.370000 0.370000 0.370000 0.370000 0.370000 0.370000 0.369994 0.369860 0.363543 0.339849 0.310053 0.271334 0.227828 0.226350 0.238535 0.224840 0.207918 0.194276 0.212566 0.223733 0.231875 0.224288 0.230958 0.258317 0.296388 0.325947 0.351438 0.365778 0.369653 0.369999 0.370000 0.370000 0.370000 0.370000 0.370000 0.370000 0.370000 0.370000 0.370000 0.370000 0.370000 0.370000 0.370000 0.370000 0.370000 0.370000 0.370000 0.370000 0.370000 -9999.0 -9999.0 -9999.0 -9999.0 -9999.0 -9999.0 -9999.0
-9999.0 0.068696 0.071036 0.079459 0.133689 0.292622 0.367755 0.370000 0.370000 0.370000 0.370000 0.370000 0.370000 0.370000 0.370000 0.370000 0.370000 0.370000 0.370000 0.370000 0.370000 0.370000 0.370000 0.369999 0.369938 0.369699 0.369290 0.367567 0.361275 0.341442 0.284472 0.230599 0.185442 0.163338 0.147730 0.133395 0.119527 0.123071 0.128445 0.126663 0.122214 0.120555 0.130883 0.138097 0.142378 0.136280 0.144027 0.157075 0.181222 0.209202 0.245158 0.286821 0.322466 0.340117 0.349035 0.360049 0.367935 0.369986 0.370000 0.370000 0.370000 0.370000 0.370000 0.370000 0.370000 0.370000 0.370000 0.370000 0.370000 0.370000 0.370000 -9999.0 -9999.0 -9999.0 -9999.0 -9999.0 -9999.0 -9999.0 -9999.0 -9999.0
-9999.0 -9999.0 0.068690 0.070418 0.073833 0.083597 0.104130 0.134944 0.166892 0.222015 0.292298 0.338444 0.354180 0.358713 0.352855 0.333965 0.316866 0.316828 0.310484 0.298351 0.276356 0.267415 0.260056 0.253750 0.241835 0.235522 0.231474 0.223059 0.206007 0.174416 0.145433 0.124626 0.108886 0.103377 0.099153 0.095281 0.094636 0.094492 0.095626 0.095794 0.096561 0.098500 0.102467 0.107011 0.109178 0.110725 0.113986 0.120890 0.132441 0.149946 0.178594 0.216523 0.245067 0.253306 0.244670 0.249012 0.266861 0.302509 0.353902 0.369675 0.370000 0.370000 0.370000 0.370000 0.370000 0.370000 0.370000 0.370000 0.370000 0.370000 -9999.0 -9999.0 -9999.0 -9999.0 -9999.0 -9999.0 -9999.0 -9999.0 -9999.0 -9999.0
-9999.0 -9999.0 -9999.0 -9999.0 0.069025 0.070629 0.072270 0.074483 0.079877 0.088722 0.102122 0.120260 0.137875 0.147681 0.141312 0.137353 0.133545 0.132514 0.129488 0.127054 0.124724 0.122226 0.119097 0.116904 0.116613 0.117563 0.117092 0.113560 0.109728 0.103293 0.098516 0.092911 0.088185 0.085187 0.084016 0.083391 0.083430 0.083017 0.083843 0.084366 0.085744 0.087336 0.090134 0.093962 0.095825 0.098159 0.099889 0.104029 0.110931 0.126733 0.153025 0.184858 0.207161 0.208249 0.187841 0.176123 0.172913 0.189640 0.223299 0.279401 0.346883 0.367277 0.369989 0.370000 0.370000 0.370000 0.370000 0.370000 -9999.0 -9999.0 -9999.0 -9999.0 -9999.0 -9999.0 -9999.0 -9999.0 -9999.0 -9999.0 -9999.0 -9999.0
-9999.0 -9999.0 -9999.0 -9999.0 -9999.0 -9999.0 0.068650 0.069273 0.070163 0.071990 0.074870 0.078809 0.083787 0.085806 0.087254 0.089611 0.088966 0.087158 0.085597 0.087199 0.088092 0.087618 0.084978 0.084823 0.085108 0.086047 0.085971 0.085407 0.083229 0.083822 0.083642 0.081825 0.080033 0.079140 0.078488 0.079064 0.079125 0.078434 0.078604 0.080158 0.081494 0.082518 0.084436 0.087740 0.091616 0.093555 0.093649 0.094554 0.101871 0.119403 0.146137 0.174249 0.193204 0.197072 0.176431 0.151848 0.140438 0.142145 0.157506 0.187667 0.243276 0.281384 0.306267 0.325202 0.343394 0.368173 -9999.0 -9999.0 -9999.0 -9999.0 -9999.0 -9999.0 -9999.0 -9999.0 -9999.0 -9999.0 -9999.0 -9999.0 -9999.0 -9999.0
-9999.0 -9999.0 -9999.0 -9999.0 -9999.0 -9999.0 -9999.0 -9999.0 -9999.0 -9999.0 -9999.0 -9999.0 -9999.0 -9999.0 -9999.0 -9999.0 -9999.0 -9999.0 -9999.0 -9999.0 -9999.0 -9999.0 -9999.0 -9999.0 -9999.0 -9999.0 -9999.0 -9999.0 -9999.0 -9999.0 -9999.0 -9999.0 -9999.0 -9999.0 -9999.0 -9999.0 -9999.0 -9999.0 -9999.0 -9999.0 -9999.0 -9999.0 -9999.0 -9999.0 -9999.0 -9999.0 -9999.0 -9999.0 -9999.0 -9999.0 -9999.0 -9999.0 -9999.0 -9999.0 -9999.0 -9999.0 -9999.0 -9999.0 -9999.0 -9999.0 -9999.0 -9999.0 -9999.0 -9999.0 -9999.0 -9999.0 -9999.0 -9999.0 -9999.0 -9999.0 -9999.0 -9999.0 -9999.0 -9999.0 -9999.0 -9999.0 -9999.0 -9999.0 -9999.0 -9999.0
-9999.0 -9999.0 -9999.0 -9999.0 -9999.0 -9999.0 -9999.0 -9999.0 -9999.0 -9999.0 -9999.0 -9999.0 -9999.0 -9999.0 -9999.0 -9999.0 -9999.0 -9999.0 -9999.0 -9999.0 -9999.0 -9999.0 -9999.0 -9999.0 -9999.0 -9999.0 -9999.0 -9999.0 -9999.0 -9999.0 -9999.0 -9999.0 -9999.0 -9999.0 -9999.0 -9999.0 -9999.0 -9999.0 -9999.0 -9999.0 -9999.0 -9999.0 -9999.0 -9999.0 -9999.0 -9999.0 -9999.0 -9999.0 -9999.0 -9999.0 -9999.0 -9999.0 -9999.0 -9999.0 -9999.0 -9999.0 -9999.0 -9999.0 -9999.0 -9999.0 -9999.0 -9999.0 -9999.0 -9999.0 -9999.0 -9999.0 -9999.0 -9999.0 -9999.0 -9999.0 -9999.0 -9999.0 -9999.0 -9999.0 -9999.0 -9999.0 -9999.0 -9999.0 -9999.0 -9999.0