Borden_/Borden1m_014/output_maps/thetasurfN0013.asc
ncols         80
nrows         18
xllcorner     620200.000000
yllcorner     5168000.000000
cellsize      1.000000
NODATA_value  -9999.0
-9999.0 -9999.0 -9999.0 -9999.0 -9999.0 -9999.0 -9999.0 -9999.0 -9999.0 -9999.0 -9999.0 -9999.0 -9999.0 -9999.0 -9999.0 -9999.0 -9999.0 -9999.0 -9999.0 -9999.0 -9999.0 -9999.0 -9999.0 -9999.0 -9999.0 -9999.0 -9999.0 -9999.0 -9999.0 -9999.0 -9999.0 -9999.0 -9999.0 -9999.0 -9999.0 -9999.0 -9999.0 -9999.0 -9999.0 -9999.0 -9999.0 -9999.0 -9999.0 -9999.0 -9999.0 -9999.0 -9999.0 -9999.0 -9999.0 -9999.0 -9999.0 -9999.0 -9999.0 -9999.0 -9999.0 -9999.0 -9999.0 -9999.0 -9999.0 -9999.0 -9999.0 -9999.0 -9999.0 -9999.0 -9999.0 -9999.0 -9999.0 -9999.0 -9999.0 -9999.0 -9999.0 -9999.0 -9999.0 -9999.0 -9999.0 -9999.0 -9999.0 -9999.0 -9999.0 -9999.0
-9999.0 -9999.0 -9999.0 -9999.0 -9999.0 -9999.0 -9999.0 -9999.0 -9999.0 -9999.0 -9999.0 -9999.0 -9999.0 -9999.0 -9999.0 -9999.0 -9999.0 -9999.0 -9999.0 -9999.0 -9999.0 -9999.0 -9999.0 -9999.0 -9999.0 -9999.0 -9999.0 -9999.0 -9999.0 -9999.0 -9999.0 -9999.0 -9999.0 -9999.0 -9999.0 -9999.0 -9999.0 -9999.0 -9999.0 -9999.0 -9999.0 -9999.0 -9999.0 -9999.0 -9999.0 -9999.0 -9999.0 -9999.0 -9999.0 -9999.0 -9999.0 -9999.0 -9999.0 -9999.0 -9999.0 -9999.0 -9999.0 -9999.0 -9999.0 -9999.0 -9999.0 -9999.0 -9999.0 -9999.0 -9999.0 -9999.0 -9999.0 -9999.0 -9999.0 -9999.0 -9999.0 -9999.0 -9999.0 -9999.0 -9999.0 -9999.0 -9999.0 -9999.0 -9999.0 -9999.0
-9999.0 -9999.0 -9999.0 -9999.0 -9999.0 -9999.0 -9999.0 -9999.0 -9999.0 -9999.0 -9999.0 -9999.0 -9999.0 -9999.0 -9999.0 -9999.0 -9999.0 -9999.0 -9999.0 -9999.0 0.275120 0.276119 0.274570 0.272923 0.271385 0.271057 0.272682 0.274300 0.276206 0.276371 0.274412 0.275097 0.274237 0.273577 0.273368 0.273914 0.274230 0.274778 0.275044 0.274704 0.274157 0.273855 0.273405 0.273389 0.274133 0.273166 0.274445 0.275504 0.275748 0.276048 0.274954 0.274664 0.274610 0.272971 0.275878 0.276385 0.278064 0.278057 0.278639 0.276785 0.274927 -9999.0 -9999.0 -9999.0 -9999.0 -9999.0 -9999.0 -9999.0 -9999.0 -9999.0 -9999.0 -9999.0 -9999.0 -9999.0 -9999.0 -9999.0 -9999.0 -9999.0 -9999.0 -9999.0
-9999.0 -9999.0 -9999.0 -9999.0 -9999.0 -9999.0 -9999.0 -9999.0 -9999.0 -9999.0 -9999.0 -9999.0 -9999.0 -9999.0 0.273466 0.272411 0.271880 0.271294 0.272760 0.273687 0.273300 0.272206 0.273356 0.271460 0.269683 0.270714 0.271835 0.272346 0.273629 0.274712 0.273442 0.273118 0.273629 0.275817 0.276539 0.275923 0.272791 0.275667 0.276671 0.277302 0.277206 0.275781 0.277465 0.279444 0.278262 0.276140 0.276741 0.277824 0.279744 0.279417 0.272844 0.272923 0.273597 0.274130 0.273223 0.272435 0.275301 0.274612 0.274338 0.274446 0.273395 0.271071 0.269877 0.272635 0.274428 0.278692 -9999.0 -9999.0 -9999.0 -9999.0 -9999.0 -9999.0 -9999.0 -9999.0 -9999.0 -9999.0 -9999.0 -9999.0 -9999.0 -9999.0
-9999.0 -9999.0 -9999.0 -9999.0 -9999.0 -9999.0 -9999.0 -9999.0 -9999.0 0.272494 0.272082 0.272314 0.271427 0.272257 0.270364 0.270671 0.270133 0.271132 0.271567 0.272660 0.274564 0.272766 0.272478 0.273527 0.273308 0.273328 0.273668 0.276300 0.278802 0.283921 0.278668 0.278422 0.280312 0.290752 0.298980 0.300745 0.297260 0.297160 0.301575 0.306403 0.305733 0.305120 0.310146 0.312594 0.314416 0.310373 0.306578 0.305838 0.312472 0.301831 0.290991 0.279195 0.281362 0.278370 0.275127 0.274236 0.273454 0.276695 0.275855 0.273641 0.271834 0.273220 0.271876 0.273168 0.273512 0.276602 0.279081 0.281669 0.281789 0.280029 -9999.0 -9999.0 -9999.0 -9999.0 -9999.0 -9999.0 -9999.0 -9999.0 -9999.0 -9999.0
-9999.0 -9999.0 -9999.0 -9999.0 -9999.0 -9999.0 0.271402 0.271142 0.271609 0.269176 0.270453 0.269169 0.270001 0.270133 0.270494 0.270088 0.271245 0.271988 0.273392 0.275260 0.277182 0.275331 0.275676 0.278443 0.283669 0.291992 0.295680 0.301024 0.316893 0.327759 0.332911 0.335042 0.342453 0.369999 0.370000 0.370000 0.370000 0.370000 0.370000 0.370000 0.370000 0.370000 0.370000 0.370000 0.370000 0.370000 0.370000 0.370000 0.370000 0.370000 0.370000 0.343577 0.323939 0.312989 0.298160 0.288435 0.283930 0.286643 0.283161 0.278077 0.275287 0.275918 0.275612 0.274234 0.274974 0.276034 0.277872 0.279161 0.278316 0.277370 0.277044 0.274870 0.275346 0.277512 -9999.0 -9999.0 -9999.0 -9999.0 -9999.0 -9999.0
-9999.0 -9999.0 -9999.0 -9999.0 0.268371 0.269315 0.266231 0.267791 0.268804 0.269402 0.268841 0.269973 0.269853 0.270419 0.271949 0.272580 0.274494 0.275481 0.279791 0.290359 0.301306 0.306396 0.308085 0.322798 0.353973 0.370000 0.370000 0.370000 0.370000 0.370000 0.370000 0.370000 0.370000 0.370000 0.370000 0.370000 0.370000 0.370000 0.370000 0.370000 0.370000 0.370000 0.370000 0.370000 0.370000 0.370000 0.370000 0.370000 0.370000 0.370000 0.370000 0.370000 0.370000 0.370000 0.370000 0.370000 0.355352 0.335564 0.317901 0.307116 0.293934 0.286986 0.283172 0.281331 0.277961 0.279011 0.280403 0.278828 0.276933 0.275095 0.275411 0.274670 0.273259 0.276339 0.276914 0.279826 -9999.0 -9999.0 -9999.0 -9999.0
-9999.0 -9999.0 0.268688 0.268316 0.270618 0.268697 0.267555 0.265949 0.266188 0.268112 0.271475 0.271868 0.273411 0.273794 0.278233 0.291742 0.305042 0.313229 0.329591 0.369998 0.370000 0.370000 0.370000 0.370000 0.370000 0.370000 0.370000 0.370000 0.370000 0.370000 0.370000 0.370000 0.370000 0.370000 0.370000 0.370000 0.370000 0.370000 0.370000 0.370000 0.370000 0.370000 0.370000 0.370000 0.370000 0.370000 0.370000 0.370000 0.370000 0.370000 0.370000 0.370000 0.370000 0.370000 0.370000 0.370000 0.370000 0.370000 0.370000 0.370000 0.370000 0.346848 0.322520 0.309539 0.295107 0.290637 0.284592 0.281260 0.278216 0.274975 0.274393 0.274202 0.275132 0.274392 0.275943 0.276822 0.278552 0.279032 -9999.0 -9999.0
-9999.0 0.268401 0.266983 0.270916 0.270576 0.270666 0.270808 0.270921 0.271526 0.269179 0.277762 0.294375 0.308217 0.311800 0.326791 0.369997 0.370000 0.370000 0.370000 0.370000 0.370000 0.370000 0.370000 0.370000 0.370000 0.370000 0.370000 0.370000 0.370000 0.370000 0.370000 0.370000 0.370000 0.370000 0.370000 0.370000 0.370000 0.370000 0.370000 0.370000 0.370000 0.370000 0.370000 0.370000 0.370000 0.370000 0.370000 0.370000 0.370000 0.370000 0.370000 0.370000 0.370000 0.370000 0.370000 0.370000 0.370000 0.370000 0.370000 0.370000 0.370000 0.370000 0.370000 0.370000 0.355600 0.320537 0.304964 0.292750 0.284352 0.281621 0.280165 0.275447 0.274709 0.276423 0.275794 0.275757 0.276406 0.276838 -9999.0 -9999.0
-9999.0 0.263835 0.267701 0.271087 0.274395 0.272516 0.288017 0.300049 0.302404 0.294765 0.319851 0.370000 0.370000 0.370000 0.370000 0.370000 0.370000 0.370000 0.370000 0.370000 0.370000 0.370000 0.370000 0.370000 0.370000 0.370000 0.370000 0.370000 0.370000 0.370000 0.370000 0.370000 0.370000 0.370000 0.370000 0.370000 0.370000 0.370000 0.370000 0.370000 0.370000 0.370000 0.370000 0.370000 0.370000 0.370000 0.370000 0.370000 0.370000 0.370000 0.370000 0.370000 0.370000 0.370000 0.370000 0.370000 0.370000 0.370000 0.370000 0.370000 0.370000 0.370000 0.370000 0.370000 0.370000 0.370000 0.369999 0.340117 0.317624 0.306701 0.294363 0.286524 0.280056 0.279737 0.276372 0.276801 -9999.0 -9999.0 -9999.0 -9999.0
-9999.0 0.263722 0.267331 0.274096 0.287981 0.308637 0.369999 0.370000 0.370000 0.370000 0.370000 0.370000 0.370000 0.370000 0.370000 0.370000 0.370000 0.370000 0.370000 0.370000 0.370000 0.370000 0.370000 0.370000 0.370000 0.370000 0.370000 0.370000 0.370000 0.370000 0.370000 0.370000 0.370000 0.370000 0.369999 0.346148 0.324161 0.322724 0.319476 0.312397 0.309159 0.306412 0.310067 0.309076 0.308640 0.310466 0.315045 0.318009 0.329000 0.345970 0.370000 0.370000 0.370000 0.370000 0.370000 0.370000 0.370000 0.370000 0.370000 0.370000 0.370000 0.370000 0.370000 0.370000 0.370000 0.370000 0.370000 0.370000 0.370000 0.370000 0.351126 0.322158 0.302272 0.288717 0.284919 -9999.0 -9999.0 -9999.0 -9999.0 -9999.0
-9999.0 0.257424 0.267779 0.273027 0.299658 0.369998 0.370000 0.370000 0.370000 0.370000 0.370000 0.370000 0.370000 0.370000 0.370000 0.370000 0.370000 0.370000 0.370000 0.370000 0.370000 0.370000 0.370000 0.370000 0.370000 0.370000 0.370000 0.370000 0.370000 0.370000 0.337522 0.328425 0.311144 0.298739 0.290049 0.282654 0.277079 0.277574 0.280094 0.278376 0.276592 0.274277 0.276940 0.277925 0.279066 0.277399 0.277380 0.280417 0.285227 0.289698 0.300056 0.311674 0.321677 0.341459 0.369999 0.370000 0.370000 0.370000 0.370000 0.370000 0.370000 0.370000 0.370000 0.370000 0.370000 0.370000 0.370000 0.370000 0.370000 0.370000 0.370000 0.370000 0.367901 -9999.0 -9999.0 -9999.0 -9999.0 -9999.0 -9999.0 -9999.0
-9999.0 0.254077 0.265569 0.266168 0.276216 0.296068 0.323341 0.369994 0.370000 0.370000 0.370000 0.370000 0.370000 0.370000 0.370000 0.370000 0.370000 0.370000 0.370000 0.370000 0.359060 0.344636 0.344458 0.340995 0.329946 0.324880 0.322186 0.316804 0.309307 0.299304 0.283985 0.278104 0.274051 0.273200 0.272438 0.271522 0.268699 0.270646 0.271916 0.271650 0.270761 0.269951 0.272128 0.272619 0.273240 0.270961 0.272280 0.272968 0.274981 0.276751 0.279421 0.283683 0.289593 0.293281 0.297593 0.306118 0.315210 0.335069 0.370000 0.370000 0.370000 0.370000 0.370000 0.370000 0.370000 0.370000 0.370000 0.370000 0.370000 0.370000 0.370000 -9999.0 -9999.0 -9999.0 -9999.0 -9999.0 -9999.0 -9999.0 -9999.0 -9999.0
-9999.0 -9999.0 0.251612 0.256059 0.259749 0.262991 0.267446 0.272986 0.278550 0.284701 0.292921 0.301668 0.306829 0.309231 0.305856 0.298458 0.294112 0.294686 0.293445 0.290338 0.283397 0.282488 0.281777 0.281340 0.279839 0.279295 0.279181 0.278861 0.277915 0.275003 0.272670 0.271201 0.269077 0.269715 0.269555 0.268739 0.269810 0.269568 0.269783 0.269603 0.269827 0.270218 0.270537 0.271086 0.270950 0.271098 0.271159 0.271618 0.272274 0.273023 0.274955 0.278051 0.280250 0.280589 0.278876 0.279296 0.280985 0.284971 0.302274 0.324218 0.369999 0.370000 0.370000 0.370000 0.370000 0.370000 0.370000 0.370000 0.370000 0.370000 -9999.0 -9999.0 -9999.0 -9999.0 -9999.0 -9999.0 -9999.0 -9999.0 -9999.0 -9999.0
-9999.0 -9999.0 -9999.0 -9999.0 0.249517 0.255918 0.261935 0.260955 0.265023 0.266996 0.268508 0.270358 0.271822 0.272935 0.271165 0.271067 0.270934 0.271346 0.271084 0.270691 0.270610 0.270460 0.270333 0.269987 0.270252 0.270710 0.270897 0.270287 0.270606 0.269492 0.269739 0.269278 0.268787 0.267980 0.268340 0.268298 0.268790 0.268301 0.269020 0.268492 0.268966 0.269084 0.269559 0.270432 0.269807 0.270308 0.270187 0.270756 0.270543 0.271806 0.273966 0.276455 0.278070 0.277818 0.275117 0.274249 0.273424 0.274826 0.276779 0.281766 0.297718 0.313425 0.334105 0.369999 0.370000 0.370000 0.370000 0.370000 -9999.0 -9999.0 -9999.0 -9999.0 -9999.0 -9999.0 -9999.0 -9999.0 -9999.0 -9999.0 -9999.0 -9999.0
-9999.0 -9999.0 -9999.0 -9999.0 -9999.0 -9999.0 0.252477 0.255726 0.254550 0.256855 0.258794 0.260154 0.262437 0.261881 0.262595 0.264638 0.264395 0.263500 0.262306 0.264139 0.264941 0.265190 0.263262 0.263899 0.264107 0.264851 0.264772 0.265204 0.263574 0.265748 0.266851 0.266636 0.266441 0.266967 0.266570 0.267898 0.268058 0.267021 0.266668 0.268099 0.268411 0.268069 0.268179 0.268952 0.270202 0.270269 0.269527 0.268420 0.269419 0.271839 0.274219 0.276091 0.277269 0.277869 0.275867 0.272888 0.271353 0.270864 0.271620 0.273050 0.277743 0.280583 0.282760 0.287201 0.293473 0.314122 -9999.0 -9999.0 -9999.0 -9999.0 -9999.0 -9999.0 -9999.0 -9999.0 -9999.0 -9999.0 -9999.0 -9999.0 -9999.0 -9999.0
-9999.0 -9999.0 -9999.0 -9999.0 -9999.0 -9999.0 -9999.0 -9999.0 -9999.0 -9999.0 -9999.0 -9999.0 -9999.0 -9999.0 -9999.0 -9999.0 -9999.0 -9999.0 -9999.0 -9999.0 -9999.0 -9999.0 -9999.0 -9999.0 -9999.0 -9999.0 -9999.0 -9999.0 -9999.0 -9999.0 -9999.0 -9999.0 -9999.0 -9999.0 -9999.0 -9999.0 -9999.0 -9999.0 -9999.0 -9999.0 -9999.0 -9999.0 -9999.0 -9999.0 -9999.0 -9999.0 -9999.0 -9999.0 -9999.0 -9999.0 -9999.0 -9999.0 -9999.0 -9999.0 -9999.0 -9999.0 -9999.0 -9999.0 -9999.0 -9999.0 -9999.0 -9999.0 -9999.0 -9999.0 -9999.0 -9999.0 -9999.0 -9999.0 -9999.0 -9999.0 -9999.0 -9999.0 -9999.0 -9999.0 -9999.0 -9999.0 -9999.0 -9999.0 -9999.0 -9999.0
-9999.0 -9999.0 -9999.0 -9999.0 -9999.0 -9999.0 -9999.0 -9999.0 -9999.0 -9999.0 -9999.0 -9999.0 -9999.0 -9999.0 -9999.0 -9999.0 -9999.0 -9999.0 -9999.0 -9999.0 -9999.0 -9999.0 -9999.0 -9999.0 -9999.0 -9999.0 -9999.0 -9999.0 -9999.0 -9999.0 -9999.0 -9999.0 -9999.0 -9999.0 -9999.0 -9999.0 -9999.0 -9999.0 -9999.0 -9999.0 -9999.0 -9999.0 -9999.0 -9999.0 -9999.0 -9999.0 -9999.0 -9999.0 -9999.0 -9999.0 -9999.0 -9999.0 -9999.0 -9999.0 -9999.0 -9999.0 -9999.0 -9999.0 -9999.0 -9999.0 -9999.0 -9999.0 -9999.0 -9999.0 -9999.0 -9999.0 -9999.0 -9999.0 -9999.0 -9999.0 -9999.0 -9999.0 -9999.0 -9999.0 -9999.0 -9999.0 -9999.0 -9999.0 -9999.0 -9999.0