Borden_/Borden1m_014/output_maps/thetasurfN0037.asc
ncols         80
nrows         18
xllcorner     620200.000000
yllcorner     5168000.000000
cellsize      1.000000
NODATA_value  -9999.0
-9999.0 -9999.0 -9999.0 -9999.0 -9999.0 -9999.0 -9999.0 -9999.0 -9999.0 -9999.0 -9999.0 -9999.0 -9999.0 -9999.0 -9999.0 -9999.0 -9999.0 -9999.0 -9999.0 -9999.0 -9999.0 -9999.0 -9999.0 -9999.0 -9999.0 -9999.0 -9999.0 -9999.0 -9999.0 -9999.0 -9999.0 -9999.0 -9999.0 -9999.0 -9999.0 -9999.0 -9999.0 -9999.0 -9999.0 -9999.0 -9999.0 -9999.0 -9999.0 -9999.0 -9999.0 -9999.0 -9999.0 -9999.0 -9999.0 -9999.0 -9999.0 -9999.0 -9999.0 -9999.0 -9999.0 -9999.0 -9999.0 -9999.0 -9999.0 -9999.0 -9999.0 -9999.0 -9999.0 -9999.0 -9999.0 -9999.0 -9999.0 -9999.0 -9999.0 -9999.0 -9999.0 -9999.0 -9999.0 -9999.0 -9999.0 -9999.0 -9999.0 -9999.0 -9999.0 -9999.0
-9999.0 -9999.0 -9999.0 -9999.0 -9999.0 -9999.0 -9999.0 -9999.0 -9999.0 -9999.0 -9999.0 -9999.0 -9999.0 -9999.0 -9999.0 -9999.0 -9999.0 -9999.0 -9999.0 -9999.0 -9999.0 -9999.0 -9999.0 -9999.0 -9999.0 -9999.0 -9999.0 -9999.0 -9999.0 -9999.0 -9999.0 -9999.0 -9999.0 -9999.0 -9999.0 -9999.0 -9999.0 -9999.0 -9999.0 -9999.0 -9999.0 -9999.0 -9999.0 -9999.0 -9999.0 -9999.0 -9999.0 -9999.0 -9999.0 -9999.0 -9999.0 -9999.0 -9999.0 -9999.0 -9999.0 -9999.0 -9999.0 -9999.0 -9999.0 -9999.0 -9999.0 -9999.0 -9999.0 -9999.0 -9999.0 -9999.0 -9999.0 -9999.0 -9999.0 -9999.0 -9999.0 -9999.0 -9999.0 -9999.0 -9999.0 -9999.0 -9999.0 -9999.0 -9999.0 -9999.0
-9999.0 -9999.0 -9999.0 -9999.0 -9999.0 -9999.0 -9999.0 -9999.0 -9999.0 -9999.0 -9999.0 -9999.0 -9999.0 -9999.0 -9999.0 -9999.0 -9999.0 -9999.0 -9999.0 -9999.0 0.172237 0.172788 0.171533 0.170122 0.168967 0.168838 0.170146 0.171708 0.173532 0.173943 0.172509 0.172822 0.172266 0.171996 0.172002 0.172387 0.172556 0.173161 0.173560 0.173412 0.172974 0.172647 0.172352 0.172468 0.172946 0.172311 0.173289 0.174295 0.174679 0.174624 0.173200 0.172589 0.172368 0.171288 0.173260 0.173899 0.175470 0.175648 0.175910 0.174133 0.172430 -9999.0 -9999.0 -9999.0 -9999.0 -9999.0 -9999.0 -9999.0 -9999.0 -9999.0 -9999.0 -9999.0 -9999.0 -9999.0 -9999.0 -9999.0 -9999.0 -9999.0 -9999.0 -9999.0
-9999.0 -9999.0 -9999.0 -9999.0 -9999.0 -9999.0 -9999.0 -9999.0 -9999.0 -9999.0 -9999.0 -9999.0 -9999.0 -9999.0 0.169827 0.169191 0.168902 0.168753 0.169923 0.170872 0.170960 0.170293 0.170804 0.169501 0.168385 0.169075 0.170094 0.170991 0.172456 0.173606 0.172576 0.172326 0.172910 0.174960 0.175944 0.175538 0.173218 0.175380 0.176588 0.177402 0.177305 0.176228 0.177813 0.179676 0.178755 0.176808 0.177146 0.178222 0.180067 0.178967 0.173049 0.172337 0.172591 0.172650 0.171897 0.171360 0.173355 0.173113 0.172755 0.172320 0.171093 0.169219 0.168418 0.170304 0.172123 0.175924 -9999.0 -9999.0 -9999.0 -9999.0 -9999.0 -9999.0 -9999.0 -9999.0 -9999.0 -9999.0 -9999.0 -9999.0 -9999.0 -9999.0
-9999.0 -9999.0 -9999.0 -9999.0 -9999.0 -9999.0 -9999.0 -9999.0 -9999.0 0.168720 0.168549 0.168725 0.168330 0.168881 0.168014 0.168228 0.168109 0.168891 0.169583 0.170757 0.172307 0.171205 0.171074 0.171916 0.172114 0.172501 0.173264 0.175998 0.179397 0.184832 0.180394 0.180221 0.182707 0.192427 0.202896 0.206707 0.200575 0.200516 0.208201 0.219067 0.220237 0.219432 0.233055 0.242315 0.248668 0.234765 0.220999 0.218919 0.234074 0.208773 0.192312 0.181707 0.182153 0.178658 0.175032 0.173677 0.173226 0.175606 0.174634 0.172396 0.170627 0.171092 0.170157 0.171061 0.171777 0.174655 0.177385 0.180118 0.180261 0.178519 -9999.0 -9999.0 -9999.0 -9999.0 -9999.0 -9999.0 -9999.0 -9999.0 -9999.0 -9999.0
-9999.0 -9999.0 -9999.0 -9999.0 -9999.0 -9999.0 0.167567 0.167497 0.167844 0.166817 0.167574 0.167080 0.167663 0.167946 0.168338 0.168410 0.169449 0.170396 0.172037 0.174295 0.176461 0.175456 0.176055 0.179332 0.186064 0.192920 0.197728 0.207776 0.253285 0.296756 0.311945 0.318061 0.324347 0.340301 0.357742 0.361201 0.357346 0.353507 0.358183 0.365093 0.369418 0.369443 0.369536 0.369628 0.369857 0.369832 0.365780 0.361937 0.359963 0.357725 0.344024 0.320921 0.283825 0.239032 0.202474 0.189231 0.187183 0.189059 0.184181 0.178307 0.174985 0.174879 0.174223 0.173092 0.173574 0.174760 0.176635 0.177812 0.176892 0.175634 0.174649 0.172769 0.173045 0.174869 -9999.0 -9999.0 -9999.0 -9999.0 -9999.0 -9999.0
-9999.0 -9999.0 -9999.0 -9999.0 0.165915 0.166397 0.164986 0.165787 0.166438 0.166947 0.167017 0.167958 0.168269 0.168973 0.170490 0.171805 0.174085 0.175915 0.181083 0.192912 0.207110 0.218346 0.227939 0.284119 0.326621 0.345467 0.351087 0.358052 0.365491 0.369895 0.369869 0.369978 0.369992 0.369998 0.370000 0.370000 0.370000 0.370000 0.370000 0.370000 0.370000 0.370000 0.370000 0.370000 0.370000 0.370000 0.370000 0.370000 0.370000 0.369992 0.369999 0.369945 0.367839 0.364805 0.361328 0.351499 0.326698 0.311670 0.261459 0.221018 0.196961 0.190433 0.184688 0.181789 0.178303 0.178806 0.179644 0.177908 0.175724 0.173717 0.173405 0.172546 0.171670 0.173952 0.174838 0.177488 -9999.0 -9999.0 -9999.0 -9999.0
-9999.0 -9999.0 0.165791 0.165891 0.167237 0.166456 0.166025 0.165360 0.165670 0.167000 0.169691 0.171036 0.173086 0.174237 0.179161 0.193041 0.216264 0.244674 0.300938 0.334277 0.353981 0.362776 0.368842 0.369768 0.369960 0.369998 0.370000 0.369999 0.370000 0.370000 0.370000 0.370000 0.370000 0.370000 0.370000 0.370000 0.370000 0.370000 0.370000 0.370000 0.370000 0.370000 0.370000 0.370000 0.370000 0.370000 0.370000 0.370000 0.370000 0.370000 0.370000 0.370000 0.370000 0.369999 0.370000 0.369998 0.369923 0.368015 0.366081 0.361001 0.339291 0.317481 0.278174 0.230085 0.203849 0.194485 0.186336 0.181697 0.177730 0.174331 0.173277 0.172632 0.173023 0.172744 0.173975 0.174961 0.176391 0.176961 -9999.0 -9999.0
-9999.0 0.165407 0.165027 0.167461 0.167983 0.168590 0.169496 0.170276 0.171013 0.170062 0.177916 0.196873 0.224059 0.240286 0.292497 0.345819 0.369285 0.369521 0.369907 0.369918 0.370000 0.370000 0.370000 0.370000 0.370000 0.370000 0.370000 0.370000 0.370000 0.370000 0.370000 0.370000 0.370000 0.370000 0.370000 0.370000 0.370000 0.370000 0.370000 0.370000 0.370000 0.370000 0.370000 0.369999 0.369999 0.370000 0.370000 0.370000 0.370000 0.369999 0.370000 0.370000 0.370000 0.370000 0.370000 0.370000 0.370000 0.370000 0.370000 0.369999 0.369626 0.367508 0.362062 0.346100 0.320779 0.273017 0.221051 0.199199 0.186661 0.182393 0.179835 0.175096 0.173838 0.174710 0.174097 0.174022 0.174585 0.175035 -9999.0 -9999.0
-9999.0 0.163401 0.165534 0.168254 0.171925 0.172840 0.186812 0.203168 0.211529 0.201705 0.267862 0.369390 0.369938 0.369935 0.369996 0.370000 0.370000 0.370000 0.370000 0.370000 0.370000 0.370000 0.370000 0.370000 0.370000 0.370000 0.370000 0.370000 0.370000 0.370000 0.370000 0.369999 0.370000 0.369996 0.369960 0.369911 0.369314 0.368417 0.366214 0.363392 0.361646 0.364516 0.363084 0.359912 0.359168 0.363242 0.366677 0.366068 0.366346 0.367828 0.369400 0.369987 0.369997 0.369994 0.370000 0.370000 0.370000 0.370000 0.370000 0.370000 0.370000 0.369996 0.369998 0.369400 0.365569 0.350266 0.329358 0.306784 0.255758 0.221008 0.201565 0.188845 0.180905 0.179051 0.175616 0.174936 -9999.0 -9999.0 -9999.0 -9999.0
-9999.0 0.163459 0.165622 0.170923 0.185842 0.216714 0.324837 0.365108 0.369984 0.369875 0.370000 0.370000 0.370000 0.370000 0.370000 0.370000 0.370000 0.370000 0.370000 0.370000 0.370000 0.370000 0.370000 0.370000 0.370000 0.370000 0.370000 0.369999 0.369836 0.369390 0.368627 0.367976 0.365679 0.349327 0.335807 0.325025 0.289818 0.276502 0.262273 0.237019 0.225695 0.219334 0.227803 0.225695 0.225011 0.230865 0.247057 0.261592 0.298711 0.320120 0.336984 0.354570 0.361626 0.366654 0.369167 0.369991 0.369999 0.370000 0.370000 0.370000 0.370000 0.370000 0.370000 0.370000 0.369998 0.369266 0.366788 0.356242 0.338236 0.320884 0.305336 0.268479 0.216708 0.190552 0.184951 -9999.0 -9999.0 -9999.0 -9999.0 -9999.0
-9999.0 0.160951 0.165966 0.170410 0.198623 0.333292 0.361547 0.370000 0.370000 0.370000 0.369847 0.369999 0.370000 0.370000 0.370000 0.369998 0.369998 0.369998 0.369999 0.369986 0.369632 0.369337 0.369317 0.369008 0.368227 0.367206 0.366126 0.363901 0.353397 0.338614 0.310503 0.291652 0.232123 0.202543 0.192008 0.184307 0.177850 0.177911 0.179779 0.177994 0.176160 0.174338 0.176531 0.177579 0.178585 0.177393 0.177819 0.181128 0.187191 0.194585 0.208432 0.237087 0.278300 0.317828 0.332699 0.352405 0.362342 0.367252 0.369686 0.370000 0.370000 0.370000 0.370000 0.370000 0.370000 0.370000 0.369998 0.369291 0.361496 0.351934 0.346941 0.339313 0.320957 -9999.0 -9999.0 -9999.0 -9999.0 -9999.0 -9999.0 -9999.0
-9999.0 0.159285 0.164697 0.166030 0.174025 0.195452 0.259639 0.334961 0.368784 0.352647 0.348199 0.355842 0.361845 0.364712 0.361441 0.354228 0.347231 0.348331 0.348656 0.340410 0.328498 0.322889 0.322611 0.318500 0.299694 0.283377 0.271892 0.250949 0.224536 0.203440 0.185641 0.178545 0.173991 0.172371 0.171241 0.170099 0.168086 0.169103 0.169943 0.169701 0.169045 0.168565 0.170028 0.170571 0.171054 0.169718 0.170669 0.171616 0.173735 0.176032 0.179494 0.185029 0.193083 0.200156 0.206063 0.220042 0.251958 0.306884 0.343317 0.365207 0.369264 0.369983 0.369995 0.370000 0.370000 0.370000 0.370000 0.370000 0.365151 0.360070 0.359602 -9999.0 -9999.0 -9999.0 -9999.0 -9999.0 -9999.0 -9999.0 -9999.0 -9999.0
-9999.0 -9999.0 0.158395 0.160708 0.162993 0.165314 0.168666 0.173246 0.177051 0.182323 0.191559 0.204689 0.215986 0.222388 0.214110 0.200845 0.194571 0.194949 0.193406 0.190431 0.185655 0.184012 0.182939 0.182072 0.180197 0.179394 0.179040 0.178323 0.176823 0.173779 0.171191 0.169489 0.167726 0.167712 0.167398 0.166791 0.167178 0.167081 0.167245 0.167157 0.167263 0.167516 0.167866 0.168323 0.168362 0.168477 0.168670 0.169214 0.170067 0.171219 0.173469 0.176918 0.179767 0.180535 0.179138 0.179673 0.181922 0.187759 0.211538 0.279650 0.332073 0.355965 0.366572 0.368973 0.369362 0.369790 0.370000 0.369035 0.346112 0.349738 -9999.0 -9999.0 -9999.0 -9999.0 -9999.0 -9999.0 -9999.0 -9999.0 -9999.0 -9999.0
-9999.0 -9999.0 -9999.0 -9999.0 0.157765 0.160750 0.163504 0.163315 0.165376 0.166660 0.167982 0.169647 0.171039 0.171992 0.170766 0.170345 0.170043 0.170226 0.169982 0.169620 0.169401 0.169195 0.169026 0.168752 0.168815 0.169026 0.169078 0.168626 0.168587 0.167669 0.167449 0.166910 0.166394 0.165848 0.165923 0.165834 0.166048 0.165817 0.166188 0.165963 0.166242 0.166383 0.166750 0.167331 0.167131 0.167470 0.167511 0.167987 0.168234 0.169547 0.171743 0.174414 0.176331 0.176281 0.173938 0.172983 0.172506 0.174037 0.176884 0.183505 0.204748 0.245716 0.307893 0.330555 0.342526 0.355972 0.363471 0.364444 -9999.0 -9999.0 -9999.0 -9999.0 -9999.0 -9999.0 -9999.0 -9999.0 -9999.0 -9999.0 -9999.0 -9999.0
-9999.0 -9999.0 -9999.0 -9999.0 -9999.0 -9999.0 0.158847 0.160256 0.159970 0.160939 0.161800 0.162557 0.163796 0.163594 0.163871 0.164837 0.164658 0.164189 0.163616 0.164470 0.164801 0.164893 0.163933 0.164179 0.164255 0.164637 0.164599 0.164744 0.163890 0.164805 0.165224 0.165005 0.164792 0.164943 0.164716 0.165330 0.165402 0.164908 0.164784 0.165495 0.165702 0.165615 0.165784 0.166311 0.167073 0.167195 0.166870 0.166436 0.167285 0.169223 0.171531 0.173705 0.175196 0.175687 0.173700 0.171177 0.169974 0.169872 0.170980 0.173169 0.178608 0.182985 0.187181 0.192681 0.200161 0.252481 -9999.0 -9999.0 -9999.0 -9999.0 -9999.0 -9999.0 -9999.0 -9999.0 -9999.0 -9999.0 -9999.0 -9999.0 -9999.0 -9999.0
-9999.0 -9999.0 -9999.0 -9999.0 -9999.0 -9999.0 -9999.0 -9999.0 -9999.0 -9999.0 -9999.0 -9999.0 -9999.0 -9999.0 -9999.0 -9999.0 -9999.0 -9999.0 -9999.0 -9999.0 -9999.0 -9999.0 -9999.0 -9999.0 -9999.0 -9999.0 -9999.0 -9999.0 -9999.0 -9999.0 -9999.0 -9999.0 -9999.0 -9999.0 -9999.0 -9999.0 -9999.0 -9999.0 -9999.0 -9999.0 -9999.0 -9999.0 -9999.0 -9999.0 -9999.0 -9999.0 -9999.0 -9999.0 -9999.0 -9999.0 -9999.0 -9999.0 -9999.0 -9999.0 -9999.0 -9999.0 -9999.0 -9999.0 -9999.0 -9999.0 -9999.0 -9999.0 -9999.0 -9999.0 -9999.0 -9999.0 -9999.0 -9999.0 -9999.0 -9999.0 -9999.0 -9999.0 -9999.0 -9999.0 -9999.0 -9999.0 -9999.0 -9999.0 -9999.0 -9999.0
-9999.0 -9999.0 -9999.0 -9999.0 -9999.0 -9999.0 -9999.0 -9999.0 -9999.0 -9999.0 -9999.0 -9999.0 -9999.0 -9999.0 -9999.0 -9999.0 -9999.0 -9999.0 -9999.0 -9999.0 -9999.0 -9999.0 -9999.0 -9999.0 -9999.0 -9999.0 -9999.0 -9999.0 -9999.0 -9999.0 -9999.0 -9999.0 -9999.0 -9999.0 -9999.0 -9999.0 -9999.0 -9999.0 -9999.0 -9999.0 -9999.0 -9999.0 -9999.0 -9999.0 -9999.0 -9999.0 -9999.0 -9999.0 -9999.0 -9999.0 -9999.0 -9999.0 -9999.0 -9999.0 -9999.0 -9999.0 -9999.0 -9999.0 -9999.0 -9999.0 -9999.0 -9999.0 -9999.0 -9999.0 -9999.0 -9999.0 -9999.0 -9999.0 -9999.0 -9999.0 -9999.0 -9999.0 -9999.0 -9999.0 -9999.0 -9999.0 -9999.0 -9999.0 -9999.0 -9999.0