Borden_/Borden1m_014/output_maps/thetaliqL0005N0025.asc
ncols         80
nrows         18
xllcorner     620200.000000
yllcorner     5168000.000000
cellsize      1.000000
NODATA_value  -9999.0
-9999.0 -9999.0 -9999.0 -9999.0 -9999.0 -9999.0 -9999.0 -9999.0 -9999.0 -9999.0 -9999.0 -9999.0 -9999.0 -9999.0 -9999.0 -9999.0 -9999.0 -9999.0 -9999.0 -9999.0 -9999.0 -9999.0 -9999.0 -9999.0 -9999.0 -9999.0 -9999.0 -9999.0 -9999.0 -9999.0 -9999.0 -9999.0 -9999.0 -9999.0 -9999.0 -9999.0 -9999.0 -9999.0 -9999.0 -9999.0 -9999.0 -9999.0 -9999.0 -9999.0 -9999.0 -9999.0 -9999.0 -9999.0 -9999.0 -9999.0 -9999.0 -9999.0 -9999.0 -9999.0 -9999.0 -9999.0 -9999.0 -9999.0 -9999.0 -9999.0 -9999.0 -9999.0 -9999.0 -9999.0 -9999.0 -9999.0 -9999.0 -9999.0 -9999.0 -9999.0 -9999.0 -9999.0 -9999.0 -9999.0 -9999.0 -9999.0 -9999.0 -9999.0 -9999.0 -9999.0
-9999.0 -9999.0 -9999.0 -9999.0 -9999.0 -9999.0 -9999.0 -9999.0 -9999.0 -9999.0 -9999.0 -9999.0 -9999.0 -9999.0 -9999.0 -9999.0 -9999.0 -9999.0 -9999.0 -9999.0 -9999.0 -9999.0 -9999.0 -9999.0 -9999.0 -9999.0 -9999.0 -9999.0 -9999.0 -9999.0 -9999.0 -9999.0 -9999.0 -9999.0 -9999.0 -9999.0 -9999.0 -9999.0 -9999.0 -9999.0 -9999.0 -9999.0 -9999.0 -9999.0 -9999.0 -9999.0 -9999.0 -9999.0 -9999.0 -9999.0 -9999.0 -9999.0 -9999.0 -9999.0 -9999.0 -9999.0 -9999.0 -9999.0 -9999.0 -9999.0 -9999.0 -9999.0 -9999.0 -9999.0 -9999.0 -9999.0 -9999.0 -9999.0 -9999.0 -9999.0 -9999.0 -9999.0 -9999.0 -9999.0 -9999.0 -9999.0 -9999.0 -9999.0 -9999.0 -9999.0
-9999.0 -9999.0 -9999.0 -9999.0 -9999.0 -9999.0 -9999.0 -9999.0 -9999.0 -9999.0 -9999.0 -9999.0 -9999.0 -9999.0 -9999.0 -9999.0 -9999.0 -9999.0 -9999.0 -9999.0 0.119320 0.120618 0.114581 0.107381 0.102313 0.102338 0.108441 0.117237 0.127687 0.130829 0.124440 0.124992 0.123012 0.122641 0.123311 0.125080 0.125803 0.129452 0.132204 0.131936 0.129699 0.127747 0.126948 0.128010 0.129861 0.126979 0.131723 0.137476 0.140116 0.138559 0.129141 0.124559 0.122576 0.118362 0.126336 0.130524 0.139292 0.141066 0.141230 0.131176 0.121798 -9999.0 -9999.0 -9999.0 -9999.0 -9999.0 -9999.0 -9999.0 -9999.0 -9999.0 -9999.0 -9999.0 -9999.0 -9999.0 -9999.0 -9999.0 -9999.0 -9999.0 -9999.0 -9999.0
-9999.0 -9999.0 -9999.0 -9999.0 -9999.0 -9999.0 -9999.0 -9999.0 -9999.0 -9999.0 -9999.0 -9999.0 -9999.0 -9999.0 0.102612 0.100722 0.100028 0.100719 0.106110 0.111649 0.113932 0.111760 0.112228 0.106954 0.102935 0.105460 0.110944 0.117640 0.126940 0.133703 0.128759 0.127602 0.131025 0.141828 0.148106 0.146545 0.136565 0.146476 0.154013 0.158973 0.158338 0.153482 0.161655 0.171400 0.167285 0.157177 0.158674 0.164974 0.174557 0.166072 0.135031 0.128340 0.128137 0.126770 0.122948 0.121002 0.129508 0.129740 0.127357 0.122672 0.114730 0.105582 0.102457 0.110039 0.120621 0.140839 -9999.0 -9999.0 -9999.0 -9999.0 -9999.0 -9999.0 -9999.0 -9999.0 -9999.0 -9999.0 -9999.0 -9999.0 -9999.0 -9999.0
-9999.0 -9999.0 -9999.0 -9999.0 -9999.0 -9999.0 -9999.0 -9999.0 -9999.0 0.096066 0.096124 0.096864 0.096519 0.098476 0.097329 0.098158 0.098765 0.102398 0.107191 0.114177 0.121693 0.118077 0.117826 0.121308 0.123085 0.126502 0.132691 0.148775 0.170684 0.199408 0.178803 0.177585 0.190986 0.235971 0.278097 0.289463 0.269877 0.271131 0.296771 0.321221 0.321171 0.319684 0.339481 0.348039 0.351946 0.340975 0.325058 0.322321 0.342346 0.298551 0.234463 0.185766 0.185696 0.165780 0.144738 0.135859 0.134677 0.145058 0.139161 0.126191 0.116185 0.115085 0.111245 0.115294 0.120980 0.136955 0.153824 0.169766 0.170518 0.160889 -9999.0 -9999.0 -9999.0 -9999.0 -9999.0 -9999.0 -9999.0 -9999.0 -9999.0 -9999.0
-9999.0 -9999.0 -9999.0 -9999.0 -9999.0 -9999.0 0.089987 0.090316 0.091723 0.090881 0.093197 0.093149 0.095280 0.097201 0.099554 0.101434 0.106468 0.112524 0.122606 0.136774 0.150020 0.147099 0.151244 0.170379 0.203447 0.235003 0.257877 0.295513 0.355412 0.366307 0.368028 0.368623 0.369169 0.369691 0.369968 0.369999 0.369960 0.369903 0.369950 0.369995 0.370000 0.370000 0.370000 0.370000 0.370000 0.370000 0.369996 0.369979 0.369969 0.369953 0.369761 0.368990 0.364488 0.346632 0.276974 0.219280 0.212461 0.223421 0.197947 0.163868 0.143486 0.140243 0.135357 0.130253 0.132580 0.140268 0.151262 0.157680 0.152125 0.143565 0.135282 0.125458 0.126329 0.135579 -9999.0 -9999.0 -9999.0 -9999.0 -9999.0 -9999.0
-9999.0 -9999.0 -9999.0 -9999.0 0.086174 0.087121 0.085217 0.086895 0.088964 0.091262 0.093445 0.097488 0.100501 0.104791 0.112827 0.121930 0.135885 0.149523 0.180286 0.237982 0.292531 0.319578 0.333761 0.364213 0.369239 0.369793 0.369876 0.369953 0.369997 0.370000 0.370000 0.370000 0.370000 0.370000 0.370000 0.370000 0.370000 0.370000 0.370000 0.370000 0.370000 0.370000 0.370000 0.370000 0.370000 0.370000 0.370000 0.370000 0.370000 0.370000 0.370000 0.370000 0.370000 0.369995 0.369978 0.369882 0.369289 0.368430 0.359009 0.325502 0.257708 0.229556 0.201526 0.183681 0.165016 0.166662 0.169841 0.159811 0.146104 0.133849 0.129610 0.124128 0.121001 0.131267 0.137669 0.151793 -9999.0 -9999.0 -9999.0 -9999.0
-9999.0 -9999.0 0.084359 0.085859 0.089513 0.089030 0.088630 0.088178 0.089949 0.094845 0.106261 0.116482 0.129219 0.139059 0.168127 0.235494 0.310788 0.349275 0.366914 0.369507 0.369913 0.369987 0.370000 0.370000 0.370000 0.370000 0.370000 0.370000 0.370000 0.370000 0.370000 0.370000 0.370000 0.370000 0.370000 0.370000 0.370000 0.370000 0.370000 0.370000 0.370000 0.370000 0.370000 0.370000 0.370000 0.370000 0.370000 0.370000 0.370000 0.370000 0.370000 0.370000 0.370000 0.370000 0.370000 0.370000 0.370000 0.370000 0.369999 0.369980 0.369687 0.368932 0.363660 0.339307 0.286304 0.251657 0.212046 0.184705 0.159882 0.139895 0.132070 0.126717 0.126934 0.127082 0.133109 0.139256 0.146369 0.150000 -9999.0 -9999.0
-9999.0 0.082050 0.082884 0.089535 0.094800 0.099372 0.105090 0.110273 0.115066 0.116324 0.157402 0.242659 0.324392 0.345325 0.365428 0.369737 0.370000 0.370000 0.370000 0.370000 0.370000 0.370000 0.370000 0.370000 0.370000 0.370000 0.370000 0.370000 0.370000 0.370000 0.370000 0.370000 0.370000 0.370000 0.370000 0.370000 0.370000 0.370000 0.370000 0.370000 0.370000 0.370000 0.370000 0.370000 0.370000 0.370000 0.370000 0.370000 0.370000 0.370000 0.370000 0.370000 0.370000 0.370000 0.370000 0.370000 0.370000 0.370000 0.370000 0.370000 0.370000 0.370000 0.369991 0.369837 0.369122 0.362822 0.328067 0.271424 0.214671 0.188396 0.170932 0.144731 0.136096 0.138136 0.134901 0.134341 0.137242 0.139923 -9999.0 -9999.0
-9999.0 0.079030 0.083224 0.093631 0.114785 0.129406 0.197328 0.270904 0.293700 0.269260 0.358624 0.370000 0.370000 0.370000 0.370000 0.370000 0.370000 0.370000 0.370000 0.370000 0.370000 0.370000 0.370000 0.370000 0.370000 0.370000 0.370000 0.370000 0.370000 0.370000 0.370000 0.370000 0.370000 0.370000 0.370000 0.370000 0.370000 0.370000 0.369999 0.369990 0.369978 0.369993 0.369986 0.369966 0.369960 0.369988 0.369999 0.369998 0.369999 0.370000 0.370000 0.370000 0.370000 0.370000 0.370000 0.370000 0.370000 0.370000 0.370000 0.370000 0.370000 0.370000 0.370000 0.370000 0.369999 0.369917 0.369519 0.368442 0.357606 0.327243 0.278013 0.223257 0.180397 0.166217 0.146822 0.139089 -9999.0 -9999.0 -9999.0 -9999.0
-9999.0 0.078290 0.082676 0.102319 0.191456 0.312679 0.369171 0.369997 0.370000 0.370000 0.370000 0.370000 0.370000 0.370000 0.370000 0.370000 0.370000 0.370000 0.370000 0.370000 0.370000 0.370000 0.370000 0.370000 0.370000 0.370000 0.370000 0.370000 0.370000 0.370000 0.370000 0.370000 0.369998 0.369853 0.369591 0.369202 0.365327 0.362868 0.359057 0.345038 0.332202 0.321513 0.334811 0.332636 0.331978 0.338987 0.352096 0.359028 0.366986 0.369071 0.369646 0.369934 0.369987 0.370000 0.370000 0.370000 0.370000 0.370000 0.370000 0.370000 0.370000 0.370000 0.370000 0.370000 0.370000 0.370000 0.370000 0.369988 0.369826 0.369346 0.368435 0.361774 0.318437 0.230285 0.199373 -9999.0 -9999.0 -9999.0 -9999.0 -9999.0
-9999.0 0.075013 0.081335 0.097374 0.238480 0.369371 0.369989 0.370000 0.370000 0.370000 0.370000 0.370000 0.370000 0.370000 0.370000 0.370000 0.370000 0.370000 0.370000 0.370000 0.370000 0.370000 0.370000 0.370000 0.370000 0.370000 0.369999 0.369994 0.369917 0.369674 0.368393 0.365770 0.339120 0.275812 0.230432 0.192199 0.159355 0.158630 0.167182 0.157564 0.147017 0.138586 0.149703 0.156412 0.161789 0.156464 0.160502 0.179851 0.213876 0.249925 0.299355 0.346204 0.363771 0.368970 0.369536 0.369904 0.369989 0.370000 0.370000 0.370000 0.370000 0.370000 0.370000 0.370000 0.370000 0.370000 0.370000 0.370000 0.370000 0.369987 0.369949 0.369820 0.369279 -9999.0 -9999.0 -9999.0 -9999.0 -9999.0 -9999.0 -9999.0
-9999.0 0.073602 0.078490 0.082391 0.111873 0.224401 0.356059 0.369413 0.370000 0.369893 0.369840 0.369934 0.369981 0.369994 0.369979 0.369917 0.369820 0.369844 0.369852 0.369714 0.369411 0.369210 0.369185 0.368918 0.366955 0.364417 0.361925 0.354323 0.330664 0.279443 0.202671 0.161720 0.134383 0.123024 0.115482 0.108615 0.101197 0.103621 0.106593 0.105669 0.103283 0.102171 0.107729 0.111156 0.113378 0.109534 0.113616 0.119892 0.132399 0.147714 0.170294 0.203945 0.245636 0.274278 0.292989 0.324982 0.355285 0.368011 0.369764 0.369998 0.370000 0.370000 0.370000 0.370000 0.370000 0.370000 0.370000 0.370000 0.370000 0.370000 0.369999 -9999.0 -9999.0 -9999.0 -9999.0 -9999.0 -9999.0 -9999.0 -9999.0 -9999.0
-9999.0 -9999.0 0.072907 0.074819 0.077414 0.083001 0.094618 0.113575 0.132989 0.163632 0.215956 0.277119 0.311515 0.324276 0.307511 0.266307 0.239577 0.240183 0.232441 0.218492 0.196758 0.189382 0.183818 0.179130 0.169830 0.165283 0.162653 0.157306 0.147026 0.129300 0.114560 0.104584 0.096725 0.094628 0.092730 0.090685 0.090912 0.090733 0.091322 0.091309 0.091747 0.092765 0.094620 0.096837 0.097701 0.098435 0.099871 0.103085 0.108464 0.116661 0.131118 0.152641 0.171138 0.176632 0.169559 0.172401 0.185795 0.218858 0.306533 0.363827 0.369481 0.369952 0.370000 0.370000 0.370000 0.370000 0.370000 0.370000 0.369998 0.369999 -9999.0 -9999.0 -9999.0 -9999.0 -9999.0 -9999.0 -9999.0 -9999.0 -9999.0 -9999.0
-9999.0 -9999.0 -9999.0 -9999.0 0.072504 0.074851 0.077537 0.078192 0.082136 0.086939 0.093555 0.102441 0.111052 0.116097 0.112215 0.110223 0.108434 0.108193 0.106738 0.105463 0.104393 0.103221 0.101799 0.100676 0.100661 0.101282 0.101163 0.099334 0.097814 0.094491 0.092540 0.089912 0.087656 0.085999 0.085665 0.085385 0.085635 0.085225 0.085917 0.085896 0.086712 0.087449 0.088872 0.090933 0.091426 0.092666 0.093346 0.095394 0.098256 0.105720 0.118548 0.135074 0.147584 0.147973 0.135700 0.129431 0.127448 0.136285 0.155121 0.195854 0.288186 0.352230 0.368157 0.369501 0.369811 0.369976 0.370000 0.370000 -9999.0 -9999.0 -9999.0 -9999.0 -9999.0 -9999.0 -9999.0 -9999.0 -9999.0 -9999.0 -9999.0 -9999.0
-9999.0 -9999.0 -9999.0 -9999.0 -9999.0 -9999.0 0.073089 0.074267 0.074295 0.075826 0.077777 0.080020 0.083051 0.083760 0.084664 0.086474 0.086099 0.084961 0.083830 0.085224 0.085937 0.085829 0.083916 0.084095 0.084305 0.085009 0.084945 0.084874 0.083279 0.084425 0.084834 0.083960 0.083107 0.082964 0.082510 0.083363 0.083465 0.082689 0.082598 0.083922 0.084643 0.084920 0.085790 0.087565 0.089823 0.090684 0.090364 0.090234 0.093831 0.102549 0.115562 0.129678 0.139791 0.142126 0.130540 0.117409 0.111517 0.112052 0.119356 0.134383 0.167497 0.196105 0.220574 0.244670 0.276719 0.356088 -9999.0 -9999.0 -9999.0 -9999.0 -9999.0 -9999.0 -9999.0 -9999.0 -9999.0 -9999.0 -9999.0 -9999.0 -9999.0 -9999.0
-9999.0 -9999.0 -9999.0 -9999.0 -9999.0 -9999.0 -9999.0 -9999.0 -9999.0 -9999.0 -9999.0 -9999.0 -9999.0 -9999.0 -9999.0 -9999.0 -9999.0 -9999.0 -9999.0 -9999.0 -9999.0 -9999.0 -9999.0 -9999.0 -9999.0 -9999.0 -9999.0 -9999.0 -9999.0 -9999.0 -9999.0 -9999.0 -9999.0 -9999.0 -9999.0 -9999.0 -9999.0 -9999.0 -9999.0 -9999.0 -9999.0 -9999.0 -9999.0 -9999.0 -9999.0 -9999.0 -9999.0 -9999.0 -9999.0 -9999.0 -9999.0 -9999.0 -9999.0 -9999.0 -9999.0 -9999.0 -9999.0 -9999.0 -9999.0 -9999.0 -9999.0 -9999.0 -9999.0 -9999.0 -9999.0 -9999.0 -9999.0 -9999.0 -9999.0 -9999.0 -9999.0 -9999.0 -9999.0 -9999.0 -9999.0 -9999.0 -9999.0 -9999.0 -9999.0 -9999.0
-9999.0 -9999.0 -9999.0 -9999.0 -9999.0 -9999.0 -9999.0 -9999.0 -9999.0 -9999.0 -9999.0 -9999.0 -9999.0 -9999.0 -9999.0 -9999.0 -9999.0 -9999.0 -9999.0 -9999.0 -9999.0 -9999.0 -9999.0 -9999.0 -9999.0 -9999.0 -9999.0 -9999.0 -9999.0 -9999.0 -9999.0 -9999.0 -9999.0 -9999.0 -9999.0 -9999.0 -9999.0 -9999.0 -9999.0 -9999.0 -9999.0 -9999.0 -9999.0 -9999.0 -9999.0 -9999.0 -9999.0 -9999.0 -9999.0 -9999.0 -9999.0 -9999.0 -9999.0 -9999.0 -9999.0 -9999.0 -9999.0 -9999.0 -9999.0 -9999.0 -9999.0 -9999.0 -9999.0 -9999.0 -9999.0 -9999.0 -9999.0 -9999.0 -9999.0 -9999.0 -9999.0 -9999.0 -9999.0 -9999.0 -9999.0 -9999.0 -9999.0 -9999.0 -9999.0 -9999.0