Borden_/Borden1m_014/output_maps/thetaliqL0007N0020.asc
ncols         80
nrows         18
xllcorner     620200.000000
yllcorner     5168000.000000
cellsize      1.000000
NODATA_value  -9999.0
-9999.0 -9999.0 -9999.0 -9999.0 -9999.0 -9999.0 -9999.0 -9999.0 -9999.0 -9999.0 -9999.0 -9999.0 -9999.0 -9999.0 -9999.0 -9999.0 -9999.0 -9999.0 -9999.0 -9999.0 -9999.0 -9999.0 -9999.0 -9999.0 -9999.0 -9999.0 -9999.0 -9999.0 -9999.0 -9999.0 -9999.0 -9999.0 -9999.0 -9999.0 -9999.0 -9999.0 -9999.0 -9999.0 -9999.0 -9999.0 -9999.0 -9999.0 -9999.0 -9999.0 -9999.0 -9999.0 -9999.0 -9999.0 -9999.0 -9999.0 -9999.0 -9999.0 -9999.0 -9999.0 -9999.0 -9999.0 -9999.0 -9999.0 -9999.0 -9999.0 -9999.0 -9999.0 -9999.0 -9999.0 -9999.0 -9999.0 -9999.0 -9999.0 -9999.0 -9999.0 -9999.0 -9999.0 -9999.0 -9999.0 -9999.0 -9999.0 -9999.0 -9999.0 -9999.0 -9999.0
-9999.0 -9999.0 -9999.0 -9999.0 -9999.0 -9999.0 -9999.0 -9999.0 -9999.0 -9999.0 -9999.0 -9999.0 -9999.0 -9999.0 -9999.0 -9999.0 -9999.0 -9999.0 -9999.0 -9999.0 -9999.0 -9999.0 -9999.0 -9999.0 -9999.0 -9999.0 -9999.0 -9999.0 -9999.0 -9999.0 -9999.0 -9999.0 -9999.0 -9999.0 -9999.0 -9999.0 -9999.0 -9999.0 -9999.0 -9999.0 -9999.0 -9999.0 -9999.0 -9999.0 -9999.0 -9999.0 -9999.0 -9999.0 -9999.0 -9999.0 -9999.0 -9999.0 -9999.0 -9999.0 -9999.0 -9999.0 -9999.0 -9999.0 -9999.0 -9999.0 -9999.0 -9999.0 -9999.0 -9999.0 -9999.0 -9999.0 -9999.0 -9999.0 -9999.0 -9999.0 -9999.0 -9999.0 -9999.0 -9999.0 -9999.0 -9999.0 -9999.0 -9999.0 -9999.0 -9999.0
-9999.0 -9999.0 -9999.0 -9999.0 -9999.0 -9999.0 -9999.0 -9999.0 -9999.0 -9999.0 -9999.0 -9999.0 -9999.0 -9999.0 -9999.0 -9999.0 -9999.0 -9999.0 -9999.0 -9999.0 0.280341 0.282684 0.264473 0.236632 0.213927 0.215074 0.242638 0.275484 0.303350 0.310330 0.297743 0.298527 0.294673 0.294648 0.296906 0.301096 0.302817 0.310688 0.316135 0.315972 0.311982 0.308088 0.307039 0.309455 0.312698 0.307062 0.315899 0.325127 0.328779 0.326006 0.309274 0.298335 0.292626 0.281989 0.300422 0.309329 0.323731 0.326327 0.325857 0.309582 0.288374 -9999.0 -9999.0 -9999.0 -9999.0 -9999.0 -9999.0 -9999.0 -9999.0 -9999.0 -9999.0 -9999.0 -9999.0 -9999.0 -9999.0 -9999.0 -9999.0 -9999.0 -9999.0 -9999.0
-9999.0 -9999.0 -9999.0 -9999.0 -9999.0 -9999.0 -9999.0 -9999.0 -9999.0 -9999.0 -9999.0 -9999.0 -9999.0 -9999.0 0.209166 0.201344 0.198833 0.204768 0.230592 0.254547 0.264721 0.258304 0.257944 0.238457 0.222050 0.232944 0.256338 0.281016 0.305726 0.318861 0.310568 0.308648 0.315688 0.332016 0.339411 0.338287 0.327474 0.338806 0.345648 0.349167 0.348803 0.345646 0.350893 0.355652 0.353882 0.348250 0.349299 0.352972 0.356921 0.352732 0.324398 0.310924 0.309053 0.304832 0.295791 0.291192 0.308921 0.309913 0.304664 0.292188 0.267566 0.232106 0.218378 0.249491 0.285348 0.324616 -9999.0 -9999.0 -9999.0 -9999.0 -9999.0 -9999.0 -9999.0 -9999.0 -9999.0 -9999.0 -9999.0 -9999.0 -9999.0 -9999.0
-9999.0 -9999.0 -9999.0 -9999.0 -9999.0 -9999.0 -9999.0 -9999.0 -9999.0 0.171040 0.172966 0.177131 0.177909 0.187923 0.186566 0.190956 0.196256 0.215065 0.239229 0.267332 0.289608 0.281523 0.281394 0.290660 0.296089 0.305400 0.318848 0.340151 0.355169 0.363652 0.359006 0.358841 0.362950 0.368047 0.369457 0.369645 0.369285 0.369350 0.369755 0.369929 0.369933 0.369929 0.369986 0.369996 0.369998 0.369987 0.369948 0.369939 0.369989 0.369771 0.367877 0.361646 0.360881 0.352922 0.336713 0.324579 0.322650 0.334602 0.326743 0.303497 0.276544 0.269595 0.256707 0.270172 0.288308 0.320669 0.340452 0.351087 0.351341 0.345633 -9999.0 -9999.0 -9999.0 -9999.0 -9999.0 -9999.0 -9999.0 -9999.0 -9999.0 -9999.0
-9999.0 -9999.0 -9999.0 -9999.0 -9999.0 -9999.0 0.132286 0.135639 0.144041 0.146530 0.158575 0.162452 0.174248 0.186404 0.200192 0.212410 0.236365 0.262229 0.294389 0.323762 0.340345 0.338574 0.343057 0.355425 0.364691 0.367798 0.368937 0.369752 0.370000 0.370000 0.370000 0.370000 0.370000 0.370000 0.370000 0.370000 0.370000 0.370000 0.370000 0.370000 0.370000 0.370000 0.370000 0.370000 0.370000 0.370000 0.370000 0.370000 0.370000 0.370000 0.370000 0.370000 0.370000 0.369995 0.369439 0.366699 0.366240 0.367113 0.363548 0.351663 0.334306 0.328669 0.320395 0.311646 0.315325 0.327098 0.339006 0.344007 0.339187 0.329670 0.316821 0.297934 0.299400 0.316536 -9999.0 -9999.0 -9999.0 -9999.0 -9999.0 -9999.0
-9999.0 -9999.0 -9999.0 -9999.0 0.115578 0.119153 0.115574 0.122640 0.134136 0.148551 0.165485 0.188649 0.207449 0.229845 0.263385 0.293417 0.322675 0.340740 0.359261 0.368061 0.369692 0.369921 0.369978 0.370000 0.370000 0.370000 0.370000 0.370000 0.370000 0.370000 0.370000 0.370000 0.370000 0.370000 0.370000 0.370000 0.370000 0.370000 0.370000 0.370000 0.370000 0.370000 0.370000 0.370000 0.370000 0.370000 0.370000 0.370000 0.370000 0.370000 0.370000 0.370000 0.370000 0.370000 0.370000 0.370000 0.370000 0.370000 0.370000 0.369951 0.369014 0.367667 0.364351 0.359762 0.351787 0.351831 0.352723 0.346484 0.333904 0.316694 0.307545 0.294944 0.287923 0.309434 0.320734 0.337131 -9999.0 -9999.0 -9999.0 -9999.0
-9999.0 -9999.0 0.101729 0.113494 0.131685 0.134824 0.135545 0.137201 0.148962 0.176756 0.234005 0.276666 0.309712 0.328080 0.353855 0.367735 0.369861 0.369997 0.370000 0.370000 0.370000 0.370000 0.370000 0.370000 0.370000 0.370000 0.370000 0.370000 0.370000 0.370000 0.370000 0.370000 0.370000 0.370000 0.370000 0.370000 0.370000 0.370000 0.370000 0.370000 0.370000 0.370000 0.370000 0.370000 0.370000 0.370000 0.370000 0.370000 0.370000 0.370000 0.370000 0.370000 0.370000 0.370000 0.370000 0.370000 0.370000 0.370000 0.370000 0.370000 0.370000 0.370000 0.370000 0.369989 0.369673 0.368743 0.365531 0.359513 0.347306 0.327498 0.314285 0.302546 0.301569 0.302561 0.313608 0.323340 0.331799 0.335680 -9999.0 -9999.0
-9999.0 0.087184 0.097062 0.130602 0.168382 0.197230 0.228048 0.251516 0.270121 0.280415 0.346221 0.367736 0.369921 0.369992 0.370000 0.370000 0.370000 0.370000 0.370000 0.370000 0.370000 0.370000 0.370000 0.370000 0.370000 0.370000 0.370000 0.370000 0.370000 0.370000 0.370000 0.370000 0.370000 0.370000 0.370000 0.370000 0.370000 0.370000 0.370000 0.370000 0.370000 0.370000 0.370000 0.370000 0.370000 0.370000 0.370000 0.370000 0.370000 0.370000 0.370000 0.370000 0.370000 0.370000 0.370000 0.370000 0.370000 0.370000 0.370000 0.370000 0.370000 0.370000 0.370000 0.370000 0.370000 0.370000 0.369969 0.369401 0.365997 0.360657 0.353484 0.333490 0.321099 0.322467 0.317306 0.316104 0.320393 0.324228 -9999.0 -9999.0
-9999.0 0.081069 0.097285 0.157971 0.262652 0.309302 0.361179 0.368881 0.369553 0.369078 0.370000 0.370000 0.370000 0.370000 0.370000 0.370000 0.370000 0.370000 0.370000 0.370000 0.370000 0.370000 0.370000 0.370000 0.370000 0.370000 0.370000 0.370000 0.370000 0.370000 0.370000 0.370000 0.370000 0.370000 0.370000 0.370000 0.370000 0.370000 0.370000 0.370000 0.370000 0.370000 0.370000 0.370000 0.370000 0.370000 0.370000 0.370000 0.370000 0.370000 0.370000 0.370000 0.370000 0.370000 0.370000 0.370000 0.370000 0.370000 0.370000 0.370000 0.370000 0.370000 0.370000 0.370000 0.370000 0.370000 0.370000 0.370000 0.370000 0.369954 0.369449 0.366590 0.357770 0.349966 0.334309 0.323343 -9999.0 -9999.0 -9999.0 -9999.0
-9999.0 0.077348 0.094950 0.200434 0.358605 0.369774 0.370000 0.370000 0.370000 0.370000 0.370000 0.370000 0.370000 0.370000 0.370000 0.370000 0.370000 0.370000 0.370000 0.370000 0.370000 0.370000 0.370000 0.370000 0.370000 0.370000 0.370000 0.370000 0.370000 0.370000 0.370000 0.370000 0.370000 0.370000 0.370000 0.370000 0.370000 0.370000 0.370000 0.369993 0.369967 0.369922 0.369972 0.369969 0.369969 0.369984 0.369998 0.370000 0.370000 0.370000 0.370000 0.370000 0.370000 0.370000 0.370000 0.370000 0.370000 0.370000 0.370000 0.370000 0.370000 0.370000 0.370000 0.370000 0.370000 0.370000 0.370000 0.370000 0.370000 0.370000 0.370000 0.370000 0.369911 0.366719 0.361670 -9999.0 -9999.0 -9999.0 -9999.0 -9999.0
-9999.0 0.072315 0.085765 0.172234 0.365176 0.370000 0.370000 0.370000 0.370000 0.370000 0.370000 0.370000 0.370000 0.370000 0.370000 0.370000 0.370000 0.370000 0.370000 0.370000 0.370000 0.370000 0.370000 0.370000 0.370000 0.370000 0.370000 0.370000 0.370000 0.370000 0.370000 0.370000 0.369983 0.369413 0.367521 0.362205 0.348223 0.347152 0.352066 0.346240 0.336939 0.327402 0.339819 0.345838 0.349538 0.346210 0.349374 0.358807 0.366102 0.368800 0.369819 0.369996 0.370000 0.370000 0.370000 0.370000 0.370000 0.370000 0.370000 0.370000 0.370000 0.370000 0.370000 0.370000 0.370000 0.370000 0.370000 0.370000 0.370000 0.370000 0.370000 0.370000 0.370000 -9999.0 -9999.0 -9999.0 -9999.0 -9999.0 -9999.0 -9999.0
-9999.0 0.070095 0.075212 0.096624 0.235204 0.363714 0.369998 0.370000 0.370000 0.370000 0.370000 0.370000 0.370000 0.370000 0.370000 0.370000 0.370000 0.370000 0.370000 0.370000 0.370000 0.370000 0.370000 0.370000 0.370000 0.370000 0.370000 0.369999 0.369963 0.369467 0.364466 0.349234 0.319513 0.295151 0.271776 0.244859 0.213656 0.222144 0.234208 0.230373 0.220274 0.216458 0.239965 0.254619 0.262577 0.251337 0.265832 0.286624 0.315468 0.337681 0.354579 0.364539 0.368528 0.369496 0.369766 0.369958 0.370000 0.370000 0.370000 0.370000 0.370000 0.370000 0.370000 0.370000 0.370000 0.370000 0.370000 0.370000 0.370000 0.370000 0.370000 -9999.0 -9999.0 -9999.0 -9999.0 -9999.0 -9999.0 -9999.0 -9999.0 -9999.0
-9999.0 -9999.0 0.070064 0.073744 0.081680 0.107514 0.163584 0.235894 0.292858 0.343957 0.364823 0.369197 0.369813 0.369912 0.369788 0.369047 0.367944 0.367945 0.367412 0.366268 0.363321 0.361536 0.359628 0.357683 0.353649 0.351072 0.349200 0.345097 0.335159 0.307852 0.267619 0.225564 0.185583 0.169993 0.157672 0.146197 0.144412 0.143895 0.147293 0.147844 0.150271 0.156148 0.167801 0.180833 0.186873 0.191231 0.199897 0.217274 0.243198 0.275399 0.312459 0.341390 0.354046 0.356908 0.354519 0.356180 0.361151 0.366997 0.369875 0.370000 0.370000 0.370000 0.370000 0.370000 0.370000 0.370000 0.370000 0.370000 0.370000 0.370000 -9999.0 -9999.0 -9999.0 -9999.0 -9999.0 -9999.0 -9999.0 -9999.0 -9999.0 -9999.0
-9999.0 -9999.0 -9999.0 -9999.0 0.070725 0.074199 0.078038 0.083513 0.098026 0.123767 0.163236 0.211939 0.251448 0.269503 0.258983 0.252514 0.245108 0.242574 0.235852 0.230708 0.225581 0.219567 0.211588 0.206062 0.205429 0.207957 0.206727 0.197567 0.187141 0.169460 0.155749 0.138973 0.124652 0.115551 0.112033 0.110210 0.110338 0.109068 0.111555 0.113183 0.117402 0.122267 0.130834 0.142564 0.148272 0.155305 0.160426 0.172441 0.191675 0.230747 0.279867 0.318062 0.335419 0.336312 0.321548 0.310640 0.307515 0.324229 0.346508 0.363872 0.369721 0.369999 0.370000 0.370000 0.370000 0.370000 0.370000 0.370000 -9999.0 -9999.0 -9999.0 -9999.0 -9999.0 -9999.0 -9999.0 -9999.0 -9999.0 -9999.0 -9999.0 -9999.0
-9999.0 -9999.0 -9999.0 -9999.0 -9999.0 -9999.0 0.069974 0.071275 0.073192 0.077511 0.084947 0.095860 0.110416 0.116613 0.121258 0.128568 0.126701 0.121131 0.116311 0.121248 0.124137 0.122663 0.114571 0.114154 0.115082 0.117921 0.117687 0.115998 0.109457 0.111381 0.110945 0.105505 0.100207 0.097620 0.095732 0.097420 0.097602 0.095577 0.096045 0.100625 0.104622 0.107691 0.113481 0.123583 0.135482 0.141443 0.141729 0.144453 0.166147 0.213362 0.268549 0.307183 0.325100 0.328235 0.310090 0.278839 0.259768 0.263169 0.288300 0.322830 0.354742 0.364275 0.367558 0.368874 0.369638 0.370000 -9999.0 -9999.0 -9999.0 -9999.0 -9999.0 -9999.0 -9999.0 -9999.0 -9999.0 -9999.0 -9999.0 -9999.0 -9999.0 -9999.0
-9999.0 -9999.0 -9999.0 -9999.0 -9999.0 -9999.0 -9999.0 -9999.0 -9999.0 -9999.0 -9999.0 -9999.0 -9999.0 -9999.0 -9999.0 -9999.0 -9999.0 -9999.0 -9999.0 -9999.0 -9999.0 -9999.0 -9999.0 -9999.0 -9999.0 -9999.0 -9999.0 -9999.0 -9999.0 -9999.0 -9999.0 -9999.0 -9999.0 -9999.0 -9999.0 -9999.0 -9999.0 -9999.0 -9999.0 -9999.0 -9999.0 -9999.0 -9999.0 -9999.0 -9999.0 -9999.0 -9999.0 -9999.0 -9999.0 -9999.0 -9999.0 -9999.0 -9999.0 -9999.0 -9999.0 -9999.0 -9999.0 -9999.0 -9999.0 -9999.0 -9999.0 -9999.0 -9999.0 -9999.0 -9999.0 -9999.0 -9999.0 -9999.0 -9999.0 -9999.0 -9999.0 -9999.0 -9999.0 -9999.0 -9999.0 -9999.0 -9999.0 -9999.0 -9999.0 -9999.0
-9999.0 -9999.0 -9999.0 -9999.0 -9999.0 -9999.0 -9999.0 -9999.0 -9999.0 -9999.0 -9999.0 -9999.0 -9999.0 -9999.0 -9999.0 -9999.0 -9999.0 -9999.0 -9999.0 -9999.0 -9999.0 -9999.0 -9999.0 -9999.0 -9999.0 -9999.0 -9999.0 -9999.0 -9999.0 -9999.0 -9999.0 -9999.0 -9999.0 -9999.0 -9999.0 -9999.0 -9999.0 -9999.0 -9999.0 -9999.0 -9999.0 -9999.0 -9999.0 -9999.0 -9999.0 -9999.0 -9999.0 -9999.0 -9999.0 -9999.0 -9999.0 -9999.0 -9999.0 -9999.0 -9999.0 -9999.0 -9999.0 -9999.0 -9999.0 -9999.0 -9999.0 -9999.0 -9999.0 -9999.0 -9999.0 -9999.0 -9999.0 -9999.0 -9999.0 -9999.0 -9999.0 -9999.0 -9999.0 -9999.0 -9999.0 -9999.0 -9999.0 -9999.0 -9999.0 -9999.0