Borden_/Borden1m_014/output_maps/thetaliqL0007N0010.asc
ncols         80
nrows         18
xllcorner     620200.000000
yllcorner     5168000.000000
cellsize      1.000000
NODATA_value  -9999.0
-9999.0 -9999.0 -9999.0 -9999.0 -9999.0 -9999.0 -9999.0 -9999.0 -9999.0 -9999.0 -9999.0 -9999.0 -9999.0 -9999.0 -9999.0 -9999.0 -9999.0 -9999.0 -9999.0 -9999.0 -9999.0 -9999.0 -9999.0 -9999.0 -9999.0 -9999.0 -9999.0 -9999.0 -9999.0 -9999.0 -9999.0 -9999.0 -9999.0 -9999.0 -9999.0 -9999.0 -9999.0 -9999.0 -9999.0 -9999.0 -9999.0 -9999.0 -9999.0 -9999.0 -9999.0 -9999.0 -9999.0 -9999.0 -9999.0 -9999.0 -9999.0 -9999.0 -9999.0 -9999.0 -9999.0 -9999.0 -9999.0 -9999.0 -9999.0 -9999.0 -9999.0 -9999.0 -9999.0 -9999.0 -9999.0 -9999.0 -9999.0 -9999.0 -9999.0 -9999.0 -9999.0 -9999.0 -9999.0 -9999.0 -9999.0 -9999.0 -9999.0 -9999.0 -9999.0 -9999.0
-9999.0 -9999.0 -9999.0 -9999.0 -9999.0 -9999.0 -9999.0 -9999.0 -9999.0 -9999.0 -9999.0 -9999.0 -9999.0 -9999.0 -9999.0 -9999.0 -9999.0 -9999.0 -9999.0 -9999.0 -9999.0 -9999.0 -9999.0 -9999.0 -9999.0 -9999.0 -9999.0 -9999.0 -9999.0 -9999.0 -9999.0 -9999.0 -9999.0 -9999.0 -9999.0 -9999.0 -9999.0 -9999.0 -9999.0 -9999.0 -9999.0 -9999.0 -9999.0 -9999.0 -9999.0 -9999.0 -9999.0 -9999.0 -9999.0 -9999.0 -9999.0 -9999.0 -9999.0 -9999.0 -9999.0 -9999.0 -9999.0 -9999.0 -9999.0 -9999.0 -9999.0 -9999.0 -9999.0 -9999.0 -9999.0 -9999.0 -9999.0 -9999.0 -9999.0 -9999.0 -9999.0 -9999.0 -9999.0 -9999.0 -9999.0 -9999.0 -9999.0 -9999.0 -9999.0 -9999.0
-9999.0 -9999.0 -9999.0 -9999.0 -9999.0 -9999.0 -9999.0 -9999.0 -9999.0 -9999.0 -9999.0 -9999.0 -9999.0 -9999.0 -9999.0 -9999.0 -9999.0 -9999.0 -9999.0 -9999.0 0.279441 0.281752 0.263537 0.235792 0.213204 0.214265 0.241481 0.274004 0.301742 0.308639 0.295894 0.296562 0.292529 0.292288 0.294359 0.298444 0.300107 0.307971 0.313427 0.313222 0.309165 0.305226 0.304131 0.306542 0.309844 0.304167 0.313135 0.322536 0.326299 0.323614 0.306905 0.296167 0.290673 0.280217 0.298827 0.307894 0.322501 0.325218 0.324841 0.308567 0.287398 -9999.0 -9999.0 -9999.0 -9999.0 -9999.0 -9999.0 -9999.0 -9999.0 -9999.0 -9999.0 -9999.0 -9999.0 -9999.0 -9999.0 -9999.0 -9999.0 -9999.0 -9999.0 -9999.0
-9999.0 -9999.0 -9999.0 -9999.0 -9999.0 -9999.0 -9999.0 -9999.0 -9999.0 -9999.0 -9999.0 -9999.0 -9999.0 -9999.0 0.208779 0.200968 0.198430 0.204270 0.229841 0.253557 0.263636 0.257179 0.256746 0.237290 0.220921 0.231545 0.254519 0.278844 0.303369 0.316410 0.307876 0.305731 0.312482 0.328668 0.336066 0.334738 0.323345 0.335167 0.342401 0.346168 0.345765 0.342307 0.347938 0.353178 0.351165 0.345042 0.346273 0.350306 0.354668 0.350206 0.320652 0.307631 0.306226 0.302345 0.293547 0.289160 0.307154 0.308308 0.303204 0.290865 0.266417 0.231231 0.217689 0.248676 0.284481 0.323858 -9999.0 -9999.0 -9999.0 -9999.0 -9999.0 -9999.0 -9999.0 -9999.0 -9999.0 -9999.0 -9999.0 -9999.0 -9999.0 -9999.0
-9999.0 -9999.0 -9999.0 -9999.0 -9999.0 -9999.0 -9999.0 -9999.0 -9999.0 0.170889 0.172792 0.176917 0.177662 0.187594 0.186219 0.190538 0.195733 0.214287 0.238083 0.265779 0.287795 0.279529 0.279189 0.288108 0.292972 0.301723 0.314947 0.336701 0.352444 0.361784 0.355832 0.355231 0.359728 0.366785 0.369138 0.369430 0.369003 0.369097 0.369615 0.369854 0.369846 0.369832 0.369942 0.369970 0.369979 0.369944 0.369879 0.369868 0.369959 0.369600 0.366671 0.358161 0.358355 0.350001 0.333163 0.321009 0.319486 0.332159 0.324498 0.301342 0.274671 0.268003 0.255387 0.268957 0.287188 0.319721 0.339714 0.350563 0.350883 0.345157 -9999.0 -9999.0 -9999.0 -9999.0 -9999.0 -9999.0 -9999.0 -9999.0 -9999.0 -9999.0
-9999.0 -9999.0 -9999.0 -9999.0 -9999.0 -9999.0 0.132252 0.135593 0.143966 0.146435 0.158417 0.162244 0.173931 0.185940 0.199517 0.211458 0.234929 0.260239 0.291785 0.320716 0.337342 0.335112 0.339401 0.351920 0.362079 0.366514 0.368419 0.369558 0.369987 0.370000 0.370000 0.370000 0.370000 0.370000 0.370000 0.370000 0.370000 0.370000 0.370000 0.370000 0.370000 0.370000 0.370000 0.370000 0.370000 0.370000 0.370000 0.370000 0.370000 0.370000 0.370000 0.370000 0.369999 0.369966 0.369155 0.365297 0.364245 0.365792 0.361875 0.348884 0.330972 0.325786 0.317925 0.309515 0.313589 0.325735 0.337986 0.343219 0.338476 0.329008 0.316215 0.297416 0.298972 0.316172 -9999.0 -9999.0 -9999.0 -9999.0 -9999.0 -9999.0
-9999.0 -9999.0 -9999.0 -9999.0 0.115568 0.119138 0.115560 0.122609 0.134064 0.148397 0.165172 0.188024 0.206446 0.228336 0.261088 0.290162 0.318974 0.336887 0.356104 0.366902 0.369458 0.369821 0.369907 0.369998 0.370000 0.370000 0.370000 0.370000 0.370000 0.370000 0.370000 0.370000 0.370000 0.370000 0.370000 0.370000 0.370000 0.370000 0.370000 0.370000 0.370000 0.370000 0.370000 0.370000 0.370000 0.370000 0.370000 0.370000 0.370000 0.370000 0.370000 0.370000 0.370000 0.370000 0.370000 0.370000 0.370000 0.370000 0.369994 0.369862 0.368306 0.366345 0.362516 0.357703 0.349487 0.350114 0.351448 0.345303 0.332785 0.315698 0.306729 0.294292 0.287411 0.309027 0.320412 0.336888 -9999.0 -9999.0 -9999.0 -9999.0
-9999.0 -9999.0 0.101728 0.113488 0.131653 0.134768 0.135460 0.137071 0.148708 0.176136 0.232256 0.273606 0.306049 0.324029 0.350168 0.366471 0.369674 0.369962 0.370000 0.370000 0.370000 0.370000 0.370000 0.370000 0.370000 0.370000 0.370000 0.370000 0.370000 0.370000 0.370000 0.370000 0.370000 0.370000 0.370000 0.370000 0.370000 0.370000 0.370000 0.370000 0.370000 0.370000 0.370000 0.370000 0.370000 0.370000 0.370000 0.370000 0.370000 0.370000 0.370000 0.370000 0.370000 0.370000 0.370000 0.370000 0.370000 0.370000 0.370000 0.370000 0.370000 0.370000 0.369999 0.369936 0.369297 0.368121 0.364464 0.358096 0.345660 0.325868 0.312956 0.301529 0.300817 0.302014 0.313217 0.323059 0.331601 0.335522 -9999.0 -9999.0
-9999.0 0.087184 0.097062 0.130576 0.168202 0.196662 0.226490 0.248950 0.266895 0.276529 0.342521 0.366972 0.369806 0.369944 0.369999 0.370000 0.370000 0.370000 0.370000 0.370000 0.370000 0.370000 0.370000 0.370000 0.370000 0.370000 0.370000 0.370000 0.370000 0.370000 0.370000 0.370000 0.370000 0.370000 0.370000 0.370000 0.370000 0.370000 0.370000 0.370000 0.370000 0.370000 0.370000 0.370000 0.370000 0.370000 0.370000 0.370000 0.370000 0.370000 0.370000 0.370000 0.370000 0.370000 0.370000 0.370000 0.370000 0.370000 0.370000 0.370000 0.370000 0.370000 0.370000 0.370000 0.370000 0.369998 0.369850 0.368899 0.364812 0.359048 0.351769 0.331720 0.319803 0.321659 0.316770 0.315748 0.320168 0.324055 -9999.0 -9999.0
-9999.0 0.081069 0.097284 0.157860 0.261501 0.306034 0.358459 0.368509 0.369294 0.368634 0.369988 0.370000 0.370000 0.370000 0.370000 0.370000 0.370000 0.370000 0.370000 0.370000 0.370000 0.370000 0.370000 0.370000 0.370000 0.370000 0.370000 0.370000 0.370000 0.370000 0.370000 0.370000 0.370000 0.370000 0.370000 0.370000 0.370000 0.370000 0.370000 0.370000 0.370000 0.370000 0.370000 0.370000 0.370000 0.370000 0.370000 0.370000 0.370000 0.370000 0.370000 0.370000 0.370000 0.370000 0.370000 0.370000 0.370000 0.370000 0.370000 0.370000 0.370000 0.370000 0.370000 0.370000 0.370000 0.370000 0.370000 0.370000 0.369991 0.369841 0.368993 0.365493 0.356057 0.348928 0.333563 0.322869 -9999.0 -9999.0 -9999.0 -9999.0
-9999.0 0.077348 0.094949 0.199994 0.357416 0.369611 0.370000 0.370000 0.370000 0.370000 0.370000 0.370000 0.370000 0.370000 0.370000 0.370000 0.370000 0.370000 0.370000 0.370000 0.370000 0.370000 0.370000 0.370000 0.370000 0.370000 0.370000 0.370000 0.370000 0.370000 0.370000 0.370000 0.370000 0.370000 0.370000 0.370000 0.369999 0.369997 0.369994 0.369965 0.369917 0.369849 0.369929 0.369924 0.369922 0.369947 0.369982 0.369994 0.370000 0.370000 0.370000 0.370000 0.370000 0.370000 0.370000 0.370000 0.370000 0.370000 0.370000 0.370000 0.370000 0.370000 0.370000 0.370000 0.370000 0.370000 0.370000 0.370000 0.370000 0.370000 0.370000 0.369995 0.369690 0.366137 0.361145 -9999.0 -9999.0 -9999.0 -9999.0 -9999.0
-9999.0 0.072315 0.085765 0.171786 0.364396 0.370000 0.370000 0.370000 0.370000 0.370000 0.370000 0.370000 0.370000 0.370000 0.370000 0.370000 0.370000 0.370000 0.370000 0.370000 0.370000 0.370000 0.370000 0.370000 0.370000 0.370000 0.370000 0.370000 0.370000 0.370000 0.370000 0.370000 0.369925 0.369011 0.365966 0.358947 0.343970 0.343477 0.349210 0.343164 0.333447 0.323564 0.336492 0.342846 0.346804 0.343082 0.346242 0.356385 0.364598 0.367935 0.369528 0.369964 0.369999 0.370000 0.370000 0.370000 0.370000 0.370000 0.370000 0.370000 0.370000 0.370000 0.370000 0.370000 0.370000 0.370000 0.370000 0.370000 0.370000 0.370000 0.370000 0.370000 0.370000 -9999.0 -9999.0 -9999.0 -9999.0 -9999.0 -9999.0 -9999.0
-9999.0 0.070095 0.075212 0.096619 0.233638 0.361977 0.369955 0.370000 0.370000 0.370000 0.370000 0.370000 0.370000 0.370000 0.370000 0.370000 0.370000 0.370000 0.370000 0.370000 0.370000 0.370000 0.370000 0.370000 0.370000 0.369999 0.369997 0.369985 0.369892 0.369025 0.362196 0.345171 0.315083 0.291146 0.268477 0.242455 0.212085 0.220576 0.232534 0.228805 0.218879 0.215129 0.238319 0.252786 0.260644 0.249424 0.263708 0.284191 0.312769 0.334894 0.352221 0.363165 0.367833 0.369017 0.369435 0.369864 0.369988 0.370000 0.370000 0.370000 0.370000 0.370000 0.370000 0.370000 0.370000 0.370000 0.370000 0.370000 0.370000 0.370000 0.370000 -9999.0 -9999.0 -9999.0 -9999.0 -9999.0 -9999.0 -9999.0 -9999.0 -9999.0
-9999.0 -9999.0 0.070064 0.073744 0.081677 0.107270 0.162238 0.230203 0.283459 0.336554 0.363157 0.368954 0.369705 0.369835 0.369663 0.368695 0.367014 0.366871 0.365899 0.363836 0.359645 0.357741 0.355750 0.353909 0.349954 0.347555 0.345822 0.341749 0.331659 0.304241 0.264818 0.223821 0.184716 0.169455 0.157332 0.145989 0.144239 0.143734 0.147117 0.147669 0.150085 0.155928 0.167498 0.180425 0.186404 0.190712 0.199269 0.216418 0.241974 0.273735 0.310491 0.339535 0.352424 0.355151 0.352156 0.353591 0.358773 0.365436 0.369663 0.369998 0.370000 0.370000 0.370000 0.370000 0.370000 0.370000 0.370000 0.370000 0.370000 0.370000 -9999.0 -9999.0 -9999.0 -9999.0 -9999.0 -9999.0 -9999.0 -9999.0 -9999.0 -9999.0
-9999.0 -9999.0 -9999.0 -9999.0 0.070725 0.074199 0.078037 0.083504 0.097970 0.123476 0.162153 0.209441 0.247743 0.265364 0.254901 0.248617 0.241480 0.239126 0.232724 0.227935 0.223213 0.217530 0.209841 0.204511 0.203981 0.206536 0.205396 0.196463 0.186298 0.168938 0.155439 0.138825 0.124590 0.115522 0.112014 0.110195 0.110325 0.109057 0.111542 0.113168 0.117381 0.122236 0.130783 0.142477 0.148160 0.155161 0.160250 0.172187 0.191261 0.229963 0.278661 0.316699 0.334026 0.334718 0.319466 0.308121 0.304482 0.320654 0.342730 0.361492 0.369326 0.369979 0.370000 0.370000 0.370000 0.370000 0.370000 0.370000 -9999.0 -9999.0 -9999.0 -9999.0 -9999.0 -9999.0 -9999.0 -9999.0 -9999.0 -9999.0 -9999.0 -9999.0
-9999.0 -9999.0 -9999.0 -9999.0 -9999.0 -9999.0 0.069974 0.071275 0.073192 0.077511 0.084946 0.095852 0.110371 0.116531 0.121147 0.128406 0.126558 0.121032 0.116244 0.121159 0.124035 0.122576 0.114523 0.114110 0.115035 0.117866 0.117636 0.115956 0.109435 0.111358 0.110925 0.105495 0.100202 0.097617 0.095731 0.097418 0.097600 0.095576 0.096044 0.100622 0.104617 0.107685 0.113470 0.123557 0.135432 0.141376 0.141657 0.144365 0.165960 0.212872 0.267663 0.306107 0.323949 0.326958 0.308510 0.277023 0.257782 0.260728 0.285040 0.318856 0.351523 0.362092 0.365923 0.367786 0.369260 0.369993 -9999.0 -9999.0 -9999.0 -9999.0 -9999.0 -9999.0 -9999.0 -9999.0 -9999.0 -9999.0 -9999.0 -9999.0 -9999.0 -9999.0
-9999.0 -9999.0 -9999.0 -9999.0 -9999.0 -9999.0 -9999.0 -9999.0 -9999.0 -9999.0 -9999.0 -9999.0 -9999.0 -9999.0 -9999.0 -9999.0 -9999.0 -9999.0 -9999.0 -9999.0 -9999.0 -9999.0 -9999.0 -9999.0 -9999.0 -9999.0 -9999.0 -9999.0 -9999.0 -9999.0 -9999.0 -9999.0 -9999.0 -9999.0 -9999.0 -9999.0 -9999.0 -9999.0 -9999.0 -9999.0 -9999.0 -9999.0 -9999.0 -9999.0 -9999.0 -9999.0 -9999.0 -9999.0 -9999.0 -9999.0 -9999.0 -9999.0 -9999.0 -9999.0 -9999.0 -9999.0 -9999.0 -9999.0 -9999.0 -9999.0 -9999.0 -9999.0 -9999.0 -9999.0 -9999.0 -9999.0 -9999.0 -9999.0 -9999.0 -9999.0 -9999.0 -9999.0 -9999.0 -9999.0 -9999.0 -9999.0 -9999.0 -9999.0 -9999.0 -9999.0
-9999.0 -9999.0 -9999.0 -9999.0 -9999.0 -9999.0 -9999.0 -9999.0 -9999.0 -9999.0 -9999.0 -9999.0 -9999.0 -9999.0 -9999.0 -9999.0 -9999.0 -9999.0 -9999.0 -9999.0 -9999.0 -9999.0 -9999.0 -9999.0 -9999.0 -9999.0 -9999.0 -9999.0 -9999.0 -9999.0 -9999.0 -9999.0 -9999.0 -9999.0 -9999.0 -9999.0 -9999.0 -9999.0 -9999.0 -9999.0 -9999.0 -9999.0 -9999.0 -9999.0 -9999.0 -9999.0 -9999.0 -9999.0 -9999.0 -9999.0 -9999.0 -9999.0 -9999.0 -9999.0 -9999.0 -9999.0 -9999.0 -9999.0 -9999.0 -9999.0 -9999.0 -9999.0 -9999.0 -9999.0 -9999.0 -9999.0 -9999.0 -9999.0 -9999.0 -9999.0 -9999.0 -9999.0 -9999.0 -9999.0 -9999.0 -9999.0 -9999.0 -9999.0 -9999.0 -9999.0