Borden_/Borden1m_014/output_maps/thetaliqL0005N0031.asc
ncols         80
nrows         18
xllcorner     620200.000000
yllcorner     5168000.000000
cellsize      1.000000
NODATA_value  -9999.0
-9999.0 -9999.0 -9999.0 -9999.0 -9999.0 -9999.0 -9999.0 -9999.0 -9999.0 -9999.0 -9999.0 -9999.0 -9999.0 -9999.0 -9999.0 -9999.0 -9999.0 -9999.0 -9999.0 -9999.0 -9999.0 -9999.0 -9999.0 -9999.0 -9999.0 -9999.0 -9999.0 -9999.0 -9999.0 -9999.0 -9999.0 -9999.0 -9999.0 -9999.0 -9999.0 -9999.0 -9999.0 -9999.0 -9999.0 -9999.0 -9999.0 -9999.0 -9999.0 -9999.0 -9999.0 -9999.0 -9999.0 -9999.0 -9999.0 -9999.0 -9999.0 -9999.0 -9999.0 -9999.0 -9999.0 -9999.0 -9999.0 -9999.0 -9999.0 -9999.0 -9999.0 -9999.0 -9999.0 -9999.0 -9999.0 -9999.0 -9999.0 -9999.0 -9999.0 -9999.0 -9999.0 -9999.0 -9999.0 -9999.0 -9999.0 -9999.0 -9999.0 -9999.0 -9999.0 -9999.0
-9999.0 -9999.0 -9999.0 -9999.0 -9999.0 -9999.0 -9999.0 -9999.0 -9999.0 -9999.0 -9999.0 -9999.0 -9999.0 -9999.0 -9999.0 -9999.0 -9999.0 -9999.0 -9999.0 -9999.0 -9999.0 -9999.0 -9999.0 -9999.0 -9999.0 -9999.0 -9999.0 -9999.0 -9999.0 -9999.0 -9999.0 -9999.0 -9999.0 -9999.0 -9999.0 -9999.0 -9999.0 -9999.0 -9999.0 -9999.0 -9999.0 -9999.0 -9999.0 -9999.0 -9999.0 -9999.0 -9999.0 -9999.0 -9999.0 -9999.0 -9999.0 -9999.0 -9999.0 -9999.0 -9999.0 -9999.0 -9999.0 -9999.0 -9999.0 -9999.0 -9999.0 -9999.0 -9999.0 -9999.0 -9999.0 -9999.0 -9999.0 -9999.0 -9999.0 -9999.0 -9999.0 -9999.0 -9999.0 -9999.0 -9999.0 -9999.0 -9999.0 -9999.0 -9999.0 -9999.0
-9999.0 -9999.0 -9999.0 -9999.0 -9999.0 -9999.0 -9999.0 -9999.0 -9999.0 -9999.0 -9999.0 -9999.0 -9999.0 -9999.0 -9999.0 -9999.0 -9999.0 -9999.0 -9999.0 -9999.0 0.128103 0.129637 0.123262 0.115714 0.110318 0.110264 0.116703 0.125829 0.136682 0.139840 0.133009 0.133730 0.131553 0.131018 0.131630 0.133525 0.134327 0.138088 0.140889 0.140537 0.138178 0.136164 0.135267 0.136318 0.138342 0.135230 0.140263 0.146244 0.148926 0.147449 0.137818 0.133197 0.131211 0.126619 0.135259 0.139541 0.148658 0.150416 0.150716 0.140283 0.130511 -9999.0 -9999.0 -9999.0 -9999.0 -9999.0 -9999.0 -9999.0 -9999.0 -9999.0 -9999.0 -9999.0 -9999.0 -9999.0 -9999.0 -9999.0 -9999.0 -9999.0 -9999.0 -9999.0
-9999.0 -9999.0 -9999.0 -9999.0 -9999.0 -9999.0 -9999.0 -9999.0 -9999.0 -9999.0 -9999.0 -9999.0 -9999.0 -9999.0 0.111127 0.108999 0.108182 0.108720 0.114414 0.120136 0.122303 0.119879 0.120626 0.114930 0.110518 0.113264 0.118974 0.125748 0.135308 0.142297 0.137075 0.135848 0.139377 0.150665 0.157139 0.155474 0.144755 0.155316 0.163125 0.168318 0.167681 0.162514 0.171186 0.181417 0.177103 0.166434 0.167931 0.174435 0.184504 0.175743 0.143197 0.136536 0.136491 0.135257 0.131234 0.129111 0.138268 0.138328 0.135892 0.131262 0.123114 0.113472 0.110088 0.118273 0.129215 0.150330 -9999.0 -9999.0 -9999.0 -9999.0 -9999.0 -9999.0 -9999.0 -9999.0 -9999.0 -9999.0 -9999.0 -9999.0 -9999.0 -9999.0
-9999.0 -9999.0 -9999.0 -9999.0 -9999.0 -9999.0 -9999.0 -9999.0 -9999.0 0.104409 0.104371 0.105159 0.104603 0.106740 0.105143 0.106037 0.106501 0.110337 0.115189 0.122384 0.130313 0.126283 0.125962 0.129667 0.131369 0.134776 0.141049 0.157787 0.180609 0.210464 0.189103 0.187940 0.201914 0.248001 0.289214 0.300415 0.281346 0.282580 0.307115 0.329534 0.330716 0.329921 0.345957 0.352215 0.354860 0.346883 0.333324 0.330618 0.346213 0.308678 0.246431 0.196412 0.196310 0.175530 0.153461 0.144341 0.142981 0.154070 0.147996 0.134561 0.124179 0.123418 0.119277 0.123619 0.129350 0.145973 0.163300 0.179642 0.180402 0.170501 -9999.0 -9999.0 -9999.0 -9999.0 -9999.0 -9999.0 -9999.0 -9999.0 -9999.0 -9999.0
-9999.0 -9999.0 -9999.0 -9999.0 -9999.0 -9999.0 0.098134 0.098401 0.099906 0.098494 0.101084 0.100729 0.103027 0.104954 0.107368 0.109125 0.114380 0.120565 0.130918 0.145480 0.159206 0.155982 0.160333 0.180461 0.214934 0.246961 0.269656 0.306473 0.356518 0.365979 0.367653 0.368212 0.368724 0.369543 0.369952 0.369988 0.369944 0.369878 0.369944 0.369995 0.370000 0.370000 0.370000 0.370000 0.370000 0.370000 0.369997 0.369979 0.369965 0.369942 0.369655 0.368473 0.364015 0.349780 0.288372 0.231042 0.224060 0.234938 0.208668 0.173373 0.152199 0.149086 0.144139 0.138736 0.141235 0.149135 0.160484 0.167141 0.161436 0.152719 0.144419 0.134131 0.135114 0.144828 -9999.0 -9999.0 -9999.0 -9999.0 -9999.0 -9999.0
-9999.0 -9999.0 -9999.0 -9999.0 0.093664 0.094815 0.092237 0.094244 0.096517 0.098924 0.100938 0.105190 0.108135 0.112513 0.120842 0.130026 0.144528 0.158690 0.190765 0.249926 0.303035 0.328261 0.341519 0.363962 0.368876 0.369699 0.369833 0.369944 0.369997 0.370000 0.370000 0.370000 0.370000 0.370000 0.370000 0.370000 0.370000 0.370000 0.370000 0.370000 0.370000 0.370000 0.370000 0.370000 0.370000 0.370000 0.370000 0.370000 0.370000 0.370000 0.370000 0.370000 0.370000 0.369995 0.369975 0.369836 0.368905 0.367788 0.359184 0.333037 0.269573 0.241251 0.212356 0.193850 0.174291 0.176069 0.179490 0.169192 0.155142 0.142525 0.138390 0.132762 0.129308 0.140260 0.146755 0.161449 -9999.0 -9999.0 -9999.0 -9999.0
-9999.0 -9999.0 0.091935 0.093333 0.097473 0.096547 0.095877 0.095066 0.096861 0.102126 0.114193 0.124424 0.137655 0.147777 0.178174 0.247609 0.321462 0.352819 0.366422 0.369290 0.369886 0.369986 0.370000 0.370000 0.370000 0.370000 0.370000 0.370000 0.370000 0.370000 0.370000 0.370000 0.370000 0.370000 0.370000 0.370000 0.370000 0.370000 0.370000 0.370000 0.370000 0.370000 0.370000 0.370000 0.370000 0.370000 0.370000 0.370000 0.370000 0.370000 0.370000 0.370000 0.370000 0.370000 0.370000 0.370000 0.370000 0.370000 0.369999 0.369976 0.369528 0.368324 0.363027 0.344259 0.297532 0.262711 0.222370 0.194459 0.169135 0.148509 0.140587 0.135220 0.135663 0.135627 0.141992 0.148307 0.155777 0.159488 -9999.0 -9999.0
-9999.0 0.089552 0.090083 0.097539 0.102661 0.107187 0.112831 0.117974 0.122934 0.123648 0.167186 0.255216 0.332925 0.350082 0.365098 0.369669 0.370000 0.370000 0.370000 0.370000 0.370000 0.370000 0.370000 0.370000 0.370000 0.370000 0.370000 0.370000 0.370000 0.370000 0.370000 0.370000 0.370000 0.370000 0.370000 0.370000 0.370000 0.370000 0.370000 0.370000 0.370000 0.370000 0.370000 0.370000 0.370000 0.370000 0.370000 0.370000 0.370000 0.370000 0.370000 0.370000 0.370000 0.370000 0.370000 0.370000 0.370000 0.370000 0.370000 0.370000 0.370000 0.370000 0.369986 0.369759 0.368631 0.362086 0.335162 0.282571 0.225265 0.198377 0.180562 0.153422 0.144662 0.147099 0.143737 0.143171 0.146208 0.148972 -9999.0 -9999.0
-9999.0 0.085570 0.090533 0.101580 0.123323 0.137531 0.208463 0.281162 0.304238 0.281181 0.359266 0.370000 0.370000 0.370000 0.370000 0.370000 0.370000 0.370000 0.370000 0.370000 0.370000 0.370000 0.370000 0.370000 0.370000 0.370000 0.370000 0.370000 0.370000 0.370000 0.370000 0.370000 0.370000 0.370000 0.370000 0.370000 0.370000 0.370000 0.369999 0.369990 0.369979 0.369993 0.369987 0.369965 0.369958 0.369988 0.369999 0.369998 0.369999 0.370000 0.370000 0.370000 0.370000 0.370000 0.370000 0.370000 0.370000 0.370000 0.370000 0.370000 0.370000 0.370000 0.370000 0.370000 0.369998 0.369860 0.369177 0.367364 0.356787 0.332862 0.288198 0.233943 0.190046 0.175713 0.155708 0.148139 -9999.0 -9999.0 -9999.0 -9999.0
-9999.0 0.084756 0.089848 0.110793 0.202348 0.318802 0.368747 0.369996 0.370000 0.370000 0.370000 0.370000 0.370000 0.370000 0.370000 0.370000 0.370000 0.370000 0.370000 0.370000 0.370000 0.370000 0.370000 0.370000 0.370000 0.370000 0.370000 0.370000 0.370000 0.370000 0.370000 0.370000 0.369998 0.369802 0.369381 0.368786 0.364892 0.362583 0.359291 0.348787 0.338644 0.329582 0.340508 0.338945 0.338546 0.344179 0.353997 0.359322 0.366337 0.368549 0.369467 0.369912 0.369983 0.369999 0.370000 0.370000 0.370000 0.370000 0.370000 0.370000 0.370000 0.370000 0.370000 0.370000 0.370000 0.370000 0.370000 0.369954 0.369588 0.368701 0.367177 0.360196 0.325492 0.240251 0.209322 -9999.0 -9999.0 -9999.0 -9999.0 -9999.0
-9999.0 0.080259 0.088513 0.105526 0.248921 0.369101 0.369981 0.370000 0.370000 0.370000 0.370000 0.370000 0.370000 0.370000 0.370000 0.370000 0.370000 0.370000 0.370000 0.370000 0.370000 0.370000 0.370000 0.370000 0.370000 0.370000 0.369999 0.369993 0.369892 0.369515 0.367628 0.365109 0.344065 0.287488 0.242558 0.203455 0.169102 0.168368 0.177369 0.167256 0.156219 0.147208 0.159002 0.165916 0.171532 0.165906 0.170071 0.190139 0.225150 0.261826 0.310169 0.349712 0.363332 0.368408 0.369292 0.369873 0.369986 0.370000 0.370000 0.370000 0.370000 0.370000 0.370000 0.370000 0.370000 0.370000 0.370000 0.370000 0.369991 0.369919 0.369837 0.369617 0.368677 -9999.0 -9999.0 -9999.0 -9999.0 -9999.0 -9999.0 -9999.0
-9999.0 0.078319 0.085183 0.089128 0.120471 0.235811 0.355499 0.369126 0.369999 0.369849 0.369772 0.369916 0.369979 0.369994 0.369977 0.369892 0.369747 0.369777 0.369784 0.369555 0.369029 0.368680 0.368651 0.368326 0.366330 0.363899 0.361614 0.355431 0.337059 0.290568 0.214013 0.171623 0.143045 0.131262 0.123551 0.116516 0.108512 0.111376 0.114624 0.113651 0.111082 0.109795 0.115825 0.119347 0.121704 0.117341 0.121712 0.128111 0.141034 0.156726 0.179917 0.214497 0.256862 0.285793 0.304159 0.333217 0.356475 0.367292 0.369666 0.369997 0.370000 0.370000 0.370000 0.370000 0.370000 0.370000 0.370000 0.370000 0.369999 0.369988 0.369985 -9999.0 -9999.0 -9999.0 -9999.0 -9999.0 -9999.0 -9999.0 -9999.0 -9999.0
-9999.0 -9999.0 0.077217 0.079784 0.082911 0.088977 0.101493 0.121931 0.143019 0.174561 0.227837 0.287530 0.319577 0.330956 0.316197 0.277645 0.251566 0.252197 0.244504 0.230553 0.208271 0.200597 0.194790 0.189911 0.180155 0.175400 0.172682 0.167157 0.156474 0.137933 0.122691 0.112449 0.104182 0.102266 0.100362 0.098164 0.098650 0.098412 0.099043 0.098990 0.099482 0.100584 0.102490 0.104815 0.105636 0.106404 0.107835 0.111124 0.116609 0.124926 0.139769 0.161910 0.180786 0.186366 0.179061 0.182151 0.196185 0.230494 0.317165 0.363158 0.369245 0.369933 0.369999 0.370000 0.370000 0.370000 0.370000 0.370000 0.369795 0.369905 -9999.0 -9999.0 -9999.0 -9999.0 -9999.0 -9999.0 -9999.0 -9999.0 -9999.0 -9999.0
-9999.0 -9999.0 -9999.0 -9999.0 0.076470 0.079776 0.083504 0.083969 0.088661 0.093841 0.100721 0.109957 0.118957 0.124303 0.119988 0.117951 0.116143 0.115991 0.114481 0.113146 0.112090 0.110891 0.109441 0.108251 0.108307 0.109039 0.108967 0.107014 0.105585 0.102063 0.100216 0.097525 0.095194 0.093380 0.093134 0.092857 0.093215 0.092697 0.093542 0.093409 0.094325 0.095079 0.096594 0.098836 0.099180 0.100523 0.101164 0.103318 0.106093 0.113784 0.127040 0.144071 0.156891 0.157220 0.144380 0.137931 0.135751 0.144884 0.164280 0.206694 0.299961 0.354153 0.367425 0.369181 0.369664 0.369945 0.369995 0.369998 -9999.0 -9999.0 -9999.0 -9999.0 -9999.0 -9999.0 -9999.0 -9999.0 -9999.0 -9999.0 -9999.0 -9999.0
-9999.0 -9999.0 -9999.0 -9999.0 -9999.0 -9999.0 0.077516 0.079216 0.079029 0.080959 0.083263 0.085737 0.089179 0.089772 0.090831 0.093058 0.092645 0.091330 0.089959 0.091726 0.092615 0.092562 0.090260 0.090577 0.090834 0.091687 0.091606 0.091633 0.089718 0.091330 0.091987 0.091080 0.090199 0.090176 0.089643 0.090778 0.090914 0.089918 0.089748 0.091374 0.092162 0.092360 0.093242 0.095171 0.097693 0.098561 0.098071 0.097681 0.101455 0.110651 0.124138 0.138622 0.148958 0.151423 0.139428 0.125649 0.119422 0.119829 0.127262 0.142564 0.176795 0.206448 0.231909 0.256684 0.289218 0.357003 -9999.0 -9999.0 -9999.0 -9999.0 -9999.0 -9999.0 -9999.0 -9999.0 -9999.0 -9999.0 -9999.0 -9999.0 -9999.0 -9999.0
-9999.0 -9999.0 -9999.0 -9999.0 -9999.0 -9999.0 -9999.0 -9999.0 -9999.0 -9999.0 -9999.0 -9999.0 -9999.0 -9999.0 -9999.0 -9999.0 -9999.0 -9999.0 -9999.0 -9999.0 -9999.0 -9999.0 -9999.0 -9999.0 -9999.0 -9999.0 -9999.0 -9999.0 -9999.0 -9999.0 -9999.0 -9999.0 -9999.0 -9999.0 -9999.0 -9999.0 -9999.0 -9999.0 -9999.0 -9999.0 -9999.0 -9999.0 -9999.0 -9999.0 -9999.0 -9999.0 -9999.0 -9999.0 -9999.0 -9999.0 -9999.0 -9999.0 -9999.0 -9999.0 -9999.0 -9999.0 -9999.0 -9999.0 -9999.0 -9999.0 -9999.0 -9999.0 -9999.0 -9999.0 -9999.0 -9999.0 -9999.0 -9999.0 -9999.0 -9999.0 -9999.0 -9999.0 -9999.0 -9999.0 -9999.0 -9999.0 -9999.0 -9999.0 -9999.0 -9999.0
-9999.0 -9999.0 -9999.0 -9999.0 -9999.0 -9999.0 -9999.0 -9999.0 -9999.0 -9999.0 -9999.0 -9999.0 -9999.0 -9999.0 -9999.0 -9999.0 -9999.0 -9999.0 -9999.0 -9999.0 -9999.0 -9999.0 -9999.0 -9999.0 -9999.0 -9999.0 -9999.0 -9999.0 -9999.0 -9999.0 -9999.0 -9999.0 -9999.0 -9999.0 -9999.0 -9999.0 -9999.0 -9999.0 -9999.0 -9999.0 -9999.0 -9999.0 -9999.0 -9999.0 -9999.0 -9999.0 -9999.0 -9999.0 -9999.0 -9999.0 -9999.0 -9999.0 -9999.0 -9999.0 -9999.0 -9999.0 -9999.0 -9999.0 -9999.0 -9999.0 -9999.0 -9999.0 -9999.0 -9999.0 -9999.0 -9999.0 -9999.0 -9999.0 -9999.0 -9999.0 -9999.0 -9999.0 -9999.0 -9999.0 -9999.0 -9999.0 -9999.0 -9999.0 -9999.0 -9999.0