Borden_/Borden1m_014/output_maps/thetaliqL0004N0005.asc
ncols         80
nrows         18
xllcorner     620200.000000
yllcorner     5168000.000000
cellsize      1.000000
NODATA_value  -9999.0
-9999.0 -9999.0 -9999.0 -9999.0 -9999.0 -9999.0 -9999.0 -9999.0 -9999.0 -9999.0 -9999.0 -9999.0 -9999.0 -9999.0 -9999.0 -9999.0 -9999.0 -9999.0 -9999.0 -9999.0 -9999.0 -9999.0 -9999.0 -9999.0 -9999.0 -9999.0 -9999.0 -9999.0 -9999.0 -9999.0 -9999.0 -9999.0 -9999.0 -9999.0 -9999.0 -9999.0 -9999.0 -9999.0 -9999.0 -9999.0 -9999.0 -9999.0 -9999.0 -9999.0 -9999.0 -9999.0 -9999.0 -9999.0 -9999.0 -9999.0 -9999.0 -9999.0 -9999.0 -9999.0 -9999.0 -9999.0 -9999.0 -9999.0 -9999.0 -9999.0 -9999.0 -9999.0 -9999.0 -9999.0 -9999.0 -9999.0 -9999.0 -9999.0 -9999.0 -9999.0 -9999.0 -9999.0 -9999.0 -9999.0 -9999.0 -9999.0 -9999.0 -9999.0 -9999.0 -9999.0
-9999.0 -9999.0 -9999.0 -9999.0 -9999.0 -9999.0 -9999.0 -9999.0 -9999.0 -9999.0 -9999.0 -9999.0 -9999.0 -9999.0 -9999.0 -9999.0 -9999.0 -9999.0 -9999.0 -9999.0 -9999.0 -9999.0 -9999.0 -9999.0 -9999.0 -9999.0 -9999.0 -9999.0 -9999.0 -9999.0 -9999.0 -9999.0 -9999.0 -9999.0 -9999.0 -9999.0 -9999.0 -9999.0 -9999.0 -9999.0 -9999.0 -9999.0 -9999.0 -9999.0 -9999.0 -9999.0 -9999.0 -9999.0 -9999.0 -9999.0 -9999.0 -9999.0 -9999.0 -9999.0 -9999.0 -9999.0 -9999.0 -9999.0 -9999.0 -9999.0 -9999.0 -9999.0 -9999.0 -9999.0 -9999.0 -9999.0 -9999.0 -9999.0 -9999.0 -9999.0 -9999.0 -9999.0 -9999.0 -9999.0 -9999.0 -9999.0 -9999.0 -9999.0 -9999.0 -9999.0
-9999.0 -9999.0 -9999.0 -9999.0 -9999.0 -9999.0 -9999.0 -9999.0 -9999.0 -9999.0 -9999.0 -9999.0 -9999.0 -9999.0 -9999.0 -9999.0 -9999.0 -9999.0 -9999.0 -9999.0 0.091505 0.091942 0.088986 0.085332 0.082803 0.082910 0.086021 0.090580 0.095872 0.097590 0.094609 0.094704 0.093841 0.093842 0.094289 0.095114 0.095407 0.097293 0.098754 0.098713 0.097631 0.096625 0.096280 0.096885 0.097702 0.096399 0.098670 0.101553 0.102959 0.101997 0.097069 0.094579 0.093487 0.091592 0.095215 0.097405 0.101757 0.102746 0.102657 0.097652 0.092969 -9999.0 -9999.0 -9999.0 -9999.0 -9999.0 -9999.0 -9999.0 -9999.0 -9999.0 -9999.0 -9999.0 -9999.0 -9999.0 -9999.0 -9999.0 -9999.0 -9999.0 -9999.0 -9999.0
-9999.0 -9999.0 -9999.0 -9999.0 -9999.0 -9999.0 -9999.0 -9999.0 -9999.0 -9999.0 -9999.0 -9999.0 -9999.0 -9999.0 0.082363 0.081550 0.081290 0.081879 0.084639 0.087569 0.088990 0.088057 0.087999 0.085502 0.083647 0.084852 0.087709 0.091371 0.096227 0.099697 0.097293 0.096735 0.098515 0.103929 0.107198 0.106491 0.101830 0.106515 0.110364 0.112868 0.112545 0.110279 0.114235 0.118973 0.116974 0.112116 0.112836 0.116014 0.120686 0.116242 0.100974 0.097203 0.096916 0.095998 0.094120 0.093232 0.097160 0.097499 0.096246 0.093596 0.089425 0.084822 0.083320 0.086962 0.092464 0.102451 -9999.0 -9999.0 -9999.0 -9999.0 -9999.0 -9999.0 -9999.0 -9999.0 -9999.0 -9999.0 -9999.0 -9999.0 -9999.0 -9999.0
-9999.0 -9999.0 -9999.0 -9999.0 -9999.0 -9999.0 -9999.0 -9999.0 -9999.0 0.078690 0.078848 0.079233 0.079292 0.080238 0.080106 0.080521 0.081051 0.082931 0.085617 0.089325 0.093036 0.091504 0.091446 0.093155 0.094272 0.096201 0.099537 0.107675 0.118725 0.132732 0.122443 0.121639 0.127929 0.148672 0.169424 0.175334 0.164350 0.165010 0.179674 0.196222 0.195369 0.193989 0.210058 0.219105 0.225451 0.212604 0.198738 0.196534 0.215108 0.181304 0.147392 0.125376 0.125871 0.116222 0.105734 0.101053 0.100588 0.105441 0.102408 0.095815 0.090682 0.089693 0.087881 0.089808 0.092916 0.100930 0.109527 0.117606 0.118006 0.113181 -9999.0 -9999.0 -9999.0 -9999.0 -9999.0 -9999.0 -9999.0 -9999.0 -9999.0 -9999.0
-9999.0 -9999.0 -9999.0 -9999.0 -9999.0 -9999.0 0.075142 0.075441 0.076206 0.076432 0.077518 0.077873 0.078964 0.080110 0.081422 0.082667 0.085323 0.088613 0.093948 0.101343 0.108102 0.106966 0.109095 0.118308 0.133429 0.147510 0.158467 0.178698 0.230086 0.262980 0.274993 0.279290 0.287220 0.326122 0.364048 0.368875 0.363082 0.355277 0.363130 0.370000 0.370000 0.370000 0.370000 0.370000 0.370000 0.370000 0.370000 0.369487 0.367040 0.364454 0.336568 0.284828 0.251617 0.217836 0.167886 0.138932 0.137924 0.144950 0.132532 0.115432 0.105048 0.103057 0.100427 0.097943 0.098990 0.102932 0.108487 0.111647 0.108820 0.104361 0.099852 0.095030 0.095373 0.099871 -9999.0 -9999.0 -9999.0 -9999.0 -9999.0 -9999.0
-9999.0 -9999.0 -9999.0 -9999.0 0.073546 0.073893 0.073543 0.074219 0.075294 0.076607 0.078163 0.080348 0.082201 0.084584 0.088841 0.093889 0.101111 0.108140 0.123126 0.150509 0.178583 0.195239 0.203628 0.247645 0.298760 0.340124 0.351340 0.363348 0.370000 0.370000 0.370000 0.370000 0.370000 0.370000 0.370000 0.370000 0.370000 0.370000 0.370000 0.370000 0.370000 0.370000 0.370000 0.370000 0.370000 0.370000 0.370000 0.370000 0.370000 0.370000 0.370000 0.370000 0.370000 0.370000 0.369955 0.352698 0.297030 0.277346 0.236069 0.198982 0.159544 0.147437 0.134378 0.125513 0.116209 0.116787 0.118086 0.112947 0.105908 0.099639 0.097184 0.094338 0.092996 0.097833 0.101220 0.108160 -9999.0 -9999.0 -9999.0 -9999.0
-9999.0 -9999.0 0.072154 0.073359 0.075099 0.075389 0.075484 0.075635 0.076713 0.079272 0.085234 0.091049 0.097713 0.102909 0.117130 0.148739 0.189141 0.219952 0.261713 0.315347 0.355304 0.368181 0.370000 0.370000 0.370000 0.370000 0.370000 0.370000 0.370000 0.370000 0.370000 0.370000 0.370000 0.370000 0.370000 0.370000 0.370000 0.370000 0.370000 0.370000 0.370000 0.370000 0.370000 0.370000 0.370000 0.370000 0.370000 0.370000 0.370000 0.370000 0.370000 0.370000 0.370000 0.370000 0.370000 0.370000 0.370000 0.370000 0.370000 0.369760 0.332793 0.288570 0.247776 0.212345 0.179262 0.162141 0.140920 0.126278 0.113226 0.103059 0.098866 0.095925 0.095775 0.096076 0.098975 0.102129 0.105540 0.107407 -9999.0 -9999.0
-9999.0 0.070530 0.071671 0.075063 0.078563 0.081363 0.084839 0.087887 0.090432 0.091666 0.111785 0.150822 0.200964 0.217331 0.255173 0.330255 0.369980 0.370000 0.370000 0.370000 0.370000 0.370000 0.370000 0.370000 0.370000 0.370000 0.370000 0.370000 0.370000 0.370000 0.370000 0.370000 0.370000 0.370000 0.370000 0.370000 0.370000 0.370000 0.370000 0.370000 0.370000 0.370000 0.370000 0.370000 0.370000 0.370000 0.370000 0.370000 0.370000 0.370000 0.370000 0.370000 0.370000 0.370000 0.370000 0.370000 0.370000 0.370000 0.370000 0.370000 0.370000 0.370000 0.369861 0.343900 0.297300 0.245452 0.205440 0.172411 0.142119 0.128264 0.118907 0.105668 0.101030 0.101643 0.100014 0.099712 0.101134 0.102494 -9999.0 -9999.0
-9999.0 0.069742 0.071759 0.077770 0.089430 0.098198 0.129177 0.167363 0.181102 0.167979 0.233260 0.370000 0.370000 0.370000 0.370000 0.370000 0.370000 0.370000 0.370000 0.370000 0.370000 0.370000 0.370000 0.370000 0.370000 0.370000 0.370000 0.370000 0.370000 0.370000 0.370000 0.370000 0.370000 0.370000 0.370000 0.370000 0.370000 0.370000 0.370000 0.370000 0.369956 0.370000 0.370000 0.367030 0.365682 0.370000 0.370000 0.370000 0.370000 0.370000 0.370000 0.370000 0.370000 0.370000 0.370000 0.370000 0.370000 0.370000 0.370000 0.370000 0.370000 0.370000 0.370000 0.370000 0.370000 0.355182 0.320345 0.281893 0.236657 0.206114 0.176137 0.146709 0.124325 0.116352 0.106516 0.102041 -9999.0 -9999.0 -9999.0 -9999.0
-9999.0 0.069234 0.071584 0.082454 0.128359 0.192074 0.336809 0.370000 0.370000 0.370000 0.370000 0.370000 0.370000 0.370000 0.370000 0.370000 0.370000 0.370000 0.370000 0.370000 0.370000 0.370000 0.370000 0.370000 0.370000 0.370000 0.370000 0.370000 0.370000 0.370000 0.370000 0.370000 0.370000 0.347481 0.315556 0.293207 0.254235 0.249098 0.238613 0.216491 0.204495 0.196861 0.207554 0.205074 0.204222 0.210564 0.226315 0.236258 0.264162 0.289724 0.322888 0.353715 0.367390 0.370000 0.370000 0.370000 0.370000 0.370000 0.370000 0.370000 0.370000 0.370000 0.370000 0.370000 0.370000 0.370000 0.370000 0.370000 0.364113 0.335178 0.296906 0.250390 0.202179 0.151228 0.133790 -9999.0 -9999.0 -9999.0 -9999.0 -9999.0
-9999.0 0.068393 0.070544 0.079987 0.151143 0.360309 0.370000 0.370000 0.370000 0.370000 0.370000 0.370000 0.370000 0.370000 0.370000 0.370000 0.370000 0.370000 0.370000 0.370000 0.370000 0.370000 0.370000 0.370000 0.370000 0.370000 0.370000 0.370000 0.361379 0.333685 0.274370 0.261427 0.210726 0.168397 0.146156 0.128076 0.112762 0.112357 0.116469 0.111878 0.106657 0.102669 0.107983 0.111394 0.114017 0.111543 0.113614 0.123286 0.140390 0.158560 0.184547 0.218191 0.247786 0.285261 0.312889 0.349736 0.369309 0.370000 0.370000 0.370000 0.370000 0.370000 0.370000 0.370000 0.370000 0.370000 0.370000 0.370000 0.370000 0.370000 0.370000 0.360435 0.320876 -9999.0 -9999.0 -9999.0 -9999.0 -9999.0 -9999.0 -9999.0
-9999.0 0.067919 0.068962 0.072073 0.088273 0.143840 0.235480 0.316038 0.357116 0.352680 0.357708 0.367401 0.370000 0.370000 0.370000 0.361002 0.345296 0.347081 0.347358 0.329877 0.306215 0.293580 0.293781 0.288009 0.266373 0.253751 0.245910 0.229632 0.204247 0.172061 0.133958 0.113721 0.100414 0.094446 0.090374 0.086658 0.083009 0.083923 0.085325 0.084840 0.083659 0.083202 0.085862 0.087694 0.088794 0.087202 0.089181 0.092560 0.099011 0.106993 0.118707 0.136202 0.158460 0.173365 0.181533 0.199375 0.226800 0.267830 0.335926 0.370000 0.370000 0.370000 0.370000 0.370000 0.370000 0.370000 0.370000 0.370000 0.370000 0.370000 0.370000 -9999.0 -9999.0 -9999.0 -9999.0 -9999.0 -9999.0 -9999.0 -9999.0 -9999.0
-9999.0 -9999.0 0.067914 0.068685 0.070079 0.073529 0.079708 0.087842 0.096058 0.111136 0.136815 0.168835 0.190794 0.200625 0.187471 0.162565 0.148973 0.149384 0.145704 0.139379 0.129665 0.126596 0.123989 0.121831 0.117632 0.115506 0.114223 0.111596 0.106412 0.097500 0.089772 0.084371 0.080223 0.078746 0.077588 0.076501 0.076305 0.076271 0.076590 0.076630 0.076829 0.077352 0.078428 0.079631 0.080197 0.080588 0.081441 0.083229 0.086195 0.090668 0.098221 0.109242 0.118879 0.121859 0.118414 0.119806 0.126460 0.142535 0.186707 0.245611 0.314594 0.358572 0.370000 0.370000 0.370000 0.370000 0.370000 0.370000 0.370000 0.370000 -9999.0 -9999.0 -9999.0 -9999.0 -9999.0 -9999.0 -9999.0 -9999.0 -9999.0 -9999.0
-9999.0 -9999.0 -9999.0 -9999.0 0.068069 0.068777 0.069453 0.070291 0.072178 0.074954 0.078812 0.083693 0.088221 0.090761 0.088996 0.087844 0.086831 0.086608 0.085843 0.085155 0.084499 0.083844 0.083059 0.082475 0.082375 0.082602 0.082475 0.081541 0.080535 0.078753 0.077416 0.075843 0.074477 0.073587 0.073234 0.073037 0.073050 0.072925 0.073179 0.073328 0.073737 0.074204 0.075012 0.076089 0.076594 0.077232 0.077703 0.078821 0.080638 0.084710 0.091441 0.099935 0.106368 0.106670 0.100671 0.097458 0.096621 0.101184 0.111052 0.131332 0.177586 0.222731 0.271219 0.313831 0.343072 0.370000 0.370000 0.370000 -9999.0 -9999.0 -9999.0 -9999.0 -9999.0 -9999.0 -9999.0 -9999.0 -9999.0 -9999.0 -9999.0 -9999.0
-9999.0 -9999.0 -9999.0 -9999.0 -9999.0 -9999.0 0.067900 0.068186 0.068570 0.069299 0.070350 0.071683 0.073260 0.073854 0.074255 0.074933 0.074733 0.074208 0.073750 0.074222 0.074466 0.074331 0.073550 0.073499 0.073577 0.073861 0.073838 0.073668 0.073002 0.073173 0.073110 0.072551 0.071989 0.071705 0.071493 0.071682 0.071702 0.071477 0.071533 0.072030 0.072444 0.072756 0.073337 0.074311 0.075421 0.075960 0.075982 0.076232 0.078240 0.082839 0.089673 0.097033 0.102283 0.103398 0.097577 0.091090 0.088174 0.088629 0.092592 0.100644 0.117694 0.132395 0.143958 0.153690 0.167490 0.228460 -9999.0 -9999.0 -9999.0 -9999.0 -9999.0 -9999.0 -9999.0 -9999.0 -9999.0 -9999.0 -9999.0 -9999.0 -9999.0 -9999.0
-9999.0 -9999.0 -9999.0 -9999.0 -9999.0 -9999.0 -9999.0 -9999.0 -9999.0 -9999.0 -9999.0 -9999.0 -9999.0 -9999.0 -9999.0 -9999.0 -9999.0 -9999.0 -9999.0 -9999.0 -9999.0 -9999.0 -9999.0 -9999.0 -9999.0 -9999.0 -9999.0 -9999.0 -9999.0 -9999.0 -9999.0 -9999.0 -9999.0 -9999.0 -9999.0 -9999.0 -9999.0 -9999.0 -9999.0 -9999.0 -9999.0 -9999.0 -9999.0 -9999.0 -9999.0 -9999.0 -9999.0 -9999.0 -9999.0 -9999.0 -9999.0 -9999.0 -9999.0 -9999.0 -9999.0 -9999.0 -9999.0 -9999.0 -9999.0 -9999.0 -9999.0 -9999.0 -9999.0 -9999.0 -9999.0 -9999.0 -9999.0 -9999.0 -9999.0 -9999.0 -9999.0 -9999.0 -9999.0 -9999.0 -9999.0 -9999.0 -9999.0 -9999.0 -9999.0 -9999.0
-9999.0 -9999.0 -9999.0 -9999.0 -9999.0 -9999.0 -9999.0 -9999.0 -9999.0 -9999.0 -9999.0 -9999.0 -9999.0 -9999.0 -9999.0 -9999.0 -9999.0 -9999.0 -9999.0 -9999.0 -9999.0 -9999.0 -9999.0 -9999.0 -9999.0 -9999.0 -9999.0 -9999.0 -9999.0 -9999.0 -9999.0 -9999.0 -9999.0 -9999.0 -9999.0 -9999.0 -9999.0 -9999.0 -9999.0 -9999.0 -9999.0 -9999.0 -9999.0 -9999.0 -9999.0 -9999.0 -9999.0 -9999.0 -9999.0 -9999.0 -9999.0 -9999.0 -9999.0 -9999.0 -9999.0 -9999.0 -9999.0 -9999.0 -9999.0 -9999.0 -9999.0 -9999.0 -9999.0 -9999.0 -9999.0 -9999.0 -9999.0 -9999.0 -9999.0 -9999.0 -9999.0 -9999.0 -9999.0 -9999.0 -9999.0 -9999.0 -9999.0 -9999.0 -9999.0 -9999.0