Borden_/Borden1m_014/output_maps/thetaliqL0002N0014.asc
ncols         80
nrows         18
xllcorner     620200.000000
yllcorner     5168000.000000
cellsize      1.000000
NODATA_value  -9999.0
-9999.0 -9999.0 -9999.0 -9999.0 -9999.0 -9999.0 -9999.0 -9999.0 -9999.0 -9999.0 -9999.0 -9999.0 -9999.0 -9999.0 -9999.0 -9999.0 -9999.0 -9999.0 -9999.0 -9999.0 -9999.0 -9999.0 -9999.0 -9999.0 -9999.0 -9999.0 -9999.0 -9999.0 -9999.0 -9999.0 -9999.0 -9999.0 -9999.0 -9999.0 -9999.0 -9999.0 -9999.0 -9999.0 -9999.0 -9999.0 -9999.0 -9999.0 -9999.0 -9999.0 -9999.0 -9999.0 -9999.0 -9999.0 -9999.0 -9999.0 -9999.0 -9999.0 -9999.0 -9999.0 -9999.0 -9999.0 -9999.0 -9999.0 -9999.0 -9999.0 -9999.0 -9999.0 -9999.0 -9999.0 -9999.0 -9999.0 -9999.0 -9999.0 -9999.0 -9999.0 -9999.0 -9999.0 -9999.0 -9999.0 -9999.0 -9999.0 -9999.0 -9999.0 -9999.0 -9999.0
-9999.0 -9999.0 -9999.0 -9999.0 -9999.0 -9999.0 -9999.0 -9999.0 -9999.0 -9999.0 -9999.0 -9999.0 -9999.0 -9999.0 -9999.0 -9999.0 -9999.0 -9999.0 -9999.0 -9999.0 -9999.0 -9999.0 -9999.0 -9999.0 -9999.0 -9999.0 -9999.0 -9999.0 -9999.0 -9999.0 -9999.0 -9999.0 -9999.0 -9999.0 -9999.0 -9999.0 -9999.0 -9999.0 -9999.0 -9999.0 -9999.0 -9999.0 -9999.0 -9999.0 -9999.0 -9999.0 -9999.0 -9999.0 -9999.0 -9999.0 -9999.0 -9999.0 -9999.0 -9999.0 -9999.0 -9999.0 -9999.0 -9999.0 -9999.0 -9999.0 -9999.0 -9999.0 -9999.0 -9999.0 -9999.0 -9999.0 -9999.0 -9999.0 -9999.0 -9999.0 -9999.0 -9999.0 -9999.0 -9999.0 -9999.0 -9999.0 -9999.0 -9999.0 -9999.0 -9999.0
-9999.0 -9999.0 -9999.0 -9999.0 -9999.0 -9999.0 -9999.0 -9999.0 -9999.0 -9999.0 -9999.0 -9999.0 -9999.0 -9999.0 -9999.0 -9999.0 -9999.0 -9999.0 -9999.0 -9999.0 0.262960 0.264082 0.262170 0.260083 0.258189 0.257837 0.259870 0.261991 0.264460 0.264758 0.262407 0.263165 0.262164 0.261438 0.261240 0.261899 0.262269 0.263000 0.263393 0.263017 0.262343 0.261942 0.261432 0.261456 0.262327 0.261173 0.262732 0.264088 0.264448 0.264709 0.263176 0.262685 0.262546 0.260612 0.264056 0.264762 0.266889 0.266948 0.267573 0.265214 0.262853 -9999.0 -9999.0 -9999.0 -9999.0 -9999.0 -9999.0 -9999.0 -9999.0 -9999.0 -9999.0 -9999.0 -9999.0 -9999.0 -9999.0 -9999.0 -9999.0 -9999.0 -9999.0 -9999.0
-9999.0 -9999.0 -9999.0 -9999.0 -9999.0 -9999.0 -9999.0 -9999.0 -9999.0 -9999.0 -9999.0 -9999.0 -9999.0 -9999.0 0.260449 0.259222 0.258616 0.258016 0.259849 0.261096 0.260777 0.259506 0.260764 0.258487 0.256380 0.257610 0.259068 0.259909 0.261670 0.263096 0.261543 0.261150 0.261832 0.264583 0.265576 0.264859 0.261141 0.264589 0.265932 0.266777 0.266652 0.264960 0.267035 0.269473 0.268074 0.265467 0.266169 0.267548 0.269911 0.269280 0.261146 0.260971 0.261683 0.262199 0.261070 0.260146 0.263563 0.262835 0.262448 0.262374 0.260912 0.258002 0.256565 0.259890 0.262268 0.267613 -9999.0 -9999.0 -9999.0 -9999.0 -9999.0 -9999.0 -9999.0 -9999.0 -9999.0 -9999.0 -9999.0 -9999.0 -9999.0 -9999.0
-9999.0 -9999.0 -9999.0 -9999.0 -9999.0 -9999.0 -9999.0 -9999.0 -9999.0 0.259079 0.258639 0.258928 0.257951 0.258946 0.256842 0.257215 0.256661 0.257920 0.258612 0.260097 0.262456 0.260378 0.260057 0.261323 0.261154 0.261309 0.261918 0.265337 0.268760 0.275129 0.268867 0.268556 0.271012 0.283477 0.293445 0.295658 0.291329 0.291247 0.296774 0.302830 0.302081 0.301357 0.307577 0.310699 0.312969 0.307946 0.303172 0.302266 0.310288 0.297135 0.283619 0.269645 0.271966 0.268137 0.263945 0.262664 0.261791 0.265641 0.264525 0.261651 0.259298 0.260737 0.259124 0.260693 0.261303 0.265241 0.268506 0.271818 0.271970 0.269767 -9999.0 -9999.0 -9999.0 -9999.0 -9999.0 -9999.0 -9999.0 -9999.0 -9999.0 -9999.0
-9999.0 -9999.0 -9999.0 -9999.0 -9999.0 -9999.0 0.257571 0.257310 0.257896 0.255211 0.256723 0.255329 0.256341 0.256581 0.257091 0.256742 0.258223 0.259295 0.261229 0.263798 0.266327 0.264238 0.264755 0.268346 0.275028 0.284718 0.289270 0.296135 0.315885 0.329591 0.335994 0.338755 0.348472 0.370000 0.370000 0.370000 0.370000 0.370000 0.370000 0.370000 0.370000 0.370000 0.370000 0.370000 0.370000 0.370000 0.370000 0.370000 0.370000 0.370000 0.370000 0.349747 0.324871 0.311038 0.292528 0.280487 0.275620 0.278783 0.274304 0.267771 0.264073 0.264626 0.264113 0.262445 0.263332 0.264762 0.267130 0.268732 0.267633 0.266311 0.265650 0.262941 0.263486 0.266161 -9999.0 -9999.0 -9999.0 -9999.0 -9999.0 -9999.0
-9999.0 -9999.0 -9999.0 -9999.0 0.254061 0.255143 0.251675 0.253477 0.254699 0.255478 0.254986 0.256417 0.256436 0.257252 0.259258 0.260314 0.262908 0.264466 0.270124 0.283561 0.296430 0.302741 0.305039 0.323483 0.363129 0.370000 0.370000 0.370000 0.370000 0.370000 0.370000 0.370000 0.370000 0.370000 0.370000 0.370000 0.370000 0.370000 0.370000 0.370000 0.370000 0.370000 0.370000 0.370000 0.370000 0.370000 0.370000 0.370000 0.370000 0.370000 0.370000 0.370000 0.370000 0.370000 0.370000 0.370000 0.364955 0.339685 0.317395 0.303740 0.287483 0.279340 0.274427 0.271913 0.267714 0.268891 0.270480 0.268456 0.265940 0.263514 0.263686 0.262674 0.261032 0.264742 0.265602 0.269223 -9999.0 -9999.0 -9999.0 -9999.0
-9999.0 -9999.0 0.254287 0.253976 0.256690 0.254579 0.253308 0.251538 0.251902 0.254257 0.258439 0.259304 0.261472 0.262265 0.268028 0.284463 0.300957 0.311404 0.332183 0.369999 0.370000 0.370000 0.370000 0.370000 0.370000 0.370000 0.370000 0.370000 0.370000 0.370000 0.370000 0.370000 0.370000 0.370000 0.370000 0.370000 0.370000 0.370000 0.370000 0.370000 0.370000 0.370000 0.370000 0.370000 0.370000 0.370000 0.370000 0.370000 0.370000 0.370000 0.370000 0.370000 0.370000 0.370000 0.370000 0.370000 0.370000 0.370000 0.370000 0.370000 0.370000 0.354360 0.323115 0.307034 0.289920 0.283999 0.276354 0.271906 0.267807 0.263618 0.262693 0.262277 0.263282 0.262495 0.264391 0.265564 0.267673 0.268316 -9999.0 -9999.0
-9999.0 0.253801 0.252323 0.256996 0.256917 0.257240 0.257639 0.257977 0.258844 0.256400 0.267140 0.287491 0.304935 0.309701 0.328199 0.369999 0.370000 0.370000 0.370000 0.370000 0.370000 0.370000 0.370000 0.370000 0.370000 0.370000 0.370000 0.370000 0.370000 0.370000 0.370000 0.370000 0.370000 0.370000 0.370000 0.370000 0.370000 0.370000 0.370000 0.370000 0.370000 0.370000 0.370000 0.370000 0.370000 0.370000 0.370000 0.370000 0.370000 0.370000 0.370000 0.370000 0.370000 0.370000 0.370000 0.370000 0.370000 0.370000 0.370000 0.370000 0.370000 0.370000 0.370000 0.370000 0.365665 0.320958 0.301892 0.286867 0.276157 0.272401 0.270258 0.264301 0.263187 0.265095 0.264302 0.264241 0.265045 0.265608 -9999.0 -9999.0
-9999.0 0.248584 0.253090 0.257375 0.261941 0.260512 0.279261 0.294430 0.297661 0.288802 0.319348 0.370000 0.370000 0.370000 0.370000 0.370000 0.370000 0.370000 0.370000 0.370000 0.370000 0.370000 0.370000 0.370000 0.370000 0.370000 0.370000 0.370000 0.370000 0.370000 0.370000 0.370000 0.370000 0.370000 0.370000 0.370000 0.370000 0.370000 0.370000 0.370000 0.370000 0.370000 0.370000 0.370000 0.370000 0.370000 0.370000 0.370000 0.370000 0.370000 0.370000 0.370000 0.370000 0.370000 0.370000 0.370000 0.370000 0.370000 0.370000 0.370000 0.370000 0.370000 0.370000 0.370000 0.370000 0.370000 0.370000 0.345583 0.317053 0.303635 0.288848 0.278732 0.270495 0.269645 0.265368 0.265536 -9999.0 -9999.0 -9999.0 -9999.0
-9999.0 0.248347 0.252597 0.260996 0.279163 0.304962 0.370000 0.370000 0.370000 0.370000 0.370000 0.370000 0.370000 0.370000 0.370000 0.370000 0.370000 0.370000 0.370000 0.370000 0.370000 0.370000 0.370000 0.370000 0.370000 0.370000 0.370000 0.370000 0.370000 0.370000 0.370000 0.370000 0.370000 0.370000 0.370000 0.353458 0.325235 0.323246 0.319162 0.310339 0.306214 0.302864 0.307335 0.306146 0.305642 0.307949 0.313701 0.317511 0.331323 0.353556 0.370000 0.370000 0.370000 0.370000 0.370000 0.370000 0.370000 0.370000 0.370000 0.370000 0.370000 0.370000 0.370000 0.370000 0.370000 0.370000 0.370000 0.370000 0.370000 0.370000 0.359670 0.322697 0.300317 0.281349 0.276272 -9999.0 -9999.0 -9999.0 -9999.0 -9999.0
-9999.0 0.241100 0.252902 0.259524 0.292916 0.369999 0.370000 0.370000 0.370000 0.370000 0.370000 0.370000 0.370000 0.370000 0.370000 0.370000 0.370000 0.370000 0.370000 0.370000 0.370000 0.370000 0.370000 0.370000 0.370000 0.370000 0.370000 0.370000 0.370000 0.370000 0.341953 0.330209 0.308644 0.293149 0.282975 0.273534 0.266480 0.266991 0.269982 0.267834 0.265555 0.262772 0.266030 0.267328 0.268734 0.266766 0.266885 0.270778 0.276981 0.282873 0.295475 0.309604 0.322211 0.347955 0.370000 0.370000 0.370000 0.370000 0.370000 0.370000 0.370000 0.370000 0.370000 0.370000 0.370000 0.370000 0.370000 0.370000 0.370000 0.370000 0.370000 0.370000 0.370000 -9999.0 -9999.0 -9999.0 -9999.0 -9999.0 -9999.0 -9999.0
-9999.0 0.237326 0.250244 0.251147 0.263547 0.288642 0.323586 0.369999 0.370000 0.370000 0.370000 0.370000 0.370000 0.370000 0.370000 0.370000 0.370000 0.370000 0.370000 0.370000 0.369243 0.351369 0.350574 0.346096 0.332280 0.325918 0.322498 0.315751 0.306295 0.293859 0.275264 0.267650 0.262344 0.260999 0.259881 0.258585 0.255199 0.257420 0.258926 0.258601 0.257536 0.256613 0.259221 0.259905 0.260670 0.258052 0.259652 0.260658 0.263317 0.265792 0.269445 0.275087 0.282682 0.287506 0.293157 0.302693 0.313963 0.338718 0.370000 0.370000 0.370000 0.370000 0.370000 0.370000 0.370000 0.370000 0.370000 0.370000 0.370000 0.370000 0.370000 -9999.0 -9999.0 -9999.0 -9999.0 -9999.0 -9999.0 -9999.0 -9999.0 -9999.0
-9999.0 -9999.0 0.234518 0.239531 0.243714 0.247660 0.253211 0.260608 0.266678 0.274508 0.285030 0.296218 0.302915 0.305997 0.301711 0.292463 0.287011 0.287642 0.286102 0.282503 0.274650 0.273231 0.272291 0.271669 0.269770 0.269046 0.268839 0.268321 0.266955 0.263181 0.260083 0.258056 0.255381 0.255963 0.255693 0.254702 0.255884 0.255608 0.255873 0.255679 0.255952 0.256433 0.256876 0.257586 0.257484 0.257685 0.257820 0.258469 0.259422 0.260588 0.263250 0.267365 0.270360 0.270910 0.268856 0.269373 0.271595 0.276846 0.297864 0.325247 0.370000 0.370000 0.370000 0.370000 0.370000 0.370000 0.370000 0.370000 0.370000 0.370000 -9999.0 -9999.0 -9999.0 -9999.0 -9999.0 -9999.0 -9999.0 -9999.0 -9999.0 -9999.0
-9999.0 -9999.0 -9999.0 -9999.0 0.232128 0.239361 0.246169 0.245174 0.249905 0.252402 0.254452 0.256930 0.258932 0.260354 0.258295 0.258126 0.257909 0.258335 0.257983 0.257517 0.257391 0.257172 0.256958 0.256531 0.256822 0.257352 0.257549 0.256801 0.257066 0.255705 0.255880 0.255240 0.254581 0.253609 0.253980 0.253923 0.254473 0.253915 0.254738 0.254168 0.254735 0.254907 0.255507 0.256571 0.255924 0.256536 0.256441 0.257161 0.257076 0.258797 0.261684 0.265011 0.267204 0.266950 0.263609 0.262431 0.261464 0.263308 0.266083 0.272750 0.292811 0.311807 0.338191 0.370000 0.370000 0.370000 0.370000 0.370000 -9999.0 -9999.0 -9999.0 -9999.0 -9999.0 -9999.0 -9999.0 -9999.0 -9999.0 -9999.0 -9999.0 -9999.0
-9999.0 -9999.0 -9999.0 -9999.0 -9999.0 -9999.0 0.235461 0.239151 0.237849 0.240562 0.242901 0.244590 0.247310 0.246771 0.247629 0.249976 0.249695 0.248645 0.247265 0.249357 0.250286 0.250547 0.248321 0.249029 0.249275 0.250129 0.250039 0.250505 0.248630 0.251081 0.252315 0.252027 0.251761 0.252326 0.251866 0.253367 0.253547 0.252367 0.251975 0.253620 0.254009 0.253657 0.253829 0.254777 0.256264 0.256387 0.255566 0.254357 0.255632 0.258684 0.261830 0.264413 0.266061 0.266788 0.264208 0.260481 0.258573 0.258068 0.259192 0.261335 0.267569 0.271531 0.274599 0.280506 0.287509 0.312933 -9999.0 -9999.0 -9999.0 -9999.0 -9999.0 -9999.0 -9999.0 -9999.0 -9999.0 -9999.0 -9999.0 -9999.0 -9999.0 -9999.0
-9999.0 -9999.0 -9999.0 -9999.0 -9999.0 -9999.0 -9999.0 -9999.0 -9999.0 -9999.0 -9999.0 -9999.0 -9999.0 -9999.0 -9999.0 -9999.0 -9999.0 -9999.0 -9999.0 -9999.0 -9999.0 -9999.0 -9999.0 -9999.0 -9999.0 -9999.0 -9999.0 -9999.0 -9999.0 -9999.0 -9999.0 -9999.0 -9999.0 -9999.0 -9999.0 -9999.0 -9999.0 -9999.0 -9999.0 -9999.0 -9999.0 -9999.0 -9999.0 -9999.0 -9999.0 -9999.0 -9999.0 -9999.0 -9999.0 -9999.0 -9999.0 -9999.0 -9999.0 -9999.0 -9999.0 -9999.0 -9999.0 -9999.0 -9999.0 -9999.0 -9999.0 -9999.0 -9999.0 -9999.0 -9999.0 -9999.0 -9999.0 -9999.0 -9999.0 -9999.0 -9999.0 -9999.0 -9999.0 -9999.0 -9999.0 -9999.0 -9999.0 -9999.0 -9999.0 -9999.0
-9999.0 -9999.0 -9999.0 -9999.0 -9999.0 -9999.0 -9999.0 -9999.0 -9999.0 -9999.0 -9999.0 -9999.0 -9999.0 -9999.0 -9999.0 -9999.0 -9999.0 -9999.0 -9999.0 -9999.0 -9999.0 -9999.0 -9999.0 -9999.0 -9999.0 -9999.0 -9999.0 -9999.0 -9999.0 -9999.0 -9999.0 -9999.0 -9999.0 -9999.0 -9999.0 -9999.0 -9999.0 -9999.0 -9999.0 -9999.0 -9999.0 -9999.0 -9999.0 -9999.0 -9999.0 -9999.0 -9999.0 -9999.0 -9999.0 -9999.0 -9999.0 -9999.0 -9999.0 -9999.0 -9999.0 -9999.0 -9999.0 -9999.0 -9999.0 -9999.0 -9999.0 -9999.0 -9999.0 -9999.0 -9999.0 -9999.0 -9999.0 -9999.0 -9999.0 -9999.0 -9999.0 -9999.0 -9999.0 -9999.0 -9999.0 -9999.0 -9999.0 -9999.0 -9999.0 -9999.0