Borden_/Borden1m_014/output_maps/thetaliqL0007N0019.asc
ncols         80
nrows         18
xllcorner     620200.000000
yllcorner     5168000.000000
cellsize      1.000000
NODATA_value  -9999.0
-9999.0 -9999.0 -9999.0 -9999.0 -9999.0 -9999.0 -9999.0 -9999.0 -9999.0 -9999.0 -9999.0 -9999.0 -9999.0 -9999.0 -9999.0 -9999.0 -9999.0 -9999.0 -9999.0 -9999.0 -9999.0 -9999.0 -9999.0 -9999.0 -9999.0 -9999.0 -9999.0 -9999.0 -9999.0 -9999.0 -9999.0 -9999.0 -9999.0 -9999.0 -9999.0 -9999.0 -9999.0 -9999.0 -9999.0 -9999.0 -9999.0 -9999.0 -9999.0 -9999.0 -9999.0 -9999.0 -9999.0 -9999.0 -9999.0 -9999.0 -9999.0 -9999.0 -9999.0 -9999.0 -9999.0 -9999.0 -9999.0 -9999.0 -9999.0 -9999.0 -9999.0 -9999.0 -9999.0 -9999.0 -9999.0 -9999.0 -9999.0 -9999.0 -9999.0 -9999.0 -9999.0 -9999.0 -9999.0 -9999.0 -9999.0 -9999.0 -9999.0 -9999.0 -9999.0 -9999.0
-9999.0 -9999.0 -9999.0 -9999.0 -9999.0 -9999.0 -9999.0 -9999.0 -9999.0 -9999.0 -9999.0 -9999.0 -9999.0 -9999.0 -9999.0 -9999.0 -9999.0 -9999.0 -9999.0 -9999.0 -9999.0 -9999.0 -9999.0 -9999.0 -9999.0 -9999.0 -9999.0 -9999.0 -9999.0 -9999.0 -9999.0 -9999.0 -9999.0 -9999.0 -9999.0 -9999.0 -9999.0 -9999.0 -9999.0 -9999.0 -9999.0 -9999.0 -9999.0 -9999.0 -9999.0 -9999.0 -9999.0 -9999.0 -9999.0 -9999.0 -9999.0 -9999.0 -9999.0 -9999.0 -9999.0 -9999.0 -9999.0 -9999.0 -9999.0 -9999.0 -9999.0 -9999.0 -9999.0 -9999.0 -9999.0 -9999.0 -9999.0 -9999.0 -9999.0 -9999.0 -9999.0 -9999.0 -9999.0 -9999.0 -9999.0 -9999.0 -9999.0 -9999.0 -9999.0 -9999.0
-9999.0 -9999.0 -9999.0 -9999.0 -9999.0 -9999.0 -9999.0 -9999.0 -9999.0 -9999.0 -9999.0 -9999.0 -9999.0 -9999.0 -9999.0 -9999.0 -9999.0 -9999.0 -9999.0 -9999.0 0.280244 0.282584 0.264367 0.236530 0.213834 0.214971 0.242502 0.275326 0.303192 0.310166 0.297554 0.298328 0.294459 0.294420 0.296672 0.300864 0.302588 0.310470 0.315925 0.315756 0.311751 0.307846 0.306789 0.309204 0.312456 0.306813 0.315676 0.324932 0.328597 0.325826 0.309071 0.298132 0.292436 0.281809 0.300270 0.309197 0.323625 0.326231 0.325768 0.309484 0.288271 -9999.0 -9999.0 -9999.0 -9999.0 -9999.0 -9999.0 -9999.0 -9999.0 -9999.0 -9999.0 -9999.0 -9999.0 -9999.0 -9999.0 -9999.0 -9999.0 -9999.0 -9999.0 -9999.0
-9999.0 -9999.0 -9999.0 -9999.0 -9999.0 -9999.0 -9999.0 -9999.0 -9999.0 -9999.0 -9999.0 -9999.0 -9999.0 -9999.0 0.209116 0.201294 0.198780 0.204703 0.230500 0.254434 0.264601 0.258178 0.257809 0.238318 0.221909 0.232777 0.256138 0.280797 0.305502 0.318630 0.310301 0.308358 0.315392 0.331770 0.339200 0.338067 0.327203 0.338600 0.345478 0.349008 0.348626 0.345430 0.350701 0.355493 0.353699 0.348037 0.349126 0.352844 0.356826 0.352620 0.324128 0.310636 0.308798 0.304607 0.295581 0.290997 0.308760 0.309765 0.304525 0.292054 0.267439 0.231997 0.218289 0.249393 0.285254 0.324547 -9999.0 -9999.0 -9999.0 -9999.0 -9999.0 -9999.0 -9999.0 -9999.0 -9999.0 -9999.0 -9999.0 -9999.0 -9999.0 -9999.0
-9999.0 -9999.0 -9999.0 -9999.0 -9999.0 -9999.0 -9999.0 -9999.0 -9999.0 0.171019 0.172942 0.177102 0.177876 0.187880 0.186519 0.190900 0.196187 0.214967 0.239094 0.267165 0.289431 0.281323 0.281170 0.290406 0.295793 0.305096 0.318561 0.339925 0.354982 0.363522 0.358764 0.358590 0.362843 0.368045 0.369445 0.369631 0.369274 0.369340 0.369746 0.369923 0.369925 0.369920 0.369983 0.369994 0.369997 0.369984 0.369942 0.369933 0.369987 0.369763 0.367890 0.361558 0.360748 0.352751 0.336485 0.324321 0.322397 0.334412 0.326558 0.303298 0.276349 0.269422 0.256556 0.270037 0.288190 0.320584 0.340397 0.351054 0.351312 0.345598 -9999.0 -9999.0 -9999.0 -9999.0 -9999.0 -9999.0 -9999.0 -9999.0 -9999.0 -9999.0
-9999.0 -9999.0 -9999.0 -9999.0 -9999.0 -9999.0 0.132280 0.135632 0.144030 0.146516 0.158553 0.162423 0.174205 0.186342 0.200105 0.212291 0.236196 0.262012 0.294134 0.323525 0.340154 0.338338 0.342795 0.355201 0.364692 0.367814 0.368931 0.369740 0.369999 0.370000 0.370000 0.370000 0.370000 0.370000 0.370000 0.370000 0.370000 0.370000 0.370000 0.370000 0.370000 0.370000 0.370000 0.370000 0.370000 0.370000 0.370000 0.370000 0.370000 0.370000 0.370000 0.370000 0.370000 0.369994 0.369428 0.366745 0.366263 0.367090 0.363477 0.351513 0.334084 0.328450 0.320187 0.311456 0.315172 0.326987 0.338932 0.343953 0.339135 0.329615 0.316764 0.297878 0.299352 0.316499 -9999.0 -9999.0 -9999.0 -9999.0 -9999.0 -9999.0
-9999.0 -9999.0 -9999.0 -9999.0 0.115576 0.119150 0.115572 0.122635 0.134125 0.148529 0.165443 0.188568 0.207326 0.229669 0.263137 0.293115 0.322370 0.340433 0.359091 0.368053 0.369681 0.369914 0.369973 0.370000 0.370000 0.370000 0.370000 0.370000 0.370000 0.370000 0.370000 0.370000 0.370000 0.370000 0.370000 0.370000 0.370000 0.370000 0.370000 0.370000 0.370000 0.370000 0.370000 0.370000 0.370000 0.370000 0.370000 0.370000 0.370000 0.370000 0.370000 0.370000 0.370000 0.370000 0.370000 0.370000 0.370000 0.370000 0.370000 0.369946 0.369010 0.367680 0.364299 0.359684 0.351669 0.351739 0.352658 0.346412 0.333822 0.316608 0.307467 0.294874 0.287865 0.309392 0.320702 0.337110 -9999.0 -9999.0 -9999.0 -9999.0
-9999.0 -9999.0 0.101729 0.113493 0.131680 0.134815 0.135532 0.137181 0.148925 0.176675 0.233808 0.276375 0.309388 0.327728 0.353602 0.367713 0.369847 0.369996 0.370000 0.370000 0.370000 0.370000 0.370000 0.370000 0.370000 0.370000 0.370000 0.370000 0.370000 0.370000 0.370000 0.370000 0.370000 0.370000 0.370000 0.370000 0.370000 0.370000 0.370000 0.370000 0.370000 0.370000 0.370000 0.370000 0.370000 0.370000 0.370000 0.370000 0.370000 0.370000 0.370000 0.370000 0.370000 0.370000 0.370000 0.370000 0.370000 0.370000 0.370000 0.370000 0.370000 0.370000 0.370000 0.369987 0.369663 0.368723 0.365520 0.359472 0.347216 0.327380 0.314173 0.302449 0.301494 0.302505 0.313569 0.323313 0.331779 0.335664 -9999.0 -9999.0
-9999.0 0.087184 0.097062 0.130598 0.168356 0.197155 0.227869 0.251255 0.269810 0.280055 0.345955 0.367695 0.369911 0.369990 0.370000 0.370000 0.370000 0.370000 0.370000 0.370000 0.370000 0.370000 0.370000 0.370000 0.370000 0.370000 0.370000 0.370000 0.370000 0.370000 0.370000 0.370000 0.370000 0.370000 0.370000 0.370000 0.370000 0.370000 0.370000 0.370000 0.370000 0.370000 0.370000 0.370000 0.370000 0.370000 0.370000 0.370000 0.370000 0.370000 0.370000 0.370000 0.370000 0.370000 0.370000 0.370000 0.370000 0.370000 0.370000 0.370000 0.370000 0.370000 0.370000 0.370000 0.370000 0.370000 0.369967 0.369392 0.365993 0.360639 0.353430 0.333373 0.320997 0.322401 0.317257 0.316069 0.320369 0.324209 -9999.0 -9999.0
-9999.0 0.081069 0.097284 0.157954 0.262531 0.309066 0.361250 0.368882 0.369534 0.369045 0.369999 0.370000 0.370000 0.370000 0.370000 0.370000 0.370000 0.370000 0.370000 0.370000 0.370000 0.370000 0.370000 0.370000 0.370000 0.370000 0.370000 0.370000 0.370000 0.370000 0.370000 0.370000 0.370000 0.370000 0.370000 0.370000 0.370000 0.370000 0.370000 0.370000 0.370000 0.370000 0.370000 0.370000 0.370000 0.370000 0.370000 0.370000 0.370000 0.370000 0.370000 0.370000 0.370000 0.370000 0.370000 0.370000 0.370000 0.370000 0.370000 0.370000 0.370000 0.370000 0.370000 0.370000 0.370000 0.370000 0.370000 0.370000 0.370000 0.369952 0.369447 0.366601 0.357732 0.349920 0.334255 0.323302 -9999.0 -9999.0 -9999.0 -9999.0
-9999.0 0.077348 0.094950 0.200376 0.358585 0.369773 0.370000 0.370000 0.370000 0.370000 0.370000 0.370000 0.370000 0.370000 0.370000 0.370000 0.370000 0.370000 0.370000 0.370000 0.370000 0.370000 0.370000 0.370000 0.370000 0.370000 0.370000 0.370000 0.370000 0.370000 0.370000 0.370000 0.370000 0.370000 0.370000 0.370000 0.370000 0.370000 0.370000 0.369991 0.369963 0.369916 0.369969 0.369966 0.369966 0.369981 0.369997 0.370000 0.370000 0.370000 0.370000 0.370000 0.370000 0.370000 0.370000 0.370000 0.370000 0.370000 0.370000 0.370000 0.370000 0.370000 0.370000 0.370000 0.370000 0.370000 0.370000 0.370000 0.370000 0.370000 0.370000 0.370000 0.369908 0.366727 0.361665 -9999.0 -9999.0 -9999.0 -9999.0 -9999.0
-9999.0 0.072315 0.085765 0.172179 0.365228 0.370000 0.370000 0.370000 0.370000 0.370000 0.370000 0.370000 0.370000 0.370000 0.370000 0.370000 0.370000 0.370000 0.370000 0.370000 0.370000 0.370000 0.370000 0.370000 0.370000 0.370000 0.370000 0.370000 0.370000 0.370000 0.370000 0.370000 0.369980 0.369400 0.367532 0.362127 0.347878 0.346853 0.351866 0.346043 0.336714 0.327143 0.339617 0.345674 0.349398 0.346026 0.349178 0.358673 0.366063 0.368791 0.369811 0.369995 0.370000 0.370000 0.370000 0.370000 0.370000 0.370000 0.370000 0.370000 0.370000 0.370000 0.370000 0.370000 0.370000 0.370000 0.370000 0.370000 0.370000 0.370000 0.370000 0.370000 0.370000 -9999.0 -9999.0 -9999.0 -9999.0 -9999.0 -9999.0 -9999.0
-9999.0 0.070095 0.075212 0.096623 0.235026 0.363747 0.369997 0.370000 0.370000 0.370000 0.370000 0.370000 0.370000 0.370000 0.370000 0.370000 0.370000 0.370000 0.370000 0.370000 0.370000 0.370000 0.370000 0.370000 0.370000 0.370000 0.370000 0.369999 0.369959 0.369454 0.364415 0.348942 0.319146 0.294797 0.271435 0.244574 0.213458 0.221955 0.234016 0.230194 0.220112 0.216302 0.239786 0.254429 0.262382 0.251134 0.265613 0.286385 0.315231 0.337482 0.354470 0.364498 0.368501 0.369483 0.369758 0.369954 0.370000 0.370000 0.370000 0.370000 0.370000 0.370000 0.370000 0.370000 0.370000 0.370000 0.370000 0.370000 0.370000 0.370000 0.370000 -9999.0 -9999.0 -9999.0 -9999.0 -9999.0 -9999.0 -9999.0 -9999.0 -9999.0
-9999.0 -9999.0 0.070064 0.073744 0.081679 0.107486 0.163409 0.235323 0.292189 0.343778 0.364919 0.369191 0.369806 0.369906 0.369780 0.369043 0.367971 0.367972 0.367452 0.366323 0.363329 0.361438 0.359451 0.357448 0.353362 0.350791 0.348942 0.344859 0.334917 0.307556 0.267322 0.225353 0.185468 0.169918 0.157623 0.146166 0.144387 0.143871 0.147267 0.147819 0.150244 0.156117 0.167760 0.180779 0.186811 0.191163 0.199817 0.217168 0.243055 0.275222 0.312283 0.341259 0.353955 0.356823 0.354406 0.356062 0.361051 0.366971 0.369868 0.370000 0.370000 0.370000 0.370000 0.370000 0.370000 0.370000 0.370000 0.370000 0.370000 0.370000 -9999.0 -9999.0 -9999.0 -9999.0 -9999.0 -9999.0 -9999.0 -9999.0 -9999.0 -9999.0
-9999.0 -9999.0 -9999.0 -9999.0 0.070725 0.074199 0.078038 0.083511 0.098017 0.123725 0.163101 0.211659 0.251080 0.269116 0.258586 0.252124 0.244725 0.242198 0.235493 0.230371 0.225276 0.219297 0.211354 0.205856 0.205241 0.207776 0.206559 0.197426 0.187030 0.169388 0.155705 0.138951 0.124642 0.115546 0.112030 0.110207 0.110336 0.109066 0.111553 0.113181 0.117399 0.122262 0.130826 0.142551 0.148255 0.155284 0.160401 0.172406 0.191619 0.230650 0.279738 0.317940 0.335310 0.336190 0.321372 0.310415 0.307241 0.323938 0.346276 0.363805 0.369710 0.369999 0.370000 0.370000 0.370000 0.370000 0.370000 0.370000 -9999.0 -9999.0 -9999.0 -9999.0 -9999.0 -9999.0 -9999.0 -9999.0 -9999.0 -9999.0 -9999.0 -9999.0
-9999.0 -9999.0 -9999.0 -9999.0 -9999.0 -9999.0 0.069974 0.071275 0.073192 0.077511 0.084947 0.095858 0.110408 0.116600 0.121240 0.128542 0.126677 0.121115 0.116299 0.121233 0.124120 0.122649 0.114563 0.114147 0.115074 0.117912 0.117679 0.115991 0.109453 0.111377 0.110942 0.105503 0.100206 0.097620 0.095732 0.097420 0.097601 0.095577 0.096045 0.100624 0.104621 0.107690 0.113479 0.123579 0.135474 0.141433 0.141718 0.144439 0.166120 0.213298 0.268449 0.307077 0.324999 0.328127 0.309942 0.278647 0.259545 0.262900 0.287978 0.322508 0.354592 0.364227 0.367560 0.368884 0.369634 0.370000 -9999.0 -9999.0 -9999.0 -9999.0 -9999.0 -9999.0 -9999.0 -9999.0 -9999.0 -9999.0 -9999.0 -9999.0 -9999.0 -9999.0
-9999.0 -9999.0 -9999.0 -9999.0 -9999.0 -9999.0 -9999.0 -9999.0 -9999.0 -9999.0 -9999.0 -9999.0 -9999.0 -9999.0 -9999.0 -9999.0 -9999.0 -9999.0 -9999.0 -9999.0 -9999.0 -9999.0 -9999.0 -9999.0 -9999.0 -9999.0 -9999.0 -9999.0 -9999.0 -9999.0 -9999.0 -9999.0 -9999.0 -9999.0 -9999.0 -9999.0 -9999.0 -9999.0 -9999.0 -9999.0 -9999.0 -9999.0 -9999.0 -9999.0 -9999.0 -9999.0 -9999.0 -9999.0 -9999.0 -9999.0 -9999.0 -9999.0 -9999.0 -9999.0 -9999.0 -9999.0 -9999.0 -9999.0 -9999.0 -9999.0 -9999.0 -9999.0 -9999.0 -9999.0 -9999.0 -9999.0 -9999.0 -9999.0 -9999.0 -9999.0 -9999.0 -9999.0 -9999.0 -9999.0 -9999.0 -9999.0 -9999.0 -9999.0 -9999.0 -9999.0
-9999.0 -9999.0 -9999.0 -9999.0 -9999.0 -9999.0 -9999.0 -9999.0 -9999.0 -9999.0 -9999.0 -9999.0 -9999.0 -9999.0 -9999.0 -9999.0 -9999.0 -9999.0 -9999.0 -9999.0 -9999.0 -9999.0 -9999.0 -9999.0 -9999.0 -9999.0 -9999.0 -9999.0 -9999.0 -9999.0 -9999.0 -9999.0 -9999.0 -9999.0 -9999.0 -9999.0 -9999.0 -9999.0 -9999.0 -9999.0 -9999.0 -9999.0 -9999.0 -9999.0 -9999.0 -9999.0 -9999.0 -9999.0 -9999.0 -9999.0 -9999.0 -9999.0 -9999.0 -9999.0 -9999.0 -9999.0 -9999.0 -9999.0 -9999.0 -9999.0 -9999.0 -9999.0 -9999.0 -9999.0 -9999.0 -9999.0 -9999.0 -9999.0 -9999.0 -9999.0 -9999.0 -9999.0 -9999.0 -9999.0 -9999.0 -9999.0 -9999.0 -9999.0 -9999.0 -9999.0