Borden_/Borden1m_014/output_maps/thetaliqL0007N0034.asc
ncols         80
nrows         18
xllcorner     620200.000000
yllcorner     5168000.000000
cellsize      1.000000
NODATA_value  -9999.0
-9999.0 -9999.0 -9999.0 -9999.0 -9999.0 -9999.0 -9999.0 -9999.0 -9999.0 -9999.0 -9999.0 -9999.0 -9999.0 -9999.0 -9999.0 -9999.0 -9999.0 -9999.0 -9999.0 -9999.0 -9999.0 -9999.0 -9999.0 -9999.0 -9999.0 -9999.0 -9999.0 -9999.0 -9999.0 -9999.0 -9999.0 -9999.0 -9999.0 -9999.0 -9999.0 -9999.0 -9999.0 -9999.0 -9999.0 -9999.0 -9999.0 -9999.0 -9999.0 -9999.0 -9999.0 -9999.0 -9999.0 -9999.0 -9999.0 -9999.0 -9999.0 -9999.0 -9999.0 -9999.0 -9999.0 -9999.0 -9999.0 -9999.0 -9999.0 -9999.0 -9999.0 -9999.0 -9999.0 -9999.0 -9999.0 -9999.0 -9999.0 -9999.0 -9999.0 -9999.0 -9999.0 -9999.0 -9999.0 -9999.0 -9999.0 -9999.0 -9999.0 -9999.0 -9999.0 -9999.0
-9999.0 -9999.0 -9999.0 -9999.0 -9999.0 -9999.0 -9999.0 -9999.0 -9999.0 -9999.0 -9999.0 -9999.0 -9999.0 -9999.0 -9999.0 -9999.0 -9999.0 -9999.0 -9999.0 -9999.0 -9999.0 -9999.0 -9999.0 -9999.0 -9999.0 -9999.0 -9999.0 -9999.0 -9999.0 -9999.0 -9999.0 -9999.0 -9999.0 -9999.0 -9999.0 -9999.0 -9999.0 -9999.0 -9999.0 -9999.0 -9999.0 -9999.0 -9999.0 -9999.0 -9999.0 -9999.0 -9999.0 -9999.0 -9999.0 -9999.0 -9999.0 -9999.0 -9999.0 -9999.0 -9999.0 -9999.0 -9999.0 -9999.0 -9999.0 -9999.0 -9999.0 -9999.0 -9999.0 -9999.0 -9999.0 -9999.0 -9999.0 -9999.0 -9999.0 -9999.0 -9999.0 -9999.0 -9999.0 -9999.0 -9999.0 -9999.0 -9999.0 -9999.0 -9999.0 -9999.0
-9999.0 -9999.0 -9999.0 -9999.0 -9999.0 -9999.0 -9999.0 -9999.0 -9999.0 -9999.0 -9999.0 -9999.0 -9999.0 -9999.0 -9999.0 -9999.0 -9999.0 -9999.0 -9999.0 -9999.0 0.281526 0.283901 0.265797 0.238011 0.215277 0.216557 0.244418 0.277410 0.305254 0.312311 0.300012 0.300890 0.297199 0.297307 0.299648 0.303831 0.305537 0.313332 0.318774 0.318758 0.314986 0.311275 0.310377 0.312821 0.315954 0.310332 0.318818 0.327681 0.331128 0.328243 0.311646 0.300647 0.294798 0.284054 0.302140 0.310821 0.324948 0.327430 0.326885 0.310687 0.289542 -9999.0 -9999.0 -9999.0 -9999.0 -9999.0 -9999.0 -9999.0 -9999.0 -9999.0 -9999.0 -9999.0 -9999.0 -9999.0 -9999.0 -9999.0 -9999.0 -9999.0 -9999.0 -9999.0
-9999.0 -9999.0 -9999.0 -9999.0 -9999.0 -9999.0 -9999.0 -9999.0 -9999.0 -9999.0 -9999.0 -9999.0 -9999.0 -9999.0 0.209938 0.202122 0.199676 0.205767 0.231877 0.256004 0.266214 0.259894 0.259649 0.240297 0.223987 0.235143 0.258807 0.283695 0.308508 0.321709 0.313811 0.312098 0.319122 0.334975 0.342187 0.341267 0.330988 0.341708 0.348347 0.351913 0.351825 0.349142 0.354097 0.358392 0.356846 0.351671 0.352254 0.355399 0.358909 0.354752 0.327660 0.314224 0.312030 0.307486 0.298201 0.293395 0.310733 0.311591 0.306242 0.293700 0.269053 0.233512 0.219603 0.250691 0.286391 0.325379 -9999.0 -9999.0 -9999.0 -9999.0 -9999.0 -9999.0 -9999.0 -9999.0 -9999.0 -9999.0 -9999.0 -9999.0 -9999.0 -9999.0
-9999.0 -9999.0 -9999.0 -9999.0 -9999.0 -9999.0 -9999.0 -9999.0 -9999.0 0.171401 0.173374 0.177621 0.178474 0.188639 0.187330 0.191854 0.197343 0.216504 0.241040 0.269398 0.291773 0.283987 0.284159 0.293746 0.299520 0.308983 0.322427 0.343282 0.357682 0.365159 0.361334 0.361192 0.364484 0.368695 0.369734 0.369848 0.369633 0.369680 0.369917 0.369986 0.369990 0.369991 0.369999 0.370000 0.370000 0.369999 0.369992 0.369988 0.369998 0.369918 0.368562 0.363230 0.362642 0.355417 0.339712 0.327584 0.325515 0.336829 0.328939 0.305802 0.278764 0.271586 0.258498 0.271709 0.289590 0.321593 0.341099 0.351557 0.351758 0.346047 -9999.0 -9999.0 -9999.0 -9999.0 -9999.0 -9999.0 -9999.0 -9999.0 -9999.0 -9999.0
-9999.0 -9999.0 -9999.0 -9999.0 -9999.0 -9999.0 0.132399 0.135783 0.144256 0.146791 0.158972 0.162960 0.174974 0.187399 0.201533 0.214161 0.238675 0.265055 0.297542 0.326740 0.343066 0.341970 0.346709 0.358056 0.365798 0.368456 0.369387 0.369914 0.370000 0.370000 0.370000 0.370000 0.370000 0.370000 0.370000 0.370000 0.370000 0.370000 0.370000 0.370000 0.370000 0.370000 0.370000 0.370000 0.370000 0.370000 0.370000 0.370000 0.370000 0.370000 0.370000 0.370000 0.370000 0.369999 0.369736 0.367521 0.367108 0.367900 0.364888 0.353959 0.337047 0.331192 0.322775 0.313795 0.317021 0.328331 0.339850 0.344635 0.339755 0.330212 0.317342 0.298432 0.299819 0.316874 -9999.0 -9999.0 -9999.0 -9999.0 -9999.0 -9999.0
-9999.0 -9999.0 -9999.0 -9999.0 0.115619 0.119215 0.115635 0.122751 0.134354 0.148957 0.166217 0.189915 0.209295 0.232347 0.266634 0.297301 0.326963 0.344830 0.361397 0.368734 0.369882 0.369984 0.369997 0.370000 0.370000 0.370000 0.370000 0.370000 0.370000 0.370000 0.370000 0.370000 0.370000 0.370000 0.370000 0.370000 0.370000 0.370000 0.370000 0.370000 0.370000 0.370000 0.370000 0.370000 0.370000 0.370000 0.370000 0.370000 0.370000 0.370000 0.370000 0.370000 0.370000 0.370000 0.370000 0.370000 0.370000 0.370000 0.370000 0.369988 0.369428 0.368324 0.365510 0.361302 0.353529 0.353148 0.353658 0.347330 0.334739 0.317496 0.308230 0.295546 0.288431 0.309806 0.321029 0.337366 -9999.0 -9999.0 -9999.0 -9999.0
-9999.0 -9999.0 0.101737 0.113524 0.131794 0.135001 0.135805 0.137575 0.149609 0.178067 0.236706 0.280533 0.314406 0.332991 0.356866 0.368573 0.369970 0.370000 0.370000 0.370000 0.370000 0.370000 0.370000 0.370000 0.370000 0.370000 0.370000 0.370000 0.370000 0.370000 0.370000 0.370000 0.370000 0.370000 0.370000 0.370000 0.370000 0.370000 0.370000 0.370000 0.370000 0.370000 0.370000 0.370000 0.370000 0.370000 0.370000 0.370000 0.370000 0.370000 0.370000 0.370000 0.370000 0.370000 0.370000 0.370000 0.370000 0.370000 0.370000 0.370000 0.370000 0.370000 0.370000 0.369998 0.369859 0.369222 0.366382 0.360447 0.348325 0.328624 0.315269 0.303372 0.302203 0.303040 0.313954 0.323604 0.332004 0.335858 -9999.0 -9999.0
-9999.0 0.087184 0.097067 0.130694 0.168807 0.198292 0.230210 0.254706 0.274158 0.285116 0.349861 0.368658 0.369986 0.369999 0.370000 0.370000 0.370000 0.370000 0.370000 0.370000 0.370000 0.370000 0.370000 0.370000 0.370000 0.370000 0.370000 0.370000 0.370000 0.370000 0.370000 0.370000 0.370000 0.370000 0.370000 0.370000 0.370000 0.370000 0.370000 0.370000 0.370000 0.370000 0.370000 0.370000 0.370000 0.370000 0.370000 0.370000 0.370000 0.370000 0.370000 0.370000 0.370000 0.370000 0.370000 0.370000 0.370000 0.370000 0.370000 0.370000 0.370000 0.370000 0.370000 0.370000 0.370000 0.370000 0.369991 0.369652 0.366687 0.361462 0.354282 0.334560 0.322005 0.323048 0.317735 0.316420 0.320620 0.324418 -9999.0 -9999.0
-9999.0 0.081069 0.097290 0.158264 0.264016 0.312007 0.361850 0.369299 0.369821 0.369570 0.370000 0.370000 0.370000 0.370000 0.370000 0.370000 0.370000 0.370000 0.370000 0.370000 0.370000 0.370000 0.370000 0.370000 0.370000 0.370000 0.370000 0.370000 0.370000 0.370000 0.370000 0.370000 0.370000 0.370000 0.370000 0.370000 0.370000 0.370000 0.370000 0.370000 0.370000 0.370000 0.370000 0.370000 0.370000 0.370000 0.370000 0.370000 0.370000 0.370000 0.370000 0.370000 0.370000 0.370000 0.370000 0.370000 0.370000 0.370000 0.370000 0.370000 0.370000 0.370000 0.370000 0.370000 0.370000 0.370000 0.370000 0.370000 0.370000 0.369976 0.369621 0.367099 0.358589 0.350550 0.334816 0.323720 -9999.0 -9999.0 -9999.0 -9999.0
-9999.0 0.077348 0.094956 0.201255 0.359459 0.369863 0.370000 0.370000 0.370000 0.370000 0.370000 0.370000 0.370000 0.370000 0.370000 0.370000 0.370000 0.370000 0.370000 0.370000 0.370000 0.370000 0.370000 0.370000 0.370000 0.370000 0.370000 0.370000 0.370000 0.370000 0.370000 0.370000 0.370000 0.370000 0.370000 0.370000 0.370000 0.370000 0.370000 0.369999 0.369994 0.369983 0.369995 0.369995 0.369995 0.369998 0.370000 0.370000 0.370000 0.370000 0.370000 0.370000 0.370000 0.370000 0.370000 0.370000 0.370000 0.370000 0.370000 0.370000 0.370000 0.370000 0.370000 0.370000 0.370000 0.370000 0.370000 0.370000 0.370000 0.370000 0.370000 0.370000 0.369952 0.367203 0.362072 -9999.0 -9999.0 -9999.0 -9999.0 -9999.0
-9999.0 0.072315 0.085767 0.173038 0.365618 0.370000 0.370000 0.370000 0.370000 0.370000 0.370000 0.370000 0.370000 0.370000 0.370000 0.370000 0.370000 0.370000 0.370000 0.370000 0.370000 0.370000 0.370000 0.370000 0.370000 0.370000 0.370000 0.370000 0.370000 0.370000 0.370000 0.370000 0.369997 0.369722 0.368264 0.363689 0.351842 0.350661 0.354817 0.349305 0.340419 0.331255 0.343015 0.348624 0.352075 0.349185 0.352307 0.360841 0.367120 0.369289 0.369939 0.369999 0.370000 0.370000 0.370000 0.370000 0.370000 0.370000 0.370000 0.370000 0.370000 0.370000 0.370000 0.370000 0.370000 0.370000 0.370000 0.370000 0.370000 0.370000 0.370000 0.370000 0.370000 -9999.0 -9999.0 -9999.0 -9999.0 -9999.0 -9999.0 -9999.0
-9999.0 0.070095 0.075212 0.096643 0.237358 0.364533 0.369998 0.370000 0.370000 0.370000 0.370000 0.370000 0.370000 0.370000 0.370000 0.370000 0.370000 0.370000 0.370000 0.370000 0.370000 0.370000 0.370000 0.370000 0.370000 0.370000 0.370000 0.370000 0.369992 0.369740 0.365689 0.352334 0.324253 0.299516 0.275802 0.248480 0.216541 0.224852 0.236845 0.232808 0.222506 0.218595 0.242274 0.256996 0.265011 0.253903 0.268559 0.289531 0.318307 0.340163 0.356452 0.365753 0.369108 0.369767 0.369917 0.369992 0.370000 0.370000 0.370000 0.370000 0.370000 0.370000 0.370000 0.370000 0.370000 0.370000 0.370000 0.370000 0.370000 0.370000 0.370000 -9999.0 -9999.0 -9999.0 -9999.0 -9999.0 -9999.0 -9999.0 -9999.0 -9999.0
-9999.0 -9999.0 0.070064 0.073744 0.081690 0.107952 0.166273 0.242310 0.299799 0.346329 0.365609 0.369545 0.369934 0.369976 0.369924 0.369451 0.368555 0.368536 0.368066 0.367030 0.364365 0.362910 0.361351 0.359785 0.356410 0.354102 0.352293 0.348313 0.338550 0.311574 0.271186 0.228446 0.187390 0.171231 0.158538 0.146785 0.144907 0.144351 0.147771 0.148312 0.150753 0.156692 0.168490 0.181685 0.187820 0.192263 0.201096 0.218758 0.245026 0.277488 0.314537 0.343085 0.355460 0.358363 0.356375 0.358227 0.362924 0.367947 0.369961 0.370000 0.370000 0.370000 0.370000 0.370000 0.370000 0.370000 0.370000 0.370000 0.370000 0.370000 -9999.0 -9999.0 -9999.0 -9999.0 -9999.0 -9999.0 -9999.0 -9999.0 -9999.0 -9999.0
-9999.0 -9999.0 -9999.0 -9999.0 0.070725 0.074199 0.078041 0.083550 0.098206 0.124489 0.165251 0.215667 0.256022 0.274303 0.263808 0.257080 0.249552 0.246985 0.240175 0.234881 0.229517 0.223244 0.214954 0.209148 0.208294 0.210683 0.209254 0.199735 0.188880 0.170661 0.156545 0.139415 0.124871 0.115667 0.112113 0.110272 0.110396 0.109117 0.111612 0.113247 0.117485 0.122376 0.130997 0.142813 0.148574 0.155678 0.160870 0.173043 0.192550 0.232047 0.281380 0.319498 0.336753 0.337801 0.323610 0.313259 0.310715 0.327631 0.349501 0.365353 0.369895 0.370000 0.370000 0.370000 0.370000 0.370000 0.370000 0.370000 -9999.0 -9999.0 -9999.0 -9999.0 -9999.0 -9999.0 -9999.0 -9999.0 -9999.0 -9999.0 -9999.0 -9999.0
-9999.0 -9999.0 -9999.0 -9999.0 -9999.0 -9999.0 0.069974 0.071275 0.073192 0.077512 0.084951 0.095898 0.110597 0.116916 0.121650 0.129103 0.127191 0.121504 0.116586 0.121592 0.124516 0.122997 0.114771 0.114338 0.115270 0.118135 0.117887 0.116164 0.109553 0.111480 0.111031 0.105552 0.100229 0.097635 0.095742 0.097431 0.097612 0.095585 0.096053 0.100639 0.104644 0.107721 0.113530 0.123675 0.135640 0.141644 0.141947 0.144712 0.166619 0.214292 0.269758 0.308392 0.326278 0.329500 0.311768 0.281044 0.262408 0.266313 0.291956 0.326524 0.356992 0.365701 0.368379 0.369348 0.369844 0.370000 -9999.0 -9999.0 -9999.0 -9999.0 -9999.0 -9999.0 -9999.0 -9999.0 -9999.0 -9999.0 -9999.0 -9999.0 -9999.0 -9999.0
-9999.0 -9999.0 -9999.0 -9999.0 -9999.0 -9999.0 -9999.0 -9999.0 -9999.0 -9999.0 -9999.0 -9999.0 -9999.0 -9999.0 -9999.0 -9999.0 -9999.0 -9999.0 -9999.0 -9999.0 -9999.0 -9999.0 -9999.0 -9999.0 -9999.0 -9999.0 -9999.0 -9999.0 -9999.0 -9999.0 -9999.0 -9999.0 -9999.0 -9999.0 -9999.0 -9999.0 -9999.0 -9999.0 -9999.0 -9999.0 -9999.0 -9999.0 -9999.0 -9999.0 -9999.0 -9999.0 -9999.0 -9999.0 -9999.0 -9999.0 -9999.0 -9999.0 -9999.0 -9999.0 -9999.0 -9999.0 -9999.0 -9999.0 -9999.0 -9999.0 -9999.0 -9999.0 -9999.0 -9999.0 -9999.0 -9999.0 -9999.0 -9999.0 -9999.0 -9999.0 -9999.0 -9999.0 -9999.0 -9999.0 -9999.0 -9999.0 -9999.0 -9999.0 -9999.0 -9999.0
-9999.0 -9999.0 -9999.0 -9999.0 -9999.0 -9999.0 -9999.0 -9999.0 -9999.0 -9999.0 -9999.0 -9999.0 -9999.0 -9999.0 -9999.0 -9999.0 -9999.0 -9999.0 -9999.0 -9999.0 -9999.0 -9999.0 -9999.0 -9999.0 -9999.0 -9999.0 -9999.0 -9999.0 -9999.0 -9999.0 -9999.0 -9999.0 -9999.0 -9999.0 -9999.0 -9999.0 -9999.0 -9999.0 -9999.0 -9999.0 -9999.0 -9999.0 -9999.0 -9999.0 -9999.0 -9999.0 -9999.0 -9999.0 -9999.0 -9999.0 -9999.0 -9999.0 -9999.0 -9999.0 -9999.0 -9999.0 -9999.0 -9999.0 -9999.0 -9999.0 -9999.0 -9999.0 -9999.0 -9999.0 -9999.0 -9999.0 -9999.0 -9999.0 -9999.0 -9999.0 -9999.0 -9999.0 -9999.0 -9999.0 -9999.0 -9999.0 -9999.0 -9999.0 -9999.0 -9999.0