Borden_/Borden1m_014/output_maps/thetaliqL0008N0025.asc
ncols         80
nrows         18
xllcorner     620200.000000
yllcorner     5168000.000000
cellsize      1.000000
NODATA_value  -9999.0
-9999.0 -9999.0 -9999.0 -9999.0 -9999.0 -9999.0 -9999.0 -9999.0 -9999.0 -9999.0 -9999.0 -9999.0 -9999.0 -9999.0 -9999.0 -9999.0 -9999.0 -9999.0 -9999.0 -9999.0 -9999.0 -9999.0 -9999.0 -9999.0 -9999.0 -9999.0 -9999.0 -9999.0 -9999.0 -9999.0 -9999.0 -9999.0 -9999.0 -9999.0 -9999.0 -9999.0 -9999.0 -9999.0 -9999.0 -9999.0 -9999.0 -9999.0 -9999.0 -9999.0 -9999.0 -9999.0 -9999.0 -9999.0 -9999.0 -9999.0 -9999.0 -9999.0 -9999.0 -9999.0 -9999.0 -9999.0 -9999.0 -9999.0 -9999.0 -9999.0 -9999.0 -9999.0 -9999.0 -9999.0 -9999.0 -9999.0 -9999.0 -9999.0 -9999.0 -9999.0 -9999.0 -9999.0 -9999.0 -9999.0 -9999.0 -9999.0 -9999.0 -9999.0 -9999.0 -9999.0
-9999.0 -9999.0 -9999.0 -9999.0 -9999.0 -9999.0 -9999.0 -9999.0 -9999.0 -9999.0 -9999.0 -9999.0 -9999.0 -9999.0 -9999.0 -9999.0 -9999.0 -9999.0 -9999.0 -9999.0 -9999.0 -9999.0 -9999.0 -9999.0 -9999.0 -9999.0 -9999.0 -9999.0 -9999.0 -9999.0 -9999.0 -9999.0 -9999.0 -9999.0 -9999.0 -9999.0 -9999.0 -9999.0 -9999.0 -9999.0 -9999.0 -9999.0 -9999.0 -9999.0 -9999.0 -9999.0 -9999.0 -9999.0 -9999.0 -9999.0 -9999.0 -9999.0 -9999.0 -9999.0 -9999.0 -9999.0 -9999.0 -9999.0 -9999.0 -9999.0 -9999.0 -9999.0 -9999.0 -9999.0 -9999.0 -9999.0 -9999.0 -9999.0 -9999.0 -9999.0 -9999.0 -9999.0 -9999.0 -9999.0 -9999.0 -9999.0 -9999.0 -9999.0 -9999.0 -9999.0
-9999.0 -9999.0 -9999.0 -9999.0 -9999.0 -9999.0 -9999.0 -9999.0 -9999.0 -9999.0 -9999.0 -9999.0 -9999.0 -9999.0 -9999.0 -9999.0 -9999.0 -9999.0 -9999.0 -9999.0 0.365558 0.365846 0.363268 0.357154 0.349275 0.349888 0.358973 0.365136 0.367996 0.368483 0.367602 0.367694 0.367399 0.367406 0.367605 0.367945 0.368085 0.368592 0.368893 0.368892 0.368691 0.368478 0.368435 0.368582 0.368762 0.368416 0.368900 0.369297 0.369420 0.369310 0.368470 0.367676 0.367147 0.365996 0.367742 0.368359 0.369132 0.369237 0.369208 0.368315 0.366485 -9999.0 -9999.0 -9999.0 -9999.0 -9999.0 -9999.0 -9999.0 -9999.0 -9999.0 -9999.0 -9999.0 -9999.0 -9999.0 -9999.0 -9999.0 -9999.0 -9999.0 -9999.0 -9999.0
-9999.0 -9999.0 -9999.0 -9999.0 -9999.0 -9999.0 -9999.0 -9999.0 -9999.0 -9999.0 -9999.0 -9999.0 -9999.0 -9999.0 0.346521 0.342605 0.341308 0.344662 0.355290 0.361487 0.363371 0.362274 0.362257 0.357929 0.352887 0.356575 0.362238 0.366003 0.368269 0.369031 0.368631 0.368542 0.368930 0.369554 0.369741 0.369720 0.369424 0.369734 0.369861 0.369910 0.369909 0.369872 0.369935 0.369972 0.369961 0.369907 0.369915 0.369949 0.369975 0.369943 0.369299 0.368660 0.368508 0.368194 0.367451 0.367000 0.368378 0.368418 0.368039 0.366960 0.363829 0.355816 0.350892 0.360263 0.366108 0.369122 -9999.0 -9999.0 -9999.0 -9999.0 -9999.0 -9999.0 -9999.0 -9999.0 -9999.0 -9999.0 -9999.0 -9999.0 -9999.0 -9999.0
-9999.0 -9999.0 -9999.0 -9999.0 -9999.0 -9999.0 -9999.0 -9999.0 -9999.0 0.319536 0.321559 0.325466 0.326312 0.334257 0.333348 0.336563 0.340037 0.349787 0.358086 0.363967 0.366811 0.366003 0.366053 0.367057 0.367555 0.368272 0.369050 0.369760 0.369967 0.369998 0.369988 0.369988 0.369997 0.370000 0.370000 0.370000 0.370000 0.370000 0.370000 0.370000 0.370000 0.370000 0.370000 0.370000 0.370000 0.370000 0.370000 0.370000 0.370000 0.370000 0.370000 0.369995 0.369993 0.369948 0.369680 0.369295 0.369207 0.369598 0.369327 0.368044 0.365342 0.364285 0.362005 0.364250 0.366507 0.368951 0.369689 0.369896 0.369898 0.369799 -9999.0 -9999.0 -9999.0 -9999.0 -9999.0 -9999.0 -9999.0 -9999.0 -9999.0 -9999.0
-9999.0 -9999.0 -9999.0 -9999.0 -9999.0 -9999.0 0.262930 0.269781 0.284956 0.288975 0.306136 0.310948 0.323331 0.333495 0.342598 0.348864 0.357473 0.363307 0.367383 0.369232 0.369751 0.369725 0.369827 0.369969 0.369999 0.370000 0.370000 0.370000 0.370000 0.370000 0.370000 0.370000 0.370000 0.370000 0.370000 0.370000 0.370000 0.370000 0.370000 0.370000 0.370000 0.370000 0.370000 0.370000 0.370000 0.370000 0.370000 0.370000 0.370000 0.370000 0.370000 0.370000 0.370000 0.370000 0.370000 0.370000 0.370000 0.370000 0.369998 0.369932 0.369602 0.369409 0.369050 0.368560 0.368742 0.369279 0.369661 0.369775 0.369652 0.369328 0.368699 0.367298 0.367414 0.368657 -9999.0 -9999.0 -9999.0 -9999.0 -9999.0 -9999.0
-9999.0 -9999.0 -9999.0 -9999.0 0.223056 0.232663 0.223174 0.241714 0.267294 0.292669 0.314728 0.335310 0.346566 0.355628 0.363545 0.367315 0.369219 0.369784 0.369988 0.370000 0.370000 0.370000 0.370000 0.370000 0.370000 0.370000 0.370000 0.370000 0.370000 0.370000 0.370000 0.370000 0.370000 0.370000 0.370000 0.370000 0.370000 0.370000 0.370000 0.370000 0.370000 0.370000 0.370000 0.370000 0.370000 0.370000 0.370000 0.370000 0.370000 0.370000 0.370000 0.370000 0.370000 0.370000 0.370000 0.370000 0.370000 0.370000 0.370000 0.370000 0.370000 0.370000 0.369999 0.369988 0.369928 0.369924 0.369929 0.369834 0.369508 0.368731 0.368123 0.367046 0.366284 0.368201 0.368888 0.369568 -9999.0 -9999.0 -9999.0 -9999.0
-9999.0 -9999.0 0.181209 0.216960 0.261486 0.268044 0.269508 0.273090 0.293384 0.326144 0.356691 0.365411 0.368528 0.369445 0.369958 0.370000 0.370000 0.370000 0.370000 0.370000 0.370000 0.370000 0.370000 0.370000 0.370000 0.370000 0.370000 0.370000 0.370000 0.370000 0.370000 0.370000 0.370000 0.370000 0.370000 0.370000 0.370000 0.370000 0.370000 0.370000 0.370000 0.370000 0.370000 0.370000 0.370000 0.370000 0.370000 0.370000 0.370000 0.370000 0.370000 0.370000 0.370000 0.370000 0.370000 0.370000 0.370000 0.370000 0.370000 0.370000 0.370000 0.370000 0.370000 0.370000 0.370000 0.370000 0.369999 0.369984 0.369854 0.369289 0.368608 0.367763 0.367647 0.367695 0.368480 0.369018 0.369383 0.369519 -9999.0 -9999.0
-9999.0 0.130515 0.165154 0.258409 0.316319 0.339894 0.354068 0.360596 0.364272 0.365961 0.369863 0.370000 0.370000 0.370000 0.370000 0.370000 0.370000 0.370000 0.370000 0.370000 0.370000 0.370000 0.370000 0.370000 0.370000 0.370000 0.370000 0.370000 0.370000 0.370000 0.370000 0.370000 0.370000 0.370000 0.370000 0.370000 0.370000 0.370000 0.370000 0.370000 0.370000 0.370000 0.370000 0.370000 0.370000 0.370000 0.370000 0.370000 0.370000 0.370000 0.370000 0.370000 0.370000 0.370000 0.370000 0.370000 0.370000 0.370000 0.370000 0.370000 0.370000 0.370000 0.370000 0.370000 0.370000 0.370000 0.370000 0.370000 0.370000 0.369988 0.369933 0.369499 0.368971 0.369009 0.368717 0.368630 0.368862 0.369054 -9999.0 -9999.0
-9999.0 0.108511 0.164992 0.302965 0.362467 0.368254 0.369984 0.370000 0.370000 0.370000 0.370000 0.370000 0.370000 0.370000 0.370000 0.370000 0.370000 0.370000 0.370000 0.370000 0.370000 0.370000 0.370000 0.370000 0.370000 0.370000 0.370000 0.370000 0.370000 0.370000 0.370000 0.370000 0.370000 0.370000 0.370000 0.370000 0.370000 0.370000 0.370000 0.370000 0.370000 0.370000 0.370000 0.370000 0.370000 0.370000 0.370000 0.370000 0.370000 0.370000 0.370000 0.370000 0.370000 0.370000 0.370000 0.370000 0.370000 0.370000 0.370000 0.370000 0.370000 0.370000 0.370000 0.370000 0.370000 0.370000 0.370000 0.370000 0.370000 0.370000 0.370000 0.370000 0.369971 0.369881 0.369492 0.369032 -9999.0 -9999.0 -9999.0 -9999.0
-9999.0 0.095557 0.155688 0.339211 0.369970 0.370000 0.370000 0.370000 0.370000 0.370000 0.370000 0.370000 0.370000 0.370000 0.370000 0.370000 0.370000 0.370000 0.370000 0.370000 0.370000 0.370000 0.370000 0.370000 0.370000 0.370000 0.370000 0.370000 0.370000 0.370000 0.370000 0.370000 0.370000 0.370000 0.370000 0.370000 0.370000 0.370000 0.370000 0.370000 0.370000 0.370000 0.370000 0.370000 0.370000 0.370000 0.370000 0.370000 0.370000 0.370000 0.370000 0.370000 0.370000 0.370000 0.370000 0.370000 0.370000 0.370000 0.370000 0.370000 0.370000 0.370000 0.370000 0.370000 0.370000 0.370000 0.370000 0.370000 0.370000 0.370000 0.370000 0.370000 0.370000 0.370000 0.369990 -9999.0 -9999.0 -9999.0 -9999.0 -9999.0
-9999.0 0.079726 0.122791 0.314915 0.369996 0.370000 0.370000 0.370000 0.370000 0.370000 0.370000 0.370000 0.370000 0.370000 0.370000 0.370000 0.370000 0.370000 0.370000 0.370000 0.370000 0.370000 0.370000 0.370000 0.370000 0.370000 0.370000 0.370000 0.370000 0.370000 0.370000 0.370000 0.370000 0.370000 0.370000 0.369995 0.369902 0.369884 0.369937 0.369861 0.369669 0.369376 0.369735 0.369852 0.369905 0.369862 0.369910 0.369985 0.370000 0.370000 0.370000 0.370000 0.370000 0.370000 0.370000 0.370000 0.370000 0.370000 0.370000 0.370000 0.370000 0.370000 0.370000 0.370000 0.370000 0.370000 0.370000 0.370000 0.370000 0.370000 0.370000 0.370000 0.370000 -9999.0 -9999.0 -9999.0 -9999.0 -9999.0 -9999.0 -9999.0
-9999.0 0.073796 0.088131 0.157224 0.352957 0.369991 0.370000 0.370000 0.370000 0.370000 0.370000 0.370000 0.370000 0.370000 0.370000 0.370000 0.370000 0.370000 0.370000 0.370000 0.370000 0.370000 0.370000 0.370000 0.370000 0.370000 0.370000 0.370000 0.370000 0.370000 0.369999 0.369905 0.369065 0.367446 0.364795 0.359782 0.349704 0.352865 0.356653 0.355458 0.351989 0.350547 0.358266 0.361661 0.363152 0.361100 0.363820 0.366572 0.368819 0.369682 0.369957 0.369999 0.370000 0.370000 0.370000 0.370000 0.370000 0.370000 0.370000 0.370000 0.370000 0.370000 0.370000 0.370000 0.370000 0.370000 0.370000 0.370000 0.370000 0.370000 0.370000 -9999.0 -9999.0 -9999.0 -9999.0 -9999.0 -9999.0 -9999.0 -9999.0 -9999.0
-9999.0 -9999.0 0.073666 0.083599 0.107530 0.188640 0.303697 0.355138 0.366682 0.369743 0.369997 0.370000 0.370000 0.370000 0.370000 0.370000 0.370000 0.370000 0.370000 0.370000 0.369997 0.369993 0.369987 0.369979 0.369953 0.369929 0.369905 0.369839 0.369607 0.368333 0.364097 0.354055 0.333234 0.319429 0.305267 0.288863 0.286059 0.284932 0.290245 0.291120 0.294914 0.303152 0.316782 0.328908 0.333607 0.336788 0.342161 0.350593 0.359001 0.365095 0.368599 0.369752 0.369949 0.369973 0.369958 0.369972 0.369994 0.370000 0.370000 0.370000 0.370000 0.370000 0.370000 0.370000 0.370000 0.370000 0.370000 0.370000 0.370000 0.370000 -9999.0 -9999.0 -9999.0 -9999.0 -9999.0 -9999.0 -9999.0 -9999.0 -9999.0 -9999.0
-9999.0 -9999.0 -9999.0 -9999.0 0.075276 0.084845 0.096562 0.114407 0.163405 0.238948 0.308995 0.347373 0.360677 0.364101 0.362472 0.361427 0.359902 0.359227 0.357424 0.356021 0.354445 0.352191 0.348640 0.345893 0.345501 0.346690 0.345940 0.340790 0.333626 0.318503 0.302646 0.276363 0.246505 0.223217 0.213258 0.208039 0.208375 0.204464 0.211752 0.216554 0.228196 0.240615 0.260119 0.282456 0.291779 0.301860 0.308382 0.321335 0.336845 0.355265 0.365554 0.368864 0.369582 0.369617 0.369102 0.368566 0.368423 0.369298 0.369879 0.369999 0.370000 0.370000 0.370000 0.370000 0.370000 0.370000 0.370000 0.370000 -9999.0 -9999.0 -9999.0 -9999.0 -9999.0 -9999.0 -9999.0 -9999.0 -9999.0 -9999.0 -9999.0 -9999.0
-9999.0 -9999.0 -9999.0 -9999.0 -9999.0 -9999.0 0.073413 0.076817 0.082066 0.095411 0.120800 0.159276 0.206746 0.225153 0.238289 0.256039 0.252059 0.238386 0.225329 0.238445 0.245910 0.242098 0.220436 0.219312 0.222031 0.229625 0.228889 0.224265 0.205449 0.211472 0.210393 0.193749 0.176495 0.167795 0.161286 0.167126 0.167733 0.160687 0.162199 0.177835 0.190917 0.200489 0.217468 0.243819 0.269565 0.280596 0.281159 0.285764 0.314742 0.348473 0.363855 0.368160 0.369188 0.369327 0.368430 0.365638 0.362937 0.363660 0.366960 0.369267 0.369965 0.369999 0.370000 0.370000 0.370000 0.370000 -9999.0 -9999.0 -9999.0 -9999.0 -9999.0 -9999.0 -9999.0 -9999.0 -9999.0 -9999.0 -9999.0 -9999.0 -9999.0 -9999.0
-9999.0 -9999.0 -9999.0 -9999.0 -9999.0 -9999.0 -9999.0 -9999.0 -9999.0 -9999.0 -9999.0 -9999.0 -9999.0 -9999.0 -9999.0 -9999.0 -9999.0 -9999.0 -9999.0 -9999.0 -9999.0 -9999.0 -9999.0 -9999.0 -9999.0 -9999.0 -9999.0 -9999.0 -9999.0 -9999.0 -9999.0 -9999.0 -9999.0 -9999.0 -9999.0 -9999.0 -9999.0 -9999.0 -9999.0 -9999.0 -9999.0 -9999.0 -9999.0 -9999.0 -9999.0 -9999.0 -9999.0 -9999.0 -9999.0 -9999.0 -9999.0 -9999.0 -9999.0 -9999.0 -9999.0 -9999.0 -9999.0 -9999.0 -9999.0 -9999.0 -9999.0 -9999.0 -9999.0 -9999.0 -9999.0 -9999.0 -9999.0 -9999.0 -9999.0 -9999.0 -9999.0 -9999.0 -9999.0 -9999.0 -9999.0 -9999.0 -9999.0 -9999.0 -9999.0 -9999.0
-9999.0 -9999.0 -9999.0 -9999.0 -9999.0 -9999.0 -9999.0 -9999.0 -9999.0 -9999.0 -9999.0 -9999.0 -9999.0 -9999.0 -9999.0 -9999.0 -9999.0 -9999.0 -9999.0 -9999.0 -9999.0 -9999.0 -9999.0 -9999.0 -9999.0 -9999.0 -9999.0 -9999.0 -9999.0 -9999.0 -9999.0 -9999.0 -9999.0 -9999.0 -9999.0 -9999.0 -9999.0 -9999.0 -9999.0 -9999.0 -9999.0 -9999.0 -9999.0 -9999.0 -9999.0 -9999.0 -9999.0 -9999.0 -9999.0 -9999.0 -9999.0 -9999.0 -9999.0 -9999.0 -9999.0 -9999.0 -9999.0 -9999.0 -9999.0 -9999.0 -9999.0 -9999.0 -9999.0 -9999.0 -9999.0 -9999.0 -9999.0 -9999.0 -9999.0 -9999.0 -9999.0 -9999.0 -9999.0 -9999.0 -9999.0 -9999.0 -9999.0 -9999.0 -9999.0 -9999.0