Borden_/Borden1m_014/output_maps/thetaliqL0006N0025.asc
ncols         80
nrows         18
xllcorner     620200.000000
yllcorner     5168000.000000
cellsize      1.000000
NODATA_value  -9999.0
-9999.0 -9999.0 -9999.0 -9999.0 -9999.0 -9999.0 -9999.0 -9999.0 -9999.0 -9999.0 -9999.0 -9999.0 -9999.0 -9999.0 -9999.0 -9999.0 -9999.0 -9999.0 -9999.0 -9999.0 -9999.0 -9999.0 -9999.0 -9999.0 -9999.0 -9999.0 -9999.0 -9999.0 -9999.0 -9999.0 -9999.0 -9999.0 -9999.0 -9999.0 -9999.0 -9999.0 -9999.0 -9999.0 -9999.0 -9999.0 -9999.0 -9999.0 -9999.0 -9999.0 -9999.0 -9999.0 -9999.0 -9999.0 -9999.0 -9999.0 -9999.0 -9999.0 -9999.0 -9999.0 -9999.0 -9999.0 -9999.0 -9999.0 -9999.0 -9999.0 -9999.0 -9999.0 -9999.0 -9999.0 -9999.0 -9999.0 -9999.0 -9999.0 -9999.0 -9999.0 -9999.0 -9999.0 -9999.0 -9999.0 -9999.0 -9999.0 -9999.0 -9999.0 -9999.0 -9999.0
-9999.0 -9999.0 -9999.0 -9999.0 -9999.0 -9999.0 -9999.0 -9999.0 -9999.0 -9999.0 -9999.0 -9999.0 -9999.0 -9999.0 -9999.0 -9999.0 -9999.0 -9999.0 -9999.0 -9999.0 -9999.0 -9999.0 -9999.0 -9999.0 -9999.0 -9999.0 -9999.0 -9999.0 -9999.0 -9999.0 -9999.0 -9999.0 -9999.0 -9999.0 -9999.0 -9999.0 -9999.0 -9999.0 -9999.0 -9999.0 -9999.0 -9999.0 -9999.0 -9999.0 -9999.0 -9999.0 -9999.0 -9999.0 -9999.0 -9999.0 -9999.0 -9999.0 -9999.0 -9999.0 -9999.0 -9999.0 -9999.0 -9999.0 -9999.0 -9999.0 -9999.0 -9999.0 -9999.0 -9999.0 -9999.0 -9999.0 -9999.0 -9999.0 -9999.0 -9999.0 -9999.0 -9999.0 -9999.0 -9999.0 -9999.0 -9999.0 -9999.0 -9999.0 -9999.0 -9999.0
-9999.0 -9999.0 -9999.0 -9999.0 -9999.0 -9999.0 -9999.0 -9999.0 -9999.0 -9999.0 -9999.0 -9999.0 -9999.0 -9999.0 -9999.0 -9999.0 -9999.0 -9999.0 -9999.0 -9999.0 0.153588 0.155208 0.143752 0.129384 0.119474 0.119909 0.132128 0.150126 0.170635 0.177056 0.165844 0.166336 0.163125 0.163082 0.164807 0.168108 0.169408 0.176583 0.182074 0.181910 0.177845 0.174078 0.172959 0.175237 0.178364 0.173169 0.181797 0.192378 0.197249 0.193719 0.175510 0.165999 0.161670 0.154208 0.168133 0.176255 0.191940 0.195320 0.194860 0.176872 0.159203 -9999.0 -9999.0 -9999.0 -9999.0 -9999.0 -9999.0 -9999.0 -9999.0 -9999.0 -9999.0 -9999.0 -9999.0 -9999.0 -9999.0 -9999.0 -9999.0 -9999.0 -9999.0 -9999.0
-9999.0 -9999.0 -9999.0 -9999.0 -9999.0 -9999.0 -9999.0 -9999.0 -9999.0 -9999.0 -9999.0 -9999.0 -9999.0 -9999.0 0.117679 0.114565 0.113579 0.115865 0.126647 0.138225 0.143820 0.140189 0.139957 0.130111 0.122778 0.127511 0.138864 0.153397 0.172308 0.185354 0.176567 0.174578 0.181393 0.201275 0.212962 0.210894 0.194586 0.211329 0.224415 0.232585 0.231702 0.224568 0.237148 0.251122 0.245612 0.230651 0.232819 0.242385 0.255284 0.241992 0.190926 0.176513 0.175099 0.171440 0.164076 0.160632 0.175579 0.176703 0.171945 0.161789 0.145489 0.127339 0.121421 0.135740 0.157158 0.193713 -9999.0 -9999.0 -9999.0 -9999.0 -9999.0 -9999.0 -9999.0 -9999.0 -9999.0 -9999.0 -9999.0 -9999.0 -9999.0 -9999.0
-9999.0 -9999.0 -9999.0 -9999.0 -9999.0 -9999.0 -9999.0 -9999.0 -9999.0 0.103562 0.104201 0.105657 0.105910 0.109508 0.109017 0.110610 0.112612 0.119949 0.130518 0.145170 0.159672 0.153845 0.153662 0.160198 0.164380 0.172018 0.185067 0.214540 0.249959 0.285712 0.262729 0.261524 0.279528 0.321390 0.345804 0.351001 0.342025 0.343070 0.354220 0.362100 0.362455 0.362280 0.366635 0.368030 0.368517 0.366832 0.363341 0.362598 0.366790 0.354802 0.319849 0.273057 0.270702 0.242829 0.208266 0.191163 0.189133 0.205793 0.194945 0.170536 0.150626 0.146550 0.139368 0.147013 0.159070 0.188668 0.217358 0.240809 0.241672 0.228033 -9999.0 -9999.0 -9999.0 -9999.0 -9999.0 -9999.0 -9999.0 -9999.0 -9999.0 -9999.0
-9999.0 -9999.0 -9999.0 -9999.0 -9999.0 -9999.0 0.090599 0.091680 0.094424 0.095260 0.099252 0.100569 0.104635 0.108970 0.114057 0.118858 0.129203 0.142221 0.163136 0.191161 0.215316 0.212120 0.220000 0.250244 0.291234 0.319274 0.335311 0.354173 0.368891 0.369887 0.369963 0.369981 0.369993 0.370000 0.370000 0.370000 0.370000 0.370000 0.370000 0.370000 0.370000 0.370000 0.370000 0.370000 0.370000 0.370000 0.370000 0.370000 0.370000 0.370000 0.370000 0.369989 0.369767 0.367636 0.345641 0.307333 0.302102 0.310777 0.284802 0.239522 0.204973 0.197327 0.187463 0.178299 0.182149 0.196129 0.214412 0.224056 0.215110 0.200357 0.184618 0.166884 0.168147 0.184523 -9999.0 -9999.0 -9999.0 -9999.0 -9999.0 -9999.0
-9999.0 -9999.0 -9999.0 -9999.0 0.085137 0.086305 0.085145 0.087442 0.091186 0.095904 0.101610 0.109806 0.116929 0.126241 0.142939 0.162636 0.190402 0.216404 0.264034 0.322198 0.352259 0.361705 0.365631 0.369749 0.369995 0.370000 0.370000 0.370000 0.370000 0.370000 0.370000 0.370000 0.370000 0.370000 0.370000 0.370000 0.370000 0.370000 0.370000 0.370000 0.370000 0.370000 0.370000 0.370000 0.370000 0.370000 0.370000 0.370000 0.370000 0.370000 0.370000 0.370000 0.370000 0.370000 0.370000 0.370000 0.369995 0.369974 0.369292 0.363335 0.336114 0.316569 0.289352 0.266523 0.240210 0.240877 0.243811 0.228646 0.206014 0.184136 0.175072 0.164358 0.159166 0.177208 0.189284 0.212303 -9999.0 -9999.0 -9999.0 -9999.0
-9999.0 -9999.0 0.080543 0.084478 0.090429 0.091464 0.091749 0.092291 0.096154 0.105602 0.128385 0.151284 0.177310 0.197486 0.246316 0.319316 0.359142 0.368150 0.369911 0.369998 0.370000 0.370000 0.370000 0.370000 0.370000 0.370000 0.370000 0.370000 0.370000 0.370000 0.370000 0.370000 0.370000 0.370000 0.370000 0.370000 0.370000 0.370000 0.370000 0.370000 0.370000 0.370000 0.370000 0.370000 0.370000 0.370000 0.370000 0.370000 0.370000 0.370000 0.370000 0.370000 0.370000 0.370000 0.370000 0.370000 0.370000 0.370000 0.370000 0.370000 0.370000 0.369988 0.369701 0.366492 0.350892 0.331330 0.298178 0.266022 0.229986 0.196569 0.181414 0.170452 0.169776 0.170801 0.181373 0.192440 0.203895 0.209930 -9999.0 -9999.0
-9999.0 0.075511 0.078993 0.090176 0.102848 0.113346 0.126290 0.137921 0.148158 0.153743 0.228216 0.321750 0.362637 0.367525 0.369821 0.370000 0.370000 0.370000 0.370000 0.370000 0.370000 0.370000 0.370000 0.370000 0.370000 0.370000 0.370000 0.370000 0.370000 0.370000 0.370000 0.370000 0.370000 0.370000 0.370000 0.370000 0.370000 0.370000 0.370000 0.370000 0.370000 0.370000 0.370000 0.370000 0.370000 0.370000 0.370000 0.370000 0.370000 0.370000 0.370000 0.370000 0.370000 0.370000 0.370000 0.370000 0.370000 0.370000 0.370000 0.370000 0.370000 0.370000 0.370000 0.370000 0.369993 0.369635 0.364270 0.343606 0.301788 0.271139 0.246043 0.205212 0.189039 0.190985 0.185189 0.184022 0.188954 0.193636 -9999.0 -9999.0
-9999.0 0.073273 0.079154 0.099560 0.143920 0.177779 0.276476 0.337805 0.350738 0.340850 0.369149 0.370000 0.370000 0.370000 0.370000 0.370000 0.370000 0.370000 0.370000 0.370000 0.370000 0.370000 0.370000 0.370000 0.370000 0.370000 0.370000 0.370000 0.370000 0.370000 0.370000 0.370000 0.370000 0.370000 0.370000 0.370000 0.370000 0.370000 0.370000 0.370000 0.370000 0.370000 0.370000 0.370000 0.370000 0.370000 0.370000 0.370000 0.370000 0.370000 0.370000 0.370000 0.370000 0.370000 0.370000 0.370000 0.370000 0.370000 0.370000 0.370000 0.370000 0.370000 0.370000 0.370000 0.370000 0.370000 0.369999 0.369970 0.369050 0.363359 0.345391 0.307697 0.260156 0.237539 0.207318 0.192262 -9999.0 -9999.0 -9999.0 -9999.0
-9999.0 0.071849 0.078466 0.115901 0.266452 0.356961 0.369993 0.370000 0.370000 0.370000 0.370000 0.370000 0.370000 0.370000 0.370000 0.370000 0.370000 0.370000 0.370000 0.370000 0.370000 0.370000 0.370000 0.370000 0.370000 0.370000 0.370000 0.370000 0.370000 0.370000 0.370000 0.370000 0.370000 0.370000 0.369999 0.369994 0.369826 0.369644 0.369283 0.367390 0.364784 0.362009 0.365252 0.364903 0.364839 0.366296 0.368445 0.369305 0.369916 0.369992 0.369999 0.370000 0.370000 0.370000 0.370000 0.370000 0.370000 0.370000 0.370000 0.370000 0.370000 0.370000 0.370000 0.370000 0.370000 0.370000 0.370000 0.370000 0.370000 0.369996 0.369967 0.369458 0.360838 0.309934 0.278292 -9999.0 -9999.0 -9999.0 -9999.0 -9999.0
-9999.0 0.069748 0.075247 0.105968 0.306331 0.369996 0.370000 0.370000 0.370000 0.370000 0.370000 0.370000 0.370000 0.370000 0.370000 0.370000 0.370000 0.370000 0.370000 0.370000 0.370000 0.370000 0.370000 0.370000 0.370000 0.370000 0.370000 0.370000 0.370000 0.370000 0.369970 0.369838 0.366215 0.345031 0.315991 0.277400 0.232112 0.230070 0.242172 0.227785 0.210286 0.196255 0.215015 0.226419 0.234744 0.227173 0.234319 0.262695 0.302029 0.331815 0.356036 0.367708 0.369730 0.369989 0.369999 0.370000 0.370000 0.370000 0.370000 0.370000 0.370000 0.370000 0.370000 0.370000 0.370000 0.370000 0.370000 0.370000 0.370000 0.370000 0.370000 0.370000 0.369995 -9999.0 -9999.0 -9999.0 -9999.0 -9999.0 -9999.0 -9999.0
-9999.0 0.068697 0.071039 0.079463 0.133930 0.296830 0.368548 0.369995 0.370000 0.370000 0.370000 0.370000 0.370000 0.370000 0.370000 0.370000 0.370000 0.370000 0.370000 0.370000 0.369997 0.369993 0.369993 0.369987 0.369913 0.369760 0.369555 0.368711 0.364380 0.346283 0.290478 0.234748 0.187463 0.164390 0.148311 0.133679 0.119643 0.123202 0.128610 0.126807 0.122325 0.120652 0.131050 0.138324 0.142648 0.136504 0.144336 0.157568 0.182159 0.210872 0.247962 0.290997 0.327789 0.345577 0.353823 0.363586 0.368919 0.369958 0.370000 0.370000 0.370000 0.370000 0.370000 0.370000 0.370000 0.370000 0.370000 0.370000 0.370000 0.370000 0.370000 -9999.0 -9999.0 -9999.0 -9999.0 -9999.0 -9999.0 -9999.0 -9999.0 -9999.0
-9999.0 -9999.0 0.068691 0.070419 0.073835 0.083649 0.104877 0.136223 0.169380 0.226356 0.297021 0.342523 0.357791 0.361970 0.356646 0.338538 0.321974 0.321978 0.315856 0.304216 0.282693 0.273676 0.265977 0.259216 0.246507 0.239632 0.235165 0.226135 0.208213 0.175578 0.145875 0.124778 0.108932 0.103404 0.099170 0.095294 0.094648 0.094503 0.095639 0.095806 0.096575 0.098515 0.102487 0.107039 0.109209 0.110761 0.114031 0.120961 0.132576 0.150228 0.179222 0.217782 0.246998 0.255754 0.247436 0.252450 0.271612 0.309040 0.358583 0.369705 0.369998 0.370000 0.370000 0.370000 0.370000 0.370000 0.370000 0.370000 0.370000 0.370000 -9999.0 -9999.0 -9999.0 -9999.0 -9999.0 -9999.0 -9999.0 -9999.0 -9999.0 -9999.0
-9999.0 -9999.0 -9999.0 -9999.0 0.069026 0.070630 0.072272 0.074486 0.079884 0.088745 0.102231 0.120608 0.138567 0.148608 0.142079 0.137941 0.134011 0.132951 0.129857 0.127355 0.124952 0.122408 0.119239 0.117022 0.116717 0.117666 0.117186 0.113630 0.109776 0.103319 0.098532 0.092921 0.088193 0.085193 0.084023 0.083397 0.083437 0.083023 0.083850 0.084372 0.085752 0.087344 0.090143 0.093974 0.095837 0.098173 0.099904 0.104049 0.110962 0.126813 0.153255 0.185371 0.207970 0.209179 0.188637 0.176877 0.173765 0.191080 0.226327 0.285355 0.352209 0.368575 0.369965 0.369998 0.370000 0.370000 0.370000 0.370000 -9999.0 -9999.0 -9999.0 -9999.0 -9999.0 -9999.0 -9999.0 -9999.0 -9999.0 -9999.0 -9999.0 -9999.0
-9999.0 -9999.0 -9999.0 -9999.0 -9999.0 -9999.0 0.068650 0.069274 0.070164 0.071991 0.074871 0.078811 0.083791 0.085811 0.087259 0.089617 0.088972 0.087163 0.085601 0.087205 0.088097 0.087624 0.084982 0.084827 0.085112 0.086052 0.085976 0.085412 0.083233 0.083827 0.083648 0.081830 0.080037 0.079145 0.078493 0.079069 0.079130 0.078439 0.078608 0.080163 0.081500 0.082524 0.084442 0.087747 0.091626 0.093566 0.093659 0.094564 0.101887 0.119449 0.146290 0.174587 0.193728 0.197691 0.176923 0.152166 0.140693 0.142468 0.158138 0.189165 0.246885 0.287043 0.313279 0.331477 0.348746 0.369060 -9999.0 -9999.0 -9999.0 -9999.0 -9999.0 -9999.0 -9999.0 -9999.0 -9999.0 -9999.0 -9999.0 -9999.0 -9999.0 -9999.0
-9999.0 -9999.0 -9999.0 -9999.0 -9999.0 -9999.0 -9999.0 -9999.0 -9999.0 -9999.0 -9999.0 -9999.0 -9999.0 -9999.0 -9999.0 -9999.0 -9999.0 -9999.0 -9999.0 -9999.0 -9999.0 -9999.0 -9999.0 -9999.0 -9999.0 -9999.0 -9999.0 -9999.0 -9999.0 -9999.0 -9999.0 -9999.0 -9999.0 -9999.0 -9999.0 -9999.0 -9999.0 -9999.0 -9999.0 -9999.0 -9999.0 -9999.0 -9999.0 -9999.0 -9999.0 -9999.0 -9999.0 -9999.0 -9999.0 -9999.0 -9999.0 -9999.0 -9999.0 -9999.0 -9999.0 -9999.0 -9999.0 -9999.0 -9999.0 -9999.0 -9999.0 -9999.0 -9999.0 -9999.0 -9999.0 -9999.0 -9999.0 -9999.0 -9999.0 -9999.0 -9999.0 -9999.0 -9999.0 -9999.0 -9999.0 -9999.0 -9999.0 -9999.0 -9999.0 -9999.0
-9999.0 -9999.0 -9999.0 -9999.0 -9999.0 -9999.0 -9999.0 -9999.0 -9999.0 -9999.0 -9999.0 -9999.0 -9999.0 -9999.0 -9999.0 -9999.0 -9999.0 -9999.0 -9999.0 -9999.0 -9999.0 -9999.0 -9999.0 -9999.0 -9999.0 -9999.0 -9999.0 -9999.0 -9999.0 -9999.0 -9999.0 -9999.0 -9999.0 -9999.0 -9999.0 -9999.0 -9999.0 -9999.0 -9999.0 -9999.0 -9999.0 -9999.0 -9999.0 -9999.0 -9999.0 -9999.0 -9999.0 -9999.0 -9999.0 -9999.0 -9999.0 -9999.0 -9999.0 -9999.0 -9999.0 -9999.0 -9999.0 -9999.0 -9999.0 -9999.0 -9999.0 -9999.0 -9999.0 -9999.0 -9999.0 -9999.0 -9999.0 -9999.0 -9999.0 -9999.0 -9999.0 -9999.0 -9999.0 -9999.0 -9999.0 -9999.0 -9999.0 -9999.0 -9999.0 -9999.0