Borden_/Borden1m_014/output_maps/thetaliqL0002N0040.asc
ncols         80
nrows         18
xllcorner     620200.000000
yllcorner     5168000.000000
cellsize      1.000000
NODATA_value  -9999.0
-9999.0 -9999.0 -9999.0 -9999.0 -9999.0 -9999.0 -9999.0 -9999.0 -9999.0 -9999.0 -9999.0 -9999.0 -9999.0 -9999.0 -9999.0 -9999.0 -9999.0 -9999.0 -9999.0 -9999.0 -9999.0 -9999.0 -9999.0 -9999.0 -9999.0 -9999.0 -9999.0 -9999.0 -9999.0 -9999.0 -9999.0 -9999.0 -9999.0 -9999.0 -9999.0 -9999.0 -9999.0 -9999.0 -9999.0 -9999.0 -9999.0 -9999.0 -9999.0 -9999.0 -9999.0 -9999.0 -9999.0 -9999.0 -9999.0 -9999.0 -9999.0 -9999.0 -9999.0 -9999.0 -9999.0 -9999.0 -9999.0 -9999.0 -9999.0 -9999.0 -9999.0 -9999.0 -9999.0 -9999.0 -9999.0 -9999.0 -9999.0 -9999.0 -9999.0 -9999.0 -9999.0 -9999.0 -9999.0 -9999.0 -9999.0 -9999.0 -9999.0 -9999.0 -9999.0 -9999.0
-9999.0 -9999.0 -9999.0 -9999.0 -9999.0 -9999.0 -9999.0 -9999.0 -9999.0 -9999.0 -9999.0 -9999.0 -9999.0 -9999.0 -9999.0 -9999.0 -9999.0 -9999.0 -9999.0 -9999.0 -9999.0 -9999.0 -9999.0 -9999.0 -9999.0 -9999.0 -9999.0 -9999.0 -9999.0 -9999.0 -9999.0 -9999.0 -9999.0 -9999.0 -9999.0 -9999.0 -9999.0 -9999.0 -9999.0 -9999.0 -9999.0 -9999.0 -9999.0 -9999.0 -9999.0 -9999.0 -9999.0 -9999.0 -9999.0 -9999.0 -9999.0 -9999.0 -9999.0 -9999.0 -9999.0 -9999.0 -9999.0 -9999.0 -9999.0 -9999.0 -9999.0 -9999.0 -9999.0 -9999.0 -9999.0 -9999.0 -9999.0 -9999.0 -9999.0 -9999.0 -9999.0 -9999.0 -9999.0 -9999.0 -9999.0 -9999.0 -9999.0 -9999.0 -9999.0 -9999.0
-9999.0 -9999.0 -9999.0 -9999.0 -9999.0 -9999.0 -9999.0 -9999.0 -9999.0 -9999.0 -9999.0 -9999.0 -9999.0 -9999.0 -9999.0 -9999.0 -9999.0 -9999.0 -9999.0 -9999.0 0.175379 0.175960 0.174587 0.173029 0.171762 0.171629 0.173068 0.174802 0.176823 0.177284 0.175721 0.176056 0.175457 0.175167 0.175178 0.175602 0.175792 0.176461 0.176905 0.176746 0.176263 0.175903 0.175594 0.175725 0.176244 0.175541 0.176616 0.177727 0.178153 0.178079 0.176496 0.175813 0.175557 0.174384 0.176526 0.177237 0.178966 0.179172 0.179440 0.177485 0.175607 -9999.0 -9999.0 -9999.0 -9999.0 -9999.0 -9999.0 -9999.0 -9999.0 -9999.0 -9999.0 -9999.0 -9999.0 -9999.0 -9999.0 -9999.0 -9999.0 -9999.0 -9999.0 -9999.0
-9999.0 -9999.0 -9999.0 -9999.0 -9999.0 -9999.0 -9999.0 -9999.0 -9999.0 -9999.0 -9999.0 -9999.0 -9999.0 -9999.0 0.172653 0.171971 0.171663 0.171517 0.172805 0.173865 0.173986 0.173268 0.173802 0.172379 0.171162 0.171911 0.173044 0.174063 0.175699 0.176967 0.175845 0.175572 0.176213 0.178451 0.179534 0.179097 0.176586 0.178942 0.180277 0.181171 0.181063 0.179893 0.181619 0.183653 0.182658 0.180530 0.180905 0.182094 0.184106 0.182869 0.176399 0.175591 0.175849 0.175894 0.175066 0.174490 0.176665 0.176416 0.176017 0.175507 0.174132 0.172064 0.171188 0.173251 0.175272 0.179442 -9999.0 -9999.0 -9999.0 -9999.0 -9999.0 -9999.0 -9999.0 -9999.0 -9999.0 -9999.0 -9999.0 -9999.0 -9999.0 -9999.0
-9999.0 -9999.0 -9999.0 -9999.0 -9999.0 -9999.0 -9999.0 -9999.0 -9999.0 0.171405 0.171233 0.171427 0.171016 0.171616 0.170699 0.170934 0.170813 0.171681 0.172465 0.173774 0.175473 0.174290 0.174149 0.175051 0.175258 0.175696 0.176565 0.179583 0.183349 0.189302 0.184485 0.184292 0.187024 0.197579 0.209105 0.213306 0.206520 0.206525 0.215184 0.227453 0.229020 0.228210 0.243453 0.253445 0.259936 0.245211 0.229768 0.227394 0.243757 0.215808 0.197405 0.185913 0.186369 0.182532 0.178552 0.177059 0.176585 0.179164 0.178093 0.175624 0.173669 0.174129 0.173109 0.174106 0.174924 0.178094 0.181115 0.184118 0.184272 0.182366 -9999.0 -9999.0 -9999.0 -9999.0 -9999.0 -9999.0 -9999.0 -9999.0 -9999.0 -9999.0
-9999.0 -9999.0 -9999.0 -9999.0 -9999.0 -9999.0 0.170107 0.170044 0.170430 0.169348 0.170176 0.169661 0.170297 0.170618 0.171063 0.171160 0.172300 0.173361 0.175184 0.177687 0.180079 0.179003 0.179669 0.183268 0.190576 0.198003 0.203341 0.214755 0.263951 0.305727 0.319392 0.324622 0.330025 0.345112 0.360444 0.363231 0.360166 0.357149 0.361085 0.366486 0.369586 0.369610 0.369682 0.369750 0.369913 0.369894 0.367012 0.364097 0.362497 0.360610 0.348659 0.326875 0.293177 0.249196 0.208660 0.194001 0.191886 0.194004 0.188621 0.182148 0.178484 0.178339 0.177605 0.176386 0.176923 0.178247 0.180314 0.181605 0.180590 0.179188 0.178070 0.176008 0.176305 0.178300 -9999.0 -9999.0 -9999.0 -9999.0 -9999.0 -9999.0
-9999.0 -9999.0 -9999.0 -9999.0 0.168327 0.168846 0.167342 0.168209 0.168922 0.169492 0.169593 0.170625 0.170988 0.171777 0.173446 0.174902 0.177422 0.179482 0.185190 0.198104 0.213884 0.226618 0.237779 0.293928 0.332460 0.349907 0.354982 0.360876 0.366726 0.369936 0.369983 0.369988 0.369970 0.370000 0.370000 0.370000 0.370000 0.370000 0.370000 0.370000 0.370000 0.370000 0.370000 0.370000 0.370000 0.370000 0.370000 0.370000 0.370000 0.370000 0.369991 0.369969 0.368506 0.366251 0.363529 0.355251 0.332280 0.318187 0.271871 0.229619 0.202609 0.195481 0.189193 0.185976 0.182174 0.182723 0.183632 0.181730 0.179312 0.177093 0.176719 0.175762 0.174814 0.177302 0.178296 0.181192 -9999.0 -9999.0 -9999.0 -9999.0
-9999.0 -9999.0 0.168160 0.168286 0.169750 0.168930 0.168461 0.167760 0.168112 0.169573 0.172507 0.174017 0.176281 0.177602 0.183034 0.198156 0.224327 0.255752 0.309122 0.339845 0.357485 0.364558 0.368941 0.369836 0.369919 0.369999 0.369997 0.370000 0.370000 0.370000 0.370000 0.370000 0.370000 0.370000 0.370000 0.370000 0.370000 0.370000 0.370000 0.370000 0.370000 0.370000 0.370000 0.370000 0.370000 0.370000 0.370000 0.370000 0.370000 0.370000 0.370000 0.370000 0.370000 0.370000 0.370000 0.370000 0.369942 0.368577 0.367163 0.363196 0.344278 0.323417 0.287472 0.239727 0.210464 0.200030 0.191039 0.185919 0.181538 0.177795 0.176613 0.175883 0.176290 0.176003 0.177351 0.178443 0.180003 0.180633 -9999.0 -9999.0
-9999.0 0.167691 0.167316 0.169954 0.170585 0.171273 0.172243 0.173083 0.173916 0.172982 0.181588 0.202341 0.232881 0.251100 0.301650 0.350442 0.369487 0.369836 0.369856 0.369993 0.370000 0.370000 0.370000 0.370000 0.370000 0.370000 0.370000 0.370000 0.370000 0.370000 0.370000 0.370000 0.370000 0.370000 0.370000 0.370000 0.370000 0.370000 0.370000 0.370000 0.370000 0.370000 0.370000 0.370000 0.370000 0.370000 0.370000 0.370000 0.370000 0.370000 0.370000 0.370000 0.370000 0.370000 0.370000 0.370000 0.370000 0.370000 0.369999 0.370000 0.369767 0.368242 0.363944 0.350362 0.326700 0.282354 0.229841 0.205299 0.191410 0.186664 0.183814 0.178630 0.177239 0.178166 0.177500 0.177416 0.178031 0.178528 -9999.0 -9999.0
-9999.0 0.165500 0.167798 0.170792 0.174894 0.176008 0.191081 0.208933 0.218489 0.207691 0.278535 0.369570 0.369854 0.369964 0.369998 0.370000 0.370000 0.370000 0.370000 0.370000 0.370000 0.370000 0.370000 0.370000 0.370000 0.370000 0.370000 0.370000 0.370000 0.370000 0.370000 0.370000 0.370000 0.369998 0.369959 0.369915 0.369530 0.368913 0.367273 0.365142 0.363835 0.366077 0.364958 0.362475 0.361874 0.365044 0.367645 0.367187 0.367370 0.368486 0.369616 0.369993 0.369999 0.370000 0.370000 0.370000 0.370000 0.370000 0.370000 0.370000 0.370000 0.370000 0.369999 0.369612 0.366687 0.353760 0.334434 0.312351 0.265011 0.229281 0.207755 0.193740 0.185031 0.182966 0.179203 0.178416 -9999.0 -9999.0 -9999.0 -9999.0
-9999.0 0.165476 0.167798 0.173571 0.190089 0.223794 0.330541 0.366305 0.369988 0.369929 0.370000 0.370000 0.370000 0.370000 0.370000 0.370000 0.370000 0.370000 0.370000 0.370000 0.370000 0.370000 0.370000 0.370000 0.370000 0.370000 0.370000 0.370000 0.369907 0.369612 0.369062 0.368589 0.366882 0.353388 0.340834 0.330516 0.298612 0.286315 0.272623 0.247129 0.234778 0.227645 0.237007 0.234809 0.234123 0.240529 0.257545 0.272137 0.306569 0.326033 0.342174 0.357850 0.363655 0.367590 0.369453 0.369996 0.370000 0.370000 0.370000 0.370000 0.370000 0.370000 0.370000 0.370000 0.369999 0.369502 0.367542 0.358536 0.342033 0.325495 0.310427 0.276694 0.224517 0.195574 0.189417 -9999.0 -9999.0 -9999.0 -9999.0 -9999.0
-9999.0 0.162663 0.168011 0.172846 0.203390 0.338524 0.363367 0.370000 0.370000 0.370000 0.369913 0.370000 0.369999 0.370000 0.370000 0.369999 0.369999 0.369999 0.370000 0.369983 0.369748 0.369560 0.369537 0.369341 0.368761 0.368005 0.367195 0.365477 0.356900 0.343657 0.316753 0.300004 0.241689 0.208705 0.197010 0.188595 0.181551 0.181613 0.183649 0.181702 0.179684 0.177703 0.180110 0.181282 0.182387 0.181088 0.181580 0.185230 0.191930 0.200113 0.215608 0.247400 0.288043 0.323928 0.338190 0.356065 0.364260 0.368042 0.369807 0.370000 0.370000 0.370000 0.370000 0.370000 0.370000 0.370000 0.369999 0.369469 0.362976 0.354330 0.349784 0.343032 0.325845 -9999.0 -9999.0 -9999.0 -9999.0 -9999.0 -9999.0 -9999.0
-9999.0 0.160923 0.166601 0.167973 0.176609 0.199944 0.268341 0.339678 0.368929 0.355928 0.352384 0.359130 0.364036 0.366213 0.363649 0.357671 0.351572 0.352474 0.352644 0.344904 0.333662 0.328188 0.327935 0.324208 0.307451 0.292629 0.281773 0.261281 0.233361 0.209669 0.190141 0.182289 0.177257 0.175456 0.174199 0.172933 0.170763 0.171856 0.172764 0.172509 0.171806 0.171302 0.172896 0.173509 0.174037 0.172609 0.173649 0.174707 0.177051 0.179611 0.183456 0.189581 0.198499 0.206400 0.212972 0.228764 0.262725 0.313761 0.348040 0.366464 0.369508 0.369988 0.370000 0.370000 0.370000 0.370000 0.370000 0.370000 0.366049 0.361599 0.361195 -9999.0 -9999.0 -9999.0 -9999.0 -9999.0 -9999.0 -9999.0 -9999.0 -9999.0
-9999.0 -9999.0 0.159920 0.162318 0.164641 0.167131 0.170802 0.175804 0.180063 0.185926 0.196096 0.210655 0.223392 0.230571 0.221367 0.206595 0.199696 0.200085 0.198376 0.195145 0.189992 0.188235 0.187061 0.186111 0.184080 0.183206 0.182811 0.182006 0.180337 0.176981 0.174142 0.172254 0.170323 0.170280 0.169931 0.169278 0.169696 0.169588 0.169766 0.169678 0.169804 0.170088 0.170480 0.170992 0.171047 0.171184 0.171403 0.172012 0.172968 0.174272 0.176785 0.180608 0.183768 0.184624 0.183093 0.183668 0.186140 0.192611 0.219125 0.288812 0.337711 0.358877 0.367478 0.369258 0.369529 0.369782 0.370000 0.369248 0.348886 0.351970 -9999.0 -9999.0 -9999.0 -9999.0 -9999.0 -9999.0 -9999.0 -9999.0 -9999.0 -9999.0
-9999.0 -9999.0 -9999.0 -9999.0 0.159177 0.162337 0.165269 0.165083 0.167332 0.168802 0.170317 0.172205 0.173804 0.174867 0.173570 0.173147 0.172823 0.172997 0.172718 0.172345 0.172123 0.171895 0.171687 0.171390 0.171464 0.171702 0.171755 0.171262 0.171195 0.170218 0.169979 0.169385 0.168819 0.168228 0.168303 0.168214 0.168442 0.168192 0.168588 0.168361 0.168669 0.168829 0.169235 0.169876 0.169683 0.170056 0.170108 0.170630 0.170930 0.172400 0.174848 0.177821 0.179955 0.179907 0.177341 0.176269 0.175740 0.177419 0.180570 0.187899 0.211473 0.256396 0.314551 0.335765 0.346661 0.357985 0.364658 0.365519 -9999.0 -9999.0 -9999.0 -9999.0 -9999.0 -9999.0 -9999.0 -9999.0 -9999.0 -9999.0 -9999.0 -9999.0
-9999.0 -9999.0 -9999.0 -9999.0 -9999.0 -9999.0 0.160371 0.161893 0.161557 0.162665 0.163672 0.164544 0.165917 0.165743 0.166080 0.167135 0.166951 0.166435 0.165807 0.166733 0.167109 0.167200 0.166156 0.166422 0.166513 0.166923 0.166881 0.167034 0.166118 0.167111 0.167568 0.167327 0.167093 0.167253 0.167011 0.167667 0.167744 0.167214 0.167079 0.167847 0.168080 0.167995 0.168186 0.168766 0.169598 0.169742 0.169399 0.168945 0.169878 0.172017 0.174590 0.177023 0.178691 0.179224 0.177030 0.174253 0.172925 0.172819 0.174052 0.176493 0.182499 0.187375 0.192058 0.198042 0.206451 0.263165 -9999.0 -9999.0 -9999.0 -9999.0 -9999.0 -9999.0 -9999.0 -9999.0 -9999.0 -9999.0 -9999.0 -9999.0 -9999.0 -9999.0
-9999.0 -9999.0 -9999.0 -9999.0 -9999.0 -9999.0 -9999.0 -9999.0 -9999.0 -9999.0 -9999.0 -9999.0 -9999.0 -9999.0 -9999.0 -9999.0 -9999.0 -9999.0 -9999.0 -9999.0 -9999.0 -9999.0 -9999.0 -9999.0 -9999.0 -9999.0 -9999.0 -9999.0 -9999.0 -9999.0 -9999.0 -9999.0 -9999.0 -9999.0 -9999.0 -9999.0 -9999.0 -9999.0 -9999.0 -9999.0 -9999.0 -9999.0 -9999.0 -9999.0 -9999.0 -9999.0 -9999.0 -9999.0 -9999.0 -9999.0 -9999.0 -9999.0 -9999.0 -9999.0 -9999.0 -9999.0 -9999.0 -9999.0 -9999.0 -9999.0 -9999.0 -9999.0 -9999.0 -9999.0 -9999.0 -9999.0 -9999.0 -9999.0 -9999.0 -9999.0 -9999.0 -9999.0 -9999.0 -9999.0 -9999.0 -9999.0 -9999.0 -9999.0 -9999.0 -9999.0
-9999.0 -9999.0 -9999.0 -9999.0 -9999.0 -9999.0 -9999.0 -9999.0 -9999.0 -9999.0 -9999.0 -9999.0 -9999.0 -9999.0 -9999.0 -9999.0 -9999.0 -9999.0 -9999.0 -9999.0 -9999.0 -9999.0 -9999.0 -9999.0 -9999.0 -9999.0 -9999.0 -9999.0 -9999.0 -9999.0 -9999.0 -9999.0 -9999.0 -9999.0 -9999.0 -9999.0 -9999.0 -9999.0 -9999.0 -9999.0 -9999.0 -9999.0 -9999.0 -9999.0 -9999.0 -9999.0 -9999.0 -9999.0 -9999.0 -9999.0 -9999.0 -9999.0 -9999.0 -9999.0 -9999.0 -9999.0 -9999.0 -9999.0 -9999.0 -9999.0 -9999.0 -9999.0 -9999.0 -9999.0 -9999.0 -9999.0 -9999.0 -9999.0 -9999.0 -9999.0 -9999.0 -9999.0 -9999.0 -9999.0 -9999.0 -9999.0 -9999.0 -9999.0 -9999.0 -9999.0