Borden_/Borden1m_014/output_maps/thetaliqL0001N0010.asc
ncols         80
nrows         18
xllcorner     620200.000000
yllcorner     5168000.000000
cellsize      1.000000
NODATA_value  -9999.0
-9999.0 -9999.0 -9999.0 -9999.0 -9999.0 -9999.0 -9999.0 -9999.0 -9999.0 -9999.0 -9999.0 -9999.0 -9999.0 -9999.0 -9999.0 -9999.0 -9999.0 -9999.0 -9999.0 -9999.0 -9999.0 -9999.0 -9999.0 -9999.0 -9999.0 -9999.0 -9999.0 -9999.0 -9999.0 -9999.0 -9999.0 -9999.0 -9999.0 -9999.0 -9999.0 -9999.0 -9999.0 -9999.0 -9999.0 -9999.0 -9999.0 -9999.0 -9999.0 -9999.0 -9999.0 -9999.0 -9999.0 -9999.0 -9999.0 -9999.0 -9999.0 -9999.0 -9999.0 -9999.0 -9999.0 -9999.0 -9999.0 -9999.0 -9999.0 -9999.0 -9999.0 -9999.0 -9999.0 -9999.0 -9999.0 -9999.0 -9999.0 -9999.0 -9999.0 -9999.0 -9999.0 -9999.0 -9999.0 -9999.0 -9999.0 -9999.0 -9999.0 -9999.0 -9999.0 -9999.0
-9999.0 -9999.0 -9999.0 -9999.0 -9999.0 -9999.0 -9999.0 -9999.0 -9999.0 -9999.0 -9999.0 -9999.0 -9999.0 -9999.0 -9999.0 -9999.0 -9999.0 -9999.0 -9999.0 -9999.0 -9999.0 -9999.0 -9999.0 -9999.0 -9999.0 -9999.0 -9999.0 -9999.0 -9999.0 -9999.0 -9999.0 -9999.0 -9999.0 -9999.0 -9999.0 -9999.0 -9999.0 -9999.0 -9999.0 -9999.0 -9999.0 -9999.0 -9999.0 -9999.0 -9999.0 -9999.0 -9999.0 -9999.0 -9999.0 -9999.0 -9999.0 -9999.0 -9999.0 -9999.0 -9999.0 -9999.0 -9999.0 -9999.0 -9999.0 -9999.0 -9999.0 -9999.0 -9999.0 -9999.0 -9999.0 -9999.0 -9999.0 -9999.0 -9999.0 -9999.0 -9999.0 -9999.0 -9999.0 -9999.0 -9999.0 -9999.0 -9999.0 -9999.0 -9999.0 -9999.0
-9999.0 -9999.0 -9999.0 -9999.0 -9999.0 -9999.0 -9999.0 -9999.0 -9999.0 -9999.0 -9999.0 -9999.0 -9999.0 -9999.0 -9999.0 -9999.0 -9999.0 -9999.0 -9999.0 -9999.0 0.264328 0.265340 0.263757 0.262076 0.260515 0.260186 0.261837 0.263496 0.265460 0.265637 0.263636 0.264332 0.263458 0.262789 0.262580 0.263139 0.263464 0.264029 0.264310 0.263966 0.263405 0.263093 0.262642 0.262630 0.263387 0.262397 0.263706 0.264800 0.265057 0.265350 0.264205 0.263896 0.263832 0.262162 0.265124 0.265651 0.267384 0.267385 0.267973 0.266055 0.264143 -9999.0 -9999.0 -9999.0 -9999.0 -9999.0 -9999.0 -9999.0 -9999.0 -9999.0 -9999.0 -9999.0 -9999.0 -9999.0 -9999.0 -9999.0 -9999.0 -9999.0 -9999.0 -9999.0
-9999.0 -9999.0 -9999.0 -9999.0 -9999.0 -9999.0 -9999.0 -9999.0 -9999.0 -9999.0 -9999.0 -9999.0 -9999.0 -9999.0 0.262607 0.261542 0.261007 0.260419 0.261908 0.262860 0.262476 0.261367 0.262529 0.260604 0.258806 0.259848 0.260993 0.261532 0.262863 0.263984 0.262686 0.262355 0.262880 0.265073 0.265844 0.265224 0.262019 0.264955 0.266015 0.266691 0.266595 0.265134 0.266871 0.268924 0.267710 0.265521 0.266131 0.267254 0.269233 0.268855 0.262035 0.262159 0.262836 0.263367 0.262434 0.261633 0.264559 0.263862 0.263576 0.263665 0.262576 0.260207 0.258998 0.261795 0.263635 0.268022 -9999.0 -9999.0 -9999.0 -9999.0 -9999.0 -9999.0 -9999.0 -9999.0 -9999.0 -9999.0 -9999.0 -9999.0 -9999.0 -9999.0
-9999.0 -9999.0 -9999.0 -9999.0 -9999.0 -9999.0 -9999.0 -9999.0 -9999.0 0.261608 0.261196 0.261433 0.260540 0.261381 0.259473 0.259785 0.259244 0.260261 0.260711 0.261833 0.263778 0.261956 0.261665 0.262731 0.262503 0.262464 0.262850 0.265604 0.268251 0.273577 0.268102 0.267822 0.269626 0.277088 0.288147 0.290496 0.286555 0.286166 0.291163 0.296669 0.296071 0.295448 0.300693 0.303247 0.305205 0.301115 0.296966 0.295989 0.302704 0.291358 0.277545 0.268404 0.270905 0.267798 0.264419 0.263466 0.262718 0.266038 0.265162 0.262871 0.261012 0.262402 0.261034 0.262351 0.262718 0.265900 0.268490 0.271198 0.271322 0.269487 -9999.0 -9999.0 -9999.0 -9999.0 -9999.0 -9999.0 -9999.0 -9999.0 -9999.0 -9999.0
-9999.0 -9999.0 -9999.0 -9999.0 -9999.0 -9999.0 0.260488 0.260229 0.260707 0.258260 0.259552 0.258261 0.259103 0.259239 0.259611 0.259206 0.260381 0.261148 0.262597 0.264510 0.266490 0.264623 0.265002 0.267856 0.272836 0.278757 0.284029 0.290536 0.307341 0.317731 0.322202 0.323832 0.327194 0.357487 0.370000 0.370000 0.370000 0.370000 0.370000 0.370000 0.370000 0.370000 0.370000 0.370000 0.370000 0.370000 0.370000 0.370000 0.370000 0.370000 0.369972 0.328017 0.314030 0.303521 0.287870 0.276829 0.273170 0.276429 0.272841 0.267492 0.264529 0.265218 0.264893 0.263483 0.264244 0.265350 0.267260 0.268596 0.267711 0.266710 0.266338 0.264102 0.264587 0.266809 -9999.0 -9999.0 -9999.0 -9999.0 -9999.0 -9999.0
-9999.0 -9999.0 -9999.0 -9999.0 0.257435 0.258385 0.255292 0.256862 0.257884 0.258493 0.257932 0.259078 0.258963 0.259545 0.261102 0.261702 0.263712 0.264786 0.269207 0.277894 0.290261 0.296437 0.298416 0.312847 0.335066 0.370000 0.370000 0.370000 0.370000 0.370000 0.370000 0.370000 0.370000 0.370000 0.370000 0.370000 0.370000 0.370000 0.370000 0.370000 0.370000 0.370000 0.370000 0.370000 0.370000 0.370000 0.370000 0.370000 0.370000 0.370000 0.370000 0.370000 0.370000 0.370000 0.370000 0.370000 0.336320 0.323809 0.308374 0.297210 0.280376 0.276539 0.272843 0.270879 0.267428 0.268507 0.269930 0.268278 0.266287 0.264371 0.264669 0.263899 0.262462 0.265609 0.266217 0.269226 -9999.0 -9999.0 -9999.0 -9999.0
-9999.0 -9999.0 0.257737 0.257373 0.259698 0.257771 0.256622 0.255015 0.255260 0.257200 0.260596 0.260991 0.262604 0.263038 0.267510 0.278270 0.294868 0.303850 0.317610 0.347496 0.370000 0.370000 0.370000 0.370000 0.370000 0.370000 0.370000 0.370000 0.370000 0.370000 0.370000 0.370000 0.370000 0.370000 0.370000 0.370000 0.370000 0.370000 0.370000 0.370000 0.370000 0.370000 0.370000 0.370000 0.370000 0.370000 0.370000 0.370000 0.370000 0.370000 0.370000 0.370000 0.370000 0.370000 0.370000 0.370000 0.370000 0.370000 0.370000 0.370000 0.369162 0.329778 0.312361 0.298639 0.285083 0.280801 0.274416 0.270900 0.267665 0.264284 0.263657 0.263440 0.264378 0.263629 0.265219 0.266133 0.267914 0.268417 -9999.0 -9999.0
-9999.0 0.257413 0.256014 0.259984 0.259660 0.259759 0.259832 0.260000 0.260644 0.258318 0.267061 0.283876 0.298976 0.302615 0.314311 0.361565 0.370000 0.370000 0.370000 0.370000 0.370000 0.370000 0.370000 0.370000 0.370000 0.370000 0.370000 0.370000 0.370000 0.370000 0.370000 0.370000 0.370000 0.370000 0.370000 0.370000 0.370000 0.370000 0.370000 0.370000 0.370000 0.370000 0.370000 0.370000 0.370000 0.370000 0.370000 0.370000 0.370000 0.370000 0.370000 0.370000 0.370000 0.370000 0.370000 0.370000 0.370000 0.370000 0.370000 0.370000 0.370000 0.370000 0.370000 0.370000 0.335892 0.309515 0.292463 0.282914 0.274169 0.271203 0.269688 0.264783 0.263996 0.265730 0.265080 0.265039 0.265706 0.266154 -9999.0 -9999.0
-9999.0 0.252826 0.256711 0.260145 0.263540 0.261524 0.274931 0.290152 0.292999 0.285150 0.310241 0.370000 0.370000 0.370000 0.370000 0.370000 0.370000 0.370000 0.370000 0.370000 0.370000 0.370000 0.370000 0.370000 0.370000 0.370000 0.370000 0.370000 0.370000 0.370000 0.370000 0.370000 0.370000 0.370000 0.370000 0.370000 0.370000 0.370000 0.370000 0.370000 0.370000 0.370000 0.370000 0.370000 0.370000 0.370000 0.370000 0.370000 0.370000 0.370000 0.370000 0.370000 0.370000 0.370000 0.370000 0.370000 0.370000 0.370000 0.370000 0.370000 0.370000 0.370000 0.370000 0.370000 0.370000 0.370000 0.352439 0.325371 0.307355 0.294024 0.284386 0.276408 0.269637 0.269234 0.265724 0.266115 -9999.0 -9999.0 -9999.0 -9999.0
-9999.0 0.252672 0.256299 0.263149 0.277546 0.295900 0.369998 0.370000 0.370000 0.370000 0.370000 0.370000 0.370000 0.370000 0.370000 0.370000 0.370000 0.370000 0.370000 0.370000 0.370000 0.370000 0.370000 0.370000 0.370000 0.370000 0.370000 0.370000 0.370000 0.370000 0.370000 0.370000 0.370000 0.370000 0.347078 0.330840 0.314370 0.313211 0.310016 0.302853 0.299456 0.296770 0.300460 0.299223 0.298729 0.300878 0.305710 0.308510 0.318409 0.329227 0.354622 0.370000 0.370000 0.370000 0.370000 0.370000 0.370000 0.370000 0.370000 0.370000 0.370000 0.370000 0.370000 0.370000 0.370000 0.370000 0.370000 0.370000 0.370000 0.368887 0.333013 0.311555 0.292130 0.278770 0.274690 -9999.0 -9999.0 -9999.0 -9999.0 -9999.0
-9999.0 0.246355 0.256681 0.261974 0.288891 0.369996 0.370000 0.370000 0.370000 0.370000 0.370000 0.370000 0.370000 0.370000 0.370000 0.370000 0.370000 0.370000 0.370000 0.370000 0.370000 0.370000 0.370000 0.370000 0.370000 0.370000 0.370000 0.370000 0.370000 0.368433 0.322914 0.318290 0.301694 0.287127 0.277371 0.271978 0.266406 0.266911 0.269511 0.267733 0.265877 0.263512 0.266248 0.267275 0.268458 0.266754 0.266762 0.269939 0.274983 0.279509 0.286954 0.301014 0.311536 0.326896 0.345710 0.370000 0.370000 0.370000 0.370000 0.370000 0.370000 0.370000 0.370000 0.370000 0.370000 0.370000 0.370000 0.370000 0.370000 0.370000 0.370000 0.370000 0.344151 -9999.0 -9999.0 -9999.0 -9999.0 -9999.0 -9999.0 -9999.0
-9999.0 0.243055 0.254434 0.255034 0.265144 0.285069 0.312514 0.348059 0.370000 0.370000 0.370000 0.370000 0.370000 0.370000 0.370000 0.370000 0.370000 0.370000 0.370000 0.357948 0.337762 0.330708 0.330962 0.328511 0.319526 0.315065 0.312574 0.307301 0.298978 0.285948 0.273415 0.267423 0.263247 0.262315 0.261550 0.260637 0.257789 0.259752 0.261035 0.260768 0.259871 0.259058 0.261263 0.261769 0.262402 0.260099 0.261442 0.262157 0.264237 0.266100 0.268875 0.273407 0.279706 0.283488 0.285720 0.295141 0.305356 0.321684 0.369999 0.370000 0.370000 0.370000 0.370000 0.370000 0.370000 0.370000 0.370000 0.370000 0.370000 0.370000 0.370000 -9999.0 -9999.0 -9999.0 -9999.0 -9999.0 -9999.0 -9999.0 -9999.0 -9999.0
-9999.0 -9999.0 0.240608 0.244977 0.248604 0.251809 0.256235 0.260176 0.266151 0.272618 0.281567 0.291313 0.297119 0.299755 0.296026 0.287625 0.282040 0.282440 0.280757 0.276145 0.272377 0.271836 0.271094 0.270673 0.269207 0.268663 0.268543 0.268202 0.267181 0.264135 0.261809 0.260307 0.258154 0.258790 0.258627 0.257806 0.258888 0.258641 0.258858 0.258679 0.258909 0.259307 0.259631 0.260190 0.260057 0.260211 0.260275 0.260745 0.261421 0.262205 0.264212 0.267447 0.269782 0.270160 0.268359 0.268759 0.270551 0.274579 0.290187 0.312066 0.348341 0.370000 0.370000 0.370000 0.370000 0.370000 0.370000 0.370000 0.370000 0.370000 -9999.0 -9999.0 -9999.0 -9999.0 -9999.0 -9999.0 -9999.0 -9999.0 -9999.0 -9999.0
-9999.0 -9999.0 -9999.0 -9999.0 0.238525 0.244829 0.250801 0.249817 0.253872 0.255878 0.257434 0.259342 0.260866 0.262013 0.260221 0.260115 0.259955 0.260360 0.260090 0.259708 0.259691 0.259543 0.259408 0.259058 0.259330 0.259795 0.259983 0.259364 0.259680 0.258559 0.258811 0.258343 0.257847 0.257033 0.257392 0.257352 0.257845 0.257353 0.258076 0.257550 0.258030 0.258152 0.258634 0.259519 0.258895 0.259404 0.259284 0.259860 0.259653 0.260943 0.263162 0.265743 0.267437 0.267187 0.264403 0.263497 0.262656 0.264105 0.266098 0.271321 0.285387 0.302955 0.321234 0.345864 0.370000 0.370000 0.370000 0.370000 -9999.0 -9999.0 -9999.0 -9999.0 -9999.0 -9999.0 -9999.0 -9999.0 -9999.0 -9999.0 -9999.0 -9999.0
-9999.0 -9999.0 -9999.0 -9999.0 -9999.0 -9999.0 0.241445 0.244661 0.243496 0.245811 0.247774 0.249151 0.251441 0.250902 0.251629 0.253678 0.253438 0.252539 0.251342 0.253177 0.253988 0.254235 0.252301 0.252940 0.253151 0.253895 0.253816 0.254247 0.252617 0.254797 0.255905 0.255686 0.255488 0.256013 0.255615 0.256944 0.257104 0.256064 0.255710 0.257148 0.257467 0.257128 0.257243 0.258025 0.259286 0.259358 0.258615 0.257505 0.258513 0.260967 0.263405 0.265349 0.266586 0.267203 0.265131 0.262075 0.260510 0.260019 0.260804 0.262311 0.267189 0.270222 0.272466 0.274607 0.281343 0.304375 -9999.0 -9999.0 -9999.0 -9999.0 -9999.0 -9999.0 -9999.0 -9999.0 -9999.0 -9999.0 -9999.0 -9999.0 -9999.0 -9999.0
-9999.0 -9999.0 -9999.0 -9999.0 -9999.0 -9999.0 -9999.0 -9999.0 -9999.0 -9999.0 -9999.0 -9999.0 -9999.0 -9999.0 -9999.0 -9999.0 -9999.0 -9999.0 -9999.0 -9999.0 -9999.0 -9999.0 -9999.0 -9999.0 -9999.0 -9999.0 -9999.0 -9999.0 -9999.0 -9999.0 -9999.0 -9999.0 -9999.0 -9999.0 -9999.0 -9999.0 -9999.0 -9999.0 -9999.0 -9999.0 -9999.0 -9999.0 -9999.0 -9999.0 -9999.0 -9999.0 -9999.0 -9999.0 -9999.0 -9999.0 -9999.0 -9999.0 -9999.0 -9999.0 -9999.0 -9999.0 -9999.0 -9999.0 -9999.0 -9999.0 -9999.0 -9999.0 -9999.0 -9999.0 -9999.0 -9999.0 -9999.0 -9999.0 -9999.0 -9999.0 -9999.0 -9999.0 -9999.0 -9999.0 -9999.0 -9999.0 -9999.0 -9999.0 -9999.0 -9999.0
-9999.0 -9999.0 -9999.0 -9999.0 -9999.0 -9999.0 -9999.0 -9999.0 -9999.0 -9999.0 -9999.0 -9999.0 -9999.0 -9999.0 -9999.0 -9999.0 -9999.0 -9999.0 -9999.0 -9999.0 -9999.0 -9999.0 -9999.0 -9999.0 -9999.0 -9999.0 -9999.0 -9999.0 -9999.0 -9999.0 -9999.0 -9999.0 -9999.0 -9999.0 -9999.0 -9999.0 -9999.0 -9999.0 -9999.0 -9999.0 -9999.0 -9999.0 -9999.0 -9999.0 -9999.0 -9999.0 -9999.0 -9999.0 -9999.0 -9999.0 -9999.0 -9999.0 -9999.0 -9999.0 -9999.0 -9999.0 -9999.0 -9999.0 -9999.0 -9999.0 -9999.0 -9999.0 -9999.0 -9999.0 -9999.0 -9999.0 -9999.0 -9999.0 -9999.0 -9999.0 -9999.0 -9999.0 -9999.0 -9999.0 -9999.0 -9999.0 -9999.0 -9999.0 -9999.0 -9999.0