Borden_/Borden1m_014/output_maps/thetaliqL0006N0003.asc
ncols         80
nrows         18
xllcorner     620200.000000
yllcorner     5168000.000000
cellsize      1.000000
NODATA_value  -9999.0
-9999.0 -9999.0 -9999.0 -9999.0 -9999.0 -9999.0 -9999.0 -9999.0 -9999.0 -9999.0 -9999.0 -9999.0 -9999.0 -9999.0 -9999.0 -9999.0 -9999.0 -9999.0 -9999.0 -9999.0 -9999.0 -9999.0 -9999.0 -9999.0 -9999.0 -9999.0 -9999.0 -9999.0 -9999.0 -9999.0 -9999.0 -9999.0 -9999.0 -9999.0 -9999.0 -9999.0 -9999.0 -9999.0 -9999.0 -9999.0 -9999.0 -9999.0 -9999.0 -9999.0 -9999.0 -9999.0 -9999.0 -9999.0 -9999.0 -9999.0 -9999.0 -9999.0 -9999.0 -9999.0 -9999.0 -9999.0 -9999.0 -9999.0 -9999.0 -9999.0 -9999.0 -9999.0 -9999.0 -9999.0 -9999.0 -9999.0 -9999.0 -9999.0 -9999.0 -9999.0 -9999.0 -9999.0 -9999.0 -9999.0 -9999.0 -9999.0 -9999.0 -9999.0 -9999.0 -9999.0
-9999.0 -9999.0 -9999.0 -9999.0 -9999.0 -9999.0 -9999.0 -9999.0 -9999.0 -9999.0 -9999.0 -9999.0 -9999.0 -9999.0 -9999.0 -9999.0 -9999.0 -9999.0 -9999.0 -9999.0 -9999.0 -9999.0 -9999.0 -9999.0 -9999.0 -9999.0 -9999.0 -9999.0 -9999.0 -9999.0 -9999.0 -9999.0 -9999.0 -9999.0 -9999.0 -9999.0 -9999.0 -9999.0 -9999.0 -9999.0 -9999.0 -9999.0 -9999.0 -9999.0 -9999.0 -9999.0 -9999.0 -9999.0 -9999.0 -9999.0 -9999.0 -9999.0 -9999.0 -9999.0 -9999.0 -9999.0 -9999.0 -9999.0 -9999.0 -9999.0 -9999.0 -9999.0 -9999.0 -9999.0 -9999.0 -9999.0 -9999.0 -9999.0 -9999.0 -9999.0 -9999.0 -9999.0 -9999.0 -9999.0 -9999.0 -9999.0 -9999.0 -9999.0 -9999.0 -9999.0
-9999.0 -9999.0 -9999.0 -9999.0 -9999.0 -9999.0 -9999.0 -9999.0 -9999.0 -9999.0 -9999.0 -9999.0 -9999.0 -9999.0 -9999.0 -9999.0 -9999.0 -9999.0 -9999.0 -9999.0 0.153261 0.154854 0.143495 0.129236 0.119383 0.119808 0.131914 0.149655 0.169747 0.175964 0.164945 0.165372 0.162170 0.162048 0.163648 0.166794 0.168017 0.174909 0.180149 0.179937 0.175990 0.172342 0.171224 0.173387 0.176403 0.171437 0.179773 0.189982 0.194735 0.191507 0.174091 0.164970 0.160836 0.153590 0.167320 0.175361 0.190831 0.194239 0.193875 0.176222 0.158801 -9999.0 -9999.0 -9999.0 -9999.0 -9999.0 -9999.0 -9999.0 -9999.0 -9999.0 -9999.0 -9999.0 -9999.0 -9999.0 -9999.0 -9999.0 -9999.0 -9999.0 -9999.0 -9999.0
-9999.0 -9999.0 -9999.0 -9999.0 -9999.0 -9999.0 -9999.0 -9999.0 -9999.0 -9999.0 -9999.0 -9999.0 -9999.0 -9999.0 0.117620 0.114516 0.113530 0.115804 0.126523 0.137997 0.143529 0.139921 0.139673 0.129911 0.122632 0.127297 0.138462 0.152650 0.170955 0.183412 0.174843 0.172816 0.179161 0.197656 0.208081 0.205793 0.190443 0.206116 0.218037 0.225249 0.224269 0.217491 0.228823 0.241582 0.236284 0.222702 0.225142 0.234273 0.246369 0.234951 0.187660 0.174485 0.173389 0.170061 0.163052 0.159791 0.174506 0.175702 0.171130 0.161215 0.145170 0.127201 0.121331 0.135568 0.156824 0.193009 -9999.0 -9999.0 -9999.0 -9999.0 -9999.0 -9999.0 -9999.0 -9999.0 -9999.0 -9999.0 -9999.0 -9999.0 -9999.0 -9999.0
-9999.0 -9999.0 -9999.0 -9999.0 -9999.0 -9999.0 -9999.0 -9999.0 -9999.0 0.103540 0.104178 0.105629 0.105881 0.109469 0.108981 0.110567 0.112558 0.119850 0.130318 0.144747 0.158931 0.153150 0.152896 0.159145 0.162954 0.169946 0.181993 0.209158 0.240624 0.272480 0.249601 0.247517 0.262162 0.299102 0.323026 0.328064 0.317698 0.318939 0.332086 0.342663 0.342054 0.341149 0.349339 0.352977 0.355064 0.350167 0.343972 0.343170 0.351816 0.333328 0.296714 0.256188 0.257877 0.234122 0.203339 0.187985 0.186502 0.202847 0.192796 0.169380 0.150041 0.146106 0.139071 0.146668 0.158629 0.187907 0.216250 0.239478 0.240478 0.227119 -9999.0 -9999.0 -9999.0 -9999.0 -9999.0 -9999.0 -9999.0 -9999.0 -9999.0 -9999.0
-9999.0 -9999.0 -9999.0 -9999.0 -9999.0 -9999.0 0.090587 0.091668 0.094411 0.095248 0.099234 0.100550 0.104607 0.108926 0.113986 0.118746 0.128963 0.141720 0.161966 0.188489 0.210650 0.206800 0.213328 0.239036 0.272927 0.296580 0.311254 0.331163 0.356781 0.364190 0.365888 0.366426 0.367218 0.369312 0.369964 0.369991 0.369956 0.369885 0.369955 0.369998 0.369999 0.369999 0.370000 0.370000 0.370000 0.370000 0.370000 0.369992 0.369983 0.369968 0.369572 0.366875 0.361957 0.352525 0.320944 0.282781 0.282068 0.294221 0.272604 0.232133 0.201023 0.194520 0.185549 0.176975 0.180979 0.194871 0.213016 0.222721 0.214113 0.199680 0.184172 0.166628 0.167921 0.184231 -9999.0 -9999.0 -9999.0 -9999.0 -9999.0 -9999.0
-9999.0 -9999.0 -9999.0 -9999.0 0.085130 0.086297 0.085139 0.087435 0.091176 0.095890 0.101586 0.109751 0.116819 0.126010 0.142332 0.161085 0.186713 0.209726 0.250862 0.301550 0.331204 0.342159 0.346518 0.361048 0.367990 0.369654 0.369844 0.369959 0.370000 0.370000 0.370000 0.370000 0.370000 0.370000 0.370000 0.370000 0.370000 0.370000 0.370000 0.370000 0.370000 0.370000 0.370000 0.370000 0.370000 0.370000 0.370000 0.370000 0.370000 0.370000 0.370000 0.370000 0.370000 0.370000 0.369994 0.369849 0.367932 0.365948 0.358430 0.344333 0.313118 0.297739 0.276021 0.257672 0.234835 0.236839 0.240628 0.226517 0.204771 0.183453 0.174613 0.164069 0.158963 0.176942 0.188998 0.211915 -9999.0 -9999.0 -9999.0 -9999.0
-9999.0 -9999.0 0.080536 0.084471 0.090419 0.091455 0.091740 0.092282 0.096139 0.105559 0.128091 0.150062 0.174176 0.192303 0.235067 0.298019 0.337893 0.353009 0.363913 0.368928 0.369892 0.369987 0.369998 0.370000 0.370000 0.370000 0.370000 0.370000 0.370000 0.370000 0.370000 0.370000 0.370000 0.370000 0.370000 0.370000 0.370000 0.370000 0.370000 0.370000 0.370000 0.370000 0.370000 0.370000 0.370000 0.370000 0.370000 0.370000 0.370000 0.370000 0.370000 0.370000 0.370000 0.370000 0.370000 0.370000 0.370000 0.370000 0.370000 0.369993 0.369505 0.367100 0.361318 0.350988 0.332449 0.317188 0.288808 0.260391 0.227027 0.195152 0.180597 0.169966 0.169413 0.170521 0.181098 0.192165 0.203611 0.209647 -9999.0 -9999.0
-9999.0 0.075505 0.078988 0.090166 0.102827 0.113288 0.126018 0.137069 0.146732 0.151970 0.219375 0.298542 0.343944 0.352223 0.362867 0.369373 0.369994 0.370000 0.370000 0.370000 0.370000 0.370000 0.370000 0.370000 0.370000 0.370000 0.370000 0.370000 0.370000 0.370000 0.370000 0.370000 0.370000 0.370000 0.370000 0.370000 0.370000 0.370000 0.370000 0.370000 0.370000 0.370000 0.370000 0.370000 0.370000 0.370000 0.370000 0.370000 0.370000 0.370000 0.370000 0.370000 0.370000 0.370000 0.370000 0.370000 0.370000 0.370000 0.370000 0.370000 0.370000 0.370000 0.369996 0.369753 0.367767 0.360997 0.348249 0.327028 0.290337 0.264134 0.241962 0.203472 0.188152 0.190382 0.184813 0.183754 0.188734 0.193426 -9999.0 -9999.0
-9999.0 0.073270 0.079149 0.099544 0.143627 0.175493 0.261165 0.317282 0.329949 0.317075 0.356914 0.369998 0.370000 0.370000 0.370000 0.370000 0.370000 0.370000 0.370000 0.370000 0.370000 0.370000 0.370000 0.370000 0.370000 0.370000 0.370000 0.370000 0.370000 0.370000 0.370000 0.370000 0.370000 0.370000 0.370000 0.370000 0.370000 0.370000 0.370000 0.369998 0.369993 0.370000 0.369998 0.369982 0.369974 0.369998 0.370000 0.370000 0.370000 0.370000 0.370000 0.370000 0.370000 0.370000 0.370000 0.370000 0.370000 0.370000 0.370000 0.370000 0.370000 0.370000 0.370000 0.370000 0.370000 0.369901 0.369152 0.366343 0.358664 0.348190 0.329832 0.296940 0.255142 0.235633 0.206548 0.191865 -9999.0 -9999.0 -9999.0 -9999.0
-9999.0 0.071846 0.078461 0.115831 0.261452 0.338611 0.369389 0.370000 0.370000 0.370000 0.370000 0.370000 0.370000 0.370000 0.370000 0.370000 0.370000 0.370000 0.370000 0.370000 0.370000 0.370000 0.370000 0.370000 0.370000 0.370000 0.370000 0.370000 0.370000 0.370000 0.370000 0.370000 0.370000 0.369798 0.368998 0.367694 0.362736 0.361535 0.358952 0.352141 0.346994 0.342502 0.348279 0.347495 0.347210 0.349734 0.355266 0.358387 0.364114 0.367235 0.369255 0.369890 0.369984 0.370000 0.370000 0.370000 0.370000 0.370000 0.370000 0.370000 0.370000 0.370000 0.370000 0.370000 0.370000 0.370000 0.370000 0.370000 0.369958 0.369525 0.367535 0.361441 0.346023 0.304006 0.275808 -9999.0 -9999.0 -9999.0 -9999.0 -9999.0
-9999.0 0.069747 0.075242 0.105836 0.294211 0.369829 0.370000 0.370000 0.370000 0.370000 0.370000 0.370000 0.370000 0.370000 0.370000 0.370000 0.370000 0.370000 0.370000 0.370000 0.370000 0.370000 0.370000 0.370000 0.370000 0.370000 0.370000 0.370000 0.369948 0.369560 0.365901 0.363686 0.349042 0.321612 0.294337 0.260860 0.222278 0.221386 0.233340 0.220684 0.204709 0.191695 0.209175 0.219865 0.227613 0.220174 0.226167 0.251648 0.286533 0.312511 0.336239 0.353330 0.361494 0.366789 0.368869 0.369840 0.369992 0.370000 0.370000 0.370000 0.370000 0.370000 0.370000 0.370000 0.370000 0.370000 0.370000 0.370000 0.370000 0.370000 0.370000 0.369902 0.368794 -9999.0 -9999.0 -9999.0 -9999.0 -9999.0 -9999.0 -9999.0
-9999.0 0.068696 0.071036 0.079459 0.133520 0.281321 0.355783 0.368404 0.369847 0.369823 0.369905 0.369979 0.369999 0.370000 0.369998 0.369940 0.369759 0.369786 0.369785 0.369430 0.368534 0.367746 0.367715 0.367192 0.364566 0.362208 0.360544 0.356410 0.346964 0.325304 0.273612 0.224906 0.183093 0.162269 0.147233 0.133185 0.119451 0.122982 0.128326 0.126562 0.122142 0.120492 0.130760 0.137916 0.142154 0.136103 0.143764 0.156613 0.180233 0.207238 0.241280 0.280096 0.313122 0.327943 0.334238 0.345059 0.356056 0.364790 0.369590 0.370000 0.370000 0.370000 0.370000 0.370000 0.370000 0.370000 0.370000 0.370000 0.370000 0.370000 0.370000 -9999.0 -9999.0 -9999.0 -9999.0 -9999.0 -9999.0 -9999.0 -9999.0 -9999.0
-9999.0 -9999.0 0.068690 0.070418 0.073833 0.083557 0.103438 0.131717 0.161051 0.211598 0.274465 0.319902 0.337744 0.343498 0.335805 0.314450 0.297478 0.297999 0.292324 0.282185 0.263789 0.257194 0.250985 0.245736 0.235407 0.229945 0.226479 0.218984 0.203257 0.173189 0.145061 0.124524 0.108863 0.103367 0.099148 0.095279 0.094634 0.094490 0.095624 0.095791 0.096559 0.098496 0.102462 0.107001 0.109165 0.110711 0.113965 0.120850 0.132350 0.149715 0.177966 0.215020 0.242484 0.249918 0.240855 0.244051 0.259548 0.290123 0.337316 0.360811 0.368936 0.369928 0.370000 0.370000 0.370000 0.370000 0.370000 0.370000 0.370000 0.370000 -9999.0 -9999.0 -9999.0 -9999.0 -9999.0 -9999.0 -9999.0 -9999.0 -9999.0 -9999.0
-9999.0 -9999.0 -9999.0 -9999.0 0.069025 0.070629 0.072270 0.074483 0.079874 0.088708 0.102040 0.119941 0.137185 0.146721 0.140552 0.136828 0.133172 0.132173 0.129213 0.126844 0.124575 0.122110 0.119008 0.116832 0.116549 0.117499 0.117034 0.113520 0.109704 0.103283 0.098511 0.092909 0.088185 0.085186 0.084016 0.083391 0.083430 0.083016 0.083843 0.084365 0.085744 0.087335 0.090133 0.093961 0.095823 0.098157 0.099886 0.104024 0.110919 0.126688 0.152844 0.184354 0.206271 0.207200 0.186996 0.175355 0.172050 0.188049 0.219411 0.269641 0.330944 0.354878 0.365194 0.368890 0.369750 0.369998 0.370000 0.370000 -9999.0 -9999.0 -9999.0 -9999.0 -9999.0 -9999.0 -9999.0 -9999.0 -9999.0 -9999.0 -9999.0 -9999.0
-9999.0 -9999.0 -9999.0 -9999.0 -9999.0 -9999.0 0.068650 0.069273 0.070163 0.071990 0.074870 0.078809 0.083787 0.085806 0.087254 0.089609 0.088965 0.087158 0.085597 0.087199 0.088091 0.087618 0.084977 0.084822 0.085107 0.086047 0.085971 0.085406 0.083229 0.083821 0.083642 0.081825 0.080032 0.079140 0.078488 0.079063 0.079124 0.078434 0.078604 0.080157 0.081494 0.082518 0.084436 0.087739 0.091615 0.093554 0.093647 0.094553 0.101868 0.119382 0.146033 0.173953 0.192686 0.196438 0.175962 0.151584 0.140241 0.141886 0.156922 0.186017 0.238197 0.272090 0.292152 0.305557 0.321018 0.356494 -9999.0 -9999.0 -9999.0 -9999.0 -9999.0 -9999.0 -9999.0 -9999.0 -9999.0 -9999.0 -9999.0 -9999.0 -9999.0 -9999.0
-9999.0 -9999.0 -9999.0 -9999.0 -9999.0 -9999.0 -9999.0 -9999.0 -9999.0 -9999.0 -9999.0 -9999.0 -9999.0 -9999.0 -9999.0 -9999.0 -9999.0 -9999.0 -9999.0 -9999.0 -9999.0 -9999.0 -9999.0 -9999.0 -9999.0 -9999.0 -9999.0 -9999.0 -9999.0 -9999.0 -9999.0 -9999.0 -9999.0 -9999.0 -9999.0 -9999.0 -9999.0 -9999.0 -9999.0 -9999.0 -9999.0 -9999.0 -9999.0 -9999.0 -9999.0 -9999.0 -9999.0 -9999.0 -9999.0 -9999.0 -9999.0 -9999.0 -9999.0 -9999.0 -9999.0 -9999.0 -9999.0 -9999.0 -9999.0 -9999.0 -9999.0 -9999.0 -9999.0 -9999.0 -9999.0 -9999.0 -9999.0 -9999.0 -9999.0 -9999.0 -9999.0 -9999.0 -9999.0 -9999.0 -9999.0 -9999.0 -9999.0 -9999.0 -9999.0 -9999.0
-9999.0 -9999.0 -9999.0 -9999.0 -9999.0 -9999.0 -9999.0 -9999.0 -9999.0 -9999.0 -9999.0 -9999.0 -9999.0 -9999.0 -9999.0 -9999.0 -9999.0 -9999.0 -9999.0 -9999.0 -9999.0 -9999.0 -9999.0 -9999.0 -9999.0 -9999.0 -9999.0 -9999.0 -9999.0 -9999.0 -9999.0 -9999.0 -9999.0 -9999.0 -9999.0 -9999.0 -9999.0 -9999.0 -9999.0 -9999.0 -9999.0 -9999.0 -9999.0 -9999.0 -9999.0 -9999.0 -9999.0 -9999.0 -9999.0 -9999.0 -9999.0 -9999.0 -9999.0 -9999.0 -9999.0 -9999.0 -9999.0 -9999.0 -9999.0 -9999.0 -9999.0 -9999.0 -9999.0 -9999.0 -9999.0 -9999.0 -9999.0 -9999.0 -9999.0 -9999.0 -9999.0 -9999.0 -9999.0 -9999.0 -9999.0 -9999.0 -9999.0 -9999.0 -9999.0 -9999.0