Borden_/Borden1m_014/output_maps/thetaliqL0008N0005.asc
ncols         80
nrows         18
xllcorner     620200.000000
yllcorner     5168000.000000
cellsize      1.000000
NODATA_value  -9999.0
-9999.0 -9999.0 -9999.0 -9999.0 -9999.0 -9999.0 -9999.0 -9999.0 -9999.0 -9999.0 -9999.0 -9999.0 -9999.0 -9999.0 -9999.0 -9999.0 -9999.0 -9999.0 -9999.0 -9999.0 -9999.0 -9999.0 -9999.0 -9999.0 -9999.0 -9999.0 -9999.0 -9999.0 -9999.0 -9999.0 -9999.0 -9999.0 -9999.0 -9999.0 -9999.0 -9999.0 -9999.0 -9999.0 -9999.0 -9999.0 -9999.0 -9999.0 -9999.0 -9999.0 -9999.0 -9999.0 -9999.0 -9999.0 -9999.0 -9999.0 -9999.0 -9999.0 -9999.0 -9999.0 -9999.0 -9999.0 -9999.0 -9999.0 -9999.0 -9999.0 -9999.0 -9999.0 -9999.0 -9999.0 -9999.0 -9999.0 -9999.0 -9999.0 -9999.0 -9999.0 -9999.0 -9999.0 -9999.0 -9999.0 -9999.0 -9999.0 -9999.0 -9999.0 -9999.0 -9999.0
-9999.0 -9999.0 -9999.0 -9999.0 -9999.0 -9999.0 -9999.0 -9999.0 -9999.0 -9999.0 -9999.0 -9999.0 -9999.0 -9999.0 -9999.0 -9999.0 -9999.0 -9999.0 -9999.0 -9999.0 -9999.0 -9999.0 -9999.0 -9999.0 -9999.0 -9999.0 -9999.0 -9999.0 -9999.0 -9999.0 -9999.0 -9999.0 -9999.0 -9999.0 -9999.0 -9999.0 -9999.0 -9999.0 -9999.0 -9999.0 -9999.0 -9999.0 -9999.0 -9999.0 -9999.0 -9999.0 -9999.0 -9999.0 -9999.0 -9999.0 -9999.0 -9999.0 -9999.0 -9999.0 -9999.0 -9999.0 -9999.0 -9999.0 -9999.0 -9999.0 -9999.0 -9999.0 -9999.0 -9999.0 -9999.0 -9999.0 -9999.0 -9999.0 -9999.0 -9999.0 -9999.0 -9999.0 -9999.0 -9999.0 -9999.0 -9999.0 -9999.0 -9999.0 -9999.0 -9999.0
-9999.0 -9999.0 -9999.0 -9999.0 -9999.0 -9999.0 -9999.0 -9999.0 -9999.0 -9999.0 -9999.0 -9999.0 -9999.0 -9999.0 -9999.0 -9999.0 -9999.0 -9999.0 -9999.0 -9999.0 0.365152 0.365449 0.362644 0.356060 0.347664 0.348157 0.357716 0.364423 0.367626 0.368164 0.367107 0.367186 0.366798 0.366760 0.366958 0.367350 0.367510 0.368128 0.368496 0.368484 0.368216 0.367935 0.367871 0.368057 0.368298 0.367862 0.368496 0.369016 0.369183 0.369058 0.368047 0.367144 0.366577 0.365309 0.367359 0.368089 0.368984 0.369113 0.369091 0.368116 0.366138 -9999.0 -9999.0 -9999.0 -9999.0 -9999.0 -9999.0 -9999.0 -9999.0 -9999.0 -9999.0 -9999.0 -9999.0 -9999.0 -9999.0 -9999.0 -9999.0 -9999.0 -9999.0 -9999.0
-9999.0 -9999.0 -9999.0 -9999.0 -9999.0 -9999.0 -9999.0 -9999.0 -9999.0 -9999.0 -9999.0 -9999.0 -9999.0 -9999.0 0.345521 0.341438 0.339984 0.343256 0.354160 0.360662 0.362674 0.361434 0.361355 0.356537 0.350918 0.354743 0.360916 0.365151 0.367787 0.368693 0.368156 0.368007 0.368469 0.369289 0.369544 0.369498 0.369040 0.369516 0.369721 0.369808 0.369805 0.369735 0.369848 0.369923 0.369897 0.369794 0.369816 0.369880 0.369934 0.369875 0.368920 0.368131 0.368012 0.367696 0.366870 0.366402 0.368053 0.368127 0.367726 0.366553 0.363152 0.354573 0.349502 0.359482 0.365770 0.369028 -9999.0 -9999.0 -9999.0 -9999.0 -9999.0 -9999.0 -9999.0 -9999.0 -9999.0 -9999.0 -9999.0 -9999.0 -9999.0 -9999.0
-9999.0 -9999.0 -9999.0 -9999.0 -9999.0 -9999.0 -9999.0 -9999.0 -9999.0 0.318531 0.320473 0.324277 0.324968 0.332872 0.331828 0.334929 0.338250 0.348128 0.356747 0.363076 0.366226 0.365221 0.365188 0.366279 0.366775 0.367598 0.368574 0.369566 0.369910 0.369989 0.369949 0.369943 0.369978 0.369999 0.370000 0.370000 0.370000 0.370000 0.370000 0.370000 0.370000 0.370000 0.370000 0.370000 0.370000 0.370000 0.370000 0.370000 0.370000 0.370000 0.369999 0.369966 0.369970 0.369877 0.369461 0.368947 0.368867 0.369421 0.369101 0.367591 0.364529 0.363433 0.361010 0.363584 0.366119 0.368821 0.369643 0.369879 0.369884 0.369776 -9999.0 -9999.0 -9999.0 -9999.0 -9999.0 -9999.0 -9999.0 -9999.0 -9999.0 -9999.0
-9999.0 -9999.0 -9999.0 -9999.0 -9999.0 -9999.0 0.262099 0.268822 0.283822 0.287689 0.304684 0.309257 0.321478 0.331523 0.340578 0.346781 0.355729 0.362030 0.366666 0.368898 0.369579 0.369508 0.369647 0.369902 0.369989 0.369999 0.370000 0.370000 0.370000 0.370000 0.370000 0.370000 0.370000 0.370000 0.370000 0.370000 0.370000 0.370000 0.370000 0.370000 0.370000 0.370000 0.370000 0.370000 0.370000 0.370000 0.370000 0.370000 0.370000 0.370000 0.370000 0.370000 0.370000 0.370000 0.370000 0.369997 0.369996 0.369999 0.369989 0.369856 0.369372 0.369150 0.368738 0.368200 0.368477 0.369137 0.369596 0.369736 0.369607 0.369265 0.368608 0.367158 0.367301 0.368598 -9999.0 -9999.0 -9999.0 -9999.0 -9999.0 -9999.0
-9999.0 -9999.0 -9999.0 -9999.0 0.222521 0.231966 0.222384 0.240606 0.265785 0.290782 0.312473 0.332930 0.344207 0.353560 0.362155 0.366431 0.368785 0.369570 0.369949 0.370000 0.370000 0.370000 0.370000 0.370000 0.370000 0.370000 0.370000 0.370000 0.370000 0.370000 0.370000 0.370000 0.370000 0.370000 0.370000 0.370000 0.370000 0.370000 0.370000 0.370000 0.370000 0.370000 0.370000 0.370000 0.370000 0.370000 0.370000 0.370000 0.370000 0.370000 0.370000 0.370000 0.370000 0.370000 0.370000 0.370000 0.370000 0.370000 0.370000 0.370000 0.370000 0.369999 0.369991 0.369963 0.369864 0.369875 0.369895 0.369786 0.369421 0.368587 0.367965 0.366861 0.366103 0.368121 0.368843 0.369550 -9999.0 -9999.0 -9999.0 -9999.0
-9999.0 -9999.0 0.181021 0.216537 0.260668 0.266837 0.267797 0.270803 0.290510 0.323032 0.354615 0.364187 0.367913 0.369066 0.369873 0.369999 0.370000 0.370000 0.370000 0.370000 0.370000 0.370000 0.370000 0.370000 0.370000 0.370000 0.370000 0.370000 0.370000 0.370000 0.370000 0.370000 0.370000 0.370000 0.370000 0.370000 0.370000 0.370000 0.370000 0.370000 0.370000 0.370000 0.370000 0.370000 0.370000 0.370000 0.370000 0.370000 0.370000 0.370000 0.370000 0.370000 0.370000 0.370000 0.370000 0.370000 0.370000 0.370000 0.370000 0.370000 0.370000 0.370000 0.370000 0.370000 0.370000 0.370000 0.369997 0.369968 0.369792 0.369136 0.368411 0.367542 0.367473 0.367568 0.368412 0.368982 0.369364 0.369506 -9999.0 -9999.0
-9999.0 0.130483 0.165010 0.257688 0.315035 0.338120 0.352074 0.358805 0.362830 0.364643 0.369714 0.369999 0.370000 0.370000 0.370000 0.370000 0.370000 0.370000 0.370000 0.370000 0.370000 0.370000 0.370000 0.370000 0.370000 0.370000 0.370000 0.370000 0.370000 0.370000 0.370000 0.370000 0.370000 0.370000 0.370000 0.370000 0.370000 0.370000 0.370000 0.370000 0.370000 0.370000 0.370000 0.370000 0.370000 0.370000 0.370000 0.370000 0.370000 0.370000 0.370000 0.370000 0.370000 0.370000 0.370000 0.370000 0.370000 0.370000 0.370000 0.370000 0.370000 0.370000 0.370000 0.370000 0.370000 0.370000 0.370000 0.370000 0.369997 0.369973 0.369895 0.369367 0.368812 0.368911 0.368638 0.368574 0.368829 0.369031 -9999.0 -9999.0
-9999.0 0.108505 0.164822 0.301841 0.361752 0.367738 0.369956 0.370000 0.370000 0.370000 0.370000 0.370000 0.370000 0.370000 0.370000 0.370000 0.370000 0.370000 0.370000 0.370000 0.370000 0.370000 0.370000 0.370000 0.370000 0.370000 0.370000 0.370000 0.370000 0.370000 0.370000 0.370000 0.370000 0.370000 0.370000 0.370000 0.370000 0.370000 0.370000 0.370000 0.370000 0.370000 0.370000 0.370000 0.370000 0.370000 0.370000 0.370000 0.370000 0.370000 0.370000 0.370000 0.370000 0.370000 0.370000 0.370000 0.370000 0.370000 0.370000 0.370000 0.370000 0.370000 0.370000 0.370000 0.370000 0.370000 0.370000 0.370000 0.370000 0.370000 0.370000 0.369998 0.369945 0.369848 0.369434 0.368974 -9999.0 -9999.0 -9999.0 -9999.0
-9999.0 0.095556 0.155518 0.337935 0.369951 0.370000 0.370000 0.370000 0.370000 0.370000 0.370000 0.370000 0.370000 0.370000 0.370000 0.370000 0.370000 0.370000 0.370000 0.370000 0.370000 0.370000 0.370000 0.370000 0.370000 0.370000 0.370000 0.370000 0.370000 0.370000 0.370000 0.370000 0.370000 0.370000 0.370000 0.370000 0.370000 0.370000 0.370000 0.370000 0.370000 0.370000 0.370000 0.370000 0.370000 0.370000 0.370000 0.370000 0.370000 0.370000 0.370000 0.370000 0.370000 0.370000 0.370000 0.370000 0.370000 0.370000 0.370000 0.370000 0.370000 0.370000 0.370000 0.370000 0.370000 0.370000 0.370000 0.370000 0.370000 0.370000 0.370000 0.370000 0.370000 0.369999 0.369985 -9999.0 -9999.0 -9999.0 -9999.0 -9999.0
-9999.0 0.079726 0.122737 0.312981 0.369989 0.370000 0.370000 0.370000 0.370000 0.370000 0.370000 0.370000 0.370000 0.370000 0.370000 0.370000 0.370000 0.370000 0.370000 0.370000 0.370000 0.370000 0.370000 0.370000 0.370000 0.370000 0.370000 0.370000 0.370000 0.370000 0.370000 0.370000 0.370000 0.370000 0.369999 0.369971 0.369753 0.369742 0.369857 0.369732 0.369431 0.369006 0.369535 0.369716 0.369808 0.369732 0.369807 0.369954 0.369997 0.370000 0.370000 0.370000 0.370000 0.370000 0.370000 0.370000 0.370000 0.370000 0.370000 0.370000 0.370000 0.370000 0.370000 0.370000 0.370000 0.370000 0.370000 0.370000 0.370000 0.370000 0.370000 0.370000 0.370000 -9999.0 -9999.0 -9999.0 -9999.0 -9999.0 -9999.0 -9999.0
-9999.0 0.073796 0.088131 0.156879 0.350963 0.369968 0.370000 0.370000 0.370000 0.370000 0.370000 0.370000 0.370000 0.370000 0.370000 0.370000 0.370000 0.370000 0.370000 0.370000 0.370000 0.370000 0.370000 0.370000 0.370000 0.370000 0.370000 0.370000 0.370000 0.370000 0.369990 0.369777 0.368541 0.366479 0.363286 0.357522 0.346523 0.350274 0.354594 0.353372 0.349656 0.348127 0.356557 0.360320 0.361979 0.359586 0.362623 0.365755 0.368420 0.369505 0.369906 0.369993 0.370000 0.370000 0.370000 0.370000 0.370000 0.370000 0.370000 0.370000 0.370000 0.370000 0.370000 0.370000 0.370000 0.370000 0.370000 0.370000 0.370000 0.370000 0.370000 -9999.0 -9999.0 -9999.0 -9999.0 -9999.0 -9999.0 -9999.0 -9999.0 -9999.0
-9999.0 -9999.0 0.073666 0.083598 0.107420 0.186936 0.297477 0.349476 0.364164 0.369348 0.369982 0.370000 0.370000 0.370000 0.370000 0.370000 0.369999 0.369999 0.369998 0.369994 0.369975 0.369962 0.369943 0.369922 0.369868 0.369827 0.369792 0.369691 0.369353 0.367695 0.362625 0.351422 0.329698 0.316035 0.302120 0.286026 0.283536 0.282564 0.287965 0.288908 0.292756 0.301032 0.314713 0.326955 0.331684 0.334869 0.340278 0.348907 0.357714 0.364314 0.368265 0.369646 0.369909 0.369942 0.369906 0.369923 0.369972 0.369998 0.370000 0.370000 0.370000 0.370000 0.370000 0.370000 0.370000 0.370000 0.370000 0.370000 0.370000 0.370000 -9999.0 -9999.0 -9999.0 -9999.0 -9999.0 -9999.0 -9999.0 -9999.0 -9999.0 -9999.0
-9999.0 -9999.0 -9999.0 -9999.0 0.075276 0.084843 0.096509 0.114069 0.161954 0.234599 0.303023 0.342785 0.357971 0.362125 0.360005 0.358726 0.356886 0.356112 0.354021 0.352503 0.350885 0.348537 0.344787 0.341991 0.341803 0.343293 0.342682 0.337438 0.330283 0.315154 0.299587 0.273741 0.244492 0.221728 0.212067 0.207028 0.207444 0.203627 0.210878 0.215649 0.227195 0.239508 0.258865 0.281087 0.290343 0.300371 0.306811 0.319703 0.335234 0.354097 0.365024 0.368660 0.369474 0.369500 0.368841 0.368129 0.367857 0.368919 0.369736 0.369988 0.370000 0.370000 0.370000 0.370000 0.370000 0.370000 0.370000 0.370000 -9999.0 -9999.0 -9999.0 -9999.0 -9999.0 -9999.0 -9999.0 -9999.0 -9999.0 -9999.0 -9999.0 -9999.0
-9999.0 -9999.0 -9999.0 -9999.0 -9999.0 -9999.0 0.073413 0.076817 0.082066 0.095393 0.120593 0.158254 0.204206 0.221830 0.234493 0.251856 0.247991 0.234708 0.222104 0.235031 0.242482 0.238916 0.217872 0.216895 0.219644 0.227181 0.226575 0.222189 0.203870 0.209959 0.209066 0.192806 0.175875 0.167337 0.160931 0.166757 0.167386 0.160409 0.161921 0.177456 0.190444 0.199938 0.216775 0.242924 0.268514 0.279459 0.279939 0.284414 0.313275 0.347323 0.363317 0.367929 0.369051 0.369193 0.368133 0.364853 0.361574 0.362158 0.365937 0.368829 0.369900 0.369990 0.369999 0.370000 0.370000 0.370000 -9999.0 -9999.0 -9999.0 -9999.0 -9999.0 -9999.0 -9999.0 -9999.0 -9999.0 -9999.0 -9999.0 -9999.0 -9999.0 -9999.0
-9999.0 -9999.0 -9999.0 -9999.0 -9999.0 -9999.0 -9999.0 -9999.0 -9999.0 -9999.0 -9999.0 -9999.0 -9999.0 -9999.0 -9999.0 -9999.0 -9999.0 -9999.0 -9999.0 -9999.0 -9999.0 -9999.0 -9999.0 -9999.0 -9999.0 -9999.0 -9999.0 -9999.0 -9999.0 -9999.0 -9999.0 -9999.0 -9999.0 -9999.0 -9999.0 -9999.0 -9999.0 -9999.0 -9999.0 -9999.0 -9999.0 -9999.0 -9999.0 -9999.0 -9999.0 -9999.0 -9999.0 -9999.0 -9999.0 -9999.0 -9999.0 -9999.0 -9999.0 -9999.0 -9999.0 -9999.0 -9999.0 -9999.0 -9999.0 -9999.0 -9999.0 -9999.0 -9999.0 -9999.0 -9999.0 -9999.0 -9999.0 -9999.0 -9999.0 -9999.0 -9999.0 -9999.0 -9999.0 -9999.0 -9999.0 -9999.0 -9999.0 -9999.0 -9999.0 -9999.0
-9999.0 -9999.0 -9999.0 -9999.0 -9999.0 -9999.0 -9999.0 -9999.0 -9999.0 -9999.0 -9999.0 -9999.0 -9999.0 -9999.0 -9999.0 -9999.0 -9999.0 -9999.0 -9999.0 -9999.0 -9999.0 -9999.0 -9999.0 -9999.0 -9999.0 -9999.0 -9999.0 -9999.0 -9999.0 -9999.0 -9999.0 -9999.0 -9999.0 -9999.0 -9999.0 -9999.0 -9999.0 -9999.0 -9999.0 -9999.0 -9999.0 -9999.0 -9999.0 -9999.0 -9999.0 -9999.0 -9999.0 -9999.0 -9999.0 -9999.0 -9999.0 -9999.0 -9999.0 -9999.0 -9999.0 -9999.0 -9999.0 -9999.0 -9999.0 -9999.0 -9999.0 -9999.0 -9999.0 -9999.0 -9999.0 -9999.0 -9999.0 -9999.0 -9999.0 -9999.0 -9999.0 -9999.0 -9999.0 -9999.0 -9999.0 -9999.0 -9999.0 -9999.0 -9999.0 -9999.0