Borden_/Borden1m_014/output_maps/thetaliqL0004N0008.asc
ncols         80
nrows         18
xllcorner     620200.000000
yllcorner     5168000.000000
cellsize      1.000000
NODATA_value  -9999.0
-9999.0 -9999.0 -9999.0 -9999.0 -9999.0 -9999.0 -9999.0 -9999.0 -9999.0 -9999.0 -9999.0 -9999.0 -9999.0 -9999.0 -9999.0 -9999.0 -9999.0 -9999.0 -9999.0 -9999.0 -9999.0 -9999.0 -9999.0 -9999.0 -9999.0 -9999.0 -9999.0 -9999.0 -9999.0 -9999.0 -9999.0 -9999.0 -9999.0 -9999.0 -9999.0 -9999.0 -9999.0 -9999.0 -9999.0 -9999.0 -9999.0 -9999.0 -9999.0 -9999.0 -9999.0 -9999.0 -9999.0 -9999.0 -9999.0 -9999.0 -9999.0 -9999.0 -9999.0 -9999.0 -9999.0 -9999.0 -9999.0 -9999.0 -9999.0 -9999.0 -9999.0 -9999.0 -9999.0 -9999.0 -9999.0 -9999.0 -9999.0 -9999.0 -9999.0 -9999.0 -9999.0 -9999.0 -9999.0 -9999.0 -9999.0 -9999.0 -9999.0 -9999.0 -9999.0 -9999.0
-9999.0 -9999.0 -9999.0 -9999.0 -9999.0 -9999.0 -9999.0 -9999.0 -9999.0 -9999.0 -9999.0 -9999.0 -9999.0 -9999.0 -9999.0 -9999.0 -9999.0 -9999.0 -9999.0 -9999.0 -9999.0 -9999.0 -9999.0 -9999.0 -9999.0 -9999.0 -9999.0 -9999.0 -9999.0 -9999.0 -9999.0 -9999.0 -9999.0 -9999.0 -9999.0 -9999.0 -9999.0 -9999.0 -9999.0 -9999.0 -9999.0 -9999.0 -9999.0 -9999.0 -9999.0 -9999.0 -9999.0 -9999.0 -9999.0 -9999.0 -9999.0 -9999.0 -9999.0 -9999.0 -9999.0 -9999.0 -9999.0 -9999.0 -9999.0 -9999.0 -9999.0 -9999.0 -9999.0 -9999.0 -9999.0 -9999.0 -9999.0 -9999.0 -9999.0 -9999.0 -9999.0 -9999.0 -9999.0 -9999.0 -9999.0 -9999.0 -9999.0 -9999.0 -9999.0 -9999.0
-9999.0 -9999.0 -9999.0 -9999.0 -9999.0 -9999.0 -9999.0 -9999.0 -9999.0 -9999.0 -9999.0 -9999.0 -9999.0 -9999.0 -9999.0 -9999.0 -9999.0 -9999.0 -9999.0 -9999.0 0.094428 0.095003 0.091861 0.088040 0.085363 0.085426 0.088685 0.093400 0.098919 0.100652 0.097413 0.097603 0.096630 0.096542 0.096958 0.097852 0.098188 0.100139 0.101632 0.101546 0.100393 0.099351 0.098953 0.099554 0.100465 0.099037 0.101469 0.104493 0.105931 0.105010 0.099939 0.097422 0.096328 0.094229 0.098220 0.100471 0.105059 0.106046 0.106045 0.100773 0.095853 -9999.0 -9999.0 -9999.0 -9999.0 -9999.0 -9999.0 -9999.0 -9999.0 -9999.0 -9999.0 -9999.0 -9999.0 -9999.0 -9999.0 -9999.0 -9999.0 -9999.0 -9999.0 -9999.0
-9999.0 -9999.0 -9999.0 -9999.0 -9999.0 -9999.0 -9999.0 -9999.0 -9999.0 -9999.0 -9999.0 -9999.0 -9999.0 -9999.0 0.085213 0.084278 0.083955 0.084450 0.087339 0.090344 0.091693 0.090631 0.090724 0.088019 0.085979 0.087287 0.090241 0.093932 0.098928 0.102531 0.099968 0.099371 0.101211 0.106902 0.110266 0.109472 0.104404 0.109466 0.113466 0.116072 0.115736 0.113262 0.117470 0.122532 0.120348 0.115162 0.115966 0.119316 0.124303 0.119778 0.103561 0.099814 0.099610 0.098763 0.096773 0.095792 0.100078 0.100322 0.099036 0.096413 0.092136 0.087300 0.085679 0.089605 0.095283 0.105844 -9999.0 -9999.0 -9999.0 -9999.0 -9999.0 -9999.0 -9999.0 -9999.0 -9999.0 -9999.0 -9999.0 -9999.0 -9999.0 -9999.0
-9999.0 -9999.0 -9999.0 -9999.0 -9999.0 -9999.0 -9999.0 -9999.0 -9999.0 0.081527 0.081623 0.082026 0.081960 0.082987 0.082607 0.083049 0.083495 0.085456 0.088145 0.091942 0.095871 0.094116 0.094022 0.095850 0.096926 0.098838 0.102210 0.110707 0.122178 0.137156 0.125924 0.125077 0.131688 0.153886 0.177314 0.184245 0.171694 0.171840 0.188368 0.207512 0.206622 0.205068 0.223000 0.233109 0.240359 0.226007 0.210341 0.207470 0.227863 0.190133 0.152525 0.128919 0.129786 0.119596 0.108608 0.103809 0.103261 0.108550 0.105395 0.098517 0.093185 0.092378 0.090414 0.092487 0.095614 0.104021 0.112999 0.121535 0.121956 0.116816 -9999.0 -9999.0 -9999.0 -9999.0 -9999.0 -9999.0 -9999.0 -9999.0 -9999.0 -9999.0
-9999.0 -9999.0 -9999.0 -9999.0 -9999.0 -9999.0 0.078010 0.078254 0.079041 0.078923 0.080128 0.080301 0.081456 0.082579 0.083902 0.085065 0.087812 0.091149 0.096619 0.104236 0.111260 0.109865 0.112051 0.121704 0.137735 0.152810 0.164607 0.187210 0.245140 0.282111 0.295262 0.299882 0.308268 0.350115 0.370000 0.370000 0.370000 0.370000 0.370000 0.370000 0.370000 0.370000 0.370000 0.370000 0.370000 0.370000 0.370000 0.370000 0.370000 0.370000 0.360151 0.306285 0.269539 0.231732 0.176350 0.143682 0.142322 0.150020 0.136824 0.118759 0.107948 0.106048 0.103375 0.100714 0.101861 0.105948 0.111776 0.115143 0.112176 0.107565 0.103007 0.097895 0.098302 0.103093 -9999.0 -9999.0 -9999.0 -9999.0 -9999.0 -9999.0
-9999.0 -9999.0 -9999.0 -9999.0 0.076108 0.076557 0.075835 0.076660 0.077799 0.079122 0.080538 0.082789 0.084579 0.086983 0.091365 0.096440 0.103880 0.111061 0.126758 0.155907 0.186637 0.205985 0.215563 0.265082 0.321090 0.360980 0.369674 0.370000 0.370000 0.370000 0.370000 0.370000 0.370000 0.370000 0.370000 0.370000 0.370000 0.370000 0.370000 0.370000 0.370000 0.370000 0.370000 0.370000 0.370000 0.370000 0.370000 0.370000 0.370000 0.370000 0.370000 0.370000 0.370000 0.370000 0.370000 0.370000 0.319956 0.298116 0.251870 0.210272 0.165433 0.152554 0.138685 0.129429 0.119553 0.120294 0.121819 0.116403 0.109055 0.102526 0.100117 0.097182 0.095660 0.100892 0.104354 0.111739 -9999.0 -9999.0 -9999.0 -9999.0
-9999.0 -9999.0 0.074877 0.075924 0.077857 0.077870 0.077815 0.077771 0.078829 0.081517 0.087741 0.093516 0.100345 0.105598 0.120470 0.154152 0.199658 0.234136 0.280795 0.338686 0.370000 0.370000 0.370000 0.370000 0.370000 0.370000 0.370000 0.370000 0.370000 0.370000 0.370000 0.370000 0.370000 0.370000 0.370000 0.370000 0.370000 0.370000 0.370000 0.370000 0.370000 0.370000 0.370000 0.370000 0.370000 0.370000 0.370000 0.370000 0.370000 0.370000 0.370000 0.370000 0.370000 0.370000 0.370000 0.370000 0.370000 0.370000 0.370000 0.370000 0.359010 0.310488 0.264161 0.222910 0.186591 0.168306 0.145600 0.130223 0.116593 0.105933 0.101661 0.098701 0.098675 0.098874 0.101976 0.105251 0.108919 0.110863 -9999.0 -9999.0
-9999.0 0.073393 0.074206 0.077854 0.081131 0.083851 0.087244 0.090253 0.092856 0.093835 0.114999 0.158196 0.213609 0.231446 0.273103 0.354631 0.370000 0.370000 0.370000 0.370000 0.370000 0.370000 0.370000 0.370000 0.370000 0.370000 0.370000 0.370000 0.370000 0.370000 0.370000 0.370000 0.370000 0.370000 0.370000 0.370000 0.370000 0.370000 0.370000 0.370000 0.370000 0.370000 0.370000 0.370000 0.370000 0.370000 0.370000 0.370000 0.370000 0.370000 0.370000 0.370000 0.370000 0.370000 0.370000 0.370000 0.370000 0.370000 0.370000 0.370000 0.370000 0.370000 0.370000 0.367385 0.319693 0.259557 0.214953 0.179177 0.146749 0.132266 0.122601 0.108608 0.103865 0.104710 0.102995 0.102688 0.104198 0.105619 -9999.0 -9999.0
-9999.0 0.072101 0.074361 0.080420 0.092243 0.100687 0.133554 0.176731 0.191752 0.176338 0.250427 0.370000 0.370000 0.370000 0.370000 0.370000 0.370000 0.370000 0.370000 0.370000 0.370000 0.370000 0.370000 0.370000 0.370000 0.370000 0.370000 0.370000 0.370000 0.370000 0.370000 0.370000 0.370000 0.370000 0.370000 0.370000 0.370000 0.370000 0.370000 0.370000 0.370000 0.370000 0.370000 0.370000 0.370000 0.370000 0.370000 0.370000 0.370000 0.370000 0.370000 0.370000 0.370000 0.370000 0.370000 0.370000 0.370000 0.370000 0.370000 0.370000 0.370000 0.370000 0.370000 0.370000 0.370000 0.370000 0.344503 0.302330 0.250593 0.215872 0.183279 0.151792 0.128050 0.119964 0.109585 0.105162 -9999.0 -9999.0 -9999.0 -9999.0
-9999.0 0.071635 0.074126 0.085313 0.133417 0.201590 0.361092 0.370000 0.370000 0.370000 0.370000 0.370000 0.370000 0.370000 0.370000 0.370000 0.370000 0.370000 0.370000 0.370000 0.370000 0.370000 0.370000 0.370000 0.370000 0.370000 0.370000 0.370000 0.370000 0.370000 0.370000 0.370000 0.370000 0.368893 0.338813 0.315170 0.272429 0.266901 0.255072 0.230019 0.216672 0.208329 0.220139 0.216733 0.215620 0.223344 0.241196 0.252112 0.283335 0.311641 0.346751 0.370000 0.370000 0.370000 0.370000 0.370000 0.370000 0.370000 0.370000 0.370000 0.370000 0.370000 0.370000 0.370000 0.370000 0.370000 0.370000 0.370000 0.370000 0.359079 0.318328 0.264981 0.211544 0.156842 0.138433 -9999.0 -9999.0 -9999.0 -9999.0 -9999.0
-9999.0 0.070229 0.073224 0.082718 0.158600 0.370000 0.370000 0.370000 0.370000 0.370000 0.370000 0.370000 0.370000 0.370000 0.370000 0.370000 0.370000 0.370000 0.370000 0.370000 0.370000 0.370000 0.370000 0.370000 0.370000 0.370000 0.370000 0.370000 0.370000 0.358216 0.294915 0.280802 0.224044 0.175446 0.151393 0.132181 0.115915 0.115576 0.120083 0.115205 0.109708 0.105409 0.111092 0.114659 0.117466 0.114737 0.116824 0.127023 0.145134 0.164406 0.192382 0.229527 0.263469 0.306371 0.336479 0.369736 0.370000 0.370000 0.370000 0.370000 0.370000 0.370000 0.370000 0.370000 0.370000 0.370000 0.370000 0.370000 0.370000 0.370000 0.370000 0.370000 0.338719 -9999.0 -9999.0 -9999.0 -9999.0 -9999.0 -9999.0 -9999.0
-9999.0 0.069561 0.071586 0.074342 0.091181 0.150305 0.251855 0.337780 0.370000 0.369992 0.370000 0.370000 0.370000 0.370000 0.370000 0.370000 0.366824 0.366194 0.365918 0.351805 0.328642 0.315465 0.315725 0.309720 0.286119 0.272034 0.263186 0.244744 0.215283 0.179334 0.138348 0.117016 0.103112 0.097051 0.092923 0.089140 0.085222 0.086348 0.087882 0.087374 0.086108 0.085565 0.088446 0.090315 0.091482 0.089625 0.091745 0.095182 0.101871 0.110108 0.122274 0.140634 0.164342 0.180275 0.189051 0.208797 0.240759 0.287671 0.361868 0.370000 0.370000 0.370000 0.370000 0.370000 0.370000 0.370000 0.370000 0.370000 0.370000 0.370000 0.370000 -9999.0 -9999.0 -9999.0 -9999.0 -9999.0 -9999.0 -9999.0 -9999.0 -9999.0
-9999.0 -9999.0 0.069345 0.070320 0.071841 0.075321 0.081711 0.090165 0.098923 0.114741 0.142428 0.177742 0.202192 0.213135 0.198409 0.170004 0.154515 0.155088 0.151150 0.144305 0.133853 0.130661 0.127911 0.125664 0.121206 0.118984 0.117674 0.114981 0.109636 0.100328 0.092360 0.086852 0.082544 0.081192 0.080060 0.078922 0.078878 0.078812 0.079142 0.079158 0.079380 0.079932 0.081003 0.082235 0.082766 0.083166 0.084002 0.085804 0.088799 0.093316 0.101085 0.112559 0.122592 0.125651 0.121907 0.123353 0.130320 0.147226 0.194992 0.262348 0.339247 0.370000 0.370000 0.370000 0.370000 0.370000 0.370000 0.370000 0.370000 0.370000 -9999.0 -9999.0 -9999.0 -9999.0 -9999.0 -9999.0 -9999.0 -9999.0 -9999.0 -9999.0
-9999.0 -9999.0 -9999.0 -9999.0 0.069300 0.070379 0.071541 0.072168 0.074307 0.077140 0.081024 0.086011 0.090662 0.093320 0.091361 0.090220 0.089209 0.089035 0.088249 0.087535 0.086894 0.086234 0.085445 0.084832 0.084770 0.085050 0.084950 0.083962 0.083022 0.081166 0.079919 0.078365 0.077019 0.076086 0.075809 0.075625 0.075703 0.075522 0.075852 0.075920 0.076362 0.076811 0.077630 0.078763 0.079160 0.079834 0.080268 0.081415 0.083143 0.087281 0.094207 0.103005 0.109679 0.109945 0.103560 0.100234 0.099290 0.104027 0.114174 0.135359 0.184951 0.235034 0.291110 0.337279 0.366985 0.370000 0.370000 0.370000 -9999.0 -9999.0 -9999.0 -9999.0 -9999.0 -9999.0 -9999.0 -9999.0 -9999.0 -9999.0 -9999.0 -9999.0
-9999.0 -9999.0 -9999.0 -9999.0 -9999.0 -9999.0 0.069395 0.069898 0.070101 0.070934 0.072057 0.073411 0.075110 0.075623 0.076082 0.076941 0.076728 0.076134 0.075577 0.076214 0.076537 0.076436 0.075489 0.075511 0.075609 0.075957 0.075926 0.075816 0.075015 0.075424 0.075505 0.074966 0.074430 0.074243 0.074003 0.074348 0.074388 0.074047 0.074050 0.074687 0.075105 0.075344 0.075891 0.076896 0.078105 0.078623 0.078545 0.078640 0.080684 0.085453 0.092490 0.100058 0.105469 0.106672 0.100570 0.093720 0.090640 0.091028 0.095051 0.103260 0.121005 0.136262 0.148312 0.158534 0.173268 0.242277 -9999.0 -9999.0 -9999.0 -9999.0 -9999.0 -9999.0 -9999.0 -9999.0 -9999.0 -9999.0 -9999.0 -9999.0 -9999.0 -9999.0
-9999.0 -9999.0 -9999.0 -9999.0 -9999.0 -9999.0 -9999.0 -9999.0 -9999.0 -9999.0 -9999.0 -9999.0 -9999.0 -9999.0 -9999.0 -9999.0 -9999.0 -9999.0 -9999.0 -9999.0 -9999.0 -9999.0 -9999.0 -9999.0 -9999.0 -9999.0 -9999.0 -9999.0 -9999.0 -9999.0 -9999.0 -9999.0 -9999.0 -9999.0 -9999.0 -9999.0 -9999.0 -9999.0 -9999.0 -9999.0 -9999.0 -9999.0 -9999.0 -9999.0 -9999.0 -9999.0 -9999.0 -9999.0 -9999.0 -9999.0 -9999.0 -9999.0 -9999.0 -9999.0 -9999.0 -9999.0 -9999.0 -9999.0 -9999.0 -9999.0 -9999.0 -9999.0 -9999.0 -9999.0 -9999.0 -9999.0 -9999.0 -9999.0 -9999.0 -9999.0 -9999.0 -9999.0 -9999.0 -9999.0 -9999.0 -9999.0 -9999.0 -9999.0 -9999.0 -9999.0
-9999.0 -9999.0 -9999.0 -9999.0 -9999.0 -9999.0 -9999.0 -9999.0 -9999.0 -9999.0 -9999.0 -9999.0 -9999.0 -9999.0 -9999.0 -9999.0 -9999.0 -9999.0 -9999.0 -9999.0 -9999.0 -9999.0 -9999.0 -9999.0 -9999.0 -9999.0 -9999.0 -9999.0 -9999.0 -9999.0 -9999.0 -9999.0 -9999.0 -9999.0 -9999.0 -9999.0 -9999.0 -9999.0 -9999.0 -9999.0 -9999.0 -9999.0 -9999.0 -9999.0 -9999.0 -9999.0 -9999.0 -9999.0 -9999.0 -9999.0 -9999.0 -9999.0 -9999.0 -9999.0 -9999.0 -9999.0 -9999.0 -9999.0 -9999.0 -9999.0 -9999.0 -9999.0 -9999.0 -9999.0 -9999.0 -9999.0 -9999.0 -9999.0 -9999.0 -9999.0 -9999.0 -9999.0 -9999.0 -9999.0 -9999.0 -9999.0 -9999.0 -9999.0 -9999.0 -9999.0