Borden_/Borden1m_014/output_maps/thetaliqL0005N0037.asc
ncols         80
nrows         18
xllcorner     620200.000000
yllcorner     5168000.000000
cellsize      1.000000
NODATA_value  -9999.0
-9999.0 -9999.0 -9999.0 -9999.0 -9999.0 -9999.0 -9999.0 -9999.0 -9999.0 -9999.0 -9999.0 -9999.0 -9999.0 -9999.0 -9999.0 -9999.0 -9999.0 -9999.0 -9999.0 -9999.0 -9999.0 -9999.0 -9999.0 -9999.0 -9999.0 -9999.0 -9999.0 -9999.0 -9999.0 -9999.0 -9999.0 -9999.0 -9999.0 -9999.0 -9999.0 -9999.0 -9999.0 -9999.0 -9999.0 -9999.0 -9999.0 -9999.0 -9999.0 -9999.0 -9999.0 -9999.0 -9999.0 -9999.0 -9999.0 -9999.0 -9999.0 -9999.0 -9999.0 -9999.0 -9999.0 -9999.0 -9999.0 -9999.0 -9999.0 -9999.0 -9999.0 -9999.0 -9999.0 -9999.0 -9999.0 -9999.0 -9999.0 -9999.0 -9999.0 -9999.0 -9999.0 -9999.0 -9999.0 -9999.0 -9999.0 -9999.0 -9999.0 -9999.0 -9999.0 -9999.0
-9999.0 -9999.0 -9999.0 -9999.0 -9999.0 -9999.0 -9999.0 -9999.0 -9999.0 -9999.0 -9999.0 -9999.0 -9999.0 -9999.0 -9999.0 -9999.0 -9999.0 -9999.0 -9999.0 -9999.0 -9999.0 -9999.0 -9999.0 -9999.0 -9999.0 -9999.0 -9999.0 -9999.0 -9999.0 -9999.0 -9999.0 -9999.0 -9999.0 -9999.0 -9999.0 -9999.0 -9999.0 -9999.0 -9999.0 -9999.0 -9999.0 -9999.0 -9999.0 -9999.0 -9999.0 -9999.0 -9999.0 -9999.0 -9999.0 -9999.0 -9999.0 -9999.0 -9999.0 -9999.0 -9999.0 -9999.0 -9999.0 -9999.0 -9999.0 -9999.0 -9999.0 -9999.0 -9999.0 -9999.0 -9999.0 -9999.0 -9999.0 -9999.0 -9999.0 -9999.0 -9999.0 -9999.0 -9999.0 -9999.0 -9999.0 -9999.0 -9999.0 -9999.0 -9999.0 -9999.0
-9999.0 -9999.0 -9999.0 -9999.0 -9999.0 -9999.0 -9999.0 -9999.0 -9999.0 -9999.0 -9999.0 -9999.0 -9999.0 -9999.0 -9999.0 -9999.0 -9999.0 -9999.0 -9999.0 -9999.0 0.135494 0.137158 0.130608 0.122859 0.117257 0.117154 0.123807 0.133118 0.144158 0.147308 0.140260 0.141078 0.138796 0.138167 0.138743 0.140706 0.141551 0.145360 0.148175 0.147778 0.145361 0.143320 0.142371 0.143412 0.145526 0.142293 0.147470 0.153546 0.156231 0.154806 0.145113 0.140490 0.138510 0.133709 0.142702 0.147010 0.156248 0.157979 0.158348 0.147793 0.137852 -9999.0 -9999.0 -9999.0 -9999.0 -9999.0 -9999.0 -9999.0 -9999.0 -9999.0 -9999.0 -9999.0 -9999.0 -9999.0 -9999.0 -9999.0 -9999.0 -9999.0 -9999.0 -9999.0
-9999.0 -9999.0 -9999.0 -9999.0 -9999.0 -9999.0 -9999.0 -9999.0 -9999.0 -9999.0 -9999.0 -9999.0 -9999.0 -9999.0 0.118369 0.116094 0.115201 0.115651 0.121540 0.127371 0.129467 0.126896 0.127810 0.121861 0.117199 0.120088 0.125939 0.132751 0.142435 0.149524 0.144167 0.142906 0.146485 0.157996 0.164565 0.162873 0.151777 0.162655 0.170593 0.175921 0.175315 0.170030 0.178945 0.189351 0.184976 0.174078 0.175516 0.182057 0.192272 0.183371 0.150188 0.143565 0.143609 0.142456 0.138328 0.136104 0.145601 0.145560 0.143106 0.138530 0.130284 0.120347 0.116797 0.125359 0.136490 0.157962 -9999.0 -9999.0 -9999.0 -9999.0 -9999.0 -9999.0 -9999.0 -9999.0 -9999.0 -9999.0 -9999.0 -9999.0 -9999.0 -9999.0
-9999.0 -9999.0 -9999.0 -9999.0 -9999.0 -9999.0 -9999.0 -9999.0 -9999.0 0.111517 0.111423 0.112244 0.111561 0.113816 0.111943 0.112881 0.113261 0.117237 0.122133 0.129452 0.137605 0.133344 0.132984 0.136813 0.138467 0.141856 0.148167 0.165231 0.188459 0.218600 0.197216 0.196123 0.210305 0.256183 0.296034 0.306726 0.288642 0.289960 0.313487 0.333910 0.335880 0.335563 0.348525 0.353569 0.355733 0.349110 0.337455 0.334820 0.347425 0.314645 0.254569 0.204669 0.204403 0.183318 0.160750 0.151507 0.150041 0.161448 0.155318 0.141689 0.131115 0.130559 0.126242 0.130754 0.136495 0.153388 0.170774 0.187055 0.187798 0.177931 -9999.0 -9999.0 -9999.0 -9999.0 -9999.0 -9999.0 -9999.0 -9999.0 -9999.0 -9999.0
-9999.0 -9999.0 -9999.0 -9999.0 -9999.0 -9999.0 0.105064 0.105300 0.106879 0.105119 0.107898 0.107357 0.109774 0.111716 0.114180 0.115869 0.121271 0.127536 0.138031 0.152758 0.166703 0.163399 0.167907 0.188481 0.223285 0.254912 0.277280 0.313119 0.356580 0.365713 0.367367 0.367891 0.368393 0.369443 0.369937 0.369973 0.369931 0.369870 0.369945 0.369996 0.370000 0.370000 0.370000 0.370000 0.370000 0.370000 0.369997 0.369982 0.369968 0.369940 0.369599 0.368105 0.363587 0.350488 0.295583 0.239278 0.232420 0.242984 0.216586 0.181003 0.159458 0.156413 0.151456 0.145910 0.148489 0.156446 0.167868 0.174560 0.168847 0.160141 0.151910 0.141428 0.142469 0.152375 -9999.0 -9999.0 -9999.0 -9999.0 -9999.0 -9999.0
-9999.0 -9999.0 -9999.0 -9999.0 0.100149 0.101437 0.098420 0.100655 0.103081 0.105582 0.107515 0.111923 0.114841 0.119286 0.127798 0.137015 0.151856 0.166322 0.198927 0.258001 0.309416 0.332757 0.344632 0.363718 0.368636 0.369655 0.369820 0.369944 0.369997 0.370000 0.370000 0.370000 0.370000 0.370000 0.370000 0.370000 0.370000 0.370000 0.370000 0.370000 0.370000 0.370000 0.370000 0.370000 0.370000 0.370000 0.370000 0.370000 0.370000 0.370000 0.370000 0.370000 0.370000 0.369995 0.369976 0.369820 0.368628 0.367289 0.358882 0.336286 0.277326 0.249304 0.220315 0.201584 0.181672 0.183416 0.186863 0.176561 0.162485 0.149773 0.145725 0.140044 0.136412 0.147699 0.154193 0.169025 -9999.0 -9999.0 -9999.0 -9999.0
-9999.0 -9999.0 0.098436 0.099802 0.104288 0.103092 0.102250 0.101210 0.103041 0.108581 0.121096 0.131330 0.144893 0.155197 0.186207 0.255912 0.327563 0.353839 0.366057 0.369168 0.369884 0.369986 0.370000 0.370000 0.370000 0.370000 0.370000 0.370000 0.370000 0.370000 0.370000 0.370000 0.370000 0.370000 0.370000 0.370000 0.370000 0.370000 0.370000 0.370000 0.370000 0.370000 0.370000 0.370000 0.370000 0.370000 0.370000 0.370000 0.370000 0.370000 0.370000 0.370000 0.370000 0.370000 0.370000 0.370000 0.370000 0.370000 0.369998 0.369975 0.369433 0.367867 0.362428 0.345638 0.304411 0.269969 0.229654 0.201733 0.176460 0.155684 0.147759 0.142414 0.142984 0.142840 0.149356 0.155711 0.163294 0.167002 -9999.0 -9999.0
-9999.0 0.095952 0.096328 0.104378 0.109473 0.113998 0.119615 0.124731 0.129797 0.130178 0.175120 0.263678 0.337125 0.351614 0.364839 0.369643 0.370000 0.370000 0.370000 0.370000 0.370000 0.370000 0.370000 0.370000 0.370000 0.370000 0.370000 0.370000 0.370000 0.370000 0.370000 0.370000 0.370000 0.370000 0.370000 0.370000 0.370000 0.370000 0.370000 0.370000 0.370000 0.370000 0.370000 0.370000 0.370000 0.370000 0.370000 0.370000 0.370000 0.370000 0.370000 0.370000 0.370000 0.370000 0.370000 0.370000 0.370000 0.370000 0.370000 0.370000 0.370000 0.370000 0.369983 0.369708 0.368266 0.361361 0.337713 0.289433 0.232682 0.205779 0.187949 0.160601 0.151833 0.154470 0.151062 0.150495 0.153582 0.156367 -9999.0 -9999.0
-9999.0 0.091312 0.096850 0.108431 0.130580 0.144517 0.216113 0.286964 0.310607 0.289245 0.359380 0.370000 0.370000 0.370000 0.370000 0.370000 0.370000 0.370000 0.370000 0.370000 0.370000 0.370000 0.370000 0.370000 0.370000 0.370000 0.370000 0.370000 0.370000 0.370000 0.370000 0.370000 0.370000 0.370000 0.370000 0.370000 0.370000 0.370000 0.369999 0.369990 0.369980 0.369994 0.369989 0.369967 0.369960 0.369989 0.369999 0.369998 0.369999 0.370000 0.370000 0.370000 0.370000 0.370000 0.370000 0.370000 0.370000 0.370000 0.370000 0.370000 0.370000 0.370000 0.370000 0.370000 0.369997 0.369815 0.368893 0.366426 0.355455 0.334240 0.293743 0.241040 0.197366 0.183029 0.162953 0.155544 -9999.0 -9999.0 -9999.0 -9999.0
-9999.0 0.090426 0.096070 0.118004 0.209852 0.320915 0.368446 0.369995 0.370000 0.370000 0.370000 0.370000 0.370000 0.370000 0.370000 0.370000 0.370000 0.370000 0.370000 0.370000 0.370000 0.370000 0.370000 0.370000 0.370000 0.370000 0.370000 0.370000 0.370000 0.370000 0.370000 0.370000 0.369997 0.369779 0.369233 0.368455 0.364357 0.362144 0.358993 0.349761 0.341314 0.333687 0.342775 0.341556 0.341292 0.345963 0.354256 0.359072 0.365812 0.368165 0.369355 0.369901 0.369981 0.369999 0.370000 0.370000 0.370000 0.370000 0.370000 0.370000 0.370000 0.370000 0.370000 0.370000 0.370000 0.370000 0.369999 0.369922 0.369357 0.368077 0.365999 0.358605 0.327900 0.246470 0.216115 -9999.0 -9999.0 -9999.0 -9999.0 -9999.0
-9999.0 0.085042 0.094698 0.112521 0.254415 0.368929 0.369975 0.370000 0.370000 0.370000 0.370000 0.370000 0.370000 0.370000 0.370000 0.370000 0.370000 0.370000 0.370000 0.370000 0.370000 0.370000 0.370000 0.370000 0.370000 0.370000 0.369998 0.369992 0.369881 0.369415 0.367027 0.364556 0.345566 0.294863 0.250802 0.211831 0.177002 0.176221 0.185342 0.175055 0.163816 0.154516 0.166631 0.173607 0.179301 0.173586 0.177807 0.198093 0.233246 0.269881 0.316500 0.350557 0.362912 0.368001 0.369134 0.369859 0.369985 0.370000 0.370000 0.370000 0.370000 0.370000 0.370000 0.370000 0.370000 0.370000 0.370000 0.370000 0.369979 0.369841 0.369706 0.369405 0.368110 -9999.0 -9999.0 -9999.0 -9999.0 -9999.0 -9999.0 -9999.0
-9999.0 0.082694 0.090986 0.095073 0.127746 0.242623 0.354367 0.368907 0.369998 0.369820 0.369740 0.369913 0.369980 0.369995 0.369978 0.369885 0.369713 0.369744 0.369746 0.369440 0.368731 0.368249 0.368216 0.367847 0.365790 0.363402 0.361153 0.355331 0.339487 0.297331 0.222327 0.179538 0.150404 0.138341 0.130540 0.123404 0.115021 0.118166 0.121587 0.120583 0.117898 0.116501 0.122829 0.126409 0.128844 0.124170 0.128715 0.135175 0.148290 0.164098 0.187465 0.222200 0.264469 0.293301 0.311073 0.336953 0.356507 0.366749 0.369610 0.369996 0.370000 0.370000 0.370000 0.370000 0.370000 0.370000 0.370000 0.370000 0.369996 0.369968 0.369964 -9999.0 -9999.0 -9999.0 -9999.0 -9999.0 -9999.0 -9999.0 -9999.0 -9999.0
-9999.0 -9999.0 0.081286 0.084375 0.087940 0.094451 0.107560 0.129019 0.151218 0.182821 0.235608 0.293517 0.323862 0.334077 0.320985 0.284634 0.259354 0.259912 0.252387 0.238751 0.216648 0.208938 0.203054 0.198114 0.188232 0.183391 0.180623 0.175023 0.164174 0.145215 0.129716 0.119309 0.110758 0.108940 0.107016 0.104704 0.105350 0.105075 0.105737 0.105661 0.106190 0.107353 0.109305 0.111711 0.112512 0.113304 0.114740 0.118085 0.123642 0.132024 0.147032 0.169337 0.188197 0.193800 0.186548 0.189841 0.204169 0.239024 0.322944 0.362607 0.369095 0.369921 0.369999 0.370000 0.370000 0.370000 0.370000 0.370000 0.369601 0.369778 -9999.0 -9999.0 -9999.0 -9999.0 -9999.0 -9999.0 -9999.0 -9999.0 -9999.0 -9999.0
-9999.0 -9999.0 -9999.0 -9999.0 0.080280 0.084342 0.088837 0.089206 0.094470 0.099971 0.107091 0.116592 0.125825 0.131370 0.126787 0.124727 0.122914 0.122816 0.121269 0.119897 0.118846 0.117628 0.116155 0.114918 0.115018 0.115821 0.115778 0.113742 0.112358 0.108695 0.106895 0.104137 0.101731 0.099797 0.099597 0.099317 0.099744 0.099154 0.100103 0.099902 0.100892 0.101669 0.103259 0.105636 0.105896 0.107314 0.107937 0.110171 0.112912 0.120765 0.134264 0.151496 0.164374 0.164673 0.151634 0.145122 0.142842 0.152111 0.171796 0.214960 0.307287 0.354368 0.366854 0.368946 0.369559 0.369914 0.369990 0.369995 -9999.0 -9999.0 -9999.0 -9999.0 -9999.0 -9999.0 -9999.0 -9999.0 -9999.0 -9999.0 -9999.0 -9999.0
-9999.0 -9999.0 -9999.0 -9999.0 -9999.0 -9999.0 0.081672 0.083772 0.083447 0.085702 0.088301 0.090986 0.094757 0.095288 0.096462 0.098987 0.098543 0.097097 0.095554 0.097583 0.098596 0.098575 0.095994 0.096402 0.096693 0.097652 0.097560 0.097648 0.095501 0.097427 0.098244 0.097301 0.096385 0.096430 0.095840 0.097162 0.097320 0.096176 0.095956 0.097793 0.098635 0.098791 0.099697 0.101749 0.104458 0.105343 0.104747 0.104198 0.108115 0.117647 0.131419 0.146053 0.156436 0.158950 0.146825 0.132730 0.126311 0.126640 0.134143 0.149563 0.184276 0.214453 0.240486 0.265444 0.297727 0.356825 -9999.0 -9999.0 -9999.0 -9999.0 -9999.0 -9999.0 -9999.0 -9999.0 -9999.0 -9999.0 -9999.0 -9999.0 -9999.0 -9999.0
-9999.0 -9999.0 -9999.0 -9999.0 -9999.0 -9999.0 -9999.0 -9999.0 -9999.0 -9999.0 -9999.0 -9999.0 -9999.0 -9999.0 -9999.0 -9999.0 -9999.0 -9999.0 -9999.0 -9999.0 -9999.0 -9999.0 -9999.0 -9999.0 -9999.0 -9999.0 -9999.0 -9999.0 -9999.0 -9999.0 -9999.0 -9999.0 -9999.0 -9999.0 -9999.0 -9999.0 -9999.0 -9999.0 -9999.0 -9999.0 -9999.0 -9999.0 -9999.0 -9999.0 -9999.0 -9999.0 -9999.0 -9999.0 -9999.0 -9999.0 -9999.0 -9999.0 -9999.0 -9999.0 -9999.0 -9999.0 -9999.0 -9999.0 -9999.0 -9999.0 -9999.0 -9999.0 -9999.0 -9999.0 -9999.0 -9999.0 -9999.0 -9999.0 -9999.0 -9999.0 -9999.0 -9999.0 -9999.0 -9999.0 -9999.0 -9999.0 -9999.0 -9999.0 -9999.0 -9999.0
-9999.0 -9999.0 -9999.0 -9999.0 -9999.0 -9999.0 -9999.0 -9999.0 -9999.0 -9999.0 -9999.0 -9999.0 -9999.0 -9999.0 -9999.0 -9999.0 -9999.0 -9999.0 -9999.0 -9999.0 -9999.0 -9999.0 -9999.0 -9999.0 -9999.0 -9999.0 -9999.0 -9999.0 -9999.0 -9999.0 -9999.0 -9999.0 -9999.0 -9999.0 -9999.0 -9999.0 -9999.0 -9999.0 -9999.0 -9999.0 -9999.0 -9999.0 -9999.0 -9999.0 -9999.0 -9999.0 -9999.0 -9999.0 -9999.0 -9999.0 -9999.0 -9999.0 -9999.0 -9999.0 -9999.0 -9999.0 -9999.0 -9999.0 -9999.0 -9999.0 -9999.0 -9999.0 -9999.0 -9999.0 -9999.0 -9999.0 -9999.0 -9999.0 -9999.0 -9999.0 -9999.0 -9999.0 -9999.0 -9999.0 -9999.0 -9999.0 -9999.0 -9999.0 -9999.0 -9999.0