Borden_/Borden1m_014/output_maps/thetaliqL0005N0032.asc
ncols         80
nrows         18
xllcorner     620200.000000
yllcorner     5168000.000000
cellsize      1.000000
NODATA_value  -9999.0
-9999.0 -9999.0 -9999.0 -9999.0 -9999.0 -9999.0 -9999.0 -9999.0 -9999.0 -9999.0 -9999.0 -9999.0 -9999.0 -9999.0 -9999.0 -9999.0 -9999.0 -9999.0 -9999.0 -9999.0 -9999.0 -9999.0 -9999.0 -9999.0 -9999.0 -9999.0 -9999.0 -9999.0 -9999.0 -9999.0 -9999.0 -9999.0 -9999.0 -9999.0 -9999.0 -9999.0 -9999.0 -9999.0 -9999.0 -9999.0 -9999.0 -9999.0 -9999.0 -9999.0 -9999.0 -9999.0 -9999.0 -9999.0 -9999.0 -9999.0 -9999.0 -9999.0 -9999.0 -9999.0 -9999.0 -9999.0 -9999.0 -9999.0 -9999.0 -9999.0 -9999.0 -9999.0 -9999.0 -9999.0 -9999.0 -9999.0 -9999.0 -9999.0 -9999.0 -9999.0 -9999.0 -9999.0 -9999.0 -9999.0 -9999.0 -9999.0 -9999.0 -9999.0 -9999.0 -9999.0
-9999.0 -9999.0 -9999.0 -9999.0 -9999.0 -9999.0 -9999.0 -9999.0 -9999.0 -9999.0 -9999.0 -9999.0 -9999.0 -9999.0 -9999.0 -9999.0 -9999.0 -9999.0 -9999.0 -9999.0 -9999.0 -9999.0 -9999.0 -9999.0 -9999.0 -9999.0 -9999.0 -9999.0 -9999.0 -9999.0 -9999.0 -9999.0 -9999.0 -9999.0 -9999.0 -9999.0 -9999.0 -9999.0 -9999.0 -9999.0 -9999.0 -9999.0 -9999.0 -9999.0 -9999.0 -9999.0 -9999.0 -9999.0 -9999.0 -9999.0 -9999.0 -9999.0 -9999.0 -9999.0 -9999.0 -9999.0 -9999.0 -9999.0 -9999.0 -9999.0 -9999.0 -9999.0 -9999.0 -9999.0 -9999.0 -9999.0 -9999.0 -9999.0 -9999.0 -9999.0 -9999.0 -9999.0 -9999.0 -9999.0 -9999.0 -9999.0 -9999.0 -9999.0 -9999.0 -9999.0
-9999.0 -9999.0 -9999.0 -9999.0 -9999.0 -9999.0 -9999.0 -9999.0 -9999.0 -9999.0 -9999.0 -9999.0 -9999.0 -9999.0 -9999.0 -9999.0 -9999.0 -9999.0 -9999.0 -9999.0 0.129443 0.131005 0.124591 0.117000 0.111561 0.111497 0.117980 0.127146 0.138043 0.141202 0.134321 0.135063 0.132863 0.132308 0.132913 0.134822 0.135634 0.139407 0.142212 0.141850 0.139478 0.137457 0.136549 0.137598 0.139642 0.136503 0.141569 0.147574 0.150259 0.148792 0.139142 0.134518 0.132533 0.127896 0.136613 0.140903 0.150054 0.151808 0.152124 0.141655 0.131841 -9999.0 -9999.0 -9999.0 -9999.0 -9999.0 -9999.0 -9999.0 -9999.0 -9999.0 -9999.0 -9999.0 -9999.0 -9999.0 -9999.0 -9999.0 -9999.0 -9999.0 -9999.0 -9999.0
-9999.0 -9999.0 -9999.0 -9999.0 -9999.0 -9999.0 -9999.0 -9999.0 -9999.0 -9999.0 -9999.0 -9999.0 -9999.0 -9999.0 0.112432 0.110274 0.109441 0.109961 0.115695 0.121440 0.123593 0.121138 0.121920 0.116171 0.111708 0.114483 0.120222 0.127005 0.136595 0.143609 0.138355 0.137120 0.140661 0.152002 0.158498 0.156824 0.146020 0.156654 0.164493 0.169714 0.169080 0.163882 0.172610 0.182887 0.178555 0.167830 0.169320 0.175840 0.185953 0.177160 0.144458 0.137803 0.137776 0.136559 0.132512 0.130368 0.139600 0.139640 0.137198 0.132578 0.124406 0.114702 0.111284 0.119546 0.130531 0.151738 -9999.0 -9999.0 -9999.0 -9999.0 -9999.0 -9999.0 -9999.0 -9999.0 -9999.0 -9999.0 -9999.0 -9999.0 -9999.0 -9999.0
-9999.0 -9999.0 -9999.0 -9999.0 -9999.0 -9999.0 -9999.0 -9999.0 -9999.0 0.105689 0.105639 0.106433 0.105851 0.108012 0.106359 0.107261 0.107708 0.111572 0.116433 0.123654 0.131633 0.127553 0.127224 0.130956 0.132648 0.136052 0.142335 0.159147 0.182065 0.212010 0.190608 0.189456 0.203483 0.249591 0.290574 0.301706 0.282783 0.284023 0.308382 0.330468 0.331815 0.331118 0.346557 0.352545 0.355075 0.347411 0.334228 0.331531 0.346517 0.309887 0.248012 0.197952 0.197830 0.176970 0.154787 0.145640 0.144257 0.155422 0.149332 0.135848 0.125422 0.124704 0.120526 0.124904 0.130639 0.147330 0.164690 0.181048 0.181806 0.171894 -9999.0 -9999.0 -9999.0 -9999.0 -9999.0 -9999.0 -9999.0 -9999.0 -9999.0 -9999.0
-9999.0 -9999.0 -9999.0 -9999.0 -9999.0 -9999.0 0.099380 0.099641 0.101160 0.099677 0.102305 0.101912 0.104233 0.106162 0.108586 0.110328 0.115613 0.121815 0.132200 0.146804 0.160581 0.157332 0.161712 0.181944 0.216527 0.248519 0.271152 0.307810 0.356556 0.365930 0.367601 0.368151 0.368656 0.369521 0.369948 0.369984 0.369941 0.369874 0.369944 0.369995 0.370000 0.370000 0.370000 0.370000 0.370000 0.370000 0.369997 0.369980 0.369966 0.369942 0.369643 0.368403 0.363938 0.349982 0.289794 0.232630 0.225658 0.236493 0.210172 0.174782 0.153521 0.150423 0.145471 0.140035 0.142553 0.150472 0.161849 0.168525 0.162810 0.154085 0.145791 0.135454 0.136450 0.146213 -9999.0 -9999.0 -9999.0 -9999.0 -9999.0 -9999.0
-9999.0 -9999.0 -9999.0 -9999.0 0.094823 0.096001 0.093336 0.095387 0.097689 0.100114 0.102110 0.106392 0.109331 0.113722 0.122089 0.131281 0.145853 0.160080 0.192285 0.251497 0.304309 0.329230 0.342255 0.363918 0.368828 0.369691 0.369830 0.369943 0.369997 0.370000 0.370000 0.370000 0.370000 0.370000 0.370000 0.370000 0.370000 0.370000 0.370000 0.370000 0.370000 0.370000 0.370000 0.370000 0.370000 0.370000 0.370000 0.370000 0.370000 0.370000 0.370000 0.370000 0.370000 0.369995 0.369975 0.369834 0.368853 0.367696 0.359144 0.333786 0.271093 0.242813 0.213871 0.195306 0.175658 0.177441 0.180878 0.170565 0.156492 0.143844 0.139724 0.134082 0.130589 0.141618 0.148118 0.162861 -9999.0 -9999.0 -9999.0 -9999.0
-9999.0 -9999.0 0.093100 0.094489 0.098696 0.097716 0.097011 0.096154 0.097955 0.103272 0.115428 0.125661 0.138959 0.149118 0.179656 0.249214 0.322730 0.353072 0.366354 0.369267 0.369888 0.369986 0.370000 0.370000 0.370000 0.370000 0.370000 0.370000 0.370000 0.370000 0.370000 0.370000 0.370000 0.370000 0.370000 0.370000 0.370000 0.370000 0.370000 0.370000 0.370000 0.370000 0.370000 0.370000 0.370000 0.370000 0.370000 0.370000 0.370000 0.370000 0.370000 0.370000 0.370000 0.370000 0.370000 0.370000 0.370000 0.370000 0.369999 0.369976 0.369509 0.368239 0.362922 0.344632 0.298914 0.264136 0.223778 0.195840 0.170496 0.149817 0.141888 0.136523 0.136993 0.136934 0.143336 0.149665 0.157168 0.160884 -9999.0 -9999.0
-9999.0 0.090700 0.091198 0.098767 0.103880 0.108404 0.114042 0.119180 0.124163 0.124807 0.168644 0.256858 0.333849 0.350460 0.365049 0.369662 0.370000 0.370000 0.370000 0.370000 0.370000 0.370000 0.370000 0.370000 0.370000 0.370000 0.370000 0.370000 0.370000 0.370000 0.370000 0.370000 0.370000 0.370000 0.370000 0.370000 0.370000 0.370000 0.370000 0.370000 0.370000 0.370000 0.370000 0.370000 0.370000 0.370000 0.370000 0.370000 0.370000 0.370000 0.370000 0.370000 0.370000 0.370000 0.370000 0.370000 0.370000 0.370000 0.370000 0.370000 0.370000 0.370000 0.369986 0.369748 0.368562 0.361959 0.335796 0.283952 0.226703 0.199786 0.181951 0.154735 0.145966 0.148448 0.145074 0.144507 0.147557 0.150329 -9999.0 -9999.0
-9999.0 0.086590 0.091662 0.102808 0.124634 0.138789 0.209959 0.282355 0.305512 0.282735 0.359295 0.370000 0.370000 0.370000 0.370000 0.370000 0.370000 0.370000 0.370000 0.370000 0.370000 0.370000 0.370000 0.370000 0.370000 0.370000 0.370000 0.370000 0.370000 0.370000 0.370000 0.370000 0.370000 0.370000 0.370000 0.370000 0.370000 0.370000 0.369999 0.369990 0.369979 0.369994 0.369987 0.369965 0.369958 0.369989 0.369999 0.369998 0.369999 0.370000 0.370000 0.370000 0.370000 0.370000 0.370000 0.370000 0.370000 0.370000 0.370000 0.370000 0.370000 0.370000 0.370000 0.370000 0.369998 0.369851 0.369126 0.367198 0.356574 0.333282 0.289369 0.235348 0.191428 0.177086 0.157040 0.149497 -9999.0 -9999.0 -9999.0 -9999.0
-9999.0 0.085763 0.090958 0.112093 0.203816 0.319340 0.368690 0.369996 0.370000 0.370000 0.370000 0.370000 0.370000 0.370000 0.370000 0.370000 0.370000 0.370000 0.370000 0.370000 0.370000 0.370000 0.370000 0.370000 0.370000 0.370000 0.370000 0.370000 0.370000 0.370000 0.370000 0.370000 0.369998 0.369797 0.369353 0.368728 0.364814 0.362514 0.359254 0.349056 0.339270 0.330476 0.341044 0.339555 0.339186 0.344623 0.354091 0.359290 0.366240 0.368476 0.369444 0.369909 0.369983 0.369999 0.370000 0.370000 0.370000 0.370000 0.370000 0.370000 0.370000 0.370000 0.370000 0.370000 0.370000 0.370000 0.370000 0.369948 0.369549 0.368595 0.366975 0.359926 0.326117 0.241511 0.210658 -9999.0 -9999.0 -9999.0 -9999.0 -9999.0
-9999.0 0.081097 0.089618 0.106782 0.250106 0.369067 0.369980 0.370000 0.370000 0.370000 0.370000 0.370000 0.370000 0.370000 0.370000 0.370000 0.370000 0.370000 0.370000 0.370000 0.370000 0.370000 0.370000 0.370000 0.370000 0.370000 0.369999 0.369993 0.369890 0.369494 0.367517 0.365009 0.344456 0.288945 0.244162 0.205041 0.170554 0.169814 0.178854 0.168694 0.157607 0.148531 0.160399 0.167332 0.172969 0.167317 0.171495 0.191626 0.226700 0.263389 0.311466 0.349947 0.363257 0.368331 0.369260 0.369870 0.369986 0.370000 0.370000 0.370000 0.370000 0.370000 0.370000 0.370000 0.370000 0.370000 0.370000 0.370000 0.369989 0.369906 0.369815 0.369582 0.368580 -9999.0 -9999.0 -9999.0 -9999.0 -9999.0 -9999.0 -9999.0
-9999.0 0.079081 0.086218 0.090183 0.121786 0.237213 0.355322 0.369086 0.369999 0.369844 0.369765 0.369915 0.369980 0.369994 0.369977 0.369890 0.369739 0.369770 0.369776 0.369533 0.368974 0.368601 0.368571 0.368239 0.366235 0.363812 0.361538 0.355449 0.337648 0.291923 0.215594 0.173085 0.144376 0.132536 0.124804 0.117748 0.109667 0.112588 0.115872 0.114892 0.112300 0.110991 0.117081 0.120616 0.122989 0.118561 0.122968 0.129382 0.142351 0.158078 0.181322 0.215966 0.258338 0.287261 0.305540 0.334063 0.356512 0.367190 0.369653 0.369997 0.370000 0.370000 0.370000 0.370000 0.370000 0.370000 0.370000 0.370000 0.369998 0.369985 0.369982 -9999.0 -9999.0 -9999.0 -9999.0 -9999.0 -9999.0 -9999.0 -9999.0 -9999.0
-9999.0 -9999.0 0.077921 0.080584 0.083792 0.089937 0.102570 0.123211 0.144520 0.176118 0.229378 0.288747 0.320477 0.331651 0.317190 0.279037 0.253104 0.253727 0.246061 0.232154 0.209870 0.202178 0.196349 0.191453 0.181658 0.176883 0.174155 0.168611 0.157888 0.139252 0.123952 0.113676 0.105352 0.103457 0.101550 0.099330 0.099849 0.099603 0.100240 0.100183 0.100682 0.101796 0.103710 0.106051 0.106867 0.107640 0.109071 0.112371 0.117871 0.126204 0.141088 0.163283 0.182178 0.187764 0.180452 0.183579 0.197680 0.232111 0.318386 0.363055 0.369214 0.369931 0.369999 0.370000 0.370000 0.370000 0.370000 0.370000 0.369760 0.369884 -9999.0 -9999.0 -9999.0 -9999.0 -9999.0 -9999.0 -9999.0 -9999.0 -9999.0 -9999.0
-9999.0 -9999.0 -9999.0 -9999.0 0.077125 0.080572 0.084445 0.084889 0.089689 0.094928 0.101852 0.111138 0.120187 0.125574 0.121204 0.119160 0.117351 0.117210 0.115692 0.114350 0.113295 0.112093 0.110639 0.109438 0.109504 0.110250 0.110184 0.108215 0.106795 0.103246 0.101410 0.098706 0.096362 0.094526 0.094290 0.094012 0.094384 0.093852 0.094717 0.094570 0.095500 0.096258 0.097787 0.100055 0.100381 0.101739 0.102376 0.104545 0.107312 0.115035 0.128344 0.145428 0.158272 0.158595 0.145700 0.139233 0.137030 0.146196 0.165656 0.208243 0.301426 0.354238 0.367319 0.369136 0.369645 0.369941 0.369994 0.369997 -9999.0 -9999.0 -9999.0 -9999.0 -9999.0 -9999.0 -9999.0 -9999.0 -9999.0 -9999.0 -9999.0 -9999.0
-9999.0 -9999.0 -9999.0 -9999.0 -9999.0 -9999.0 0.078237 0.080011 0.079797 0.081787 0.084144 0.086656 0.090159 0.090739 0.091820 0.094105 0.093686 0.092345 0.090942 0.092759 0.093672 0.093626 0.091270 0.091605 0.091869 0.092742 0.092659 0.092699 0.090739 0.092412 0.093101 0.092188 0.091301 0.091293 0.090749 0.091920 0.092060 0.091035 0.090856 0.092523 0.093320 0.093509 0.094395 0.096348 0.098906 0.099777 0.099265 0.098843 0.102644 0.111905 0.125453 0.139976 0.150331 0.152808 0.140775 0.126923 0.120655 0.121046 0.128494 0.143827 0.178174 0.207941 0.233515 0.258339 0.290859 0.357003 -9999.0 -9999.0 -9999.0 -9999.0 -9999.0 -9999.0 -9999.0 -9999.0 -9999.0 -9999.0 -9999.0 -9999.0 -9999.0 -9999.0
-9999.0 -9999.0 -9999.0 -9999.0 -9999.0 -9999.0 -9999.0 -9999.0 -9999.0 -9999.0 -9999.0 -9999.0 -9999.0 -9999.0 -9999.0 -9999.0 -9999.0 -9999.0 -9999.0 -9999.0 -9999.0 -9999.0 -9999.0 -9999.0 -9999.0 -9999.0 -9999.0 -9999.0 -9999.0 -9999.0 -9999.0 -9999.0 -9999.0 -9999.0 -9999.0 -9999.0 -9999.0 -9999.0 -9999.0 -9999.0 -9999.0 -9999.0 -9999.0 -9999.0 -9999.0 -9999.0 -9999.0 -9999.0 -9999.0 -9999.0 -9999.0 -9999.0 -9999.0 -9999.0 -9999.0 -9999.0 -9999.0 -9999.0 -9999.0 -9999.0 -9999.0 -9999.0 -9999.0 -9999.0 -9999.0 -9999.0 -9999.0 -9999.0 -9999.0 -9999.0 -9999.0 -9999.0 -9999.0 -9999.0 -9999.0 -9999.0 -9999.0 -9999.0 -9999.0 -9999.0
-9999.0 -9999.0 -9999.0 -9999.0 -9999.0 -9999.0 -9999.0 -9999.0 -9999.0 -9999.0 -9999.0 -9999.0 -9999.0 -9999.0 -9999.0 -9999.0 -9999.0 -9999.0 -9999.0 -9999.0 -9999.0 -9999.0 -9999.0 -9999.0 -9999.0 -9999.0 -9999.0 -9999.0 -9999.0 -9999.0 -9999.0 -9999.0 -9999.0 -9999.0 -9999.0 -9999.0 -9999.0 -9999.0 -9999.0 -9999.0 -9999.0 -9999.0 -9999.0 -9999.0 -9999.0 -9999.0 -9999.0 -9999.0 -9999.0 -9999.0 -9999.0 -9999.0 -9999.0 -9999.0 -9999.0 -9999.0 -9999.0 -9999.0 -9999.0 -9999.0 -9999.0 -9999.0 -9999.0 -9999.0 -9999.0 -9999.0 -9999.0 -9999.0 -9999.0 -9999.0 -9999.0 -9999.0 -9999.0 -9999.0 -9999.0 -9999.0 -9999.0 -9999.0 -9999.0 -9999.0