Borden_/Borden1m_014/output_maps/thetaliqL0003N0018.asc
ncols         80
nrows         18
xllcorner     620200.000000
yllcorner     5168000.000000
cellsize      1.000000
NODATA_value  -9999.0
-9999.0 -9999.0 -9999.0 -9999.0 -9999.0 -9999.0 -9999.0 -9999.0 -9999.0 -9999.0 -9999.0 -9999.0 -9999.0 -9999.0 -9999.0 -9999.0 -9999.0 -9999.0 -9999.0 -9999.0 -9999.0 -9999.0 -9999.0 -9999.0 -9999.0 -9999.0 -9999.0 -9999.0 -9999.0 -9999.0 -9999.0 -9999.0 -9999.0 -9999.0 -9999.0 -9999.0 -9999.0 -9999.0 -9999.0 -9999.0 -9999.0 -9999.0 -9999.0 -9999.0 -9999.0 -9999.0 -9999.0 -9999.0 -9999.0 -9999.0 -9999.0 -9999.0 -9999.0 -9999.0 -9999.0 -9999.0 -9999.0 -9999.0 -9999.0 -9999.0 -9999.0 -9999.0 -9999.0 -9999.0 -9999.0 -9999.0 -9999.0 -9999.0 -9999.0 -9999.0 -9999.0 -9999.0 -9999.0 -9999.0 -9999.0 -9999.0 -9999.0 -9999.0 -9999.0 -9999.0
-9999.0 -9999.0 -9999.0 -9999.0 -9999.0 -9999.0 -9999.0 -9999.0 -9999.0 -9999.0 -9999.0 -9999.0 -9999.0 -9999.0 -9999.0 -9999.0 -9999.0 -9999.0 -9999.0 -9999.0 -9999.0 -9999.0 -9999.0 -9999.0 -9999.0 -9999.0 -9999.0 -9999.0 -9999.0 -9999.0 -9999.0 -9999.0 -9999.0 -9999.0 -9999.0 -9999.0 -9999.0 -9999.0 -9999.0 -9999.0 -9999.0 -9999.0 -9999.0 -9999.0 -9999.0 -9999.0 -9999.0 -9999.0 -9999.0 -9999.0 -9999.0 -9999.0 -9999.0 -9999.0 -9999.0 -9999.0 -9999.0 -9999.0 -9999.0 -9999.0 -9999.0 -9999.0 -9999.0 -9999.0 -9999.0 -9999.0 -9999.0 -9999.0 -9999.0 -9999.0 -9999.0 -9999.0 -9999.0 -9999.0 -9999.0 -9999.0 -9999.0 -9999.0 -9999.0 -9999.0
-9999.0 -9999.0 -9999.0 -9999.0 -9999.0 -9999.0 -9999.0 -9999.0 -9999.0 -9999.0 -9999.0 -9999.0 -9999.0 -9999.0 -9999.0 -9999.0 -9999.0 -9999.0 -9999.0 -9999.0 0.236489 0.237721 0.235234 0.232424 0.230000 0.229650 0.232321 0.235322 0.238787 0.239384 0.236451 0.237251 0.236071 0.235319 0.235190 0.236016 0.236453 0.237531 0.238186 0.237792 0.236911 0.236324 0.235747 0.235877 0.236913 0.235493 0.237492 0.239380 0.239989 0.240090 0.237672 0.236738 0.236404 0.234073 0.238258 0.239358 0.242278 0.242506 0.243127 0.239863 0.236628 -9999.0 -9999.0 -9999.0 -9999.0 -9999.0 -9999.0 -9999.0 -9999.0 -9999.0 -9999.0 -9999.0 -9999.0 -9999.0 -9999.0 -9999.0 -9999.0 -9999.0 -9999.0 -9999.0
-9999.0 -9999.0 -9999.0 -9999.0 -9999.0 -9999.0 -9999.0 -9999.0 -9999.0 -9999.0 -9999.0 -9999.0 -9999.0 -9999.0 0.232294 0.230868 0.230185 0.229656 0.232059 0.233871 0.233787 0.232303 0.233600 0.230787 0.228251 0.229751 0.231781 0.233304 0.235979 0.238046 0.236039 0.235539 0.236554 0.240301 0.241854 0.241006 0.236424 0.240745 0.242767 0.244045 0.243861 0.241768 0.244534 0.247782 0.246052 0.242598 0.243430 0.245361 0.248519 0.247127 0.236290 0.235445 0.236112 0.236479 0.234987 0.233882 0.238088 0.237398 0.236783 0.236243 0.233999 0.230155 0.228382 0.232504 0.235932 0.243127 -9999.0 -9999.0 -9999.0 -9999.0 -9999.0 -9999.0 -9999.0 -9999.0 -9999.0 -9999.0 -9999.0 -9999.0 -9999.0 -9999.0
-9999.0 -9999.0 -9999.0 -9999.0 -9999.0 -9999.0 -9999.0 -9999.0 -9999.0 0.230219 0.229787 0.230157 0.229139 0.230351 0.228108 0.228575 0.228079 0.229736 0.230935 0.233137 0.236224 0.233812 0.233470 0.235067 0.235098 0.235581 0.236791 0.241682 0.247032 0.255773 0.247930 0.247551 0.251604 0.267472 0.280385 0.283594 0.277511 0.277523 0.285376 0.294141 0.293362 0.292427 0.301370 0.306200 0.309608 0.302161 0.294993 0.293749 0.304771 0.285997 0.267306 0.249934 0.251484 0.245977 0.239948 0.237842 0.236902 0.241630 0.239970 0.235884 0.232552 0.233859 0.231864 0.233840 0.235020 0.240451 0.245233 0.249917 0.250134 0.247117 -9999.0 -9999.0 -9999.0 -9999.0 -9999.0 -9999.0 -9999.0 -9999.0 -9999.0 -9999.0
-9999.0 -9999.0 -9999.0 -9999.0 -9999.0 -9999.0 0.228015 0.227793 0.228548 0.225736 0.227530 0.226114 0.227373 0.227826 0.228598 0.228449 0.230463 0.232162 0.235104 0.239049 0.242766 0.240451 0.241344 0.246626 0.257919 0.268489 0.274481 0.284623 0.313583 0.337078 0.348641 0.354934 0.365844 0.367274 0.368685 0.369732 0.368573 0.368135 0.368460 0.369125 0.369892 0.369896 0.369916 0.369938 0.369983 0.369978 0.369256 0.368792 0.368706 0.368622 0.367613 0.365472 0.330262 0.306292 0.279376 0.262929 0.259458 0.261643 0.254868 0.245469 0.239965 0.240186 0.239193 0.237066 0.238165 0.240311 0.243665 0.245820 0.244233 0.242131 0.240687 0.237079 0.237700 0.241214 -9999.0 -9999.0 -9999.0 -9999.0 -9999.0 -9999.0
-9999.0 -9999.0 -9999.0 -9999.0 0.224006 0.225219 0.221460 0.223502 0.224991 0.226049 0.225797 0.227686 0.228033 0.229312 0.232152 0.234133 0.238051 0.240879 0.249282 0.268063 0.284761 0.293787 0.297814 0.328799 0.365848 0.367733 0.368067 0.368501 0.369239 0.369990 0.369998 0.369993 0.369999 0.370000 0.370000 0.370000 0.370000 0.370000 0.370000 0.370000 0.370000 0.370000 0.370000 0.370000 0.370000 0.370000 0.370000 0.370000 0.370000 0.370000 0.370000 0.369996 0.369668 0.369211 0.368926 0.368167 0.366195 0.358587 0.317218 0.295545 0.273210 0.263912 0.255348 0.251312 0.245585 0.246838 0.248652 0.245760 0.242019 0.238468 0.238219 0.236685 0.234756 0.239412 0.240874 0.245727 -9999.0 -9999.0 -9999.0 -9999.0
-9999.0 -9999.0 0.224003 0.223874 0.227064 0.224871 0.223521 0.221668 0.222250 0.225203 0.230634 0.232557 0.235965 0.237712 0.246080 0.268152 0.290958 0.307055 0.343177 0.366414 0.368162 0.368873 0.369840 0.369961 0.369991 0.370000 0.370000 0.370000 0.370000 0.370000 0.370000 0.370000 0.370000 0.370000 0.370000 0.370000 0.370000 0.370000 0.370000 0.370000 0.370000 0.370000 0.370000 0.370000 0.370000 0.370000 0.370000 0.370000 0.370000 0.370000 0.370000 0.370000 0.370000 0.370000 0.370000 0.370000 0.369997 0.369800 0.369460 0.368920 0.367463 0.365574 0.328100 0.301128 0.280212 0.269253 0.258268 0.251441 0.245148 0.239166 0.237492 0.236553 0.237559 0.236802 0.239251 0.240991 0.243717 0.244686 -9999.0 -9999.0
-9999.0 0.223176 0.221801 0.227353 0.227880 0.228700 0.229694 0.230553 0.231918 0.229659 0.244170 0.271510 0.296715 0.304650 0.334677 0.366820 0.369834 0.369954 0.369968 0.370000 0.370000 0.370000 0.370000 0.370000 0.370000 0.370000 0.370000 0.370000 0.370000 0.370000 0.370000 0.370000 0.370000 0.370000 0.370000 0.370000 0.370000 0.370000 0.370000 0.370000 0.370000 0.370000 0.370000 0.370000 0.370000 0.370000 0.370000 0.370000 0.370000 0.370000 0.370000 0.370000 0.370000 0.370000 0.370000 0.370000 0.370000 0.370000 0.370000 0.370000 0.369989 0.369841 0.369188 0.367958 0.365846 0.325746 0.294879 0.274294 0.258287 0.252263 0.248569 0.240305 0.238373 0.240426 0.239340 0.239226 0.240292 0.241098 -9999.0 -9999.0
-9999.0 0.217407 0.222579 0.228170 0.234981 0.235077 0.259676 0.280860 0.286287 0.275485 0.318992 0.369851 0.369994 0.369994 0.370000 0.370000 0.370000 0.370000 0.370000 0.370000 0.370000 0.370000 0.370000 0.370000 0.370000 0.370000 0.370000 0.370000 0.370000 0.370000 0.370000 0.370000 0.370000 0.370000 0.369999 0.369998 0.369996 0.369794 0.369355 0.368941 0.368743 0.369159 0.368960 0.368608 0.368525 0.368961 0.369464 0.369382 0.369563 0.369858 0.369986 0.370000 0.370000 0.370000 0.370000 0.370000 0.370000 0.370000 0.370000 0.370000 0.370000 0.370000 0.370000 0.369979 0.369729 0.368491 0.367057 0.364162 0.316745 0.296489 0.278204 0.261589 0.249736 0.247516 0.241540 0.240948 -9999.0 -9999.0 -9999.0 -9999.0
-9999.0 0.216982 0.221942 0.232682 0.258879 0.295394 0.366222 0.369896 0.370000 0.369991 0.370000 0.370000 0.370000 0.370000 0.370000 0.370000 0.370000 0.370000 0.370000 0.370000 0.370000 0.370000 0.370000 0.370000 0.370000 0.370000 0.370000 0.370000 0.369997 0.369972 0.369892 0.369753 0.369389 0.367887 0.367020 0.365813 0.331632 0.325687 0.318872 0.305347 0.298964 0.294318 0.300562 0.298983 0.298361 0.301828 0.310617 0.317162 0.343752 0.365823 0.367329 0.368421 0.369059 0.369748 0.369957 0.370000 0.370000 0.370000 0.370000 0.370000 0.370000 0.370000 0.370000 0.370000 0.370000 0.369980 0.369893 0.369478 0.368266 0.367079 0.365361 0.327050 0.293231 0.264810 0.256976 -9999.0 -9999.0 -9999.0 -9999.0 -9999.0
-9999.0 0.208908 0.221953 0.230590 0.276279 0.366481 0.369850 0.370000 0.370000 0.370000 0.369994 0.370000 0.370000 0.370000 0.370000 0.370000 0.370000 0.370000 0.370000 0.370000 0.369999 0.369989 0.369984 0.369949 0.369803 0.369593 0.369418 0.369172 0.368320 0.367249 0.360409 0.338000 0.302427 0.279939 0.267014 0.254740 0.243738 0.244148 0.247839 0.244893 0.241692 0.238175 0.242413 0.244315 0.246178 0.243773 0.244262 0.249809 0.258921 0.269213 0.285208 0.304745 0.326632 0.365556 0.367001 0.368217 0.369041 0.369754 0.369996 0.370000 0.370000 0.370000 0.370000 0.370000 0.370000 0.370000 0.370000 0.370000 0.369934 0.369653 0.369355 0.368440 0.366980 -9999.0 -9999.0 -9999.0 -9999.0 -9999.0 -9999.0 -9999.0
-9999.0 0.204783 0.218768 0.220223 0.236036 0.270954 0.321908 0.367263 0.369867 0.368188 0.367967 0.368436 0.368949 0.369256 0.368898 0.368342 0.367862 0.367997 0.368101 0.367594 0.366956 0.366564 0.366386 0.363598 0.342677 0.330475 0.324261 0.313272 0.298756 0.281142 0.256357 0.245084 0.237317 0.234895 0.233044 0.231028 0.226845 0.229334 0.231152 0.230734 0.229421 0.228383 0.231580 0.232620 0.233606 0.230611 0.232625 0.234262 0.238124 0.242041 0.247722 0.256231 0.267349 0.275441 0.282714 0.294487 0.311679 0.355789 0.367397 0.369450 0.369962 0.370000 0.370000 0.370000 0.370000 0.370000 0.370000 0.370000 0.370000 0.369987 0.369919 -9999.0 -9999.0 -9999.0 -9999.0 -9999.0 -9999.0 -9999.0 -9999.0 -9999.0
-9999.0 -9999.0 0.201691 0.207180 0.211813 0.216662 0.223784 0.233824 0.241276 0.251906 0.266678 0.282863 0.293044 0.297750 0.291358 0.278238 0.270651 0.271330 0.269251 0.265131 0.257469 0.254271 0.252281 0.250791 0.247893 0.246749 0.246306 0.245316 0.243043 0.237665 0.233127 0.230064 0.226529 0.226882 0.226399 0.225168 0.226400 0.226097 0.226432 0.226237 0.226568 0.227174 0.227829 0.228792 0.228784 0.229070 0.229359 0.230353 0.231868 0.233870 0.237937 0.244021 0.248661 0.249716 0.247101 0.247826 0.251160 0.259285 0.287616 0.330093 0.366430 0.368537 0.369743 0.369974 0.369999 0.370000 0.370000 0.370000 0.370000 0.370000 -9999.0 -9999.0 -9999.0 -9999.0 -9999.0 -9999.0 -9999.0 -9999.0 -9999.0 -9999.0
-9999.0 -9999.0 -9999.0 -9999.0 0.199057 0.206987 0.214431 0.213549 0.218951 0.222164 0.225068 0.228586 0.231529 0.233464 0.231039 0.230692 0.230297 0.230689 0.230180 0.229604 0.229392 0.229023 0.228639 0.228087 0.228379 0.228984 0.229169 0.228221 0.228314 0.226593 0.226563 0.225618 0.224690 0.223505 0.223842 0.223758 0.224348 0.223728 0.224647 0.224073 0.224751 0.225015 0.225792 0.227112 0.226519 0.227279 0.227258 0.228210 0.228439 0.230962 0.235147 0.240044 0.243380 0.243173 0.238743 0.236970 0.235823 0.238502 0.243026 0.253212 0.281437 0.308410 0.356317 0.366857 0.367943 0.368941 0.369851 0.369999 -9999.0 -9999.0 -9999.0 -9999.0 -9999.0 -9999.0 -9999.0 -9999.0 -9999.0 -9999.0 -9999.0 -9999.0
-9999.0 -9999.0 -9999.0 -9999.0 -9999.0 -9999.0 0.202678 0.206737 0.205373 0.208498 0.211281 0.213380 0.216606 0.216168 0.217189 0.219827 0.219501 0.218279 0.216714 0.219040 0.220092 0.220342 0.217818 0.218570 0.218855 0.219816 0.219717 0.220184 0.218067 0.220732 0.222052 0.221649 0.221270 0.221830 0.221304 0.222943 0.223140 0.221838 0.221423 0.223273 0.223764 0.223442 0.223725 0.224905 0.226679 0.226906 0.226038 0.224797 0.226492 0.230512 0.234991 0.238934 0.241524 0.242453 0.238818 0.233845 0.231346 0.230897 0.232765 0.236394 0.245669 0.252102 0.257372 0.265914 0.274560 0.311129 -9999.0 -9999.0 -9999.0 -9999.0 -9999.0 -9999.0 -9999.0 -9999.0 -9999.0 -9999.0 -9999.0 -9999.0 -9999.0 -9999.0
-9999.0 -9999.0 -9999.0 -9999.0 -9999.0 -9999.0 -9999.0 -9999.0 -9999.0 -9999.0 -9999.0 -9999.0 -9999.0 -9999.0 -9999.0 -9999.0 -9999.0 -9999.0 -9999.0 -9999.0 -9999.0 -9999.0 -9999.0 -9999.0 -9999.0 -9999.0 -9999.0 -9999.0 -9999.0 -9999.0 -9999.0 -9999.0 -9999.0 -9999.0 -9999.0 -9999.0 -9999.0 -9999.0 -9999.0 -9999.0 -9999.0 -9999.0 -9999.0 -9999.0 -9999.0 -9999.0 -9999.0 -9999.0 -9999.0 -9999.0 -9999.0 -9999.0 -9999.0 -9999.0 -9999.0 -9999.0 -9999.0 -9999.0 -9999.0 -9999.0 -9999.0 -9999.0 -9999.0 -9999.0 -9999.0 -9999.0 -9999.0 -9999.0 -9999.0 -9999.0 -9999.0 -9999.0 -9999.0 -9999.0 -9999.0 -9999.0 -9999.0 -9999.0 -9999.0 -9999.0
-9999.0 -9999.0 -9999.0 -9999.0 -9999.0 -9999.0 -9999.0 -9999.0 -9999.0 -9999.0 -9999.0 -9999.0 -9999.0 -9999.0 -9999.0 -9999.0 -9999.0 -9999.0 -9999.0 -9999.0 -9999.0 -9999.0 -9999.0 -9999.0 -9999.0 -9999.0 -9999.0 -9999.0 -9999.0 -9999.0 -9999.0 -9999.0 -9999.0 -9999.0 -9999.0 -9999.0 -9999.0 -9999.0 -9999.0 -9999.0 -9999.0 -9999.0 -9999.0 -9999.0 -9999.0 -9999.0 -9999.0 -9999.0 -9999.0 -9999.0 -9999.0 -9999.0 -9999.0 -9999.0 -9999.0 -9999.0 -9999.0 -9999.0 -9999.0 -9999.0 -9999.0 -9999.0 -9999.0 -9999.0 -9999.0 -9999.0 -9999.0 -9999.0 -9999.0 -9999.0 -9999.0 -9999.0 -9999.0 -9999.0 -9999.0 -9999.0 -9999.0 -9999.0 -9999.0 -9999.0