Borden_/Borden1m_014/output_maps/thetaliqL0002N0003.asc
ncols         80
nrows         18
xllcorner     620200.000000
yllcorner     5168000.000000
cellsize      1.000000
NODATA_value  -9999.0
-9999.0 -9999.0 -9999.0 -9999.0 -9999.0 -9999.0 -9999.0 -9999.0 -9999.0 -9999.0 -9999.0 -9999.0 -9999.0 -9999.0 -9999.0 -9999.0 -9999.0 -9999.0 -9999.0 -9999.0 -9999.0 -9999.0 -9999.0 -9999.0 -9999.0 -9999.0 -9999.0 -9999.0 -9999.0 -9999.0 -9999.0 -9999.0 -9999.0 -9999.0 -9999.0 -9999.0 -9999.0 -9999.0 -9999.0 -9999.0 -9999.0 -9999.0 -9999.0 -9999.0 -9999.0 -9999.0 -9999.0 -9999.0 -9999.0 -9999.0 -9999.0 -9999.0 -9999.0 -9999.0 -9999.0 -9999.0 -9999.0 -9999.0 -9999.0 -9999.0 -9999.0 -9999.0 -9999.0 -9999.0 -9999.0 -9999.0 -9999.0 -9999.0 -9999.0 -9999.0 -9999.0 -9999.0 -9999.0 -9999.0 -9999.0 -9999.0 -9999.0 -9999.0 -9999.0 -9999.0
-9999.0 -9999.0 -9999.0 -9999.0 -9999.0 -9999.0 -9999.0 -9999.0 -9999.0 -9999.0 -9999.0 -9999.0 -9999.0 -9999.0 -9999.0 -9999.0 -9999.0 -9999.0 -9999.0 -9999.0 -9999.0 -9999.0 -9999.0 -9999.0 -9999.0 -9999.0 -9999.0 -9999.0 -9999.0 -9999.0 -9999.0 -9999.0 -9999.0 -9999.0 -9999.0 -9999.0 -9999.0 -9999.0 -9999.0 -9999.0 -9999.0 -9999.0 -9999.0 -9999.0 -9999.0 -9999.0 -9999.0 -9999.0 -9999.0 -9999.0 -9999.0 -9999.0 -9999.0 -9999.0 -9999.0 -9999.0 -9999.0 -9999.0 -9999.0 -9999.0 -9999.0 -9999.0 -9999.0 -9999.0 -9999.0 -9999.0 -9999.0 -9999.0 -9999.0 -9999.0 -9999.0 -9999.0 -9999.0 -9999.0 -9999.0 -9999.0 -9999.0 -9999.0 -9999.0 -9999.0
-9999.0 -9999.0 -9999.0 -9999.0 -9999.0 -9999.0 -9999.0 -9999.0 -9999.0 -9999.0 -9999.0 -9999.0 -9999.0 -9999.0 -9999.0 -9999.0 -9999.0 -9999.0 -9999.0 -9999.0 0.157865 0.158909 0.156366 0.153410 0.150978 0.150743 0.153496 0.156792 0.160556 0.161359 0.158501 0.159140 0.158065 0.157495 0.157494 0.158297 0.158696 0.159904 0.160705 0.160400 0.159509 0.158861 0.158367 0.158595 0.159549 0.158187 0.160171 0.162195 0.162938 0.162814 0.159963 0.158729 0.158242 0.156059 0.160015 0.161302 0.164419 0.164787 0.165253 0.161736 0.158286 -9999.0 -9999.0 -9999.0 -9999.0 -9999.0 -9999.0 -9999.0 -9999.0 -9999.0 -9999.0 -9999.0 -9999.0 -9999.0 -9999.0 -9999.0 -9999.0 -9999.0 -9999.0 -9999.0
-9999.0 -9999.0 -9999.0 -9999.0 -9999.0 -9999.0 -9999.0 -9999.0 -9999.0 -9999.0 -9999.0 -9999.0 -9999.0 -9999.0 0.152601 0.151319 0.150740 0.150489 0.152973 0.155021 0.155268 0.153936 0.154916 0.152225 0.149893 0.151309 0.153498 0.155465 0.158533 0.160825 0.158813 0.158318 0.159458 0.163361 0.165153 0.164370 0.159965 0.164185 0.166481 0.167945 0.167749 0.165715 0.168600 0.172000 0.170293 0.166722 0.167483 0.169574 0.172879 0.170975 0.159719 0.158351 0.158784 0.158861 0.157307 0.156275 0.160300 0.159833 0.159104 0.158140 0.155538 0.151582 0.149891 0.153851 0.157660 0.165209 -9999.0 -9999.0 -9999.0 -9999.0 -9999.0 -9999.0 -9999.0 -9999.0 -9999.0 -9999.0 -9999.0 -9999.0 -9999.0 -9999.0
-9999.0 -9999.0 -9999.0 -9999.0 -9999.0 -9999.0 -9999.0 -9999.0 -9999.0 0.150087 0.149803 0.150188 0.149433 0.150598 0.148872 0.149334 0.149098 0.150822 0.152367 0.154872 0.158028 0.155874 0.155607 0.157205 0.157466 0.158193 0.159787 0.165151 0.171372 0.180683 0.172635 0.172132 0.175847 0.188534 0.200451 0.203802 0.197096 0.197272 0.205879 0.215477 0.214625 0.213627 0.223166 0.228205 0.233046 0.225146 0.216372 0.215056 0.226809 0.206780 0.187553 0.173885 0.176092 0.170082 0.163411 0.160873 0.160130 0.164729 0.162846 0.158373 0.154743 0.155513 0.153591 0.155510 0.157069 0.162865 0.168233 0.173394 0.173636 0.170385 -9999.0 -9999.0 -9999.0 -9999.0 -9999.0 -9999.0 -9999.0 -9999.0 -9999.0 -9999.0
-9999.0 -9999.0 -9999.0 -9999.0 -9999.0 -9999.0 0.147402 0.147329 0.148129 0.146085 0.147743 0.146784 0.148025 0.148667 0.149597 0.149805 0.151967 0.154011 0.157414 0.161911 0.166051 0.164065 0.165179 0.170903 0.180263 0.188257 0.194060 0.205107 0.235258 0.256446 0.265127 0.267996 0.273016 0.300589 0.337979 0.347320 0.336568 0.326920 0.335693 0.352701 0.356273 0.356167 0.358662 0.363385 0.370000 0.370000 0.355697 0.345698 0.341807 0.338270 0.309371 0.271192 0.247815 0.227978 0.198957 0.181500 0.182016 0.187190 0.180013 0.169560 0.163344 0.163155 0.161871 0.159719 0.160760 0.163180 0.166834 0.169100 0.167328 0.164838 0.162823 0.159066 0.159614 0.163219 -9999.0 -9999.0 -9999.0 -9999.0 -9999.0 -9999.0
-9999.0 -9999.0 -9999.0 -9999.0 0.143892 0.144907 0.142024 0.143748 0.145194 0.146382 0.146645 0.148651 0.149393 0.150941 0.154078 0.156645 0.161083 0.164639 0.173759 0.190047 0.205817 0.215204 0.219283 0.245617 0.280709 0.312515 0.322679 0.335072 0.353760 0.370000 0.370000 0.370000 0.370000 0.370000 0.370000 0.370000 0.370000 0.370000 0.370000 0.370000 0.370000 0.370000 0.370000 0.370000 0.370000 0.370000 0.370000 0.370000 0.370000 0.370000 0.370000 0.370000 0.369554 0.356502 0.347991 0.324159 0.279064 0.263980 0.237959 0.217021 0.194205 0.188120 0.180694 0.176031 0.169891 0.170958 0.172568 0.169334 0.165077 0.161097 0.160395 0.158632 0.156871 0.161436 0.163232 0.168333 -9999.0 -9999.0 -9999.0 -9999.0
-9999.0 -9999.0 0.143390 0.143728 0.146682 0.145140 0.144184 0.142889 0.143647 0.146543 0.152113 0.154788 0.158832 0.161243 0.170280 0.189378 0.212189 0.229175 0.255750 0.292413 0.326724 0.343694 0.351164 0.369160 0.370000 0.370000 0.370000 0.370000 0.370000 0.370000 0.370000 0.370000 0.370000 0.370000 0.370000 0.370000 0.370000 0.370000 0.370000 0.370000 0.370000 0.370000 0.370000 0.370000 0.370000 0.370000 0.370000 0.370000 0.370000 0.370000 0.370000 0.370000 0.370000 0.370000 0.370000 0.370000 0.370000 0.370000 0.362244 0.345668 0.305476 0.271484 0.245401 0.224563 0.205703 0.196671 0.184336 0.176333 0.168968 0.162368 0.160220 0.158881 0.159610 0.159078 0.161545 0.163506 0.166277 0.167384 -9999.0 -9999.0
-9999.0 0.142109 0.141582 0.146887 0.148314 0.149693 0.151257 0.152602 0.154272 0.152926 0.167787 0.190475 0.221394 0.230366 0.253304 0.304081 0.348302 0.366637 0.370000 0.370000 0.370000 0.370000 0.370000 0.370000 0.370000 0.370000 0.370000 0.370000 0.370000 0.370000 0.370000 0.370000 0.370000 0.370000 0.370000 0.370000 0.370000 0.370000 0.370000 0.370000 0.370000 0.370000 0.370000 0.370000 0.370000 0.370000 0.370000 0.370000 0.370000 0.370000 0.370000 0.370000 0.370000 0.370000 0.370000 0.370000 0.370000 0.370000 0.370000 0.370000 0.370000 0.370000 0.345178 0.314413 0.277038 0.243455 0.220119 0.201787 0.184511 0.177305 0.172715 0.163785 0.161343 0.163009 0.161834 0.161675 0.162774 0.163663 -9999.0 -9999.0
-9999.0 0.137528 0.142171 0.148313 0.156381 0.158142 0.178639 0.201072 0.211450 0.202307 0.239960 0.353129 0.370000 0.370000 0.370000 0.370000 0.370000 0.370000 0.370000 0.370000 0.370000 0.370000 0.370000 0.370000 0.370000 0.370000 0.370000 0.370000 0.370000 0.370000 0.370000 0.370000 0.370000 0.370000 0.370000 0.370000 0.370000 0.370000 0.365115 0.351082 0.345996 0.357840 0.351764 0.340720 0.338046 0.350973 0.366390 0.361491 0.361361 0.370000 0.370000 0.370000 0.370000 0.370000 0.370000 0.370000 0.370000 0.370000 0.370000 0.370000 0.370000 0.370000 0.370000 0.370000 0.362017 0.323345 0.294912 0.266544 0.238357 0.220858 0.204153 0.187911 0.174647 0.171384 0.164845 0.163470 -9999.0 -9999.0 -9999.0 -9999.0
-9999.0 0.136912 0.141619 0.153015 0.182449 0.213914 0.309110 0.370000 0.370000 0.370000 0.370000 0.370000 0.370000 0.370000 0.370000 0.370000 0.370000 0.370000 0.370000 0.370000 0.370000 0.370000 0.370000 0.370000 0.370000 0.370000 0.370000 0.370000 0.370000 0.370000 0.370000 0.370000 0.364021 0.316473 0.292271 0.277017 0.252032 0.248399 0.240147 0.227047 0.220424 0.215769 0.222282 0.220607 0.219930 0.223555 0.232800 0.238149 0.255206 0.271971 0.297219 0.324080 0.339104 0.361694 0.370000 0.370000 0.370000 0.370000 0.370000 0.370000 0.370000 0.370000 0.370000 0.370000 0.370000 0.370000 0.370000 0.360156 0.335470 0.307677 0.276998 0.246943 0.219014 0.191314 0.181973 -9999.0 -9999.0 -9999.0 -9999.0 -9999.0
-9999.0 0.130739 0.141137 0.150778 0.196435 0.336891 0.366639 0.370000 0.370000 0.370000 0.370000 0.370000 0.370000 0.370000 0.370000 0.370000 0.370000 0.370000 0.370000 0.370000 0.370000 0.370000 0.370000 0.370000 0.370000 0.369490 0.362898 0.354958 0.331524 0.306168 0.263432 0.255704 0.224306 0.200392 0.188175 0.177749 0.167731 0.167959 0.171578 0.168443 0.164975 0.161499 0.165774 0.167894 0.169834 0.167518 0.168291 0.174401 0.184498 0.194338 0.208680 0.227666 0.244862 0.268672 0.289427 0.320131 0.343247 0.367496 0.370000 0.370000 0.370000 0.370000 0.370000 0.370000 0.370000 0.370000 0.370000 0.370000 0.370000 0.370000 0.368305 0.333141 0.296325 -9999.0 -9999.0 -9999.0 -9999.0 -9999.0 -9999.0 -9999.0
-9999.0 0.127643 0.137972 0.140519 0.157004 0.190945 0.242327 0.296276 0.331915 0.325474 0.329852 0.341475 0.355347 0.363929 0.351669 0.332484 0.316792 0.318648 0.319131 0.303769 0.285942 0.277133 0.277425 0.273465 0.258442 0.249367 0.244639 0.235069 0.220718 0.203038 0.180998 0.168873 0.160409 0.157342 0.155088 0.152757 0.148747 0.150821 0.152518 0.152082 0.150805 0.149909 0.152947 0.154149 0.155147 0.152524 0.154497 0.156481 0.160783 0.165383 0.171984 0.181824 0.194504 0.202527 0.206853 0.216972 0.232765 0.257447 0.306989 0.357178 0.370000 0.370000 0.370000 0.370000 0.370000 0.370000 0.370000 0.370000 0.370000 0.370000 0.370000 -9999.0 -9999.0 -9999.0 -9999.0 -9999.0 -9999.0 -9999.0 -9999.0 -9999.0
-9999.0 -9999.0 0.125573 0.129693 0.133675 0.138585 0.145562 0.152285 0.157048 0.167805 0.183934 0.202288 0.214041 0.219512 0.212077 0.197498 0.189513 0.190293 0.188163 0.184661 0.178585 0.177112 0.175573 0.174459 0.171760 0.170537 0.169969 0.168732 0.165997 0.160112 0.155056 0.151486 0.147783 0.147636 0.146944 0.145707 0.146561 0.146323 0.146667 0.146532 0.146837 0.147440 0.148230 0.149277 0.149419 0.149736 0.150171 0.151365 0.153218 0.155742 0.160436 0.167303 0.172744 0.174140 0.171452 0.172241 0.176053 0.184899 0.210345 0.244061 0.291106 0.326942 0.365725 0.370000 0.370000 0.370000 0.370000 0.370000 0.370000 0.370000 -9999.0 -9999.0 -9999.0 -9999.0 -9999.0 -9999.0 -9999.0 -9999.0 -9999.0 -9999.0
-9999.0 -9999.0 -9999.0 -9999.0 0.123938 0.129602 0.135150 0.134968 0.139576 0.142935 0.146270 0.150180 0.153450 0.155480 0.153247 0.152714 0.152189 0.152435 0.151878 0.151296 0.151007 0.150591 0.150117 0.149557 0.149747 0.150249 0.150353 0.149400 0.149206 0.147425 0.147016 0.145838 0.144715 0.143540 0.143665 0.143535 0.143975 0.143471 0.144241 0.143870 0.144512 0.144864 0.145702 0.147018 0.146724 0.147476 0.147594 0.148618 0.149271 0.152173 0.156857 0.162361 0.166202 0.166108 0.161535 0.159545 0.158518 0.161523 0.166902 0.178413 0.205172 0.230446 0.259782 0.290845 0.313647 0.348417 0.370000 0.370000 -9999.0 -9999.0 -9999.0 -9999.0 -9999.0 -9999.0 -9999.0 -9999.0 -9999.0 -9999.0 -9999.0 -9999.0
-9999.0 -9999.0 -9999.0 -9999.0 -9999.0 -9999.0 0.126183 0.129068 0.128419 0.130974 0.133449 0.135514 0.138389 0.138309 0.139181 0.141287 0.140991 0.139940 0.138665 0.140481 0.141328 0.141460 0.139379 0.139899 0.140136 0.140922 0.140842 0.141120 0.139370 0.141352 0.142298 0.141804 0.141319 0.141620 0.141157 0.142433 0.142587 0.141540 0.141256 0.142808 0.143328 0.143203 0.143616 0.144817 0.146489 0.146823 0.146182 0.145337 0.147172 0.151380 0.156346 0.160906 0.163947 0.164884 0.160937 0.155788 0.153260 0.153032 0.155330 0.159793 0.170219 0.177920 0.183758 0.188659 0.195712 0.232527 -9999.0 -9999.0 -9999.0 -9999.0 -9999.0 -9999.0 -9999.0 -9999.0 -9999.0 -9999.0 -9999.0 -9999.0 -9999.0 -9999.0
-9999.0 -9999.0 -9999.0 -9999.0 -9999.0 -9999.0 -9999.0 -9999.0 -9999.0 -9999.0 -9999.0 -9999.0 -9999.0 -9999.0 -9999.0 -9999.0 -9999.0 -9999.0 -9999.0 -9999.0 -9999.0 -9999.0 -9999.0 -9999.0 -9999.0 -9999.0 -9999.0 -9999.0 -9999.0 -9999.0 -9999.0 -9999.0 -9999.0 -9999.0 -9999.0 -9999.0 -9999.0 -9999.0 -9999.0 -9999.0 -9999.0 -9999.0 -9999.0 -9999.0 -9999.0 -9999.0 -9999.0 -9999.0 -9999.0 -9999.0 -9999.0 -9999.0 -9999.0 -9999.0 -9999.0 -9999.0 -9999.0 -9999.0 -9999.0 -9999.0 -9999.0 -9999.0 -9999.0 -9999.0 -9999.0 -9999.0 -9999.0 -9999.0 -9999.0 -9999.0 -9999.0 -9999.0 -9999.0 -9999.0 -9999.0 -9999.0 -9999.0 -9999.0 -9999.0 -9999.0
-9999.0 -9999.0 -9999.0 -9999.0 -9999.0 -9999.0 -9999.0 -9999.0 -9999.0 -9999.0 -9999.0 -9999.0 -9999.0 -9999.0 -9999.0 -9999.0 -9999.0 -9999.0 -9999.0 -9999.0 -9999.0 -9999.0 -9999.0 -9999.0 -9999.0 -9999.0 -9999.0 -9999.0 -9999.0 -9999.0 -9999.0 -9999.0 -9999.0 -9999.0 -9999.0 -9999.0 -9999.0 -9999.0 -9999.0 -9999.0 -9999.0 -9999.0 -9999.0 -9999.0 -9999.0 -9999.0 -9999.0 -9999.0 -9999.0 -9999.0 -9999.0 -9999.0 -9999.0 -9999.0 -9999.0 -9999.0 -9999.0 -9999.0 -9999.0 -9999.0 -9999.0 -9999.0 -9999.0 -9999.0 -9999.0 -9999.0 -9999.0 -9999.0 -9999.0 -9999.0 -9999.0 -9999.0 -9999.0 -9999.0 -9999.0 -9999.0 -9999.0 -9999.0 -9999.0 -9999.0