Borden_/Borden1m_014/output_maps/thetaliqL0005N0020.asc
ncols         80
nrows         18
xllcorner     620200.000000
yllcorner     5168000.000000
cellsize      1.000000
NODATA_value  -9999.0
-9999.0 -9999.0 -9999.0 -9999.0 -9999.0 -9999.0 -9999.0 -9999.0 -9999.0 -9999.0 -9999.0 -9999.0 -9999.0 -9999.0 -9999.0 -9999.0 -9999.0 -9999.0 -9999.0 -9999.0 -9999.0 -9999.0 -9999.0 -9999.0 -9999.0 -9999.0 -9999.0 -9999.0 -9999.0 -9999.0 -9999.0 -9999.0 -9999.0 -9999.0 -9999.0 -9999.0 -9999.0 -9999.0 -9999.0 -9999.0 -9999.0 -9999.0 -9999.0 -9999.0 -9999.0 -9999.0 -9999.0 -9999.0 -9999.0 -9999.0 -9999.0 -9999.0 -9999.0 -9999.0 -9999.0 -9999.0 -9999.0 -9999.0 -9999.0 -9999.0 -9999.0 -9999.0 -9999.0 -9999.0 -9999.0 -9999.0 -9999.0 -9999.0 -9999.0 -9999.0 -9999.0 -9999.0 -9999.0 -9999.0 -9999.0 -9999.0 -9999.0 -9999.0 -9999.0 -9999.0
-9999.0 -9999.0 -9999.0 -9999.0 -9999.0 -9999.0 -9999.0 -9999.0 -9999.0 -9999.0 -9999.0 -9999.0 -9999.0 -9999.0 -9999.0 -9999.0 -9999.0 -9999.0 -9999.0 -9999.0 -9999.0 -9999.0 -9999.0 -9999.0 -9999.0 -9999.0 -9999.0 -9999.0 -9999.0 -9999.0 -9999.0 -9999.0 -9999.0 -9999.0 -9999.0 -9999.0 -9999.0 -9999.0 -9999.0 -9999.0 -9999.0 -9999.0 -9999.0 -9999.0 -9999.0 -9999.0 -9999.0 -9999.0 -9999.0 -9999.0 -9999.0 -9999.0 -9999.0 -9999.0 -9999.0 -9999.0 -9999.0 -9999.0 -9999.0 -9999.0 -9999.0 -9999.0 -9999.0 -9999.0 -9999.0 -9999.0 -9999.0 -9999.0 -9999.0 -9999.0 -9999.0 -9999.0 -9999.0 -9999.0 -9999.0 -9999.0 -9999.0 -9999.0 -9999.0 -9999.0
-9999.0 -9999.0 -9999.0 -9999.0 -9999.0 -9999.0 -9999.0 -9999.0 -9999.0 -9999.0 -9999.0 -9999.0 -9999.0 -9999.0 -9999.0 -9999.0 -9999.0 -9999.0 -9999.0 -9999.0 0.112077 0.113087 0.107459 0.100650 0.095931 0.096049 0.101798 0.110223 0.120168 0.123277 0.117442 0.117793 0.116052 0.115874 0.116610 0.118227 0.118857 0.122361 0.125043 0.124874 0.122791 0.120920 0.120237 0.121308 0.122953 0.120345 0.124735 0.130186 0.132756 0.131113 0.121999 0.117481 0.115505 0.111737 0.118910 0.122964 0.131240 0.133019 0.133006 0.123500 0.114634 -9999.0 -9999.0 -9999.0 -9999.0 -9999.0 -9999.0 -9999.0 -9999.0 -9999.0 -9999.0 -9999.0 -9999.0 -9999.0 -9999.0 -9999.0 -9999.0 -9999.0 -9999.0 -9999.0
-9999.0 -9999.0 -9999.0 -9999.0 -9999.0 -9999.0 -9999.0 -9999.0 -9999.0 -9999.0 -9999.0 -9999.0 -9999.0 -9999.0 0.095628 0.094005 0.093449 0.094327 0.099405 0.104754 0.107176 0.105291 0.105437 0.100634 0.097040 0.099330 0.104576 0.111189 0.120172 0.126640 0.122045 0.120974 0.124263 0.134444 0.140470 0.139068 0.129998 0.139089 0.146267 0.150947 0.150343 0.145919 0.153464 0.162497 0.158695 0.149370 0.150786 0.156751 0.165601 0.157470 0.128476 0.121766 0.121382 0.119861 0.116284 0.114544 0.122264 0.122699 0.120387 0.115653 0.107958 0.099353 0.096503 0.103434 0.113600 0.132608 -9999.0 -9999.0 -9999.0 -9999.0 -9999.0 -9999.0 -9999.0 -9999.0 -9999.0 -9999.0 -9999.0 -9999.0 -9999.0 -9999.0
-9999.0 -9999.0 -9999.0 -9999.0 -9999.0 -9999.0 -9999.0 -9999.0 -9999.0 0.089197 0.089376 0.090070 0.089976 0.091746 0.091117 0.091882 0.092661 0.096092 0.100848 0.107612 0.114641 0.111512 0.111341 0.114562 0.116424 0.119849 0.125931 0.141188 0.161867 0.188549 0.169457 0.168210 0.180704 0.222675 0.263415 0.274439 0.255414 0.256705 0.282336 0.307989 0.306994 0.305109 0.327173 0.337800 0.343424 0.329181 0.311940 0.309128 0.332767 0.284099 0.221219 0.175893 0.175736 0.157238 0.137508 0.128931 0.127955 0.137417 0.131775 0.119421 0.109862 0.108372 0.104874 0.108592 0.114220 0.129348 0.145463 0.160584 0.161303 0.152233 -9999.0 -9999.0 -9999.0 -9999.0 -9999.0 -9999.0 -9999.0 -9999.0 -9999.0 -9999.0
-9999.0 -9999.0 -9999.0 -9999.0 -9999.0 -9999.0 0.083207 0.083625 0.084952 0.084789 0.086827 0.087144 0.089115 0.091059 0.093367 0.095406 0.100219 0.106146 0.115913 0.129570 0.142184 0.139722 0.143667 0.161383 0.191972 0.221514 0.243589 0.280637 0.349447 0.366405 0.368411 0.369047 0.369660 0.369877 0.369985 0.370000 0.369981 0.369956 0.369975 0.369997 0.370000 0.370000 0.370000 0.370000 0.370000 0.370000 0.369997 0.369989 0.369985 0.369980 0.369905 0.369575 0.364282 0.337311 0.262332 0.206858 0.200713 0.211296 0.187564 0.155589 0.136249 0.132846 0.128058 0.123332 0.125444 0.132824 0.143266 0.149284 0.143996 0.135731 0.127538 0.118328 0.119063 0.127694 -9999.0 -9999.0 -9999.0 -9999.0 -9999.0 -9999.0
-9999.0 -9999.0 -9999.0 -9999.0 0.080081 0.080810 0.079661 0.081003 0.082893 0.085121 0.087547 0.091408 0.094530 0.098747 0.106479 0.115484 0.128836 0.141887 0.170659 0.224647 0.277866 0.305902 0.319912 0.363523 0.369671 0.369919 0.369948 0.369977 0.369998 0.370000 0.370000 0.370000 0.370000 0.370000 0.370000 0.370000 0.370000 0.370000 0.370000 0.370000 0.370000 0.370000 0.370000 0.370000 0.370000 0.370000 0.370000 0.370000 0.370000 0.370000 0.370000 0.370000 0.370000 0.369997 0.369990 0.369952 0.369717 0.369107 0.355462 0.312256 0.243613 0.217003 0.190929 0.174254 0.156887 0.158263 0.161027 0.151504 0.138394 0.126675 0.122336 0.117048 0.114312 0.123726 0.129968 0.143212 -9999.0 -9999.0 -9999.0 -9999.0
-9999.0 -9999.0 0.078065 0.079772 0.082952 0.083002 0.082913 0.082867 0.084649 0.089210 0.099985 0.110216 0.122444 0.131997 0.159191 0.222050 0.295606 0.339125 0.367390 0.369785 0.369960 0.369992 0.370000 0.370000 0.370000 0.370000 0.370000 0.370000 0.370000 0.370000 0.370000 0.370000 0.370000 0.370000 0.370000 0.370000 0.370000 0.370000 0.370000 0.370000 0.370000 0.370000 0.370000 0.370000 0.370000 0.370000 0.370000 0.370000 0.370000 0.370000 0.370000 0.370000 0.370000 0.370000 0.370000 0.370000 0.370000 0.370000 0.369999 0.369991 0.369882 0.369576 0.363352 0.327651 0.271728 0.238860 0.201584 0.175533 0.151756 0.132758 0.125097 0.119784 0.119733 0.120097 0.125689 0.131584 0.138178 0.141661 -9999.0 -9999.0
-9999.0 0.075699 0.076991 0.082917 0.088491 0.093181 0.099027 0.104254 0.108886 0.110743 0.148928 0.228195 0.310717 0.333984 0.365412 0.369864 0.370000 0.370000 0.370000 0.370000 0.370000 0.370000 0.370000 0.370000 0.370000 0.370000 0.370000 0.370000 0.370000 0.370000 0.370000 0.370000 0.370000 0.370000 0.370000 0.370000 0.370000 0.370000 0.370000 0.370000 0.370000 0.370000 0.370000 0.370000 0.370000 0.370000 0.370000 0.370000 0.370000 0.370000 0.370000 0.370000 0.370000 0.370000 0.370000 0.370000 0.370000 0.370000 0.370000 0.370000 0.370000 0.370000 0.369996 0.369938 0.369651 0.362257 0.314630 0.257591 0.203880 0.178965 0.162171 0.137462 0.129039 0.130584 0.127526 0.126976 0.129692 0.132247 -9999.0 -9999.0
-9999.0 0.073708 0.077207 0.087192 0.107824 0.122937 0.185725 0.256485 0.278776 0.255057 0.354327 0.370000 0.370000 0.370000 0.370000 0.370000 0.370000 0.370000 0.370000 0.370000 0.370000 0.370000 0.370000 0.370000 0.370000 0.370000 0.370000 0.370000 0.370000 0.370000 0.370000 0.370000 0.370000 0.370000 0.370000 0.370000 0.370000 0.370000 0.369999 0.369993 0.369987 0.369996 0.369992 0.369983 0.369979 0.369993 0.369999 0.369999 0.370000 0.370000 0.370000 0.370000 0.370000 0.370000 0.370000 0.370000 0.370000 0.370000 0.370000 0.370000 0.370000 0.370000 0.370000 0.370000 0.370000 0.369972 0.369831 0.369374 0.354543 0.314976 0.264072 0.211767 0.171526 0.157641 0.139284 0.131422 -9999.0 -9999.0 -9999.0 -9999.0
-9999.0 0.072990 0.076799 0.095367 0.180275 0.299830 0.369669 0.369999 0.370000 0.370000 0.370000 0.370000 0.370000 0.370000 0.370000 0.370000 0.370000 0.370000 0.370000 0.370000 0.370000 0.370000 0.370000 0.370000 0.370000 0.370000 0.370000 0.370000 0.370000 0.370000 0.370000 0.370000 0.369999 0.369938 0.369840 0.369662 0.365038 0.361517 0.355614 0.335412 0.320313 0.308540 0.323642 0.320857 0.319961 0.328087 0.345008 0.355290 0.367600 0.369638 0.369869 0.369972 0.369995 0.370000 0.370000 0.370000 0.370000 0.370000 0.370000 0.370000 0.370000 0.370000 0.370000 0.370000 0.370000 0.370000 0.370000 0.369998 0.369950 0.369797 0.369445 0.361864 0.304898 0.218941 0.189211 -9999.0 -9999.0 -9999.0 -9999.0 -9999.0
-9999.0 0.070929 0.075348 0.090743 0.224375 0.369726 0.369997 0.370000 0.370000 0.370000 0.370000 0.370000 0.370000 0.370000 0.370000 0.370000 0.370000 0.370000 0.370000 0.370000 0.370000 0.370000 0.370000 0.370000 0.370000 0.370000 0.369999 0.369997 0.369965 0.369873 0.369181 0.366252 0.327761 0.260833 0.217123 0.181275 0.150859 0.150126 0.158001 0.149148 0.139266 0.131557 0.141814 0.148212 0.153228 0.148369 0.152237 0.170426 0.202411 0.236469 0.284452 0.336234 0.363205 0.369589 0.369828 0.369960 0.369994 0.370000 0.370000 0.370000 0.370000 0.370000 0.370000 0.370000 0.370000 0.370000 0.370000 0.370000 0.370000 0.369999 0.369992 0.369954 0.369775 -9999.0 -9999.0 -9999.0 -9999.0 -9999.0 -9999.0 -9999.0
-9999.0 0.070000 0.072889 0.077032 0.104792 0.210614 0.352630 0.369757 0.370000 0.369954 0.369937 0.369972 0.369991 0.369997 0.369990 0.369965 0.369929 0.369940 0.369944 0.369896 0.369802 0.369727 0.369707 0.369515 0.367480 0.364135 0.360351 0.348382 0.318324 0.264608 0.191439 0.152938 0.127355 0.116428 0.109070 0.102384 0.095586 0.097533 0.100206 0.099335 0.097143 0.096223 0.101272 0.104602 0.106672 0.103415 0.107177 0.113311 0.125291 0.140062 0.161685 0.193608 0.233046 0.260178 0.278197 0.311226 0.349026 0.368795 0.369905 0.369999 0.370000 0.370000 0.370000 0.370000 0.370000 0.370000 0.370000 0.370000 0.370000 0.370000 0.370000 -9999.0 -9999.0 -9999.0 -9999.0 -9999.0 -9999.0 -9999.0 -9999.0 -9999.0
-9999.0 -9999.0 0.069705 0.071057 0.073238 0.078549 0.089246 0.106656 0.124294 0.153270 0.202643 0.262335 0.298125 0.312117 0.293658 0.251635 0.225660 0.226095 0.218675 0.205455 0.185319 0.178518 0.173350 0.168969 0.160424 0.156203 0.153714 0.148667 0.138943 0.122223 0.108078 0.098375 0.090915 0.088578 0.086653 0.084746 0.084668 0.084555 0.085109 0.085143 0.085526 0.086468 0.088299 0.090424 0.091351 0.092056 0.093513 0.096668 0.101956 0.110026 0.123995 0.144591 0.162349 0.167685 0.161111 0.163712 0.176199 0.207127 0.291176 0.363808 0.369781 0.369979 0.370000 0.370000 0.370000 0.370000 0.370000 0.370000 0.370000 0.370000 -9999.0 -9999.0 -9999.0 -9999.0 -9999.0 -9999.0 -9999.0 -9999.0 -9999.0 -9999.0
-9999.0 -9999.0 -9999.0 -9999.0 0.069653 0.071140 0.072801 0.073746 0.077023 0.081565 0.088020 0.096581 0.104812 0.109540 0.106134 0.104177 0.102411 0.102067 0.100672 0.099464 0.098374 0.097223 0.095822 0.094767 0.094672 0.095171 0.094997 0.093293 0.091652 0.088515 0.086407 0.083793 0.081557 0.080030 0.079572 0.079279 0.079402 0.079109 0.079639 0.079762 0.080486 0.081229 0.082589 0.084488 0.085178 0.086321 0.087064 0.089023 0.092029 0.099293 0.111651 0.127509 0.139530 0.139993 0.128520 0.122499 0.120752 0.129208 0.147338 0.185587 0.273025 0.344216 0.368901 0.369816 0.369934 0.369991 0.370000 0.370000 -9999.0 -9999.0 -9999.0 -9999.0 -9999.0 -9999.0 -9999.0 -9999.0 -9999.0 -9999.0 -9999.0 -9999.0
-9999.0 -9999.0 -9999.0 -9999.0 -9999.0 -9999.0 0.069770 0.070464 0.070755 0.071963 0.073651 0.075753 0.078446 0.079305 0.080067 0.081461 0.081120 0.080149 0.079249 0.080269 0.080803 0.080629 0.079099 0.079127 0.079290 0.079848 0.079799 0.079613 0.078331 0.078975 0.079099 0.078225 0.077364 0.077061 0.076681 0.077222 0.077285 0.076748 0.076753 0.077764 0.078441 0.078833 0.079726 0.081380 0.083387 0.084265 0.084145 0.084323 0.087787 0.096055 0.108564 0.122207 0.131981 0.134137 0.123137 0.110806 0.105291 0.105970 0.113131 0.127803 0.159396 0.186557 0.209280 0.231325 0.261403 0.350277 -9999.0 -9999.0 -9999.0 -9999.0 -9999.0 -9999.0 -9999.0 -9999.0 -9999.0 -9999.0 -9999.0 -9999.0 -9999.0 -9999.0
-9999.0 -9999.0 -9999.0 -9999.0 -9999.0 -9999.0 -9999.0 -9999.0 -9999.0 -9999.0 -9999.0 -9999.0 -9999.0 -9999.0 -9999.0 -9999.0 -9999.0 -9999.0 -9999.0 -9999.0 -9999.0 -9999.0 -9999.0 -9999.0 -9999.0 -9999.0 -9999.0 -9999.0 -9999.0 -9999.0 -9999.0 -9999.0 -9999.0 -9999.0 -9999.0 -9999.0 -9999.0 -9999.0 -9999.0 -9999.0 -9999.0 -9999.0 -9999.0 -9999.0 -9999.0 -9999.0 -9999.0 -9999.0 -9999.0 -9999.0 -9999.0 -9999.0 -9999.0 -9999.0 -9999.0 -9999.0 -9999.0 -9999.0 -9999.0 -9999.0 -9999.0 -9999.0 -9999.0 -9999.0 -9999.0 -9999.0 -9999.0 -9999.0 -9999.0 -9999.0 -9999.0 -9999.0 -9999.0 -9999.0 -9999.0 -9999.0 -9999.0 -9999.0 -9999.0 -9999.0
-9999.0 -9999.0 -9999.0 -9999.0 -9999.0 -9999.0 -9999.0 -9999.0 -9999.0 -9999.0 -9999.0 -9999.0 -9999.0 -9999.0 -9999.0 -9999.0 -9999.0 -9999.0 -9999.0 -9999.0 -9999.0 -9999.0 -9999.0 -9999.0 -9999.0 -9999.0 -9999.0 -9999.0 -9999.0 -9999.0 -9999.0 -9999.0 -9999.0 -9999.0 -9999.0 -9999.0 -9999.0 -9999.0 -9999.0 -9999.0 -9999.0 -9999.0 -9999.0 -9999.0 -9999.0 -9999.0 -9999.0 -9999.0 -9999.0 -9999.0 -9999.0 -9999.0 -9999.0 -9999.0 -9999.0 -9999.0 -9999.0 -9999.0 -9999.0 -9999.0 -9999.0 -9999.0 -9999.0 -9999.0 -9999.0 -9999.0 -9999.0 -9999.0 -9999.0 -9999.0 -9999.0 -9999.0 -9999.0 -9999.0 -9999.0 -9999.0 -9999.0 -9999.0 -9999.0 -9999.0