Borden_/Borden1m_014/output_maps/thetaliqL0002N0035.asc
ncols         80
nrows         18
xllcorner     620200.000000
yllcorner     5168000.000000
cellsize      1.000000
NODATA_value  -9999.0
-9999.0 -9999.0 -9999.0 -9999.0 -9999.0 -9999.0 -9999.0 -9999.0 -9999.0 -9999.0 -9999.0 -9999.0 -9999.0 -9999.0 -9999.0 -9999.0 -9999.0 -9999.0 -9999.0 -9999.0 -9999.0 -9999.0 -9999.0 -9999.0 -9999.0 -9999.0 -9999.0 -9999.0 -9999.0 -9999.0 -9999.0 -9999.0 -9999.0 -9999.0 -9999.0 -9999.0 -9999.0 -9999.0 -9999.0 -9999.0 -9999.0 -9999.0 -9999.0 -9999.0 -9999.0 -9999.0 -9999.0 -9999.0 -9999.0 -9999.0 -9999.0 -9999.0 -9999.0 -9999.0 -9999.0 -9999.0 -9999.0 -9999.0 -9999.0 -9999.0 -9999.0 -9999.0 -9999.0 -9999.0 -9999.0 -9999.0 -9999.0 -9999.0 -9999.0 -9999.0 -9999.0 -9999.0 -9999.0 -9999.0 -9999.0 -9999.0 -9999.0 -9999.0 -9999.0 -9999.0
-9999.0 -9999.0 -9999.0 -9999.0 -9999.0 -9999.0 -9999.0 -9999.0 -9999.0 -9999.0 -9999.0 -9999.0 -9999.0 -9999.0 -9999.0 -9999.0 -9999.0 -9999.0 -9999.0 -9999.0 -9999.0 -9999.0 -9999.0 -9999.0 -9999.0 -9999.0 -9999.0 -9999.0 -9999.0 -9999.0 -9999.0 -9999.0 -9999.0 -9999.0 -9999.0 -9999.0 -9999.0 -9999.0 -9999.0 -9999.0 -9999.0 -9999.0 -9999.0 -9999.0 -9999.0 -9999.0 -9999.0 -9999.0 -9999.0 -9999.0 -9999.0 -9999.0 -9999.0 -9999.0 -9999.0 -9999.0 -9999.0 -9999.0 -9999.0 -9999.0 -9999.0 -9999.0 -9999.0 -9999.0 -9999.0 -9999.0 -9999.0 -9999.0 -9999.0 -9999.0 -9999.0 -9999.0 -9999.0 -9999.0 -9999.0 -9999.0 -9999.0 -9999.0 -9999.0 -9999.0
-9999.0 -9999.0 -9999.0 -9999.0 -9999.0 -9999.0 -9999.0 -9999.0 -9999.0 -9999.0 -9999.0 -9999.0 -9999.0 -9999.0 -9999.0 -9999.0 -9999.0 -9999.0 -9999.0 -9999.0 0.182201 0.182813 0.181408 0.179820 0.178518 0.178373 0.179844 0.181602 0.183653 0.184105 0.182496 0.182854 0.182233 0.181918 0.181918 0.182355 0.182555 0.183229 0.183673 0.183501 0.183007 0.182643 0.182323 0.182448 0.182988 0.182259 0.183362 0.184490 0.184915 0.184858 0.183273 0.182598 0.182348 0.181131 0.183349 0.184062 0.185818 0.186017 0.186306 0.184321 0.182412 -9999.0 -9999.0 -9999.0 -9999.0 -9999.0 -9999.0 -9999.0 -9999.0 -9999.0 -9999.0 -9999.0 -9999.0 -9999.0 -9999.0 -9999.0 -9999.0 -9999.0 -9999.0 -9999.0
-9999.0 -9999.0 -9999.0 -9999.0 -9999.0 -9999.0 -9999.0 -9999.0 -9999.0 -9999.0 -9999.0 -9999.0 -9999.0 -9999.0 0.179485 0.178772 0.178448 0.178277 0.179595 0.180666 0.180763 0.180014 0.180588 0.179118 0.177853 0.178627 0.179778 0.180789 0.182435 0.183716 0.182567 0.182287 0.182932 0.185204 0.186283 0.185829 0.183247 0.185668 0.187006 0.187897 0.187786 0.186585 0.188329 0.190387 0.189365 0.187210 0.187609 0.188814 0.190845 0.189649 0.183072 0.182296 0.182578 0.182649 0.181803 0.181207 0.183454 0.183179 0.182779 0.182291 0.180908 0.178793 0.177887 0.180019 0.182062 0.186311 -9999.0 -9999.0 -9999.0 -9999.0 -9999.0 -9999.0 -9999.0 -9999.0 -9999.0 -9999.0 -9999.0 -9999.0 -9999.0 -9999.0
-9999.0 -9999.0 -9999.0 -9999.0 -9999.0 -9999.0 -9999.0 -9999.0 -9999.0 0.178231 0.178044 0.178243 0.177801 0.178422 0.177441 0.177683 0.177539 0.178427 0.179206 0.180526 0.182263 0.181029 0.180879 0.181802 0.181991 0.182413 0.183269 0.186315 0.190057 0.196022 0.191121 0.190920 0.193656 0.204250 0.215383 0.219359 0.212902 0.212877 0.220897 0.231942 0.232925 0.232067 0.245605 0.254683 0.260895 0.247263 0.233834 0.231809 0.247081 0.221508 0.204096 0.192545 0.193082 0.189253 0.185263 0.183779 0.183284 0.185939 0.184861 0.182363 0.180383 0.180896 0.179844 0.180872 0.181680 0.184902 0.187949 0.190984 0.191138 0.189207 -9999.0 -9999.0 -9999.0 -9999.0 -9999.0 -9999.0 -9999.0 -9999.0 -9999.0 -9999.0
-9999.0 -9999.0 -9999.0 -9999.0 -9999.0 -9999.0 0.176924 0.176849 0.177246 0.176078 0.176942 0.176379 0.177035 0.177350 0.177799 0.177871 0.179029 0.180091 0.181923 0.184437 0.186841 0.185702 0.186358 0.189949 0.197314 0.204741 0.209896 0.220413 0.265838 0.307759 0.321960 0.327709 0.333554 0.346795 0.360907 0.363715 0.360528 0.357285 0.360959 0.366428 0.369626 0.369645 0.369708 0.369771 0.369920 0.369902 0.366949 0.363930 0.362402 0.360674 0.349725 0.330585 0.295779 0.251825 0.214877 0.200753 0.198573 0.200640 0.195347 0.188877 0.185208 0.185101 0.184376 0.183129 0.183687 0.185021 0.187113 0.188427 0.187403 0.185999 0.184901 0.182797 0.183108 0.185147 -9999.0 -9999.0 -9999.0 -9999.0 -9999.0 -9999.0
-9999.0 -9999.0 -9999.0 -9999.0 0.175053 0.175601 0.173995 0.174909 0.175649 0.176228 0.176297 0.177348 0.177691 0.178482 0.180170 0.181606 0.184132 0.186160 0.191861 0.204765 0.219789 0.231215 0.240543 0.295705 0.335345 0.350906 0.355351 0.360887 0.366780 0.369940 0.369932 0.369990 0.369973 0.370000 0.370000 0.370000 0.370000 0.370000 0.370000 0.370000 0.370000 0.370000 0.370000 0.370000 0.370000 0.370000 0.370000 0.370000 0.370000 0.369998 0.370000 0.369972 0.368542 0.366262 0.363523 0.355724 0.335577 0.322510 0.273989 0.233942 0.209114 0.202119 0.195886 0.192731 0.188909 0.189496 0.190447 0.188530 0.186097 0.183858 0.183512 0.182549 0.181562 0.184122 0.185113 0.188061 -9999.0 -9999.0 -9999.0 -9999.0
-9999.0 -9999.0 0.174907 0.175010 0.176539 0.175650 0.175138 0.174381 0.174732 0.176238 0.179237 0.180713 0.182970 0.184259 0.189707 0.204832 0.228886 0.256947 0.311948 0.341669 0.357671 0.364691 0.369292 0.369735 0.369982 0.369989 0.370000 0.370000 0.370000 0.370000 0.370000 0.370000 0.370000 0.370000 0.370000 0.370000 0.370000 0.370000 0.370000 0.370000 0.370000 0.370000 0.370000 0.370000 0.370000 0.370000 0.370000 0.370000 0.370000 0.370000 0.370000 0.370000 0.370000 0.370000 0.370000 0.370000 0.369962 0.368695 0.367274 0.363320 0.345953 0.327841 0.290629 0.243075 0.216438 0.206562 0.197770 0.192694 0.188312 0.184531 0.183358 0.182642 0.183083 0.182768 0.184150 0.185250 0.186846 0.187481 -9999.0 -9999.0
-9999.0 0.174438 0.174006 0.176749 0.177339 0.178007 0.178945 0.179757 0.180591 0.179576 0.188293 0.208640 0.236680 0.252564 0.303621 0.350965 0.369505 0.369847 0.369951 0.369958 0.370000 0.370000 0.370000 0.370000 0.370000 0.370000 0.370000 0.370000 0.370000 0.370000 0.370000 0.370000 0.370000 0.370000 0.370000 0.370000 0.370000 0.370000 0.369999 0.370000 0.370000 0.370000 0.370000 0.370000 0.370000 0.370000 0.370000 0.370000 0.370000 0.370000 0.370000 0.370000 0.370000 0.370000 0.370000 0.370000 0.370000 0.370000 0.370000 0.370000 0.369786 0.368340 0.364242 0.351581 0.330663 0.285839 0.234093 0.211562 0.198085 0.193418 0.190607 0.185360 0.183979 0.184962 0.184287 0.184204 0.184832 0.185334 -9999.0 -9999.0
-9999.0 0.172094 0.174504 0.177562 0.181689 0.182664 0.197984 0.215493 0.223919 0.213666 0.279399 0.369589 0.369967 0.369966 0.369999 0.370000 0.370000 0.370000 0.370000 0.370000 0.370000 0.370000 0.370000 0.370000 0.370000 0.370000 0.370000 0.370000 0.370000 0.370000 0.370000 0.370000 0.370000 0.369999 0.369986 0.369963 0.369749 0.369043 0.367368 0.365154 0.363733 0.365980 0.364863 0.362344 0.361752 0.364996 0.367661 0.367228 0.367480 0.368578 0.369642 0.369994 0.369999 0.370000 0.370000 0.370000 0.370000 0.370000 0.370000 0.370000 0.370000 0.370000 0.369999 0.369637 0.366937 0.355124 0.338164 0.318955 0.269072 0.234192 0.214087 0.200433 0.191771 0.189770 0.185962 0.185223 -9999.0 -9999.0 -9999.0 -9999.0
-9999.0 0.172060 0.174480 0.180388 0.197057 0.229718 0.333926 0.366563 0.369993 0.369936 0.370000 0.370000 0.370000 0.370000 0.370000 0.370000 0.370000 0.370000 0.370000 0.370000 0.370000 0.370000 0.370000 0.370000 0.370000 0.370000 0.370000 0.370000 0.369913 0.369638 0.369116 0.368653 0.366953 0.353997 0.343161 0.334191 0.301398 0.288543 0.274758 0.249836 0.238618 0.232185 0.240746 0.238653 0.237965 0.243744 0.259714 0.274028 0.310308 0.330085 0.344092 0.358282 0.363868 0.367717 0.369487 0.369996 0.369995 0.370000 0.370000 0.370000 0.370000 0.370000 0.370000 0.370000 0.370000 0.369562 0.367877 0.360102 0.345959 0.331515 0.317951 0.282031 0.229798 0.202357 0.196263 -9999.0 -9999.0 -9999.0 -9999.0 -9999.0
-9999.0 0.169026 0.174701 0.179625 0.210423 0.340762 0.363900 0.370000 0.370000 0.370000 0.369921 0.370000 0.370000 0.370000 0.370000 0.370000 0.370000 0.369999 0.370000 0.369995 0.369796 0.369605 0.369584 0.369391 0.368838 0.368097 0.367291 0.365596 0.357304 0.345416 0.321627 0.303479 0.244906 0.214953 0.203735 0.195330 0.188219 0.188309 0.190406 0.188452 0.186417 0.184390 0.186847 0.188030 0.189155 0.187813 0.188280 0.191945 0.198591 0.206598 0.221188 0.249966 0.290580 0.328109 0.340571 0.356504 0.364384 0.368126 0.369825 0.370000 0.370000 0.370000 0.370000 0.370000 0.370000 0.370000 0.370000 0.369598 0.364156 0.357075 0.353156 0.346807 0.331393 -9999.0 -9999.0 -9999.0 -9999.0 -9999.0 -9999.0 -9999.0
-9999.0 0.167185 0.173227 0.174576 0.183406 0.206886 0.272378 0.342300 0.369194 0.356784 0.353114 0.359165 0.363944 0.366142 0.363586 0.357885 0.352297 0.353233 0.353543 0.347006 0.337273 0.332620 0.332365 0.328691 0.311089 0.295366 0.284235 0.263670 0.237541 0.215950 0.196820 0.188984 0.183939 0.182168 0.180919 0.179649 0.177413 0.178566 0.179507 0.179248 0.178525 0.177999 0.179647 0.180264 0.180806 0.179312 0.180384 0.181440 0.183807 0.186371 0.190217 0.196309 0.205051 0.212559 0.218741 0.232971 0.264543 0.318155 0.349181 0.366606 0.369555 0.369993 0.370000 0.370000 0.370000 0.370000 0.370000 0.370000 0.366816 0.363234 0.362875 -9999.0 -9999.0 -9999.0 -9999.0 -9999.0 -9999.0 -9999.0 -9999.0 -9999.0
-9999.0 -9999.0 0.166092 0.168622 0.171037 0.173594 0.177347 0.182489 0.186810 0.192822 0.203027 0.217110 0.228812 0.235283 0.226891 0.213111 0.206437 0.206844 0.205173 0.201974 0.196785 0.194986 0.193794 0.192837 0.190797 0.189929 0.189548 0.188763 0.187114 0.183732 0.180875 0.178978 0.177008 0.177000 0.176656 0.175986 0.176444 0.176327 0.176510 0.176416 0.176549 0.176843 0.177237 0.177759 0.177805 0.177945 0.178160 0.178770 0.179726 0.181024 0.183551 0.187405 0.190569 0.191408 0.189842 0.190407 0.192852 0.199197 0.224302 0.292053 0.339935 0.359462 0.367672 0.369380 0.369674 0.369973 0.370000 0.369447 0.352699 0.355701 -9999.0 -9999.0 -9999.0 -9999.0 -9999.0 -9999.0 -9999.0 -9999.0 -9999.0 -9999.0
-9999.0 -9999.0 -9999.0 -9999.0 0.165267 0.168631 0.171758 0.171531 0.173902 0.175420 0.176957 0.178873 0.180490 0.181571 0.180234 0.179826 0.179508 0.179696 0.179414 0.179036 0.178820 0.178592 0.178383 0.178080 0.178165 0.178418 0.178480 0.177973 0.177924 0.176927 0.176711 0.176116 0.175547 0.174936 0.175026 0.174940 0.175184 0.174918 0.175337 0.175092 0.175412 0.175573 0.175988 0.176651 0.176433 0.176818 0.176862 0.177394 0.177672 0.179155 0.181629 0.184629 0.186776 0.186716 0.184098 0.183017 0.182463 0.184156 0.187292 0.194561 0.217335 0.258433 0.319167 0.338961 0.348886 0.359904 0.365529 0.366251 -9999.0 -9999.0 -9999.0 -9999.0 -9999.0 -9999.0 -9999.0 -9999.0 -9999.0 -9999.0 -9999.0 -9999.0
-9999.0 -9999.0 -9999.0 -9999.0 -9999.0 -9999.0 0.166568 0.168198 0.167814 0.169000 0.170072 0.170982 0.172420 0.172225 0.172588 0.173709 0.173520 0.172977 0.172311 0.173296 0.173701 0.173801 0.172697 0.172985 0.173085 0.173517 0.173473 0.173642 0.172678 0.173745 0.174243 0.174001 0.173765 0.173946 0.173693 0.174392 0.174475 0.173912 0.173763 0.174577 0.174817 0.174718 0.174907 0.175506 0.176371 0.176514 0.176146 0.175651 0.176601 0.178787 0.181392 0.183840 0.185513 0.186058 0.183835 0.181000 0.179639 0.179511 0.180741 0.183171 0.189205 0.194008 0.198531 0.204447 0.212359 0.265046 -9999.0 -9999.0 -9999.0 -9999.0 -9999.0 -9999.0 -9999.0 -9999.0 -9999.0 -9999.0 -9999.0 -9999.0 -9999.0 -9999.0
-9999.0 -9999.0 -9999.0 -9999.0 -9999.0 -9999.0 -9999.0 -9999.0 -9999.0 -9999.0 -9999.0 -9999.0 -9999.0 -9999.0 -9999.0 -9999.0 -9999.0 -9999.0 -9999.0 -9999.0 -9999.0 -9999.0 -9999.0 -9999.0 -9999.0 -9999.0 -9999.0 -9999.0 -9999.0 -9999.0 -9999.0 -9999.0 -9999.0 -9999.0 -9999.0 -9999.0 -9999.0 -9999.0 -9999.0 -9999.0 -9999.0 -9999.0 -9999.0 -9999.0 -9999.0 -9999.0 -9999.0 -9999.0 -9999.0 -9999.0 -9999.0 -9999.0 -9999.0 -9999.0 -9999.0 -9999.0 -9999.0 -9999.0 -9999.0 -9999.0 -9999.0 -9999.0 -9999.0 -9999.0 -9999.0 -9999.0 -9999.0 -9999.0 -9999.0 -9999.0 -9999.0 -9999.0 -9999.0 -9999.0 -9999.0 -9999.0 -9999.0 -9999.0 -9999.0 -9999.0
-9999.0 -9999.0 -9999.0 -9999.0 -9999.0 -9999.0 -9999.0 -9999.0 -9999.0 -9999.0 -9999.0 -9999.0 -9999.0 -9999.0 -9999.0 -9999.0 -9999.0 -9999.0 -9999.0 -9999.0 -9999.0 -9999.0 -9999.0 -9999.0 -9999.0 -9999.0 -9999.0 -9999.0 -9999.0 -9999.0 -9999.0 -9999.0 -9999.0 -9999.0 -9999.0 -9999.0 -9999.0 -9999.0 -9999.0 -9999.0 -9999.0 -9999.0 -9999.0 -9999.0 -9999.0 -9999.0 -9999.0 -9999.0 -9999.0 -9999.0 -9999.0 -9999.0 -9999.0 -9999.0 -9999.0 -9999.0 -9999.0 -9999.0 -9999.0 -9999.0 -9999.0 -9999.0 -9999.0 -9999.0 -9999.0 -9999.0 -9999.0 -9999.0 -9999.0 -9999.0 -9999.0 -9999.0 -9999.0 -9999.0 -9999.0 -9999.0 -9999.0 -9999.0 -9999.0 -9999.0