Borden_/Borden1m_014/output_maps/thetaliqL0002N0034.asc
ncols         80
nrows         18
xllcorner     620200.000000
yllcorner     5168000.000000
cellsize      1.000000
NODATA_value  -9999.0
-9999.0 -9999.0 -9999.0 -9999.0 -9999.0 -9999.0 -9999.0 -9999.0 -9999.0 -9999.0 -9999.0 -9999.0 -9999.0 -9999.0 -9999.0 -9999.0 -9999.0 -9999.0 -9999.0 -9999.0 -9999.0 -9999.0 -9999.0 -9999.0 -9999.0 -9999.0 -9999.0 -9999.0 -9999.0 -9999.0 -9999.0 -9999.0 -9999.0 -9999.0 -9999.0 -9999.0 -9999.0 -9999.0 -9999.0 -9999.0 -9999.0 -9999.0 -9999.0 -9999.0 -9999.0 -9999.0 -9999.0 -9999.0 -9999.0 -9999.0 -9999.0 -9999.0 -9999.0 -9999.0 -9999.0 -9999.0 -9999.0 -9999.0 -9999.0 -9999.0 -9999.0 -9999.0 -9999.0 -9999.0 -9999.0 -9999.0 -9999.0 -9999.0 -9999.0 -9999.0 -9999.0 -9999.0 -9999.0 -9999.0 -9999.0 -9999.0 -9999.0 -9999.0 -9999.0 -9999.0
-9999.0 -9999.0 -9999.0 -9999.0 -9999.0 -9999.0 -9999.0 -9999.0 -9999.0 -9999.0 -9999.0 -9999.0 -9999.0 -9999.0 -9999.0 -9999.0 -9999.0 -9999.0 -9999.0 -9999.0 -9999.0 -9999.0 -9999.0 -9999.0 -9999.0 -9999.0 -9999.0 -9999.0 -9999.0 -9999.0 -9999.0 -9999.0 -9999.0 -9999.0 -9999.0 -9999.0 -9999.0 -9999.0 -9999.0 -9999.0 -9999.0 -9999.0 -9999.0 -9999.0 -9999.0 -9999.0 -9999.0 -9999.0 -9999.0 -9999.0 -9999.0 -9999.0 -9999.0 -9999.0 -9999.0 -9999.0 -9999.0 -9999.0 -9999.0 -9999.0 -9999.0 -9999.0 -9999.0 -9999.0 -9999.0 -9999.0 -9999.0 -9999.0 -9999.0 -9999.0 -9999.0 -9999.0 -9999.0 -9999.0 -9999.0 -9999.0 -9999.0 -9999.0 -9999.0 -9999.0
-9999.0 -9999.0 -9999.0 -9999.0 -9999.0 -9999.0 -9999.0 -9999.0 -9999.0 -9999.0 -9999.0 -9999.0 -9999.0 -9999.0 -9999.0 -9999.0 -9999.0 -9999.0 -9999.0 -9999.0 0.183802 0.184422 0.183010 0.181415 0.180106 0.179958 0.181436 0.183198 0.185255 0.185706 0.184086 0.184449 0.183823 0.183503 0.183500 0.183940 0.184143 0.184818 0.185260 0.185086 0.184589 0.184225 0.183902 0.184026 0.184570 0.183836 0.184945 0.186077 0.186500 0.186448 0.184863 0.184190 0.183942 0.182716 0.184950 0.185663 0.187425 0.187622 0.187916 0.185925 0.184009 -9999.0 -9999.0 -9999.0 -9999.0 -9999.0 -9999.0 -9999.0 -9999.0 -9999.0 -9999.0 -9999.0 -9999.0 -9999.0 -9999.0 -9999.0 -9999.0 -9999.0 -9999.0 -9999.0
-9999.0 -9999.0 -9999.0 -9999.0 -9999.0 -9999.0 -9999.0 -9999.0 -9999.0 -9999.0 -9999.0 -9999.0 -9999.0 -9999.0 0.181090 0.180371 0.180043 0.179866 0.181190 0.182263 0.182355 0.181598 0.182182 0.180701 0.179425 0.180206 0.181360 0.182368 0.184016 0.185299 0.184144 0.183863 0.184509 0.186788 0.187865 0.187407 0.184810 0.187246 0.188583 0.189473 0.189362 0.188154 0.189902 0.191965 0.190937 0.188777 0.189181 0.190389 0.192424 0.191237 0.184638 0.183869 0.184157 0.184234 0.183384 0.182784 0.185047 0.184765 0.184366 0.183883 0.182499 0.180374 0.179461 0.181609 0.183656 0.187921 -9999.0 -9999.0 -9999.0 -9999.0 -9999.0 -9999.0 -9999.0 -9999.0 -9999.0 -9999.0 -9999.0 -9999.0 -9999.0 -9999.0
-9999.0 -9999.0 -9999.0 -9999.0 -9999.0 -9999.0 -9999.0 -9999.0 -9999.0 0.179835 0.179646 0.179845 0.179396 0.180022 0.179026 0.179269 0.179120 0.180012 0.180789 0.182111 0.183857 0.182612 0.182459 0.183387 0.183571 0.183990 0.184842 0.187894 0.191629 0.197597 0.192677 0.192474 0.195212 0.205819 0.216880 0.220814 0.214418 0.214387 0.222287 0.233090 0.233963 0.233101 0.246267 0.255110 0.261231 0.247893 0.234899 0.232942 0.247944 0.222895 0.205670 0.194100 0.194655 0.190828 0.186837 0.185355 0.184856 0.187527 0.186449 0.183945 0.181959 0.182485 0.181425 0.182461 0.183266 0.186498 0.189550 0.192591 0.192746 0.190809 -9999.0 -9999.0 -9999.0 -9999.0 -9999.0 -9999.0 -9999.0 -9999.0 -9999.0 -9999.0
-9999.0 -9999.0 -9999.0 -9999.0 -9999.0 -9999.0 0.178527 0.178450 0.178849 0.177661 0.178533 0.177959 0.178619 0.178933 0.179382 0.179448 0.180610 0.181672 0.183505 0.186021 0.188426 0.187273 0.187926 0.191516 0.198895 0.206324 0.211445 0.221793 0.266314 0.308218 0.322546 0.328412 0.334398 0.347222 0.361059 0.363950 0.360665 0.357358 0.360945 0.366411 0.369635 0.369651 0.369713 0.369774 0.369921 0.369904 0.366928 0.363893 0.362366 0.360696 0.350026 0.331476 0.296354 0.252515 0.216363 0.202337 0.200143 0.202197 0.196922 0.190454 0.186784 0.186686 0.185965 0.184711 0.185273 0.186610 0.188706 0.190025 0.188999 0.187596 0.186503 0.184390 0.184704 0.186752 -9999.0 -9999.0 -9999.0 -9999.0 -9999.0 -9999.0
-9999.0 -9999.0 -9999.0 -9999.0 0.176635 0.177190 0.175560 0.176486 0.177231 0.177812 0.177873 0.178929 0.179267 0.180057 0.181749 0.183180 0.185706 0.187726 0.193425 0.206332 0.221216 0.232384 0.241325 0.296107 0.336055 0.351179 0.355465 0.360886 0.366785 0.369941 0.369984 0.369990 0.369997 0.369993 0.370000 0.370000 0.370000 0.370000 0.370000 0.370000 0.370000 0.370000 0.370000 0.370000 0.370000 0.370000 0.370000 0.370000 0.370000 0.370000 0.370000 0.369973 0.368544 0.366264 0.363517 0.355871 0.336359 0.323511 0.274471 0.235044 0.210651 0.203678 0.197454 0.194313 0.190487 0.191082 0.192043 0.190123 0.187687 0.185445 0.185106 0.184142 0.183146 0.185722 0.186712 0.189670 -9999.0 -9999.0 -9999.0 -9999.0
-9999.0 -9999.0 0.176496 0.176593 0.178136 0.177231 0.176709 0.175939 0.176290 0.177805 0.180818 0.182285 0.184540 0.185822 0.191272 0.206403 0.230054 0.257336 0.312603 0.342150 0.357722 0.364693 0.369327 0.369857 0.369982 0.369999 0.370000 0.370000 0.370000 0.370000 0.370000 0.370000 0.370000 0.370000 0.370000 0.370000 0.370000 0.370000 0.370000 0.370000 0.370000 0.370000 0.370000 0.370000 0.370000 0.370000 0.370000 0.370000 0.370000 0.370000 0.370000 0.370000 0.370000 0.370000 0.370000 0.370000 0.369964 0.368706 0.367265 0.363347 0.346387 0.328884 0.291316 0.243942 0.217871 0.208098 0.199346 0.194279 0.189899 0.186110 0.184940 0.184229 0.184677 0.184356 0.185745 0.186847 0.188450 0.189085 -9999.0 -9999.0
-9999.0 0.176027 0.175581 0.178347 0.178927 0.179589 0.180520 0.181325 0.182159 0.181125 0.189866 0.210137 0.237685 0.253042 0.304078 0.351124 0.369511 0.369849 0.369949 0.369995 0.370000 0.370000 0.370000 0.370000 0.370000 0.370000 0.370000 0.370000 0.370000 0.370000 0.370000 0.370000 0.370000 0.370000 0.370000 0.370000 0.370000 0.370000 0.370000 0.370000 0.370000 0.370000 0.370000 0.370000 0.370000 0.370000 0.370000 0.370000 0.370000 0.370000 0.370000 0.370000 0.370000 0.370000 0.370000 0.370000 0.370000 0.370000 0.370000 0.370000 0.369787 0.368360 0.364312 0.351883 0.331602 0.286592 0.235164 0.213045 0.199649 0.194999 0.192198 0.186938 0.185560 0.186556 0.185879 0.185796 0.186426 0.186929 -9999.0 -9999.0
-9999.0 0.173647 0.176082 0.179154 0.183284 0.184226 0.199600 0.217042 0.225241 0.215097 0.279633 0.369598 0.369966 0.369967 0.369999 0.370000 0.370000 0.370000 0.370000 0.370000 0.370000 0.370000 0.370000 0.370000 0.370000 0.370000 0.370000 0.370000 0.370000 0.370000 0.370000 0.370000 0.370000 0.369999 0.369986 0.369967 0.369871 0.369050 0.367382 0.365148 0.363709 0.365956 0.364826 0.362311 0.361722 0.364971 0.367648 0.367233 0.367476 0.368598 0.369646 0.369995 0.369999 0.370000 0.370000 0.370000 0.370000 0.370000 0.370000 0.370000 0.370000 0.370000 0.369999 0.369645 0.366993 0.355440 0.339019 0.320442 0.269931 0.235382 0.215584 0.202001 0.193349 0.191364 0.187547 0.186819 -9999.0 -9999.0 -9999.0 -9999.0
-9999.0 0.173610 0.176053 0.181989 0.198687 0.231127 0.334736 0.366613 0.369994 0.369937 0.370000 0.370000 0.370000 0.370000 0.370000 0.370000 0.370000 0.370000 0.370000 0.370000 0.370000 0.370000 0.370000 0.370000 0.370000 0.370000 0.370000 0.370000 0.369914 0.369642 0.369116 0.368664 0.366940 0.354163 0.343706 0.335019 0.301938 0.289018 0.275251 0.250558 0.239620 0.233340 0.241721 0.239655 0.238969 0.244601 0.260277 0.274465 0.311149 0.331045 0.344576 0.358392 0.363916 0.367741 0.369490 0.369997 0.370000 0.370000 0.370000 0.370000 0.370000 0.370000 0.370000 0.370000 0.370000 0.369573 0.367940 0.360451 0.346837 0.332843 0.319619 0.283159 0.231075 0.203943 0.197863 -9999.0 -9999.0 -9999.0 -9999.0 -9999.0
-9999.0 0.170525 0.176276 0.181218 0.212067 0.341321 0.364016 0.370000 0.370000 0.370000 0.369923 0.370000 0.370000 0.370000 0.370000 0.370000 0.370000 0.369999 0.370000 0.369996 0.369802 0.369621 0.369592 0.369404 0.368855 0.368114 0.367310 0.365619 0.357410 0.345860 0.322755 0.304253 0.245749 0.216447 0.205315 0.196909 0.189783 0.189879 0.191990 0.190034 0.187996 0.185959 0.188427 0.189612 0.190741 0.189390 0.189851 0.193519 0.200153 0.208127 0.222549 0.250648 0.291140 0.329105 0.341167 0.356625 0.364419 0.368131 0.369820 0.370000 0.370000 0.370000 0.370000 0.370000 0.370000 0.370000 0.370000 0.369618 0.364413 0.357692 0.353899 0.347630 0.332622 -9999.0 -9999.0 -9999.0 -9999.0 -9999.0 -9999.0 -9999.0
-9999.0 0.168659 0.174787 0.176129 0.185001 0.208510 0.273264 0.342901 0.369236 0.356979 0.353317 0.359186 0.363902 0.366120 0.363571 0.357956 0.352513 0.353450 0.353782 0.347487 0.338114 0.333642 0.333384 0.329717 0.311887 0.295960 0.284779 0.264252 0.238605 0.217446 0.198386 0.190555 0.185508 0.183743 0.182497 0.181227 0.178976 0.180143 0.181091 0.180831 0.180104 0.179572 0.181233 0.181851 0.182396 0.180887 0.181965 0.183021 0.185392 0.187956 0.191800 0.197885 0.206592 0.214025 0.220138 0.234057 0.264996 0.319180 0.349484 0.366629 0.369559 0.369994 0.370000 0.370000 0.370000 0.370000 0.370000 0.370000 0.366971 0.363602 0.363251 -9999.0 -9999.0 -9999.0 -9999.0 -9999.0 -9999.0 -9999.0 -9999.0 -9999.0
-9999.0 -9999.0 0.167546 0.170106 0.172543 0.175115 0.178885 0.184061 0.188394 0.194438 0.204651 0.218640 0.230141 0.236464 0.228241 0.214652 0.208022 0.208433 0.206770 0.203576 0.198378 0.196567 0.195372 0.194413 0.192372 0.191506 0.191127 0.190347 0.188704 0.185317 0.182455 0.180558 0.178580 0.178580 0.178237 0.177563 0.178031 0.177912 0.178095 0.178001 0.178136 0.178432 0.178826 0.179350 0.179394 0.179535 0.179748 0.180358 0.181313 0.182609 0.185139 0.188998 0.192161 0.192997 0.191422 0.191986 0.194425 0.200743 0.225584 0.292780 0.340491 0.359585 0.367696 0.369388 0.369691 0.369983 0.370000 0.369475 0.353608 0.356560 -9999.0 -9999.0 -9999.0 -9999.0 -9999.0 -9999.0 -9999.0 -9999.0 -9999.0 -9999.0
-9999.0 -9999.0 -9999.0 -9999.0 0.166701 0.170113 0.173285 0.173049 0.175448 0.176977 0.178519 0.180439 0.182060 0.183145 0.181799 0.181395 0.181079 0.181270 0.180987 0.180608 0.180394 0.180165 0.179957 0.179652 0.179740 0.179996 0.180060 0.179550 0.179506 0.178505 0.178294 0.177699 0.177129 0.176514 0.176609 0.176522 0.176771 0.176501 0.176925 0.176675 0.176999 0.177159 0.177576 0.178244 0.178021 0.178409 0.178450 0.178985 0.179257 0.180742 0.183221 0.186226 0.188374 0.188311 0.185683 0.184601 0.184041 0.185736 0.188868 0.196123 0.218751 0.258952 0.320230 0.339713 0.349374 0.360186 0.365677 0.366394 -9999.0 -9999.0 -9999.0 -9999.0 -9999.0 -9999.0 -9999.0 -9999.0 -9999.0 -9999.0 -9999.0 -9999.0
-9999.0 -9999.0 -9999.0 -9999.0 -9999.0 -9999.0 0.168027 0.169683 0.169287 0.170492 0.171578 0.172497 0.173950 0.173750 0.174119 0.175255 0.175065 0.174517 0.173842 0.174841 0.175252 0.175354 0.174236 0.174530 0.174631 0.175069 0.175024 0.175197 0.174222 0.175307 0.175814 0.175571 0.175336 0.175522 0.175266 0.175975 0.176059 0.175488 0.175336 0.176161 0.176403 0.176300 0.176489 0.177091 0.177964 0.178106 0.177733 0.177228 0.178181 0.180377 0.182990 0.185439 0.187113 0.187660 0.185432 0.182584 0.181216 0.181083 0.182311 0.184738 0.190776 0.195562 0.200051 0.205958 0.213777 0.265491 -9999.0 -9999.0 -9999.0 -9999.0 -9999.0 -9999.0 -9999.0 -9999.0 -9999.0 -9999.0 -9999.0 -9999.0 -9999.0 -9999.0
-9999.0 -9999.0 -9999.0 -9999.0 -9999.0 -9999.0 -9999.0 -9999.0 -9999.0 -9999.0 -9999.0 -9999.0 -9999.0 -9999.0 -9999.0 -9999.0 -9999.0 -9999.0 -9999.0 -9999.0 -9999.0 -9999.0 -9999.0 -9999.0 -9999.0 -9999.0 -9999.0 -9999.0 -9999.0 -9999.0 -9999.0 -9999.0 -9999.0 -9999.0 -9999.0 -9999.0 -9999.0 -9999.0 -9999.0 -9999.0 -9999.0 -9999.0 -9999.0 -9999.0 -9999.0 -9999.0 -9999.0 -9999.0 -9999.0 -9999.0 -9999.0 -9999.0 -9999.0 -9999.0 -9999.0 -9999.0 -9999.0 -9999.0 -9999.0 -9999.0 -9999.0 -9999.0 -9999.0 -9999.0 -9999.0 -9999.0 -9999.0 -9999.0 -9999.0 -9999.0 -9999.0 -9999.0 -9999.0 -9999.0 -9999.0 -9999.0 -9999.0 -9999.0 -9999.0 -9999.0
-9999.0 -9999.0 -9999.0 -9999.0 -9999.0 -9999.0 -9999.0 -9999.0 -9999.0 -9999.0 -9999.0 -9999.0 -9999.0 -9999.0 -9999.0 -9999.0 -9999.0 -9999.0 -9999.0 -9999.0 -9999.0 -9999.0 -9999.0 -9999.0 -9999.0 -9999.0 -9999.0 -9999.0 -9999.0 -9999.0 -9999.0 -9999.0 -9999.0 -9999.0 -9999.0 -9999.0 -9999.0 -9999.0 -9999.0 -9999.0 -9999.0 -9999.0 -9999.0 -9999.0 -9999.0 -9999.0 -9999.0 -9999.0 -9999.0 -9999.0 -9999.0 -9999.0 -9999.0 -9999.0 -9999.0 -9999.0 -9999.0 -9999.0 -9999.0 -9999.0 -9999.0 -9999.0 -9999.0 -9999.0 -9999.0 -9999.0 -9999.0 -9999.0 -9999.0 -9999.0 -9999.0 -9999.0 -9999.0 -9999.0 -9999.0 -9999.0 -9999.0 -9999.0 -9999.0 -9999.0