Borden_/Borden1m_014/output_maps/thetaliqL0005N0005.asc
ncols         80
nrows         18
xllcorner     620200.000000
yllcorner     5168000.000000
cellsize      1.000000
NODATA_value  -9999.0
-9999.0 -9999.0 -9999.0 -9999.0 -9999.0 -9999.0 -9999.0 -9999.0 -9999.0 -9999.0 -9999.0 -9999.0 -9999.0 -9999.0 -9999.0 -9999.0 -9999.0 -9999.0 -9999.0 -9999.0 -9999.0 -9999.0 -9999.0 -9999.0 -9999.0 -9999.0 -9999.0 -9999.0 -9999.0 -9999.0 -9999.0 -9999.0 -9999.0 -9999.0 -9999.0 -9999.0 -9999.0 -9999.0 -9999.0 -9999.0 -9999.0 -9999.0 -9999.0 -9999.0 -9999.0 -9999.0 -9999.0 -9999.0 -9999.0 -9999.0 -9999.0 -9999.0 -9999.0 -9999.0 -9999.0 -9999.0 -9999.0 -9999.0 -9999.0 -9999.0 -9999.0 -9999.0 -9999.0 -9999.0 -9999.0 -9999.0 -9999.0 -9999.0 -9999.0 -9999.0 -9999.0 -9999.0 -9999.0 -9999.0 -9999.0 -9999.0 -9999.0 -9999.0 -9999.0 -9999.0
-9999.0 -9999.0 -9999.0 -9999.0 -9999.0 -9999.0 -9999.0 -9999.0 -9999.0 -9999.0 -9999.0 -9999.0 -9999.0 -9999.0 -9999.0 -9999.0 -9999.0 -9999.0 -9999.0 -9999.0 -9999.0 -9999.0 -9999.0 -9999.0 -9999.0 -9999.0 -9999.0 -9999.0 -9999.0 -9999.0 -9999.0 -9999.0 -9999.0 -9999.0 -9999.0 -9999.0 -9999.0 -9999.0 -9999.0 -9999.0 -9999.0 -9999.0 -9999.0 -9999.0 -9999.0 -9999.0 -9999.0 -9999.0 -9999.0 -9999.0 -9999.0 -9999.0 -9999.0 -9999.0 -9999.0 -9999.0 -9999.0 -9999.0 -9999.0 -9999.0 -9999.0 -9999.0 -9999.0 -9999.0 -9999.0 -9999.0 -9999.0 -9999.0 -9999.0 -9999.0 -9999.0 -9999.0 -9999.0 -9999.0 -9999.0 -9999.0 -9999.0 -9999.0 -9999.0 -9999.0
-9999.0 -9999.0 -9999.0 -9999.0 -9999.0 -9999.0 -9999.0 -9999.0 -9999.0 -9999.0 -9999.0 -9999.0 -9999.0 -9999.0 -9999.0 -9999.0 -9999.0 -9999.0 -9999.0 -9999.0 0.107726 0.108481 0.103252 0.096813 0.092400 0.092590 0.098023 0.106079 0.115494 0.118536 0.113238 0.113417 0.111894 0.111875 0.112656 0.114134 0.114679 0.118023 0.120613 0.120529 0.118599 0.116816 0.116235 0.117301 0.118757 0.116402 0.120452 0.125576 0.128051 0.126358 0.117624 0.113211 0.111261 0.107895 0.114330 0.118221 0.125948 0.127706 0.127530 0.118650 0.110323 -9999.0 -9999.0 -9999.0 -9999.0 -9999.0 -9999.0 -9999.0 -9999.0 -9999.0 -9999.0 -9999.0 -9999.0 -9999.0 -9999.0 -9999.0 -9999.0 -9999.0 -9999.0 -9999.0
-9999.0 -9999.0 -9999.0 -9999.0 -9999.0 -9999.0 -9999.0 -9999.0 -9999.0 -9999.0 -9999.0 -9999.0 -9999.0 -9999.0 0.091613 0.090216 0.089773 0.090796 0.095598 0.100755 0.103271 0.101630 0.101517 0.097123 0.093874 0.095971 0.100997 0.107487 0.116124 0.122271 0.118019 0.117031 0.120171 0.129690 0.135386 0.134142 0.125980 0.134243 0.140953 0.145249 0.144681 0.140742 0.147524 0.155593 0.152194 0.143868 0.145196 0.150710 0.158607 0.151101 0.124501 0.117856 0.117331 0.115703 0.112364 0.110806 0.117800 0.118400 0.116174 0.111450 0.104032 0.095921 0.093297 0.099677 0.109417 0.127129 -9999.0 -9999.0 -9999.0 -9999.0 -9999.0 -9999.0 -9999.0 -9999.0 -9999.0 -9999.0 -9999.0 -9999.0 -9999.0 -9999.0
-9999.0 -9999.0 -9999.0 -9999.0 -9999.0 -9999.0 -9999.0 -9999.0 -9999.0 0.085287 0.085568 0.086224 0.086335 0.087951 0.087737 0.088450 0.089359 0.092619 0.097316 0.103853 0.110421 0.107719 0.107611 0.110592 0.112501 0.115895 0.121817 0.136123 0.155092 0.178184 0.161264 0.159883 0.170320 0.202714 0.231664 0.239201 0.224709 0.225908 0.245019 0.264378 0.263378 0.261764 0.279256 0.288444 0.294297 0.281682 0.267254 0.265015 0.284433 0.247052 0.200595 0.166048 0.167007 0.150873 0.132817 0.124642 0.123852 0.132393 0.127061 0.115380 0.106274 0.104489 0.101289 0.104715 0.110244 0.124482 0.139654 0.153644 0.154311 0.146011 -9999.0 -9999.0 -9999.0 -9999.0 -9999.0 -9999.0 -9999.0 -9999.0 -9999.0 -9999.0
-9999.0 -9999.0 -9999.0 -9999.0 -9999.0 -9999.0 0.079330 0.079832 0.081104 0.081498 0.083322 0.083929 0.085775 0.087732 0.089998 0.092149 0.096763 0.102545 0.111970 0.125041 0.136898 0.134864 0.138549 0.154253 0.179001 0.200628 0.216611 0.243712 0.298563 0.325122 0.333045 0.335762 0.340437 0.358432 0.369293 0.369931 0.369139 0.367534 0.369268 0.370000 0.370000 0.370000 0.370000 0.370000 0.370000 0.370000 0.370000 0.369986 0.369771 0.369382 0.362104 0.339012 0.316773 0.287052 0.229322 0.187595 0.186389 0.197393 0.178047 0.149569 0.131592 0.128105 0.123469 0.119124 0.121031 0.128052 0.137839 0.143374 0.138434 0.130571 0.122574 0.114007 0.114617 0.122603 -9999.0 -9999.0 -9999.0 -9999.0 -9999.0 -9999.0
-9999.0 -9999.0 -9999.0 -9999.0 0.076738 0.077297 0.076746 0.077841 0.079605 0.081792 0.084413 0.088127 0.091318 0.095458 0.102897 0.111739 0.124430 0.136735 0.162282 0.205365 0.243620 0.263269 0.272539 0.313423 0.346444 0.363207 0.366581 0.369318 0.370000 0.370000 0.370000 0.370000 0.370000 0.370000 0.370000 0.370000 0.370000 0.370000 0.370000 0.370000 0.370000 0.370000 0.370000 0.370000 0.370000 0.370000 0.370000 0.370000 0.370000 0.370000 0.370000 0.370000 0.370000 0.370000 0.370000 0.367001 0.345910 0.334761 0.304104 0.267601 0.218454 0.201058 0.180948 0.166599 0.151052 0.152148 0.154445 0.145634 0.133306 0.122218 0.117846 0.112782 0.110393 0.118989 0.125011 0.137230 -9999.0 -9999.0 -9999.0 -9999.0
-9999.0 -9999.0 0.074494 0.076429 0.079260 0.079751 0.079905 0.080163 0.081957 0.086269 0.096506 0.106657 0.118317 0.127485 0.152027 0.202291 0.255845 0.288871 0.324154 0.354218 0.367587 0.369897 0.370000 0.370000 0.370000 0.370000 0.370000 0.370000 0.370000 0.370000 0.370000 0.370000 0.370000 0.370000 0.370000 0.370000 0.370000 0.370000 0.370000 0.370000 0.370000 0.370000 0.370000 0.370000 0.370000 0.370000 0.370000 0.370000 0.370000 0.370000 0.370000 0.370000 0.370000 0.370000 0.370000 0.370000 0.370000 0.370000 0.370000 0.369996 0.361285 0.341259 0.313410 0.281976 0.244970 0.222657 0.191645 0.168170 0.146049 0.128251 0.120827 0.115608 0.115335 0.115876 0.121032 0.126631 0.132652 0.135940 -9999.0 -9999.0
-9999.0 0.071942 0.073733 0.079175 0.085037 0.089806 0.095717 0.100919 0.105379 0.107676 0.142705 0.204313 0.268418 0.286201 0.319132 0.359843 0.370000 0.370000 0.370000 0.370000 0.370000 0.370000 0.370000 0.370000 0.370000 0.370000 0.370000 0.370000 0.370000 0.370000 0.370000 0.370000 0.370000 0.370000 0.370000 0.370000 0.370000 0.370000 0.370000 0.370000 0.370000 0.370000 0.370000 0.370000 0.370000 0.370000 0.370000 0.370000 0.370000 0.370000 0.370000 0.370000 0.370000 0.370000 0.370000 0.370000 0.370000 0.370000 0.370000 0.370000 0.370000 0.370000 0.369998 0.364927 0.345847 0.311723 0.275139 0.236376 0.193334 0.171247 0.155626 0.132777 0.124651 0.125748 0.122886 0.122352 0.124870 0.127279 -9999.0 -9999.0
-9999.0 0.070765 0.073845 0.083626 0.103735 0.119094 0.171173 0.226807 0.244372 0.226866 0.300269 0.370000 0.370000 0.370000 0.370000 0.370000 0.370000 0.370000 0.370000 0.370000 0.370000 0.370000 0.370000 0.370000 0.370000 0.370000 0.370000 0.370000 0.370000 0.370000 0.370000 0.370000 0.370000 0.370000 0.370000 0.370000 0.370000 0.370000 0.370000 0.370000 0.370000 0.370000 0.370000 0.369811 0.369676 0.370000 0.370000 0.370000 0.370000 0.370000 0.370000 0.370000 0.370000 0.370000 0.370000 0.370000 0.370000 0.370000 0.370000 0.370000 0.370000 0.370000 0.370000 0.370000 0.370000 0.367985 0.356687 0.336916 0.304146 0.275481 0.240949 0.200086 0.164705 0.151389 0.134338 0.126475 -9999.0 -9999.0 -9999.0 -9999.0
-9999.0 0.069995 0.073541 0.091362 0.170410 0.258342 0.361921 0.370000 0.370000 0.370000 0.370000 0.370000 0.370000 0.370000 0.370000 0.370000 0.370000 0.370000 0.370000 0.370000 0.370000 0.370000 0.370000 0.370000 0.370000 0.370000 0.370000 0.370000 0.370000 0.370000 0.370000 0.370000 0.370000 0.366101 0.354618 0.343770 0.318729 0.314630 0.306063 0.285777 0.273418 0.264705 0.276508 0.274195 0.273415 0.279812 0.294977 0.304181 0.325960 0.342178 0.357690 0.367391 0.369842 0.370000 0.370000 0.370000 0.370000 0.370000 0.370000 0.370000 0.370000 0.370000 0.370000 0.370000 0.370000 0.370000 0.370000 0.370000 0.369419 0.361717 0.344870 0.314453 0.270988 0.207078 0.180307 -9999.0 -9999.0 -9999.0 -9999.0 -9999.0
-9999.0 0.068797 0.071902 0.087004 0.202595 0.368079 0.370000 0.370000 0.370000 0.370000 0.370000 0.370000 0.370000 0.370000 0.370000 0.370000 0.370000 0.370000 0.370000 0.370000 0.370000 0.370000 0.370000 0.370000 0.370000 0.370000 0.370000 0.370000 0.369076 0.361556 0.333185 0.323741 0.279392 0.230062 0.198497 0.170031 0.144407 0.143776 0.150898 0.143113 0.134060 0.127103 0.136436 0.142428 0.146983 0.142659 0.146230 0.162658 0.190279 0.217320 0.251417 0.287849 0.313637 0.339322 0.353594 0.366422 0.369978 0.370000 0.370000 0.370000 0.370000 0.370000 0.370000 0.370000 0.370000 0.370000 0.370000 0.370000 0.370000 0.370000 0.370000 0.368573 0.354228 -9999.0 -9999.0 -9999.0 -9999.0 -9999.0 -9999.0 -9999.0
-9999.0 0.068149 0.069564 0.074205 0.100580 0.191268 0.299787 0.352148 0.367477 0.366614 0.368075 0.369826 0.370000 0.370000 0.370000 0.368932 0.364920 0.365340 0.365351 0.359787 0.350208 0.344022 0.344024 0.340855 0.327471 0.318248 0.311893 0.297914 0.273181 0.235012 0.179720 0.146016 0.122948 0.112545 0.105411 0.098922 0.092634 0.094215 0.096640 0.095816 0.093789 0.093020 0.097647 0.100874 0.102806 0.100034 0.103519 0.109484 0.120897 0.134980 0.155248 0.184076 0.217537 0.237655 0.247848 0.268416 0.295854 0.328698 0.362813 0.370000 0.370000 0.370000 0.370000 0.370000 0.370000 0.370000 0.370000 0.370000 0.370000 0.370000 0.370000 -9999.0 -9999.0 -9999.0 -9999.0 -9999.0 -9999.0 -9999.0 -9999.0 -9999.0
-9999.0 -9999.0 0.068149 0.069210 0.071203 0.076418 0.086285 0.099830 0.113937 0.140174 0.182624 0.229387 0.256862 0.267966 0.253140 0.221542 0.202267 0.202832 0.197273 0.187725 0.172461 0.167490 0.163140 0.159541 0.152603 0.149068 0.146904 0.142409 0.133468 0.117884 0.104372 0.094958 0.087838 0.085325 0.083378 0.081574 0.081253 0.081194 0.081722 0.081794 0.082136 0.083019 0.084834 0.086886 0.087860 0.088542 0.090010 0.093105 0.098286 0.106190 0.119610 0.139080 0.155739 0.160760 0.154847 0.157097 0.168087 0.193611 0.253708 0.311918 0.354322 0.368596 0.370000 0.370000 0.370000 0.370000 0.370000 0.370000 0.370000 0.370000 -9999.0 -9999.0 -9999.0 -9999.0 -9999.0 -9999.0 -9999.0 -9999.0 -9999.0 -9999.0
-9999.0 -9999.0 -9999.0 -9999.0 0.068365 0.069340 0.070292 0.071533 0.074394 0.078799 0.085140 0.093407 0.101276 0.105705 0.102717 0.100828 0.099099 0.098680 0.097340 0.096194 0.095099 0.093972 0.092593 0.091596 0.091441 0.091846 0.091630 0.090031 0.088302 0.085317 0.083087 0.080473 0.078232 0.076790 0.076219 0.075907 0.075925 0.075725 0.076129 0.076377 0.077040 0.077801 0.079126 0.080910 0.081764 0.082835 0.083629 0.085519 0.088633 0.095707 0.107587 0.122703 0.134109 0.134632 0.124031 0.118290 0.116755 0.124786 0.141982 0.175942 0.242726 0.292197 0.330740 0.353870 0.364773 0.370000 0.370000 0.370000 -9999.0 -9999.0 -9999.0 -9999.0 -9999.0 -9999.0 -9999.0 -9999.0 -9999.0 -9999.0 -9999.0 -9999.0
-9999.0 -9999.0 -9999.0 -9999.0 -9999.0 -9999.0 0.068126 0.068512 0.069056 0.070107 0.071677 0.073730 0.076220 0.077189 0.077858 0.078967 0.078649 0.077792 0.077048 0.077811 0.078218 0.077995 0.076731 0.076650 0.076780 0.077235 0.077199 0.076923 0.075860 0.076133 0.076033 0.075139 0.074247 0.073796 0.073465 0.073754 0.073784 0.073437 0.073526 0.074303 0.074963 0.075466 0.076401 0.077983 0.079807 0.080706 0.080750 0.081173 0.084541 0.092434 0.104448 0.117550 0.126898 0.128859 0.118526 0.106988 0.101816 0.102599 0.109586 0.123810 0.153425 0.177774 0.195723 0.209961 0.229116 0.297389 -9999.0 -9999.0 -9999.0 -9999.0 -9999.0 -9999.0 -9999.0 -9999.0 -9999.0 -9999.0 -9999.0 -9999.0 -9999.0 -9999.0
-9999.0 -9999.0 -9999.0 -9999.0 -9999.0 -9999.0 -9999.0 -9999.0 -9999.0 -9999.0 -9999.0 -9999.0 -9999.0 -9999.0 -9999.0 -9999.0 -9999.0 -9999.0 -9999.0 -9999.0 -9999.0 -9999.0 -9999.0 -9999.0 -9999.0 -9999.0 -9999.0 -9999.0 -9999.0 -9999.0 -9999.0 -9999.0 -9999.0 -9999.0 -9999.0 -9999.0 -9999.0 -9999.0 -9999.0 -9999.0 -9999.0 -9999.0 -9999.0 -9999.0 -9999.0 -9999.0 -9999.0 -9999.0 -9999.0 -9999.0 -9999.0 -9999.0 -9999.0 -9999.0 -9999.0 -9999.0 -9999.0 -9999.0 -9999.0 -9999.0 -9999.0 -9999.0 -9999.0 -9999.0 -9999.0 -9999.0 -9999.0 -9999.0 -9999.0 -9999.0 -9999.0 -9999.0 -9999.0 -9999.0 -9999.0 -9999.0 -9999.0 -9999.0 -9999.0 -9999.0
-9999.0 -9999.0 -9999.0 -9999.0 -9999.0 -9999.0 -9999.0 -9999.0 -9999.0 -9999.0 -9999.0 -9999.0 -9999.0 -9999.0 -9999.0 -9999.0 -9999.0 -9999.0 -9999.0 -9999.0 -9999.0 -9999.0 -9999.0 -9999.0 -9999.0 -9999.0 -9999.0 -9999.0 -9999.0 -9999.0 -9999.0 -9999.0 -9999.0 -9999.0 -9999.0 -9999.0 -9999.0 -9999.0 -9999.0 -9999.0 -9999.0 -9999.0 -9999.0 -9999.0 -9999.0 -9999.0 -9999.0 -9999.0 -9999.0 -9999.0 -9999.0 -9999.0 -9999.0 -9999.0 -9999.0 -9999.0 -9999.0 -9999.0 -9999.0 -9999.0 -9999.0 -9999.0 -9999.0 -9999.0 -9999.0 -9999.0 -9999.0 -9999.0 -9999.0 -9999.0 -9999.0 -9999.0 -9999.0 -9999.0 -9999.0 -9999.0 -9999.0 -9999.0 -9999.0 -9999.0