Borden_/Borden1m_014/output_maps/thetaliqL0002N0020.asc
ncols         80
nrows         18
xllcorner     620200.000000
yllcorner     5168000.000000
cellsize      1.000000
NODATA_value  -9999.0
-9999.0 -9999.0 -9999.0 -9999.0 -9999.0 -9999.0 -9999.0 -9999.0 -9999.0 -9999.0 -9999.0 -9999.0 -9999.0 -9999.0 -9999.0 -9999.0 -9999.0 -9999.0 -9999.0 -9999.0 -9999.0 -9999.0 -9999.0 -9999.0 -9999.0 -9999.0 -9999.0 -9999.0 -9999.0 -9999.0 -9999.0 -9999.0 -9999.0 -9999.0 -9999.0 -9999.0 -9999.0 -9999.0 -9999.0 -9999.0 -9999.0 -9999.0 -9999.0 -9999.0 -9999.0 -9999.0 -9999.0 -9999.0 -9999.0 -9999.0 -9999.0 -9999.0 -9999.0 -9999.0 -9999.0 -9999.0 -9999.0 -9999.0 -9999.0 -9999.0 -9999.0 -9999.0 -9999.0 -9999.0 -9999.0 -9999.0 -9999.0 -9999.0 -9999.0 -9999.0 -9999.0 -9999.0 -9999.0 -9999.0 -9999.0 -9999.0 -9999.0 -9999.0 -9999.0 -9999.0
-9999.0 -9999.0 -9999.0 -9999.0 -9999.0 -9999.0 -9999.0 -9999.0 -9999.0 -9999.0 -9999.0 -9999.0 -9999.0 -9999.0 -9999.0 -9999.0 -9999.0 -9999.0 -9999.0 -9999.0 -9999.0 -9999.0 -9999.0 -9999.0 -9999.0 -9999.0 -9999.0 -9999.0 -9999.0 -9999.0 -9999.0 -9999.0 -9999.0 -9999.0 -9999.0 -9999.0 -9999.0 -9999.0 -9999.0 -9999.0 -9999.0 -9999.0 -9999.0 -9999.0 -9999.0 -9999.0 -9999.0 -9999.0 -9999.0 -9999.0 -9999.0 -9999.0 -9999.0 -9999.0 -9999.0 -9999.0 -9999.0 -9999.0 -9999.0 -9999.0 -9999.0 -9999.0 -9999.0 -9999.0 -9999.0 -9999.0 -9999.0 -9999.0 -9999.0 -9999.0 -9999.0 -9999.0 -9999.0 -9999.0 -9999.0 -9999.0 -9999.0 -9999.0 -9999.0 -9999.0
-9999.0 -9999.0 -9999.0 -9999.0 -9999.0 -9999.0 -9999.0 -9999.0 -9999.0 -9999.0 -9999.0 -9999.0 -9999.0 -9999.0 -9999.0 -9999.0 -9999.0 -9999.0 -9999.0 -9999.0 0.229572 0.230374 0.228817 0.227091 0.225602 0.225375 0.227013 0.228844 0.230982 0.231352 0.229499 0.230009 0.229254 0.228782 0.228699 0.229211 0.229473 0.230144 0.230548 0.230299 0.229749 0.229385 0.228998 0.229077 0.229732 0.228857 0.230104 0.231282 0.231664 0.231741 0.230240 0.229669 0.229476 0.228011 0.230649 0.231330 0.233172 0.233305 0.233723 0.231660 0.229641 -9999.0 -9999.0 -9999.0 -9999.0 -9999.0 -9999.0 -9999.0 -9999.0 -9999.0 -9999.0 -9999.0 -9999.0 -9999.0 -9999.0 -9999.0 -9999.0 -9999.0 -9999.0 -9999.0
-9999.0 -9999.0 -9999.0 -9999.0 -9999.0 -9999.0 -9999.0 -9999.0 -9999.0 -9999.0 -9999.0 -9999.0 -9999.0 -9999.0 0.227078 0.226181 0.225751 0.225404 0.226874 0.227967 0.227884 0.226948 0.227785 0.226042 0.224481 0.225411 0.226638 0.227533 0.229159 0.230449 0.229178 0.228864 0.229502 0.231892 0.232885 0.232338 0.229392 0.232141 0.233425 0.234257 0.234143 0.232788 0.234595 0.236724 0.235584 0.233334 0.233847 0.235076 0.237162 0.236258 0.229303 0.228798 0.229242 0.229495 0.228566 0.227859 0.230500 0.230048 0.229669 0.229374 0.228018 0.225665 0.224577 0.227114 0.229207 0.233743 -9999.0 -9999.0 -9999.0 -9999.0 -9999.0 -9999.0 -9999.0 -9999.0 -9999.0 -9999.0 -9999.0 -9999.0 -9999.0 -9999.0
-9999.0 -9999.0 -9999.0 -9999.0 -9999.0 -9999.0 -9999.0 -9999.0 -9999.0 0.225850 0.225562 0.225788 0.225136 0.225884 0.224469 0.224753 0.224440 0.225439 0.226142 0.227471 0.229394 0.227859 0.227643 0.228673 0.228722 0.229014 0.229729 0.232804 0.236250 0.242115 0.236873 0.236654 0.239405 0.250385 0.260042 0.262708 0.257863 0.257806 0.263973 0.271341 0.270862 0.270088 0.278027 0.282618 0.286062 0.278864 0.272111 0.270979 0.280890 0.264466 0.250301 0.238327 0.239220 0.235557 0.231651 0.230314 0.229691 0.232720 0.231667 0.229112 0.227058 0.227938 0.226697 0.227906 0.228596 0.231987 0.235007 0.238045 0.238193 0.236219 -9999.0 -9999.0 -9999.0 -9999.0 -9999.0 -9999.0 -9999.0 -9999.0 -9999.0 -9999.0
-9999.0 -9999.0 -9999.0 -9999.0 -9999.0 -9999.0 0.224548 0.224393 0.224844 0.223078 0.224169 0.223275 0.224046 0.224310 0.224759 0.224646 0.225885 0.226902 0.228701 0.231153 0.233505 0.232012 0.232580 0.236043 0.243791 0.251188 0.255560 0.263408 0.289894 0.318898 0.334771 0.343302 0.355964 0.360188 0.365279 0.369209 0.364871 0.363105 0.364293 0.366916 0.369705 0.369714 0.369759 0.369814 0.369936 0.369921 0.367180 0.365485 0.364994 0.364629 0.361130 0.354758 0.309958 0.282511 0.259332 0.247184 0.244763 0.246169 0.241419 0.235207 0.231683 0.231851 0.231233 0.229860 0.230531 0.231852 0.233978 0.235362 0.234346 0.233029 0.232156 0.229885 0.230281 0.232503 -9999.0 -9999.0 -9999.0 -9999.0 -9999.0 -9999.0
-9999.0 -9999.0 -9999.0 -9999.0 0.222075 0.222823 0.220495 0.221740 0.222642 0.223267 0.223083 0.224239 0.224424 0.225185 0.226932 0.228161 0.230605 0.232351 0.237821 0.250832 0.263466 0.271026 0.274821 0.308108 0.355954 0.361544 0.362715 0.364389 0.367335 0.369956 0.369989 0.369958 0.369983 0.370000 0.370000 0.370000 0.370000 0.370000 0.370000 0.370000 0.370000 0.370000 0.370000 0.370000 0.370000 0.370000 0.370000 0.370000 0.369999 0.370000 0.369996 0.369979 0.368805 0.367016 0.365759 0.363064 0.356765 0.346218 0.294080 0.272546 0.254561 0.247867 0.241763 0.239030 0.235218 0.236010 0.237191 0.235303 0.232929 0.230699 0.230583 0.229639 0.228420 0.231354 0.232252 0.235367 -9999.0 -9999.0 -9999.0 -9999.0
-9999.0 -9999.0 0.222117 0.222021 0.223968 0.222592 0.221779 0.220621 0.220953 0.222739 0.226093 0.227251 0.229374 0.230403 0.235775 0.250994 0.268849 0.283585 0.326947 0.357798 0.363249 0.366042 0.369573 0.369874 0.369944 0.370000 0.369999 0.370000 0.370000 0.370000 0.370000 0.370000 0.370000 0.370000 0.370000 0.370000 0.370000 0.370000 0.370000 0.370000 0.370000 0.370000 0.370000 0.370000 0.370000 0.370000 0.370000 0.370000 0.370000 0.370000 0.370000 0.370000 0.370000 0.370000 0.370000 0.370000 0.369979 0.369147 0.367911 0.365793 0.360256 0.354557 0.307045 0.277507 0.259886 0.251454 0.243616 0.239008 0.234914 0.231110 0.230086 0.229523 0.230181 0.229683 0.231223 0.232311 0.234058 0.234673 -9999.0 -9999.0
-9999.0 0.221694 0.220812 0.224215 0.224463 0.224941 0.225615 0.226187 0.226993 0.225424 0.234623 0.253677 0.274012 0.281378 0.315795 0.359769 0.369585 0.369861 0.369877 0.369996 0.369998 0.370000 0.370000 0.370000 0.370000 0.370000 0.370000 0.370000 0.370000 0.370000 0.370000 0.370000 0.370000 0.370000 0.370000 0.370000 0.370000 0.370000 0.369999 0.370000 0.370000 0.370000 0.370000 0.370000 0.370000 0.369999 0.370000 0.370000 0.369999 0.370000 0.370000 0.370000 0.370000 0.370000 0.370000 0.370000 0.370000 0.370000 0.370000 0.370000 0.369885 0.369110 0.366708 0.361932 0.355308 0.303969 0.271900 0.255334 0.243671 0.239614 0.237200 0.231848 0.230631 0.231958 0.231260 0.231190 0.231867 0.232374 -9999.0 -9999.0
-9999.0 0.218242 0.221409 0.224790 0.228885 0.228841 0.245212 0.260759 0.265400 0.256901 0.296637 0.369648 0.369854 0.369973 0.369999 0.370000 0.370000 0.370000 0.370000 0.370000 0.370000 0.370000 0.370000 0.370000 0.370000 0.370000 0.370000 0.370000 0.370000 0.370000 0.370000 0.370000 0.370000 0.369999 0.369993 0.369986 0.369973 0.369293 0.367714 0.366083 0.365277 0.366662 0.366004 0.364756 0.364455 0.366041 0.367871 0.367674 0.368214 0.369172 0.369795 0.369997 0.369999 0.370000 0.370000 0.370000 0.370000 0.370000 0.370000 0.370000 0.370000 0.370000 0.370000 0.369815 0.368564 0.363755 0.358720 0.351858 0.293394 0.273235 0.258321 0.246041 0.237940 0.236476 0.232619 0.232284 -9999.0 -9999.0 -9999.0 -9999.0
-9999.0 0.218143 0.221201 0.227821 0.244474 0.272448 0.356516 0.368048 0.369999 0.369952 0.370000 0.370000 0.370000 0.370000 0.370000 0.370000 0.370000 0.370000 0.370000 0.370000 0.370000 0.370000 0.370000 0.370000 0.370000 0.370000 0.370000 0.370000 0.369949 0.369795 0.369451 0.368995 0.367640 0.362130 0.359194 0.355858 0.312184 0.303902 0.295656 0.281565 0.275604 0.271589 0.277059 0.275579 0.275008 0.278239 0.286858 0.293955 0.327680 0.355299 0.359711 0.363826 0.366261 0.368715 0.369711 0.369998 0.370000 0.370000 0.370000 0.370000 0.370000 0.370000 0.370000 0.370000 0.370000 0.369822 0.369285 0.367331 0.362608 0.358231 0.353277 0.305227 0.270461 0.248231 0.242785 -9999.0 -9999.0 -9999.0 -9999.0 -9999.0
-9999.0 0.213463 0.221484 0.226823 0.257715 0.358079 0.367206 0.370000 0.370000 0.370000 0.369958 0.370000 0.370000 0.370000 0.370000 0.370000 0.370000 0.370000 0.370000 0.369999 0.369969 0.369858 0.369822 0.369677 0.369183 0.368501 0.367835 0.366803 0.363385 0.359840 0.348167 0.319905 0.278957 0.259771 0.250198 0.241751 0.234319 0.234566 0.236951 0.235001 0.232949 0.230690 0.233379 0.234563 0.235760 0.234209 0.234507 0.238110 0.244268 0.251670 0.263810 0.280920 0.305376 0.354465 0.358668 0.363130 0.366299 0.368891 0.369924 0.370000 0.370000 0.370000 0.370000 0.370000 0.370000 0.370000 0.370000 0.369998 0.369470 0.367691 0.366041 0.362922 0.357899 -9999.0 -9999.0 -9999.0 -9999.0 -9999.0 -9999.0 -9999.0
-9999.0 0.210868 0.219599 0.220656 0.230536 0.253941 0.298974 0.359185 0.369664 0.363460 0.362244 0.364052 0.365844 0.367023 0.365718 0.363630 0.361910 0.362371 0.362650 0.360886 0.358624 0.357278 0.356921 0.353040 0.326529 0.309954 0.301981 0.289523 0.275355 0.260671 0.242687 0.235222 0.230268 0.228755 0.227621 0.226386 0.223757 0.225308 0.226444 0.226168 0.225334 0.224663 0.226639 0.227255 0.227866 0.225965 0.227210 0.228201 0.230594 0.233029 0.236647 0.242279 0.250066 0.256234 0.261820 0.271568 0.288094 0.342407 0.360708 0.367881 0.369746 0.369997 0.370000 0.370000 0.370000 0.370000 0.370000 0.370000 0.370000 0.369797 0.369123 -9999.0 -9999.0 -9999.0 -9999.0 -9999.0 -9999.0 -9999.0 -9999.0 -9999.0
-9999.0 -9999.0 0.209080 0.212574 0.215634 0.218639 0.222986 0.229304 0.233775 0.240365 0.250302 0.262284 0.270593 0.274699 0.269142 0.258577 0.252880 0.253392 0.251901 0.248951 0.243653 0.241499 0.240143 0.239096 0.237089 0.236305 0.236011 0.235372 0.233917 0.230514 0.227665 0.225798 0.223627 0.223877 0.223587 0.222816 0.223563 0.223385 0.223592 0.223459 0.223642 0.223998 0.224388 0.224959 0.224937 0.225094 0.225261 0.225856 0.226763 0.227945 0.230424 0.234235 0.237207 0.237895 0.236199 0.236709 0.238943 0.244535 0.265845 0.309384 0.357467 0.364382 0.368777 0.369785 0.369984 0.369996 0.370000 0.370000 0.370000 0.370000 -9999.0 -9999.0 -9999.0 -9999.0 -9999.0 -9999.0 -9999.0 -9999.0 -9999.0 -9999.0
-9999.0 -9999.0 -9999.0 -9999.0 0.207606 0.212506 0.217076 0.216526 0.219763 0.221593 0.223246 0.225293 0.226989 0.228162 0.226581 0.226290 0.226031 0.226313 0.226016 0.225622 0.225458 0.225231 0.225029 0.224685 0.224851 0.225208 0.225324 0.224741 0.224832 0.223731 0.223697 0.223121 0.222551 0.221823 0.222035 0.221966 0.222331 0.221953 0.222523 0.222147 0.222553 0.222705 0.223171 0.223965 0.223568 0.224028 0.224006 0.224588 0.224689 0.226196 0.228730 0.231743 0.233824 0.233686 0.230870 0.229792 0.229090 0.230780 0.233651 0.240352 0.260835 0.284711 0.343340 0.358498 0.361964 0.365701 0.369192 0.369989 -9999.0 -9999.0 -9999.0 -9999.0 -9999.0 -9999.0 -9999.0 -9999.0 -9999.0 -9999.0 -9999.0 -9999.0
-9999.0 -9999.0 -9999.0 -9999.0 -9999.0 -9999.0 0.209744 0.212192 0.211420 0.213192 0.214734 0.215913 0.217816 0.217472 0.218022 0.219610 0.219391 0.218661 0.217724 0.219134 0.219741 0.219907 0.218380 0.218836 0.218992 0.219583 0.219522 0.219812 0.218507 0.220117 0.220908 0.220664 0.220434 0.220776 0.220448 0.221458 0.221578 0.220779 0.220532 0.221658 0.221945 0.221736 0.221902 0.222611 0.223692 0.223814 0.223268 0.222487 0.223519 0.225956 0.228665 0.231065 0.232661 0.233260 0.230976 0.227886 0.226355 0.226075 0.227209 0.229426 0.235313 0.239526 0.243205 0.249330 0.255699 0.287710 -9999.0 -9999.0 -9999.0 -9999.0 -9999.0 -9999.0 -9999.0 -9999.0 -9999.0 -9999.0 -9999.0 -9999.0 -9999.0 -9999.0
-9999.0 -9999.0 -9999.0 -9999.0 -9999.0 -9999.0 -9999.0 -9999.0 -9999.0 -9999.0 -9999.0 -9999.0 -9999.0 -9999.0 -9999.0 -9999.0 -9999.0 -9999.0 -9999.0 -9999.0 -9999.0 -9999.0 -9999.0 -9999.0 -9999.0 -9999.0 -9999.0 -9999.0 -9999.0 -9999.0 -9999.0 -9999.0 -9999.0 -9999.0 -9999.0 -9999.0 -9999.0 -9999.0 -9999.0 -9999.0 -9999.0 -9999.0 -9999.0 -9999.0 -9999.0 -9999.0 -9999.0 -9999.0 -9999.0 -9999.0 -9999.0 -9999.0 -9999.0 -9999.0 -9999.0 -9999.0 -9999.0 -9999.0 -9999.0 -9999.0 -9999.0 -9999.0 -9999.0 -9999.0 -9999.0 -9999.0 -9999.0 -9999.0 -9999.0 -9999.0 -9999.0 -9999.0 -9999.0 -9999.0 -9999.0 -9999.0 -9999.0 -9999.0 -9999.0 -9999.0
-9999.0 -9999.0 -9999.0 -9999.0 -9999.0 -9999.0 -9999.0 -9999.0 -9999.0 -9999.0 -9999.0 -9999.0 -9999.0 -9999.0 -9999.0 -9999.0 -9999.0 -9999.0 -9999.0 -9999.0 -9999.0 -9999.0 -9999.0 -9999.0 -9999.0 -9999.0 -9999.0 -9999.0 -9999.0 -9999.0 -9999.0 -9999.0 -9999.0 -9999.0 -9999.0 -9999.0 -9999.0 -9999.0 -9999.0 -9999.0 -9999.0 -9999.0 -9999.0 -9999.0 -9999.0 -9999.0 -9999.0 -9999.0 -9999.0 -9999.0 -9999.0 -9999.0 -9999.0 -9999.0 -9999.0 -9999.0 -9999.0 -9999.0 -9999.0 -9999.0 -9999.0 -9999.0 -9999.0 -9999.0 -9999.0 -9999.0 -9999.0 -9999.0 -9999.0 -9999.0 -9999.0 -9999.0 -9999.0 -9999.0 -9999.0 -9999.0 -9999.0 -9999.0 -9999.0 -9999.0