Borden_/Borden1m_014/output_maps/thetaliqL0004N0040.asc
ncols         80
nrows         18
xllcorner     620200.000000
yllcorner     5168000.000000
cellsize      1.000000
NODATA_value  -9999.0
-9999.0 -9999.0 -9999.0 -9999.0 -9999.0 -9999.0 -9999.0 -9999.0 -9999.0 -9999.0 -9999.0 -9999.0 -9999.0 -9999.0 -9999.0 -9999.0 -9999.0 -9999.0 -9999.0 -9999.0 -9999.0 -9999.0 -9999.0 -9999.0 -9999.0 -9999.0 -9999.0 -9999.0 -9999.0 -9999.0 -9999.0 -9999.0 -9999.0 -9999.0 -9999.0 -9999.0 -9999.0 -9999.0 -9999.0 -9999.0 -9999.0 -9999.0 -9999.0 -9999.0 -9999.0 -9999.0 -9999.0 -9999.0 -9999.0 -9999.0 -9999.0 -9999.0 -9999.0 -9999.0 -9999.0 -9999.0 -9999.0 -9999.0 -9999.0 -9999.0 -9999.0 -9999.0 -9999.0 -9999.0 -9999.0 -9999.0 -9999.0 -9999.0 -9999.0 -9999.0 -9999.0 -9999.0 -9999.0 -9999.0 -9999.0 -9999.0 -9999.0 -9999.0 -9999.0 -9999.0
-9999.0 -9999.0 -9999.0 -9999.0 -9999.0 -9999.0 -9999.0 -9999.0 -9999.0 -9999.0 -9999.0 -9999.0 -9999.0 -9999.0 -9999.0 -9999.0 -9999.0 -9999.0 -9999.0 -9999.0 -9999.0 -9999.0 -9999.0 -9999.0 -9999.0 -9999.0 -9999.0 -9999.0 -9999.0 -9999.0 -9999.0 -9999.0 -9999.0 -9999.0 -9999.0 -9999.0 -9999.0 -9999.0 -9999.0 -9999.0 -9999.0 -9999.0 -9999.0 -9999.0 -9999.0 -9999.0 -9999.0 -9999.0 -9999.0 -9999.0 -9999.0 -9999.0 -9999.0 -9999.0 -9999.0 -9999.0 -9999.0 -9999.0 -9999.0 -9999.0 -9999.0 -9999.0 -9999.0 -9999.0 -9999.0 -9999.0 -9999.0 -9999.0 -9999.0 -9999.0 -9999.0 -9999.0 -9999.0 -9999.0 -9999.0 -9999.0 -9999.0 -9999.0 -9999.0 -9999.0
-9999.0 -9999.0 -9999.0 -9999.0 -9999.0 -9999.0 -9999.0 -9999.0 -9999.0 -9999.0 -9999.0 -9999.0 -9999.0 -9999.0 -9999.0 -9999.0 -9999.0 -9999.0 -9999.0 -9999.0 0.177525 0.178671 0.175281 0.171239 0.168044 0.167838 0.171525 0.176168 0.181459 0.182761 0.179069 0.179722 0.178402 0.177831 0.177958 0.178998 0.179479 0.181230 0.182446 0.182130 0.180930 0.179988 0.179391 0.179790 0.180976 0.179249 0.181883 0.184722 0.185863 0.185465 0.181222 0.179277 0.178472 0.175751 0.180734 0.182650 0.186976 0.187629 0.188042 0.183147 0.178372 -9999.0 -9999.0 -9999.0 -9999.0 -9999.0 -9999.0 -9999.0 -9999.0 -9999.0 -9999.0 -9999.0 -9999.0 -9999.0 -9999.0 -9999.0 -9999.0 -9999.0 -9999.0 -9999.0
-9999.0 -9999.0 -9999.0 -9999.0 -9999.0 -9999.0 -9999.0 -9999.0 -9999.0 -9999.0 -9999.0 -9999.0 -9999.0 -9999.0 0.169542 0.168019 0.167359 0.167280 0.170593 0.173515 0.174193 0.172588 0.173535 0.170092 0.167177 0.168958 0.172006 0.175057 0.179533 0.182812 0.180116 0.179464 0.181109 0.186564 0.189349 0.188403 0.182686 0.188204 0.191622 0.193858 0.193576 0.190927 0.194986 0.199742 0.197553 0.192544 0.193419 0.196369 0.201028 0.197652 0.182133 0.179626 0.179979 0.179790 0.177721 0.176442 0.181578 0.181230 0.180143 0.178402 0.174572 0.169247 0.167094 0.172157 0.177587 0.187929 -9999.0 -9999.0 -9999.0 -9999.0 -9999.0 -9999.0 -9999.0 -9999.0 -9999.0 -9999.0 -9999.0 -9999.0 -9999.0 -9999.0
-9999.0 -9999.0 -9999.0 -9999.0 -9999.0 -9999.0 -9999.0 -9999.0 -9999.0 0.165928 0.165694 0.166192 0.165452 0.166902 0.165124 0.165709 0.165623 0.167912 0.170264 0.173872 0.178098 0.175507 0.175220 0.177279 0.177843 0.179176 0.181772 0.189465 0.199115 0.212879 0.202339 0.201868 0.208372 0.231037 0.254206 0.261835 0.249245 0.249763 0.266340 0.286194 0.288428 0.287670 0.306663 0.316268 0.321254 0.308051 0.290066 0.286787 0.305726 0.267407 0.230319 0.205703 0.206185 0.197036 0.187232 0.183322 0.182398 0.188294 0.185573 0.179250 0.174138 0.174602 0.172153 0.174654 0.177137 0.185199 0.192915 0.200187 0.200527 0.196037 -9999.0 -9999.0 -9999.0 -9999.0 -9999.0 -9999.0 -9999.0 -9999.0 -9999.0 -9999.0
-9999.0 -9999.0 -9999.0 -9999.0 -9999.0 -9999.0 0.162204 0.162215 0.163239 0.161225 0.163219 0.162345 0.163920 0.164906 0.166223 0.166789 0.169736 0.172753 0.177700 0.184336 0.190462 0.188275 0.190063 0.198875 0.215270 0.230973 0.242628 0.265821 0.323609 0.348888 0.355049 0.357170 0.359294 0.364723 0.368677 0.369197 0.368617 0.367980 0.368815 0.369703 0.369985 0.369988 0.369992 0.369995 0.369999 0.369999 0.369768 0.369361 0.369099 0.368734 0.365788 0.358041 0.342093 0.311169 0.253565 0.222772 0.219042 0.224073 0.211674 0.196122 0.186857 0.186037 0.183996 0.181191 0.182540 0.186086 0.191262 0.194367 0.191840 0.188127 0.184851 0.179753 0.180392 0.185254 -9999.0 -9999.0 -9999.0 -9999.0 -9999.0 -9999.0
-9999.0 -9999.0 -9999.0 -9999.0 0.158194 0.159330 0.156247 0.158213 0.159989 0.161565 0.162267 0.164924 0.166211 0.168467 0.172847 0.176907 0.183546 0.189334 0.203490 0.232061 0.263523 0.284902 0.300298 0.342606 0.360366 0.366146 0.367476 0.368776 0.369737 0.370000 0.370000 0.370000 0.370000 0.370000 0.370000 0.370000 0.370000 0.370000 0.370000 0.370000 0.370000 0.370000 0.370000 0.370000 0.370000 0.370000 0.370000 0.370000 0.370000 0.370000 0.370000 0.370000 0.369925 0.369678 0.369253 0.367511 0.360261 0.354454 0.329108 0.289258 0.242019 0.227159 0.213170 0.205287 0.196440 0.197593 0.199519 0.194950 0.188797 0.183091 0.181687 0.179111 0.176979 0.182898 0.185662 0.192617 -9999.0 -9999.0 -9999.0 -9999.0
-9999.0 -9999.0 0.157342 0.157973 0.161446 0.159947 0.158964 0.157649 0.158725 0.162427 0.169774 0.174267 0.180321 0.184353 0.197934 0.231428 0.280098 0.317525 0.350270 0.363093 0.368075 0.369425 0.369941 0.369997 0.370000 0.370000 0.370000 0.370000 0.370000 0.370000 0.370000 0.370000 0.370000 0.370000 0.370000 0.370000 0.370000 0.370000 0.370000 0.370000 0.370000 0.370000 0.370000 0.370000 0.370000 0.370000 0.370000 0.370000 0.370000 0.370000 0.370000 0.370000 0.370000 0.370000 0.370000 0.370000 0.370000 0.369932 0.369791 0.369210 0.364550 0.356736 0.338668 0.302218 0.258733 0.237583 0.217679 0.205486 0.194632 0.185293 0.181979 0.179810 0.180488 0.180071 0.183345 0.186193 0.189875 0.191492 -9999.0 -9999.0
-9999.0 0.155684 0.155344 0.161616 0.164051 0.166223 0.168806 0.171059 0.173453 0.172419 0.193646 0.237300 0.291637 0.313234 0.346435 0.366219 0.369975 0.369997 0.369999 0.370000 0.370000 0.370000 0.370000 0.370000 0.370000 0.370000 0.370000 0.370000 0.370000 0.370000 0.370000 0.370000 0.370000 0.370000 0.370000 0.370000 0.370000 0.370000 0.370000 0.370000 0.370000 0.370000 0.370000 0.370000 0.370000 0.370000 0.370000 0.370000 0.370000 0.370000 0.370000 0.370000 0.370000 0.370000 0.370000 0.370000 0.370000 0.370000 0.370000 0.370000 0.369998 0.369905 0.369345 0.366374 0.358284 0.335546 0.290527 0.248743 0.218703 0.207134 0.199836 0.187399 0.183702 0.185532 0.183927 0.183692 0.185186 0.186451 -9999.0 -9999.0
-9999.0 0.150728 0.155949 0.163764 0.175201 0.179789 0.213693 0.250554 0.267199 0.250055 0.332238 0.369977 0.369999 0.370000 0.370000 0.370000 0.370000 0.370000 0.370000 0.370000 0.370000 0.370000 0.370000 0.370000 0.370000 0.370000 0.370000 0.370000 0.370000 0.370000 0.370000 0.370000 0.370000 0.370000 0.370000 0.370000 0.369990 0.369957 0.369805 0.369526 0.369321 0.369652 0.369497 0.369093 0.368985 0.369510 0.369845 0.369796 0.369818 0.369926 0.369994 0.370000 0.370000 0.370000 0.370000 0.370000 0.370000 0.370000 0.370000 0.370000 0.370000 0.370000 0.370000 0.369994 0.369739 0.367239 0.361232 0.351262 0.322421 0.287766 0.252426 0.223232 0.203331 0.197821 0.188727 0.186120 -9999.0 -9999.0 -9999.0 -9999.0
-9999.0 0.150014 0.155297 0.169675 0.211534 0.276204 0.359520 0.369667 0.370000 0.370000 0.370000 0.370000 0.370000 0.370000 0.370000 0.370000 0.370000 0.370000 0.370000 0.370000 0.370000 0.370000 0.370000 0.370000 0.370000 0.370000 0.370000 0.370000 0.370000 0.369994 0.369967 0.369934 0.369756 0.367093 0.363363 0.359482 0.344691 0.337994 0.329490 0.309500 0.295910 0.286138 0.298290 0.296133 0.295549 0.302834 0.318503 0.329451 0.349076 0.357931 0.363962 0.368187 0.369301 0.369842 0.369988 0.370000 0.370000 0.370000 0.370000 0.370000 0.370000 0.370000 0.370000 0.370000 0.370000 0.369990 0.369836 0.368312 0.363770 0.357397 0.349956 0.330047 0.280835 0.226753 0.212782 -9999.0 -9999.0 -9999.0 -9999.0 -9999.0
-9999.0 0.143228 0.154544 0.166614 0.235127 0.362201 0.369210 0.370000 0.370000 0.370000 0.370000 0.370000 0.370000 0.370000 0.370000 0.370000 0.370000 0.370000 0.370000 0.370000 0.369997 0.369992 0.369991 0.369982 0.369946 0.369882 0.369797 0.369575 0.367977 0.364390 0.353588 0.345369 0.303088 0.253317 0.228874 0.210224 0.193981 0.193977 0.198588 0.194023 0.189031 0.184427 0.190244 0.193307 0.195952 0.193020 0.194524 0.203434 0.219314 0.237542 0.268171 0.310449 0.339569 0.357138 0.362651 0.367779 0.369394 0.369886 0.369999 0.370000 0.370000 0.370000 0.370000 0.370000 0.370000 0.370000 0.370000 0.369988 0.369182 0.367335 0.366131 0.364084 0.357598 -9999.0 -9999.0 -9999.0 -9999.0 -9999.0 -9999.0 -9999.0
-9999.0 0.139815 0.151042 0.154079 0.174859 0.228352 0.322602 0.362347 0.369883 0.367582 0.366816 0.368425 0.369343 0.369670 0.369285 0.368105 0.366605 0.366839 0.366857 0.364616 0.360722 0.358512 0.358393 0.356852 0.349270 0.341624 0.335234 0.321102 0.293751 0.255116 0.214536 0.195455 0.182711 0.177735 0.174248 0.170802 0.165720 0.168092 0.170213 0.169644 0.168029 0.167006 0.170844 0.172601 0.173917 0.170836 0.173388 0.176355 0.182486 0.189328 0.199230 0.214174 0.234489 0.251037 0.263568 0.289193 0.323050 0.352419 0.365708 0.369707 0.369990 0.370000 0.370000 0.370000 0.370000 0.370000 0.370000 0.370000 0.369654 0.368941 0.368861 -9999.0 -9999.0 -9999.0 -9999.0 -9999.0 -9999.0 -9999.0 -9999.0 -9999.0
-9999.0 -9999.0 0.137455 0.142056 0.146374 0.152185 0.161379 0.173754 0.184876 0.199670 0.223370 0.254260 0.277409 0.288180 0.274469 0.247767 0.233664 0.234200 0.230427 0.223630 0.212764 0.209047 0.206315 0.204082 0.199513 0.197455 0.196405 0.194231 0.189833 0.181319 0.174009 0.168867 0.163940 0.163376 0.162355 0.160803 0.161634 0.161379 0.161820 0.161696 0.162071 0.162837 0.163948 0.165361 0.165672 0.166111 0.166801 0.168527 0.171257 0.175105 0.181975 0.191887 0.199930 0.202165 0.198645 0.199965 0.205949 0.221487 0.274093 0.339331 0.362468 0.368396 0.369828 0.369978 0.369991 0.369998 0.370000 0.369977 0.365729 0.366719 -9999.0 -9999.0 -9999.0 -9999.0 -9999.0 -9999.0 -9999.0 -9999.0 -9999.0 -9999.0
-9999.0 -9999.0 -9999.0 -9999.0 0.135551 0.141954 0.148020 0.147906 0.153186 0.157345 0.161809 0.167204 0.171923 0.174743 0.171992 0.171117 0.170281 0.170443 0.169642 0.168867 0.168380 0.167759 0.167027 0.166299 0.166474 0.167064 0.167135 0.165910 0.165415 0.163144 0.162377 0.160754 0.159248 0.157816 0.157862 0.157686 0.158146 0.157593 0.158448 0.158106 0.158873 0.159354 0.160427 0.162067 0.161915 0.162863 0.163115 0.164468 0.165661 0.169792 0.176469 0.184406 0.190036 0.190030 0.183810 0.180885 0.179597 0.183860 0.192125 0.210356 0.260672 0.318201 0.352754 0.361651 0.365237 0.368173 0.369451 0.369586 -9999.0 -9999.0 -9999.0 -9999.0 -9999.0 -9999.0 -9999.0 -9999.0 -9999.0 -9999.0 -9999.0 -9999.0
-9999.0 -9999.0 -9999.0 -9999.0 -9999.0 -9999.0 0.138167 0.141428 0.140644 0.143526 0.146368 0.148841 0.152284 0.152337 0.153376 0.155794 0.155434 0.154186 0.152714 0.154770 0.155730 0.155835 0.153439 0.153983 0.154253 0.155155 0.155066 0.155318 0.153305 0.155449 0.156425 0.155778 0.155144 0.155400 0.154867 0.156242 0.156406 0.155267 0.154980 0.156707 0.157341 0.157285 0.157853 0.159340 0.161353 0.161845 0.161196 0.160396 0.162835 0.168437 0.175440 0.182141 0.186671 0.187906 0.182327 0.175317 0.171920 0.171813 0.175259 0.182019 0.197270 0.209679 0.221190 0.233879 0.252240 0.323396 -9999.0 -9999.0 -9999.0 -9999.0 -9999.0 -9999.0 -9999.0 -9999.0 -9999.0 -9999.0 -9999.0 -9999.0 -9999.0 -9999.0
-9999.0 -9999.0 -9999.0 -9999.0 -9999.0 -9999.0 -9999.0 -9999.0 -9999.0 -9999.0 -9999.0 -9999.0 -9999.0 -9999.0 -9999.0 -9999.0 -9999.0 -9999.0 -9999.0 -9999.0 -9999.0 -9999.0 -9999.0 -9999.0 -9999.0 -9999.0 -9999.0 -9999.0 -9999.0 -9999.0 -9999.0 -9999.0 -9999.0 -9999.0 -9999.0 -9999.0 -9999.0 -9999.0 -9999.0 -9999.0 -9999.0 -9999.0 -9999.0 -9999.0 -9999.0 -9999.0 -9999.0 -9999.0 -9999.0 -9999.0 -9999.0 -9999.0 -9999.0 -9999.0 -9999.0 -9999.0 -9999.0 -9999.0 -9999.0 -9999.0 -9999.0 -9999.0 -9999.0 -9999.0 -9999.0 -9999.0 -9999.0 -9999.0 -9999.0 -9999.0 -9999.0 -9999.0 -9999.0 -9999.0 -9999.0 -9999.0 -9999.0 -9999.0 -9999.0 -9999.0
-9999.0 -9999.0 -9999.0 -9999.0 -9999.0 -9999.0 -9999.0 -9999.0 -9999.0 -9999.0 -9999.0 -9999.0 -9999.0 -9999.0 -9999.0 -9999.0 -9999.0 -9999.0 -9999.0 -9999.0 -9999.0 -9999.0 -9999.0 -9999.0 -9999.0 -9999.0 -9999.0 -9999.0 -9999.0 -9999.0 -9999.0 -9999.0 -9999.0 -9999.0 -9999.0 -9999.0 -9999.0 -9999.0 -9999.0 -9999.0 -9999.0 -9999.0 -9999.0 -9999.0 -9999.0 -9999.0 -9999.0 -9999.0 -9999.0 -9999.0 -9999.0 -9999.0 -9999.0 -9999.0 -9999.0 -9999.0 -9999.0 -9999.0 -9999.0 -9999.0 -9999.0 -9999.0 -9999.0 -9999.0 -9999.0 -9999.0 -9999.0 -9999.0 -9999.0 -9999.0 -9999.0 -9999.0 -9999.0 -9999.0 -9999.0 -9999.0 -9999.0 -9999.0 -9999.0 -9999.0