Borden_/Borden1m_014/output_maps/thetasurfN0017.asc
ncols         80
nrows         18
xllcorner     620200.000000
yllcorner     5168000.000000
cellsize      1.000000
NODATA_value  -9999.0
-9999.0 -9999.0 -9999.0 -9999.0 -9999.0 -9999.0 -9999.0 -9999.0 -9999.0 -9999.0 -9999.0 -9999.0 -9999.0 -9999.0 -9999.0 -9999.0 -9999.0 -9999.0 -9999.0 -9999.0 -9999.0 -9999.0 -9999.0 -9999.0 -9999.0 -9999.0 -9999.0 -9999.0 -9999.0 -9999.0 -9999.0 -9999.0 -9999.0 -9999.0 -9999.0 -9999.0 -9999.0 -9999.0 -9999.0 -9999.0 -9999.0 -9999.0 -9999.0 -9999.0 -9999.0 -9999.0 -9999.0 -9999.0 -9999.0 -9999.0 -9999.0 -9999.0 -9999.0 -9999.0 -9999.0 -9999.0 -9999.0 -9999.0 -9999.0 -9999.0 -9999.0 -9999.0 -9999.0 -9999.0 -9999.0 -9999.0 -9999.0 -9999.0 -9999.0 -9999.0 -9999.0 -9999.0 -9999.0 -9999.0 -9999.0 -9999.0 -9999.0 -9999.0 -9999.0 -9999.0
-9999.0 -9999.0 -9999.0 -9999.0 -9999.0 -9999.0 -9999.0 -9999.0 -9999.0 -9999.0 -9999.0 -9999.0 -9999.0 -9999.0 -9999.0 -9999.0 -9999.0 -9999.0 -9999.0 -9999.0 -9999.0 -9999.0 -9999.0 -9999.0 -9999.0 -9999.0 -9999.0 -9999.0 -9999.0 -9999.0 -9999.0 -9999.0 -9999.0 -9999.0 -9999.0 -9999.0 -9999.0 -9999.0 -9999.0 -9999.0 -9999.0 -9999.0 -9999.0 -9999.0 -9999.0 -9999.0 -9999.0 -9999.0 -9999.0 -9999.0 -9999.0 -9999.0 -9999.0 -9999.0 -9999.0 -9999.0 -9999.0 -9999.0 -9999.0 -9999.0 -9999.0 -9999.0 -9999.0 -9999.0 -9999.0 -9999.0 -9999.0 -9999.0 -9999.0 -9999.0 -9999.0 -9999.0 -9999.0 -9999.0 -9999.0 -9999.0 -9999.0 -9999.0 -9999.0 -9999.0
-9999.0 -9999.0 -9999.0 -9999.0 -9999.0 -9999.0 -9999.0 -9999.0 -9999.0 -9999.0 -9999.0 -9999.0 -9999.0 -9999.0 -9999.0 -9999.0 -9999.0 -9999.0 -9999.0 -9999.0 0.265966 0.266856 0.265415 0.263872 0.262459 0.262176 0.263682 0.265224 0.267043 0.267245 0.265445 0.266041 0.265261 0.264695 0.264531 0.265029 0.265304 0.265843 0.266123 0.265828 0.265320 0.265024 0.264613 0.264621 0.265291 0.264422 0.265601 0.266613 0.266874 0.267102 0.265990 0.265655 0.265575 0.264092 0.266735 0.267247 0.268849 0.268873 0.269383 0.267606 0.265843 -9999.0 -9999.0 -9999.0 -9999.0 -9999.0 -9999.0 -9999.0 -9999.0 -9999.0 -9999.0 -9999.0 -9999.0 -9999.0 -9999.0 -9999.0 -9999.0 -9999.0 -9999.0 -9999.0
-9999.0 -9999.0 -9999.0 -9999.0 -9999.0 -9999.0 -9999.0 -9999.0 -9999.0 -9999.0 -9999.0 -9999.0 -9999.0 -9999.0 0.264273 0.263326 0.262853 0.262357 0.263711 0.264601 0.264304 0.263321 0.264323 0.262600 0.261004 0.261938 0.262995 0.263548 0.264812 0.265871 0.264685 0.264387 0.264905 0.267029 0.267758 0.267195 0.264314 0.266965 0.267970 0.268612 0.268516 0.267201 0.268820 0.270717 0.269622 0.267593 0.268120 0.269164 0.271023 0.270559 0.264336 0.264248 0.264813 0.265243 0.264397 0.263679 0.266290 0.265702 0.265425 0.265439 0.264401 0.262246 0.261166 0.263669 0.265396 0.269432 -9999.0 -9999.0 -9999.0 -9999.0 -9999.0 -9999.0 -9999.0 -9999.0 -9999.0 -9999.0 -9999.0 -9999.0 -9999.0 -9999.0
-9999.0 -9999.0 -9999.0 -9999.0 -9999.0 -9999.0 -9999.0 -9999.0 -9999.0 0.263339 0.262977 0.263188 0.262409 0.263158 0.261501 0.261778 0.261329 0.262246 0.262701 0.263762 0.265535 0.263918 0.263667 0.264652 0.264564 0.264647 0.265035 0.267586 0.270186 0.275259 0.270411 0.270273 0.272946 0.283284 0.290911 0.292801 0.289077 0.289032 0.293762 0.299204 0.298530 0.297829 0.303728 0.306837 0.309279 0.304158 0.299508 0.298728 0.306403 0.294144 0.283227 0.272137 0.272762 0.269699 0.266475 0.265538 0.264856 0.267793 0.266952 0.264812 0.263079 0.264264 0.263040 0.264213 0.264605 0.267547 0.269982 0.272512 0.272633 0.270932 -9999.0 -9999.0 -9999.0 -9999.0 -9999.0 -9999.0 -9999.0 -9999.0 -9999.0 -9999.0
-9999.0 -9999.0 -9999.0 -9999.0 -9999.0 -9999.0 0.262312 0.262086 0.262507 0.260386 0.261519 0.260408 0.261162 0.261309 0.261653 0.261339 0.262430 0.263175 0.264572 0.266493 0.268373 0.266729 0.267110 0.270020 0.277868 0.284291 0.287548 0.293279 0.312293 0.329442 0.339733 0.346208 0.366752 0.367862 0.368837 0.369238 0.368737 0.368480 0.368708 0.369158 0.369596 0.369593 0.369652 0.369726 0.369898 0.369879 0.369220 0.369027 0.369014 0.368961 0.368186 0.366656 0.324339 0.307265 0.290068 0.280460 0.278407 0.278439 0.274476 0.269394 0.266617 0.267085 0.266700 0.265406 0.266068 0.267109 0.268891 0.270116 0.269287 0.268322 0.267897 0.265851 0.266276 0.268309 -9999.0 -9999.0 -9999.0 -9999.0 -9999.0 -9999.0
-9999.0 -9999.0 -9999.0 -9999.0 0.259629 0.260459 0.257759 0.259130 0.260036 0.260582 0.260135 0.261186 0.261135 0.261698 0.263172 0.263939 0.265842 0.266954 0.271488 0.283642 0.293656 0.299157 0.301417 0.323854 0.366897 0.368334 0.368545 0.368777 0.369199 0.369927 0.369979 0.369965 0.369999 0.370000 0.370000 0.370000 0.370000 0.370000 0.370000 0.370000 0.370000 0.370000 0.370000 0.370000 0.370000 0.370000 0.370000 0.370000 0.370000 0.370000 0.370000 0.369972 0.369657 0.369355 0.369179 0.368643 0.367127 0.351880 0.314523 0.300147 0.286540 0.280687 0.274651 0.272599 0.269312 0.270175 0.271418 0.269866 0.267988 0.266186 0.266386 0.265652 0.264385 0.267218 0.267826 0.270596 -9999.0 -9999.0 -9999.0 -9999.0
-9999.0 -9999.0 0.259890 0.259591 0.261631 0.259960 0.258978 0.257581 0.257813 0.259554 0.262677 0.263235 0.264819 0.265328 0.269847 0.283826 0.297499 0.307705 0.335109 0.367212 0.368555 0.368955 0.369449 0.369675 0.369978 0.370000 0.370000 0.370000 0.370000 0.370000 0.370000 0.370000 0.370000 0.370000 0.370000 0.370000 0.370000 0.370000 0.370000 0.370000 0.370000 0.370000 0.370000 0.370000 0.370000 0.370000 0.370000 0.370000 0.370000 0.370000 0.370000 0.370000 0.370000 0.370000 0.370000 0.370000 0.369982 0.369802 0.369581 0.369219 0.368242 0.366821 0.323036 0.303816 0.290144 0.282306 0.275968 0.272466 0.269353 0.266197 0.265555 0.265293 0.266099 0.265465 0.266905 0.267772 0.269392 0.269871 -9999.0 -9999.0
-9999.0 0.259645 0.258419 0.261925 0.261702 0.261863 0.262169 0.262388 0.262981 0.260932 0.269170 0.285823 0.301146 0.305892 0.328220 0.367224 0.369431 0.369595 0.369934 0.369992 0.370000 0.370000 0.370000 0.370000 0.370000 0.370000 0.370000 0.370000 0.370000 0.370000 0.370000 0.370000 0.370000 0.370000 0.370000 0.370000 0.370000 0.370000 0.370000 0.370000 0.370000 0.370000 0.370000 0.370000 0.370000 0.370000 0.370000 0.370000 0.370000 0.370000 0.370000 0.370000 0.370000 0.370000 0.370000 0.370000 0.370000 0.370000 0.370000 0.370000 0.369997 0.369919 0.369452 0.368596 0.367006 0.321376 0.299349 0.285317 0.275853 0.272926 0.271316 0.266712 0.265904 0.267411 0.266806 0.266765 0.267377 0.267797 -9999.0 -9999.0
-9999.0 0.255691 0.259104 0.262194 0.265397 0.264159 0.279600 0.291650 0.294483 0.286990 0.317349 0.369142 0.369955 0.369953 0.369998 0.370000 0.370000 0.370000 0.370000 0.370000 0.370000 0.370000 0.370000 0.370000 0.370000 0.370000 0.370000 0.370000 0.370000 0.370000 0.370000 0.370000 0.370000 0.370000 0.369998 0.369985 0.369963 0.369773 0.369476 0.369189 0.369038 0.369412 0.369228 0.368970 0.368883 0.369223 0.369634 0.369530 0.369659 0.369916 0.369993 0.370000 0.370000 0.370000 0.370000 0.370000 0.370000 0.370000 0.370000 0.370000 0.370000 0.370000 0.370000 0.369995 0.369874 0.369014 0.367873 0.363662 0.314372 0.300728 0.288853 0.278058 0.271461 0.270795 0.267528 0.267749 -9999.0 -9999.0 -9999.0 -9999.0
-9999.0 0.255660 0.258872 0.265077 0.278703 0.301806 0.367003 0.369899 0.369999 0.369998 0.370000 0.370000 0.370000 0.370000 0.370000 0.370000 0.370000 0.370000 0.370000 0.370000 0.370000 0.370000 0.370000 0.370000 0.370000 0.370000 0.370000 0.370000 0.370000 0.369993 0.369927 0.369823 0.369550 0.368487 0.367792 0.366876 0.325618 0.320911 0.315966 0.306549 0.302418 0.299391 0.303528 0.302406 0.301915 0.304153 0.310155 0.314430 0.335013 0.366958 0.368151 0.368916 0.369375 0.369871 0.369986 0.370000 0.370000 0.370000 0.370000 0.370000 0.370000 0.370000 0.370000 0.370000 0.370000 0.369997 0.369966 0.369734 0.368931 0.368146 0.366840 0.322956 0.298976 0.280036 0.275946 -9999.0 -9999.0 -9999.0 -9999.0 -9999.0
-9999.0 0.250273 0.259371 0.264235 0.290846 0.367162 0.369883 0.370000 0.370000 0.370000 0.369999 0.370000 0.370000 0.370000 0.370000 0.370000 0.370000 0.370000 0.370000 0.370000 0.369999 0.369997 0.370000 0.369968 0.369831 0.369670 0.369569 0.369408 0.368825 0.367896 0.355153 0.330588 0.304928 0.291032 0.283648 0.276087 0.268682 0.269014 0.271310 0.269613 0.267874 0.265718 0.268210 0.269168 0.270243 0.268718 0.268784 0.271776 0.276784 0.283563 0.293673 0.306063 0.321303 0.366780 0.367868 0.368731 0.369281 0.369776 0.369992 0.370000 0.370000 0.370000 0.370000 0.370000 0.370000 0.370000 0.370000 0.370000 0.369994 0.369947 0.369874 0.369268 0.368268 -9999.0 -9999.0 -9999.0 -9999.0 -9999.0 -9999.0 -9999.0
-9999.0 0.247299 0.257438 0.258127 0.267448 0.287477 0.321313 0.367235 0.369599 0.368632 0.368605 0.368923 0.369283 0.369514 0.369220 0.368811 0.368467 0.368565 0.368664 0.368306 0.367875 0.367552 0.367331 0.360623 0.334156 0.324473 0.319973 0.312181 0.302588 0.291727 0.275829 0.269618 0.265510 0.264555 0.263779 0.262822 0.260209 0.261925 0.263076 0.262820 0.262000 0.261270 0.263243 0.263719 0.264292 0.262253 0.263458 0.264163 0.266124 0.267947 0.270686 0.275014 0.281153 0.286419 0.291942 0.299444 0.310747 0.348136 0.367883 0.369552 0.369975 0.370000 0.370000 0.370000 0.370000 0.370000 0.370000 0.370000 0.370000 0.370000 0.370000 -9999.0 -9999.0 -9999.0 -9999.0 -9999.0 -9999.0 -9999.0 -9999.0 -9999.0
-9999.0 -9999.0 0.245190 0.249170 0.252536 0.255510 0.259746 0.266732 0.270279 0.276082 0.284229 0.293422 0.299337 0.302331 0.298248 0.290204 0.285827 0.286429 0.285258 0.282975 0.278366 0.276078 0.274505 0.273202 0.271310 0.270664 0.270487 0.270084 0.269062 0.266230 0.263897 0.262441 0.260460 0.260975 0.260802 0.260052 0.260968 0.260762 0.260960 0.260798 0.260988 0.261334 0.261640 0.262144 0.262037 0.262168 0.262245 0.262695 0.263352 0.264133 0.266043 0.269087 0.271324 0.271741 0.270193 0.270604 0.272354 0.276828 0.295227 0.324862 0.367306 0.368903 0.369815 0.369990 0.369999 0.370000 0.370000 0.370000 0.370000 0.370000 -9999.0 -9999.0 -9999.0 -9999.0 -9999.0 -9999.0 -9999.0 -9999.0 -9999.0 -9999.0
-9999.0 -9999.0 -9999.0 -9999.0 0.243423 0.249073 0.254351 0.253565 0.257091 0.258822 0.260198 0.261912 0.263284 0.264323 0.262697 0.262532 0.262378 0.262743 0.262499 0.262134 0.262032 0.261845 0.261711 0.261383 0.261595 0.261989 0.262146 0.261587 0.261842 0.260799 0.260958 0.260511 0.260043 0.259318 0.259622 0.259573 0.260002 0.259575 0.260210 0.259743 0.260162 0.260272 0.260703 0.261483 0.260941 0.261392 0.261298 0.261824 0.261682 0.262891 0.264966 0.267390 0.268997 0.268789 0.266244 0.265395 0.264665 0.266050 0.268137 0.273394 0.291282 0.308572 0.348492 0.367630 0.368558 0.369310 0.369951 0.370000 -9999.0 -9999.0 -9999.0 -9999.0 -9999.0 -9999.0 -9999.0 -9999.0 -9999.0 -9999.0 -9999.0 -9999.0
-9999.0 -9999.0 -9999.0 -9999.0 -9999.0 -9999.0 0.245977 0.248812 0.247823 0.249786 0.251427 0.252601 0.254602 0.254103 0.254698 0.256480 0.256253 0.255467 0.254426 0.256026 0.256711 0.256928 0.255238 0.255787 0.255961 0.256617 0.256549 0.256919 0.255478 0.257361 0.258310 0.258108 0.257925 0.258375 0.258022 0.259185 0.259325 0.258416 0.258114 0.259368 0.259643 0.259348 0.259455 0.260148 0.261260 0.261326 0.260677 0.259715 0.260641 0.262872 0.265136 0.266981 0.268168 0.268730 0.266800 0.264010 0.262591 0.262188 0.262978 0.264494 0.269207 0.272211 0.274998 0.281411 0.286360 0.309671 -9999.0 -9999.0 -9999.0 -9999.0 -9999.0 -9999.0 -9999.0 -9999.0 -9999.0 -9999.0 -9999.0 -9999.0 -9999.0 -9999.0
-9999.0 -9999.0 -9999.0 -9999.0 -9999.0 -9999.0 -9999.0 -9999.0 -9999.0 -9999.0 -9999.0 -9999.0 -9999.0 -9999.0 -9999.0 -9999.0 -9999.0 -9999.0 -9999.0 -9999.0 -9999.0 -9999.0 -9999.0 -9999.0 -9999.0 -9999.0 -9999.0 -9999.0 -9999.0 -9999.0 -9999.0 -9999.0 -9999.0 -9999.0 -9999.0 -9999.0 -9999.0 -9999.0 -9999.0 -9999.0 -9999.0 -9999.0 -9999.0 -9999.0 -9999.0 -9999.0 -9999.0 -9999.0 -9999.0 -9999.0 -9999.0 -9999.0 -9999.0 -9999.0 -9999.0 -9999.0 -9999.0 -9999.0 -9999.0 -9999.0 -9999.0 -9999.0 -9999.0 -9999.0 -9999.0 -9999.0 -9999.0 -9999.0 -9999.0 -9999.0 -9999.0 -9999.0 -9999.0 -9999.0 -9999.0 -9999.0 -9999.0 -9999.0 -9999.0 -9999.0
-9999.0 -9999.0 -9999.0 -9999.0 -9999.0 -9999.0 -9999.0 -9999.0 -9999.0 -9999.0 -9999.0 -9999.0 -9999.0 -9999.0 -9999.0 -9999.0 -9999.0 -9999.0 -9999.0 -9999.0 -9999.0 -9999.0 -9999.0 -9999.0 -9999.0 -9999.0 -9999.0 -9999.0 -9999.0 -9999.0 -9999.0 -9999.0 -9999.0 -9999.0 -9999.0 -9999.0 -9999.0 -9999.0 -9999.0 -9999.0 -9999.0 -9999.0 -9999.0 -9999.0 -9999.0 -9999.0 -9999.0 -9999.0 -9999.0 -9999.0 -9999.0 -9999.0 -9999.0 -9999.0 -9999.0 -9999.0 -9999.0 -9999.0 -9999.0 -9999.0 -9999.0 -9999.0 -9999.0 -9999.0 -9999.0 -9999.0 -9999.0 -9999.0 -9999.0 -9999.0 -9999.0 -9999.0 -9999.0 -9999.0 -9999.0 -9999.0 -9999.0 -9999.0 -9999.0 -9999.0