Borden_/Borden1m_014/output_maps/thetaliqL0007N0016.asc
ncols         80
nrows         18
xllcorner     620200.000000
yllcorner     5168000.000000
cellsize      1.000000
NODATA_value  -9999.0
-9999.0 -9999.0 -9999.0 -9999.0 -9999.0 -9999.0 -9999.0 -9999.0 -9999.0 -9999.0 -9999.0 -9999.0 -9999.0 -9999.0 -9999.0 -9999.0 -9999.0 -9999.0 -9999.0 -9999.0 -9999.0 -9999.0 -9999.0 -9999.0 -9999.0 -9999.0 -9999.0 -9999.0 -9999.0 -9999.0 -9999.0 -9999.0 -9999.0 -9999.0 -9999.0 -9999.0 -9999.0 -9999.0 -9999.0 -9999.0 -9999.0 -9999.0 -9999.0 -9999.0 -9999.0 -9999.0 -9999.0 -9999.0 -9999.0 -9999.0 -9999.0 -9999.0 -9999.0 -9999.0 -9999.0 -9999.0 -9999.0 -9999.0 -9999.0 -9999.0 -9999.0 -9999.0 -9999.0 -9999.0 -9999.0 -9999.0 -9999.0 -9999.0 -9999.0 -9999.0 -9999.0 -9999.0 -9999.0 -9999.0 -9999.0 -9999.0 -9999.0 -9999.0 -9999.0 -9999.0
-9999.0 -9999.0 -9999.0 -9999.0 -9999.0 -9999.0 -9999.0 -9999.0 -9999.0 -9999.0 -9999.0 -9999.0 -9999.0 -9999.0 -9999.0 -9999.0 -9999.0 -9999.0 -9999.0 -9999.0 -9999.0 -9999.0 -9999.0 -9999.0 -9999.0 -9999.0 -9999.0 -9999.0 -9999.0 -9999.0 -9999.0 -9999.0 -9999.0 -9999.0 -9999.0 -9999.0 -9999.0 -9999.0 -9999.0 -9999.0 -9999.0 -9999.0 -9999.0 -9999.0 -9999.0 -9999.0 -9999.0 -9999.0 -9999.0 -9999.0 -9999.0 -9999.0 -9999.0 -9999.0 -9999.0 -9999.0 -9999.0 -9999.0 -9999.0 -9999.0 -9999.0 -9999.0 -9999.0 -9999.0 -9999.0 -9999.0 -9999.0 -9999.0 -9999.0 -9999.0 -9999.0 -9999.0 -9999.0 -9999.0 -9999.0 -9999.0 -9999.0 -9999.0 -9999.0 -9999.0
-9999.0 -9999.0 -9999.0 -9999.0 -9999.0 -9999.0 -9999.0 -9999.0 -9999.0 -9999.0 -9999.0 -9999.0 -9999.0 -9999.0 -9999.0 -9999.0 -9999.0 -9999.0 -9999.0 -9999.0 0.279945 0.282275 0.264050 0.236236 0.213575 0.214681 0.242102 0.274838 0.302677 0.309624 0.296953 0.297688 0.293760 0.293660 0.295867 0.300044 0.301761 0.309659 0.315128 0.314946 0.310915 0.306990 0.305915 0.308330 0.311601 0.305939 0.314853 0.324173 0.327873 0.325115 0.308334 0.297441 0.291807 0.281232 0.299759 0.308738 0.323235 0.325878 0.325443 0.309154 0.287947 -9999.0 -9999.0 -9999.0 -9999.0 -9999.0 -9999.0 -9999.0 -9999.0 -9999.0 -9999.0 -9999.0 -9999.0 -9999.0 -9999.0 -9999.0 -9999.0 -9999.0 -9999.0 -9999.0
-9999.0 -9999.0 -9999.0 -9999.0 -9999.0 -9999.0 -9999.0 -9999.0 -9999.0 -9999.0 -9999.0 -9999.0 -9999.0 -9999.0 0.208978 0.201158 0.198634 0.204523 0.230236 0.254095 0.264235 0.257796 0.257402 0.237911 0.221507 0.232286 0.255524 0.280091 0.304752 0.317849 0.309423 0.307399 0.314350 0.330773 0.338289 0.337120 0.326068 0.337662 0.344679 0.348277 0.347869 0.344568 0.349946 0.354869 0.352993 0.347193 0.348365 0.352208 0.356309 0.352011 0.323019 0.309586 0.307899 0.303819 0.294864 0.290339 0.308191 0.309245 0.304050 0.291619 0.267050 0.231688 0.218041 0.249107 0.284958 0.324296 -9999.0 -9999.0 -9999.0 -9999.0 -9999.0 -9999.0 -9999.0 -9999.0 -9999.0 -9999.0 -9999.0 -9999.0 -9999.0 -9999.0
-9999.0 -9999.0 -9999.0 -9999.0 -9999.0 -9999.0 -9999.0 -9999.0 -9999.0 0.170963 0.172878 0.177024 0.177785 0.187760 0.186393 0.190749 0.195998 0.214690 0.238696 0.266642 0.288841 0.280671 0.280446 0.289561 0.294751 0.303939 0.317413 0.338982 0.354237 0.362969 0.357751 0.357426 0.361953 0.368102 0.369515 0.369677 0.369384 0.369453 0.369793 0.369934 0.369928 0.369921 0.369980 0.369992 0.369995 0.369981 0.369948 0.369944 0.369989 0.369802 0.367991 0.360657 0.360051 0.351966 0.335489 0.323249 0.321384 0.333641 0.325850 0.302602 0.275724 0.268881 0.256099 0.269621 0.287810 0.320269 0.340158 0.350887 0.351164 0.345441 -9999.0 -9999.0 -9999.0 -9999.0 -9999.0 -9999.0 -9999.0 -9999.0 -9999.0 -9999.0
-9999.0 -9999.0 -9999.0 -9999.0 -9999.0 -9999.0 0.132267 0.135614 0.144001 0.146480 0.158494 0.162346 0.174090 0.186175 0.199863 0.211953 0.235701 0.261343 0.293278 0.322589 0.339328 0.337375 0.341761 0.354206 0.364361 0.367982 0.369079 0.369777 0.369999 0.370000 0.370000 0.370000 0.370000 0.370000 0.370000 0.370000 0.370000 0.370000 0.370000 0.370000 0.370000 0.370000 0.370000 0.370000 0.370000 0.370000 0.370000 0.370000 0.370000 0.370000 0.370000 0.370000 0.370000 0.369993 0.369508 0.366883 0.366111 0.366810 0.363051 0.350770 0.333098 0.327525 0.319384 0.310756 0.314600 0.326543 0.338605 0.343701 0.338901 0.329391 0.316553 0.297692 0.299197 0.316367 -9999.0 -9999.0 -9999.0 -9999.0 -9999.0 -9999.0
-9999.0 -9999.0 -9999.0 -9999.0 0.115572 0.119144 0.115566 0.122623 0.134097 0.148471 0.165328 0.188345 0.206975 0.229152 0.262372 0.292076 0.321267 0.339305 0.358260 0.368139 0.369729 0.369925 0.369971 0.370000 0.370000 0.370000 0.370000 0.370000 0.370000 0.370000 0.370000 0.370000 0.370000 0.370000 0.370000 0.370000 0.370000 0.370000 0.370000 0.370000 0.370000 0.370000 0.370000 0.370000 0.370000 0.370000 0.370000 0.370000 0.370000 0.370000 0.370000 0.370000 0.370000 0.370000 0.370000 0.370000 0.370000 0.370000 0.370000 0.369953 0.369120 0.367570 0.363850 0.359166 0.351011 0.351236 0.352282 0.346046 0.333457 0.316268 0.307181 0.294640 0.287677 0.309243 0.320584 0.337021 -9999.0 -9999.0 -9999.0 -9999.0
-9999.0 -9999.0 0.101728 0.113490 0.131667 0.134793 0.135498 0.137131 0.148830 0.176451 0.233219 0.275419 0.308282 0.326516 0.352595 0.367746 0.369847 0.369993 0.370000 0.370000 0.370000 0.370000 0.370000 0.370000 0.370000 0.370000 0.370000 0.370000 0.370000 0.370000 0.370000 0.370000 0.370000 0.370000 0.370000 0.370000 0.370000 0.370000 0.370000 0.370000 0.370000 0.370000 0.370000 0.370000 0.370000 0.370000 0.370000 0.370000 0.370000 0.370000 0.370000 0.370000 0.370000 0.370000 0.370000 0.370000 0.370000 0.370000 0.370000 0.370000 0.370000 0.370000 0.370000 0.369989 0.369699 0.368668 0.365317 0.359086 0.346715 0.326842 0.313712 0.302085 0.301220 0.302303 0.313424 0.323209 0.331706 0.335605 -9999.0 -9999.0
-9999.0 0.087184 0.097062 0.130587 0.168287 0.196944 0.227318 0.250413 0.268787 0.278847 0.344960 0.367704 0.369901 0.369984 0.370000 0.370000 0.370000 0.370000 0.370000 0.370000 0.370000 0.370000 0.370000 0.370000 0.370000 0.370000 0.370000 0.370000 0.370000 0.370000 0.370000 0.370000 0.370000 0.370000 0.370000 0.370000 0.370000 0.370000 0.370000 0.370000 0.370000 0.370000 0.370000 0.370000 0.370000 0.370000 0.370000 0.370000 0.370000 0.370000 0.370000 0.370000 0.370000 0.370000 0.370000 0.370000 0.370000 0.370000 0.370000 0.370000 0.370000 0.370000 0.370000 0.370000 0.370000 0.370000 0.369971 0.369362 0.365769 0.360266 0.352931 0.332776 0.320536 0.322110 0.317060 0.315936 0.320285 0.324144 -9999.0 -9999.0
-9999.0 0.081069 0.097284 0.157911 0.262136 0.308092 0.361141 0.368964 0.369533 0.369055 0.369999 0.370000 0.370000 0.370000 0.370000 0.370000 0.370000 0.370000 0.370000 0.370000 0.370000 0.370000 0.370000 0.370000 0.370000 0.370000 0.370000 0.370000 0.370000 0.370000 0.370000 0.370000 0.370000 0.370000 0.370000 0.370000 0.370000 0.370000 0.370000 0.370000 0.370000 0.370000 0.370000 0.370000 0.370000 0.370000 0.370000 0.370000 0.370000 0.370000 0.370000 0.370000 0.370000 0.370000 0.370000 0.370000 0.370000 0.370000 0.370000 0.370000 0.370000 0.370000 0.370000 0.370000 0.370000 0.370000 0.370000 0.370000 0.370000 0.369964 0.369521 0.366441 0.357275 0.349588 0.333991 0.323127 -9999.0 -9999.0 -9999.0 -9999.0
-9999.0 0.077348 0.094949 0.200212 0.358374 0.369829 0.370000 0.370000 0.370000 0.370000 0.370000 0.370000 0.370000 0.370000 0.370000 0.370000 0.370000 0.370000 0.370000 0.370000 0.370000 0.370000 0.370000 0.370000 0.370000 0.370000 0.370000 0.370000 0.370000 0.370000 0.370000 0.370000 0.370000 0.370000 0.370000 0.370000 0.370000 0.370000 0.370000 0.369991 0.369969 0.369931 0.369974 0.369972 0.369972 0.369983 0.369997 0.370000 0.370000 0.370000 0.370000 0.370000 0.370000 0.370000 0.370000 0.370000 0.370000 0.370000 0.370000 0.370000 0.370000 0.370000 0.370000 0.370000 0.370000 0.370000 0.370000 0.370000 0.370000 0.370000 0.370000 0.370000 0.369931 0.366658 0.361519 -9999.0 -9999.0 -9999.0 -9999.0 -9999.0
-9999.0 0.072315 0.085765 0.172017 0.365345 0.370000 0.370000 0.370000 0.370000 0.370000 0.370000 0.370000 0.370000 0.370000 0.370000 0.370000 0.370000 0.370000 0.370000 0.370000 0.370000 0.370000 0.370000 0.370000 0.370000 0.370000 0.370000 0.370000 0.370000 0.370000 0.370000 0.370000 0.369979 0.369479 0.367593 0.361246 0.346517 0.345744 0.351077 0.345227 0.335773 0.326081 0.338744 0.344923 0.348728 0.345212 0.348333 0.358021 0.365691 0.368763 0.369839 0.369995 0.370000 0.370000 0.370000 0.370000 0.370000 0.370000 0.370000 0.370000 0.370000 0.370000 0.370000 0.370000 0.370000 0.370000 0.370000 0.370000 0.370000 0.370000 0.370000 0.370000 0.370000 -9999.0 -9999.0 -9999.0 -9999.0 -9999.0 -9999.0 -9999.0
-9999.0 0.070095 0.075212 0.096621 0.234470 0.363693 0.369997 0.370000 0.370000 0.370000 0.370000 0.370000 0.370000 0.370000 0.370000 0.370000 0.370000 0.370000 0.370000 0.370000 0.370000 0.370000 0.370000 0.370000 0.370000 0.370000 0.370000 0.369998 0.369965 0.369512 0.363918 0.347717 0.317784 0.293519 0.270303 0.243723 0.212901 0.221411 0.233448 0.229663 0.219635 0.215846 0.239239 0.253832 0.261758 0.250504 0.264920 0.285595 0.314355 0.336604 0.353841 0.364200 0.368376 0.369444 0.369785 0.369961 0.369999 0.370000 0.370000 0.370000 0.370000 0.370000 0.370000 0.370000 0.370000 0.370000 0.370000 0.370000 0.370000 0.370000 0.370000 -9999.0 -9999.0 -9999.0 -9999.0 -9999.0 -9999.0 -9999.0 -9999.0 -9999.0
-9999.0 -9999.0 0.070064 0.073744 0.081678 0.107398 0.162911 0.233394 0.289536 0.342419 0.365148 0.369327 0.369842 0.369922 0.369821 0.369200 0.368214 0.368201 0.367660 0.366390 0.362697 0.360226 0.358092 0.356153 0.352154 0.349708 0.347951 0.343916 0.333929 0.306445 0.266381 0.224742 0.185153 0.169719 0.157495 0.146087 0.144321 0.143810 0.147201 0.147753 0.150175 0.156035 0.167648 0.180631 0.186642 0.190977 0.199592 0.216866 0.242632 0.274660 0.311643 0.340694 0.353482 0.356321 0.353773 0.355412 0.360478 0.366708 0.369877 0.370000 0.370000 0.370000 0.370000 0.370000 0.370000 0.370000 0.370000 0.370000 0.370000 0.370000 -9999.0 -9999.0 -9999.0 -9999.0 -9999.0 -9999.0 -9999.0 -9999.0 -9999.0 -9999.0
-9999.0 -9999.0 -9999.0 -9999.0 0.070725 0.074199 0.078037 0.083508 0.097994 0.123612 0.162710 0.210803 0.249876 0.267805 0.257268 0.250837 0.243489 0.241002 0.234380 0.229354 0.224391 0.218541 0.210712 0.205292 0.204722 0.207273 0.206088 0.197031 0.186724 0.169195 0.155588 0.138893 0.124618 0.115534 0.112022 0.110201 0.110330 0.109062 0.111547 0.113174 0.117390 0.122250 0.130806 0.142517 0.148213 0.155230 0.160334 0.172311 0.191468 0.230373 0.279332 0.317498 0.334870 0.335689 0.320706 0.309604 0.306263 0.322819 0.345223 0.363323 0.369736 0.369999 0.370000 0.370000 0.370000 0.370000 0.370000 0.370000 -9999.0 -9999.0 -9999.0 -9999.0 -9999.0 -9999.0 -9999.0 -9999.0 -9999.0 -9999.0 -9999.0 -9999.0
-9999.0 -9999.0 -9999.0 -9999.0 -9999.0 -9999.0 0.069974 0.071275 0.073192 0.077511 0.084947 0.095855 0.110390 0.116566 0.121195 0.128477 0.126620 0.121074 0.116272 0.121197 0.124079 0.122614 0.114543 0.114129 0.115055 0.117890 0.117658 0.115974 0.109444 0.111368 0.110934 0.105499 0.100204 0.097619 0.095731 0.097419 0.097600 0.095576 0.096044 0.100623 0.104619 0.107687 0.113474 0.123568 0.135455 0.141407 0.141690 0.144405 0.166050 0.213121 0.268147 0.306723 0.324628 0.327717 0.309426 0.278037 0.258865 0.262067 0.286895 0.321255 0.353746 0.363772 0.367352 0.369012 0.369718 0.370000 -9999.0 -9999.0 -9999.0 -9999.0 -9999.0 -9999.0 -9999.0 -9999.0 -9999.0 -9999.0 -9999.0 -9999.0 -9999.0 -9999.0
-9999.0 -9999.0 -9999.0 -9999.0 -9999.0 -9999.0 -9999.0 -9999.0 -9999.0 -9999.0 -9999.0 -9999.0 -9999.0 -9999.0 -9999.0 -9999.0 -9999.0 -9999.0 -9999.0 -9999.0 -9999.0 -9999.0 -9999.0 -9999.0 -9999.0 -9999.0 -9999.0 -9999.0 -9999.0 -9999.0 -9999.0 -9999.0 -9999.0 -9999.0 -9999.0 -9999.0 -9999.0 -9999.0 -9999.0 -9999.0 -9999.0 -9999.0 -9999.0 -9999.0 -9999.0 -9999.0 -9999.0 -9999.0 -9999.0 -9999.0 -9999.0 -9999.0 -9999.0 -9999.0 -9999.0 -9999.0 -9999.0 -9999.0 -9999.0 -9999.0 -9999.0 -9999.0 -9999.0 -9999.0 -9999.0 -9999.0 -9999.0 -9999.0 -9999.0 -9999.0 -9999.0 -9999.0 -9999.0 -9999.0 -9999.0 -9999.0 -9999.0 -9999.0 -9999.0 -9999.0
-9999.0 -9999.0 -9999.0 -9999.0 -9999.0 -9999.0 -9999.0 -9999.0 -9999.0 -9999.0 -9999.0 -9999.0 -9999.0 -9999.0 -9999.0 -9999.0 -9999.0 -9999.0 -9999.0 -9999.0 -9999.0 -9999.0 -9999.0 -9999.0 -9999.0 -9999.0 -9999.0 -9999.0 -9999.0 -9999.0 -9999.0 -9999.0 -9999.0 -9999.0 -9999.0 -9999.0 -9999.0 -9999.0 -9999.0 -9999.0 -9999.0 -9999.0 -9999.0 -9999.0 -9999.0 -9999.0 -9999.0 -9999.0 -9999.0 -9999.0 -9999.0 -9999.0 -9999.0 -9999.0 -9999.0 -9999.0 -9999.0 -9999.0 -9999.0 -9999.0 -9999.0 -9999.0 -9999.0 -9999.0 -9999.0 -9999.0 -9999.0 -9999.0 -9999.0 -9999.0 -9999.0 -9999.0 -9999.0 -9999.0 -9999.0 -9999.0 -9999.0 -9999.0 -9999.0 -9999.0