Borden_/Borden1m_014/output_maps/thetaliqL0005N0030.asc
ncols         80
nrows         18
xllcorner     620200.000000
yllcorner     5168000.000000
cellsize      1.000000
NODATA_value  -9999.0
-9999.0 -9999.0 -9999.0 -9999.0 -9999.0 -9999.0 -9999.0 -9999.0 -9999.0 -9999.0 -9999.0 -9999.0 -9999.0 -9999.0 -9999.0 -9999.0 -9999.0 -9999.0 -9999.0 -9999.0 -9999.0 -9999.0 -9999.0 -9999.0 -9999.0 -9999.0 -9999.0 -9999.0 -9999.0 -9999.0 -9999.0 -9999.0 -9999.0 -9999.0 -9999.0 -9999.0 -9999.0 -9999.0 -9999.0 -9999.0 -9999.0 -9999.0 -9999.0 -9999.0 -9999.0 -9999.0 -9999.0 -9999.0 -9999.0 -9999.0 -9999.0 -9999.0 -9999.0 -9999.0 -9999.0 -9999.0 -9999.0 -9999.0 -9999.0 -9999.0 -9999.0 -9999.0 -9999.0 -9999.0 -9999.0 -9999.0 -9999.0 -9999.0 -9999.0 -9999.0 -9999.0 -9999.0 -9999.0 -9999.0 -9999.0 -9999.0 -9999.0 -9999.0 -9999.0 -9999.0
-9999.0 -9999.0 -9999.0 -9999.0 -9999.0 -9999.0 -9999.0 -9999.0 -9999.0 -9999.0 -9999.0 -9999.0 -9999.0 -9999.0 -9999.0 -9999.0 -9999.0 -9999.0 -9999.0 -9999.0 -9999.0 -9999.0 -9999.0 -9999.0 -9999.0 -9999.0 -9999.0 -9999.0 -9999.0 -9999.0 -9999.0 -9999.0 -9999.0 -9999.0 -9999.0 -9999.0 -9999.0 -9999.0 -9999.0 -9999.0 -9999.0 -9999.0 -9999.0 -9999.0 -9999.0 -9999.0 -9999.0 -9999.0 -9999.0 -9999.0 -9999.0 -9999.0 -9999.0 -9999.0 -9999.0 -9999.0 -9999.0 -9999.0 -9999.0 -9999.0 -9999.0 -9999.0 -9999.0 -9999.0 -9999.0 -9999.0 -9999.0 -9999.0 -9999.0 -9999.0 -9999.0 -9999.0 -9999.0 -9999.0 -9999.0 -9999.0 -9999.0 -9999.0 -9999.0 -9999.0
-9999.0 -9999.0 -9999.0 -9999.0 -9999.0 -9999.0 -9999.0 -9999.0 -9999.0 -9999.0 -9999.0 -9999.0 -9999.0 -9999.0 -9999.0 -9999.0 -9999.0 -9999.0 -9999.0 -9999.0 0.126722 0.128225 0.121894 0.114394 0.109043 0.108999 0.115392 0.124473 0.135275 0.138433 0.131657 0.132356 0.130205 0.129691 0.130311 0.132189 0.132981 0.136729 0.139524 0.139183 0.136839 0.134833 0.133949 0.135002 0.137003 0.133921 0.138917 0.144871 0.147548 0.146061 0.136453 0.131836 0.129850 0.125308 0.133861 0.138132 0.147209 0.148971 0.149254 0.138863 0.129140 -9999.0 -9999.0 -9999.0 -9999.0 -9999.0 -9999.0 -9999.0 -9999.0 -9999.0 -9999.0 -9999.0 -9999.0 -9999.0 -9999.0 -9999.0 -9999.0 -9999.0 -9999.0 -9999.0
-9999.0 -9999.0 -9999.0 -9999.0 -9999.0 -9999.0 -9999.0 -9999.0 -9999.0 -9999.0 -9999.0 -9999.0 -9999.0 -9999.0 0.109783 0.107688 0.106888 0.107446 0.113097 0.118794 0.120976 0.118586 0.119296 0.113658 0.109300 0.112015 0.117693 0.124456 0.133983 0.140945 0.135757 0.134539 0.138055 0.149284 0.155733 0.154078 0.143454 0.153933 0.161709 0.166871 0.166231 0.161101 0.169710 0.179886 0.175593 0.164990 0.166492 0.172977 0.182993 0.174266 0.141901 0.135235 0.135168 0.133917 0.129920 0.127820 0.136893 0.136976 0.134546 0.129908 0.121785 0.112211 0.108863 0.116965 0.127859 0.148867 -9999.0 -9999.0 -9999.0 -9999.0 -9999.0 -9999.0 -9999.0 -9999.0 -9999.0 -9999.0 -9999.0 -9999.0 -9999.0 -9999.0
-9999.0 -9999.0 -9999.0 -9999.0 -9999.0 -9999.0 -9999.0 -9999.0 -9999.0 0.103093 0.103068 0.103848 0.103321 0.105432 0.103896 0.104781 0.105264 0.109071 0.113913 0.121079 0.128954 0.124979 0.124667 0.128343 0.130055 0.133463 0.139726 0.156381 0.179092 0.208835 0.187535 0.186361 0.200271 0.246304 0.287737 0.298995 0.279796 0.281027 0.305745 0.328496 0.329499 0.328598 0.345256 0.351817 0.354599 0.346261 0.332307 0.329594 0.345843 0.307358 0.244744 0.194804 0.194718 0.174033 0.152093 0.143004 0.141667 0.152669 0.146616 0.133236 0.122903 0.122096 0.117996 0.122298 0.128025 0.144568 0.161851 0.178166 0.178926 0.169044 -9999.0 -9999.0 -9999.0 -9999.0 -9999.0 -9999.0 -9999.0 -9999.0 -9999.0 -9999.0
-9999.0 -9999.0 -9999.0 -9999.0 -9999.0 -9999.0 0.096851 0.097126 0.098616 0.097281 0.099832 0.099518 0.101791 0.103716 0.106120 0.107893 0.113116 0.119282 0.129600 0.144114 0.157780 0.154589 0.158909 0.178918 0.213252 0.245291 0.268047 0.305020 0.356460 0.366028 0.367706 0.368273 0.368786 0.369565 0.369954 0.369992 0.369947 0.369880 0.369944 0.369995 0.370000 0.370000 0.370000 0.370000 0.370000 0.370000 0.369997 0.369979 0.369966 0.369942 0.369665 0.368546 0.364093 0.349520 0.286836 0.229354 0.222369 0.233286 0.207084 0.171910 0.150833 0.147704 0.142763 0.137398 0.139875 0.147752 0.159064 0.165698 0.160007 0.151302 0.142998 0.132766 0.133735 0.143393 -9999.0 -9999.0 -9999.0 -9999.0 -9999.0 -9999.0
-9999.0 -9999.0 -9999.0 -9999.0 0.092475 0.093597 0.091113 0.093072 0.095315 0.097704 0.099739 0.103959 0.106911 0.111275 0.119563 0.128737 0.143163 0.157255 0.189178 0.248247 0.301653 0.327180 0.340661 0.364008 0.368926 0.369712 0.369835 0.369944 0.369997 0.370000 0.370000 0.370000 0.370000 0.370000 0.370000 0.370000 0.370000 0.370000 0.370000 0.370000 0.370000 0.370000 0.370000 0.370000 0.370000 0.370000 0.370000 0.370000 0.370000 0.370000 0.370000 0.370000 0.370000 0.369995 0.369975 0.369844 0.368961 0.367883 0.359215 0.332174 0.267939 0.239586 0.210760 0.192323 0.172868 0.174637 0.178036 0.167760 0.153741 0.141164 0.137013 0.131402 0.127991 0.138856 0.145342 0.159977 -9999.0 -9999.0 -9999.0 -9999.0
-9999.0 -9999.0 0.090739 0.092147 0.096216 0.095350 0.094716 0.093955 0.095744 0.100954 0.112926 0.123155 0.136316 0.146398 0.176633 0.245897 0.320070 0.352501 0.366492 0.369319 0.369890 0.369986 0.370000 0.370000 0.370000 0.370000 0.370000 0.370000 0.370000 0.370000 0.370000 0.370000 0.370000 0.370000 0.370000 0.370000 0.370000 0.370000 0.370000 0.370000 0.370000 0.370000 0.370000 0.370000 0.370000 0.370000 0.370000 0.370000 0.370000 0.370000 0.370000 0.370000 0.370000 0.370000 0.370000 0.370000 0.370000 0.370000 0.369999 0.369977 0.369549 0.368413 0.363135 0.343796 0.296032 0.261181 0.220876 0.193006 0.167718 0.147159 0.139246 0.133879 0.134292 0.134280 0.140604 0.146901 0.154330 0.158035 -9999.0 -9999.0
-9999.0 0.088371 0.088940 0.096276 0.101410 0.105939 0.111590 0.116740 0.121675 0.122463 0.165674 0.253462 0.331880 0.349625 0.365148 0.369676 0.370000 0.370000 0.370000 0.370000 0.370000 0.370000 0.370000 0.370000 0.370000 0.370000 0.370000 0.370000 0.370000 0.370000 0.370000 0.370000 0.370000 0.370000 0.370000 0.370000 0.370000 0.370000 0.370000 0.370000 0.370000 0.370000 0.370000 0.370000 0.370000 0.370000 0.370000 0.370000 0.370000 0.370000 0.370000 0.370000 0.370000 0.370000 0.370000 0.370000 0.370000 0.370000 0.370000 0.370000 0.370000 0.370000 0.369987 0.369769 0.368703 0.362214 0.334410 0.281073 0.223735 0.196893 0.179108 0.152065 0.143316 0.145703 0.142356 0.141790 0.144811 0.147566 -9999.0 -9999.0
-9999.0 0.084526 0.089375 0.100319 0.121975 0.136238 0.206868 0.279850 0.302856 0.279523 0.359216 0.370000 0.370000 0.370000 0.370000 0.370000 0.370000 0.370000 0.370000 0.370000 0.370000 0.370000 0.370000 0.370000 0.370000 0.370000 0.370000 0.370000 0.370000 0.370000 0.370000 0.370000 0.370000 0.370000 0.370000 0.370000 0.370000 0.370000 0.369999 0.369990 0.369978 0.369993 0.369987 0.369964 0.369957 0.369988 0.369999 0.369998 0.369999 0.370000 0.370000 0.370000 0.370000 0.370000 0.370000 0.370000 0.370000 0.370000 0.370000 0.370000 0.370000 0.370000 0.370000 0.370000 0.369998 0.369868 0.369229 0.367533 0.356992 0.332333 0.286902 0.232437 0.188596 0.174276 0.154329 0.146732 -9999.0 -9999.0 -9999.0 -9999.0
-9999.0 0.083726 0.088709 0.109456 0.200784 0.318162 0.368807 0.369996 0.370000 0.370000 0.370000 0.370000 0.370000 0.370000 0.370000 0.370000 0.370000 0.370000 0.370000 0.370000 0.370000 0.370000 0.370000 0.370000 0.370000 0.370000 0.370000 0.370000 0.370000 0.370000 0.370000 0.370000 0.369998 0.369808 0.369411 0.368848 0.364975 0.362653 0.359318 0.348451 0.337919 0.328583 0.339882 0.338236 0.337803 0.343648 0.353865 0.359343 0.366437 0.368625 0.369491 0.369914 0.369984 0.369999 0.370000 0.370000 0.370000 0.370000 0.370000 0.370000 0.370000 0.370000 0.370000 0.370000 0.370000 0.370000 0.370000 0.369959 0.369628 0.368807 0.367381 0.360467 0.324745 0.238886 0.207896 -9999.0 -9999.0 -9999.0 -9999.0 -9999.0
-9999.0 0.079407 0.087378 0.104235 0.247600 0.369137 0.369982 0.370000 0.370000 0.370000 0.370000 0.370000 0.370000 0.370000 0.370000 0.370000 0.370000 0.370000 0.370000 0.370000 0.370000 0.370000 0.370000 0.370000 0.370000 0.370000 0.369999 0.369993 0.369895 0.369536 0.367742 0.365211 0.343589 0.285915 0.240845 0.201787 0.167596 0.166867 0.175820 0.165762 0.154784 0.145847 0.157555 0.164447 0.170037 0.164443 0.168593 0.188584 0.223510 0.260157 0.308753 0.349414 0.363409 0.368489 0.369325 0.369876 0.369986 0.370000 0.370000 0.370000 0.370000 0.370000 0.370000 0.370000 0.370000 0.370000 0.370000 0.370000 0.369992 0.369932 0.369857 0.369652 0.368775 -9999.0 -9999.0 -9999.0 -9999.0 -9999.0 -9999.0 -9999.0
-9999.0 0.077547 0.084123 0.088049 0.119117 0.234282 0.355666 0.369168 0.369999 0.369855 0.369780 0.369916 0.369979 0.369994 0.369977 0.369894 0.369756 0.369786 0.369793 0.369577 0.369086 0.368760 0.368732 0.368416 0.366429 0.363988 0.361690 0.355388 0.336367 0.289097 0.212345 0.170104 0.141676 0.129953 0.122264 0.115253 0.107331 0.110134 0.113344 0.112378 0.109834 0.108572 0.114536 0.118045 0.120383 0.116091 0.120422 0.126805 0.139676 0.155326 0.178452 0.212946 0.255285 0.284216 0.302665 0.332252 0.356413 0.367397 0.369678 0.369997 0.370000 0.370000 0.370000 0.370000 0.370000 0.370000 0.370000 0.370000 0.369999 0.369991 0.369988 -9999.0 -9999.0 -9999.0 -9999.0 -9999.0 -9999.0 -9999.0 -9999.0 -9999.0
-9999.0 -9999.0 0.076506 0.078971 0.082016 0.088001 0.100391 0.120612 0.141464 0.172927 0.226181 0.286196 0.318579 0.330170 0.315105 0.276135 0.249912 0.250547 0.242830 0.228843 0.206582 0.198935 0.193153 0.188294 0.178587 0.173856 0.171150 0.165644 0.155009 0.136573 0.121397 0.111192 0.102984 0.101046 0.099144 0.096969 0.097421 0.097191 0.097815 0.097768 0.098252 0.099341 0.101238 0.103547 0.104373 0.105136 0.106567 0.109844 0.115313 0.123614 0.138409 0.160483 0.179329 0.184901 0.177610 0.180662 0.194620 0.228788 0.315813 0.363263 0.369277 0.369935 0.369999 0.370000 0.370000 0.370000 0.370000 0.370000 0.369830 0.369925 -9999.0 -9999.0 -9999.0 -9999.0 -9999.0 -9999.0 -9999.0 -9999.0 -9999.0 -9999.0
-9999.0 -9999.0 -9999.0 -9999.0 0.075809 0.078970 0.082544 0.083032 0.087611 0.092730 0.099567 0.108749 0.117694 0.122998 0.118743 0.116713 0.114906 0.114742 0.113240 0.111914 0.110856 0.109661 0.108216 0.107035 0.107082 0.107798 0.107720 0.105785 0.104344 0.100852 0.098993 0.096313 0.093996 0.092206 0.091949 0.091672 0.092015 0.091512 0.092336 0.092217 0.093119 0.093869 0.095369 0.097584 0.097947 0.099275 0.099921 0.102058 0.104842 0.112499 0.125697 0.142668 0.155456 0.155793 0.143018 0.136590 0.134435 0.143532 0.162856 0.205071 0.298376 0.354031 0.367534 0.369227 0.369684 0.369950 0.369996 0.369998 -9999.0 -9999.0 -9999.0 -9999.0 -9999.0 -9999.0 -9999.0 -9999.0 -9999.0 -9999.0 -9999.0 -9999.0
-9999.0 -9999.0 -9999.0 -9999.0 -9999.0 -9999.0 0.076787 0.078408 0.078252 0.080119 0.082367 0.084803 0.088181 0.088789 0.089824 0.091991 0.091584 0.090295 0.088960 0.090672 0.091536 0.091476 0.089230 0.089528 0.089778 0.090609 0.090531 0.090545 0.088676 0.090223 0.090845 0.089945 0.089070 0.089031 0.088510 0.089605 0.089736 0.088771 0.088612 0.090195 0.090972 0.091180 0.092058 0.093964 0.096447 0.097313 0.096846 0.096492 0.100237 0.109362 0.122784 0.137223 0.147536 0.149985 0.138036 0.124340 0.118158 0.118582 0.125998 0.141267 0.175363 0.204887 0.230225 0.254939 0.287470 0.356983 -9999.0 -9999.0 -9999.0 -9999.0 -9999.0 -9999.0 -9999.0 -9999.0 -9999.0 -9999.0 -9999.0 -9999.0 -9999.0 -9999.0
-9999.0 -9999.0 -9999.0 -9999.0 -9999.0 -9999.0 -9999.0 -9999.0 -9999.0 -9999.0 -9999.0 -9999.0 -9999.0 -9999.0 -9999.0 -9999.0 -9999.0 -9999.0 -9999.0 -9999.0 -9999.0 -9999.0 -9999.0 -9999.0 -9999.0 -9999.0 -9999.0 -9999.0 -9999.0 -9999.0 -9999.0 -9999.0 -9999.0 -9999.0 -9999.0 -9999.0 -9999.0 -9999.0 -9999.0 -9999.0 -9999.0 -9999.0 -9999.0 -9999.0 -9999.0 -9999.0 -9999.0 -9999.0 -9999.0 -9999.0 -9999.0 -9999.0 -9999.0 -9999.0 -9999.0 -9999.0 -9999.0 -9999.0 -9999.0 -9999.0 -9999.0 -9999.0 -9999.0 -9999.0 -9999.0 -9999.0 -9999.0 -9999.0 -9999.0 -9999.0 -9999.0 -9999.0 -9999.0 -9999.0 -9999.0 -9999.0 -9999.0 -9999.0 -9999.0 -9999.0
-9999.0 -9999.0 -9999.0 -9999.0 -9999.0 -9999.0 -9999.0 -9999.0 -9999.0 -9999.0 -9999.0 -9999.0 -9999.0 -9999.0 -9999.0 -9999.0 -9999.0 -9999.0 -9999.0 -9999.0 -9999.0 -9999.0 -9999.0 -9999.0 -9999.0 -9999.0 -9999.0 -9999.0 -9999.0 -9999.0 -9999.0 -9999.0 -9999.0 -9999.0 -9999.0 -9999.0 -9999.0 -9999.0 -9999.0 -9999.0 -9999.0 -9999.0 -9999.0 -9999.0 -9999.0 -9999.0 -9999.0 -9999.0 -9999.0 -9999.0 -9999.0 -9999.0 -9999.0 -9999.0 -9999.0 -9999.0 -9999.0 -9999.0 -9999.0 -9999.0 -9999.0 -9999.0 -9999.0 -9999.0 -9999.0 -9999.0 -9999.0 -9999.0 -9999.0 -9999.0 -9999.0 -9999.0 -9999.0 -9999.0 -9999.0 -9999.0 -9999.0 -9999.0 -9999.0 -9999.0