Borden_/Borden1m_014/output_maps/thetasurfN0015.asc
ncols         80
nrows         18
xllcorner     620200.000000
yllcorner     5168000.000000
cellsize      1.000000
NODATA_value  -9999.0
-9999.0 -9999.0 -9999.0 -9999.0 -9999.0 -9999.0 -9999.0 -9999.0 -9999.0 -9999.0 -9999.0 -9999.0 -9999.0 -9999.0 -9999.0 -9999.0 -9999.0 -9999.0 -9999.0 -9999.0 -9999.0 -9999.0 -9999.0 -9999.0 -9999.0 -9999.0 -9999.0 -9999.0 -9999.0 -9999.0 -9999.0 -9999.0 -9999.0 -9999.0 -9999.0 -9999.0 -9999.0 -9999.0 -9999.0 -9999.0 -9999.0 -9999.0 -9999.0 -9999.0 -9999.0 -9999.0 -9999.0 -9999.0 -9999.0 -9999.0 -9999.0 -9999.0 -9999.0 -9999.0 -9999.0 -9999.0 -9999.0 -9999.0 -9999.0 -9999.0 -9999.0 -9999.0 -9999.0 -9999.0 -9999.0 -9999.0 -9999.0 -9999.0 -9999.0 -9999.0 -9999.0 -9999.0 -9999.0 -9999.0 -9999.0 -9999.0 -9999.0 -9999.0 -9999.0 -9999.0
-9999.0 -9999.0 -9999.0 -9999.0 -9999.0 -9999.0 -9999.0 -9999.0 -9999.0 -9999.0 -9999.0 -9999.0 -9999.0 -9999.0 -9999.0 -9999.0 -9999.0 -9999.0 -9999.0 -9999.0 -9999.0 -9999.0 -9999.0 -9999.0 -9999.0 -9999.0 -9999.0 -9999.0 -9999.0 -9999.0 -9999.0 -9999.0 -9999.0 -9999.0 -9999.0 -9999.0 -9999.0 -9999.0 -9999.0 -9999.0 -9999.0 -9999.0 -9999.0 -9999.0 -9999.0 -9999.0 -9999.0 -9999.0 -9999.0 -9999.0 -9999.0 -9999.0 -9999.0 -9999.0 -9999.0 -9999.0 -9999.0 -9999.0 -9999.0 -9999.0 -9999.0 -9999.0 -9999.0 -9999.0 -9999.0 -9999.0 -9999.0 -9999.0 -9999.0 -9999.0 -9999.0 -9999.0 -9999.0 -9999.0 -9999.0 -9999.0 -9999.0 -9999.0 -9999.0 -9999.0
-9999.0 -9999.0 -9999.0 -9999.0 -9999.0 -9999.0 -9999.0 -9999.0 -9999.0 -9999.0 -9999.0 -9999.0 -9999.0 -9999.0 -9999.0 -9999.0 -9999.0 -9999.0 -9999.0 -9999.0 0.280358 0.281344 0.279834 0.278233 0.276731 0.276405 0.277987 0.279552 0.281399 0.281551 0.279633 0.280309 0.279463 0.278812 0.278603 0.279137 0.279445 0.279976 0.280230 0.279893 0.279360 0.279066 0.278621 0.278602 0.279332 0.278388 0.279637 0.280666 0.280900 0.281202 0.280151 0.279880 0.279834 0.278226 0.281078 0.281566 0.283198 0.283185 0.283762 0.281960 0.280156 -9999.0 -9999.0 -9999.0 -9999.0 -9999.0 -9999.0 -9999.0 -9999.0 -9999.0 -9999.0 -9999.0 -9999.0 -9999.0 -9999.0 -9999.0 -9999.0 -9999.0 -9999.0 -9999.0
-9999.0 -9999.0 -9999.0 -9999.0 -9999.0 -9999.0 -9999.0 -9999.0 -9999.0 -9999.0 -9999.0 -9999.0 -9999.0 -9999.0 0.278804 0.277766 0.277241 0.276652 0.278078 0.278970 0.278574 0.277497 0.278637 0.276780 0.275035 0.276047 0.277133 0.277610 0.278845 0.279896 0.278654 0.278338 0.278838 0.281005 0.281688 0.281078 0.278010 0.280828 0.281798 0.282407 0.282312 0.280916 0.282565 0.284501 0.283345 0.281264 0.281850 0.282905 0.284791 0.284479 0.278076 0.278147 0.278811 0.279343 0.278459 0.277685 0.280492 0.279809 0.279547 0.279673 0.278664 0.276401 0.275232 0.277932 0.279665 0.283819 -9999.0 -9999.0 -9999.0 -9999.0 -9999.0 -9999.0 -9999.0 -9999.0 -9999.0 -9999.0 -9999.0 -9999.0 -9999.0 -9999.0
-9999.0 -9999.0 -9999.0 -9999.0 -9999.0 -9999.0 -9999.0 -9999.0 -9999.0 0.277887 0.277475 0.277699 0.276816 0.277628 0.275750 0.276049 0.275510 0.276480 0.276886 0.277938 0.279795 0.278025 0.277740 0.278771 0.278572 0.278596 0.278904 0.281453 0.283887 0.288929 0.283840 0.283644 0.285734 0.296696 0.304089 0.305716 0.302346 0.302335 0.306619 0.311344 0.310642 0.310023 0.315147 0.317688 0.319549 0.315331 0.311505 0.310824 0.317628 0.306894 0.296668 0.284672 0.286421 0.283460 0.280294 0.279446 0.278674 0.281825 0.281009 0.278860 0.277108 0.278489 0.277173 0.278435 0.278753 0.281757 0.284155 0.286670 0.286786 0.285072 -9999.0 -9999.0 -9999.0 -9999.0 -9999.0 -9999.0 -9999.0 -9999.0 -9999.0 -9999.0
-9999.0 -9999.0 -9999.0 -9999.0 -9999.0 -9999.0 0.276859 0.276594 0.277045 0.274622 0.275872 0.274592 0.275404 0.275522 0.275864 0.275450 0.276573 0.277281 0.278637 0.280486 0.282329 0.280501 0.280831 0.283603 0.290441 0.297869 0.301005 0.306101 0.322294 0.334434 0.340701 0.343749 0.355472 0.370000 0.370000 0.370000 0.370000 0.370000 0.370000 0.370000 0.370000 0.370000 0.370000 0.370000 0.370000 0.370000 0.370000 0.370000 0.370000 0.370000 0.370000 0.356898 0.330376 0.318142 0.303134 0.294076 0.291085 0.291716 0.288127 0.283166 0.280473 0.281082 0.280786 0.279436 0.280157 0.281179 0.282965 0.284221 0.283402 0.282494 0.282201 0.280082 0.280551 0.282665 -9999.0 -9999.0 -9999.0 -9999.0 -9999.0 -9999.0
-9999.0 -9999.0 -9999.0 -9999.0 0.273872 0.274804 0.271741 0.273280 0.274269 0.274841 0.274263 0.275363 0.275224 0.275763 0.277248 0.277873 0.279713 0.280659 0.285017 0.297048 0.306615 0.311402 0.313123 0.330184 0.369997 0.370000 0.370000 0.370000 0.370000 0.370000 0.370000 0.370000 0.370000 0.370000 0.370000 0.370000 0.370000 0.370000 0.370000 0.370000 0.370000 0.370000 0.370000 0.370000 0.370000 0.370000 0.370000 0.370000 0.370000 0.370000 0.370000 0.370000 0.370000 0.370000 0.370000 0.370000 0.369998 0.346114 0.323529 0.312148 0.299621 0.292448 0.288168 0.286346 0.283045 0.284046 0.285412 0.283882 0.282051 0.280271 0.280601 0.279888 0.278502 0.281516 0.282064 0.284902 -9999.0 -9999.0 -9999.0 -9999.0
-9999.0 -9999.0 0.274219 0.273825 0.276080 0.274165 0.273031 0.271430 0.271651 0.273530 0.276813 0.277175 0.278663 0.279017 0.283448 0.297433 0.310041 0.318423 0.338080 0.369999 0.370000 0.370000 0.370000 0.370000 0.370000 0.370000 0.370000 0.370000 0.370000 0.370000 0.370000 0.370000 0.370000 0.370000 0.370000 0.370000 0.370000 0.370000 0.370000 0.370000 0.370000 0.370000 0.370000 0.370000 0.370000 0.370000 0.370000 0.370000 0.370000 0.370000 0.370000 0.370000 0.370000 0.370000 0.370000 0.370000 0.370000 0.370000 0.370000 0.370000 0.370000 0.362729 0.329041 0.315235 0.302156 0.295473 0.289492 0.286222 0.283277 0.280132 0.279582 0.279412 0.280335 0.279602 0.281116 0.281966 0.283656 0.284120 -9999.0 -9999.0
-9999.0 0.273982 0.272540 0.276386 0.275993 0.276051 0.276196 0.276276 0.276848 0.274500 0.282938 0.299422 0.313031 0.316827 0.333840 0.369998 0.370000 0.370000 0.370000 0.370000 0.370000 0.370000 0.370000 0.370000 0.370000 0.370000 0.370000 0.370000 0.370000 0.370000 0.370000 0.370000 0.370000 0.370000 0.370000 0.370000 0.370000 0.370000 0.370000 0.370000 0.370000 0.370000 0.370000 0.370000 0.370000 0.370000 0.370000 0.370000 0.370000 0.370000 0.370000 0.370000 0.370000 0.370000 0.370000 0.370000 0.370000 0.370000 0.370000 0.370000 0.370000 0.370000 0.370000 0.370000 0.369998 0.328565 0.311062 0.297796 0.289263 0.286611 0.285192 0.280587 0.279883 0.281573 0.280961 0.280927 0.281561 0.281980 -9999.0 -9999.0
-9999.0 0.269466 0.273267 0.276529 0.279686 0.277852 0.293627 0.304877 0.307111 0.299498 0.325460 0.370000 0.370000 0.370000 0.370000 0.370000 0.370000 0.370000 0.370000 0.370000 0.370000 0.370000 0.370000 0.370000 0.370000 0.370000 0.370000 0.370000 0.370000 0.370000 0.370000 0.370000 0.370000 0.370000 0.370000 0.370000 0.370000 0.370000 0.370000 0.370000 0.370000 0.370000 0.370000 0.370000 0.370000 0.370000 0.370000 0.370000 0.370000 0.370000 0.370000 0.370000 0.370000 0.370000 0.370000 0.370000 0.370000 0.370000 0.370000 0.370000 0.370000 0.370000 0.370000 0.370000 0.370000 0.370000 0.370000 0.352411 0.323453 0.312390 0.300030 0.291432 0.285117 0.284766 0.281494 0.281945 -9999.0 -9999.0 -9999.0 -9999.0
-9999.0 0.269388 0.272928 0.279489 0.292966 0.314317 0.370000 0.370000 0.370000 0.370000 0.370000 0.370000 0.370000 0.370000 0.370000 0.370000 0.370000 0.370000 0.370000 0.370000 0.370000 0.370000 0.370000 0.370000 0.370000 0.370000 0.370000 0.370000 0.370000 0.370000 0.370000 0.370000 0.370000 0.370000 0.370000 0.361476 0.330704 0.328593 0.325036 0.317543 0.314188 0.311337 0.315092 0.314151 0.313723 0.315530 0.320268 0.323577 0.336619 0.362104 0.370000 0.370000 0.370000 0.370000 0.370000 0.370000 0.370000 0.370000 0.370000 0.370000 0.370000 0.370000 0.370000 0.370000 0.370000 0.370000 0.370000 0.370000 0.370000 0.370000 0.368431 0.328937 0.310624 0.293555 0.289803 -9999.0 -9999.0 -9999.0 -9999.0 -9999.0
-9999.0 0.263162 0.273432 0.278508 0.304795 0.369999 0.370000 0.370000 0.370000 0.370000 0.370000 0.370000 0.370000 0.370000 0.370000 0.370000 0.370000 0.370000 0.370000 0.370000 0.370000 0.370000 0.370000 0.370000 0.370000 0.370000 0.370000 0.370000 0.370000 0.370000 0.348123 0.335231 0.316210 0.304269 0.296895 0.288242 0.282277 0.282742 0.285194 0.283502 0.281762 0.279490 0.282097 0.283050 0.284161 0.282528 0.282504 0.285465 0.290218 0.295080 0.306048 0.317103 0.328031 0.355539 0.370000 0.370000 0.370000 0.370000 0.370000 0.370000 0.370000 0.370000 0.370000 0.370000 0.370000 0.370000 0.370000 0.370000 0.370000 0.370000 0.370000 0.370000 0.370000 -9999.0 -9999.0 -9999.0 -9999.0 -9999.0 -9999.0 -9999.0
-9999.0 0.259822 0.271282 0.271827 0.281639 0.301354 0.330599 0.369999 0.370000 0.370000 0.370000 0.370000 0.370000 0.370000 0.370000 0.370000 0.370000 0.370000 0.370000 0.370000 0.370000 0.359817 0.356908 0.351622 0.337225 0.331129 0.328027 0.322161 0.314482 0.304864 0.289203 0.283305 0.279298 0.278498 0.277789 0.276864 0.274084 0.276005 0.277253 0.276991 0.276118 0.275316 0.277451 0.277920 0.278525 0.276279 0.277569 0.278225 0.280175 0.281884 0.284494 0.288613 0.294403 0.298402 0.304388 0.311536 0.320736 0.344658 0.370000 0.370000 0.370000 0.370000 0.370000 0.370000 0.370000 0.370000 0.370000 0.370000 0.370000 0.370000 0.370000 -9999.0 -9999.0 -9999.0 -9999.0 -9999.0 -9999.0 -9999.0 -9999.0 -9999.0
-9999.0 -9999.0 0.257368 0.261813 0.265488 0.268677 0.273158 0.280591 0.284384 0.290314 0.298217 0.306671 0.311738 0.314141 0.310781 0.303586 0.299555 0.300152 0.299004 0.296735 0.291330 0.288010 0.287189 0.286653 0.285018 0.284445 0.284322 0.284001 0.283087 0.280264 0.277972 0.276557 0.274488 0.275140 0.274996 0.274197 0.275261 0.275023 0.275232 0.275051 0.275269 0.275647 0.275950 0.276478 0.276336 0.276476 0.276526 0.276963 0.277585 0.278290 0.280148 0.283140 0.285259 0.285585 0.283963 0.284357 0.286005 0.290080 0.307807 0.331733 0.369999 0.370000 0.370000 0.370000 0.370000 0.370000 0.370000 0.370000 0.370000 0.370000 -9999.0 -9999.0 -9999.0 -9999.0 -9999.0 -9999.0 -9999.0 -9999.0 -9999.0 -9999.0
-9999.0 -9999.0 -9999.0 -9999.0 0.255282 0.261676 0.267666 0.266712 0.270690 0.272589 0.274024 0.275795 0.277196 0.278276 0.276530 0.276435 0.276316 0.276730 0.276479 0.276104 0.276020 0.275842 0.275724 0.275385 0.275644 0.276093 0.276279 0.275684 0.276013 0.274923 0.275180 0.274744 0.274276 0.273489 0.273853 0.273814 0.274303 0.273820 0.274530 0.274000 0.274463 0.274570 0.275029 0.275877 0.275246 0.275735 0.275608 0.276158 0.275924 0.277133 0.279216 0.281618 0.283174 0.282923 0.280289 0.279451 0.278643 0.280008 0.281921 0.286882 0.304082 0.319076 0.344458 0.370000 0.370000 0.370000 0.370000 0.370000 -9999.0 -9999.0 -9999.0 -9999.0 -9999.0 -9999.0 -9999.0 -9999.0 -9999.0 -9999.0 -9999.0 -9999.0
-9999.0 -9999.0 -9999.0 -9999.0 -9999.0 -9999.0 0.258242 0.261480 0.260300 0.262564 0.264453 0.265770 0.268008 0.267437 0.268132 0.270152 0.269911 0.269029 0.267851 0.269667 0.270455 0.270706 0.268801 0.269435 0.269639 0.270375 0.270297 0.270729 0.269117 0.271275 0.272371 0.272168 0.271985 0.272514 0.272123 0.273442 0.273600 0.272572 0.272222 0.273634 0.273934 0.273587 0.273684 0.274435 0.275658 0.275714 0.274976 0.273871 0.274837 0.277186 0.279481 0.281277 0.282407 0.282995 0.281051 0.278149 0.276651 0.276166 0.276887 0.278256 0.282849 0.285581 0.287926 0.294276 0.299139 0.319550 -9999.0 -9999.0 -9999.0 -9999.0 -9999.0 -9999.0 -9999.0 -9999.0 -9999.0 -9999.0 -9999.0 -9999.0 -9999.0 -9999.0
-9999.0 -9999.0 -9999.0 -9999.0 -9999.0 -9999.0 -9999.0 -9999.0 -9999.0 -9999.0 -9999.0 -9999.0 -9999.0 -9999.0 -9999.0 -9999.0 -9999.0 -9999.0 -9999.0 -9999.0 -9999.0 -9999.0 -9999.0 -9999.0 -9999.0 -9999.0 -9999.0 -9999.0 -9999.0 -9999.0 -9999.0 -9999.0 -9999.0 -9999.0 -9999.0 -9999.0 -9999.0 -9999.0 -9999.0 -9999.0 -9999.0 -9999.0 -9999.0 -9999.0 -9999.0 -9999.0 -9999.0 -9999.0 -9999.0 -9999.0 -9999.0 -9999.0 -9999.0 -9999.0 -9999.0 -9999.0 -9999.0 -9999.0 -9999.0 -9999.0 -9999.0 -9999.0 -9999.0 -9999.0 -9999.0 -9999.0 -9999.0 -9999.0 -9999.0 -9999.0 -9999.0 -9999.0 -9999.0 -9999.0 -9999.0 -9999.0 -9999.0 -9999.0 -9999.0 -9999.0
-9999.0 -9999.0 -9999.0 -9999.0 -9999.0 -9999.0 -9999.0 -9999.0 -9999.0 -9999.0 -9999.0 -9999.0 -9999.0 -9999.0 -9999.0 -9999.0 -9999.0 -9999.0 -9999.0 -9999.0 -9999.0 -9999.0 -9999.0 -9999.0 -9999.0 -9999.0 -9999.0 -9999.0 -9999.0 -9999.0 -9999.0 -9999.0 -9999.0 -9999.0 -9999.0 -9999.0 -9999.0 -9999.0 -9999.0 -9999.0 -9999.0 -9999.0 -9999.0 -9999.0 -9999.0 -9999.0 -9999.0 -9999.0 -9999.0 -9999.0 -9999.0 -9999.0 -9999.0 -9999.0 -9999.0 -9999.0 -9999.0 -9999.0 -9999.0 -9999.0 -9999.0 -9999.0 -9999.0 -9999.0 -9999.0 -9999.0 -9999.0 -9999.0 -9999.0 -9999.0 -9999.0 -9999.0 -9999.0 -9999.0 -9999.0 -9999.0 -9999.0 -9999.0 -9999.0 -9999.0