Borden_/Borden1m_014/output_maps/thetaliqL0004N0021.asc
ncols         80
nrows         18
xllcorner     620200.000000
yllcorner     5168000.000000
cellsize      1.000000
NODATA_value  -9999.0
-9999.0 -9999.0 -9999.0 -9999.0 -9999.0 -9999.0 -9999.0 -9999.0 -9999.0 -9999.0 -9999.0 -9999.0 -9999.0 -9999.0 -9999.0 -9999.0 -9999.0 -9999.0 -9999.0 -9999.0 -9999.0 -9999.0 -9999.0 -9999.0 -9999.0 -9999.0 -9999.0 -9999.0 -9999.0 -9999.0 -9999.0 -9999.0 -9999.0 -9999.0 -9999.0 -9999.0 -9999.0 -9999.0 -9999.0 -9999.0 -9999.0 -9999.0 -9999.0 -9999.0 -9999.0 -9999.0 -9999.0 -9999.0 -9999.0 -9999.0 -9999.0 -9999.0 -9999.0 -9999.0 -9999.0 -9999.0 -9999.0 -9999.0 -9999.0 -9999.0 -9999.0 -9999.0 -9999.0 -9999.0 -9999.0 -9999.0 -9999.0 -9999.0 -9999.0 -9999.0 -9999.0 -9999.0 -9999.0 -9999.0 -9999.0 -9999.0 -9999.0 -9999.0 -9999.0 -9999.0
-9999.0 -9999.0 -9999.0 -9999.0 -9999.0 -9999.0 -9999.0 -9999.0 -9999.0 -9999.0 -9999.0 -9999.0 -9999.0 -9999.0 -9999.0 -9999.0 -9999.0 -9999.0 -9999.0 -9999.0 -9999.0 -9999.0 -9999.0 -9999.0 -9999.0 -9999.0 -9999.0 -9999.0 -9999.0 -9999.0 -9999.0 -9999.0 -9999.0 -9999.0 -9999.0 -9999.0 -9999.0 -9999.0 -9999.0 -9999.0 -9999.0 -9999.0 -9999.0 -9999.0 -9999.0 -9999.0 -9999.0 -9999.0 -9999.0 -9999.0 -9999.0 -9999.0 -9999.0 -9999.0 -9999.0 -9999.0 -9999.0 -9999.0 -9999.0 -9999.0 -9999.0 -9999.0 -9999.0 -9999.0 -9999.0 -9999.0 -9999.0 -9999.0 -9999.0 -9999.0 -9999.0 -9999.0 -9999.0 -9999.0 -9999.0 -9999.0 -9999.0 -9999.0 -9999.0 -9999.0
-9999.0 -9999.0 -9999.0 -9999.0 -9999.0 -9999.0 -9999.0 -9999.0 -9999.0 -9999.0 -9999.0 -9999.0 -9999.0 -9999.0 -9999.0 -9999.0 -9999.0 -9999.0 -9999.0 -9999.0 0.173275 0.175029 0.170565 0.165408 0.161267 0.160887 0.165583 0.171381 0.178132 0.179639 0.174584 0.175655 0.173780 0.172811 0.172835 0.174252 0.174953 0.177147 0.178619 0.178092 0.176491 0.175307 0.174445 0.174870 0.176548 0.174148 0.177692 0.181373 0.182761 0.182472 0.177227 0.174956 0.174047 0.170258 0.177170 0.179534 0.185195 0.185922 0.186678 0.180285 0.174091 -9999.0 -9999.0 -9999.0 -9999.0 -9999.0 -9999.0 -9999.0 -9999.0 -9999.0 -9999.0 -9999.0 -9999.0 -9999.0 -9999.0 -9999.0 -9999.0 -9999.0 -9999.0 -9999.0
-9999.0 -9999.0 -9999.0 -9999.0 -9999.0 -9999.0 -9999.0 -9999.0 -9999.0 -9999.0 -9999.0 -9999.0 -9999.0 -9999.0 0.163900 0.161769 0.160812 0.160428 0.164641 0.168221 0.168745 0.166475 0.168072 0.163450 0.159495 0.161867 0.165656 0.169185 0.174705 0.178849 0.175251 0.174374 0.176425 0.183511 0.186911 0.185521 0.177663 0.185218 0.189493 0.192222 0.191845 0.188173 0.193425 0.199651 0.196574 0.190032 0.191431 0.195307 0.201363 0.197651 0.177129 0.174452 0.175166 0.175230 0.172510 0.170737 0.177809 0.177073 0.175741 0.173886 0.169198 0.162354 0.159501 0.166227 0.172978 0.186568 -9999.0 -9999.0 -9999.0 -9999.0 -9999.0 -9999.0 -9999.0 -9999.0 -9999.0 -9999.0 -9999.0 -9999.0 -9999.0 -9999.0
-9999.0 -9999.0 -9999.0 -9999.0 -9999.0 -9999.0 -9999.0 -9999.0 -9999.0 0.159630 0.159187 0.159821 0.158607 0.160530 0.157724 0.158483 0.158109 0.160995 0.163677 0.168065 0.173593 0.169880 0.169420 0.172150 0.172611 0.174032 0.177043 0.186856 0.198542 0.215876 0.201540 0.200767 0.208727 0.237280 0.262495 0.269056 0.257224 0.257448 0.272816 0.289384 0.288566 0.287084 0.303122 0.311873 0.317444 0.304713 0.291573 0.289380 0.307996 0.274002 0.236751 0.205372 0.207397 0.196113 0.183843 0.179128 0.177766 0.185934 0.182490 0.174396 0.167945 0.169127 0.165825 0.169171 0.172035 0.182476 0.192396 0.201938 0.202381 0.196409 -9999.0 -9999.0 -9999.0 -9999.0 -9999.0 -9999.0 -9999.0 -9999.0 -9999.0 -9999.0
-9999.0 -9999.0 -9999.0 -9999.0 -9999.0 -9999.0 0.155233 0.155124 0.156415 0.153141 0.155819 0.154278 0.156296 0.157366 0.158913 0.159280 0.162925 0.166493 0.172525 0.180735 0.188439 0.184971 0.187044 0.197789 0.218389 0.238120 0.250641 0.271557 0.323698 0.352989 0.360179 0.363092 0.366447 0.368005 0.369399 0.369948 0.369314 0.368885 0.369189 0.369713 0.369990 0.369991 0.369994 0.369996 0.370000 0.369999 0.369753 0.369461 0.369365 0.369256 0.368284 0.365955 0.347111 0.311431 0.261174 0.228231 0.222408 0.228745 0.214571 0.195122 0.183537 0.182983 0.180580 0.176809 0.178697 0.183188 0.189924 0.194084 0.190805 0.186145 0.182315 0.175581 0.176526 0.183000 -9999.0 -9999.0 -9999.0 -9999.0 -9999.0 -9999.0
-9999.0 -9999.0 -9999.0 -9999.0 0.149675 0.151279 0.146711 0.149427 0.151709 0.153604 0.154021 0.157285 0.158537 0.161163 0.166538 0.171156 0.179259 0.185968 0.203398 0.238486 0.270908 0.288308 0.297122 0.345479 0.366513 0.368423 0.368773 0.369220 0.369782 0.370000 0.370000 0.370000 0.370000 0.370000 0.370000 0.370000 0.370000 0.370000 0.370000 0.370000 0.370000 0.370000 0.370000 0.370000 0.370000 0.370000 0.370000 0.370000 0.370000 0.370000 0.370000 0.370000 0.369943 0.369730 0.369488 0.368843 0.366776 0.363462 0.330745 0.292068 0.249124 0.232207 0.215996 0.206972 0.195673 0.197592 0.200513 0.194576 0.186681 0.179387 0.177988 0.174782 0.171740 0.179794 0.183156 0.192430 -9999.0 -9999.0 -9999.0 -9999.0
-9999.0 -9999.0 0.148933 0.149403 0.154057 0.151587 0.150015 0.147924 0.149109 0.153771 0.162999 0.167890 0.175070 0.179596 0.196503 0.238059 0.282620 0.313217 0.356515 0.367247 0.368943 0.369569 0.369982 0.369999 0.370000 0.370000 0.370000 0.370000 0.370000 0.370000 0.370000 0.370000 0.370000 0.370000 0.370000 0.370000 0.370000 0.370000 0.370000 0.370000 0.370000 0.370000 0.370000 0.370000 0.370000 0.370000 0.370000 0.370000 0.370000 0.370000 0.370000 0.370000 0.370000 0.370000 0.370000 0.370000 0.370000 0.369967 0.369853 0.369509 0.368011 0.365873 0.344805 0.302739 0.264659 0.244766 0.222442 0.207600 0.193884 0.181770 0.177795 0.175313 0.176526 0.175693 0.180094 0.183707 0.188706 0.190770 -9999.0 -9999.0
-9999.0 0.147018 0.146084 0.154323 0.156640 0.158897 0.161523 0.163859 0.166699 0.164560 0.191598 0.244220 0.293042 0.308959 0.350562 0.367971 0.369980 0.369998 0.370000 0.370000 0.370000 0.370000 0.370000 0.370000 0.370000 0.370000 0.370000 0.370000 0.370000 0.370000 0.370000 0.370000 0.370000 0.370000 0.370000 0.370000 0.370000 0.370000 0.370000 0.370000 0.370000 0.370000 0.370000 0.370000 0.370000 0.370000 0.370000 0.370000 0.370000 0.370000 0.370000 0.370000 0.370000 0.370000 0.370000 0.370000 0.370000 0.370000 0.370000 0.370000 0.369999 0.369962 0.369674 0.368575 0.366257 0.342221 0.292306 0.255365 0.222986 0.209396 0.200656 0.184333 0.179861 0.182760 0.180668 0.180389 0.182375 0.184006 -9999.0 -9999.0
-9999.0 0.139973 0.146925 0.156496 0.170187 0.174016 0.218928 0.261585 0.273617 0.255789 0.331120 0.369981 0.370000 0.370000 0.370000 0.370000 0.370000 0.370000 0.370000 0.370000 0.370000 0.370000 0.370000 0.370000 0.370000 0.370000 0.370000 0.370000 0.370000 0.370000 0.370000 0.370000 0.370000 0.370000 0.370000 0.370000 0.370000 0.369979 0.369836 0.369586 0.369426 0.369669 0.369558 0.369312 0.369247 0.369567 0.369849 0.369828 0.369886 0.369968 0.369998 0.370000 0.370000 0.370000 0.370000 0.370000 0.370000 0.370000 0.370000 0.370000 0.370000 0.370000 0.370000 0.369998 0.369910 0.369056 0.367504 0.364794 0.329596 0.293862 0.260729 0.228915 0.204462 0.198261 0.186315 0.183615 -9999.0 -9999.0 -9999.0 -9999.0
-9999.0 0.139076 0.145940 0.163918 0.217441 0.287444 0.366542 0.369840 0.370000 0.370000 0.370000 0.370000 0.370000 0.370000 0.370000 0.370000 0.370000 0.370000 0.370000 0.370000 0.370000 0.370000 0.370000 0.370000 0.370000 0.370000 0.370000 0.370000 0.370000 0.369998 0.369985 0.369956 0.369815 0.368629 0.367672 0.366457 0.349003 0.341338 0.331699 0.309765 0.298036 0.289722 0.300715 0.298242 0.297358 0.303626 0.318841 0.330515 0.357005 0.366206 0.367851 0.369090 0.369606 0.369929 0.369995 0.370000 0.370000 0.370000 0.370000 0.370000 0.370000 0.370000 0.370000 0.370000 0.370000 0.369998 0.369973 0.369740 0.368714 0.367228 0.365163 0.342232 0.287458 0.234660 0.217759 -9999.0 -9999.0 -9999.0 -9999.0 -9999.0
-9999.0 0.129815 0.145154 0.159912 0.247944 0.367077 0.369699 0.370000 0.370000 0.370000 0.370000 0.370000 0.370000 0.370000 0.370000 0.370000 0.370000 0.370000 0.370000 0.370000 0.370000 0.369999 0.369998 0.369995 0.369972 0.369919 0.369849 0.369700 0.368976 0.367922 0.363887 0.352905 0.304016 0.261019 0.235132 0.212186 0.191515 0.191895 0.198448 0.192684 0.186293 0.180075 0.187831 0.191789 0.195339 0.191159 0.192711 0.204054 0.223209 0.243391 0.273106 0.309616 0.344027 0.365896 0.367494 0.368906 0.369611 0.369941 0.370000 0.370000 0.370000 0.370000 0.370000 0.370000 0.370000 0.370000 0.370000 0.370000 0.369983 0.369781 0.369477 0.368758 0.367078 -9999.0 -9999.0 -9999.0 -9999.0 -9999.0 -9999.0 -9999.0
-9999.0 0.125430 0.140583 0.143788 0.169937 0.238396 0.330830 0.367340 0.369974 0.368934 0.368627 0.369119 0.369510 0.369718 0.369491 0.369012 0.368532 0.368660 0.368723 0.368184 0.367354 0.366834 0.366722 0.365591 0.356616 0.346874 0.339225 0.322731 0.297013 0.263379 0.217243 0.193674 0.177890 0.172234 0.168147 0.164042 0.157358 0.160802 0.163659 0.162945 0.160826 0.159372 0.164494 0.166614 0.168336 0.163915 0.167299 0.170835 0.178555 0.187064 0.199454 0.217859 0.241076 0.257102 0.268824 0.290593 0.322195 0.362052 0.368214 0.369840 0.369997 0.370000 0.370000 0.370000 0.370000 0.370000 0.370000 0.370000 0.370000 0.369997 0.369955 -9999.0 -9999.0 -9999.0 -9999.0 -9999.0 -9999.0 -9999.0 -9999.0 -9999.0
-9999.0 -9999.0 0.122365 0.128117 0.133483 0.140328 0.151172 0.166289 0.180708 0.201201 0.231531 0.264721 0.285086 0.293987 0.282092 0.256924 0.241650 0.242526 0.238285 0.229962 0.215814 0.210886 0.207475 0.204755 0.199019 0.196558 0.195430 0.193007 0.187823 0.177058 0.168034 0.161863 0.155721 0.155477 0.154371 0.152414 0.153816 0.153426 0.153975 0.153769 0.154280 0.155267 0.156558 0.158294 0.158548 0.159091 0.159830 0.161856 0.165054 0.169549 0.178036 0.190677 0.200847 0.203479 0.198578 0.200068 0.207200 0.224788 0.277546 0.346179 0.367151 0.369225 0.369936 0.369997 0.370000 0.370000 0.370000 0.370000 0.370000 0.370000 -9999.0 -9999.0 -9999.0 -9999.0 -9999.0 -9999.0 -9999.0 -9999.0 -9999.0 -9999.0
-9999.0 -9999.0 -9999.0 -9999.0 0.119889 0.127940 0.136048 0.135548 0.142471 0.147569 0.152823 0.159307 0.165015 0.168564 0.164828 0.163976 0.163063 0.163420 0.162443 0.161476 0.160983 0.160263 0.159421 0.158496 0.158830 0.159691 0.159863 0.158289 0.157939 0.155098 0.154484 0.152627 0.150882 0.149057 0.149277 0.149095 0.149793 0.148998 0.150203 0.149621 0.150631 0.151179 0.152500 0.154609 0.154154 0.155373 0.155566 0.157232 0.158347 0.163288 0.171522 0.181512 0.188631 0.188492 0.180182 0.176492 0.174639 0.180018 0.190048 0.211965 0.265949 0.316753 0.362474 0.367422 0.368547 0.369491 0.369968 0.370000 -9999.0 -9999.0 -9999.0 -9999.0 -9999.0 -9999.0 -9999.0 -9999.0 -9999.0 -9999.0 -9999.0 -9999.0
-9999.0 -9999.0 -9999.0 -9999.0 -9999.0 -9999.0 0.123263 0.127451 0.126281 0.129931 0.133489 0.136467 0.140805 0.140647 0.142034 0.145367 0.144919 0.143271 0.141278 0.144137 0.145490 0.145704 0.142447 0.143280 0.143656 0.144884 0.144760 0.145214 0.142495 0.145637 0.147149 0.146405 0.145683 0.146183 0.145471 0.147460 0.147699 0.146073 0.145619 0.148026 0.148826 0.148616 0.149243 0.151121 0.153781 0.154323 0.153297 0.151938 0.154888 0.161885 0.170542 0.178821 0.184458 0.186136 0.178915 0.169739 0.165316 0.164942 0.169000 0.177095 0.196362 0.211006 0.223101 0.237388 0.255007 0.322697 -9999.0 -9999.0 -9999.0 -9999.0 -9999.0 -9999.0 -9999.0 -9999.0 -9999.0 -9999.0 -9999.0 -9999.0 -9999.0 -9999.0
-9999.0 -9999.0 -9999.0 -9999.0 -9999.0 -9999.0 -9999.0 -9999.0 -9999.0 -9999.0 -9999.0 -9999.0 -9999.0 -9999.0 -9999.0 -9999.0 -9999.0 -9999.0 -9999.0 -9999.0 -9999.0 -9999.0 -9999.0 -9999.0 -9999.0 -9999.0 -9999.0 -9999.0 -9999.0 -9999.0 -9999.0 -9999.0 -9999.0 -9999.0 -9999.0 -9999.0 -9999.0 -9999.0 -9999.0 -9999.0 -9999.0 -9999.0 -9999.0 -9999.0 -9999.0 -9999.0 -9999.0 -9999.0 -9999.0 -9999.0 -9999.0 -9999.0 -9999.0 -9999.0 -9999.0 -9999.0 -9999.0 -9999.0 -9999.0 -9999.0 -9999.0 -9999.0 -9999.0 -9999.0 -9999.0 -9999.0 -9999.0 -9999.0 -9999.0 -9999.0 -9999.0 -9999.0 -9999.0 -9999.0 -9999.0 -9999.0 -9999.0 -9999.0 -9999.0 -9999.0
-9999.0 -9999.0 -9999.0 -9999.0 -9999.0 -9999.0 -9999.0 -9999.0 -9999.0 -9999.0 -9999.0 -9999.0 -9999.0 -9999.0 -9999.0 -9999.0 -9999.0 -9999.0 -9999.0 -9999.0 -9999.0 -9999.0 -9999.0 -9999.0 -9999.0 -9999.0 -9999.0 -9999.0 -9999.0 -9999.0 -9999.0 -9999.0 -9999.0 -9999.0 -9999.0 -9999.0 -9999.0 -9999.0 -9999.0 -9999.0 -9999.0 -9999.0 -9999.0 -9999.0 -9999.0 -9999.0 -9999.0 -9999.0 -9999.0 -9999.0 -9999.0 -9999.0 -9999.0 -9999.0 -9999.0 -9999.0 -9999.0 -9999.0 -9999.0 -9999.0 -9999.0 -9999.0 -9999.0 -9999.0 -9999.0 -9999.0 -9999.0 -9999.0 -9999.0 -9999.0 -9999.0 -9999.0 -9999.0 -9999.0 -9999.0 -9999.0 -9999.0 -9999.0 -9999.0 -9999.0