Borden_/Borden1m_014/output_maps/thetaliqL0006N0021.asc
ncols         80
nrows         18
xllcorner     620200.000000
yllcorner     5168000.000000
cellsize      1.000000
NODATA_value  -9999.0
-9999.0 -9999.0 -9999.0 -9999.0 -9999.0 -9999.0 -9999.0 -9999.0 -9999.0 -9999.0 -9999.0 -9999.0 -9999.0 -9999.0 -9999.0 -9999.0 -9999.0 -9999.0 -9999.0 -9999.0 -9999.0 -9999.0 -9999.0 -9999.0 -9999.0 -9999.0 -9999.0 -9999.0 -9999.0 -9999.0 -9999.0 -9999.0 -9999.0 -9999.0 -9999.0 -9999.0 -9999.0 -9999.0 -9999.0 -9999.0 -9999.0 -9999.0 -9999.0 -9999.0 -9999.0 -9999.0 -9999.0 -9999.0 -9999.0 -9999.0 -9999.0 -9999.0 -9999.0 -9999.0 -9999.0 -9999.0 -9999.0 -9999.0 -9999.0 -9999.0 -9999.0 -9999.0 -9999.0 -9999.0 -9999.0 -9999.0 -9999.0 -9999.0 -9999.0 -9999.0 -9999.0 -9999.0 -9999.0 -9999.0 -9999.0 -9999.0 -9999.0 -9999.0 -9999.0 -9999.0
-9999.0 -9999.0 -9999.0 -9999.0 -9999.0 -9999.0 -9999.0 -9999.0 -9999.0 -9999.0 -9999.0 -9999.0 -9999.0 -9999.0 -9999.0 -9999.0 -9999.0 -9999.0 -9999.0 -9999.0 -9999.0 -9999.0 -9999.0 -9999.0 -9999.0 -9999.0 -9999.0 -9999.0 -9999.0 -9999.0 -9999.0 -9999.0 -9999.0 -9999.0 -9999.0 -9999.0 -9999.0 -9999.0 -9999.0 -9999.0 -9999.0 -9999.0 -9999.0 -9999.0 -9999.0 -9999.0 -9999.0 -9999.0 -9999.0 -9999.0 -9999.0 -9999.0 -9999.0 -9999.0 -9999.0 -9999.0 -9999.0 -9999.0 -9999.0 -9999.0 -9999.0 -9999.0 -9999.0 -9999.0 -9999.0 -9999.0 -9999.0 -9999.0 -9999.0 -9999.0 -9999.0 -9999.0 -9999.0 -9999.0 -9999.0 -9999.0 -9999.0 -9999.0 -9999.0 -9999.0
-9999.0 -9999.0 -9999.0 -9999.0 -9999.0 -9999.0 -9999.0 -9999.0 -9999.0 -9999.0 -9999.0 -9999.0 -9999.0 -9999.0 -9999.0 -9999.0 -9999.0 -9999.0 -9999.0 -9999.0 0.153451 0.155060 0.143641 0.129314 0.119429 0.119860 0.132033 0.149939 0.170314 0.176672 0.165519 0.165988 0.162778 0.162710 0.164397 0.167653 0.168932 0.176028 0.181451 0.181274 0.177240 0.173505 0.172385 0.174630 0.177727 0.172598 0.181148 0.191631 0.196470 0.193019 0.175029 0.165633 0.161365 0.153974 0.167838 0.175936 0.191556 0.194945 0.194511 0.176628 0.159041 -9999.0 -9999.0 -9999.0 -9999.0 -9999.0 -9999.0 -9999.0 -9999.0 -9999.0 -9999.0 -9999.0 -9999.0 -9999.0 -9999.0 -9999.0 -9999.0 -9999.0 -9999.0 -9999.0
-9999.0 -9999.0 -9999.0 -9999.0 -9999.0 -9999.0 -9999.0 -9999.0 -9999.0 -9999.0 -9999.0 -9999.0 -9999.0 -9999.0 0.117646 0.114537 0.113551 0.115832 0.126587 0.138125 0.143698 0.140076 0.139837 0.130022 0.122711 0.127416 0.138701 0.153119 0.171840 0.184704 0.175975 0.173970 0.180638 0.200137 0.211522 0.209398 0.193329 0.209828 0.222654 0.230595 0.229662 0.222578 0.234839 0.248537 0.243050 0.228427 0.230739 0.240251 0.252967 0.240113 0.189893 0.175828 0.174518 0.170966 0.163715 0.160328 0.175205 0.176353 0.171652 0.161571 0.145356 0.127274 0.121376 0.135661 0.157018 0.193443 -9999.0 -9999.0 -9999.0 -9999.0 -9999.0 -9999.0 -9999.0 -9999.0 -9999.0 -9999.0 -9999.0 -9999.0 -9999.0 -9999.0
-9999.0 -9999.0 -9999.0 -9999.0 -9999.0 -9999.0 -9999.0 -9999.0 -9999.0 0.103546 0.104185 0.105639 0.105892 0.109485 0.108996 0.110586 0.112583 0.119901 0.130430 0.145001 0.159396 0.153584 0.153376 0.159813 0.163865 0.171307 0.184079 0.212953 0.247328 0.282213 0.259113 0.257685 0.275296 0.317620 0.342651 0.347815 0.338800 0.339901 0.351350 0.359693 0.359747 0.359366 0.364810 0.366826 0.367628 0.365131 0.360971 0.360258 0.365489 0.351982 0.316238 0.269086 0.267361 0.240429 0.206829 0.190168 0.188279 0.204866 0.194251 0.170132 0.150402 0.146371 0.139243 0.146870 0.158894 0.188386 0.216965 0.240336 0.241232 0.227686 -9999.0 -9999.0 -9999.0 -9999.0 -9999.0 -9999.0 -9999.0 -9999.0 -9999.0 -9999.0
-9999.0 -9999.0 -9999.0 -9999.0 -9999.0 -9999.0 0.090589 0.091671 0.094414 0.095251 0.099240 0.100557 0.104618 0.108946 0.114021 0.118805 0.129099 0.142022 0.162714 0.190288 0.213926 0.210532 0.218003 0.247090 0.287416 0.315805 0.331972 0.350980 0.368421 0.369893 0.369972 0.369989 0.369998 0.370000 0.370000 0.370000 0.370000 0.370000 0.370000 0.370000 0.370000 0.370000 0.370000 0.370000 0.370000 0.370000 0.370000 0.370000 0.370000 0.370000 0.370000 0.369996 0.369768 0.366587 0.342353 0.303771 0.298226 0.307053 0.281706 0.237477 0.203761 0.196419 0.186818 0.177837 0.181739 0.195697 0.213942 0.223599 0.214752 0.200097 0.184432 0.166768 0.168040 0.184385 -9999.0 -9999.0 -9999.0 -9999.0 -9999.0 -9999.0
-9999.0 -9999.0 -9999.0 -9999.0 0.085131 0.086299 0.085140 0.087436 0.091178 0.095894 0.101596 0.109777 0.116878 0.126142 0.142703 0.162087 0.189213 0.214347 0.260540 0.318551 0.349273 0.359166 0.363509 0.369731 0.369998 0.370000 0.370000 0.370000 0.370000 0.370000 0.370000 0.370000 0.370000 0.370000 0.370000 0.370000 0.370000 0.370000 0.370000 0.370000 0.370000 0.370000 0.370000 0.370000 0.370000 0.370000 0.370000 0.370000 0.370000 0.370000 0.370000 0.370000 0.370000 0.370000 0.370000 0.370000 0.369999 0.369987 0.369090 0.361159 0.332659 0.312895 0.286025 0.264121 0.238638 0.239685 0.242861 0.227973 0.205588 0.183880 0.174887 0.164231 0.159071 0.177084 0.189148 0.212115 -9999.0 -9999.0 -9999.0 -9999.0
-9999.0 -9999.0 0.080537 0.084472 0.090421 0.091457 0.091742 0.092285 0.096145 0.105579 0.128262 0.150855 0.176299 0.195859 0.243187 0.315484 0.355871 0.367106 0.369925 0.370000 0.370000 0.370000 0.370000 0.370000 0.370000 0.370000 0.370000 0.370000 0.370000 0.370000 0.370000 0.370000 0.370000 0.370000 0.370000 0.370000 0.370000 0.370000 0.370000 0.370000 0.370000 0.370000 0.370000 0.370000 0.370000 0.370000 0.370000 0.370000 0.370000 0.370000 0.370000 0.370000 0.370000 0.370000 0.370000 0.370000 0.370000 0.370000 0.370000 0.370000 0.370000 0.369996 0.369705 0.365062 0.347650 0.328004 0.295803 0.264476 0.229082 0.196085 0.181111 0.170257 0.169621 0.170676 0.181245 0.192307 0.203749 0.209779 -9999.0 -9999.0
-9999.0 0.075506 0.078989 0.090168 0.102834 0.113315 0.126173 0.137616 0.147667 0.153147 0.225725 0.317858 0.359868 0.366126 0.369823 0.370000 0.370000 0.370000 0.370000 0.370000 0.370000 0.370000 0.370000 0.370000 0.370000 0.370000 0.370000 0.370000 0.370000 0.370000 0.370000 0.370000 0.370000 0.370000 0.370000 0.370000 0.370000 0.370000 0.370000 0.370000 0.370000 0.370000 0.370000 0.370000 0.370000 0.370000 0.370000 0.370000 0.370000 0.370000 0.370000 0.370000 0.370000 0.370000 0.370000 0.370000 0.370000 0.370000 0.370000 0.370000 0.370000 0.370000 0.370000 0.370000 0.369998 0.369634 0.362358 0.340313 0.299000 0.269283 0.244833 0.204612 0.188705 0.190743 0.185025 0.183896 0.188841 0.193524 -9999.0 -9999.0
-9999.0 0.073270 0.079150 0.099548 0.143792 0.177008 0.274063 0.335090 0.347415 0.336922 0.368829 0.370000 0.370000 0.370000 0.370000 0.370000 0.370000 0.370000 0.370000 0.370000 0.370000 0.370000 0.370000 0.370000 0.370000 0.370000 0.370000 0.370000 0.370000 0.370000 0.370000 0.370000 0.370000 0.370000 0.370000 0.370000 0.370000 0.370000 0.370000 0.370000 0.370000 0.370000 0.370000 0.370000 0.370000 0.370000 0.370000 0.370000 0.370000 0.370000 0.370000 0.370000 0.370000 0.370000 0.370000 0.370000 0.370000 0.370000 0.370000 0.370000 0.370000 0.370000 0.370000 0.370000 0.370000 0.370000 0.370000 0.369990 0.368903 0.361647 0.342779 0.305069 0.258635 0.236888 0.207018 0.192088 -9999.0 -9999.0 -9999.0 -9999.0
-9999.0 0.071847 0.078462 0.115862 0.265054 0.355024 0.369998 0.370000 0.370000 0.370000 0.370000 0.370000 0.370000 0.370000 0.370000 0.370000 0.370000 0.370000 0.370000 0.370000 0.370000 0.370000 0.370000 0.370000 0.370000 0.370000 0.370000 0.370000 0.370000 0.370000 0.370000 0.370000 0.370000 0.370000 0.370000 0.369998 0.369827 0.369588 0.369049 0.366158 0.362832 0.359641 0.363472 0.363022 0.362917 0.364696 0.367723 0.369079 0.369937 0.369998 0.370000 0.370000 0.370000 0.370000 0.370000 0.370000 0.370000 0.370000 0.370000 0.370000 0.370000 0.370000 0.370000 0.370000 0.370000 0.370000 0.370000 0.370000 0.370000 0.369999 0.369991 0.369516 0.358846 0.308217 0.277458 -9999.0 -9999.0 -9999.0 -9999.0 -9999.0
-9999.0 0.069747 0.075243 0.105912 0.304505 0.369998 0.370000 0.370000 0.370000 0.370000 0.370000 0.370000 0.370000 0.370000 0.370000 0.370000 0.370000 0.370000 0.370000 0.370000 0.370000 0.370000 0.370000 0.370000 0.370000 0.370000 0.370000 0.370000 0.370000 0.370000 0.369987 0.369861 0.364657 0.341591 0.312186 0.273499 0.229224 0.227547 0.239705 0.225780 0.208672 0.194903 0.213351 0.224602 0.232808 0.225217 0.232042 0.259762 0.298361 0.328024 0.353006 0.366662 0.369721 0.369997 0.370000 0.370000 0.370000 0.370000 0.370000 0.370000 0.370000 0.370000 0.370000 0.370000 0.370000 0.370000 0.370000 0.370000 0.370000 0.370000 0.370000 0.370000 0.369999 -9999.0 -9999.0 -9999.0 -9999.0 -9999.0 -9999.0 -9999.0
-9999.0 0.068696 0.071036 0.079460 0.133756 0.294100 0.368262 0.369999 0.370000 0.370000 0.370000 0.370000 0.370000 0.370000 0.370000 0.370000 0.370000 0.370000 0.370000 0.370000 0.369999 0.369999 0.369998 0.369995 0.369933 0.369759 0.369481 0.368179 0.362411 0.343092 0.286615 0.231978 0.186067 0.163658 0.147900 0.133474 0.119558 0.123106 0.128490 0.126702 0.122243 0.120580 0.130929 0.138161 0.142455 0.136343 0.144115 0.157220 0.181507 0.209730 0.246078 0.288203 0.324266 0.342057 0.350664 0.361347 0.368473 0.369976 0.370000 0.370000 0.370000 0.370000 0.370000 0.370000 0.370000 0.370000 0.370000 0.370000 0.370000 0.370000 0.370000 -9999.0 -9999.0 -9999.0 -9999.0 -9999.0 -9999.0 -9999.0 -9999.0 -9999.0
-9999.0 -9999.0 0.068690 0.070418 0.073833 0.083611 0.104364 0.135390 0.167709 0.223540 0.294060 0.339781 0.355326 0.359788 0.354075 0.335512 0.318685 0.318678 0.312448 0.300541 0.278714 0.269677 0.262144 0.255631 0.243387 0.236862 0.232666 0.224037 0.206702 0.174772 0.145560 0.124667 0.108897 0.103383 0.099156 0.095284 0.094638 0.094493 0.095628 0.095796 0.096564 0.098502 0.102471 0.107017 0.109184 0.110733 0.113997 0.120907 0.132477 0.150026 0.178783 0.216918 0.245689 0.254106 0.245579 0.250145 0.268451 0.304811 0.355569 0.369718 0.370000 0.370000 0.370000 0.370000 0.370000 0.370000 0.370000 0.370000 0.370000 0.370000 -9999.0 -9999.0 -9999.0 -9999.0 -9999.0 -9999.0 -9999.0 -9999.0 -9999.0 -9999.0
-9999.0 -9999.0 -9999.0 -9999.0 0.069025 0.070629 0.072270 0.074484 0.079878 0.088727 0.102153 0.120362 0.138081 0.147960 0.141541 0.137527 0.133681 0.132641 0.129593 0.127138 0.124786 0.122275 0.119134 0.116934 0.116639 0.117589 0.117116 0.113578 0.109739 0.103298 0.098519 0.092912 0.088186 0.085187 0.084017 0.083392 0.083431 0.083017 0.083844 0.084366 0.085745 0.087337 0.090135 0.093964 0.095827 0.098161 0.099892 0.104033 0.110938 0.126753 0.153089 0.185010 0.207408 0.208536 0.188085 0.176352 0.173172 0.190087 0.224278 0.281466 0.348682 0.367946 0.369981 0.370000 0.370000 0.370000 0.370000 0.370000 -9999.0 -9999.0 -9999.0 -9999.0 -9999.0 -9999.0 -9999.0 -9999.0 -9999.0 -9999.0 -9999.0 -9999.0
-9999.0 -9999.0 -9999.0 -9999.0 -9999.0 -9999.0 0.068650 0.069273 0.070163 0.071990 0.074870 0.078809 0.083788 0.085807 0.087255 0.089612 0.088967 0.087159 0.085598 0.087200 0.088092 0.087619 0.084978 0.084823 0.085108 0.086048 0.085972 0.085407 0.083230 0.083822 0.083643 0.081826 0.080033 0.079141 0.078489 0.079064 0.079125 0.078434 0.078604 0.080158 0.081495 0.082519 0.084437 0.087741 0.091617 0.093557 0.093650 0.094555 0.101874 0.119413 0.146178 0.174346 0.193359 0.197258 0.176576 0.151939 0.140509 0.142237 0.157694 0.188134 0.244477 0.283321 0.308711 0.327306 0.345072 0.368651 -9999.0 -9999.0 -9999.0 -9999.0 -9999.0 -9999.0 -9999.0 -9999.0 -9999.0 -9999.0 -9999.0 -9999.0 -9999.0 -9999.0
-9999.0 -9999.0 -9999.0 -9999.0 -9999.0 -9999.0 -9999.0 -9999.0 -9999.0 -9999.0 -9999.0 -9999.0 -9999.0 -9999.0 -9999.0 -9999.0 -9999.0 -9999.0 -9999.0 -9999.0 -9999.0 -9999.0 -9999.0 -9999.0 -9999.0 -9999.0 -9999.0 -9999.0 -9999.0 -9999.0 -9999.0 -9999.0 -9999.0 -9999.0 -9999.0 -9999.0 -9999.0 -9999.0 -9999.0 -9999.0 -9999.0 -9999.0 -9999.0 -9999.0 -9999.0 -9999.0 -9999.0 -9999.0 -9999.0 -9999.0 -9999.0 -9999.0 -9999.0 -9999.0 -9999.0 -9999.0 -9999.0 -9999.0 -9999.0 -9999.0 -9999.0 -9999.0 -9999.0 -9999.0 -9999.0 -9999.0 -9999.0 -9999.0 -9999.0 -9999.0 -9999.0 -9999.0 -9999.0 -9999.0 -9999.0 -9999.0 -9999.0 -9999.0 -9999.0 -9999.0
-9999.0 -9999.0 -9999.0 -9999.0 -9999.0 -9999.0 -9999.0 -9999.0 -9999.0 -9999.0 -9999.0 -9999.0 -9999.0 -9999.0 -9999.0 -9999.0 -9999.0 -9999.0 -9999.0 -9999.0 -9999.0 -9999.0 -9999.0 -9999.0 -9999.0 -9999.0 -9999.0 -9999.0 -9999.0 -9999.0 -9999.0 -9999.0 -9999.0 -9999.0 -9999.0 -9999.0 -9999.0 -9999.0 -9999.0 -9999.0 -9999.0 -9999.0 -9999.0 -9999.0 -9999.0 -9999.0 -9999.0 -9999.0 -9999.0 -9999.0 -9999.0 -9999.0 -9999.0 -9999.0 -9999.0 -9999.0 -9999.0 -9999.0 -9999.0 -9999.0 -9999.0 -9999.0 -9999.0 -9999.0 -9999.0 -9999.0 -9999.0 -9999.0 -9999.0 -9999.0 -9999.0 -9999.0 -9999.0 -9999.0 -9999.0 -9999.0 -9999.0 -9999.0 -9999.0 -9999.0