Borden_/Borden1m_014/output_maps/thetasurfN0033.asc
ncols         80
nrows         18
xllcorner     620200.000000
yllcorner     5168000.000000
cellsize      1.000000
NODATA_value  -9999.0
-9999.0 -9999.0 -9999.0 -9999.0 -9999.0 -9999.0 -9999.0 -9999.0 -9999.0 -9999.0 -9999.0 -9999.0 -9999.0 -9999.0 -9999.0 -9999.0 -9999.0 -9999.0 -9999.0 -9999.0 -9999.0 -9999.0 -9999.0 -9999.0 -9999.0 -9999.0 -9999.0 -9999.0 -9999.0 -9999.0 -9999.0 -9999.0 -9999.0 -9999.0 -9999.0 -9999.0 -9999.0 -9999.0 -9999.0 -9999.0 -9999.0 -9999.0 -9999.0 -9999.0 -9999.0 -9999.0 -9999.0 -9999.0 -9999.0 -9999.0 -9999.0 -9999.0 -9999.0 -9999.0 -9999.0 -9999.0 -9999.0 -9999.0 -9999.0 -9999.0 -9999.0 -9999.0 -9999.0 -9999.0 -9999.0 -9999.0 -9999.0 -9999.0 -9999.0 -9999.0 -9999.0 -9999.0 -9999.0 -9999.0 -9999.0 -9999.0 -9999.0 -9999.0 -9999.0 -9999.0
-9999.0 -9999.0 -9999.0 -9999.0 -9999.0 -9999.0 -9999.0 -9999.0 -9999.0 -9999.0 -9999.0 -9999.0 -9999.0 -9999.0 -9999.0 -9999.0 -9999.0 -9999.0 -9999.0 -9999.0 -9999.0 -9999.0 -9999.0 -9999.0 -9999.0 -9999.0 -9999.0 -9999.0 -9999.0 -9999.0 -9999.0 -9999.0 -9999.0 -9999.0 -9999.0 -9999.0 -9999.0 -9999.0 -9999.0 -9999.0 -9999.0 -9999.0 -9999.0 -9999.0 -9999.0 -9999.0 -9999.0 -9999.0 -9999.0 -9999.0 -9999.0 -9999.0 -9999.0 -9999.0 -9999.0 -9999.0 -9999.0 -9999.0 -9999.0 -9999.0 -9999.0 -9999.0 -9999.0 -9999.0 -9999.0 -9999.0 -9999.0 -9999.0 -9999.0 -9999.0 -9999.0 -9999.0 -9999.0 -9999.0 -9999.0 -9999.0 -9999.0 -9999.0 -9999.0 -9999.0
-9999.0 -9999.0 -9999.0 -9999.0 -9999.0 -9999.0 -9999.0 -9999.0 -9999.0 -9999.0 -9999.0 -9999.0 -9999.0 -9999.0 -9999.0 -9999.0 -9999.0 -9999.0 -9999.0 -9999.0 0.178363 0.178940 0.177660 0.176226 0.175045 0.174905 0.176239 0.177816 0.179661 0.180066 0.178594 0.178927 0.178352 0.178062 0.178059 0.178455 0.178631 0.179240 0.179637 0.179479 0.179031 0.178703 0.178398 0.178510 0.179004 0.178348 0.179348 0.180366 0.180748 0.180708 0.179285 0.178683 0.178467 0.177352 0.179384 0.180024 0.181616 0.181787 0.182066 0.180267 0.178541 -9999.0 -9999.0 -9999.0 -9999.0 -9999.0 -9999.0 -9999.0 -9999.0 -9999.0 -9999.0 -9999.0 -9999.0 -9999.0 -9999.0 -9999.0 -9999.0 -9999.0 -9999.0 -9999.0
-9999.0 -9999.0 -9999.0 -9999.0 -9999.0 -9999.0 -9999.0 -9999.0 -9999.0 -9999.0 -9999.0 -9999.0 -9999.0 -9999.0 0.175967 0.175307 0.175005 0.174835 0.176027 0.176983 0.177050 0.176358 0.176902 0.175562 0.174408 0.175118 0.176150 0.177038 0.178509 0.179667 0.178616 0.178361 0.178947 0.181023 0.182003 0.181583 0.179206 0.181420 0.182629 0.183440 0.183342 0.182240 0.183840 0.185722 0.184780 0.182811 0.183167 0.184254 0.186116 0.185048 0.179047 0.178363 0.178637 0.178718 0.177951 0.177398 0.179450 0.179186 0.178828 0.178413 0.177183 0.175273 0.174449 0.176389 0.178222 0.182082 -9999.0 -9999.0 -9999.0 -9999.0 -9999.0 -9999.0 -9999.0 -9999.0 -9999.0 -9999.0 -9999.0 -9999.0 -9999.0 -9999.0
-9999.0 -9999.0 -9999.0 -9999.0 -9999.0 -9999.0 -9999.0 -9999.0 -9999.0 0.174860 0.174676 0.174855 0.174435 0.175003 0.174082 0.174302 0.174163 0.174960 0.175646 0.176826 0.178407 0.177263 0.177124 0.177983 0.178166 0.178540 0.179290 0.182045 0.185422 0.190873 0.186363 0.186184 0.188676 0.198463 0.208693 0.212358 0.206434 0.206357 0.213611 0.223583 0.224333 0.223513 0.235710 0.244045 0.250032 0.237295 0.225203 0.223378 0.237509 0.214171 0.198364 0.187674 0.188184 0.184694 0.181060 0.179714 0.179246 0.181686 0.180710 0.178451 0.176664 0.177174 0.176213 0.177141 0.177848 0.180763 0.183510 0.186267 0.186410 0.184648 -9999.0 -9999.0 -9999.0 -9999.0 -9999.0 -9999.0 -9999.0 -9999.0 -9999.0 -9999.0
-9999.0 -9999.0 -9999.0 -9999.0 -9999.0 -9999.0 0.173703 0.173623 0.173978 0.172878 0.173664 0.173130 0.173728 0.174006 0.174400 0.174451 0.175503 0.176449 0.178094 0.180358 0.182531 0.181477 0.182067 0.185338 0.192130 0.199011 0.203703 0.213147 0.255211 0.298702 0.314482 0.321144 0.328063 0.342252 0.358547 0.362364 0.358034 0.353854 0.358114 0.365011 0.369461 0.369475 0.369561 0.369649 0.369866 0.369843 0.365678 0.361730 0.359870 0.357824 0.345376 0.324817 0.286225 0.241797 0.208232 0.195317 0.193210 0.195040 0.190222 0.184348 0.181024 0.180950 0.180303 0.179150 0.179647 0.180839 0.182732 0.183927 0.183000 0.181743 0.180777 0.178865 0.179153 0.181010 -9999.0 -9999.0 -9999.0 -9999.0 -9999.0 -9999.0
-9999.0 -9999.0 -9999.0 -9999.0 0.171977 0.172483 0.170987 0.171827 0.172498 0.173014 0.173055 0.174012 0.174304 0.175008 0.176539 0.177836 0.180118 0.181920 0.187081 0.198942 0.212655 0.222944 0.231067 0.285793 0.329738 0.346689 0.351608 0.358069 0.365527 0.369901 0.369971 0.369979 0.369945 0.369999 0.369999 0.370000 0.370000 0.370000 0.370000 0.370000 0.370000 0.370000 0.370000 0.370000 0.370000 0.370000 0.370000 0.370000 0.369996 0.370000 0.369981 0.369948 0.367888 0.364827 0.361340 0.352148 0.330160 0.316001 0.263426 0.225365 0.202891 0.196426 0.190704 0.187851 0.184345 0.184878 0.185751 0.184004 0.181810 0.179790 0.179504 0.178641 0.177733 0.180072 0.180954 0.183643 -9999.0 -9999.0 -9999.0 -9999.0
-9999.0 -9999.0 0.171874 0.171952 0.173350 0.172511 0.172045 0.171333 0.171641 0.173006 0.175749 0.177062 0.179105 0.180228 0.185164 0.199090 0.220848 0.246260 0.303723 0.336401 0.354258 0.362839 0.369089 0.369770 0.369862 0.369998 0.370000 0.369999 0.370000 0.370000 0.370000 0.370000 0.370000 0.370000 0.370000 0.370000 0.370000 0.370000 0.370000 0.370000 0.370000 0.370000 0.370000 0.370000 0.370000 0.370000 0.370000 0.370000 0.370000 0.370000 0.370000 0.370000 0.370000 0.370000 0.369998 0.369999 0.369938 0.368126 0.366169 0.361143 0.341237 0.322028 0.281023 0.233538 0.209409 0.200402 0.192377 0.187768 0.183804 0.180378 0.179335 0.178703 0.179122 0.178820 0.180077 0.181068 0.182527 0.183099 -9999.0 -9999.0
-9999.0 0.171493 0.171064 0.173581 0.174065 0.174653 0.175533 0.176290 0.177026 0.176006 0.183946 0.202648 0.228048 0.242217 0.294417 0.346533 0.369302 0.369750 0.369761 0.369988 0.369992 0.370000 0.370000 0.370000 0.370000 0.370000 0.370000 0.370000 0.370000 0.370000 0.370000 0.370000 0.370000 0.370000 0.370000 0.370000 0.370000 0.370000 0.370000 0.370000 0.370000 0.370000 0.370000 0.369999 0.369999 0.370000 0.370000 0.370000 0.369996 0.370000 0.370000 0.370000 0.370000 0.370000 0.370000 0.370000 0.370000 0.370000 0.369998 0.369999 0.369644 0.367671 0.362408 0.347490 0.324897 0.276119 0.225283 0.204929 0.192660 0.188451 0.185924 0.181138 0.179891 0.180808 0.180189 0.180114 0.180687 0.181140 -9999.0 -9999.0
-9999.0 0.169361 0.171586 0.174353 0.178035 0.178832 0.193013 0.209157 0.216686 0.207254 0.268826 0.369420 0.369939 0.369940 0.369997 0.370000 0.370000 0.370000 0.370000 0.370000 0.370000 0.370000 0.370000 0.370000 0.370000 0.370000 0.370000 0.370000 0.370000 0.370000 0.370000 0.369999 0.370000 0.369997 0.369971 0.369951 0.369586 0.368613 0.366334 0.363379 0.361515 0.364392 0.362925 0.359755 0.359026 0.363127 0.366645 0.366101 0.366468 0.367964 0.369435 0.369988 0.369997 0.370000 0.370000 0.370000 0.370000 0.370000 0.370000 0.370000 0.370000 0.370000 0.369998 0.369437 0.365859 0.351757 0.333187 0.313192 0.259232 0.225689 0.207354 0.194862 0.186950 0.185149 0.181681 0.181043 -9999.0 -9999.0 -9999.0 -9999.0
-9999.0 0.169416 0.171659 0.177062 0.192087 0.222221 0.328407 0.365374 0.369989 0.369883 0.370000 0.370000 0.370000 0.370000 0.370000 0.370000 0.370000 0.370000 0.370000 0.370000 0.370000 0.370000 0.370000 0.370000 0.370000 0.370000 0.370000 0.369999 0.369844 0.369427 0.368692 0.368032 0.365733 0.350092 0.338271 0.328713 0.292153 0.278476 0.264282 0.239910 0.229663 0.223880 0.231667 0.229662 0.228986 0.234278 0.249323 0.263372 0.302287 0.324328 0.339158 0.355090 0.361874 0.366815 0.369208 0.369992 0.369999 0.370000 0.370000 0.370000 0.370000 0.370000 0.370000 0.370000 0.369998 0.369333 0.367128 0.357934 0.342262 0.326762 0.312515 0.273103 0.221711 0.196639 0.191080 -9999.0 -9999.0 -9999.0 -9999.0 -9999.0
-9999.0 0.166730 0.172017 0.176526 0.204959 0.335773 0.362127 0.370000 0.370000 0.370000 0.369859 0.369999 0.370000 0.370000 0.370000 0.369999 0.369998 0.369998 0.369999 0.369991 0.369674 0.369410 0.369362 0.369096 0.368320 0.367305 0.366228 0.364023 0.353896 0.340620 0.315371 0.294910 0.235485 0.208329 0.198087 0.190367 0.183850 0.183933 0.185850 0.184057 0.182212 0.180352 0.182584 0.183639 0.184661 0.183435 0.183840 0.187160 0.193187 0.200479 0.213737 0.239824 0.280620 0.322175 0.335359 0.352967 0.362498 0.367359 0.369697 0.370000 0.370000 0.370000 0.370000 0.370000 0.370000 0.370000 0.369999 0.369411 0.362786 0.354884 0.350440 0.343112 0.326396 -9999.0 -9999.0 -9999.0 -9999.0 -9999.0 -9999.0 -9999.0
-9999.0 0.164977 0.170698 0.172011 0.180157 0.201712 0.263230 0.337667 0.369016 0.353580 0.349148 0.355983 0.361746 0.364619 0.361377 0.354556 0.348207 0.349322 0.349753 0.342611 0.332244 0.327397 0.327109 0.322996 0.303101 0.285855 0.274129 0.253296 0.228742 0.209238 0.191651 0.184567 0.180006 0.178410 0.177288 0.176146 0.174079 0.175145 0.176012 0.175766 0.175094 0.174595 0.176102 0.176647 0.177140 0.175751 0.176726 0.177669 0.179804 0.182100 0.185559 0.191070 0.199011 0.205826 0.211496 0.224326 0.253791 0.311279 0.344686 0.365360 0.369306 0.369987 0.370000 0.370000 0.370000 0.370000 0.370000 0.370000 0.365959 0.361894 0.361461 -9999.0 -9999.0 -9999.0 -9999.0 -9999.0 -9999.0 -9999.0 -9999.0 -9999.0
-9999.0 -9999.0 0.164014 0.166441 0.168807 0.171182 0.174599 0.179298 0.183143 0.188527 0.197800 0.210617 0.221186 0.227034 0.219388 0.206804 0.200673 0.201068 0.199549 0.196587 0.191767 0.190083 0.188993 0.188118 0.186237 0.185439 0.185095 0.184395 0.182912 0.179849 0.177249 0.175543 0.173750 0.173766 0.173457 0.172836 0.173256 0.173153 0.173320 0.173227 0.173338 0.173598 0.173949 0.174413 0.174445 0.174562 0.174750 0.175294 0.176145 0.177288 0.179545 0.183013 0.185862 0.186617 0.185191 0.185721 0.187951 0.193700 0.216554 0.282662 0.334547 0.356577 0.366787 0.369058 0.369512 0.369973 0.370000 0.369213 0.350340 0.353805 -9999.0 -9999.0 -9999.0 -9999.0 -9999.0 -9999.0 -9999.0 -9999.0 -9999.0 -9999.0
-9999.0 -9999.0 -9999.0 -9999.0 0.163319 0.166476 0.169393 0.169167 0.171327 0.172646 0.173981 0.175664 0.177066 0.178034 0.176773 0.176363 0.176067 0.176261 0.176015 0.175649 0.175435 0.175229 0.175060 0.174781 0.174853 0.175076 0.175135 0.174672 0.174650 0.173716 0.173515 0.172976 0.172457 0.171896 0.171985 0.171897 0.172125 0.171881 0.172270 0.172029 0.172318 0.172459 0.172833 0.173431 0.173210 0.173558 0.173591 0.174075 0.174302 0.175623 0.177835 0.180524 0.182447 0.182387 0.180005 0.179045 0.178548 0.180088 0.182920 0.189497 0.210249 0.247813 0.312466 0.333917 0.344794 0.357505 0.364267 0.365192 -9999.0 -9999.0 -9999.0 -9999.0 -9999.0 -9999.0 -9999.0 -9999.0 -9999.0 -9999.0 -9999.0 -9999.0
-9999.0 -9999.0 -9999.0 -9999.0 -9999.0 -9999.0 0.164489 0.165987 0.165662 0.166692 0.167602 0.168388 0.169679 0.169458 0.169754 0.170774 0.170591 0.170100 0.169496 0.170399 0.170752 0.170853 0.169843 0.170109 0.170191 0.170591 0.170550 0.170710 0.169815 0.170792 0.171245 0.171025 0.170812 0.170981 0.170744 0.171394 0.171471 0.170950 0.170815 0.171562 0.171775 0.171675 0.171843 0.172383 0.173173 0.173292 0.172945 0.172477 0.173339 0.175312 0.177643 0.179823 0.181315 0.181816 0.179808 0.177242 0.176013 0.175894 0.176996 0.179172 0.184628 0.188949 0.193027 0.198510 0.205663 0.254288 -9999.0 -9999.0 -9999.0 -9999.0 -9999.0 -9999.0 -9999.0 -9999.0 -9999.0 -9999.0 -9999.0 -9999.0 -9999.0 -9999.0
-9999.0 -9999.0 -9999.0 -9999.0 -9999.0 -9999.0 -9999.0 -9999.0 -9999.0 -9999.0 -9999.0 -9999.0 -9999.0 -9999.0 -9999.0 -9999.0 -9999.0 -9999.0 -9999.0 -9999.0 -9999.0 -9999.0 -9999.0 -9999.0 -9999.0 -9999.0 -9999.0 -9999.0 -9999.0 -9999.0 -9999.0 -9999.0 -9999.0 -9999.0 -9999.0 -9999.0 -9999.0 -9999.0 -9999.0 -9999.0 -9999.0 -9999.0 -9999.0 -9999.0 -9999.0 -9999.0 -9999.0 -9999.0 -9999.0 -9999.0 -9999.0 -9999.0 -9999.0 -9999.0 -9999.0 -9999.0 -9999.0 -9999.0 -9999.0 -9999.0 -9999.0 -9999.0 -9999.0 -9999.0 -9999.0 -9999.0 -9999.0 -9999.0 -9999.0 -9999.0 -9999.0 -9999.0 -9999.0 -9999.0 -9999.0 -9999.0 -9999.0 -9999.0 -9999.0 -9999.0
-9999.0 -9999.0 -9999.0 -9999.0 -9999.0 -9999.0 -9999.0 -9999.0 -9999.0 -9999.0 -9999.0 -9999.0 -9999.0 -9999.0 -9999.0 -9999.0 -9999.0 -9999.0 -9999.0 -9999.0 -9999.0 -9999.0 -9999.0 -9999.0 -9999.0 -9999.0 -9999.0 -9999.0 -9999.0 -9999.0 -9999.0 -9999.0 -9999.0 -9999.0 -9999.0 -9999.0 -9999.0 -9999.0 -9999.0 -9999.0 -9999.0 -9999.0 -9999.0 -9999.0 -9999.0 -9999.0 -9999.0 -9999.0 -9999.0 -9999.0 -9999.0 -9999.0 -9999.0 -9999.0 -9999.0 -9999.0 -9999.0 -9999.0 -9999.0 -9999.0 -9999.0 -9999.0 -9999.0 -9999.0 -9999.0 -9999.0 -9999.0 -9999.0 -9999.0 -9999.0 -9999.0 -9999.0 -9999.0 -9999.0 -9999.0 -9999.0 -9999.0 -9999.0 -9999.0 -9999.0