Borden_/Borden1m_014/output_maps/thetaliqL0001N0025.asc
ncols         80
nrows         18
xllcorner     620200.000000
yllcorner     5168000.000000
cellsize      1.000000
NODATA_value  -9999.0
-9999.0 -9999.0 -9999.0 -9999.0 -9999.0 -9999.0 -9999.0 -9999.0 -9999.0 -9999.0 -9999.0 -9999.0 -9999.0 -9999.0 -9999.0 -9999.0 -9999.0 -9999.0 -9999.0 -9999.0 -9999.0 -9999.0 -9999.0 -9999.0 -9999.0 -9999.0 -9999.0 -9999.0 -9999.0 -9999.0 -9999.0 -9999.0 -9999.0 -9999.0 -9999.0 -9999.0 -9999.0 -9999.0 -9999.0 -9999.0 -9999.0 -9999.0 -9999.0 -9999.0 -9999.0 -9999.0 -9999.0 -9999.0 -9999.0 -9999.0 -9999.0 -9999.0 -9999.0 -9999.0 -9999.0 -9999.0 -9999.0 -9999.0 -9999.0 -9999.0 -9999.0 -9999.0 -9999.0 -9999.0 -9999.0 -9999.0 -9999.0 -9999.0 -9999.0 -9999.0 -9999.0 -9999.0 -9999.0 -9999.0 -9999.0 -9999.0 -9999.0 -9999.0 -9999.0 -9999.0
-9999.0 -9999.0 -9999.0 -9999.0 -9999.0 -9999.0 -9999.0 -9999.0 -9999.0 -9999.0 -9999.0 -9999.0 -9999.0 -9999.0 -9999.0 -9999.0 -9999.0 -9999.0 -9999.0 -9999.0 -9999.0 -9999.0 -9999.0 -9999.0 -9999.0 -9999.0 -9999.0 -9999.0 -9999.0 -9999.0 -9999.0 -9999.0 -9999.0 -9999.0 -9999.0 -9999.0 -9999.0 -9999.0 -9999.0 -9999.0 -9999.0 -9999.0 -9999.0 -9999.0 -9999.0 -9999.0 -9999.0 -9999.0 -9999.0 -9999.0 -9999.0 -9999.0 -9999.0 -9999.0 -9999.0 -9999.0 -9999.0 -9999.0 -9999.0 -9999.0 -9999.0 -9999.0 -9999.0 -9999.0 -9999.0 -9999.0 -9999.0 -9999.0 -9999.0 -9999.0 -9999.0 -9999.0 -9999.0 -9999.0 -9999.0 -9999.0 -9999.0 -9999.0 -9999.0 -9999.0
-9999.0 -9999.0 -9999.0 -9999.0 -9999.0 -9999.0 -9999.0 -9999.0 -9999.0 -9999.0 -9999.0 -9999.0 -9999.0 -9999.0 -9999.0 -9999.0 -9999.0 -9999.0 -9999.0 -9999.0 0.197669 0.198319 0.196977 0.195486 0.194232 0.194062 0.195461 0.197072 0.198959 0.199336 0.197767 0.198156 0.197529 0.197181 0.197148 0.197573 0.197772 0.198383 0.198768 0.198581 0.198112 0.197781 0.197449 0.197545 0.198083 0.197372 0.198430 0.199472 0.199840 0.199849 0.198448 0.197880 0.197684 0.196473 0.198669 0.199301 0.200935 0.201083 0.201412 0.199572 0.197795 -9999.0 -9999.0 -9999.0 -9999.0 -9999.0 -9999.0 -9999.0 -9999.0 -9999.0 -9999.0 -9999.0 -9999.0 -9999.0 -9999.0 -9999.0 -9999.0 -9999.0 -9999.0 -9999.0
-9999.0 -9999.0 -9999.0 -9999.0 -9999.0 -9999.0 -9999.0 -9999.0 -9999.0 -9999.0 -9999.0 -9999.0 -9999.0 -9999.0 0.195346 0.194615 0.194274 0.194037 0.195290 0.196257 0.196258 0.195495 0.196137 0.194692 0.193427 0.194196 0.195259 0.196109 0.197579 0.198747 0.197646 0.197376 0.197963 0.200096 0.201050 0.200594 0.198070 0.200415 0.201612 0.202407 0.202307 0.201141 0.202774 0.204694 0.203700 0.201686 0.202086 0.203189 0.205082 0.204118 0.197941 0.197352 0.197687 0.197834 0.197033 0.196436 0.198642 0.198312 0.197960 0.197613 0.196388 0.194384 0.193491 0.195585 0.197445 0.201435 -9999.0 -9999.0 -9999.0 -9999.0 -9999.0 -9999.0 -9999.0 -9999.0 -9999.0 -9999.0 -9999.0 -9999.0 -9999.0 -9999.0
-9999.0 -9999.0 -9999.0 -9999.0 -9999.0 -9999.0 -9999.0 -9999.0 -9999.0 0.194247 0.194024 0.194213 0.193714 0.194330 0.193247 0.193483 0.193282 0.194121 0.194781 0.195970 0.197626 0.196366 0.196203 0.197107 0.197241 0.197570 0.198272 0.201052 0.204338 0.209782 0.205109 0.204919 0.207421 0.217409 0.227137 0.230276 0.224989 0.224887 0.231383 0.239655 0.239654 0.238866 0.248245 0.254218 0.258796 0.249435 0.240728 0.239347 0.250885 0.231900 0.217345 0.206425 0.207092 0.203648 0.200023 0.198722 0.198204 0.200796 0.199823 0.197530 0.195708 0.196355 0.195321 0.196318 0.196985 0.199978 0.202734 0.205515 0.205657 0.203865 -9999.0 -9999.0 -9999.0 -9999.0 -9999.0 -9999.0 -9999.0 -9999.0 -9999.0 -9999.0
-9999.0 -9999.0 -9999.0 -9999.0 -9999.0 -9999.0 0.193091 0.192980 0.193355 0.192032 0.192903 0.192245 0.192887 0.193147 0.193541 0.193525 0.194611 0.195544 0.197185 0.199438 0.201605 0.200415 0.200976 0.204211 0.211161 0.218096 0.222519 0.230863 0.263612 0.303884 0.321371 0.329651 0.339439 0.348833 0.360902 0.368392 0.360179 0.356121 0.359010 0.364871 0.369515 0.369529 0.369598 0.369683 0.369880 0.369857 0.365436 0.361813 0.360497 0.359195 0.350778 0.336960 0.292366 0.253487 0.226593 0.214374 0.212130 0.213757 0.209125 0.203311 0.200020 0.200046 0.199435 0.198227 0.198767 0.199961 0.201879 0.203108 0.202177 0.200944 0.200054 0.198069 0.198389 0.200326 -9999.0 -9999.0 -9999.0 -9999.0 -9999.0 -9999.0
-9999.0 -9999.0 -9999.0 -9999.0 0.191140 0.191720 0.189957 0.190918 0.191650 0.192183 0.192131 0.193129 0.193364 0.194060 0.195619 0.196848 0.199112 0.200818 0.205911 0.217867 0.230688 0.239203 0.244502 0.290481 0.339973 0.351789 0.354783 0.359164 0.365656 0.369912 0.369973 0.369981 0.369993 0.369987 0.370000 0.370000 0.370000 0.370000 0.370000 0.370000 0.370000 0.370000 0.370000 0.370000 0.370000 0.370000 0.370000 0.370000 0.370000 0.370000 0.369999 0.369954 0.367998 0.364897 0.361904 0.355411 0.340907 0.328376 0.270316 0.241044 0.221594 0.215215 0.209532 0.206827 0.203301 0.203913 0.204877 0.203126 0.200939 0.198909 0.198705 0.197844 0.196848 0.199337 0.200189 0.202960 -9999.0 -9999.0 -9999.0 -9999.0
-9999.0 -9999.0 0.191107 0.191113 0.192666 0.191646 0.191070 0.190211 0.190511 0.191981 0.194864 0.196068 0.198072 0.199103 0.204028 0.218066 0.237112 0.255707 0.311464 0.344202 0.356460 0.363093 0.369293 0.369789 0.369968 0.369981 0.370000 0.370000 0.370000 0.370000 0.370000 0.370000 0.370000 0.370000 0.370000 0.370000 0.370000 0.370000 0.370000 0.370000 0.370000 0.370000 0.370000 0.370000 0.370000 0.370000 0.370000 0.370000 0.370000 0.370000 0.370000 0.370000 0.370000 0.370000 0.370000 0.369999 0.369952 0.368388 0.366446 0.361991 0.348290 0.335649 0.288107 0.247101 0.227317 0.218929 0.211223 0.206752 0.202863 0.199406 0.198410 0.197831 0.198332 0.197961 0.199283 0.200275 0.201800 0.202369 -9999.0 -9999.0
-9999.0 0.190747 0.190151 0.192916 0.193272 0.193793 0.194585 0.195263 0.195990 0.194760 0.202907 0.221100 0.243135 0.252851 0.299832 0.350228 0.369347 0.369774 0.369919 0.369989 0.370000 0.370000 0.370000 0.370000 0.370000 0.370000 0.370000 0.370000 0.370000 0.370000 0.370000 0.370000 0.370000 0.370000 0.370000 0.370000 0.370000 0.370000 0.370000 0.370000 0.370000 0.370000 0.370000 0.370000 0.369999 0.370000 0.370000 0.370000 0.370000 0.370000 0.370000 0.370000 0.370000 0.370000 0.370000 0.370000 0.370000 0.370000 0.370000 0.369999 0.369717 0.368093 0.363569 0.352438 0.337400 0.283758 0.240552 0.223019 0.211401 0.207395 0.204998 0.200139 0.198942 0.199990 0.199358 0.199288 0.199882 0.200341 -9999.0 -9999.0
-9999.0 0.188216 0.190720 0.193609 0.197289 0.197717 0.212381 0.227940 0.233733 0.225099 0.273996 0.369463 0.369946 0.369946 0.369997 0.370000 0.370000 0.370000 0.370000 0.370000 0.370000 0.370000 0.370000 0.370000 0.370000 0.370000 0.370000 0.370000 0.370000 0.370000 0.370000 0.370000 0.370000 0.369997 0.369980 0.369966 0.369921 0.368853 0.366438 0.363315 0.361482 0.364149 0.362816 0.360112 0.359495 0.363063 0.366572 0.366198 0.366782 0.368253 0.369523 0.369990 0.369997 0.370000 0.370000 0.370000 0.370000 0.370000 0.370000 0.370000 0.370000 0.370000 0.369998 0.369554 0.366792 0.356308 0.344080 0.330468 0.268599 0.241631 0.225633 0.213631 0.205873 0.204258 0.200745 0.200250 -9999.0 -9999.0 -9999.0 -9999.0
-9999.0 0.188259 0.190739 0.196418 0.211541 0.239937 0.339700 0.366065 0.369996 0.369897 0.370000 0.370000 0.370000 0.370000 0.370000 0.370000 0.370000 0.370000 0.370000 0.370000 0.370000 0.370000 0.370000 0.370000 0.370000 0.370000 0.370000 0.370000 0.369866 0.369516 0.368894 0.368212 0.365917 0.353655 0.346285 0.339623 0.296767 0.283947 0.271567 0.252158 0.244587 0.239997 0.246282 0.244557 0.243927 0.247946 0.259287 0.270054 0.311586 0.337176 0.346865 0.357385 0.362847 0.367304 0.369339 0.369993 0.369999 0.370000 0.370000 0.370000 0.370000 0.370000 0.370000 0.370000 0.369999 0.369537 0.368202 0.363310 0.352643 0.341684 0.331254 0.283768 0.238404 0.215550 0.210178 -9999.0 -9999.0 -9999.0 -9999.0 -9999.0
-9999.0 0.184994 0.191140 0.195812 0.224554 0.344257 0.363739 0.370000 0.370000 0.370000 0.369886 0.369999 0.370000 0.370000 0.370000 0.369999 0.369999 0.369999 0.370000 0.369996 0.369761 0.369555 0.369519 0.369252 0.368525 0.367522 0.366444 0.364382 0.356360 0.347736 0.329235 0.303239 0.248894 0.226818 0.217156 0.209375 0.202722 0.202865 0.204902 0.203102 0.201240 0.199286 0.201613 0.202674 0.203729 0.202418 0.202761 0.206077 0.211952 0.219028 0.231261 0.251598 0.286620 0.335522 0.344419 0.355733 0.363123 0.367686 0.369750 0.370000 0.370000 0.370000 0.370000 0.370000 0.370000 0.370000 0.369999 0.369924 0.367837 0.363195 0.359051 0.352497 0.340732 -9999.0 -9999.0 -9999.0 -9999.0 -9999.0 -9999.0 -9999.0
-9999.0 0.182962 0.189674 0.190896 0.199452 0.221150 0.273703 0.345910 0.369364 0.356737 0.353406 0.357854 0.362121 0.364627 0.361847 0.356874 0.352654 0.353607 0.354105 0.349629 0.343396 0.340366 0.339999 0.335767 0.311449 0.292044 0.280657 0.262702 0.244063 0.227704 0.210474 0.203495 0.198952 0.197442 0.196357 0.195222 0.193004 0.194217 0.195159 0.194905 0.194188 0.193634 0.195266 0.195811 0.196331 0.194787 0.195829 0.196753 0.198909 0.201171 0.204568 0.209947 0.217572 0.223856 0.229224 0.239968 0.261898 0.323910 0.350067 0.365974 0.369430 0.369991 0.370000 0.370000 0.370000 0.370000 0.370000 0.370000 0.369845 0.368130 0.366799 -9999.0 -9999.0 -9999.0 -9999.0 -9999.0 -9999.0 -9999.0 -9999.0 -9999.0
-9999.0 -9999.0 0.181756 0.184542 0.187160 0.189701 0.193329 0.198436 0.202347 0.207982 0.217250 0.229337 0.238475 0.243225 0.236869 0.225588 0.219784 0.220226 0.218763 0.215856 0.210943 0.209125 0.207978 0.207073 0.205196 0.204424 0.204113 0.203466 0.202048 0.198961 0.196350 0.194648 0.192775 0.192885 0.192595 0.191935 0.192459 0.192334 0.192511 0.192402 0.192531 0.192813 0.193164 0.193646 0.193652 0.193774 0.193945 0.194485 0.195322 0.196427 0.198677 0.202151 0.204950 0.205654 0.204170 0.204682 0.206845 0.212326 0.233568 0.290466 0.343095 0.358754 0.367441 0.369375 0.369845 0.369987 0.370000 0.369999 0.367813 0.367139 -9999.0 -9999.0 -9999.0 -9999.0 -9999.0 -9999.0 -9999.0 -9999.0 -9999.0 -9999.0
-9999.0 -9999.0 -9999.0 -9999.0 0.180840 0.184553 0.187995 0.187651 0.190122 0.191547 0.192919 0.194648 0.196077 0.197080 0.195723 0.195349 0.195072 0.195303 0.195051 0.194675 0.194477 0.194271 0.194106 0.193811 0.193912 0.194172 0.194251 0.193759 0.193788 0.192810 0.192673 0.192140 0.191619 0.191014 0.191147 0.191064 0.191336 0.191052 0.191497 0.191206 0.191527 0.191664 0.192057 0.192703 0.192414 0.192790 0.192800 0.193303 0.193465 0.194797 0.197041 0.199748 0.201660 0.201570 0.199101 0.198137 0.197585 0.199134 0.201886 0.208279 0.228146 0.257192 0.325233 0.344179 0.352078 0.361385 0.367841 0.369353 -9999.0 -9999.0 -9999.0 -9999.0 -9999.0 -9999.0 -9999.0 -9999.0 -9999.0 -9999.0 -9999.0 -9999.0
-9999.0 -9999.0 -9999.0 -9999.0 -9999.0 -9999.0 0.182303 0.184095 0.183635 0.184867 0.185936 0.186813 0.188269 0.187988 0.188348 0.189536 0.189340 0.188782 0.188081 0.189137 0.189562 0.189687 0.188525 0.188850 0.188951 0.189410 0.189363 0.189567 0.188547 0.189720 0.190278 0.190057 0.189846 0.190073 0.189809 0.190573 0.190664 0.190055 0.189885 0.190747 0.190976 0.190836 0.190995 0.191577 0.192446 0.192557 0.192144 0.191570 0.192465 0.194534 0.196910 0.199084 0.200556 0.201080 0.199037 0.196365 0.195070 0.194896 0.195969 0.198079 0.203512 0.207635 0.211388 0.216931 0.223449 0.261971 -9999.0 -9999.0 -9999.0 -9999.0 -9999.0 -9999.0 -9999.0 -9999.0 -9999.0 -9999.0 -9999.0 -9999.0 -9999.0 -9999.0
-9999.0 -9999.0 -9999.0 -9999.0 -9999.0 -9999.0 -9999.0 -9999.0 -9999.0 -9999.0 -9999.0 -9999.0 -9999.0 -9999.0 -9999.0 -9999.0 -9999.0 -9999.0 -9999.0 -9999.0 -9999.0 -9999.0 -9999.0 -9999.0 -9999.0 -9999.0 -9999.0 -9999.0 -9999.0 -9999.0 -9999.0 -9999.0 -9999.0 -9999.0 -9999.0 -9999.0 -9999.0 -9999.0 -9999.0 -9999.0 -9999.0 -9999.0 -9999.0 -9999.0 -9999.0 -9999.0 -9999.0 -9999.0 -9999.0 -9999.0 -9999.0 -9999.0 -9999.0 -9999.0 -9999.0 -9999.0 -9999.0 -9999.0 -9999.0 -9999.0 -9999.0 -9999.0 -9999.0 -9999.0 -9999.0 -9999.0 -9999.0 -9999.0 -9999.0 -9999.0 -9999.0 -9999.0 -9999.0 -9999.0 -9999.0 -9999.0 -9999.0 -9999.0 -9999.0 -9999.0
-9999.0 -9999.0 -9999.0 -9999.0 -9999.0 -9999.0 -9999.0 -9999.0 -9999.0 -9999.0 -9999.0 -9999.0 -9999.0 -9999.0 -9999.0 -9999.0 -9999.0 -9999.0 -9999.0 -9999.0 -9999.0 -9999.0 -9999.0 -9999.0 -9999.0 -9999.0 -9999.0 -9999.0 -9999.0 -9999.0 -9999.0 -9999.0 -9999.0 -9999.0 -9999.0 -9999.0 -9999.0 -9999.0 -9999.0 -9999.0 -9999.0 -9999.0 -9999.0 -9999.0 -9999.0 -9999.0 -9999.0 -9999.0 -9999.0 -9999.0 -9999.0 -9999.0 -9999.0 -9999.0 -9999.0 -9999.0 -9999.0 -9999.0 -9999.0 -9999.0 -9999.0 -9999.0 -9999.0 -9999.0 -9999.0 -9999.0 -9999.0 -9999.0 -9999.0 -9999.0 -9999.0 -9999.0 -9999.0 -9999.0 -9999.0 -9999.0 -9999.0 -9999.0 -9999.0 -9999.0