Borden_/Borden1m_014/output_maps/thetaliqL0004N0019.asc
ncols         80
nrows         18
xllcorner     620200.000000
yllcorner     5168000.000000
cellsize      1.000000
NODATA_value  -9999.0
-9999.0 -9999.0 -9999.0 -9999.0 -9999.0 -9999.0 -9999.0 -9999.0 -9999.0 -9999.0 -9999.0 -9999.0 -9999.0 -9999.0 -9999.0 -9999.0 -9999.0 -9999.0 -9999.0 -9999.0 -9999.0 -9999.0 -9999.0 -9999.0 -9999.0 -9999.0 -9999.0 -9999.0 -9999.0 -9999.0 -9999.0 -9999.0 -9999.0 -9999.0 -9999.0 -9999.0 -9999.0 -9999.0 -9999.0 -9999.0 -9999.0 -9999.0 -9999.0 -9999.0 -9999.0 -9999.0 -9999.0 -9999.0 -9999.0 -9999.0 -9999.0 -9999.0 -9999.0 -9999.0 -9999.0 -9999.0 -9999.0 -9999.0 -9999.0 -9999.0 -9999.0 -9999.0 -9999.0 -9999.0 -9999.0 -9999.0 -9999.0 -9999.0 -9999.0 -9999.0 -9999.0 -9999.0 -9999.0 -9999.0 -9999.0 -9999.0 -9999.0 -9999.0 -9999.0 -9999.0
-9999.0 -9999.0 -9999.0 -9999.0 -9999.0 -9999.0 -9999.0 -9999.0 -9999.0 -9999.0 -9999.0 -9999.0 -9999.0 -9999.0 -9999.0 -9999.0 -9999.0 -9999.0 -9999.0 -9999.0 -9999.0 -9999.0 -9999.0 -9999.0 -9999.0 -9999.0 -9999.0 -9999.0 -9999.0 -9999.0 -9999.0 -9999.0 -9999.0 -9999.0 -9999.0 -9999.0 -9999.0 -9999.0 -9999.0 -9999.0 -9999.0 -9999.0 -9999.0 -9999.0 -9999.0 -9999.0 -9999.0 -9999.0 -9999.0 -9999.0 -9999.0 -9999.0 -9999.0 -9999.0 -9999.0 -9999.0 -9999.0 -9999.0 -9999.0 -9999.0 -9999.0 -9999.0 -9999.0 -9999.0 -9999.0 -9999.0 -9999.0 -9999.0 -9999.0 -9999.0 -9999.0 -9999.0 -9999.0 -9999.0 -9999.0 -9999.0 -9999.0 -9999.0 -9999.0 -9999.0
-9999.0 -9999.0 -9999.0 -9999.0 -9999.0 -9999.0 -9999.0 -9999.0 -9999.0 -9999.0 -9999.0 -9999.0 -9999.0 -9999.0 -9999.0 -9999.0 -9999.0 -9999.0 -9999.0 -9999.0 0.165786 0.167599 0.163019 0.157763 0.153561 0.153170 0.157932 0.163841 0.170773 0.172321 0.167110 0.168216 0.166286 0.165287 0.165310 0.166765 0.167487 0.169742 0.171257 0.170713 0.169064 0.167847 0.166961 0.167397 0.169123 0.166655 0.170301 0.174099 0.175532 0.175236 0.169826 0.167494 0.166564 0.162675 0.169780 0.172214 0.178073 0.178823 0.179616 0.172992 0.166613 -9999.0 -9999.0 -9999.0 -9999.0 -9999.0 -9999.0 -9999.0 -9999.0 -9999.0 -9999.0 -9999.0 -9999.0 -9999.0 -9999.0 -9999.0 -9999.0 -9999.0 -9999.0 -9999.0
-9999.0 -9999.0 -9999.0 -9999.0 -9999.0 -9999.0 -9999.0 -9999.0 -9999.0 -9999.0 -9999.0 -9999.0 -9999.0 -9999.0 0.156276 0.154104 0.153128 0.152720 0.156987 0.160622 0.161142 0.158821 0.160462 0.155752 0.151740 0.154144 0.157986 0.161577 0.167228 0.171491 0.167788 0.166887 0.168994 0.176301 0.179822 0.178379 0.170264 0.178063 0.182499 0.185337 0.184945 0.181128 0.186587 0.193091 0.189866 0.183054 0.184513 0.188553 0.194886 0.191019 0.169713 0.166966 0.167701 0.167770 0.164977 0.163160 0.170427 0.169664 0.168294 0.166396 0.161605 0.154641 0.151750 0.158580 0.165469 0.179503 -9999.0 -9999.0 -9999.0 -9999.0 -9999.0 -9999.0 -9999.0 -9999.0 -9999.0 -9999.0 -9999.0 -9999.0 -9999.0 -9999.0
-9999.0 -9999.0 -9999.0 -9999.0 -9999.0 -9999.0 -9999.0 -9999.0 -9999.0 0.151993 0.151531 0.152171 0.150922 0.152867 0.149996 0.150762 0.150368 0.153280 0.155983 0.160441 0.166100 0.162288 0.161817 0.164613 0.165078 0.166528 0.169621 0.179764 0.191919 0.210099 0.194927 0.194072 0.202269 0.232537 0.259766 0.266612 0.254072 0.254224 0.270611 0.288072 0.286959 0.285360 0.301874 0.310611 0.316204 0.303487 0.290237 0.287911 0.307183 0.271892 0.232041 0.198741 0.201167 0.189389 0.176641 0.171771 0.170371 0.178821 0.175254 0.166912 0.160309 0.161530 0.158159 0.161573 0.164494 0.175246 0.185552 0.195550 0.196017 0.189745 -9999.0 -9999.0 -9999.0 -9999.0 -9999.0 -9999.0 -9999.0 -9999.0 -9999.0 -9999.0
-9999.0 -9999.0 -9999.0 -9999.0 -9999.0 -9999.0 0.147629 0.147501 0.148790 0.145431 0.148126 0.146542 0.148568 0.149631 0.151182 0.151534 0.155219 0.158836 0.164994 0.173432 0.181408 0.177806 0.179953 0.191095 0.212417 0.233567 0.246998 0.269207 0.322400 0.352719 0.360868 0.364033 0.367912 0.368829 0.369611 0.369958 0.369557 0.369319 0.369493 0.369794 0.369991 0.369992 0.369994 0.369997 0.370000 0.369999 0.369822 0.369647 0.369601 0.369549 0.369005 0.367616 0.346127 0.310324 0.258328 0.223061 0.216596 0.223572 0.208780 0.188365 0.176326 0.175761 0.173283 0.169392 0.171338 0.175976 0.182969 0.187310 0.183889 0.179045 0.175086 0.168136 0.169112 0.175798 -9999.0 -9999.0 -9999.0 -9999.0 -9999.0 -9999.0
-9999.0 -9999.0 -9999.0 -9999.0 0.142028 0.143645 0.139024 0.141745 0.144018 0.145898 0.146273 0.149544 0.150785 0.153429 0.158881 0.163583 0.171904 0.178831 0.196886 0.233823 0.268669 0.286982 0.295513 0.344039 0.367919 0.369080 0.369272 0.369510 0.369837 0.370000 0.370000 0.370000 0.370000 0.370000 0.370000 0.370000 0.370000 0.370000 0.370000 0.370000 0.370000 0.370000 0.370000 0.370000 0.370000 0.370000 0.370000 0.370000 0.370000 0.370000 0.370000 0.370000 0.369956 0.369811 0.369683 0.369318 0.368128 0.365056 0.328986 0.290745 0.245172 0.227062 0.210228 0.200793 0.188951 0.190969 0.194039 0.187820 0.179598 0.172048 0.170612 0.167316 0.164190 0.172481 0.175949 0.185600 -9999.0 -9999.0 -9999.0 -9999.0
-9999.0 -9999.0 0.141353 0.141761 0.146425 0.143889 0.142291 0.140172 0.141338 0.145996 0.155298 0.160248 0.167594 0.172249 0.189731 0.233501 0.280985 0.311738 0.357182 0.368341 0.369350 0.369702 0.369984 0.369996 0.370000 0.370000 0.370000 0.370000 0.370000 0.370000 0.370000 0.370000 0.370000 0.370000 0.370000 0.370000 0.370000 0.370000 0.370000 0.370000 0.370000 0.370000 0.370000 0.370000 0.370000 0.370000 0.370000 0.370000 0.370000 0.370000 0.370000 0.370000 0.370000 0.370000 0.370000 0.370000 0.370000 0.369978 0.369895 0.369692 0.368882 0.367636 0.343626 0.301317 0.261590 0.240863 0.217159 0.201478 0.187095 0.174508 0.170406 0.167855 0.169109 0.168245 0.172783 0.176518 0.181713 0.183861 -9999.0 -9999.0
-9999.0 0.139515 0.138487 0.146701 0.148931 0.151168 0.153788 0.156149 0.159038 0.156866 0.184663 0.240304 0.292034 0.307658 0.350072 0.368678 0.369982 0.369994 0.370000 0.370000 0.370000 0.370000 0.370000 0.370000 0.370000 0.370000 0.370000 0.370000 0.370000 0.370000 0.370000 0.370000 0.370000 0.370000 0.370000 0.370000 0.370000 0.370000 0.370000 0.370000 0.370000 0.370000 0.370000 0.370000 0.370000 0.370000 0.370000 0.370000 0.370000 0.370000 0.370000 0.370000 0.370000 0.370000 0.370000 0.370000 0.370000 0.370000 0.370000 0.370000 0.370000 0.369979 0.369796 0.369190 0.367856 0.340804 0.290486 0.251837 0.217682 0.203355 0.194184 0.177160 0.172535 0.175537 0.173373 0.173085 0.175139 0.176827 -9999.0 -9999.0
-9999.0 0.132454 0.139338 0.148813 0.162629 0.166496 0.213351 0.259307 0.271675 0.252511 0.329580 0.369982 0.370000 0.370000 0.370000 0.370000 0.370000 0.370000 0.370000 0.370000 0.370000 0.370000 0.370000 0.370000 0.370000 0.370000 0.370000 0.370000 0.370000 0.370000 0.370000 0.370000 0.370000 0.370000 0.370000 0.370000 0.370000 0.369981 0.369874 0.369719 0.369628 0.369782 0.369712 0.369565 0.369527 0.369716 0.369891 0.369873 0.369923 0.369982 0.369999 0.370000 0.370000 0.370000 0.370000 0.370000 0.370000 0.370000 0.370000 0.370000 0.370000 0.370000 0.370000 0.369999 0.369952 0.369468 0.368629 0.366915 0.328023 0.292570 0.257605 0.223991 0.198163 0.191679 0.179215 0.176423 -9999.0 -9999.0 -9999.0 -9999.0
-9999.0 0.131593 0.138350 0.156302 0.212020 0.286629 0.368058 0.369922 0.370000 0.370000 0.370000 0.370000 0.370000 0.370000 0.370000 0.370000 0.370000 0.370000 0.370000 0.370000 0.370000 0.370000 0.370000 0.370000 0.370000 0.370000 0.370000 0.370000 0.370000 0.369999 0.369991 0.369969 0.369873 0.369182 0.368654 0.367888 0.347705 0.340071 0.330533 0.308766 0.296995 0.288436 0.299806 0.297146 0.296177 0.302596 0.317789 0.328860 0.357863 0.367837 0.368804 0.369458 0.369751 0.369959 0.369998 0.370000 0.370000 0.370000 0.370000 0.370000 0.370000 0.370000 0.370000 0.370000 0.370000 0.369999 0.369987 0.369869 0.369313 0.368546 0.367346 0.341519 0.285912 0.230270 0.212265 -9999.0 -9999.0 -9999.0 -9999.0 -9999.0
-9999.0 0.122464 0.137628 0.152250 0.244977 0.368272 0.369869 0.370000 0.370000 0.370000 0.370000 0.370000 0.370000 0.370000 0.370000 0.370000 0.370000 0.370000 0.370000 0.370000 0.370000 0.370000 0.369999 0.369997 0.369979 0.369937 0.369887 0.369797 0.369396 0.368802 0.365661 0.353178 0.302984 0.258067 0.230235 0.205921 0.184559 0.184969 0.191831 0.185821 0.179178 0.172748 0.180772 0.184889 0.188596 0.184231 0.185837 0.197695 0.217787 0.238941 0.270571 0.308164 0.342524 0.367646 0.368601 0.369354 0.369750 0.369968 0.370000 0.370000 0.370000 0.370000 0.370000 0.370000 0.370000 0.370000 0.370000 0.370000 0.369993 0.369907 0.369772 0.369370 0.368472 -9999.0 -9999.0 -9999.0 -9999.0 -9999.0 -9999.0 -9999.0
-9999.0 0.118209 0.133135 0.136155 0.162418 0.234519 0.330479 0.368534 0.369979 0.369340 0.369199 0.369469 0.369693 0.369817 0.369681 0.369411 0.369145 0.369221 0.369263 0.368972 0.368546 0.368262 0.368170 0.367110 0.357159 0.346014 0.338074 0.321692 0.295981 0.260608 0.211355 0.186800 0.170491 0.164686 0.160514 0.156347 0.149577 0.153070 0.155971 0.155247 0.153097 0.151621 0.156819 0.158970 0.160727 0.156211 0.159659 0.163265 0.171193 0.179991 0.192905 0.212279 0.236901 0.253620 0.265982 0.288945 0.320308 0.363751 0.368953 0.369895 0.369998 0.370000 0.370000 0.370000 0.370000 0.370000 0.370000 0.370000 0.370000 0.369999 0.369985 -9999.0 -9999.0 -9999.0 -9999.0 -9999.0 -9999.0 -9999.0 -9999.0 -9999.0
-9999.0 -9999.0 0.115240 0.120782 0.125983 0.132633 0.143338 0.158351 0.173164 0.194679 0.226939 0.262508 0.284020 0.293252 0.280810 0.253923 0.237446 0.238420 0.233875 0.224846 0.209672 0.204536 0.201014 0.198238 0.192356 0.189829 0.188665 0.186156 0.180776 0.169647 0.160410 0.154149 0.147955 0.147741 0.146647 0.144690 0.146126 0.145729 0.146277 0.146066 0.146579 0.147568 0.148852 0.150592 0.150837 0.151383 0.152119 0.154156 0.157387 0.161955 0.170658 0.183755 0.194384 0.197141 0.191986 0.193538 0.201003 0.219307 0.275215 0.345440 0.368320 0.369528 0.369962 0.369999 0.370000 0.370000 0.370000 0.370000 0.370000 0.370000 -9999.0 -9999.0 -9999.0 -9999.0 -9999.0 -9999.0 -9999.0 -9999.0 -9999.0 -9999.0
-9999.0 -9999.0 -9999.0 -9999.0 0.112849 0.120604 0.128561 0.128004 0.134822 0.139839 0.145048 0.151553 0.157328 0.160944 0.157132 0.156267 0.155342 0.155710 0.154720 0.153739 0.153245 0.152523 0.151678 0.150744 0.151087 0.151959 0.152138 0.150548 0.150212 0.147356 0.146769 0.144932 0.143213 0.141399 0.141641 0.141466 0.142176 0.141374 0.142587 0.141985 0.142993 0.143527 0.144837 0.146945 0.146458 0.147680 0.147862 0.149530 0.150620 0.155598 0.163978 0.174250 0.181629 0.181482 0.172867 0.169066 0.167161 0.172699 0.183080 0.205926 0.262961 0.314808 0.364105 0.368542 0.369180 0.369691 0.369982 0.370000 -9999.0 -9999.0 -9999.0 -9999.0 -9999.0 -9999.0 -9999.0 -9999.0 -9999.0 -9999.0 -9999.0 -9999.0
-9999.0 -9999.0 -9999.0 -9999.0 -9999.0 -9999.0 0.116109 0.120162 0.118996 0.122521 0.125967 0.128853 0.133109 0.132934 0.134306 0.137621 0.137178 0.135542 0.133566 0.136409 0.137758 0.137979 0.134738 0.135574 0.135948 0.137171 0.137046 0.137510 0.134806 0.137957 0.139487 0.138763 0.138063 0.138587 0.137879 0.139884 0.140126 0.138490 0.138027 0.140438 0.141226 0.140994 0.141600 0.143463 0.146126 0.146656 0.145608 0.144215 0.147154 0.154194 0.162987 0.171477 0.177299 0.179042 0.171571 0.162146 0.157635 0.157251 0.161385 0.169688 0.189664 0.204981 0.217431 0.232268 0.250905 0.320675 -9999.0 -9999.0 -9999.0 -9999.0 -9999.0 -9999.0 -9999.0 -9999.0 -9999.0 -9999.0 -9999.0 -9999.0 -9999.0 -9999.0
-9999.0 -9999.0 -9999.0 -9999.0 -9999.0 -9999.0 -9999.0 -9999.0 -9999.0 -9999.0 -9999.0 -9999.0 -9999.0 -9999.0 -9999.0 -9999.0 -9999.0 -9999.0 -9999.0 -9999.0 -9999.0 -9999.0 -9999.0 -9999.0 -9999.0 -9999.0 -9999.0 -9999.0 -9999.0 -9999.0 -9999.0 -9999.0 -9999.0 -9999.0 -9999.0 -9999.0 -9999.0 -9999.0 -9999.0 -9999.0 -9999.0 -9999.0 -9999.0 -9999.0 -9999.0 -9999.0 -9999.0 -9999.0 -9999.0 -9999.0 -9999.0 -9999.0 -9999.0 -9999.0 -9999.0 -9999.0 -9999.0 -9999.0 -9999.0 -9999.0 -9999.0 -9999.0 -9999.0 -9999.0 -9999.0 -9999.0 -9999.0 -9999.0 -9999.0 -9999.0 -9999.0 -9999.0 -9999.0 -9999.0 -9999.0 -9999.0 -9999.0 -9999.0 -9999.0 -9999.0
-9999.0 -9999.0 -9999.0 -9999.0 -9999.0 -9999.0 -9999.0 -9999.0 -9999.0 -9999.0 -9999.0 -9999.0 -9999.0 -9999.0 -9999.0 -9999.0 -9999.0 -9999.0 -9999.0 -9999.0 -9999.0 -9999.0 -9999.0 -9999.0 -9999.0 -9999.0 -9999.0 -9999.0 -9999.0 -9999.0 -9999.0 -9999.0 -9999.0 -9999.0 -9999.0 -9999.0 -9999.0 -9999.0 -9999.0 -9999.0 -9999.0 -9999.0 -9999.0 -9999.0 -9999.0 -9999.0 -9999.0 -9999.0 -9999.0 -9999.0 -9999.0 -9999.0 -9999.0 -9999.0 -9999.0 -9999.0 -9999.0 -9999.0 -9999.0 -9999.0 -9999.0 -9999.0 -9999.0 -9999.0 -9999.0 -9999.0 -9999.0 -9999.0 -9999.0 -9999.0 -9999.0 -9999.0 -9999.0 -9999.0 -9999.0 -9999.0 -9999.0 -9999.0 -9999.0 -9999.0