Borden_/Borden1m_014/output_maps/thetaliqL0004N0030.asc
ncols         80
nrows         18
xllcorner     620200.000000
yllcorner     5168000.000000
cellsize      1.000000
NODATA_value  -9999.0
-9999.0 -9999.0 -9999.0 -9999.0 -9999.0 -9999.0 -9999.0 -9999.0 -9999.0 -9999.0 -9999.0 -9999.0 -9999.0 -9999.0 -9999.0 -9999.0 -9999.0 -9999.0 -9999.0 -9999.0 -9999.0 -9999.0 -9999.0 -9999.0 -9999.0 -9999.0 -9999.0 -9999.0 -9999.0 -9999.0 -9999.0 -9999.0 -9999.0 -9999.0 -9999.0 -9999.0 -9999.0 -9999.0 -9999.0 -9999.0 -9999.0 -9999.0 -9999.0 -9999.0 -9999.0 -9999.0 -9999.0 -9999.0 -9999.0 -9999.0 -9999.0 -9999.0 -9999.0 -9999.0 -9999.0 -9999.0 -9999.0 -9999.0 -9999.0 -9999.0 -9999.0 -9999.0 -9999.0 -9999.0 -9999.0 -9999.0 -9999.0 -9999.0 -9999.0 -9999.0 -9999.0 -9999.0 -9999.0 -9999.0 -9999.0 -9999.0 -9999.0 -9999.0 -9999.0 -9999.0
-9999.0 -9999.0 -9999.0 -9999.0 -9999.0 -9999.0 -9999.0 -9999.0 -9999.0 -9999.0 -9999.0 -9999.0 -9999.0 -9999.0 -9999.0 -9999.0 -9999.0 -9999.0 -9999.0 -9999.0 -9999.0 -9999.0 -9999.0 -9999.0 -9999.0 -9999.0 -9999.0 -9999.0 -9999.0 -9999.0 -9999.0 -9999.0 -9999.0 -9999.0 -9999.0 -9999.0 -9999.0 -9999.0 -9999.0 -9999.0 -9999.0 -9999.0 -9999.0 -9999.0 -9999.0 -9999.0 -9999.0 -9999.0 -9999.0 -9999.0 -9999.0 -9999.0 -9999.0 -9999.0 -9999.0 -9999.0 -9999.0 -9999.0 -9999.0 -9999.0 -9999.0 -9999.0 -9999.0 -9999.0 -9999.0 -9999.0 -9999.0 -9999.0 -9999.0 -9999.0 -9999.0 -9999.0 -9999.0 -9999.0 -9999.0 -9999.0 -9999.0 -9999.0 -9999.0 -9999.0
-9999.0 -9999.0 -9999.0 -9999.0 -9999.0 -9999.0 -9999.0 -9999.0 -9999.0 -9999.0 -9999.0 -9999.0 -9999.0 -9999.0 -9999.0 -9999.0 -9999.0 -9999.0 -9999.0 -9999.0 0.180502 0.181871 0.178059 0.173547 0.169942 0.169671 0.173803 0.178938 0.184800 0.186182 0.181980 0.182788 0.181258 0.180537 0.180626 0.181812 0.182377 0.184299 0.185612 0.185217 0.183866 0.182831 0.182134 0.182544 0.183917 0.181932 0.184913 0.188063 0.189292 0.188936 0.184323 0.182249 0.181399 0.178265 0.183986 0.186074 0.190881 0.191560 0.192092 0.186663 0.181349 -9999.0 -9999.0 -9999.0 -9999.0 -9999.0 -9999.0 -9999.0 -9999.0 -9999.0 -9999.0 -9999.0 -9999.0 -9999.0 -9999.0 -9999.0 -9999.0 -9999.0 -9999.0 -9999.0
-9999.0 -9999.0 -9999.0 -9999.0 -9999.0 -9999.0 -9999.0 -9999.0 -9999.0 -9999.0 -9999.0 -9999.0 -9999.0 -9999.0 0.171859 0.170088 0.169309 0.169128 0.172843 0.176060 0.176699 0.174830 0.176022 0.172093 0.168737 0.170773 0.174151 0.177423 0.182321 0.185927 0.182891 0.182153 0.183953 0.190003 0.192987 0.191878 0.185388 0.191648 0.195342 0.197714 0.197395 0.194398 0.198826 0.204024 0.201550 0.196064 0.197144 0.200396 0.205465 0.202066 0.184853 0.182284 0.182773 0.182677 0.180356 0.178885 0.184764 0.184275 0.183094 0.181296 0.177110 0.171139 0.168683 0.174453 0.180439 0.191980 -9999.0 -9999.0 -9999.0 -9999.0 -9999.0 -9999.0 -9999.0 -9999.0 -9999.0 -9999.0 -9999.0 -9999.0 -9999.0 -9999.0
-9999.0 -9999.0 -9999.0 -9999.0 -9999.0 -9999.0 -9999.0 -9999.0 -9999.0 0.167894 0.167587 0.168148 0.167231 0.168889 0.166713 0.167377 0.167192 0.169758 0.172288 0.176245 0.180990 0.177967 0.177613 0.179936 0.180465 0.181838 0.184591 0.193027 0.203235 0.217880 0.206297 0.205739 0.212638 0.236388 0.258753 0.265684 0.253988 0.254347 0.269263 0.286778 0.287292 0.286062 0.304283 0.314356 0.319994 0.305983 0.289756 0.287186 0.306761 0.270398 0.235760 0.209817 0.210767 0.201078 0.190529 0.186348 0.185263 0.191982 0.189010 0.182027 0.176375 0.177103 0.174308 0.177155 0.179809 0.188772 0.197246 0.205233 0.205605 0.200655 -9999.0 -9999.0 -9999.0 -9999.0 -9999.0 -9999.0 -9999.0 -9999.0 -9999.0 -9999.0
-9999.0 -9999.0 -9999.0 -9999.0 -9999.0 -9999.0 0.163776 0.163755 0.164913 0.162419 0.164723 0.163600 0.165385 0.166439 0.167880 0.168397 0.171665 0.174940 0.180343 0.187579 0.194239 0.191575 0.193430 0.202787 0.220328 0.236649 0.247834 0.268417 0.324776 0.350771 0.357210 0.359664 0.362056 0.365841 0.368965 0.369648 0.368864 0.368108 0.368789 0.369682 0.369988 0.369990 0.369993 0.369996 0.370000 0.369999 0.369746 0.369304 0.369070 0.368768 0.366485 0.361039 0.344754 0.311869 0.257770 0.228242 0.224042 0.229255 0.216705 0.200175 0.190190 0.189478 0.187309 0.184149 0.185702 0.189594 0.195312 0.198769 0.195997 0.191963 0.188490 0.182785 0.183537 0.188993 -9999.0 -9999.0 -9999.0 -9999.0 -9999.0 -9999.0
-9999.0 -9999.0 -9999.0 -9999.0 0.159082 0.160422 0.156720 0.159028 0.161057 0.162814 0.163460 0.166423 0.167741 0.170190 0.175015 0.179327 0.186503 0.192560 0.207682 0.237430 0.267035 0.285610 0.298189 0.344343 0.362562 0.366791 0.367721 0.368797 0.369745 0.370000 0.370000 0.370000 0.370000 0.370000 0.370000 0.370000 0.370000 0.370000 0.370000 0.370000 0.370000 0.370000 0.370000 0.370000 0.370000 0.370000 0.370000 0.370000 0.370000 0.370000 0.370000 0.370000 0.369931 0.369676 0.369247 0.367820 0.362750 0.358173 0.331191 0.290074 0.246996 0.232380 0.218128 0.210111 0.200608 0.202039 0.204300 0.199310 0.192581 0.186307 0.184900 0.182080 0.179601 0.186330 0.189314 0.197067 -9999.0 -9999.0 -9999.0 -9999.0
-9999.0 -9999.0 0.158199 0.158831 0.162853 0.160986 0.159768 0.158140 0.159304 0.163486 0.171709 0.176423 0.182905 0.187092 0.201731 0.236799 0.280225 0.316171 0.352863 0.364396 0.368194 0.369450 0.369975 0.369998 0.370000 0.370000 0.370000 0.370000 0.370000 0.370000 0.370000 0.370000 0.370000 0.370000 0.370000 0.370000 0.370000 0.370000 0.370000 0.370000 0.370000 0.370000 0.370000 0.370000 0.370000 0.370000 0.370000 0.370000 0.370000 0.370000 0.370000 0.370000 0.370000 0.370000 0.370000 0.370000 0.370000 0.369948 0.369810 0.369258 0.365670 0.360371 0.342089 0.302809 0.262150 0.242896 0.223228 0.210528 0.198855 0.188571 0.185016 0.182724 0.183599 0.183031 0.186727 0.189854 0.193995 0.195762 -9999.0 -9999.0
-9999.0 0.156342 0.155824 0.163056 0.165582 0.167866 0.170534 0.172854 0.175441 0.173978 0.197292 0.242165 0.291107 0.311359 0.348302 0.366590 0.369978 0.369997 0.369999 0.370000 0.370000 0.370000 0.370000 0.370000 0.370000 0.370000 0.370000 0.370000 0.370000 0.370000 0.370000 0.370000 0.370000 0.370000 0.370000 0.370000 0.370000 0.370000 0.370000 0.370000 0.370000 0.370000 0.370000 0.370000 0.370000 0.370000 0.370000 0.370000 0.370000 0.370000 0.370000 0.370000 0.370000 0.370000 0.370000 0.370000 0.370000 0.370000 0.370000 0.370000 0.369998 0.369924 0.369451 0.367089 0.361404 0.339487 0.291489 0.253247 0.224009 0.212156 0.204535 0.190836 0.186866 0.189087 0.187307 0.187057 0.188730 0.190126 -9999.0 -9999.0
-9999.0 0.150446 0.156526 0.165316 0.177859 0.182193 0.219555 0.256489 0.270033 0.253650 0.332622 0.369980 0.370000 0.370000 0.370000 0.370000 0.370000 0.370000 0.370000 0.370000 0.370000 0.370000 0.370000 0.370000 0.370000 0.370000 0.370000 0.370000 0.370000 0.370000 0.370000 0.370000 0.370000 0.370000 0.370000 0.370000 0.369999 0.369972 0.369825 0.369520 0.369277 0.369613 0.369453 0.369045 0.368942 0.369484 0.369842 0.369804 0.369839 0.369939 0.369995 0.370000 0.370000 0.370000 0.370000 0.370000 0.370000 0.370000 0.370000 0.370000 0.370000 0.370000 0.370000 0.369996 0.369805 0.367949 0.363890 0.357366 0.327806 0.291100 0.257579 0.228893 0.208055 0.202435 0.192404 0.189772 -9999.0 -9999.0 -9999.0 -9999.0
-9999.0 0.149613 0.155719 0.171920 0.217698 0.281611 0.362141 0.369735 0.370000 0.370000 0.370000 0.370000 0.370000 0.370000 0.370000 0.370000 0.370000 0.370000 0.370000 0.370000 0.370000 0.370000 0.370000 0.370000 0.370000 0.370000 0.370000 0.370000 0.370000 0.369995 0.369974 0.369941 0.369767 0.367466 0.364934 0.362280 0.347531 0.340400 0.331567 0.309874 0.296267 0.286995 0.298883 0.296534 0.295792 0.302932 0.319479 0.331239 0.352599 0.361160 0.365253 0.368408 0.369380 0.369868 0.369990 0.370000 0.370000 0.370000 0.370000 0.370000 0.370000 0.370000 0.370000 0.370000 0.370000 0.369994 0.369903 0.369000 0.366249 0.362171 0.357115 0.336904 0.284289 0.233132 0.218682 -9999.0 -9999.0 -9999.0 -9999.0 -9999.0
-9999.0 0.141593 0.154879 0.168423 0.242751 0.363852 0.369402 0.370000 0.370000 0.370000 0.370000 0.370000 0.370000 0.370000 0.370000 0.370000 0.370000 0.370000 0.370000 0.370000 0.369999 0.369995 0.369994 0.369987 0.369958 0.369899 0.369818 0.369609 0.368196 0.365556 0.357884 0.348835 0.303556 0.257594 0.234366 0.215040 0.197462 0.197615 0.202871 0.197960 0.192521 0.187350 0.193844 0.197205 0.200142 0.196785 0.198271 0.207882 0.224403 0.242392 0.270472 0.310749 0.342209 0.360526 0.364327 0.368029 0.369439 0.369902 0.369999 0.370000 0.370000 0.370000 0.370000 0.370000 0.370000 0.370000 0.370000 0.369996 0.369593 0.368674 0.367934 0.366393 0.361982 -9999.0 -9999.0 -9999.0 -9999.0 -9999.0 -9999.0 -9999.0
-9999.0 0.137640 0.150823 0.154113 0.177477 0.235203 0.327646 0.364247 0.369943 0.368028 0.367277 0.368472 0.369303 0.369645 0.369267 0.368250 0.367090 0.367324 0.367404 0.365947 0.363394 0.361997 0.361888 0.360527 0.352720 0.344507 0.337900 0.322944 0.294891 0.259632 0.219430 0.199181 0.185442 0.180241 0.176505 0.172762 0.166985 0.169804 0.172235 0.171603 0.169772 0.168571 0.172957 0.174880 0.176363 0.172748 0.175646 0.178859 0.185607 0.193038 0.203699 0.219422 0.239728 0.255013 0.266281 0.289262 0.324127 0.356349 0.366439 0.369749 0.369993 0.370000 0.370000 0.370000 0.370000 0.370000 0.370000 0.370000 0.369850 0.369547 0.369493 -9999.0 -9999.0 -9999.0 -9999.0 -9999.0 -9999.0 -9999.0 -9999.0 -9999.0
-9999.0 -9999.0 0.134884 0.140170 0.145105 0.151607 0.161766 0.175478 0.187837 0.204523 0.229746 0.259695 0.280472 0.290211 0.277571 0.253066 0.239455 0.240083 0.236362 0.229429 0.217928 0.213887 0.210977 0.208597 0.203632 0.201471 0.200418 0.198196 0.193586 0.184300 0.176308 0.170696 0.165199 0.164718 0.163626 0.161873 0.162924 0.162614 0.163110 0.162956 0.163393 0.164266 0.165485 0.167062 0.167368 0.167859 0.168590 0.170472 0.173435 0.177584 0.185098 0.195970 0.204666 0.206987 0.203024 0.204349 0.210556 0.226236 0.275461 0.342747 0.364050 0.368656 0.369869 0.369987 0.369997 0.370000 0.370000 0.369993 0.368016 0.368657 -9999.0 -9999.0 -9999.0 -9999.0 -9999.0 -9999.0 -9999.0 -9999.0 -9999.0 -9999.0
-9999.0 -9999.0 -9999.0 -9999.0 0.132654 0.140035 0.147145 0.146914 0.153050 0.157754 0.162691 0.168646 0.173819 0.176939 0.173799 0.172935 0.172059 0.172292 0.171411 0.170552 0.170053 0.169381 0.168588 0.167770 0.168007 0.168710 0.168818 0.167435 0.166970 0.164426 0.163677 0.161901 0.160239 0.158607 0.158705 0.158517 0.159074 0.158416 0.159425 0.158996 0.159881 0.160412 0.161621 0.163492 0.163243 0.164321 0.164567 0.166080 0.167297 0.171832 0.179186 0.187915 0.194067 0.194013 0.187052 0.183838 0.182333 0.187012 0.195846 0.214938 0.263510 0.319027 0.356860 0.363937 0.366562 0.368871 0.369699 0.369790 -9999.0 -9999.0 -9999.0 -9999.0 -9999.0 -9999.0 -9999.0 -9999.0 -9999.0 -9999.0 -9999.0 -9999.0
-9999.0 -9999.0 -9999.0 -9999.0 -9999.0 -9999.0 0.135701 0.139487 0.138528 0.141867 0.145145 0.147949 0.151893 0.151885 0.153102 0.155951 0.155545 0.154099 0.152374 0.154806 0.155947 0.156092 0.153286 0.153953 0.154274 0.155330 0.155224 0.155554 0.153203 0.155784 0.156981 0.156263 0.155561 0.155902 0.155283 0.156922 0.157118 0.155765 0.155413 0.157448 0.158173 0.158071 0.158694 0.160387 0.162706 0.163240 0.162445 0.161433 0.164150 0.170420 0.178158 0.185490 0.190426 0.191815 0.185644 0.177793 0.173971 0.173763 0.177478 0.184765 0.201349 0.214181 0.225453 0.238085 0.254762 0.324882 -9999.0 -9999.0 -9999.0 -9999.0 -9999.0 -9999.0 -9999.0 -9999.0 -9999.0 -9999.0 -9999.0 -9999.0 -9999.0 -9999.0
-9999.0 -9999.0 -9999.0 -9999.0 -9999.0 -9999.0 -9999.0 -9999.0 -9999.0 -9999.0 -9999.0 -9999.0 -9999.0 -9999.0 -9999.0 -9999.0 -9999.0 -9999.0 -9999.0 -9999.0 -9999.0 -9999.0 -9999.0 -9999.0 -9999.0 -9999.0 -9999.0 -9999.0 -9999.0 -9999.0 -9999.0 -9999.0 -9999.0 -9999.0 -9999.0 -9999.0 -9999.0 -9999.0 -9999.0 -9999.0 -9999.0 -9999.0 -9999.0 -9999.0 -9999.0 -9999.0 -9999.0 -9999.0 -9999.0 -9999.0 -9999.0 -9999.0 -9999.0 -9999.0 -9999.0 -9999.0 -9999.0 -9999.0 -9999.0 -9999.0 -9999.0 -9999.0 -9999.0 -9999.0 -9999.0 -9999.0 -9999.0 -9999.0 -9999.0 -9999.0 -9999.0 -9999.0 -9999.0 -9999.0 -9999.0 -9999.0 -9999.0 -9999.0 -9999.0 -9999.0
-9999.0 -9999.0 -9999.0 -9999.0 -9999.0 -9999.0 -9999.0 -9999.0 -9999.0 -9999.0 -9999.0 -9999.0 -9999.0 -9999.0 -9999.0 -9999.0 -9999.0 -9999.0 -9999.0 -9999.0 -9999.0 -9999.0 -9999.0 -9999.0 -9999.0 -9999.0 -9999.0 -9999.0 -9999.0 -9999.0 -9999.0 -9999.0 -9999.0 -9999.0 -9999.0 -9999.0 -9999.0 -9999.0 -9999.0 -9999.0 -9999.0 -9999.0 -9999.0 -9999.0 -9999.0 -9999.0 -9999.0 -9999.0 -9999.0 -9999.0 -9999.0 -9999.0 -9999.0 -9999.0 -9999.0 -9999.0 -9999.0 -9999.0 -9999.0 -9999.0 -9999.0 -9999.0 -9999.0 -9999.0 -9999.0 -9999.0 -9999.0 -9999.0 -9999.0 -9999.0 -9999.0 -9999.0 -9999.0 -9999.0 -9999.0 -9999.0 -9999.0 -9999.0 -9999.0 -9999.0