Borden_/Borden1m_014/output_maps/thetaliqL0004N0033.asc
ncols         80
nrows         18
xllcorner     620200.000000
yllcorner     5168000.000000
cellsize      1.000000
NODATA_value  -9999.0
-9999.0 -9999.0 -9999.0 -9999.0 -9999.0 -9999.0 -9999.0 -9999.0 -9999.0 -9999.0 -9999.0 -9999.0 -9999.0 -9999.0 -9999.0 -9999.0 -9999.0 -9999.0 -9999.0 -9999.0 -9999.0 -9999.0 -9999.0 -9999.0 -9999.0 -9999.0 -9999.0 -9999.0 -9999.0 -9999.0 -9999.0 -9999.0 -9999.0 -9999.0 -9999.0 -9999.0 -9999.0 -9999.0 -9999.0 -9999.0 -9999.0 -9999.0 -9999.0 -9999.0 -9999.0 -9999.0 -9999.0 -9999.0 -9999.0 -9999.0 -9999.0 -9999.0 -9999.0 -9999.0 -9999.0 -9999.0 -9999.0 -9999.0 -9999.0 -9999.0 -9999.0 -9999.0 -9999.0 -9999.0 -9999.0 -9999.0 -9999.0 -9999.0 -9999.0 -9999.0 -9999.0 -9999.0 -9999.0 -9999.0 -9999.0 -9999.0 -9999.0 -9999.0 -9999.0 -9999.0
-9999.0 -9999.0 -9999.0 -9999.0 -9999.0 -9999.0 -9999.0 -9999.0 -9999.0 -9999.0 -9999.0 -9999.0 -9999.0 -9999.0 -9999.0 -9999.0 -9999.0 -9999.0 -9999.0 -9999.0 -9999.0 -9999.0 -9999.0 -9999.0 -9999.0 -9999.0 -9999.0 -9999.0 -9999.0 -9999.0 -9999.0 -9999.0 -9999.0 -9999.0 -9999.0 -9999.0 -9999.0 -9999.0 -9999.0 -9999.0 -9999.0 -9999.0 -9999.0 -9999.0 -9999.0 -9999.0 -9999.0 -9999.0 -9999.0 -9999.0 -9999.0 -9999.0 -9999.0 -9999.0 -9999.0 -9999.0 -9999.0 -9999.0 -9999.0 -9999.0 -9999.0 -9999.0 -9999.0 -9999.0 -9999.0 -9999.0 -9999.0 -9999.0 -9999.0 -9999.0 -9999.0 -9999.0 -9999.0 -9999.0 -9999.0 -9999.0 -9999.0 -9999.0 -9999.0 -9999.0
-9999.0 -9999.0 -9999.0 -9999.0 -9999.0 -9999.0 -9999.0 -9999.0 -9999.0 -9999.0 -9999.0 -9999.0 -9999.0 -9999.0 -9999.0 -9999.0 -9999.0 -9999.0 -9999.0 -9999.0 0.179939 0.181222 0.177566 0.173223 0.169765 0.169519 0.173493 0.178452 0.184104 0.185457 0.181448 0.182196 0.180746 0.180083 0.180187 0.181318 0.181851 0.183710 0.184987 0.184622 0.183328 0.182328 0.181669 0.182076 0.183378 0.181490 0.184341 0.187372 0.188568 0.188195 0.183721 0.181693 0.180859 0.177880 0.183324 0.185348 0.189972 0.190642 0.191127 0.185901 0.180789 -9999.0 -9999.0 -9999.0 -9999.0 -9999.0 -9999.0 -9999.0 -9999.0 -9999.0 -9999.0 -9999.0 -9999.0 -9999.0 -9999.0 -9999.0 -9999.0 -9999.0 -9999.0 -9999.0
-9999.0 -9999.0 -9999.0 -9999.0 -9999.0 -9999.0 -9999.0 -9999.0 -9999.0 -9999.0 -9999.0 -9999.0 -9999.0 -9999.0 0.171520 0.169840 0.169105 0.168966 0.172538 0.175653 0.176311 0.174540 0.175638 0.171887 0.168691 0.170635 0.173897 0.177094 0.181839 0.185323 0.182415 0.181709 0.183452 0.189274 0.192178 0.191131 0.184941 0.190915 0.194497 0.196809 0.196503 0.193643 0.197918 0.202932 0.200573 0.195284 0.196289 0.199420 0.204317 0.200943 0.184400 0.181853 0.182290 0.182156 0.179929 0.178531 0.184130 0.183696 0.182550 0.180769 0.176710 0.170972 0.168625 0.174139 0.179926 0.191015 -9999.0 -9999.0 -9999.0 -9999.0 -9999.0 -9999.0 -9999.0 -9999.0 -9999.0 -9999.0 -9999.0 -9999.0 -9999.0 -9999.0
-9999.0 -9999.0 -9999.0 -9999.0 -9999.0 -9999.0 -9999.0 -9999.0 -9999.0 0.167671 0.167393 0.167932 0.167083 0.168666 0.166640 0.167277 0.167132 0.169601 0.172073 0.175908 0.180462 0.177602 0.177274 0.179499 0.180043 0.181403 0.184098 0.192244 0.202209 0.216447 0.205313 0.204789 0.211508 0.234678 0.257125 0.264274 0.252320 0.252717 0.268061 0.286356 0.287390 0.286283 0.305064 0.315114 0.320532 0.306698 0.289654 0.286855 0.306451 0.269201 0.234021 0.208763 0.209532 0.200089 0.189852 0.185778 0.184755 0.191158 0.188283 0.181548 0.176094 0.176718 0.174051 0.176771 0.179367 0.187992 0.196174 0.203876 0.204236 0.199471 -9999.0 -9999.0 -9999.0 -9999.0 -9999.0 -9999.0 -9999.0 -9999.0 -9999.0 -9999.0
-9999.0 -9999.0 -9999.0 -9999.0 -9999.0 -9999.0 0.163683 0.163675 0.164788 0.162475 0.164669 0.163642 0.165354 0.166387 0.167788 0.168329 0.171485 0.174672 0.179912 0.186925 0.193374 0.190891 0.192713 0.201834 0.218863 0.234826 0.246061 0.267333 0.324481 0.350127 0.356468 0.358798 0.361052 0.365406 0.368820 0.369358 0.368735 0.368031 0.368782 0.369690 0.369988 0.369990 0.369993 0.369996 0.370000 0.369999 0.369755 0.369319 0.369072 0.368746 0.366197 0.359951 0.343870 0.311773 0.256233 0.226555 0.222572 0.227684 0.215278 0.199190 0.189501 0.188748 0.186628 0.183603 0.185079 0.188841 0.194350 0.197669 0.194993 0.191084 0.187683 0.182208 0.182917 0.188148 -9999.0 -9999.0 -9999.0 -9999.0 -9999.0 -9999.0
-9999.0 -9999.0 -9999.0 -9999.0 0.159234 0.160501 0.157025 0.159211 0.161153 0.162851 0.163526 0.166385 0.167700 0.170085 0.174755 0.178980 0.185952 0.191895 0.206604 0.235706 0.265669 0.285160 0.298892 0.343756 0.361743 0.366518 0.367599 0.368776 0.369744 0.370000 0.370000 0.370000 0.370000 0.370000 0.370000 0.370000 0.370000 0.370000 0.370000 0.370000 0.370000 0.370000 0.370000 0.370000 0.370000 0.370000 0.370000 0.370000 0.370000 0.370000 0.370000 0.370000 0.369930 0.369678 0.369248 0.367677 0.361857 0.356879 0.330576 0.289723 0.245318 0.230771 0.216718 0.208801 0.199587 0.200914 0.203045 0.198226 0.191722 0.185665 0.184256 0.181526 0.179178 0.185602 0.188504 0.195948 -9999.0 -9999.0 -9999.0 -9999.0
-9999.0 -9999.0 0.158353 0.158993 0.162821 0.161094 0.159963 0.158452 0.159590 0.163608 0.171525 0.176171 0.182492 0.186617 0.200823 0.235059 0.279881 0.316781 0.351950 0.363879 0.368131 0.369448 0.369971 0.369998 0.370000 0.370000 0.370000 0.370000 0.370000 0.370000 0.370000 0.370000 0.370000 0.370000 0.370000 0.370000 0.370000 0.370000 0.370000 0.370000 0.370000 0.370000 0.370000 0.370000 0.370000 0.370000 0.370000 0.370000 0.370000 0.370000 0.370000 0.370000 0.370000 0.370000 0.370000 0.370000 0.370000 0.369944 0.369805 0.369239 0.365230 0.359082 0.340977 0.302751 0.260882 0.241164 0.221589 0.209152 0.197823 0.187908 0.184442 0.182194 0.182992 0.182483 0.186020 0.189042 0.193005 0.194714 -9999.0 -9999.0
-9999.0 0.156559 0.156114 0.163011 0.165523 0.167777 0.170426 0.172730 0.175248 0.173952 0.196454 0.240517 0.291080 0.312113 0.347645 0.366416 0.369978 0.369997 0.369999 0.370000 0.370000 0.370000 0.370000 0.370000 0.370000 0.370000 0.370000 0.370000 0.370000 0.370000 0.370000 0.370000 0.370000 0.370000 0.370000 0.370000 0.370000 0.370000 0.370000 0.370000 0.370000 0.370000 0.370000 0.370000 0.370000 0.370000 0.370000 0.370000 0.370000 0.370000 0.370000 0.370000 0.370000 0.370000 0.370000 0.370000 0.370000 0.370000 0.370000 0.370000 0.369998 0.369919 0.369413 0.366818 0.360291 0.338221 0.291226 0.251725 0.222450 0.210776 0.203307 0.190111 0.186245 0.188315 0.186602 0.186358 0.187962 0.189309 -9999.0 -9999.0
-9999.0 0.150998 0.156779 0.165244 0.177411 0.181854 0.217821 0.254457 0.268884 0.252325 0.332508 0.369979 0.370000 0.370000 0.370000 0.370000 0.370000 0.370000 0.370000 0.370000 0.370000 0.370000 0.370000 0.370000 0.370000 0.370000 0.370000 0.370000 0.370000 0.370000 0.370000 0.370000 0.370000 0.370000 0.370000 0.370000 0.369997 0.369968 0.369820 0.369526 0.369295 0.369631 0.369470 0.369057 0.368951 0.369495 0.369844 0.369801 0.369832 0.369936 0.369995 0.370000 0.370000 0.370000 0.370000 0.370000 0.370000 0.370000 0.370000 0.370000 0.370000 0.370000 0.370000 0.369995 0.369782 0.367698 0.362981 0.355336 0.326222 0.290126 0.255867 0.227185 0.206805 0.201249 0.191588 0.188963 -9999.0 -9999.0 -9999.0 -9999.0
-9999.0 0.150204 0.156026 0.171603 0.215865 0.279810 0.361192 0.369714 0.370000 0.370000 0.370000 0.370000 0.370000 0.370000 0.370000 0.370000 0.370000 0.370000 0.370000 0.370000 0.370000 0.370000 0.370000 0.370000 0.370000 0.370000 0.370000 0.370000 0.370000 0.369995 0.369972 0.369939 0.369764 0.367306 0.364370 0.361328 0.346716 0.339664 0.330953 0.309875 0.296079 0.286514 0.298636 0.296334 0.295640 0.302936 0.319288 0.330726 0.351403 0.360002 0.364754 0.368319 0.369350 0.369860 0.369990 0.370000 0.370000 0.370000 0.370000 0.370000 0.370000 0.370000 0.370000 0.370000 0.370000 0.369993 0.369882 0.368767 0.365435 0.360635 0.354796 0.334769 0.283205 0.231159 0.216967 -9999.0 -9999.0 -9999.0 -9999.0 -9999.0
-9999.0 0.142610 0.155210 0.168259 0.240277 0.363223 0.369338 0.370000 0.370000 0.370000 0.370000 0.370000 0.370000 0.370000 0.370000 0.370000 0.370000 0.370000 0.370000 0.370000 0.369999 0.369994 0.369993 0.369986 0.369954 0.369894 0.369812 0.369598 0.368103 0.365104 0.356393 0.347675 0.303491 0.256033 0.232627 0.213699 0.196686 0.196783 0.201783 0.197018 0.191760 0.186810 0.193040 0.196282 0.199102 0.195913 0.197400 0.206713 0.222897 0.240806 0.269510 0.310808 0.341337 0.359305 0.363687 0.367921 0.369423 0.369898 0.369999 0.370000 0.370000 0.370000 0.370000 0.370000 0.370000 0.370000 0.370000 0.369994 0.369456 0.368233 0.367359 0.365659 0.360558 -9999.0 -9999.0 -9999.0 -9999.0 -9999.0 -9999.0 -9999.0
-9999.0 0.138839 0.151346 0.154561 0.177030 0.233016 0.326105 0.363587 0.369930 0.367868 0.367077 0.368435 0.369316 0.369654 0.369268 0.368174 0.366872 0.367113 0.367182 0.365481 0.362459 0.360795 0.360685 0.359268 0.351586 0.343573 0.337053 0.322464 0.294495 0.258010 0.218032 0.198311 0.184972 0.179860 0.176212 0.172573 0.167046 0.169700 0.172018 0.171409 0.169655 0.168521 0.172709 0.174574 0.175996 0.172581 0.175352 0.178479 0.184999 0.192204 0.202552 0.217904 0.238037 0.253600 0.265184 0.289127 0.323910 0.354968 0.366143 0.369732 0.369992 0.370000 0.370000 0.370000 0.370000 0.370000 0.370000 0.370000 0.369789 0.369347 0.369288 -9999.0 -9999.0 -9999.0 -9999.0 -9999.0 -9999.0 -9999.0 -9999.0 -9999.0
-9999.0 -9999.0 0.136214 0.141274 0.146004 0.152285 0.162133 0.175377 0.187267 0.203208 0.227739 0.257786 0.279264 0.289394 0.276338 0.251229 0.237567 0.238160 0.234452 0.227628 0.216447 0.212549 0.209721 0.207401 0.202598 0.200485 0.199438 0.197241 0.192723 0.183740 0.175999 0.170549 0.165250 0.164730 0.163659 0.161975 0.162943 0.162653 0.163131 0.162988 0.163403 0.164239 0.165423 0.166945 0.167255 0.167729 0.168447 0.170279 0.173164 0.177210 0.184489 0.194993 0.203424 0.205703 0.201915 0.203226 0.209315 0.224824 0.274819 0.341587 0.363445 0.368565 0.369857 0.369985 0.369996 0.370000 0.370000 0.369989 0.367201 0.368011 -9999.0 -9999.0 -9999.0 -9999.0 -9999.0 -9999.0 -9999.0 -9999.0 -9999.0 -9999.0
-9999.0 -9999.0 -9999.0 -9999.0 0.134092 0.141151 0.147902 0.147718 0.153561 0.158086 0.162871 0.168638 0.173654 0.176664 0.173670 0.172801 0.171938 0.172143 0.171290 0.170461 0.169965 0.169310 0.168536 0.167750 0.167963 0.168624 0.168718 0.167391 0.166910 0.164461 0.163698 0.161970 0.160358 0.158795 0.158871 0.158687 0.159208 0.158588 0.159541 0.159146 0.159990 0.160505 0.161668 0.163459 0.163250 0.164283 0.164534 0.165992 0.167209 0.171608 0.178723 0.187159 0.193111 0.193075 0.186400 0.183294 0.181871 0.186393 0.194997 0.213673 0.262386 0.318941 0.355440 0.363122 0.366104 0.368693 0.369623 0.369722 -9999.0 -9999.0 -9999.0 -9999.0 -9999.0 -9999.0 -9999.0 -9999.0 -9999.0 -9999.0 -9999.0 -9999.0
-9999.0 -9999.0 -9999.0 -9999.0 -9999.0 -9999.0 0.136996 0.140607 0.139709 0.142898 0.146033 0.148732 0.152508 0.152527 0.153683 0.156380 0.155990 0.154612 0.152976 0.155274 0.156351 0.156481 0.153819 0.154440 0.154744 0.155745 0.155646 0.155946 0.153714 0.156136 0.157252 0.156557 0.155876 0.156184 0.155595 0.157139 0.157323 0.156047 0.155719 0.157645 0.158339 0.158256 0.158862 0.160485 0.162697 0.163218 0.162478 0.161547 0.164171 0.170211 0.177690 0.184793 0.189576 0.190905 0.184960 0.177422 0.173754 0.173586 0.177207 0.184302 0.200354 0.212954 0.224220 0.236743 0.253801 0.324582 -9999.0 -9999.0 -9999.0 -9999.0 -9999.0 -9999.0 -9999.0 -9999.0 -9999.0 -9999.0 -9999.0 -9999.0 -9999.0 -9999.0
-9999.0 -9999.0 -9999.0 -9999.0 -9999.0 -9999.0 -9999.0 -9999.0 -9999.0 -9999.0 -9999.0 -9999.0 -9999.0 -9999.0 -9999.0 -9999.0 -9999.0 -9999.0 -9999.0 -9999.0 -9999.0 -9999.0 -9999.0 -9999.0 -9999.0 -9999.0 -9999.0 -9999.0 -9999.0 -9999.0 -9999.0 -9999.0 -9999.0 -9999.0 -9999.0 -9999.0 -9999.0 -9999.0 -9999.0 -9999.0 -9999.0 -9999.0 -9999.0 -9999.0 -9999.0 -9999.0 -9999.0 -9999.0 -9999.0 -9999.0 -9999.0 -9999.0 -9999.0 -9999.0 -9999.0 -9999.0 -9999.0 -9999.0 -9999.0 -9999.0 -9999.0 -9999.0 -9999.0 -9999.0 -9999.0 -9999.0 -9999.0 -9999.0 -9999.0 -9999.0 -9999.0 -9999.0 -9999.0 -9999.0 -9999.0 -9999.0 -9999.0 -9999.0 -9999.0 -9999.0
-9999.0 -9999.0 -9999.0 -9999.0 -9999.0 -9999.0 -9999.0 -9999.0 -9999.0 -9999.0 -9999.0 -9999.0 -9999.0 -9999.0 -9999.0 -9999.0 -9999.0 -9999.0 -9999.0 -9999.0 -9999.0 -9999.0 -9999.0 -9999.0 -9999.0 -9999.0 -9999.0 -9999.0 -9999.0 -9999.0 -9999.0 -9999.0 -9999.0 -9999.0 -9999.0 -9999.0 -9999.0 -9999.0 -9999.0 -9999.0 -9999.0 -9999.0 -9999.0 -9999.0 -9999.0 -9999.0 -9999.0 -9999.0 -9999.0 -9999.0 -9999.0 -9999.0 -9999.0 -9999.0 -9999.0 -9999.0 -9999.0 -9999.0 -9999.0 -9999.0 -9999.0 -9999.0 -9999.0 -9999.0 -9999.0 -9999.0 -9999.0 -9999.0 -9999.0 -9999.0 -9999.0 -9999.0 -9999.0 -9999.0 -9999.0 -9999.0 -9999.0 -9999.0 -9999.0 -9999.0