Borden_/Borden1m_014/output_maps/thetasurfN0031.asc
ncols         80
nrows         18
xllcorner     620200.000000
yllcorner     5168000.000000
cellsize      1.000000
NODATA_value  -9999.0
-9999.0 -9999.0 -9999.0 -9999.0 -9999.0 -9999.0 -9999.0 -9999.0 -9999.0 -9999.0 -9999.0 -9999.0 -9999.0 -9999.0 -9999.0 -9999.0 -9999.0 -9999.0 -9999.0 -9999.0 -9999.0 -9999.0 -9999.0 -9999.0 -9999.0 -9999.0 -9999.0 -9999.0 -9999.0 -9999.0 -9999.0 -9999.0 -9999.0 -9999.0 -9999.0 -9999.0 -9999.0 -9999.0 -9999.0 -9999.0 -9999.0 -9999.0 -9999.0 -9999.0 -9999.0 -9999.0 -9999.0 -9999.0 -9999.0 -9999.0 -9999.0 -9999.0 -9999.0 -9999.0 -9999.0 -9999.0 -9999.0 -9999.0 -9999.0 -9999.0 -9999.0 -9999.0 -9999.0 -9999.0 -9999.0 -9999.0 -9999.0 -9999.0 -9999.0 -9999.0 -9999.0 -9999.0 -9999.0 -9999.0 -9999.0 -9999.0 -9999.0 -9999.0 -9999.0 -9999.0
-9999.0 -9999.0 -9999.0 -9999.0 -9999.0 -9999.0 -9999.0 -9999.0 -9999.0 -9999.0 -9999.0 -9999.0 -9999.0 -9999.0 -9999.0 -9999.0 -9999.0 -9999.0 -9999.0 -9999.0 -9999.0 -9999.0 -9999.0 -9999.0 -9999.0 -9999.0 -9999.0 -9999.0 -9999.0 -9999.0 -9999.0 -9999.0 -9999.0 -9999.0 -9999.0 -9999.0 -9999.0 -9999.0 -9999.0 -9999.0 -9999.0 -9999.0 -9999.0 -9999.0 -9999.0 -9999.0 -9999.0 -9999.0 -9999.0 -9999.0 -9999.0 -9999.0 -9999.0 -9999.0 -9999.0 -9999.0 -9999.0 -9999.0 -9999.0 -9999.0 -9999.0 -9999.0 -9999.0 -9999.0 -9999.0 -9999.0 -9999.0 -9999.0 -9999.0 -9999.0 -9999.0 -9999.0 -9999.0 -9999.0 -9999.0 -9999.0 -9999.0 -9999.0 -9999.0 -9999.0
-9999.0 -9999.0 -9999.0 -9999.0 -9999.0 -9999.0 -9999.0 -9999.0 -9999.0 -9999.0 -9999.0 -9999.0 -9999.0 -9999.0 -9999.0 -9999.0 -9999.0 -9999.0 -9999.0 -9999.0 0.182068 0.182660 0.181367 0.179920 0.178724 0.178579 0.179926 0.181511 0.183366 0.183766 0.182274 0.182618 0.182032 0.181731 0.181722 0.182124 0.182305 0.182915 0.183311 0.183147 0.182694 0.182365 0.182054 0.182163 0.182667 0.182000 0.183012 0.184036 0.184416 0.184385 0.182964 0.182368 0.182155 0.181021 0.183087 0.183726 0.185328 0.185495 0.185784 0.183975 0.182236 -9999.0 -9999.0 -9999.0 -9999.0 -9999.0 -9999.0 -9999.0 -9999.0 -9999.0 -9999.0 -9999.0 -9999.0 -9999.0 -9999.0 -9999.0 -9999.0 -9999.0 -9999.0 -9999.0
-9999.0 -9999.0 -9999.0 -9999.0 -9999.0 -9999.0 -9999.0 -9999.0 -9999.0 -9999.0 -9999.0 -9999.0 -9999.0 -9999.0 0.179684 0.179010 0.178700 0.178517 0.179722 0.180681 0.180735 0.180029 0.180592 0.179231 0.178055 0.178777 0.179815 0.180697 0.182169 0.183330 0.182269 0.182010 0.182598 0.184687 0.185663 0.185236 0.182828 0.185070 0.186278 0.187087 0.186988 0.185872 0.187480 0.189372 0.188418 0.186439 0.186804 0.187895 0.189766 0.188718 0.182675 0.182008 0.182294 0.182387 0.181613 0.181051 0.183135 0.182858 0.182501 0.182098 0.180867 0.178938 0.178100 0.180071 0.181911 0.185802 -9999.0 -9999.0 -9999.0 -9999.0 -9999.0 -9999.0 -9999.0 -9999.0 -9999.0 -9999.0 -9999.0 -9999.0 -9999.0 -9999.0
-9999.0 -9999.0 -9999.0 -9999.0 -9999.0 -9999.0 -9999.0 -9999.0 -9999.0 0.178577 0.178386 0.178567 0.178131 0.178709 0.177757 0.177979 0.177828 0.178634 0.179316 0.180499 0.182095 0.180929 0.180785 0.181653 0.181827 0.182193 0.182935 0.185697 0.189060 0.194516 0.189968 0.189785 0.192280 0.202111 0.212227 0.215818 0.209997 0.209913 0.216969 0.226506 0.227060 0.226241 0.237706 0.245491 0.251207 0.239208 0.227980 0.226274 0.239810 0.217523 0.202020 0.191279 0.191824 0.188339 0.184703 0.183363 0.182886 0.185358 0.184381 0.182113 0.180318 0.180854 0.179879 0.180821 0.181520 0.184454 0.187208 0.189974 0.190118 0.188347 -9999.0 -9999.0 -9999.0 -9999.0 -9999.0 -9999.0 -9999.0 -9999.0 -9999.0 -9999.0
-9999.0 -9999.0 -9999.0 -9999.0 -9999.0 -9999.0 0.177420 0.177334 0.177692 0.176550 0.177352 0.176795 0.177402 0.177676 0.178070 0.178108 0.179168 0.180112 0.181758 0.184023 0.186197 0.185115 0.185700 0.188967 0.195792 0.202689 0.207324 0.216487 0.256513 0.299812 0.315946 0.322947 0.330335 0.343498 0.359218 0.364081 0.358590 0.354156 0.358142 0.364958 0.369477 0.369490 0.369571 0.369658 0.369870 0.369845 0.365618 0.361637 0.359844 0.357930 0.346290 0.327195 0.287560 0.243703 0.211748 0.198989 0.196849 0.198649 0.193865 0.187995 0.184673 0.184618 0.183978 0.182812 0.183319 0.184513 0.186414 0.187617 0.186687 0.185433 0.184480 0.182551 0.182846 0.184721 -9999.0 -9999.0 -9999.0 -9999.0 -9999.0 -9999.0
-9999.0 -9999.0 -9999.0 -9999.0 0.175650 0.176171 0.174623 0.175486 0.176170 0.176689 0.176712 0.177677 0.177959 0.178662 0.180199 0.181484 0.183765 0.185550 0.190703 0.202586 0.216078 0.225909 0.233296 0.286752 0.331695 0.347555 0.352065 0.358165 0.365536 0.369901 0.369972 0.369977 0.369993 0.369999 0.370000 0.370000 0.370000 0.370000 0.370000 0.370000 0.370000 0.370000 0.370000 0.370000 0.370000 0.370000 0.370000 0.370000 0.369996 0.370000 0.369999 0.369950 0.367908 0.364811 0.361349 0.352666 0.332268 0.318550 0.264611 0.228190 0.206486 0.200045 0.194332 0.191506 0.187992 0.188542 0.189434 0.187683 0.185487 0.183462 0.183190 0.182327 0.181401 0.183772 0.184649 0.187359 -9999.0 -9999.0 -9999.0 -9999.0
-9999.0 -9999.0 0.175560 0.175625 0.177053 0.176179 0.175692 0.174952 0.175258 0.176644 0.179415 0.180709 0.182745 0.183852 0.188790 0.202745 0.223813 0.247571 0.305352 0.337805 0.354493 0.362855 0.369145 0.369576 0.369967 0.369977 0.370000 0.369999 0.370000 0.370000 0.370000 0.370000 0.370000 0.370000 0.370000 0.370000 0.370000 0.370000 0.370000 0.370000 0.370000 0.370000 0.370000 0.370000 0.370000 0.370000 0.370000 0.370000 0.370000 0.370000 0.370000 0.370000 0.370000 0.369999 0.370000 0.369979 0.369942 0.368177 0.366218 0.361227 0.342511 0.324758 0.282584 0.235857 0.212820 0.203976 0.196016 0.191427 0.187471 0.184033 0.182997 0.182375 0.182810 0.182494 0.183766 0.184758 0.186232 0.186804 -9999.0 -9999.0
-9999.0 0.175183 0.174722 0.177288 0.177748 0.178323 0.179187 0.179930 0.180664 0.179603 0.187590 0.206170 0.230718 0.243774 0.295541 0.347091 0.369308 0.369534 0.369915 0.369914 0.369990 0.370000 0.370000 0.370000 0.370000 0.370000 0.370000 0.370000 0.370000 0.370000 0.370000 0.370000 0.370000 0.370000 0.370000 0.370000 0.370000 0.370000 0.370000 0.370000 0.370000 0.370000 0.370000 0.369999 0.369999 0.370000 0.370000 0.370000 0.369996 0.370000 0.370000 0.370000 0.370000 0.370000 0.370000 0.370000 0.370000 0.370000 0.370000 0.369999 0.369654 0.367727 0.362616 0.348386 0.327384 0.277803 0.228024 0.208407 0.196276 0.192102 0.189597 0.184789 0.183550 0.184493 0.183870 0.183797 0.184374 0.184829 -9999.0 -9999.0
-9999.0 0.172975 0.175254 0.178045 0.181730 0.182457 0.196749 0.212783 0.219892 0.210653 0.269530 0.369428 0.369941 0.369941 0.369997 0.370000 0.370000 0.370000 0.370000 0.370000 0.370000 0.370000 0.370000 0.370000 0.370000 0.370000 0.370000 0.370000 0.370000 0.370000 0.369999 0.370000 0.369996 0.369997 0.369975 0.369950 0.369740 0.368692 0.366362 0.363347 0.361425 0.364287 0.362830 0.359702 0.358988 0.363066 0.366639 0.366085 0.366496 0.367991 0.369446 0.369989 0.369997 0.369995 0.370000 0.370000 0.370000 0.370000 0.370000 0.370000 0.370000 0.370000 0.369998 0.369457 0.366034 0.352662 0.335437 0.316870 0.261122 0.228626 0.210868 0.198486 0.190595 0.188828 0.185345 0.184733 -9999.0 -9999.0 -9999.0 -9999.0
-9999.0 0.173028 0.175317 0.180776 0.195845 0.225592 0.330596 0.365515 0.369992 0.369887 0.370000 0.370000 0.370000 0.370000 0.370000 0.370000 0.370000 0.370000 0.370000 0.370000 0.370000 0.370000 0.370000 0.370000 0.370000 0.370000 0.370000 0.369999 0.369847 0.369434 0.368726 0.368061 0.365761 0.350649 0.339794 0.330885 0.293293 0.279561 0.265516 0.241920 0.232299 0.226815 0.234237 0.232295 0.231626 0.236608 0.250892 0.264472 0.304318 0.326880 0.340571 0.355449 0.362032 0.366884 0.369230 0.369992 0.369999 0.370000 0.370000 0.370000 0.370000 0.370000 0.370000 0.370000 0.369999 0.369368 0.367319 0.358951 0.344567 0.330064 0.316569 0.275557 0.224827 0.200299 0.194769 -9999.0 -9999.0 -9999.0 -9999.0 -9999.0
-9999.0 0.170234 0.175684 0.180227 0.208764 0.337351 0.362455 0.370000 0.370000 0.370000 0.369864 0.369999 0.370000 0.370000 0.370000 0.369999 0.369999 0.369998 0.370000 0.369993 0.369693 0.369434 0.369395 0.369128 0.368363 0.367354 0.366278 0.364089 0.354261 0.341927 0.318233 0.296741 0.237765 0.211866 0.201759 0.194024 0.187475 0.187571 0.189515 0.187719 0.185868 0.183988 0.186241 0.187299 0.188329 0.187084 0.187477 0.190801 0.196805 0.204048 0.217036 0.241730 0.281907 0.324817 0.337059 0.353377 0.362589 0.367424 0.369714 0.370000 0.370000 0.370000 0.370000 0.370000 0.370000 0.370000 0.369999 0.369472 0.363565 0.356613 0.352405 0.345215 0.329471 -9999.0 -9999.0 -9999.0 -9999.0 -9999.0 -9999.0 -9999.0
-9999.0 0.168428 0.174336 0.175634 0.183863 0.205477 0.265273 0.339277 0.369115 0.354152 0.349834 0.356157 0.361711 0.364568 0.361372 0.354857 0.348929 0.350035 0.350503 0.343952 0.334484 0.330056 0.329756 0.325627 0.304983 0.287210 0.275399 0.254827 0.231485 0.212775 0.195277 0.188205 0.183643 0.182063 0.180947 0.179805 0.177708 0.178803 0.179684 0.179437 0.178756 0.178246 0.179778 0.180323 0.180822 0.179402 0.180391 0.181331 0.183473 0.185766 0.189218 0.194711 0.202591 0.209282 0.214853 0.227132 0.255029 0.313876 0.345620 0.365490 0.369332 0.369987 0.369995 0.370000 0.370000 0.370000 0.370000 0.370000 0.366440 0.362985 0.362547 -9999.0 -9999.0 -9999.0 -9999.0 -9999.0 -9999.0 -9999.0 -9999.0 -9999.0
-9999.0 -9999.0 0.167419 0.169914 0.172329 0.174736 0.178192 0.182963 0.186827 0.192270 0.201559 0.214218 0.224438 0.230004 0.222682 0.210419 0.204358 0.204763 0.203255 0.200301 0.195457 0.193747 0.192647 0.191766 0.189883 0.189089 0.188752 0.188062 0.186591 0.183519 0.180914 0.179208 0.177398 0.177432 0.177127 0.176498 0.176938 0.176830 0.176999 0.176903 0.177018 0.177282 0.177633 0.178101 0.178127 0.178245 0.178430 0.178974 0.179823 0.180960 0.183219 0.186693 0.189538 0.190284 0.188844 0.189370 0.191589 0.197287 0.219716 0.284358 0.336135 0.356962 0.366893 0.369112 0.369546 0.369980 0.370000 0.369303 0.353046 0.356257 -9999.0 -9999.0 -9999.0 -9999.0 -9999.0 -9999.0 -9999.0 -9999.0 -9999.0 -9999.0
-9999.0 -9999.0 -9999.0 -9999.0 0.166683 0.169945 0.172961 0.172714 0.174932 0.176271 0.177614 0.179306 0.180714 0.181689 0.180409 0.180005 0.179712 0.179914 0.179667 0.179298 0.179087 0.178881 0.178713 0.178431 0.178508 0.178739 0.178801 0.178333 0.178320 0.177377 0.177188 0.176650 0.176131 0.175561 0.175658 0.175571 0.175807 0.175556 0.175956 0.175705 0.176000 0.176140 0.176518 0.177125 0.176891 0.177245 0.177274 0.177762 0.177976 0.179300 0.181521 0.184217 0.186141 0.186075 0.183672 0.182710 0.182202 0.183746 0.186566 0.193113 0.213643 0.249258 0.315141 0.335967 0.346195 0.358261 0.364743 0.365672 -9999.0 -9999.0 -9999.0 -9999.0 -9999.0 -9999.0 -9999.0 -9999.0 -9999.0 -9999.0 -9999.0 -9999.0
-9999.0 -9999.0 -9999.0 -9999.0 -9999.0 -9999.0 0.167908 0.169461 0.169111 0.170179 0.171119 0.171922 0.173244 0.173011 0.173319 0.174371 0.174185 0.173681 0.173059 0.173991 0.174358 0.174463 0.173425 0.173702 0.173787 0.174199 0.174157 0.174325 0.173406 0.174420 0.174893 0.174673 0.174460 0.174640 0.174398 0.175070 0.175149 0.174611 0.174469 0.175239 0.175455 0.175347 0.175514 0.176062 0.176867 0.176985 0.176626 0.176137 0.177006 0.178998 0.181340 0.183522 0.185012 0.185518 0.183500 0.180911 0.179668 0.179538 0.180636 0.182802 0.188261 0.192547 0.196560 0.202043 0.209042 0.255467 -9999.0 -9999.0 -9999.0 -9999.0 -9999.0 -9999.0 -9999.0 -9999.0 -9999.0 -9999.0 -9999.0 -9999.0 -9999.0 -9999.0
-9999.0 -9999.0 -9999.0 -9999.0 -9999.0 -9999.0 -9999.0 -9999.0 -9999.0 -9999.0 -9999.0 -9999.0 -9999.0 -9999.0 -9999.0 -9999.0 -9999.0 -9999.0 -9999.0 -9999.0 -9999.0 -9999.0 -9999.0 -9999.0 -9999.0 -9999.0 -9999.0 -9999.0 -9999.0 -9999.0 -9999.0 -9999.0 -9999.0 -9999.0 -9999.0 -9999.0 -9999.0 -9999.0 -9999.0 -9999.0 -9999.0 -9999.0 -9999.0 -9999.0 -9999.0 -9999.0 -9999.0 -9999.0 -9999.0 -9999.0 -9999.0 -9999.0 -9999.0 -9999.0 -9999.0 -9999.0 -9999.0 -9999.0 -9999.0 -9999.0 -9999.0 -9999.0 -9999.0 -9999.0 -9999.0 -9999.0 -9999.0 -9999.0 -9999.0 -9999.0 -9999.0 -9999.0 -9999.0 -9999.0 -9999.0 -9999.0 -9999.0 -9999.0 -9999.0 -9999.0
-9999.0 -9999.0 -9999.0 -9999.0 -9999.0 -9999.0 -9999.0 -9999.0 -9999.0 -9999.0 -9999.0 -9999.0 -9999.0 -9999.0 -9999.0 -9999.0 -9999.0 -9999.0 -9999.0 -9999.0 -9999.0 -9999.0 -9999.0 -9999.0 -9999.0 -9999.0 -9999.0 -9999.0 -9999.0 -9999.0 -9999.0 -9999.0 -9999.0 -9999.0 -9999.0 -9999.0 -9999.0 -9999.0 -9999.0 -9999.0 -9999.0 -9999.0 -9999.0 -9999.0 -9999.0 -9999.0 -9999.0 -9999.0 -9999.0 -9999.0 -9999.0 -9999.0 -9999.0 -9999.0 -9999.0 -9999.0 -9999.0 -9999.0 -9999.0 -9999.0 -9999.0 -9999.0 -9999.0 -9999.0 -9999.0 -9999.0 -9999.0 -9999.0 -9999.0 -9999.0 -9999.0 -9999.0 -9999.0 -9999.0 -9999.0 -9999.0 -9999.0 -9999.0 -9999.0 -9999.0