Borden_/Borden1m_014/output_maps/thetaliqL0008N0019.asc
ncols         80
nrows         18
xllcorner     620200.000000
yllcorner     5168000.000000
cellsize      1.000000
NODATA_value  -9999.0
-9999.0 -9999.0 -9999.0 -9999.0 -9999.0 -9999.0 -9999.0 -9999.0 -9999.0 -9999.0 -9999.0 -9999.0 -9999.0 -9999.0 -9999.0 -9999.0 -9999.0 -9999.0 -9999.0 -9999.0 -9999.0 -9999.0 -9999.0 -9999.0 -9999.0 -9999.0 -9999.0 -9999.0 -9999.0 -9999.0 -9999.0 -9999.0 -9999.0 -9999.0 -9999.0 -9999.0 -9999.0 -9999.0 -9999.0 -9999.0 -9999.0 -9999.0 -9999.0 -9999.0 -9999.0 -9999.0 -9999.0 -9999.0 -9999.0 -9999.0 -9999.0 -9999.0 -9999.0 -9999.0 -9999.0 -9999.0 -9999.0 -9999.0 -9999.0 -9999.0 -9999.0 -9999.0 -9999.0 -9999.0 -9999.0 -9999.0 -9999.0 -9999.0 -9999.0 -9999.0 -9999.0 -9999.0 -9999.0 -9999.0 -9999.0 -9999.0 -9999.0 -9999.0 -9999.0 -9999.0
-9999.0 -9999.0 -9999.0 -9999.0 -9999.0 -9999.0 -9999.0 -9999.0 -9999.0 -9999.0 -9999.0 -9999.0 -9999.0 -9999.0 -9999.0 -9999.0 -9999.0 -9999.0 -9999.0 -9999.0 -9999.0 -9999.0 -9999.0 -9999.0 -9999.0 -9999.0 -9999.0 -9999.0 -9999.0 -9999.0 -9999.0 -9999.0 -9999.0 -9999.0 -9999.0 -9999.0 -9999.0 -9999.0 -9999.0 -9999.0 -9999.0 -9999.0 -9999.0 -9999.0 -9999.0 -9999.0 -9999.0 -9999.0 -9999.0 -9999.0 -9999.0 -9999.0 -9999.0 -9999.0 -9999.0 -9999.0 -9999.0 -9999.0 -9999.0 -9999.0 -9999.0 -9999.0 -9999.0 -9999.0 -9999.0 -9999.0 -9999.0 -9999.0 -9999.0 -9999.0 -9999.0 -9999.0 -9999.0 -9999.0 -9999.0 -9999.0 -9999.0 -9999.0 -9999.0 -9999.0
-9999.0 -9999.0 -9999.0 -9999.0 -9999.0 -9999.0 -9999.0 -9999.0 -9999.0 -9999.0 -9999.0 -9999.0 -9999.0 -9999.0 -9999.0 -9999.0 -9999.0 -9999.0 -9999.0 -9999.0 0.365524 0.365813 0.363204 0.356990 0.348966 0.349567 0.358809 0.365071 0.367961 0.368450 0.367554 0.367648 0.367354 0.367365 0.367567 0.367911 0.368052 0.368560 0.368859 0.368852 0.368640 0.368414 0.368363 0.368511 0.368699 0.368349 0.368854 0.369267 0.369397 0.369290 0.368448 0.367655 0.367123 0.365967 0.367728 0.368349 0.369126 0.369231 0.369202 0.368309 0.366473 -9999.0 -9999.0 -9999.0 -9999.0 -9999.0 -9999.0 -9999.0 -9999.0 -9999.0 -9999.0 -9999.0 -9999.0 -9999.0 -9999.0 -9999.0 -9999.0 -9999.0 -9999.0 -9999.0
-9999.0 -9999.0 -9999.0 -9999.0 -9999.0 -9999.0 -9999.0 -9999.0 -9999.0 -9999.0 -9999.0 -9999.0 -9999.0 -9999.0 0.346303 0.342336 0.341001 0.344354 0.355102 0.361392 0.363305 0.362189 0.362162 0.357741 0.352573 0.356339 0.362121 0.365930 0.368214 0.368988 0.368575 0.368485 0.368888 0.369531 0.369723 0.369699 0.369391 0.369715 0.369847 0.369898 0.369895 0.369850 0.369921 0.369964 0.369950 0.369888 0.369901 0.369941 0.369972 0.369937 0.369272 0.368627 0.368473 0.368162 0.367425 0.366981 0.368365 0.368405 0.368026 0.366945 0.363790 0.355653 0.350663 0.360191 0.366101 0.369121 -9999.0 -9999.0 -9999.0 -9999.0 -9999.0 -9999.0 -9999.0 -9999.0 -9999.0 -9999.0 -9999.0 -9999.0 -9999.0 -9999.0
-9999.0 -9999.0 -9999.0 -9999.0 -9999.0 -9999.0 -9999.0 -9999.0 -9999.0 0.319266 0.321271 0.325158 0.325963 0.333917 0.332969 0.336168 0.339625 0.349467 0.357900 0.363889 0.366764 0.365938 0.365976 0.366990 0.367506 0.368230 0.369008 0.369737 0.369960 0.369998 0.369985 0.369985 0.369997 0.370000 0.370000 0.370000 0.370000 0.370000 0.370000 0.370000 0.370000 0.370000 0.370000 0.370000 0.370000 0.370000 0.370000 0.370000 0.370000 0.370000 0.370000 0.369994 0.369992 0.369940 0.369660 0.369274 0.369186 0.369584 0.369307 0.368019 0.365312 0.364248 0.361939 0.364223 0.366502 0.368949 0.369688 0.369896 0.369898 0.369799 -9999.0 -9999.0 -9999.0 -9999.0 -9999.0 -9999.0 -9999.0 -9999.0 -9999.0 -9999.0
-9999.0 -9999.0 -9999.0 -9999.0 -9999.0 -9999.0 0.262637 0.269456 0.284600 0.288582 0.305727 0.310481 0.322850 0.333016 0.342156 0.348465 0.357211 0.363155 0.367311 0.369197 0.369731 0.369696 0.369802 0.369963 0.369999 0.370000 0.370000 0.370000 0.370000 0.370000 0.370000 0.370000 0.370000 0.370000 0.370000 0.370000 0.370000 0.370000 0.370000 0.370000 0.370000 0.370000 0.370000 0.370000 0.370000 0.370000 0.370000 0.370000 0.370000 0.370000 0.370000 0.370000 0.370000 0.370000 0.370000 0.370000 0.370000 0.370000 0.369997 0.369925 0.369584 0.369392 0.369031 0.368543 0.368732 0.369274 0.369659 0.369775 0.369653 0.369332 0.368709 0.367315 0.367429 0.368665 -9999.0 -9999.0 -9999.0 -9999.0 -9999.0 -9999.0
-9999.0 -9999.0 -9999.0 -9999.0 0.222833 0.232385 0.222854 0.241302 0.266797 0.292118 0.314137 0.334778 0.346099 0.355282 0.363371 0.367216 0.369150 0.369750 0.369985 0.370000 0.370000 0.370000 0.370000 0.370000 0.370000 0.370000 0.370000 0.370000 0.370000 0.370000 0.370000 0.370000 0.370000 0.370000 0.370000 0.370000 0.370000 0.370000 0.370000 0.370000 0.370000 0.370000 0.370000 0.370000 0.370000 0.370000 0.370000 0.370000 0.370000 0.370000 0.370000 0.370000 0.370000 0.370000 0.370000 0.370000 0.370000 0.370000 0.370000 0.370000 0.370000 0.370000 0.369998 0.369986 0.369924 0.369921 0.369928 0.369833 0.369509 0.368741 0.368140 0.367070 0.366307 0.368213 0.368894 0.369570 -9999.0 -9999.0 -9999.0 -9999.0
-9999.0 -9999.0 0.181118 0.216778 0.261198 0.267642 0.268955 0.272383 0.292585 0.325428 0.356393 0.365266 0.368415 0.369372 0.369948 0.370000 0.370000 0.370000 0.370000 0.370000 0.370000 0.370000 0.370000 0.370000 0.370000 0.370000 0.370000 0.370000 0.370000 0.370000 0.370000 0.370000 0.370000 0.370000 0.370000 0.370000 0.370000 0.370000 0.370000 0.370000 0.370000 0.370000 0.370000 0.370000 0.370000 0.370000 0.370000 0.370000 0.370000 0.370000 0.370000 0.370000 0.370000 0.370000 0.370000 0.370000 0.370000 0.370000 0.370000 0.370000 0.370000 0.370000 0.370000 0.370000 0.370000 0.370000 0.369999 0.369984 0.369853 0.369293 0.368626 0.367792 0.367672 0.367714 0.368490 0.369023 0.369385 0.369521 -9999.0 -9999.0
-9999.0 0.130497 0.165081 0.258150 0.316004 0.339594 0.353901 0.360491 0.364149 0.365819 0.369839 0.370000 0.370000 0.370000 0.370000 0.370000 0.370000 0.370000 0.370000 0.370000 0.370000 0.370000 0.370000 0.370000 0.370000 0.370000 0.370000 0.370000 0.370000 0.370000 0.370000 0.370000 0.370000 0.370000 0.370000 0.370000 0.370000 0.370000 0.370000 0.370000 0.370000 0.370000 0.370000 0.370000 0.370000 0.370000 0.370000 0.370000 0.370000 0.370000 0.370000 0.370000 0.370000 0.370000 0.370000 0.370000 0.370000 0.370000 0.370000 0.370000 0.370000 0.370000 0.370000 0.370000 0.370000 0.370000 0.370000 0.370000 0.370000 0.369988 0.369934 0.369504 0.368983 0.369019 0.368728 0.368639 0.368866 0.369057 -9999.0 -9999.0
-9999.0 0.108507 0.164907 0.302659 0.362460 0.368242 0.369986 0.370000 0.370000 0.370000 0.370000 0.370000 0.370000 0.370000 0.370000 0.370000 0.370000 0.370000 0.370000 0.370000 0.370000 0.370000 0.370000 0.370000 0.370000 0.370000 0.370000 0.370000 0.370000 0.370000 0.370000 0.370000 0.370000 0.370000 0.370000 0.370000 0.370000 0.370000 0.370000 0.370000 0.370000 0.370000 0.370000 0.370000 0.370000 0.370000 0.370000 0.370000 0.370000 0.370000 0.370000 0.370000 0.370000 0.370000 0.370000 0.370000 0.370000 0.370000 0.370000 0.370000 0.370000 0.370000 0.370000 0.370000 0.370000 0.370000 0.370000 0.370000 0.370000 0.370000 0.370000 0.370000 0.369971 0.369883 0.369496 0.369040 -9999.0 -9999.0 -9999.0 -9999.0
-9999.0 0.095557 0.155602 0.338992 0.369970 0.370000 0.370000 0.370000 0.370000 0.370000 0.370000 0.370000 0.370000 0.370000 0.370000 0.370000 0.370000 0.370000 0.370000 0.370000 0.370000 0.370000 0.370000 0.370000 0.370000 0.370000 0.370000 0.370000 0.370000 0.370000 0.370000 0.370000 0.370000 0.370000 0.370000 0.370000 0.370000 0.370000 0.370000 0.370000 0.370000 0.370000 0.370000 0.370000 0.370000 0.370000 0.370000 0.370000 0.370000 0.370000 0.370000 0.370000 0.370000 0.370000 0.370000 0.370000 0.370000 0.370000 0.370000 0.370000 0.370000 0.370000 0.370000 0.370000 0.370000 0.370000 0.370000 0.370000 0.370000 0.370000 0.370000 0.370000 0.370000 0.370000 0.369990 -9999.0 -9999.0 -9999.0 -9999.0 -9999.0
-9999.0 0.079726 0.122761 0.314494 0.369996 0.370000 0.370000 0.370000 0.370000 0.370000 0.370000 0.370000 0.370000 0.370000 0.370000 0.370000 0.370000 0.370000 0.370000 0.370000 0.370000 0.370000 0.370000 0.370000 0.370000 0.370000 0.370000 0.370000 0.370000 0.370000 0.370000 0.370000 0.370000 0.370000 0.370000 0.369995 0.369884 0.369862 0.369925 0.369841 0.369633 0.369325 0.369708 0.369835 0.369893 0.369844 0.369895 0.369982 0.370000 0.370000 0.370000 0.370000 0.370000 0.370000 0.370000 0.370000 0.370000 0.370000 0.370000 0.370000 0.370000 0.370000 0.370000 0.370000 0.370000 0.370000 0.370000 0.370000 0.370000 0.370000 0.370000 0.370000 0.370000 -9999.0 -9999.0 -9999.0 -9999.0 -9999.0 -9999.0 -9999.0
-9999.0 0.073796 0.088131 0.157055 0.352801 0.369991 0.370000 0.370000 0.370000 0.370000 0.370000 0.370000 0.370000 0.370000 0.370000 0.370000 0.370000 0.370000 0.370000 0.370000 0.370000 0.370000 0.370000 0.370000 0.370000 0.370000 0.370000 0.370000 0.370000 0.370000 0.369998 0.369893 0.368996 0.367374 0.364709 0.359516 0.349095 0.352407 0.356346 0.355169 0.351659 0.350210 0.358099 0.361556 0.363065 0.360967 0.363721 0.366510 0.368785 0.369666 0.369953 0.369999 0.370000 0.370000 0.370000 0.370000 0.370000 0.370000 0.370000 0.370000 0.370000 0.370000 0.370000 0.370000 0.370000 0.370000 0.370000 0.370000 0.370000 0.370000 0.370000 -9999.0 -9999.0 -9999.0 -9999.0 -9999.0 -9999.0 -9999.0 -9999.0 -9999.0
-9999.0 -9999.0 0.073666 0.083599 0.107478 0.187942 0.301907 0.354730 0.366646 0.369741 0.369998 0.370000 0.370000 0.370000 0.370000 0.370000 0.370000 0.370000 0.370000 0.370000 0.369997 0.369993 0.369986 0.369976 0.369946 0.369916 0.369889 0.369817 0.369572 0.368278 0.363990 0.353656 0.332443 0.318579 0.304387 0.287985 0.285264 0.284191 0.289561 0.290472 0.294303 0.302583 0.316275 0.328476 0.333200 0.336389 0.341794 0.350319 0.358862 0.365052 0.368577 0.369743 0.369946 0.369970 0.369954 0.369968 0.369993 0.370000 0.370000 0.370000 0.370000 0.370000 0.370000 0.370000 0.370000 0.370000 0.370000 0.370000 0.370000 0.370000 -9999.0 -9999.0 -9999.0 -9999.0 -9999.0 -9999.0 -9999.0 -9999.0 -9999.0 -9999.0
-9999.0 -9999.0 -9999.0 -9999.0 0.075276 0.084844 0.096533 0.114245 0.162775 0.237435 0.307682 0.346857 0.360551 0.364018 0.362382 0.361346 0.359784 0.359067 0.357165 0.355658 0.353958 0.351565 0.347867 0.345047 0.344696 0.345980 0.345275 0.340084 0.332887 0.317668 0.301786 0.275514 0.245766 0.222619 0.212761 0.207609 0.207980 0.204106 0.211388 0.216184 0.227805 0.240203 0.259689 0.282031 0.291352 0.301435 0.307945 0.320911 0.336482 0.355100 0.365526 0.368851 0.369574 0.369608 0.369084 0.368539 0.368386 0.369268 0.369868 0.369998 0.370000 0.370000 0.370000 0.370000 0.370000 0.370000 0.370000 0.370000 -9999.0 -9999.0 -9999.0 -9999.0 -9999.0 -9999.0 -9999.0 -9999.0 -9999.0 -9999.0 -9999.0 -9999.0
-9999.0 -9999.0 -9999.0 -9999.0 -9999.0 -9999.0 0.073413 0.076817 0.082066 0.095400 0.120687 0.158795 0.205720 0.223900 0.236919 0.254626 0.250633 0.236994 0.224027 0.237111 0.244595 0.240853 0.219364 0.218306 0.221055 0.228658 0.227978 0.223439 0.204783 0.210843 0.209837 0.193332 0.176207 0.167577 0.161113 0.166949 0.167567 0.160552 0.162065 0.177659 0.190705 0.200249 0.217181 0.243482 0.269208 0.280226 0.280761 0.285330 0.314332 0.348255 0.363817 0.368150 0.369181 0.369319 0.368417 0.365604 0.362847 0.363575 0.366919 0.369235 0.369961 0.369999 0.370000 0.370000 0.370000 0.370000 -9999.0 -9999.0 -9999.0 -9999.0 -9999.0 -9999.0 -9999.0 -9999.0 -9999.0 -9999.0 -9999.0 -9999.0 -9999.0 -9999.0
-9999.0 -9999.0 -9999.0 -9999.0 -9999.0 -9999.0 -9999.0 -9999.0 -9999.0 -9999.0 -9999.0 -9999.0 -9999.0 -9999.0 -9999.0 -9999.0 -9999.0 -9999.0 -9999.0 -9999.0 -9999.0 -9999.0 -9999.0 -9999.0 -9999.0 -9999.0 -9999.0 -9999.0 -9999.0 -9999.0 -9999.0 -9999.0 -9999.0 -9999.0 -9999.0 -9999.0 -9999.0 -9999.0 -9999.0 -9999.0 -9999.0 -9999.0 -9999.0 -9999.0 -9999.0 -9999.0 -9999.0 -9999.0 -9999.0 -9999.0 -9999.0 -9999.0 -9999.0 -9999.0 -9999.0 -9999.0 -9999.0 -9999.0 -9999.0 -9999.0 -9999.0 -9999.0 -9999.0 -9999.0 -9999.0 -9999.0 -9999.0 -9999.0 -9999.0 -9999.0 -9999.0 -9999.0 -9999.0 -9999.0 -9999.0 -9999.0 -9999.0 -9999.0 -9999.0 -9999.0
-9999.0 -9999.0 -9999.0 -9999.0 -9999.0 -9999.0 -9999.0 -9999.0 -9999.0 -9999.0 -9999.0 -9999.0 -9999.0 -9999.0 -9999.0 -9999.0 -9999.0 -9999.0 -9999.0 -9999.0 -9999.0 -9999.0 -9999.0 -9999.0 -9999.0 -9999.0 -9999.0 -9999.0 -9999.0 -9999.0 -9999.0 -9999.0 -9999.0 -9999.0 -9999.0 -9999.0 -9999.0 -9999.0 -9999.0 -9999.0 -9999.0 -9999.0 -9999.0 -9999.0 -9999.0 -9999.0 -9999.0 -9999.0 -9999.0 -9999.0 -9999.0 -9999.0 -9999.0 -9999.0 -9999.0 -9999.0 -9999.0 -9999.0 -9999.0 -9999.0 -9999.0 -9999.0 -9999.0 -9999.0 -9999.0 -9999.0 -9999.0 -9999.0 -9999.0 -9999.0 -9999.0 -9999.0 -9999.0 -9999.0 -9999.0 -9999.0 -9999.0 -9999.0 -9999.0 -9999.0