Borden_/Borden1m_014/output_maps/thetaliqL0006N0024.asc
ncols         80
nrows         18
xllcorner     620200.000000
yllcorner     5168000.000000
cellsize      1.000000
NODATA_value  -9999.0
-9999.0 -9999.0 -9999.0 -9999.0 -9999.0 -9999.0 -9999.0 -9999.0 -9999.0 -9999.0 -9999.0 -9999.0 -9999.0 -9999.0 -9999.0 -9999.0 -9999.0 -9999.0 -9999.0 -9999.0 -9999.0 -9999.0 -9999.0 -9999.0 -9999.0 -9999.0 -9999.0 -9999.0 -9999.0 -9999.0 -9999.0 -9999.0 -9999.0 -9999.0 -9999.0 -9999.0 -9999.0 -9999.0 -9999.0 -9999.0 -9999.0 -9999.0 -9999.0 -9999.0 -9999.0 -9999.0 -9999.0 -9999.0 -9999.0 -9999.0 -9999.0 -9999.0 -9999.0 -9999.0 -9999.0 -9999.0 -9999.0 -9999.0 -9999.0 -9999.0 -9999.0 -9999.0 -9999.0 -9999.0 -9999.0 -9999.0 -9999.0 -9999.0 -9999.0 -9999.0 -9999.0 -9999.0 -9999.0 -9999.0 -9999.0 -9999.0 -9999.0 -9999.0 -9999.0 -9999.0
-9999.0 -9999.0 -9999.0 -9999.0 -9999.0 -9999.0 -9999.0 -9999.0 -9999.0 -9999.0 -9999.0 -9999.0 -9999.0 -9999.0 -9999.0 -9999.0 -9999.0 -9999.0 -9999.0 -9999.0 -9999.0 -9999.0 -9999.0 -9999.0 -9999.0 -9999.0 -9999.0 -9999.0 -9999.0 -9999.0 -9999.0 -9999.0 -9999.0 -9999.0 -9999.0 -9999.0 -9999.0 -9999.0 -9999.0 -9999.0 -9999.0 -9999.0 -9999.0 -9999.0 -9999.0 -9999.0 -9999.0 -9999.0 -9999.0 -9999.0 -9999.0 -9999.0 -9999.0 -9999.0 -9999.0 -9999.0 -9999.0 -9999.0 -9999.0 -9999.0 -9999.0 -9999.0 -9999.0 -9999.0 -9999.0 -9999.0 -9999.0 -9999.0 -9999.0 -9999.0 -9999.0 -9999.0 -9999.0 -9999.0 -9999.0 -9999.0 -9999.0 -9999.0 -9999.0 -9999.0
-9999.0 -9999.0 -9999.0 -9999.0 -9999.0 -9999.0 -9999.0 -9999.0 -9999.0 -9999.0 -9999.0 -9999.0 -9999.0 -9999.0 -9999.0 -9999.0 -9999.0 -9999.0 -9999.0 -9999.0 0.153549 0.155166 0.143720 0.129363 0.119460 0.119894 0.132100 0.150074 0.170547 0.176952 0.165756 0.166241 0.163031 0.162982 0.164697 0.167986 0.169282 0.176437 0.181910 0.181743 0.177685 0.173926 0.172807 0.175076 0.178195 0.173018 0.181627 0.192183 0.197046 0.193536 0.175383 0.165901 0.161588 0.154144 0.168053 0.176169 0.191837 0.195219 0.194765 0.176805 0.159157 -9999.0 -9999.0 -9999.0 -9999.0 -9999.0 -9999.0 -9999.0 -9999.0 -9999.0 -9999.0 -9999.0 -9999.0 -9999.0 -9999.0 -9999.0 -9999.0 -9999.0 -9999.0 -9999.0
-9999.0 -9999.0 -9999.0 -9999.0 -9999.0 -9999.0 -9999.0 -9999.0 -9999.0 -9999.0 -9999.0 -9999.0 -9999.0 -9999.0 0.117668 0.114556 0.113570 0.115854 0.126629 0.138196 0.143785 0.140157 0.139923 0.130085 0.122759 0.127483 0.138819 0.153321 0.172182 0.185181 0.176408 0.174416 0.181193 0.200980 0.212593 0.210510 0.194262 0.210946 0.223967 0.232076 0.231177 0.224053 0.236549 0.250453 0.244950 0.230075 0.232285 0.241840 0.254695 0.241515 0.190659 0.176333 0.174945 0.171314 0.163979 0.160550 0.175479 0.176609 0.171865 0.161729 0.145451 0.127320 0.121408 0.135717 0.157118 0.193638 -9999.0 -9999.0 -9999.0 -9999.0 -9999.0 -9999.0 -9999.0 -9999.0 -9999.0 -9999.0 -9999.0 -9999.0 -9999.0 -9999.0
-9999.0 -9999.0 -9999.0 -9999.0 -9999.0 -9999.0 -9999.0 -9999.0 -9999.0 0.103557 0.104196 0.105651 0.105903 0.109500 0.109010 0.110602 0.112603 0.119935 0.130493 0.145123 0.159596 0.153773 0.153584 0.160094 0.164242 0.171831 0.184810 0.214131 0.249287 0.284839 0.261831 0.260578 0.278511 0.320473 0.345021 0.350220 0.341219 0.342278 0.353508 0.361545 0.361845 0.361626 0.366288 0.367827 0.368376 0.366513 0.362810 0.362062 0.366545 0.354109 0.318965 0.272106 0.269876 0.242218 0.207897 0.190906 0.188911 0.205551 0.194762 0.170428 0.150565 0.146500 0.139333 0.146973 0.159021 0.188591 0.217251 0.240680 0.241551 0.227937 -9999.0 -9999.0 -9999.0 -9999.0 -9999.0 -9999.0 -9999.0 -9999.0 -9999.0 -9999.0
-9999.0 -9999.0 -9999.0 -9999.0 -9999.0 -9999.0 0.090595 0.091676 0.094421 0.095257 0.099248 0.100565 0.104629 0.108962 0.114046 0.118842 0.129173 0.142166 0.163022 0.190932 0.214957 0.211707 0.219481 0.249456 0.290318 0.318426 0.334482 0.353407 0.368828 0.369890 0.369965 0.369983 0.369994 0.370000 0.370000 0.370000 0.370000 0.370000 0.370000 0.370000 0.370000 0.370000 0.370000 0.370000 0.370000 0.370000 0.370000 0.370000 0.370000 0.370000 0.370000 0.369991 0.369770 0.367459 0.344824 0.306469 0.301176 0.309874 0.284026 0.239001 0.204661 0.197090 0.187293 0.178176 0.182040 0.196014 0.214287 0.223933 0.215013 0.200286 0.184565 0.166850 0.168115 0.184483 -9999.0 -9999.0 -9999.0 -9999.0 -9999.0 -9999.0
-9999.0 -9999.0 -9999.0 -9999.0 0.085135 0.086303 0.085143 0.087440 0.091183 0.095901 0.101605 0.109797 0.116914 0.126213 0.142873 0.162489 0.190087 0.215869 0.263171 0.321301 0.351518 0.361123 0.365220 0.369749 0.369996 0.370000 0.370000 0.370000 0.370000 0.370000 0.370000 0.370000 0.370000 0.370000 0.370000 0.370000 0.370000 0.370000 0.370000 0.370000 0.370000 0.370000 0.370000 0.370000 0.370000 0.370000 0.370000 0.370000 0.370000 0.370000 0.370000 0.370000 0.370000 0.370000 0.370000 0.370000 0.369996 0.369977 0.369270 0.362865 0.335265 0.315684 0.288535 0.265914 0.239809 0.240571 0.243565 0.228470 0.205901 0.184066 0.175021 0.164322 0.159139 0.177172 0.189245 0.212247 -9999.0 -9999.0 -9999.0 -9999.0
-9999.0 -9999.0 0.080541 0.084476 0.090426 0.091462 0.091747 0.092289 0.096151 0.105595 0.128350 0.151168 0.177040 0.197058 0.245531 0.318359 0.358385 0.367982 0.369914 0.369999 0.370000 0.370000 0.370000 0.370000 0.370000 0.370000 0.370000 0.370000 0.370000 0.370000 0.370000 0.370000 0.370000 0.370000 0.370000 0.370000 0.370000 0.370000 0.370000 0.370000 0.370000 0.370000 0.370000 0.370000 0.370000 0.370000 0.370000 0.370000 0.370000 0.370000 0.370000 0.370000 0.370000 0.370000 0.370000 0.370000 0.370000 0.370000 0.370000 0.370000 0.370000 0.369990 0.369706 0.366225 0.350116 0.330501 0.297569 0.265629 0.229754 0.196442 0.181333 0.170398 0.169733 0.170766 0.181336 0.192401 0.203851 0.209884 -9999.0 -9999.0
-9999.0 0.075509 0.078991 0.090173 0.102843 0.113336 0.126257 0.137838 0.148026 0.153584 0.227580 0.320756 0.362030 0.367284 0.369823 0.370000 0.370000 0.370000 0.370000 0.370000 0.370000 0.370000 0.370000 0.370000 0.370000 0.370000 0.370000 0.370000 0.370000 0.370000 0.370000 0.370000 0.370000 0.370000 0.370000 0.370000 0.370000 0.370000 0.370000 0.370000 0.370000 0.370000 0.370000 0.370000 0.370000 0.370000 0.370000 0.370000 0.370000 0.370000 0.370000 0.370000 0.370000 0.370000 0.370000 0.370000 0.370000 0.370000 0.370000 0.370000 0.370000 0.370000 0.370000 0.370000 0.369994 0.369641 0.363880 0.342817 0.301096 0.270673 0.245738 0.205057 0.188950 0.190919 0.185143 0.183986 0.188920 0.193602 -9999.0 -9999.0
-9999.0 0.073272 0.079152 0.099556 0.143883 0.177578 0.275905 0.337102 0.349915 0.339876 0.369108 0.370000 0.370000 0.370000 0.370000 0.370000 0.370000 0.370000 0.370000 0.370000 0.370000 0.370000 0.370000 0.370000 0.370000 0.370000 0.370000 0.370000 0.370000 0.370000 0.370000 0.370000 0.370000 0.370000 0.370000 0.370000 0.370000 0.370000 0.370000 0.370000 0.370000 0.370000 0.370000 0.370000 0.370000 0.370000 0.370000 0.370000 0.370000 0.370000 0.370000 0.370000 0.370000 0.370000 0.370000 0.370000 0.370000 0.370000 0.370000 0.370000 0.370000 0.370000 0.370000 0.370000 0.370000 0.370000 0.369999 0.369976 0.369047 0.362993 0.344759 0.307052 0.259773 0.237369 0.207237 0.192212 -9999.0 -9999.0 -9999.0 -9999.0
-9999.0 0.071848 0.078464 0.115889 0.266090 0.356483 0.369994 0.370000 0.370000 0.370000 0.370000 0.370000 0.370000 0.370000 0.370000 0.370000 0.370000 0.370000 0.370000 0.370000 0.370000 0.370000 0.370000 0.370000 0.370000 0.370000 0.370000 0.370000 0.370000 0.370000 0.370000 0.370000 0.370000 0.370000 0.369999 0.369995 0.369829 0.369641 0.369256 0.367174 0.364368 0.361457 0.364879 0.364501 0.364428 0.365984 0.368335 0.369279 0.369921 0.369993 0.370000 0.370000 0.370000 0.370000 0.370000 0.370000 0.370000 0.370000 0.370000 0.370000 0.370000 0.370000 0.370000 0.370000 0.370000 0.370000 0.370000 0.370000 0.370000 0.369997 0.369974 0.369481 0.360393 0.309480 0.278069 -9999.0 -9999.0 -9999.0 -9999.0 -9999.0
-9999.0 0.069747 0.075245 0.105952 0.305859 0.369996 0.370000 0.370000 0.370000 0.370000 0.370000 0.370000 0.370000 0.370000 0.370000 0.370000 0.370000 0.370000 0.370000 0.370000 0.370000 0.370000 0.370000 0.370000 0.370000 0.370000 0.370000 0.370000 0.370000 0.370000 0.369974 0.369844 0.365921 0.344182 0.315066 0.276461 0.231383 0.229428 0.241542 0.227267 0.209868 0.195904 0.214586 0.225952 0.234247 0.226669 0.233736 0.261956 0.301129 0.330896 0.355323 0.367529 0.369732 0.369991 0.369999 0.370000 0.370000 0.370000 0.370000 0.370000 0.370000 0.370000 0.370000 0.370000 0.370000 0.370000 0.370000 0.370000 0.370000 0.370000 0.370000 0.370000 0.369996 -9999.0 -9999.0 -9999.0 -9999.0 -9999.0 -9999.0 -9999.0
-9999.0 0.068697 0.071038 0.079462 0.133881 0.296155 0.368528 0.369996 0.370000 0.370000 0.370000 0.370000 0.370000 0.370000 0.370000 0.370000 0.370000 0.370000 0.370000 0.370000 0.369998 0.369995 0.369994 0.369989 0.369918 0.369764 0.369550 0.368637 0.363966 0.345494 0.289545 0.234056 0.187098 0.164196 0.148200 0.133621 0.119619 0.123174 0.128576 0.126777 0.122301 0.120631 0.131016 0.138279 0.142595 0.136459 0.144275 0.157474 0.181986 0.210575 0.247482 0.290283 0.326911 0.344733 0.353071 0.363105 0.368857 0.369962 0.370000 0.370000 0.370000 0.370000 0.370000 0.370000 0.370000 0.370000 0.370000 0.370000 0.370000 0.370000 0.370000 -9999.0 -9999.0 -9999.0 -9999.0 -9999.0 -9999.0 -9999.0 -9999.0 -9999.0
-9999.0 -9999.0 0.068690 0.070418 0.073834 0.083638 0.104746 0.136017 0.168958 0.225674 0.296306 0.341817 0.357181 0.361464 0.356007 0.337776 0.321167 0.321171 0.315030 0.303340 0.281758 0.272727 0.265056 0.258342 0.245729 0.238933 0.234530 0.225596 0.207820 0.175365 0.145789 0.124746 0.108921 0.103397 0.099165 0.095290 0.094644 0.094500 0.095635 0.095802 0.096571 0.098510 0.102482 0.107031 0.109201 0.110752 0.114021 0.120945 0.132548 0.150172 0.179105 0.217557 0.246660 0.255332 0.246964 0.251864 0.270820 0.308010 0.357911 0.369711 0.369999 0.370000 0.370000 0.370000 0.370000 0.370000 0.370000 0.370000 0.370000 0.370000 -9999.0 -9999.0 -9999.0 -9999.0 -9999.0 -9999.0 -9999.0 -9999.0 -9999.0 -9999.0
-9999.0 -9999.0 -9999.0 -9999.0 0.069026 0.070630 0.072271 0.074485 0.079882 0.088740 0.102210 0.120541 0.138436 0.148434 0.141934 0.137829 0.133922 0.132867 0.129785 0.127295 0.124905 0.122370 0.119209 0.116996 0.116694 0.117643 0.117166 0.113615 0.109765 0.103312 0.098528 0.092918 0.088191 0.085191 0.084021 0.083395 0.083434 0.083021 0.083848 0.084370 0.085749 0.087341 0.090140 0.093970 0.095833 0.098169 0.099900 0.104044 0.110954 0.126795 0.153208 0.185274 0.207821 0.209009 0.188491 0.176738 0.173607 0.190820 0.225803 0.284400 0.351379 0.368481 0.369969 0.369999 0.370000 0.370000 0.370000 0.370000 -9999.0 -9999.0 -9999.0 -9999.0 -9999.0 -9999.0 -9999.0 -9999.0 -9999.0 -9999.0 -9999.0 -9999.0
-9999.0 -9999.0 -9999.0 -9999.0 -9999.0 -9999.0 0.068650 0.069273 0.070164 0.071990 0.074871 0.078810 0.083790 0.085809 0.087258 0.089615 0.088970 0.087162 0.085600 0.087203 0.088096 0.087622 0.084980 0.084826 0.085111 0.086051 0.085975 0.085410 0.083232 0.083825 0.083646 0.081828 0.080036 0.079144 0.078491 0.079067 0.079128 0.078437 0.078607 0.080161 0.081498 0.082522 0.084440 0.087745 0.091623 0.093563 0.093656 0.094561 0.101882 0.119438 0.146257 0.174520 0.193628 0.197574 0.176829 0.152104 0.140642 0.142404 0.158019 0.188897 0.246279 0.286118 0.312171 0.330425 0.347826 0.369006 -9999.0 -9999.0 -9999.0 -9999.0 -9999.0 -9999.0 -9999.0 -9999.0 -9999.0 -9999.0 -9999.0 -9999.0 -9999.0 -9999.0
-9999.0 -9999.0 -9999.0 -9999.0 -9999.0 -9999.0 -9999.0 -9999.0 -9999.0 -9999.0 -9999.0 -9999.0 -9999.0 -9999.0 -9999.0 -9999.0 -9999.0 -9999.0 -9999.0 -9999.0 -9999.0 -9999.0 -9999.0 -9999.0 -9999.0 -9999.0 -9999.0 -9999.0 -9999.0 -9999.0 -9999.0 -9999.0 -9999.0 -9999.0 -9999.0 -9999.0 -9999.0 -9999.0 -9999.0 -9999.0 -9999.0 -9999.0 -9999.0 -9999.0 -9999.0 -9999.0 -9999.0 -9999.0 -9999.0 -9999.0 -9999.0 -9999.0 -9999.0 -9999.0 -9999.0 -9999.0 -9999.0 -9999.0 -9999.0 -9999.0 -9999.0 -9999.0 -9999.0 -9999.0 -9999.0 -9999.0 -9999.0 -9999.0 -9999.0 -9999.0 -9999.0 -9999.0 -9999.0 -9999.0 -9999.0 -9999.0 -9999.0 -9999.0 -9999.0 -9999.0
-9999.0 -9999.0 -9999.0 -9999.0 -9999.0 -9999.0 -9999.0 -9999.0 -9999.0 -9999.0 -9999.0 -9999.0 -9999.0 -9999.0 -9999.0 -9999.0 -9999.0 -9999.0 -9999.0 -9999.0 -9999.0 -9999.0 -9999.0 -9999.0 -9999.0 -9999.0 -9999.0 -9999.0 -9999.0 -9999.0 -9999.0 -9999.0 -9999.0 -9999.0 -9999.0 -9999.0 -9999.0 -9999.0 -9999.0 -9999.0 -9999.0 -9999.0 -9999.0 -9999.0 -9999.0 -9999.0 -9999.0 -9999.0 -9999.0 -9999.0 -9999.0 -9999.0 -9999.0 -9999.0 -9999.0 -9999.0 -9999.0 -9999.0 -9999.0 -9999.0 -9999.0 -9999.0 -9999.0 -9999.0 -9999.0 -9999.0 -9999.0 -9999.0 -9999.0 -9999.0 -9999.0 -9999.0 -9999.0 -9999.0 -9999.0 -9999.0 -9999.0 -9999.0 -9999.0 -9999.0