Borden_/Borden1m_014/output_maps/thetaliqL0005N0034.asc
ncols         80
nrows         18
xllcorner     620200.000000
yllcorner     5168000.000000
cellsize      1.000000
NODATA_value  -9999.0
-9999.0 -9999.0 -9999.0 -9999.0 -9999.0 -9999.0 -9999.0 -9999.0 -9999.0 -9999.0 -9999.0 -9999.0 -9999.0 -9999.0 -9999.0 -9999.0 -9999.0 -9999.0 -9999.0 -9999.0 -9999.0 -9999.0 -9999.0 -9999.0 -9999.0 -9999.0 -9999.0 -9999.0 -9999.0 -9999.0 -9999.0 -9999.0 -9999.0 -9999.0 -9999.0 -9999.0 -9999.0 -9999.0 -9999.0 -9999.0 -9999.0 -9999.0 -9999.0 -9999.0 -9999.0 -9999.0 -9999.0 -9999.0 -9999.0 -9999.0 -9999.0 -9999.0 -9999.0 -9999.0 -9999.0 -9999.0 -9999.0 -9999.0 -9999.0 -9999.0 -9999.0 -9999.0 -9999.0 -9999.0 -9999.0 -9999.0 -9999.0 -9999.0 -9999.0 -9999.0 -9999.0 -9999.0 -9999.0 -9999.0 -9999.0 -9999.0 -9999.0 -9999.0 -9999.0 -9999.0
-9999.0 -9999.0 -9999.0 -9999.0 -9999.0 -9999.0 -9999.0 -9999.0 -9999.0 -9999.0 -9999.0 -9999.0 -9999.0 -9999.0 -9999.0 -9999.0 -9999.0 -9999.0 -9999.0 -9999.0 -9999.0 -9999.0 -9999.0 -9999.0 -9999.0 -9999.0 -9999.0 -9999.0 -9999.0 -9999.0 -9999.0 -9999.0 -9999.0 -9999.0 -9999.0 -9999.0 -9999.0 -9999.0 -9999.0 -9999.0 -9999.0 -9999.0 -9999.0 -9999.0 -9999.0 -9999.0 -9999.0 -9999.0 -9999.0 -9999.0 -9999.0 -9999.0 -9999.0 -9999.0 -9999.0 -9999.0 -9999.0 -9999.0 -9999.0 -9999.0 -9999.0 -9999.0 -9999.0 -9999.0 -9999.0 -9999.0 -9999.0 -9999.0 -9999.0 -9999.0 -9999.0 -9999.0 -9999.0 -9999.0 -9999.0 -9999.0 -9999.0 -9999.0 -9999.0 -9999.0
-9999.0 -9999.0 -9999.0 -9999.0 -9999.0 -9999.0 -9999.0 -9999.0 -9999.0 -9999.0 -9999.0 -9999.0 -9999.0 -9999.0 -9999.0 -9999.0 -9999.0 -9999.0 -9999.0 -9999.0 0.131993 0.133603 0.127123 0.119458 0.113945 0.113863 0.120423 0.129659 0.140628 0.143785 0.136822 0.137599 0.135360 0.134770 0.135363 0.137297 0.138125 0.141917 0.144728 0.144350 0.141955 0.139924 0.138996 0.140042 0.142120 0.138936 0.144056 0.150099 0.152786 0.151338 0.141660 0.137034 0.135050 0.130336 0.139185 0.143487 0.152688 0.154433 0.154775 0.144254 0.134374 -9999.0 -9999.0 -9999.0 -9999.0 -9999.0 -9999.0 -9999.0 -9999.0 -9999.0 -9999.0 -9999.0 -9999.0 -9999.0 -9999.0 -9999.0 -9999.0 -9999.0 -9999.0 -9999.0
-9999.0 -9999.0 -9999.0 -9999.0 -9999.0 -9999.0 -9999.0 -9999.0 -9999.0 -9999.0 -9999.0 -9999.0 -9999.0 -9999.0 0.114926 0.112714 0.111854 0.112342 0.118147 0.123932 0.126059 0.123551 0.124393 0.118552 0.113999 0.116825 0.122616 0.129414 0.139051 0.146104 0.140799 0.139551 0.143111 0.154538 0.161069 0.159383 0.148439 0.159192 0.167080 0.172350 0.171725 0.166480 0.175300 0.185647 0.181290 0.170475 0.171947 0.178486 0.188660 0.179816 0.146866 0.140223 0.140229 0.139042 0.134955 0.132774 0.142134 0.142136 0.139687 0.135084 0.126874 0.117062 0.113585 0.121983 0.133040 0.154389 -9999.0 -9999.0 -9999.0 -9999.0 -9999.0 -9999.0 -9999.0 -9999.0 -9999.0 -9999.0 -9999.0 -9999.0 -9999.0 -9999.0
-9999.0 -9999.0 -9999.0 -9999.0 -9999.0 -9999.0 -9999.0 -9999.0 -9999.0 0.108134 0.108064 0.108870 0.108242 0.110445 0.108693 0.109611 0.110027 0.113941 0.118818 0.126086 0.134147 0.129983 0.129639 0.133417 0.135092 0.138491 0.144788 0.161722 0.184796 0.214864 0.193431 0.192301 0.206410 0.252477 0.292996 0.303965 0.285362 0.286625 0.310646 0.332064 0.333699 0.333176 0.347516 0.353055 0.355403 0.348245 0.335749 0.333075 0.346981 0.312024 0.250883 0.200829 0.200657 0.179677 0.157306 0.148112 0.146691 0.157979 0.151866 0.138305 0.127807 0.127162 0.122920 0.127359 0.133101 0.149898 0.167295 0.183650 0.184403 0.174491 -9999.0 -9999.0 -9999.0 -9999.0 -9999.0 -9999.0 -9999.0 -9999.0 -9999.0 -9999.0
-9999.0 -9999.0 -9999.0 -9999.0 -9999.0 -9999.0 0.101764 0.102013 0.103558 0.101950 0.104644 0.104184 0.106548 0.108482 0.110924 0.112641 0.117979 0.124210 0.134650 0.149319 0.163180 0.159895 0.164331 0.184731 0.219460 0.251333 0.273846 0.310184 0.356589 0.365839 0.367505 0.368047 0.368545 0.369487 0.369942 0.369978 0.369935 0.369871 0.369944 0.369996 0.370000 0.370000 0.370000 0.370000 0.370000 0.370000 0.369997 0.369981 0.369967 0.369942 0.369624 0.368274 0.363791 0.350264 0.292348 0.235530 0.228595 0.239329 0.212950 0.177433 0.156031 0.152958 0.148001 0.142510 0.145059 0.153004 0.164418 0.171112 0.165390 0.156661 0.148387 0.137973 0.138991 0.148829 -9999.0 -9999.0 -9999.0 -9999.0 -9999.0 -9999.0
-9999.0 -9999.0 -9999.0 -9999.0 0.097048 0.098275 0.095453 0.097585 0.099941 0.102398 0.104365 0.108702 0.111631 0.116046 0.124479 0.133685 0.148381 0.162718 0.195129 0.254346 0.306579 0.330878 0.343427 0.363835 0.368745 0.369675 0.369824 0.369944 0.369997 0.370000 0.370000 0.370000 0.370000 0.370000 0.370000 0.370000 0.370000 0.370000 0.370000 0.370000 0.370000 0.370000 0.370000 0.370000 0.370000 0.370000 0.370000 0.370000 0.370000 0.370000 0.370000 0.370000 0.370000 0.369995 0.369976 0.369827 0.368756 0.367523 0.359046 0.335002 0.273835 0.245655 0.216664 0.198012 0.178226 0.180004 0.183459 0.173135 0.159041 0.146349 0.142259 0.136595 0.133036 0.144192 0.150696 0.165503 -9999.0 -9999.0 -9999.0 -9999.0
-9999.0 -9999.0 0.095332 0.096709 0.101038 0.099960 0.099194 0.098256 0.100068 0.105483 0.117799 0.128033 0.141451 0.151676 0.182446 0.252137 0.324939 0.353463 0.366226 0.369224 0.369885 0.369986 0.370000 0.370000 0.370000 0.370000 0.370000 0.370000 0.370000 0.370000 0.370000 0.370000 0.370000 0.370000 0.370000 0.370000 0.370000 0.370000 0.370000 0.370000 0.370000 0.370000 0.370000 0.370000 0.370000 0.370000 0.370000 0.370000 0.370000 0.370000 0.370000 0.370000 0.370000 0.370000 0.370000 0.370000 0.370000 0.370000 0.369998 0.369975 0.369474 0.368080 0.362718 0.345173 0.301370 0.266704 0.226349 0.198394 0.173047 0.152298 0.144365 0.139005 0.139521 0.139423 0.145884 0.152232 0.159783 0.163500 -9999.0 -9999.0
-9999.0 0.092898 0.093339 0.101118 0.106219 0.110742 0.116369 0.121497 0.126520 0.127045 0.171395 0.259838 0.335397 0.351039 0.364959 0.369652 0.370000 0.370000 0.370000 0.370000 0.370000 0.370000 0.370000 0.370000 0.370000 0.370000 0.370000 0.370000 0.370000 0.370000 0.370000 0.370000 0.370000 0.370000 0.370000 0.370000 0.370000 0.370000 0.370000 0.370000 0.370000 0.370000 0.370000 0.370000 0.370000 0.370000 0.370000 0.370000 0.370000 0.370000 0.370000 0.370000 0.370000 0.370000 0.370000 0.370000 0.370000 0.370000 0.370000 0.370000 0.370000 0.370000 0.369985 0.369731 0.368435 0.361713 0.336776 0.286403 0.229325 0.202387 0.184535 0.157221 0.148445 0.151002 0.147609 0.147041 0.150112 0.152893 -9999.0 -9999.0
-9999.0 0.088554 0.093829 0.105161 0.127134 0.141195 0.212671 0.284437 0.307779 0.285567 0.359348 0.370000 0.370000 0.370000 0.370000 0.370000 0.370000 0.370000 0.370000 0.370000 0.370000 0.370000 0.370000 0.370000 0.370000 0.370000 0.370000 0.370000 0.370000 0.370000 0.370000 0.370000 0.370000 0.370000 0.370000 0.370000 0.370000 0.370000 0.369999 0.369990 0.369980 0.369994 0.369988 0.369966 0.369959 0.369989 0.369999 0.369998 0.369999 0.370000 0.370000 0.370000 0.370000 0.370000 0.370000 0.370000 0.370000 0.370000 0.370000 0.370000 0.370000 0.370000 0.370000 0.370000 0.369998 0.369836 0.369029 0.366879 0.356133 0.333858 0.291383 0.237874 0.193994 0.179645 0.159553 0.152064 -9999.0 -9999.0 -9999.0 -9999.0
-9999.0 0.087703 0.093091 0.114575 0.206478 0.320164 0.368585 0.369995 0.370000 0.370000 0.370000 0.370000 0.370000 0.370000 0.370000 0.370000 0.370000 0.370000 0.370000 0.370000 0.370000 0.370000 0.370000 0.370000 0.370000 0.370000 0.370000 0.370000 0.370000 0.370000 0.370000 0.370000 0.369998 0.369788 0.369302 0.368615 0.364632 0.362366 0.359160 0.349440 0.340274 0.331986 0.341898 0.340536 0.340217 0.345305 0.354204 0.359213 0.366061 0.368344 0.369405 0.369905 0.369982 0.369999 0.370000 0.370000 0.370000 0.370000 0.370000 0.370000 0.370000 0.370000 0.370000 0.370000 0.370000 0.370000 0.369999 0.369937 0.369471 0.368386 0.366578 0.359392 0.327063 0.243743 0.213074 -9999.0 -9999.0 -9999.0 -9999.0 -9999.0
-9999.0 0.082725 0.091740 0.109187 0.252121 0.369006 0.369978 0.370000 0.370000 0.370000 0.370000 0.370000 0.370000 0.370000 0.370000 0.370000 0.370000 0.370000 0.370000 0.370000 0.370000 0.370000 0.370000 0.370000 0.370000 0.370000 0.369999 0.369993 0.369886 0.369459 0.367310 0.364821 0.345036 0.291558 0.247073 0.207976 0.173293 0.172540 0.181632 0.171403 0.160236 0.151051 0.163042 0.170001 0.175671 0.169981 0.174180 0.194401 0.229546 0.266227 0.313743 0.350279 0.363113 0.368189 0.369204 0.369865 0.369985 0.370000 0.370000 0.370000 0.370000 0.370000 0.370000 0.370000 0.370000 0.370000 0.370000 0.370000 0.369985 0.369880 0.369772 0.369511 0.368389 -9999.0 -9999.0 -9999.0 -9999.0 -9999.0 -9999.0 -9999.0
-9999.0 0.080567 0.088206 0.092217 0.124293 0.239670 0.354953 0.369011 0.369999 0.369834 0.369754 0.369914 0.369980 0.369995 0.369977 0.369887 0.369726 0.369757 0.369762 0.369493 0.368871 0.368453 0.368422 0.368075 0.366051 0.363643 0.361382 0.355432 0.338571 0.294330 0.218511 0.175835 0.146914 0.134972 0.127207 0.120113 0.111896 0.114918 0.118264 0.117273 0.114639 0.113290 0.119488 0.123044 0.125446 0.120906 0.125376 0.131813 0.144856 0.160633 0.183953 0.218672 0.261019 0.289912 0.308004 0.335451 0.356538 0.367001 0.369633 0.369997 0.370000 0.370000 0.370000 0.370000 0.370000 0.370000 0.370000 0.370000 0.369998 0.369978 0.369975 -9999.0 -9999.0 -9999.0 -9999.0 -9999.0 -9999.0 -9999.0 -9999.0 -9999.0
-9999.0 -9999.0 0.079300 0.082145 0.085504 0.091803 0.104640 0.125654 0.147360 0.179008 0.232143 0.290885 0.322032 0.332806 0.318917 0.281518 0.255866 0.256468 0.248859 0.235056 0.212814 0.205101 0.199241 0.194321 0.184472 0.179663 0.176917 0.171345 0.160557 0.141765 0.126368 0.116031 0.107606 0.105746 0.103833 0.101572 0.102149 0.101890 0.102538 0.102471 0.102984 0.104119 0.106050 0.108419 0.109229 0.110009 0.111443 0.114763 0.120289 0.128646 0.143596 0.165865 0.184769 0.190364 0.183060 0.186256 0.200467 0.235097 0.320489 0.362865 0.369162 0.369926 0.369999 0.370000 0.370000 0.370000 0.370000 0.370000 0.369694 0.369842 -9999.0 -9999.0 -9999.0 -9999.0 -9999.0 -9999.0 -9999.0 -9999.0 -9999.0 -9999.0
-9999.0 -9999.0 -9999.0 -9999.0 0.078414 0.082124 0.086266 0.086675 0.091675 0.097025 0.104032 0.113412 0.122548 0.128006 0.123538 0.121485 0.119674 0.119553 0.118022 0.116666 0.115613 0.114403 0.112941 0.111724 0.111805 0.112577 0.112522 0.110523 0.109119 0.105520 0.103701 0.100975 0.098605 0.096726 0.096507 0.096228 0.096625 0.096067 0.096969 0.096798 0.097754 0.098520 0.100075 0.102391 0.102686 0.104071 0.104701 0.106899 0.109653 0.117434 0.130833 0.147998 0.160872 0.161184 0.148207 0.141713 0.139474 0.148691 0.168259 0.211128 0.304039 0.354334 0.367122 0.369056 0.369610 0.369933 0.369993 0.369996 -9999.0 -9999.0 -9999.0 -9999.0 -9999.0 -9999.0 -9999.0 -9999.0 -9999.0 -9999.0 -9999.0 -9999.0
-9999.0 -9999.0 -9999.0 -9999.0 -9999.0 -9999.0 0.079647 0.081560 0.081297 0.083400 0.085859 0.088444 0.092062 0.092619 0.093740 0.096130 0.095700 0.094314 0.092850 0.094760 0.095717 0.095682 0.093228 0.093595 0.093870 0.094781 0.094694 0.094755 0.092714 0.094499 0.095245 0.094320 0.093421 0.093437 0.092873 0.094111 0.094259 0.093181 0.092984 0.094725 0.095542 0.095716 0.096610 0.098605 0.101229 0.102106 0.101556 0.101077 0.104928 0.114310 0.127962 0.142546 0.152924 0.155421 0.143332 0.129360 0.123021 0.123384 0.130859 0.146238 0.180771 0.210729 0.236503 0.261396 0.293856 0.356963 -9999.0 -9999.0 -9999.0 -9999.0 -9999.0 -9999.0 -9999.0 -9999.0 -9999.0 -9999.0 -9999.0 -9999.0 -9999.0 -9999.0
-9999.0 -9999.0 -9999.0 -9999.0 -9999.0 -9999.0 -9999.0 -9999.0 -9999.0 -9999.0 -9999.0 -9999.0 -9999.0 -9999.0 -9999.0 -9999.0 -9999.0 -9999.0 -9999.0 -9999.0 -9999.0 -9999.0 -9999.0 -9999.0 -9999.0 -9999.0 -9999.0 -9999.0 -9999.0 -9999.0 -9999.0 -9999.0 -9999.0 -9999.0 -9999.0 -9999.0 -9999.0 -9999.0 -9999.0 -9999.0 -9999.0 -9999.0 -9999.0 -9999.0 -9999.0 -9999.0 -9999.0 -9999.0 -9999.0 -9999.0 -9999.0 -9999.0 -9999.0 -9999.0 -9999.0 -9999.0 -9999.0 -9999.0 -9999.0 -9999.0 -9999.0 -9999.0 -9999.0 -9999.0 -9999.0 -9999.0 -9999.0 -9999.0 -9999.0 -9999.0 -9999.0 -9999.0 -9999.0 -9999.0 -9999.0 -9999.0 -9999.0 -9999.0 -9999.0 -9999.0
-9999.0 -9999.0 -9999.0 -9999.0 -9999.0 -9999.0 -9999.0 -9999.0 -9999.0 -9999.0 -9999.0 -9999.0 -9999.0 -9999.0 -9999.0 -9999.0 -9999.0 -9999.0 -9999.0 -9999.0 -9999.0 -9999.0 -9999.0 -9999.0 -9999.0 -9999.0 -9999.0 -9999.0 -9999.0 -9999.0 -9999.0 -9999.0 -9999.0 -9999.0 -9999.0 -9999.0 -9999.0 -9999.0 -9999.0 -9999.0 -9999.0 -9999.0 -9999.0 -9999.0 -9999.0 -9999.0 -9999.0 -9999.0 -9999.0 -9999.0 -9999.0 -9999.0 -9999.0 -9999.0 -9999.0 -9999.0 -9999.0 -9999.0 -9999.0 -9999.0 -9999.0 -9999.0 -9999.0 -9999.0 -9999.0 -9999.0 -9999.0 -9999.0 -9999.0 -9999.0 -9999.0 -9999.0 -9999.0 -9999.0 -9999.0 -9999.0 -9999.0 -9999.0 -9999.0 -9999.0