Borden_/Borden1m_014/output_maps/thetaliqL0007N0006.asc
ncols         80
nrows         18
xllcorner     620200.000000
yllcorner     5168000.000000
cellsize      1.000000
NODATA_value  -9999.0
-9999.0 -9999.0 -9999.0 -9999.0 -9999.0 -9999.0 -9999.0 -9999.0 -9999.0 -9999.0 -9999.0 -9999.0 -9999.0 -9999.0 -9999.0 -9999.0 -9999.0 -9999.0 -9999.0 -9999.0 -9999.0 -9999.0 -9999.0 -9999.0 -9999.0 -9999.0 -9999.0 -9999.0 -9999.0 -9999.0 -9999.0 -9999.0 -9999.0 -9999.0 -9999.0 -9999.0 -9999.0 -9999.0 -9999.0 -9999.0 -9999.0 -9999.0 -9999.0 -9999.0 -9999.0 -9999.0 -9999.0 -9999.0 -9999.0 -9999.0 -9999.0 -9999.0 -9999.0 -9999.0 -9999.0 -9999.0 -9999.0 -9999.0 -9999.0 -9999.0 -9999.0 -9999.0 -9999.0 -9999.0 -9999.0 -9999.0 -9999.0 -9999.0 -9999.0 -9999.0 -9999.0 -9999.0 -9999.0 -9999.0 -9999.0 -9999.0 -9999.0 -9999.0 -9999.0 -9999.0
-9999.0 -9999.0 -9999.0 -9999.0 -9999.0 -9999.0 -9999.0 -9999.0 -9999.0 -9999.0 -9999.0 -9999.0 -9999.0 -9999.0 -9999.0 -9999.0 -9999.0 -9999.0 -9999.0 -9999.0 -9999.0 -9999.0 -9999.0 -9999.0 -9999.0 -9999.0 -9999.0 -9999.0 -9999.0 -9999.0 -9999.0 -9999.0 -9999.0 -9999.0 -9999.0 -9999.0 -9999.0 -9999.0 -9999.0 -9999.0 -9999.0 -9999.0 -9999.0 -9999.0 -9999.0 -9999.0 -9999.0 -9999.0 -9999.0 -9999.0 -9999.0 -9999.0 -9999.0 -9999.0 -9999.0 -9999.0 -9999.0 -9999.0 -9999.0 -9999.0 -9999.0 -9999.0 -9999.0 -9999.0 -9999.0 -9999.0 -9999.0 -9999.0 -9999.0 -9999.0 -9999.0 -9999.0 -9999.0 -9999.0 -9999.0 -9999.0 -9999.0 -9999.0 -9999.0 -9999.0
-9999.0 -9999.0 -9999.0 -9999.0 -9999.0 -9999.0 -9999.0 -9999.0 -9999.0 -9999.0 -9999.0 -9999.0 -9999.0 -9999.0 -9999.0 -9999.0 -9999.0 -9999.0 -9999.0 -9999.0 0.279220 0.281521 0.263327 0.235630 0.213078 0.214123 0.241245 0.273634 0.301266 0.308118 0.295358 0.296000 0.291937 0.291645 0.293649 0.297676 0.299303 0.307105 0.312502 0.312251 0.308168 0.304218 0.303103 0.305495 0.308799 0.303146 0.312121 0.321550 0.325364 0.322763 0.306171 0.295542 0.290124 0.279745 0.298359 0.307455 0.322098 0.324852 0.324511 0.308269 0.287146 -9999.0 -9999.0 -9999.0 -9999.0 -9999.0 -9999.0 -9999.0 -9999.0 -9999.0 -9999.0 -9999.0 -9999.0 -9999.0 -9999.0 -9999.0 -9999.0 -9999.0 -9999.0 -9999.0
-9999.0 -9999.0 -9999.0 -9999.0 -9999.0 -9999.0 -9999.0 -9999.0 -9999.0 -9999.0 -9999.0 -9999.0 -9999.0 -9999.0 0.208710 0.200904 0.198362 0.204185 0.229697 0.253342 0.263387 0.256927 0.256479 0.237056 0.220714 0.231277 0.254117 0.278272 0.302650 0.315618 0.307053 0.304869 0.311541 0.327596 0.334780 0.333296 0.321810 0.333646 0.340852 0.344614 0.344182 0.340641 0.346377 0.351785 0.349712 0.343434 0.344691 0.348824 0.353363 0.348953 0.319442 0.306646 0.305353 0.301574 0.292883 0.288585 0.306614 0.307817 0.302770 0.290502 0.266149 0.231068 0.217572 0.248515 0.284277 0.323641 -9999.0 -9999.0 -9999.0 -9999.0 -9999.0 -9999.0 -9999.0 -9999.0 -9999.0 -9999.0 -9999.0 -9999.0 -9999.0 -9999.0
-9999.0 -9999.0 -9999.0 -9999.0 -9999.0 -9999.0 -9999.0 -9999.0 -9999.0 0.170867 0.172766 0.176884 0.177623 0.187539 0.186162 0.190469 0.195644 0.214144 0.237847 0.265410 0.287305 0.279001 0.278602 0.287421 0.292171 0.300758 0.313761 0.335351 0.351204 0.360964 0.354646 0.353967 0.358540 0.365909 0.368495 0.368932 0.368072 0.368183 0.369170 0.369714 0.369730 0.369717 0.369890 0.369939 0.369955 0.369897 0.369783 0.369746 0.369892 0.369199 0.365560 0.356717 0.357183 0.348623 0.331713 0.319794 0.318481 0.331315 0.323738 0.300698 0.274200 0.267629 0.255104 0.268683 0.286914 0.319455 0.339486 0.350389 0.350735 0.345016 -9999.0 -9999.0 -9999.0 -9999.0 -9999.0 -9999.0 -9999.0 -9999.0 -9999.0 -9999.0
-9999.0 -9999.0 -9999.0 -9999.0 -9999.0 -9999.0 0.132248 0.135588 0.143957 0.146424 0.158395 0.162213 0.173881 0.185862 0.199396 0.211280 0.234624 0.259755 0.291069 0.319785 0.336209 0.333732 0.337923 0.350559 0.361015 0.365465 0.367410 0.369123 0.369962 0.369998 0.369999 0.370000 0.370000 0.370000 0.370000 0.370000 0.370000 0.370000 0.370000 0.370000 0.370000 0.370000 0.370000 0.370000 0.370000 0.370000 0.370000 0.370000 0.370000 0.370000 0.370000 0.370000 0.369995 0.369927 0.368674 0.363451 0.363166 0.365160 0.361008 0.347652 0.329859 0.324891 0.317187 0.308916 0.313102 0.325335 0.337670 0.342971 0.338267 0.328832 0.316072 0.297311 0.298890 0.316098 -9999.0 -9999.0 -9999.0 -9999.0 -9999.0 -9999.0
-9999.0 -9999.0 -9999.0 -9999.0 0.115568 0.119136 0.115558 0.122607 0.134056 0.148377 0.165125 0.187914 0.206249 0.228006 0.260516 0.289262 0.317702 0.335458 0.354867 0.366172 0.369035 0.369662 0.369822 0.369991 0.370000 0.370000 0.370000 0.370000 0.370000 0.370000 0.370000 0.370000 0.370000 0.370000 0.370000 0.370000 0.370000 0.370000 0.370000 0.370000 0.370000 0.370000 0.370000 0.370000 0.370000 0.370000 0.370000 0.370000 0.370000 0.370000 0.370000 0.370000 0.370000 0.370000 0.370000 0.370000 0.370000 0.370000 0.369982 0.369754 0.367688 0.365679 0.361648 0.356821 0.348675 0.349506 0.350997 0.344918 0.332462 0.315447 0.306543 0.294161 0.287319 0.308948 0.320349 0.336837 -9999.0 -9999.0 -9999.0 -9999.0
-9999.0 -9999.0 0.101728 0.113487 0.131650 0.134763 0.135451 0.137057 0.148673 0.176033 0.231861 0.272681 0.304739 0.322553 0.348781 0.365683 0.369504 0.369925 0.369998 0.370000 0.370000 0.370000 0.370000 0.370000 0.370000 0.370000 0.370000 0.370000 0.370000 0.370000 0.370000 0.370000 0.370000 0.370000 0.370000 0.370000 0.370000 0.370000 0.370000 0.370000 0.370000 0.370000 0.370000 0.370000 0.370000 0.370000 0.370000 0.370000 0.370000 0.370000 0.370000 0.370000 0.370000 0.370000 0.370000 0.370000 0.370000 0.370000 0.370000 0.370000 0.370000 0.370000 0.369991 0.369837 0.369041 0.367785 0.363985 0.357550 0.345124 0.325433 0.312643 0.301317 0.300671 0.301913 0.313143 0.323005 0.331563 0.335492 -9999.0 -9999.0
-9999.0 0.087184 0.097062 0.130574 0.168181 0.196582 0.226224 0.248328 0.265974 0.275325 0.340845 0.366111 0.369713 0.369903 0.369994 0.370000 0.370000 0.370000 0.370000 0.370000 0.370000 0.370000 0.370000 0.370000 0.370000 0.370000 0.370000 0.370000 0.370000 0.370000 0.370000 0.370000 0.370000 0.370000 0.370000 0.370000 0.370000 0.370000 0.370000 0.370000 0.370000 0.370000 0.370000 0.370000 0.370000 0.370000 0.370000 0.370000 0.370000 0.370000 0.370000 0.370000 0.370000 0.370000 0.370000 0.370000 0.370000 0.370000 0.370000 0.370000 0.370000 0.370000 0.370000 0.370000 0.370000 0.369983 0.369744 0.368640 0.364219 0.358428 0.351240 0.331292 0.319532 0.321494 0.316667 0.315682 0.320128 0.324024 -9999.0 -9999.0
-9999.0 0.081069 0.097284 0.157848 0.261291 0.305250 0.357032 0.368078 0.369055 0.368202 0.369967 0.370000 0.370000 0.370000 0.370000 0.370000 0.370000 0.370000 0.370000 0.370000 0.370000 0.370000 0.370000 0.370000 0.370000 0.370000 0.370000 0.370000 0.370000 0.370000 0.370000 0.370000 0.370000 0.370000 0.370000 0.370000 0.370000 0.370000 0.370000 0.370000 0.370000 0.370000 0.370000 0.370000 0.370000 0.370000 0.370000 0.370000 0.370000 0.370000 0.370000 0.370000 0.370000 0.370000 0.370000 0.370000 0.370000 0.370000 0.370000 0.370000 0.370000 0.370000 0.370000 0.370000 0.370000 0.370000 0.370000 0.370000 0.369961 0.369714 0.368748 0.365027 0.355597 0.348676 0.333407 0.322777 -9999.0 -9999.0 -9999.0 -9999.0
-9999.0 0.077348 0.094949 0.199937 0.356898 0.369244 0.370000 0.370000 0.370000 0.370000 0.370000 0.370000 0.370000 0.370000 0.370000 0.370000 0.370000 0.370000 0.370000 0.370000 0.370000 0.370000 0.370000 0.370000 0.370000 0.370000 0.370000 0.370000 0.370000 0.370000 0.370000 0.370000 0.370000 0.370000 0.370000 0.370000 0.369995 0.369992 0.369984 0.369928 0.369845 0.369739 0.369858 0.369829 0.369815 0.369886 0.369959 0.369983 0.369999 0.370000 0.370000 0.370000 0.370000 0.370000 0.370000 0.370000 0.370000 0.370000 0.370000 0.370000 0.370000 0.370000 0.370000 0.370000 0.370000 0.370000 0.370000 0.370000 0.370000 0.370000 0.370000 0.369975 0.369556 0.365939 0.360992 -9999.0 -9999.0 -9999.0 -9999.0 -9999.0
-9999.0 0.072315 0.085765 0.171726 0.363389 0.370000 0.370000 0.370000 0.370000 0.370000 0.370000 0.370000 0.370000 0.370000 0.370000 0.370000 0.370000 0.370000 0.370000 0.370000 0.370000 0.370000 0.370000 0.370000 0.370000 0.370000 0.370000 0.370000 0.370000 0.370000 0.370000 0.369997 0.369857 0.368438 0.365160 0.357801 0.342453 0.341992 0.347848 0.341662 0.331833 0.321900 0.334897 0.341303 0.345324 0.341529 0.344725 0.355137 0.363848 0.367500 0.369288 0.369888 0.369991 0.370000 0.370000 0.370000 0.370000 0.370000 0.370000 0.370000 0.370000 0.370000 0.370000 0.370000 0.370000 0.370000 0.370000 0.370000 0.370000 0.370000 0.370000 0.370000 0.370000 -9999.0 -9999.0 -9999.0 -9999.0 -9999.0 -9999.0 -9999.0
-9999.0 0.070095 0.075212 0.096619 0.233403 0.360546 0.369892 0.370000 0.370000 0.370000 0.370000 0.370000 0.370000 0.370000 0.370000 0.370000 0.370000 0.370000 0.370000 0.370000 0.370000 0.370000 0.370000 0.370000 0.369999 0.369996 0.369991 0.369962 0.369753 0.368605 0.361182 0.343680 0.313593 0.290023 0.267695 0.241936 0.211776 0.220248 0.232161 0.228466 0.218597 0.214869 0.237954 0.252345 0.260155 0.248971 0.263155 0.283492 0.311920 0.333972 0.351312 0.362431 0.367434 0.368759 0.369185 0.369691 0.369959 0.369999 0.370000 0.370000 0.370000 0.370000 0.370000 0.370000 0.370000 0.370000 0.370000 0.370000 0.370000 0.370000 0.370000 -9999.0 -9999.0 -9999.0 -9999.0 -9999.0 -9999.0 -9999.0 -9999.0 -9999.0
-9999.0 -9999.0 0.070064 0.073744 0.081677 0.107235 0.162033 0.229406 0.281126 0.333247 0.360612 0.368239 0.369512 0.369718 0.369425 0.367728 0.365521 0.365534 0.364617 0.362785 0.358520 0.356616 0.354552 0.352651 0.348586 0.346138 0.344395 0.340335 0.330339 0.303182 0.264133 0.223468 0.184570 0.169374 0.157285 0.145962 0.144217 0.143714 0.147095 0.147647 0.150062 0.155899 0.167455 0.180363 0.186330 0.190628 0.199162 0.216260 0.241719 0.273330 0.309925 0.338895 0.351782 0.354455 0.351253 0.352478 0.357606 0.364596 0.369402 0.369990 0.370000 0.370000 0.370000 0.370000 0.370000 0.370000 0.370000 0.370000 0.370000 0.370000 -9999.0 -9999.0 -9999.0 -9999.0 -9999.0 -9999.0 -9999.0 -9999.0 -9999.0 -9999.0
-9999.0 -9999.0 -9999.0 -9999.0 0.070725 0.074199 0.078037 0.083503 0.097966 0.123447 0.161999 0.208956 0.246849 0.264254 0.253906 0.247786 0.240816 0.238526 0.232197 0.227465 0.222793 0.217154 0.209516 0.204221 0.203705 0.206261 0.205142 0.196265 0.186158 0.168861 0.155397 0.138808 0.124584 0.115519 0.112012 0.110194 0.110323 0.109056 0.111541 0.113167 0.117379 0.122234 0.130778 0.142467 0.148148 0.155143 0.160227 0.172151 0.191197 0.229818 0.278370 0.316297 0.333572 0.334197 0.318842 0.307395 0.303610 0.319554 0.341398 0.360379 0.369030 0.369926 0.369999 0.370000 0.370000 0.370000 0.370000 0.370000 -9999.0 -9999.0 -9999.0 -9999.0 -9999.0 -9999.0 -9999.0 -9999.0 -9999.0 -9999.0 -9999.0 -9999.0
-9999.0 -9999.0 -9999.0 -9999.0 -9999.0 -9999.0 0.069974 0.071275 0.073192 0.077511 0.084946 0.095851 0.110367 0.116524 0.121137 0.128391 0.126545 0.121024 0.116238 0.121151 0.124026 0.122567 0.114519 0.114106 0.115031 0.117861 0.117631 0.115952 0.109433 0.111356 0.110924 0.105494 0.100202 0.097617 0.095731 0.097418 0.097599 0.095576 0.096044 0.100622 0.104617 0.107684 0.113469 0.123555 0.135428 0.141369 0.141649 0.144355 0.165936 0.212792 0.267466 0.305811 0.323600 0.326563 0.308063 0.276582 0.257346 0.260178 0.284197 0.317653 0.350268 0.360974 0.365023 0.366975 0.368586 0.369970 -9999.0 -9999.0 -9999.0 -9999.0 -9999.0 -9999.0 -9999.0 -9999.0 -9999.0 -9999.0 -9999.0 -9999.0 -9999.0 -9999.0
-9999.0 -9999.0 -9999.0 -9999.0 -9999.0 -9999.0 -9999.0 -9999.0 -9999.0 -9999.0 -9999.0 -9999.0 -9999.0 -9999.0 -9999.0 -9999.0 -9999.0 -9999.0 -9999.0 -9999.0 -9999.0 -9999.0 -9999.0 -9999.0 -9999.0 -9999.0 -9999.0 -9999.0 -9999.0 -9999.0 -9999.0 -9999.0 -9999.0 -9999.0 -9999.0 -9999.0 -9999.0 -9999.0 -9999.0 -9999.0 -9999.0 -9999.0 -9999.0 -9999.0 -9999.0 -9999.0 -9999.0 -9999.0 -9999.0 -9999.0 -9999.0 -9999.0 -9999.0 -9999.0 -9999.0 -9999.0 -9999.0 -9999.0 -9999.0 -9999.0 -9999.0 -9999.0 -9999.0 -9999.0 -9999.0 -9999.0 -9999.0 -9999.0 -9999.0 -9999.0 -9999.0 -9999.0 -9999.0 -9999.0 -9999.0 -9999.0 -9999.0 -9999.0 -9999.0 -9999.0
-9999.0 -9999.0 -9999.0 -9999.0 -9999.0 -9999.0 -9999.0 -9999.0 -9999.0 -9999.0 -9999.0 -9999.0 -9999.0 -9999.0 -9999.0 -9999.0 -9999.0 -9999.0 -9999.0 -9999.0 -9999.0 -9999.0 -9999.0 -9999.0 -9999.0 -9999.0 -9999.0 -9999.0 -9999.0 -9999.0 -9999.0 -9999.0 -9999.0 -9999.0 -9999.0 -9999.0 -9999.0 -9999.0 -9999.0 -9999.0 -9999.0 -9999.0 -9999.0 -9999.0 -9999.0 -9999.0 -9999.0 -9999.0 -9999.0 -9999.0 -9999.0 -9999.0 -9999.0 -9999.0 -9999.0 -9999.0 -9999.0 -9999.0 -9999.0 -9999.0 -9999.0 -9999.0 -9999.0 -9999.0 -9999.0 -9999.0 -9999.0 -9999.0 -9999.0 -9999.0 -9999.0 -9999.0 -9999.0 -9999.0 -9999.0 -9999.0 -9999.0 -9999.0 -9999.0 -9999.0