Borden_/Borden1m_014/output_maps/thetaliqL0007N0022.asc
ncols         80
nrows         18
xllcorner     620200.000000
yllcorner     5168000.000000
cellsize      1.000000
NODATA_value  -9999.0
-9999.0 -9999.0 -9999.0 -9999.0 -9999.0 -9999.0 -9999.0 -9999.0 -9999.0 -9999.0 -9999.0 -9999.0 -9999.0 -9999.0 -9999.0 -9999.0 -9999.0 -9999.0 -9999.0 -9999.0 -9999.0 -9999.0 -9999.0 -9999.0 -9999.0 -9999.0 -9999.0 -9999.0 -9999.0 -9999.0 -9999.0 -9999.0 -9999.0 -9999.0 -9999.0 -9999.0 -9999.0 -9999.0 -9999.0 -9999.0 -9999.0 -9999.0 -9999.0 -9999.0 -9999.0 -9999.0 -9999.0 -9999.0 -9999.0 -9999.0 -9999.0 -9999.0 -9999.0 -9999.0 -9999.0 -9999.0 -9999.0 -9999.0 -9999.0 -9999.0 -9999.0 -9999.0 -9999.0 -9999.0 -9999.0 -9999.0 -9999.0 -9999.0 -9999.0 -9999.0 -9999.0 -9999.0 -9999.0 -9999.0 -9999.0 -9999.0 -9999.0 -9999.0 -9999.0 -9999.0
-9999.0 -9999.0 -9999.0 -9999.0 -9999.0 -9999.0 -9999.0 -9999.0 -9999.0 -9999.0 -9999.0 -9999.0 -9999.0 -9999.0 -9999.0 -9999.0 -9999.0 -9999.0 -9999.0 -9999.0 -9999.0 -9999.0 -9999.0 -9999.0 -9999.0 -9999.0 -9999.0 -9999.0 -9999.0 -9999.0 -9999.0 -9999.0 -9999.0 -9999.0 -9999.0 -9999.0 -9999.0 -9999.0 -9999.0 -9999.0 -9999.0 -9999.0 -9999.0 -9999.0 -9999.0 -9999.0 -9999.0 -9999.0 -9999.0 -9999.0 -9999.0 -9999.0 -9999.0 -9999.0 -9999.0 -9999.0 -9999.0 -9999.0 -9999.0 -9999.0 -9999.0 -9999.0 -9999.0 -9999.0 -9999.0 -9999.0 -9999.0 -9999.0 -9999.0 -9999.0 -9999.0 -9999.0 -9999.0 -9999.0 -9999.0 -9999.0 -9999.0 -9999.0 -9999.0 -9999.0
-9999.0 -9999.0 -9999.0 -9999.0 -9999.0 -9999.0 -9999.0 -9999.0 -9999.0 -9999.0 -9999.0 -9999.0 -9999.0 -9999.0 -9999.0 -9999.0 -9999.0 -9999.0 -9999.0 -9999.0 0.280523 0.282870 0.264675 0.236835 0.214116 0.215283 0.242905 0.275781 0.303640 0.310631 0.298093 0.298894 0.295068 0.295063 0.297331 0.301515 0.303230 0.311080 0.316517 0.316368 0.312406 0.308536 0.307507 0.309924 0.313151 0.307523 0.316310 0.325484 0.329108 0.326328 0.309634 0.298696 0.292969 0.282318 0.300692 0.309562 0.323915 0.326492 0.326010 0.309754 0.288561 -9999.0 -9999.0 -9999.0 -9999.0 -9999.0 -9999.0 -9999.0 -9999.0 -9999.0 -9999.0 -9999.0 -9999.0 -9999.0 -9999.0 -9999.0 -9999.0 -9999.0 -9999.0 -9999.0
-9999.0 -9999.0 -9999.0 -9999.0 -9999.0 -9999.0 -9999.0 -9999.0 -9999.0 -9999.0 -9999.0 -9999.0 -9999.0 -9999.0 0.209269 0.201446 0.198944 0.204902 0.230777 0.254767 0.264949 0.258547 0.258204 0.238731 0.222331 0.233273 0.256718 0.281426 0.306144 0.319294 0.311068 0.309186 0.316230 0.332463 0.339800 0.338699 0.327974 0.339191 0.345975 0.349488 0.349164 0.346080 0.351293 0.355999 0.354270 0.348687 0.349649 0.353239 0.357134 0.352953 0.324883 0.311439 0.309512 0.305239 0.296167 0.291542 0.309204 0.310174 0.304911 0.292429 0.267804 0.232319 0.218557 0.249680 0.285519 0.324732 -9999.0 -9999.0 -9999.0 -9999.0 -9999.0 -9999.0 -9999.0 -9999.0 -9999.0 -9999.0 -9999.0 -9999.0 -9999.0 -9999.0
-9999.0 -9999.0 -9999.0 -9999.0 -9999.0 -9999.0 -9999.0 -9999.0 -9999.0 0.171084 0.173016 0.177192 0.177980 0.188015 0.186663 0.191072 0.196399 0.215265 0.239497 0.267648 0.289936 0.281896 0.281812 0.291132 0.296626 0.305951 0.319377 0.340584 0.355544 0.363893 0.359420 0.359261 0.363149 0.368116 0.369499 0.369681 0.369333 0.369394 0.369783 0.369943 0.369949 0.369947 0.369992 0.369998 0.369999 0.369992 0.369961 0.369952 0.369992 0.369797 0.367938 0.361821 0.361134 0.353260 0.337133 0.325036 0.323097 0.334938 0.327074 0.303854 0.276900 0.269916 0.256993 0.270421 0.288518 0.320813 0.340543 0.351140 0.351386 0.345685 -9999.0 -9999.0 -9999.0 -9999.0 -9999.0 -9999.0 -9999.0 -9999.0 -9999.0 -9999.0
-9999.0 -9999.0 -9999.0 -9999.0 -9999.0 -9999.0 0.132298 0.135655 0.144066 0.146560 0.158623 0.162514 0.174339 0.186531 0.200370 0.212651 0.236697 0.262647 0.294865 0.324199 0.340708 0.339032 0.343570 0.355844 0.364769 0.367853 0.368992 0.369784 0.370000 0.370000 0.370000 0.370000 0.370000 0.370000 0.370000 0.370000 0.370000 0.370000 0.370000 0.370000 0.370000 0.370000 0.370000 0.370000 0.370000 0.370000 0.370000 0.370000 0.370000 0.370000 0.370000 0.370000 0.370000 0.369997 0.369484 0.366731 0.366288 0.367199 0.363717 0.351953 0.334704 0.329055 0.320765 0.311981 0.315590 0.327288 0.339129 0.344093 0.339270 0.329756 0.316911 0.298026 0.299478 0.316595 -9999.0 -9999.0 -9999.0 -9999.0 -9999.0 -9999.0
-9999.0 -9999.0 -9999.0 -9999.0 0.115582 0.119159 0.115580 0.122652 0.134160 0.148599 0.165576 0.188815 0.207699 0.230198 0.263863 0.293984 0.323269 0.341345 0.359576 0.368137 0.369724 0.369937 0.369985 0.370000 0.370000 0.370000 0.370000 0.370000 0.370000 0.370000 0.370000 0.370000 0.370000 0.370000 0.370000 0.370000 0.370000 0.370000 0.370000 0.370000 0.370000 0.370000 0.370000 0.370000 0.370000 0.370000 0.370000 0.370000 0.370000 0.370000 0.370000 0.370000 0.370000 0.370000 0.370000 0.370000 0.370000 0.370000 0.370000 0.369961 0.369065 0.367723 0.364484 0.359933 0.352003 0.351993 0.352833 0.346602 0.334037 0.316833 0.307670 0.295058 0.288020 0.309502 0.320783 0.337163 -9999.0 -9999.0 -9999.0 -9999.0
-9999.0 -9999.0 0.101730 0.113497 0.131697 0.134844 0.135574 0.137244 0.149039 0.176926 0.234394 0.277220 0.310348 0.328781 0.354331 0.367840 0.369888 0.369998 0.370000 0.370000 0.370000 0.370000 0.370000 0.370000 0.370000 0.370000 0.370000 0.370000 0.370000 0.370000 0.370000 0.370000 0.370000 0.370000 0.370000 0.370000 0.370000 0.370000 0.370000 0.370000 0.370000 0.370000 0.370000 0.370000 0.370000 0.370000 0.370000 0.370000 0.370000 0.370000 0.370000 0.370000 0.370000 0.370000 0.370000 0.370000 0.370000 0.370000 0.370000 0.370000 0.370000 0.370000 0.370000 0.369992 0.369706 0.368810 0.365601 0.359596 0.347452 0.327692 0.314464 0.302703 0.301689 0.302652 0.313669 0.323382 0.331828 0.335704 -9999.0 -9999.0
-9999.0 0.087184 0.097063 0.130612 0.168436 0.197381 0.228391 0.252006 0.270711 0.281095 0.346753 0.367863 0.369941 0.369996 0.370000 0.370000 0.370000 0.370000 0.370000 0.370000 0.370000 0.370000 0.370000 0.370000 0.370000 0.370000 0.370000 0.370000 0.370000 0.370000 0.370000 0.370000 0.370000 0.370000 0.370000 0.370000 0.370000 0.370000 0.370000 0.370000 0.370000 0.370000 0.370000 0.370000 0.370000 0.370000 0.370000 0.370000 0.370000 0.370000 0.370000 0.370000 0.370000 0.370000 0.370000 0.370000 0.370000 0.370000 0.370000 0.370000 0.370000 0.370000 0.370000 0.370000 0.370000 0.370000 0.369976 0.369441 0.366064 0.360715 0.353573 0.333676 0.321262 0.322569 0.317382 0.316158 0.320429 0.324257 -9999.0 -9999.0
-9999.0 0.081069 0.097285 0.158007 0.262873 0.309720 0.361120 0.368924 0.369599 0.369162 0.370000 0.370000 0.370000 0.370000 0.370000 0.370000 0.370000 0.370000 0.370000 0.370000 0.370000 0.370000 0.370000 0.370000 0.370000 0.370000 0.370000 0.370000 0.370000 0.370000 0.370000 0.370000 0.370000 0.370000 0.370000 0.370000 0.370000 0.370000 0.370000 0.370000 0.370000 0.370000 0.370000 0.370000 0.370000 0.370000 0.370000 0.370000 0.370000 0.370000 0.370000 0.370000 0.370000 0.370000 0.370000 0.370000 0.370000 0.370000 0.370000 0.370000 0.370000 0.370000 0.370000 0.370000 0.370000 0.370000 0.370000 0.370000 0.370000 0.369961 0.369473 0.366629 0.357842 0.350037 0.334390 0.323407 -9999.0 -9999.0 -9999.0 -9999.0
-9999.0 0.077348 0.094951 0.200550 0.358658 0.369786 0.370000 0.370000 0.370000 0.370000 0.370000 0.370000 0.370000 0.370000 0.370000 0.370000 0.370000 0.370000 0.370000 0.370000 0.370000 0.370000 0.370000 0.370000 0.370000 0.370000 0.370000 0.370000 0.370000 0.370000 0.370000 0.370000 0.370000 0.370000 0.370000 0.370000 0.370000 0.370000 0.370000 0.369996 0.369975 0.369937 0.369979 0.369977 0.369977 0.369989 0.369999 0.370000 0.370000 0.370000 0.370000 0.370000 0.370000 0.370000 0.370000 0.370000 0.370000 0.370000 0.370000 0.370000 0.370000 0.370000 0.370000 0.370000 0.370000 0.370000 0.370000 0.370000 0.370000 0.370000 0.370000 0.370000 0.369921 0.366744 0.361681 -9999.0 -9999.0 -9999.0 -9999.0 -9999.0
-9999.0 0.072315 0.085765 0.172344 0.365149 0.370000 0.370000 0.370000 0.370000 0.370000 0.370000 0.370000 0.370000 0.370000 0.370000 0.370000 0.370000 0.370000 0.370000 0.370000 0.370000 0.370000 0.370000 0.370000 0.370000 0.370000 0.370000 0.370000 0.370000 0.370000 0.370000 0.370000 0.369988 0.369462 0.367588 0.362375 0.348861 0.347732 0.352475 0.346644 0.337386 0.327904 0.340217 0.346169 0.349830 0.346584 0.349773 0.359086 0.366220 0.368863 0.369843 0.369998 0.370000 0.370000 0.370000 0.370000 0.370000 0.370000 0.370000 0.370000 0.370000 0.370000 0.370000 0.370000 0.370000 0.370000 0.370000 0.370000 0.370000 0.370000 0.370000 0.370000 0.370000 -9999.0 -9999.0 -9999.0 -9999.0 -9999.0 -9999.0 -9999.0
-9999.0 0.070095 0.075212 0.096625 0.235543 0.363737 0.369998 0.370000 0.370000 0.370000 0.370000 0.370000 0.370000 0.370000 0.370000 0.370000 0.370000 0.370000 0.370000 0.370000 0.370000 0.370000 0.370000 0.370000 0.370000 0.370000 0.370000 0.370000 0.369972 0.369508 0.364597 0.349758 0.320212 0.295804 0.272407 0.245412 0.214057 0.222525 0.234587 0.230724 0.220595 0.216765 0.240309 0.254977 0.262944 0.251723 0.266244 0.287066 0.315897 0.338037 0.354793 0.364665 0.368610 0.369539 0.369794 0.369968 0.370000 0.370000 0.370000 0.370000 0.370000 0.370000 0.370000 0.370000 0.370000 0.370000 0.370000 0.370000 0.370000 0.370000 0.370000 -9999.0 -9999.0 -9999.0 -9999.0 -9999.0 -9999.0 -9999.0 -9999.0 -9999.0
-9999.0 -9999.0 0.070064 0.073744 0.081681 0.107571 0.163952 0.236974 0.294055 0.344270 0.364786 0.369235 0.369834 0.369926 0.369811 0.369092 0.367986 0.367985 0.367442 0.366281 0.363363 0.361702 0.359906 0.358061 0.354151 0.351595 0.349701 0.345570 0.335627 0.308398 0.268175 0.225985 0.185821 0.170149 0.157776 0.146265 0.144469 0.143947 0.147348 0.147899 0.150328 0.156214 0.167888 0.180944 0.186999 0.191369 0.200062 0.217487 0.243476 0.275726 0.312773 0.341625 0.354215 0.357068 0.354733 0.356417 0.361367 0.367102 0.369895 0.370000 0.370000 0.370000 0.370000 0.370000 0.370000 0.370000 0.370000 0.370000 0.370000 0.370000 -9999.0 -9999.0 -9999.0 -9999.0 -9999.0 -9999.0 -9999.0 -9999.0 -9999.0 -9999.0
-9999.0 -9999.0 -9999.0 -9999.0 0.070725 0.074199 0.078038 0.083517 0.098045 0.123855 0.163507 0.212489 0.252141 0.270221 0.259722 0.253239 0.245825 0.243283 0.236537 0.231361 0.226183 0.220109 0.212065 0.206487 0.205819 0.208329 0.207071 0.197857 0.187370 0.169612 0.155845 0.139023 0.124675 0.115562 0.112040 0.110215 0.110343 0.109073 0.111560 0.113189 0.117411 0.122278 0.130852 0.142592 0.148307 0.155349 0.160480 0.172517 0.191792 0.230940 0.280104 0.318278 0.335611 0.336527 0.321860 0.311042 0.308009 0.324751 0.346929 0.364041 0.369754 0.370000 0.370000 0.370000 0.370000 0.370000 0.370000 0.370000 -9999.0 -9999.0 -9999.0 -9999.0 -9999.0 -9999.0 -9999.0 -9999.0 -9999.0 -9999.0 -9999.0 -9999.0
-9999.0 -9999.0 -9999.0 -9999.0 -9999.0 -9999.0 0.069974 0.071275 0.073192 0.077511 0.084947 0.095863 0.110433 0.116644 0.121299 0.128627 0.126753 0.121169 0.116338 0.121282 0.124175 0.122697 0.114589 0.114171 0.115099 0.117942 0.117707 0.116014 0.109466 0.111390 0.110953 0.105509 0.100209 0.097621 0.095733 0.097421 0.097602 0.095578 0.096046 0.100626 0.104624 0.107694 0.113486 0.123592 0.135499 0.141466 0.141754 0.144482 0.166205 0.213493 0.268738 0.307368 0.325275 0.328422 0.310350 0.279192 0.260188 0.263672 0.288881 0.323405 0.355019 0.364422 0.367634 0.368922 0.369671 0.370000 -9999.0 -9999.0 -9999.0 -9999.0 -9999.0 -9999.0 -9999.0 -9999.0 -9999.0 -9999.0 -9999.0 -9999.0 -9999.0 -9999.0
-9999.0 -9999.0 -9999.0 -9999.0 -9999.0 -9999.0 -9999.0 -9999.0 -9999.0 -9999.0 -9999.0 -9999.0 -9999.0 -9999.0 -9999.0 -9999.0 -9999.0 -9999.0 -9999.0 -9999.0 -9999.0 -9999.0 -9999.0 -9999.0 -9999.0 -9999.0 -9999.0 -9999.0 -9999.0 -9999.0 -9999.0 -9999.0 -9999.0 -9999.0 -9999.0 -9999.0 -9999.0 -9999.0 -9999.0 -9999.0 -9999.0 -9999.0 -9999.0 -9999.0 -9999.0 -9999.0 -9999.0 -9999.0 -9999.0 -9999.0 -9999.0 -9999.0 -9999.0 -9999.0 -9999.0 -9999.0 -9999.0 -9999.0 -9999.0 -9999.0 -9999.0 -9999.0 -9999.0 -9999.0 -9999.0 -9999.0 -9999.0 -9999.0 -9999.0 -9999.0 -9999.0 -9999.0 -9999.0 -9999.0 -9999.0 -9999.0 -9999.0 -9999.0 -9999.0 -9999.0
-9999.0 -9999.0 -9999.0 -9999.0 -9999.0 -9999.0 -9999.0 -9999.0 -9999.0 -9999.0 -9999.0 -9999.0 -9999.0 -9999.0 -9999.0 -9999.0 -9999.0 -9999.0 -9999.0 -9999.0 -9999.0 -9999.0 -9999.0 -9999.0 -9999.0 -9999.0 -9999.0 -9999.0 -9999.0 -9999.0 -9999.0 -9999.0 -9999.0 -9999.0 -9999.0 -9999.0 -9999.0 -9999.0 -9999.0 -9999.0 -9999.0 -9999.0 -9999.0 -9999.0 -9999.0 -9999.0 -9999.0 -9999.0 -9999.0 -9999.0 -9999.0 -9999.0 -9999.0 -9999.0 -9999.0 -9999.0 -9999.0 -9999.0 -9999.0 -9999.0 -9999.0 -9999.0 -9999.0 -9999.0 -9999.0 -9999.0 -9999.0 -9999.0 -9999.0 -9999.0 -9999.0 -9999.0 -9999.0 -9999.0 -9999.0 -9999.0 -9999.0 -9999.0 -9999.0 -9999.0