Borden_/Borden1m_014/output_maps/thetaliqL0002N0007.asc
ncols         80
nrows         18
xllcorner     620200.000000
yllcorner     5168000.000000
cellsize      1.000000
NODATA_value  -9999.0
-9999.0 -9999.0 -9999.0 -9999.0 -9999.0 -9999.0 -9999.0 -9999.0 -9999.0 -9999.0 -9999.0 -9999.0 -9999.0 -9999.0 -9999.0 -9999.0 -9999.0 -9999.0 -9999.0 -9999.0 -9999.0 -9999.0 -9999.0 -9999.0 -9999.0 -9999.0 -9999.0 -9999.0 -9999.0 -9999.0 -9999.0 -9999.0 -9999.0 -9999.0 -9999.0 -9999.0 -9999.0 -9999.0 -9999.0 -9999.0 -9999.0 -9999.0 -9999.0 -9999.0 -9999.0 -9999.0 -9999.0 -9999.0 -9999.0 -9999.0 -9999.0 -9999.0 -9999.0 -9999.0 -9999.0 -9999.0 -9999.0 -9999.0 -9999.0 -9999.0 -9999.0 -9999.0 -9999.0 -9999.0 -9999.0 -9999.0 -9999.0 -9999.0 -9999.0 -9999.0 -9999.0 -9999.0 -9999.0 -9999.0 -9999.0 -9999.0 -9999.0 -9999.0 -9999.0 -9999.0
-9999.0 -9999.0 -9999.0 -9999.0 -9999.0 -9999.0 -9999.0 -9999.0 -9999.0 -9999.0 -9999.0 -9999.0 -9999.0 -9999.0 -9999.0 -9999.0 -9999.0 -9999.0 -9999.0 -9999.0 -9999.0 -9999.0 -9999.0 -9999.0 -9999.0 -9999.0 -9999.0 -9999.0 -9999.0 -9999.0 -9999.0 -9999.0 -9999.0 -9999.0 -9999.0 -9999.0 -9999.0 -9999.0 -9999.0 -9999.0 -9999.0 -9999.0 -9999.0 -9999.0 -9999.0 -9999.0 -9999.0 -9999.0 -9999.0 -9999.0 -9999.0 -9999.0 -9999.0 -9999.0 -9999.0 -9999.0 -9999.0 -9999.0 -9999.0 -9999.0 -9999.0 -9999.0 -9999.0 -9999.0 -9999.0 -9999.0 -9999.0 -9999.0 -9999.0 -9999.0 -9999.0 -9999.0 -9999.0 -9999.0 -9999.0 -9999.0 -9999.0 -9999.0 -9999.0 -9999.0
-9999.0 -9999.0 -9999.0 -9999.0 -9999.0 -9999.0 -9999.0 -9999.0 -9999.0 -9999.0 -9999.0 -9999.0 -9999.0 -9999.0 -9999.0 -9999.0 -9999.0 -9999.0 -9999.0 -9999.0 0.219299 0.220440 0.218264 0.215845 0.213730 0.213399 0.215713 0.218266 0.221232 0.221698 0.219101 0.219854 0.218795 0.218088 0.217943 0.218674 0.219073 0.219978 0.220516 0.220149 0.219381 0.218890 0.218372 0.218460 0.219391 0.218124 0.219875 0.221495 0.221988 0.222132 0.220124 0.219381 0.219126 0.217040 0.220772 0.221683 0.224204 0.224364 0.224962 0.222142 0.219351 -9999.0 -9999.0 -9999.0 -9999.0 -9999.0 -9999.0 -9999.0 -9999.0 -9999.0 -9999.0 -9999.0 -9999.0 -9999.0 -9999.0 -9999.0 -9999.0 -9999.0 -9999.0 -9999.0
-9999.0 -9999.0 -9999.0 -9999.0 -9999.0 -9999.0 -9999.0 -9999.0 -9999.0 -9999.0 -9999.0 -9999.0 -9999.0 -9999.0 0.215884 0.214599 0.213982 0.213456 0.215543 0.217073 0.216911 0.215577 0.216800 0.214316 0.212068 0.213396 0.215126 0.216345 0.218586 0.220337 0.218591 0.218152 0.218999 0.222156 0.223390 0.222641 0.218558 0.222372 0.224078 0.225193 0.225052 0.223192 0.225601 0.228450 0.226910 0.223902 0.224630 0.226271 0.229001 0.227935 0.218523 0.218033 0.218674 0.219070 0.217763 0.216774 0.220512 0.219835 0.219324 0.218966 0.217096 0.213764 0.212202 0.215834 0.218731 0.224971 -9999.0 -9999.0 -9999.0 -9999.0 -9999.0 -9999.0 -9999.0 -9999.0 -9999.0 -9999.0 -9999.0 -9999.0 -9999.0 -9999.0
-9999.0 -9999.0 -9999.0 -9999.0 -9999.0 -9999.0 -9999.0 -9999.0 -9999.0 0.214152 0.213739 0.214067 0.213115 0.214195 0.212113 0.212530 0.212040 0.213482 0.214447 0.216293 0.218984 0.216812 0.216496 0.217904 0.217842 0.218110 0.219032 0.223206 0.227692 0.235281 0.228142 0.227731 0.230513 0.240560 0.251749 0.255832 0.248653 0.247311 0.255814 0.266085 0.265703 0.264924 0.272696 0.276797 0.280094 0.274107 0.267138 0.264996 0.273844 0.256640 0.239720 0.228834 0.231520 0.226849 0.221698 0.219953 0.219181 0.223415 0.222011 0.218521 0.215681 0.216960 0.215191 0.216930 0.217855 0.222526 0.226600 0.230649 0.230835 0.228200 -9999.0 -9999.0 -9999.0 -9999.0 -9999.0 -9999.0 -9999.0 -9999.0 -9999.0 -9999.0
-9999.0 -9999.0 -9999.0 -9999.0 -9999.0 -9999.0 0.212295 0.212072 0.212736 0.210113 0.211724 0.210391 0.211502 0.211858 0.212510 0.212304 0.214033 0.215437 0.217895 0.221131 0.224203 0.222083 0.222838 0.227227 0.234493 0.240584 0.244955 0.255100 0.281796 0.297656 0.303636 0.305694 0.309346 0.334426 0.370000 0.370000 0.370000 0.363767 0.370000 0.370000 0.370000 0.370000 0.370000 0.370000 0.370000 0.370000 0.370000 0.370000 0.370000 0.370000 0.342936 0.308874 0.292211 0.276554 0.252694 0.234924 0.235408 0.239958 0.234510 0.226410 0.221765 0.222162 0.221390 0.219512 0.220494 0.222296 0.225169 0.227050 0.225686 0.223931 0.222807 0.219664 0.220232 0.223297 -9999.0 -9999.0 -9999.0 -9999.0 -9999.0 -9999.0
-9999.0 -9999.0 -9999.0 -9999.0 0.208668 0.209774 0.206333 0.208179 0.209496 0.210408 0.210090 0.211726 0.211948 0.213009 0.215418 0.216909 0.220160 0.222455 0.229351 0.241894 0.254372 0.264747 0.268977 0.290443 0.316539 0.344377 0.357316 0.370000 0.370000 0.370000 0.370000 0.370000 0.370000 0.370000 0.370000 0.370000 0.370000 0.370000 0.370000 0.370000 0.370000 0.370000 0.370000 0.370000 0.370000 0.370000 0.370000 0.370000 0.370000 0.370000 0.370000 0.370000 0.370000 0.370000 0.370000 0.361726 0.315433 0.304886 0.284220 0.266617 0.244716 0.240379 0.234762 0.231470 0.226571 0.227773 0.229438 0.226937 0.223753 0.220733 0.220628 0.219341 0.217596 0.221714 0.222902 0.227137 -9999.0 -9999.0 -9999.0 -9999.0
-9999.0 -9999.0 0.208730 0.208550 0.211421 0.209375 0.208139 0.206437 0.206920 0.209502 0.214205 0.215582 0.218442 0.219796 0.226685 0.241622 0.263121 0.277594 0.297152 0.326291 0.363686 0.370000 0.370000 0.370000 0.370000 0.370000 0.370000 0.370000 0.370000 0.370000 0.370000 0.370000 0.370000 0.370000 0.370000 0.370000 0.370000 0.370000 0.370000 0.370000 0.370000 0.370000 0.370000 0.370000 0.370000 0.370000 0.370000 0.370000 0.370000 0.370000 0.370000 0.370000 0.370000 0.370000 0.370000 0.370000 0.370000 0.370000 0.370000 0.370000 0.341701 0.310791 0.288692 0.268400 0.253513 0.246913 0.237456 0.231692 0.226356 0.221222 0.219863 0.219137 0.220092 0.219349 0.221499 0.222965 0.225367 0.226185 -9999.0 -9999.0
-9999.0 0.208030 0.206718 0.211689 0.211985 0.212608 0.213249 0.213919 0.215095 0.212961 0.225252 0.246873 0.270616 0.276683 0.293174 0.338568 0.370000 0.370000 0.370000 0.370000 0.370000 0.370000 0.370000 0.370000 0.370000 0.370000 0.370000 0.370000 0.370000 0.370000 0.370000 0.370000 0.370000 0.370000 0.370000 0.370000 0.370000 0.370000 0.370000 0.370000 0.370000 0.370000 0.370000 0.370000 0.370000 0.370000 0.370000 0.370000 0.370000 0.370000 0.370000 0.370000 0.370000 0.370000 0.370000 0.370000 0.370000 0.370000 0.370000 0.370000 0.370000 0.370000 0.370000 0.351486 0.315167 0.283318 0.264442 0.250503 0.237288 0.232274 0.229304 0.222158 0.220579 0.222476 0.221532 0.221435 0.222361 0.223049 -9999.0 -9999.0
-9999.0 0.202774 0.207429 0.212292 0.218018 0.217309 0.233934 0.256390 0.262031 0.252414 0.285696 0.370000 0.370000 0.370000 0.370000 0.370000 0.370000 0.370000 0.370000 0.370000 0.370000 0.370000 0.370000 0.370000 0.370000 0.370000 0.370000 0.370000 0.370000 0.370000 0.370000 0.370000 0.370000 0.370000 0.370000 0.370000 0.370000 0.370000 0.370000 0.370000 0.370000 0.370000 0.370000 0.370000 0.370000 0.370000 0.370000 0.370000 0.370000 0.370000 0.370000 0.370000 0.370000 0.370000 0.370000 0.370000 0.370000 0.370000 0.370000 0.370000 0.370000 0.370000 0.370000 0.370000 0.370000 0.365093 0.329384 0.306365 0.281087 0.265283 0.252461 0.240218 0.230088 0.228446 0.223263 0.222940 -9999.0 -9999.0 -9999.0 -9999.0
-9999.0 0.202391 0.206832 0.216243 0.238547 0.261148 0.346110 0.370000 0.370000 0.370000 0.370000 0.370000 0.370000 0.370000 0.370000 0.370000 0.370000 0.370000 0.370000 0.370000 0.370000 0.370000 0.370000 0.370000 0.370000 0.370000 0.370000 0.370000 0.370000 0.370000 0.370000 0.370000 0.370000 0.355365 0.326289 0.313421 0.293369 0.291451 0.286359 0.275381 0.269875 0.266643 0.271578 0.268944 0.268070 0.272455 0.280357 0.284391 0.297895 0.311016 0.331035 0.361898 0.370000 0.370000 0.370000 0.370000 0.370000 0.370000 0.370000 0.370000 0.370000 0.370000 0.370000 0.370000 0.370000 0.370000 0.370000 0.370000 0.370000 0.341843 0.314812 0.286365 0.263842 0.243352 0.236652 -9999.0 -9999.0 -9999.0 -9999.0 -9999.0
-9999.0 0.195140 0.206878 0.214331 0.250140 0.367594 0.370000 0.370000 0.370000 0.370000 0.370000 0.370000 0.370000 0.370000 0.370000 0.370000 0.370000 0.370000 0.370000 0.370000 0.370000 0.370000 0.370000 0.370000 0.370000 0.370000 0.370000 0.370000 0.370000 0.340499 0.303026 0.297930 0.274010 0.250239 0.240743 0.232846 0.224840 0.225288 0.228600 0.226045 0.223288 0.220206 0.223900 0.225497 0.227132 0.225007 0.225367 0.230132 0.237829 0.245033 0.255830 0.270846 0.287251 0.308297 0.324384 0.357422 0.370000 0.370000 0.370000 0.370000 0.370000 0.370000 0.370000 0.370000 0.370000 0.370000 0.370000 0.370000 0.370000 0.370000 0.370000 0.368181 0.325751 -9999.0 -9999.0 -9999.0 -9999.0 -9999.0 -9999.0 -9999.0
-9999.0 0.191495 0.204021 0.205222 0.218951 0.245075 0.287737 0.328670 0.363005 0.358668 0.368096 0.370000 0.370000 0.370000 0.370000 0.370000 0.350548 0.351103 0.351168 0.336018 0.320549 0.313412 0.313740 0.310884 0.299726 0.293567 0.289848 0.281873 0.267273 0.252255 0.235222 0.226004 0.219524 0.217546 0.216097 0.214481 0.210810 0.213064 0.214673 0.214310 0.213154 0.212215 0.215041 0.215906 0.216771 0.214063 0.215840 0.217182 0.220458 0.223714 0.228430 0.235637 0.245262 0.251209 0.254354 0.262482 0.278526 0.299770 0.344480 0.370000 0.370000 0.370000 0.370000 0.370000 0.370000 0.370000 0.370000 0.370000 0.370000 0.370000 0.370000 -9999.0 -9999.0 -9999.0 -9999.0 -9999.0 -9999.0 -9999.0 -9999.0 -9999.0
-9999.0 -9999.0 0.188784 0.193597 0.197720 0.201886 0.207911 0.213338 0.217011 0.225647 0.238641 0.255619 0.266085 0.270574 0.264224 0.249308 0.241753 0.242635 0.240999 0.238272 0.233416 0.232467 0.231303 0.230551 0.228438 0.227555 0.227227 0.226455 0.224555 0.220006 0.216272 0.213719 0.210662 0.211066 0.210677 0.209594 0.210746 0.210463 0.210754 0.210573 0.210870 0.211405 0.211951 0.212779 0.212741 0.212989 0.213210 0.214037 0.215288 0.216913 0.220317 0.225482 0.229401 0.230251 0.227871 0.228416 0.231240 0.237688 0.257538 0.288555 0.326248 0.369338 0.370000 0.370000 0.370000 0.370000 0.370000 0.370000 0.370000 0.370000 -9999.0 -9999.0 -9999.0 -9999.0 -9999.0 -9999.0 -9999.0 -9999.0 -9999.0 -9999.0
-9999.0 -9999.0 -9999.0 -9999.0 0.186494 0.193423 0.200071 0.199203 0.203976 0.206782 0.209257 0.212270 0.214780 0.216463 0.214275 0.213975 0.213676 0.214060 0.213638 0.213166 0.213053 0.212776 0.212474 0.211994 0.212274 0.212820 0.212998 0.212163 0.212308 0.210799 0.210840 0.210046 0.209259 0.208207 0.208535 0.208465 0.209007 0.208442 0.209279 0.208741 0.209347 0.209568 0.210245 0.211411 0.210833 0.211505 0.211460 0.212287 0.212399 0.214521 0.218057 0.222199 0.225011 0.224802 0.220939 0.219454 0.218427 0.220703 0.224341 0.232765 0.253355 0.273624 0.301404 0.325274 0.350895 0.370000 0.370000 0.370000 -9999.0 -9999.0 -9999.0 -9999.0 -9999.0 -9999.0 -9999.0 -9999.0 -9999.0 -9999.0 -9999.0 -9999.0
-9999.0 -9999.0 -9999.0 -9999.0 -9999.0 -9999.0 0.189638 0.193203 0.192005 0.194772 0.197240 0.199085 0.201928 0.201515 0.202425 0.204782 0.204496 0.203412 0.202016 0.204099 0.205046 0.205280 0.203022 0.203707 0.203963 0.204822 0.204730 0.205165 0.203271 0.205689 0.206898 0.206554 0.206232 0.206758 0.206285 0.207780 0.207959 0.206774 0.206390 0.208067 0.208500 0.208190 0.208422 0.209460 0.211044 0.211225 0.210424 0.209267 0.210726 0.214204 0.218005 0.221303 0.223461 0.224284 0.221172 0.216861 0.214695 0.214256 0.215787 0.218752 0.226546 0.231826 0.235837 0.239161 0.244282 0.278081 -9999.0 -9999.0 -9999.0 -9999.0 -9999.0 -9999.0 -9999.0 -9999.0 -9999.0 -9999.0 -9999.0 -9999.0 -9999.0 -9999.0
-9999.0 -9999.0 -9999.0 -9999.0 -9999.0 -9999.0 -9999.0 -9999.0 -9999.0 -9999.0 -9999.0 -9999.0 -9999.0 -9999.0 -9999.0 -9999.0 -9999.0 -9999.0 -9999.0 -9999.0 -9999.0 -9999.0 -9999.0 -9999.0 -9999.0 -9999.0 -9999.0 -9999.0 -9999.0 -9999.0 -9999.0 -9999.0 -9999.0 -9999.0 -9999.0 -9999.0 -9999.0 -9999.0 -9999.0 -9999.0 -9999.0 -9999.0 -9999.0 -9999.0 -9999.0 -9999.0 -9999.0 -9999.0 -9999.0 -9999.0 -9999.0 -9999.0 -9999.0 -9999.0 -9999.0 -9999.0 -9999.0 -9999.0 -9999.0 -9999.0 -9999.0 -9999.0 -9999.0 -9999.0 -9999.0 -9999.0 -9999.0 -9999.0 -9999.0 -9999.0 -9999.0 -9999.0 -9999.0 -9999.0 -9999.0 -9999.0 -9999.0 -9999.0 -9999.0 -9999.0
-9999.0 -9999.0 -9999.0 -9999.0 -9999.0 -9999.0 -9999.0 -9999.0 -9999.0 -9999.0 -9999.0 -9999.0 -9999.0 -9999.0 -9999.0 -9999.0 -9999.0 -9999.0 -9999.0 -9999.0 -9999.0 -9999.0 -9999.0 -9999.0 -9999.0 -9999.0 -9999.0 -9999.0 -9999.0 -9999.0 -9999.0 -9999.0 -9999.0 -9999.0 -9999.0 -9999.0 -9999.0 -9999.0 -9999.0 -9999.0 -9999.0 -9999.0 -9999.0 -9999.0 -9999.0 -9999.0 -9999.0 -9999.0 -9999.0 -9999.0 -9999.0 -9999.0 -9999.0 -9999.0 -9999.0 -9999.0 -9999.0 -9999.0 -9999.0 -9999.0 -9999.0 -9999.0 -9999.0 -9999.0 -9999.0 -9999.0 -9999.0 -9999.0 -9999.0 -9999.0 -9999.0 -9999.0 -9999.0 -9999.0 -9999.0 -9999.0 -9999.0 -9999.0 -9999.0 -9999.0