Borden_/Borden1m_014/output_maps/thetaliqL0007N0024.asc
ncols         80
nrows         18
xllcorner     620200.000000
yllcorner     5168000.000000
cellsize      1.000000
NODATA_value  -9999.0
-9999.0 -9999.0 -9999.0 -9999.0 -9999.0 -9999.0 -9999.0 -9999.0 -9999.0 -9999.0 -9999.0 -9999.0 -9999.0 -9999.0 -9999.0 -9999.0 -9999.0 -9999.0 -9999.0 -9999.0 -9999.0 -9999.0 -9999.0 -9999.0 -9999.0 -9999.0 -9999.0 -9999.0 -9999.0 -9999.0 -9999.0 -9999.0 -9999.0 -9999.0 -9999.0 -9999.0 -9999.0 -9999.0 -9999.0 -9999.0 -9999.0 -9999.0 -9999.0 -9999.0 -9999.0 -9999.0 -9999.0 -9999.0 -9999.0 -9999.0 -9999.0 -9999.0 -9999.0 -9999.0 -9999.0 -9999.0 -9999.0 -9999.0 -9999.0 -9999.0 -9999.0 -9999.0 -9999.0 -9999.0 -9999.0 -9999.0 -9999.0 -9999.0 -9999.0 -9999.0 -9999.0 -9999.0 -9999.0 -9999.0 -9999.0 -9999.0 -9999.0 -9999.0 -9999.0 -9999.0
-9999.0 -9999.0 -9999.0 -9999.0 -9999.0 -9999.0 -9999.0 -9999.0 -9999.0 -9999.0 -9999.0 -9999.0 -9999.0 -9999.0 -9999.0 -9999.0 -9999.0 -9999.0 -9999.0 -9999.0 -9999.0 -9999.0 -9999.0 -9999.0 -9999.0 -9999.0 -9999.0 -9999.0 -9999.0 -9999.0 -9999.0 -9999.0 -9999.0 -9999.0 -9999.0 -9999.0 -9999.0 -9999.0 -9999.0 -9999.0 -9999.0 -9999.0 -9999.0 -9999.0 -9999.0 -9999.0 -9999.0 -9999.0 -9999.0 -9999.0 -9999.0 -9999.0 -9999.0 -9999.0 -9999.0 -9999.0 -9999.0 -9999.0 -9999.0 -9999.0 -9999.0 -9999.0 -9999.0 -9999.0 -9999.0 -9999.0 -9999.0 -9999.0 -9999.0 -9999.0 -9999.0 -9999.0 -9999.0 -9999.0 -9999.0 -9999.0 -9999.0 -9999.0 -9999.0 -9999.0
-9999.0 -9999.0 -9999.0 -9999.0 -9999.0 -9999.0 -9999.0 -9999.0 -9999.0 -9999.0 -9999.0 -9999.0 -9999.0 -9999.0 -9999.0 -9999.0 -9999.0 -9999.0 -9999.0 -9999.0 0.280693 0.283045 0.264867 0.237034 0.214306 0.215493 0.243164 0.276061 0.303913 0.310916 0.298423 0.299238 0.295437 0.295450 0.297727 0.301906 0.303616 0.311452 0.316883 0.316752 0.312819 0.308974 0.307966 0.310387 0.313599 0.307973 0.316710 0.325832 0.329429 0.326637 0.309970 0.299029 0.293284 0.282620 0.300939 0.309775 0.324084 0.326644 0.326152 0.309911 0.288732 -9999.0 -9999.0 -9999.0 -9999.0 -9999.0 -9999.0 -9999.0 -9999.0 -9999.0 -9999.0 -9999.0 -9999.0 -9999.0 -9999.0 -9999.0 -9999.0 -9999.0 -9999.0 -9999.0
-9999.0 -9999.0 -9999.0 -9999.0 -9999.0 -9999.0 -9999.0 -9999.0 -9999.0 -9999.0 -9999.0 -9999.0 -9999.0 -9999.0 0.209375 0.201552 0.199058 0.205039 0.230960 0.254979 0.265166 0.258779 0.258452 0.238999 0.222610 0.233594 0.257080 0.281813 0.306545 0.319707 0.311544 0.309696 0.316737 0.332886 0.340180 0.339106 0.328461 0.339576 0.346319 0.349838 0.349556 0.346543 0.351732 0.356386 0.354694 0.349157 0.350034 0.353544 0.357388 0.353199 0.325341 0.311919 0.309943 0.305621 0.296516 0.291863 0.309464 0.310415 0.305138 0.292648 0.268025 0.232527 0.218735 0.249859 0.285673 0.324837 -9999.0 -9999.0 -9999.0 -9999.0 -9999.0 -9999.0 -9999.0 -9999.0 -9999.0 -9999.0 -9999.0 -9999.0 -9999.0 -9999.0
-9999.0 -9999.0 -9999.0 -9999.0 -9999.0 -9999.0 -9999.0 -9999.0 -9999.0 0.171132 0.173070 0.177257 0.178054 0.188110 0.186765 0.191193 0.196547 0.215466 0.239758 0.267948 0.290245 0.282249 0.282209 0.291580 0.297128 0.306467 0.319884 0.341015 0.355920 0.364121 0.359784 0.359626 0.363361 0.368212 0.369545 0.369719 0.369389 0.369447 0.369813 0.369956 0.369963 0.369962 0.369995 0.369999 0.370000 0.369996 0.369972 0.369964 0.369995 0.369824 0.368035 0.362026 0.361388 0.353611 0.337544 0.325464 0.323511 0.335253 0.327387 0.304186 0.277227 0.270212 0.257261 0.270651 0.288707 0.320944 0.340627 0.351191 0.351430 0.345733 -9999.0 -9999.0 -9999.0 -9999.0 -9999.0 -9999.0 -9999.0 -9999.0 -9999.0 -9999.0
-9999.0 -9999.0 -9999.0 -9999.0 -9999.0 -9999.0 0.132312 0.135672 0.144093 0.146593 0.158674 0.162579 0.174434 0.186665 0.200554 0.212896 0.237025 0.263051 0.295319 0.324619 0.341072 0.339495 0.344089 0.356240 0.364911 0.367945 0.369060 0.369816 0.370000 0.370000 0.370000 0.370000 0.370000 0.370000 0.370000 0.370000 0.370000 0.370000 0.370000 0.370000 0.370000 0.370000 0.370000 0.370000 0.370000 0.370000 0.370000 0.370000 0.370000 0.370000 0.370000 0.370000 0.370000 0.369998 0.369535 0.366840 0.366403 0.367313 0.363909 0.352259 0.335086 0.329415 0.321110 0.312292 0.315835 0.327463 0.339244 0.344174 0.339345 0.329832 0.316988 0.298103 0.299542 0.316642 -9999.0 -9999.0 -9999.0 -9999.0 -9999.0 -9999.0
-9999.0 -9999.0 -9999.0 -9999.0 0.115587 0.119166 0.115587 0.122665 0.134187 0.148651 0.165672 0.188986 0.207953 0.230549 0.264328 0.294532 0.323864 0.341949 0.359886 0.368236 0.369759 0.369952 0.369990 0.370000 0.370000 0.370000 0.370000 0.370000 0.370000 0.370000 0.370000 0.370000 0.370000 0.370000 0.370000 0.370000 0.370000 0.370000 0.370000 0.370000 0.370000 0.370000 0.370000 0.370000 0.370000 0.370000 0.370000 0.370000 0.370000 0.370000 0.370000 0.370000 0.370000 0.370000 0.370000 0.370000 0.370000 0.370000 0.370000 0.369970 0.369131 0.367819 0.364645 0.360136 0.352227 0.352160 0.352947 0.346713 0.334157 0.316954 0.307775 0.295153 0.288101 0.309556 0.320823 0.337190 -9999.0 -9999.0 -9999.0 -9999.0
-9999.0 -9999.0 0.101730 0.113501 0.131710 0.134866 0.135607 0.137291 0.149123 0.177103 0.234777 0.277759 0.310992 0.329490 0.354785 0.367967 0.369913 0.369999 0.370000 0.370000 0.370000 0.370000 0.370000 0.370000 0.370000 0.370000 0.370000 0.370000 0.370000 0.370000 0.370000 0.370000 0.370000 0.370000 0.370000 0.370000 0.370000 0.370000 0.370000 0.370000 0.370000 0.370000 0.370000 0.370000 0.370000 0.370000 0.370000 0.370000 0.370000 0.370000 0.370000 0.370000 0.370000 0.370000 0.370000 0.370000 0.370000 0.370000 0.370000 0.370000 0.370000 0.370000 0.370000 0.369995 0.369741 0.368886 0.365715 0.359705 0.347592 0.327864 0.314618 0.302834 0.301789 0.302726 0.313719 0.323417 0.331852 0.335724 -9999.0 -9999.0
-9999.0 0.087184 0.097063 0.130623 0.168494 0.197533 0.228716 0.252469 0.271278 0.281756 0.347289 0.368008 0.369957 0.369998 0.370000 0.370000 0.370000 0.370000 0.370000 0.370000 0.370000 0.370000 0.370000 0.370000 0.370000 0.370000 0.370000 0.370000 0.370000 0.370000 0.370000 0.370000 0.370000 0.370000 0.370000 0.370000 0.370000 0.370000 0.370000 0.370000 0.370000 0.370000 0.370000 0.370000 0.370000 0.370000 0.370000 0.370000 0.370000 0.370000 0.370000 0.370000 0.370000 0.370000 0.370000 0.370000 0.370000 0.370000 0.370000 0.370000 0.370000 0.370000 0.370000 0.370000 0.370000 0.370000 0.369982 0.369485 0.366171 0.360814 0.353670 0.333840 0.321403 0.322656 0.317445 0.316202 0.320459 0.324281 -9999.0 -9999.0
-9999.0 0.081069 0.097285 0.158046 0.263075 0.310106 0.361153 0.368984 0.369647 0.369249 0.370000 0.370000 0.370000 0.370000 0.370000 0.370000 0.370000 0.370000 0.370000 0.370000 0.370000 0.370000 0.370000 0.370000 0.370000 0.370000 0.370000 0.370000 0.370000 0.370000 0.370000 0.370000 0.370000 0.370000 0.370000 0.370000 0.370000 0.370000 0.370000 0.370000 0.370000 0.370000 0.370000 0.370000 0.370000 0.370000 0.370000 0.370000 0.370000 0.370000 0.370000 0.370000 0.370000 0.370000 0.370000 0.370000 0.370000 0.370000 0.370000 0.370000 0.370000 0.370000 0.370000 0.370000 0.370000 0.370000 0.370000 0.370000 0.370000 0.369967 0.369503 0.366703 0.357937 0.350104 0.334459 0.323459 -9999.0 -9999.0 -9999.0 -9999.0
-9999.0 0.077348 0.094951 0.200666 0.358739 0.369802 0.370000 0.370000 0.370000 0.370000 0.370000 0.370000 0.370000 0.370000 0.370000 0.370000 0.370000 0.370000 0.370000 0.370000 0.370000 0.370000 0.370000 0.370000 0.370000 0.370000 0.370000 0.370000 0.370000 0.370000 0.370000 0.370000 0.370000 0.370000 0.370000 0.370000 0.370000 0.370000 0.370000 0.369997 0.369982 0.369952 0.369985 0.369984 0.369984 0.369993 0.369999 0.370000 0.370000 0.370000 0.370000 0.370000 0.370000 0.370000 0.370000 0.370000 0.370000 0.370000 0.370000 0.370000 0.370000 0.370000 0.370000 0.370000 0.370000 0.370000 0.370000 0.370000 0.370000 0.370000 0.370000 0.370000 0.369931 0.366802 0.361711 -9999.0 -9999.0 -9999.0 -9999.0 -9999.0
-9999.0 0.072315 0.085765 0.172455 0.365183 0.370000 0.370000 0.370000 0.370000 0.370000 0.370000 0.370000 0.370000 0.370000 0.370000 0.370000 0.370000 0.370000 0.370000 0.370000 0.370000 0.370000 0.370000 0.370000 0.370000 0.370000 0.370000 0.370000 0.370000 0.370000 0.370000 0.370000 0.369992 0.369514 0.367696 0.362575 0.349444 0.348287 0.352891 0.347075 0.337855 0.328418 0.340640 0.346531 0.350156 0.346987 0.350194 0.359384 0.366367 0.368939 0.369867 0.369999 0.370000 0.370000 0.370000 0.370000 0.370000 0.370000 0.370000 0.370000 0.370000 0.370000 0.370000 0.370000 0.370000 0.370000 0.370000 0.370000 0.370000 0.370000 0.370000 0.370000 0.370000 -9999.0 -9999.0 -9999.0 -9999.0 -9999.0 -9999.0 -9999.0
-9999.0 0.070095 0.075212 0.096627 0.235864 0.363830 0.369999 0.370000 0.370000 0.370000 0.370000 0.370000 0.370000 0.370000 0.370000 0.370000 0.370000 0.370000 0.370000 0.370000 0.370000 0.370000 0.370000 0.370000 0.370000 0.370000 0.370000 0.370000 0.369979 0.369554 0.364763 0.350236 0.320900 0.296425 0.272997 0.245945 0.214465 0.222908 0.234963 0.231070 0.220911 0.217068 0.240640 0.255317 0.263291 0.252092 0.266636 0.287483 0.316303 0.338380 0.355027 0.364834 0.368700 0.369585 0.369822 0.369976 0.370000 0.370000 0.370000 0.370000 0.370000 0.370000 0.370000 0.370000 0.370000 0.370000 0.370000 0.370000 0.370000 0.370000 0.370000 -9999.0 -9999.0 -9999.0 -9999.0 -9999.0 -9999.0 -9999.0 -9999.0 -9999.0
-9999.0 -9999.0 0.070064 0.073744 0.081682 0.107628 0.164334 0.237982 0.295141 0.344577 0.364858 0.369286 0.369858 0.369941 0.369837 0.369151 0.368069 0.368064 0.367528 0.366372 0.363473 0.361874 0.360150 0.358382 0.354591 0.352077 0.350183 0.346049 0.336101 0.308923 0.268699 0.226401 0.186067 0.170314 0.157889 0.146339 0.144530 0.144004 0.147409 0.147958 0.150390 0.156285 0.167980 0.181060 0.187128 0.191511 0.200229 0.217699 0.243743 0.276030 0.313068 0.341852 0.354390 0.357244 0.354963 0.356680 0.361615 0.367245 0.369913 0.370000 0.370000 0.370000 0.370000 0.370000 0.370000 0.370000 0.370000 0.370000 0.370000 0.370000 -9999.0 -9999.0 -9999.0 -9999.0 -9999.0 -9999.0 -9999.0 -9999.0 -9999.0 -9999.0
-9999.0 -9999.0 -9999.0 -9999.0 0.070725 0.074199 0.078038 0.083521 0.098067 0.123949 0.163785 0.213026 0.252798 0.270901 0.260416 0.253914 0.246492 0.243947 0.237187 0.231986 0.226768 0.220647 0.212547 0.206922 0.206219 0.208709 0.207422 0.198156 0.187606 0.169772 0.155948 0.139077 0.124701 0.115575 0.112049 0.110222 0.110350 0.109078 0.111567 0.113196 0.117420 0.122291 0.130871 0.142623 0.148345 0.155397 0.160537 0.172597 0.191912 0.231128 0.280324 0.318479 0.335792 0.336730 0.322151 0.311416 0.308471 0.325240 0.347342 0.364250 0.369788 0.370000 0.370000 0.370000 0.370000 0.370000 0.370000 0.370000 -9999.0 -9999.0 -9999.0 -9999.0 -9999.0 -9999.0 -9999.0 -9999.0 -9999.0 -9999.0 -9999.0 -9999.0
-9999.0 -9999.0 -9999.0 -9999.0 -9999.0 -9999.0 0.069974 0.071275 0.073192 0.077511 0.084948 0.095867 0.110454 0.116679 0.121346 0.128692 0.126813 0.121213 0.116369 0.121322 0.124220 0.122735 0.114612 0.114192 0.115120 0.117966 0.117729 0.116032 0.109476 0.111401 0.110963 0.105514 0.100211 0.097623 0.095734 0.097422 0.097604 0.095578 0.096047 0.100628 0.104626 0.107697 0.113491 0.123603 0.135519 0.141491 0.141781 0.144515 0.166266 0.213624 0.268915 0.307539 0.325437 0.328596 0.310589 0.279516 0.260581 0.264140 0.289418 0.323943 0.355313 0.364626 0.367762 0.368999 0.369711 0.370000 -9999.0 -9999.0 -9999.0 -9999.0 -9999.0 -9999.0 -9999.0 -9999.0 -9999.0 -9999.0 -9999.0 -9999.0 -9999.0 -9999.0
-9999.0 -9999.0 -9999.0 -9999.0 -9999.0 -9999.0 -9999.0 -9999.0 -9999.0 -9999.0 -9999.0 -9999.0 -9999.0 -9999.0 -9999.0 -9999.0 -9999.0 -9999.0 -9999.0 -9999.0 -9999.0 -9999.0 -9999.0 -9999.0 -9999.0 -9999.0 -9999.0 -9999.0 -9999.0 -9999.0 -9999.0 -9999.0 -9999.0 -9999.0 -9999.0 -9999.0 -9999.0 -9999.0 -9999.0 -9999.0 -9999.0 -9999.0 -9999.0 -9999.0 -9999.0 -9999.0 -9999.0 -9999.0 -9999.0 -9999.0 -9999.0 -9999.0 -9999.0 -9999.0 -9999.0 -9999.0 -9999.0 -9999.0 -9999.0 -9999.0 -9999.0 -9999.0 -9999.0 -9999.0 -9999.0 -9999.0 -9999.0 -9999.0 -9999.0 -9999.0 -9999.0 -9999.0 -9999.0 -9999.0 -9999.0 -9999.0 -9999.0 -9999.0 -9999.0 -9999.0
-9999.0 -9999.0 -9999.0 -9999.0 -9999.0 -9999.0 -9999.0 -9999.0 -9999.0 -9999.0 -9999.0 -9999.0 -9999.0 -9999.0 -9999.0 -9999.0 -9999.0 -9999.0 -9999.0 -9999.0 -9999.0 -9999.0 -9999.0 -9999.0 -9999.0 -9999.0 -9999.0 -9999.0 -9999.0 -9999.0 -9999.0 -9999.0 -9999.0 -9999.0 -9999.0 -9999.0 -9999.0 -9999.0 -9999.0 -9999.0 -9999.0 -9999.0 -9999.0 -9999.0 -9999.0 -9999.0 -9999.0 -9999.0 -9999.0 -9999.0 -9999.0 -9999.0 -9999.0 -9999.0 -9999.0 -9999.0 -9999.0 -9999.0 -9999.0 -9999.0 -9999.0 -9999.0 -9999.0 -9999.0 -9999.0 -9999.0 -9999.0 -9999.0 -9999.0 -9999.0 -9999.0 -9999.0 -9999.0 -9999.0 -9999.0 -9999.0 -9999.0 -9999.0 -9999.0 -9999.0