Borden_/Borden1m_014/output_maps/thetaliqL0007N0007.asc
ncols         80
nrows         18
xllcorner     620200.000000
yllcorner     5168000.000000
cellsize      1.000000
NODATA_value  -9999.0
-9999.0 -9999.0 -9999.0 -9999.0 -9999.0 -9999.0 -9999.0 -9999.0 -9999.0 -9999.0 -9999.0 -9999.0 -9999.0 -9999.0 -9999.0 -9999.0 -9999.0 -9999.0 -9999.0 -9999.0 -9999.0 -9999.0 -9999.0 -9999.0 -9999.0 -9999.0 -9999.0 -9999.0 -9999.0 -9999.0 -9999.0 -9999.0 -9999.0 -9999.0 -9999.0 -9999.0 -9999.0 -9999.0 -9999.0 -9999.0 -9999.0 -9999.0 -9999.0 -9999.0 -9999.0 -9999.0 -9999.0 -9999.0 -9999.0 -9999.0 -9999.0 -9999.0 -9999.0 -9999.0 -9999.0 -9999.0 -9999.0 -9999.0 -9999.0 -9999.0 -9999.0 -9999.0 -9999.0 -9999.0 -9999.0 -9999.0 -9999.0 -9999.0 -9999.0 -9999.0 -9999.0 -9999.0 -9999.0 -9999.0 -9999.0 -9999.0 -9999.0 -9999.0 -9999.0 -9999.0
-9999.0 -9999.0 -9999.0 -9999.0 -9999.0 -9999.0 -9999.0 -9999.0 -9999.0 -9999.0 -9999.0 -9999.0 -9999.0 -9999.0 -9999.0 -9999.0 -9999.0 -9999.0 -9999.0 -9999.0 -9999.0 -9999.0 -9999.0 -9999.0 -9999.0 -9999.0 -9999.0 -9999.0 -9999.0 -9999.0 -9999.0 -9999.0 -9999.0 -9999.0 -9999.0 -9999.0 -9999.0 -9999.0 -9999.0 -9999.0 -9999.0 -9999.0 -9999.0 -9999.0 -9999.0 -9999.0 -9999.0 -9999.0 -9999.0 -9999.0 -9999.0 -9999.0 -9999.0 -9999.0 -9999.0 -9999.0 -9999.0 -9999.0 -9999.0 -9999.0 -9999.0 -9999.0 -9999.0 -9999.0 -9999.0 -9999.0 -9999.0 -9999.0 -9999.0 -9999.0 -9999.0 -9999.0 -9999.0 -9999.0 -9999.0 -9999.0 -9999.0 -9999.0 -9999.0 -9999.0
-9999.0 -9999.0 -9999.0 -9999.0 -9999.0 -9999.0 -9999.0 -9999.0 -9999.0 -9999.0 -9999.0 -9999.0 -9999.0 -9999.0 -9999.0 -9999.0 -9999.0 -9999.0 -9999.0 -9999.0 0.279264 0.281567 0.263367 0.235659 0.213101 0.214148 0.241290 0.273708 0.301369 0.308234 0.295475 0.296121 0.292061 0.291776 0.293789 0.297825 0.299457 0.307273 0.312687 0.312452 0.308379 0.304434 0.303325 0.305724 0.309030 0.303366 0.312341 0.321765 0.325566 0.322943 0.306322 0.295670 0.290236 0.279839 0.298456 0.307548 0.322187 0.324934 0.324584 0.308332 0.287196 -9999.0 -9999.0 -9999.0 -9999.0 -9999.0 -9999.0 -9999.0 -9999.0 -9999.0 -9999.0 -9999.0 -9999.0 -9999.0 -9999.0 -9999.0 -9999.0 -9999.0 -9999.0 -9999.0
-9999.0 -9999.0 -9999.0 -9999.0 -9999.0 -9999.0 -9999.0 -9999.0 -9999.0 -9999.0 -9999.0 -9999.0 -9999.0 -9999.0 0.208723 0.200915 0.198374 0.204200 0.229723 0.253383 0.263435 0.256975 0.256530 0.237099 0.220752 0.231327 0.254195 0.278389 0.302806 0.315797 0.307239 0.305061 0.311746 0.327822 0.335042 0.333587 0.322098 0.333935 0.341174 0.344975 0.344568 0.341051 0.346774 0.352150 0.350088 0.343837 0.345086 0.349194 0.353689 0.349241 0.319696 0.306855 0.305541 0.301739 0.293021 0.288703 0.306730 0.307924 0.302863 0.290577 0.266201 0.231097 0.217592 0.248544 0.284317 0.323688 -9999.0 -9999.0 -9999.0 -9999.0 -9999.0 -9999.0 -9999.0 -9999.0 -9999.0 -9999.0 -9999.0 -9999.0 -9999.0 -9999.0
-9999.0 -9999.0 -9999.0 -9999.0 -9999.0 -9999.0 -9999.0 -9999.0 -9999.0 0.170870 0.172770 0.176890 0.177629 0.187549 0.186172 0.190481 0.195660 0.214170 0.237892 0.265483 0.287405 0.279107 0.278722 0.287566 0.292341 0.300960 0.314004 0.335643 0.351507 0.361181 0.354947 0.354281 0.358827 0.366121 0.368763 0.369150 0.368403 0.368418 0.369367 0.369770 0.369771 0.369756 0.369908 0.369950 0.369964 0.369914 0.369819 0.369798 0.369926 0.369404 0.365837 0.357069 0.357486 0.348966 0.332049 0.320056 0.318703 0.331510 0.323913 0.300838 0.274295 0.267703 0.255158 0.268736 0.286969 0.319512 0.339537 0.350428 0.350768 0.345047 -9999.0 -9999.0 -9999.0 -9999.0 -9999.0 -9999.0 -9999.0 -9999.0 -9999.0 -9999.0
-9999.0 -9999.0 -9999.0 -9999.0 -9999.0 -9999.0 0.132249 0.135589 0.143958 0.146425 0.158398 0.162218 0.173889 0.185875 0.199418 0.211313 0.234682 0.259853 0.291222 0.319988 0.336454 0.334049 0.338278 0.350897 0.361268 0.365666 0.367609 0.369306 0.369973 0.369999 0.370000 0.370000 0.370000 0.370000 0.370000 0.370000 0.370000 0.370000 0.370000 0.370000 0.370000 0.370000 0.370000 0.370000 0.370000 0.370000 0.370000 0.370000 0.370000 0.370000 0.370000 0.370000 0.369996 0.369941 0.368838 0.363849 0.363427 0.365333 0.361248 0.347962 0.330116 0.325095 0.317351 0.309045 0.313208 0.325422 0.337740 0.343026 0.338313 0.328870 0.316101 0.297331 0.298905 0.316112 -9999.0 -9999.0 -9999.0 -9999.0 -9999.0 -9999.0
-9999.0 -9999.0 -9999.0 -9999.0 0.115568 0.119136 0.115558 0.122607 0.134057 0.148380 0.165133 0.187933 0.206286 0.228070 0.260634 0.289456 0.317999 0.335804 0.355175 0.366340 0.369144 0.369718 0.369851 0.369994 0.370000 0.370000 0.370000 0.370000 0.370000 0.370000 0.370000 0.370000 0.370000 0.370000 0.370000 0.370000 0.370000 0.370000 0.370000 0.370000 0.370000 0.370000 0.370000 0.370000 0.370000 0.370000 0.370000 0.370000 0.370000 0.370000 0.370000 0.370000 0.370000 0.370000 0.370000 0.370000 0.370000 0.370000 0.369986 0.369787 0.367853 0.365861 0.361876 0.357029 0.348861 0.349645 0.351101 0.345004 0.332532 0.315498 0.306580 0.294186 0.287335 0.308963 0.320361 0.336847 -9999.0 -9999.0 -9999.0 -9999.0
-9999.0 -9999.0 0.101728 0.113487 0.131651 0.134764 0.135452 0.137059 0.148679 0.176051 0.231937 0.272876 0.305044 0.322908 0.349128 0.365894 0.369556 0.369937 0.369998 0.370000 0.370000 0.370000 0.370000 0.370000 0.370000 0.370000 0.370000 0.370000 0.370000 0.370000 0.370000 0.370000 0.370000 0.370000 0.370000 0.370000 0.370000 0.370000 0.370000 0.370000 0.370000 0.370000 0.370000 0.370000 0.370000 0.370000 0.370000 0.370000 0.370000 0.370000 0.370000 0.370000 0.370000 0.370000 0.370000 0.370000 0.370000 0.370000 0.370000 0.370000 0.370000 0.370000 0.369994 0.369859 0.369096 0.367859 0.364097 0.357678 0.345242 0.325523 0.312705 0.301357 0.300698 0.301931 0.313156 0.323016 0.331571 0.335498 -9999.0 -9999.0
-9999.0 0.087184 0.097062 0.130574 0.168184 0.196595 0.226272 0.248454 0.266170 0.275587 0.341259 0.366407 0.369741 0.369916 0.369995 0.370000 0.370000 0.370000 0.370000 0.370000 0.370000 0.370000 0.370000 0.370000 0.370000 0.370000 0.370000 0.370000 0.370000 0.370000 0.370000 0.370000 0.370000 0.370000 0.370000 0.370000 0.370000 0.370000 0.370000 0.370000 0.370000 0.370000 0.370000 0.370000 0.370000 0.370000 0.370000 0.370000 0.370000 0.370000 0.370000 0.370000 0.370000 0.370000 0.370000 0.370000 0.370000 0.370000 0.370000 0.370000 0.370000 0.370000 0.370000 0.370000 0.370000 0.369987 0.369769 0.368705 0.364368 0.358567 0.351353 0.331376 0.319583 0.321525 0.316686 0.315695 0.320135 0.324030 -9999.0 -9999.0
-9999.0 0.081069 0.097284 0.157850 0.261328 0.305398 0.357317 0.368188 0.369117 0.368321 0.369974 0.370000 0.370000 0.370000 0.370000 0.370000 0.370000 0.370000 0.370000 0.370000 0.370000 0.370000 0.370000 0.370000 0.370000 0.370000 0.370000 0.370000 0.370000 0.370000 0.370000 0.370000 0.370000 0.370000 0.370000 0.370000 0.370000 0.370000 0.370000 0.370000 0.370000 0.370000 0.370000 0.370000 0.370000 0.370000 0.370000 0.370000 0.370000 0.370000 0.370000 0.370000 0.370000 0.370000 0.370000 0.370000 0.370000 0.370000 0.370000 0.370000 0.370000 0.370000 0.370000 0.370000 0.370000 0.370000 0.370000 0.370000 0.369976 0.369750 0.368804 0.365118 0.355682 0.348723 0.333436 0.322794 -9999.0 -9999.0 -9999.0 -9999.0
-9999.0 0.077348 0.094949 0.199946 0.356991 0.369317 0.370000 0.370000 0.370000 0.370000 0.370000 0.370000 0.370000 0.370000 0.370000 0.370000 0.370000 0.370000 0.370000 0.370000 0.370000 0.370000 0.370000 0.370000 0.370000 0.370000 0.370000 0.370000 0.370000 0.370000 0.370000 0.370000 0.370000 0.370000 0.370000 0.370000 0.369996 0.369994 0.369988 0.369941 0.369871 0.369781 0.369888 0.369877 0.369874 0.369913 0.369968 0.369987 0.369999 0.370000 0.370000 0.370000 0.370000 0.370000 0.370000 0.370000 0.370000 0.370000 0.370000 0.370000 0.370000 0.370000 0.370000 0.370000 0.370000 0.370000 0.370000 0.370000 0.370000 0.370000 0.370000 0.369981 0.369581 0.365975 0.361021 -9999.0 -9999.0 -9999.0 -9999.0 -9999.0
-9999.0 0.072315 0.085765 0.171735 0.363561 0.370000 0.370000 0.370000 0.370000 0.370000 0.370000 0.370000 0.370000 0.370000 0.370000 0.370000 0.370000 0.370000 0.370000 0.370000 0.370000 0.370000 0.370000 0.370000 0.370000 0.370000 0.370000 0.370000 0.370000 0.370000 0.370000 0.369998 0.369876 0.368546 0.365341 0.358088 0.342830 0.342365 0.348200 0.342041 0.332226 0.322289 0.335281 0.341680 0.345691 0.341911 0.345106 0.355469 0.364060 0.367613 0.369345 0.369910 0.369995 0.370000 0.370000 0.370000 0.370000 0.370000 0.370000 0.370000 0.370000 0.370000 0.370000 0.370000 0.370000 0.370000 0.370000 0.370000 0.370000 0.370000 0.370000 0.370000 0.370000 -9999.0 -9999.0 -9999.0 -9999.0 -9999.0 -9999.0 -9999.0
-9999.0 0.070095 0.075212 0.096619 0.233439 0.360797 0.369907 0.370000 0.370000 0.370000 0.370000 0.370000 0.370000 0.370000 0.370000 0.370000 0.370000 0.370000 0.370000 0.370000 0.370000 0.370000 0.370000 0.370000 0.369999 0.369997 0.369993 0.369972 0.369820 0.368708 0.361439 0.344046 0.313940 0.290265 0.267858 0.242040 0.211834 0.220310 0.232231 0.228528 0.218647 0.214914 0.238019 0.252425 0.260246 0.249054 0.263262 0.283636 0.312109 0.334183 0.351522 0.362605 0.367547 0.368829 0.369244 0.369732 0.369969 0.370000 0.370000 0.370000 0.370000 0.370000 0.370000 0.370000 0.370000 0.370000 0.370000 0.370000 0.370000 0.370000 0.370000 -9999.0 -9999.0 -9999.0 -9999.0 -9999.0 -9999.0 -9999.0 -9999.0 -9999.0
-9999.0 -9999.0 0.070064 0.073744 0.081677 0.107240 0.162070 0.229543 0.281471 0.333729 0.361086 0.368522 0.369580 0.369757 0.369507 0.368016 0.365771 0.365738 0.364828 0.363005 0.358790 0.356901 0.354860 0.352976 0.348940 0.346502 0.344755 0.340677 0.330632 0.303410 0.264272 0.223535 0.184596 0.169388 0.157292 0.145966 0.144220 0.143717 0.147098 0.147650 0.150065 0.155903 0.167462 0.180372 0.186342 0.190641 0.199180 0.216288 0.241766 0.273410 0.310046 0.339037 0.351933 0.354622 0.351463 0.352734 0.357900 0.364818 0.369456 0.369993 0.370000 0.370000 0.370000 0.370000 0.370000 0.370000 0.370000 0.370000 0.370000 0.370000 -9999.0 -9999.0 -9999.0 -9999.0 -9999.0 -9999.0 -9999.0 -9999.0 -9999.0 -9999.0
-9999.0 -9999.0 -9999.0 -9999.0 0.070725 0.074199 0.078037 0.083504 0.097967 0.123451 0.162022 0.209040 0.247019 0.264474 0.254097 0.247936 0.240937 0.238638 0.232297 0.227556 0.222875 0.217227 0.209578 0.204275 0.203757 0.206312 0.205189 0.196300 0.186182 0.168874 0.155404 0.138810 0.124585 0.115519 0.112013 0.110194 0.110324 0.109056 0.111541 0.113167 0.117379 0.122234 0.130779 0.142469 0.148149 0.155146 0.160230 0.172157 0.191208 0.229843 0.278427 0.316383 0.333673 0.334313 0.318978 0.307551 0.303798 0.319800 0.341708 0.360660 0.369100 0.369944 0.370000 0.370000 0.370000 0.370000 0.370000 0.370000 -9999.0 -9999.0 -9999.0 -9999.0 -9999.0 -9999.0 -9999.0 -9999.0 -9999.0 -9999.0 -9999.0 -9999.0
-9999.0 -9999.0 -9999.0 -9999.0 -9999.0 -9999.0 0.069974 0.071275 0.073192 0.077511 0.084946 0.095851 0.110367 0.116525 0.121139 0.128393 0.126547 0.121025 0.116239 0.121152 0.124027 0.122568 0.114520 0.114107 0.115032 0.117862 0.117632 0.115952 0.109434 0.111356 0.110924 0.105494 0.100202 0.097617 0.095731 0.097418 0.097599 0.095576 0.096044 0.100622 0.104617 0.107684 0.113469 0.123555 0.135428 0.141370 0.141650 0.144356 0.165940 0.212806 0.267503 0.305873 0.323676 0.326650 0.308158 0.276670 0.257430 0.260285 0.284373 0.317921 0.350561 0.361244 0.365254 0.367170 0.368733 0.369978 -9999.0 -9999.0 -9999.0 -9999.0 -9999.0 -9999.0 -9999.0 -9999.0 -9999.0 -9999.0 -9999.0 -9999.0 -9999.0 -9999.0
-9999.0 -9999.0 -9999.0 -9999.0 -9999.0 -9999.0 -9999.0 -9999.0 -9999.0 -9999.0 -9999.0 -9999.0 -9999.0 -9999.0 -9999.0 -9999.0 -9999.0 -9999.0 -9999.0 -9999.0 -9999.0 -9999.0 -9999.0 -9999.0 -9999.0 -9999.0 -9999.0 -9999.0 -9999.0 -9999.0 -9999.0 -9999.0 -9999.0 -9999.0 -9999.0 -9999.0 -9999.0 -9999.0 -9999.0 -9999.0 -9999.0 -9999.0 -9999.0 -9999.0 -9999.0 -9999.0 -9999.0 -9999.0 -9999.0 -9999.0 -9999.0 -9999.0 -9999.0 -9999.0 -9999.0 -9999.0 -9999.0 -9999.0 -9999.0 -9999.0 -9999.0 -9999.0 -9999.0 -9999.0 -9999.0 -9999.0 -9999.0 -9999.0 -9999.0 -9999.0 -9999.0 -9999.0 -9999.0 -9999.0 -9999.0 -9999.0 -9999.0 -9999.0 -9999.0 -9999.0
-9999.0 -9999.0 -9999.0 -9999.0 -9999.0 -9999.0 -9999.0 -9999.0 -9999.0 -9999.0 -9999.0 -9999.0 -9999.0 -9999.0 -9999.0 -9999.0 -9999.0 -9999.0 -9999.0 -9999.0 -9999.0 -9999.0 -9999.0 -9999.0 -9999.0 -9999.0 -9999.0 -9999.0 -9999.0 -9999.0 -9999.0 -9999.0 -9999.0 -9999.0 -9999.0 -9999.0 -9999.0 -9999.0 -9999.0 -9999.0 -9999.0 -9999.0 -9999.0 -9999.0 -9999.0 -9999.0 -9999.0 -9999.0 -9999.0 -9999.0 -9999.0 -9999.0 -9999.0 -9999.0 -9999.0 -9999.0 -9999.0 -9999.0 -9999.0 -9999.0 -9999.0 -9999.0 -9999.0 -9999.0 -9999.0 -9999.0 -9999.0 -9999.0 -9999.0 -9999.0 -9999.0 -9999.0 -9999.0 -9999.0 -9999.0 -9999.0 -9999.0 -9999.0 -9999.0 -9999.0