Borden_/Borden1m_014/output_maps/thetaliqL0007N0008.asc
ncols         80
nrows         18
xllcorner     620200.000000
yllcorner     5168000.000000
cellsize      1.000000
NODATA_value  -9999.0
-9999.0 -9999.0 -9999.0 -9999.0 -9999.0 -9999.0 -9999.0 -9999.0 -9999.0 -9999.0 -9999.0 -9999.0 -9999.0 -9999.0 -9999.0 -9999.0 -9999.0 -9999.0 -9999.0 -9999.0 -9999.0 -9999.0 -9999.0 -9999.0 -9999.0 -9999.0 -9999.0 -9999.0 -9999.0 -9999.0 -9999.0 -9999.0 -9999.0 -9999.0 -9999.0 -9999.0 -9999.0 -9999.0 -9999.0 -9999.0 -9999.0 -9999.0 -9999.0 -9999.0 -9999.0 -9999.0 -9999.0 -9999.0 -9999.0 -9999.0 -9999.0 -9999.0 -9999.0 -9999.0 -9999.0 -9999.0 -9999.0 -9999.0 -9999.0 -9999.0 -9999.0 -9999.0 -9999.0 -9999.0 -9999.0 -9999.0 -9999.0 -9999.0 -9999.0 -9999.0 -9999.0 -9999.0 -9999.0 -9999.0 -9999.0 -9999.0 -9999.0 -9999.0 -9999.0 -9999.0
-9999.0 -9999.0 -9999.0 -9999.0 -9999.0 -9999.0 -9999.0 -9999.0 -9999.0 -9999.0 -9999.0 -9999.0 -9999.0 -9999.0 -9999.0 -9999.0 -9999.0 -9999.0 -9999.0 -9999.0 -9999.0 -9999.0 -9999.0 -9999.0 -9999.0 -9999.0 -9999.0 -9999.0 -9999.0 -9999.0 -9999.0 -9999.0 -9999.0 -9999.0 -9999.0 -9999.0 -9999.0 -9999.0 -9999.0 -9999.0 -9999.0 -9999.0 -9999.0 -9999.0 -9999.0 -9999.0 -9999.0 -9999.0 -9999.0 -9999.0 -9999.0 -9999.0 -9999.0 -9999.0 -9999.0 -9999.0 -9999.0 -9999.0 -9999.0 -9999.0 -9999.0 -9999.0 -9999.0 -9999.0 -9999.0 -9999.0 -9999.0 -9999.0 -9999.0 -9999.0 -9999.0 -9999.0 -9999.0 -9999.0 -9999.0 -9999.0 -9999.0 -9999.0 -9999.0 -9999.0
-9999.0 -9999.0 -9999.0 -9999.0 -9999.0 -9999.0 -9999.0 -9999.0 -9999.0 -9999.0 -9999.0 -9999.0 -9999.0 -9999.0 -9999.0 -9999.0 -9999.0 -9999.0 -9999.0 -9999.0 0.279316 0.281621 0.263416 0.235697 0.213129 0.214180 0.241344 0.273796 0.301484 0.308359 0.295603 0.296256 0.292202 0.291927 0.293955 0.298004 0.299643 0.307474 0.312906 0.312686 0.308621 0.304679 0.303576 0.305981 0.309287 0.303616 0.312591 0.322010 0.325798 0.323153 0.306499 0.295819 0.290367 0.279951 0.298569 0.307654 0.322285 0.325023 0.324665 0.308404 0.287256 -9999.0 -9999.0 -9999.0 -9999.0 -9999.0 -9999.0 -9999.0 -9999.0 -9999.0 -9999.0 -9999.0 -9999.0 -9999.0 -9999.0 -9999.0 -9999.0 -9999.0 -9999.0 -9999.0
-9999.0 -9999.0 -9999.0 -9999.0 -9999.0 -9999.0 -9999.0 -9999.0 -9999.0 -9999.0 -9999.0 -9999.0 -9999.0 -9999.0 0.208738 0.200929 0.198389 0.204219 0.229756 0.253432 0.263493 0.257033 0.256592 0.237153 0.220799 0.231388 0.254288 0.278524 0.302980 0.315990 0.307438 0.305269 0.311972 0.328082 0.335361 0.333943 0.322465 0.334299 0.341560 0.345367 0.344968 0.341472 0.347171 0.352509 0.350461 0.344246 0.345490 0.349577 0.354030 0.349565 0.319991 0.307093 0.305752 0.301926 0.293180 0.288840 0.306860 0.308043 0.302968 0.290664 0.266263 0.231134 0.217619 0.248581 0.284365 0.323740 -9999.0 -9999.0 -9999.0 -9999.0 -9999.0 -9999.0 -9999.0 -9999.0 -9999.0 -9999.0 -9999.0 -9999.0 -9999.0 -9999.0
-9999.0 -9999.0 -9999.0 -9999.0 -9999.0 -9999.0 -9999.0 -9999.0 -9999.0 0.170875 0.172776 0.176897 0.177638 0.187561 0.186185 0.190497 0.195680 0.214202 0.237946 0.265569 0.287521 0.279232 0.278861 0.287730 0.292532 0.301187 0.314280 0.335975 0.351820 0.361390 0.355245 0.354598 0.359126 0.366357 0.368949 0.369292 0.368727 0.368789 0.369503 0.369808 0.369802 0.369787 0.369922 0.369958 0.369970 0.369926 0.369844 0.369827 0.369940 0.369489 0.366120 0.357432 0.357785 0.349313 0.332404 0.320344 0.318945 0.331717 0.324099 0.300994 0.274407 0.267791 0.255223 0.268800 0.287034 0.319576 0.339592 0.350470 0.350804 0.345081 -9999.0 -9999.0 -9999.0 -9999.0 -9999.0 -9999.0 -9999.0 -9999.0 -9999.0 -9999.0
-9999.0 -9999.0 -9999.0 -9999.0 -9999.0 -9999.0 0.132250 0.135590 0.143960 0.146428 0.158403 0.162225 0.173900 0.185893 0.199445 0.211353 0.234753 0.259967 0.291393 0.320210 0.336724 0.334387 0.338644 0.351235 0.361521 0.365887 0.367837 0.369409 0.369979 0.369999 0.370000 0.370000 0.370000 0.370000 0.370000 0.370000 0.370000 0.370000 0.370000 0.370000 0.370000 0.370000 0.370000 0.370000 0.370000 0.370000 0.370000 0.370000 0.370000 0.370000 0.370000 0.370000 0.369998 0.369951 0.368964 0.364317 0.363688 0.365489 0.361469 0.348270 0.330389 0.325314 0.317530 0.309189 0.313324 0.325518 0.337816 0.343086 0.338363 0.328911 0.316134 0.297355 0.298924 0.316129 -9999.0 -9999.0 -9999.0 -9999.0 -9999.0 -9999.0
-9999.0 -9999.0 -9999.0 -9999.0 0.115568 0.119137 0.115559 0.122608 0.134059 0.148384 0.165143 0.187958 0.206331 0.228147 0.260770 0.289673 0.318312 0.336158 0.355481 0.366522 0.369301 0.369766 0.369874 0.369995 0.370000 0.370000 0.370000 0.370000 0.370000 0.370000 0.370000 0.370000 0.370000 0.370000 0.370000 0.370000 0.370000 0.370000 0.370000 0.370000 0.370000 0.370000 0.370000 0.370000 0.370000 0.370000 0.370000 0.370000 0.370000 0.370000 0.370000 0.370000 0.370000 0.370000 0.370000 0.370000 0.370000 0.370000 0.369989 0.369814 0.367993 0.366022 0.362091 0.357237 0.349056 0.349791 0.351210 0.345097 0.332609 0.315558 0.306623 0.294215 0.287356 0.308981 0.320375 0.336858 -9999.0 -9999.0 -9999.0 -9999.0
-9999.0 -9999.0 0.101728 0.113488 0.131651 0.134765 0.135454 0.137062 0.148686 0.176074 0.232029 0.273099 0.305368 0.323274 0.349473 0.366085 0.369597 0.369946 0.369999 0.370000 0.370000 0.370000 0.370000 0.370000 0.370000 0.370000 0.370000 0.370000 0.370000 0.370000 0.370000 0.370000 0.370000 0.370000 0.370000 0.370000 0.370000 0.370000 0.370000 0.370000 0.370000 0.370000 0.370000 0.370000 0.370000 0.370000 0.370000 0.370000 0.370000 0.370000 0.370000 0.370000 0.370000 0.370000 0.370000 0.370000 0.370000 0.370000 0.370000 0.370000 0.370000 0.370000 0.369996 0.369881 0.369155 0.367945 0.364215 0.357812 0.345372 0.325627 0.312778 0.301406 0.300732 0.301954 0.313173 0.323028 0.331579 0.335505 -9999.0 -9999.0
-9999.0 0.087184 0.097062 0.130575 0.168189 0.196613 0.226332 0.248600 0.266390 0.275877 0.341678 0.366631 0.369765 0.369926 0.369997 0.370000 0.370000 0.370000 0.370000 0.370000 0.370000 0.370000 0.370000 0.370000 0.370000 0.370000 0.370000 0.370000 0.370000 0.370000 0.370000 0.370000 0.370000 0.370000 0.370000 0.370000 0.370000 0.370000 0.370000 0.370000 0.370000 0.370000 0.370000 0.370000 0.370000 0.370000 0.370000 0.370000 0.370000 0.370000 0.370000 0.370000 0.370000 0.370000 0.370000 0.370000 0.370000 0.370000 0.370000 0.370000 0.370000 0.370000 0.370000 0.370000 0.370000 0.369994 0.369801 0.368772 0.364521 0.358720 0.351480 0.331475 0.319644 0.321562 0.316709 0.315709 0.320144 0.324037 -9999.0 -9999.0
-9999.0 0.081069 0.097284 0.157852 0.261375 0.305574 0.357632 0.368294 0.369177 0.368430 0.369980 0.370000 0.370000 0.370000 0.370000 0.370000 0.370000 0.370000 0.370000 0.370000 0.370000 0.370000 0.370000 0.370000 0.370000 0.370000 0.370000 0.370000 0.370000 0.370000 0.370000 0.370000 0.370000 0.370000 0.370000 0.370000 0.370000 0.370000 0.370000 0.370000 0.370000 0.370000 0.370000 0.370000 0.370000 0.370000 0.370000 0.370000 0.370000 0.370000 0.370000 0.370000 0.370000 0.370000 0.370000 0.370000 0.370000 0.370000 0.370000 0.370000 0.370000 0.370000 0.370000 0.370000 0.370000 0.370000 0.370000 0.370000 0.369982 0.369779 0.368869 0.365242 0.355790 0.348781 0.333470 0.322815 -9999.0 -9999.0 -9999.0 -9999.0
-9999.0 0.077348 0.094949 0.199958 0.357112 0.369441 0.370000 0.370000 0.370000 0.370000 0.370000 0.370000 0.370000 0.370000 0.370000 0.370000 0.370000 0.370000 0.370000 0.370000 0.370000 0.370000 0.370000 0.370000 0.370000 0.370000 0.370000 0.370000 0.370000 0.370000 0.370000 0.370000 0.370000 0.370000 0.370000 0.370000 0.369997 0.369995 0.369990 0.369951 0.369890 0.369808 0.369905 0.369897 0.369895 0.369927 0.369974 0.369990 0.370000 0.370000 0.370000 0.370000 0.370000 0.370000 0.370000 0.370000 0.370000 0.370000 0.370000 0.370000 0.370000 0.370000 0.370000 0.370000 0.370000 0.370000 0.370000 0.370000 0.370000 0.370000 0.370000 0.369990 0.369629 0.366024 0.361056 -9999.0 -9999.0 -9999.0 -9999.0 -9999.0
-9999.0 0.072315 0.085765 0.171747 0.363858 0.370000 0.370000 0.370000 0.370000 0.370000 0.370000 0.370000 0.370000 0.370000 0.370000 0.370000 0.370000 0.370000 0.370000 0.370000 0.370000 0.370000 0.370000 0.370000 0.370000 0.370000 0.370000 0.370000 0.370000 0.370000 0.370000 0.369999 0.369893 0.368666 0.365522 0.358368 0.343208 0.342738 0.348546 0.342423 0.332634 0.322709 0.335688 0.342077 0.346074 0.342309 0.345493 0.355790 0.364252 0.367720 0.369409 0.369941 0.369997 0.370000 0.370000 0.370000 0.370000 0.370000 0.370000 0.370000 0.370000 0.370000 0.370000 0.370000 0.370000 0.370000 0.370000 0.370000 0.370000 0.370000 0.370000 0.370000 0.370000 -9999.0 -9999.0 -9999.0 -9999.0 -9999.0 -9999.0 -9999.0
-9999.0 0.070095 0.075212 0.096619 0.233488 0.361188 0.369927 0.370000 0.370000 0.370000 0.370000 0.370000 0.370000 0.370000 0.370000 0.370000 0.370000 0.370000 0.370000 0.370000 0.370000 0.370000 0.370000 0.370000 0.369999 0.369998 0.369995 0.369978 0.369851 0.368819 0.361696 0.344416 0.314303 0.290531 0.268043 0.242161 0.211905 0.220386 0.232318 0.228606 0.218711 0.214973 0.238102 0.252527 0.260360 0.249159 0.263392 0.283804 0.312316 0.334408 0.351742 0.362785 0.367646 0.368889 0.369300 0.369776 0.369976 0.370000 0.370000 0.370000 0.370000 0.370000 0.370000 0.370000 0.370000 0.370000 0.370000 0.370000 0.370000 0.370000 0.370000 -9999.0 -9999.0 -9999.0 -9999.0 -9999.0 -9999.0 -9999.0 -9999.0 -9999.0
-9999.0 -9999.0 0.070064 0.073744 0.081677 0.107247 0.162116 0.229712 0.281931 0.334378 0.361802 0.368721 0.369631 0.369788 0.369570 0.368308 0.366073 0.365976 0.365065 0.363236 0.359059 0.357178 0.355158 0.353291 0.349284 0.346860 0.345116 0.341035 0.330963 0.303665 0.264434 0.223617 0.184629 0.169406 0.157303 0.145972 0.144225 0.143721 0.147103 0.147655 0.150070 0.155909 0.167471 0.180386 0.186358 0.190660 0.199204 0.216323 0.241825 0.273506 0.310181 0.339192 0.352091 0.354793 0.351681 0.352997 0.358188 0.365021 0.369512 0.369996 0.370000 0.370000 0.370000 0.370000 0.370000 0.370000 0.370000 0.370000 0.370000 0.370000 -9999.0 -9999.0 -9999.0 -9999.0 -9999.0 -9999.0 -9999.0 -9999.0 -9999.0 -9999.0
-9999.0 -9999.0 -9999.0 -9999.0 0.070725 0.074199 0.078037 0.083504 0.097968 0.123457 0.162054 0.209149 0.247227 0.264736 0.254329 0.248125 0.241086 0.238773 0.232417 0.227664 0.222972 0.217314 0.209654 0.204342 0.203820 0.206375 0.205247 0.196345 0.186214 0.168891 0.155413 0.138814 0.124586 0.115520 0.112013 0.110194 0.110324 0.109057 0.111541 0.113167 0.117380 0.122235 0.130780 0.142470 0.148152 0.155149 0.160235 0.172164 0.191222 0.229876 0.278495 0.316480 0.333783 0.334440 0.319128 0.307725 0.304007 0.320067 0.342032 0.360941 0.369190 0.369964 0.370000 0.370000 0.370000 0.370000 0.370000 0.370000 -9999.0 -9999.0 -9999.0 -9999.0 -9999.0 -9999.0 -9999.0 -9999.0 -9999.0 -9999.0 -9999.0 -9999.0
-9999.0 -9999.0 -9999.0 -9999.0 -9999.0 -9999.0 0.069974 0.071275 0.073192 0.077511 0.084946 0.095851 0.110368 0.116526 0.121141 0.128396 0.126549 0.121027 0.116240 0.121154 0.124029 0.122570 0.114520 0.114107 0.115033 0.117863 0.117633 0.115953 0.109434 0.111356 0.110924 0.105494 0.100202 0.097617 0.095731 0.097418 0.097600 0.095576 0.096044 0.100622 0.104617 0.107684 0.113469 0.123556 0.135429 0.141371 0.141652 0.144358 0.165945 0.212824 0.267549 0.305944 0.323760 0.326746 0.308265 0.276774 0.257531 0.260414 0.284573 0.318211 0.350872 0.361533 0.365481 0.367356 0.368872 0.369984 -9999.0 -9999.0 -9999.0 -9999.0 -9999.0 -9999.0 -9999.0 -9999.0 -9999.0 -9999.0 -9999.0 -9999.0 -9999.0 -9999.0
-9999.0 -9999.0 -9999.0 -9999.0 -9999.0 -9999.0 -9999.0 -9999.0 -9999.0 -9999.0 -9999.0 -9999.0 -9999.0 -9999.0 -9999.0 -9999.0 -9999.0 -9999.0 -9999.0 -9999.0 -9999.0 -9999.0 -9999.0 -9999.0 -9999.0 -9999.0 -9999.0 -9999.0 -9999.0 -9999.0 -9999.0 -9999.0 -9999.0 -9999.0 -9999.0 -9999.0 -9999.0 -9999.0 -9999.0 -9999.0 -9999.0 -9999.0 -9999.0 -9999.0 -9999.0 -9999.0 -9999.0 -9999.0 -9999.0 -9999.0 -9999.0 -9999.0 -9999.0 -9999.0 -9999.0 -9999.0 -9999.0 -9999.0 -9999.0 -9999.0 -9999.0 -9999.0 -9999.0 -9999.0 -9999.0 -9999.0 -9999.0 -9999.0 -9999.0 -9999.0 -9999.0 -9999.0 -9999.0 -9999.0 -9999.0 -9999.0 -9999.0 -9999.0 -9999.0 -9999.0
-9999.0 -9999.0 -9999.0 -9999.0 -9999.0 -9999.0 -9999.0 -9999.0 -9999.0 -9999.0 -9999.0 -9999.0 -9999.0 -9999.0 -9999.0 -9999.0 -9999.0 -9999.0 -9999.0 -9999.0 -9999.0 -9999.0 -9999.0 -9999.0 -9999.0 -9999.0 -9999.0 -9999.0 -9999.0 -9999.0 -9999.0 -9999.0 -9999.0 -9999.0 -9999.0 -9999.0 -9999.0 -9999.0 -9999.0 -9999.0 -9999.0 -9999.0 -9999.0 -9999.0 -9999.0 -9999.0 -9999.0 -9999.0 -9999.0 -9999.0 -9999.0 -9999.0 -9999.0 -9999.0 -9999.0 -9999.0 -9999.0 -9999.0 -9999.0 -9999.0 -9999.0 -9999.0 -9999.0 -9999.0 -9999.0 -9999.0 -9999.0 -9999.0 -9999.0 -9999.0 -9999.0 -9999.0 -9999.0 -9999.0 -9999.0 -9999.0 -9999.0 -9999.0 -9999.0 -9999.0