Borden_/Borden1m_014/output_maps/thetaliqL0007N0015.asc
ncols         80
nrows         18
xllcorner     620200.000000
yllcorner     5168000.000000
cellsize      1.000000
NODATA_value  -9999.0
-9999.0 -9999.0 -9999.0 -9999.0 -9999.0 -9999.0 -9999.0 -9999.0 -9999.0 -9999.0 -9999.0 -9999.0 -9999.0 -9999.0 -9999.0 -9999.0 -9999.0 -9999.0 -9999.0 -9999.0 -9999.0 -9999.0 -9999.0 -9999.0 -9999.0 -9999.0 -9999.0 -9999.0 -9999.0 -9999.0 -9999.0 -9999.0 -9999.0 -9999.0 -9999.0 -9999.0 -9999.0 -9999.0 -9999.0 -9999.0 -9999.0 -9999.0 -9999.0 -9999.0 -9999.0 -9999.0 -9999.0 -9999.0 -9999.0 -9999.0 -9999.0 -9999.0 -9999.0 -9999.0 -9999.0 -9999.0 -9999.0 -9999.0 -9999.0 -9999.0 -9999.0 -9999.0 -9999.0 -9999.0 -9999.0 -9999.0 -9999.0 -9999.0 -9999.0 -9999.0 -9999.0 -9999.0 -9999.0 -9999.0 -9999.0 -9999.0 -9999.0 -9999.0 -9999.0 -9999.0
-9999.0 -9999.0 -9999.0 -9999.0 -9999.0 -9999.0 -9999.0 -9999.0 -9999.0 -9999.0 -9999.0 -9999.0 -9999.0 -9999.0 -9999.0 -9999.0 -9999.0 -9999.0 -9999.0 -9999.0 -9999.0 -9999.0 -9999.0 -9999.0 -9999.0 -9999.0 -9999.0 -9999.0 -9999.0 -9999.0 -9999.0 -9999.0 -9999.0 -9999.0 -9999.0 -9999.0 -9999.0 -9999.0 -9999.0 -9999.0 -9999.0 -9999.0 -9999.0 -9999.0 -9999.0 -9999.0 -9999.0 -9999.0 -9999.0 -9999.0 -9999.0 -9999.0 -9999.0 -9999.0 -9999.0 -9999.0 -9999.0 -9999.0 -9999.0 -9999.0 -9999.0 -9999.0 -9999.0 -9999.0 -9999.0 -9999.0 -9999.0 -9999.0 -9999.0 -9999.0 -9999.0 -9999.0 -9999.0 -9999.0 -9999.0 -9999.0 -9999.0 -9999.0 -9999.0 -9999.0
-9999.0 -9999.0 -9999.0 -9999.0 -9999.0 -9999.0 -9999.0 -9999.0 -9999.0 -9999.0 -9999.0 -9999.0 -9999.0 -9999.0 -9999.0 -9999.0 -9999.0 -9999.0 -9999.0 -9999.0 0.279850 0.282177 0.263952 0.236147 0.213498 0.214596 0.241980 0.274683 0.302509 0.309448 0.296760 0.297482 0.293534 0.293410 0.295597 0.299763 0.301475 0.309372 0.314842 0.314657 0.310621 0.306692 0.305613 0.308027 0.311304 0.305638 0.314564 0.323899 0.327610 0.324861 0.308084 0.297213 0.291603 0.281047 0.299593 0.308588 0.323106 0.325762 0.325337 0.309048 0.287845 -9999.0 -9999.0 -9999.0 -9999.0 -9999.0 -9999.0 -9999.0 -9999.0 -9999.0 -9999.0 -9999.0 -9999.0 -9999.0 -9999.0 -9999.0 -9999.0 -9999.0 -9999.0 -9999.0
-9999.0 -9999.0 -9999.0 -9999.0 -9999.0 -9999.0 -9999.0 -9999.0 -9999.0 -9999.0 -9999.0 -9999.0 -9999.0 -9999.0 0.208937 0.201119 0.198591 0.204470 0.230156 0.253990 0.264121 0.257677 0.257276 0.237788 0.221388 0.232138 0.255331 0.279862 0.304505 0.317592 0.309142 0.307092 0.314006 0.330401 0.337919 0.336731 0.325619 0.337264 0.344323 0.347950 0.347541 0.344210 0.349629 0.354602 0.352702 0.346849 0.348035 0.351913 0.356055 0.351729 0.322610 0.309234 0.307600 0.303557 0.294629 0.290126 0.308003 0.309076 0.303897 0.291481 0.266930 0.231596 0.217968 0.249021 0.284867 0.324215 -9999.0 -9999.0 -9999.0 -9999.0 -9999.0 -9999.0 -9999.0 -9999.0 -9999.0 -9999.0 -9999.0 -9999.0 -9999.0 -9999.0
-9999.0 -9999.0 -9999.0 -9999.0 -9999.0 -9999.0 -9999.0 -9999.0 -9999.0 0.170947 0.172860 0.177001 0.177759 0.187726 0.186356 0.190704 0.195942 0.214608 0.238574 0.266477 0.288647 0.280460 0.280213 0.289289 0.294409 0.303531 0.316984 0.338602 0.353935 0.362751 0.357388 0.357004 0.361536 0.367955 0.369468 0.369644 0.369333 0.369405 0.369769 0.369922 0.369917 0.369908 0.369974 0.369989 0.369993 0.369976 0.369938 0.369934 0.369985 0.369776 0.367841 0.360208 0.359752 0.351637 0.335094 0.322852 0.321027 0.333369 0.325608 0.302373 0.275526 0.268713 0.255961 0.269493 0.287692 0.320167 0.340077 0.350828 0.351113 0.345389 -9999.0 -9999.0 -9999.0 -9999.0 -9999.0 -9999.0 -9999.0 -9999.0 -9999.0 -9999.0
-9999.0 -9999.0 -9999.0 -9999.0 -9999.0 -9999.0 0.132263 0.135609 0.143993 0.146470 0.158477 0.162324 0.174056 0.186126 0.199792 0.211852 0.235549 0.261132 0.292995 0.322241 0.338985 0.336987 0.341348 0.353762 0.363844 0.367794 0.368994 0.369746 0.369998 0.370000 0.370000 0.370000 0.370000 0.370000 0.370000 0.370000 0.370000 0.370000 0.370000 0.370000 0.370000 0.370000 0.370000 0.370000 0.370000 0.370000 0.370000 0.370000 0.370000 0.370000 0.370000 0.370000 0.370000 0.369990 0.369454 0.366640 0.365696 0.366589 0.362833 0.350451 0.332724 0.327205 0.319116 0.310525 0.314410 0.326392 0.338491 0.343612 0.338822 0.329318 0.316487 0.297636 0.299151 0.316327 -9999.0 -9999.0 -9999.0 -9999.0 -9999.0 -9999.0
-9999.0 -9999.0 -9999.0 -9999.0 0.115571 0.119142 0.115564 0.122620 0.134089 0.148455 0.165295 0.188279 0.206870 0.228993 0.262128 0.291721 0.320862 0.338877 0.357869 0.367999 0.369696 0.369911 0.369963 0.370000 0.370000 0.370000 0.370000 0.370000 0.370000 0.370000 0.370000 0.370000 0.370000 0.370000 0.370000 0.370000 0.370000 0.370000 0.370000 0.370000 0.370000 0.370000 0.370000 0.370000 0.370000 0.370000 0.370000 0.370000 0.370000 0.370000 0.370000 0.370000 0.370000 0.370000 0.370000 0.370000 0.370000 0.370000 0.370000 0.369941 0.369009 0.367296 0.363597 0.358905 0.350717 0.351026 0.352129 0.345909 0.333330 0.316158 0.307092 0.294569 0.287622 0.309198 0.320548 0.336993 -9999.0 -9999.0 -9999.0 -9999.0
-9999.0 -9999.0 0.101728 0.113490 0.131664 0.134787 0.135489 0.137117 0.148803 0.176385 0.233035 0.275096 0.307895 0.326082 0.352180 0.367611 0.369825 0.369990 0.370000 0.370000 0.370000 0.370000 0.370000 0.370000 0.370000 0.370000 0.370000 0.370000 0.370000 0.370000 0.370000 0.370000 0.370000 0.370000 0.370000 0.370000 0.370000 0.370000 0.370000 0.370000 0.370000 0.370000 0.370000 0.370000 0.370000 0.370000 0.370000 0.370000 0.370000 0.370000 0.370000 0.370000 0.370000 0.370000 0.370000 0.370000 0.370000 0.370000 0.370000 0.370000 0.370000 0.370000 0.370000 0.369983 0.369646 0.368561 0.365164 0.358905 0.346520 0.326655 0.313561 0.301971 0.301136 0.302242 0.313380 0.323177 0.331684 0.335588 -9999.0 -9999.0
-9999.0 0.087184 0.097062 0.130585 0.168268 0.196883 0.227148 0.250136 0.268445 0.278437 0.344559 0.367594 0.369886 0.369979 0.370000 0.370000 0.370000 0.370000 0.370000 0.370000 0.370000 0.370000 0.370000 0.370000 0.370000 0.370000 0.370000 0.370000 0.370000 0.370000 0.370000 0.370000 0.370000 0.370000 0.370000 0.370000 0.370000 0.370000 0.370000 0.370000 0.370000 0.370000 0.370000 0.370000 0.370000 0.370000 0.370000 0.370000 0.370000 0.370000 0.370000 0.370000 0.370000 0.370000 0.370000 0.370000 0.370000 0.370000 0.370000 0.370000 0.370000 0.370000 0.370000 0.370000 0.370000 0.370000 0.369960 0.369281 0.365595 0.360044 0.352694 0.332558 0.320379 0.322013 0.316997 0.315896 0.320260 0.324125 -9999.0 -9999.0
-9999.0 0.081069 0.097284 0.157899 0.262009 0.307719 0.360813 0.368903 0.369498 0.368991 0.369998 0.370000 0.370000 0.370000 0.370000 0.370000 0.370000 0.370000 0.370000 0.370000 0.370000 0.370000 0.370000 0.370000 0.370000 0.370000 0.370000 0.370000 0.370000 0.370000 0.370000 0.370000 0.370000 0.370000 0.370000 0.370000 0.370000 0.370000 0.370000 0.370000 0.370000 0.370000 0.370000 0.370000 0.370000 0.370000 0.370000 0.370000 0.370000 0.370000 0.370000 0.370000 0.370000 0.370000 0.370000 0.370000 0.370000 0.370000 0.370000 0.370000 0.370000 0.370000 0.370000 0.370000 0.370000 0.370000 0.370000 0.370000 0.369999 0.369950 0.369391 0.366233 0.357013 0.349445 0.333898 0.323071 -9999.0 -9999.0 -9999.0 -9999.0
-9999.0 0.077348 0.094949 0.200164 0.358229 0.369805 0.370000 0.370000 0.370000 0.370000 0.370000 0.370000 0.370000 0.370000 0.370000 0.370000 0.370000 0.370000 0.370000 0.370000 0.370000 0.370000 0.370000 0.370000 0.370000 0.370000 0.370000 0.370000 0.370000 0.370000 0.370000 0.370000 0.370000 0.370000 0.370000 0.370000 0.370000 0.370000 0.369999 0.369988 0.369961 0.369919 0.369968 0.369966 0.369965 0.369979 0.369995 0.369999 0.370000 0.370000 0.370000 0.370000 0.370000 0.370000 0.370000 0.370000 0.370000 0.370000 0.370000 0.370000 0.370000 0.370000 0.370000 0.370000 0.370000 0.370000 0.370000 0.370000 0.370000 0.370000 0.370000 0.370000 0.369909 0.366555 0.361439 -9999.0 -9999.0 -9999.0 -9999.0 -9999.0
-9999.0 0.072315 0.085765 0.171967 0.365219 0.370000 0.370000 0.370000 0.370000 0.370000 0.370000 0.370000 0.370000 0.370000 0.370000 0.370000 0.370000 0.370000 0.370000 0.370000 0.370000 0.370000 0.370000 0.370000 0.370000 0.370000 0.370000 0.370000 0.370000 0.370000 0.370000 0.370000 0.369973 0.369420 0.367376 0.360751 0.346033 0.345338 0.350759 0.344887 0.335391 0.325664 0.338379 0.344591 0.348424 0.344865 0.347985 0.357738 0.365475 0.368573 0.369801 0.369993 0.370000 0.370000 0.370000 0.370000 0.370000 0.370000 0.370000 0.370000 0.370000 0.370000 0.370000 0.370000 0.370000 0.370000 0.370000 0.370000 0.370000 0.370000 0.370000 0.370000 0.370000 -9999.0 -9999.0 -9999.0 -9999.0 -9999.0 -9999.0 -9999.0
-9999.0 0.070095 0.075212 0.096621 0.234296 0.363448 0.369994 0.370000 0.370000 0.370000 0.370000 0.370000 0.370000 0.370000 0.370000 0.370000 0.370000 0.370000 0.370000 0.370000 0.370000 0.370000 0.370000 0.370000 0.370000 0.370000 0.370000 0.369997 0.369956 0.369459 0.363622 0.347255 0.317299 0.293079 0.269941 0.243470 0.212736 0.221247 0.233273 0.229498 0.219487 0.215705 0.239065 0.253639 0.261555 0.250303 0.264698 0.285340 0.314066 0.336289 0.353560 0.364028 0.368278 0.369368 0.369748 0.369951 0.369999 0.370000 0.370000 0.370000 0.370000 0.370000 0.370000 0.370000 0.370000 0.370000 0.370000 0.370000 0.370000 0.370000 0.370000 -9999.0 -9999.0 -9999.0 -9999.0 -9999.0 -9999.0 -9999.0 -9999.0 -9999.0
-9999.0 -9999.0 0.070064 0.073744 0.081678 0.107371 0.162760 0.232688 0.288454 0.341544 0.364916 0.369275 0.369822 0.369910 0.369799 0.369136 0.368093 0.368073 0.367485 0.366073 0.362055 0.359650 0.357582 0.355692 0.351732 0.349316 0.347577 0.343547 0.333543 0.306050 0.266084 0.224558 0.185062 0.169663 0.157459 0.146065 0.144302 0.143793 0.147182 0.147734 0.150155 0.156012 0.167616 0.180588 0.186593 0.190922 0.199526 0.216776 0.242503 0.274484 0.311431 0.340488 0.353296 0.356111 0.353486 0.355107 0.360195 0.366499 0.369852 0.370000 0.370000 0.370000 0.370000 0.370000 0.370000 0.370000 0.370000 0.370000 0.370000 0.370000 -9999.0 -9999.0 -9999.0 -9999.0 -9999.0 -9999.0 -9999.0 -9999.0 -9999.0 -9999.0
-9999.0 -9999.0 -9999.0 -9999.0 0.070725 0.074199 0.078037 0.083507 0.097988 0.123580 0.162593 0.210532 0.249476 0.267360 0.256826 0.250412 0.243090 0.240621 0.234035 0.229049 0.224138 0.218329 0.210532 0.205132 0.204572 0.207124 0.205949 0.196915 0.186635 0.169139 0.155555 0.138878 0.124611 0.115531 0.112020 0.110200 0.110329 0.109061 0.111546 0.113173 0.117388 0.122247 0.130801 0.142508 0.148201 0.155214 0.160316 0.172284 0.191424 0.230290 0.279205 0.317352 0.334718 0.335514 0.320478 0.309331 0.305935 0.322426 0.344790 0.363020 0.369696 0.369998 0.370000 0.370000 0.370000 0.370000 0.370000 0.370000 -9999.0 -9999.0 -9999.0 -9999.0 -9999.0 -9999.0 -9999.0 -9999.0 -9999.0 -9999.0 -9999.0 -9999.0
-9999.0 -9999.0 -9999.0 -9999.0 -9999.0 -9999.0 0.069974 0.071275 0.073192 0.077511 0.084947 0.095854 0.110385 0.116558 0.121183 0.128460 0.126605 0.121064 0.116265 0.121188 0.124069 0.122605 0.114539 0.114124 0.115050 0.117884 0.117653 0.115969 0.109442 0.111365 0.110932 0.105498 0.100203 0.097618 0.095731 0.097419 0.097600 0.095576 0.096044 0.100623 0.104619 0.107687 0.113473 0.123566 0.135450 0.141400 0.141682 0.144396 0.166030 0.213070 0.268053 0.306609 0.324504 0.327579 0.309256 0.277844 0.258654 0.261807 0.286543 0.320811 0.353359 0.363493 0.367122 0.368891 0.369670 0.369999 -9999.0 -9999.0 -9999.0 -9999.0 -9999.0 -9999.0 -9999.0 -9999.0 -9999.0 -9999.0 -9999.0 -9999.0 -9999.0 -9999.0
-9999.0 -9999.0 -9999.0 -9999.0 -9999.0 -9999.0 -9999.0 -9999.0 -9999.0 -9999.0 -9999.0 -9999.0 -9999.0 -9999.0 -9999.0 -9999.0 -9999.0 -9999.0 -9999.0 -9999.0 -9999.0 -9999.0 -9999.0 -9999.0 -9999.0 -9999.0 -9999.0 -9999.0 -9999.0 -9999.0 -9999.0 -9999.0 -9999.0 -9999.0 -9999.0 -9999.0 -9999.0 -9999.0 -9999.0 -9999.0 -9999.0 -9999.0 -9999.0 -9999.0 -9999.0 -9999.0 -9999.0 -9999.0 -9999.0 -9999.0 -9999.0 -9999.0 -9999.0 -9999.0 -9999.0 -9999.0 -9999.0 -9999.0 -9999.0 -9999.0 -9999.0 -9999.0 -9999.0 -9999.0 -9999.0 -9999.0 -9999.0 -9999.0 -9999.0 -9999.0 -9999.0 -9999.0 -9999.0 -9999.0 -9999.0 -9999.0 -9999.0 -9999.0 -9999.0 -9999.0
-9999.0 -9999.0 -9999.0 -9999.0 -9999.0 -9999.0 -9999.0 -9999.0 -9999.0 -9999.0 -9999.0 -9999.0 -9999.0 -9999.0 -9999.0 -9999.0 -9999.0 -9999.0 -9999.0 -9999.0 -9999.0 -9999.0 -9999.0 -9999.0 -9999.0 -9999.0 -9999.0 -9999.0 -9999.0 -9999.0 -9999.0 -9999.0 -9999.0 -9999.0 -9999.0 -9999.0 -9999.0 -9999.0 -9999.0 -9999.0 -9999.0 -9999.0 -9999.0 -9999.0 -9999.0 -9999.0 -9999.0 -9999.0 -9999.0 -9999.0 -9999.0 -9999.0 -9999.0 -9999.0 -9999.0 -9999.0 -9999.0 -9999.0 -9999.0 -9999.0 -9999.0 -9999.0 -9999.0 -9999.0 -9999.0 -9999.0 -9999.0 -9999.0 -9999.0 -9999.0 -9999.0 -9999.0 -9999.0 -9999.0 -9999.0 -9999.0 -9999.0 -9999.0 -9999.0 -9999.0