Borden_/Borden1m_014/output_maps/thetaliqL0005N0012.asc
ncols         80
nrows         18
xllcorner     620200.000000
yllcorner     5168000.000000
cellsize      1.000000
NODATA_value  -9999.0
-9999.0 -9999.0 -9999.0 -9999.0 -9999.0 -9999.0 -9999.0 -9999.0 -9999.0 -9999.0 -9999.0 -9999.0 -9999.0 -9999.0 -9999.0 -9999.0 -9999.0 -9999.0 -9999.0 -9999.0 -9999.0 -9999.0 -9999.0 -9999.0 -9999.0 -9999.0 -9999.0 -9999.0 -9999.0 -9999.0 -9999.0 -9999.0 -9999.0 -9999.0 -9999.0 -9999.0 -9999.0 -9999.0 -9999.0 -9999.0 -9999.0 -9999.0 -9999.0 -9999.0 -9999.0 -9999.0 -9999.0 -9999.0 -9999.0 -9999.0 -9999.0 -9999.0 -9999.0 -9999.0 -9999.0 -9999.0 -9999.0 -9999.0 -9999.0 -9999.0 -9999.0 -9999.0 -9999.0 -9999.0 -9999.0 -9999.0 -9999.0 -9999.0 -9999.0 -9999.0 -9999.0 -9999.0 -9999.0 -9999.0 -9999.0 -9999.0 -9999.0 -9999.0 -9999.0 -9999.0
-9999.0 -9999.0 -9999.0 -9999.0 -9999.0 -9999.0 -9999.0 -9999.0 -9999.0 -9999.0 -9999.0 -9999.0 -9999.0 -9999.0 -9999.0 -9999.0 -9999.0 -9999.0 -9999.0 -9999.0 -9999.0 -9999.0 -9999.0 -9999.0 -9999.0 -9999.0 -9999.0 -9999.0 -9999.0 -9999.0 -9999.0 -9999.0 -9999.0 -9999.0 -9999.0 -9999.0 -9999.0 -9999.0 -9999.0 -9999.0 -9999.0 -9999.0 -9999.0 -9999.0 -9999.0 -9999.0 -9999.0 -9999.0 -9999.0 -9999.0 -9999.0 -9999.0 -9999.0 -9999.0 -9999.0 -9999.0 -9999.0 -9999.0 -9999.0 -9999.0 -9999.0 -9999.0 -9999.0 -9999.0 -9999.0 -9999.0 -9999.0 -9999.0 -9999.0 -9999.0 -9999.0 -9999.0 -9999.0 -9999.0 -9999.0 -9999.0 -9999.0 -9999.0 -9999.0 -9999.0
-9999.0 -9999.0 -9999.0 -9999.0 -9999.0 -9999.0 -9999.0 -9999.0 -9999.0 -9999.0 -9999.0 -9999.0 -9999.0 -9999.0 -9999.0 -9999.0 -9999.0 -9999.0 -9999.0 -9999.0 0.107802 0.108564 0.103320 0.096867 0.092444 0.092633 0.098077 0.106149 0.115589 0.118637 0.113319 0.113502 0.111972 0.111950 0.112731 0.114214 0.114762 0.118116 0.120712 0.120627 0.118690 0.116902 0.116318 0.117386 0.118849 0.116484 0.120549 0.125691 0.128174 0.126477 0.117716 0.113293 0.111340 0.107961 0.114420 0.118321 0.126075 0.127836 0.127664 0.118752 0.110402 -9999.0 -9999.0 -9999.0 -9999.0 -9999.0 -9999.0 -9999.0 -9999.0 -9999.0 -9999.0 -9999.0 -9999.0 -9999.0 -9999.0 -9999.0 -9999.0 -9999.0 -9999.0 -9999.0
-9999.0 -9999.0 -9999.0 -9999.0 -9999.0 -9999.0 -9999.0 -9999.0 -9999.0 -9999.0 -9999.0 -9999.0 -9999.0 -9999.0 0.091663 0.090261 0.089816 0.090838 0.095649 0.100815 0.103332 0.101685 0.101577 0.097171 0.093913 0.096016 0.101050 0.107551 0.116207 0.122373 0.118105 0.117114 0.120263 0.129823 0.135553 0.134305 0.126091 0.134401 0.141159 0.145504 0.144936 0.140964 0.147825 0.156002 0.152575 0.144141 0.145459 0.151012 0.159002 0.151389 0.124602 0.117940 0.117417 0.115788 0.112438 0.110874 0.117893 0.118490 0.116259 0.111528 0.104095 0.095966 0.093337 0.099732 0.109491 0.127262 -9999.0 -9999.0 -9999.0 -9999.0 -9999.0 -9999.0 -9999.0 -9999.0 -9999.0 -9999.0 -9999.0 -9999.0 -9999.0 -9999.0
-9999.0 -9999.0 -9999.0 -9999.0 -9999.0 -9999.0 -9999.0 -9999.0 -9999.0 0.085330 0.085609 0.086266 0.086374 0.087995 0.087775 0.088488 0.089397 0.092662 0.097365 0.103913 0.110498 0.107784 0.107675 0.110665 0.112576 0.115978 0.121917 0.136299 0.155487 0.179090 0.161934 0.160573 0.171281 0.205685 0.238954 0.247944 0.231888 0.232858 0.254452 0.277057 0.276210 0.274552 0.294560 0.305058 0.311290 0.297004 0.280830 0.277987 0.299367 0.256197 0.204117 0.166923 0.167669 0.151212 0.132970 0.124751 0.123952 0.132536 0.127180 0.115461 0.106333 0.104552 0.101343 0.104778 0.110316 0.124594 0.139821 0.153883 0.154552 0.146204 -9999.0 -9999.0 -9999.0 -9999.0 -9999.0 -9999.0 -9999.0 -9999.0 -9999.0 -9999.0
-9999.0 -9999.0 -9999.0 -9999.0 -9999.0 -9999.0 0.079366 0.079868 0.081141 0.081529 0.083357 0.083960 0.085810 0.087768 0.090038 0.092189 0.096810 0.102601 0.112045 0.125155 0.137074 0.135036 0.138759 0.154705 0.180271 0.204112 0.222096 0.252891 0.316230 0.345143 0.352953 0.355712 0.361484 0.370000 0.370000 0.370000 0.370000 0.370000 0.370000 0.370000 0.370000 0.370000 0.370000 0.370000 0.370000 0.370000 0.370000 0.370000 0.370000 0.370000 0.370000 0.362028 0.337464 0.303479 0.237739 0.191615 0.187965 0.198919 0.178827 0.149853 0.131729 0.128229 0.123577 0.119214 0.121128 0.128169 0.137993 0.143553 0.138591 0.130701 0.122685 0.114090 0.114704 0.122717 -9999.0 -9999.0 -9999.0 -9999.0 -9999.0 -9999.0
-9999.0 -9999.0 -9999.0 -9999.0 0.076765 0.077327 0.076769 0.077867 0.079634 0.081824 0.084444 0.088163 0.091357 0.095501 0.102953 0.111811 0.124555 0.136957 0.162905 0.207868 0.251217 0.274960 0.286582 0.333678 0.367005 0.370000 0.370000 0.370000 0.370000 0.370000 0.370000 0.370000 0.370000 0.370000 0.370000 0.370000 0.370000 0.370000 0.370000 0.370000 0.370000 0.370000 0.370000 0.370000 0.370000 0.370000 0.370000 0.370000 0.370000 0.370000 0.370000 0.370000 0.370000 0.370000 0.370000 0.370000 0.367530 0.356522 0.323049 0.280201 0.222964 0.202864 0.181769 0.167043 0.151292 0.152386 0.154696 0.145824 0.133440 0.122316 0.117939 0.112862 0.110464 0.119089 0.125126 0.137395 -9999.0 -9999.0 -9999.0 -9999.0
-9999.0 -9999.0 0.074522 0.076456 0.079294 0.079780 0.079931 0.080186 0.081981 0.086300 0.096554 0.106720 0.118434 0.127659 0.152500 0.205371 0.266173 0.304795 0.345350 0.369875 0.370000 0.370000 0.370000 0.370000 0.370000 0.370000 0.370000 0.370000 0.370000 0.370000 0.370000 0.370000 0.370000 0.370000 0.370000 0.370000 0.370000 0.370000 0.370000 0.370000 0.370000 0.370000 0.370000 0.370000 0.370000 0.370000 0.370000 0.370000 0.370000 0.370000 0.370000 0.370000 0.370000 0.370000 0.370000 0.370000 0.370000 0.370000 0.370000 0.370000 0.370000 0.364337 0.333607 0.293170 0.248965 0.224541 0.192411 0.168543 0.146241 0.128362 0.120919 0.115691 0.115422 0.115960 0.121133 0.126748 0.132795 0.136095 -9999.0 -9999.0
-9999.0 0.071971 0.073757 0.079209 0.085073 0.089846 0.095761 0.100975 0.105449 0.107738 0.143050 0.209802 0.280623 0.301264 0.339587 0.370000 0.370000 0.370000 0.370000 0.370000 0.370000 0.370000 0.370000 0.370000 0.370000 0.370000 0.370000 0.370000 0.370000 0.370000 0.370000 0.370000 0.370000 0.370000 0.370000 0.370000 0.370000 0.370000 0.370000 0.370000 0.370000 0.370000 0.370000 0.370000 0.370000 0.370000 0.370000 0.370000 0.370000 0.370000 0.370000 0.370000 0.370000 0.370000 0.370000 0.370000 0.370000 0.370000 0.370000 0.370000 0.370000 0.370000 0.370000 0.370000 0.367677 0.329648 0.282607 0.239240 0.194213 0.171664 0.155882 0.132901 0.124751 0.125861 0.122989 0.122454 0.124981 0.127398 -9999.0 -9999.0
-9999.0 0.070784 0.073870 0.083662 0.103802 0.119184 0.173475 0.233732 0.253172 0.233991 0.321667 0.370000 0.370000 0.370000 0.370000 0.370000 0.370000 0.370000 0.370000 0.370000 0.370000 0.370000 0.370000 0.370000 0.370000 0.370000 0.370000 0.370000 0.370000 0.370000 0.370000 0.370000 0.370000 0.370000 0.370000 0.370000 0.370000 0.370000 0.370000 0.370000 0.370000 0.370000 0.370000 0.370000 0.370000 0.370000 0.370000 0.370000 0.370000 0.370000 0.370000 0.370000 0.370000 0.370000 0.370000 0.370000 0.370000 0.370000 0.370000 0.370000 0.370000 0.370000 0.370000 0.370000 0.370000 0.370000 0.370000 0.359431 0.320489 0.283472 0.243885 0.200982 0.164999 0.151598 0.134469 0.126592 -9999.0 -9999.0 -9999.0 -9999.0
-9999.0 0.070014 0.073565 0.091413 0.170874 0.267540 0.370000 0.370000 0.370000 0.370000 0.370000 0.370000 0.370000 0.370000 0.370000 0.370000 0.370000 0.370000 0.370000 0.370000 0.370000 0.370000 0.370000 0.370000 0.370000 0.370000 0.370000 0.370000 0.370000 0.370000 0.370000 0.370000 0.370000 0.370000 0.369888 0.363699 0.338474 0.334048 0.325177 0.302276 0.287937 0.277761 0.291191 0.288245 0.287352 0.295226 0.312554 0.323528 0.347967 0.364100 0.370000 0.370000 0.370000 0.370000 0.370000 0.370000 0.370000 0.370000 0.370000 0.370000 0.370000 0.370000 0.370000 0.370000 0.370000 0.370000 0.370000 0.370000 0.370000 0.370000 0.366055 0.330463 0.275573 0.207863 0.180721 -9999.0 -9999.0 -9999.0 -9999.0 -9999.0
-9999.0 0.068808 0.071927 0.087048 0.206001 0.370000 0.370000 0.370000 0.370000 0.370000 0.370000 0.370000 0.370000 0.370000 0.370000 0.370000 0.370000 0.370000 0.370000 0.370000 0.370000 0.370000 0.370000 0.370000 0.370000 0.370000 0.370000 0.370000 0.370000 0.370000 0.356988 0.344420 0.294047 0.236405 0.200810 0.171035 0.144797 0.144138 0.151299 0.143386 0.134251 0.127247 0.136643 0.142670 0.147264 0.142911 0.146540 0.163188 0.191498 0.219790 0.257169 0.301047 0.333685 0.361510 0.369862 0.370000 0.370000 0.370000 0.370000 0.370000 0.370000 0.370000 0.370000 0.370000 0.370000 0.370000 0.370000 0.370000 0.370000 0.370000 0.370000 0.370000 0.369485 -9999.0 -9999.0 -9999.0 -9999.0 -9999.0 -9999.0 -9999.0
-9999.0 0.068158 0.069587 0.074225 0.100648 0.194400 0.315191 0.369622 0.370000 0.370000 0.370000 0.370000 0.370000 0.370000 0.370000 0.370000 0.370000 0.370000 0.370000 0.370000 0.368283 0.363597 0.363353 0.360843 0.348294 0.338723 0.331786 0.315613 0.285435 0.240419 0.180831 0.146442 0.123091 0.112625 0.105473 0.098971 0.092670 0.094257 0.096690 0.095863 0.093832 0.093060 0.097698 0.100930 0.102867 0.100083 0.103576 0.109553 0.120997 0.135135 0.155544 0.184812 0.219370 0.240897 0.252750 0.278685 0.313530 0.353960 0.370000 0.370000 0.370000 0.370000 0.370000 0.370000 0.370000 0.370000 0.370000 0.370000 0.370000 0.370000 0.370000 -9999.0 -9999.0 -9999.0 -9999.0 -9999.0 -9999.0 -9999.0 -9999.0 -9999.0
-9999.0 -9999.0 0.068156 0.069219 0.071214 0.076434 0.086354 0.100468 0.116412 0.143045 0.186752 0.237175 0.268193 0.280811 0.264033 0.228267 0.206635 0.207003 0.200970 0.190099 0.173670 0.168439 0.164003 0.160298 0.153132 0.149499 0.147278 0.142696 0.133653 0.117982 0.104433 0.095003 0.087872 0.085358 0.083410 0.081603 0.081285 0.081225 0.081754 0.081826 0.082168 0.083053 0.084870 0.086925 0.087899 0.088582 0.090051 0.093150 0.098338 0.106254 0.119705 0.139250 0.156016 0.161090 0.155134 0.157439 0.168655 0.195092 0.261483 0.332974 0.369957 0.370000 0.370000 0.370000 0.370000 0.370000 0.370000 0.370000 0.370000 0.370000 -9999.0 -9999.0 -9999.0 -9999.0 -9999.0 -9999.0 -9999.0 -9999.0 -9999.0 -9999.0
-9999.0 -9999.0 -9999.0 -9999.0 0.068370 0.069349 0.070306 0.071545 0.074412 0.078821 0.085169 0.093453 0.101344 0.105791 0.102783 0.100882 0.099148 0.098729 0.097387 0.096239 0.095143 0.094013 0.092633 0.091634 0.091480 0.091887 0.091671 0.090069 0.088339 0.085350 0.083119 0.080503 0.078260 0.076816 0.076246 0.075934 0.075953 0.075752 0.076158 0.076405 0.077068 0.077830 0.079157 0.080943 0.081797 0.082869 0.083664 0.085556 0.088672 0.095755 0.107658 0.122811 0.134257 0.134782 0.124137 0.118379 0.116839 0.124897 0.142193 0.176757 0.247699 0.307375 0.353484 0.369861 0.370000 0.370000 0.370000 0.370000 -9999.0 -9999.0 -9999.0 -9999.0 -9999.0 -9999.0 -9999.0 -9999.0 -9999.0 -9999.0 -9999.0 -9999.0
-9999.0 -9999.0 -9999.0 -9999.0 -9999.0 -9999.0 0.068133 0.068522 0.069063 0.070116 0.071688 0.073742 0.076235 0.077204 0.077874 0.078987 0.078668 0.077809 0.077063 0.077829 0.078238 0.078015 0.076748 0.076668 0.076799 0.077255 0.077218 0.076943 0.075877 0.076154 0.076056 0.075162 0.074270 0.073820 0.073489 0.073781 0.073811 0.073462 0.073550 0.074330 0.074991 0.075493 0.076428 0.078012 0.079840 0.080739 0.080781 0.081202 0.084573 0.092480 0.104515 0.117647 0.127021 0.128991 0.118623 0.107052 0.101869 0.102651 0.109649 0.123909 0.153723 0.178523 0.197312 0.213028 0.235941 0.316241 -9999.0 -9999.0 -9999.0 -9999.0 -9999.0 -9999.0 -9999.0 -9999.0 -9999.0 -9999.0 -9999.0 -9999.0 -9999.0 -9999.0
-9999.0 -9999.0 -9999.0 -9999.0 -9999.0 -9999.0 -9999.0 -9999.0 -9999.0 -9999.0 -9999.0 -9999.0 -9999.0 -9999.0 -9999.0 -9999.0 -9999.0 -9999.0 -9999.0 -9999.0 -9999.0 -9999.0 -9999.0 -9999.0 -9999.0 -9999.0 -9999.0 -9999.0 -9999.0 -9999.0 -9999.0 -9999.0 -9999.0 -9999.0 -9999.0 -9999.0 -9999.0 -9999.0 -9999.0 -9999.0 -9999.0 -9999.0 -9999.0 -9999.0 -9999.0 -9999.0 -9999.0 -9999.0 -9999.0 -9999.0 -9999.0 -9999.0 -9999.0 -9999.0 -9999.0 -9999.0 -9999.0 -9999.0 -9999.0 -9999.0 -9999.0 -9999.0 -9999.0 -9999.0 -9999.0 -9999.0 -9999.0 -9999.0 -9999.0 -9999.0 -9999.0 -9999.0 -9999.0 -9999.0 -9999.0 -9999.0 -9999.0 -9999.0 -9999.0 -9999.0
-9999.0 -9999.0 -9999.0 -9999.0 -9999.0 -9999.0 -9999.0 -9999.0 -9999.0 -9999.0 -9999.0 -9999.0 -9999.0 -9999.0 -9999.0 -9999.0 -9999.0 -9999.0 -9999.0 -9999.0 -9999.0 -9999.0 -9999.0 -9999.0 -9999.0 -9999.0 -9999.0 -9999.0 -9999.0 -9999.0 -9999.0 -9999.0 -9999.0 -9999.0 -9999.0 -9999.0 -9999.0 -9999.0 -9999.0 -9999.0 -9999.0 -9999.0 -9999.0 -9999.0 -9999.0 -9999.0 -9999.0 -9999.0 -9999.0 -9999.0 -9999.0 -9999.0 -9999.0 -9999.0 -9999.0 -9999.0 -9999.0 -9999.0 -9999.0 -9999.0 -9999.0 -9999.0 -9999.0 -9999.0 -9999.0 -9999.0 -9999.0 -9999.0 -9999.0 -9999.0 -9999.0 -9999.0 -9999.0 -9999.0 -9999.0 -9999.0 -9999.0 -9999.0 -9999.0 -9999.0