Borden_/Borden1m_014/output_maps/thetaliqL0001N0032.asc
ncols         80
nrows         18
xllcorner     620200.000000
yllcorner     5168000.000000
cellsize      1.000000
NODATA_value  -9999.0
-9999.0 -9999.0 -9999.0 -9999.0 -9999.0 -9999.0 -9999.0 -9999.0 -9999.0 -9999.0 -9999.0 -9999.0 -9999.0 -9999.0 -9999.0 -9999.0 -9999.0 -9999.0 -9999.0 -9999.0 -9999.0 -9999.0 -9999.0 -9999.0 -9999.0 -9999.0 -9999.0 -9999.0 -9999.0 -9999.0 -9999.0 -9999.0 -9999.0 -9999.0 -9999.0 -9999.0 -9999.0 -9999.0 -9999.0 -9999.0 -9999.0 -9999.0 -9999.0 -9999.0 -9999.0 -9999.0 -9999.0 -9999.0 -9999.0 -9999.0 -9999.0 -9999.0 -9999.0 -9999.0 -9999.0 -9999.0 -9999.0 -9999.0 -9999.0 -9999.0 -9999.0 -9999.0 -9999.0 -9999.0 -9999.0 -9999.0 -9999.0 -9999.0 -9999.0 -9999.0 -9999.0 -9999.0 -9999.0 -9999.0 -9999.0 -9999.0 -9999.0 -9999.0 -9999.0 -9999.0
-9999.0 -9999.0 -9999.0 -9999.0 -9999.0 -9999.0 -9999.0 -9999.0 -9999.0 -9999.0 -9999.0 -9999.0 -9999.0 -9999.0 -9999.0 -9999.0 -9999.0 -9999.0 -9999.0 -9999.0 -9999.0 -9999.0 -9999.0 -9999.0 -9999.0 -9999.0 -9999.0 -9999.0 -9999.0 -9999.0 -9999.0 -9999.0 -9999.0 -9999.0 -9999.0 -9999.0 -9999.0 -9999.0 -9999.0 -9999.0 -9999.0 -9999.0 -9999.0 -9999.0 -9999.0 -9999.0 -9999.0 -9999.0 -9999.0 -9999.0 -9999.0 -9999.0 -9999.0 -9999.0 -9999.0 -9999.0 -9999.0 -9999.0 -9999.0 -9999.0 -9999.0 -9999.0 -9999.0 -9999.0 -9999.0 -9999.0 -9999.0 -9999.0 -9999.0 -9999.0 -9999.0 -9999.0 -9999.0 -9999.0 -9999.0 -9999.0 -9999.0 -9999.0 -9999.0 -9999.0
-9999.0 -9999.0 -9999.0 -9999.0 -9999.0 -9999.0 -9999.0 -9999.0 -9999.0 -9999.0 -9999.0 -9999.0 -9999.0 -9999.0 -9999.0 -9999.0 -9999.0 -9999.0 -9999.0 -9999.0 0.180151 0.180735 0.179449 0.178008 0.176820 0.176678 0.178018 0.179599 0.181449 0.181851 0.180370 0.180708 0.180128 0.179833 0.179826 0.180225 0.180404 0.181013 0.181410 0.181249 0.180799 0.180470 0.180162 0.180273 0.180771 0.180110 0.181116 0.182137 0.182518 0.182483 0.181060 0.180461 0.180246 0.179122 0.181171 0.181810 0.183407 0.183577 0.183861 0.182057 0.180324 -9999.0 -9999.0 -9999.0 -9999.0 -9999.0 -9999.0 -9999.0 -9999.0 -9999.0 -9999.0 -9999.0 -9999.0 -9999.0 -9999.0 -9999.0 -9999.0 -9999.0 -9999.0 -9999.0
-9999.0 -9999.0 -9999.0 -9999.0 -9999.0 -9999.0 -9999.0 -9999.0 -9999.0 -9999.0 -9999.0 -9999.0 -9999.0 -9999.0 0.177761 0.177094 0.176788 0.176611 0.177810 0.178767 0.178828 0.178129 0.178683 0.177332 0.176168 0.176883 0.177918 0.178803 0.180275 0.181435 0.180379 0.180122 0.180709 0.182792 0.183770 0.183346 0.180954 0.183182 0.184390 0.185201 0.185102 0.183993 0.185597 0.187484 0.186536 0.184562 0.184923 0.186011 0.187878 0.186820 0.180798 0.180122 0.180402 0.180488 0.179718 0.179161 0.181228 0.180958 0.180600 0.180191 0.178961 0.177041 0.176210 0.178165 0.180002 0.183877 -9999.0 -9999.0 -9999.0 -9999.0 -9999.0 -9999.0 -9999.0 -9999.0 -9999.0 -9999.0 -9999.0 -9999.0 -9999.0 -9999.0
-9999.0 -9999.0 -9999.0 -9999.0 -9999.0 -9999.0 -9999.0 -9999.0 -9999.0 0.176653 0.176466 0.176646 0.176218 0.176791 0.175855 0.176076 0.175931 0.176733 0.177417 0.178598 0.180186 0.179032 0.178890 0.179754 0.179933 0.180303 0.181049 0.183808 0.187178 0.192632 0.188103 0.187922 0.190415 0.200224 0.210396 0.214027 0.208153 0.208072 0.215226 0.224979 0.225630 0.224810 0.236640 0.244707 0.250566 0.238185 0.226525 0.224760 0.238600 0.215782 0.200129 0.189414 0.189941 0.186454 0.182818 0.181475 0.181002 0.183458 0.182482 0.180218 0.178427 0.178950 0.177982 0.178917 0.179620 0.182544 0.185295 0.188057 0.188200 0.186434 -9999.0 -9999.0 -9999.0 -9999.0 -9999.0 -9999.0 -9999.0 -9999.0 -9999.0 -9999.0
-9999.0 -9999.0 -9999.0 -9999.0 -9999.0 -9999.0 0.175496 0.175413 0.175770 0.174650 0.175443 0.174898 0.175500 0.175777 0.176170 0.176215 0.177271 0.178216 0.179862 0.182127 0.184300 0.183232 0.183820 0.187090 0.193898 0.200786 0.205450 0.214753 0.255824 0.299244 0.315192 0.322021 0.329162 0.342842 0.358864 0.363058 0.358302 0.353986 0.358120 0.364984 0.369470 0.369484 0.369567 0.369654 0.369868 0.369844 0.365637 0.361657 0.359820 0.357848 0.345807 0.325964 0.286880 0.242694 0.209927 0.197090 0.194966 0.196782 0.191981 0.186109 0.182785 0.182720 0.182076 0.180917 0.181419 0.182612 0.184509 0.185708 0.184780 0.183524 0.182564 0.180644 0.180935 0.182801 -9999.0 -9999.0 -9999.0 -9999.0 -9999.0 -9999.0
-9999.0 -9999.0 -9999.0 -9999.0 0.173749 0.174262 0.172741 0.173592 0.174269 0.174787 0.174819 0.175780 0.176068 0.176771 0.178305 0.179596 0.181878 0.183672 0.188830 0.200701 0.214302 0.224360 0.232114 0.286261 0.330677 0.347091 0.351812 0.358104 0.365531 0.369901 0.369971 0.369978 0.369942 0.369999 0.370000 0.370000 0.370000 0.370000 0.370000 0.370000 0.370000 0.370000 0.370000 0.370000 0.370000 0.370000 0.370000 0.370000 0.370000 0.370000 0.369982 0.369949 0.367895 0.364813 0.361335 0.352366 0.331176 0.317239 0.263996 0.226712 0.204625 0.198173 0.192455 0.189616 0.186106 0.186646 0.187529 0.185780 0.183585 0.181562 0.181283 0.180419 0.179503 0.181858 0.182737 0.185437 -9999.0 -9999.0 -9999.0 -9999.0
-9999.0 -9999.0 0.173652 0.173724 0.175137 0.174281 0.173805 0.173079 0.173386 0.174761 0.177518 0.178822 0.180861 0.181977 0.186914 0.200854 0.222264 0.246857 0.304517 0.337065 0.354353 0.362838 0.369102 0.369770 0.369864 0.369998 0.370000 0.369999 0.370000 0.370000 0.370000 0.370000 0.370000 0.370000 0.370000 0.370000 0.370000 0.370000 0.370000 0.370000 0.370000 0.370000 0.370000 0.370000 0.370000 0.370000 0.370000 0.370000 0.370000 0.370000 0.370000 0.370000 0.370000 0.370000 0.369999 0.369999 0.369939 0.368152 0.366217 0.361183 0.341843 0.323349 0.281791 0.234636 0.211052 0.202127 0.194134 0.189535 0.185574 0.182142 0.181102 0.180475 0.180902 0.180593 0.181857 0.182849 0.184315 0.184887 -9999.0 -9999.0
-9999.0 0.173273 0.172828 0.175370 0.175842 0.176424 0.177296 0.178046 0.178782 0.177742 0.185705 0.204345 0.229318 0.242934 0.294964 0.346791 0.369297 0.369757 0.369764 0.369987 0.370000 0.370000 0.370000 0.370000 0.370000 0.370000 0.370000 0.370000 0.370000 0.370000 0.370000 0.370000 0.370000 0.370000 0.370000 0.370000 0.370000 0.370000 0.370000 0.370000 0.370000 0.370000 0.370000 0.369999 0.369999 0.370000 0.370000 0.370000 0.370000 0.370000 0.370000 0.370000 0.370000 0.370000 0.370000 0.370000 0.370000 0.370000 0.370000 0.369999 0.369647 0.367684 0.362504 0.347917 0.326099 0.276949 0.226590 0.206606 0.194406 0.190214 0.187697 0.182900 0.181656 0.182586 0.181965 0.181892 0.182466 0.182921 -9999.0 -9999.0
-9999.0 0.171105 0.173355 0.176134 0.179818 0.180581 0.194817 0.210907 0.218227 0.208891 0.269150 0.369420 0.369941 0.369940 0.369997 0.370000 0.370000 0.370000 0.370000 0.370000 0.370000 0.370000 0.370000 0.370000 0.370000 0.370000 0.370000 0.370000 0.370000 0.370000 0.370000 0.370000 0.370000 0.369997 0.369974 0.369949 0.369803 0.368668 0.366351 0.363363 0.361469 0.364340 0.362862 0.359721 0.359000 0.363089 0.366627 0.366075 0.366462 0.367961 0.369435 0.369988 0.369997 0.370000 0.370000 0.370000 0.370000 0.370000 0.370000 0.370000 0.370000 0.370000 0.369998 0.369441 0.365938 0.352194 0.334280 0.314986 0.260160 0.227097 0.209049 0.196612 0.188710 0.186925 0.183449 0.182824 -9999.0 -9999.0 -9999.0 -9999.0
-9999.0 0.171159 0.173423 0.178854 0.193902 0.223844 0.329461 0.365443 0.369991 0.369885 0.370000 0.370000 0.370000 0.370000 0.370000 0.370000 0.370000 0.370000 0.370000 0.370000 0.370000 0.370000 0.370000 0.370000 0.370000 0.370000 0.370000 0.369999 0.369846 0.369428 0.368695 0.368040 0.365725 0.350352 0.339002 0.329764 0.292727 0.279007 0.264873 0.240856 0.230916 0.225282 0.232888 0.230913 0.230241 0.235379 0.250060 0.263898 0.303281 0.325561 0.339832 0.355257 0.361944 0.366847 0.369214 0.369992 0.369999 0.370000 0.370000 0.370000 0.370000 0.370000 0.370000 0.370000 0.369998 0.369348 0.367220 0.358423 0.343387 0.328379 0.314498 0.274318 0.223207 0.198407 0.192862 -9999.0 -9999.0 -9999.0 -9999.0 -9999.0
-9999.0 0.168420 0.173786 0.178312 0.206798 0.336529 0.362287 0.370000 0.370000 0.370000 0.369861 0.369999 0.370000 0.370000 0.370000 0.369999 0.369998 0.369998 0.369999 0.369992 0.369683 0.369414 0.369370 0.369103 0.368340 0.367329 0.366253 0.364056 0.354065 0.341244 0.316762 0.295807 0.236564 0.210034 0.199860 0.192132 0.185599 0.185689 0.187619 0.185825 0.183976 0.182107 0.184349 0.185406 0.186431 0.185196 0.185595 0.188918 0.194934 0.202201 0.215322 0.240720 0.281252 0.323451 0.336173 0.353157 0.362538 0.367373 0.369703 0.370000 0.370000 0.370000 0.370000 0.370000 0.370000 0.370000 0.369999 0.369441 0.363159 0.355722 0.351402 0.344144 0.327899 -9999.0 -9999.0 -9999.0 -9999.0 -9999.0 -9999.0 -9999.0
-9999.0 0.166642 0.172453 0.173759 0.181946 0.203531 0.264225 0.338445 0.369066 0.353853 0.349464 0.356044 0.361718 0.364591 0.361370 0.354692 0.348545 0.349658 0.350109 0.343258 0.333329 0.328689 0.328395 0.324275 0.304026 0.286521 0.274748 0.254022 0.230049 0.210943 0.193401 0.186323 0.181761 0.180172 0.179054 0.177911 0.175830 0.176910 0.177784 0.177537 0.176861 0.176357 0.177876 0.178421 0.178916 0.177512 0.178494 0.179436 0.181574 0.183869 0.187326 0.192828 0.200740 0.207492 0.213111 0.225663 0.254373 0.312540 0.345126 0.365391 0.369315 0.369987 0.370000 0.370000 0.370000 0.370000 0.370000 0.370000 0.366190 0.362420 0.361987 -9999.0 -9999.0 -9999.0 -9999.0 -9999.0 -9999.0 -9999.0 -9999.0 -9999.0
-9999.0 -9999.0 0.165657 0.168116 0.170506 0.172897 0.176332 0.181066 0.184920 0.190334 0.199616 0.212354 0.222748 0.228454 0.220970 0.208548 0.202452 0.202852 0.201338 0.198380 0.193548 0.191852 0.190757 0.189879 0.187997 0.187201 0.186860 0.186165 0.184688 0.181620 0.179017 0.177311 0.175510 0.175534 0.175227 0.174603 0.175032 0.174927 0.175095 0.175000 0.175113 0.175376 0.175727 0.176192 0.176221 0.176339 0.176525 0.177070 0.177920 0.179060 0.181318 0.184789 0.187637 0.188387 0.186955 0.187483 0.189707 0.195431 0.218070 0.283493 0.335307 0.356758 0.366824 0.369082 0.369528 0.369977 0.370000 0.369256 0.351628 0.354987 -9999.0 -9999.0 -9999.0 -9999.0 -9999.0 -9999.0 -9999.0 -9999.0 -9999.0 -9999.0
-9999.0 -9999.0 -9999.0 -9999.0 0.164942 0.168149 0.171114 0.170878 0.173066 0.174395 0.175734 0.177421 0.178826 0.179797 0.178527 0.178120 0.177826 0.178024 0.177777 0.177410 0.177197 0.176991 0.176822 0.176542 0.176616 0.176843 0.176903 0.176438 0.176421 0.175482 0.175287 0.174748 0.174229 0.173664 0.173757 0.173669 0.173901 0.173654 0.174048 0.173802 0.174095 0.174235 0.174611 0.175213 0.174986 0.175337 0.175368 0.175854 0.176074 0.177397 0.179614 0.182306 0.184230 0.184167 0.181775 0.180814 0.180312 0.181853 0.184680 0.191243 0.211882 0.248491 0.313767 0.334906 0.345465 0.357868 0.364490 0.365417 -9999.0 -9999.0 -9999.0 -9999.0 -9999.0 -9999.0 -9999.0 -9999.0 -9999.0 -9999.0 -9999.0 -9999.0
-9999.0 -9999.0 -9999.0 -9999.0 -9999.0 -9999.0 0.166138 0.167663 0.167326 0.168374 0.169299 0.170093 0.171399 0.171172 0.171474 0.172510 0.172325 0.171828 0.171215 0.172132 0.172492 0.172594 0.171571 0.171842 0.171926 0.172332 0.172290 0.172454 0.171548 0.172542 0.173005 0.172785 0.172571 0.172746 0.172507 0.173167 0.173245 0.172716 0.172578 0.173336 0.173550 0.173446 0.173614 0.174158 0.174955 0.175074 0.174721 0.174243 0.175108 0.177091 0.179427 0.181608 0.183099 0.183603 0.181590 0.179012 0.177777 0.177652 0.178752 0.180924 0.186382 0.190686 0.194732 0.200214 0.207290 0.254845 -9999.0 -9999.0 -9999.0 -9999.0 -9999.0 -9999.0 -9999.0 -9999.0 -9999.0 -9999.0 -9999.0 -9999.0 -9999.0 -9999.0
-9999.0 -9999.0 -9999.0 -9999.0 -9999.0 -9999.0 -9999.0 -9999.0 -9999.0 -9999.0 -9999.0 -9999.0 -9999.0 -9999.0 -9999.0 -9999.0 -9999.0 -9999.0 -9999.0 -9999.0 -9999.0 -9999.0 -9999.0 -9999.0 -9999.0 -9999.0 -9999.0 -9999.0 -9999.0 -9999.0 -9999.0 -9999.0 -9999.0 -9999.0 -9999.0 -9999.0 -9999.0 -9999.0 -9999.0 -9999.0 -9999.0 -9999.0 -9999.0 -9999.0 -9999.0 -9999.0 -9999.0 -9999.0 -9999.0 -9999.0 -9999.0 -9999.0 -9999.0 -9999.0 -9999.0 -9999.0 -9999.0 -9999.0 -9999.0 -9999.0 -9999.0 -9999.0 -9999.0 -9999.0 -9999.0 -9999.0 -9999.0 -9999.0 -9999.0 -9999.0 -9999.0 -9999.0 -9999.0 -9999.0 -9999.0 -9999.0 -9999.0 -9999.0 -9999.0 -9999.0
-9999.0 -9999.0 -9999.0 -9999.0 -9999.0 -9999.0 -9999.0 -9999.0 -9999.0 -9999.0 -9999.0 -9999.0 -9999.0 -9999.0 -9999.0 -9999.0 -9999.0 -9999.0 -9999.0 -9999.0 -9999.0 -9999.0 -9999.0 -9999.0 -9999.0 -9999.0 -9999.0 -9999.0 -9999.0 -9999.0 -9999.0 -9999.0 -9999.0 -9999.0 -9999.0 -9999.0 -9999.0 -9999.0 -9999.0 -9999.0 -9999.0 -9999.0 -9999.0 -9999.0 -9999.0 -9999.0 -9999.0 -9999.0 -9999.0 -9999.0 -9999.0 -9999.0 -9999.0 -9999.0 -9999.0 -9999.0 -9999.0 -9999.0 -9999.0 -9999.0 -9999.0 -9999.0 -9999.0 -9999.0 -9999.0 -9999.0 -9999.0 -9999.0 -9999.0 -9999.0 -9999.0 -9999.0 -9999.0 -9999.0 -9999.0 -9999.0 -9999.0 -9999.0 -9999.0 -9999.0