Borden_/Borden1m_014/output_maps/thetaliqL0004N0001.asc
ncols         80
nrows         18
xllcorner     620200.000000
yllcorner     5168000.000000
cellsize      1.000000
NODATA_value  -9999.0
-9999.0 -9999.0 -9999.0 -9999.0 -9999.0 -9999.0 -9999.0 -9999.0 -9999.0 -9999.0 -9999.0 -9999.0 -9999.0 -9999.0 -9999.0 -9999.0 -9999.0 -9999.0 -9999.0 -9999.0 -9999.0 -9999.0 -9999.0 -9999.0 -9999.0 -9999.0 -9999.0 -9999.0 -9999.0 -9999.0 -9999.0 -9999.0 -9999.0 -9999.0 -9999.0 -9999.0 -9999.0 -9999.0 -9999.0 -9999.0 -9999.0 -9999.0 -9999.0 -9999.0 -9999.0 -9999.0 -9999.0 -9999.0 -9999.0 -9999.0 -9999.0 -9999.0 -9999.0 -9999.0 -9999.0 -9999.0 -9999.0 -9999.0 -9999.0 -9999.0 -9999.0 -9999.0 -9999.0 -9999.0 -9999.0 -9999.0 -9999.0 -9999.0 -9999.0 -9999.0 -9999.0 -9999.0 -9999.0 -9999.0 -9999.0 -9999.0 -9999.0 -9999.0 -9999.0 -9999.0
-9999.0 -9999.0 -9999.0 -9999.0 -9999.0 -9999.0 -9999.0 -9999.0 -9999.0 -9999.0 -9999.0 -9999.0 -9999.0 -9999.0 -9999.0 -9999.0 -9999.0 -9999.0 -9999.0 -9999.0 -9999.0 -9999.0 -9999.0 -9999.0 -9999.0 -9999.0 -9999.0 -9999.0 -9999.0 -9999.0 -9999.0 -9999.0 -9999.0 -9999.0 -9999.0 -9999.0 -9999.0 -9999.0 -9999.0 -9999.0 -9999.0 -9999.0 -9999.0 -9999.0 -9999.0 -9999.0 -9999.0 -9999.0 -9999.0 -9999.0 -9999.0 -9999.0 -9999.0 -9999.0 -9999.0 -9999.0 -9999.0 -9999.0 -9999.0 -9999.0 -9999.0 -9999.0 -9999.0 -9999.0 -9999.0 -9999.0 -9999.0 -9999.0 -9999.0 -9999.0 -9999.0 -9999.0 -9999.0 -9999.0 -9999.0 -9999.0 -9999.0 -9999.0 -9999.0 -9999.0
-9999.0 -9999.0 -9999.0 -9999.0 -9999.0 -9999.0 -9999.0 -9999.0 -9999.0 -9999.0 -9999.0 -9999.0 -9999.0 -9999.0 -9999.0 -9999.0 -9999.0 -9999.0 -9999.0 -9999.0 0.091386 0.091816 0.088875 0.085236 0.082719 0.082827 0.085926 0.090468 0.095736 0.097450 0.094489 0.094579 0.093723 0.093728 0.094176 0.094996 0.095286 0.097164 0.098620 0.098582 0.097506 0.096504 0.096162 0.096767 0.097576 0.096282 0.098540 0.101409 0.102809 0.101848 0.096940 0.094457 0.093368 0.091487 0.095083 0.097265 0.101592 0.102579 0.102485 0.097508 0.092849 -9999.0 -9999.0 -9999.0 -9999.0 -9999.0 -9999.0 -9999.0 -9999.0 -9999.0 -9999.0 -9999.0 -9999.0 -9999.0 -9999.0 -9999.0 -9999.0 -9999.0 -9999.0 -9999.0
-9999.0 -9999.0 -9999.0 -9999.0 -9999.0 -9999.0 -9999.0 -9999.0 -9999.0 -9999.0 -9999.0 -9999.0 -9999.0 -9999.0 0.082267 0.081461 0.081205 0.081796 0.084545 0.087466 0.088887 0.087961 0.087897 0.085414 0.083570 0.084769 0.087616 0.091269 0.096108 0.099563 0.097173 0.096618 0.098391 0.103777 0.107032 0.106331 0.101704 0.106357 0.110186 0.112677 0.112356 0.110108 0.114037 0.118738 0.116758 0.111936 0.112650 0.115807 0.120441 0.116018 0.100849 0.097087 0.096796 0.095876 0.094008 0.093127 0.097028 0.097371 0.096122 0.093477 0.089320 0.084737 0.083242 0.086865 0.092348 0.102280 -9999.0 -9999.0 -9999.0 -9999.0 -9999.0 -9999.0 -9999.0 -9999.0 -9999.0 -9999.0 -9999.0 -9999.0 -9999.0 -9999.0
-9999.0 -9999.0 -9999.0 -9999.0 -9999.0 -9999.0 -9999.0 -9999.0 -9999.0 0.078602 0.078763 0.079146 0.079209 0.080151 0.080029 0.080442 0.080975 0.082848 0.085529 0.089225 0.092918 0.091399 0.091343 0.093043 0.094159 0.096084 0.099412 0.107509 0.118498 0.132376 0.122199 0.121399 0.127642 0.148144 0.168445 0.174140 0.163486 0.164196 0.178520 0.194307 0.193312 0.191943 0.207328 0.215785 0.221366 0.209184 0.196534 0.194851 0.212793 0.180098 0.146873 0.125115 0.125585 0.116008 0.105582 0.100920 0.100460 0.105277 0.102258 0.095697 0.090584 0.089589 0.087788 0.089704 0.092805 0.100780 0.109330 0.117352 0.117749 0.112962 -9999.0 -9999.0 -9999.0 -9999.0 -9999.0 -9999.0 -9999.0 -9999.0 -9999.0 -9999.0
-9999.0 -9999.0 -9999.0 -9999.0 -9999.0 -9999.0 0.075059 0.075360 0.076123 0.076361 0.077442 0.077803 0.078889 0.080034 0.081344 0.082589 0.085237 0.088518 0.093836 0.101201 0.107927 0.106809 0.108929 0.118085 0.133074 0.146969 0.157758 0.177573 0.226666 0.256036 0.266315 0.269922 0.276691 0.309541 0.342955 0.349667 0.342075 0.334645 0.341505 0.352959 0.355130 0.355031 0.356407 0.358272 0.363880 0.363053 0.354184 0.348411 0.345875 0.343141 0.318305 0.275047 0.246106 0.214836 0.166799 0.138483 0.137541 0.144475 0.132189 0.115225 0.104897 0.102906 0.100285 0.097817 0.098856 0.102781 0.108304 0.111442 0.108633 0.104195 0.099701 0.094905 0.095245 0.099717 -9999.0 -9999.0 -9999.0 -9999.0 -9999.0 -9999.0
-9999.0 -9999.0 -9999.0 -9999.0 0.073477 0.073821 0.073484 0.074154 0.075225 0.076536 0.078094 0.080273 0.082125 0.084503 0.088746 0.093782 0.100977 0.107978 0.122869 0.149959 0.177485 0.193593 0.201475 0.242473 0.287037 0.321318 0.330756 0.340887 0.352475 0.365032 0.368303 0.368996 0.369997 0.370000 0.370000 0.370000 0.370000 0.370000 0.370000 0.370000 0.370000 0.370000 0.370000 0.370000 0.370000 0.370000 0.370000 0.370000 0.370000 0.370000 0.370000 0.367492 0.360124 0.354737 0.349696 0.331448 0.285474 0.269412 0.231978 0.197178 0.158878 0.146942 0.134025 0.125229 0.115998 0.116564 0.117844 0.112740 0.105741 0.099503 0.097051 0.094216 0.092886 0.097692 0.101066 0.107960 -9999.0 -9999.0 -9999.0 -9999.0
-9999.0 -9999.0 0.072081 0.073290 0.075021 0.075320 0.075421 0.075579 0.076656 0.079205 0.085147 0.090952 0.097593 0.102774 0.116913 0.148189 0.187535 0.216497 0.254828 0.300720 0.334233 0.347238 0.351906 0.360286 0.368164 0.370000 0.370000 0.370000 0.370000 0.370000 0.370000 0.370000 0.370000 0.370000 0.370000 0.370000 0.370000 0.370000 0.370000 0.370000 0.370000 0.370000 0.370000 0.370000 0.370000 0.370000 0.370000 0.370000 0.370000 0.370000 0.370000 0.370000 0.370000 0.370000 0.370000 0.370000 0.367932 0.360622 0.357605 0.348071 0.314863 0.279335 0.243734 0.210354 0.178263 0.161441 0.140505 0.125989 0.113023 0.102914 0.098736 0.095803 0.095647 0.095953 0.098834 0.101974 0.105361 0.107217 -9999.0 -9999.0
-9999.0 0.070453 0.071606 0.074984 0.078485 0.081284 0.084756 0.087800 0.090337 0.091580 0.111594 0.149776 0.197631 0.213205 0.248265 0.313325 0.350329 0.359645 0.364896 0.369799 0.370000 0.370000 0.370000 0.370000 0.370000 0.370000 0.370000 0.370000 0.370000 0.370000 0.370000 0.370000 0.370000 0.370000 0.370000 0.370000 0.370000 0.370000 0.370000 0.370000 0.370000 0.370000 0.370000 0.370000 0.370000 0.370000 0.370000 0.370000 0.370000 0.370000 0.370000 0.370000 0.370000 0.370000 0.370000 0.370000 0.370000 0.370000 0.370000 0.370000 0.369370 0.360702 0.347463 0.324273 0.287727 0.241876 0.203757 0.171554 0.141702 0.127962 0.118663 0.105513 0.100892 0.101492 0.099871 0.099571 0.100985 0.102337 -9999.0 -9999.0
-9999.0 0.069684 0.071691 0.077691 0.089320 0.098084 0.128821 0.165309 0.178145 0.165482 0.227936 0.351815 0.366069 0.366601 0.370000 0.370000 0.370000 0.370000 0.370000 0.370000 0.370000 0.370000 0.370000 0.370000 0.370000 0.370000 0.370000 0.370000 0.370000 0.370000 0.370000 0.370000 0.370000 0.370000 0.369384 0.368208 0.367537 0.364977 0.358177 0.351521 0.348418 0.355699 0.352155 0.344910 0.342999 0.351529 0.360087 0.357401 0.356940 0.361186 0.367263 0.369932 0.370000 0.370000 0.370000 0.370000 0.370000 0.370000 0.370000 0.370000 0.370000 0.370000 0.370000 0.368100 0.355971 0.331946 0.305860 0.274422 0.233523 0.204375 0.175195 0.146224 0.124060 0.116123 0.106352 0.101886 -9999.0 -9999.0 -9999.0 -9999.0
-9999.0 0.069174 0.071518 0.082357 0.127970 0.190597 0.319364 0.360956 0.368497 0.370000 0.370000 0.370000 0.370000 0.370000 0.370000 0.370000 0.370000 0.370000 0.370000 0.370000 0.370000 0.370000 0.370000 0.370000 0.370000 0.370000 0.370000 0.370000 0.370000 0.368659 0.365101 0.363503 0.357898 0.325028 0.300698 0.282081 0.247668 0.243231 0.234169 0.213805 0.202493 0.194717 0.205266 0.203163 0.202375 0.208155 0.222578 0.232162 0.258068 0.280327 0.307402 0.332365 0.343782 0.356255 0.365626 0.370000 0.370000 0.370000 0.370000 0.370000 0.370000 0.370000 0.370000 0.370000 0.370000 0.368836 0.365412 0.355848 0.341264 0.318283 0.287390 0.246508 0.200567 0.150665 0.133414 -9999.0 -9999.0 -9999.0 -9999.0 -9999.0
-9999.0 0.068352 0.070474 0.079899 0.150341 0.342230 0.360947 0.370000 0.370000 0.370000 0.370000 0.370000 0.370000 0.370000 0.370000 0.370000 0.370000 0.370000 0.370000 0.370000 0.369362 0.368270 0.368249 0.366937 0.363686 0.360452 0.357934 0.353839 0.338031 0.315799 0.266050 0.254678 0.207695 0.167519 0.145646 0.127760 0.112571 0.112164 0.116238 0.111680 0.106492 0.102532 0.107811 0.111202 0.113805 0.111355 0.113419 0.123023 0.139970 0.157918 0.183414 0.215955 0.243927 0.277193 0.299383 0.328823 0.346432 0.358578 0.369434 0.370000 0.370000 0.370000 0.370000 0.370000 0.370000 0.370000 0.370000 0.370000 0.370000 0.367380 0.359777 0.342052 0.310202 -9999.0 -9999.0 -9999.0 -9999.0 -9999.0 -9999.0 -9999.0
-9999.0 0.067884 0.068893 0.072016 0.088159 0.143186 0.231170 0.301882 0.337168 0.332097 0.336099 0.345143 0.354190 0.358864 0.351810 0.338534 0.325372 0.327001 0.327397 0.312610 0.292947 0.282382 0.282646 0.277863 0.259142 0.248050 0.241086 0.226181 0.202406 0.171126 0.133597 0.113518 0.100284 0.094335 0.090274 0.086569 0.082938 0.083841 0.085235 0.084752 0.083577 0.083125 0.085770 0.087597 0.088691 0.087115 0.089084 0.092453 0.098877 0.106824 0.118473 0.135830 0.157819 0.172480 0.180481 0.197804 0.223977 0.261071 0.316471 0.353696 0.366782 0.370000 0.370000 0.370000 0.370000 0.370000 0.370000 0.370000 0.370000 0.370000 0.370000 -9999.0 -9999.0 -9999.0 -9999.0 -9999.0 -9999.0 -9999.0 -9999.0 -9999.0
-9999.0 -9999.0 0.067885 0.068651 0.070041 0.073486 0.079648 0.087741 0.095856 0.110867 0.136302 0.167757 0.188786 0.198000 0.185702 0.161713 0.148393 0.148781 0.145147 0.138925 0.129332 0.126289 0.123703 0.121560 0.117398 0.115287 0.114010 0.111395 0.106237 0.097371 0.089672 0.084287 0.080152 0.078673 0.077516 0.076433 0.076231 0.076199 0.076517 0.076557 0.076756 0.077277 0.078351 0.079550 0.080117 0.080507 0.081359 0.083142 0.086102 0.090564 0.098089 0.109055 0.118635 0.121598 0.118186 0.119569 0.126175 0.142108 0.185484 0.241154 0.300491 0.334369 0.358001 0.367398 0.369700 0.370000 0.370000 0.370000 0.370000 0.370000 -9999.0 -9999.0 -9999.0 -9999.0 -9999.0 -9999.0 -9999.0 -9999.0 -9999.0 -9999.0
-9999.0 -9999.0 -9999.0 -9999.0 0.068046 0.068744 0.069405 0.070249 0.072126 0.074896 0.078747 0.083616 0.088130 0.090660 0.088906 0.087756 0.086746 0.086521 0.085759 0.085073 0.084417 0.083764 0.082980 0.082398 0.082298 0.082522 0.082394 0.081464 0.080457 0.078682 0.077344 0.075773 0.074408 0.073520 0.073166 0.072968 0.072979 0.072856 0.073107 0.073259 0.073666 0.074133 0.074939 0.076012 0.076520 0.077156 0.077627 0.078742 0.080559 0.084622 0.091330 0.099788 0.106190 0.106493 0.100532 0.097333 0.096503 0.101045 0.110870 0.131015 0.176594 0.220258 0.264311 0.299832 0.322772 0.348144 0.367202 0.370000 -9999.0 -9999.0 -9999.0 -9999.0 -9999.0 -9999.0 -9999.0 -9999.0 -9999.0 -9999.0 -9999.0 -9999.0
-9999.0 -9999.0 -9999.0 -9999.0 -9999.0 -9999.0 0.067869 0.068149 0.068540 0.069265 0.070313 0.071645 0.073217 0.073811 0.074210 0.074882 0.074683 0.074161 0.073707 0.074172 0.074413 0.074278 0.073503 0.073450 0.073527 0.073808 0.073786 0.073614 0.072953 0.073115 0.073048 0.072489 0.071927 0.071639 0.071429 0.071611 0.071631 0.071411 0.071469 0.071960 0.072373 0.072688 0.073269 0.074240 0.075345 0.075884 0.075910 0.076165 0.078169 0.082753 0.089563 0.096896 0.102124 0.103230 0.097440 0.090986 0.088083 0.088540 0.092492 0.100519 0.117480 0.132087 0.143555 0.153179 0.166774 0.225510 -9999.0 -9999.0 -9999.0 -9999.0 -9999.0 -9999.0 -9999.0 -9999.0 -9999.0 -9999.0 -9999.0 -9999.0 -9999.0 -9999.0
-9999.0 -9999.0 -9999.0 -9999.0 -9999.0 -9999.0 -9999.0 -9999.0 -9999.0 -9999.0 -9999.0 -9999.0 -9999.0 -9999.0 -9999.0 -9999.0 -9999.0 -9999.0 -9999.0 -9999.0 -9999.0 -9999.0 -9999.0 -9999.0 -9999.0 -9999.0 -9999.0 -9999.0 -9999.0 -9999.0 -9999.0 -9999.0 -9999.0 -9999.0 -9999.0 -9999.0 -9999.0 -9999.0 -9999.0 -9999.0 -9999.0 -9999.0 -9999.0 -9999.0 -9999.0 -9999.0 -9999.0 -9999.0 -9999.0 -9999.0 -9999.0 -9999.0 -9999.0 -9999.0 -9999.0 -9999.0 -9999.0 -9999.0 -9999.0 -9999.0 -9999.0 -9999.0 -9999.0 -9999.0 -9999.0 -9999.0 -9999.0 -9999.0 -9999.0 -9999.0 -9999.0 -9999.0 -9999.0 -9999.0 -9999.0 -9999.0 -9999.0 -9999.0 -9999.0 -9999.0
-9999.0 -9999.0 -9999.0 -9999.0 -9999.0 -9999.0 -9999.0 -9999.0 -9999.0 -9999.0 -9999.0 -9999.0 -9999.0 -9999.0 -9999.0 -9999.0 -9999.0 -9999.0 -9999.0 -9999.0 -9999.0 -9999.0 -9999.0 -9999.0 -9999.0 -9999.0 -9999.0 -9999.0 -9999.0 -9999.0 -9999.0 -9999.0 -9999.0 -9999.0 -9999.0 -9999.0 -9999.0 -9999.0 -9999.0 -9999.0 -9999.0 -9999.0 -9999.0 -9999.0 -9999.0 -9999.0 -9999.0 -9999.0 -9999.0 -9999.0 -9999.0 -9999.0 -9999.0 -9999.0 -9999.0 -9999.0 -9999.0 -9999.0 -9999.0 -9999.0 -9999.0 -9999.0 -9999.0 -9999.0 -9999.0 -9999.0 -9999.0 -9999.0 -9999.0 -9999.0 -9999.0 -9999.0 -9999.0 -9999.0 -9999.0 -9999.0 -9999.0 -9999.0 -9999.0 -9999.0