Borden_/Borden1m_014/output_maps/thetaliqL0002N0026.asc
ncols         80
nrows         18
xllcorner     620200.000000
yllcorner     5168000.000000
cellsize      1.000000
NODATA_value  -9999.0
-9999.0 -9999.0 -9999.0 -9999.0 -9999.0 -9999.0 -9999.0 -9999.0 -9999.0 -9999.0 -9999.0 -9999.0 -9999.0 -9999.0 -9999.0 -9999.0 -9999.0 -9999.0 -9999.0 -9999.0 -9999.0 -9999.0 -9999.0 -9999.0 -9999.0 -9999.0 -9999.0 -9999.0 -9999.0 -9999.0 -9999.0 -9999.0 -9999.0 -9999.0 -9999.0 -9999.0 -9999.0 -9999.0 -9999.0 -9999.0 -9999.0 -9999.0 -9999.0 -9999.0 -9999.0 -9999.0 -9999.0 -9999.0 -9999.0 -9999.0 -9999.0 -9999.0 -9999.0 -9999.0 -9999.0 -9999.0 -9999.0 -9999.0 -9999.0 -9999.0 -9999.0 -9999.0 -9999.0 -9999.0 -9999.0 -9999.0 -9999.0 -9999.0 -9999.0 -9999.0 -9999.0 -9999.0 -9999.0 -9999.0 -9999.0 -9999.0 -9999.0 -9999.0 -9999.0 -9999.0
-9999.0 -9999.0 -9999.0 -9999.0 -9999.0 -9999.0 -9999.0 -9999.0 -9999.0 -9999.0 -9999.0 -9999.0 -9999.0 -9999.0 -9999.0 -9999.0 -9999.0 -9999.0 -9999.0 -9999.0 -9999.0 -9999.0 -9999.0 -9999.0 -9999.0 -9999.0 -9999.0 -9999.0 -9999.0 -9999.0 -9999.0 -9999.0 -9999.0 -9999.0 -9999.0 -9999.0 -9999.0 -9999.0 -9999.0 -9999.0 -9999.0 -9999.0 -9999.0 -9999.0 -9999.0 -9999.0 -9999.0 -9999.0 -9999.0 -9999.0 -9999.0 -9999.0 -9999.0 -9999.0 -9999.0 -9999.0 -9999.0 -9999.0 -9999.0 -9999.0 -9999.0 -9999.0 -9999.0 -9999.0 -9999.0 -9999.0 -9999.0 -9999.0 -9999.0 -9999.0 -9999.0 -9999.0 -9999.0 -9999.0 -9999.0 -9999.0 -9999.0 -9999.0 -9999.0 -9999.0
-9999.0 -9999.0 -9999.0 -9999.0 -9999.0 -9999.0 -9999.0 -9999.0 -9999.0 -9999.0 -9999.0 -9999.0 -9999.0 -9999.0 -9999.0 -9999.0 -9999.0 -9999.0 -9999.0 -9999.0 0.201627 0.202319 0.200843 0.199191 0.197808 0.197630 0.199175 0.200973 0.203075 0.203499 0.201781 0.202201 0.201523 0.201144 0.201112 0.201582 0.201807 0.202486 0.202918 0.202715 0.202195 0.201828 0.201479 0.201588 0.202176 0.201385 0.202553 0.203711 0.204122 0.204118 0.202551 0.201910 0.201681 0.200358 0.202757 0.203464 0.205270 0.205446 0.205788 0.203753 0.201784 -9999.0 -9999.0 -9999.0 -9999.0 -9999.0 -9999.0 -9999.0 -9999.0 -9999.0 -9999.0 -9999.0 -9999.0 -9999.0 -9999.0 -9999.0 -9999.0 -9999.0 -9999.0 -9999.0
-9999.0 -9999.0 -9999.0 -9999.0 -9999.0 -9999.0 -9999.0 -9999.0 -9999.0 -9999.0 -9999.0 -9999.0 -9999.0 -9999.0 0.198981 0.198192 0.197825 0.197583 0.198968 0.200054 0.200081 0.199254 0.199934 0.198348 0.196961 0.197800 0.198987 0.199960 0.201611 0.202906 0.201700 0.201405 0.202052 0.204388 0.205442 0.204947 0.202203 0.204772 0.206100 0.206973 0.206860 0.205588 0.207368 0.209469 0.208389 0.206183 0.206635 0.207861 0.209928 0.208844 0.202061 0.201385 0.201732 0.201874 0.200989 0.200345 0.202764 0.202417 0.202022 0.201605 0.200223 0.198001 0.197020 0.199322 0.201399 0.205799 -9999.0 -9999.0 -9999.0 -9999.0 -9999.0 -9999.0 -9999.0 -9999.0 -9999.0 -9999.0 -9999.0 -9999.0 -9999.0 -9999.0
-9999.0 -9999.0 -9999.0 -9999.0 -9999.0 -9999.0 -9999.0 -9999.0 -9999.0 0.197732 0.197505 0.197715 0.197188 0.197861 0.196705 0.196964 0.196753 0.197688 0.198441 0.199773 0.201596 0.200235 0.200058 0.201030 0.201164 0.201538 0.202346 0.205430 0.209075 0.215034 0.209951 0.209735 0.212474 0.223239 0.233712 0.237123 0.231388 0.231330 0.238353 0.247275 0.247346 0.246507 0.256650 0.263146 0.267993 0.257898 0.248481 0.247013 0.259358 0.238914 0.223127 0.211368 0.212092 0.208312 0.204330 0.202891 0.202344 0.205168 0.204091 0.201548 0.199524 0.200184 0.199051 0.200157 0.200925 0.204240 0.207309 0.210380 0.210534 0.208563 -9999.0 -9999.0 -9999.0 -9999.0 -9999.0 -9999.0 -9999.0 -9999.0 -9999.0 -9999.0
-9999.0 -9999.0 -9999.0 -9999.0 -9999.0 -9999.0 0.196422 0.196316 0.196735 0.195327 0.196283 0.195587 0.196291 0.196587 0.197037 0.197037 0.198233 0.199284 0.201116 0.203625 0.206029 0.204739 0.205363 0.208912 0.216421 0.223881 0.228701 0.237793 0.273088 0.312751 0.328430 0.335565 0.343616 0.352298 0.362934 0.368528 0.362355 0.358889 0.361435 0.366276 0.369675 0.369688 0.369740 0.369798 0.369930 0.369914 0.366727 0.363803 0.362679 0.361521 0.354048 0.341335 0.301835 0.262242 0.233115 0.219890 0.217558 0.219434 0.214362 0.207951 0.204309 0.204309 0.203621 0.202314 0.202920 0.204263 0.206388 0.207744 0.206712 0.205327 0.204306 0.202117 0.202464 0.204593 -9999.0 -9999.0 -9999.0 -9999.0 -9999.0 -9999.0
-9999.0 -9999.0 -9999.0 -9999.0 0.194309 0.194937 0.193042 0.194089 0.194894 0.195493 0.195462 0.196558 0.196840 0.197622 0.199343 0.200707 0.203218 0.205145 0.210779 0.223730 0.237565 0.246758 0.252657 0.300184 0.344222 0.354972 0.357679 0.361567 0.366874 0.369950 0.369987 0.369955 0.369997 0.369995 0.370000 0.370000 0.370000 0.370000 0.370000 0.370000 0.370000 0.370000 0.370000 0.370000 0.370000 0.370000 0.370000 0.370000 0.370000 0.370000 0.369993 0.369975 0.368618 0.366272 0.363814 0.358183 0.344995 0.333892 0.280182 0.248802 0.227797 0.220965 0.214816 0.211829 0.207983 0.208660 0.209712 0.207786 0.205349 0.203092 0.202832 0.201868 0.200783 0.203511 0.204475 0.207519 -9999.0 -9999.0 -9999.0 -9999.0
-9999.0 -9999.0 0.194236 0.194262 0.195960 0.194876 0.194244 0.193327 0.193671 0.195290 0.198442 0.199801 0.202018 0.203212 0.208655 0.223850 0.244458 0.264722 0.319301 0.348189 0.359201 0.364841 0.369506 0.369863 0.369930 0.370000 0.369998 0.370000 0.370000 0.370000 0.370000 0.370000 0.370000 0.370000 0.370000 0.370000 0.370000 0.370000 0.370000 0.370000 0.370000 0.370000 0.370000 0.370000 0.370000 0.370000 0.370000 0.370000 0.370000 0.370000 0.370000 0.370000 0.370000 0.370000 0.370000 0.370000 0.369975 0.368885 0.367434 0.363869 0.351790 0.340067 0.297706 0.255501 0.234147 0.225136 0.216745 0.211814 0.207498 0.203670 0.202544 0.201881 0.202410 0.202021 0.203477 0.204583 0.206254 0.206888 -9999.0 -9999.0
-9999.0 0.193782 0.193175 0.196186 0.196642 0.197237 0.198074 0.198797 0.199624 0.198390 0.207339 0.227022 0.250808 0.261541 0.308793 0.353782 0.369558 0.369850 0.369866 0.369995 0.370000 0.370000 0.370000 0.370000 0.370000 0.370000 0.370000 0.370000 0.370000 0.370000 0.370000 0.370000 0.370000 0.370000 0.370000 0.370000 0.370000 0.370000 0.370000 0.370000 0.370000 0.370000 0.369999 0.370000 0.370000 0.370000 0.370000 0.370000 0.370000 0.370000 0.370000 0.370000 0.370000 0.370000 0.370000 0.370000 0.370000 0.370000 0.369999 0.370000 0.369821 0.368634 0.365136 0.355600 0.341780 0.293514 0.248518 0.229602 0.216936 0.212490 0.209812 0.204471 0.203141 0.204267 0.203576 0.203498 0.204150 0.204659 -9999.0 -9999.0
-9999.0 0.191001 0.193714 0.196908 0.201043 0.201620 0.217461 0.234248 0.240598 0.231337 0.283577 0.369629 0.369970 0.369971 0.369999 0.370000 0.370000 0.370000 0.370000 0.370000 0.370000 0.370000 0.370000 0.370000 0.370000 0.370000 0.370000 0.370000 0.370000 0.370000 0.370000 0.370000 0.370000 0.369999 0.369991 0.369982 0.369946 0.369233 0.367482 0.365069 0.363576 0.365717 0.364654 0.362413 0.361896 0.364838 0.367590 0.367270 0.367690 0.368784 0.369700 0.369996 0.369999 0.370000 0.370000 0.370000 0.370000 0.370000 0.370000 0.370000 0.370000 0.370000 0.369999 0.369718 0.367646 0.358924 0.347860 0.335145 0.278247 0.249502 0.232300 0.219310 0.210818 0.209014 0.205145 0.204555 -9999.0 -9999.0 -9999.0 -9999.0
-9999.0 0.190942 0.193620 0.199829 0.216662 0.247115 0.343812 0.367106 0.369998 0.369945 0.370000 0.370000 0.370000 0.370000 0.370000 0.370000 0.370000 0.370000 0.370000 0.370000 0.370000 0.370000 0.370000 0.370000 0.370000 0.370000 0.370000 0.370000 0.369926 0.369691 0.369254 0.368778 0.367077 0.356723 0.349971 0.343856 0.306218 0.293742 0.281268 0.260795 0.252569 0.247571 0.254364 0.252580 0.251938 0.256249 0.268412 0.279914 0.319305 0.341511 0.350516 0.360000 0.364582 0.368062 0.369565 0.369997 0.370000 0.370000 0.370000 0.370000 0.370000 0.370000 0.370000 0.370000 0.370000 0.369695 0.368658 0.364442 0.355361 0.345406 0.335662 0.293062 0.245987 0.221406 0.215513 -9999.0 -9999.0 -9999.0 -9999.0 -9999.0
-9999.0 0.187267 0.193867 0.198970 0.230117 0.347982 0.365195 0.370000 0.370000 0.370000 0.369937 0.370000 0.369999 0.370000 0.370000 0.370000 0.370000 0.370000 0.370000 0.369998 0.369857 0.369717 0.369689 0.369516 0.368993 0.368270 0.367468 0.365865 0.359119 0.351329 0.334406 0.311659 0.257151 0.233309 0.222851 0.214416 0.207168 0.207327 0.209561 0.207600 0.205543 0.203410 0.205976 0.207172 0.208337 0.206898 0.207298 0.210966 0.217445 0.225152 0.238350 0.260421 0.296487 0.340007 0.348261 0.358560 0.364842 0.368376 0.369847 0.370000 0.370000 0.370000 0.370000 0.370000 0.370000 0.370000 0.370000 0.369823 0.367732 0.364121 0.360839 0.355269 0.344546 -9999.0 -9999.0 -9999.0 -9999.0 -9999.0 -9999.0 -9999.0
-9999.0 0.185129 0.192226 0.193470 0.202746 0.226402 0.282449 0.349446 0.369513 0.359319 0.356428 0.360409 0.364027 0.366066 0.363800 0.359522 0.355759 0.356586 0.356994 0.352933 0.347100 0.344263 0.343955 0.340293 0.319292 0.301498 0.290410 0.271997 0.251979 0.234290 0.215726 0.207996 0.202962 0.201284 0.200072 0.198809 0.196409 0.197723 0.198746 0.198478 0.197708 0.197122 0.198908 0.199528 0.200100 0.198438 0.199584 0.200622 0.203019 0.205556 0.209349 0.215307 0.223670 0.230493 0.236187 0.247756 0.271489 0.329857 0.353512 0.367061 0.369634 0.369996 0.370000 0.370000 0.370000 0.370000 0.370000 0.370000 0.369033 0.367881 0.367193 -9999.0 -9999.0 -9999.0 -9999.0 -9999.0 -9999.0 -9999.0 -9999.0 -9999.0
-9999.0 -9999.0 0.183768 0.186676 0.189348 0.192080 0.196055 0.201613 0.206035 0.212358 0.222576 0.235746 0.245657 0.250783 0.243963 0.231852 0.225594 0.226048 0.224450 0.221317 0.216037 0.214106 0.212861 0.211879 0.209844 0.209005 0.208659 0.207932 0.206353 0.202937 0.200064 0.198168 0.196111 0.196204 0.195880 0.195168 0.195742 0.195600 0.195793 0.195684 0.195837 0.196156 0.196549 0.197093 0.197112 0.197259 0.197456 0.198063 0.199004 0.200266 0.202795 0.206670 0.209792 0.210580 0.208942 0.209485 0.211855 0.217889 0.240801 0.299784 0.347179 0.361163 0.368142 0.369547 0.369832 0.369994 0.370000 0.369814 0.365517 0.366193 -9999.0 -9999.0 -9999.0 -9999.0 -9999.0 -9999.0 -9999.0 -9999.0 -9999.0 -9999.0
-9999.0 -9999.0 -9999.0 -9999.0 0.182693 0.186656 0.190348 0.189995 0.192706 0.194347 0.195932 0.197904 0.199559 0.200681 0.199242 0.198879 0.198582 0.198808 0.198519 0.198133 0.197937 0.197708 0.197502 0.197182 0.197299 0.197594 0.197677 0.197138 0.197145 0.196103 0.195958 0.195369 0.194798 0.194139 0.194277 0.194197 0.194490 0.194179 0.194658 0.194360 0.194715 0.194873 0.195310 0.196026 0.195737 0.196152 0.196170 0.196724 0.196933 0.198432 0.200945 0.203976 0.206119 0.206028 0.203308 0.202218 0.201602 0.203308 0.206364 0.213435 0.234976 0.266526 0.331070 0.347960 0.355061 0.363165 0.367959 0.368765 -9999.0 -9999.0 -9999.0 -9999.0 -9999.0 -9999.0 -9999.0 -9999.0 -9999.0 -9999.0 -9999.0 -9999.0
-9999.0 -9999.0 -9999.0 -9999.0 -9999.0 -9999.0 0.184317 0.186265 0.185733 0.187147 0.188401 0.189415 0.191035 0.190780 0.191216 0.192521 0.192320 0.191704 0.190931 0.192084 0.192568 0.192694 0.191423 0.191778 0.191899 0.192395 0.192344 0.192561 0.191461 0.192743 0.193357 0.193113 0.192879 0.193123 0.192840 0.193663 0.193760 0.193103 0.192916 0.193854 0.194114 0.193971 0.194152 0.194795 0.195748 0.195883 0.195443 0.194834 0.195819 0.198112 0.200774 0.203223 0.204882 0.205454 0.203186 0.200228 0.198791 0.198603 0.199804 0.202172 0.208200 0.212790 0.216935 0.222840 0.229931 0.271637 -9999.0 -9999.0 -9999.0 -9999.0 -9999.0 -9999.0 -9999.0 -9999.0 -9999.0 -9999.0 -9999.0 -9999.0 -9999.0 -9999.0
-9999.0 -9999.0 -9999.0 -9999.0 -9999.0 -9999.0 -9999.0 -9999.0 -9999.0 -9999.0 -9999.0 -9999.0 -9999.0 -9999.0 -9999.0 -9999.0 -9999.0 -9999.0 -9999.0 -9999.0 -9999.0 -9999.0 -9999.0 -9999.0 -9999.0 -9999.0 -9999.0 -9999.0 -9999.0 -9999.0 -9999.0 -9999.0 -9999.0 -9999.0 -9999.0 -9999.0 -9999.0 -9999.0 -9999.0 -9999.0 -9999.0 -9999.0 -9999.0 -9999.0 -9999.0 -9999.0 -9999.0 -9999.0 -9999.0 -9999.0 -9999.0 -9999.0 -9999.0 -9999.0 -9999.0 -9999.0 -9999.0 -9999.0 -9999.0 -9999.0 -9999.0 -9999.0 -9999.0 -9999.0 -9999.0 -9999.0 -9999.0 -9999.0 -9999.0 -9999.0 -9999.0 -9999.0 -9999.0 -9999.0 -9999.0 -9999.0 -9999.0 -9999.0 -9999.0 -9999.0
-9999.0 -9999.0 -9999.0 -9999.0 -9999.0 -9999.0 -9999.0 -9999.0 -9999.0 -9999.0 -9999.0 -9999.0 -9999.0 -9999.0 -9999.0 -9999.0 -9999.0 -9999.0 -9999.0 -9999.0 -9999.0 -9999.0 -9999.0 -9999.0 -9999.0 -9999.0 -9999.0 -9999.0 -9999.0 -9999.0 -9999.0 -9999.0 -9999.0 -9999.0 -9999.0 -9999.0 -9999.0 -9999.0 -9999.0 -9999.0 -9999.0 -9999.0 -9999.0 -9999.0 -9999.0 -9999.0 -9999.0 -9999.0 -9999.0 -9999.0 -9999.0 -9999.0 -9999.0 -9999.0 -9999.0 -9999.0 -9999.0 -9999.0 -9999.0 -9999.0 -9999.0 -9999.0 -9999.0 -9999.0 -9999.0 -9999.0 -9999.0 -9999.0 -9999.0 -9999.0 -9999.0 -9999.0 -9999.0 -9999.0 -9999.0 -9999.0 -9999.0 -9999.0 -9999.0 -9999.0