Borden_/Borden1m_014/output_maps/thetaliqL0003N0039.asc
ncols         80
nrows         18
xllcorner     620200.000000
yllcorner     5168000.000000
cellsize      1.000000
NODATA_value  -9999.0
-9999.0 -9999.0 -9999.0 -9999.0 -9999.0 -9999.0 -9999.0 -9999.0 -9999.0 -9999.0 -9999.0 -9999.0 -9999.0 -9999.0 -9999.0 -9999.0 -9999.0 -9999.0 -9999.0 -9999.0 -9999.0 -9999.0 -9999.0 -9999.0 -9999.0 -9999.0 -9999.0 -9999.0 -9999.0 -9999.0 -9999.0 -9999.0 -9999.0 -9999.0 -9999.0 -9999.0 -9999.0 -9999.0 -9999.0 -9999.0 -9999.0 -9999.0 -9999.0 -9999.0 -9999.0 -9999.0 -9999.0 -9999.0 -9999.0 -9999.0 -9999.0 -9999.0 -9999.0 -9999.0 -9999.0 -9999.0 -9999.0 -9999.0 -9999.0 -9999.0 -9999.0 -9999.0 -9999.0 -9999.0 -9999.0 -9999.0 -9999.0 -9999.0 -9999.0 -9999.0 -9999.0 -9999.0 -9999.0 -9999.0 -9999.0 -9999.0 -9999.0 -9999.0 -9999.0 -9999.0
-9999.0 -9999.0 -9999.0 -9999.0 -9999.0 -9999.0 -9999.0 -9999.0 -9999.0 -9999.0 -9999.0 -9999.0 -9999.0 -9999.0 -9999.0 -9999.0 -9999.0 -9999.0 -9999.0 -9999.0 -9999.0 -9999.0 -9999.0 -9999.0 -9999.0 -9999.0 -9999.0 -9999.0 -9999.0 -9999.0 -9999.0 -9999.0 -9999.0 -9999.0 -9999.0 -9999.0 -9999.0 -9999.0 -9999.0 -9999.0 -9999.0 -9999.0 -9999.0 -9999.0 -9999.0 -9999.0 -9999.0 -9999.0 -9999.0 -9999.0 -9999.0 -9999.0 -9999.0 -9999.0 -9999.0 -9999.0 -9999.0 -9999.0 -9999.0 -9999.0 -9999.0 -9999.0 -9999.0 -9999.0 -9999.0 -9999.0 -9999.0 -9999.0 -9999.0 -9999.0 -9999.0 -9999.0 -9999.0 -9999.0 -9999.0 -9999.0 -9999.0 -9999.0 -9999.0 -9999.0
-9999.0 -9999.0 -9999.0 -9999.0 -9999.0 -9999.0 -9999.0 -9999.0 -9999.0 -9999.0 -9999.0 -9999.0 -9999.0 -9999.0 -9999.0 -9999.0 -9999.0 -9999.0 -9999.0 -9999.0 0.183863 0.184592 0.182757 0.180638 0.178923 0.178763 0.180715 0.183096 0.185847 0.186479 0.184414 0.184842 0.184067 0.183691 0.183713 0.184284 0.184549 0.185454 0.186062 0.185856 0.185207 0.184719 0.184341 0.184523 0.185206 0.184253 0.185692 0.187192 0.187769 0.187643 0.185488 0.184544 0.184176 0.182628 0.185453 0.186423 0.188736 0.189032 0.189349 0.186734 0.184205 -9999.0 -9999.0 -9999.0 -9999.0 -9999.0 -9999.0 -9999.0 -9999.0 -9999.0 -9999.0 -9999.0 -9999.0 -9999.0 -9999.0 -9999.0 -9999.0 -9999.0 -9999.0 -9999.0
-9999.0 -9999.0 -9999.0 -9999.0 -9999.0 -9999.0 -9999.0 -9999.0 -9999.0 -9999.0 -9999.0 -9999.0 -9999.0 -9999.0 0.180016 0.179126 0.178727 0.178571 0.180322 0.181793 0.182010 0.181072 0.181733 0.179831 0.178200 0.179195 0.180757 0.182204 0.184459 0.186170 0.184685 0.184324 0.185183 0.188138 0.189579 0.189016 0.185749 0.188851 0.190636 0.191814 0.191665 0.190144 0.192389 0.195038 0.193758 0.190979 0.191491 0.193080 0.195687 0.194021 0.185499 0.184363 0.184664 0.184685 0.183572 0.182828 0.185711 0.185414 0.184867 0.184114 0.182204 0.179390 0.178209 0.180985 0.183758 0.189325 -9999.0 -9999.0 -9999.0 -9999.0 -9999.0 -9999.0 -9999.0 -9999.0 -9999.0 -9999.0 -9999.0 -9999.0 -9999.0 -9999.0
-9999.0 -9999.0 -9999.0 -9999.0 -9999.0 -9999.0 -9999.0 -9999.0 -9999.0 0.178250 0.178054 0.178318 0.177808 0.178611 0.177446 0.177764 0.177625 0.178820 0.179935 0.181747 0.184024 0.182492 0.182309 0.183473 0.183728 0.184340 0.185568 0.189618 0.194635 0.202330 0.196165 0.195902 0.199467 0.212787 0.226981 0.231988 0.223808 0.223929 0.234426 0.248652 0.250261 0.249386 0.266075 0.276336 0.282618 0.267793 0.251351 0.248752 0.266404 0.235184 0.212488 0.198004 0.198551 0.193556 0.188316 0.186319 0.185732 0.189095 0.187665 0.184341 0.181686 0.182196 0.180837 0.182192 0.183358 0.187626 0.191687 0.195649 0.195844 0.193351 -9999.0 -9999.0 -9999.0 -9999.0 -9999.0 -9999.0 -9999.0 -9999.0 -9999.0 -9999.0
-9999.0 -9999.0 -9999.0 -9999.0 -9999.0 -9999.0 0.176415 0.176360 0.176896 0.175530 0.176647 0.176007 0.176864 0.177322 0.177960 0.178132 0.179673 0.181154 0.183652 0.187049 0.190254 0.188873 0.189768 0.194488 0.203830 0.213130 0.219859 0.233926 0.286528 0.323934 0.335090 0.339262 0.343486 0.354506 0.364689 0.366407 0.364517 0.362569 0.365060 0.368276 0.369838 0.369853 0.369883 0.369913 0.369975 0.369968 0.368563 0.366897 0.365939 0.364782 0.356937 0.341079 0.313233 0.271967 0.226418 0.208160 0.205666 0.208450 0.201542 0.193067 0.188192 0.187941 0.186936 0.185356 0.186092 0.187908 0.190669 0.192376 0.191025 0.189120 0.187556 0.184803 0.185187 0.187838 -9999.0 -9999.0 -9999.0 -9999.0 -9999.0 -9999.0
-9999.0 -9999.0 -9999.0 -9999.0 0.174064 0.174746 0.172797 0.173954 0.174924 0.175723 0.175920 0.177318 0.177859 0.178962 0.181225 0.183209 0.186610 0.189442 0.196991 0.213426 0.232808 0.247693 0.260069 0.313772 0.345329 0.357803 0.361172 0.364945 0.368421 0.369983 0.369997 0.369998 0.370000 0.370000 0.370000 0.370000 0.370000 0.370000 0.370000 0.370000 0.370000 0.370000 0.370000 0.370000 0.370000 0.370000 0.370000 0.370000 0.370000 0.370000 0.370000 0.369993 0.369358 0.368142 0.366556 0.361347 0.345255 0.334384 0.294042 0.251165 0.219133 0.210281 0.202292 0.198091 0.193175 0.193900 0.195075 0.192580 0.189337 0.186349 0.185781 0.184471 0.183230 0.186524 0.187896 0.191713 -9999.0 -9999.0 -9999.0 -9999.0
-9999.0 -9999.0 0.173764 0.173977 0.175942 0.174909 0.174279 0.173389 0.173898 0.175888 0.179822 0.181929 0.184987 0.186863 0.194076 0.213310 0.244619 0.278427 0.326738 0.350752 0.362802 0.367189 0.369566 0.369949 0.369996 0.369999 0.370000 0.370000 0.370000 0.370000 0.370000 0.370000 0.370000 0.370000 0.370000 0.370000 0.370000 0.370000 0.370000 0.370000 0.370000 0.370000 0.370000 0.370000 0.370000 0.370000 0.370000 0.370000 0.370000 0.370000 0.370000 0.370000 0.370000 0.370000 0.370000 0.370000 0.369987 0.369408 0.368677 0.366394 0.353973 0.338556 0.308291 0.262400 0.229026 0.216185 0.204792 0.198130 0.192332 0.187343 0.185712 0.184689 0.185187 0.184845 0.186639 0.188117 0.190168 0.191015 -9999.0 -9999.0
-9999.0 0.173020 0.172601 0.176128 0.177115 0.178097 0.179357 0.180452 0.181624 0.180608 0.192024 0.217842 0.254056 0.273651 0.320262 0.358063 0.369781 0.369948 0.369983 0.369999 0.370000 0.370000 0.370000 0.370000 0.370000 0.370000 0.370000 0.370000 0.370000 0.370000 0.370000 0.370000 0.370000 0.370000 0.370000 0.370000 0.370000 0.370000 0.370000 0.370000 0.370000 0.370000 0.370000 0.370000 0.370000 0.370000 0.370000 0.370000 0.370000 0.370000 0.370000 0.370000 0.370000 0.370000 0.370000 0.370000 0.370000 0.370000 0.370000 0.370000 0.369933 0.369231 0.366867 0.358240 0.341169 0.303803 0.251770 0.222773 0.205261 0.199045 0.195251 0.188440 0.186568 0.187744 0.186870 0.186755 0.187571 0.188238 -9999.0 -9999.0
-9999.0 0.170049 0.173097 0.177199 0.182902 0.184617 0.203933 0.226056 0.237121 0.224657 0.299325 0.369818 0.369990 0.369991 0.370000 0.370000 0.370000 0.370000 0.370000 0.370000 0.370000 0.370000 0.370000 0.370000 0.370000 0.370000 0.370000 0.370000 0.370000 0.370000 0.370000 0.370000 0.370000 0.370000 0.369995 0.369982 0.369838 0.369563 0.368728 0.367533 0.366755 0.368045 0.367405 0.365939 0.365575 0.367464 0.368915 0.368675 0.368770 0.369346 0.369871 0.369999 0.370000 0.370000 0.370000 0.370000 0.370000 0.370000 0.370000 0.370000 0.370000 0.370000 0.370000 0.369871 0.368431 0.360560 0.347066 0.329812 0.287450 0.250828 0.225604 0.208109 0.196919 0.194168 0.189210 0.188080 -9999.0 -9999.0 -9999.0 -9999.0
-9999.0 0.169822 0.172887 0.180635 0.202800 0.243726 0.343873 0.368197 0.369998 0.369984 0.370000 0.370000 0.370000 0.370000 0.370000 0.370000 0.370000 0.370000 0.370000 0.370000 0.370000 0.370000 0.370000 0.370000 0.370000 0.370000 0.370000 0.370000 0.369978 0.369871 0.369630 0.369400 0.368507 0.360162 0.351548 0.343924 0.317820 0.307067 0.294675 0.269922 0.256816 0.248784 0.259175 0.256919 0.256231 0.263057 0.280287 0.294297 0.324824 0.340612 0.352546 0.363118 0.366690 0.368898 0.369804 0.370000 0.370000 0.370000 0.370000 0.370000 0.370000 0.370000 0.370000 0.370000 0.370000 0.369829 0.368904 0.363688 0.352664 0.340385 0.328237 0.298372 0.245385 0.210426 0.202535 -9999.0 -9999.0 -9999.0 -9999.0 -9999.0
-9999.0 0.165837 0.172826 0.179302 0.218337 0.349530 0.366514 0.370000 0.370000 0.370000 0.369980 0.370000 0.370000 0.370000 0.370000 0.370000 0.370000 0.370000 0.370000 0.369998 0.369926 0.369847 0.369841 0.369751 0.369484 0.369114 0.368689 0.367738 0.362497 0.353564 0.333193 0.319065 0.263997 0.226417 0.211868 0.201153 0.192037 0.192116 0.194776 0.192256 0.189579 0.186990 0.190185 0.191781 0.193242 0.191544 0.192234 0.197052 0.205769 0.216194 0.235182 0.270451 0.308917 0.339019 0.349697 0.361950 0.367032 0.369127 0.369947 0.370000 0.370000 0.370000 0.370000 0.370000 0.370000 0.370000 0.370000 0.369824 0.366401 0.361085 0.358087 0.353369 0.340612 -9999.0 -9999.0 -9999.0 -9999.0 -9999.0 -9999.0 -9999.0
-9999.0 0.163634 0.170869 0.172544 0.183942 0.213997 0.289581 0.350333 0.369473 0.361786 0.359470 0.363846 0.366845 0.368122 0.366642 0.362936 0.358921 0.359540 0.359660 0.354441 0.346316 0.342193 0.341987 0.339082 0.325427 0.312716 0.303046 0.283894 0.255257 0.227625 0.203294 0.192959 0.186246 0.183805 0.182082 0.180349 0.177500 0.178929 0.180127 0.179805 0.178893 0.178260 0.180388 0.181253 0.181963 0.180120 0.181515 0.182979 0.186155 0.189643 0.194804 0.202856 0.214284 0.224116 0.232060 0.250447 0.285492 0.330786 0.356595 0.368292 0.369829 0.369999 0.370000 0.370000 0.370000 0.370000 0.370000 0.370000 0.368145 0.365622 0.365373 -9999.0 -9999.0 -9999.0 -9999.0 -9999.0 -9999.0 -9999.0 -9999.0 -9999.0
-9999.0 -9999.0 0.162201 0.165199 0.167999 0.171278 0.176238 0.182942 0.188781 0.196742 0.209971 0.228211 0.243459 0.251637 0.241171 0.223548 0.215035 0.215474 0.213304 0.209279 0.202827 0.200619 0.199090 0.197854 0.195261 0.194138 0.193614 0.192529 0.190290 0.185804 0.182002 0.179413 0.176806 0.176685 0.176199 0.175340 0.175893 0.175742 0.175981 0.175882 0.176073 0.176474 0.177023 0.177741 0.177844 0.178052 0.178367 0.179217 0.180552 0.182396 0.185859 0.191025 0.195253 0.196395 0.194388 0.195108 0.198321 0.206723 0.239264 0.309403 0.349312 0.363794 0.368840 0.369722 0.369840 0.369940 0.370000 0.369734 0.357457 0.359626 -9999.0 -9999.0 -9999.0 -9999.0 -9999.0 -9999.0 -9999.0 -9999.0 -9999.0 -9999.0
-9999.0 -9999.0 -9999.0 -9999.0 0.161067 0.165167 0.168995 0.168788 0.171840 0.173975 0.176174 0.178862 0.181171 0.182632 0.180998 0.180515 0.180093 0.180272 0.179874 0.179421 0.179158 0.178847 0.178519 0.178125 0.178236 0.178570 0.178635 0.177973 0.177828 0.176567 0.176247 0.175434 0.174664 0.173873 0.173958 0.173857 0.174152 0.173819 0.174336 0.174071 0.174493 0.174723 0.175284 0.176165 0.175960 0.176470 0.176557 0.177267 0.177738 0.179793 0.183174 0.187241 0.190142 0.190091 0.186689 0.185207 0.184484 0.186725 0.190954 0.200619 0.230201 0.279414 0.331464 0.347933 0.355750 0.363371 0.367363 0.367844 -9999.0 -9999.0 -9999.0 -9999.0 -9999.0 -9999.0 -9999.0 -9999.0 -9999.0 -9999.0 -9999.0 -9999.0
-9999.0 -9999.0 -9999.0 -9999.0 -9999.0 -9999.0 0.162723 0.164761 0.164257 0.165878 0.167398 0.168684 0.170592 0.170460 0.170994 0.172421 0.172199 0.171493 0.170636 0.171874 0.172416 0.172517 0.171113 0.171465 0.171608 0.172148 0.172093 0.172285 0.171082 0.172410 0.173028 0.172697 0.172376 0.172580 0.172264 0.173120 0.173221 0.172525 0.172341 0.173366 0.173697 0.173604 0.173876 0.174672 0.175795 0.176015 0.175582 0.175013 0.176284 0.179214 0.182771 0.186137 0.188427 0.189122 0.186172 0.182430 0.180623 0.180492 0.182191 0.185544 0.193570 0.200041 0.206134 0.213598 0.224153 0.285935 -9999.0 -9999.0 -9999.0 -9999.0 -9999.0 -9999.0 -9999.0 -9999.0 -9999.0 -9999.0 -9999.0 -9999.0 -9999.0 -9999.0
-9999.0 -9999.0 -9999.0 -9999.0 -9999.0 -9999.0 -9999.0 -9999.0 -9999.0 -9999.0 -9999.0 -9999.0 -9999.0 -9999.0 -9999.0 -9999.0 -9999.0 -9999.0 -9999.0 -9999.0 -9999.0 -9999.0 -9999.0 -9999.0 -9999.0 -9999.0 -9999.0 -9999.0 -9999.0 -9999.0 -9999.0 -9999.0 -9999.0 -9999.0 -9999.0 -9999.0 -9999.0 -9999.0 -9999.0 -9999.0 -9999.0 -9999.0 -9999.0 -9999.0 -9999.0 -9999.0 -9999.0 -9999.0 -9999.0 -9999.0 -9999.0 -9999.0 -9999.0 -9999.0 -9999.0 -9999.0 -9999.0 -9999.0 -9999.0 -9999.0 -9999.0 -9999.0 -9999.0 -9999.0 -9999.0 -9999.0 -9999.0 -9999.0 -9999.0 -9999.0 -9999.0 -9999.0 -9999.0 -9999.0 -9999.0 -9999.0 -9999.0 -9999.0 -9999.0 -9999.0
-9999.0 -9999.0 -9999.0 -9999.0 -9999.0 -9999.0 -9999.0 -9999.0 -9999.0 -9999.0 -9999.0 -9999.0 -9999.0 -9999.0 -9999.0 -9999.0 -9999.0 -9999.0 -9999.0 -9999.0 -9999.0 -9999.0 -9999.0 -9999.0 -9999.0 -9999.0 -9999.0 -9999.0 -9999.0 -9999.0 -9999.0 -9999.0 -9999.0 -9999.0 -9999.0 -9999.0 -9999.0 -9999.0 -9999.0 -9999.0 -9999.0 -9999.0 -9999.0 -9999.0 -9999.0 -9999.0 -9999.0 -9999.0 -9999.0 -9999.0 -9999.0 -9999.0 -9999.0 -9999.0 -9999.0 -9999.0 -9999.0 -9999.0 -9999.0 -9999.0 -9999.0 -9999.0 -9999.0 -9999.0 -9999.0 -9999.0 -9999.0 -9999.0 -9999.0 -9999.0 -9999.0 -9999.0 -9999.0 -9999.0 -9999.0 -9999.0 -9999.0 -9999.0 -9999.0 -9999.0