Borden_/Borden1m_014/output_maps/thetaliqL0002N0016.asc
ncols         80
nrows         18
xllcorner     620200.000000
yllcorner     5168000.000000
cellsize      1.000000
NODATA_value  -9999.0
-9999.0 -9999.0 -9999.0 -9999.0 -9999.0 -9999.0 -9999.0 -9999.0 -9999.0 -9999.0 -9999.0 -9999.0 -9999.0 -9999.0 -9999.0 -9999.0 -9999.0 -9999.0 -9999.0 -9999.0 -9999.0 -9999.0 -9999.0 -9999.0 -9999.0 -9999.0 -9999.0 -9999.0 -9999.0 -9999.0 -9999.0 -9999.0 -9999.0 -9999.0 -9999.0 -9999.0 -9999.0 -9999.0 -9999.0 -9999.0 -9999.0 -9999.0 -9999.0 -9999.0 -9999.0 -9999.0 -9999.0 -9999.0 -9999.0 -9999.0 -9999.0 -9999.0 -9999.0 -9999.0 -9999.0 -9999.0 -9999.0 -9999.0 -9999.0 -9999.0 -9999.0 -9999.0 -9999.0 -9999.0 -9999.0 -9999.0 -9999.0 -9999.0 -9999.0 -9999.0 -9999.0 -9999.0 -9999.0 -9999.0 -9999.0 -9999.0 -9999.0 -9999.0 -9999.0 -9999.0
-9999.0 -9999.0 -9999.0 -9999.0 -9999.0 -9999.0 -9999.0 -9999.0 -9999.0 -9999.0 -9999.0 -9999.0 -9999.0 -9999.0 -9999.0 -9999.0 -9999.0 -9999.0 -9999.0 -9999.0 -9999.0 -9999.0 -9999.0 -9999.0 -9999.0 -9999.0 -9999.0 -9999.0 -9999.0 -9999.0 -9999.0 -9999.0 -9999.0 -9999.0 -9999.0 -9999.0 -9999.0 -9999.0 -9999.0 -9999.0 -9999.0 -9999.0 -9999.0 -9999.0 -9999.0 -9999.0 -9999.0 -9999.0 -9999.0 -9999.0 -9999.0 -9999.0 -9999.0 -9999.0 -9999.0 -9999.0 -9999.0 -9999.0 -9999.0 -9999.0 -9999.0 -9999.0 -9999.0 -9999.0 -9999.0 -9999.0 -9999.0 -9999.0 -9999.0 -9999.0 -9999.0 -9999.0 -9999.0 -9999.0 -9999.0 -9999.0 -9999.0 -9999.0 -9999.0 -9999.0
-9999.0 -9999.0 -9999.0 -9999.0 -9999.0 -9999.0 -9999.0 -9999.0 -9999.0 -9999.0 -9999.0 -9999.0 -9999.0 -9999.0 -9999.0 -9999.0 -9999.0 -9999.0 -9999.0 -9999.0 0.269544 0.270647 0.268812 0.266823 0.265008 0.264656 0.266597 0.268603 0.270948 0.271215 0.268941 0.269687 0.268711 0.267996 0.267793 0.268430 0.268788 0.269481 0.269846 0.269475 0.268827 0.268446 0.267945 0.267960 0.268807 0.267691 0.269194 0.270489 0.270826 0.271097 0.269658 0.269213 0.269095 0.267218 0.270559 0.271222 0.273258 0.273301 0.273922 0.271666 0.269411 -9999.0 -9999.0 -9999.0 -9999.0 -9999.0 -9999.0 -9999.0 -9999.0 -9999.0 -9999.0 -9999.0 -9999.0 -9999.0 -9999.0 -9999.0 -9999.0 -9999.0 -9999.0 -9999.0
-9999.0 -9999.0 -9999.0 -9999.0 -9999.0 -9999.0 -9999.0 -9999.0 -9999.0 -9999.0 -9999.0 -9999.0 -9999.0 -9999.0 0.267258 0.266064 0.265469 0.264859 0.266608 0.267776 0.267433 0.266194 0.267439 0.265239 0.263198 0.264388 0.265768 0.266528 0.268184 0.269539 0.268042 0.267664 0.268317 0.270986 0.271913 0.271211 0.267606 0.270946 0.272222 0.273025 0.272902 0.271260 0.273269 0.275627 0.274269 0.271743 0.272422 0.273747 0.276043 0.275456 0.267631 0.267486 0.268187 0.268710 0.267628 0.266729 0.270038 0.269314 0.268952 0.268924 0.267556 0.264776 0.263389 0.266596 0.268842 0.273967 -9999.0 -9999.0 -9999.0 -9999.0 -9999.0 -9999.0 -9999.0 -9999.0 -9999.0 -9999.0 -9999.0 -9999.0 -9999.0 -9999.0
-9999.0 -9999.0 -9999.0 -9999.0 -9999.0 -9999.0 -9999.0 -9999.0 -9999.0 0.266004 0.265562 0.265836 0.264867 0.265825 0.263745 0.264102 0.263541 0.264738 0.265361 0.266755 0.269018 0.266990 0.266674 0.267899 0.267751 0.267878 0.268420 0.271676 0.274946 0.281158 0.275138 0.274896 0.277617 0.290419 0.299474 0.301540 0.297354 0.297364 0.302728 0.308660 0.307878 0.307150 0.313472 0.316696 0.319001 0.313787 0.308990 0.308147 0.316347 0.303101 0.290345 0.276349 0.278086 0.274345 0.270317 0.269122 0.268275 0.271975 0.270910 0.268172 0.265936 0.267379 0.265821 0.267332 0.267877 0.271639 0.274745 0.277920 0.278066 0.275945 -9999.0 -9999.0 -9999.0 -9999.0 -9999.0 -9999.0 -9999.0 -9999.0 -9999.0 -9999.0
-9999.0 -9999.0 -9999.0 -9999.0 -9999.0 -9999.0 0.264626 0.264356 0.264909 0.262242 0.263702 0.262311 0.263281 0.263489 0.263957 0.263582 0.264988 0.265978 0.267797 0.270259 0.272655 0.270603 0.271087 0.274642 0.283500 0.291641 0.295558 0.302125 0.322237 0.337562 0.345476 0.349654 0.364720 0.370000 0.370000 0.370000 0.370000 0.370000 0.370000 0.370000 0.370000 0.370000 0.370000 0.370000 0.370000 0.370000 0.370000 0.370000 0.370000 0.370000 0.370000 0.366132 0.332703 0.317111 0.298428 0.287151 0.284239 0.284880 0.280283 0.273982 0.270468 0.271021 0.270538 0.268925 0.269781 0.271133 0.273396 0.274939 0.273890 0.272645 0.272060 0.269460 0.269993 0.272567 -9999.0 -9999.0 -9999.0 -9999.0 -9999.0 -9999.0
-9999.0 -9999.0 -9999.0 -9999.0 0.261205 0.262263 0.258842 0.260599 0.261771 0.262498 0.261964 0.263322 0.263293 0.264045 0.265945 0.266933 0.269378 0.270831 0.276422 0.290854 0.302609 0.308638 0.310993 0.332691 0.369999 0.370000 0.370000 0.370000 0.370000 0.370000 0.370000 0.370000 0.370000 0.370000 0.370000 0.370000 0.370000 0.370000 0.370000 0.370000 0.370000 0.370000 0.370000 0.370000 0.370000 0.370000 0.370000 0.370000 0.370000 0.370000 0.370000 0.370000 0.370000 0.370000 0.370000 0.370000 0.369999 0.353322 0.324085 0.309666 0.294242 0.286422 0.280440 0.277979 0.273924 0.275034 0.276586 0.274647 0.272255 0.269949 0.270159 0.269207 0.267609 0.271194 0.271992 0.275476 -9999.0 -9999.0 -9999.0 -9999.0
-9999.0 -9999.0 0.261487 0.261132 0.263755 0.261655 0.260395 0.258637 0.258961 0.261217 0.265215 0.265976 0.268011 0.268725 0.274363 0.291136 0.306842 0.317509 0.342029 0.370000 0.370000 0.370000 0.370000 0.370000 0.370000 0.370000 0.370000 0.370000 0.370000 0.370000 0.370000 0.370000 0.370000 0.370000 0.370000 0.370000 0.370000 0.370000 0.370000 0.370000 0.370000 0.370000 0.370000 0.370000 0.370000 0.370000 0.370000 0.370000 0.370000 0.370000 0.370000 0.370000 0.370000 0.370000 0.370000 0.370000 0.370000 0.370000 0.370000 0.370000 0.370000 0.369999 0.331514 0.313606 0.298230 0.289737 0.282211 0.277911 0.274003 0.270001 0.269150 0.268786 0.269782 0.269001 0.270828 0.271941 0.273976 0.274587 -9999.0 -9999.0
-9999.0 0.261087 0.259571 0.264069 0.263878 0.264124 0.264475 0.264741 0.265540 0.263089 0.273474 0.293514 0.310610 0.315608 0.336532 0.369999 0.370000 0.370000 0.370000 0.370000 0.370000 0.370000 0.370000 0.370000 0.370000 0.370000 0.370000 0.370000 0.370000 0.370000 0.370000 0.370000 0.370000 0.370000 0.370000 0.370000 0.370000 0.370000 0.370000 0.370000 0.370000 0.370000 0.370000 0.370000 0.370000 0.370000 0.370000 0.370000 0.370000 0.370000 0.370000 0.370000 0.370000 0.370000 0.370000 0.370000 0.370000 0.370000 0.370000 0.370000 0.370000 0.370000 0.370000 0.370000 0.370000 0.330549 0.308766 0.292870 0.282028 0.278425 0.276391 0.270644 0.269607 0.271483 0.270722 0.270668 0.271441 0.271977 -9999.0 -9999.0
-9999.0 0.255973 0.260342 0.264373 0.268608 0.267136 0.285971 0.300173 0.303242 0.294420 0.325964 0.370000 0.370000 0.370000 0.370000 0.370000 0.370000 0.370000 0.370000 0.370000 0.370000 0.370000 0.370000 0.370000 0.370000 0.370000 0.370000 0.370000 0.370000 0.370000 0.370000 0.370000 0.370000 0.370000 0.370000 0.370000 0.370000 0.370000 0.370000 0.370000 0.370000 0.370000 0.370000 0.370000 0.370000 0.370000 0.370000 0.370000 0.370000 0.370000 0.370000 0.370000 0.370000 0.370000 0.370000 0.370000 0.370000 0.370000 0.370000 0.370000 0.370000 0.370000 0.370000 0.370000 0.370000 0.370000 0.370000 0.361335 0.323980 0.310320 0.296545 0.284607 0.276603 0.275785 0.271683 0.271913 -9999.0 -9999.0 -9999.0 -9999.0
-9999.0 0.255787 0.259890 0.267865 0.285190 0.311541 0.370000 0.370000 0.370000 0.370000 0.370000 0.370000 0.370000 0.370000 0.370000 0.370000 0.370000 0.370000 0.370000 0.370000 0.370000 0.370000 0.370000 0.370000 0.370000 0.370000 0.370000 0.370000 0.370000 0.370000 0.370000 0.370000 0.370000 0.370000 0.370000 0.369989 0.333431 0.330165 0.325702 0.316400 0.312145 0.308679 0.313256 0.312122 0.311628 0.313915 0.319845 0.324097 0.341231 0.369999 0.370000 0.370000 0.370000 0.370000 0.370000 0.370000 0.370000 0.370000 0.370000 0.370000 0.370000 0.370000 0.370000 0.370000 0.370000 0.370000 0.370000 0.370000 0.370000 0.370000 0.369999 0.331581 0.308091 0.287093 0.282154 -9999.0 -9999.0 -9999.0 -9999.0 -9999.0
-9999.0 0.248693 0.260275 0.266527 0.299042 0.370000 0.370000 0.370000 0.370000 0.370000 0.370000 0.370000 0.370000 0.370000 0.370000 0.370000 0.370000 0.370000 0.370000 0.370000 0.370000 0.370000 0.370000 0.370000 0.370000 0.370000 0.370000 0.370000 0.370000 0.370000 0.355582 0.338416 0.314610 0.299547 0.290536 0.280574 0.272841 0.273313 0.276200 0.274112 0.271922 0.269222 0.272371 0.273608 0.274963 0.273050 0.273149 0.276896 0.282970 0.289808 0.302395 0.315931 0.329939 0.365496 0.370000 0.370000 0.370000 0.370000 0.370000 0.370000 0.370000 0.370000 0.370000 0.370000 0.370000 0.370000 0.370000 0.370000 0.370000 0.370000 0.370000 0.370000 0.370000 -9999.0 -9999.0 -9999.0 -9999.0 -9999.0 -9999.0 -9999.0
-9999.0 0.244967 0.257729 0.258509 0.270368 0.294938 0.331135 0.370000 0.370000 0.370000 0.370000 0.370000 0.370000 0.370000 0.370000 0.370000 0.370000 0.370000 0.370000 0.370000 0.370000 0.369941 0.365896 0.359250 0.341138 0.333339 0.329388 0.322045 0.312363 0.300350 0.281552 0.274003 0.268852 0.267618 0.266595 0.265350 0.262066 0.264239 0.265699 0.265385 0.264355 0.263451 0.265970 0.266607 0.267340 0.264782 0.266323 0.267255 0.269778 0.272119 0.275610 0.281004 0.288389 0.293649 0.300409 0.308953 0.320511 0.351009 0.370000 0.370000 0.370000 0.370000 0.370000 0.370000 0.370000 0.370000 0.370000 0.370000 0.370000 0.370000 0.370000 -9999.0 -9999.0 -9999.0 -9999.0 -9999.0 -9999.0 -9999.0 -9999.0 -9999.0
-9999.0 -9999.0 0.242194 0.247146 0.251251 0.255044 0.260467 0.268985 0.273894 0.281357 0.291381 0.302157 0.308717 0.311788 0.307534 0.298541 0.293458 0.294109 0.292675 0.289900 0.283825 0.280183 0.278931 0.278142 0.276075 0.275327 0.275119 0.274616 0.273324 0.269726 0.266762 0.264863 0.262315 0.262932 0.262698 0.261747 0.262920 0.262650 0.262903 0.262708 0.262968 0.263427 0.263834 0.264501 0.264383 0.264569 0.264681 0.265279 0.266155 0.267217 0.269716 0.273621 0.276462 0.276980 0.275031 0.275521 0.277663 0.282958 0.304300 0.333823 0.370000 0.370000 0.370000 0.370000 0.370000 0.370000 0.370000 0.370000 0.370000 0.370000 -9999.0 -9999.0 -9999.0 -9999.0 -9999.0 -9999.0 -9999.0 -9999.0 -9999.0 -9999.0
-9999.0 -9999.0 -9999.0 -9999.0 0.239828 0.246980 0.253694 0.252703 0.257280 0.259632 0.261526 0.263840 0.265711 0.267064 0.265056 0.264903 0.264712 0.265142 0.264812 0.264373 0.264261 0.264020 0.263826 0.263415 0.263699 0.264215 0.264412 0.263695 0.263985 0.262681 0.262887 0.262302 0.261695 0.260764 0.261144 0.261093 0.261638 0.261090 0.261896 0.261323 0.261868 0.262021 0.262585 0.263602 0.262943 0.263528 0.263419 0.264100 0.263965 0.265568 0.268284 0.271427 0.273499 0.273244 0.270028 0.268916 0.267977 0.269735 0.272382 0.278879 0.299810 0.318419 0.350981 0.370000 0.370000 0.370000 0.370000 0.370000 -9999.0 -9999.0 -9999.0 -9999.0 -9999.0 -9999.0 -9999.0 -9999.0 -9999.0 -9999.0 -9999.0 -9999.0
-9999.0 -9999.0 -9999.0 -9999.0 -9999.0 -9999.0 0.243141 0.246781 0.245476 0.248106 0.250349 0.251950 0.254574 0.254010 0.254834 0.257131 0.256857 0.255836 0.254490 0.256542 0.257447 0.257711 0.255538 0.256239 0.256477 0.257313 0.257226 0.257692 0.255859 0.258276 0.259497 0.259233 0.258991 0.259562 0.259115 0.260594 0.260771 0.259613 0.259223 0.260831 0.261197 0.260835 0.260983 0.261885 0.263319 0.263421 0.262606 0.261400 0.262602 0.265500 0.268463 0.270883 0.272429 0.273132 0.270670 0.267098 0.265270 0.264763 0.265803 0.267795 0.273772 0.277538 0.280742 0.288082 0.294049 0.319350 -9999.0 -9999.0 -9999.0 -9999.0 -9999.0 -9999.0 -9999.0 -9999.0 -9999.0 -9999.0 -9999.0 -9999.0 -9999.0 -9999.0
-9999.0 -9999.0 -9999.0 -9999.0 -9999.0 -9999.0 -9999.0 -9999.0 -9999.0 -9999.0 -9999.0 -9999.0 -9999.0 -9999.0 -9999.0 -9999.0 -9999.0 -9999.0 -9999.0 -9999.0 -9999.0 -9999.0 -9999.0 -9999.0 -9999.0 -9999.0 -9999.0 -9999.0 -9999.0 -9999.0 -9999.0 -9999.0 -9999.0 -9999.0 -9999.0 -9999.0 -9999.0 -9999.0 -9999.0 -9999.0 -9999.0 -9999.0 -9999.0 -9999.0 -9999.0 -9999.0 -9999.0 -9999.0 -9999.0 -9999.0 -9999.0 -9999.0 -9999.0 -9999.0 -9999.0 -9999.0 -9999.0 -9999.0 -9999.0 -9999.0 -9999.0 -9999.0 -9999.0 -9999.0 -9999.0 -9999.0 -9999.0 -9999.0 -9999.0 -9999.0 -9999.0 -9999.0 -9999.0 -9999.0 -9999.0 -9999.0 -9999.0 -9999.0 -9999.0 -9999.0
-9999.0 -9999.0 -9999.0 -9999.0 -9999.0 -9999.0 -9999.0 -9999.0 -9999.0 -9999.0 -9999.0 -9999.0 -9999.0 -9999.0 -9999.0 -9999.0 -9999.0 -9999.0 -9999.0 -9999.0 -9999.0 -9999.0 -9999.0 -9999.0 -9999.0 -9999.0 -9999.0 -9999.0 -9999.0 -9999.0 -9999.0 -9999.0 -9999.0 -9999.0 -9999.0 -9999.0 -9999.0 -9999.0 -9999.0 -9999.0 -9999.0 -9999.0 -9999.0 -9999.0 -9999.0 -9999.0 -9999.0 -9999.0 -9999.0 -9999.0 -9999.0 -9999.0 -9999.0 -9999.0 -9999.0 -9999.0 -9999.0 -9999.0 -9999.0 -9999.0 -9999.0 -9999.0 -9999.0 -9999.0 -9999.0 -9999.0 -9999.0 -9999.0 -9999.0 -9999.0 -9999.0 -9999.0 -9999.0 -9999.0 -9999.0 -9999.0 -9999.0 -9999.0 -9999.0 -9999.0