Borden_/Borden1m_014/output_maps/thetaliqL0007N0037.asc
ncols         80
nrows         18
xllcorner     620200.000000
yllcorner     5168000.000000
cellsize      1.000000
NODATA_value  -9999.0
-9999.0 -9999.0 -9999.0 -9999.0 -9999.0 -9999.0 -9999.0 -9999.0 -9999.0 -9999.0 -9999.0 -9999.0 -9999.0 -9999.0 -9999.0 -9999.0 -9999.0 -9999.0 -9999.0 -9999.0 -9999.0 -9999.0 -9999.0 -9999.0 -9999.0 -9999.0 -9999.0 -9999.0 -9999.0 -9999.0 -9999.0 -9999.0 -9999.0 -9999.0 -9999.0 -9999.0 -9999.0 -9999.0 -9999.0 -9999.0 -9999.0 -9999.0 -9999.0 -9999.0 -9999.0 -9999.0 -9999.0 -9999.0 -9999.0 -9999.0 -9999.0 -9999.0 -9999.0 -9999.0 -9999.0 -9999.0 -9999.0 -9999.0 -9999.0 -9999.0 -9999.0 -9999.0 -9999.0 -9999.0 -9999.0 -9999.0 -9999.0 -9999.0 -9999.0 -9999.0 -9999.0 -9999.0 -9999.0 -9999.0 -9999.0 -9999.0 -9999.0 -9999.0 -9999.0 -9999.0
-9999.0 -9999.0 -9999.0 -9999.0 -9999.0 -9999.0 -9999.0 -9999.0 -9999.0 -9999.0 -9999.0 -9999.0 -9999.0 -9999.0 -9999.0 -9999.0 -9999.0 -9999.0 -9999.0 -9999.0 -9999.0 -9999.0 -9999.0 -9999.0 -9999.0 -9999.0 -9999.0 -9999.0 -9999.0 -9999.0 -9999.0 -9999.0 -9999.0 -9999.0 -9999.0 -9999.0 -9999.0 -9999.0 -9999.0 -9999.0 -9999.0 -9999.0 -9999.0 -9999.0 -9999.0 -9999.0 -9999.0 -9999.0 -9999.0 -9999.0 -9999.0 -9999.0 -9999.0 -9999.0 -9999.0 -9999.0 -9999.0 -9999.0 -9999.0 -9999.0 -9999.0 -9999.0 -9999.0 -9999.0 -9999.0 -9999.0 -9999.0 -9999.0 -9999.0 -9999.0 -9999.0 -9999.0 -9999.0 -9999.0 -9999.0 -9999.0 -9999.0 -9999.0 -9999.0 -9999.0
-9999.0 -9999.0 -9999.0 -9999.0 -9999.0 -9999.0 -9999.0 -9999.0 -9999.0 -9999.0 -9999.0 -9999.0 -9999.0 -9999.0 -9999.0 -9999.0 -9999.0 -9999.0 -9999.0 -9999.0 0.281789 0.284172 0.266085 0.238310 0.215576 0.216883 0.244797 0.277823 0.305670 0.312742 0.300494 0.301390 0.297732 0.297870 0.300235 0.304423 0.306133 0.313924 0.319377 0.319397 0.315674 0.312002 0.311135 0.313585 0.316692 0.311073 0.319487 0.328276 0.331678 0.328762 0.312172 0.301149 0.295266 0.284494 0.302517 0.311155 0.325235 0.327695 0.327134 0.310940 0.289796 -9999.0 -9999.0 -9999.0 -9999.0 -9999.0 -9999.0 -9999.0 -9999.0 -9999.0 -9999.0 -9999.0 -9999.0 -9999.0 -9999.0 -9999.0 -9999.0 -9999.0 -9999.0 -9999.0
-9999.0 -9999.0 -9999.0 -9999.0 -9999.0 -9999.0 -9999.0 -9999.0 -9999.0 -9999.0 -9999.0 -9999.0 -9999.0 -9999.0 0.210120 0.202306 0.199875 0.205998 0.232161 0.256320 0.266538 0.260237 0.260015 0.240691 0.224403 0.235609 0.259329 0.284270 0.309106 0.322316 0.314484 0.312807 0.319830 0.335623 0.342825 0.341946 0.331784 0.342403 0.349007 0.352560 0.352517 0.349923 0.354771 0.358943 0.357436 0.352390 0.352923 0.355968 0.359364 0.355260 0.328390 0.314924 0.312666 0.308060 0.298720 0.293865 0.311131 0.311961 0.306589 0.294027 0.269366 0.233805 0.219863 0.250940 0.286615 0.325568 -9999.0 -9999.0 -9999.0 -9999.0 -9999.0 -9999.0 -9999.0 -9999.0 -9999.0 -9999.0 -9999.0 -9999.0 -9999.0 -9999.0
-9999.0 -9999.0 -9999.0 -9999.0 -9999.0 -9999.0 -9999.0 -9999.0 -9999.0 0.171492 0.173477 0.177743 0.178614 0.188812 0.187515 0.192068 0.197598 0.216827 0.241433 0.269845 0.292251 0.284526 0.284757 0.294402 0.300242 0.309754 0.323220 0.343983 0.358171 0.365442 0.361753 0.361618 0.364804 0.368821 0.369771 0.369870 0.369685 0.369728 0.369932 0.369989 0.369992 0.369993 0.369999 0.370000 0.370000 0.369999 0.369994 0.369991 0.369999 0.369931 0.368698 0.363586 0.362998 0.355937 0.340398 0.328245 0.326132 0.337330 0.329428 0.306301 0.279229 0.271999 0.258866 0.272028 0.289863 0.321810 0.341279 0.351715 0.351905 0.346184 -9999.0 -9999.0 -9999.0 -9999.0 -9999.0 -9999.0 -9999.0 -9999.0 -9999.0 -9999.0
-9999.0 -9999.0 -9999.0 -9999.0 -9999.0 -9999.0 0.132430 0.135823 0.144314 0.146860 0.159075 0.163090 0.175153 0.187638 0.201845 0.214557 0.239187 0.265670 0.298219 0.327407 0.343706 0.342721 0.347459 0.358561 0.366055 0.368595 0.369463 0.369928 0.370000 0.370000 0.370000 0.370000 0.370000 0.370000 0.370000 0.370000 0.370000 0.370000 0.370000 0.370000 0.370000 0.370000 0.370000 0.370000 0.370000 0.370000 0.370000 0.370000 0.370000 0.370000 0.370000 0.370000 0.370000 0.369999 0.369773 0.367713 0.367306 0.368057 0.365163 0.354475 0.337669 0.331750 0.323290 0.314260 0.317395 0.328618 0.340069 0.344815 0.339913 0.330353 0.317465 0.298537 0.299910 0.316956 -9999.0 -9999.0 -9999.0 -9999.0 -9999.0 -9999.0
-9999.0 -9999.0 -9999.0 -9999.0 0.115632 0.119233 0.115653 0.122783 0.134413 0.149063 0.166400 0.190216 0.209722 0.232908 0.267342 0.298159 0.327903 0.345631 0.361823 0.368859 0.369901 0.369986 0.369998 0.370000 0.370000 0.370000 0.370000 0.370000 0.370000 0.370000 0.370000 0.370000 0.370000 0.370000 0.370000 0.370000 0.370000 0.370000 0.370000 0.370000 0.370000 0.370000 0.370000 0.370000 0.370000 0.370000 0.370000 0.370000 0.370000 0.370000 0.370000 0.370000 0.370000 0.370000 0.370000 0.370000 0.370000 0.370000 0.370000 0.369990 0.369494 0.368459 0.365757 0.361649 0.353960 0.353495 0.353924 0.347561 0.334941 0.317670 0.308373 0.295666 0.288531 0.309894 0.321103 0.337429 -9999.0 -9999.0 -9999.0 -9999.0
-9999.0 -9999.0 0.101739 0.113533 0.131824 0.135048 0.135874 0.137674 0.149775 0.178380 0.237306 0.281409 0.315441 0.333982 0.357440 0.368721 0.369975 0.370000 0.370000 0.370000 0.370000 0.370000 0.370000 0.370000 0.370000 0.370000 0.370000 0.370000 0.370000 0.370000 0.370000 0.370000 0.370000 0.370000 0.370000 0.370000 0.370000 0.370000 0.370000 0.370000 0.370000 0.370000 0.370000 0.370000 0.370000 0.370000 0.370000 0.370000 0.370000 0.370000 0.370000 0.370000 0.370000 0.370000 0.370000 0.370000 0.370000 0.370000 0.370000 0.370000 0.370000 0.370000 0.370000 0.369998 0.369878 0.369302 0.366582 0.360716 0.348591 0.328868 0.315467 0.303532 0.302330 0.303142 0.314039 0.323670 0.332056 0.335905 -9999.0 -9999.0
-9999.0 0.087184 0.097068 0.130719 0.168908 0.198524 0.230649 0.255400 0.275068 0.286163 0.350589 0.368809 0.369989 0.369999 0.370000 0.370000 0.370000 0.370000 0.370000 0.370000 0.370000 0.370000 0.370000 0.370000 0.370000 0.370000 0.370000 0.370000 0.370000 0.370000 0.370000 0.370000 0.370000 0.370000 0.370000 0.370000 0.370000 0.370000 0.370000 0.370000 0.370000 0.370000 0.370000 0.370000 0.370000 0.370000 0.370000 0.370000 0.370000 0.370000 0.370000 0.370000 0.370000 0.370000 0.370000 0.370000 0.370000 0.370000 0.370000 0.370000 0.370000 0.370000 0.370000 0.370000 0.370000 0.370000 0.369992 0.369687 0.366843 0.361685 0.354519 0.334798 0.322196 0.323183 0.317839 0.316500 0.320675 0.324465 -9999.0 -9999.0
-9999.0 0.081069 0.097292 0.158336 0.264311 0.312590 0.362112 0.369372 0.369848 0.369630 0.370000 0.370000 0.370000 0.370000 0.370000 0.370000 0.370000 0.370000 0.370000 0.370000 0.370000 0.370000 0.370000 0.370000 0.370000 0.370000 0.370000 0.370000 0.370000 0.370000 0.370000 0.370000 0.370000 0.370000 0.370000 0.370000 0.370000 0.370000 0.370000 0.370000 0.370000 0.370000 0.370000 0.370000 0.370000 0.370000 0.370000 0.370000 0.370000 0.370000 0.370000 0.370000 0.370000 0.370000 0.370000 0.370000 0.370000 0.370000 0.370000 0.370000 0.370000 0.370000 0.370000 0.370000 0.370000 0.370000 0.370000 0.370000 0.370000 0.369976 0.369645 0.367221 0.358820 0.350738 0.334957 0.323821 -9999.0 -9999.0 -9999.0 -9999.0
-9999.0 0.077348 0.094958 0.201441 0.359721 0.369870 0.370000 0.370000 0.370000 0.370000 0.370000 0.370000 0.370000 0.370000 0.370000 0.370000 0.370000 0.370000 0.370000 0.370000 0.370000 0.370000 0.370000 0.370000 0.370000 0.370000 0.370000 0.370000 0.370000 0.370000 0.370000 0.370000 0.370000 0.370000 0.370000 0.370000 0.370000 0.370000 0.370000 0.369999 0.369995 0.369986 0.369996 0.369996 0.369996 0.369998 0.370000 0.370000 0.370000 0.370000 0.370000 0.370000 0.370000 0.370000 0.370000 0.370000 0.370000 0.370000 0.370000 0.370000 0.370000 0.370000 0.370000 0.370000 0.370000 0.370000 0.370000 0.370000 0.370000 0.370000 0.370000 0.370000 0.369953 0.367334 0.362234 -9999.0 -9999.0 -9999.0 -9999.0 -9999.0
-9999.0 0.072315 0.085767 0.173225 0.365762 0.370000 0.370000 0.370000 0.370000 0.370000 0.370000 0.370000 0.370000 0.370000 0.370000 0.370000 0.370000 0.370000 0.370000 0.370000 0.370000 0.370000 0.370000 0.370000 0.370000 0.370000 0.370000 0.370000 0.370000 0.370000 0.370000 0.370000 0.369997 0.369761 0.368413 0.364008 0.352457 0.351278 0.355335 0.349938 0.341186 0.332128 0.343736 0.349261 0.352656 0.349830 0.352900 0.361247 0.367325 0.369370 0.369949 0.370000 0.370000 0.370000 0.370000 0.370000 0.370000 0.370000 0.370000 0.370000 0.370000 0.370000 0.370000 0.370000 0.370000 0.370000 0.370000 0.370000 0.370000 0.370000 0.370000 0.370000 0.370000 -9999.0 -9999.0 -9999.0 -9999.0 -9999.0 -9999.0 -9999.0
-9999.0 0.070095 0.075212 0.096649 0.237803 0.364752 0.369998 0.370000 0.370000 0.370000 0.370000 0.370000 0.370000 0.370000 0.370000 0.370000 0.370000 0.370000 0.370000 0.370000 0.370000 0.370000 0.370000 0.370000 0.370000 0.370000 0.370000 0.370000 0.369993 0.369774 0.365948 0.352911 0.325211 0.300460 0.276645 0.249228 0.217171 0.225444 0.237421 0.233345 0.223002 0.219070 0.242782 0.257522 0.265550 0.254463 0.269150 0.290158 0.318928 0.340738 0.356912 0.366011 0.369206 0.369802 0.369931 0.369993 0.370000 0.370000 0.370000 0.370000 0.370000 0.370000 0.370000 0.370000 0.370000 0.370000 0.370000 0.370000 0.370000 0.370000 0.370000 -9999.0 -9999.0 -9999.0 -9999.0 -9999.0 -9999.0 -9999.0 -9999.0 -9999.0
-9999.0 -9999.0 0.070064 0.073744 0.081693 0.108063 0.166844 0.243456 0.301038 0.346909 0.365852 0.369600 0.369943 0.369979 0.369935 0.369520 0.368689 0.368666 0.368219 0.367224 0.364645 0.363226 0.361705 0.360180 0.356897 0.354640 0.352858 0.348936 0.339274 0.312394 0.271933 0.229060 0.187810 0.171530 0.158755 0.146939 0.145038 0.144473 0.147897 0.148434 0.150878 0.156830 0.168659 0.181888 0.188042 0.192503 0.201368 0.219083 0.245416 0.277938 0.315004 0.343499 0.355832 0.358743 0.356837 0.358696 0.363293 0.368124 0.369967 0.370000 0.370000 0.370000 0.370000 0.370000 0.370000 0.370000 0.370000 0.370000 0.370000 0.370000 -9999.0 -9999.0 -9999.0 -9999.0 -9999.0 -9999.0 -9999.0 -9999.0 -9999.0 -9999.0
-9999.0 -9999.0 -9999.0 -9999.0 0.070725 0.074199 0.078042 0.083562 0.098258 0.124672 0.165717 0.216477 0.257022 0.275357 0.264859 0.258045 0.250462 0.247881 0.241048 0.235721 0.230312 0.224003 0.215670 0.209822 0.208930 0.211290 0.209821 0.200232 0.189288 0.170953 0.156747 0.139535 0.124934 0.115702 0.112138 0.110292 0.110414 0.109133 0.111631 0.113267 0.117510 0.122408 0.131043 0.142880 0.148654 0.155775 0.160983 0.173191 0.192754 0.232328 0.281711 0.319830 0.337080 0.338162 0.324076 0.313831 0.311399 0.328363 0.350160 0.365657 0.369911 0.370000 0.370000 0.370000 0.370000 0.370000 0.370000 0.370000 -9999.0 -9999.0 -9999.0 -9999.0 -9999.0 -9999.0 -9999.0 -9999.0 -9999.0 -9999.0 -9999.0 -9999.0
-9999.0 -9999.0 -9999.0 -9999.0 -9999.0 -9999.0 0.069974 0.071275 0.073192 0.077512 0.084953 0.095911 0.110653 0.117005 0.121763 0.129249 0.127327 0.121611 0.116669 0.121692 0.124626 0.123095 0.114833 0.114396 0.115328 0.118200 0.117948 0.116216 0.109584 0.111512 0.111058 0.105567 0.100237 0.097640 0.095746 0.097436 0.097616 0.095587 0.096056 0.100644 0.104652 0.107731 0.113546 0.123702 0.135683 0.141699 0.142006 0.144781 0.166737 0.214500 0.270021 0.308670 0.326561 0.329804 0.312143 0.281510 0.262954 0.266961 0.292717 0.327306 0.357522 0.365999 0.368538 0.369429 0.369866 0.370000 -9999.0 -9999.0 -9999.0 -9999.0 -9999.0 -9999.0 -9999.0 -9999.0 -9999.0 -9999.0 -9999.0 -9999.0 -9999.0 -9999.0
-9999.0 -9999.0 -9999.0 -9999.0 -9999.0 -9999.0 -9999.0 -9999.0 -9999.0 -9999.0 -9999.0 -9999.0 -9999.0 -9999.0 -9999.0 -9999.0 -9999.0 -9999.0 -9999.0 -9999.0 -9999.0 -9999.0 -9999.0 -9999.0 -9999.0 -9999.0 -9999.0 -9999.0 -9999.0 -9999.0 -9999.0 -9999.0 -9999.0 -9999.0 -9999.0 -9999.0 -9999.0 -9999.0 -9999.0 -9999.0 -9999.0 -9999.0 -9999.0 -9999.0 -9999.0 -9999.0 -9999.0 -9999.0 -9999.0 -9999.0 -9999.0 -9999.0 -9999.0 -9999.0 -9999.0 -9999.0 -9999.0 -9999.0 -9999.0 -9999.0 -9999.0 -9999.0 -9999.0 -9999.0 -9999.0 -9999.0 -9999.0 -9999.0 -9999.0 -9999.0 -9999.0 -9999.0 -9999.0 -9999.0 -9999.0 -9999.0 -9999.0 -9999.0 -9999.0 -9999.0
-9999.0 -9999.0 -9999.0 -9999.0 -9999.0 -9999.0 -9999.0 -9999.0 -9999.0 -9999.0 -9999.0 -9999.0 -9999.0 -9999.0 -9999.0 -9999.0 -9999.0 -9999.0 -9999.0 -9999.0 -9999.0 -9999.0 -9999.0 -9999.0 -9999.0 -9999.0 -9999.0 -9999.0 -9999.0 -9999.0 -9999.0 -9999.0 -9999.0 -9999.0 -9999.0 -9999.0 -9999.0 -9999.0 -9999.0 -9999.0 -9999.0 -9999.0 -9999.0 -9999.0 -9999.0 -9999.0 -9999.0 -9999.0 -9999.0 -9999.0 -9999.0 -9999.0 -9999.0 -9999.0 -9999.0 -9999.0 -9999.0 -9999.0 -9999.0 -9999.0 -9999.0 -9999.0 -9999.0 -9999.0 -9999.0 -9999.0 -9999.0 -9999.0 -9999.0 -9999.0 -9999.0 -9999.0 -9999.0 -9999.0 -9999.0 -9999.0 -9999.0 -9999.0 -9999.0 -9999.0