Borden_/Borden1m_014/output_maps/thetasurfN0002.asc
ncols         80
nrows         18
xllcorner     620200.000000
yllcorner     5168000.000000
cellsize      1.000000
NODATA_value  -9999.0
-9999.0 -9999.0 -9999.0 -9999.0 -9999.0 -9999.0 -9999.0 -9999.0 -9999.0 -9999.0 -9999.0 -9999.0 -9999.0 -9999.0 -9999.0 -9999.0 -9999.0 -9999.0 -9999.0 -9999.0 -9999.0 -9999.0 -9999.0 -9999.0 -9999.0 -9999.0 -9999.0 -9999.0 -9999.0 -9999.0 -9999.0 -9999.0 -9999.0 -9999.0 -9999.0 -9999.0 -9999.0 -9999.0 -9999.0 -9999.0 -9999.0 -9999.0 -9999.0 -9999.0 -9999.0 -9999.0 -9999.0 -9999.0 -9999.0 -9999.0 -9999.0 -9999.0 -9999.0 -9999.0 -9999.0 -9999.0 -9999.0 -9999.0 -9999.0 -9999.0 -9999.0 -9999.0 -9999.0 -9999.0 -9999.0 -9999.0 -9999.0 -9999.0 -9999.0 -9999.0 -9999.0 -9999.0 -9999.0 -9999.0 -9999.0 -9999.0 -9999.0 -9999.0 -9999.0 -9999.0
-9999.0 -9999.0 -9999.0 -9999.0 -9999.0 -9999.0 -9999.0 -9999.0 -9999.0 -9999.0 -9999.0 -9999.0 -9999.0 -9999.0 -9999.0 -9999.0 -9999.0 -9999.0 -9999.0 -9999.0 -9999.0 -9999.0 -9999.0 -9999.0 -9999.0 -9999.0 -9999.0 -9999.0 -9999.0 -9999.0 -9999.0 -9999.0 -9999.0 -9999.0 -9999.0 -9999.0 -9999.0 -9999.0 -9999.0 -9999.0 -9999.0 -9999.0 -9999.0 -9999.0 -9999.0 -9999.0 -9999.0 -9999.0 -9999.0 -9999.0 -9999.0 -9999.0 -9999.0 -9999.0 -9999.0 -9999.0 -9999.0 -9999.0 -9999.0 -9999.0 -9999.0 -9999.0 -9999.0 -9999.0 -9999.0 -9999.0 -9999.0 -9999.0 -9999.0 -9999.0 -9999.0 -9999.0 -9999.0 -9999.0 -9999.0 -9999.0 -9999.0 -9999.0 -9999.0 -9999.0
-9999.0 -9999.0 -9999.0 -9999.0 -9999.0 -9999.0 -9999.0 -9999.0 -9999.0 -9999.0 -9999.0 -9999.0 -9999.0 -9999.0 -9999.0 -9999.0 -9999.0 -9999.0 -9999.0 -9999.0 0.190915 0.191749 0.189981 0.187972 0.186257 0.186036 0.187943 0.190125 0.192632 0.193095 0.191045 0.191578 0.190773 0.190287 0.190229 0.190806 0.191108 0.191894 0.192391 0.192137 0.191516 0.191092 0.190715 0.190832 0.191541 0.190547 0.191949 0.193309 0.193766 0.193779 0.191974 0.191243 0.190972 0.189356 0.192257 0.193069 0.195169 0.195359 0.195766 0.193407 0.191078 -9999.0 -9999.0 -9999.0 -9999.0 -9999.0 -9999.0 -9999.0 -9999.0 -9999.0 -9999.0 -9999.0 -9999.0 -9999.0 -9999.0 -9999.0 -9999.0 -9999.0 -9999.0 -9999.0
-9999.0 -9999.0 -9999.0 -9999.0 -9999.0 -9999.0 -9999.0 -9999.0 -9999.0 -9999.0 -9999.0 -9999.0 -9999.0 -9999.0 0.187738 0.186757 0.186297 0.185981 0.187700 0.189029 0.189038 0.188024 0.188877 0.186922 0.185184 0.186230 0.187701 0.188881 0.190863 0.192375 0.190966 0.190615 0.191362 0.194011 0.195136 0.194557 0.191381 0.194397 0.195882 0.196827 0.196699 0.195243 0.197223 0.199552 0.198332 0.195876 0.196439 0.197837 0.200096 0.199000 0.191276 0.190584 0.190990 0.191174 0.190090 0.189323 0.192249 0.191806 0.191345 0.190870 0.189211 0.186469 0.185233 0.188112 0.190611 0.195756 -9999.0 -9999.0 -9999.0 -9999.0 -9999.0 -9999.0 -9999.0 -9999.0 -9999.0 -9999.0 -9999.0 -9999.0 -9999.0 -9999.0
-9999.0 -9999.0 -9999.0 -9999.0 -9999.0 -9999.0 -9999.0 -9999.0 -9999.0 0.186186 0.185907 0.186174 0.185502 0.186353 0.184868 0.185202 0.184907 0.186103 0.187029 0.188653 0.190852 0.189214 0.188994 0.190136 0.190216 0.190587 0.191521 0.195081 0.199048 0.205337 0.199676 0.199348 0.201778 0.210256 0.218230 0.220494 0.215876 0.215960 0.221844 0.228513 0.227849 0.227115 0.233908 0.237465 0.240439 0.234887 0.229041 0.228099 0.236657 0.222454 0.209556 0.200395 0.202229 0.198247 0.193835 0.192251 0.191672 0.194986 0.193757 0.190781 0.188354 0.189154 0.187757 0.189133 0.190045 0.193953 0.197461 0.200883 0.201042 0.198850 -9999.0 -9999.0 -9999.0 -9999.0 -9999.0 -9999.0 -9999.0 -9999.0 -9999.0 -9999.0
-9999.0 -9999.0 -9999.0 -9999.0 -9999.0 -9999.0 0.184533 0.184403 0.184948 0.183099 0.184348 0.183437 0.184329 0.184691 0.185282 0.185264 0.186733 0.188019 0.190212 0.193101 0.195791 0.194243 0.194934 0.198700 0.204903 0.210147 0.213911 0.221272 0.242745 0.257448 0.265560 0.268082 0.272325 0.295342 0.328592 0.337408 0.327304 0.318461 0.326422 0.342299 0.345697 0.345551 0.347781 0.351200 0.362688 0.360847 0.344332 0.335608 0.331981 0.328793 0.302896 0.270109 0.251923 0.237431 0.217093 0.205329 0.205882 0.209523 0.204799 0.197896 0.193862 0.193944 0.193179 0.191656 0.192409 0.193974 0.196399 0.197943 0.196777 0.195205 0.194052 0.191470 0.191894 0.194386 -9999.0 -9999.0 -9999.0 -9999.0 -9999.0 -9999.0
-9999.0 -9999.0 -9999.0 -9999.0 0.181775 0.182599 0.180106 0.181492 0.182544 0.183327 0.183265 0.184641 0.184983 0.185958 0.188050 0.189570 0.192434 0.194593 0.200553 0.211346 0.221916 0.228378 0.231111 0.250309 0.278073 0.305629 0.314621 0.325788 0.341576 0.366876 0.370000 0.370000 0.370000 0.370000 0.370000 0.370000 0.370000 0.370000 0.370000 0.370000 0.370000 0.370000 0.370000 0.370000 0.370000 0.370000 0.370000 0.370000 0.370000 0.370000 0.370000 0.370000 0.355888 0.345260 0.337853 0.315952 0.276630 0.264383 0.244593 0.229590 0.213911 0.210040 0.205169 0.202216 0.198082 0.198917 0.200130 0.197988 0.195220 0.192611 0.192325 0.191191 0.189862 0.193129 0.194228 0.197709 -9999.0 -9999.0 -9999.0 -9999.0
-9999.0 -9999.0 0.181672 0.181676 0.183908 0.182481 0.181617 0.180436 0.180897 0.182985 0.186886 0.188364 0.190935 0.192332 0.198312 0.210975 0.226364 0.238189 0.256953 0.288188 0.318223 0.333861 0.340543 0.356027 0.370000 0.370000 0.370000 0.370000 0.370000 0.370000 0.370000 0.370000 0.370000 0.370000 0.370000 0.370000 0.370000 0.370000 0.370000 0.370000 0.370000 0.370000 0.370000 0.370000 0.370000 0.370000 0.370000 0.370000 0.370000 0.370000 0.370000 0.370000 0.370000 0.370000 0.370000 0.370000 0.370000 0.357092 0.350241 0.335475 0.299184 0.270299 0.250270 0.234926 0.221754 0.215775 0.207533 0.202380 0.197649 0.193269 0.191963 0.191197 0.191840 0.191344 0.193076 0.194347 0.196281 0.196994 -9999.0 -9999.0
-9999.0 0.180984 0.180185 0.184106 0.184668 0.185392 0.186216 0.186939 0.188011 0.186684 0.196837 0.211646 0.231662 0.238511 0.256904 0.298421 0.338222 0.353700 0.367134 0.370000 0.370000 0.370000 0.370000 0.370000 0.370000 0.370000 0.370000 0.370000 0.370000 0.370000 0.370000 0.370000 0.370000 0.370000 0.370000 0.370000 0.370000 0.370000 0.370000 0.370000 0.370000 0.370000 0.370000 0.370000 0.370000 0.370000 0.370000 0.370000 0.370000 0.370000 0.370000 0.370000 0.370000 0.370000 0.370000 0.370000 0.370000 0.370000 0.370000 0.370000 0.370000 0.357999 0.334350 0.306643 0.275146 0.248708 0.231672 0.219084 0.207548 0.202981 0.200164 0.194156 0.192649 0.193989 0.193191 0.193093 0.193849 0.194436 -9999.0 -9999.0
-9999.0 0.177093 0.180707 0.184831 0.189962 0.190302 0.204020 0.218727 0.226262 0.219978 0.246788 0.341670 0.368663 0.370000 0.370000 0.370000 0.370000 0.370000 0.370000 0.370000 0.370000 0.370000 0.370000 0.370000 0.370000 0.370000 0.370000 0.370000 0.370000 0.370000 0.370000 0.370000 0.370000 0.370000 0.370000 0.370000 0.370000 0.366737 0.351477 0.340296 0.335725 0.346970 0.341206 0.330881 0.328392 0.340300 0.354811 0.349830 0.348999 0.358046 0.370000 0.370000 0.370000 0.370000 0.370000 0.370000 0.370000 0.370000 0.370000 0.370000 0.370000 0.370000 0.370000 0.370000 0.348835 0.314610 0.288619 0.266641 0.244915 0.232261 0.220739 0.209946 0.201174 0.199330 0.194949 0.194329 -9999.0 -9999.0 -9999.0 -9999.0
-9999.0 0.176721 0.180284 0.188147 0.207358 0.227562 0.302143 0.358610 0.370000 0.370000 0.370000 0.370000 0.370000 0.370000 0.370000 0.370000 0.370000 0.370000 0.370000 0.370000 0.370000 0.370000 0.370000 0.370000 0.370000 0.370000 0.370000 0.370000 0.370000 0.370000 0.368152 0.362431 0.351132 0.308860 0.287987 0.275150 0.255032 0.251260 0.246291 0.236727 0.232036 0.228695 0.233377 0.232140 0.231627 0.234203 0.240838 0.244755 0.257751 0.270601 0.291538 0.315616 0.329202 0.348180 0.369669 0.370000 0.370000 0.370000 0.370000 0.370000 0.370000 0.370000 0.370000 0.370000 0.370000 0.370000 0.368501 0.347263 0.326064 0.300551 0.275013 0.251437 0.231053 0.212359 0.206321 -9999.0 -9999.0 -9999.0 -9999.0 -9999.0
-9999.0 0.171362 0.180183 0.186661 0.216770 0.328397 0.356569 0.370000 0.370000 0.370000 0.370000 0.370000 0.370000 0.370000 0.370000 0.370000 0.370000 0.370000 0.370000 0.370000 0.370000 0.370000 0.370000 0.370000 0.363354 0.355712 0.350890 0.343963 0.322358 0.299648 0.262732 0.257309 0.234820 0.218296 0.210228 0.203380 0.196659 0.196899 0.199495 0.197378 0.195063 0.192595 0.195578 0.196965 0.198299 0.196630 0.197037 0.201091 0.207735 0.214148 0.223776 0.237109 0.249770 0.268333 0.284059 0.312136 0.332958 0.353836 0.370000 0.370000 0.370000 0.370000 0.370000 0.370000 0.370000 0.370000 0.370000 0.370000 0.370000 0.370000 0.355267 0.324406 0.291477 -9999.0 -9999.0 -9999.0 -9999.0 -9999.0 -9999.0 -9999.0
-9999.0 0.168634 0.177834 0.179238 0.190773 0.212876 0.248625 0.292145 0.323512 0.317291 0.321055 0.331702 0.344624 0.352654 0.341049 0.323395 0.309351 0.311002 0.311485 0.298020 0.282756 0.275260 0.275441 0.271659 0.259233 0.253189 0.249742 0.242643 0.232336 0.220202 0.205465 0.197522 0.191957 0.190104 0.188719 0.187238 0.184306 0.185967 0.187224 0.186917 0.185989 0.185279 0.187506 0.188273 0.188975 0.186941 0.188360 0.189599 0.192435 0.195357 0.199567 0.205923 0.214307 0.219624 0.222496 0.229515 0.240825 0.259379 0.300397 0.344688 0.370000 0.370000 0.370000 0.370000 0.370000 0.370000 0.370000 0.370000 0.370000 0.370000 0.370000 -9999.0 -9999.0 -9999.0 -9999.0 -9999.0 -9999.0 -9999.0 -9999.0 -9999.0
-9999.0 -9999.0 0.166682 0.170294 0.173572 0.177176 0.182193 0.186774 0.189717 0.196962 0.207661 0.219891 0.227828 0.231604 0.226449 0.216424 0.211059 0.211685 0.210271 0.207989 0.203913 0.203011 0.202004 0.201305 0.199509 0.198728 0.198399 0.197662 0.195965 0.192072 0.188773 0.186479 0.183918 0.184047 0.183650 0.182765 0.183555 0.183352 0.183593 0.183465 0.183692 0.184120 0.184613 0.185313 0.185337 0.185545 0.185782 0.186532 0.187683 0.189218 0.192232 0.196710 0.200188 0.201027 0.199148 0.199657 0.202126 0.207832 0.225013 0.249223 0.286185 0.318024 0.352125 0.370000 0.370000 0.370000 0.370000 0.370000 0.370000 0.370000 -9999.0 -9999.0 -9999.0 -9999.0 -9999.0 -9999.0 -9999.0 -9999.0 -9999.0 -9999.0
-9999.0 -9999.0 -9999.0 -9999.0 0.165067 0.170182 0.175104 0.174675 0.178347 0.180706 0.182902 0.185501 0.187646 0.189033 0.187352 0.187047 0.186736 0.186985 0.186617 0.186211 0.186055 0.185794 0.185508 0.185112 0.185291 0.185689 0.185799 0.185120 0.185120 0.183865 0.183746 0.183015 0.182306 0.181460 0.181654 0.181583 0.181972 0.181554 0.182180 0.181811 0.182286 0.182491 0.183057 0.183995 0.183631 0.184169 0.184183 0.184877 0.185130 0.187000 0.190064 0.193651 0.196118 0.196003 0.192856 0.191570 0.190804 0.192791 0.196161 0.203573 0.221459 0.239151 0.261267 0.286257 0.306307 0.336836 0.370000 0.370000 -9999.0 -9999.0 -9999.0 -9999.0 -9999.0 -9999.0 -9999.0 -9999.0 -9999.0 -9999.0 -9999.0 -9999.0
-9999.0 -9999.0 -9999.0 -9999.0 -9999.0 -9999.0 0.167277 0.169883 0.169132 0.171252 0.173201 0.174722 0.176946 0.176734 0.177424 0.179164 0.178939 0.178111 0.177066 0.178592 0.179294 0.179442 0.177749 0.178227 0.178420 0.179062 0.178995 0.179282 0.177861 0.179600 0.180459 0.180151 0.179857 0.180202 0.179842 0.180938 0.181071 0.180191 0.179922 0.181182 0.181540 0.181350 0.181578 0.182423 0.183664 0.183845 0.183274 0.182477 0.183713 0.186605 0.189870 0.192781 0.194703 0.195362 0.192737 0.189195 0.187429 0.187171 0.188605 0.191384 0.198187 0.203024 0.206679 0.209758 0.214283 0.240380 -9999.0 -9999.0 -9999.0 -9999.0 -9999.0 -9999.0 -9999.0 -9999.0 -9999.0 -9999.0 -9999.0 -9999.0 -9999.0 -9999.0
-9999.0 -9999.0 -9999.0 -9999.0 -9999.0 -9999.0 -9999.0 -9999.0 -9999.0 -9999.0 -9999.0 -9999.0 -9999.0 -9999.0 -9999.0 -9999.0 -9999.0 -9999.0 -9999.0 -9999.0 -9999.0 -9999.0 -9999.0 -9999.0 -9999.0 -9999.0 -9999.0 -9999.0 -9999.0 -9999.0 -9999.0 -9999.0 -9999.0 -9999.0 -9999.0 -9999.0 -9999.0 -9999.0 -9999.0 -9999.0 -9999.0 -9999.0 -9999.0 -9999.0 -9999.0 -9999.0 -9999.0 -9999.0 -9999.0 -9999.0 -9999.0 -9999.0 -9999.0 -9999.0 -9999.0 -9999.0 -9999.0 -9999.0 -9999.0 -9999.0 -9999.0 -9999.0 -9999.0 -9999.0 -9999.0 -9999.0 -9999.0 -9999.0 -9999.0 -9999.0 -9999.0 -9999.0 -9999.0 -9999.0 -9999.0 -9999.0 -9999.0 -9999.0 -9999.0 -9999.0
-9999.0 -9999.0 -9999.0 -9999.0 -9999.0 -9999.0 -9999.0 -9999.0 -9999.0 -9999.0 -9999.0 -9999.0 -9999.0 -9999.0 -9999.0 -9999.0 -9999.0 -9999.0 -9999.0 -9999.0 -9999.0 -9999.0 -9999.0 -9999.0 -9999.0 -9999.0 -9999.0 -9999.0 -9999.0 -9999.0 -9999.0 -9999.0 -9999.0 -9999.0 -9999.0 -9999.0 -9999.0 -9999.0 -9999.0 -9999.0 -9999.0 -9999.0 -9999.0 -9999.0 -9999.0 -9999.0 -9999.0 -9999.0 -9999.0 -9999.0 -9999.0 -9999.0 -9999.0 -9999.0 -9999.0 -9999.0 -9999.0 -9999.0 -9999.0 -9999.0 -9999.0 -9999.0 -9999.0 -9999.0 -9999.0 -9999.0 -9999.0 -9999.0 -9999.0 -9999.0 -9999.0 -9999.0 -9999.0 -9999.0 -9999.0 -9999.0 -9999.0 -9999.0 -9999.0 -9999.0