Borden_/Borden1m_014/output_maps/thetaliqL0003N0006.asc
ncols         80
nrows         18
xllcorner     620200.000000
yllcorner     5168000.000000
cellsize      1.000000
NODATA_value  -9999.0
-9999.0 -9999.0 -9999.0 -9999.0 -9999.0 -9999.0 -9999.0 -9999.0 -9999.0 -9999.0 -9999.0 -9999.0 -9999.0 -9999.0 -9999.0 -9999.0 -9999.0 -9999.0 -9999.0 -9999.0 -9999.0 -9999.0 -9999.0 -9999.0 -9999.0 -9999.0 -9999.0 -9999.0 -9999.0 -9999.0 -9999.0 -9999.0 -9999.0 -9999.0 -9999.0 -9999.0 -9999.0 -9999.0 -9999.0 -9999.0 -9999.0 -9999.0 -9999.0 -9999.0 -9999.0 -9999.0 -9999.0 -9999.0 -9999.0 -9999.0 -9999.0 -9999.0 -9999.0 -9999.0 -9999.0 -9999.0 -9999.0 -9999.0 -9999.0 -9999.0 -9999.0 -9999.0 -9999.0 -9999.0 -9999.0 -9999.0 -9999.0 -9999.0 -9999.0 -9999.0 -9999.0 -9999.0 -9999.0 -9999.0 -9999.0 -9999.0 -9999.0 -9999.0 -9999.0 -9999.0
-9999.0 -9999.0 -9999.0 -9999.0 -9999.0 -9999.0 -9999.0 -9999.0 -9999.0 -9999.0 -9999.0 -9999.0 -9999.0 -9999.0 -9999.0 -9999.0 -9999.0 -9999.0 -9999.0 -9999.0 -9999.0 -9999.0 -9999.0 -9999.0 -9999.0 -9999.0 -9999.0 -9999.0 -9999.0 -9999.0 -9999.0 -9999.0 -9999.0 -9999.0 -9999.0 -9999.0 -9999.0 -9999.0 -9999.0 -9999.0 -9999.0 -9999.0 -9999.0 -9999.0 -9999.0 -9999.0 -9999.0 -9999.0 -9999.0 -9999.0 -9999.0 -9999.0 -9999.0 -9999.0 -9999.0 -9999.0 -9999.0 -9999.0 -9999.0 -9999.0 -9999.0 -9999.0 -9999.0 -9999.0 -9999.0 -9999.0 -9999.0 -9999.0 -9999.0 -9999.0 -9999.0 -9999.0 -9999.0 -9999.0 -9999.0 -9999.0 -9999.0 -9999.0 -9999.0 -9999.0
-9999.0 -9999.0 -9999.0 -9999.0 -9999.0 -9999.0 -9999.0 -9999.0 -9999.0 -9999.0 -9999.0 -9999.0 -9999.0 -9999.0 -9999.0 -9999.0 -9999.0 -9999.0 -9999.0 -9999.0 0.130745 0.131917 0.128814 0.125242 0.122419 0.122188 0.125414 0.129474 0.134233 0.135348 0.131858 0.132550 0.131281 0.130676 0.130738 0.131708 0.132174 0.133739 0.134814 0.134480 0.133367 0.132526 0.131949 0.132279 0.133414 0.131780 0.134229 0.136836 0.137854 0.137573 0.133770 0.132093 0.131419 0.128846 0.133559 0.135261 0.139284 0.139836 0.140330 0.135764 0.131394 -9999.0 -9999.0 -9999.0 -9999.0 -9999.0 -9999.0 -9999.0 -9999.0 -9999.0 -9999.0 -9999.0 -9999.0 -9999.0 -9999.0 -9999.0 -9999.0 -9999.0 -9999.0 -9999.0
-9999.0 -9999.0 -9999.0 -9999.0 -9999.0 -9999.0 -9999.0 -9999.0 -9999.0 -9999.0 -9999.0 -9999.0 -9999.0 -9999.0 0.124059 0.122637 0.122010 0.121811 0.124702 0.127210 0.127657 0.126140 0.127154 0.124026 0.121393 0.122991 0.125623 0.128175 0.132110 0.135068 0.132565 0.131958 0.133430 0.138428 0.140873 0.139910 0.134468 0.139719 0.142823 0.144829 0.144565 0.141988 0.145769 0.150295 0.148097 0.143400 0.144326 0.147123 0.151534 0.148702 0.134079 0.132058 0.132476 0.132424 0.130515 0.129307 0.134145 0.133700 0.132737 0.131325 0.127995 0.123279 0.121360 0.125904 0.130652 0.140250 -9999.0 -9999.0 -9999.0 -9999.0 -9999.0 -9999.0 -9999.0 -9999.0 -9999.0 -9999.0 -9999.0 -9999.0 -9999.0 -9999.0
-9999.0 -9999.0 -9999.0 -9999.0 -9999.0 -9999.0 -9999.0 -9999.0 -9999.0 0.121086 0.120806 0.121240 0.120464 0.121758 0.119964 0.120481 0.120291 0.122266 0.124184 0.127276 0.131113 0.128624 0.128333 0.130242 0.130660 0.131703 0.133900 0.140926 0.149533 0.162306 0.151558 0.150857 0.156027 0.173925 0.191532 0.196949 0.186707 0.186886 0.199577 0.215293 0.214774 0.213509 0.227778 0.235723 0.242110 0.231175 0.217612 0.214083 0.230219 0.200934 0.172585 0.153435 0.155986 0.147711 0.138764 0.135316 0.134464 0.140154 0.137652 0.131880 0.127328 0.127993 0.125744 0.128014 0.130093 0.137468 0.144658 0.151676 0.152011 0.147616 -9999.0 -9999.0 -9999.0 -9999.0 -9999.0 -9999.0 -9999.0 -9999.0 -9999.0 -9999.0
-9999.0 -9999.0 -9999.0 -9999.0 -9999.0 -9999.0 0.118071 0.118012 0.118881 0.116805 0.118578 0.117628 0.118986 0.119751 0.120836 0.121181 0.123716 0.126260 0.130568 0.136453 0.141978 0.139640 0.141187 0.148956 0.161915 0.173424 0.182015 0.198508 0.244257 0.273047 0.283079 0.286484 0.292508 0.325202 0.366693 0.370000 0.365422 0.354589 0.366469 0.370000 0.370000 0.370000 0.370000 0.370000 0.370000 0.370000 0.370000 0.370000 0.370000 0.367178 0.335020 0.291036 0.263323 0.234509 0.190649 0.164349 0.164672 0.171787 0.161514 0.147000 0.138573 0.138064 0.136284 0.133621 0.134900 0.138113 0.142958 0.145950 0.143553 0.140134 0.137263 0.132520 0.133155 0.137699 -9999.0 -9999.0 -9999.0 -9999.0 -9999.0 -9999.0
-9999.0 -9999.0 -9999.0 -9999.0 0.114436 0.115475 0.112572 0.114322 0.115832 0.117120 0.117503 0.119743 0.120694 0.122559 0.126342 0.129715 0.135494 0.140454 0.152910 0.175969 0.199174 0.213590 0.221123 0.260118 0.302496 0.338287 0.349982 0.366668 0.370000 0.370000 0.370000 0.370000 0.370000 0.370000 0.370000 0.370000 0.370000 0.370000 0.370000 0.370000 0.370000 0.370000 0.370000 0.370000 0.370000 0.370000 0.370000 0.370000 0.370000 0.370000 0.370000 0.370000 0.370000 0.370000 0.370000 0.353343 0.300739 0.284448 0.249453 0.216928 0.182329 0.173256 0.162557 0.155833 0.147509 0.148797 0.150811 0.146407 0.140633 0.135373 0.134253 0.131957 0.129902 0.135467 0.137915 0.144559 -9999.0 -9999.0 -9999.0 -9999.0
-9999.0 -9999.0 0.113899 0.114258 0.117325 0.115771 0.114808 0.113524 0.114355 0.117481 0.123818 0.127361 0.132596 0.135966 0.148023 0.174881 0.209752 0.237002 0.272114 0.316029 0.355258 0.370000 0.370000 0.370000 0.370000 0.370000 0.370000 0.370000 0.370000 0.370000 0.370000 0.370000 0.370000 0.370000 0.370000 0.370000 0.370000 0.370000 0.370000 0.370000 0.370000 0.370000 0.370000 0.370000 0.370000 0.370000 0.370000 0.370000 0.370000 0.370000 0.370000 0.370000 0.370000 0.370000 0.370000 0.370000 0.370000 0.370000 0.370000 0.370000 0.332744 0.293594 0.257469 0.226616 0.199019 0.185604 0.167825 0.156338 0.146029 0.137248 0.134307 0.132448 0.133204 0.132686 0.135755 0.138350 0.141891 0.143397 -9999.0 -9999.0
-9999.0 0.112624 0.112077 0.117517 0.119212 0.120884 0.122849 0.124639 0.126709 0.125506 0.144404 0.178426 0.223652 0.236247 0.266690 0.329970 0.370000 0.370000 0.370000 0.370000 0.370000 0.370000 0.370000 0.370000 0.370000 0.370000 0.370000 0.370000 0.370000 0.370000 0.370000 0.370000 0.370000 0.370000 0.370000 0.370000 0.370000 0.370000 0.370000 0.370000 0.370000 0.370000 0.370000 0.370000 0.370000 0.370000 0.370000 0.370000 0.370000 0.370000 0.370000 0.370000 0.370000 0.370000 0.370000 0.370000 0.370000 0.370000 0.370000 0.370000 0.370000 0.370000 0.370000 0.343378 0.300100 0.253571 0.220248 0.193297 0.168200 0.157730 0.151066 0.139167 0.135835 0.137727 0.136220 0.136007 0.137407 0.138576 -9999.0 -9999.0
-9999.0 0.108150 0.112646 0.119115 0.128786 0.131886 0.159418 0.195470 0.207788 0.193784 0.249920 0.370000 0.370000 0.370000 0.370000 0.370000 0.370000 0.370000 0.370000 0.370000 0.370000 0.370000 0.370000 0.370000 0.370000 0.370000 0.370000 0.370000 0.370000 0.370000 0.370000 0.370000 0.370000 0.370000 0.370000 0.370000 0.370000 0.370000 0.370000 0.370000 0.370000 0.370000 0.370000 0.370000 0.370000 0.370000 0.370000 0.370000 0.370000 0.370000 0.370000 0.370000 0.370000 0.370000 0.370000 0.370000 0.370000 0.370000 0.370000 0.370000 0.370000 0.370000 0.370000 0.370000 0.370000 0.356185 0.319979 0.286968 0.246619 0.221247 0.196702 0.172850 0.154099 0.149200 0.140469 0.138294 -9999.0 -9999.0 -9999.0 -9999.0
-9999.0 0.107579 0.112056 0.124338 0.163513 0.211035 0.338192 0.370000 0.370000 0.370000 0.370000 0.370000 0.370000 0.370000 0.370000 0.370000 0.370000 0.370000 0.370000 0.370000 0.370000 0.370000 0.370000 0.370000 0.370000 0.370000 0.370000 0.370000 0.370000 0.370000 0.370000 0.370000 0.370000 0.347595 0.316102 0.297962 0.266155 0.262192 0.252611 0.232499 0.222038 0.216392 0.225158 0.221376 0.220281 0.227273 0.242146 0.249665 0.272931 0.294279 0.322219 0.353186 0.370000 0.370000 0.370000 0.370000 0.370000 0.370000 0.370000 0.370000 0.370000 0.370000 0.370000 0.370000 0.370000 0.370000 0.370000 0.370000 0.367643 0.333743 0.300023 0.258236 0.218376 0.177605 0.163990 -9999.0 -9999.0 -9999.0 -9999.0 -9999.0
-9999.0 0.101864 0.111563 0.121659 0.183564 0.361780 0.370000 0.370000 0.370000 0.370000 0.370000 0.370000 0.370000 0.370000 0.370000 0.370000 0.370000 0.370000 0.370000 0.370000 0.370000 0.370000 0.370000 0.370000 0.370000 0.370000 0.370000 0.370000 0.364306 0.332329 0.281998 0.272588 0.229760 0.191103 0.173058 0.158153 0.144523 0.144722 0.149372 0.145159 0.140537 0.136187 0.141628 0.144489 0.147044 0.144110 0.145313 0.153648 0.167905 0.182309 0.203410 0.231195 0.256014 0.289954 0.313559 0.349230 0.370000 0.370000 0.370000 0.370000 0.370000 0.370000 0.370000 0.370000 0.370000 0.370000 0.370000 0.370000 0.370000 0.370000 0.370000 0.361205 0.318085 -9999.0 -9999.0 -9999.0 -9999.0 -9999.0 -9999.0 -9999.0
-9999.0 0.099168 0.108580 0.110874 0.129001 0.175777 0.253209 0.318623 0.357179 0.352122 0.358669 0.370000 0.370000 0.370000 0.370000 0.363800 0.343570 0.345302 0.345553 0.328684 0.308440 0.298089 0.298447 0.293922 0.276075 0.265417 0.258634 0.244213 0.221019 0.194720 0.162819 0.145931 0.134652 0.130488 0.127552 0.124639 0.120093 0.122323 0.124245 0.123740 0.122289 0.121324 0.124781 0.126270 0.127460 0.124522 0.126835 0.129381 0.134888 0.141083 0.150215 0.164158 0.182470 0.194341 0.200766 0.215647 0.239550 0.276079 0.336146 0.370000 0.370000 0.370000 0.370000 0.370000 0.370000 0.370000 0.370000 0.370000 0.370000 0.370000 0.370000 -9999.0 -9999.0 -9999.0 -9999.0 -9999.0 -9999.0 -9999.0 -9999.0 -9999.0
-9999.0 -9999.0 0.097364 0.100887 0.104369 0.108950 0.116227 0.124046 0.130337 0.144277 0.166670 0.193863 0.213283 0.222192 0.209946 0.186818 0.175091 0.176072 0.172994 0.167878 0.159349 0.157181 0.155021 0.153421 0.149745 0.148049 0.147206 0.145407 0.141577 0.133872 0.127445 0.123050 0.118807 0.118523 0.117726 0.116398 0.117260 0.117012 0.117382 0.117252 0.117581 0.118239 0.119133 0.120317 0.120519 0.120888 0.121423 0.122850 0.125127 0.128359 0.134427 0.143566 0.151123 0.153157 0.149592 0.150676 0.156007 0.168721 0.205777 0.257058 0.315375 0.360370 0.370000 0.370000 0.370000 0.370000 0.370000 0.370000 0.370000 0.370000 -9999.0 -9999.0 -9999.0 -9999.0 -9999.0 -9999.0 -9999.0 -9999.0 -9999.0 -9999.0
-9999.0 -9999.0 -9999.0 -9999.0 0.095947 0.100797 0.105820 0.105582 0.109979 0.113379 0.117002 0.121498 0.125474 0.127955 0.125391 0.124701 0.124036 0.124256 0.123582 0.122908 0.122544 0.122041 0.121458 0.120820 0.121010 0.121557 0.121652 0.120573 0.120271 0.118300 0.117787 0.116488 0.115285 0.114069 0.114186 0.114053 0.114497 0.113986 0.114767 0.114399 0.115062 0.115435 0.116322 0.117727 0.117463 0.118278 0.118435 0.119576 0.120417 0.123868 0.129653 0.136769 0.141929 0.141873 0.135990 0.133367 0.132142 0.136018 0.143368 0.159470 0.198139 0.235281 0.278863 0.314709 0.342803 0.370000 0.370000 0.370000 -9999.0 -9999.0 -9999.0 -9999.0 -9999.0 -9999.0 -9999.0 -9999.0 -9999.0 -9999.0 -9999.0 -9999.0
-9999.0 -9999.0 -9999.0 -9999.0 -9999.0 -9999.0 0.097892 0.100404 0.099769 0.102019 0.104259 0.106190 0.108977 0.108935 0.109805 0.111898 0.111600 0.110544 0.109286 0.111072 0.111918 0.112040 0.109970 0.110474 0.110709 0.111490 0.111410 0.111676 0.109941 0.111891 0.112826 0.112322 0.111834 0.112132 0.111672 0.112940 0.113093 0.112052 0.111769 0.113316 0.113842 0.113723 0.114152 0.115397 0.117152 0.117526 0.116876 0.116037 0.118050 0.122829 0.128875 0.134776 0.138850 0.140039 0.134889 0.128486 0.125447 0.125269 0.128208 0.134114 0.148121 0.159128 0.167702 0.174953 0.185458 0.240081 -9999.0 -9999.0 -9999.0 -9999.0 -9999.0 -9999.0 -9999.0 -9999.0 -9999.0 -9999.0 -9999.0 -9999.0 -9999.0 -9999.0
-9999.0 -9999.0 -9999.0 -9999.0 -9999.0 -9999.0 -9999.0 -9999.0 -9999.0 -9999.0 -9999.0 -9999.0 -9999.0 -9999.0 -9999.0 -9999.0 -9999.0 -9999.0 -9999.0 -9999.0 -9999.0 -9999.0 -9999.0 -9999.0 -9999.0 -9999.0 -9999.0 -9999.0 -9999.0 -9999.0 -9999.0 -9999.0 -9999.0 -9999.0 -9999.0 -9999.0 -9999.0 -9999.0 -9999.0 -9999.0 -9999.0 -9999.0 -9999.0 -9999.0 -9999.0 -9999.0 -9999.0 -9999.0 -9999.0 -9999.0 -9999.0 -9999.0 -9999.0 -9999.0 -9999.0 -9999.0 -9999.0 -9999.0 -9999.0 -9999.0 -9999.0 -9999.0 -9999.0 -9999.0 -9999.0 -9999.0 -9999.0 -9999.0 -9999.0 -9999.0 -9999.0 -9999.0 -9999.0 -9999.0 -9999.0 -9999.0 -9999.0 -9999.0 -9999.0 -9999.0
-9999.0 -9999.0 -9999.0 -9999.0 -9999.0 -9999.0 -9999.0 -9999.0 -9999.0 -9999.0 -9999.0 -9999.0 -9999.0 -9999.0 -9999.0 -9999.0 -9999.0 -9999.0 -9999.0 -9999.0 -9999.0 -9999.0 -9999.0 -9999.0 -9999.0 -9999.0 -9999.0 -9999.0 -9999.0 -9999.0 -9999.0 -9999.0 -9999.0 -9999.0 -9999.0 -9999.0 -9999.0 -9999.0 -9999.0 -9999.0 -9999.0 -9999.0 -9999.0 -9999.0 -9999.0 -9999.0 -9999.0 -9999.0 -9999.0 -9999.0 -9999.0 -9999.0 -9999.0 -9999.0 -9999.0 -9999.0 -9999.0 -9999.0 -9999.0 -9999.0 -9999.0 -9999.0 -9999.0 -9999.0 -9999.0 -9999.0 -9999.0 -9999.0 -9999.0 -9999.0 -9999.0 -9999.0 -9999.0 -9999.0 -9999.0 -9999.0 -9999.0 -9999.0 -9999.0 -9999.0