Borden_/Borden1m_014/output_maps/thetasurfN0001.asc
ncols         80
nrows         18
xllcorner     620200.000000
yllcorner     5168000.000000
cellsize      1.000000
NODATA_value  -9999.0
-9999.0 -9999.0 -9999.0 -9999.0 -9999.0 -9999.0 -9999.0 -9999.0 -9999.0 -9999.0 -9999.0 -9999.0 -9999.0 -9999.0 -9999.0 -9999.0 -9999.0 -9999.0 -9999.0 -9999.0 -9999.0 -9999.0 -9999.0 -9999.0 -9999.0 -9999.0 -9999.0 -9999.0 -9999.0 -9999.0 -9999.0 -9999.0 -9999.0 -9999.0 -9999.0 -9999.0 -9999.0 -9999.0 -9999.0 -9999.0 -9999.0 -9999.0 -9999.0 -9999.0 -9999.0 -9999.0 -9999.0 -9999.0 -9999.0 -9999.0 -9999.0 -9999.0 -9999.0 -9999.0 -9999.0 -9999.0 -9999.0 -9999.0 -9999.0 -9999.0 -9999.0 -9999.0 -9999.0 -9999.0 -9999.0 -9999.0 -9999.0 -9999.0 -9999.0 -9999.0 -9999.0 -9999.0 -9999.0 -9999.0 -9999.0 -9999.0 -9999.0 -9999.0 -9999.0 -9999.0
-9999.0 -9999.0 -9999.0 -9999.0 -9999.0 -9999.0 -9999.0 -9999.0 -9999.0 -9999.0 -9999.0 -9999.0 -9999.0 -9999.0 -9999.0 -9999.0 -9999.0 -9999.0 -9999.0 -9999.0 -9999.0 -9999.0 -9999.0 -9999.0 -9999.0 -9999.0 -9999.0 -9999.0 -9999.0 -9999.0 -9999.0 -9999.0 -9999.0 -9999.0 -9999.0 -9999.0 -9999.0 -9999.0 -9999.0 -9999.0 -9999.0 -9999.0 -9999.0 -9999.0 -9999.0 -9999.0 -9999.0 -9999.0 -9999.0 -9999.0 -9999.0 -9999.0 -9999.0 -9999.0 -9999.0 -9999.0 -9999.0 -9999.0 -9999.0 -9999.0 -9999.0 -9999.0 -9999.0 -9999.0 -9999.0 -9999.0 -9999.0 -9999.0 -9999.0 -9999.0 -9999.0 -9999.0 -9999.0 -9999.0 -9999.0 -9999.0 -9999.0 -9999.0 -9999.0 -9999.0
-9999.0 -9999.0 -9999.0 -9999.0 -9999.0 -9999.0 -9999.0 -9999.0 -9999.0 -9999.0 -9999.0 -9999.0 -9999.0 -9999.0 -9999.0 -9999.0 -9999.0 -9999.0 -9999.0 -9999.0 0.160506 0.161225 0.159324 0.157062 0.155208 0.155061 0.157179 0.159734 0.162600 0.163245 0.161163 0.161587 0.160822 0.160455 0.160493 0.161080 0.161360 0.162290 0.162921 0.162723 0.162066 0.161569 0.161231 0.161431 0.162108 0.161117 0.162574 0.164095 0.164676 0.164523 0.162308 0.161313 0.160910 0.159331 0.162196 0.163196 0.165523 0.165829 0.166123 0.163496 0.160897 -9999.0 -9999.0 -9999.0 -9999.0 -9999.0 -9999.0 -9999.0 -9999.0 -9999.0 -9999.0 -9999.0 -9999.0 -9999.0 -9999.0 -9999.0 -9999.0 -9999.0 -9999.0 -9999.0
-9999.0 -9999.0 -9999.0 -9999.0 -9999.0 -9999.0 -9999.0 -9999.0 -9999.0 -9999.0 -9999.0 -9999.0 -9999.0 -9999.0 0.156268 0.155330 0.154913 0.154798 0.156711 0.158319 0.158598 0.157641 0.158284 0.156292 0.154572 0.155632 0.157340 0.158948 0.161344 0.163101 0.161612 0.161248 0.162133 0.165067 0.166468 0.165927 0.162761 0.165801 0.167547 0.168665 0.168520 0.167075 0.169194 0.171669 0.170456 0.167856 0.168378 0.169916 0.172324 0.170801 0.162520 0.161315 0.161567 0.161533 0.160358 0.159610 0.162533 0.162257 0.161688 0.160854 0.158815 0.155797 0.154526 0.157495 0.160456 0.166082 -9999.0 -9999.0 -9999.0 -9999.0 -9999.0 -9999.0 -9999.0 -9999.0 -9999.0 -9999.0 -9999.0 -9999.0 -9999.0 -9999.0
-9999.0 -9999.0 -9999.0 -9999.0 -9999.0 -9999.0 -9999.0 -9999.0 -9999.0 0.154244 0.154063 0.154357 0.153847 0.154724 0.153539 0.153889 0.153782 0.155122 0.156401 0.158382 0.160753 0.159223 0.159049 0.160250 0.160537 0.161180 0.162478 0.166530 0.171274 0.178057 0.172325 0.171953 0.174718 0.184070 0.192956 0.195473 0.190524 0.190689 0.197144 0.204423 0.203794 0.203069 0.210440 0.214409 0.217404 0.211378 0.205186 0.204245 0.213305 0.197813 0.183388 0.173329 0.174734 0.170277 0.165260 0.163253 0.162733 0.166037 0.164601 0.161206 0.158412 0.158835 0.157413 0.158833 0.160106 0.164472 0.168517 0.172335 0.172514 0.170132 -9999.0 -9999.0 -9999.0 -9999.0 -9999.0 -9999.0 -9999.0 -9999.0 -9999.0 -9999.0
-9999.0 -9999.0 -9999.0 -9999.0 -9999.0 -9999.0 0.152065 0.152044 0.152667 0.151276 0.152519 0.151897 0.152852 0.153403 0.154162 0.154429 0.156129 0.157779 0.160464 0.163963 0.167118 0.165796 0.166674 0.170972 0.177873 0.183827 0.188222 0.196613 0.220124 0.236057 0.242722 0.245112 0.249915 0.277308 0.315192 0.325038 0.313905 0.304085 0.312917 0.330183 0.333898 0.333729 0.336062 0.339474 0.350960 0.349204 0.332269 0.322865 0.318873 0.315257 0.285790 0.248340 0.230285 0.214238 0.191907 0.179023 0.179261 0.182957 0.177626 0.169883 0.165164 0.164876 0.163844 0.162252 0.162988 0.164830 0.167556 0.169214 0.167892 0.165987 0.164361 0.161564 0.161947 0.164613 -9999.0 -9999.0 -9999.0 -9999.0 -9999.0 -9999.0
-9999.0 -9999.0 -9999.0 -9999.0 0.149448 0.150190 0.148133 0.149411 0.150536 0.151493 0.151845 0.153435 0.154124 0.155390 0.157867 0.160010 0.163477 0.166288 0.173108 0.185139 0.197020 0.204245 0.207521 0.228447 0.256881 0.288779 0.299409 0.312110 0.329160 0.353472 0.362158 0.364486 0.369872 0.370000 0.370000 0.370000 0.370000 0.370000 0.370000 0.370000 0.370000 0.370000 0.370000 0.370000 0.370000 0.370000 0.370000 0.370000 0.370000 0.370000 0.370000 0.359703 0.342939 0.333128 0.325262 0.300504 0.255431 0.244105 0.222383 0.205676 0.188380 0.183735 0.178192 0.174646 0.170114 0.170797 0.171874 0.169466 0.166256 0.163238 0.162594 0.161229 0.159974 0.163315 0.164723 0.168477 -9999.0 -9999.0 -9999.0 -9999.0
-9999.0 -9999.0 0.148950 0.149323 0.151564 0.150527 0.149877 0.149006 0.149655 0.151913 0.156269 0.158585 0.161779 0.163728 0.170505 0.184661 0.201846 0.215086 0.235466 0.267756 0.303432 0.321100 0.328345 0.343248 0.361641 0.370000 0.370000 0.370000 0.370000 0.370000 0.370000 0.370000 0.370000 0.370000 0.370000 0.370000 0.370000 0.370000 0.370000 0.370000 0.370000 0.370000 0.370000 0.370000 0.370000 0.370000 0.370000 0.370000 0.370000 0.370000 0.370000 0.370000 0.370000 0.370000 0.370000 0.370000 0.360881 0.343827 0.338259 0.322418 0.280387 0.250707 0.228683 0.211666 0.197019 0.190059 0.180863 0.174838 0.169283 0.164339 0.162630 0.161524 0.161979 0.161655 0.163471 0.164966 0.166983 0.167820 -9999.0 -9999.0
-9999.0 0.147867 0.147633 0.151722 0.153062 0.154278 0.155714 0.156928 0.158221 0.157432 0.168599 0.185392 0.206931 0.213675 0.233756 0.281411 0.326017 0.342173 0.353191 0.368061 0.370000 0.370000 0.370000 0.370000 0.370000 0.370000 0.370000 0.370000 0.370000 0.370000 0.370000 0.370000 0.370000 0.370000 0.370000 0.370000 0.370000 0.370000 0.370000 0.370000 0.370000 0.370000 0.370000 0.370000 0.370000 0.370000 0.370000 0.370000 0.370000 0.370000 0.370000 0.370000 0.370000 0.370000 0.370000 0.370000 0.370000 0.370000 0.370000 0.370000 0.365795 0.344098 0.321016 0.289529 0.256367 0.227183 0.208225 0.194032 0.181093 0.175621 0.172077 0.165463 0.163525 0.164624 0.163738 0.163609 0.164422 0.165092 -9999.0 -9999.0
-9999.0 0.144473 0.148074 0.153022 0.159506 0.161423 0.176672 0.192770 0.198316 0.193301 0.223707 0.329441 0.356364 0.357645 0.370000 0.370000 0.370000 0.370000 0.370000 0.370000 0.370000 0.370000 0.370000 0.370000 0.370000 0.370000 0.370000 0.370000 0.370000 0.370000 0.370000 0.370000 0.370000 0.370000 0.365878 0.361735 0.359870 0.353364 0.339280 0.327684 0.322814 0.335004 0.328825 0.317481 0.314700 0.327777 0.343043 0.337822 0.336835 0.344959 0.358951 0.369007 0.370000 0.370000 0.370000 0.370000 0.370000 0.370000 0.370000 0.370000 0.370000 0.370000 0.370000 0.361340 0.335132 0.298306 0.271071 0.246948 0.222908 0.208749 0.195797 0.183542 0.173691 0.171027 0.166171 0.164938 -9999.0 -9999.0 -9999.0 -9999.0
-9999.0 0.143944 0.147713 0.156759 0.178989 0.203302 0.285901 0.345690 0.363165 0.370000 0.370000 0.370000 0.370000 0.370000 0.370000 0.370000 0.370000 0.370000 0.370000 0.370000 0.370000 0.370000 0.370000 0.370000 0.370000 0.370000 0.370000 0.370000 0.370000 0.363122 0.353538 0.350002 0.339081 0.292241 0.267556 0.253346 0.231526 0.229113 0.224010 0.213580 0.208330 0.204670 0.209734 0.208498 0.207997 0.210814 0.218009 0.222559 0.236930 0.251183 0.272727 0.299232 0.315310 0.335612 0.354887 0.370000 0.370000 0.370000 0.370000 0.370000 0.370000 0.370000 0.370000 0.370000 0.370000 0.363685 0.354271 0.335008 0.311666 0.283116 0.256177 0.230069 0.207267 0.185889 0.178837 -9999.0 -9999.0 -9999.0 -9999.0 -9999.0
-9999.0 0.139276 0.147261 0.155159 0.189417 0.315414 0.345552 0.370000 0.370000 0.370000 0.370000 0.370000 0.370000 0.370000 0.370000 0.370000 0.370000 0.370000 0.370000 0.370000 0.365804 0.361920 0.361882 0.358115 0.350337 0.343615 0.338827 0.331611 0.307254 0.281102 0.241976 0.235849 0.211200 0.192919 0.183709 0.175972 0.168610 0.168719 0.171287 0.168975 0.166396 0.163876 0.166990 0.168566 0.169972 0.168346 0.168989 0.173512 0.180992 0.188390 0.199280 0.214169 0.228342 0.248814 0.265657 0.295571 0.319611 0.339976 0.366082 0.370000 0.370000 0.370000 0.370000 0.370000 0.370000 0.370000 0.370000 0.370000 0.370000 0.359748 0.342548 0.311820 0.274990 -9999.0 -9999.0 -9999.0 -9999.0 -9999.0 -9999.0 -9999.0
-9999.0 0.136834 0.144688 0.147092 0.160186 0.185708 0.225530 0.273333 0.309550 0.301995 0.305932 0.318230 0.332507 0.340909 0.328485 0.309034 0.293078 0.294904 0.295622 0.279722 0.261530 0.253479 0.253801 0.250431 0.238159 0.231630 0.227810 0.219975 0.208510 0.194825 0.178412 0.169421 0.163048 0.160563 0.158734 0.156858 0.153821 0.155292 0.156555 0.156211 0.155237 0.154584 0.156856 0.157808 0.158559 0.156686 0.158160 0.159749 0.163059 0.166604 0.171620 0.178992 0.188442 0.194553 0.197898 0.205709 0.218271 0.238696 0.281787 0.331380 0.357732 0.369998 0.370000 0.370000 0.370000 0.370000 0.370000 0.370000 0.370000 0.370000 0.370000 -9999.0 -9999.0 -9999.0 -9999.0 -9999.0 -9999.0 -9999.0 -9999.0 -9999.0
-9999.0 -9999.0 0.135258 0.138544 0.141844 0.146051 0.151720 0.156980 0.160710 0.168678 0.180532 0.194190 0.203163 0.207314 0.201670 0.190712 0.184773 0.185278 0.183700 0.181076 0.176614 0.175482 0.174345 0.173505 0.171520 0.170597 0.170144 0.169171 0.167056 0.162603 0.158651 0.155793 0.152888 0.152628 0.152029 0.151057 0.151613 0.151450 0.151723 0.151630 0.151853 0.152315 0.152966 0.153793 0.153940 0.154185 0.154561 0.155531 0.157035 0.159081 0.162735 0.167941 0.172059 0.173154 0.171249 0.171866 0.174747 0.181406 0.200515 0.227432 0.266876 0.302083 0.338974 0.359356 0.367423 0.370000 0.370000 0.370000 0.370000 0.370000 -9999.0 -9999.0 -9999.0 -9999.0 -9999.0 -9999.0 -9999.0 -9999.0 -9999.0 -9999.0
-9999.0 -9999.0 -9999.0 -9999.0 0.134036 0.138489 0.142751 0.142820 0.146394 0.149124 0.151876 0.155016 0.157588 0.159131 0.157493 0.157002 0.156545 0.156693 0.156253 0.155789 0.155517 0.155175 0.154785 0.154351 0.154460 0.154811 0.154866 0.154133 0.153898 0.152494 0.152059 0.151075 0.150140 0.149221 0.149267 0.149153 0.149465 0.149097 0.149664 0.149420 0.149911 0.150205 0.150873 0.151892 0.151737 0.152315 0.152442 0.153252 0.153871 0.156196 0.159858 0.164082 0.167006 0.166970 0.163612 0.162094 0.161380 0.163694 0.167894 0.176584 0.196545 0.216384 0.240771 0.266531 0.288476 0.322364 0.358840 0.370000 -9999.0 -9999.0 -9999.0 -9999.0 -9999.0 -9999.0 -9999.0 -9999.0 -9999.0 -9999.0 -9999.0 -9999.0
-9999.0 -9999.0 -9999.0 -9999.0 -9999.0 -9999.0 0.135710 0.137934 0.137559 0.139593 0.141592 0.143296 0.145558 0.145583 0.146239 0.147788 0.147557 0.146757 0.145802 0.147132 0.147755 0.147829 0.146273 0.146630 0.146809 0.147396 0.147338 0.147510 0.146197 0.147613 0.148275 0.147864 0.147455 0.147636 0.147286 0.148218 0.148332 0.147558 0.147364 0.148521 0.148935 0.148879 0.149232 0.150178 0.151454 0.151737 0.151292 0.150733 0.152203 0.155497 0.159377 0.162918 0.165260 0.165941 0.162978 0.159117 0.157206 0.157101 0.158959 0.162517 0.170416 0.176286 0.180752 0.184493 0.189918 0.218271 -9999.0 -9999.0 -9999.0 -9999.0 -9999.0 -9999.0 -9999.0 -9999.0 -9999.0 -9999.0 -9999.0 -9999.0 -9999.0 -9999.0
-9999.0 -9999.0 -9999.0 -9999.0 -9999.0 -9999.0 -9999.0 -9999.0 -9999.0 -9999.0 -9999.0 -9999.0 -9999.0 -9999.0 -9999.0 -9999.0 -9999.0 -9999.0 -9999.0 -9999.0 -9999.0 -9999.0 -9999.0 -9999.0 -9999.0 -9999.0 -9999.0 -9999.0 -9999.0 -9999.0 -9999.0 -9999.0 -9999.0 -9999.0 -9999.0 -9999.0 -9999.0 -9999.0 -9999.0 -9999.0 -9999.0 -9999.0 -9999.0 -9999.0 -9999.0 -9999.0 -9999.0 -9999.0 -9999.0 -9999.0 -9999.0 -9999.0 -9999.0 -9999.0 -9999.0 -9999.0 -9999.0 -9999.0 -9999.0 -9999.0 -9999.0 -9999.0 -9999.0 -9999.0 -9999.0 -9999.0 -9999.0 -9999.0 -9999.0 -9999.0 -9999.0 -9999.0 -9999.0 -9999.0 -9999.0 -9999.0 -9999.0 -9999.0 -9999.0 -9999.0
-9999.0 -9999.0 -9999.0 -9999.0 -9999.0 -9999.0 -9999.0 -9999.0 -9999.0 -9999.0 -9999.0 -9999.0 -9999.0 -9999.0 -9999.0 -9999.0 -9999.0 -9999.0 -9999.0 -9999.0 -9999.0 -9999.0 -9999.0 -9999.0 -9999.0 -9999.0 -9999.0 -9999.0 -9999.0 -9999.0 -9999.0 -9999.0 -9999.0 -9999.0 -9999.0 -9999.0 -9999.0 -9999.0 -9999.0 -9999.0 -9999.0 -9999.0 -9999.0 -9999.0 -9999.0 -9999.0 -9999.0 -9999.0 -9999.0 -9999.0 -9999.0 -9999.0 -9999.0 -9999.0 -9999.0 -9999.0 -9999.0 -9999.0 -9999.0 -9999.0 -9999.0 -9999.0 -9999.0 -9999.0 -9999.0 -9999.0 -9999.0 -9999.0 -9999.0 -9999.0 -9999.0 -9999.0 -9999.0 -9999.0 -9999.0 -9999.0 -9999.0 -9999.0 -9999.0 -9999.0