Borden_/Borden1m_014/output_maps/thetaliqL0003N0038.asc
ncols         80
nrows         18
xllcorner     620200.000000
yllcorner     5168000.000000
cellsize      1.000000
NODATA_value  -9999.0
-9999.0 -9999.0 -9999.0 -9999.0 -9999.0 -9999.0 -9999.0 -9999.0 -9999.0 -9999.0 -9999.0 -9999.0 -9999.0 -9999.0 -9999.0 -9999.0 -9999.0 -9999.0 -9999.0 -9999.0 -9999.0 -9999.0 -9999.0 -9999.0 -9999.0 -9999.0 -9999.0 -9999.0 -9999.0 -9999.0 -9999.0 -9999.0 -9999.0 -9999.0 -9999.0 -9999.0 -9999.0 -9999.0 -9999.0 -9999.0 -9999.0 -9999.0 -9999.0 -9999.0 -9999.0 -9999.0 -9999.0 -9999.0 -9999.0 -9999.0 -9999.0 -9999.0 -9999.0 -9999.0 -9999.0 -9999.0 -9999.0 -9999.0 -9999.0 -9999.0 -9999.0 -9999.0 -9999.0 -9999.0 -9999.0 -9999.0 -9999.0 -9999.0 -9999.0 -9999.0 -9999.0 -9999.0 -9999.0 -9999.0 -9999.0 -9999.0 -9999.0 -9999.0 -9999.0 -9999.0
-9999.0 -9999.0 -9999.0 -9999.0 -9999.0 -9999.0 -9999.0 -9999.0 -9999.0 -9999.0 -9999.0 -9999.0 -9999.0 -9999.0 -9999.0 -9999.0 -9999.0 -9999.0 -9999.0 -9999.0 -9999.0 -9999.0 -9999.0 -9999.0 -9999.0 -9999.0 -9999.0 -9999.0 -9999.0 -9999.0 -9999.0 -9999.0 -9999.0 -9999.0 -9999.0 -9999.0 -9999.0 -9999.0 -9999.0 -9999.0 -9999.0 -9999.0 -9999.0 -9999.0 -9999.0 -9999.0 -9999.0 -9999.0 -9999.0 -9999.0 -9999.0 -9999.0 -9999.0 -9999.0 -9999.0 -9999.0 -9999.0 -9999.0 -9999.0 -9999.0 -9999.0 -9999.0 -9999.0 -9999.0 -9999.0 -9999.0 -9999.0 -9999.0 -9999.0 -9999.0 -9999.0 -9999.0 -9999.0 -9999.0 -9999.0 -9999.0 -9999.0 -9999.0 -9999.0 -9999.0
-9999.0 -9999.0 -9999.0 -9999.0 -9999.0 -9999.0 -9999.0 -9999.0 -9999.0 -9999.0 -9999.0 -9999.0 -9999.0 -9999.0 -9999.0 -9999.0 -9999.0 -9999.0 -9999.0 -9999.0 0.185029 0.185766 0.183920 0.181789 0.180062 0.179900 0.181863 0.184255 0.187019 0.187651 0.185571 0.186005 0.185223 0.184840 0.184860 0.185436 0.185704 0.186612 0.187221 0.187012 0.186359 0.185869 0.185487 0.185669 0.186358 0.185397 0.186846 0.188352 0.188930 0.188808 0.186647 0.185704 0.185336 0.183775 0.186622 0.187595 0.189920 0.190215 0.190537 0.187910 0.185368 -9999.0 -9999.0 -9999.0 -9999.0 -9999.0 -9999.0 -9999.0 -9999.0 -9999.0 -9999.0 -9999.0 -9999.0 -9999.0 -9999.0 -9999.0 -9999.0 -9999.0 -9999.0 -9999.0
-9999.0 -9999.0 -9999.0 -9999.0 -9999.0 -9999.0 -9999.0 -9999.0 -9999.0 -9999.0 -9999.0 -9999.0 -9999.0 -9999.0 0.181173 0.180275 0.179872 0.179710 0.181472 0.182949 0.183162 0.182215 0.182886 0.180968 0.179323 0.180326 0.181896 0.183344 0.185608 0.187324 0.185831 0.185468 0.186329 0.189298 0.190741 0.190172 0.186883 0.190005 0.191795 0.192973 0.192823 0.191292 0.193545 0.196202 0.194914 0.192125 0.192644 0.194240 0.196854 0.195197 0.186635 0.185504 0.185811 0.185838 0.184719 0.183969 0.186874 0.186571 0.186022 0.185272 0.183355 0.180525 0.179334 0.182132 0.184917 0.190513 -9999.0 -9999.0 -9999.0 -9999.0 -9999.0 -9999.0 -9999.0 -9999.0 -9999.0 -9999.0 -9999.0 -9999.0 -9999.0 -9999.0
-9999.0 -9999.0 -9999.0 -9999.0 -9999.0 -9999.0 -9999.0 -9999.0 -9999.0 0.179401 0.179202 0.179468 0.178950 0.179760 0.178578 0.178898 0.178754 0.179956 0.181074 0.182893 0.185183 0.183636 0.183451 0.184621 0.184873 0.185483 0.186711 0.190775 0.195793 0.203496 0.197307 0.197041 0.200610 0.213938 0.228025 0.232974 0.224877 0.224989 0.235329 0.249286 0.250758 0.249861 0.266271 0.276424 0.282690 0.267986 0.251894 0.249371 0.266878 0.236088 0.213643 0.199146 0.199714 0.194716 0.189466 0.187468 0.186875 0.190262 0.188827 0.185490 0.182823 0.183345 0.181976 0.183342 0.184508 0.188798 0.192873 0.196849 0.197044 0.194541 -9999.0 -9999.0 -9999.0 -9999.0 -9999.0 -9999.0 -9999.0 -9999.0 -9999.0 -9999.0
-9999.0 -9999.0 -9999.0 -9999.0 -9999.0 -9999.0 0.177559 0.177502 0.178042 0.176653 0.177781 0.177130 0.177993 0.178451 0.179092 0.179258 0.180807 0.182292 0.184798 0.188205 0.191419 0.190021 0.190914 0.195638 0.204999 0.214297 0.220974 0.234815 0.286813 0.324249 0.335469 0.339707 0.343978 0.354708 0.364726 0.366425 0.364541 0.362566 0.365040 0.368270 0.369841 0.369854 0.369886 0.369914 0.369976 0.369968 0.368559 0.366879 0.365934 0.364791 0.357065 0.341602 0.313655 0.272340 0.227443 0.209332 0.206823 0.209599 0.202712 0.194229 0.189345 0.189102 0.188097 0.186507 0.187251 0.189072 0.191845 0.193561 0.192204 0.190295 0.188732 0.185964 0.186352 0.189018 -9999.0 -9999.0 -9999.0 -9999.0 -9999.0 -9999.0
-9999.0 -9999.0 -9999.0 -9999.0 0.175182 0.175872 0.173896 0.175066 0.176045 0.176848 0.177039 0.178445 0.178983 0.180090 0.182362 0.184346 0.187755 0.190584 0.198141 0.214574 0.233760 0.248349 0.260374 0.314055 0.345730 0.357935 0.361220 0.364960 0.368428 0.369983 0.369997 0.369998 0.370000 0.370000 0.370000 0.370000 0.370000 0.370000 0.370000 0.370000 0.370000 0.370000 0.370000 0.370000 0.370000 0.370000 0.370000 0.370000 0.370000 0.370000 0.370000 0.369994 0.369362 0.368142 0.366555 0.361406 0.345714 0.335023 0.294394 0.251785 0.220239 0.211429 0.203454 0.199265 0.194340 0.195075 0.196262 0.193760 0.190507 0.187509 0.186945 0.185631 0.184378 0.187696 0.189070 0.192907 -9999.0 -9999.0 -9999.0 -9999.0
-9999.0 -9999.0 0.174885 0.175094 0.177078 0.176028 0.175387 0.174483 0.174993 0.176998 0.180957 0.183061 0.186123 0.187996 0.195223 0.214457 0.245257 0.278534 0.327165 0.350976 0.362832 0.367214 0.369625 0.369951 0.369996 0.369999 0.370000 0.370000 0.370000 0.370000 0.370000 0.370000 0.370000 0.370000 0.370000 0.370000 0.370000 0.370000 0.370000 0.370000 0.370000 0.370000 0.370000 0.370000 0.370000 0.370000 0.370000 0.370000 0.370000 0.370000 0.370000 0.370000 0.370000 0.370000 0.370000 0.370000 0.369989 0.369420 0.368688 0.366407 0.354183 0.339194 0.308818 0.262875 0.229997 0.217307 0.205968 0.199312 0.193505 0.188497 0.186865 0.185843 0.186349 0.186000 0.187807 0.189289 0.191352 0.192202 -9999.0 -9999.0
-9999.0 0.174137 0.173706 0.177265 0.178247 0.179228 0.180483 0.181574 0.182749 0.181713 0.193175 0.218911 0.254551 0.273774 0.320565 0.358122 0.369784 0.369946 0.369985 0.369991 0.370000 0.370000 0.370000 0.370000 0.370000 0.370000 0.370000 0.370000 0.370000 0.370000 0.370000 0.370000 0.370000 0.370000 0.370000 0.370000 0.370000 0.370000 0.370000 0.370000 0.370000 0.370000 0.370000 0.370000 0.370000 0.370000 0.370000 0.370000 0.370000 0.370000 0.370000 0.370000 0.370000 0.370000 0.370000 0.370000 0.370000 0.370000 0.370000 0.370000 0.369932 0.369236 0.366901 0.358393 0.341731 0.304395 0.252393 0.223827 0.206424 0.200222 0.196433 0.189596 0.187722 0.188913 0.188036 0.187920 0.188740 0.189410 -9999.0 -9999.0
-9999.0 0.171124 0.174205 0.178334 0.184057 0.185745 0.205142 0.227179 0.237979 0.225636 0.299441 0.369815 0.369990 0.369992 0.370000 0.370000 0.370000 0.370000 0.370000 0.370000 0.370000 0.370000 0.370000 0.370000 0.370000 0.370000 0.370000 0.370000 0.370000 0.370000 0.370000 0.370000 0.370000 0.370000 0.369996 0.369985 0.369846 0.369566 0.368734 0.367534 0.366744 0.368034 0.367395 0.365926 0.365563 0.367464 0.368918 0.368680 0.368785 0.369355 0.369873 0.369999 0.370000 0.370000 0.370000 0.370000 0.370000 0.370000 0.370000 0.370000 0.370000 0.370000 0.370000 0.369871 0.368458 0.360732 0.347589 0.330830 0.288191 0.251620 0.226679 0.209278 0.198091 0.195351 0.190374 0.189252 -9999.0 -9999.0 -9999.0 -9999.0
-9999.0 0.170893 0.173988 0.181787 0.204027 0.244721 0.344346 0.368226 0.369998 0.369984 0.370000 0.370000 0.370000 0.370000 0.370000 0.370000 0.370000 0.370000 0.370000 0.370000 0.370000 0.370000 0.370000 0.370000 0.370000 0.370000 0.370000 0.370000 0.369978 0.369872 0.369631 0.369404 0.368521 0.360234 0.351863 0.344452 0.318297 0.307446 0.295028 0.270293 0.257345 0.249435 0.259695 0.257450 0.256757 0.263489 0.280605 0.294609 0.325406 0.341188 0.352794 0.363169 0.366714 0.368905 0.369806 0.370000 0.370000 0.370000 0.370000 0.370000 0.370000 0.370000 0.370000 0.370000 0.370000 0.369834 0.368941 0.363881 0.353202 0.341281 0.329419 0.299319 0.246237 0.211619 0.203739 -9999.0 -9999.0 -9999.0 -9999.0 -9999.0
-9999.0 0.166847 0.173925 0.180440 0.219581 0.349828 0.366576 0.370000 0.370000 0.370000 0.369980 0.370000 0.370000 0.370000 0.370000 0.370000 0.370000 0.370000 0.370000 0.369999 0.369932 0.369850 0.369842 0.369756 0.369498 0.369125 0.368700 0.367751 0.362544 0.353789 0.333921 0.319621 0.264445 0.227450 0.213030 0.202320 0.193180 0.193266 0.195944 0.193419 0.190734 0.188130 0.191342 0.192945 0.194412 0.192701 0.193386 0.198214 0.206924 0.217299 0.236052 0.270804 0.309333 0.339615 0.350009 0.362000 0.367048 0.369137 0.369945 0.370000 0.370000 0.370000 0.370000 0.370000 0.370000 0.370000 0.370000 0.369836 0.366539 0.361431 0.358530 0.353888 0.341433 -9999.0 -9999.0 -9999.0 -9999.0 -9999.0 -9999.0 -9999.0
-9999.0 0.164616 0.171947 0.173623 0.185093 0.215216 0.290292 0.350699 0.369505 0.361893 0.359551 0.363840 0.366825 0.368113 0.366634 0.362958 0.359002 0.359627 0.359767 0.354723 0.346822 0.342832 0.342628 0.339741 0.326001 0.313168 0.303459 0.284274 0.255864 0.228669 0.204451 0.194110 0.187383 0.184944 0.183219 0.181482 0.178611 0.180057 0.181265 0.180941 0.180023 0.179383 0.181529 0.182397 0.183112 0.181250 0.182655 0.184123 0.187311 0.190807 0.195977 0.204029 0.215411 0.225138 0.232975 0.251029 0.285772 0.331443 0.356736 0.368309 0.369834 0.369999 0.370000 0.370000 0.370000 0.370000 0.370000 0.370000 0.368231 0.365813 0.365571 -9999.0 -9999.0 -9999.0 -9999.0 -9999.0 -9999.0 -9999.0 -9999.0 -9999.0
-9999.0 -9999.0 0.163159 0.166193 0.169019 0.172322 0.177312 0.184061 0.189928 0.197939 0.211186 0.229302 0.244308 0.252344 0.242040 0.224654 0.216200 0.216644 0.214484 0.210468 0.204008 0.201789 0.200257 0.199019 0.196419 0.195297 0.194775 0.193694 0.191457 0.186956 0.183142 0.180544 0.177922 0.177809 0.177322 0.176457 0.177021 0.176867 0.177108 0.177007 0.177201 0.177605 0.178156 0.178879 0.178980 0.179190 0.179504 0.180357 0.181695 0.183543 0.187017 0.192201 0.196437 0.197576 0.195558 0.196275 0.199484 0.207858 0.240042 0.309929 0.349605 0.363869 0.368867 0.369733 0.369848 0.369945 0.370000 0.369754 0.357950 0.360100 -9999.0 -9999.0 -9999.0 -9999.0 -9999.0 -9999.0 -9999.0 -9999.0 -9999.0 -9999.0
-9999.0 -9999.0 -9999.0 -9999.0 0.162003 0.166158 0.170038 0.169822 0.172911 0.175064 0.177274 0.179977 0.182296 0.183764 0.182118 0.181638 0.181217 0.181399 0.180999 0.180545 0.180283 0.179971 0.179642 0.179245 0.179359 0.179697 0.179765 0.179098 0.178956 0.177688 0.177372 0.176556 0.175783 0.174986 0.175075 0.174974 0.175273 0.174936 0.175459 0.175189 0.175615 0.175847 0.176411 0.177299 0.177089 0.177604 0.177688 0.178402 0.178871 0.180934 0.184329 0.188411 0.191322 0.191268 0.187847 0.186359 0.185629 0.187878 0.192111 0.201771 0.231136 0.279717 0.332158 0.348376 0.356056 0.363637 0.367472 0.367930 -9999.0 -9999.0 -9999.0 -9999.0 -9999.0 -9999.0 -9999.0 -9999.0 -9999.0 -9999.0 -9999.0 -9999.0
-9999.0 -9999.0 -9999.0 -9999.0 -9999.0 -9999.0 0.163687 0.165755 0.165238 0.166883 0.168422 0.169721 0.171649 0.171513 0.172055 0.173501 0.173277 0.172563 0.171695 0.172950 0.173500 0.173603 0.172181 0.172540 0.172685 0.173231 0.173176 0.173372 0.172155 0.173503 0.174131 0.173799 0.173477 0.173685 0.173366 0.174234 0.174337 0.173632 0.173444 0.174482 0.174815 0.174720 0.174992 0.175795 0.176928 0.177148 0.176709 0.176130 0.177408 0.180356 0.183930 0.187307 0.189603 0.190302 0.187339 0.183575 0.181758 0.181621 0.183323 0.186681 0.194729 0.201188 0.207243 0.214682 0.225102 0.286246 -9999.0 -9999.0 -9999.0 -9999.0 -9999.0 -9999.0 -9999.0 -9999.0 -9999.0 -9999.0 -9999.0 -9999.0 -9999.0 -9999.0
-9999.0 -9999.0 -9999.0 -9999.0 -9999.0 -9999.0 -9999.0 -9999.0 -9999.0 -9999.0 -9999.0 -9999.0 -9999.0 -9999.0 -9999.0 -9999.0 -9999.0 -9999.0 -9999.0 -9999.0 -9999.0 -9999.0 -9999.0 -9999.0 -9999.0 -9999.0 -9999.0 -9999.0 -9999.0 -9999.0 -9999.0 -9999.0 -9999.0 -9999.0 -9999.0 -9999.0 -9999.0 -9999.0 -9999.0 -9999.0 -9999.0 -9999.0 -9999.0 -9999.0 -9999.0 -9999.0 -9999.0 -9999.0 -9999.0 -9999.0 -9999.0 -9999.0 -9999.0 -9999.0 -9999.0 -9999.0 -9999.0 -9999.0 -9999.0 -9999.0 -9999.0 -9999.0 -9999.0 -9999.0 -9999.0 -9999.0 -9999.0 -9999.0 -9999.0 -9999.0 -9999.0 -9999.0 -9999.0 -9999.0 -9999.0 -9999.0 -9999.0 -9999.0 -9999.0 -9999.0
-9999.0 -9999.0 -9999.0 -9999.0 -9999.0 -9999.0 -9999.0 -9999.0 -9999.0 -9999.0 -9999.0 -9999.0 -9999.0 -9999.0 -9999.0 -9999.0 -9999.0 -9999.0 -9999.0 -9999.0 -9999.0 -9999.0 -9999.0 -9999.0 -9999.0 -9999.0 -9999.0 -9999.0 -9999.0 -9999.0 -9999.0 -9999.0 -9999.0 -9999.0 -9999.0 -9999.0 -9999.0 -9999.0 -9999.0 -9999.0 -9999.0 -9999.0 -9999.0 -9999.0 -9999.0 -9999.0 -9999.0 -9999.0 -9999.0 -9999.0 -9999.0 -9999.0 -9999.0 -9999.0 -9999.0 -9999.0 -9999.0 -9999.0 -9999.0 -9999.0 -9999.0 -9999.0 -9999.0 -9999.0 -9999.0 -9999.0 -9999.0 -9999.0 -9999.0 -9999.0 -9999.0 -9999.0 -9999.0 -9999.0 -9999.0 -9999.0 -9999.0 -9999.0 -9999.0 -9999.0