Borden_/Borden1m_014/output_maps/thetaliqL0007N0003.asc
ncols         80
nrows         18
xllcorner     620200.000000
yllcorner     5168000.000000
cellsize      1.000000
NODATA_value  -9999.0
-9999.0 -9999.0 -9999.0 -9999.0 -9999.0 -9999.0 -9999.0 -9999.0 -9999.0 -9999.0 -9999.0 -9999.0 -9999.0 -9999.0 -9999.0 -9999.0 -9999.0 -9999.0 -9999.0 -9999.0 -9999.0 -9999.0 -9999.0 -9999.0 -9999.0 -9999.0 -9999.0 -9999.0 -9999.0 -9999.0 -9999.0 -9999.0 -9999.0 -9999.0 -9999.0 -9999.0 -9999.0 -9999.0 -9999.0 -9999.0 -9999.0 -9999.0 -9999.0 -9999.0 -9999.0 -9999.0 -9999.0 -9999.0 -9999.0 -9999.0 -9999.0 -9999.0 -9999.0 -9999.0 -9999.0 -9999.0 -9999.0 -9999.0 -9999.0 -9999.0 -9999.0 -9999.0 -9999.0 -9999.0 -9999.0 -9999.0 -9999.0 -9999.0 -9999.0 -9999.0 -9999.0 -9999.0 -9999.0 -9999.0 -9999.0 -9999.0 -9999.0 -9999.0 -9999.0 -9999.0
-9999.0 -9999.0 -9999.0 -9999.0 -9999.0 -9999.0 -9999.0 -9999.0 -9999.0 -9999.0 -9999.0 -9999.0 -9999.0 -9999.0 -9999.0 -9999.0 -9999.0 -9999.0 -9999.0 -9999.0 -9999.0 -9999.0 -9999.0 -9999.0 -9999.0 -9999.0 -9999.0 -9999.0 -9999.0 -9999.0 -9999.0 -9999.0 -9999.0 -9999.0 -9999.0 -9999.0 -9999.0 -9999.0 -9999.0 -9999.0 -9999.0 -9999.0 -9999.0 -9999.0 -9999.0 -9999.0 -9999.0 -9999.0 -9999.0 -9999.0 -9999.0 -9999.0 -9999.0 -9999.0 -9999.0 -9999.0 -9999.0 -9999.0 -9999.0 -9999.0 -9999.0 -9999.0 -9999.0 -9999.0 -9999.0 -9999.0 -9999.0 -9999.0 -9999.0 -9999.0 -9999.0 -9999.0 -9999.0 -9999.0 -9999.0 -9999.0 -9999.0 -9999.0 -9999.0 -9999.0
-9999.0 -9999.0 -9999.0 -9999.0 -9999.0 -9999.0 -9999.0 -9999.0 -9999.0 -9999.0 -9999.0 -9999.0 -9999.0 -9999.0 -9999.0 -9999.0 -9999.0 -9999.0 -9999.0 -9999.0 0.279143 0.281439 0.263257 0.235581 0.213043 0.214083 0.241171 0.273496 0.301052 0.307866 0.295115 0.295743 0.291676 0.291372 0.293361 0.297371 0.298990 0.306764 0.312134 0.311865 0.307776 0.303825 0.302695 0.305061 0.308349 0.302724 0.311690 0.321121 0.324956 0.322390 0.305866 0.295293 0.289913 0.279577 0.298175 0.307272 0.321914 0.324682 0.324359 0.308148 0.287058 -9999.0 -9999.0 -9999.0 -9999.0 -9999.0 -9999.0 -9999.0 -9999.0 -9999.0 -9999.0 -9999.0 -9999.0 -9999.0 -9999.0 -9999.0 -9999.0 -9999.0 -9999.0 -9999.0
-9999.0 -9999.0 -9999.0 -9999.0 -9999.0 -9999.0 -9999.0 -9999.0 -9999.0 -9999.0 -9999.0 -9999.0 -9999.0 -9999.0 0.208692 0.200887 0.198345 0.204162 0.229654 0.253273 0.263303 0.256845 0.256391 0.236983 0.220652 0.231193 0.253979 0.278048 0.302312 0.315197 0.306623 0.304423 0.311052 0.327051 0.334197 0.332688 0.321210 0.333036 0.340198 0.343874 0.343373 0.339769 0.345466 0.350867 0.348751 0.342465 0.343820 0.348073 0.352726 0.348362 0.318898 0.306204 0.304963 0.301246 0.292621 0.288364 0.306381 0.307603 0.302589 0.290366 0.266063 0.231023 0.217541 0.248469 0.284208 0.323548 -9999.0 -9999.0 -9999.0 -9999.0 -9999.0 -9999.0 -9999.0 -9999.0 -9999.0 -9999.0 -9999.0 -9999.0 -9999.0 -9999.0
-9999.0 -9999.0 -9999.0 -9999.0 -9999.0 -9999.0 -9999.0 -9999.0 -9999.0 0.170862 0.172761 0.176877 0.177614 0.187526 0.186148 0.190451 0.195621 0.214103 0.237773 0.265278 0.287110 0.278801 0.278376 0.287132 0.291816 0.300317 0.313213 0.334673 0.350414 0.360252 0.353711 0.352998 0.357661 0.365376 0.368131 0.368532 0.367616 0.367773 0.368840 0.369431 0.369406 0.369363 0.369702 0.369822 0.369890 0.369772 0.369512 0.369465 0.369772 0.368919 0.364926 0.355756 0.356324 0.347777 0.331000 0.319238 0.317994 0.330866 0.323357 0.300425 0.274032 0.267501 0.255014 0.268593 0.286817 0.319339 0.339375 0.350298 0.350660 0.344951 -9999.0 -9999.0 -9999.0 -9999.0 -9999.0 -9999.0 -9999.0 -9999.0 -9999.0 -9999.0
-9999.0 -9999.0 -9999.0 -9999.0 -9999.0 -9999.0 0.132248 0.135588 0.143955 0.146422 0.158390 0.162207 0.173868 0.185841 0.199362 0.211227 0.234526 0.259579 0.290753 0.319323 0.335655 0.333069 0.337123 0.349657 0.360236 0.364870 0.366927 0.368797 0.369905 0.369993 0.369998 0.369999 0.369999 0.370000 0.370000 0.370000 0.370000 0.370000 0.370000 0.370000 0.370000 0.370000 0.370000 0.370000 0.370000 0.370000 0.370000 0.370000 0.370000 0.370000 0.370000 0.369999 0.369977 0.369804 0.367939 0.362437 0.362373 0.364557 0.360300 0.346930 0.329288 0.324442 0.316841 0.308652 0.312885 0.325146 0.337513 0.342847 0.338170 0.328760 0.316021 0.297281 0.298867 0.316076 -9999.0 -9999.0 -9999.0 -9999.0 -9999.0 -9999.0
-9999.0 -9999.0 -9999.0 -9999.0 0.115567 0.119136 0.115558 0.122606 0.134055 0.148373 0.165113 0.187884 0.206189 0.227895 0.260293 0.288867 0.317062 0.334595 0.353980 0.365662 0.368769 0.369406 0.369610 0.369967 0.370000 0.370000 0.370000 0.370000 0.370000 0.370000 0.370000 0.370000 0.370000 0.370000 0.370000 0.370000 0.370000 0.370000 0.370000 0.370000 0.370000 0.370000 0.370000 0.370000 0.370000 0.370000 0.370000 0.370000 0.370000 0.370000 0.370000 0.370000 0.370000 0.370000 0.370000 0.370000 0.370000 0.369998 0.369932 0.369515 0.367151 0.365091 0.361029 0.356287 0.348215 0.349162 0.350742 0.344717 0.332313 0.315348 0.306479 0.294123 0.287294 0.308926 0.320331 0.336821 -9999.0 -9999.0 -9999.0 -9999.0
-9999.0 -9999.0 0.101728 0.113487 0.131650 0.134762 0.135449 0.137054 0.148666 0.176006 0.231729 0.272315 0.304027 0.321640 0.347823 0.365043 0.369172 0.369824 0.369991 0.370000 0.370000 0.370000 0.370000 0.370000 0.370000 0.370000 0.370000 0.370000 0.370000 0.370000 0.370000 0.370000 0.370000 0.370000 0.370000 0.370000 0.370000 0.370000 0.370000 0.370000 0.370000 0.370000 0.370000 0.370000 0.370000 0.370000 0.370000 0.370000 0.370000 0.370000 0.370000 0.370000 0.370000 0.370000 0.370000 0.370000 0.370000 0.370000 0.370000 0.370000 0.370000 0.369999 0.369967 0.369752 0.368834 0.367532 0.363642 0.357213 0.344853 0.325246 0.312525 0.301248 0.300628 0.301884 0.313122 0.322990 0.331553 0.335484 -9999.0 -9999.0
-9999.0 0.087184 0.097062 0.130574 0.168177 0.196562 0.226145 0.248092 0.265565 0.274765 0.339806 0.364979 0.369566 0.369842 0.369984 0.370000 0.370000 0.370000 0.370000 0.370000 0.370000 0.370000 0.370000 0.370000 0.370000 0.370000 0.370000 0.370000 0.370000 0.370000 0.370000 0.370000 0.370000 0.370000 0.370000 0.370000 0.370000 0.370000 0.370000 0.370000 0.370000 0.370000 0.370000 0.370000 0.370000 0.370000 0.370000 0.370000 0.370000 0.370000 0.370000 0.370000 0.370000 0.370000 0.370000 0.370000 0.370000 0.370000 0.370000 0.370000 0.370000 0.370000 0.370000 0.370000 0.370000 0.369962 0.369661 0.368415 0.363837 0.358086 0.350977 0.331123 0.319439 0.321440 0.316636 0.315664 0.320117 0.324016 -9999.0 -9999.0
-9999.0 0.081069 0.097284 0.157846 0.261230 0.304962 0.356243 0.367395 0.368749 0.367664 0.369910 0.370000 0.370000 0.370000 0.370000 0.370000 0.370000 0.370000 0.370000 0.370000 0.370000 0.370000 0.370000 0.370000 0.370000 0.370000 0.370000 0.370000 0.370000 0.370000 0.370000 0.370000 0.370000 0.370000 0.370000 0.370000 0.370000 0.370000 0.370000 0.370000 0.370000 0.370000 0.370000 0.370000 0.370000 0.370000 0.370000 0.370000 0.370000 0.370000 0.370000 0.370000 0.370000 0.370000 0.370000 0.370000 0.370000 0.370000 0.370000 0.370000 0.370000 0.370000 0.370000 0.370000 0.370000 0.370000 0.370000 0.369998 0.369924 0.369631 0.368572 0.364782 0.355408 0.348579 0.333353 0.322749 -9999.0 -9999.0 -9999.0 -9999.0
-9999.0 0.077348 0.094949 0.199925 0.356685 0.369049 0.370000 0.370000 0.370000 0.370000 0.370000 0.370000 0.370000 0.370000 0.370000 0.370000 0.370000 0.370000 0.370000 0.370000 0.370000 0.370000 0.370000 0.370000 0.370000 0.370000 0.370000 0.370000 0.370000 0.370000 0.370000 0.370000 0.370000 0.370000 0.370000 0.370000 0.369986 0.369977 0.369942 0.369792 0.369615 0.369418 0.369657 0.369632 0.369626 0.369713 0.369867 0.369928 0.369990 0.370000 0.370000 0.370000 0.370000 0.370000 0.370000 0.370000 0.370000 0.370000 0.370000 0.370000 0.370000 0.370000 0.370000 0.370000 0.370000 0.370000 0.370000 0.370000 0.370000 0.370000 0.369999 0.369956 0.369496 0.365847 0.360925 -9999.0 -9999.0 -9999.0 -9999.0 -9999.0
-9999.0 0.072315 0.085765 0.171716 0.363059 0.370000 0.370000 0.370000 0.370000 0.370000 0.370000 0.370000 0.370000 0.370000 0.370000 0.370000 0.370000 0.370000 0.370000 0.370000 0.370000 0.370000 0.370000 0.370000 0.370000 0.370000 0.370000 0.370000 0.370000 0.370000 0.369998 0.369991 0.369711 0.368003 0.364493 0.356876 0.341388 0.340985 0.346951 0.340838 0.331078 0.321181 0.334189 0.340638 0.344654 0.340751 0.343839 0.354259 0.363145 0.367055 0.369107 0.369822 0.369968 0.369999 0.370000 0.370000 0.370000 0.370000 0.370000 0.370000 0.370000 0.370000 0.370000 0.370000 0.370000 0.370000 0.370000 0.370000 0.370000 0.370000 0.370000 0.370000 0.370000 -9999.0 -9999.0 -9999.0 -9999.0 -9999.0 -9999.0 -9999.0
-9999.0 0.070095 0.075212 0.096619 0.233351 0.360014 0.369817 0.370000 0.370000 0.370000 0.370000 0.370000 0.370000 0.370000 0.370000 0.370000 0.370000 0.370000 0.370000 0.370000 0.370000 0.370000 0.370000 0.370000 0.369994 0.369979 0.369958 0.369888 0.369613 0.368296 0.360325 0.342644 0.312765 0.289512 0.267376 0.241748 0.211677 0.220145 0.232045 0.228368 0.218521 0.214801 0.237852 0.252216 0.260006 0.248836 0.262976 0.283231 0.311530 0.333481 0.350784 0.361971 0.367126 0.368524 0.368990 0.369552 0.369889 0.369994 0.370000 0.370000 0.370000 0.370000 0.370000 0.370000 0.370000 0.370000 0.370000 0.370000 0.370000 0.370000 0.370000 -9999.0 -9999.0 -9999.0 -9999.0 -9999.0 -9999.0 -9999.0 -9999.0 -9999.0
-9999.0 -9999.0 0.070064 0.073744 0.081677 0.107228 0.161961 0.229144 0.280477 0.332243 0.359695 0.367618 0.369106 0.369429 0.369003 0.367157 0.364886 0.364956 0.363985 0.362070 0.357637 0.355682 0.353567 0.351632 0.347534 0.345114 0.343447 0.339507 0.329673 0.302694 0.263872 0.223356 0.184532 0.169354 0.157274 0.145957 0.144213 0.143710 0.147090 0.147643 0.150057 0.155893 0.167446 0.180349 0.186313 0.190608 0.199136 0.216219 0.241643 0.273187 0.309676 0.338568 0.351416 0.354030 0.350724 0.351848 0.356857 0.363873 0.369179 0.369964 0.370000 0.370000 0.370000 0.370000 0.370000 0.370000 0.370000 0.370000 0.370000 0.370000 -9999.0 -9999.0 -9999.0 -9999.0 -9999.0 -9999.0 -9999.0 -9999.0 -9999.0 -9999.0
-9999.0 -9999.0 -9999.0 -9999.0 0.070725 0.074199 0.078037 0.083503 0.097965 0.123441 0.161964 0.208830 0.246571 0.263872 0.253585 0.247524 0.240595 0.238318 0.232012 0.227298 0.222646 0.217025 0.209410 0.204130 0.203623 0.206181 0.205071 0.196213 0.186123 0.168843 0.155389 0.138805 0.124583 0.115519 0.112012 0.110194 0.110323 0.109056 0.111540 0.113166 0.117379 0.122233 0.130778 0.142466 0.148145 0.155140 0.160223 0.172144 0.191183 0.229779 0.278270 0.316121 0.333347 0.333934 0.318549 0.307076 0.303228 0.319008 0.340635 0.359542 0.368782 0.369866 0.369995 0.370000 0.370000 0.370000 0.370000 0.370000 -9999.0 -9999.0 -9999.0 -9999.0 -9999.0 -9999.0 -9999.0 -9999.0 -9999.0 -9999.0 -9999.0 -9999.0
-9999.0 -9999.0 -9999.0 -9999.0 -9999.0 -9999.0 0.069974 0.071275 0.073192 0.077511 0.084946 0.095851 0.110366 0.116522 0.121136 0.128388 0.126543 0.121022 0.116237 0.121150 0.124024 0.122566 0.114518 0.114106 0.115031 0.117860 0.117630 0.115951 0.109433 0.111356 0.110924 0.105494 0.100202 0.097617 0.095731 0.097418 0.097599 0.095576 0.096044 0.100622 0.104617 0.107684 0.113469 0.123555 0.135427 0.141368 0.141648 0.144354 0.165932 0.212773 0.267405 0.305694 0.323441 0.326377 0.307874 0.276427 0.257205 0.259993 0.283864 0.317056 0.349495 0.360177 0.364219 0.366261 0.368033 0.369906 -9999.0 -9999.0 -9999.0 -9999.0 -9999.0 -9999.0 -9999.0 -9999.0 -9999.0 -9999.0 -9999.0 -9999.0 -9999.0 -9999.0
-9999.0 -9999.0 -9999.0 -9999.0 -9999.0 -9999.0 -9999.0 -9999.0 -9999.0 -9999.0 -9999.0 -9999.0 -9999.0 -9999.0 -9999.0 -9999.0 -9999.0 -9999.0 -9999.0 -9999.0 -9999.0 -9999.0 -9999.0 -9999.0 -9999.0 -9999.0 -9999.0 -9999.0 -9999.0 -9999.0 -9999.0 -9999.0 -9999.0 -9999.0 -9999.0 -9999.0 -9999.0 -9999.0 -9999.0 -9999.0 -9999.0 -9999.0 -9999.0 -9999.0 -9999.0 -9999.0 -9999.0 -9999.0 -9999.0 -9999.0 -9999.0 -9999.0 -9999.0 -9999.0 -9999.0 -9999.0 -9999.0 -9999.0 -9999.0 -9999.0 -9999.0 -9999.0 -9999.0 -9999.0 -9999.0 -9999.0 -9999.0 -9999.0 -9999.0 -9999.0 -9999.0 -9999.0 -9999.0 -9999.0 -9999.0 -9999.0 -9999.0 -9999.0 -9999.0 -9999.0
-9999.0 -9999.0 -9999.0 -9999.0 -9999.0 -9999.0 -9999.0 -9999.0 -9999.0 -9999.0 -9999.0 -9999.0 -9999.0 -9999.0 -9999.0 -9999.0 -9999.0 -9999.0 -9999.0 -9999.0 -9999.0 -9999.0 -9999.0 -9999.0 -9999.0 -9999.0 -9999.0 -9999.0 -9999.0 -9999.0 -9999.0 -9999.0 -9999.0 -9999.0 -9999.0 -9999.0 -9999.0 -9999.0 -9999.0 -9999.0 -9999.0 -9999.0 -9999.0 -9999.0 -9999.0 -9999.0 -9999.0 -9999.0 -9999.0 -9999.0 -9999.0 -9999.0 -9999.0 -9999.0 -9999.0 -9999.0 -9999.0 -9999.0 -9999.0 -9999.0 -9999.0 -9999.0 -9999.0 -9999.0 -9999.0 -9999.0 -9999.0 -9999.0 -9999.0 -9999.0 -9999.0 -9999.0 -9999.0 -9999.0 -9999.0 -9999.0 -9999.0 -9999.0 -9999.0 -9999.0