Borden_/Borden1m_014/output_maps/thetaliqL0007N0017.asc
ncols         80
nrows         18
xllcorner     620200.000000
yllcorner     5168000.000000
cellsize      1.000000
NODATA_value  -9999.0
-9999.0 -9999.0 -9999.0 -9999.0 -9999.0 -9999.0 -9999.0 -9999.0 -9999.0 -9999.0 -9999.0 -9999.0 -9999.0 -9999.0 -9999.0 -9999.0 -9999.0 -9999.0 -9999.0 -9999.0 -9999.0 -9999.0 -9999.0 -9999.0 -9999.0 -9999.0 -9999.0 -9999.0 -9999.0 -9999.0 -9999.0 -9999.0 -9999.0 -9999.0 -9999.0 -9999.0 -9999.0 -9999.0 -9999.0 -9999.0 -9999.0 -9999.0 -9999.0 -9999.0 -9999.0 -9999.0 -9999.0 -9999.0 -9999.0 -9999.0 -9999.0 -9999.0 -9999.0 -9999.0 -9999.0 -9999.0 -9999.0 -9999.0 -9999.0 -9999.0 -9999.0 -9999.0 -9999.0 -9999.0 -9999.0 -9999.0 -9999.0 -9999.0 -9999.0 -9999.0 -9999.0 -9999.0 -9999.0 -9999.0 -9999.0 -9999.0 -9999.0 -9999.0 -9999.0 -9999.0
-9999.0 -9999.0 -9999.0 -9999.0 -9999.0 -9999.0 -9999.0 -9999.0 -9999.0 -9999.0 -9999.0 -9999.0 -9999.0 -9999.0 -9999.0 -9999.0 -9999.0 -9999.0 -9999.0 -9999.0 -9999.0 -9999.0 -9999.0 -9999.0 -9999.0 -9999.0 -9999.0 -9999.0 -9999.0 -9999.0 -9999.0 -9999.0 -9999.0 -9999.0 -9999.0 -9999.0 -9999.0 -9999.0 -9999.0 -9999.0 -9999.0 -9999.0 -9999.0 -9999.0 -9999.0 -9999.0 -9999.0 -9999.0 -9999.0 -9999.0 -9999.0 -9999.0 -9999.0 -9999.0 -9999.0 -9999.0 -9999.0 -9999.0 -9999.0 -9999.0 -9999.0 -9999.0 -9999.0 -9999.0 -9999.0 -9999.0 -9999.0 -9999.0 -9999.0 -9999.0 -9999.0 -9999.0 -9999.0 -9999.0 -9999.0 -9999.0 -9999.0 -9999.0 -9999.0 -9999.0
-9999.0 -9999.0 -9999.0 -9999.0 -9999.0 -9999.0 -9999.0 -9999.0 -9999.0 -9999.0 -9999.0 -9999.0 -9999.0 -9999.0 -9999.0 -9999.0 -9999.0 -9999.0 -9999.0 -9999.0 0.280043 0.282376 0.264153 0.236330 0.213656 0.214773 0.242231 0.274999 0.302849 0.309806 0.297151 0.297900 0.293992 0.293917 0.296142 0.300328 0.302050 0.309947 0.315413 0.315235 0.311210 0.307289 0.306219 0.308634 0.311900 0.306243 0.315145 0.324448 0.328138 0.325372 0.308589 0.297674 0.292017 0.281423 0.299930 0.308893 0.323369 0.325999 0.325554 0.309263 0.288053 -9999.0 -9999.0 -9999.0 -9999.0 -9999.0 -9999.0 -9999.0 -9999.0 -9999.0 -9999.0 -9999.0 -9999.0 -9999.0 -9999.0 -9999.0 -9999.0 -9999.0 -9999.0 -9999.0
-9999.0 -9999.0 -9999.0 -9999.0 -9999.0 -9999.0 -9999.0 -9999.0 -9999.0 -9999.0 -9999.0 -9999.0 -9999.0 -9999.0 0.209021 0.201201 0.198679 0.204579 0.230320 0.254205 0.264354 0.257920 0.257534 0.238042 0.221635 0.232444 0.255725 0.280327 0.305007 0.318115 0.309717 0.307720 0.314709 0.331150 0.338656 0.337503 0.326512 0.338051 0.345025 0.348596 0.348189 0.344919 0.350257 0.355132 0.353284 0.347535 0.348690 0.352496 0.356556 0.352289 0.323435 0.309952 0.308208 0.304089 0.295108 0.290560 0.308385 0.309421 0.304209 0.291763 0.267176 0.231786 0.218119 0.249198 0.285054 0.324380 -9999.0 -9999.0 -9999.0 -9999.0 -9999.0 -9999.0 -9999.0 -9999.0 -9999.0 -9999.0 -9999.0 -9999.0 -9999.0 -9999.0
-9999.0 -9999.0 -9999.0 -9999.0 -9999.0 -9999.0 -9999.0 -9999.0 -9999.0 0.170980 0.172898 0.177048 0.177813 0.187798 0.186432 0.190796 0.196057 0.214778 0.238824 0.266815 0.289041 0.280890 0.280689 0.289847 0.295113 0.304359 0.317848 0.339363 0.354544 0.363201 0.358144 0.357896 0.362438 0.368199 0.369517 0.369672 0.369384 0.369447 0.369783 0.369929 0.369924 0.369917 0.369979 0.369992 0.369996 0.369981 0.369945 0.369941 0.369988 0.369798 0.368095 0.361190 0.360378 0.352304 0.335887 0.323656 0.321758 0.333926 0.326103 0.302839 0.275930 0.269057 0.256246 0.269756 0.287935 0.320376 0.340243 0.350948 0.351218 0.345497 -9999.0 -9999.0 -9999.0 -9999.0 -9999.0 -9999.0 -9999.0 -9999.0 -9999.0 -9999.0
-9999.0 -9999.0 -9999.0 -9999.0 -9999.0 -9999.0 0.132271 0.135619 0.144010 0.146491 0.158512 0.162370 0.174126 0.186227 0.199939 0.212061 0.235862 0.261563 0.293570 0.322942 0.339668 0.337763 0.342178 0.354647 0.364712 0.368058 0.369094 0.369771 0.369999 0.370000 0.370000 0.370000 0.370000 0.370000 0.370000 0.370000 0.370000 0.370000 0.370000 0.370000 0.370000 0.370000 0.370000 0.370000 0.370000 0.370000 0.370000 0.370000 0.370000 0.370000 0.370000 0.370000 0.370000 0.369994 0.369516 0.367024 0.366373 0.367016 0.363274 0.351097 0.333490 0.327873 0.319670 0.310999 0.314799 0.326700 0.338724 0.343793 0.338984 0.329468 0.316623 0.297752 0.299247 0.316410 -9999.0 -9999.0 -9999.0 -9999.0 -9999.0 -9999.0
-9999.0 -9999.0 -9999.0 -9999.0 0.115573 0.119146 0.115568 0.122627 0.134105 0.148489 0.165363 0.188416 0.207087 0.229319 0.262625 0.292439 0.321675 0.339740 0.358646 0.368209 0.369721 0.369920 0.369971 0.370000 0.370000 0.370000 0.370000 0.370000 0.370000 0.370000 0.370000 0.370000 0.370000 0.370000 0.370000 0.370000 0.370000 0.370000 0.370000 0.370000 0.370000 0.370000 0.370000 0.370000 0.370000 0.370000 0.370000 0.370000 0.370000 0.370000 0.370000 0.370000 0.370000 0.370000 0.370000 0.370000 0.370000 0.370000 0.370000 0.369953 0.369164 0.367818 0.364127 0.359432 0.351306 0.351451 0.352439 0.346189 0.333589 0.316384 0.307277 0.294716 0.287737 0.309291 0.320623 0.337051 -9999.0 -9999.0 -9999.0 -9999.0
-9999.0 -9999.0 0.101728 0.113491 0.131671 0.134800 0.135508 0.137146 0.148859 0.176521 0.233411 0.275747 0.308675 0.326957 0.353010 0.367821 0.369843 0.369994 0.370000 0.370000 0.370000 0.370000 0.370000 0.370000 0.370000 0.370000 0.370000 0.370000 0.370000 0.370000 0.370000 0.370000 0.370000 0.370000 0.370000 0.370000 0.370000 0.370000 0.370000 0.370000 0.370000 0.370000 0.370000 0.370000 0.370000 0.370000 0.370000 0.370000 0.370000 0.370000 0.370000 0.370000 0.370000 0.370000 0.370000 0.370000 0.370000 0.370000 0.370000 0.370000 0.370000 0.370000 0.370000 0.369989 0.369706 0.368747 0.365463 0.359276 0.346920 0.327040 0.313874 0.302208 0.301311 0.302370 0.313472 0.323243 0.331730 0.335625 -9999.0 -9999.0
-9999.0 0.087184 0.097062 0.130590 0.168308 0.197011 0.227499 0.250699 0.269137 0.279265 0.345359 0.367758 0.369902 0.369986 0.370000 0.370000 0.370000 0.370000 0.370000 0.370000 0.370000 0.370000 0.370000 0.370000 0.370000 0.370000 0.370000 0.370000 0.370000 0.370000 0.370000 0.370000 0.370000 0.370000 0.370000 0.370000 0.370000 0.370000 0.370000 0.370000 0.370000 0.370000 0.370000 0.370000 0.370000 0.370000 0.370000 0.370000 0.370000 0.370000 0.370000 0.370000 0.370000 0.370000 0.370000 0.370000 0.370000 0.370000 0.370000 0.370000 0.370000 0.370000 0.370000 0.370000 0.370000 0.370000 0.369972 0.369436 0.365946 0.360488 0.353178 0.333011 0.320705 0.322214 0.317128 0.315980 0.320313 0.324165 -9999.0 -9999.0
-9999.0 0.081069 0.097284 0.157924 0.262269 0.308468 0.361378 0.368982 0.369551 0.369106 0.369999 0.370000 0.370000 0.370000 0.370000 0.370000 0.370000 0.370000 0.370000 0.370000 0.370000 0.370000 0.370000 0.370000 0.370000 0.370000 0.370000 0.370000 0.370000 0.370000 0.370000 0.370000 0.370000 0.370000 0.370000 0.370000 0.370000 0.370000 0.370000 0.370000 0.370000 0.370000 0.370000 0.370000 0.370000 0.370000 0.370000 0.370000 0.370000 0.370000 0.370000 0.370000 0.370000 0.370000 0.370000 0.370000 0.370000 0.370000 0.370000 0.370000 0.370000 0.370000 0.370000 0.370000 0.370000 0.370000 0.370000 0.370000 0.370000 0.369963 0.369541 0.366626 0.357532 0.349735 0.334091 0.323187 -9999.0 -9999.0 -9999.0 -9999.0
-9999.0 0.077348 0.094950 0.200264 0.358507 0.369809 0.370000 0.370000 0.370000 0.370000 0.370000 0.370000 0.370000 0.370000 0.370000 0.370000 0.370000 0.370000 0.370000 0.370000 0.370000 0.370000 0.370000 0.370000 0.370000 0.370000 0.370000 0.370000 0.370000 0.370000 0.370000 0.370000 0.370000 0.370000 0.370000 0.370000 0.370000 0.370000 0.370000 0.369991 0.369967 0.369928 0.369972 0.369970 0.369970 0.369983 0.369997 0.370000 0.370000 0.370000 0.370000 0.370000 0.370000 0.370000 0.370000 0.370000 0.370000 0.370000 0.370000 0.370000 0.370000 0.370000 0.370000 0.370000 0.370000 0.370000 0.370000 0.370000 0.370000 0.370000 0.370000 0.370000 0.369928 0.366747 0.361598 -9999.0 -9999.0 -9999.0 -9999.0 -9999.0
-9999.0 0.072315 0.085765 0.172070 0.365415 0.370000 0.370000 0.370000 0.370000 0.370000 0.370000 0.370000 0.370000 0.370000 0.370000 0.370000 0.370000 0.370000 0.370000 0.370000 0.370000 0.370000 0.370000 0.370000 0.370000 0.370000 0.370000 0.370000 0.370000 0.370000 0.370000 0.370000 0.369981 0.369488 0.367748 0.361833 0.347062 0.346177 0.351406 0.345568 0.336155 0.326498 0.339107 0.345250 0.349028 0.345558 0.348689 0.358323 0.365939 0.368910 0.369840 0.369996 0.370000 0.370000 0.370000 0.370000 0.370000 0.370000 0.370000 0.370000 0.370000 0.370000 0.370000 0.370000 0.370000 0.370000 0.370000 0.370000 0.370000 0.370000 0.370000 0.370000 0.370000 -9999.0 -9999.0 -9999.0 -9999.0 -9999.0 -9999.0 -9999.0
-9999.0 0.070095 0.075212 0.096622 0.234654 0.363869 0.369997 0.370000 0.370000 0.370000 0.370000 0.370000 0.370000 0.370000 0.370000 0.370000 0.370000 0.370000 0.370000 0.370000 0.370000 0.370000 0.370000 0.370000 0.370000 0.370000 0.370000 0.369998 0.369963 0.369521 0.364222 0.348205 0.318284 0.293973 0.270686 0.243997 0.213077 0.221585 0.233632 0.229836 0.219789 0.215993 0.239419 0.254031 0.261967 0.250712 0.265150 0.285860 0.314662 0.336949 0.354133 0.364380 0.368488 0.369528 0.369793 0.369960 0.369999 0.370000 0.370000 0.370000 0.370000 0.370000 0.370000 0.370000 0.370000 0.370000 0.370000 0.370000 0.370000 0.370000 0.370000 -9999.0 -9999.0 -9999.0 -9999.0 -9999.0 -9999.0 -9999.0 -9999.0 -9999.0
-9999.0 -9999.0 0.070064 0.073744 0.081678 0.107428 0.163076 0.234105 0.290585 0.343196 0.365295 0.369331 0.369838 0.369920 0.369817 0.369208 0.368260 0.368254 0.367750 0.366593 0.363256 0.360989 0.358795 0.356713 0.352624 0.350127 0.348342 0.344295 0.334319 0.306848 0.266693 0.224937 0.185251 0.169781 0.157534 0.146111 0.144341 0.143829 0.147221 0.147773 0.150196 0.156060 0.167683 0.180677 0.186696 0.191035 0.199663 0.216962 0.242768 0.274844 0.311865 0.340906 0.353677 0.356545 0.354060 0.355713 0.360761 0.366909 0.369878 0.370000 0.370000 0.370000 0.370000 0.370000 0.370000 0.370000 0.370000 0.370000 0.370000 0.370000 -9999.0 -9999.0 -9999.0 -9999.0 -9999.0 -9999.0 -9999.0 -9999.0 -9999.0 -9999.0
-9999.0 -9999.0 -9999.0 -9999.0 0.070725 0.074199 0.078037 0.083509 0.098001 0.123647 0.162837 0.211088 0.250288 0.268261 0.257722 0.251277 0.243906 0.241402 0.234747 0.229684 0.224671 0.218775 0.210910 0.205467 0.204884 0.207431 0.206237 0.197156 0.186820 0.169254 0.155623 0.138911 0.124625 0.115537 0.112024 0.110203 0.110332 0.109063 0.111549 0.113176 0.117393 0.122253 0.130812 0.142527 0.148226 0.155246 0.160355 0.172340 0.191515 0.230461 0.279465 0.317649 0.335027 0.335870 0.320940 0.309885 0.306600 0.323223 0.345655 0.363607 0.369741 0.369999 0.370000 0.370000 0.370000 0.370000 0.370000 0.370000 -9999.0 -9999.0 -9999.0 -9999.0 -9999.0 -9999.0 -9999.0 -9999.0 -9999.0 -9999.0 -9999.0 -9999.0
-9999.0 -9999.0 -9999.0 -9999.0 -9999.0 -9999.0 0.069974 0.071275 0.073192 0.077511 0.084947 0.095856 0.110395 0.116576 0.121208 0.128496 0.126637 0.121086 0.116280 0.121207 0.124091 0.122624 0.114549 0.114134 0.115061 0.117896 0.117664 0.115979 0.109447 0.111370 0.110936 0.105500 0.100204 0.097619 0.095732 0.097419 0.097601 0.095576 0.096044 0.100624 0.104620 0.107688 0.113476 0.123571 0.135461 0.141415 0.141698 0.144415 0.166071 0.213177 0.268244 0.306841 0.324754 0.327859 0.309600 0.278237 0.259086 0.262340 0.287260 0.321709 0.354125 0.364038 0.367560 0.369065 0.369719 0.370000 -9999.0 -9999.0 -9999.0 -9999.0 -9999.0 -9999.0 -9999.0 -9999.0 -9999.0 -9999.0 -9999.0 -9999.0 -9999.0 -9999.0
-9999.0 -9999.0 -9999.0 -9999.0 -9999.0 -9999.0 -9999.0 -9999.0 -9999.0 -9999.0 -9999.0 -9999.0 -9999.0 -9999.0 -9999.0 -9999.0 -9999.0 -9999.0 -9999.0 -9999.0 -9999.0 -9999.0 -9999.0 -9999.0 -9999.0 -9999.0 -9999.0 -9999.0 -9999.0 -9999.0 -9999.0 -9999.0 -9999.0 -9999.0 -9999.0 -9999.0 -9999.0 -9999.0 -9999.0 -9999.0 -9999.0 -9999.0 -9999.0 -9999.0 -9999.0 -9999.0 -9999.0 -9999.0 -9999.0 -9999.0 -9999.0 -9999.0 -9999.0 -9999.0 -9999.0 -9999.0 -9999.0 -9999.0 -9999.0 -9999.0 -9999.0 -9999.0 -9999.0 -9999.0 -9999.0 -9999.0 -9999.0 -9999.0 -9999.0 -9999.0 -9999.0 -9999.0 -9999.0 -9999.0 -9999.0 -9999.0 -9999.0 -9999.0 -9999.0 -9999.0
-9999.0 -9999.0 -9999.0 -9999.0 -9999.0 -9999.0 -9999.0 -9999.0 -9999.0 -9999.0 -9999.0 -9999.0 -9999.0 -9999.0 -9999.0 -9999.0 -9999.0 -9999.0 -9999.0 -9999.0 -9999.0 -9999.0 -9999.0 -9999.0 -9999.0 -9999.0 -9999.0 -9999.0 -9999.0 -9999.0 -9999.0 -9999.0 -9999.0 -9999.0 -9999.0 -9999.0 -9999.0 -9999.0 -9999.0 -9999.0 -9999.0 -9999.0 -9999.0 -9999.0 -9999.0 -9999.0 -9999.0 -9999.0 -9999.0 -9999.0 -9999.0 -9999.0 -9999.0 -9999.0 -9999.0 -9999.0 -9999.0 -9999.0 -9999.0 -9999.0 -9999.0 -9999.0 -9999.0 -9999.0 -9999.0 -9999.0 -9999.0 -9999.0 -9999.0 -9999.0 -9999.0 -9999.0 -9999.0 -9999.0 -9999.0 -9999.0 -9999.0 -9999.0 -9999.0 -9999.0