Borden_/Borden1m_014/output_maps/thetaliqL0005N0008.asc
ncols         80
nrows         18
xllcorner     620200.000000
yllcorner     5168000.000000
cellsize      1.000000
NODATA_value  -9999.0
-9999.0 -9999.0 -9999.0 -9999.0 -9999.0 -9999.0 -9999.0 -9999.0 -9999.0 -9999.0 -9999.0 -9999.0 -9999.0 -9999.0 -9999.0 -9999.0 -9999.0 -9999.0 -9999.0 -9999.0 -9999.0 -9999.0 -9999.0 -9999.0 -9999.0 -9999.0 -9999.0 -9999.0 -9999.0 -9999.0 -9999.0 -9999.0 -9999.0 -9999.0 -9999.0 -9999.0 -9999.0 -9999.0 -9999.0 -9999.0 -9999.0 -9999.0 -9999.0 -9999.0 -9999.0 -9999.0 -9999.0 -9999.0 -9999.0 -9999.0 -9999.0 -9999.0 -9999.0 -9999.0 -9999.0 -9999.0 -9999.0 -9999.0 -9999.0 -9999.0 -9999.0 -9999.0 -9999.0 -9999.0 -9999.0 -9999.0 -9999.0 -9999.0 -9999.0 -9999.0 -9999.0 -9999.0 -9999.0 -9999.0 -9999.0 -9999.0 -9999.0 -9999.0 -9999.0 -9999.0
-9999.0 -9999.0 -9999.0 -9999.0 -9999.0 -9999.0 -9999.0 -9999.0 -9999.0 -9999.0 -9999.0 -9999.0 -9999.0 -9999.0 -9999.0 -9999.0 -9999.0 -9999.0 -9999.0 -9999.0 -9999.0 -9999.0 -9999.0 -9999.0 -9999.0 -9999.0 -9999.0 -9999.0 -9999.0 -9999.0 -9999.0 -9999.0 -9999.0 -9999.0 -9999.0 -9999.0 -9999.0 -9999.0 -9999.0 -9999.0 -9999.0 -9999.0 -9999.0 -9999.0 -9999.0 -9999.0 -9999.0 -9999.0 -9999.0 -9999.0 -9999.0 -9999.0 -9999.0 -9999.0 -9999.0 -9999.0 -9999.0 -9999.0 -9999.0 -9999.0 -9999.0 -9999.0 -9999.0 -9999.0 -9999.0 -9999.0 -9999.0 -9999.0 -9999.0 -9999.0 -9999.0 -9999.0 -9999.0 -9999.0 -9999.0 -9999.0 -9999.0 -9999.0 -9999.0 -9999.0
-9999.0 -9999.0 -9999.0 -9999.0 -9999.0 -9999.0 -9999.0 -9999.0 -9999.0 -9999.0 -9999.0 -9999.0 -9999.0 -9999.0 -9999.0 -9999.0 -9999.0 -9999.0 -9999.0 -9999.0 0.107729 0.108484 0.103254 0.096815 0.092401 0.092590 0.098025 0.106081 0.115498 0.118540 0.113241 0.113420 0.111897 0.111878 0.112658 0.114137 0.114682 0.118027 0.120617 0.120534 0.118603 0.116819 0.116238 0.117304 0.118761 0.116406 0.120457 0.125582 0.128058 0.126364 0.117628 0.113214 0.111264 0.107897 0.114333 0.118225 0.125954 0.127711 0.127536 0.118653 0.110326 -9999.0 -9999.0 -9999.0 -9999.0 -9999.0 -9999.0 -9999.0 -9999.0 -9999.0 -9999.0 -9999.0 -9999.0 -9999.0 -9999.0 -9999.0 -9999.0 -9999.0 -9999.0 -9999.0
-9999.0 -9999.0 -9999.0 -9999.0 -9999.0 -9999.0 -9999.0 -9999.0 -9999.0 -9999.0 -9999.0 -9999.0 -9999.0 -9999.0 0.091614 0.090217 0.089773 0.090796 0.095599 0.100756 0.103272 0.101631 0.101518 0.097124 0.093874 0.095972 0.100998 0.107489 0.116128 0.122276 0.118023 0.117034 0.120175 0.129698 0.135399 0.134155 0.125987 0.134255 0.140971 0.145276 0.144707 0.140765 0.147559 0.155646 0.152245 0.143902 0.145224 0.150743 0.158653 0.151129 0.124507 0.117860 0.117335 0.115707 0.112366 0.110808 0.117804 0.118404 0.116178 0.111453 0.104034 0.095922 0.093298 0.099679 0.109419 0.127135 -9999.0 -9999.0 -9999.0 -9999.0 -9999.0 -9999.0 -9999.0 -9999.0 -9999.0 -9999.0 -9999.0 -9999.0 -9999.0 -9999.0
-9999.0 -9999.0 -9999.0 -9999.0 -9999.0 -9999.0 -9999.0 -9999.0 -9999.0 0.085288 0.085569 0.086225 0.086335 0.087952 0.087738 0.088450 0.089360 0.092620 0.097317 0.103854 0.110423 0.107721 0.107613 0.110595 0.112504 0.115899 0.121823 0.136138 0.155143 0.178338 0.161382 0.160007 0.170497 0.203241 0.233526 0.241611 0.226486 0.227340 0.247364 0.268135 0.267326 0.265751 0.284178 0.293960 0.300027 0.286715 0.271502 0.268843 0.288550 0.249365 0.201174 0.166198 0.167109 0.150914 0.132829 0.124649 0.123857 0.132402 0.127067 0.115383 0.106276 0.104490 0.101291 0.104717 0.110246 0.124486 0.139662 0.153658 0.154324 0.146021 -9999.0 -9999.0 -9999.0 -9999.0 -9999.0 -9999.0 -9999.0 -9999.0 -9999.0 -9999.0
-9999.0 -9999.0 -9999.0 -9999.0 -9999.0 -9999.0 0.079331 0.079833 0.081104 0.081499 0.083322 0.083929 0.085776 0.087732 0.089999 0.092150 0.096764 0.102547 0.111973 0.125047 0.136911 0.134879 0.138571 0.154319 0.179225 0.201195 0.217592 0.246051 0.304175 0.332120 0.340102 0.342826 0.347737 0.366185 0.370000 0.370000 0.370000 0.370000 0.370000 0.370000 0.370000 0.370000 0.370000 0.370000 0.370000 0.370000 0.370000 0.370000 0.370000 0.370000 0.368649 0.346948 0.323916 0.292328 0.231870 0.188415 0.186671 0.197674 0.178167 0.149599 0.131601 0.128112 0.123474 0.119128 0.121035 0.128057 0.137847 0.143383 0.138442 0.130577 0.122579 0.114009 0.114620 0.122607 -9999.0 -9999.0 -9999.0 -9999.0 -9999.0 -9999.0
-9999.0 -9999.0 -9999.0 -9999.0 0.076738 0.077297 0.076747 0.077841 0.079606 0.081793 0.084414 0.088127 0.091319 0.095459 0.102898 0.111742 0.124439 0.136761 0.162383 0.205834 0.245243 0.266533 0.276876 0.320235 0.354149 0.368674 0.369991 0.370000 0.370000 0.370000 0.370000 0.370000 0.370000 0.370000 0.370000 0.370000 0.370000 0.370000 0.370000 0.370000 0.370000 0.370000 0.370000 0.370000 0.370000 0.370000 0.370000 0.370000 0.370000 0.370000 0.370000 0.370000 0.370000 0.370000 0.370000 0.370000 0.354597 0.342677 0.310473 0.271347 0.219276 0.201390 0.181072 0.166652 0.151073 0.152168 0.154464 0.145646 0.133312 0.122222 0.117850 0.112784 0.110396 0.118992 0.125016 0.137237 -9999.0 -9999.0 -9999.0 -9999.0
-9999.0 -9999.0 0.074494 0.076429 0.079261 0.079752 0.079905 0.080163 0.081958 0.086270 0.096507 0.106659 0.118328 0.127506 0.152103 0.202843 0.258926 0.294064 0.331315 0.362241 0.370000 0.370000 0.370000 0.370000 0.370000 0.370000 0.370000 0.370000 0.370000 0.370000 0.370000 0.370000 0.370000 0.370000 0.370000 0.370000 0.370000 0.370000 0.370000 0.370000 0.370000 0.370000 0.370000 0.370000 0.370000 0.370000 0.370000 0.370000 0.370000 0.370000 0.370000 0.370000 0.370000 0.370000 0.370000 0.370000 0.370000 0.370000 0.370000 0.370000 0.368462 0.349675 0.319714 0.284327 0.245783 0.222990 0.191752 0.168208 0.146062 0.128257 0.120831 0.115611 0.115338 0.115879 0.121036 0.126635 0.132658 0.135947 -9999.0 -9999.0
-9999.0 0.071942 0.073733 0.079175 0.085037 0.089807 0.095718 0.100922 0.105384 0.107680 0.142754 0.206112 0.272360 0.291260 0.325711 0.367191 0.370000 0.370000 0.370000 0.370000 0.370000 0.370000 0.370000 0.370000 0.370000 0.370000 0.370000 0.370000 0.370000 0.370000 0.370000 0.370000 0.370000 0.370000 0.370000 0.370000 0.370000 0.370000 0.370000 0.370000 0.370000 0.370000 0.370000 0.370000 0.370000 0.370000 0.370000 0.370000 0.370000 0.370000 0.370000 0.370000 0.370000 0.370000 0.370000 0.370000 0.370000 0.370000 0.370000 0.370000 0.370000 0.370000 0.370000 0.369809 0.354398 0.316107 0.276743 0.236933 0.193458 0.171290 0.155645 0.132783 0.124655 0.125753 0.122890 0.122356 0.124875 0.127284 -9999.0 -9999.0
-9999.0 0.070765 0.073845 0.083627 0.103737 0.119098 0.171495 0.228966 0.247175 0.229150 0.307761 0.370000 0.370000 0.370000 0.370000 0.370000 0.370000 0.370000 0.370000 0.370000 0.370000 0.370000 0.370000 0.370000 0.370000 0.370000 0.370000 0.370000 0.370000 0.370000 0.370000 0.370000 0.370000 0.370000 0.370000 0.370000 0.370000 0.370000 0.370000 0.370000 0.370000 0.370000 0.370000 0.370000 0.370000 0.370000 0.370000 0.370000 0.370000 0.370000 0.370000 0.370000 0.370000 0.370000 0.370000 0.370000 0.370000 0.370000 0.370000 0.370000 0.370000 0.370000 0.370000 0.370000 0.370000 0.370000 0.364770 0.344731 0.308439 0.276974 0.241469 0.200195 0.164728 0.151401 0.134344 0.126480 -9999.0 -9999.0 -9999.0 -9999.0
-9999.0 0.069995 0.073541 0.091363 0.170447 0.260074 0.368549 0.370000 0.370000 0.370000 0.370000 0.370000 0.370000 0.370000 0.370000 0.370000 0.370000 0.370000 0.370000 0.370000 0.370000 0.370000 0.370000 0.370000 0.370000 0.370000 0.370000 0.370000 0.370000 0.370000 0.370000 0.370000 0.370000 0.369937 0.362216 0.351234 0.325618 0.321427 0.312622 0.291054 0.277867 0.268709 0.280961 0.278134 0.277273 0.284575 0.300792 0.310803 0.333896 0.350470 0.365401 0.370000 0.370000 0.370000 0.370000 0.370000 0.370000 0.370000 0.370000 0.370000 0.370000 0.370000 0.370000 0.370000 0.370000 0.370000 0.370000 0.370000 0.370000 0.368428 0.352388 0.318002 0.271690 0.207156 0.180337 -9999.0 -9999.0 -9999.0 -9999.0 -9999.0
-9999.0 0.068797 0.071902 0.087005 0.203310 0.370000 0.370000 0.370000 0.370000 0.370000 0.370000 0.370000 0.370000 0.370000 0.370000 0.370000 0.370000 0.370000 0.370000 0.370000 0.370000 0.370000 0.370000 0.370000 0.370000 0.370000 0.370000 0.370000 0.370000 0.368337 0.341208 0.330943 0.284049 0.231344 0.198936 0.170211 0.144468 0.143829 0.150951 0.143142 0.134077 0.127115 0.136455 0.142451 0.147011 0.142685 0.146268 0.162732 0.190489 0.217816 0.252600 0.290755 0.319614 0.347547 0.361774 0.369994 0.370000 0.370000 0.370000 0.370000 0.370000 0.370000 0.370000 0.370000 0.370000 0.370000 0.370000 0.370000 0.370000 0.370000 0.370000 0.370000 0.360818 -9999.0 -9999.0 -9999.0 -9999.0 -9999.0 -9999.0 -9999.0
-9999.0 0.068149 0.069564 0.074206 0.100582 0.191955 0.303819 0.359645 0.370000 0.370000 0.370000 0.370000 0.370000 0.370000 0.370000 0.370000 0.369747 0.369611 0.369537 0.366219 0.357518 0.351378 0.351387 0.348339 0.334970 0.325532 0.318783 0.303599 0.276280 0.236024 0.179915 0.146081 0.122962 0.112549 0.105413 0.098923 0.092635 0.094216 0.096642 0.095817 0.093790 0.093021 0.097648 0.100876 0.102808 0.100036 0.103520 0.109486 0.120901 0.134990 0.155277 0.184180 0.217864 0.238323 0.248889 0.270562 0.301121 0.337091 0.368998 0.370000 0.370000 0.370000 0.370000 0.370000 0.370000 0.370000 0.370000 0.370000 0.370000 0.370000 0.370000 -9999.0 -9999.0 -9999.0 -9999.0 -9999.0 -9999.0 -9999.0 -9999.0 -9999.0
-9999.0 -9999.0 0.068149 0.069210 0.071203 0.076418 0.086293 0.099926 0.114402 0.140635 0.183582 0.231543 0.260249 0.271899 0.256360 0.223182 0.202951 0.203492 0.197871 0.188112 0.172680 0.167660 0.163293 0.159671 0.152686 0.149130 0.146953 0.142441 0.133483 0.117889 0.104374 0.094959 0.087839 0.085325 0.083378 0.081574 0.081253 0.081194 0.081723 0.081795 0.082136 0.083019 0.084834 0.086887 0.087861 0.088542 0.090011 0.093106 0.098288 0.106192 0.119614 0.139091 0.155763 0.160793 0.154876 0.157135 0.168165 0.193880 0.255345 0.318604 0.363040 0.370000 0.370000 0.370000 0.370000 0.370000 0.370000 0.370000 0.370000 0.370000 -9999.0 -9999.0 -9999.0 -9999.0 -9999.0 -9999.0 -9999.0 -9999.0 -9999.0 -9999.0
-9999.0 -9999.0 -9999.0 -9999.0 0.068365 0.069340 0.070292 0.071533 0.074394 0.078799 0.085140 0.093409 0.101280 0.105711 0.102721 0.100830 0.099100 0.098681 0.097342 0.096195 0.095101 0.093973 0.092594 0.091597 0.091442 0.091847 0.091631 0.090032 0.088302 0.085318 0.083087 0.080473 0.078232 0.076790 0.076219 0.075907 0.075925 0.075726 0.076129 0.076378 0.077040 0.077801 0.079126 0.080910 0.081765 0.082836 0.083630 0.085519 0.088634 0.095708 0.107590 0.122707 0.134117 0.134640 0.124036 0.118294 0.116759 0.124792 0.142001 0.176072 0.243786 0.296075 0.338547 0.361831 0.369763 0.370000 0.370000 0.370000 -9999.0 -9999.0 -9999.0 -9999.0 -9999.0 -9999.0 -9999.0 -9999.0 -9999.0 -9999.0 -9999.0 -9999.0
-9999.0 -9999.0 -9999.0 -9999.0 -9999.0 -9999.0 0.068126 0.068512 0.069056 0.070107 0.071677 0.073730 0.076220 0.077189 0.077858 0.078967 0.078649 0.077792 0.077048 0.077811 0.078218 0.077995 0.076731 0.076650 0.076781 0.077235 0.077199 0.076923 0.075860 0.076133 0.076033 0.075139 0.074247 0.073796 0.073465 0.073754 0.073785 0.073437 0.073527 0.074303 0.074963 0.075467 0.076402 0.077984 0.079807 0.080707 0.080750 0.081174 0.084541 0.092435 0.104450 0.117554 0.126904 0.128865 0.118530 0.106990 0.101818 0.102601 0.109588 0.123815 0.153458 0.177891 0.196026 0.210581 0.230472 0.303282 -9999.0 -9999.0 -9999.0 -9999.0 -9999.0 -9999.0 -9999.0 -9999.0 -9999.0 -9999.0 -9999.0 -9999.0 -9999.0 -9999.0
-9999.0 -9999.0 -9999.0 -9999.0 -9999.0 -9999.0 -9999.0 -9999.0 -9999.0 -9999.0 -9999.0 -9999.0 -9999.0 -9999.0 -9999.0 -9999.0 -9999.0 -9999.0 -9999.0 -9999.0 -9999.0 -9999.0 -9999.0 -9999.0 -9999.0 -9999.0 -9999.0 -9999.0 -9999.0 -9999.0 -9999.0 -9999.0 -9999.0 -9999.0 -9999.0 -9999.0 -9999.0 -9999.0 -9999.0 -9999.0 -9999.0 -9999.0 -9999.0 -9999.0 -9999.0 -9999.0 -9999.0 -9999.0 -9999.0 -9999.0 -9999.0 -9999.0 -9999.0 -9999.0 -9999.0 -9999.0 -9999.0 -9999.0 -9999.0 -9999.0 -9999.0 -9999.0 -9999.0 -9999.0 -9999.0 -9999.0 -9999.0 -9999.0 -9999.0 -9999.0 -9999.0 -9999.0 -9999.0 -9999.0 -9999.0 -9999.0 -9999.0 -9999.0 -9999.0 -9999.0
-9999.0 -9999.0 -9999.0 -9999.0 -9999.0 -9999.0 -9999.0 -9999.0 -9999.0 -9999.0 -9999.0 -9999.0 -9999.0 -9999.0 -9999.0 -9999.0 -9999.0 -9999.0 -9999.0 -9999.0 -9999.0 -9999.0 -9999.0 -9999.0 -9999.0 -9999.0 -9999.0 -9999.0 -9999.0 -9999.0 -9999.0 -9999.0 -9999.0 -9999.0 -9999.0 -9999.0 -9999.0 -9999.0 -9999.0 -9999.0 -9999.0 -9999.0 -9999.0 -9999.0 -9999.0 -9999.0 -9999.0 -9999.0 -9999.0 -9999.0 -9999.0 -9999.0 -9999.0 -9999.0 -9999.0 -9999.0 -9999.0 -9999.0 -9999.0 -9999.0 -9999.0 -9999.0 -9999.0 -9999.0 -9999.0 -9999.0 -9999.0 -9999.0 -9999.0 -9999.0 -9999.0 -9999.0 -9999.0 -9999.0 -9999.0 -9999.0 -9999.0 -9999.0 -9999.0 -9999.0