Borden_/Borden1m_014/output_maps/thetaliqL0002N0002.asc
ncols         80
nrows         18
xllcorner     620200.000000
yllcorner     5168000.000000
cellsize      1.000000
NODATA_value  -9999.0
-9999.0 -9999.0 -9999.0 -9999.0 -9999.0 -9999.0 -9999.0 -9999.0 -9999.0 -9999.0 -9999.0 -9999.0 -9999.0 -9999.0 -9999.0 -9999.0 -9999.0 -9999.0 -9999.0 -9999.0 -9999.0 -9999.0 -9999.0 -9999.0 -9999.0 -9999.0 -9999.0 -9999.0 -9999.0 -9999.0 -9999.0 -9999.0 -9999.0 -9999.0 -9999.0 -9999.0 -9999.0 -9999.0 -9999.0 -9999.0 -9999.0 -9999.0 -9999.0 -9999.0 -9999.0 -9999.0 -9999.0 -9999.0 -9999.0 -9999.0 -9999.0 -9999.0 -9999.0 -9999.0 -9999.0 -9999.0 -9999.0 -9999.0 -9999.0 -9999.0 -9999.0 -9999.0 -9999.0 -9999.0 -9999.0 -9999.0 -9999.0 -9999.0 -9999.0 -9999.0 -9999.0 -9999.0 -9999.0 -9999.0 -9999.0 -9999.0 -9999.0 -9999.0 -9999.0 -9999.0
-9999.0 -9999.0 -9999.0 -9999.0 -9999.0 -9999.0 -9999.0 -9999.0 -9999.0 -9999.0 -9999.0 -9999.0 -9999.0 -9999.0 -9999.0 -9999.0 -9999.0 -9999.0 -9999.0 -9999.0 -9999.0 -9999.0 -9999.0 -9999.0 -9999.0 -9999.0 -9999.0 -9999.0 -9999.0 -9999.0 -9999.0 -9999.0 -9999.0 -9999.0 -9999.0 -9999.0 -9999.0 -9999.0 -9999.0 -9999.0 -9999.0 -9999.0 -9999.0 -9999.0 -9999.0 -9999.0 -9999.0 -9999.0 -9999.0 -9999.0 -9999.0 -9999.0 -9999.0 -9999.0 -9999.0 -9999.0 -9999.0 -9999.0 -9999.0 -9999.0 -9999.0 -9999.0 -9999.0 -9999.0 -9999.0 -9999.0 -9999.0 -9999.0 -9999.0 -9999.0 -9999.0 -9999.0 -9999.0 -9999.0 -9999.0 -9999.0 -9999.0 -9999.0 -9999.0 -9999.0
-9999.0 -9999.0 -9999.0 -9999.0 -9999.0 -9999.0 -9999.0 -9999.0 -9999.0 -9999.0 -9999.0 -9999.0 -9999.0 -9999.0 -9999.0 -9999.0 -9999.0 -9999.0 -9999.0 -9999.0 0.126296 0.127133 0.124754 0.121966 0.119768 0.119618 0.122151 0.125355 0.129057 0.129963 0.127338 0.127816 0.126880 0.126476 0.126564 0.127296 0.127636 0.128866 0.129726 0.129503 0.128656 0.127996 0.127581 0.127865 0.128703 0.127475 0.129333 0.131347 0.132158 0.131876 0.128864 0.127498 0.126940 0.125016 0.128542 0.129886 0.132971 0.133428 0.133749 0.130246 0.126873 -9999.0 -9999.0 -9999.0 -9999.0 -9999.0 -9999.0 -9999.0 -9999.0 -9999.0 -9999.0 -9999.0 -9999.0 -9999.0 -9999.0 -9999.0 -9999.0 -9999.0 -9999.0 -9999.0
-9999.0 -9999.0 -9999.0 -9999.0 -9999.0 -9999.0 -9999.0 -9999.0 -9999.0 -9999.0 -9999.0 -9999.0 -9999.0 -9999.0 0.120873 0.119804 0.119340 0.119258 0.121529 0.123527 0.123962 0.122835 0.123529 0.121147 0.119148 0.120379 0.122469 0.124564 0.127694 0.130015 0.128105 0.127644 0.128812 0.132685 0.134637 0.133941 0.129870 0.133807 0.136234 0.137802 0.137598 0.135688 0.138568 0.141982 0.140345 0.136793 0.137472 0.139614 0.142953 0.140652 0.129510 0.127765 0.128013 0.127880 0.126398 0.125489 0.129122 0.128853 0.128088 0.126888 0.124240 0.120560 0.119080 0.122576 0.126332 0.133680 -9999.0 -9999.0 -9999.0 -9999.0 -9999.0 -9999.0 -9999.0 -9999.0 -9999.0 -9999.0 -9999.0 -9999.0 -9999.0 -9999.0
-9999.0 -9999.0 -9999.0 -9999.0 -9999.0 -9999.0 -9999.0 -9999.0 -9999.0 0.118453 0.118270 0.118609 0.118068 0.119066 0.117793 0.118196 0.118116 0.119682 0.121272 0.123751 0.126712 0.124880 0.124681 0.126161 0.126580 0.127487 0.129287 0.134755 0.141497 0.151129 0.143185 0.142662 0.146659 0.160289 0.173564 0.177339 0.170007 0.170274 0.179880 0.190695 0.189815 0.188763 0.199571 0.205374 0.209743 0.201013 0.191885 0.190514 0.203657 0.180897 0.159325 0.144720 0.146386 0.140045 0.133107 0.130335 0.129708 0.133955 0.131996 0.127499 0.123916 0.124280 0.122565 0.124293 0.125995 0.131697 0.137257 0.142607 0.142864 0.139540 -9999.0 -9999.0 -9999.0 -9999.0 -9999.0 -9999.0 -9999.0 -9999.0 -9999.0 -9999.0
-9999.0 -9999.0 -9999.0 -9999.0 -9999.0 -9999.0 0.115967 0.115956 0.116649 0.115196 0.116561 0.115924 0.116995 0.117648 0.118543 0.118915 0.120945 0.123017 0.126472 0.131146 0.135472 0.133845 0.135084 0.141098 0.151018 0.159864 0.166496 0.179119 0.213490 0.235763 0.245622 0.249211 0.255521 0.286926 0.327440 0.337337 0.326033 0.315801 0.325056 0.342623 0.346246 0.346087 0.348435 0.351945 0.363356 0.361577 0.344766 0.335342 0.331337 0.327654 0.296513 0.252524 0.227798 0.205049 0.172116 0.153109 0.153223 0.158464 0.150596 0.139500 0.132918 0.132368 0.130920 0.128881 0.129820 0.132323 0.136046 0.138306 0.136465 0.133788 0.131453 0.127823 0.128283 0.131740 -9999.0 -9999.0 -9999.0 -9999.0 -9999.0 -9999.0
-9999.0 -9999.0 -9999.0 -9999.0 0.113186 0.113969 0.111839 0.113175 0.114378 0.115436 0.115879 0.117689 0.118546 0.120083 0.123122 0.125945 0.130556 0.134527 0.144157 0.161791 0.179597 0.190368 0.195301 0.225244 0.263547 0.299908 0.311073 0.324288 0.341807 0.367241 0.370000 0.370000 0.370000 0.370000 0.370000 0.370000 0.370000 0.370000 0.370000 0.370000 0.370000 0.370000 0.370000 0.370000 0.370000 0.370000 0.370000 0.370000 0.370000 0.370000 0.370000 0.370000 0.356497 0.345744 0.337730 0.312456 0.261710 0.246286 0.216805 0.192547 0.166812 0.159704 0.151495 0.146238 0.139871 0.140728 0.142129 0.138746 0.134272 0.130178 0.129193 0.127381 0.125863 0.130065 0.132013 0.137054 -9999.0 -9999.0 -9999.0 -9999.0
-9999.0 -9999.0 0.112637 0.113046 0.115437 0.114362 0.113690 0.112794 0.113510 0.116005 0.121062 0.124088 0.128281 0.131039 0.140427 0.160992 0.186736 0.206303 0.234980 0.277343 0.315387 0.333444 0.340759 0.356674 0.370000 0.370000 0.370000 0.370000 0.370000 0.370000 0.370000 0.370000 0.370000 0.370000 0.370000 0.370000 0.370000 0.370000 0.370000 0.370000 0.370000 0.370000 0.370000 0.370000 0.370000 0.370000 0.370000 0.370000 0.370000 0.370000 0.370000 0.370000 0.370000 0.370000 0.370000 0.370000 0.370000 0.357717 0.350942 0.335101 0.291727 0.254757 0.225562 0.201330 0.179632 0.169102 0.155467 0.146567 0.138563 0.131783 0.129409 0.127870 0.128360 0.128034 0.130364 0.132388 0.135051 0.136218 -9999.0 -9999.0
-9999.0 0.111500 0.111273 0.115590 0.117164 0.118633 0.120406 0.121960 0.123615 0.122908 0.137568 0.162141 0.194424 0.204759 0.232956 0.291087 0.338255 0.354491 0.367484 0.370000 0.370000 0.370000 0.370000 0.370000 0.370000 0.370000 0.370000 0.370000 0.370000 0.370000 0.370000 0.370000 0.370000 0.370000 0.370000 0.370000 0.370000 0.370000 0.370000 0.370000 0.370000 0.370000 0.370000 0.370000 0.370000 0.370000 0.370000 0.370000 0.370000 0.370000 0.370000 0.370000 0.370000 0.370000 0.370000 0.370000 0.370000 0.370000 0.370000 0.370000 0.370000 0.358635 0.333886 0.301320 0.261779 0.223531 0.196344 0.175172 0.155891 0.147720 0.142449 0.133336 0.130644 0.131945 0.130776 0.130600 0.131667 0.132572 -9999.0 -9999.0
-9999.0 0.108105 0.111713 0.117056 0.124930 0.127930 0.149070 0.173092 0.182768 0.174368 0.218096 0.341714 0.368857 0.370000 0.370000 0.370000 0.370000 0.370000 0.370000 0.370000 0.370000 0.370000 0.370000 0.370000 0.370000 0.370000 0.370000 0.370000 0.370000 0.370000 0.370000 0.370000 0.370000 0.370000 0.370000 0.370000 0.370000 0.367103 0.352170 0.340420 0.335438 0.347536 0.341422 0.330048 0.327230 0.340430 0.355612 0.350524 0.349663 0.358676 0.370000 0.370000 0.370000 0.370000 0.370000 0.370000 0.370000 0.370000 0.370000 0.370000 0.370000 0.370000 0.370000 0.370000 0.349155 0.311060 0.279550 0.249927 0.217543 0.197077 0.177772 0.159372 0.144987 0.140938 0.134241 0.132346 -9999.0 -9999.0 -9999.0 -9999.0
-9999.0 0.107587 0.111311 0.121301 0.151619 0.188888 0.296199 0.359139 0.370000 0.370000 0.370000 0.370000 0.370000 0.370000 0.370000 0.370000 0.370000 0.370000 0.370000 0.370000 0.370000 0.370000 0.370000 0.370000 0.370000 0.370000 0.370000 0.370000 0.370000 0.370000 0.368404 0.363089 0.351806 0.303949 0.277058 0.259286 0.230231 0.226247 0.219025 0.204114 0.196406 0.191057 0.198456 0.196678 0.195968 0.200100 0.210529 0.217032 0.236792 0.255344 0.282147 0.312275 0.328158 0.348704 0.369738 0.370000 0.370000 0.370000 0.370000 0.370000 0.370000 0.370000 0.370000 0.370000 0.370000 0.370000 0.368721 0.347790 0.324548 0.293869 0.261554 0.227471 0.194823 0.162752 0.152201 -9999.0 -9999.0 -9999.0 -9999.0 -9999.0
-9999.0 0.103138 0.110824 0.119329 0.167046 0.327092 0.357330 0.370000 0.370000 0.370000 0.370000 0.370000 0.370000 0.370000 0.370000 0.370000 0.370000 0.370000 0.370000 0.370000 0.370000 0.370000 0.370000 0.370000 0.363896 0.356499 0.351610 0.344352 0.320194 0.292331 0.243663 0.235331 0.200574 0.173384 0.159532 0.148108 0.137710 0.137782 0.141217 0.138013 0.134465 0.131179 0.135296 0.137497 0.139419 0.137267 0.138252 0.144640 0.155552 0.166665 0.183028 0.205026 0.225146 0.252315 0.273290 0.308057 0.332348 0.354400 0.370000 0.370000 0.370000 0.370000 0.370000 0.370000 0.370000 0.370000 0.370000 0.370000 0.370000 0.370000 0.355851 0.323425 0.283746 -9999.0 -9999.0 -9999.0 -9999.0 -9999.0 -9999.0 -9999.0
-9999.0 0.100925 0.108293 0.110624 0.125401 0.161586 0.220602 0.281943 0.321255 0.313925 0.318472 0.330851 0.345034 0.353399 0.341177 0.321374 0.304567 0.306564 0.307165 0.290212 0.269872 0.259506 0.259734 0.254846 0.238464 0.229590 0.224303 0.213266 0.196605 0.176125 0.151693 0.138742 0.129981 0.126587 0.124179 0.121804 0.118259 0.119902 0.121373 0.120967 0.119832 0.119103 0.121760 0.122955 0.123875 0.121699 0.123479 0.125542 0.129878 0.134764 0.141896 0.152664 0.166701 0.175921 0.180979 0.192623 0.210920 0.239199 0.293324 0.344750 0.370000 0.370000 0.370000 0.370000 0.370000 0.370000 0.370000 0.370000 0.370000 0.370000 0.370000 -9999.0 -9999.0 -9999.0 -9999.0 -9999.0 -9999.0 -9999.0 -9999.0 -9999.0
-9999.0 -9999.0 0.099519 0.102457 0.105473 0.109541 0.115602 0.121904 0.126868 0.137587 0.154596 0.174985 0.188516 0.194718 0.186316 0.170007 0.161174 0.161827 0.159481 0.155560 0.149070 0.147351 0.145698 0.144446 0.141627 0.140303 0.139626 0.138194 0.135168 0.129166 0.124034 0.120468 0.117072 0.116711 0.116020 0.114951 0.115532 0.115356 0.115656 0.115563 0.115810 0.116326 0.117069 0.118021 0.118215 0.118506 0.118964 0.120135 0.121997 0.124635 0.129447 0.136557 0.142434 0.144064 0.141440 0.142316 0.146474 0.156319 0.184809 0.223837 0.275121 0.315102 0.352606 0.370000 0.370000 0.370000 0.370000 0.370000 0.370000 0.370000 -9999.0 -9999.0 -9999.0 -9999.0 -9999.0 -9999.0 -9999.0 -9999.0 -9999.0 -9999.0
-9999.0 -9999.0 -9999.0 -9999.0 0.098443 0.102406 0.106387 0.106415 0.109951 0.112790 0.115830 0.119500 0.122674 0.124604 0.122660 0.122037 0.121460 0.121597 0.121057 0.120505 0.120167 0.119748 0.119269 0.118762 0.118875 0.119271 0.119321 0.118472 0.118156 0.116565 0.116043 0.114943 0.113922 0.112945 0.112985 0.112863 0.113184 0.112802 0.113394 0.113145 0.113667 0.113986 0.114710 0.115824 0.115685 0.116327 0.116485 0.117405 0.118176 0.120972 0.125569 0.131145 0.135169 0.135164 0.130703 0.128657 0.127772 0.130834 0.136702 0.149229 0.178866 0.208216 0.241906 0.274943 0.300760 0.336064 0.370000 0.370000 -9999.0 -9999.0 -9999.0 -9999.0 -9999.0 -9999.0 -9999.0 -9999.0 -9999.0 -9999.0 -9999.0 -9999.0
-9999.0 -9999.0 -9999.0 -9999.0 -9999.0 -9999.0 0.099923 0.101931 0.101564 0.103432 0.105312 0.106960 0.109222 0.109264 0.109939 0.111531 0.111290 0.110462 0.109490 0.110843 0.111483 0.111555 0.109958 0.110317 0.110498 0.111099 0.111039 0.111210 0.109868 0.111302 0.111974 0.111541 0.111114 0.111294 0.110934 0.111881 0.111996 0.111208 0.111011 0.112197 0.112630 0.112580 0.112958 0.113965 0.115338 0.115660 0.115196 0.114624 0.116265 0.120073 0.124872 0.129533 0.132735 0.133628 0.129660 0.124731 0.122377 0.122305 0.124708 0.129489 0.140425 0.149068 0.155806 0.161513 0.169768 0.211130 -9999.0 -9999.0 -9999.0 -9999.0 -9999.0 -9999.0 -9999.0 -9999.0 -9999.0 -9999.0 -9999.0 -9999.0 -9999.0 -9999.0
-9999.0 -9999.0 -9999.0 -9999.0 -9999.0 -9999.0 -9999.0 -9999.0 -9999.0 -9999.0 -9999.0 -9999.0 -9999.0 -9999.0 -9999.0 -9999.0 -9999.0 -9999.0 -9999.0 -9999.0 -9999.0 -9999.0 -9999.0 -9999.0 -9999.0 -9999.0 -9999.0 -9999.0 -9999.0 -9999.0 -9999.0 -9999.0 -9999.0 -9999.0 -9999.0 -9999.0 -9999.0 -9999.0 -9999.0 -9999.0 -9999.0 -9999.0 -9999.0 -9999.0 -9999.0 -9999.0 -9999.0 -9999.0 -9999.0 -9999.0 -9999.0 -9999.0 -9999.0 -9999.0 -9999.0 -9999.0 -9999.0 -9999.0 -9999.0 -9999.0 -9999.0 -9999.0 -9999.0 -9999.0 -9999.0 -9999.0 -9999.0 -9999.0 -9999.0 -9999.0 -9999.0 -9999.0 -9999.0 -9999.0 -9999.0 -9999.0 -9999.0 -9999.0 -9999.0 -9999.0
-9999.0 -9999.0 -9999.0 -9999.0 -9999.0 -9999.0 -9999.0 -9999.0 -9999.0 -9999.0 -9999.0 -9999.0 -9999.0 -9999.0 -9999.0 -9999.0 -9999.0 -9999.0 -9999.0 -9999.0 -9999.0 -9999.0 -9999.0 -9999.0 -9999.0 -9999.0 -9999.0 -9999.0 -9999.0 -9999.0 -9999.0 -9999.0 -9999.0 -9999.0 -9999.0 -9999.0 -9999.0 -9999.0 -9999.0 -9999.0 -9999.0 -9999.0 -9999.0 -9999.0 -9999.0 -9999.0 -9999.0 -9999.0 -9999.0 -9999.0 -9999.0 -9999.0 -9999.0 -9999.0 -9999.0 -9999.0 -9999.0 -9999.0 -9999.0 -9999.0 -9999.0 -9999.0 -9999.0 -9999.0 -9999.0 -9999.0 -9999.0 -9999.0 -9999.0 -9999.0 -9999.0 -9999.0 -9999.0 -9999.0 -9999.0 -9999.0 -9999.0 -9999.0 -9999.0 -9999.0