Borden_/Borden1m_014/output_maps/thetaliqL0007N0018.asc
ncols         80
nrows         18
xllcorner     620200.000000
yllcorner     5168000.000000
cellsize      1.000000
NODATA_value  -9999.0
-9999.0 -9999.0 -9999.0 -9999.0 -9999.0 -9999.0 -9999.0 -9999.0 -9999.0 -9999.0 -9999.0 -9999.0 -9999.0 -9999.0 -9999.0 -9999.0 -9999.0 -9999.0 -9999.0 -9999.0 -9999.0 -9999.0 -9999.0 -9999.0 -9999.0 -9999.0 -9999.0 -9999.0 -9999.0 -9999.0 -9999.0 -9999.0 -9999.0 -9999.0 -9999.0 -9999.0 -9999.0 -9999.0 -9999.0 -9999.0 -9999.0 -9999.0 -9999.0 -9999.0 -9999.0 -9999.0 -9999.0 -9999.0 -9999.0 -9999.0 -9999.0 -9999.0 -9999.0 -9999.0 -9999.0 -9999.0 -9999.0 -9999.0 -9999.0 -9999.0 -9999.0 -9999.0 -9999.0 -9999.0 -9999.0 -9999.0 -9999.0 -9999.0 -9999.0 -9999.0 -9999.0 -9999.0 -9999.0 -9999.0 -9999.0 -9999.0 -9999.0 -9999.0 -9999.0 -9999.0
-9999.0 -9999.0 -9999.0 -9999.0 -9999.0 -9999.0 -9999.0 -9999.0 -9999.0 -9999.0 -9999.0 -9999.0 -9999.0 -9999.0 -9999.0 -9999.0 -9999.0 -9999.0 -9999.0 -9999.0 -9999.0 -9999.0 -9999.0 -9999.0 -9999.0 -9999.0 -9999.0 -9999.0 -9999.0 -9999.0 -9999.0 -9999.0 -9999.0 -9999.0 -9999.0 -9999.0 -9999.0 -9999.0 -9999.0 -9999.0 -9999.0 -9999.0 -9999.0 -9999.0 -9999.0 -9999.0 -9999.0 -9999.0 -9999.0 -9999.0 -9999.0 -9999.0 -9999.0 -9999.0 -9999.0 -9999.0 -9999.0 -9999.0 -9999.0 -9999.0 -9999.0 -9999.0 -9999.0 -9999.0 -9999.0 -9999.0 -9999.0 -9999.0 -9999.0 -9999.0 -9999.0 -9999.0 -9999.0 -9999.0 -9999.0 -9999.0 -9999.0 -9999.0 -9999.0 -9999.0
-9999.0 -9999.0 -9999.0 -9999.0 -9999.0 -9999.0 -9999.0 -9999.0 -9999.0 -9999.0 -9999.0 -9999.0 -9999.0 -9999.0 -9999.0 -9999.0 -9999.0 -9999.0 -9999.0 -9999.0 0.280144 0.282481 0.264260 0.236428 0.213743 0.214870 0.242365 0.275163 0.303024 0.309990 0.297355 0.298117 0.294229 0.294175 0.296416 0.300607 0.302331 0.310224 0.315686 0.315512 0.311496 0.307581 0.306516 0.308932 0.312191 0.306541 0.315426 0.324709 0.328387 0.325617 0.308842 0.297910 0.292231 0.281618 0.300104 0.309050 0.323503 0.326121 0.325665 0.309376 0.288162 -9999.0 -9999.0 -9999.0 -9999.0 -9999.0 -9999.0 -9999.0 -9999.0 -9999.0 -9999.0 -9999.0 -9999.0 -9999.0 -9999.0 -9999.0 -9999.0 -9999.0 -9999.0 -9999.0
-9999.0 -9999.0 -9999.0 -9999.0 -9999.0 -9999.0 -9999.0 -9999.0 -9999.0 -9999.0 -9999.0 -9999.0 -9999.0 -9999.0 0.209068 0.201246 0.198728 0.204640 0.230408 0.254319 0.264478 0.258049 0.257671 0.238178 0.221770 0.232609 0.255932 0.280566 0.305262 0.318381 0.310016 0.308048 0.315067 0.331489 0.338960 0.337817 0.326894 0.338362 0.345284 0.348830 0.348433 0.345199 0.350499 0.355329 0.353510 0.347810 0.348936 0.352699 0.356718 0.352485 0.323815 0.310314 0.308517 0.304358 0.295352 0.290784 0.308580 0.309600 0.304371 0.291911 0.267307 0.231890 0.218202 0.249294 0.285154 0.324467 -9999.0 -9999.0 -9999.0 -9999.0 -9999.0 -9999.0 -9999.0 -9999.0 -9999.0 -9999.0 -9999.0 -9999.0 -9999.0 -9999.0
-9999.0 -9999.0 -9999.0 -9999.0 -9999.0 -9999.0 -9999.0 -9999.0 -9999.0 0.170999 0.172919 0.177074 0.177844 0.187837 0.186475 0.190847 0.196120 0.214871 0.238958 0.266991 0.289241 0.281111 0.280934 0.290134 0.295468 0.304753 0.318237 0.339674 0.354783 0.363378 0.358484 0.358288 0.362699 0.368092 0.369451 0.369629 0.369290 0.369357 0.369747 0.369920 0.369920 0.369913 0.369979 0.369993 0.369996 0.369981 0.369939 0.369932 0.369986 0.369765 0.367961 0.361436 0.360596 0.352559 0.336223 0.324021 0.322105 0.334192 0.326348 0.303078 0.276143 0.269241 0.256401 0.269897 0.288064 0.320484 0.340327 0.351008 0.351271 0.345552 -9999.0 -9999.0 -9999.0 -9999.0 -9999.0 -9999.0 -9999.0 -9999.0 -9999.0 -9999.0
-9999.0 -9999.0 -9999.0 -9999.0 -9999.0 -9999.0 0.132275 0.135625 0.144019 0.146503 0.158532 0.162396 0.174164 0.186283 0.200020 0.212174 0.236028 0.261789 0.293861 0.323259 0.339939 0.338080 0.342514 0.354955 0.364719 0.367894 0.368965 0.369738 0.369999 0.370000 0.370000 0.370000 0.370000 0.370000 0.370000 0.370000 0.370000 0.370000 0.370000 0.370000 0.370000 0.370000 0.370000 0.370000 0.370000 0.370000 0.370000 0.370000 0.370000 0.370000 0.370000 0.370000 0.370000 0.369993 0.369440 0.366861 0.366324 0.367076 0.363401 0.351339 0.333825 0.328193 0.319948 0.311241 0.314997 0.326855 0.338839 0.343883 0.339067 0.329546 0.316696 0.297815 0.299300 0.316456 -9999.0 -9999.0 -9999.0 -9999.0 -9999.0 -9999.0
-9999.0 -9999.0 -9999.0 -9999.0 0.115575 0.119148 0.115570 0.122631 0.134115 0.148508 0.165402 0.188490 0.207205 0.229493 0.262883 0.292791 0.322044 0.340110 0.358900 0.368096 0.369681 0.369911 0.369970 0.370000 0.370000 0.370000 0.370000 0.370000 0.370000 0.370000 0.370000 0.370000 0.370000 0.370000 0.370000 0.370000 0.370000 0.370000 0.370000 0.370000 0.370000 0.370000 0.370000 0.370000 0.370000 0.370000 0.370000 0.370000 0.370000 0.370000 0.370000 0.370000 0.370000 0.370000 0.370000 0.370000 0.370000 0.370000 0.370000 0.369945 0.369046 0.367741 0.364244 0.359590 0.351522 0.351622 0.352570 0.346318 0.333718 0.316503 0.307376 0.294797 0.287801 0.309343 0.320664 0.337082 -9999.0 -9999.0 -9999.0 -9999.0
-9999.0 -9999.0 0.101729 0.113492 0.131675 0.134807 0.135519 0.137163 0.148891 0.176596 0.233609 0.276070 0.309047 0.327362 0.353331 0.367737 0.369837 0.369994 0.370000 0.370000 0.370000 0.370000 0.370000 0.370000 0.370000 0.370000 0.370000 0.370000 0.370000 0.370000 0.370000 0.370000 0.370000 0.370000 0.370000 0.370000 0.370000 0.370000 0.370000 0.370000 0.370000 0.370000 0.370000 0.370000 0.370000 0.370000 0.370000 0.370000 0.370000 0.370000 0.370000 0.370000 0.370000 0.370000 0.370000 0.370000 0.370000 0.370000 0.370000 0.370000 0.370000 0.370000 0.370000 0.369986 0.369666 0.368727 0.365515 0.359407 0.347096 0.327229 0.314035 0.302335 0.301406 0.302439 0.313522 0.323279 0.331756 0.335645 -9999.0 -9999.0
-9999.0 0.087184 0.097062 0.130594 0.168331 0.197081 0.227685 0.250983 0.269482 0.279673 0.345681 0.367694 0.369902 0.369987 0.370000 0.370000 0.370000 0.370000 0.370000 0.370000 0.370000 0.370000 0.370000 0.370000 0.370000 0.370000 0.370000 0.370000 0.370000 0.370000 0.370000 0.370000 0.370000 0.370000 0.370000 0.370000 0.370000 0.370000 0.370000 0.370000 0.370000 0.370000 0.370000 0.370000 0.370000 0.370000 0.370000 0.370000 0.370000 0.370000 0.370000 0.370000 0.370000 0.370000 0.370000 0.370000 0.370000 0.370000 0.370000 0.370000 0.370000 0.370000 0.370000 0.370000 0.370000 0.370000 0.369966 0.369403 0.365998 0.360602 0.353343 0.333221 0.320867 0.322317 0.317197 0.316026 0.320342 0.324188 -9999.0 -9999.0
-9999.0 0.081069 0.097284 0.157938 0.262403 0.308794 0.361331 0.368912 0.369526 0.369040 0.369999 0.370000 0.370000 0.370000 0.370000 0.370000 0.370000 0.370000 0.370000 0.370000 0.370000 0.370000 0.370000 0.370000 0.370000 0.370000 0.370000 0.370000 0.370000 0.370000 0.370000 0.370000 0.370000 0.370000 0.370000 0.370000 0.370000 0.370000 0.370000 0.370000 0.370000 0.370000 0.370000 0.370000 0.370000 0.370000 0.370000 0.370000 0.370000 0.370000 0.370000 0.370000 0.370000 0.370000 0.370000 0.370000 0.370000 0.370000 0.370000 0.370000 0.370000 0.370000 0.370000 0.370000 0.370000 0.370000 0.370000 0.370000 0.370000 0.369953 0.369469 0.366633 0.357671 0.349850 0.334184 0.323249 -9999.0 -9999.0 -9999.0 -9999.0
-9999.0 0.077348 0.094950 0.200319 0.358559 0.369779 0.370000 0.370000 0.370000 0.370000 0.370000 0.370000 0.370000 0.370000 0.370000 0.370000 0.370000 0.370000 0.370000 0.370000 0.370000 0.370000 0.370000 0.370000 0.370000 0.370000 0.370000 0.370000 0.370000 0.370000 0.370000 0.370000 0.370000 0.370000 0.370000 0.370000 0.370000 0.370000 0.370000 0.369990 0.369961 0.369914 0.369967 0.369964 0.369964 0.369980 0.369997 0.370000 0.370000 0.370000 0.370000 0.370000 0.370000 0.370000 0.370000 0.370000 0.370000 0.370000 0.370000 0.370000 0.370000 0.370000 0.370000 0.370000 0.370000 0.370000 0.370000 0.370000 0.370000 0.370000 0.370000 0.370000 0.369910 0.366748 0.361648 -9999.0 -9999.0 -9999.0 -9999.0 -9999.0
-9999.0 0.072315 0.085765 0.172124 0.365311 0.370000 0.370000 0.370000 0.370000 0.370000 0.370000 0.370000 0.370000 0.370000 0.370000 0.370000 0.370000 0.370000 0.370000 0.370000 0.370000 0.370000 0.370000 0.370000 0.370000 0.370000 0.370000 0.370000 0.370000 0.370000 0.370000 0.370000 0.369978 0.369409 0.367607 0.362030 0.347504 0.346541 0.351660 0.345834 0.336466 0.326854 0.339395 0.345492 0.349242 0.345823 0.348965 0.358529 0.366028 0.368821 0.369812 0.369995 0.370000 0.370000 0.370000 0.370000 0.370000 0.370000 0.370000 0.370000 0.370000 0.370000 0.370000 0.370000 0.370000 0.370000 0.370000 0.370000 0.370000 0.370000 0.370000 0.370000 0.370000 -9999.0 -9999.0 -9999.0 -9999.0 -9999.0 -9999.0 -9999.0
-9999.0 0.070095 0.075212 0.096622 0.234842 0.363808 0.369997 0.370000 0.370000 0.370000 0.370000 0.370000 0.370000 0.370000 0.370000 0.370000 0.370000 0.370000 0.370000 0.370000 0.370000 0.370000 0.370000 0.370000 0.370000 0.370000 0.370000 0.369998 0.369957 0.369461 0.364359 0.348612 0.318745 0.294407 0.271071 0.244285 0.213264 0.221768 0.233823 0.230014 0.219950 0.216147 0.239603 0.254232 0.262177 0.250924 0.265385 0.286129 0.314965 0.337249 0.354336 0.364462 0.368495 0.369486 0.369760 0.369953 0.369999 0.370000 0.370000 0.370000 0.370000 0.370000 0.370000 0.370000 0.370000 0.370000 0.370000 0.370000 0.370000 0.370000 0.370000 -9999.0 -9999.0 -9999.0 -9999.0 -9999.0 -9999.0 -9999.0 -9999.0 -9999.0
-9999.0 -9999.0 0.070064 0.073744 0.081679 0.107457 0.163240 0.234727 0.291443 0.343555 0.365089 0.369216 0.369806 0.369905 0.369781 0.369080 0.368069 0.368067 0.367564 0.366443 0.363337 0.361290 0.359206 0.357148 0.353033 0.350487 0.348668 0.344605 0.334648 0.307225 0.267012 0.225142 0.185357 0.169847 0.157577 0.146138 0.144363 0.143849 0.147243 0.147795 0.150219 0.156088 0.167720 0.180727 0.186752 0.191098 0.199738 0.217063 0.242910 0.275035 0.312085 0.341102 0.353840 0.356714 0.354267 0.355921 0.360938 0.366959 0.369865 0.370000 0.370000 0.370000 0.370000 0.370000 0.370000 0.370000 0.370000 0.370000 0.370000 0.370000 -9999.0 -9999.0 -9999.0 -9999.0 -9999.0 -9999.0 -9999.0 -9999.0 -9999.0 -9999.0
-9999.0 -9999.0 -9999.0 -9999.0 0.070725 0.074199 0.078037 0.083510 0.098009 0.123685 0.162968 0.211375 0.250693 0.268703 0.258166 0.251711 0.244323 0.241807 0.235123 0.230028 0.224970 0.219031 0.211126 0.205656 0.205058 0.207600 0.206395 0.197288 0.186922 0.169319 0.155663 0.138930 0.124633 0.115541 0.112027 0.110205 0.110334 0.109065 0.111551 0.113178 0.117396 0.122257 0.130819 0.142539 0.148240 0.155264 0.160377 0.172372 0.191565 0.230554 0.279602 0.317801 0.335180 0.336044 0.321170 0.310163 0.306935 0.323607 0.346005 0.363736 0.369710 0.369999 0.370000 0.370000 0.370000 0.370000 0.370000 0.370000 -9999.0 -9999.0 -9999.0 -9999.0 -9999.0 -9999.0 -9999.0 -9999.0 -9999.0 -9999.0 -9999.0 -9999.0
-9999.0 -9999.0 -9999.0 -9999.0 -9999.0 -9999.0 0.069974 0.071275 0.073192 0.077511 0.084947 0.095857 0.110401 0.116587 0.121223 0.128518 0.126656 0.121099 0.116289 0.121219 0.124105 0.122636 0.114555 0.114140 0.115067 0.117904 0.117671 0.115984 0.109450 0.111374 0.110939 0.105502 0.100205 0.097619 0.095732 0.097419 0.097601 0.095577 0.096045 0.100624 0.104620 0.107689 0.113477 0.123575 0.135467 0.141423 0.141708 0.144427 0.166095 0.213236 0.268346 0.306961 0.324883 0.328000 0.309777 0.278444 0.259315 0.262621 0.287629 0.322140 0.354404 0.364172 0.367586 0.368942 0.369651 0.370000 -9999.0 -9999.0 -9999.0 -9999.0 -9999.0 -9999.0 -9999.0 -9999.0 -9999.0 -9999.0 -9999.0 -9999.0 -9999.0 -9999.0
-9999.0 -9999.0 -9999.0 -9999.0 -9999.0 -9999.0 -9999.0 -9999.0 -9999.0 -9999.0 -9999.0 -9999.0 -9999.0 -9999.0 -9999.0 -9999.0 -9999.0 -9999.0 -9999.0 -9999.0 -9999.0 -9999.0 -9999.0 -9999.0 -9999.0 -9999.0 -9999.0 -9999.0 -9999.0 -9999.0 -9999.0 -9999.0 -9999.0 -9999.0 -9999.0 -9999.0 -9999.0 -9999.0 -9999.0 -9999.0 -9999.0 -9999.0 -9999.0 -9999.0 -9999.0 -9999.0 -9999.0 -9999.0 -9999.0 -9999.0 -9999.0 -9999.0 -9999.0 -9999.0 -9999.0 -9999.0 -9999.0 -9999.0 -9999.0 -9999.0 -9999.0 -9999.0 -9999.0 -9999.0 -9999.0 -9999.0 -9999.0 -9999.0 -9999.0 -9999.0 -9999.0 -9999.0 -9999.0 -9999.0 -9999.0 -9999.0 -9999.0 -9999.0 -9999.0 -9999.0
-9999.0 -9999.0 -9999.0 -9999.0 -9999.0 -9999.0 -9999.0 -9999.0 -9999.0 -9999.0 -9999.0 -9999.0 -9999.0 -9999.0 -9999.0 -9999.0 -9999.0 -9999.0 -9999.0 -9999.0 -9999.0 -9999.0 -9999.0 -9999.0 -9999.0 -9999.0 -9999.0 -9999.0 -9999.0 -9999.0 -9999.0 -9999.0 -9999.0 -9999.0 -9999.0 -9999.0 -9999.0 -9999.0 -9999.0 -9999.0 -9999.0 -9999.0 -9999.0 -9999.0 -9999.0 -9999.0 -9999.0 -9999.0 -9999.0 -9999.0 -9999.0 -9999.0 -9999.0 -9999.0 -9999.0 -9999.0 -9999.0 -9999.0 -9999.0 -9999.0 -9999.0 -9999.0 -9999.0 -9999.0 -9999.0 -9999.0 -9999.0 -9999.0 -9999.0 -9999.0 -9999.0 -9999.0 -9999.0 -9999.0 -9999.0 -9999.0 -9999.0 -9999.0 -9999.0 -9999.0