Borden_/Borden1m_014/output_maps/thetaliqL0003N0029.asc
ncols         80
nrows         18
xllcorner     620200.000000
yllcorner     5168000.000000
cellsize      1.000000
NODATA_value  -9999.0
-9999.0 -9999.0 -9999.0 -9999.0 -9999.0 -9999.0 -9999.0 -9999.0 -9999.0 -9999.0 -9999.0 -9999.0 -9999.0 -9999.0 -9999.0 -9999.0 -9999.0 -9999.0 -9999.0 -9999.0 -9999.0 -9999.0 -9999.0 -9999.0 -9999.0 -9999.0 -9999.0 -9999.0 -9999.0 -9999.0 -9999.0 -9999.0 -9999.0 -9999.0 -9999.0 -9999.0 -9999.0 -9999.0 -9999.0 -9999.0 -9999.0 -9999.0 -9999.0 -9999.0 -9999.0 -9999.0 -9999.0 -9999.0 -9999.0 -9999.0 -9999.0 -9999.0 -9999.0 -9999.0 -9999.0 -9999.0 -9999.0 -9999.0 -9999.0 -9999.0 -9999.0 -9999.0 -9999.0 -9999.0 -9999.0 -9999.0 -9999.0 -9999.0 -9999.0 -9999.0 -9999.0 -9999.0 -9999.0 -9999.0 -9999.0 -9999.0 -9999.0 -9999.0 -9999.0 -9999.0
-9999.0 -9999.0 -9999.0 -9999.0 -9999.0 -9999.0 -9999.0 -9999.0 -9999.0 -9999.0 -9999.0 -9999.0 -9999.0 -9999.0 -9999.0 -9999.0 -9999.0 -9999.0 -9999.0 -9999.0 -9999.0 -9999.0 -9999.0 -9999.0 -9999.0 -9999.0 -9999.0 -9999.0 -9999.0 -9999.0 -9999.0 -9999.0 -9999.0 -9999.0 -9999.0 -9999.0 -9999.0 -9999.0 -9999.0 -9999.0 -9999.0 -9999.0 -9999.0 -9999.0 -9999.0 -9999.0 -9999.0 -9999.0 -9999.0 -9999.0 -9999.0 -9999.0 -9999.0 -9999.0 -9999.0 -9999.0 -9999.0 -9999.0 -9999.0 -9999.0 -9999.0 -9999.0 -9999.0 -9999.0 -9999.0 -9999.0 -9999.0 -9999.0 -9999.0 -9999.0 -9999.0 -9999.0 -9999.0 -9999.0 -9999.0 -9999.0 -9999.0 -9999.0 -9999.0 -9999.0
-9999.0 -9999.0 -9999.0 -9999.0 -9999.0 -9999.0 -9999.0 -9999.0 -9999.0 -9999.0 -9999.0 -9999.0 -9999.0 -9999.0 -9999.0 -9999.0 -9999.0 -9999.0 -9999.0 -9999.0 0.198634 0.199470 0.197498 0.195236 0.193377 0.193177 0.195274 0.197781 0.200685 0.201309 0.199056 0.199565 0.198703 0.198245 0.198234 0.198859 0.199163 0.200104 0.200722 0.200474 0.199775 0.199266 0.198846 0.199016 0.199776 0.198721 0.200281 0.201866 0.202450 0.202373 0.200161 0.199221 0.198860 0.197146 0.200261 0.201260 0.203707 0.203989 0.204373 0.201613 0.198932 -9999.0 -9999.0 -9999.0 -9999.0 -9999.0 -9999.0 -9999.0 -9999.0 -9999.0 -9999.0 -9999.0 -9999.0 -9999.0 -9999.0 -9999.0 -9999.0 -9999.0 -9999.0 -9999.0
-9999.0 -9999.0 -9999.0 -9999.0 -9999.0 -9999.0 -9999.0 -9999.0 -9999.0 -9999.0 -9999.0 -9999.0 -9999.0 -9999.0 0.194720 0.193720 0.193263 0.193028 0.194911 0.196450 0.196602 0.195549 0.196345 0.194254 0.192437 0.193534 0.195189 0.196647 0.198989 0.200774 0.199178 0.198788 0.199677 0.202800 0.204260 0.203631 0.200083 0.203449 0.205282 0.206472 0.206313 0.204667 0.207011 0.209781 0.208398 0.205485 0.206081 0.207749 0.210462 0.208885 0.199863 0.198797 0.199177 0.199273 0.198080 0.197260 0.200427 0.200045 0.199484 0.198777 0.196798 0.193774 0.192472 0.195524 0.198431 0.204353 -9999.0 -9999.0 -9999.0 -9999.0 -9999.0 -9999.0 -9999.0 -9999.0 -9999.0 -9999.0 -9999.0 -9999.0 -9999.0 -9999.0
-9999.0 -9999.0 -9999.0 -9999.0 -9999.0 -9999.0 -9999.0 -9999.0 -9999.0 0.192893 0.192649 0.192934 0.192320 0.193206 0.191819 0.192167 0.191952 0.193239 0.194367 0.196255 0.198701 0.196982 0.196765 0.198018 0.198220 0.198799 0.200020 0.204246 0.209292 0.217151 0.210633 0.210338 0.213974 0.227588 0.240885 0.245296 0.237945 0.237995 0.247052 0.258535 0.258866 0.257880 0.271009 0.279371 0.285056 0.272516 0.260302 0.258449 0.273715 0.247767 0.227345 0.212483 0.213291 0.208233 0.202855 0.200842 0.200182 0.203844 0.202364 0.198876 0.196081 0.196761 0.195270 0.196755 0.197921 0.202441 0.206668 0.210802 0.211001 0.208385 -9999.0 -9999.0 -9999.0 -9999.0 -9999.0 -9999.0 -9999.0 -9999.0 -9999.0 -9999.0
-9999.0 -9999.0 -9999.0 -9999.0 -9999.0 -9999.0 0.190981 0.190894 0.191475 0.189816 0.191069 0.190271 0.191207 0.191661 0.192325 0.192425 0.194058 0.195579 0.198165 0.201673 0.204983 0.203386 0.204269 0.209055 0.218703 0.228119 0.234418 0.246404 0.290595 0.327739 0.339779 0.344823 0.350035 0.357658 0.365807 0.368786 0.365471 0.363124 0.365055 0.368182 0.369866 0.369876 0.369900 0.369926 0.369979 0.369972 0.368455 0.366709 0.365921 0.365037 0.359130 0.348070 0.318149 0.277727 0.240174 0.223140 0.220422 0.223114 0.216377 0.207761 0.202765 0.202623 0.201622 0.199925 0.200742 0.202631 0.205527 0.207337 0.205930 0.203978 0.202437 0.199497 0.199933 0.202772 -9999.0 -9999.0 -9999.0 -9999.0 -9999.0 -9999.0
-9999.0 -9999.0 -9999.0 -9999.0 0.188297 0.189085 0.186776 0.188109 0.189183 0.190033 0.190135 0.191627 0.192122 0.193256 0.195630 0.197600 0.201094 0.203896 0.211574 0.228208 0.245882 0.257794 0.266114 0.317192 0.350818 0.359858 0.362137 0.365108 0.368465 0.369986 0.369998 0.369989 0.370000 0.369999 0.370000 0.370000 0.370000 0.370000 0.370000 0.370000 0.370000 0.370000 0.370000 0.370000 0.370000 0.370000 0.370000 0.370000 0.370000 0.370000 0.370000 0.369995 0.369400 0.368159 0.366589 0.362426 0.351273 0.342400 0.298300 0.260624 0.233548 0.224965 0.217042 0.212956 0.207894 0.208747 0.210070 0.207484 0.204124 0.201010 0.200510 0.199153 0.197764 0.201351 0.202744 0.206796 -9999.0 -9999.0 -9999.0 -9999.0
-9999.0 -9999.0 0.188051 0.188200 0.190411 0.189144 0.188368 0.187284 0.187804 0.189981 0.194208 0.196258 0.199365 0.201194 0.208606 0.228132 0.254696 0.281288 0.332135 0.354389 0.363333 0.367284 0.369776 0.369958 0.369997 0.370000 0.370000 0.370000 0.370000 0.370000 0.370000 0.370000 0.370000 0.370000 0.370000 0.370000 0.370000 0.370000 0.370000 0.370000 0.370000 0.370000 0.370000 0.370000 0.370000 0.370000 0.370000 0.370000 0.370000 0.370000 0.370000 0.370000 0.370000 0.370000 0.370000 0.370000 0.369994 0.369506 0.368758 0.366595 0.357191 0.346782 0.314257 0.269641 0.242146 0.230664 0.219706 0.213063 0.207152 0.201939 0.200298 0.199295 0.199902 0.199470 0.201407 0.202943 0.205145 0.206022 -9999.0 -9999.0
-9999.0 0.187275 0.186679 0.190614 0.191506 0.192448 0.193635 0.194666 0.195870 0.194596 0.206602 0.231941 0.262490 0.277127 0.324097 0.359310 0.369804 0.369953 0.369987 0.369999 0.370000 0.370000 0.370000 0.370000 0.370000 0.370000 0.370000 0.370000 0.370000 0.370000 0.370000 0.370000 0.370000 0.370000 0.370000 0.370000 0.370000 0.370000 0.370000 0.370000 0.370000 0.370000 0.370000 0.370000 0.370000 0.370000 0.370000 0.370000 0.370000 0.370000 0.370000 0.370000 0.370000 0.370000 0.370000 0.370000 0.370000 0.370000 0.370000 0.370000 0.369945 0.369363 0.367303 0.360412 0.348485 0.310417 0.260926 0.236567 0.220018 0.213931 0.210180 0.203044 0.201159 0.202528 0.201608 0.201493 0.202363 0.203062 -9999.0 -9999.0
-9999.0 0.183752 0.187223 0.191627 0.197545 0.198882 0.219270 0.240681 0.249132 0.237852 0.301319 0.369833 0.369992 0.369993 0.370000 0.370000 0.370000 0.370000 0.370000 0.370000 0.370000 0.370000 0.370000 0.370000 0.370000 0.370000 0.370000 0.370000 0.370000 0.370000 0.370000 0.370000 0.370000 0.370000 0.369999 0.369996 0.369984 0.369683 0.368817 0.367499 0.366593 0.367873 0.367251 0.365804 0.365463 0.367365 0.368901 0.368719 0.368901 0.369462 0.369895 0.370000 0.370000 0.370000 0.370000 0.370000 0.370000 0.370000 0.370000 0.370000 0.370000 0.370000 0.370000 0.369898 0.368759 0.362743 0.353500 0.341897 0.295382 0.261483 0.239616 0.222948 0.211727 0.209112 0.203919 0.202905 -9999.0 -9999.0 -9999.0 -9999.0
-9999.0 0.183473 0.186918 0.195264 0.218331 0.256810 0.350171 0.368491 0.370000 0.369987 0.370000 0.370000 0.370000 0.370000 0.370000 0.370000 0.370000 0.370000 0.370000 0.370000 0.370000 0.370000 0.370000 0.370000 0.370000 0.370000 0.370000 0.370000 0.369981 0.369890 0.369689 0.369458 0.368561 0.361415 0.355657 0.350374 0.322451 0.311240 0.299031 0.275894 0.265270 0.258777 0.267420 0.265375 0.264675 0.270152 0.285038 0.298138 0.331770 0.348135 0.356173 0.363905 0.367017 0.369060 0.369838 0.370000 0.370000 0.370000 0.370000 0.370000 0.370000 0.370000 0.370000 0.370000 0.370000 0.369879 0.369262 0.366008 0.358974 0.350610 0.341850 0.308558 0.256891 0.225556 0.217742 -9999.0 -9999.0 -9999.0 -9999.0 -9999.0
-9999.0 0.178684 0.186850 0.193759 0.234155 0.353809 0.367230 0.370000 0.370000 0.370000 0.369984 0.370000 0.370000 0.370000 0.370000 0.370000 0.370000 0.370000 0.370000 0.370000 0.369954 0.369894 0.369885 0.369810 0.369569 0.369209 0.368792 0.367878 0.363289 0.356883 0.342274 0.325589 0.271046 0.240266 0.226797 0.215970 0.206504 0.206671 0.209570 0.206979 0.204197 0.201413 0.204828 0.206496 0.208046 0.206185 0.206816 0.211774 0.220473 0.230524 0.247404 0.276047 0.313741 0.346870 0.354207 0.362844 0.367227 0.369238 0.369955 0.370000 0.370000 0.370000 0.370000 0.370000 0.370000 0.370000 0.370000 0.369913 0.368031 0.365223 0.363134 0.359206 0.350101 -9999.0 -9999.0 -9999.0 -9999.0 -9999.0 -9999.0 -9999.0
-9999.0 0.176115 0.184636 0.186275 0.198537 0.229530 0.297687 0.354902 0.369710 0.363167 0.361018 0.364149 0.366744 0.368021 0.366610 0.363526 0.360536 0.361143 0.361396 0.357988 0.352726 0.350114 0.349898 0.347156 0.332008 0.317820 0.307838 0.288963 0.264393 0.241524 0.217997 0.207524 0.200629 0.198222 0.196482 0.194699 0.191582 0.193231 0.194555 0.194215 0.193223 0.192508 0.194855 0.195754 0.196521 0.194437 0.195960 0.197456 0.200776 0.204358 0.209628 0.217726 0.228800 0.237673 0.244715 0.259619 0.289334 0.339106 0.358832 0.368488 0.369864 0.370000 0.370000 0.370000 0.370000 0.370000 0.370000 0.370000 0.369068 0.367929 0.367711 -9999.0 -9999.0 -9999.0 -9999.0 -9999.0 -9999.0 -9999.0 -9999.0 -9999.0
-9999.0 -9999.0 0.174361 0.177830 0.180969 0.184537 0.189867 0.197139 0.203320 0.211920 0.225456 0.242575 0.255437 0.262036 0.253386 0.238034 0.230047 0.230540 0.228454 0.224468 0.217829 0.215467 0.213869 0.212595 0.209932 0.208812 0.208317 0.207271 0.205049 0.200385 0.196441 0.193763 0.190976 0.190957 0.190475 0.189544 0.190236 0.190054 0.190311 0.190194 0.190414 0.190857 0.191425 0.192192 0.192272 0.192496 0.192804 0.193680 0.195047 0.196919 0.200508 0.205881 0.210206 0.211324 0.209171 0.209872 0.213063 0.221221 0.250560 0.315674 0.353543 0.364674 0.369067 0.369814 0.369923 0.369999 0.370000 0.369879 0.364035 0.365484 -9999.0 -9999.0 -9999.0 -9999.0 -9999.0 -9999.0 -9999.0 -9999.0 -9999.0 -9999.0
-9999.0 -9999.0 -9999.0 -9999.0 0.172934 0.177764 0.182286 0.181951 0.185464 0.187814 0.190147 0.192992 0.195421 0.196974 0.195184 0.194744 0.194333 0.194555 0.194136 0.193662 0.193415 0.193094 0.192756 0.192330 0.192481 0.192872 0.192963 0.192244 0.192151 0.190802 0.190547 0.189710 0.188910 0.188041 0.188176 0.188079 0.188433 0.188042 0.188639 0.188314 0.188788 0.189026 0.189630 0.190600 0.190317 0.190878 0.190941 0.191698 0.192117 0.194261 0.197804 0.202049 0.205051 0.204965 0.201334 0.199788 0.198972 0.201305 0.205580 0.215247 0.243069 0.283741 0.340062 0.353643 0.359411 0.365519 0.368399 0.368792 -9999.0 -9999.0 -9999.0 -9999.0 -9999.0 -9999.0 -9999.0 -9999.0 -9999.0 -9999.0 -9999.0 -9999.0
-9999.0 -9999.0 -9999.0 -9999.0 -9999.0 -9999.0 0.174967 0.177394 0.176724 0.178644 0.180416 0.181862 0.184026 0.183834 0.184467 0.186135 0.185895 0.185087 0.184090 0.185544 0.186189 0.186320 0.184694 0.185127 0.185298 0.185921 0.185858 0.186105 0.184723 0.186318 0.187076 0.186731 0.186398 0.186671 0.186314 0.187324 0.187444 0.186628 0.186399 0.187588 0.187952 0.187816 0.188091 0.188964 0.190218 0.190440 0.189919 0.189214 0.190567 0.193712 0.197456 0.200944 0.203302 0.204048 0.200946 0.196941 0.194991 0.194790 0.196517 0.199921 0.208208 0.214588 0.220303 0.227661 0.237020 0.289789 -9999.0 -9999.0 -9999.0 -9999.0 -9999.0 -9999.0 -9999.0 -9999.0 -9999.0 -9999.0 -9999.0 -9999.0 -9999.0 -9999.0
-9999.0 -9999.0 -9999.0 -9999.0 -9999.0 -9999.0 -9999.0 -9999.0 -9999.0 -9999.0 -9999.0 -9999.0 -9999.0 -9999.0 -9999.0 -9999.0 -9999.0 -9999.0 -9999.0 -9999.0 -9999.0 -9999.0 -9999.0 -9999.0 -9999.0 -9999.0 -9999.0 -9999.0 -9999.0 -9999.0 -9999.0 -9999.0 -9999.0 -9999.0 -9999.0 -9999.0 -9999.0 -9999.0 -9999.0 -9999.0 -9999.0 -9999.0 -9999.0 -9999.0 -9999.0 -9999.0 -9999.0 -9999.0 -9999.0 -9999.0 -9999.0 -9999.0 -9999.0 -9999.0 -9999.0 -9999.0 -9999.0 -9999.0 -9999.0 -9999.0 -9999.0 -9999.0 -9999.0 -9999.0 -9999.0 -9999.0 -9999.0 -9999.0 -9999.0 -9999.0 -9999.0 -9999.0 -9999.0 -9999.0 -9999.0 -9999.0 -9999.0 -9999.0 -9999.0 -9999.0
-9999.0 -9999.0 -9999.0 -9999.0 -9999.0 -9999.0 -9999.0 -9999.0 -9999.0 -9999.0 -9999.0 -9999.0 -9999.0 -9999.0 -9999.0 -9999.0 -9999.0 -9999.0 -9999.0 -9999.0 -9999.0 -9999.0 -9999.0 -9999.0 -9999.0 -9999.0 -9999.0 -9999.0 -9999.0 -9999.0 -9999.0 -9999.0 -9999.0 -9999.0 -9999.0 -9999.0 -9999.0 -9999.0 -9999.0 -9999.0 -9999.0 -9999.0 -9999.0 -9999.0 -9999.0 -9999.0 -9999.0 -9999.0 -9999.0 -9999.0 -9999.0 -9999.0 -9999.0 -9999.0 -9999.0 -9999.0 -9999.0 -9999.0 -9999.0 -9999.0 -9999.0 -9999.0 -9999.0 -9999.0 -9999.0 -9999.0 -9999.0 -9999.0 -9999.0 -9999.0 -9999.0 -9999.0 -9999.0 -9999.0 -9999.0 -9999.0 -9999.0 -9999.0 -9999.0 -9999.0