Borden_/Borden1m_014/output_maps/thetaliqL0007N0027.asc
ncols         80
nrows         18
xllcorner     620200.000000
yllcorner     5168000.000000
cellsize      1.000000
NODATA_value  -9999.0
-9999.0 -9999.0 -9999.0 -9999.0 -9999.0 -9999.0 -9999.0 -9999.0 -9999.0 -9999.0 -9999.0 -9999.0 -9999.0 -9999.0 -9999.0 -9999.0 -9999.0 -9999.0 -9999.0 -9999.0 -9999.0 -9999.0 -9999.0 -9999.0 -9999.0 -9999.0 -9999.0 -9999.0 -9999.0 -9999.0 -9999.0 -9999.0 -9999.0 -9999.0 -9999.0 -9999.0 -9999.0 -9999.0 -9999.0 -9999.0 -9999.0 -9999.0 -9999.0 -9999.0 -9999.0 -9999.0 -9999.0 -9999.0 -9999.0 -9999.0 -9999.0 -9999.0 -9999.0 -9999.0 -9999.0 -9999.0 -9999.0 -9999.0 -9999.0 -9999.0 -9999.0 -9999.0 -9999.0 -9999.0 -9999.0 -9999.0 -9999.0 -9999.0 -9999.0 -9999.0 -9999.0 -9999.0 -9999.0 -9999.0 -9999.0 -9999.0 -9999.0 -9999.0 -9999.0 -9999.0
-9999.0 -9999.0 -9999.0 -9999.0 -9999.0 -9999.0 -9999.0 -9999.0 -9999.0 -9999.0 -9999.0 -9999.0 -9999.0 -9999.0 -9999.0 -9999.0 -9999.0 -9999.0 -9999.0 -9999.0 -9999.0 -9999.0 -9999.0 -9999.0 -9999.0 -9999.0 -9999.0 -9999.0 -9999.0 -9999.0 -9999.0 -9999.0 -9999.0 -9999.0 -9999.0 -9999.0 -9999.0 -9999.0 -9999.0 -9999.0 -9999.0 -9999.0 -9999.0 -9999.0 -9999.0 -9999.0 -9999.0 -9999.0 -9999.0 -9999.0 -9999.0 -9999.0 -9999.0 -9999.0 -9999.0 -9999.0 -9999.0 -9999.0 -9999.0 -9999.0 -9999.0 -9999.0 -9999.0 -9999.0 -9999.0 -9999.0 -9999.0 -9999.0 -9999.0 -9999.0 -9999.0 -9999.0 -9999.0 -9999.0 -9999.0 -9999.0 -9999.0 -9999.0 -9999.0 -9999.0
-9999.0 -9999.0 -9999.0 -9999.0 -9999.0 -9999.0 -9999.0 -9999.0 -9999.0 -9999.0 -9999.0 -9999.0 -9999.0 -9999.0 -9999.0 -9999.0 -9999.0 -9999.0 -9999.0 -9999.0 0.280941 0.283300 0.265147 0.237328 0.214594 0.215810 0.243544 0.276468 0.304314 0.311334 0.298903 0.299738 0.295971 0.296011 0.298305 0.302481 0.304187 0.312005 0.317434 0.317333 0.313447 0.309642 0.308666 0.311096 0.314285 0.308660 0.317322 0.326365 0.329917 0.327102 0.310466 0.299513 0.293738 0.283052 0.301297 0.310084 0.324334 0.326870 0.326362 0.310139 0.288975 -9999.0 -9999.0 -9999.0 -9999.0 -9999.0 -9999.0 -9999.0 -9999.0 -9999.0 -9999.0 -9999.0 -9999.0 -9999.0 -9999.0 -9999.0 -9999.0 -9999.0 -9999.0 -9999.0
-9999.0 -9999.0 -9999.0 -9999.0 -9999.0 -9999.0 -9999.0 -9999.0 -9999.0 -9999.0 -9999.0 -9999.0 -9999.0 -9999.0 0.209538 0.201715 0.199236 0.205251 0.231233 0.255287 0.265481 0.259115 0.258813 0.239391 0.223024 0.234064 0.257604 0.282379 0.307135 0.320313 0.312237 0.310433 0.317468 0.333508 0.340762 0.339733 0.329198 0.340178 0.346881 0.350420 0.350201 0.347292 0.352436 0.357001 0.355357 0.349907 0.350669 0.354065 0.357824 0.353620 0.326023 0.312616 0.310571 0.306179 0.297021 0.292325 0.309843 0.310766 0.305468 0.292964 0.268339 0.232828 0.218998 0.250116 0.285891 0.324992 -9999.0 -9999.0 -9999.0 -9999.0 -9999.0 -9999.0 -9999.0 -9999.0 -9999.0 -9999.0 -9999.0 -9999.0 -9999.0 -9999.0
-9999.0 -9999.0 -9999.0 -9999.0 -9999.0 -9999.0 -9999.0 -9999.0 -9999.0 0.171207 0.173155 0.177359 0.178172 0.188260 0.186926 0.191382 0.196776 0.215772 0.240143 0.268383 0.290699 0.282766 0.282792 0.292233 0.297853 0.307223 0.320636 0.341677 0.356474 0.364448 0.360283 0.360127 0.363700 0.368365 0.369613 0.369771 0.369474 0.369527 0.369854 0.369971 0.369977 0.369977 0.369998 0.370000 0.370000 0.369998 0.369982 0.369976 0.369997 0.369862 0.368197 0.362373 0.361771 0.354156 0.338172 0.326094 0.324114 0.335718 0.327847 0.304670 0.277695 0.270633 0.257642 0.270976 0.288976 0.321134 0.340755 0.351280 0.351508 0.345812 -9999.0 -9999.0 -9999.0 -9999.0 -9999.0 -9999.0 -9999.0 -9999.0 -9999.0 -9999.0
-9999.0 -9999.0 -9999.0 -9999.0 -9999.0 -9999.0 0.132335 0.135702 0.144137 0.146647 0.158756 0.162685 0.174586 0.186874 0.200838 0.213267 0.237515 0.263649 0.295987 0.325244 0.341640 0.340216 0.344881 0.356809 0.365169 0.368100 0.369166 0.369856 0.370000 0.370000 0.370000 0.370000 0.370000 0.370000 0.370000 0.370000 0.370000 0.370000 0.370000 0.370000 0.370000 0.370000 0.370000 0.370000 0.370000 0.370000 0.370000 0.370000 0.370000 0.370000 0.370000 0.370000 0.370000 0.369999 0.369607 0.367040 0.366611 0.367494 0.364210 0.352751 0.335659 0.329944 0.321611 0.312744 0.316191 0.327719 0.339415 0.344298 0.339458 0.329942 0.317095 0.298207 0.299628 0.316709 -9999.0 -9999.0 -9999.0 -9999.0 -9999.0 -9999.0
-9999.0 -9999.0 -9999.0 -9999.0 0.115595 0.119179 0.115599 0.122687 0.134231 0.148735 0.165824 0.189253 0.208343 0.231079 0.265016 0.295351 0.324777 0.342846 0.360351 0.368393 0.369806 0.369967 0.369994 0.370000 0.370000 0.370000 0.370000 0.370000 0.370000 0.370000 0.370000 0.370000 0.370000 0.370000 0.370000 0.370000 0.370000 0.370000 0.370000 0.370000 0.370000 0.370000 0.370000 0.370000 0.370000 0.370000 0.370000 0.370000 0.370000 0.370000 0.370000 0.370000 0.370000 0.370000 0.370000 0.370000 0.370000 0.370000 0.370000 0.369979 0.369229 0.367974 0.364906 0.360478 0.352590 0.352430 0.353135 0.346883 0.334331 0.317124 0.307919 0.295280 0.288208 0.309632 0.320881 0.337234 -9999.0 -9999.0 -9999.0 -9999.0
-9999.0 -9999.0 0.101732 0.113506 0.131732 0.134902 0.135660 0.137368 0.149257 0.177378 0.235349 0.278570 0.311993 0.330562 0.355439 0.368162 0.369940 0.370000 0.370000 0.370000 0.370000 0.370000 0.370000 0.370000 0.370000 0.370000 0.370000 0.370000 0.370000 0.370000 0.370000 0.370000 0.370000 0.370000 0.370000 0.370000 0.370000 0.370000 0.370000 0.370000 0.370000 0.370000 0.370000 0.370000 0.370000 0.370000 0.370000 0.370000 0.370000 0.370000 0.370000 0.370000 0.370000 0.370000 0.370000 0.370000 0.370000 0.370000 0.370000 0.370000 0.370000 0.370000 0.370000 0.369996 0.369786 0.368995 0.365910 0.359900 0.347801 0.328103 0.314829 0.303010 0.301922 0.302825 0.313788 0.323467 0.331892 0.335759 -9999.0 -9999.0
-9999.0 0.087184 0.097064 0.130642 0.168583 0.197760 0.229180 0.253140 0.272121 0.282746 0.348085 0.368219 0.369972 0.369999 0.370000 0.370000 0.370000 0.370000 0.370000 0.370000 0.370000 0.370000 0.370000 0.370000 0.370000 0.370000 0.370000 0.370000 0.370000 0.370000 0.370000 0.370000 0.370000 0.370000 0.370000 0.370000 0.370000 0.370000 0.370000 0.370000 0.370000 0.370000 0.370000 0.370000 0.370000 0.370000 0.370000 0.370000 0.370000 0.370000 0.370000 0.370000 0.370000 0.370000 0.370000 0.370000 0.370000 0.370000 0.370000 0.370000 0.370000 0.370000 0.370000 0.370000 0.370000 0.370000 0.369986 0.369542 0.366326 0.360992 0.353831 0.334065 0.321595 0.322776 0.317532 0.316265 0.320502 0.324317 -9999.0 -9999.0
-9999.0 0.081069 0.097286 0.158107 0.263359 0.310671 0.361303 0.369084 0.369713 0.369362 0.370000 0.370000 0.370000 0.370000 0.370000 0.370000 0.370000 0.370000 0.370000 0.370000 0.370000 0.370000 0.370000 0.370000 0.370000 0.370000 0.370000 0.370000 0.370000 0.370000 0.370000 0.370000 0.370000 0.370000 0.370000 0.370000 0.370000 0.370000 0.370000 0.370000 0.370000 0.370000 0.370000 0.370000 0.370000 0.370000 0.370000 0.370000 0.370000 0.370000 0.370000 0.370000 0.370000 0.370000 0.370000 0.370000 0.370000 0.370000 0.370000 0.370000 0.370000 0.370000 0.370000 0.370000 0.370000 0.370000 0.370000 0.370000 0.370000 0.369972 0.369542 0.366818 0.358111 0.350216 0.334559 0.323534 -9999.0 -9999.0 -9999.0 -9999.0
-9999.0 0.077348 0.094952 0.200840 0.358912 0.369827 0.370000 0.370000 0.370000 0.370000 0.370000 0.370000 0.370000 0.370000 0.370000 0.370000 0.370000 0.370000 0.370000 0.370000 0.370000 0.370000 0.370000 0.370000 0.370000 0.370000 0.370000 0.370000 0.370000 0.370000 0.370000 0.370000 0.370000 0.370000 0.370000 0.370000 0.370000 0.370000 0.370000 0.369998 0.369989 0.369968 0.369991 0.369990 0.369990 0.369996 0.370000 0.370000 0.370000 0.370000 0.370000 0.370000 0.370000 0.370000 0.370000 0.370000 0.370000 0.370000 0.370000 0.370000 0.370000 0.370000 0.370000 0.370000 0.370000 0.370000 0.370000 0.370000 0.370000 0.370000 0.370000 0.370000 0.369941 0.366910 0.361788 -9999.0 -9999.0 -9999.0 -9999.0 -9999.0
-9999.0 0.072315 0.085766 0.172624 0.365294 0.370000 0.370000 0.370000 0.370000 0.370000 0.370000 0.370000 0.370000 0.370000 0.370000 0.370000 0.370000 0.370000 0.370000 0.370000 0.370000 0.370000 0.370000 0.370000 0.370000 0.370000 0.370000 0.370000 0.370000 0.370000 0.370000 0.370000 0.369994 0.369590 0.367872 0.362905 0.350238 0.349064 0.353503 0.347749 0.338602 0.329233 0.341323 0.347128 0.350704 0.347634 0.350842 0.359835 0.366599 0.369055 0.369897 0.369999 0.370000 0.370000 0.370000 0.370000 0.370000 0.370000 0.370000 0.370000 0.370000 0.370000 0.370000 0.370000 0.370000 0.370000 0.370000 0.370000 0.370000 0.370000 0.370000 0.370000 0.370000 -9999.0 -9999.0 -9999.0 -9999.0 -9999.0 -9999.0 -9999.0
-9999.0 0.070095 0.075212 0.096631 0.236323 0.364021 0.369999 0.370000 0.370000 0.370000 0.370000 0.370000 0.370000 0.370000 0.370000 0.370000 0.370000 0.370000 0.370000 0.370000 0.370000 0.370000 0.370000 0.370000 0.370000 0.370000 0.370000 0.370000 0.369986 0.369621 0.365041 0.350904 0.321927 0.297345 0.273849 0.246721 0.215082 0.223486 0.235524 0.231586 0.221383 0.217521 0.241126 0.255815 0.263800 0.252632 0.267210 0.288096 0.316901 0.338896 0.355420 0.365112 0.368832 0.369650 0.369860 0.369984 0.370000 0.370000 0.370000 0.370000 0.370000 0.370000 0.370000 0.370000 0.370000 0.370000 0.370000 0.370000 0.370000 0.370000 0.370000 -9999.0 -9999.0 -9999.0 -9999.0 -9999.0 -9999.0 -9999.0 -9999.0 -9999.0
-9999.0 -9999.0 0.070064 0.073744 0.081684 0.107719 0.164917 0.239386 0.296648 0.345064 0.365051 0.369369 0.369890 0.369957 0.369873 0.369247 0.368213 0.368204 0.367685 0.366559 0.363712 0.362167 0.360509 0.358823 0.355185 0.352738 0.350864 0.346759 0.336830 0.309706 0.269455 0.227018 0.186449 0.170574 0.158070 0.146461 0.144632 0.144098 0.147507 0.148055 0.150490 0.156398 0.168123 0.181239 0.187328 0.191729 0.200483 0.218015 0.244131 0.276468 0.313502 0.342200 0.354678 0.357544 0.355350 0.357122 0.362013 0.367470 0.369934 0.370000 0.370000 0.370000 0.370000 0.370000 0.370000 0.370000 0.370000 0.370000 0.370000 0.370000 -9999.0 -9999.0 -9999.0 -9999.0 -9999.0 -9999.0 -9999.0 -9999.0 -9999.0 -9999.0
-9999.0 -9999.0 -9999.0 -9999.0 0.070725 0.074199 0.078039 0.083528 0.098104 0.124099 0.164210 0.213819 0.253757 0.271904 0.261426 0.254876 0.247437 0.244888 0.238114 0.232884 0.227619 0.221441 0.213272 0.207584 0.206831 0.209291 0.207961 0.198615 0.187973 0.170024 0.156114 0.139168 0.124745 0.115598 0.112065 0.110234 0.110361 0.109088 0.111578 0.113209 0.117437 0.122313 0.130905 0.142675 0.148408 0.155475 0.160630 0.172723 0.192097 0.231405 0.280640 0.318776 0.336065 0.337035 0.322580 0.311966 0.309147 0.325958 0.347975 0.364588 0.369830 0.370000 0.370000 0.370000 0.370000 0.370000 0.370000 0.370000 -9999.0 -9999.0 -9999.0 -9999.0 -9999.0 -9999.0 -9999.0 -9999.0 -9999.0 -9999.0 -9999.0 -9999.0
-9999.0 -9999.0 -9999.0 -9999.0 -9999.0 -9999.0 0.069974 0.071275 0.073192 0.077511 0.084949 0.095874 0.110490 0.116740 0.121425 0.128802 0.126913 0.121288 0.116424 0.121391 0.124296 0.122802 0.114651 0.114228 0.115157 0.118008 0.117769 0.116065 0.109495 0.111421 0.110979 0.105523 0.100215 0.097625 0.095736 0.097424 0.097606 0.095580 0.096048 0.100630 0.104630 0.107703 0.113501 0.123622 0.135551 0.141532 0.141825 0.144568 0.166365 0.213822 0.269168 0.307788 0.325679 0.328856 0.310938 0.279979 0.261141 0.264806 0.290191 0.324726 0.355791 0.364959 0.367959 0.369112 0.369759 0.370000 -9999.0 -9999.0 -9999.0 -9999.0 -9999.0 -9999.0 -9999.0 -9999.0 -9999.0 -9999.0 -9999.0 -9999.0 -9999.0 -9999.0
-9999.0 -9999.0 -9999.0 -9999.0 -9999.0 -9999.0 -9999.0 -9999.0 -9999.0 -9999.0 -9999.0 -9999.0 -9999.0 -9999.0 -9999.0 -9999.0 -9999.0 -9999.0 -9999.0 -9999.0 -9999.0 -9999.0 -9999.0 -9999.0 -9999.0 -9999.0 -9999.0 -9999.0 -9999.0 -9999.0 -9999.0 -9999.0 -9999.0 -9999.0 -9999.0 -9999.0 -9999.0 -9999.0 -9999.0 -9999.0 -9999.0 -9999.0 -9999.0 -9999.0 -9999.0 -9999.0 -9999.0 -9999.0 -9999.0 -9999.0 -9999.0 -9999.0 -9999.0 -9999.0 -9999.0 -9999.0 -9999.0 -9999.0 -9999.0 -9999.0 -9999.0 -9999.0 -9999.0 -9999.0 -9999.0 -9999.0 -9999.0 -9999.0 -9999.0 -9999.0 -9999.0 -9999.0 -9999.0 -9999.0 -9999.0 -9999.0 -9999.0 -9999.0 -9999.0 -9999.0
-9999.0 -9999.0 -9999.0 -9999.0 -9999.0 -9999.0 -9999.0 -9999.0 -9999.0 -9999.0 -9999.0 -9999.0 -9999.0 -9999.0 -9999.0 -9999.0 -9999.0 -9999.0 -9999.0 -9999.0 -9999.0 -9999.0 -9999.0 -9999.0 -9999.0 -9999.0 -9999.0 -9999.0 -9999.0 -9999.0 -9999.0 -9999.0 -9999.0 -9999.0 -9999.0 -9999.0 -9999.0 -9999.0 -9999.0 -9999.0 -9999.0 -9999.0 -9999.0 -9999.0 -9999.0 -9999.0 -9999.0 -9999.0 -9999.0 -9999.0 -9999.0 -9999.0 -9999.0 -9999.0 -9999.0 -9999.0 -9999.0 -9999.0 -9999.0 -9999.0 -9999.0 -9999.0 -9999.0 -9999.0 -9999.0 -9999.0 -9999.0 -9999.0 -9999.0 -9999.0 -9999.0 -9999.0 -9999.0 -9999.0 -9999.0 -9999.0 -9999.0 -9999.0 -9999.0 -9999.0