Borden_/Borden1m_014/output_maps/thetaliqL0004N0009.asc
ncols         80
nrows         18
xllcorner     620200.000000
yllcorner     5168000.000000
cellsize      1.000000
NODATA_value  -9999.0
-9999.0 -9999.0 -9999.0 -9999.0 -9999.0 -9999.0 -9999.0 -9999.0 -9999.0 -9999.0 -9999.0 -9999.0 -9999.0 -9999.0 -9999.0 -9999.0 -9999.0 -9999.0 -9999.0 -9999.0 -9999.0 -9999.0 -9999.0 -9999.0 -9999.0 -9999.0 -9999.0 -9999.0 -9999.0 -9999.0 -9999.0 -9999.0 -9999.0 -9999.0 -9999.0 -9999.0 -9999.0 -9999.0 -9999.0 -9999.0 -9999.0 -9999.0 -9999.0 -9999.0 -9999.0 -9999.0 -9999.0 -9999.0 -9999.0 -9999.0 -9999.0 -9999.0 -9999.0 -9999.0 -9999.0 -9999.0 -9999.0 -9999.0 -9999.0 -9999.0 -9999.0 -9999.0 -9999.0 -9999.0 -9999.0 -9999.0 -9999.0 -9999.0 -9999.0 -9999.0 -9999.0 -9999.0 -9999.0 -9999.0 -9999.0 -9999.0 -9999.0 -9999.0 -9999.0 -9999.0
-9999.0 -9999.0 -9999.0 -9999.0 -9999.0 -9999.0 -9999.0 -9999.0 -9999.0 -9999.0 -9999.0 -9999.0 -9999.0 -9999.0 -9999.0 -9999.0 -9999.0 -9999.0 -9999.0 -9999.0 -9999.0 -9999.0 -9999.0 -9999.0 -9999.0 -9999.0 -9999.0 -9999.0 -9999.0 -9999.0 -9999.0 -9999.0 -9999.0 -9999.0 -9999.0 -9999.0 -9999.0 -9999.0 -9999.0 -9999.0 -9999.0 -9999.0 -9999.0 -9999.0 -9999.0 -9999.0 -9999.0 -9999.0 -9999.0 -9999.0 -9999.0 -9999.0 -9999.0 -9999.0 -9999.0 -9999.0 -9999.0 -9999.0 -9999.0 -9999.0 -9999.0 -9999.0 -9999.0 -9999.0 -9999.0 -9999.0 -9999.0 -9999.0 -9999.0 -9999.0 -9999.0 -9999.0 -9999.0 -9999.0 -9999.0 -9999.0 -9999.0 -9999.0 -9999.0 -9999.0
-9999.0 -9999.0 -9999.0 -9999.0 -9999.0 -9999.0 -9999.0 -9999.0 -9999.0 -9999.0 -9999.0 -9999.0 -9999.0 -9999.0 -9999.0 -9999.0 -9999.0 -9999.0 -9999.0 -9999.0 0.097278 0.097959 0.094689 0.090755 0.087968 0.087994 0.091360 0.096172 0.101833 0.103562 0.100140 0.100406 0.099350 0.099189 0.099576 0.100520 0.100888 0.102877 0.104383 0.104259 0.103058 0.101996 0.101557 0.102149 0.103131 0.101611 0.104156 0.107269 0.108720 0.107840 0.102699 0.100180 0.099093 0.096842 0.101105 0.103386 0.108122 0.109099 0.109167 0.103730 0.098658 -9999.0 -9999.0 -9999.0 -9999.0 -9999.0 -9999.0 -9999.0 -9999.0 -9999.0 -9999.0 -9999.0 -9999.0 -9999.0 -9999.0 -9999.0 -9999.0 -9999.0 -9999.0 -9999.0
-9999.0 -9999.0 -9999.0 -9999.0 -9999.0 -9999.0 -9999.0 -9999.0 -9999.0 -9999.0 -9999.0 -9999.0 -9999.0 -9999.0 0.088058 0.087026 0.086653 0.087068 0.090051 0.093100 0.094381 0.093217 0.093436 0.090574 0.088388 0.089776 0.092794 0.096482 0.101554 0.105237 0.102565 0.101940 0.103814 0.109681 0.113090 0.112235 0.106876 0.112203 0.116288 0.118950 0.118605 0.115991 0.120358 0.125619 0.123314 0.117920 0.118785 0.122238 0.127416 0.122876 0.106052 0.102358 0.102224 0.101444 0.099378 0.098326 0.102876 0.103039 0.101738 0.099158 0.094827 0.089826 0.088114 0.092255 0.098040 0.108971 -9999.0 -9999.0 -9999.0 -9999.0 -9999.0 -9999.0 -9999.0 -9999.0 -9999.0 -9999.0 -9999.0 -9999.0 -9999.0 -9999.0
-9999.0 -9999.0 -9999.0 -9999.0 -9999.0 -9999.0 -9999.0 -9999.0 -9999.0 0.084368 0.084414 0.084831 0.084666 0.085755 0.085173 0.085637 0.086010 0.088031 0.090708 0.094555 0.098635 0.096708 0.096584 0.098497 0.099530 0.101411 0.104783 0.113498 0.125187 0.140717 0.128909 0.128036 0.134820 0.157804 0.182683 0.189991 0.176859 0.176878 0.194111 0.214077 0.213138 0.211510 0.230051 0.240424 0.247840 0.233110 0.216969 0.213900 0.234995 0.195877 0.156422 0.131920 0.133062 0.122570 0.111293 0.106439 0.105827 0.111424 0.108201 0.101149 0.095693 0.095045 0.092966 0.095147 0.098267 0.106923 0.116119 0.124916 0.125349 0.120024 -9999.0 -9999.0 -9999.0 -9999.0 -9999.0 -9999.0 -9999.0 -9999.0 -9999.0 -9999.0
-9999.0 -9999.0 -9999.0 -9999.0 -9999.0 -9999.0 0.080858 0.081063 0.081872 0.081482 0.082785 0.082810 0.084016 0.085119 0.086447 0.087536 0.090343 0.093699 0.099240 0.106975 0.114145 0.112556 0.114767 0.124670 0.141201 0.156803 0.169301 0.192856 0.252784 0.290218 0.303318 0.307898 0.316270 0.358279 0.370000 0.370000 0.370000 0.370000 0.370000 0.370000 0.370000 0.370000 0.370000 0.370000 0.370000 0.370000 0.370000 0.370000 0.370000 0.370000 0.366667 0.314641 0.277638 0.239082 0.181817 0.147642 0.145805 0.153879 0.140298 0.121704 0.110656 0.108849 0.106167 0.103383 0.104603 0.108772 0.114764 0.118260 0.115213 0.110525 0.105972 0.100669 0.101125 0.106111 -9999.0 -9999.0 -9999.0 -9999.0 -9999.0 -9999.0
-9999.0 -9999.0 -9999.0 -9999.0 0.078701 0.079233 0.078213 0.079165 0.080363 0.081699 0.083003 0.085304 0.087033 0.089442 0.093903 0.098959 0.106518 0.113757 0.129851 0.159911 0.192156 0.212433 0.222308 0.273108 0.329214 0.367125 0.370000 0.370000 0.370000 0.370000 0.370000 0.370000 0.370000 0.370000 0.370000 0.370000 0.370000 0.370000 0.370000 0.370000 0.370000 0.370000 0.370000 0.370000 0.370000 0.370000 0.370000 0.370000 0.370000 0.370000 0.370000 0.370000 0.370000 0.370000 0.370000 0.370000 0.329165 0.306469 0.259590 0.216827 0.169670 0.156412 0.142148 0.132707 0.122502 0.123364 0.125047 0.119475 0.111956 0.105276 0.102926 0.099943 0.098284 0.103798 0.107290 0.114955 -9999.0 -9999.0 -9999.0 -9999.0
-9999.0 -9999.0 0.077569 0.078517 0.080619 0.080416 0.080237 0.080031 0.081075 0.083870 0.090286 0.095990 0.102899 0.108152 0.123402 0.158200 0.205945 0.241488 0.288958 0.347484 0.370000 0.370000 0.370000 0.370000 0.370000 0.370000 0.370000 0.370000 0.370000 0.370000 0.370000 0.370000 0.370000 0.370000 0.370000 0.370000 0.370000 0.370000 0.370000 0.370000 0.370000 0.370000 0.370000 0.370000 0.370000 0.370000 0.370000 0.370000 0.370000 0.370000 0.370000 0.370000 0.370000 0.370000 0.370000 0.370000 0.370000 0.370000 0.370000 0.370000 0.365919 0.319016 0.272022 0.229023 0.191363 0.172635 0.149243 0.133517 0.119592 0.108641 0.104342 0.101393 0.101471 0.101583 0.104826 0.108168 0.112007 0.113992 -9999.0 -9999.0
-9999.0 0.076132 0.076742 0.080641 0.083754 0.086401 0.089706 0.092662 0.095294 0.096044 0.117891 0.163182 0.220532 0.238681 0.280951 0.361743 0.370000 0.370000 0.370000 0.370000 0.370000 0.370000 0.370000 0.370000 0.370000 0.370000 0.370000 0.370000 0.370000 0.370000 0.370000 0.370000 0.370000 0.370000 0.370000 0.370000 0.370000 0.370000 0.370000 0.370000 0.370000 0.370000 0.370000 0.370000 0.370000 0.370000 0.370000 0.370000 0.370000 0.370000 0.370000 0.370000 0.370000 0.370000 0.370000 0.370000 0.370000 0.370000 0.370000 0.370000 0.370000 0.370000 0.370000 0.370000 0.328491 0.266800 0.220465 0.183723 0.150344 0.135577 0.125788 0.111343 0.106560 0.107588 0.105818 0.105509 0.107078 0.108535 -9999.0 -9999.0
-9999.0 0.074433 0.076949 0.083106 0.095014 0.103116 0.137144 0.182616 0.198001 0.181516 0.258667 0.370000 0.370000 0.370000 0.370000 0.370000 0.370000 0.370000 0.370000 0.370000 0.370000 0.370000 0.370000 0.370000 0.370000 0.370000 0.370000 0.370000 0.370000 0.370000 0.370000 0.370000 0.370000 0.370000 0.370000 0.370000 0.370000 0.370000 0.370000 0.370000 0.370000 0.370000 0.370000 0.370000 0.370000 0.370000 0.370000 0.370000 0.370000 0.370000 0.370000 0.370000 0.370000 0.370000 0.370000 0.370000 0.370000 0.370000 0.370000 0.370000 0.370000 0.370000 0.370000 0.370000 0.370000 0.370000 0.353473 0.310605 0.257843 0.221534 0.187989 0.155633 0.131201 0.123119 0.112416 0.108079 -9999.0 -9999.0 -9999.0 -9999.0
-9999.0 0.073967 0.076663 0.088158 0.137469 0.207634 0.367233 0.370000 0.370000 0.370000 0.370000 0.370000 0.370000 0.370000 0.370000 0.370000 0.370000 0.370000 0.370000 0.370000 0.370000 0.370000 0.370000 0.370000 0.370000 0.370000 0.370000 0.370000 0.370000 0.370000 0.370000 0.370000 0.370000 0.370000 0.347164 0.323227 0.280411 0.274914 0.262969 0.237270 0.223547 0.214920 0.227135 0.223501 0.222313 0.230374 0.248722 0.259857 0.291630 0.320049 0.355547 0.370000 0.370000 0.370000 0.370000 0.370000 0.370000 0.370000 0.370000 0.370000 0.370000 0.370000 0.370000 0.370000 0.370000 0.370000 0.370000 0.370000 0.370000 0.365866 0.326391 0.272234 0.217013 0.160975 0.142140 -9999.0 -9999.0 -9999.0 -9999.0 -9999.0
-9999.0 0.072075 0.075828 0.085464 0.164020 0.370000 0.370000 0.370000 0.370000 0.370000 0.370000 0.370000 0.370000 0.370000 0.370000 0.370000 0.370000 0.370000 0.370000 0.370000 0.370000 0.370000 0.370000 0.370000 0.370000 0.370000 0.370000 0.370000 0.370000 0.365404 0.303326 0.289062 0.231220 0.180480 0.155342 0.135561 0.118745 0.118463 0.123234 0.118185 0.112522 0.108009 0.113940 0.117597 0.120520 0.117617 0.119696 0.130196 0.148827 0.168589 0.197369 0.236116 0.271203 0.314753 0.345413 0.370000 0.370000 0.370000 0.370000 0.370000 0.370000 0.370000 0.370000 0.370000 0.370000 0.370000 0.370000 0.370000 0.370000 0.370000 0.370000 0.370000 0.345825 -9999.0 -9999.0 -9999.0 -9999.0 -9999.0 -9999.0 -9999.0
-9999.0 0.071211 0.074058 0.076674 0.094025 0.155180 0.259791 0.345770 0.370000 0.370000 0.370000 0.370000 0.370000 0.370000 0.370000 0.370000 0.370000 0.369937 0.369598 0.358635 0.336422 0.323461 0.323712 0.317848 0.294371 0.280196 0.271234 0.252395 0.221882 0.184225 0.141867 0.119947 0.105696 0.099609 0.095466 0.091655 0.087531 0.088834 0.090469 0.089945 0.088614 0.088001 0.091053 0.092941 0.094156 0.092088 0.094313 0.097773 0.104603 0.112969 0.125367 0.144163 0.168550 0.184895 0.193900 0.214760 0.248120 0.296226 0.367823 0.370000 0.370000 0.370000 0.370000 0.370000 0.370000 0.370000 0.370000 0.370000 0.370000 0.370000 0.370000 -9999.0 -9999.0 -9999.0 -9999.0 -9999.0 -9999.0 -9999.0 -9999.0 -9999.0
-9999.0 -9999.0 0.070828 0.072030 0.073715 0.077273 0.083843 0.092503 0.101814 0.118240 0.146941 0.183607 0.208869 0.220131 0.204936 0.175268 0.158778 0.159361 0.155280 0.148126 0.137272 0.134027 0.131202 0.128915 0.124310 0.122039 0.120723 0.118007 0.112588 0.103043 0.094942 0.089381 0.084956 0.083713 0.082604 0.081422 0.081501 0.081409 0.081749 0.081746 0.081987 0.082563 0.083632 0.084887 0.085387 0.085795 0.086613 0.088420 0.091421 0.095943 0.103829 0.115559 0.125795 0.128880 0.124948 0.126419 0.133551 0.150857 0.200249 0.270307 0.348518 0.370000 0.370000 0.370000 0.370000 0.370000 0.370000 0.370000 0.370000 0.370000 -9999.0 -9999.0 -9999.0 -9999.0 -9999.0 -9999.0 -9999.0 -9999.0 -9999.0 -9999.0
-9999.0 -9999.0 -9999.0 -9999.0 0.070636 0.072068 0.073649 0.074144 0.076531 0.079437 0.083345 0.088403 0.093130 0.095868 0.093760 0.092636 0.091633 0.091503 0.090703 0.089973 0.089348 0.088687 0.087899 0.087265 0.087235 0.087560 0.087482 0.086454 0.085573 0.083659 0.082487 0.080944 0.079605 0.078630 0.078406 0.078230 0.078359 0.078132 0.078524 0.078532 0.079006 0.079447 0.080282 0.081467 0.081779 0.082485 0.082888 0.084059 0.085711 0.089886 0.096926 0.105900 0.112705 0.112939 0.106303 0.102912 0.101886 0.106727 0.117000 0.138655 0.189781 0.241928 0.299449 0.345601 0.370000 0.370000 0.370000 0.370000 -9999.0 -9999.0 -9999.0 -9999.0 -9999.0 -9999.0 -9999.0 -9999.0 -9999.0 -9999.0 -9999.0 -9999.0
-9999.0 -9999.0 -9999.0 -9999.0 -9999.0 -9999.0 0.070928 0.071629 0.071720 0.072678 0.073897 0.075295 0.077115 0.077562 0.078073 0.079091 0.078866 0.078211 0.077566 0.078347 0.078739 0.078666 0.077574 0.077656 0.077772 0.078176 0.078139 0.078077 0.077157 0.077765 0.077960 0.077427 0.076902 0.076783 0.076515 0.076984 0.077039 0.076605 0.076568 0.077325 0.077756 0.077944 0.078474 0.079517 0.080812 0.081317 0.081160 0.081130 0.083205 0.088103 0.095264 0.102943 0.108436 0.109697 0.103425 0.096331 0.093134 0.093463 0.097505 0.105776 0.123913 0.139430 0.151694 0.162130 0.177437 0.249465 -9999.0 -9999.0 -9999.0 -9999.0 -9999.0 -9999.0 -9999.0 -9999.0 -9999.0 -9999.0 -9999.0 -9999.0 -9999.0 -9999.0
-9999.0 -9999.0 -9999.0 -9999.0 -9999.0 -9999.0 -9999.0 -9999.0 -9999.0 -9999.0 -9999.0 -9999.0 -9999.0 -9999.0 -9999.0 -9999.0 -9999.0 -9999.0 -9999.0 -9999.0 -9999.0 -9999.0 -9999.0 -9999.0 -9999.0 -9999.0 -9999.0 -9999.0 -9999.0 -9999.0 -9999.0 -9999.0 -9999.0 -9999.0 -9999.0 -9999.0 -9999.0 -9999.0 -9999.0 -9999.0 -9999.0 -9999.0 -9999.0 -9999.0 -9999.0 -9999.0 -9999.0 -9999.0 -9999.0 -9999.0 -9999.0 -9999.0 -9999.0 -9999.0 -9999.0 -9999.0 -9999.0 -9999.0 -9999.0 -9999.0 -9999.0 -9999.0 -9999.0 -9999.0 -9999.0 -9999.0 -9999.0 -9999.0 -9999.0 -9999.0 -9999.0 -9999.0 -9999.0 -9999.0 -9999.0 -9999.0 -9999.0 -9999.0 -9999.0 -9999.0
-9999.0 -9999.0 -9999.0 -9999.0 -9999.0 -9999.0 -9999.0 -9999.0 -9999.0 -9999.0 -9999.0 -9999.0 -9999.0 -9999.0 -9999.0 -9999.0 -9999.0 -9999.0 -9999.0 -9999.0 -9999.0 -9999.0 -9999.0 -9999.0 -9999.0 -9999.0 -9999.0 -9999.0 -9999.0 -9999.0 -9999.0 -9999.0 -9999.0 -9999.0 -9999.0 -9999.0 -9999.0 -9999.0 -9999.0 -9999.0 -9999.0 -9999.0 -9999.0 -9999.0 -9999.0 -9999.0 -9999.0 -9999.0 -9999.0 -9999.0 -9999.0 -9999.0 -9999.0 -9999.0 -9999.0 -9999.0 -9999.0 -9999.0 -9999.0 -9999.0 -9999.0 -9999.0 -9999.0 -9999.0 -9999.0 -9999.0 -9999.0 -9999.0 -9999.0 -9999.0 -9999.0 -9999.0 -9999.0 -9999.0 -9999.0 -9999.0 -9999.0 -9999.0 -9999.0 -9999.0