Borden_/Borden1m_014/output_maps/thetaliqL0003N0037.asc
ncols         80
nrows         18
xllcorner     620200.000000
yllcorner     5168000.000000
cellsize      1.000000
NODATA_value  -9999.0
-9999.0 -9999.0 -9999.0 -9999.0 -9999.0 -9999.0 -9999.0 -9999.0 -9999.0 -9999.0 -9999.0 -9999.0 -9999.0 -9999.0 -9999.0 -9999.0 -9999.0 -9999.0 -9999.0 -9999.0 -9999.0 -9999.0 -9999.0 -9999.0 -9999.0 -9999.0 -9999.0 -9999.0 -9999.0 -9999.0 -9999.0 -9999.0 -9999.0 -9999.0 -9999.0 -9999.0 -9999.0 -9999.0 -9999.0 -9999.0 -9999.0 -9999.0 -9999.0 -9999.0 -9999.0 -9999.0 -9999.0 -9999.0 -9999.0 -9999.0 -9999.0 -9999.0 -9999.0 -9999.0 -9999.0 -9999.0 -9999.0 -9999.0 -9999.0 -9999.0 -9999.0 -9999.0 -9999.0 -9999.0 -9999.0 -9999.0 -9999.0 -9999.0 -9999.0 -9999.0 -9999.0 -9999.0 -9999.0 -9999.0 -9999.0 -9999.0 -9999.0 -9999.0 -9999.0 -9999.0
-9999.0 -9999.0 -9999.0 -9999.0 -9999.0 -9999.0 -9999.0 -9999.0 -9999.0 -9999.0 -9999.0 -9999.0 -9999.0 -9999.0 -9999.0 -9999.0 -9999.0 -9999.0 -9999.0 -9999.0 -9999.0 -9999.0 -9999.0 -9999.0 -9999.0 -9999.0 -9999.0 -9999.0 -9999.0 -9999.0 -9999.0 -9999.0 -9999.0 -9999.0 -9999.0 -9999.0 -9999.0 -9999.0 -9999.0 -9999.0 -9999.0 -9999.0 -9999.0 -9999.0 -9999.0 -9999.0 -9999.0 -9999.0 -9999.0 -9999.0 -9999.0 -9999.0 -9999.0 -9999.0 -9999.0 -9999.0 -9999.0 -9999.0 -9999.0 -9999.0 -9999.0 -9999.0 -9999.0 -9999.0 -9999.0 -9999.0 -9999.0 -9999.0 -9999.0 -9999.0 -9999.0 -9999.0 -9999.0 -9999.0 -9999.0 -9999.0 -9999.0 -9999.0 -9999.0 -9999.0
-9999.0 -9999.0 -9999.0 -9999.0 -9999.0 -9999.0 -9999.0 -9999.0 -9999.0 -9999.0 -9999.0 -9999.0 -9999.0 -9999.0 -9999.0 -9999.0 -9999.0 -9999.0 -9999.0 -9999.0 0.186247 0.186993 0.185136 0.182992 0.181253 0.181087 0.183063 0.185466 0.188244 0.188875 0.186780 0.187220 0.186432 0.186042 0.186059 0.186639 0.186910 0.187822 0.188432 0.188219 0.187562 0.187070 0.186685 0.186866 0.187561 0.186592 0.188051 0.189565 0.190143 0.190025 0.187859 0.186915 0.186548 0.184973 0.187845 0.188820 0.191156 0.191450 0.191778 0.189138 0.186584 -9999.0 -9999.0 -9999.0 -9999.0 -9999.0 -9999.0 -9999.0 -9999.0 -9999.0 -9999.0 -9999.0 -9999.0 -9999.0 -9999.0 -9999.0 -9999.0 -9999.0 -9999.0 -9999.0
-9999.0 -9999.0 -9999.0 -9999.0 -9999.0 -9999.0 -9999.0 -9999.0 -9999.0 -9999.0 -9999.0 -9999.0 -9999.0 -9999.0 0.182384 0.181477 0.181069 0.180901 0.182674 0.184158 0.184365 0.183409 0.184091 0.182157 0.180496 0.181508 0.183086 0.184536 0.186807 0.188531 0.187028 0.186662 0.187526 0.190509 0.191954 0.191379 0.188067 0.191212 0.193005 0.194185 0.194033 0.192492 0.194752 0.197419 0.196123 0.193323 0.193850 0.195452 0.198075 0.196426 0.187822 0.186697 0.187010 0.187042 0.185917 0.185160 0.188089 0.187779 0.187229 0.186482 0.184559 0.181710 0.180510 0.183331 0.186128 0.191754 -9999.0 -9999.0 -9999.0 -9999.0 -9999.0 -9999.0 -9999.0 -9999.0 -9999.0 -9999.0 -9999.0 -9999.0 -9999.0 -9999.0
-9999.0 -9999.0 -9999.0 -9999.0 -9999.0 -9999.0 -9999.0 -9999.0 -9999.0 0.180606 0.180402 0.180670 0.180144 0.180961 0.179762 0.180084 0.179934 0.181144 0.182263 0.184089 0.186394 0.184832 0.184644 0.185822 0.186070 0.186677 0.187905 0.191983 0.197003 0.204717 0.198500 0.198233 0.201806 0.215144 0.229129 0.234021 0.226006 0.226109 0.236295 0.249979 0.251314 0.250399 0.266509 0.276539 0.282784 0.268218 0.252494 0.250047 0.267391 0.237052 0.214855 0.200341 0.200930 0.195928 0.190668 0.188668 0.188069 0.191481 0.190042 0.186690 0.184011 0.184547 0.183167 0.184543 0.185710 0.190021 0.194111 0.198102 0.198297 0.195784 -9999.0 -9999.0 -9999.0 -9999.0 -9999.0 -9999.0 -9999.0 -9999.0 -9999.0 -9999.0
-9999.0 -9999.0 -9999.0 -9999.0 -9999.0 -9999.0 0.178756 0.178696 0.179240 0.177828 0.178968 0.178304 0.179174 0.179632 0.180275 0.180436 0.181993 0.183482 0.185996 0.189413 0.192636 0.191220 0.192112 0.196840 0.206222 0.215520 0.222149 0.235765 0.287116 0.324576 0.335870 0.340183 0.344504 0.354948 0.364783 0.366479 0.364576 0.362576 0.365023 0.368263 0.369846 0.369859 0.369889 0.369917 0.369976 0.369969 0.368551 0.366860 0.365934 0.364803 0.357202 0.342157 0.314092 0.272741 0.228530 0.210560 0.208035 0.210803 0.203935 0.195443 0.190549 0.190315 0.189311 0.187711 0.188461 0.190289 0.193073 0.194798 0.193436 0.191523 0.189961 0.187177 0.187569 0.190252 -9999.0 -9999.0 -9999.0 -9999.0 -9999.0 -9999.0
-9999.0 -9999.0 -9999.0 -9999.0 0.176351 0.177050 0.175045 0.176229 0.177217 0.178025 0.178209 0.179624 0.180158 0.181268 0.183551 0.185534 0.188951 0.191778 0.199345 0.215779 0.234772 0.249063 0.260721 0.314350 0.346149 0.358065 0.361274 0.364961 0.368437 0.369984 0.369983 0.369998 0.370000 0.370000 0.370000 0.370000 0.370000 0.370000 0.370000 0.370000 0.370000 0.370000 0.370000 0.370000 0.370000 0.370000 0.370000 0.370000 0.370000 0.370000 0.370000 0.369994 0.369366 0.368149 0.366552 0.361465 0.346196 0.335693 0.294758 0.252458 0.221402 0.212631 0.204670 0.200493 0.195557 0.196303 0.197503 0.194993 0.191729 0.188720 0.188161 0.186843 0.185578 0.188920 0.190296 0.194153 -9999.0 -9999.0 -9999.0 -9999.0
-9999.0 -9999.0 0.176058 0.176262 0.178267 0.177198 0.176546 0.175626 0.176138 0.178159 0.182143 0.184244 0.187310 0.189179 0.196422 0.215662 0.245957 0.278665 0.327617 0.351241 0.362865 0.367236 0.369656 0.369954 0.369996 0.370000 0.370000 0.370000 0.370000 0.370000 0.370000 0.370000 0.370000 0.370000 0.370000 0.370000 0.370000 0.370000 0.370000 0.370000 0.370000 0.370000 0.370000 0.370000 0.370000 0.370000 0.370000 0.370000 0.370000 0.370000 0.370000 0.370000 0.370000 0.370000 0.370000 0.370000 0.369990 0.369432 0.368688 0.366421 0.354415 0.339865 0.309358 0.263387 0.231026 0.218486 0.207199 0.200547 0.194731 0.189704 0.188070 0.187049 0.187564 0.187208 0.189027 0.190514 0.192590 0.193443 -9999.0 -9999.0
-9999.0 0.175306 0.174862 0.178456 0.179432 0.180410 0.181660 0.182747 0.183924 0.182868 0.194378 0.220039 0.255104 0.273926 0.320883 0.358191 0.369790 0.369897 0.369986 0.369992 0.370000 0.370000 0.370000 0.370000 0.370000 0.370000 0.370000 0.370000 0.370000 0.370000 0.370000 0.370000 0.370000 0.370000 0.370000 0.370000 0.370000 0.370000 0.370000 0.370000 0.370000 0.370000 0.370000 0.370000 0.370000 0.370000 0.370000 0.370000 0.370000 0.370000 0.370000 0.370000 0.370000 0.370000 0.370000 0.370000 0.370000 0.370000 0.370000 0.370000 0.369933 0.369248 0.366937 0.358555 0.342323 0.305001 0.253062 0.224937 0.207640 0.201452 0.197668 0.190803 0.188927 0.190135 0.189253 0.189138 0.189962 0.190635 -9999.0 -9999.0
-9999.0 0.172248 0.175365 0.179521 0.185265 0.186923 0.206407 0.228360 0.238896 0.226674 0.299570 0.369817 0.369992 0.369992 0.370000 0.370000 0.370000 0.370000 0.370000 0.370000 0.370000 0.370000 0.370000 0.370000 0.370000 0.370000 0.370000 0.370000 0.370000 0.370000 0.370000 0.370000 0.370000 0.370000 0.369997 0.369989 0.369851 0.369570 0.368743 0.367535 0.366731 0.368020 0.367392 0.365910 0.365548 0.367464 0.368924 0.368683 0.368801 0.369366 0.369876 0.369999 0.370000 0.370000 0.370000 0.370000 0.370000 0.370000 0.370000 0.370000 0.370000 0.370000 0.370000 0.369876 0.368486 0.360909 0.348132 0.331883 0.288941 0.252454 0.227809 0.210500 0.199316 0.196588 0.191590 0.190477 -9999.0 -9999.0 -9999.0 -9999.0
-9999.0 0.172013 0.175140 0.182991 0.205310 0.245767 0.344845 0.368254 0.369998 0.369985 0.370000 0.370000 0.370000 0.370000 0.370000 0.370000 0.370000 0.370000 0.370000 0.370000 0.370000 0.370000 0.370000 0.370000 0.370000 0.370000 0.370000 0.370000 0.369979 0.369874 0.369642 0.369417 0.368519 0.360312 0.352192 0.345000 0.318778 0.307833 0.295393 0.270696 0.257923 0.250142 0.260261 0.258029 0.257333 0.263961 0.280945 0.294931 0.326010 0.341796 0.353059 0.363223 0.366739 0.368923 0.369810 0.370000 0.370000 0.370000 0.370000 0.370000 0.370000 0.370000 0.370000 0.370000 0.370000 0.369840 0.368976 0.364076 0.353756 0.342200 0.330634 0.300282 0.247137 0.212867 0.204998 -9999.0 -9999.0 -9999.0 -9999.0 -9999.0
-9999.0 0.167903 0.175076 0.181630 0.220882 0.350147 0.366639 0.370000 0.370000 0.370000 0.369981 0.370000 0.370000 0.370000 0.370000 0.370000 0.370000 0.370000 0.370000 0.369999 0.369935 0.369858 0.369853 0.369762 0.369506 0.369134 0.368709 0.367764 0.362595 0.354032 0.334682 0.320195 0.264930 0.228545 0.214250 0.203541 0.194374 0.194468 0.197166 0.194635 0.191941 0.189321 0.192552 0.194160 0.195635 0.193910 0.194590 0.199429 0.208133 0.218461 0.236982 0.271186 0.309763 0.340244 0.350344 0.362055 0.367062 0.369152 0.369947 0.370000 0.370000 0.370000 0.370000 0.370000 0.370000 0.370000 0.370000 0.369846 0.366677 0.361788 0.358984 0.354420 0.342278 -9999.0 -9999.0 -9999.0 -9999.0 -9999.0 -9999.0 -9999.0
-9999.0 0.165643 0.173076 0.174751 0.186297 0.216493 0.291020 0.351079 0.369534 0.362003 0.359643 0.363839 0.366809 0.368105 0.366626 0.362983 0.359096 0.359724 0.359883 0.355008 0.347349 0.343496 0.343292 0.340423 0.326592 0.313632 0.303883 0.284672 0.256518 0.229772 0.205662 0.195312 0.188570 0.186134 0.184407 0.182665 0.179772 0.181236 0.182454 0.182129 0.181204 0.180558 0.182722 0.183593 0.184313 0.182431 0.183847 0.185318 0.188519 0.192023 0.197202 0.205255 0.216595 0.226217 0.233950 0.251664 0.286066 0.332131 0.356888 0.368324 0.369838 0.369999 0.370000 0.370000 0.370000 0.370000 0.370000 0.370000 0.368315 0.366009 0.365774 -9999.0 -9999.0 -9999.0 -9999.0 -9999.0 -9999.0 -9999.0 -9999.0 -9999.0
-9999.0 -9999.0 0.164161 0.167232 0.170086 0.173413 0.178435 0.185230 0.191126 0.199191 0.212457 0.230453 0.245216 0.253106 0.242969 0.225818 0.217423 0.217871 0.215722 0.211713 0.205243 0.203014 0.201476 0.200236 0.197630 0.196508 0.195989 0.194911 0.192675 0.188160 0.184333 0.181727 0.179090 0.178984 0.178497 0.177626 0.178200 0.178044 0.178286 0.178185 0.178381 0.178788 0.179341 0.180068 0.180168 0.180379 0.180693 0.181549 0.182890 0.184741 0.188227 0.193429 0.197673 0.198811 0.196780 0.197495 0.200701 0.209047 0.240880 0.310476 0.349919 0.363940 0.368887 0.369753 0.369866 0.369968 0.370000 0.369771 0.358463 0.360592 -9999.0 -9999.0 -9999.0 -9999.0 -9999.0 -9999.0 -9999.0 -9999.0 -9999.0 -9999.0
-9999.0 -9999.0 -9999.0 -9999.0 0.162982 0.167195 0.171130 0.170905 0.174031 0.176203 0.178425 0.181142 0.183471 0.184947 0.183288 0.182812 0.182391 0.182577 0.182175 0.181719 0.181458 0.181145 0.180815 0.180415 0.180533 0.180876 0.180945 0.180273 0.180136 0.178860 0.178549 0.177730 0.176954 0.176150 0.176242 0.176142 0.176446 0.176104 0.176633 0.176359 0.176789 0.177022 0.177590 0.178486 0.178270 0.178789 0.178872 0.179590 0.180055 0.182126 0.185536 0.189635 0.192554 0.192497 0.189057 0.187563 0.186826 0.189083 0.193320 0.202976 0.232133 0.280037 0.332882 0.348837 0.356367 0.363909 0.367575 0.368012 -9999.0 -9999.0 -9999.0 -9999.0 -9999.0 -9999.0 -9999.0 -9999.0 -9999.0 -9999.0 -9999.0 -9999.0
-9999.0 -9999.0 -9999.0 -9999.0 -9999.0 -9999.0 0.164695 0.166794 0.166264 0.167933 0.169493 0.170806 0.172755 0.172615 0.173164 0.174630 0.174404 0.173682 0.172803 0.174075 0.174633 0.174739 0.173299 0.173664 0.173811 0.174364 0.174308 0.174508 0.173277 0.174647 0.175285 0.174952 0.174628 0.174842 0.174520 0.175400 0.175504 0.174789 0.174598 0.175649 0.175985 0.175887 0.176160 0.176970 0.178113 0.178334 0.177888 0.177298 0.178584 0.181551 0.185141 0.188530 0.190832 0.191535 0.188559 0.184773 0.182943 0.182801 0.184506 0.187869 0.195939 0.202387 0.208404 0.215822 0.226109 0.286564 -9999.0 -9999.0 -9999.0 -9999.0 -9999.0 -9999.0 -9999.0 -9999.0 -9999.0 -9999.0 -9999.0 -9999.0 -9999.0 -9999.0
-9999.0 -9999.0 -9999.0 -9999.0 -9999.0 -9999.0 -9999.0 -9999.0 -9999.0 -9999.0 -9999.0 -9999.0 -9999.0 -9999.0 -9999.0 -9999.0 -9999.0 -9999.0 -9999.0 -9999.0 -9999.0 -9999.0 -9999.0 -9999.0 -9999.0 -9999.0 -9999.0 -9999.0 -9999.0 -9999.0 -9999.0 -9999.0 -9999.0 -9999.0 -9999.0 -9999.0 -9999.0 -9999.0 -9999.0 -9999.0 -9999.0 -9999.0 -9999.0 -9999.0 -9999.0 -9999.0 -9999.0 -9999.0 -9999.0 -9999.0 -9999.0 -9999.0 -9999.0 -9999.0 -9999.0 -9999.0 -9999.0 -9999.0 -9999.0 -9999.0 -9999.0 -9999.0 -9999.0 -9999.0 -9999.0 -9999.0 -9999.0 -9999.0 -9999.0 -9999.0 -9999.0 -9999.0 -9999.0 -9999.0 -9999.0 -9999.0 -9999.0 -9999.0 -9999.0 -9999.0
-9999.0 -9999.0 -9999.0 -9999.0 -9999.0 -9999.0 -9999.0 -9999.0 -9999.0 -9999.0 -9999.0 -9999.0 -9999.0 -9999.0 -9999.0 -9999.0 -9999.0 -9999.0 -9999.0 -9999.0 -9999.0 -9999.0 -9999.0 -9999.0 -9999.0 -9999.0 -9999.0 -9999.0 -9999.0 -9999.0 -9999.0 -9999.0 -9999.0 -9999.0 -9999.0 -9999.0 -9999.0 -9999.0 -9999.0 -9999.0 -9999.0 -9999.0 -9999.0 -9999.0 -9999.0 -9999.0 -9999.0 -9999.0 -9999.0 -9999.0 -9999.0 -9999.0 -9999.0 -9999.0 -9999.0 -9999.0 -9999.0 -9999.0 -9999.0 -9999.0 -9999.0 -9999.0 -9999.0 -9999.0 -9999.0 -9999.0 -9999.0 -9999.0 -9999.0 -9999.0 -9999.0 -9999.0 -9999.0 -9999.0 -9999.0 -9999.0 -9999.0 -9999.0 -9999.0 -9999.0