Borden_/Borden1m_014/output_maps/thetaliqL0002N0024.asc
ncols         80
nrows         18
xllcorner     620200.000000
yllcorner     5168000.000000
cellsize      1.000000
NODATA_value  -9999.0
-9999.0 -9999.0 -9999.0 -9999.0 -9999.0 -9999.0 -9999.0 -9999.0 -9999.0 -9999.0 -9999.0 -9999.0 -9999.0 -9999.0 -9999.0 -9999.0 -9999.0 -9999.0 -9999.0 -9999.0 -9999.0 -9999.0 -9999.0 -9999.0 -9999.0 -9999.0 -9999.0 -9999.0 -9999.0 -9999.0 -9999.0 -9999.0 -9999.0 -9999.0 -9999.0 -9999.0 -9999.0 -9999.0 -9999.0 -9999.0 -9999.0 -9999.0 -9999.0 -9999.0 -9999.0 -9999.0 -9999.0 -9999.0 -9999.0 -9999.0 -9999.0 -9999.0 -9999.0 -9999.0 -9999.0 -9999.0 -9999.0 -9999.0 -9999.0 -9999.0 -9999.0 -9999.0 -9999.0 -9999.0 -9999.0 -9999.0 -9999.0 -9999.0 -9999.0 -9999.0 -9999.0 -9999.0 -9999.0 -9999.0 -9999.0 -9999.0 -9999.0 -9999.0 -9999.0 -9999.0
-9999.0 -9999.0 -9999.0 -9999.0 -9999.0 -9999.0 -9999.0 -9999.0 -9999.0 -9999.0 -9999.0 -9999.0 -9999.0 -9999.0 -9999.0 -9999.0 -9999.0 -9999.0 -9999.0 -9999.0 -9999.0 -9999.0 -9999.0 -9999.0 -9999.0 -9999.0 -9999.0 -9999.0 -9999.0 -9999.0 -9999.0 -9999.0 -9999.0 -9999.0 -9999.0 -9999.0 -9999.0 -9999.0 -9999.0 -9999.0 -9999.0 -9999.0 -9999.0 -9999.0 -9999.0 -9999.0 -9999.0 -9999.0 -9999.0 -9999.0 -9999.0 -9999.0 -9999.0 -9999.0 -9999.0 -9999.0 -9999.0 -9999.0 -9999.0 -9999.0 -9999.0 -9999.0 -9999.0 -9999.0 -9999.0 -9999.0 -9999.0 -9999.0 -9999.0 -9999.0 -9999.0 -9999.0 -9999.0 -9999.0 -9999.0 -9999.0 -9999.0 -9999.0 -9999.0 -9999.0
-9999.0 -9999.0 -9999.0 -9999.0 -9999.0 -9999.0 -9999.0 -9999.0 -9999.0 -9999.0 -9999.0 -9999.0 -9999.0 -9999.0 -9999.0 -9999.0 -9999.0 -9999.0 -9999.0 -9999.0 0.208509 0.209226 0.207730 0.206058 0.204649 0.204460 0.206028 0.207836 0.209950 0.210362 0.208610 0.209051 0.208355 0.207954 0.207910 0.208390 0.208625 0.209303 0.209729 0.209515 0.208987 0.208620 0.208263 0.208365 0.208969 0.208157 0.209345 0.210510 0.210915 0.210929 0.209375 0.208749 0.208528 0.207170 0.209627 0.210330 0.212147 0.212313 0.212673 0.210629 0.208645 -9999.0 -9999.0 -9999.0 -9999.0 -9999.0 -9999.0 -9999.0 -9999.0 -9999.0 -9999.0 -9999.0 -9999.0 -9999.0 -9999.0 -9999.0 -9999.0 -9999.0 -9999.0 -9999.0
-9999.0 -9999.0 -9999.0 -9999.0 -9999.0 -9999.0 -9999.0 -9999.0 -9999.0 -9999.0 -9999.0 -9999.0 -9999.0 -9999.0 0.205894 0.205080 0.204697 0.204431 0.205837 0.206926 0.206927 0.206074 0.206791 0.205167 0.203738 0.204599 0.205797 0.206753 0.208401 0.209697 0.208475 0.208174 0.208821 0.211172 0.212214 0.211705 0.208911 0.211525 0.212845 0.213710 0.213596 0.212303 0.214091 0.216201 0.215106 0.212888 0.213354 0.214583 0.216656 0.215614 0.208782 0.208144 0.208514 0.208681 0.207785 0.207126 0.209599 0.209228 0.208836 0.208446 0.207067 0.204813 0.203805 0.206165 0.208249 0.212686 -9999.0 -9999.0 -9999.0 -9999.0 -9999.0 -9999.0 -9999.0 -9999.0 -9999.0 -9999.0 -9999.0 -9999.0 -9999.0 -9999.0
-9999.0 -9999.0 -9999.0 -9999.0 -9999.0 -9999.0 -9999.0 -9999.0 -9999.0 0.204650 0.204408 0.204622 0.204065 0.204756 0.203538 0.203804 0.203568 0.204519 0.205262 0.206595 0.208443 0.207041 0.206855 0.207841 0.207956 0.208311 0.209099 0.212185 0.215787 0.221727 0.216599 0.216380 0.219119 0.229932 0.240212 0.243404 0.237925 0.237863 0.244654 0.253109 0.252995 0.252173 0.261600 0.267462 0.271866 0.262728 0.254178 0.252821 0.264405 0.245198 0.229830 0.218018 0.218794 0.215040 0.211072 0.209654 0.209089 0.211965 0.210891 0.208342 0.206308 0.207019 0.205859 0.206991 0.207742 0.211080 0.214143 0.217212 0.217364 0.215389 -9999.0 -9999.0 -9999.0 -9999.0 -9999.0 -9999.0 -9999.0 -9999.0 -9999.0 -9999.0
-9999.0 -9999.0 -9999.0 -9999.0 -9999.0 -9999.0 0.203341 0.203223 0.203650 0.202157 0.203145 0.202402 0.203122 0.203411 0.203861 0.203835 0.205042 0.206087 0.207914 0.210413 0.212808 0.211470 0.212081 0.215611 0.223164 0.230618 0.235332 0.244086 0.276601 0.314237 0.330299 0.337875 0.346942 0.354311 0.363431 0.368833 0.362863 0.359776 0.361945 0.366313 0.369684 0.369693 0.369746 0.369803 0.369931 0.369915 0.366718 0.364020 0.363074 0.362150 0.355800 0.344931 0.303634 0.266847 0.239587 0.226627 0.224261 0.226043 0.221052 0.214682 0.211063 0.211102 0.210429 0.209104 0.209727 0.211067 0.213196 0.214560 0.213530 0.212159 0.211169 0.208958 0.209317 0.211471 -9999.0 -9999.0 -9999.0 -9999.0 -9999.0 -9999.0
-9999.0 -9999.0 -9999.0 -9999.0 0.201142 0.201799 0.199801 0.200895 0.201723 0.202328 0.202261 0.203372 0.203631 0.204410 0.206139 0.207474 0.209972 0.211860 0.217456 0.230414 0.243943 0.252649 0.257843 0.301703 0.347300 0.356600 0.358831 0.362081 0.366915 0.369950 0.369987 0.369992 0.369998 0.370000 0.370000 0.370000 0.370000 0.370000 0.370000 0.370000 0.370000 0.370000 0.370000 0.370000 0.370000 0.370000 0.370000 0.370000 0.370000 0.370000 0.369994 0.369977 0.368655 0.366356 0.364139 0.359316 0.348144 0.337397 0.282927 0.254530 0.234397 0.227604 0.221479 0.218553 0.214711 0.215416 0.216500 0.214579 0.212153 0.209898 0.209670 0.208710 0.207592 0.210371 0.211322 0.214387 -9999.0 -9999.0 -9999.0 -9999.0
-9999.0 -9999.0 0.201097 0.201094 0.202851 0.201697 0.201022 0.200048 0.200390 0.202049 0.205251 0.206565 0.208763 0.209921 0.215350 0.230548 0.250368 0.268817 0.321476 0.350623 0.360050 0.364999 0.369523 0.369872 0.369936 0.370000 0.370000 0.370000 0.370000 0.370000 0.370000 0.370000 0.370000 0.370000 0.370000 0.370000 0.370000 0.370000 0.370000 0.370000 0.370000 0.370000 0.370000 0.370000 0.370000 0.370000 0.370000 0.370000 0.370000 0.370000 0.370000 0.370000 0.370000 0.370000 0.370000 0.370000 0.369976 0.368953 0.367534 0.364232 0.353956 0.344008 0.299778 0.260650 0.240481 0.231657 0.223400 0.218539 0.214268 0.210439 0.209334 0.208693 0.209253 0.208838 0.210315 0.211419 0.213111 0.213741 -9999.0 -9999.0
-9999.0 0.200651 0.199978 0.203082 0.203489 0.204057 0.204857 0.205545 0.206369 0.205058 0.214072 0.233575 0.256380 0.265979 0.310414 0.355126 0.369559 0.369864 0.369874 0.369995 0.370000 0.370000 0.370000 0.370000 0.370000 0.370000 0.370000 0.370000 0.370000 0.370000 0.370000 0.370000 0.370000 0.370000 0.370000 0.370000 0.370000 0.370000 0.370000 0.370000 0.370000 0.370000 0.370000 0.370000 0.370000 0.370000 0.370000 0.370000 0.370000 0.370000 0.370000 0.370000 0.370000 0.370000 0.370000 0.370000 0.370000 0.370000 0.370000 0.370000 0.369840 0.368750 0.365469 0.357131 0.345416 0.295791 0.254120 0.235967 0.223555 0.219198 0.216578 0.211227 0.209920 0.211094 0.210401 0.210324 0.210983 0.211492 -9999.0 -9999.0
-9999.0 0.197710 0.200531 0.203770 0.207899 0.208333 0.224310 0.240825 0.246670 0.237649 0.285980 0.369631 0.369971 0.369971 0.369999 0.370000 0.370000 0.370000 0.370000 0.370000 0.370000 0.370000 0.370000 0.370000 0.370000 0.370000 0.370000 0.370000 0.370000 0.370000 0.370000 0.370000 0.370000 0.369999 0.369992 0.369983 0.369958 0.369258 0.367486 0.365139 0.363769 0.365771 0.364789 0.362772 0.362302 0.364958 0.367580 0.367314 0.367795 0.368862 0.369717 0.369996 0.369999 0.370000 0.370000 0.370000 0.370000 0.370000 0.370000 0.370000 0.370000 0.370000 0.369999 0.369737 0.367870 0.360133 0.350805 0.339841 0.281486 0.255244 0.238731 0.225929 0.217524 0.215796 0.211924 0.211391 -9999.0 -9999.0 -9999.0 -9999.0
-9999.0 0.197642 0.200411 0.206719 0.223538 0.253345 0.347184 0.367289 0.369998 0.369947 0.370000 0.370000 0.370000 0.370000 0.370000 0.370000 0.370000 0.370000 0.370000 0.370000 0.370000 0.370000 0.370000 0.370000 0.370000 0.370000 0.370000 0.370000 0.369931 0.369717 0.369294 0.368802 0.367129 0.357962 0.352373 0.347045 0.307415 0.295670 0.284177 0.265575 0.258087 0.253408 0.259783 0.258084 0.257460 0.261428 0.272463 0.282669 0.321813 0.345253 0.352884 0.360817 0.364909 0.368207 0.369605 0.369998 0.370000 0.370000 0.370000 0.370000 0.370000 0.370000 0.370000 0.370000 0.370000 0.369739 0.368883 0.365541 0.357521 0.349079 0.340670 0.296025 0.251948 0.228061 0.222263 -9999.0 -9999.0 -9999.0 -9999.0 -9999.0
-9999.0 0.193729 0.200667 0.205826 0.236967 0.350600 0.365629 0.370000 0.370000 0.370000 0.369940 0.370000 0.370000 0.370000 0.370000 0.370000 0.370000 0.370000 0.370000 0.369998 0.369873 0.369744 0.369716 0.369561 0.369041 0.368316 0.367519 0.365993 0.360032 0.353510 0.338326 0.313939 0.262255 0.239833 0.229589 0.221153 0.213869 0.214049 0.216322 0.214362 0.212304 0.210140 0.212738 0.213933 0.215106 0.213640 0.214016 0.217672 0.224076 0.231697 0.244587 0.265075 0.298327 0.343920 0.350993 0.359565 0.365071 0.368472 0.369852 0.370000 0.370000 0.370000 0.370000 0.370000 0.370000 0.370000 0.370000 0.369990 0.368947 0.365640 0.362516 0.357473 0.348338 -9999.0 -9999.0 -9999.0 -9999.0 -9999.0 -9999.0 -9999.0
-9999.0 0.191482 0.198968 0.200169 0.209592 0.233221 0.286103 0.351907 0.369567 0.360293 0.357814 0.361129 0.364285 0.366162 0.364111 0.360418 0.357246 0.357991 0.358383 0.355010 0.350272 0.347892 0.347560 0.343878 0.321459 0.303327 0.292719 0.275778 0.257596 0.240797 0.222385 0.214715 0.209697 0.208055 0.206859 0.205601 0.203145 0.204516 0.205566 0.205296 0.204510 0.203904 0.205736 0.206356 0.206938 0.205218 0.206389 0.207418 0.209817 0.212335 0.216092 0.221982 0.230208 0.236850 0.242478 0.253488 0.274922 0.333467 0.355252 0.367220 0.369657 0.369996 0.370000 0.370000 0.370000 0.370000 0.370000 0.370000 0.369999 0.369312 0.368157 -9999.0 -9999.0 -9999.0 -9999.0 -9999.0 -9999.0 -9999.0 -9999.0 -9999.0
-9999.0 -9999.0 0.190020 0.193068 0.195833 0.198630 0.202691 0.208415 0.212856 0.219256 0.229429 0.242314 0.251782 0.256604 0.250154 0.238458 0.232330 0.232799 0.231226 0.228127 0.222834 0.220855 0.219588 0.218596 0.216569 0.215742 0.215409 0.214703 0.213151 0.209735 0.206863 0.204972 0.202886 0.203016 0.202700 0.201974 0.202589 0.202438 0.202635 0.202520 0.202680 0.203008 0.203401 0.203951 0.203960 0.204109 0.204300 0.204904 0.205839 0.207084 0.209605 0.213472 0.216565 0.217331 0.215676 0.216212 0.218550 0.224473 0.246905 0.302048 0.349809 0.361846 0.368314 0.369652 0.369943 0.369995 0.370000 0.370000 0.370000 0.369669 -9999.0 -9999.0 -9999.0 -9999.0 -9999.0 -9999.0 -9999.0 -9999.0 -9999.0 -9999.0
-9999.0 -9999.0 -9999.0 -9999.0 0.188851 0.193037 0.196937 0.196537 0.199373 0.201059 0.202660 0.204651 0.206317 0.207452 0.205979 0.205632 0.205344 0.205583 0.205292 0.204903 0.204715 0.204487 0.204281 0.203955 0.204084 0.204394 0.204485 0.203935 0.203961 0.202904 0.202785 0.202199 0.201628 0.200953 0.201109 0.201031 0.201341 0.201015 0.201516 0.201199 0.201566 0.201722 0.202166 0.202901 0.202586 0.203012 0.203020 0.203581 0.203765 0.205267 0.207789 0.210820 0.212952 0.212850 0.210104 0.209015 0.208378 0.210083 0.213101 0.220087 0.241326 0.270425 0.334625 0.350806 0.356953 0.363883 0.368771 0.369922 -9999.0 -9999.0 -9999.0 -9999.0 -9999.0 -9999.0 -9999.0 -9999.0 -9999.0 -9999.0 -9999.0 -9999.0
-9999.0 -9999.0 -9999.0 -9999.0 -9999.0 -9999.0 0.190597 0.192664 0.192075 0.193573 0.194895 0.195948 0.197635 0.197359 0.197822 0.199194 0.198989 0.198345 0.197533 0.198747 0.199260 0.199396 0.198064 0.198443 0.198572 0.199091 0.199037 0.199272 0.198124 0.199483 0.200139 0.199895 0.199663 0.199930 0.199636 0.200503 0.200606 0.199916 0.199714 0.200697 0.200963 0.200804 0.200981 0.201640 0.202624 0.202755 0.202290 0.201640 0.202637 0.204966 0.207642 0.210083 0.211730 0.212309 0.210034 0.207041 0.205580 0.205371 0.206559 0.208896 0.214899 0.219404 0.223427 0.229360 0.236249 0.274920 -9999.0 -9999.0 -9999.0 -9999.0 -9999.0 -9999.0 -9999.0 -9999.0 -9999.0 -9999.0 -9999.0 -9999.0 -9999.0 -9999.0
-9999.0 -9999.0 -9999.0 -9999.0 -9999.0 -9999.0 -9999.0 -9999.0 -9999.0 -9999.0 -9999.0 -9999.0 -9999.0 -9999.0 -9999.0 -9999.0 -9999.0 -9999.0 -9999.0 -9999.0 -9999.0 -9999.0 -9999.0 -9999.0 -9999.0 -9999.0 -9999.0 -9999.0 -9999.0 -9999.0 -9999.0 -9999.0 -9999.0 -9999.0 -9999.0 -9999.0 -9999.0 -9999.0 -9999.0 -9999.0 -9999.0 -9999.0 -9999.0 -9999.0 -9999.0 -9999.0 -9999.0 -9999.0 -9999.0 -9999.0 -9999.0 -9999.0 -9999.0 -9999.0 -9999.0 -9999.0 -9999.0 -9999.0 -9999.0 -9999.0 -9999.0 -9999.0 -9999.0 -9999.0 -9999.0 -9999.0 -9999.0 -9999.0 -9999.0 -9999.0 -9999.0 -9999.0 -9999.0 -9999.0 -9999.0 -9999.0 -9999.0 -9999.0 -9999.0 -9999.0
-9999.0 -9999.0 -9999.0 -9999.0 -9999.0 -9999.0 -9999.0 -9999.0 -9999.0 -9999.0 -9999.0 -9999.0 -9999.0 -9999.0 -9999.0 -9999.0 -9999.0 -9999.0 -9999.0 -9999.0 -9999.0 -9999.0 -9999.0 -9999.0 -9999.0 -9999.0 -9999.0 -9999.0 -9999.0 -9999.0 -9999.0 -9999.0 -9999.0 -9999.0 -9999.0 -9999.0 -9999.0 -9999.0 -9999.0 -9999.0 -9999.0 -9999.0 -9999.0 -9999.0 -9999.0 -9999.0 -9999.0 -9999.0 -9999.0 -9999.0 -9999.0 -9999.0 -9999.0 -9999.0 -9999.0 -9999.0 -9999.0 -9999.0 -9999.0 -9999.0 -9999.0 -9999.0 -9999.0 -9999.0 -9999.0 -9999.0 -9999.0 -9999.0 -9999.0 -9999.0 -9999.0 -9999.0 -9999.0 -9999.0 -9999.0 -9999.0 -9999.0 -9999.0 -9999.0 -9999.0