Borden_/Borden1m_014/output_maps/watertableN0025.asc
ncols         80
nrows         18
xllcorner     620200.000000
yllcorner     5168000.000000
cellsize      1.000000
NODATA_value  -9999.0
-9999.0 -9999.0 -9999.0 -9999.0 -9999.0 -9999.0 -9999.0 -9999.0 -9999.0 -9999.0 -9999.0 -9999.0 -9999.0 -9999.0 -9999.0 -9999.0 -9999.0 -9999.0 -9999.0 -9999.0 -9999.0 -9999.0 -9999.0 -9999.0 -9999.0 -9999.0 -9999.0 -9999.0 -9999.0 -9999.0 -9999.0 -9999.0 -9999.0 -9999.0 -9999.0 -9999.0 -9999.0 -9999.0 -9999.0 -9999.0 -9999.0 -9999.0 -9999.0 -9999.0 -9999.0 -9999.0 -9999.0 -9999.0 -9999.0 -9999.0 -9999.0 -9999.0 -9999.0 -9999.0 -9999.0 -9999.0 -9999.0 -9999.0 -9999.0 -9999.0 -9999.0 -9999.0 -9999.0 -9999.0 -9999.0 -9999.0 -9999.0 -9999.0 -9999.0 -9999.0 -9999.0 -9999.0 -9999.0 -9999.0 -9999.0 -9999.0 -9999.0 -9999.0 -9999.0 -9999.0
-9999.0 -9999.0 -9999.0 -9999.0 -9999.0 -9999.0 -9999.0 -9999.0 -9999.0 -9999.0 -9999.0 -9999.0 -9999.0 -9999.0 -9999.0 -9999.0 -9999.0 -9999.0 -9999.0 -9999.0 -9999.0 -9999.0 -9999.0 -9999.0 -9999.0 -9999.0 -9999.0 -9999.0 -9999.0 -9999.0 -9999.0 -9999.0 -9999.0 -9999.0 -9999.0 -9999.0 -9999.0 -9999.0 -9999.0 -9999.0 -9999.0 -9999.0 -9999.0 -9999.0 -9999.0 -9999.0 -9999.0 -9999.0 -9999.0 -9999.0 -9999.0 -9999.0 -9999.0 -9999.0 -9999.0 -9999.0 -9999.0 -9999.0 -9999.0 -9999.0 -9999.0 -9999.0 -9999.0 -9999.0 -9999.0 -9999.0 -9999.0 -9999.0 -9999.0 -9999.0 -9999.0 -9999.0 -9999.0 -9999.0 -9999.0 -9999.0 -9999.0 -9999.0 -9999.0 -9999.0
-9999.0 -9999.0 -9999.0 -9999.0 -9999.0 -9999.0 -9999.0 -9999.0 -9999.0 -9999.0 -9999.0 -9999.0 -9999.0 -9999.0 -9999.0 -9999.0 -9999.0 -9999.0 -9999.0 -9999.0 965.466723 962.484427 984.571398 1017.742958 1045.282798 1042.934178 1008.236061 967.484280 900.000000 900.000000 900.000000 900.000000 900.000000 900.000000 900.000000 900.000000 900.000000 900.000000 900.000000 900.000000 900.000000 900.000000 900.000000 900.000000 900.000000 900.000000 900.000000 890.903447 885.227414 890.952842 900.000000 900.000000 900.000000 958.392480 900.000000 900.000000 900.000000 897.016039 898.555525 900.000000 955.316508 -9999.0 -9999.0 -9999.0 -9999.0 -9999.0 -9999.0 -9999.0 -9999.0 -9999.0 -9999.0 -9999.0 -9999.0 -9999.0 -9999.0 -9999.0 -9999.0 -9999.0 -9999.0 -9999.0
-9999.0 -9999.0 -9999.0 -9999.0 -9999.0 -9999.0 -9999.0 -9999.0 -9999.0 -9999.0 -9999.0 -9999.0 -9999.0 -9999.0 1055.589117 1065.320491 1067.975514 1059.247480 1025.627259 995.794595 983.384379 990.589772 990.315890 1013.007769 1032.409785 1018.072788 988.696229 957.252070 900.000000 900.000000 900.000000 900.000000 900.000000 876.631596 861.587855 863.582870 884.031416 861.729674 845.208826 834.968319 834.959290 842.613049 827.496177 810.876498 817.396375 835.619530 833.526058 822.812690 809.169318 825.664289 890.554167 900.000000 900.000000 900.000000 900.000000 900.000000 900.000000 900.000000 900.000000 900.000000 980.137969 1023.688720 1041.719082 1003.929845 960.325329 900.000000 -9999.0 -9999.0 -9999.0 -9999.0 -9999.0 -9999.0 -9999.0 -9999.0 -9999.0 -9999.0 -9999.0 -9999.0 -9999.0 -9999.0
-9999.0 -9999.0 -9999.0 -9999.0 -9999.0 -9999.0 -9999.0 -9999.0 -9999.0 1100.000000 1100.000000 1100.000000 1099.435015 1083.718318 1085.356903 1078.127230 1070.131377 1043.679094 1012.584888 977.637457 900.000000 957.892834 956.764396 900.000000 900.000000 900.000000 900.000000 859.744870 814.910238 770.342931 796.111804 796.426753 774.935011 700.000000 678.745734 665.494110 687.609945 683.824055 653.998465 621.303736 617.312692 617.041413 583.431601 563.667858 500.000000 582.919724 612.560285 617.500269 586.131704 652.939794 700.000000 785.463605 788.938477 823.897391 867.431542 891.021482 895.125312 874.888347 890.951040 900.000000 965.289284 975.505813 992.457969 976.701809 954.786788 900.000000 870.501143 842.149506 841.982111 859.237302 -9999.0 -9999.0 -9999.0 -9999.0 -9999.0 -9999.0 -9999.0 -9999.0 -9999.0 -9999.0
-9999.0 -9999.0 -9999.0 -9999.0 -9999.0 -9999.0 1191.335636 1182.199380 1162.279095 1156.874715 1100.000000 1100.000000 1100.000000 1084.193757 1063.082323 1045.752028 1014.693239 981.636426 900.000000 894.942369 861.430752 863.697669 851.025448 813.444209 765.866395 700.000000 700.000000 653.575859 500.000000 480.319771 455.474242 442.490351 425.941227 386.286979 324.565890 271.516392 325.000000 325.000000 325.000000 291.005560 200.000000 200.000000 200.000000 200.000000 174.934265 184.497321 285.133580 313.593347 321.221871 325.000000 325.000000 434.719971 500.000000 574.191471 679.908540 700.000000 700.000000 700.000000 772.729432 829.762647 874.434335 886.805312 900.000000 900.000000 900.000000 894.914980 872.384899 861.377883 873.899723 894.465029 900.000000 900.000000 900.000000 900.000000 -9999.0 -9999.0 -9999.0 -9999.0 -9999.0 -9999.0
-9999.0 -9999.0 -9999.0 -9999.0 1241.049379 1228.373966 1239.920891 1215.684416 1183.500681 1100.000000 1100.000000 1080.153071 1052.540551 1022.105728 979.962811 900.000000 895.556669 857.293820 797.674045 700.000000 661.008782 623.522142 594.117460 500.000000 420.710618 325.000000 325.000000 325.000000 281.271727 110.000000 110.000000 110.000000 50.000000 109.011966 0.000000 0.000000 0.000000 0.000000 0.000000 0.000000 0.000000 0.000000 0.000000 0.000000 0.000000 0.000000 0.000000 0.000000 0.000000 0.000000 20.000000 110.000000 200.000000 287.779109 315.555621 325.000000 418.470337 449.475451 500.000000 614.551627 698.067979 700.000000 767.328831 797.847185 831.503916 833.211758 832.021596 852.580886 883.622454 900.000000 900.000000 900.000000 959.785779 900.000000 900.000000 881.667850 -9999.0 -9999.0 -9999.0 -9999.0
-9999.0 -9999.0 1299.746585 1250.267738 1193.984100 1185.030846 1182.953162 1177.142117 1100.000000 1097.951604 1019.590811 965.697810 900.000000 884.777787 820.492075 700.000000 636.399114 563.949967 476.564355 401.767527 325.000000 306.328913 200.000000 189.991482 110.000000 110.000000 0.000000 0.000000 0.000000 0.000000 0.000000 0.000000 0.000000 0.000000 0.000000 0.000000 0.000000 0.000000 0.000000 0.000000 0.000000 0.000000 0.000000 0.000000 0.000000 0.000000 0.000000 0.000000 0.000000 0.000000 0.000000 0.000000 0.000000 0.000000 0.000000 20.000000 110.000000 200.000000 270.238924 312.815777 384.976471 434.752638 500.000000 586.627261 661.674983 700.000000 758.449664 802.531610 849.200010 894.982661 900.000000 900.000000 900.000000 900.000000 900.000000 900.000000 892.842532 885.028073 -9999.0 -9999.0
-9999.0 1400.631897 1300.000000 1200.423057 1100.000000 1074.933402 1035.343298 1006.215455 979.342178 960.105592 847.609652 700.000000 623.418531 576.227579 495.446570 325.000000 200.000000 195.428045 110.000000 110.000000 0.000000 0.000000 0.000000 0.000000 0.000000 0.000000 0.000000 0.000000 0.000000 0.000000 0.000000 0.000000 0.000000 0.000000 0.000000 0.000000 0.000000 0.000000 0.000000 0.000000 0.000000 0.000000 0.000000 20.000000 20.000000 0.000000 0.000000 0.000000 0.000000 0.000000 0.000000 0.000000 0.000000 0.000000 0.000000 0.000000 0.000000 0.000000 0.000000 20.000000 177.545143 200.000000 299.087547 325.000000 423.902253 500.000000 605.756437 682.051594 755.194569 798.462139 831.691122 884.520550 900.000000 900.000000 900.000000 900.000000 900.000000 900.000000 -9999.0 -9999.0
-9999.0 1477.344689 1300.000000 1100.000000 995.793066 900.000000 806.464722 700.000000 677.875421 699.858375 500.000000 200.000000 110.000000 110.000000 50.000000 0.000000 0.000000 0.000000 0.000000 0.000000 0.000000 0.000000 0.000000 0.000000 0.000000 0.000000 0.000000 0.000000 0.000000 0.000000 0.000000 0.000000 0.000000 50.000000 110.000000 110.000000 110.000000 200.000000 269.978228 300.739117 314.727840 295.727662 305.616486 323.411416 325.000000 303.394292 268.768446 272.899428 264.877124 200.000000 193.389170 110.000000 50.000000 0.000000 0.000000 0.000000 0.000000 0.000000 0.000000 0.000000 0.000000 0.000000 50.000000 190.997768 265.286916 325.000000 400.126423 454.635006 500.000000 619.972761 684.812688 700.000000 814.968431 845.495261 886.006088 900.000000 -9999.0 -9999.0 -9999.0 -9999.0
-9999.0 1500.000000 1358.177768 1087.724543 817.545479 666.916088 427.221014 284.061324 50.000000 110.000000 0.000000 0.000000 0.000000 0.000000 0.000000 0.000000 0.000000 0.000000 0.000000 0.000000 0.000000 0.000000 0.000000 0.000000 0.000000 0.000000 0.000000 20.000000 110.000000 192.966110 200.000000 200.000000 277.447864 325.000000 395.854767 423.673649 492.924581 500.000000 500.000000 577.628221 605.236791 624.679808 602.521569 603.765709 603.331243 590.746693 559.567652 500.000000 474.021994 427.663207 388.069267 325.000000 303.935177 257.131258 200.000000 50.000000 20.000000 0.000000 0.000000 0.000000 0.000000 0.000000 0.000000 0.000000 50.000000 192.098076 200.000000 304.755809 325.000000 415.605205 458.506077 500.000000 635.762937 700.000000 797.442186 -9999.0 -9999.0 -9999.0 -9999.0 -9999.0
-9999.0 1700.000000 1450.164581 1100.000000 790.187402 420.204215 305.974435 0.000000 0.000000 0.000000 110.000000 20.000000 0.000000 0.000000 0.000000 20.000000 50.000000 50.000000 20.000000 50.000000 173.085932 191.292439 193.702160 200.000000 200.000000 200.000000 269.614349 291.913692 325.000000 385.682713 453.711202 492.873900 594.610759 681.062178 700.000000 784.534461 838.738495 842.827818 829.150268 847.144779 870.223281 889.154725 863.969816 848.628233 837.707890 846.606616 836.496925 800.597663 700.000000 700.000000 644.518355 569.402024 500.000000 431.269900 398.016987 325.000000 302.341288 200.000000 173.993829 0.000000 0.000000 0.000000 0.000000 0.000000 0.000000 0.000000 20.000000 110.000000 200.000000 306.884702 325.000000 325.000000 420.307661 -9999.0 -9999.0 -9999.0 -9999.0 -9999.0 -9999.0 -9999.0
-9999.0 1861.631964 1630.883346 1379.982172 1063.256295 802.515428 578.874710 424.438042 277.229638 325.000000 325.000000 325.000000 312.500154 292.001043 314.466198 325.000000 325.000000 325.000000 325.000000 384.391733 411.700532 424.699211 426.232107 437.160325 475.986241 500.000000 500.000000 500.000000 608.913043 678.988557 767.825440 838.581479 900.000000 900.000000 971.366449 1004.858072 1043.393919 1033.699379 1020.137796 1025.011824 1037.290896 1041.654464 1012.631370 994.473842 984.551903 997.074367 978.625001 900.000000 900.000000 868.348563 820.231487 764.925151 700.000000 673.253119 650.990365 608.990709 500.000000 459.352824 325.000000 276.681896 199.058290 110.000000 0.000000 0.000000 0.000000 0.000000 0.000000 0.000000 179.308781 200.000000 266.684821 -9999.0 -9999.0 -9999.0 -9999.0 -9999.0 -9999.0 -9999.0 -9999.0 -9999.0
-9999.0 -9999.0 1875.554794 1686.148916 1500.000000 1300.000000 1167.978597 1049.902476 966.733666 871.141159 778.598297 699.340114 652.575449 632.228367 655.193989 700.000000 700.000000 700.000000 700.000000 754.547628 779.708270 789.664936 799.660251 808.432822 823.205401 831.949648 838.647964 851.460640 876.093559 900.000000 977.680214 1030.124790 1084.756525 1100.000000 1100.000000 1155.154444 1158.455890 1160.877746 1154.527266 1100.000000 1100.000000 1100.000000 1100.000000 1094.649035 1085.285687 1078.006491 1065.546694 1042.072431 1009.240803 968.627835 900.000000 861.860914 824.020896 811.553443 819.580448 811.692357 786.498059 700.000000 635.021095 500.000000 401.327175 325.000000 200.000000 200.000000 110.000000 110.000000 0.000000 50.000000 295.155718 275.794317 -9999.0 -9999.0 -9999.0 -9999.0 -9999.0 -9999.0 -9999.0 -9999.0 -9999.0 -9999.0
-9999.0 -9999.0 -9999.0 -9999.0 1835.752744 1671.533899 1570.593106 1482.571135 1300.000000 1236.160406 1100.000000 1061.018199 1006.336145 982.335264 992.949845 997.522867 1005.355902 1009.310849 1017.993553 1022.994477 1028.189101 1036.133872 1048.032785 1055.895059 1056.863576 1053.688472 1056.254682 1069.811204 1086.473313 1100.000000 1100.000000 1171.734868 1208.446346 1237.549735 1250.667283 1257.317898 1257.293795 1263.178087 1253.980987 1247.471375 1232.681040 1217.440709 1193.694619 1165.512911 1100.000000 1100.000000 1100.000000 1100.000000 1078.646934 1026.457235 965.128351 900.000000 877.346322 874.368202 900.000000 900.000000 900.000000 890.432709 841.733896 767.703543 654.886717 500.000000 455.105755 401.702097 325.000000 316.770477 200.000000 200.000000 -9999.0 -9999.0 -9999.0 -9999.0 -9999.0 -9999.0 -9999.0 -9999.0 -9999.0 -9999.0 -9999.0 -9999.0
-9999.0 -9999.0 -9999.0 -9999.0 -9999.0 -9999.0 1883.842636 1780.724277 1693.867857 1559.141776 1436.038479 1300.000000 1263.839144 1237.072842 1217.587215 1194.631662 1198.491443 1215.417942 1232.301446 1215.579168 1205.333561 1210.507185 1238.317233 1239.729608 1236.178736 1227.444452 1229.070209 1235.401139 1260.216531 1251.587048 1252.689508 1275.690631 1300.000000 1300.000000 1300.000000 1300.000000 1300.000000 1300.000000 1300.000000 1300.000000 1282.139267 1268.859061 1246.671107 1213.789808 1182.058954 1167.780586 1166.776419 1160.646488 1100.000000 1050.319988 981.018083 900.000000 898.928454 892.442222 900.000000 961.995067 983.489937 977.337389 900.000000 891.064008 814.599188 762.274726 700.000000 698.283250 662.406178 500.000000 -9999.0 -9999.0 -9999.0 -9999.0 -9999.0 -9999.0 -9999.0 -9999.0 -9999.0 -9999.0 -9999.0 -9999.0 -9999.0 -9999.0
-9999.0 -9999.0 -9999.0 -9999.0 -9999.0 -9999.0 -9999.0 -9999.0 -9999.0 -9999.0 -9999.0 -9999.0 -9999.0 -9999.0 -9999.0 -9999.0 -9999.0 -9999.0 -9999.0 -9999.0 -9999.0 -9999.0 -9999.0 -9999.0 -9999.0 -9999.0 -9999.0 -9999.0 -9999.0 -9999.0 -9999.0 -9999.0 -9999.0 -9999.0 -9999.0 -9999.0 -9999.0 -9999.0 -9999.0 -9999.0 -9999.0 -9999.0 -9999.0 -9999.0 -9999.0 -9999.0 -9999.0 -9999.0 -9999.0 -9999.0 -9999.0 -9999.0 -9999.0 -9999.0 -9999.0 -9999.0 -9999.0 -9999.0 -9999.0 -9999.0 -9999.0 -9999.0 -9999.0 -9999.0 -9999.0 -9999.0 -9999.0 -9999.0 -9999.0 -9999.0 -9999.0 -9999.0 -9999.0 -9999.0 -9999.0 -9999.0 -9999.0 -9999.0 -9999.0 -9999.0
-9999.0 -9999.0 -9999.0 -9999.0 -9999.0 -9999.0 -9999.0 -9999.0 -9999.0 -9999.0 -9999.0 -9999.0 -9999.0 -9999.0 -9999.0 -9999.0 -9999.0 -9999.0 -9999.0 -9999.0 -9999.0 -9999.0 -9999.0 -9999.0 -9999.0 -9999.0 -9999.0 -9999.0 -9999.0 -9999.0 -9999.0 -9999.0 -9999.0 -9999.0 -9999.0 -9999.0 -9999.0 -9999.0 -9999.0 -9999.0 -9999.0 -9999.0 -9999.0 -9999.0 -9999.0 -9999.0 -9999.0 -9999.0 -9999.0 -9999.0 -9999.0 -9999.0 -9999.0 -9999.0 -9999.0 -9999.0 -9999.0 -9999.0 -9999.0 -9999.0 -9999.0 -9999.0 -9999.0 -9999.0 -9999.0 -9999.0 -9999.0 -9999.0 -9999.0 -9999.0 -9999.0 -9999.0 -9999.0 -9999.0 -9999.0 -9999.0 -9999.0 -9999.0 -9999.0 -9999.0