Borden_/Borden1m_014/output_maps/watertableN0004.asc
ncols         80
nrows         18
xllcorner     620200.000000
yllcorner     5168000.000000
cellsize      1.000000
NODATA_value  -9999.0
[rows 0 to 17 of 18, columns 0 to 59 of 80]
-9999.0 -9999.0 -9999.0 -9999.0 -9999.0 -9999.0 -9999.0 -9999.0 -9999.0 -9999.0 -9999.0 -9999.0 -9999.0 -9999.0 -9999.0 -9999.0 -9999.0 -9999.0 -9999.0 -9999.0 -9999.0 -9999.0 -9999.0 -9999.0 -9999.0 -9999.0 -9999.0 -9999.0 -9999.0 -9999.0 -9999.0 -9999.0 -9999.0 -9999.0 -9999.0 -9999.0 -9999.0 -9999.0 -9999.0 -9999.0 -9999.0 -9999.0 -9999.0 -9999.0 -9999.0 -9999.0 -9999.0 -9999.0 -9999.0 -9999.0 -9999.0 -9999.0 -9999.0 -9999.0 -9999.0 -9999.0 -9999.0 -9999.0 -9999.0 -9999.0
-9999.0 -9999.0 -9999.0 -9999.0 -9999.0 -9999.0 -9999.0 -9999.0 -9999.0 -9999.0 -9999.0 -9999.0 -9999.0 -9999.0 -9999.0 -9999.0 -9999.0 -9999.0 -9999.0 -9999.0 -9999.0 -9999.0 -9999.0 -9999.0 -9999.0 -9999.0 -9999.0 -9999.0 -9999.0 -9999.0 -9999.0 -9999.0 -9999.0 -9999.0 -9999.0 -9999.0 -9999.0 -9999.0 -9999.0 -9999.0 -9999.0 -9999.0 -9999.0 -9999.0 -9999.0 -9999.0 -9999.0 -9999.0 -9999.0 -9999.0 -9999.0 -9999.0 -9999.0 -9999.0 -9999.0 -9999.0 -9999.0 -9999.0 -9999.0 -9999.0
-9999.0 -9999.0 -9999.0 -9999.0 -9999.0 -9999.0 -9999.0 -9999.0 -9999.0 -9999.0 -9999.0 -9999.0 -9999.0 -9999.0 -9999.0 -9999.0 -9999.0 -9999.0 -9999.0 -9999.0 971.677917 968.877319 991.444335 1025.212256 1053.340949 1051.575948 1017.380363 976.988053 900.000000 900.000000 900.000000 900.000000 900.000000 900.000000 900.000000 900.000000 900.000000 900.000000 900.000000 900.000000 900.000000 900.000000 900.000000 900.000000 900.000000 900.000000 900.000000 900.000000 900.000000 900.000000 900.000000 900.000000 954.569906 968.801901 900.000000 900.000000 900.000000 900.000000 900.000000 900.000000
-9999.0 -9999.0 -9999.0 -9999.0 -9999.0 -9999.0 -9999.0 -9999.0 -9999.0 -9999.0 -9999.0 -9999.0 -9999.0 -9999.0 1060.569713 1070.663099 1073.847010 1065.747956 1032.692320 1003.263408 990.968572 998.652173 998.890813 1022.401196 1042.675747 1029.073422 1000.363490 969.662255 900.000000 900.000000 900.000000 900.000000 900.000000 894.981518 881.459669 884.446790 900.000000 883.188292 867.733453 858.792644 859.669109 867.791095 853.159146 836.297431 842.245371 859.364874 856.807361 846.220277 832.732475 846.724517 900.000000 900.000000 900.000000 900.000000 900.000000 956.911825 900.000000 900.000000 900.000000 955.990640
-9999.0 -9999.0 -9999.0 -9999.0 -9999.0 -9999.0 -9999.0 -9999.0 -9999.0 1100.000000 1100.000000 1100.000000 1100.000000 1089.163592 1091.270861 1084.667255 1077.481864 1051.868926 1021.675098 987.492312 959.400188 969.482721 969.455008 958.154780 900.000000 900.000000 900.000000 880.348156 839.688559 798.594191 825.999915 828.134686 809.695378 761.571790 700.000000 700.000000 700.000000 700.000000 700.000000 681.622217 681.557129 682.269539 655.534846 636.733982 628.967454 647.726022 671.808507 678.085008 655.426283 700.000000 766.453661 818.718345 816.823268 847.244668 886.863397 900.000000 900.000000 889.184547 900.000000 900.000000
-9999.0 -9999.0 -9999.0 -9999.0 -9999.0 -9999.0 1194.719910 1185.870194 1166.293681 1161.272848 1100.000000 1100.000000 1100.000000 1091.344883 1071.284738 1055.273377 1025.617013 993.988783 953.679591 900.000000 879.747594 884.517055 874.594015 841.424116 799.331582 767.690642 700.000000 700.000000 630.662278 582.187393 567.459164 561.958059 552.515838 500.000000 423.975877 393.135574 428.482818 452.043689 427.232674 325.000000 325.000000 318.622987 200.000000 0.000000 0.000000 0.000000 299.874752 384.999680 403.537946 419.829750 487.751523 554.878833 594.829279 645.483588 700.000000 784.057590 784.380040 768.582062 798.107646 850.597730
-9999.0 -9999.0 -9999.0 -9999.0 1244.103854 1231.844488 1243.959262 1220.278357 1188.678291 1155.849540 1100.000000 1088.212014 1061.997536 1033.267694 993.289431 957.282512 900.000000 880.248226 826.743637 759.498684 700.000000 682.949562 666.631585 602.635452 500.000000 482.024597 459.154461 422.929671 323.266635 0.000000 0.000000 0.000000 0.000000 0.000000 0.000000 0.000000 0.000000 0.000000 0.000000 0.000000 0.000000 0.000000 0.000000 0.000000 0.000000 0.000000 0.000000 0.000000 0.000000 0.000000 0.000000 0.000000 0.000000 270.017434 325.000000 456.487575 500.000000 559.725670 613.948704 673.102902
-9999.0 -9999.0 1300.000000 1252.921449 1197.277648 1189.305174 1188.392308 1183.698901 1156.965145 1100.000000 1030.864229 979.846869 900.000000 900.000000 847.659491 766.583549 692.597660 639.914204 583.283971 500.000000 449.165799 397.902706 325.000000 0.000000 0.000000 0.000000 0.000000 0.000000 0.000000 0.000000 0.000000 0.000000 0.000000 0.000000 0.000000 0.000000 0.000000 0.000000 0.000000 0.000000 0.000000 0.000000 0.000000 0.000000 0.000000 0.000000 0.000000 0.000000 0.000000 0.000000 0.000000 0.000000 0.000000 0.000000 0.000000 0.000000 0.000000 0.000000 0.000000 325.000000
-9999.0 1402.659062 1300.000000 1203.441012 1100.000000 1081.280905 1044.330026 1017.117835 992.262689 975.592236 870.255567 767.024499 672.616044 643.600505 596.200123 499.966292 325.000000 0.000000 0.000000 0.000000 0.000000 0.000000 0.000000 0.000000 0.000000 0.000000 0.000000 0.000000 0.000000 0.000000 0.000000 0.000000 0.000000 0.000000 0.000000 0.000000 0.000000 0.000000 0.000000 0.000000 0.000000 0.000000 0.000000 0.000000 0.000000 0.000000 0.000000 0.000000 0.000000 0.000000 0.000000 0.000000 0.000000 0.000000 0.000000 0.000000 0.000000 0.000000 0.000000 0.000000
-9999.0 1479.597565 1300.000000 1100.000000 1002.301427 900.000000 827.179014 700.000000 700.000000 700.000000 631.377871 325.000000 0.000000 0.000000 0.000000 0.000000 0.000000 0.000000 0.000000 0.000000 0.000000 0.000000 0.000000 0.000000 0.000000 0.000000 0.000000 0.000000 0.000000 0.000000 0.000000 0.000000 0.000000 0.000000 0.000000 0.000000 0.000000 0.000000 0.000000 325.000000 378.625696 308.225147 325.000000 404.373169 410.268651 325.000000 0.000000 0.000000 0.000000 0.000000 0.000000 0.000000 0.000000 0.000000 0.000000 0.000000 0.000000 0.000000 0.000000 0.000000
-9999.0 1500.000000 1361.240582 1092.719073 828.973357 700.000000 493.379292 0.000000 0.000000 0.000000 0.000000 0.000000 0.000000 0.000000 0.000000 0.000000 0.000000 0.000000 0.000000 0.000000 0.000000 0.000000 0.000000 0.000000 0.000000 0.000000 0.000000 0.000000 0.000000 0.000000 0.000000 0.000000 0.000000 452.444324 500.000000 500.000000 591.566286 598.517474 612.462899 648.609105 668.586339 681.559984 666.472209 668.780469 668.378267 657.597963 629.736962 611.692643 575.220294 500.000000 499.048254 445.560309 391.074478 0.000000 0.000000 0.000000 0.000000 0.000000 0.000000 0.000000
-9999.0 1700.000000 1453.563005 1100.000000 806.544516 469.622421 110.000000 0.000000 0.000000 0.000000 0.000000 0.000000 0.000000 0.000000 0.000000 0.000000 0.000000 0.000000 0.000000 0.000000 0.000000 0.000000 0.000000 0.000000 0.000000 0.000000 0.000000 305.686735 424.959202 484.326565 561.708046 582.837603 652.165465 700.000000 769.576436 815.716909 864.648128 866.091355 851.347075 868.528140 890.805405 900.000000 884.692485 869.849855 859.186714 868.387781 858.968055 825.590587 780.043784 700.000000 696.104800 647.895515 606.470675 551.993696 500.000000 455.042673 325.000000 0.000000 0.000000 0.000000
-9999.0 1864.673804 1634.384319 1385.166040 1073.101135 827.312147 653.928542 500.000000 467.334353 466.950545 447.369252 407.039940 321.553847 0.000000 325.000000 432.645470 471.462631 468.931749 469.622520 497.114498 500.000000 500.000000 500.000000 500.000000 574.132466 590.070379 603.000596 631.842435 669.264818 700.000000 798.014338 862.286809 900.000000 957.174881 987.036627 1019.339218 1056.525252 1045.851722 1031.779700 1036.379762 1048.486858 1052.790875 1023.789961 1005.741130 995.976607 1008.940260 990.863445 964.874634 900.000000 885.031868 840.561404 790.851150 700.000000 700.000000 700.000000 673.357410 632.866808 571.987841 477.048705 263.997064
-9999.0 -9999.0 1879.564219 1691.093707 1500.000000 1300.000000 1184.670284 1074.433937 996.936021 900.000000 811.830166 700.000000 697.897722 678.847460 700.000000 700.000000 769.489070 769.271688 777.803961 790.829707 813.423755 821.419624 829.797664 836.686165 848.870021 855.787281 861.402693 873.060481 895.238590 900.000000 991.974851 1042.623420 1095.677130 1100.000000 1100.000000 1163.811212 1166.463541 1168.478159 1161.827063 1160.570866 1154.965966 1100.000000 1100.000000 1100.000000 1092.470970 1085.432581 1073.366336 1050.482115 1018.453476 978.791748 900.000000 874.954032 839.442743 829.447965 840.020364 835.555252 815.359713 773.427474 691.907024 607.130694
-9999.0 -9999.0 -9999.0 -9999.0 1842.627456 1679.451825 1579.943012 1494.270655 1365.948396 1250.912361 1100.000000 1077.864487 1024.103299 1000.523425 1011.806428 1016.407713 1024.228650 1028.086990 1036.479999 1040.854870 1045.195422 1052.326830 1063.488541 1070.606519 1070.810972 1067.000872 1069.038231 1081.981123 1097.718104 1100.000000 1100.000000 1180.173755 1216.197940 1244.694577 1257.261801 1263.445723 1263.033865 1268.665475 1259.267389 1252.651427 1237.789997 1222.531175 1198.772469 1170.577192 1158.011130 1100.000000 1100.000000 1100.000000 1085.223628 1033.714691 972.990167 900.000000 886.956261 885.205257 900.000000 900.000000 900.000000 900.000000 866.111881 801.417132
-9999.0 -9999.0 -9999.0 -9999.0 -9999.0 -9999.0 1892.266400 1789.821449 1700.000000 1570.245156 1447.953654 1300.000000 1276.764641 1250.650621 1231.510369 1208.548491 1212.505731 1229.517692 1246.304564 1229.095211 1218.299926 1223.018598 1250.488558 1251.397821 1247.394609 1238.228529 1239.434212 1245.231189 1269.461538 1259.986540 1260.294843 1282.620561 1300.000000 1300.000000 1300.000000 1300.000000 1300.000000 1300.000000 1300.000000 1300.000000 1286.332181 1273.072839 1250.936311 1218.093784 1186.397134 1172.264580 1171.550059 1165.801436 1100.000000 1056.290546 987.468474 900.000000 900.000000 900.000000 900.000000 973.256031 996.570647 992.458934 961.320899 900.000000
-9999.0 -9999.0 -9999.0 -9999.0 -9999.0 -9999.0 -9999.0 -9999.0 -9999.0 -9999.0 -9999.0 -9999.0 -9999.0 -9999.0 -9999.0 -9999.0 -9999.0 -9999.0 -9999.0 -9999.0 -9999.0 -9999.0 -9999.0 -9999.0 -9999.0 -9999.0 -9999.0 -9999.0 -9999.0 -9999.0 -9999.0 -9999.0 -9999.0 -9999.0 -9999.0 -9999.0 -9999.0 -9999.0 -9999.0 -9999.0 -9999.0 -9999.0 -9999.0 -9999.0 -9999.0 -9999.0 -9999.0 -9999.0 -9999.0 -9999.0 -9999.0 -9999.0 -9999.0 -9999.0 -9999.0 -9999.0 -9999.0 -9999.0 -9999.0 -9999.0
-9999.0 -9999.0 -9999.0 -9999.0 -9999.0 -9999.0 -9999.0 -9999.0 -9999.0 -9999.0 -9999.0 -9999.0 -9999.0 -9999.0 -9999.0 -9999.0 -9999.0 -9999.0 -9999.0 -9999.0 -9999.0 -9999.0 -9999.0 -9999.0 -9999.0 -9999.0 -9999.0 -9999.0 -9999.0 -9999.0 -9999.0 -9999.0 -9999.0 -9999.0 -9999.0 -9999.0 -9999.0 -9999.0 -9999.0 -9999.0 -9999.0 -9999.0 -9999.0 -9999.0 -9999.0 -9999.0 -9999.0 -9999.0 -9999.0 -9999.0 -9999.0 -9999.0 -9999.0 -9999.0 -9999.0 -9999.0 -9999.0 -9999.0 -9999.0 -9999.0
