Borden_/Borden1m_014/output_maps/watertableN0001.asc
ncols         80
nrows         18
xllcorner     620200.000000
yllcorner     5168000.000000
cellsize      1.000000
NODATA_value  -9999.0
-9999.0 -9999.0 -9999.0 -9999.0 -9999.0 -9999.0 -9999.0 -9999.0 -9999.0 -9999.0 -9999.0 -9999.0 -9999.0 -9999.0 -9999.0 -9999.0 -9999.0 -9999.0 -9999.0 -9999.0 -9999.0 -9999.0 -9999.0 -9999.0 -9999.0 -9999.0 -9999.0 -9999.0 -9999.0 -9999.0 -9999.0 -9999.0 -9999.0 -9999.0 -9999.0 -9999.0 -9999.0 -9999.0 -9999.0 -9999.0 -9999.0 -9999.0 -9999.0 -9999.0 -9999.0 -9999.0 -9999.0 -9999.0 -9999.0 -9999.0 -9999.0 -9999.0 -9999.0 -9999.0 -9999.0 -9999.0 -9999.0 -9999.0 -9999.0 -9999.0 -9999.0 -9999.0 -9999.0 -9999.0 -9999.0 -9999.0 -9999.0 -9999.0 -9999.0 -9999.0 -9999.0 -9999.0 -9999.0 -9999.0 -9999.0 -9999.0 -9999.0 -9999.0 -9999.0 -9999.0
-9999.0 -9999.0 -9999.0 -9999.0 -9999.0 -9999.0 -9999.0 -9999.0 -9999.0 -9999.0 -9999.0 -9999.0 -9999.0 -9999.0 -9999.0 -9999.0 -9999.0 -9999.0 -9999.0 -9999.0 -9999.0 -9999.0 -9999.0 -9999.0 -9999.0 -9999.0 -9999.0 -9999.0 -9999.0 -9999.0 -9999.0 -9999.0 -9999.0 -9999.0 -9999.0 -9999.0 -9999.0 -9999.0 -9999.0 -9999.0 -9999.0 -9999.0 -9999.0 -9999.0 -9999.0 -9999.0 -9999.0 -9999.0 -9999.0 -9999.0 -9999.0 -9999.0 -9999.0 -9999.0 -9999.0 -9999.0 -9999.0 -9999.0 -9999.0 -9999.0 -9999.0 -9999.0 -9999.0 -9999.0 -9999.0 -9999.0 -9999.0 -9999.0 -9999.0 -9999.0 -9999.0 -9999.0 -9999.0 -9999.0 -9999.0 -9999.0 -9999.0 -9999.0 -9999.0 -9999.0
-9999.0 -9999.0 -9999.0 -9999.0 -9999.0 -9999.0 -9999.0 -9999.0 -9999.0 -9999.0 -9999.0 -9999.0 -9999.0 -9999.0 -9999.0 -9999.0 -9999.0 -9999.0 -9999.0 -9999.0 973.991464 971.276411 994.060474 1028.165141 1056.703273 1055.258610 1021.256504 981.162899 900.000000 900.000000 900.000000 900.000000 957.033726 957.828451 955.337783 900.000000 900.000000 900.000000 900.000000 900.000000 900.000000 900.000000 900.000000 900.000000 900.000000 900.000000 900.000000 900.000000 900.000000 900.000000 900.000000 900.000000 959.567002 973.391855 900.000000 900.000000 900.000000 900.000000 900.000000 900.000000 963.999184 -9999.0 -9999.0 -9999.0 -9999.0 -9999.0 -9999.0 -9999.0 -9999.0 -9999.0 -9999.0 -9999.0 -9999.0 -9999.0 -9999.0 -9999.0 -9999.0 -9999.0 -9999.0 -9999.0
-9999.0 -9999.0 -9999.0 -9999.0 -9999.0 -9999.0 -9999.0 -9999.0 -9999.0 -9999.0 -9999.0 -9999.0 -9999.0 -9999.0 1062.653034 1072.916060 1076.336832 1068.490535 1035.563911 1006.230418 993.951071 1001.846872 1002.345272 1026.324282 1047.123863 1033.838839 1005.455507 975.313409 900.000000 900.000000 900.000000 900.000000 900.000000 900.000000 889.531418 892.528301 900.000000 891.061480 875.628792 867.014992 868.379779 877.259442 863.525705 847.793712 854.452750 871.419387 867.293515 855.380467 841.056591 854.707927 900.000000 900.000000 900.000000 900.000000 956.438022 961.999292 900.000000 900.000000 900.000000 959.351505 990.839454 1034.400566 1051.748021 1012.742455 968.037381 900.000000 -9999.0 -9999.0 -9999.0 -9999.0 -9999.0 -9999.0 -9999.0 -9999.0 -9999.0 -9999.0 -9999.0 -9999.0 -9999.0 -9999.0
-9999.0 -9999.0 -9999.0 -9999.0 -9999.0 -9999.0 -9999.0 -9999.0 -9999.0 1100.000000 1100.000000 1100.000000 1100.000000 1091.772188 1094.008100 1087.632144 1080.796116 1055.489094 1025.587122 991.675406 963.858133 974.403061 974.969997 964.401897 959.378460 900.000000 900.000000 889.428185 850.069667 810.732134 839.735289 842.216601 823.150534 774.379499 700.000000 700.000000 700.000000 700.000000 700.000000 696.559430 698.311616 700.000000 678.476506 666.431638 660.769103 677.842870 693.440480 694.587955 669.510476 700.000000 779.474796 831.871133 828.868319 857.764016 896.179936 900.000000 900.000000 896.127101 900.000000 900.000000 980.639986 989.367527 1005.045510 987.659596 964.301486 900.000000 877.815284 848.454603 847.426775 864.118022 -9999.0 -9999.0 -9999.0 -9999.0 -9999.0 -9999.0 -9999.0 -9999.0 -9999.0 -9999.0
-9999.0 -9999.0 -9999.0 -9999.0 -9999.0 -9999.0 1196.042624 1187.398530 1168.085441 1163.345890 1100.000000 1100.000000 1100.000000 1095.050663 1075.286132 1059.717898 1030.614542 999.722709 960.187146 900.000000 887.347604 893.130124 884.597727 853.103480 811.801394 780.367905 757.711298 700.000000 651.978555 614.403340 602.983320 597.279606 583.921027 500.000000 464.147049 446.658354 466.173491 481.930884 465.836527 433.894488 427.744394 428.298565 422.467533 414.244916 384.555547 390.449741 429.948100 446.417569 452.258049 461.748639 500.000000 588.698939 626.375785 668.502875 700.000000 798.600042 798.110939 781.359624 809.430575 860.250946 900.000000 900.000000 900.000000 900.000000 900.000000 900.000000 882.051111 869.342904 880.499762 899.995870 900.000000 900.000000 900.000000 900.000000 -9999.0 -9999.0 -9999.0 -9999.0 -9999.0 -9999.0
-9999.0 -9999.0 -9999.0 -9999.0 1245.161014 1233.154553 1245.685094 1222.407881 1191.252558 1158.956484 1100.000000 1092.792899 1067.393429 1039.210989 999.647069 964.643137 900.000000 891.660419 839.181737 772.595378 700.000000 698.593944 686.990701 632.426737 572.023053 500.000000 489.589448 466.803908 433.765699 325.000000 325.000000 316.854856 200.000000 0.000000 0.000000 0.000000 0.000000 0.000000 0.000000 0.000000 0.000000 0.000000 0.000000 0.000000 0.000000 0.000000 0.000000 0.000000 0.000000 0.000000 0.000000 325.000000 401.117947 425.703241 445.566032 492.632769 572.983210 594.980102 644.165665 693.288399 755.043699 777.305971 806.012957 828.864631 856.204809 852.679614 847.194971 864.540482 893.086596 900.000000 900.000000 954.309828 963.716689 900.000000 900.000000 883.691303 -9999.0 -9999.0 -9999.0 -9999.0
-9999.0 -9999.0 1300.000000 1253.733337 1198.416642 1191.027612 1190.953317 1187.275829 1161.503244 1100.000000 1037.060688 987.833911 900.000000 900.000000 859.098577 779.236175 700.000000 668.865681 616.945474 500.000000 484.034290 451.811507 437.959914 403.560434 325.000000 0.000000 0.000000 0.000000 0.000000 0.000000 0.000000 0.000000 0.000000 0.000000 0.000000 0.000000 0.000000 0.000000 0.000000 0.000000 0.000000 0.000000 0.000000 0.000000 0.000000 0.000000 0.000000 0.000000 0.000000 0.000000 0.000000 0.000000 0.000000 0.000000 0.000000 0.000000 325.000000 396.867688 413.695625 449.293269 500.000000 582.407957 629.013678 673.193166 700.000000 700.000000 787.418242 823.563582 864.840231 900.000000 900.000000 900.000000 900.000000 900.000000 900.000000 900.000000 894.430765 886.347917 -9999.0 -9999.0
-9999.0 1403.121798 1300.000000 1204.375789 1100.000000 1084.077870 1049.013459 1024.268785 1000.999674 985.324995 881.782496 784.504153 700.000000 673.522342 619.354420 500.000000 446.769625 410.788339 325.000000 274.631608 0.000000 0.000000 0.000000 0.000000 0.000000 0.000000 0.000000 0.000000 0.000000 0.000000 0.000000 0.000000 0.000000 0.000000 0.000000 0.000000 0.000000 0.000000 0.000000 0.000000 0.000000 0.000000 0.000000 0.000000 0.000000 0.000000 0.000000 0.000000 0.000000 0.000000 0.000000 0.000000 0.000000 0.000000 0.000000 0.000000 0.000000 0.000000 0.000000 0.000000 297.694773 395.086641 448.585213 500.000000 570.399842 630.319577 681.019191 700.000000 786.943667 821.086108 848.334677 896.919360 900.000000 900.000000 900.000000 900.000000 900.000000 900.000000 -9999.0 -9999.0
-9999.0 1480.137269 1300.000000 1100.000000 1004.593093 900.000000 837.862886 759.263240 700.000000 700.000000 654.717658 449.613709 325.000000 325.000000 0.000000 0.000000 0.000000 0.000000 0.000000 0.000000 0.000000 0.000000 0.000000 0.000000 0.000000 0.000000 0.000000 0.000000 0.000000 0.000000 0.000000 0.000000 0.000000 0.000000 296.200289 325.000000 325.000000 325.000000 409.678414 434.096642 444.313874 422.690694 433.882402 453.513585 458.123663 435.360409 403.113977 413.673497 413.984061 394.396448 325.000000 200.000000 0.000000 0.000000 0.000000 0.000000 0.000000 0.000000 0.000000 0.000000 0.000000 0.000000 0.000000 325.000000 418.196807 494.032004 500.000000 590.149825 644.252212 683.441816 700.000000 779.931543 832.854458 854.819276 891.569829 900.000000 -9999.0 -9999.0 -9999.0 -9999.0
-9999.0 1500.000000 1362.070003 1094.275792 832.252875 700.000000 500.000000 409.066775 325.000000 0.000000 0.000000 0.000000 0.000000 0.000000 0.000000 0.000000 0.000000 0.000000 0.000000 0.000000 0.000000 0.000000 0.000000 0.000000 0.000000 0.000000 0.000000 0.000000 0.000000 316.299812 325.000000 382.031964 413.690411 500.000000 500.000000 580.874201 627.888365 633.182553 642.696771 669.113268 685.394835 698.954771 682.040493 683.108035 683.439953 677.012273 658.844883 644.214938 609.803807 580.425240 500.000000 493.108508 458.440600 416.485740 325.000000 0.000000 0.000000 0.000000 0.000000 0.000000 0.000000 0.000000 0.000000 0.000000 0.000000 313.150990 325.000000 423.798241 473.155905 500.000000 575.494853 630.006798 690.508067 767.826496 805.507814 -9999.0 -9999.0 -9999.0 -9999.0 -9999.0
-9999.0 1700.000000 1454.455451 1100.000000 811.222042 500.000000 414.417198 0.000000 0.000000 0.000000 0.000000 0.000000 0.000000 0.000000 0.000000 0.000000 0.000000 0.000000 0.000000 0.000000 297.023353 325.000000 325.000000 325.000000 380.439199 398.783216 410.578137 428.093446 475.856231 500.000000 600.683770 618.887956 683.304514 700.000000 785.419313 830.409000 879.164484 879.555741 862.991936 878.358361 899.676005 900.000000 892.714820 877.607123 867.164046 877.600278 869.919796 837.489602 792.796303 755.149054 700.000000 664.835941 626.792355 583.899877 500.000000 497.131317 450.780874 405.367725 295.869634 0.000000 0.000000 0.000000 0.000000 0.000000 0.000000 0.000000 0.000000 0.000000 0.000000 325.000000 408.655004 483.371058 500.000000 -9999.0 -9999.0 -9999.0 -9999.0 -9999.0 -9999.0 -9999.0
-9999.0 1865.363943 1635.252469 1386.680254 1076.163018 834.565431 671.594489 566.345214 497.031841 495.802117 481.858734 457.889510 430.544713 411.245519 436.183689 472.123553 499.558443 497.052979 498.322460 500.000000 563.825404 580.479176 581.174963 587.857940 611.923804 625.785226 634.815433 654.599349 687.067321 700.000000 812.733006 876.503426 900.000000 967.214984 995.586263 1027.135075 1064.015929 1052.606056 1037.789684 1041.771704 1053.491676 1057.572298 1028.276326 1010.173745 1000.541948 1013.940558 996.334569 970.916378 900.000000 892.482754 848.558755 799.531912 700.000000 700.000000 700.000000 690.323917 654.116809 605.561755 500.000000 429.571815 325.000000 50.000000 0.000000 0.000000 0.000000 0.000000 0.000000 0.000000 0.000000 0.000000 0.000000 -9999.0 -9999.0 -9999.0 -9999.0 -9999.0 -9999.0 -9999.0 -9999.0 -9999.0
-9999.0 -9999.0 1880.581513 1692.498746 1500.000000 1300.000000 1190.559388 1082.165261 1006.251320 900.000000 823.069454 700.000000 700.000000 700.000000 700.000000 757.347810 782.166607 781.802045 790.580424 804.140246 827.786111 836.245609 844.831496 851.685914 863.629835 869.835509 874.163241 883.976555 900.000000 900.000000 999.779554 1049.879158 1100.000000 1100.000000 1100.000000 1168.396583 1170.611271 1172.303495 1165.336295 1163.807159 1157.986623 1100.000000 1100.000000 1100.000000 1095.366248 1088.465315 1076.613505 1053.972562 1022.241741 982.975404 900.000000 880.172298 845.261970 836.243756 848.076930 844.874476 826.451464 787.615046 700.000000 633.318344 500.000000 485.826624 411.928456 325.000000 280.468425 0.000000 0.000000 0.000000 0.000000 0.000000 -9999.0 -9999.0 -9999.0 -9999.0 -9999.0 -9999.0 -9999.0 -9999.0 -9999.0 -9999.0
-9999.0 -9999.0 -9999.0 -9999.0 1844.695852 1682.045328 1583.193528 1498.584404 1371.038564 1256.707521 1162.202210 1085.299572 1032.151834 1009.266014 1020.313915 1024.473746 1032.150804 1036.057572 1044.642866 1049.208066 1053.730126 1060.987942 1072.230417 1079.250074 1079.122065 1074.786358 1076.222041 1088.555851 1100.000000 1100.000000 1100.000000 1184.555402 1220.180958 1248.329680 1260.535160 1266.411394 1265.734034 1271.173266 1261.558756 1254.780118 1239.768462 1224.411616 1200.587958 1172.372223 1159.858817 1100.000000 1100.000000 1100.000000 1087.737299 1036.414053 975.934958 900.000000 890.780345 889.641345 900.000000 900.000000 900.000000 900.000000 877.024733 814.726837 700.000000 659.321458 603.076712 554.670351 500.000000 447.441321 325.000000 0.000000 -9999.0 -9999.0 -9999.0 -9999.0 -9999.0 -9999.0 -9999.0 -9999.0 -9999.0 -9999.0 -9999.0 -9999.0
-9999.0 -9999.0 -9999.0 -9999.0 -9999.0 -9999.0 1895.195589 1793.053136 1700.000000 1574.797162 1452.984148 1358.049591 1282.757498 1256.947999 1237.815926 1214.728188 1218.743950 1235.941671 1252.963396 1235.617135 1224.733286 1229.458357 1257.115093 1257.835223 1253.531913 1243.955236 1244.780119 1250.176031 1274.147213 1264.154832 1264.038410 1286.063622 1300.000000 1300.000000 1300.000000 1300.000000 1300.000000 1300.000000 1300.000000 1300.000000 1287.890137 1274.570517 1252.380352 1219.489925 1187.784882 1173.710487 1173.110270 1167.529231 1100.000000 1058.367996 989.690479 900.000000 900.000000 900.000000 900.000000 977.870075 1002.098532 999.148151 969.500542 900.000000 853.286417 811.142368 786.015850 768.426597 700.000000 654.798461 -9999.0 -9999.0 -9999.0 -9999.0 -9999.0 -9999.0 -9999.0 -9999.0 -9999.0 -9999.0 -9999.0 -9999.0 -9999.0 -9999.0
-9999.0 -9999.0 -9999.0 -9999.0 -9999.0 -9999.0 -9999.0 -9999.0 -9999.0 -9999.0 -9999.0 -9999.0 -9999.0 -9999.0 -9999.0 -9999.0 -9999.0 -9999.0 -9999.0 -9999.0 -9999.0 -9999.0 -9999.0 -9999.0 -9999.0 -9999.0 -9999.0 -9999.0 -9999.0 -9999.0 -9999.0 -9999.0 -9999.0 -9999.0 -9999.0 -9999.0 -9999.0 -9999.0 -9999.0 -9999.0 -9999.0 -9999.0 -9999.0 -9999.0 -9999.0 -9999.0 -9999.0 -9999.0 -9999.0 -9999.0 -9999.0 -9999.0 -9999.0 -9999.0 -9999.0 -9999.0 -9999.0 -9999.0 -9999.0 -9999.0 -9999.0 -9999.0 -9999.0 -9999.0 -9999.0 -9999.0 -9999.0 -9999.0 -9999.0 -9999.0 -9999.0 -9999.0 -9999.0 -9999.0 -9999.0 -9999.0 -9999.0 -9999.0 -9999.0 -9999.0
-9999.0 -9999.0 -9999.0 -9999.0 -9999.0 -9999.0 -9999.0 -9999.0 -9999.0 -9999.0 -9999.0 -9999.0 -9999.0 -9999.0 -9999.0 -9999.0 -9999.0 -9999.0 -9999.0 -9999.0 -9999.0 -9999.0 -9999.0 -9999.0 -9999.0 -9999.0 -9999.0 -9999.0 -9999.0 -9999.0 -9999.0 -9999.0 -9999.0 -9999.0 -9999.0 -9999.0 -9999.0 -9999.0 -9999.0 -9999.0 -9999.0 -9999.0 -9999.0 -9999.0 -9999.0 -9999.0 -9999.0 -9999.0 -9999.0 -9999.0 -9999.0 -9999.0 -9999.0 -9999.0 -9999.0 -9999.0 -9999.0 -9999.0 -9999.0 -9999.0 -9999.0 -9999.0 -9999.0 -9999.0 -9999.0 -9999.0 -9999.0 -9999.0 -9999.0 -9999.0 -9999.0 -9999.0 -9999.0 -9999.0 -9999.0 -9999.0 -9999.0 -9999.0 -9999.0 -9999.0