Borden_/Borden1m_014/output_maps/watertableN0026.asc
ncols         80
nrows         18
xllcorner     620200.000000
yllcorner     5168000.000000
cellsize      1.000000
NODATA_value  -9999.0
-9999.0 -9999.0 -9999.0 -9999.0 -9999.0 -9999.0 -9999.0 -9999.0 -9999.0 -9999.0 -9999.0 -9999.0 -9999.0 -9999.0 -9999.0 -9999.0 -9999.0 -9999.0 -9999.0 -9999.0 -9999.0 -9999.0 -9999.0 -9999.0 -9999.0 -9999.0 -9999.0 -9999.0 -9999.0 -9999.0 -9999.0 -9999.0 -9999.0 -9999.0 -9999.0 -9999.0 -9999.0 -9999.0 -9999.0 -9999.0 -9999.0 -9999.0 -9999.0 -9999.0 -9999.0 -9999.0 -9999.0 -9999.0 -9999.0 -9999.0 -9999.0 -9999.0 -9999.0 -9999.0 -9999.0 -9999.0 -9999.0 -9999.0 -9999.0 -9999.0 -9999.0 -9999.0 -9999.0 -9999.0 -9999.0 -9999.0 -9999.0 -9999.0 -9999.0 -9999.0 -9999.0 -9999.0 -9999.0 -9999.0 -9999.0 -9999.0 -9999.0 -9999.0 -9999.0 -9999.0
-9999.0 -9999.0 -9999.0 -9999.0 -9999.0 -9999.0 -9999.0 -9999.0 -9999.0 -9999.0 -9999.0 -9999.0 -9999.0 -9999.0 -9999.0 -9999.0 -9999.0 -9999.0 -9999.0 -9999.0 -9999.0 -9999.0 -9999.0 -9999.0 -9999.0 -9999.0 -9999.0 -9999.0 -9999.0 -9999.0 -9999.0 -9999.0 -9999.0 -9999.0 -9999.0 -9999.0 -9999.0 -9999.0 -9999.0 -9999.0 -9999.0 -9999.0 -9999.0 -9999.0 -9999.0 -9999.0 -9999.0 -9999.0 -9999.0 -9999.0 -9999.0 -9999.0 -9999.0 -9999.0 -9999.0 -9999.0 -9999.0 -9999.0 -9999.0 -9999.0 -9999.0 -9999.0 -9999.0 -9999.0 -9999.0 -9999.0 -9999.0 -9999.0 -9999.0 -9999.0 -9999.0 -9999.0 -9999.0 -9999.0 -9999.0 -9999.0 -9999.0 -9999.0 -9999.0 -9999.0
-9999.0 -9999.0 -9999.0 -9999.0 -9999.0 -9999.0 -9999.0 -9999.0 -9999.0 -9999.0 -9999.0 -9999.0 -9999.0 -9999.0 -9999.0 -9999.0 -9999.0 -9999.0 -9999.0 -9999.0 965.348514 962.362922 984.447244 1017.607561 1045.129838 1042.772672 1008.074465 967.304432 900.000000 900.000000 900.000000 900.000000 900.000000 900.000000 900.000000 900.000000 900.000000 900.000000 900.000000 900.000000 900.000000 900.000000 900.000000 900.000000 900.000000 900.000000 900.000000 890.475465 884.838236 890.617816 900.000000 900.000000 900.000000 958.210827 900.000000 900.000000 900.000000 896.876928 898.427901 900.000000 955.220511 -9999.0 -9999.0 -9999.0 -9999.0 -9999.0 -9999.0 -9999.0 -9999.0 -9999.0 -9999.0 -9999.0 -9999.0 -9999.0 -9999.0 -9999.0 -9999.0 -9999.0 -9999.0 -9999.0
-9999.0 -9999.0 -9999.0 -9999.0 -9999.0 -9999.0 -9999.0 -9999.0 -9999.0 -9999.0 -9999.0 -9999.0 -9999.0 -9999.0 1055.464817 1065.187987 1067.833344 1059.098730 1025.482457 995.652083 983.240403 990.439124 990.157728 1012.838962 1032.226142 1017.881610 988.487289 956.998375 900.000000 900.000000 900.000000 900.000000 900.000000 876.254408 861.154537 863.119255 883.562407 861.230351 844.617471 834.260743 834.168433 841.771388 826.602794 809.960299 816.506626 834.772636 832.754688 822.105838 808.513596 825.143757 890.170488 900.000000 900.000000 900.000000 900.000000 900.000000 900.000000 900.000000 900.000000 900.000000 980.031391 1023.586629 1041.621635 1003.853764 960.253881 900.000000 -9999.0 -9999.0 -9999.0 -9999.0 -9999.0 -9999.0 -9999.0 -9999.0 -9999.0 -9999.0 -9999.0 -9999.0 -9999.0 -9999.0
-9999.0 -9999.0 -9999.0 -9999.0 -9999.0 -9999.0 -9999.0 -9999.0 -9999.0 1100.000000 1100.000000 1100.000000 1099.301022 1083.572883 1085.204311 1077.963302 1069.954005 1043.496798 1012.402939 977.441209 900.000000 957.638241 956.490673 900.000000 900.000000 900.000000 900.000000 859.234152 814.292301 769.682504 795.531229 795.897948 774.416348 700.000000 677.544327 664.155705 686.440715 682.604911 652.228570 618.881777 614.542957 614.134021 580.504405 561.031128 500.000000 580.139437 609.929068 615.128151 584.129853 651.318892 700.000000 785.019071 788.415494 823.361080 867.014433 890.706161 894.845282 874.614297 890.696610 900.000000 965.126719 975.373329 992.345612 976.603315 954.696940 900.000000 870.428699 842.089138 841.936853 859.206870 -9999.0 -9999.0 -9999.0 -9999.0 -9999.0 -9999.0 -9999.0 -9999.0 -9999.0 -9999.0
-9999.0 -9999.0 -9999.0 -9999.0 -9999.0 -9999.0 1191.279490 1182.133434 1162.196215 1156.772438 1100.000000 1100.000000 1100.000000 1084.001435 1062.874760 1045.521996 1014.437756 981.360520 900.000000 894.579643 860.962593 863.118923 850.383819 812.865275 765.333598 700.000000 700.000000 651.905765 500.000000 480.639313 456.607569 444.429643 428.566464 388.376248 325.000000 277.971986 325.000000 325.000000 325.000000 290.875503 200.000000 200.000000 200.000000 200.000000 174.966295 184.465023 284.863729 314.548738 322.200270 325.000000 325.000000 437.353793 500.000000 572.628230 678.688787 700.000000 700.000000 700.000000 772.156793 829.284427 874.097439 886.542246 900.000000 900.000000 900.000000 894.793887 872.298422 861.322699 873.870854 894.455492 900.000000 900.000000 900.000000 900.000000 -9999.0 -9999.0 -9999.0 -9999.0 -9999.0 -9999.0
-9999.0 -9999.0 -9999.0 -9999.0 1241.005529 1228.323242 1239.855358 1215.604115 1183.395700 1100.000000 1100.000000 1079.929068 1052.273860 1021.811744 979.640545 900.000000 894.986856 856.676847 797.120561 700.000000 659.464372 621.238037 591.644609 500.000000 423.171817 325.000000 325.000000 325.000000 281.461807 110.000000 110.000000 110.000000 50.000000 108.492579 0.000000 0.000000 0.000000 20.000000 0.000000 0.000000 0.000000 0.000000 0.000000 0.000000 0.000000 0.000000 0.000000 50.000000 0.000000 0.000000 110.000000 110.000000 200.000000 288.536227 317.136528 325.000000 421.174386 451.528909 500.000000 612.682471 697.147446 700.000000 766.832388 797.374168 831.166676 832.977982 831.878328 852.520198 883.614741 900.000000 900.000000 900.000000 959.818404 900.000000 900.000000 881.665898 -9999.0 -9999.0 -9999.0 -9999.0
-9999.0 -9999.0 1299.713885 1250.232589 1193.942281 1184.973306 1182.872962 1177.022731 1100.000000 1097.719713 1019.305910 965.293541 900.000000 884.116238 819.816777 700.000000 634.105898 562.167093 477.858269 404.256427 325.000000 306.675609 200.000000 193.344041 110.000000 50.000000 50.000000 0.000000 0.000000 0.000000 0.000000 0.000000 0.000000 0.000000 0.000000 0.000000 0.000000 0.000000 0.000000 0.000000 0.000000 0.000000 0.000000 0.000000 0.000000 0.000000 0.000000 0.000000 0.000000 0.000000 0.000000 0.000000 0.000000 0.000000 50.000000 50.000000 110.000000 200.000000 271.414894 313.904126 387.413909 437.601039 500.000000 585.003313 660.406257 700.000000 758.013966 802.406284 849.224586 895.054632 900.000000 900.000000 900.000000 900.000000 900.000000 900.000000 892.839426 885.021593 -9999.0 -9999.0
-9999.0 1400.609945 1300.000000 1200.387893 1100.000000 1074.840884 1035.228863 1006.001115 978.995384 959.665174 846.970140 700.000000 621.005651 573.902217 495.530647 325.000000 200.000000 199.212195 181.128596 110.000000 0.000000 0.000000 0.000000 0.000000 0.000000 0.000000 0.000000 0.000000 0.000000 0.000000 0.000000 0.000000 0.000000 0.000000 0.000000 0.000000 0.000000 0.000000 0.000000 0.000000 0.000000 0.000000 50.000000 20.000000 20.000000 0.000000 0.000000 50.000000 0.000000 0.000000 0.000000 0.000000 0.000000 0.000000 0.000000 0.000000 0.000000 0.000000 50.000000 20.000000 179.899605 200.000000 300.582697 325.000000 426.562269 500.000000 604.473799 681.533641 755.171039 798.555000 831.828432 884.637948 900.000000 900.000000 900.000000 900.000000 900.000000 900.000000 -9999.0 -9999.0
-9999.0 1477.315834 1300.000000 1100.000000 995.712708 900.000000 806.291931 700.000000 676.283905 698.438774 500.000000 200.000000 110.000000 110.000000 50.000000 0.000000 0.000000 0.000000 0.000000 0.000000 0.000000 0.000000 0.000000 0.000000 0.000000 0.000000 0.000000 0.000000 0.000000 0.000000 20.000000 0.000000 0.000000 50.000000 110.000000 110.000000 110.000000 200.000000 270.031523 300.650982 314.755330 295.635481 306.254782 323.804768 325.000000 303.467201 268.660287 273.919201 265.843139 200.000000 194.467866 110.000000 50.000000 0.000000 0.000000 0.000000 0.000000 0.000000 0.000000 0.000000 0.000000 0.000000 50.000000 192.425682 267.230560 325.000000 403.688100 458.884606 500.000000 619.673343 684.734496 700.000000 815.007127 845.518402 886.024672 900.000000 -9999.0 -9999.0 -9999.0 -9999.0
-9999.0 1500.000000 1358.140393 1087.656801 817.330938 666.076300 429.593366 285.183171 50.000000 110.000000 0.000000 0.000000 0.000000 0.000000 0.000000 0.000000 0.000000 0.000000 0.000000 0.000000 0.000000 0.000000 0.000000 0.000000 0.000000 0.000000 0.000000 20.000000 110.000000 194.557080 200.000000 200.000000 277.536310 325.000000 398.171817 426.133393 493.519935 500.000000 500.000000 575.557046 602.798601 622.262511 600.141092 601.341278 600.901497 588.432743 557.966233 500.000000 475.164081 430.309885 390.316641 325.000000 305.090685 258.856306 200.000000 50.000000 20.000000 0.000000 0.000000 0.000000 0.000000 0.000000 0.000000 0.000000 50.000000 194.687727 200.000000 312.107703 325.000000 421.230941 463.451196 500.000000 635.193262 700.000000 797.395280 -9999.0 -9999.0 -9999.0 -9999.0 -9999.0
-9999.0 1700.000000 1450.130560 1100.000000 789.997116 422.188328 307.736654 0.000000 0.000000 0.000000 110.000000 20.000000 50.000000 0.000000 0.000000 20.000000 50.000000 50.000000 20.000000 50.000000 174.381236 192.829060 195.863280 200.000000 200.000000 200.000000 269.951505 292.335667 325.000000 387.877811 456.087895 493.592673 592.729891 679.755082 700.000000 784.081297 838.239169 842.292444 828.561834 846.512548 869.585432 888.521706 863.330089 847.985223 837.063201 845.967222 835.879985 799.997823 700.000000 700.000000 642.879369 567.720376 500.000000 433.846655 400.424399 325.000000 303.017807 200.000000 175.932214 0.000000 0.000000 0.000000 0.000000 0.000000 0.000000 0.000000 20.000000 180.190669 270.490286 316.754011 325.000000 325.000000 424.519557 -9999.0 -9999.0 -9999.0 -9999.0 -9999.0 -9999.0 -9999.0
-9999.0 1861.600430 1630.850217 1379.929563 1063.171836 802.268353 578.974360 426.828556 279.196912 325.000000 325.000000 325.000000 314.297394 292.364835 315.063011 325.000000 325.000000 325.000000 325.000000 386.844166 414.746632 427.943106 429.425248 439.848832 477.198868 500.000000 500.000000 500.000000 606.903019 677.760547 767.273590 838.116260 900.000000 900.000000 971.086691 1004.623394 1043.140207 1033.443136 1019.877692 1024.744382 1037.018441 1041.381445 1012.366091 994.208413 984.284789 996.811350 978.361435 900.000000 900.000000 867.985943 819.741148 764.211398 700.000000 671.999166 649.382011 606.880470 500.000000 461.036707 325.000000 277.718066 200.000000 110.000000 0.000000 0.000000 0.000000 0.000000 0.000000 0.000000 200.000000 267.451397 277.246961 -9999.0 -9999.0 -9999.0 -9999.0 -9999.0 -9999.0 -9999.0 -9999.0 -9999.0
-9999.0 -9999.0 1875.512523 1686.095719 1500.000000 1300.000000 1167.799382 1049.778517 966.485088 870.935167 778.200516 698.313730 650.881098 630.187237 653.443204 700.000000 700.000000 700.000000 700.000000 754.127392 779.451758 789.430184 799.404244 808.111432 822.790298 831.478631 838.142456 850.929204 875.591560 900.000000 977.423545 1029.893240 1084.519084 1100.000000 1100.000000 1154.992110 1158.298337 1160.719693 1154.365676 1100.000000 1100.000000 1100.000000 1100.000000 1094.480437 1085.117410 1077.839171 1065.381007 1041.910742 1009.080168 968.443463 900.000000 861.561091 823.655777 811.123044 819.086310 811.100996 785.837513 700.000000 633.348863 500.000000 403.408663 325.000000 257.901016 200.000000 179.613257 110.000000 0.000000 183.044835 325.000000 304.473885 -9999.0 -9999.0 -9999.0 -9999.0 -9999.0 -9999.0 -9999.0 -9999.0 -9999.0 -9999.0
-9999.0 -9999.0 -9999.0 -9999.0 1835.694382 1671.451665 1570.485026 1482.443579 1300.000000 1236.011134 1100.000000 1060.734186 1005.994174 981.932069 992.589987 997.243276 1005.130196 1009.106272 1017.801515 1022.815207 1028.015638 1035.948863 1047.827451 1055.670327 1056.621645 1053.436543 1055.996852 1069.551961 1086.226647 1100.000000 1100.000000 1171.580422 1208.305626 1237.413963 1250.538687 1257.195580 1257.175591 1263.060669 1253.865699 1247.357367 1232.570239 1217.332679 1193.587860 1165.403529 1100.000000 1100.000000 1100.000000 1100.000000 1078.518236 1026.330934 964.985898 900.000000 877.135795 874.130482 900.000000 900.000000 900.000000 890.045117 841.212164 767.017398 653.413753 500.000000 457.297923 405.070660 325.000000 321.277825 265.258698 200.000000 -9999.0 -9999.0 -9999.0 -9999.0 -9999.0 -9999.0 -9999.0 -9999.0 -9999.0 -9999.0 -9999.0 -9999.0
-9999.0 -9999.0 -9999.0 -9999.0 -9999.0 -9999.0 1883.742367 1780.622579 1693.734460 1558.993658 1435.887321 1300.000000 1263.613811 1236.850521 1217.384869 1194.453782 1198.331709 1215.263141 1232.143446 1215.436373 1205.197581 1210.363693 1238.150687 1239.552815 1235.996618 1227.261765 1228.886226 1235.218290 1260.034806 1251.424078 1252.542513 1275.551688 1300.000000 1300.000000 1300.000000 1300.000000 1300.000000 1300.000000 1300.000000 1300.000000 1282.041472 1268.763099 1246.579422 1213.704059 1181.974066 1167.692944 1166.685743 1160.549453 1100.000000 1050.209948 980.908315 900.000000 898.767766 892.263600 900.000000 961.804054 983.289468 977.105560 900.000000 890.665120 814.064900 761.581526 700.000000 697.616068 661.669861 500.000000 -9999.0 -9999.0 -9999.0 -9999.0 -9999.0 -9999.0 -9999.0 -9999.0 -9999.0 -9999.0 -9999.0 -9999.0 -9999.0 -9999.0
-9999.0 -9999.0 -9999.0 -9999.0 -9999.0 -9999.0 -9999.0 -9999.0 -9999.0 -9999.0 -9999.0 -9999.0 -9999.0 -9999.0 -9999.0 -9999.0 -9999.0 -9999.0 -9999.0 -9999.0 -9999.0 -9999.0 -9999.0 -9999.0 -9999.0 -9999.0 -9999.0 -9999.0 -9999.0 -9999.0 -9999.0 -9999.0 -9999.0 -9999.0 -9999.0 -9999.0 -9999.0 -9999.0 -9999.0 -9999.0 -9999.0 -9999.0 -9999.0 -9999.0 -9999.0 -9999.0 -9999.0 -9999.0 -9999.0 -9999.0 -9999.0 -9999.0 -9999.0 -9999.0 -9999.0 -9999.0 -9999.0 -9999.0 -9999.0 -9999.0 -9999.0 -9999.0 -9999.0 -9999.0 -9999.0 -9999.0 -9999.0 -9999.0 -9999.0 -9999.0 -9999.0 -9999.0 -9999.0 -9999.0 -9999.0 -9999.0 -9999.0 -9999.0 -9999.0 -9999.0
-9999.0 -9999.0 -9999.0 -9999.0 -9999.0 -9999.0 -9999.0 -9999.0 -9999.0 -9999.0 -9999.0 -9999.0 -9999.0 -9999.0 -9999.0 -9999.0 -9999.0 -9999.0 -9999.0 -9999.0 -9999.0 -9999.0 -9999.0 -9999.0 -9999.0 -9999.0 -9999.0 -9999.0 -9999.0 -9999.0 -9999.0 -9999.0 -9999.0 -9999.0 -9999.0 -9999.0 -9999.0 -9999.0 -9999.0 -9999.0 -9999.0 -9999.0 -9999.0 -9999.0 -9999.0 -9999.0 -9999.0 -9999.0 -9999.0 -9999.0 -9999.0 -9999.0 -9999.0 -9999.0 -9999.0 -9999.0 -9999.0 -9999.0 -9999.0 -9999.0 -9999.0 -9999.0 -9999.0 -9999.0 -9999.0 -9999.0 -9999.0 -9999.0 -9999.0 -9999.0 -9999.0 -9999.0 -9999.0 -9999.0 -9999.0 -9999.0 -9999.0 -9999.0 -9999.0 -9999.0