Borden_/Borden1m_014/output_maps/watertableN0033.asc
ncols         80
nrows         18
xllcorner     620200.000000
yllcorner     5168000.000000
cellsize      1.000000
NODATA_value  -9999.0
-9999.0 -9999.0 -9999.0 -9999.0 -9999.0 -9999.0 -9999.0 -9999.0 -9999.0 -9999.0 -9999.0 -9999.0 -9999.0 -9999.0 -9999.0 -9999.0 -9999.0 -9999.0 -9999.0 -9999.0 -9999.0 -9999.0 -9999.0 -9999.0 -9999.0 -9999.0 -9999.0 -9999.0 -9999.0 -9999.0 -9999.0 -9999.0 -9999.0 -9999.0 -9999.0 -9999.0 -9999.0 -9999.0 -9999.0 -9999.0 -9999.0 -9999.0 -9999.0 -9999.0 -9999.0 -9999.0 -9999.0 -9999.0 -9999.0 -9999.0 -9999.0 -9999.0 -9999.0 -9999.0 -9999.0 -9999.0 -9999.0 -9999.0 -9999.0 -9999.0 -9999.0 -9999.0 -9999.0 -9999.0 -9999.0 -9999.0 -9999.0 -9999.0 -9999.0 -9999.0 -9999.0 -9999.0 -9999.0 -9999.0 -9999.0 -9999.0 -9999.0 -9999.0 -9999.0 -9999.0
-9999.0 -9999.0 -9999.0 -9999.0 -9999.0 -9999.0 -9999.0 -9999.0 -9999.0 -9999.0 -9999.0 -9999.0 -9999.0 -9999.0 -9999.0 -9999.0 -9999.0 -9999.0 -9999.0 -9999.0 -9999.0 -9999.0 -9999.0 -9999.0 -9999.0 -9999.0 -9999.0 -9999.0 -9999.0 -9999.0 -9999.0 -9999.0 -9999.0 -9999.0 -9999.0 -9999.0 -9999.0 -9999.0 -9999.0 -9999.0 -9999.0 -9999.0 -9999.0 -9999.0 -9999.0 -9999.0 -9999.0 -9999.0 -9999.0 -9999.0 -9999.0 -9999.0 -9999.0 -9999.0 -9999.0 -9999.0 -9999.0 -9999.0 -9999.0 -9999.0 -9999.0 -9999.0 -9999.0 -9999.0 -9999.0 -9999.0 -9999.0 -9999.0 -9999.0 -9999.0 -9999.0 -9999.0 -9999.0 -9999.0 -9999.0 -9999.0 -9999.0 -9999.0 -9999.0 -9999.0
-9999.0 -9999.0 -9999.0 -9999.0 -9999.0 -9999.0 -9999.0 -9999.0 -9999.0 -9999.0 -9999.0 -9999.0 -9999.0 -9999.0 -9999.0 -9999.0 -9999.0 -9999.0 -9999.0 -9999.0 964.404100 961.396269 983.457266 1016.568047 1043.997244 1041.570166 1006.817793 965.917013 900.000000 900.000000 900.000000 900.000000 900.000000 900.000000 900.000000 900.000000 900.000000 900.000000 900.000000 900.000000 900.000000 900.000000 900.000000 900.000000 900.000000 900.000000 900.000000 887.428141 881.983372 888.070486 900.000000 900.000000 900.000000 956.704238 900.000000 900.000000 899.651988 895.767278 897.404299 900.000000 954.386169 -9999.0 -9999.0 -9999.0 -9999.0 -9999.0 -9999.0 -9999.0 -9999.0 -9999.0 -9999.0 -9999.0 -9999.0 -9999.0 -9999.0 -9999.0 -9999.0 -9999.0 -9999.0 -9999.0
-9999.0 -9999.0 -9999.0 -9999.0 -9999.0 -9999.0 -9999.0 -9999.0 -9999.0 -9999.0 -9999.0 -9999.0 -9999.0 -9999.0 1054.608351 1064.276022 1066.850972 1058.055674 1024.415462 994.540073 982.099288 989.248936 988.918314 1011.540834 1030.833557 1016.393915 986.838045 955.103453 900.000000 899.209484 900.000000 900.000000 900.000000 873.522595 858.029355 859.831254 880.156182 857.467612 840.253376 829.303521 828.800970 836.226027 820.903954 804.190707 810.913099 829.344579 827.521268 817.070613 803.762862 821.038131 887.077572 900.000000 900.000000 900.000000 900.000000 900.000000 900.000000 900.000000 900.000000 900.000000 979.081436 1022.721993 1040.832849 1003.179047 959.620508 900.000000 -9999.0 -9999.0 -9999.0 -9999.0 -9999.0 -9999.0 -9999.0 -9999.0 -9999.0 -9999.0 -9999.0 -9999.0 -9999.0 -9999.0
-9999.0 -9999.0 -9999.0 -9999.0 -9999.0 -9999.0 -9999.0 -9999.0 -9999.0 1100.000000 1100.000000 1100.000000 1098.393267 1082.589729 1084.167441 1076.842820 1068.730645 1042.203177 1011.032144 975.908342 900.000000 955.741297 954.483446 900.000000 900.000000 900.000000 898.001296 855.607551 810.209521 765.082817 791.448814 792.011149 770.277583 700.000000 669.115729 655.497393 677.793403 673.034309 640.172041 605.463911 599.643508 598.783565 567.704768 500.000000 500.000000 568.280424 596.459699 602.290120 575.030627 640.374094 700.000000 780.837638 784.302530 819.474665 863.746583 888.118959 892.556122 872.420612 888.716878 900.000000 963.725309 974.195512 991.344645 975.727808 953.918779 900.000000 869.760533 841.436601 841.391121 858.812640 -9999.0 -9999.0 -9999.0 -9999.0 -9999.0 -9999.0 -9999.0 -9999.0 -9999.0 -9999.0
-9999.0 -9999.0 -9999.0 -9999.0 -9999.0 -9999.0 1190.802507 1181.588327 1161.549216 1156.019447 1100.000000 1100.000000 1100.000000 1082.713784 1061.465429 1043.930385 1012.623331 979.347672 900.000000 891.817336 857.471446 859.131651 846.141779 808.767019 760.888213 700.000000 692.495791 641.209669 500.000000 482.680564 461.389861 451.886718 440.208950 397.185042 325.000000 314.877735 325.000000 325.000000 325.000000 288.505415 200.000000 200.000000 200.000000 200.000000 176.174958 185.044136 281.594994 311.899975 322.449157 325.000000 387.324651 447.612239 500.000000 566.456142 669.477513 700.000000 700.000000 700.000000 767.853241 825.700607 871.397186 884.396865 900.000000 900.000000 900.000000 893.771434 871.475889 860.691037 873.451946 894.215455 900.000000 900.000000 900.000000 900.000000 -9999.0 -9999.0 -9999.0 -9999.0 -9999.0 -9999.0
-9999.0 -9999.0 -9999.0 -9999.0 1240.631060 1227.887726 1239.316254 1214.945515 1182.570639 1100.000000 1100.000000 1078.414787 1050.486950 1019.822870 977.376414 900.000000 891.158770 852.481023 792.621833 700.000000 648.638299 608.817733 580.427439 500.000000 432.383495 382.086255 325.000000 325.000000 282.256022 110.000000 110.000000 110.000000 110.000000 50.000000 50.000000 0.000000 0.000000 0.000000 0.000000 0.000000 0.000000 0.000000 0.000000 0.000000 0.000000 0.000000 0.000000 0.000000 50.000000 0.000000 110.000000 110.000000 200.000000 288.214503 317.637932 325.000000 431.979585 460.878208 500.000000 603.308052 689.943942 700.000000 762.863103 793.869776 828.449122 830.906424 830.402978 851.639673 883.180972 900.000000 900.000000 900.000000 959.878744 900.000000 900.000000 881.566963 -9999.0 -9999.0 -9999.0 -9999.0
-9999.0 -9999.0 1299.436791 1249.921520 1193.545481 1184.439472 1182.151985 1176.023523 1100.000000 1096.095600 1017.285645 962.439891 900.000000 879.972820 815.233112 700.000000 621.002997 500.000000 481.088093 411.610231 325.000000 306.647954 200.000000 192.821959 110.000000 50.000000 0.000000 50.000000 0.000000 0.000000 0.000000 0.000000 0.000000 0.000000 0.000000 0.000000 0.000000 0.000000 0.000000 0.000000 0.000000 0.000000 0.000000 0.000000 0.000000 0.000000 0.000000 0.000000 0.000000 0.000000 0.000000 0.000000 0.000000 0.000000 50.000000 50.000000 110.000000 200.000000 273.636696 316.286253 396.256761 449.397825 500.000000 578.621691 651.906552 698.219829 754.241056 800.490070 848.500130 894.849948 900.000000 900.000000 900.000000 900.000000 900.000000 900.000000 892.753921 884.922207 -9999.0 -9999.0
-9999.0 1400.384406 1300.000000 1200.039328 1100.000000 1074.058549 1034.146958 1004.146347 976.333957 956.509050 842.616693 700.000000 608.143696 564.628901 496.341359 387.026207 200.000000 199.818563 181.855466 110.000000 50.000000 0.000000 0.000000 0.000000 0.000000 0.000000 0.000000 0.000000 0.000000 0.000000 0.000000 0.000000 0.000000 0.000000 0.000000 0.000000 0.000000 0.000000 0.000000 20.000000 0.000000 0.000000 0.000000 20.000000 20.000000 0.000000 0.000000 0.000000 50.000000 0.000000 0.000000 0.000000 0.000000 0.000000 0.000000 0.000000 0.000000 0.000000 50.000000 20.000000 184.455461 200.000000 306.522341 325.000000 438.200990 500.000000 598.481743 676.387884 700.000000 797.601493 831.456106 884.620550 900.000000 900.000000 900.000000 900.000000 900.000000 900.000000 -9999.0 -9999.0
-9999.0 1477.058296 1300.000000 1100.000000 994.903341 900.000000 804.080839 700.000000 665.514017 688.717345 500.000000 200.000000 110.000000 110.000000 50.000000 0.000000 0.000000 0.000000 0.000000 0.000000 0.000000 0.000000 0.000000 0.000000 0.000000 0.000000 0.000000 0.000000 0.000000 0.000000 0.000000 50.000000 0.000000 50.000000 110.000000 110.000000 193.509737 200.000000 271.143011 299.434906 312.735649 292.494652 303.304774 322.645771 325.000000 301.674271 267.451758 273.680917 269.043780 200.000000 198.661989 110.000000 50.000000 20.000000 0.000000 0.000000 0.000000 0.000000 0.000000 0.000000 0.000000 0.000000 50.000000 198.276959 276.178288 325.000000 419.003571 476.560909 500.000000 617.873164 682.133146 700.000000 814.268910 845.078922 885.832917 900.000000 -9999.0 -9999.0 -9999.0 -9999.0
-9999.0 1500.000000 1357.787353 1087.047785 815.338706 661.125266 439.727540 290.528023 110.000000 110.000000 0.000000 0.000000 0.000000 0.000000 0.000000 0.000000 0.000000 0.000000 0.000000 0.000000 0.000000 0.000000 0.000000 0.000000 0.000000 0.000000 0.000000 20.000000 110.000000 198.237002 200.000000 200.000000 279.225558 325.000000 408.182538 437.580070 498.570972 500.000000 500.000000 567.991279 591.728443 609.706328 589.124701 590.156977 589.727466 578.845760 500.000000 500.000000 480.836395 441.527730 399.207003 325.000000 309.343914 264.034613 200.000000 50.000000 20.000000 0.000000 0.000000 0.000000 0.000000 0.000000 0.000000 0.000000 50.000000 200.000000 260.080120 325.000000 397.409252 444.638668 485.325732 500.000000 632.227244 700.000000 796.331410 -9999.0 -9999.0 -9999.0 -9999.0 -9999.0
-9999.0 1700.000000 1449.791684 1100.000000 787.915064 430.170478 316.198798 0.000000 0.000000 0.000000 110.000000 20.000000 0.000000 0.000000 20.000000 50.000000 50.000000 50.000000 20.000000 110.000000 181.920471 200.000000 200.000000 200.000000 200.000000 257.280389 272.055994 294.294308 325.000000 396.577525 466.996538 497.837290 585.351976 670.872538 700.000000 780.461066 835.044919 838.961874 824.897187 842.592434 865.569538 884.469783 859.214118 843.778878 832.795401 841.816103 831.856447 795.791855 700.000000 694.884325 632.622119 561.383957 500.000000 444.548767 409.841282 325.000000 305.729435 256.473093 179.664685 0.000000 0.000000 0.000000 0.000000 0.000000 0.000000 0.000000 20.000000 200.000000 304.660396 325.000000 325.000000 395.111489 444.346933 -9999.0 -9999.0 -9999.0 -9999.0 -9999.0 -9999.0 -9999.0
-9999.0 1861.306899 1630.515064 1379.414202 1062.290953 799.915354 581.890063 437.991067 291.647092 325.000000 325.000000 325.000000 313.043032 290.923481 315.235782 325.000000 325.000000 325.000000 325.000000 397.600786 428.341046 442.669465 443.954350 452.572711 483.811902 500.000000 500.000000 500.000000 598.033533 669.267294 762.920366 834.904110 899.210693 900.000000 968.907351 1002.837118 1041.420978 1031.733818 1018.126537 1022.936186 1035.168483 1039.507738 1010.482057 992.290178 982.344207 994.888702 976.423043 900.000000 900.000000 865.167221 815.974561 759.071912 700.000000 662.888185 638.725158 596.338003 500.000000 469.055340 383.083859 282.553779 200.000000 110.000000 0.000000 0.000000 0.000000 0.000000 0.000000 0.000000 278.129997 310.871815 313.438649 -9999.0 -9999.0 -9999.0 -9999.0 -9999.0 -9999.0 -9999.0 -9999.0 -9999.0
-9999.0 -9999.0 1875.137423 1685.632323 1500.000000 1300.000000 1166.481216 1048.541866 964.448113 868.855158 774.260462 690.118575 639.812882 619.055536 642.271813 692.485434 700.000000 700.000000 700.000000 700.000000 776.505554 786.823974 796.892843 805.448511 819.812689 828.307962 834.871813 847.583640 872.341644 900.000000 975.426434 1028.207292 1082.890675 1100.000000 1100.000000 1153.800091 1157.170526 1159.607277 1100.000000 1100.000000 1100.000000 1100.000000 1100.000000 1093.300455 1083.931755 1076.651164 1064.184236 1040.694375 1007.786573 966.939791 900.000000 859.258440 820.730648 807.646516 815.257103 806.823185 781.166908 700.000000 623.628812 500.000000 411.838426 325.000000 264.951998 200.000000 193.910161 110.000000 0.000000 200.000000 401.817404 325.000000 -9999.0 -9999.0 -9999.0 -9999.0 -9999.0 -9999.0 -9999.0 -9999.0 -9999.0 -9999.0
-9999.0 -9999.0 -9999.0 -9999.0 1835.124841 1670.754887 1569.590859 1481.415301 1300.000000 1234.639031 1100.000000 1058.368522 1003.089879 978.740365 989.553294 994.646490 1002.900354 1007.056545 1015.912428 1021.095612 1026.430466 1034.389964 1046.223236 1054.000974 1054.893535 1051.683733 1054.237750 1067.804751 1084.548116 1100.000000 1100.000000 1170.411777 1207.248948 1236.428090 1249.617310 1256.328547 1256.346270 1262.244200 1253.061951 1246.556555 1231.774898 1216.536026 1192.781361 1164.581131 1100.000000 1100.000000 1100.000000 1100.000000 1077.552305 1025.321813 963.817951 900.000000 875.485744 872.273241 898.092266 900.000000 900.000000 887.181778 837.395591 761.876984 643.906952 500.000000 466.924998 417.973274 385.629205 325.000000 293.284010 282.793670 -9999.0 -9999.0 -9999.0 -9999.0 -9999.0 -9999.0 -9999.0 -9999.0 -9999.0 -9999.0 -9999.0 -9999.0
-9999.0 -9999.0 -9999.0 -9999.0 -9999.0 -9999.0 1882.934186 1779.718858 1692.672706 1557.760178 1434.573721 1300.000000 1261.841157 1235.024795 1215.598933 1192.758727 1196.758335 1213.782539 1230.719360 1214.112759 1203.941601 1209.122712 1236.856005 1238.231552 1234.664682 1225.936731 1227.568931 1233.923161 1258.765756 1250.266447 1251.489717 1274.563372 1300.000000 1300.000000 1300.000000 1300.000000 1300.000000 1300.000000 1300.000000 1300.000000 1281.356218 1268.081893 1245.909352 1213.043524 1181.301186 1166.998144 1165.961832 1159.779351 1100.000000 1049.360298 979.982904 900.000000 897.511099 890.872640 900.000000 960.244959 981.620154 975.195276 900.000000 887.688493 809.886627 756.254986 700.000000 690.748065 653.643336 500.000000 -9999.0 -9999.0 -9999.0 -9999.0 -9999.0 -9999.0 -9999.0 -9999.0 -9999.0 -9999.0 -9999.0 -9999.0 -9999.0 -9999.0
-9999.0 -9999.0 -9999.0 -9999.0 -9999.0 -9999.0 -9999.0 -9999.0 -9999.0 -9999.0 -9999.0 -9999.0 -9999.0 -9999.0 -9999.0 -9999.0 -9999.0 -9999.0 -9999.0 -9999.0 -9999.0 -9999.0 -9999.0 -9999.0 -9999.0 -9999.0 -9999.0 -9999.0 -9999.0 -9999.0 -9999.0 -9999.0 -9999.0 -9999.0 -9999.0 -9999.0 -9999.0 -9999.0 -9999.0 -9999.0 -9999.0 -9999.0 -9999.0 -9999.0 -9999.0 -9999.0 -9999.0 -9999.0 -9999.0 -9999.0 -9999.0 -9999.0 -9999.0 -9999.0 -9999.0 -9999.0 -9999.0 -9999.0 -9999.0 -9999.0 -9999.0 -9999.0 -9999.0 -9999.0 -9999.0 -9999.0 -9999.0 -9999.0 -9999.0 -9999.0 -9999.0 -9999.0 -9999.0 -9999.0 -9999.0 -9999.0 -9999.0 -9999.0 -9999.0 -9999.0
-9999.0 -9999.0 -9999.0 -9999.0 -9999.0 -9999.0 -9999.0 -9999.0 -9999.0 -9999.0 -9999.0 -9999.0 -9999.0 -9999.0 -9999.0 -9999.0 -9999.0 -9999.0 -9999.0 -9999.0 -9999.0 -9999.0 -9999.0 -9999.0 -9999.0 -9999.0 -9999.0 -9999.0 -9999.0 -9999.0 -9999.0 -9999.0 -9999.0 -9999.0 -9999.0 -9999.0 -9999.0 -9999.0 -9999.0 -9999.0 -9999.0 -9999.0 -9999.0 -9999.0 -9999.0 -9999.0 -9999.0 -9999.0 -9999.0 -9999.0 -9999.0 -9999.0 -9999.0 -9999.0 -9999.0 -9999.0 -9999.0 -9999.0 -9999.0 -9999.0 -9999.0 -9999.0 -9999.0 -9999.0 -9999.0 -9999.0 -9999.0 -9999.0 -9999.0 -9999.0 -9999.0 -9999.0 -9999.0 -9999.0 -9999.0 -9999.0 -9999.0 -9999.0 -9999.0 -9999.0