Borden_/Borden1m_014/output_maps/watertableN0003.asc
ncols         80
nrows         18
xllcorner     620200.000000
yllcorner     5168000.000000
cellsize      1.000000
NODATA_value  -9999.0
[rows 0 to 17 of 18, columns 0 to 59 of 80]
-9999.0 -9999.0 -9999.0 -9999.0 -9999.0 -9999.0 -9999.0 -9999.0 -9999.0 -9999.0 -9999.0 -9999.0 -9999.0 -9999.0 -9999.0 -9999.0 -9999.0 -9999.0 -9999.0 -9999.0 -9999.0 -9999.0 -9999.0 -9999.0 -9999.0 -9999.0 -9999.0 -9999.0 -9999.0 -9999.0 -9999.0 -9999.0 -9999.0 -9999.0 -9999.0 -9999.0 -9999.0 -9999.0 -9999.0 -9999.0 -9999.0 -9999.0 -9999.0 -9999.0 -9999.0 -9999.0 -9999.0 -9999.0 -9999.0 -9999.0 -9999.0 -9999.0 -9999.0 -9999.0 -9999.0 -9999.0 -9999.0 -9999.0 -9999.0 -9999.0
-9999.0 -9999.0 -9999.0 -9999.0 -9999.0 -9999.0 -9999.0 -9999.0 -9999.0 -9999.0 -9999.0 -9999.0 -9999.0 -9999.0 -9999.0 -9999.0 -9999.0 -9999.0 -9999.0 -9999.0 -9999.0 -9999.0 -9999.0 -9999.0 -9999.0 -9999.0 -9999.0 -9999.0 -9999.0 -9999.0 -9999.0 -9999.0 -9999.0 -9999.0 -9999.0 -9999.0 -9999.0 -9999.0 -9999.0 -9999.0 -9999.0 -9999.0 -9999.0 -9999.0 -9999.0 -9999.0 -9999.0 -9999.0 -9999.0 -9999.0 -9999.0 -9999.0 -9999.0 -9999.0 -9999.0 -9999.0 -9999.0 -9999.0 -9999.0 -9999.0
-9999.0 -9999.0 -9999.0 -9999.0 -9999.0 -9999.0 -9999.0 -9999.0 -9999.0 -9999.0 -9999.0 -9999.0 -9999.0 -9999.0 -9999.0 -9999.0 -9999.0 -9999.0 -9999.0 -9999.0 972.420644 969.643389 992.255375 1026.087192 1054.301142 1052.607076 1018.471509 978.194127 900.000000 900.000000 900.000000 900.000000 900.000000 900.000000 900.000000 900.000000 900.000000 900.000000 900.000000 900.000000 900.000000 900.000000 900.000000 900.000000 900.000000 900.000000 900.000000 900.000000 900.000000 900.000000 900.000000 900.000000 956.091809 970.224549 900.000000 900.000000 900.000000 900.000000 900.000000 900.000000
-9999.0 -9999.0 -9999.0 -9999.0 -9999.0 -9999.0 -9999.0 -9999.0 -9999.0 -9999.0 -9999.0 -9999.0 -9999.0 -9999.0 1061.226879 1071.371353 1074.620280 1066.578591 1033.544055 1004.147196 991.871564 999.615881 999.925703 1023.534031 1043.898729 1030.356459 1001.743535 971.209903 900.000000 900.000000 900.000000 900.000000 900.000000 896.808806 883.315310 886.368567 900.000000 885.097773 869.745668 861.088434 862.324793 870.952340 857.072359 840.915564 846.608232 863.533257 860.368425 849.087477 835.144740 848.877530 900.000000 900.000000 900.000000 900.000000 900.000000 958.476823 900.000000 900.000000 900.000000 957.111614
-9999.0 -9999.0 -9999.0 -9999.0 -9999.0 -9999.0 -9999.0 -9999.0 -9999.0 1100.000000 1100.000000 1100.000000 1100.000000 1089.946960 1092.093382 1085.555198 1078.467973 1052.925714 1022.791569 988.686020 960.691932 970.931659 971.104901 960.003281 954.338501 900.000000 900.000000 882.587523 842.157579 801.173336 828.532925 830.627157 812.248779 764.443482 700.000000 700.000000 700.000000 700.000000 700.000000 686.794915 687.995030 690.122624 666.963300 652.176403 639.343742 657.270690 680.255725 683.948733 660.011195 700.000000 770.015548 822.257670 820.702062 850.646996 889.653963 900.000000 900.000000 891.340751 900.000000 900.000000
-9999.0 -9999.0 -9999.0 -9999.0 -9999.0 -9999.0 1195.179357 1186.384270 1166.879447 1161.936394 1100.000000 1100.000000 1100.000000 1092.351511 1072.367162 1056.515121 1027.074127 995.684563 955.503120 900.000000 881.731170 886.925144 877.603547 845.017677 802.619430 770.988923 700.000000 700.000000 636.604921 588.177380 572.871255 567.042131 557.472913 500.000000 440.611324 418.128005 444.714550 463.970214 444.447034 398.453828 385.629713 385.066139 325.000000 325.000000 0.000000 0.000000 325.000000 415.596768 426.053964 437.723837 496.269446 563.108316 607.521355 655.073780 700.000000 788.451261 788.361140 772.927068 802.378175 853.824162
-9999.0 -9999.0 -9999.0 -9999.0 1244.493858 1232.310815 1244.540411 1220.954921 1189.456317 1156.752638 1100.000000 1089.387571 1063.284583 1034.665271 994.912815 959.372924 900.000000 883.822270 829.931136 762.727486 700.000000 687.938866 674.231261 614.369141 500.000000 490.229710 469.821929 441.146139 378.313842 0.000000 0.000000 0.000000 0.000000 0.000000 0.000000 0.000000 0.000000 0.000000 0.000000 0.000000 0.000000 0.000000 0.000000 0.000000 0.000000 0.000000 0.000000 0.000000 0.000000 0.000000 0.000000 0.000000 200.000000 325.000000 411.719604 469.570288 500.000000 572.528793 629.058046 680.997527
-9999.0 -9999.0 1300.000000 1253.238463 1197.709427 1189.932526 1189.272812 1184.826634 1158.254026 1100.000000 1032.357126 981.815135 900.000000 900.000000 850.196682 770.267832 699.345297 652.118669 591.365962 500.000000 461.517169 423.037544 396.026634 269.196566 0.000000 0.000000 0.000000 0.000000 0.000000 0.000000 0.000000 0.000000 0.000000 0.000000 0.000000 0.000000 0.000000 0.000000 0.000000 0.000000 0.000000 0.000000 0.000000 0.000000 0.000000 0.000000 0.000000 0.000000 0.000000 0.000000 0.000000 0.000000 0.000000 0.000000 0.000000 0.000000 0.000000 0.000000 325.000000 413.114946
-9999.0 1402.856550 1300.000000 1203.813877 1100.000000 1082.328341 1046.005510 1019.388125 994.553509 977.981418 872.875823 771.616997 677.028189 647.900745 601.119324 500.000000 411.742633 313.162188 0.000000 0.000000 0.000000 0.000000 0.000000 0.000000 0.000000 0.000000 0.000000 0.000000 0.000000 0.000000 0.000000 0.000000 0.000000 0.000000 0.000000 0.000000 0.000000 0.000000 0.000000 0.000000 0.000000 0.000000 0.000000 0.000000 0.000000 0.000000 0.000000 0.000000 0.000000 0.000000 0.000000 0.000000 0.000000 0.000000 0.000000 0.000000 0.000000 0.000000 0.000000 0.000000
-9999.0 1479.827473 1300.000000 1100.000000 1003.252389 900.000000 831.457097 700.000000 700.000000 700.000000 637.449547 399.193420 0.000000 0.000000 0.000000 0.000000 0.000000 0.000000 0.000000 0.000000 0.000000 0.000000 0.000000 0.000000 0.000000 0.000000 0.000000 0.000000 0.000000 0.000000 0.000000 0.000000 0.000000 0.000000 0.000000 0.000000 0.000000 0.000000 319.013896 393.034322 412.192199 325.000000 397.612945 427.269959 432.850978 397.402239 321.944461 325.000000 325.000000 0.000000 0.000000 0.000000 0.000000 0.000000 0.000000 0.000000 0.000000 0.000000 0.000000 0.000000
-9999.0 1500.000000 1361.592957 1093.382000 830.474847 700.000000 500.000000 0.000000 0.000000 0.000000 0.000000 0.000000 0.000000 0.000000 0.000000 0.000000 0.000000 0.000000 0.000000 0.000000 0.000000 0.000000 0.000000 0.000000 0.000000 0.000000 0.000000 0.000000 0.000000 0.000000 0.000000 0.000000 325.000000 472.550367 500.000000 500.000000 597.623981 606.447751 625.712097 656.790927 674.588443 687.947736 671.856089 673.385929 673.586690 666.163153 646.032260 630.945721 593.886511 554.982447 500.000000 459.404984 423.002297 325.000000 0.000000 0.000000 0.000000 0.000000 0.000000 0.000000
-9999.0 1700.000000 1453.939255 1100.000000 808.941553 487.938661 325.000000 0.000000 0.000000 0.000000 0.000000 0.000000 0.000000 0.000000 0.000000 0.000000 0.000000 0.000000 0.000000 0.000000 0.000000 0.000000 0.000000 0.000000 0.000000 200.000000 325.000000 380.409301 444.118016 493.154971 569.214322 591.568028 665.151666 700.000000 773.390040 818.662442 867.507952 869.284859 855.005622 871.553176 893.368070 900.000000 886.872692 871.945275 861.532996 871.558496 863.471658 830.826933 785.312165 700.000000 700.000000 652.441256 613.462245 565.894058 500.000000 468.090079 413.257801 297.301651 0.000000 0.000000
-9999.0 1864.963523 1634.742030 1385.803080 1074.469018 830.895383 663.024907 500.000000 478.802507 477.297463 460.511026 430.816373 387.168776 325.000000 397.946409 449.186069 480.388184 477.439631 477.880852 500.000000 500.000000 500.000000 500.000000 556.056678 583.747145 605.648321 619.702425 641.591815 674.645170 700.000000 801.494249 865.942404 900.000000 960.171303 989.294570 1021.202217 1058.279533 1047.568471 1033.483782 1037.919426 1049.867032 1054.073239 1024.994503 1006.956332 997.302299 1010.518797 992.772347 967.061521 900.000000 887.315804 842.761164 793.255206 700.000000 700.000000 700.000000 677.961751 640.288096 585.884108 491.465763 325.000000
-9999.0 -9999.0 1879.969034 1691.640884 1500.000000 1300.000000 1186.936842 1076.867880 999.564899 900.000000 814.923982 700.000000 700.000000 689.481039 700.000000 700.000000 772.625602 772.148052 780.573777 793.442921 815.954410 824.042537 832.661337 839.982014 852.908050 860.791943 866.346058 876.811909 898.072205 900.000000 994.119897 1044.649489 1097.711724 1100.000000 1100.000000 1165.120731 1167.647929 1169.598463 1162.888960 1161.551465 1155.865547 1100.000000 1100.000000 1100.000000 1093.293927 1086.337054 1074.386475 1051.612104 1019.679020 980.108519 900.000000 876.412027 841.067461 831.351602 842.157744 838.084534 818.672589 777.943604 697.059951 615.589779
-9999.0 -9999.0 -9999.0 -9999.0 1843.369026 1680.350585 1581.033786 1495.523818 1367.341190 1252.352368 1157.268417 1079.844619 1026.558435 1003.410064 1014.290137 1018.454886 1026.035897 1029.802640 1038.171184 1042.549050 1046.932149 1054.167059 1065.502623 1072.833540 1073.239038 1069.545404 1071.470637 1084.112057 1099.566947 1100.000000 1100.000000 1181.550734 1217.457923 1245.838047 1258.280727 1264.361595 1263.868724 1269.449033 1259.986428 1253.313215 1238.394709 1223.098022 1199.320858 1171.130232 1158.594277 1100.000000 1100.000000 1100.000000 1086.046078 1034.573027 973.931208 900.000000 888.097191 886.504636 900.000000 900.000000 900.000000 900.000000 869.040942 805.068703
-9999.0 -9999.0 -9999.0 -9999.0 -9999.0 -9999.0 1893.179999 1790.795520 1700.000000 1571.479182 1449.238822 1300.000000 1278.351592 1252.333634 1233.133413 1210.076178 1213.970106 1230.960855 1247.774361 1230.572688 1219.818000 1224.610320 1252.221568 1253.218097 1249.266592 1240.082119 1241.201158 1246.843136 1270.957621 1261.308414 1261.496131 1283.761043 1300.000000 1300.000000 1300.000000 1300.000000 1300.000000 1300.000000 1300.000000 1300.000000 1286.847260 1273.552371 1251.389727 1218.536972 1186.853353 1172.754663 1172.089624 1166.406958 1100.000000 1056.980787 988.210464 900.000000 900.000000 900.000000 900.000000 974.677475 998.219463 994.415341 963.684729 900.000000
-9999.0 -9999.0 -9999.0 -9999.0 -9999.0 -9999.0 -9999.0 -9999.0 -9999.0 -9999.0 -9999.0 -9999.0 -9999.0 -9999.0 -9999.0 -9999.0 -9999.0 -9999.0 -9999.0 -9999.0 -9999.0 -9999.0 -9999.0 -9999.0 -9999.0 -9999.0 -9999.0 -9999.0 -9999.0 -9999.0 -9999.0 -9999.0 -9999.0 -9999.0 -9999.0 -9999.0 -9999.0 -9999.0 -9999.0 -9999.0 -9999.0 -9999.0 -9999.0 -9999.0 -9999.0 -9999.0 -9999.0 -9999.0 -9999.0 -9999.0 -9999.0 -9999.0 -9999.0 -9999.0 -9999.0 -9999.0 -9999.0 -9999.0 -9999.0 -9999.0
-9999.0 -9999.0 -9999.0 -9999.0 -9999.0 -9999.0 -9999.0 -9999.0 -9999.0 -9999.0 -9999.0 -9999.0 -9999.0 -9999.0 -9999.0 -9999.0 -9999.0 -9999.0 -9999.0 -9999.0 -9999.0 -9999.0 -9999.0 -9999.0 -9999.0 -9999.0 -9999.0 -9999.0 -9999.0 -9999.0 -9999.0 -9999.0 -9999.0 -9999.0 -9999.0 -9999.0 -9999.0 -9999.0 -9999.0 -9999.0 -9999.0 -9999.0 -9999.0 -9999.0 -9999.0 -9999.0 -9999.0 -9999.0 -9999.0 -9999.0 -9999.0 -9999.0 -9999.0 -9999.0 -9999.0 -9999.0 -9999.0 -9999.0 -9999.0 -9999.0
