Borden_/Borden1m_014/output_maps/watertableN0034.asc
ncols         80
nrows         18
xllcorner     620200.000000
yllcorner     5168000.000000
cellsize      1.000000
NODATA_value  -9999.0
-9999.0 -9999.0 -9999.0 -9999.0 -9999.0 -9999.0 -9999.0 -9999.0 -9999.0 -9999.0 -9999.0 -9999.0 -9999.0 -9999.0 -9999.0 -9999.0 -9999.0 -9999.0 -9999.0 -9999.0 -9999.0 -9999.0 -9999.0 -9999.0 -9999.0 -9999.0 -9999.0 -9999.0 -9999.0 -9999.0 -9999.0 -9999.0 -9999.0 -9999.0 -9999.0 -9999.0 -9999.0 -9999.0 -9999.0 -9999.0 -9999.0 -9999.0 -9999.0 -9999.0 -9999.0 -9999.0 -9999.0 -9999.0 -9999.0 -9999.0 -9999.0 -9999.0 -9999.0 -9999.0 -9999.0 -9999.0 -9999.0 -9999.0 -9999.0 -9999.0 -9999.0 -9999.0 -9999.0 -9999.0 -9999.0 -9999.0 -9999.0 -9999.0 -9999.0 -9999.0 -9999.0 -9999.0 -9999.0 -9999.0 -9999.0 -9999.0 -9999.0 -9999.0 -9999.0 -9999.0
-9999.0 -9999.0 -9999.0 -9999.0 -9999.0 -9999.0 -9999.0 -9999.0 -9999.0 -9999.0 -9999.0 -9999.0 -9999.0 -9999.0 -9999.0 -9999.0 -9999.0 -9999.0 -9999.0 -9999.0 -9999.0 -9999.0 -9999.0 -9999.0 -9999.0 -9999.0 -9999.0 -9999.0 -9999.0 -9999.0 -9999.0 -9999.0 -9999.0 -9999.0 -9999.0 -9999.0 -9999.0 -9999.0 -9999.0 -9999.0 -9999.0 -9999.0 -9999.0 -9999.0 -9999.0 -9999.0 -9999.0 -9999.0 -9999.0 -9999.0 -9999.0 -9999.0 -9999.0 -9999.0 -9999.0 -9999.0 -9999.0 -9999.0 -9999.0 -9999.0 -9999.0 -9999.0 -9999.0 -9999.0 -9999.0 -9999.0 -9999.0 -9999.0 -9999.0 -9999.0 -9999.0 -9999.0 -9999.0 -9999.0 -9999.0 -9999.0 -9999.0 -9999.0 -9999.0 -9999.0
-9999.0 -9999.0 -9999.0 -9999.0 -9999.0 -9999.0 -9999.0 -9999.0 -9999.0 -9999.0 -9999.0 -9999.0 -9999.0 -9999.0 -9999.0 -9999.0 -9999.0 -9999.0 -9999.0 -9999.0 964.260198 961.249028 983.305620 1016.409516 1043.826758 1041.387942 1006.623574 965.705095 900.000000 900.000000 900.000000 900.000000 900.000000 900.000000 900.000000 900.000000 900.000000 900.000000 900.000000 900.000000 900.000000 900.000000 900.000000 900.000000 900.000000 900.000000 900.000000 886.998206 881.574678 887.698212 900.000000 900.000000 900.000000 956.476154 900.000000 900.000000 899.467330 895.593232 897.242869 900.000000 954.252954 -9999.0 -9999.0 -9999.0 -9999.0 -9999.0 -9999.0 -9999.0 -9999.0 -9999.0 -9999.0 -9999.0 -9999.0 -9999.0 -9999.0 -9999.0 -9999.0 -9999.0 -9999.0 -9999.0
-9999.0 -9999.0 -9999.0 -9999.0 -9999.0 -9999.0 -9999.0 -9999.0 -9999.0 -9999.0 -9999.0 -9999.0 -9999.0 -9999.0 1054.485336 1064.145294 1066.709946 1057.904738 1024.257287 994.372447 981.927344 989.069850 988.731643 1011.344329 1030.622198 1016.164810 986.584574 954.819877 900.000000 898.869997 900.000000 900.000000 900.000000 873.106569 857.555757 859.337880 879.654770 856.921633 839.634764 828.625609 828.080966 835.493175 820.159682 803.437048 810.181579 828.634618 826.825668 816.395156 803.118103 820.450739 886.626029 900.000000 900.000000 900.000000 900.000000 900.000000 900.000000 900.000000 900.000000 900.000000 978.929010 1022.581019 1040.703346 1003.061998 959.509044 900.000000 -9999.0 -9999.0 -9999.0 -9999.0 -9999.0 -9999.0 -9999.0 -9999.0 -9999.0 -9999.0 -9999.0 -9999.0 -9999.0 -9999.0
-9999.0 -9999.0 -9999.0 -9999.0 -9999.0 -9999.0 -9999.0 -9999.0 -9999.0 1100.000000 1100.000000 1100.000000 1098.264101 1082.450050 1084.020075 1076.683435 1068.556451 1042.016998 1010.830601 975.682422 900.000000 955.470466 954.196957 900.000000 900.000000 900.000000 897.555178 855.084111 809.633814 764.414057 790.864449 791.416889 769.608859 700.000000 667.929054 654.322611 676.566555 671.746905 638.722064 604.115499 598.178844 597.288147 566.638881 500.000000 500.000000 567.323042 595.225140 601.121727 574.286609 639.086895 700.000000 780.201597 783.705238 818.932155 863.271935 887.732592 892.210493 872.087877 888.420161 900.000000 963.507723 974.006133 991.178543 975.579376 953.783396 900.000000 869.626935 841.295229 841.264279 858.712796 -9999.0 -9999.0 -9999.0 -9999.0 -9999.0 -9999.0 -9999.0 -9999.0 -9999.0 -9999.0
-9999.0 -9999.0 -9999.0 -9999.0 -9999.0 -9999.0 1190.727178 1181.503494 1161.451356 1155.908329 1100.000000 1100.000000 1100.000000 1082.531218 1061.264987 1043.703695 1012.365924 979.063027 900.000000 891.421746 856.984533 858.601683 845.583038 808.186235 760.186733 700.000000 691.329137 639.900981 500.000000 482.982072 462.220815 452.697718 440.890542 398.454821 325.000000 316.469662 325.000000 325.000000 325.000000 288.244993 200.000000 200.000000 200.000000 200.000000 176.561659 185.394272 281.330911 311.869085 321.924029 325.000000 387.357260 448.508122 500.000000 565.982440 668.247795 700.000000 700.000000 700.000000 767.228397 825.193671 870.994976 884.065941 900.000000 900.000000 900.000000 893.588233 871.313995 860.552272 873.346169 894.139791 900.000000 900.000000 900.000000 900.000000 -9999.0 -9999.0 -9999.0 -9999.0 -9999.0 -9999.0
-9999.0 -9999.0 -9999.0 -9999.0 1240.571218 1227.817944 1239.231215 1214.842123 1182.444758 1100.000000 1100.000000 1078.195782 1050.231569 1019.538996 977.051457 900.000000 890.645223 851.922405 791.980457 700.000000 647.332569 607.635144 579.538546 500.000000 432.834136 382.381263 325.000000 325.000000 282.295649 110.000000 110.000000 110.000000 110.000000 110.000000 0.000000 0.000000 0.000000 0.000000 0.000000 0.000000 0.000000 0.000000 0.000000 0.000000 0.000000 0.000000 0.000000 0.000000 0.000000 0.000000 50.000000 110.000000 200.000000 287.770937 316.899349 325.000000 432.995252 461.826022 500.000000 602.466303 688.943499 700.000000 762.264145 793.353508 828.018702 830.549769 830.125286 851.448923 883.060911 900.000000 900.000000 900.000000 959.853165 900.000000 900.000000 881.532512 -9999.0 -9999.0 -9999.0 -9999.0
-9999.0 -9999.0 1299.393637 1249.871551 1193.480893 1184.353460 1182.036659 1175.868072 1100.000000 1095.856691 1016.984205 962.025822 900.000000 879.415079 814.582641 700.000000 619.613215 500.000000 481.236425 412.170076 325.000000 306.744454 200.000000 192.649495 110.000000 50.000000 0.000000 0.000000 0.000000 0.000000 0.000000 0.000000 0.000000 0.000000 0.000000 0.000000 0.000000 0.000000 0.000000 0.000000 0.000000 0.000000 0.000000 0.000000 0.000000 0.000000 0.000000 0.000000 0.000000 0.000000 0.000000 0.000000 0.000000 0.000000 0.000000 50.000000 110.000000 200.000000 273.382284 316.406006 397.019634 450.565581 500.000000 578.180849 650.838194 697.304560 753.631211 800.117335 848.306623 894.743217 900.000000 900.000000 900.000000 900.000000 900.000000 900.000000 892.726128 884.895443 -9999.0 -9999.0
-9999.0 1400.346878 1300.000000 1199.982124 1100.000000 1073.936129 1033.967505 1003.854831 975.940824 956.045863 841.985528 700.000000 606.951104 563.910033 496.421509 387.223656 200.000000 196.763686 110.000000 110.000000 20.000000 0.000000 0.000000 0.000000 0.000000 0.000000 0.000000 0.000000 0.000000 0.000000 0.000000 0.000000 0.000000 0.000000 0.000000 0.000000 0.000000 0.000000 0.000000 20.000000 0.000000 0.000000 0.000000 20.000000 20.000000 0.000000 0.000000 0.000000 0.000000 0.000000 0.000000 0.000000 0.000000 0.000000 0.000000 0.000000 0.000000 0.000000 0.000000 20.000000 184.536791 200.000000 307.198365 325.000000 439.276522 500.000000 597.977468 675.626306 700.000000 797.352069 831.294500 884.531952 900.000000 900.000000 900.000000 900.000000 900.000000 900.000000 -9999.0 -9999.0
-9999.0 1477.017376 1300.000000 1100.000000 994.771118 900.000000 803.688298 700.000000 664.158199 687.396957 500.000000 200.000000 110.000000 110.000000 50.000000 0.000000 0.000000 0.000000 0.000000 0.000000 0.000000 0.000000 0.000000 0.000000 0.000000 0.000000 0.000000 0.000000 0.000000 0.000000 20.000000 0.000000 0.000000 50.000000 110.000000 110.000000 180.714170 200.000000 271.502469 299.381165 312.453596 292.074060 302.909155 322.360017 325.000000 301.420316 267.388471 273.882352 269.045245 200.000000 199.130096 110.000000 50.000000 20.000000 0.000000 0.000000 0.000000 0.000000 0.000000 0.000000 0.000000 0.000000 50.000000 199.054308 277.008797 325.000000 420.466023 478.248422 500.000000 617.842583 681.734688 700.000000 814.074059 844.941951 885.753068 900.000000 -9999.0 -9999.0 -9999.0 -9999.0
-9999.0 1500.000000 1357.731001 1086.950649 815.020371 660.662068 440.655281 291.108298 110.000000 110.000000 0.000000 0.000000 0.000000 0.000000 0.000000 0.000000 0.000000 0.000000 0.000000 0.000000 0.000000 0.000000 0.000000 0.000000 0.000000 0.000000 0.000000 20.000000 110.000000 198.725738 200.000000 200.000000 279.019566 325.000000 409.069711 438.688311 498.805307 500.000000 500.000000 567.520882 590.814942 608.547702 588.192212 589.202941 588.780767 578.116563 500.000000 500.000000 481.477478 442.547779 399.960580 325.000000 309.685789 264.343556 200.000000 110.000000 20.000000 0.000000 0.000000 0.000000 0.000000 0.000000 0.000000 0.000000 50.000000 200.000000 261.339541 325.000000 399.620254 446.915812 487.483705 500.000000 632.037456 700.000000 796.084559 -9999.0 -9999.0 -9999.0 -9999.0 -9999.0
-9999.0 1700.000000 1449.735132 1100.000000 787.576544 430.844038 317.091053 0.000000 0.000000 0.000000 110.000000 20.000000 0.000000 0.000000 20.000000 50.000000 50.000000 50.000000 20.000000 110.000000 182.789124 200.000000 200.000000 200.000000 200.000000 257.678298 272.352824 294.501079 325.000000 397.298404 468.089312 498.292772 584.771904 669.705107 700.000000 779.908935 834.593529 838.534421 824.430328 842.098129 865.059884 883.951366 858.678448 843.223655 832.227977 841.269144 831.323011 795.211582 700.000000 693.867552 631.444035 560.927616 500.000000 445.489391 410.641898 325.000000 306.052204 257.278328 179.915044 0.000000 0.000000 0.000000 0.000000 0.000000 0.000000 0.000000 50.000000 200.000000 306.911405 325.000000 325.000000 397.339268 446.374038 -9999.0 -9999.0 -9999.0 -9999.0 -9999.0 -9999.0 -9999.0
-9999.0 1861.258924 1630.458870 1379.330385 1062.139825 799.526000 582.355493 439.122802 293.312347 325.000000 325.000000 325.000000 312.700190 290.586409 315.023949 325.000000 325.000000 325.000000 325.000000 398.595874 429.631714 444.104074 445.365977 453.860921 484.576105 500.000000 500.000000 500.000000 597.289544 668.155565 762.263063 834.437797 898.781397 900.000000 968.587925 1002.578056 1041.189314 1031.509573 1017.895360 1022.695590 1034.919847 1039.252725 1010.220493 992.022001 982.071919 994.616420 976.147145 900.000000 900.000000 864.743116 815.417500 758.331210 699.900839 661.646411 637.429793 595.374646 500.000000 469.907625 383.729605 283.042643 200.000000 110.000000 0.000000 0.000000 0.000000 0.000000 0.000000 0.000000 280.454624 313.750833 316.252362 -9999.0 -9999.0 -9999.0 -9999.0 -9999.0 -9999.0 -9999.0 -9999.0 -9999.0
-9999.0 -9999.0 1875.077070 1685.558272 1500.000000 1300.000000 1166.287375 1048.331421 964.134537 868.486556 773.592714 688.937190 638.565459 617.934716 640.998097 691.301163 700.000000 700.000000 700.000000 700.000000 775.991754 786.368289 796.466293 805.026675 819.378114 827.861375 834.420732 847.131620 871.900608 900.000000 975.124743 1027.956195 1082.658444 1100.000000 1100.000000 1100.000000 1157.016455 1159.457701 1100.000000 1100.000000 1100.000000 1100.000000 1100.000000 1093.135742 1083.764485 1076.481561 1064.010667 1040.513399 1007.588265 966.709453 900.000000 858.904882 820.272291 807.107800 814.685979 806.215489 780.505170 700.000000 622.588091 500.000000 412.560749 325.000000 265.735889 200.000000 195.058264 110.000000 0.000000 200.000000 405.038471 325.000000 -9999.0 -9999.0 -9999.0 -9999.0 -9999.0 -9999.0 -9999.0 -9999.0 -9999.0 -9999.0
-9999.0 -9999.0 -9999.0 -9999.0 1835.029209 1670.643513 1569.452572 1481.254096 1300.000000 1234.407720 1100.000000 1057.991229 1002.647833 978.274599 989.094241 994.227269 1002.525791 1006.707852 1015.590524 1020.803099 1026.163830 1034.135799 1045.972312 1053.749590 1054.640951 1051.431760 1053.987617 1067.558249 1084.310583 1100.000000 1100.000000 1170.238372 1207.091857 1236.284351 1249.485614 1256.207019 1256.231859 1262.132719 1252.951830 1246.445885 1231.663242 1216.422496 1192.665577 1164.463491 1100.000000 1100.000000 1100.000000 1100.000000 1077.407613 1025.165344 963.636835 900.000000 875.226780 871.983702 897.787517 900.000000 900.000000 886.755791 836.837597 761.116515 642.735695 500.000000 467.846922 419.048436 386.729774 325.000000 294.900142 284.620258 -9999.0 -9999.0 -9999.0 -9999.0 -9999.0 -9999.0 -9999.0 -9999.0 -9999.0 -9999.0 -9999.0 -9999.0
-9999.0 -9999.0 -9999.0 -9999.0 -9999.0 -9999.0 1882.807834 1779.575111 1692.506395 1557.564933 1434.356875 1300.000000 1261.565306 1234.737078 1215.311077 1192.479773 1196.494554 1213.533395 1230.482895 1213.890354 1203.730787 1208.919033 1236.653548 1238.030740 1234.465983 1225.740877 1227.376014 1233.734779 1258.582738 1250.097580 1251.335390 1274.419761 1300.000000 1300.000000 1300.000000 1300.000000 1300.000000 1300.000000 1300.000000 1300.000000 1281.261011 1267.986079 1245.813147 1212.946359 1181.201823 1166.895463 1165.853933 1159.664053 1100.000000 1049.230138 979.837212 900.000000 897.314074 890.655060 900.000000 960.003708 981.357605 974.894776 900.000000 887.226364 809.233791 755.432938 700.000000 689.636258 652.498891 500.000000 -9999.0 -9999.0 -9999.0 -9999.0 -9999.0 -9999.0 -9999.0 -9999.0 -9999.0 -9999.0 -9999.0 -9999.0 -9999.0 -9999.0
-9999.0 -9999.0 -9999.0 -9999.0 -9999.0 -9999.0 -9999.0 -9999.0 -9999.0 -9999.0 -9999.0 -9999.0 -9999.0 -9999.0 -9999.0 -9999.0 -9999.0 -9999.0 -9999.0 -9999.0 -9999.0 -9999.0 -9999.0 -9999.0 -9999.0 -9999.0 -9999.0 -9999.0 -9999.0 -9999.0 -9999.0 -9999.0 -9999.0 -9999.0 -9999.0 -9999.0 -9999.0 -9999.0 -9999.0 -9999.0 -9999.0 -9999.0 -9999.0 -9999.0 -9999.0 -9999.0 -9999.0 -9999.0 -9999.0 -9999.0 -9999.0 -9999.0 -9999.0 -9999.0 -9999.0 -9999.0 -9999.0 -9999.0 -9999.0 -9999.0 -9999.0 -9999.0 -9999.0 -9999.0 -9999.0 -9999.0 -9999.0 -9999.0 -9999.0 -9999.0 -9999.0 -9999.0 -9999.0 -9999.0 -9999.0 -9999.0 -9999.0 -9999.0 -9999.0 -9999.0
-9999.0 -9999.0 -9999.0 -9999.0 -9999.0 -9999.0 -9999.0 -9999.0 -9999.0 -9999.0 -9999.0 -9999.0 -9999.0 -9999.0 -9999.0 -9999.0 -9999.0 -9999.0 -9999.0 -9999.0 -9999.0 -9999.0 -9999.0 -9999.0 -9999.0 -9999.0 -9999.0 -9999.0 -9999.0 -9999.0 -9999.0 -9999.0 -9999.0 -9999.0 -9999.0 -9999.0 -9999.0 -9999.0 -9999.0 -9999.0 -9999.0 -9999.0 -9999.0 -9999.0 -9999.0 -9999.0 -9999.0 -9999.0 -9999.0 -9999.0 -9999.0 -9999.0 -9999.0 -9999.0 -9999.0 -9999.0 -9999.0 -9999.0 -9999.0 -9999.0 -9999.0 -9999.0 -9999.0 -9999.0 -9999.0 -9999.0 -9999.0 -9999.0 -9999.0 -9999.0 -9999.0 -9999.0 -9999.0 -9999.0 -9999.0 -9999.0 -9999.0 -9999.0 -9999.0 -9999.0