Borden_/Borden1m_014/output_maps/watertableN0027.asc
ncols         80
nrows         18
xllcorner     620200.000000
yllcorner     5168000.000000
cellsize      1.000000
NODATA_value  -9999.0
-9999.0 -9999.0 -9999.0 -9999.0 -9999.0 -9999.0 -9999.0 -9999.0 -9999.0 -9999.0 -9999.0 -9999.0 -9999.0 -9999.0 -9999.0 -9999.0 -9999.0 -9999.0 -9999.0 -9999.0 -9999.0 -9999.0 -9999.0 -9999.0 -9999.0 -9999.0 -9999.0 -9999.0 -9999.0 -9999.0 -9999.0 -9999.0 -9999.0 -9999.0 -9999.0 -9999.0 -9999.0 -9999.0 -9999.0 -9999.0 -9999.0 -9999.0 -9999.0 -9999.0 -9999.0 -9999.0 -9999.0 -9999.0 -9999.0 -9999.0 -9999.0 -9999.0 -9999.0 -9999.0 -9999.0 -9999.0 -9999.0 -9999.0 -9999.0 -9999.0 -9999.0 -9999.0 -9999.0 -9999.0 -9999.0 -9999.0 -9999.0 -9999.0 -9999.0 -9999.0 -9999.0 -9999.0 -9999.0 -9999.0 -9999.0 -9999.0 -9999.0 -9999.0 -9999.0 -9999.0
-9999.0 -9999.0 -9999.0 -9999.0 -9999.0 -9999.0 -9999.0 -9999.0 -9999.0 -9999.0 -9999.0 -9999.0 -9999.0 -9999.0 -9999.0 -9999.0 -9999.0 -9999.0 -9999.0 -9999.0 -9999.0 -9999.0 -9999.0 -9999.0 -9999.0 -9999.0 -9999.0 -9999.0 -9999.0 -9999.0 -9999.0 -9999.0 -9999.0 -9999.0 -9999.0 -9999.0 -9999.0 -9999.0 -9999.0 -9999.0 -9999.0 -9999.0 -9999.0 -9999.0 -9999.0 -9999.0 -9999.0 -9999.0 -9999.0 -9999.0 -9999.0 -9999.0 -9999.0 -9999.0 -9999.0 -9999.0 -9999.0 -9999.0 -9999.0 -9999.0 -9999.0 -9999.0 -9999.0 -9999.0 -9999.0 -9999.0 -9999.0 -9999.0 -9999.0 -9999.0 -9999.0 -9999.0 -9999.0 -9999.0 -9999.0 -9999.0 -9999.0 -9999.0 -9999.0 -9999.0
-9999.0 -9999.0 -9999.0 -9999.0 -9999.0 -9999.0 -9999.0 -9999.0 -9999.0 -9999.0 -9999.0 -9999.0 -9999.0 -9999.0 -9999.0 -9999.0 -9999.0 -9999.0 -9999.0 -9999.0 965.224937 962.235997 984.317800 1017.469072 1044.975354 1042.609246 1007.908285 967.119033 900.000000 900.000000 900.000000 900.000000 900.000000 900.000000 900.000000 900.000000 900.000000 900.000000 900.000000 900.000000 900.000000 900.000000 900.000000 900.000000 900.000000 900.000000 900.000000 890.037479 884.436057 890.267496 900.000000 900.000000 900.000000 958.017543 900.000000 900.000000 900.000000 896.735037 898.297147 900.000000 955.117840 -9999.0 -9999.0 -9999.0 -9999.0 -9999.0 -9999.0 -9999.0 -9999.0 -9999.0 -9999.0 -9999.0 -9999.0 -9999.0 -9999.0 -9999.0 -9999.0 -9999.0 -9999.0 -9999.0
-9999.0 -9999.0 -9999.0 -9999.0 -9999.0 -9999.0 -9999.0 -9999.0 -9999.0 -9999.0 -9999.0 -9999.0 -9999.0 -9999.0 1055.343013 1065.058251 1067.694268 1058.952969 1025.338362 995.506651 983.091612 990.283472 989.995039 1012.667789 1032.041382 1017.687111 988.272279 956.742374 900.000000 900.000000 900.000000 900.000000 900.000000 875.870636 860.706977 862.634158 883.077270 860.709203 844.007433 833.544049 833.376067 840.936679 825.727692 809.066868 815.637780 833.934949 831.971346 821.372263 807.832623 824.586344 889.754620 900.000000 900.000000 900.000000 900.000000 900.000000 900.000000 900.000000 900.000000 900.000000 979.916949 1023.482006 1041.525382 1003.777544 960.182688 900.000000 -9999.0 -9999.0 -9999.0 -9999.0 -9999.0 -9999.0 -9999.0 -9999.0 -9999.0 -9999.0 -9999.0 -9999.0 -9999.0 -9999.0
-9999.0 -9999.0 -9999.0 -9999.0 -9999.0 -9999.0 -9999.0 -9999.0 -9999.0 1100.000000 1100.000000 1100.000000 1099.171749 1083.432508 1085.056260 1077.803950 1069.781372 1043.317992 1012.220667 977.240933 900.000000 957.381234 956.216980 900.000000 900.000000 900.000000 900.000000 858.732974 813.710991 769.053254 794.984235 795.367138 773.847096 700.000000 676.242304 662.632633 685.159521 681.254454 650.400833 616.541864 611.897777 611.375636 577.908271 558.794747 500.000000 577.675711 607.424331 612.786915 582.309190 649.660242 700.000000 784.508136 787.865064 822.807655 866.574813 890.371595 894.552818 874.331921 890.436815 900.000000 964.953071 975.232462 992.229419 976.503734 954.609802 900.000000 870.367807 842.038983 841.902452 859.189537 -9999.0 -9999.0 -9999.0 -9999.0 -9999.0 -9999.0 -9999.0 -9999.0 -9999.0 -9999.0
-9999.0 -9999.0 -9999.0 -9999.0 -9999.0 -9999.0 1191.220071 1182.064821 1162.112272 1156.671686 1100.000000 1100.000000 1100.000000 1083.818653 1062.675707 1045.299140 1014.186513 981.084212 900.000000 894.214266 860.494604 862.552474 849.768289 812.302809 764.763905 700.000000 699.271071 650.244000 500.000000 481.054797 457.789801 445.680984 430.500337 389.602396 325.000000 279.909509 325.000000 325.000000 325.000000 290.609239 200.000000 200.000000 200.000000 200.000000 175.137947 184.585228 284.307706 313.812965 322.587091 325.000000 325.000000 439.518273 500.000000 571.218297 677.344373 700.000000 700.000000 700.000000 771.573708 828.794221 873.746994 886.271437 900.000000 900.000000 900.000000 894.687332 872.227699 861.283223 873.859339 894.464033 900.000000 900.000000 900.000000 900.000000 -9999.0 -9999.0 -9999.0 -9999.0 -9999.0 -9999.0
-9999.0 -9999.0 -9999.0 -9999.0 1240.958687 1228.269436 1239.787863 1215.522811 1183.292114 1100.000000 1100.000000 1079.725154 1052.027231 1021.534677 979.327895 900.000000 894.429125 856.057099 796.509120 700.000000 657.906470 619.077917 589.414486 500.000000 424.685452 325.000000 325.000000 325.000000 282.049765 110.000000 110.000000 110.000000 50.000000 20.000000 0.000000 0.000000 0.000000 0.000000 0.000000 0.000000 0.000000 0.000000 0.000000 0.000000 0.000000 0.000000 0.000000 0.000000 0.000000 50.000000 20.000000 110.000000 200.000000 288.162239 317.036549 325.000000 423.320916 453.325342 500.000000 610.952423 696.183976 700.000000 766.322988 796.910420 830.841140 832.758002 831.748669 852.475989 883.628346 900.000000 900.000000 900.000000 959.861796 900.000000 900.000000 881.670032 -9999.0 -9999.0 -9999.0 -9999.0
-9999.0 -9999.0 1299.678332 1250.194173 1193.895382 1184.910094 1182.787781 1176.902292 1100.000000 1097.516462 1019.063414 964.930786 900.000000 883.506350 819.170570 700.000000 631.867154 560.340724 478.273241 405.722488 325.000000 306.873222 200.000000 190.344851 110.000000 50.000000 0.000000 0.000000 0.000000 0.000000 0.000000 0.000000 0.000000 0.000000 0.000000 0.000000 0.000000 0.000000 0.000000 0.000000 0.000000 0.000000 0.000000 0.000000 0.000000 0.000000 0.000000 0.000000 0.000000 0.000000 0.000000 0.000000 0.000000 0.000000 0.000000 50.000000 110.000000 200.000000 271.596892 314.716354 389.460148 439.999083 500.000000 583.637755 659.173869 700.000000 757.587618 802.276116 849.255748 895.144381 900.000000 900.000000 900.000000 900.000000 900.000000 900.000000 892.840232 885.017462 -9999.0 -9999.0
-9999.0 1400.583990 1300.000000 1200.347381 1100.000000 1074.743906 1035.108079 1005.785698 978.672623 959.300114 846.485037 700.000000 618.858013 571.977150 495.687108 384.138257 200.000000 195.489629 110.000000 110.000000 0.000000 0.000000 0.000000 0.000000 0.000000 0.000000 0.000000 0.000000 0.000000 0.000000 0.000000 0.000000 0.000000 0.000000 0.000000 0.000000 0.000000 0.000000 0.000000 0.000000 0.000000 0.000000 0.000000 20.000000 20.000000 0.000000 0.000000 0.000000 0.000000 20.000000 0.000000 0.000000 0.000000 0.000000 0.000000 0.000000 0.000000 0.000000 0.000000 20.000000 181.970458 200.000000 301.800642 325.000000 428.952966 500.000000 603.355835 680.977042 755.111917 798.613631 831.949493 884.766157 900.000000 900.000000 900.000000 900.000000 900.000000 900.000000 -9999.0 -9999.0
-9999.0 1477.283727 1300.000000 1100.000000 995.620070 900.000000 806.079698 700.000000 674.774979 697.299380 500.000000 200.000000 110.000000 110.000000 50.000000 0.000000 0.000000 0.000000 0.000000 0.000000 0.000000 0.000000 0.000000 0.000000 0.000000 0.000000 0.000000 0.000000 0.000000 0.000000 0.000000 0.000000 0.000000 50.000000 110.000000 110.000000 110.000000 200.000000 270.063794 300.488932 314.710422 295.634557 305.911854 323.924551 325.000000 303.200179 268.221878 273.346260 266.770334 200.000000 196.207886 110.000000 50.000000 0.000000 0.000000 0.000000 0.000000 0.000000 0.000000 0.000000 0.000000 0.000000 50.000000 194.358997 269.182746 325.000000 406.816221 462.500975 500.000000 619.374518 684.585395 700.000000 815.038762 845.547609 886.054972 900.000000 -9999.0 -9999.0 -9999.0 -9999.0
-9999.0 1500.000000 1358.097644 1087.582227 817.091411 665.235901 431.648916 286.227607 110.000000 110.000000 0.000000 0.000000 0.000000 0.000000 0.000000 0.000000 0.000000 0.000000 0.000000 0.000000 0.000000 0.000000 0.000000 0.000000 0.000000 0.000000 0.000000 20.000000 110.000000 195.269798 200.000000 200.000000 278.108585 325.000000 400.192035 428.299637 494.167068 500.000000 500.000000 573.816947 600.611332 620.028338 598.000486 599.133134 598.673489 586.381112 556.638909 500.000000 476.214556 432.656473 392.296474 325.000000 305.991960 259.761182 200.000000 50.000000 20.000000 0.000000 0.000000 0.000000 0.000000 0.000000 0.000000 0.000000 50.000000 196.991061 200.000000 317.403015 325.000000 425.992060 467.800847 500.000000 634.676590 700.000000 797.343904 -9999.0 -9999.0 -9999.0 -9999.0 -9999.0
-9999.0 1700.000000 1450.091335 1100.000000 789.758520 423.869124 309.309804 0.000000 0.000000 0.000000 110.000000 20.000000 0.000000 0.000000 20.000000 20.000000 50.000000 50.000000 20.000000 50.000000 175.868867 194.522753 196.636531 200.000000 200.000000 200.000000 270.284975 292.696026 325.000000 389.715288 458.199422 494.304382 591.165048 678.461834 700.000000 783.602549 837.752726 841.773301 827.992148 845.900972 868.966609 887.907006 862.705485 847.345953 836.413412 845.324282 835.260600 799.385158 700.000000 700.000000 641.269090 566.315232 500.000000 436.040345 402.484281 325.000000 303.948608 200.000000 177.320864 0.000000 0.000000 0.000000 0.000000 0.000000 0.000000 0.000000 20.000000 185.981778 280.712866 324.593097 325.000000 325.000000 428.309124 -9999.0 -9999.0 -9999.0 -9999.0 -9999.0 -9999.0 -9999.0
-9999.0 1861.564874 1630.811700 1379.868905 1063.074448 801.994648 579.245908 428.965200 281.174421 325.000000 325.000000 325.000000 314.225949 292.399280 315.449351 325.000000 325.000000 325.000000 325.000000 389.022975 417.452723 430.850530 432.235674 442.269566 478.323618 500.000000 500.000000 500.000000 605.114542 676.519326 766.702320 837.663340 900.000000 900.000000 970.793411 1004.379968 1042.887507 1033.188758 1019.618537 1024.477624 1036.746731 1041.108447 1012.096068 993.933659 984.005524 996.534981 978.084334 900.000000 900.000000 867.611066 819.237176 763.494565 700.000000 670.726706 647.790036 604.961557 500.000000 462.680120 325.000000 278.985389 200.000000 110.000000 0.000000 0.000000 0.000000 0.000000 0.000000 0.000000 200.000000 279.922729 285.898884 -9999.0 -9999.0 -9999.0 -9999.0 -9999.0 -9999.0 -9999.0 -9999.0 -9999.0
-9999.0 -9999.0 1875.465938 1686.037879 1500.000000 1300.000000 1167.622927 1049.653237 966.253151 870.770920 777.848203 697.325170 649.142658 628.262599 651.705415 699.531962 700.000000 700.000000 700.000000 700.000000 779.148778 789.163164 799.125384 807.778310 822.371506 831.011981 837.649468 850.415779 875.099926 900.000000 977.156573 1029.660423 1084.284091 1100.000000 1100.000000 1154.824605 1158.137066 1160.558751 1154.201838 1100.000000 1100.000000 1100.000000 1100.000000 1094.308632 1084.945059 1077.667234 1065.210120 1041.742573 1008.910060 968.247834 900.000000 861.256268 823.280276 810.678774 818.584639 810.516209 785.200047 700.000000 631.788622 500.000000 405.230339 325.000000 259.482555 200.000000 186.433180 110.000000 0.000000 192.674341 325.000000 320.584471 -9999.0 -9999.0 -9999.0 -9999.0 -9999.0 -9999.0 -9999.0 -9999.0 -9999.0 -9999.0
-9999.0 -9999.0 -9999.0 -9999.0 1835.628537 1671.364953 1570.372078 1482.317249 1300.000000 1235.873122 1100.000000 1060.470914 1005.642932 981.518950 992.211837 996.940083 1004.879371 1008.877052 1017.588278 1022.619168 1027.830674 1035.757710 1047.619025 1055.442800 1056.377324 1053.183876 1055.740273 1069.295142 1085.981113 1100.000000 1100.000000 1171.420114 1208.160719 1237.275910 1250.408213 1257.071662 1257.056110 1262.942223 1253.749284 1247.241919 1232.457105 1217.221094 1193.476072 1165.288667 1100.000000 1100.000000 1100.000000 1100.000000 1078.385976 1026.198999 964.835042 900.000000 876.920622 873.888341 899.834129 900.000000 900.000000 889.668835 840.712272 766.354511 652.005891 500.000000 459.270223 407.940806 325.000000 324.963932 274.166598 258.678824 -9999.0 -9999.0 -9999.0 -9999.0 -9999.0 -9999.0 -9999.0 -9999.0 -9999.0 -9999.0 -9999.0 -9999.0
-9999.0 -9999.0 -9999.0 -9999.0 -9999.0 -9999.0 1883.638826 1780.513934 1693.603113 1558.847484 1435.742828 1300.000000 1263.396439 1236.628987 1217.174378 1194.259670 1198.153818 1215.092645 1231.973280 1215.280820 1205.049680 1210.211629 1237.980252 1239.372954 1235.811633 1227.076267 1228.700143 1235.033989 1259.852351 1251.259482 1252.393577 1275.410976 1300.000000 1300.000000 1300.000000 1300.000000 1300.000000 1300.000000 1300.000000 1300.000000 1281.942295 1268.665387 1246.485131 1213.613963 1181.883390 1167.599188 1166.588665 1160.446182 1100.000000 1050.096430 980.790776 900.000000 898.602604 892.080694 900.000000 961.604557 983.082338 976.871044 900.000000 890.295189 813.563631 760.936231 700.000000 696.970941 660.883096 500.000000 -9999.0 -9999.0 -9999.0 -9999.0 -9999.0 -9999.0 -9999.0 -9999.0 -9999.0 -9999.0 -9999.0 -9999.0 -9999.0 -9999.0
-9999.0 -9999.0 -9999.0 -9999.0 -9999.0 -9999.0 -9999.0 -9999.0 -9999.0 -9999.0 -9999.0 -9999.0 -9999.0 -9999.0 -9999.0 -9999.0 -9999.0 -9999.0 -9999.0 -9999.0 -9999.0 -9999.0 -9999.0 -9999.0 -9999.0 -9999.0 -9999.0 -9999.0 -9999.0 -9999.0 -9999.0 -9999.0 -9999.0 -9999.0 -9999.0 -9999.0 -9999.0 -9999.0 -9999.0 -9999.0 -9999.0 -9999.0 -9999.0 -9999.0 -9999.0 -9999.0 -9999.0 -9999.0 -9999.0 -9999.0 -9999.0 -9999.0 -9999.0 -9999.0 -9999.0 -9999.0 -9999.0 -9999.0 -9999.0 -9999.0 -9999.0 -9999.0 -9999.0 -9999.0 -9999.0 -9999.0 -9999.0 -9999.0 -9999.0 -9999.0 -9999.0 -9999.0 -9999.0 -9999.0 -9999.0 -9999.0 -9999.0 -9999.0 -9999.0 -9999.0
-9999.0 -9999.0 -9999.0 -9999.0 -9999.0 -9999.0 -9999.0 -9999.0 -9999.0 -9999.0 -9999.0 -9999.0 -9999.0 -9999.0 -9999.0 -9999.0 -9999.0 -9999.0 -9999.0 -9999.0 -9999.0 -9999.0 -9999.0 -9999.0 -9999.0 -9999.0 -9999.0 -9999.0 -9999.0 -9999.0 -9999.0 -9999.0 -9999.0 -9999.0 -9999.0 -9999.0 -9999.0 -9999.0 -9999.0 -9999.0 -9999.0 -9999.0 -9999.0 -9999.0 -9999.0 -9999.0 -9999.0 -9999.0 -9999.0 -9999.0 -9999.0 -9999.0 -9999.0 -9999.0 -9999.0 -9999.0 -9999.0 -9999.0 -9999.0 -9999.0 -9999.0 -9999.0 -9999.0 -9999.0 -9999.0 -9999.0 -9999.0 -9999.0 -9999.0 -9999.0 -9999.0 -9999.0 -9999.0 -9999.0 -9999.0 -9999.0 -9999.0 -9999.0 -9999.0 -9999.0