Borden_/Borden1m_014/output_maps/watertableN0021.asc
ncols         80
nrows         18
xllcorner     620200.000000
yllcorner     5168000.000000
cellsize      1.000000
NODATA_value  -9999.0
-9999.0 -9999.0 -9999.0 -9999.0 -9999.0 -9999.0 -9999.0 -9999.0 -9999.0 -9999.0 -9999.0 -9999.0 -9999.0 -9999.0 -9999.0 -9999.0 -9999.0 -9999.0 -9999.0 -9999.0 -9999.0 -9999.0 -9999.0 -9999.0 -9999.0 -9999.0 -9999.0 -9999.0 -9999.0 -9999.0 -9999.0 -9999.0 -9999.0 -9999.0 -9999.0 -9999.0 -9999.0 -9999.0 -9999.0 -9999.0 -9999.0 -9999.0 -9999.0 -9999.0 -9999.0 -9999.0 -9999.0 -9999.0 -9999.0 -9999.0 -9999.0 -9999.0 -9999.0 -9999.0 -9999.0 -9999.0 -9999.0 -9999.0 -9999.0 -9999.0 -9999.0 -9999.0 -9999.0 -9999.0 -9999.0 -9999.0 -9999.0 -9999.0 -9999.0 -9999.0 -9999.0 -9999.0 -9999.0 -9999.0 -9999.0 -9999.0 -9999.0 -9999.0 -9999.0 -9999.0
-9999.0 -9999.0 -9999.0 -9999.0 -9999.0 -9999.0 -9999.0 -9999.0 -9999.0 -9999.0 -9999.0 -9999.0 -9999.0 -9999.0 -9999.0 -9999.0 -9999.0 -9999.0 -9999.0 -9999.0 -9999.0 -9999.0 -9999.0 -9999.0 -9999.0 -9999.0 -9999.0 -9999.0 -9999.0 -9999.0 -9999.0 -9999.0 -9999.0 -9999.0 -9999.0 -9999.0 -9999.0 -9999.0 -9999.0 -9999.0 -9999.0 -9999.0 -9999.0 -9999.0 -9999.0 -9999.0 -9999.0 -9999.0 -9999.0 -9999.0 -9999.0 -9999.0 -9999.0 -9999.0 -9999.0 -9999.0 -9999.0 -9999.0 -9999.0 -9999.0 -9999.0 -9999.0 -9999.0 -9999.0 -9999.0 -9999.0 -9999.0 -9999.0 -9999.0 -9999.0 -9999.0 -9999.0 -9999.0 -9999.0 -9999.0 -9999.0 -9999.0 -9999.0 -9999.0 -9999.0
-9999.0 -9999.0 -9999.0 -9999.0 -9999.0 -9999.0 -9999.0 -9999.0 -9999.0 -9999.0 -9999.0 -9999.0 -9999.0 -9999.0 -9999.0 -9999.0 -9999.0 -9999.0 -9999.0 -9999.0 965.744736 962.776241 984.890405 1018.140649 1045.757515 1043.431471 1008.693421 967.951051 900.000000 900.000000 900.000000 900.000000 900.000000 900.000000 900.000000 900.000000 900.000000 900.000000 900.000000 900.000000 900.000000 900.000000 900.000000 900.000000 900.000000 900.000000 900.000000 892.350768 886.515363 891.989943 900.000000 900.000000 900.000000 958.721814 900.000000 900.000000 900.000000 897.324865 898.826131 900.000000 955.422985 -9999.0 -9999.0 -9999.0 -9999.0 -9999.0 -9999.0 -9999.0 -9999.0 -9999.0 -9999.0 -9999.0 -9999.0 -9999.0 -9999.0 -9999.0 -9999.0 -9999.0 -9999.0 -9999.0
-9999.0 -9999.0 -9999.0 -9999.0 -9999.0 -9999.0 -9999.0 -9999.0 -9999.0 -9999.0 -9999.0 -9999.0 -9999.0 -9999.0 1056.001331 1065.759872 1068.446412 1059.737154 1026.081082 996.189477 983.753577 990.985068 990.743761 1013.498580 1032.954224 1018.611804 989.245043 957.957909 900.000000 900.000000 900.000000 900.000000 900.000000 877.764325 862.967413 865.126337 885.544460 863.365753 847.176661 837.414369 837.794779 845.743057 830.982463 814.562752 821.034392 838.966990 836.372273 825.309003 811.474291 827.356071 891.716499 900.000000 900.000000 900.000000 900.000000 900.000000 900.000000 900.000000 900.000000 900.000000 980.282654 1023.890111 1041.924829 1004.029595 960.362789 900.000000 -9999.0 -9999.0 -9999.0 -9999.0 -9999.0 -9999.0 -9999.0 -9999.0 -9999.0 -9999.0 -9999.0 -9999.0 -9999.0 -9999.0
-9999.0 -9999.0 -9999.0 -9999.0 -9999.0 -9999.0 -9999.0 -9999.0 -9999.0 1100.000000 1100.000000 1100.000000 1099.860699 1084.199063 1085.864930 1078.678018 1070.731355 1044.290564 1013.150161 978.174368 900.000000 958.610684 957.558976 900.000000 900.000000 900.000000 900.000000 861.516027 817.354557 772.868471 798.335642 798.350944 776.334148 700.000000 682.945926 670.837158 691.770042 688.146517 660.309330 630.796342 628.511033 629.063938 597.873233 578.675293 569.702309 597.047627 623.591753 627.221365 596.322426 658.828202 700.000000 786.655210 790.828345 825.937380 868.818324 891.908952 895.868867 875.693859 891.716354 900.000000 965.571995 975.705924 992.629879 976.813606 954.866424 900.000000 870.655096 842.272117 842.055329 859.260771 -9999.0 -9999.0 -9999.0 -9999.0 -9999.0 -9999.0 -9999.0 -9999.0 -9999.0 -9999.0
-9999.0 -9999.0 -9999.0 -9999.0 -9999.0 -9999.0 1191.438944 1182.326927 1162.454829 1157.121122 1100.000000 1100.000000 1100.000000 1084.853164 1063.798137 1046.542644 1015.565600 982.553921 900.000000 896.145207 863.033903 865.770157 853.449273 815.579731 767.114279 700.000000 700.000000 659.946111 555.916995 479.736627 450.861201 434.256062 409.764821 325.000000 315.694801 200.000000 320.771506 325.000000 325.000000 288.596898 200.000000 200.000000 200.000000 200.000000 174.942057 184.600427 283.945045 308.542051 313.959363 322.009092 325.000000 419.301363 500.000000 584.128462 684.541307 700.000000 700.000000 700.000000 774.834373 831.443022 875.478539 887.534140 900.000000 900.000000 900.000000 895.220488 872.613469 861.515512 873.944059 894.414859 900.000000 900.000000 900.000000 900.000000 -9999.0 -9999.0 -9999.0 -9999.0 -9999.0 -9999.0
-9999.0 -9999.0 -9999.0 -9999.0 1241.128511 1228.467739 1240.061433 1215.859905 1183.736115 1100.000000 1100.000000 1080.921482 1053.506539 1023.166180 981.037783 900.000000 897.705325 859.922818 799.937483 700.000000 666.628400 632.712283 606.110883 500.000000 406.242469 325.000000 325.000000 323.480547 278.856425 110.000000 110.000000 110.000000 50.000000 20.000000 0.000000 0.000000 0.000000 0.000000 0.000000 0.000000 0.000000 0.000000 0.000000 0.000000 0.000000 0.000000 0.000000 0.000000 0.000000 0.000000 20.000000 110.000000 200.000000 284.692057 308.341198 325.000000 402.194273 438.313387 500.000000 622.921011 700.000000 700.000000 768.915015 799.450908 832.601820 833.985817 832.501364 852.815338 883.671829 900.000000 900.000000 900.000000 959.500703 900.000000 900.000000 881.571948 -9999.0 -9999.0 -9999.0 -9999.0
-9999.0 -9999.0 1299.783238 1250.313762 1194.017532 1185.085419 1183.054947 1177.359809 1100.000000 1098.694763 1020.583679 967.103761 900.000000 887.522703 823.127590 700.000000 645.873633 576.450891 473.740925 389.099299 325.000000 301.966328 200.000000 187.956054 110.000000 50.000000 0.000000 0.000000 0.000000 0.000000 0.000000 0.000000 0.000000 0.000000 0.000000 0.000000 0.000000 0.000000 0.000000 0.000000 0.000000 0.000000 0.000000 0.000000 0.000000 0.000000 0.000000 0.000000 0.000000 0.000000 0.000000 0.000000 0.000000 0.000000 0.000000 20.000000 110.000000 200.000000 266.709436 305.488661 325.000000 417.891674 500.000000 595.408530 666.464633 700.000000 760.045784 803.107195 849.366296 894.891995 900.000000 900.000000 900.000000 900.000000 900.000000 900.000000 892.756105 884.961107 -9999.0 -9999.0
-9999.0 1400.627807 1300.000000 1200.432278 1100.000000 1075.105298 1035.506059 1006.661735 980.294235 961.540631 850.282230 700.000000 635.025641 589.647399 495.935706 325.000000 200.000000 194.627491 110.000000 110.000000 0.000000 0.000000 0.000000 0.000000 0.000000 0.000000 0.000000 0.000000 0.000000 0.000000 0.000000 0.000000 0.000000 0.000000 0.000000 0.000000 0.000000 0.000000 0.000000 0.000000 0.000000 0.000000 0.000000 20.000000 20.000000 0.000000 0.000000 0.000000 50.000000 0.000000 0.000000 0.000000 0.000000 0.000000 0.000000 0.000000 0.000000 0.000000 0.000000 20.000000 171.878706 200.000000 290.283270 325.000000 407.662266 500.000000 612.696242 684.821896 756.095626 798.640391 831.510462 884.252732 900.000000 900.000000 900.000000 900.000000 900.000000 900.000000 -9999.0 -9999.0
-9999.0 1477.363916 1300.000000 1100.000000 995.823056 900.000000 806.152661 700.000000 683.562921 700.000000 500.000000 200.000000 110.000000 110.000000 50.000000 0.000000 0.000000 0.000000 0.000000 0.000000 0.000000 0.000000 0.000000 0.000000 0.000000 0.000000 0.000000 0.000000 0.000000 0.000000 0.000000 20.000000 0.000000 50.000000 110.000000 110.000000 110.000000 200.000000 269.325404 297.928750 310.157854 292.032308 301.142052 317.230429 320.688059 300.079837 267.709900 270.788962 259.885392 200.000000 186.480379 110.000000 50.000000 0.000000 0.000000 0.000000 0.000000 0.000000 0.000000 0.000000 0.000000 0.000000 50.000000 183.966216 200.000000 325.000000 325.000000 435.601674 500.000000 624.166283 685.970408 700.000000 814.909292 845.386315 885.855969 900.000000 -9999.0 -9999.0 -9999.0 -9999.0
-9999.0 1500.000000 1358.176131 1087.814913 817.922776 669.193168 411.383514 276.070641 50.000000 110.000000 0.000000 0.000000 0.000000 0.000000 0.000000 0.000000 0.000000 0.000000 0.000000 0.000000 0.000000 0.000000 0.000000 0.000000 0.000000 0.000000 0.000000 20.000000 110.000000 186.356072 200.000000 200.000000 273.854998 325.000000 325.000000 408.553561 492.353514 500.000000 500.000000 589.411391 615.997253 634.190287 613.155395 614.292284 613.967414 602.348497 570.625970 500.000000 468.489496 410.756143 325.000000 325.000000 295.845325 200.000000 197.400442 50.000000 20.000000 0.000000 0.000000 0.000000 0.000000 0.000000 0.000000 0.000000 20.000000 183.387987 200.000000 284.968403 325.000000 392.047218 435.300303 500.000000 638.977754 700.000000 797.431257 -9999.0 -9999.0 -9999.0 -9999.0 -9999.0
-9999.0 1700.000000 1450.172591 1100.000000 790.045553 406.525530 294.285479 0.000000 0.000000 0.000000 110.000000 20.000000 0.000000 0.000000 0.000000 20.000000 20.000000 50.000000 20.000000 50.000000 110.000000 180.552713 184.012678 199.370942 200.000000 200.000000 267.025929 287.532949 325.000000 325.000000 439.940579 489.656913 604.255724 685.586280 700.000000 785.773360 840.833413 845.223837 831.722603 849.720135 872.620797 891.410389 866.272134 850.927971 840.041488 849.079073 839.030477 802.987011 700.000000 700.000000 650.666945 579.185675 500.000000 414.992862 325.000000 325.000000 295.890009 200.000000 169.175920 0.000000 0.000000 0.000000 0.000000 0.000000 0.000000 0.000000 20.000000 50.000000 200.000000 279.203088 308.765838 325.000000 397.253285 -9999.0 -9999.0 -9999.0 -9999.0 -9999.0 -9999.0 -9999.0
-9999.0 1861.643127 1630.885427 1379.969844 1063.304106 802.854146 582.259962 409.355079 200.000000 325.000000 325.000000 325.000000 306.319045 287.448982 307.327425 325.000000 325.000000 325.000000 325.000000 325.000000 391.629687 404.224414 406.513187 420.972753 470.299747 500.000000 500.000000 563.409820 618.031437 683.172841 769.337461 840.227530 900.000000 900.000000 972.013011 1005.537473 1044.319512 1034.671796 1021.096601 1025.955475 1038.214746 1042.546274 1013.439862 995.246439 985.329606 997.880776 979.429830 900.000000 900.000000 869.482948 821.798325 767.378481 700.000000 677.557801 656.726035 617.977538 500.000000 449.577199 325.000000 269.686461 193.374648 50.000000 0.000000 0.000000 0.000000 0.000000 0.000000 0.000000 0.000000 191.842558 200.000000 -9999.0 -9999.0 -9999.0 -9999.0 -9999.0 -9999.0 -9999.0 -9999.0 -9999.0
-9999.0 -9999.0 1875.586313 1686.204156 1500.000000 1300.000000 1168.388458 1049.937001 967.011066 871.267677 778.912126 700.000000 658.880607 640.195857 661.166443 700.000000 700.000000 700.000000 700.000000 754.838861 779.414466 789.657745 800.045657 809.345964 824.782105 833.915548 840.825023 853.697235 877.959527 900.000000 978.305320 1030.827984 1085.506430 1100.000000 1100.000000 1155.567058 1158.897758 1161.343529 1155.008798 1153.912810 1100.000000 1100.000000 1100.000000 1095.153337 1085.796247 1078.524338 1066.062413 1042.559846 1009.665136 969.043138 900.000000 862.788539 825.146302 812.836847 821.087419 813.614309 788.762022 700.000000 641.589866 500.000000 387.782213 321.346138 200.000000 189.386616 110.000000 110.000000 0.000000 0.000000 0.000000 50.000000 -9999.0 -9999.0 -9999.0 -9999.0 -9999.0 -9999.0 -9999.0 -9999.0 -9999.0 -9999.0
-9999.0 -9999.0 -9999.0 -9999.0 1835.765684 1671.649498 1570.700569 1482.788149 1300.000000 1236.303213 1100.000000 1061.675596 1007.103327 983.242945 993.640654 997.913572 1005.589740 1009.510587 1018.209173 1023.213695 1028.455169 1036.528602 1048.581301 1056.587920 1057.693748 1054.605074 1057.210982 1070.754581 1087.309135 1100.000000 1100.000000 1172.101716 1208.818706 1237.936087 1251.039081 1257.681348 1257.656495 1263.544084 1254.340743 1247.821993 1233.007636 1217.738624 1193.961206 1165.767708 1100.000000 1100.000000 1100.000000 1100.000000 1078.993051 1026.772928 965.410511 900.000000 877.932675 875.032234 900.000000 900.000000 900.000000 891.545174 843.397225 769.902277 660.577884 560.359596 444.393876 384.462382 325.000000 305.582147 200.000000 110.000000 -9999.0 -9999.0 -9999.0 -9999.0 -9999.0 -9999.0 -9999.0 -9999.0 -9999.0 -9999.0 -9999.0 -9999.0
-9999.0 -9999.0 -9999.0 -9999.0 -9999.0 -9999.0 1883.982939 1780.746564 1694.061541 1559.252580 1436.224773 1300.000000 1264.344490 1237.538143 1217.923376 1194.811734 1198.628638 1215.610084 1232.562391 1215.782410 1205.525561 1210.783273 1238.752378 1240.248941 1236.754040 1228.040400 1229.679667 1236.004130 1260.804039 1252.088980 1253.124474 1276.089243 1300.000000 1300.000000 1300.000000 1300.000000 1300.000000 1300.000000 1300.000000 1300.000000 1282.426226 1269.138092 1246.927246 1214.002456 1182.237856 1167.951714 1166.946225 1160.825122 1100.000000 1050.597975 981.218829 900.000000 899.318663 892.885646 900.000000 962.322283 983.856141 977.763694 900.000000 892.249252 816.364748 764.730813 700.000000 700.000000 667.092892 500.000000 -9999.0 -9999.0 -9999.0 -9999.0 -9999.0 -9999.0 -9999.0 -9999.0 -9999.0 -9999.0 -9999.0 -9999.0 -9999.0 -9999.0
-9999.0 -9999.0 -9999.0 -9999.0 -9999.0 -9999.0 -9999.0 -9999.0 -9999.0 -9999.0 -9999.0 -9999.0 -9999.0 -9999.0 -9999.0 -9999.0 -9999.0 -9999.0 -9999.0 -9999.0 -9999.0 -9999.0 -9999.0 -9999.0 -9999.0 -9999.0 -9999.0 -9999.0 -9999.0 -9999.0 -9999.0 -9999.0 -9999.0 -9999.0 -9999.0 -9999.0 -9999.0 -9999.0 -9999.0 -9999.0 -9999.0 -9999.0 -9999.0 -9999.0 -9999.0 -9999.0 -9999.0 -9999.0 -9999.0 -9999.0 -9999.0 -9999.0 -9999.0 -9999.0 -9999.0 -9999.0 -9999.0 -9999.0 -9999.0 -9999.0 -9999.0 -9999.0 -9999.0 -9999.0 -9999.0 -9999.0 -9999.0 -9999.0 -9999.0 -9999.0 -9999.0 -9999.0 -9999.0 -9999.0 -9999.0 -9999.0 -9999.0 -9999.0 -9999.0 -9999.0
-9999.0 -9999.0 -9999.0 -9999.0 -9999.0 -9999.0 -9999.0 -9999.0 -9999.0 -9999.0 -9999.0 -9999.0 -9999.0 -9999.0 -9999.0 -9999.0 -9999.0 -9999.0 -9999.0 -9999.0 -9999.0 -9999.0 -9999.0 -9999.0 -9999.0 -9999.0 -9999.0 -9999.0 -9999.0 -9999.0 -9999.0 -9999.0 -9999.0 -9999.0 -9999.0 -9999.0 -9999.0 -9999.0 -9999.0 -9999.0 -9999.0 -9999.0 -9999.0 -9999.0 -9999.0 -9999.0 -9999.0 -9999.0 -9999.0 -9999.0 -9999.0 -9999.0 -9999.0 -9999.0 -9999.0 -9999.0 -9999.0 -9999.0 -9999.0 -9999.0 -9999.0 -9999.0 -9999.0 -9999.0 -9999.0 -9999.0 -9999.0 -9999.0 -9999.0 -9999.0 -9999.0 -9999.0 -9999.0 -9999.0 -9999.0 -9999.0 -9999.0 -9999.0 -9999.0 -9999.0