Borden_/Borden1m_014/output_maps/watertableN0039.asc
ncols         80
nrows         18
xllcorner     620200.000000
yllcorner     5168000.000000
cellsize      1.000000
NODATA_value  -9999.0
-9999.0 -9999.0 -9999.0 -9999.0 -9999.0 -9999.0 -9999.0 -9999.0 -9999.0 -9999.0 -9999.0 -9999.0 -9999.0 -9999.0 -9999.0 -9999.0 -9999.0 -9999.0 -9999.0 -9999.0 -9999.0 -9999.0 -9999.0 -9999.0 -9999.0 -9999.0 -9999.0 -9999.0 -9999.0 -9999.0 -9999.0 -9999.0 -9999.0 -9999.0 -9999.0 -9999.0 -9999.0 -9999.0 -9999.0 -9999.0 -9999.0 -9999.0 -9999.0 -9999.0 -9999.0 -9999.0 -9999.0 -9999.0 -9999.0 -9999.0 -9999.0 -9999.0 -9999.0 -9999.0 -9999.0 -9999.0 -9999.0 -9999.0 -9999.0 -9999.0 -9999.0 -9999.0 -9999.0 -9999.0 -9999.0 -9999.0 -9999.0 -9999.0 -9999.0 -9999.0 -9999.0 -9999.0 -9999.0 -9999.0 -9999.0 -9999.0 -9999.0 -9999.0 -9999.0 -9999.0
-9999.0 -9999.0 -9999.0 -9999.0 -9999.0 -9999.0 -9999.0 -9999.0 -9999.0 -9999.0 -9999.0 -9999.0 -9999.0 -9999.0 -9999.0 -9999.0 -9999.0 -9999.0 -9999.0 -9999.0 -9999.0 -9999.0 -9999.0 -9999.0 -9999.0 -9999.0 -9999.0 -9999.0 -9999.0 -9999.0 -9999.0 -9999.0 -9999.0 -9999.0 -9999.0 -9999.0 -9999.0 -9999.0 -9999.0 -9999.0 -9999.0 -9999.0 -9999.0 -9999.0 -9999.0 -9999.0 -9999.0 -9999.0 -9999.0 -9999.0 -9999.0 -9999.0 -9999.0 -9999.0 -9999.0 -9999.0 -9999.0 -9999.0 -9999.0 -9999.0 -9999.0 -9999.0 -9999.0 -9999.0 -9999.0 -9999.0 -9999.0 -9999.0 -9999.0 -9999.0 -9999.0 -9999.0 -9999.0 -9999.0 -9999.0 -9999.0 -9999.0 -9999.0 -9999.0 -9999.0
-9999.0 -9999.0 -9999.0 -9999.0 -9999.0 -9999.0 -9999.0 -9999.0 -9999.0 -9999.0 -9999.0 -9999.0 -9999.0 -9999.0 -9999.0 -9999.0 -9999.0 -9999.0 -9999.0 -9999.0 963.543162 960.515677 982.552342 1015.623508 1042.985894 1040.486616 1005.655483 964.648680 900.000000 900.000000 900.000000 900.000000 900.000000 900.000000 900.000000 900.000000 900.000000 900.000000 900.000000 899.916508 900.000000 900.000000 900.000000 900.000000 900.000000 900.000000 899.210085 884.912778 879.564084 885.853012 900.000000 900.000000 900.000000 955.328921 900.000000 900.000000 898.505059 894.679211 896.392980 900.000000 953.563249 -9999.0 -9999.0 -9999.0 -9999.0 -9999.0 -9999.0 -9999.0 -9999.0 -9999.0 -9999.0 -9999.0 -9999.0 -9999.0 -9999.0 -9999.0 -9999.0 -9999.0 -9999.0 -9999.0
-9999.0 -9999.0 -9999.0 -9999.0 -9999.0 -9999.0 -9999.0 -9999.0 -9999.0 -9999.0 -9999.0 -9999.0 -9999.0 -9999.0 1053.881744 1063.505467 1066.020451 1057.164318 1023.472700 993.538209 981.074814 988.186048 987.810889 1010.371531 1029.573007 1015.021409 985.322058 953.415278 900.000000 897.171914 900.000000 900.000000 899.078685 870.882120 855.022645 856.690814 876.977842 854.050362 836.510275 825.313092 824.627561 832.018428 816.642863 799.865393 806.719362 825.292636 823.516708 813.111761 799.936127 817.530348 884.361544 900.000000 900.000000 900.000000 900.000000 900.000000 900.000000 900.000000 900.000000 900.000000 978.142513 1021.851141 1040.034659 1002.450553 958.921265 900.000000 -9999.0 -9999.0 -9999.0 -9999.0 -9999.0 -9999.0 -9999.0 -9999.0 -9999.0 -9999.0 -9999.0 -9999.0 -9999.0 -9999.0
-9999.0 -9999.0 -9999.0 -9999.0 -9999.0 -9999.0 -9999.0 -9999.0 -9999.0 1100.000000 1100.000000 1100.000000 1097.636626 1081.770399 1083.301806 1075.905320 1067.704293 1041.097344 1009.823234 974.553782 900.000000 954.150007 900.000000 900.000000 900.000000 900.000000 895.349723 852.519346 806.791789 761.046203 787.835048 788.414689 766.216586 700.000000 662.315273 648.777010 670.533113 665.374604 632.414139 598.822710 592.566640 591.605803 562.819911 500.000000 500.000000 563.908729 590.566142 596.514350 571.482189 633.807574 700.000000 776.941478 780.665919 816.242454 860.894932 885.754005 890.422894 870.351784 886.883589 900.000000 962.389763 973.026242 990.316636 974.808745 900.000000 900.000000 868.872550 840.466756 840.507273 858.106508 -9999.0 -9999.0 -9999.0 -9999.0 -9999.0 -9999.0 -9999.0 -9999.0 -9999.0 -9999.0
-9999.0 -9999.0 -9999.0 -9999.0 -9999.0 -9999.0 1190.350363 1181.082230 1160.970741 1155.367189 1100.000000 1100.000000 1100.000000 1081.650173 1060.288760 1042.591423 1011.100223 977.653995 900.000000 889.416213 854.572546 856.065912 842.937836 805.338530 756.732134 700.000000 685.895482 634.571743 500.000000 483.977740 464.260210 455.774766 444.969612 400.791078 325.000000 319.486106 325.000000 325.000000 325.000000 287.149411 200.000000 200.000000 200.000000 200.000000 178.206429 186.732730 280.058739 310.061285 321.487404 325.000000 389.521394 452.131193 500.000000 564.474300 662.890208 700.000000 700.000000 700.000000 764.051618 822.648189 868.925743 882.340756 899.006833 900.000000 900.000000 892.614219 870.419320 859.756187 872.722801 893.682689 900.000000 900.000000 900.000000 900.000000 -9999.0 -9999.0 -9999.0 -9999.0 -9999.0 -9999.0
-9999.0 -9999.0 -9999.0 -9999.0 1240.267654 1227.464888 1238.804456 1214.327845 1181.829245 1100.000000 1100.000000 1077.157460 1049.030548 1018.185644 975.470687 900.000000 888.191529 849.229002 788.750277 700.000000 641.732752 603.247032 576.759211 500.000000 436.135573 384.879846 325.000000 325.000000 282.860343 110.000000 110.000000 110.000000 110.000000 50.000000 0.000000 0.000000 0.000000 0.000000 0.000000 0.000000 0.000000 0.000000 0.000000 0.000000 0.000000 0.000000 0.000000 0.000000 0.000000 50.000000 50.000000 110.000000 200.000000 288.256614 316.817176 325.000000 437.026614 465.547156 500.000000 599.275467 684.114705 700.000000 759.168095 790.741760 825.826303 828.678496 828.622965 850.385436 882.371652 900.000000 900.000000 900.000000 959.673543 900.000000 900.000000 881.331440 -9999.0 -9999.0 -9999.0 -9999.0
-9999.0 -9999.0 1299.176021 1249.617018 1193.154033 1183.921644 1181.461448 1175.105630 1100.000000 1094.716374 1015.553297 960.086537 900.000000 876.840845 811.430663 700.000000 614.278694 500.000000 482.792665 414.263491 325.000000 307.944022 200.000000 195.676017 110.000000 110.000000 0.000000 50.000000 0.000000 0.000000 0.000000 0.000000 0.000000 0.000000 0.000000 0.000000 0.000000 0.000000 0.000000 0.000000 0.000000 0.000000 0.000000 0.000000 0.000000 0.000000 0.000000 0.000000 0.000000 0.000000 0.000000 0.000000 0.000000 0.000000 0.000000 50.000000 110.000000 200.000000 274.312948 317.012917 399.528825 454.743827 500.000000 576.729978 646.285202 692.928445 700.000000 798.147934 847.223357 894.122441 900.000000 900.000000 900.000000 900.000000 900.000000 900.000000 892.562527 884.737619 -9999.0 -9999.0
-9999.0 1400.154190 1300.000000 1199.691059 1100.000000 1073.322322 1033.055796 1002.430776 974.085311 953.862175 839.010817 700.000000 602.576558 561.544098 496.866556 387.733872 200.000000 198.033158 110.000000 110.000000 20.000000 0.000000 0.000000 0.000000 0.000000 0.000000 0.000000 0.000000 0.000000 0.000000 0.000000 0.000000 0.000000 0.000000 0.000000 0.000000 0.000000 0.000000 0.000000 20.000000 0.000000 0.000000 0.000000 20.000000 20.000000 0.000000 0.000000 0.000000 0.000000 50.000000 0.000000 0.000000 0.000000 0.000000 0.000000 0.000000 0.000000 0.000000 0.000000 20.000000 185.879401 200.000000 309.550655 325.000000 443.522634 500.000000 596.421752 672.266336 700.000000 796.015895 830.357066 883.980598 900.000000 900.000000 900.000000 900.000000 900.000000 900.000000 -9999.0 -9999.0
-9999.0 1476.808724 1300.000000 1100.000000 994.096418 900.000000 801.664579 700.000000 658.640911 681.572724 500.000000 200.000000 110.000000 110.000000 50.000000 0.000000 0.000000 0.000000 0.000000 0.000000 0.000000 0.000000 0.000000 0.000000 0.000000 0.000000 0.000000 0.000000 0.000000 0.000000 0.000000 0.000000 0.000000 50.000000 110.000000 110.000000 200.000000 200.000000 272.947165 299.368548 311.557075 290.815579 301.860348 321.321507 325.000000 300.808456 267.366760 274.393425 271.043238 200.000000 200.000000 110.000000 50.000000 20.000000 0.000000 0.000000 0.000000 0.000000 0.000000 0.000000 0.000000 0.000000 50.000000 200.000000 280.463111 325.000000 426.661609 485.347253 560.833646 618.405989 680.005785 700.000000 813.001078 844.122030 885.248813 900.000000 -9999.0 -9999.0 -9999.0 -9999.0
-9999.0 1500.000000 1357.444211 1086.451010 813.386002 659.145179 444.380398 293.946142 110.000000 110.000000 0.000000 0.000000 0.000000 0.000000 0.000000 0.000000 0.000000 0.000000 0.000000 0.000000 0.000000 0.000000 0.000000 0.000000 0.000000 0.000000 0.000000 20.000000 110.000000 200.000000 200.000000 200.000000 279.793781 325.000000 413.054059 444.095238 500.000000 500.000000 500.000000 566.050976 587.650085 604.362632 585.000271 585.912069 585.514209 575.727263 500.000000 500.000000 484.067333 446.600939 402.819919 325.000000 311.270174 266.623345 200.000000 110.000000 50.000000 0.000000 0.000000 0.000000 0.000000 0.000000 0.000000 0.000000 50.000000 200.000000 267.328160 325.000000 408.843981 456.529091 496.558225 500.000000 631.841850 700.000000 794.650876 -9999.0 -9999.0 -9999.0 -9999.0 -9999.0
-9999.0 1700.000000 1449.441403 1100.000000 785.782850 433.356235 321.002338 0.000000 0.000000 0.000000 110.000000 20.000000 0.000000 0.000000 20.000000 50.000000 50.000000 50.000000 20.000000 110.000000 188.297080 200.000000 200.000000 200.000000 200.000000 259.547769 273.803197 295.621962 325.000000 400.047092 472.299961 500.000000 582.944187 664.543146 700.000000 777.184452 832.504011 836.402038 822.092793 839.699918 862.654230 881.550380 856.195089 840.640027 829.575859 838.707397 828.760690 792.309067 700.000000 689.014786 626.624230 559.341932 500.000000 449.138936 413.568973 325.000000 307.011781 258.810848 180.745766 0.000000 0.000000 0.000000 0.000000 0.000000 0.000000 0.000000 50.000000 200.000000 316.208891 325.000000 382.668933 406.749895 454.992467 -9999.0 -9999.0 -9999.0 -9999.0 -9999.0 -9999.0 -9999.0
-9999.0 1861.011148 1630.167733 1378.900522 1061.340771 797.528299 584.617795 444.008323 301.802572 325.000000 325.000000 325.000000 312.025250 289.600773 314.228613 325.000000 325.000000 325.000000 325.000000 402.898697 434.922716 449.902035 451.073120 459.098383 487.892463 500.000000 500.000000 500.000000 594.748399 663.341298 759.003583 832.146875 896.733695 900.000000 966.981745 1001.256503 1040.012124 1030.361178 1016.726110 1021.506729 1033.717111 1038.037266 1008.981097 990.755902 980.786259 993.326197 974.822703 900.000000 900.000000 862.618624 812.649054 754.651408 694.861209 655.985878 631.949943 591.699637 500.000000 472.887390 385.718296 284.713547 200.000000 110.000000 0.000000 0.000000 0.000000 0.000000 0.000000 0.000000 290.369312 325.000000 325.000000 -9999.0 -9999.0 -9999.0 -9999.0 -9999.0 -9999.0 -9999.0 -9999.0 -9999.0
-9999.0 -9999.0 1874.767561 1685.179803 1500.000000 1300.000000 1165.345820 1047.274354 962.625910 866.611912 770.289625 683.733654 633.843487 613.871789 635.940838 685.781190 700.000000 700.000000 700.000000 700.000000 773.331929 783.983357 794.232634 802.847934 817.203173 825.665114 832.226512 844.964874 869.809795 900.000000 973.640547 1026.719752 1081.528003 1100.000000 1100.000000 1100.000000 1156.238103 1158.704110 1100.000000 1100.000000 1100.000000 1100.000000 1100.000000 1092.355932 1082.973375 1075.677873 1063.181269 1039.633499 1006.607527 965.562986 900.000000 857.094624 817.901099 804.353926 811.817227 803.187452 777.147826 700.000000 618.288167 500.000000 415.343602 325.000000 269.336728 200.000000 200.000000 183.756870 20.000000 200.000000 417.419163 325.000000 -9999.0 -9999.0 -9999.0 -9999.0 -9999.0 -9999.0 -9999.0 -9999.0 -9999.0 -9999.0
-9999.0 -9999.0 -9999.0 -9999.0 1834.538922 1670.079584 1568.767400 1480.453089 1300.000000 1233.254839 1100.000000 1056.191637 1000.602562 976.124062 986.916854 992.146781 1000.608306 1004.901962 1013.921130 1019.296251 1024.801239 1032.851994 1044.722325 1052.509769 1053.403702 1050.200657 1052.769332 1066.364544 1083.164732 1100.000000 1100.000000 1169.388579 1206.316261 1235.570263 1248.827578 1255.596905 1255.656499 1261.574506 1252.404357 1245.900976 1231.117895 1215.872031 1192.108358 1163.900258 1100.000000 1100.000000 1100.000000 1100.000000 1076.701446 1024.386056 962.725843 900.000000 873.885188 870.489491 896.241276 900.000000 900.000000 884.588000 834.029788 757.334880 637.753184 500.000000 471.719043 423.925224 392.522731 325.000000 303.543204 292.951862 -9999.0 -9999.0 -9999.0 -9999.0 -9999.0 -9999.0 -9999.0 -9999.0 -9999.0 -9999.0 -9999.0 -9999.0
-9999.0 -9999.0 -9999.0 -9999.0 -9999.0 -9999.0 1882.178402 1778.863107 1691.684984 1556.607714 1433.283221 1300.000000 1260.232242 1233.333479 1213.884691 1191.076903 1195.147299 1212.249217 1229.267081 1212.751513 1202.659733 1207.894320 1235.650243 1237.041719 1233.488797 1224.776876 1226.427795 1232.811475 1257.690394 1249.271717 1250.578859 1273.716961 1299.750514 1300.000000 1300.000000 1300.000000 1300.000000 1300.000000 1300.000000 1300.000000 1280.798209 1267.521499 1245.346333 1212.474804 1180.721552 1166.399491 1165.331422 1159.103538 1100.000000 1048.583572 979.101823 900.000000 896.295185 889.530973 900.000000 958.785969 980.028456 973.373941 900.000000 884.907341 805.959512 700.000000 700.000000 684.538707 648.083311 500.000000 -9999.0 -9999.0 -9999.0 -9999.0 -9999.0 -9999.0 -9999.0 -9999.0 -9999.0 -9999.0 -9999.0 -9999.0 -9999.0 -9999.0
-9999.0 -9999.0 -9999.0 -9999.0 -9999.0 -9999.0 -9999.0 -9999.0 -9999.0 -9999.0 -9999.0 -9999.0 -9999.0 -9999.0 -9999.0 -9999.0 -9999.0 -9999.0 -9999.0 -9999.0 -9999.0 -9999.0 -9999.0 -9999.0 -9999.0 -9999.0 -9999.0 -9999.0 -9999.0 -9999.0 -9999.0 -9999.0 -9999.0 -9999.0 -9999.0 -9999.0 -9999.0 -9999.0 -9999.0 -9999.0 -9999.0 -9999.0 -9999.0 -9999.0 -9999.0 -9999.0 -9999.0 -9999.0 -9999.0 -9999.0 -9999.0 -9999.0 -9999.0 -9999.0 -9999.0 -9999.0 -9999.0 -9999.0 -9999.0 -9999.0 -9999.0 -9999.0 -9999.0 -9999.0 -9999.0 -9999.0 -9999.0 -9999.0 -9999.0 -9999.0 -9999.0 -9999.0 -9999.0 -9999.0 -9999.0 -9999.0 -9999.0 -9999.0 -9999.0 -9999.0
-9999.0 -9999.0 -9999.0 -9999.0 -9999.0 -9999.0 -9999.0 -9999.0 -9999.0 -9999.0 -9999.0 -9999.0 -9999.0 -9999.0 -9999.0 -9999.0 -9999.0 -9999.0 -9999.0 -9999.0 -9999.0 -9999.0 -9999.0 -9999.0 -9999.0 -9999.0 -9999.0 -9999.0 -9999.0 -9999.0 -9999.0 -9999.0 -9999.0 -9999.0 -9999.0 -9999.0 -9999.0 -9999.0 -9999.0 -9999.0 -9999.0 -9999.0 -9999.0 -9999.0 -9999.0 -9999.0 -9999.0 -9999.0 -9999.0 -9999.0 -9999.0 -9999.0 -9999.0 -9999.0 -9999.0 -9999.0 -9999.0 -9999.0 -9999.0 -9999.0 -9999.0 -9999.0 -9999.0 -9999.0 -9999.0 -9999.0 -9999.0 -9999.0 -9999.0 -9999.0 -9999.0 -9999.0 -9999.0 -9999.0 -9999.0 -9999.0 -9999.0 -9999.0 -9999.0 -9999.0