Borden_/Borden1m_014/output_maps/watertableN0024.asc
ncols         80
nrows         18
xllcorner     620200.000000
yllcorner     5168000.000000
cellsize      1.000000
NODATA_value  -9999.0
-9999.0 -9999.0 -9999.0 -9999.0 -9999.0 -9999.0 -9999.0 -9999.0 -9999.0 -9999.0 -9999.0 -9999.0 -9999.0 -9999.0 -9999.0 -9999.0 -9999.0 -9999.0 -9999.0 -9999.0 -9999.0 -9999.0 -9999.0 -9999.0 -9999.0 -9999.0 -9999.0 -9999.0 -9999.0 -9999.0 -9999.0 -9999.0 -9999.0 -9999.0 -9999.0 -9999.0 -9999.0 -9999.0 -9999.0 -9999.0 -9999.0 -9999.0 -9999.0 -9999.0 -9999.0 -9999.0 -9999.0 -9999.0 -9999.0 -9999.0 -9999.0 -9999.0 -9999.0 -9999.0 -9999.0 -9999.0 -9999.0 -9999.0 -9999.0 -9999.0 -9999.0 -9999.0 -9999.0 -9999.0 -9999.0 -9999.0 -9999.0 -9999.0 -9999.0 -9999.0 -9999.0 -9999.0 -9999.0 -9999.0 -9999.0 -9999.0 -9999.0 -9999.0 -9999.0 -9999.0
-9999.0 -9999.0 -9999.0 -9999.0 -9999.0 -9999.0 -9999.0 -9999.0 -9999.0 -9999.0 -9999.0 -9999.0 -9999.0 -9999.0 -9999.0 -9999.0 -9999.0 -9999.0 -9999.0 -9999.0 -9999.0 -9999.0 -9999.0 -9999.0 -9999.0 -9999.0 -9999.0 -9999.0 -9999.0 -9999.0 -9999.0 -9999.0 -9999.0 -9999.0 -9999.0 -9999.0 -9999.0 -9999.0 -9999.0 -9999.0 -9999.0 -9999.0 -9999.0 -9999.0 -9999.0 -9999.0 -9999.0 -9999.0 -9999.0 -9999.0 -9999.0 -9999.0 -9999.0 -9999.0 -9999.0 -9999.0 -9999.0 -9999.0 -9999.0 -9999.0 -9999.0 -9999.0 -9999.0 -9999.0 -9999.0 -9999.0 -9999.0 -9999.0 -9999.0 -9999.0 -9999.0 -9999.0 -9999.0 -9999.0 -9999.0 -9999.0 -9999.0 -9999.0 -9999.0 -9999.0
-9999.0 -9999.0 -9999.0 -9999.0 -9999.0 -9999.0 -9999.0 -9999.0 -9999.0 -9999.0 -9999.0 -9999.0 -9999.0 -9999.0 -9999.0 -9999.0 -9999.0 -9999.0 -9999.0 -9999.0 965.573573 962.594803 984.685236 1017.870910 1045.429590 1043.088398 1008.386101 967.648425 900.000000 900.000000 900.000000 900.000000 900.000000 900.000000 900.000000 900.000000 900.000000 900.000000 900.000000 900.000000 900.000000 900.000000 900.000000 900.000000 900.000000 900.000000 900.000000 891.333589 885.619383 891.287480 900.000000 900.000000 900.000000 958.556727 900.000000 900.000000 900.000000 897.146509 898.674539 900.000000 955.398796 -9999.0 -9999.0 -9999.0 -9999.0 -9999.0 -9999.0 -9999.0 -9999.0 -9999.0 -9999.0 -9999.0 -9999.0 -9999.0 -9999.0 -9999.0 -9999.0 -9999.0 -9999.0 -9999.0
-9999.0 -9999.0 -9999.0 -9999.0 -9999.0 -9999.0 -9999.0 -9999.0 -9999.0 -9999.0 -9999.0 -9999.0 -9999.0 -9999.0 1055.709287 1065.448787 1068.113385 1059.391860 1025.766295 995.927764 983.516987 990.729010 990.462734 1013.166625 1032.582900 1018.249707 988.886164 957.486475 900.000000 900.000000 900.000000 900.000000 900.000000 876.984532 862.009118 864.050157 884.497595 862.225320 845.787721 835.661211 835.737916 843.449929 828.398697 811.811784 818.311959 836.489804 834.311346 823.532781 809.837666 826.186443 890.945692 900.000000 900.000000 900.000000 900.000000 900.000000 900.000000 900.000000 900.000000 900.000000 980.230210 1023.781830 1041.809784 1003.996745 960.386297 900.000000 -9999.0 -9999.0 -9999.0 -9999.0 -9999.0 -9999.0 -9999.0 -9999.0 -9999.0 -9999.0 -9999.0 -9999.0 -9999.0 -9999.0
-9999.0 -9999.0 -9999.0 -9999.0 -9999.0 -9999.0 -9999.0 -9999.0 -9999.0 1100.000000 1100.000000 1100.000000 1099.563984 1083.859017 1085.504688 1078.286355 1070.304273 1043.857428 1012.760962 977.823126 900.000000 958.134571 957.024629 900.000000 900.000000 900.000000 900.000000 860.235629 815.523741 770.984499 796.671514 796.952343 775.412858 700.000000 679.969056 667.010878 688.830141 685.090786 655.768522 623.791056 620.170198 620.063840 586.691284 566.754047 558.060366 586.074087 615.370281 620.059846 588.460549 654.594476 700.000000 785.915226 789.475617 824.455017 867.853451 891.333868 895.397342 875.155817 891.201049 900.000000 965.435373 975.622244 992.556880 976.787395 954.866703 900.000000 870.577019 842.214203 842.032954 859.274953 -9999.0 -9999.0 -9999.0 -9999.0 -9999.0 -9999.0 -9999.0 -9999.0 -9999.0 -9999.0
-9999.0 -9999.0 -9999.0 -9999.0 -9999.0 -9999.0 1191.383967 1182.256529 1162.352383 1156.967717 1100.000000 1100.000000 1100.000000 1084.381198 1063.284085 1045.975644 1014.942840 981.909879 900.000000 895.308650 861.898515 864.277251 851.671981 814.012375 766.329061 700.000000 700.000000 655.243502 500.000000 479.994617 454.312611 440.877751 423.071851 325.000000 323.207521 271.000955 325.000000 325.000000 325.000000 291.011182 200.000000 200.000000 200.000000 200.000000 174.946167 184.643281 285.491893 313.410264 320.418645 325.000000 325.000000 431.987406 500.000000 576.174313 681.199687 700.000000 700.000000 700.000000 773.306801 830.243819 874.767176 887.060739 900.000000 900.000000 900.000000 895.040708 872.482071 861.447429 873.944917 894.489773 900.000000 900.000000 900.000000 900.000000 -9999.0 -9999.0 -9999.0 -9999.0 -9999.0 -9999.0
-9999.0 -9999.0 -9999.0 -9999.0 1241.087667 1228.418052 1239.979053 1215.755256 1183.593904 1100.000000 1100.000000 1080.373807 1052.807507 1022.396903 980.273668 900.000000 896.132922 857.965171 798.313592 700.000000 662.577947 625.899276 596.865018 500.000000 418.149477 325.000000 325.000000 325.000000 281.014901 110.000000 110.000000 110.000000 50.000000 20.000000 0.000000 0.000000 0.000000 0.000000 0.000000 0.000000 0.000000 0.000000 0.000000 0.000000 0.000000 0.000000 0.000000 0.000000 0.000000 0.000000 110.000000 110.000000 200.000000 287.521328 314.977562 325.000000 415.534087 447.248448 500.000000 616.597774 698.997300 700.000000 767.822237 798.322441 831.843413 833.458585 832.188693 852.676853 883.669830 900.000000 900.000000 900.000000 959.759703 900.000000 900.000000 881.669986 -9999.0 -9999.0 -9999.0 -9999.0
-9999.0 -9999.0 1299.774492 1250.297496 1194.017339 1185.077000 1183.018965 1177.244696 1100.000000 1098.176052 1019.874539 966.107911 900.000000 885.469964 821.171981 700.000000 638.801128 566.460587 476.286475 399.652690 325.000000 305.935713 200.000000 190.276384 110.000000 50.000000 0.000000 0.000000 0.000000 0.000000 0.000000 0.000000 0.000000 0.000000 0.000000 0.000000 0.000000 0.000000 0.000000 0.000000 0.000000 0.000000 0.000000 0.000000 0.000000 0.000000 0.000000 0.000000 0.000000 0.000000 0.000000 0.000000 0.000000 0.000000 20.000000 20.000000 110.000000 200.000000 269.943527 311.790163 325.000000 431.719727 500.000000 588.565765 662.971036 700.000000 758.938151 802.729349 849.265072 894.990743 900.000000 900.000000 900.000000 900.000000 900.000000 900.000000 892.844431 885.032271 -9999.0 -9999.0
-9999.0 1400.648124 1300.000000 1200.449866 1100.000000 1075.014038 1035.437305 1006.401207 979.663015 960.537580 848.289760 700.000000 626.196514 579.019651 495.409197 325.000000 200.000000 195.913690 178.971925 110.000000 0.000000 0.000000 0.000000 0.000000 0.000000 0.000000 0.000000 0.000000 0.000000 0.000000 0.000000 0.000000 0.000000 0.000000 0.000000 0.000000 0.000000 0.000000 0.000000 0.000000 0.000000 0.000000 0.000000 20.000000 20.000000 0.000000 0.000000 0.000000 0.000000 0.000000 0.000000 0.000000 0.000000 0.000000 0.000000 0.000000 0.000000 0.000000 50.000000 20.000000 177.046699 200.000000 297.707887 325.000000 420.920845 500.000000 607.355633 682.773722 755.414853 798.519477 831.665202 884.483712 900.000000 900.000000 900.000000 900.000000 900.000000 900.000000 -9999.0 -9999.0
-9999.0 1477.368403 1300.000000 1100.000000 995.853679 900.000000 806.566620 700.000000 679.431516 700.000000 500.000000 200.000000 110.000000 110.000000 50.000000 0.000000 0.000000 0.000000 0.000000 0.000000 0.000000 0.000000 0.000000 0.000000 0.000000 0.000000 0.000000 0.000000 0.000000 0.000000 0.000000 0.000000 0.000000 50.000000 110.000000 110.000000 110.000000 200.000000 270.052901 300.713393 314.590090 296.296641 305.686400 322.888420 325.000000 303.555756 269.411960 273.016287 264.091404 200.000000 192.781956 110.000000 50.000000 0.000000 0.000000 0.000000 0.000000 0.000000 0.000000 0.000000 0.000000 0.000000 50.000000 190.690914 263.328056 325.000000 396.570172 450.606214 500.000000 620.742499 685.102910 700.000000 814.999445 845.507843 886.006026 900.000000 -9999.0 -9999.0 -9999.0 -9999.0
-9999.0 1500.000000 1358.206444 1087.781297 817.724593 667.706757 424.410701 282.743245 50.000000 110.000000 0.000000 0.000000 0.000000 0.000000 0.000000 0.000000 0.000000 0.000000 0.000000 0.000000 0.000000 0.000000 0.000000 0.000000 0.000000 0.000000 0.000000 20.000000 110.000000 191.963028 200.000000 200.000000 277.236868 325.000000 393.097019 420.869115 492.456290 500.000000 500.000000 580.072013 607.893895 627.251355 605.182665 606.392425 605.971051 593.431938 561.672622 500.000000 472.857821 424.639074 385.459273 325.000000 302.658184 255.732294 200.000000 50.000000 20.000000 0.000000 0.000000 0.000000 0.000000 0.000000 0.000000 0.000000 50.000000 190.150657 200.000000 299.308739 325.000000 410.231366 453.541532 500.000000 636.515919 700.000000 797.500085 -9999.0 -9999.0 -9999.0 -9999.0 -9999.0
-9999.0 1700.000000 1450.190856 1100.000000 790.313253 417.820058 303.935583 0.000000 0.000000 0.000000 110.000000 20.000000 0.000000 0.000000 0.000000 20.000000 50.000000 50.000000 20.000000 50.000000 171.416014 190.092706 193.176383 200.000000 200.000000 200.000000 269.237267 291.382066 325.000000 383.141358 451.108610 492.169943 596.782556 682.326244 700.000000 784.948501 839.252057 843.392149 829.765603 847.794454 870.866033 889.786762 864.608150 849.265257 838.351926 847.266570 837.149822 801.228475 700.000000 700.000000 646.173903 571.400926 500.000000 428.327289 395.210199 325.000000 301.420691 200.000000 175.058479 0.000000 0.000000 0.000000 0.000000 0.000000 0.000000 0.000000 20.000000 110.000000 200.000000 298.197191 325.000000 325.000000 415.783846 -9999.0 -9999.0 -9999.0 -9999.0 -9999.0 -9999.0 -9999.0
-9999.0 1861.657348 1630.908535 1380.021594 1063.321172 802.720392 579.019542 421.677527 275.187403 325.000000 325.000000 325.000000 311.908299 291.678334 313.597383 325.000000 325.000000 325.000000 325.000000 325.000000 408.126170 420.976253 422.621529 434.003860 474.695497 500.000000 500.000000 500.000000 611.102576 680.184385 768.343959 839.045374 900.000000 900.000000 971.615178 1005.075244 1043.645288 1033.956653 1020.396580 1025.274514 1037.555494 1041.916904 1012.881563 994.722040 984.803731 997.327595 978.881838 900.000000 900.000000 868.701894 820.705278 765.626589 700.000000 674.469218 652.568859 611.211733 500.000000 457.440047 325.000000 275.952703 198.473892 110.000000 0.000000 0.000000 0.000000 0.000000 0.000000 0.000000 50.000000 200.000000 257.267638 -9999.0 -9999.0 -9999.0 -9999.0 -9999.0 -9999.0 -9999.0 -9999.0 -9999.0
-9999.0 -9999.0 1875.590011 1686.193935 1500.000000 1300.000000 1168.145481 1049.997875 966.948547 871.315877 778.957903 700.000000 654.394260 634.379766 656.911517 700.000000 700.000000 700.000000 700.000000 754.879185 779.876759 789.836372 799.875434 808.725497 823.621965 832.434916 839.171903 852.009830 876.597242 900.000000 977.914404 1030.345018 1084.984513 1100.000000 1100.000000 1155.303800 1158.604039 1161.028166 1154.681643 1100.000000 1100.000000 1100.000000 1100.000000 1094.808977 1085.446217 1078.167619 1065.707363 1042.228796 1009.391659 968.796499 900.000000 862.148491 824.366303 811.956301 820.045809 812.258444 787.137201 700.000000 636.731278 500.000000 398.988688 325.000000 200.000000 198.905471 110.000000 110.000000 0.000000 0.000000 0.000000 200.000000 -9999.0 -9999.0 -9999.0 -9999.0 -9999.0 -9999.0 -9999.0 -9999.0 -9999.0 -9999.0
-9999.0 -9999.0 -9999.0 -9999.0 1835.798097 1671.604788 1570.684062 1482.683035 1300.000000 1236.283774 1100.000000 1061.289108 1006.659500 982.705621 993.262283 997.750878 1005.532910 1009.470775 1018.147041 1023.140459 1028.335519 1036.298876 1048.224560 1056.111187 1057.102533 1053.940068 1056.512616 1070.069458 1086.715493 1100.000000 1100.000000 1171.874937 1208.575569 1237.676767 1250.788530 1257.434304 1257.407315 1263.291408 1254.092060 1247.580537 1232.785664 1217.540870 1193.791532 1165.611726 1100.000000 1100.000000 1100.000000 1100.000000 1078.768634 1026.574003 965.255381 900.000000 877.544821 874.592393 900.000000 900.000000 900.000000 890.797729 842.232942 768.369429 656.392599 500.000000 452.949063 398.364555 325.000000 313.856131 200.000000 110.000000 -9999.0 -9999.0 -9999.0 -9999.0 -9999.0 -9999.0 -9999.0 -9999.0 -9999.0 -9999.0 -9999.0 -9999.0
-9999.0 -9999.0 -9999.0 -9999.0 -9999.0 -9999.0 1883.929770 1780.803528 1693.983356 1559.263387 1436.164906 1300.000000 1264.043984 1237.269375 1217.757047 1194.771569 1198.615120 1215.542882 1232.435239 1215.697835 1205.446663 1210.632364 1238.472008 1239.897963 1236.354743 1227.621704 1229.249021 1235.578668 1260.392743 1251.743256 1252.829187 1275.822169 1300.000000 1300.000000 1300.000000 1300.000000 1300.000000 1300.000000 1300.000000 1300.000000 1282.232765 1268.950198 1246.756956 1213.867733 1182.133998 1167.857679 1166.856008 1160.732152 1100.000000 1050.422246 981.114051 900.000000 899.078084 892.609222 900.000000 962.162364 983.664494 977.539135 900.000000 891.449567 815.128842 763.001306 700.000000 699.137760 663.601981 500.000000 -9999.0 -9999.0 -9999.0 -9999.0 -9999.0 -9999.0 -9999.0 -9999.0 -9999.0 -9999.0 -9999.0 -9999.0 -9999.0 -9999.0
-9999.0 -9999.0 -9999.0 -9999.0 -9999.0 -9999.0 -9999.0 -9999.0 -9999.0 -9999.0 -9999.0 -9999.0 -9999.0 -9999.0 -9999.0 -9999.0 -9999.0 -9999.0 -9999.0 -9999.0 -9999.0 -9999.0 -9999.0 -9999.0 -9999.0 -9999.0 -9999.0 -9999.0 -9999.0 -9999.0 -9999.0 -9999.0 -9999.0 -9999.0 -9999.0 -9999.0 -9999.0 -9999.0 -9999.0 -9999.0 -9999.0 -9999.0 -9999.0 -9999.0 -9999.0 -9999.0 -9999.0 -9999.0 -9999.0 -9999.0 -9999.0 -9999.0 -9999.0 -9999.0 -9999.0 -9999.0 -9999.0 -9999.0 -9999.0 -9999.0 -9999.0 -9999.0 -9999.0 -9999.0 -9999.0 -9999.0 -9999.0 -9999.0 -9999.0 -9999.0 -9999.0 -9999.0 -9999.0 -9999.0 -9999.0 -9999.0 -9999.0 -9999.0 -9999.0 -9999.0
-9999.0 -9999.0 -9999.0 -9999.0 -9999.0 -9999.0 -9999.0 -9999.0 -9999.0 -9999.0 -9999.0 -9999.0 -9999.0 -9999.0 -9999.0 -9999.0 -9999.0 -9999.0 -9999.0 -9999.0 -9999.0 -9999.0 -9999.0 -9999.0 -9999.0 -9999.0 -9999.0 -9999.0 -9999.0 -9999.0 -9999.0 -9999.0 -9999.0 -9999.0 -9999.0 -9999.0 -9999.0 -9999.0 -9999.0 -9999.0 -9999.0 -9999.0 -9999.0 -9999.0 -9999.0 -9999.0 -9999.0 -9999.0 -9999.0 -9999.0 -9999.0 -9999.0 -9999.0 -9999.0 -9999.0 -9999.0 -9999.0 -9999.0 -9999.0 -9999.0 -9999.0 -9999.0 -9999.0 -9999.0 -9999.0 -9999.0 -9999.0 -9999.0 -9999.0 -9999.0 -9999.0 -9999.0 -9999.0 -9999.0 -9999.0 -9999.0 -9999.0 -9999.0 -9999.0 -9999.0