Borden_/Borden1m_014/output_maps/watertableN0023.asc
ncols         80
nrows         18
xllcorner     620200.000000
yllcorner     5168000.000000
cellsize      1.000000
NODATA_value  -9999.0
-9999.0 -9999.0 -9999.0 -9999.0 -9999.0 -9999.0 -9999.0 -9999.0 -9999.0 -9999.0 -9999.0 -9999.0 -9999.0 -9999.0 -9999.0 -9999.0 -9999.0 -9999.0 -9999.0 -9999.0 -9999.0 -9999.0 -9999.0 -9999.0 -9999.0 -9999.0 -9999.0 -9999.0 -9999.0 -9999.0 -9999.0 -9999.0 -9999.0 -9999.0 -9999.0 -9999.0 -9999.0 -9999.0 -9999.0 -9999.0 -9999.0 -9999.0 -9999.0 -9999.0 -9999.0 -9999.0 -9999.0 -9999.0 -9999.0 -9999.0 -9999.0 -9999.0 -9999.0 -9999.0 -9999.0 -9999.0 -9999.0 -9999.0 -9999.0 -9999.0 -9999.0 -9999.0 -9999.0 -9999.0 -9999.0 -9999.0 -9999.0 -9999.0 -9999.0 -9999.0 -9999.0 -9999.0 -9999.0 -9999.0 -9999.0 -9999.0 -9999.0 -9999.0 -9999.0 -9999.0
-9999.0 -9999.0 -9999.0 -9999.0 -9999.0 -9999.0 -9999.0 -9999.0 -9999.0 -9999.0 -9999.0 -9999.0 -9999.0 -9999.0 -9999.0 -9999.0 -9999.0 -9999.0 -9999.0 -9999.0 -9999.0 -9999.0 -9999.0 -9999.0 -9999.0 -9999.0 -9999.0 -9999.0 -9999.0 -9999.0 -9999.0 -9999.0 -9999.0 -9999.0 -9999.0 -9999.0 -9999.0 -9999.0 -9999.0 -9999.0 -9999.0 -9999.0 -9999.0 -9999.0 -9999.0 -9999.0 -9999.0 -9999.0 -9999.0 -9999.0 -9999.0 -9999.0 -9999.0 -9999.0 -9999.0 -9999.0 -9999.0 -9999.0 -9999.0 -9999.0 -9999.0 -9999.0 -9999.0 -9999.0 -9999.0 -9999.0 -9999.0 -9999.0 -9999.0 -9999.0 -9999.0 -9999.0 -9999.0 -9999.0 -9999.0 -9999.0 -9999.0 -9999.0 -9999.0 -9999.0
-9999.0 -9999.0 -9999.0 -9999.0 -9999.0 -9999.0 -9999.0 -9999.0 -9999.0 -9999.0 -9999.0 -9999.0 -9999.0 -9999.0 -9999.0 -9999.0 -9999.0 -9999.0 -9999.0 -9999.0 965.660614 962.685387 984.780529 1017.983630 1045.562186 1043.227741 1008.517756 967.788805 900.000000 900.000000 900.000000 900.000000 900.000000 900.000000 900.000000 900.000000 900.000000 900.000000 900.000000 900.000000 900.000000 900.000000 900.000000 900.000000 900.000000 900.000000 900.000000 891.732705 885.976568 891.583293 900.000000 900.000000 900.000000 958.679818 900.000000 900.000000 900.000000 897.255678 898.772956 900.000000 955.455779 -9999.0 -9999.0 -9999.0 -9999.0 -9999.0 -9999.0 -9999.0 -9999.0 -9999.0 -9999.0 -9999.0 -9999.0 -9999.0 -9999.0 -9999.0 -9999.0 -9999.0 -9999.0 -9999.0
-9999.0 -9999.0 -9999.0 -9999.0 -9999.0 -9999.0 -9999.0 -9999.0 -9999.0 -9999.0 -9999.0 -9999.0 -9999.0 -9999.0 1055.822352 1065.569384 1068.242618 1059.526254 1025.892443 996.042582 983.628138 990.846498 990.588022 1013.306362 1032.737813 1018.406362 989.050557 957.694783 900.000000 900.000000 900.000000 900.000000 900.000000 877.298438 862.385697 864.472172 884.917394 862.674269 846.319463 836.313188 836.484964 844.267132 829.299100 812.755956 819.239724 837.354553 835.060026 824.196363 810.456457 826.653999 891.281468 900.000000 900.000000 900.000000 900.000000 900.000000 900.000000 900.000000 900.000000 900.000000 980.298079 1023.858685 1041.886442 1004.046383 960.425205 900.000000 -9999.0 -9999.0 -9999.0 -9999.0 -9999.0 -9999.0 -9999.0 -9999.0 -9999.0 -9999.0 -9999.0 -9999.0 -9999.0 -9999.0
-9999.0 -9999.0 -9999.0 -9999.0 -9999.0 -9999.0 -9999.0 -9999.0 -9999.0 1100.000000 1100.000000 1100.000000 1099.684585 1083.992033 1085.644412 1078.436883 1070.467535 1044.024037 1012.919342 977.982498 900.000000 958.345838 957.254419 900.000000 900.000000 900.000000 900.000000 860.715121 816.149391 771.628785 797.243656 797.457747 775.809457 700.000000 681.078855 668.409012 689.949161 686.261271 657.436302 626.249170 623.032283 623.114158 590.245206 570.310544 561.405020 589.529059 618.184180 622.552534 590.987043 656.176240 700.000000 786.275850 789.974565 824.992874 868.243167 891.609728 895.637745 875.402931 891.436131 900.000000 965.552845 975.712472 992.633838 976.849378 954.922599 900.000000 870.640908 842.267239 842.072818 859.302744 -9999.0 -9999.0 -9999.0 -9999.0 -9999.0 -9999.0 -9999.0 -9999.0 -9999.0 -9999.0
-9999.0 -9999.0 -9999.0 -9999.0 -9999.0 -9999.0 1191.421351 1182.301491 1162.412017 1157.046922 1100.000000 1100.000000 1100.000000 1084.560918 1063.477430 1046.188930 1015.178523 982.162932 900.000000 895.645714 862.340401 864.832340 852.301888 814.564075 766.738836 700.000000 700.000000 656.941215 500.000000 479.772402 453.273614 439.374399 419.617995 325.000000 321.331853 267.390799 325.000000 325.000000 325.000000 290.717706 200.000000 200.000000 200.000000 200.000000 174.926363 184.536102 285.448414 312.475168 319.315775 325.000000 325.000000 428.595029 499.931782 578.495263 682.428681 700.000000 700.000000 700.000000 773.890628 830.723407 875.085715 887.296079 900.000000 900.000000 900.000000 895.152274 872.568394 861.507922 873.982015 894.505281 900.000000 900.000000 900.000000 900.000000 -9999.0 -9999.0 -9999.0 -9999.0 -9999.0 -9999.0
-9999.0 -9999.0 -9999.0 -9999.0 1241.117578 1228.452604 1240.026823 1215.813674 1183.671457 1100.000000 1100.000000 1080.586248 1053.068238 1022.679943 980.566707 900.000000 896.698023 858.642168 798.915380 700.000000 664.119932 628.291898 599.806770 500.000000 415.108649 325.000000 325.000000 325.000000 280.813764 110.000000 110.000000 110.000000 50.000000 107.531067 0.000000 0.000000 0.000000 0.000000 0.000000 0.000000 0.000000 0.000000 0.000000 0.000000 0.000000 0.000000 0.000000 0.000000 0.000000 0.000000 110.000000 110.000000 200.000000 287.014235 313.583663 325.000000 411.997152 444.765934 500.000000 618.776999 699.881787 700.000000 768.278376 798.775965 832.164229 833.691199 832.344538 852.767932 883.715134 900.000000 900.000000 900.000000 959.717008 900.000000 900.000000 881.662777 -9999.0 -9999.0 -9999.0 -9999.0
-9999.0 -9999.0 1299.794443 1250.319055 1194.038463 1185.107326 1183.065310 1177.324791 1100.000000 1098.388314 1020.147254 966.500357 900.000000 886.176437 821.847471 700.000000 641.223721 569.406352 475.592672 397.472587 325.000000 305.313917 200.000000 189.220584 110.000000 50.000000 0.000000 20.000000 0.000000 0.000000 0.000000 0.000000 0.000000 0.000000 0.000000 0.000000 0.000000 0.000000 0.000000 0.000000 0.000000 0.000000 0.000000 0.000000 0.000000 0.000000 0.000000 0.000000 0.000000 0.000000 0.000000 0.000000 0.000000 0.000000 20.000000 20.000000 110.000000 200.000000 269.771101 310.482189 325.000000 427.987118 500.000000 590.726563 664.242664 700.000000 759.407280 802.925102 849.347529 895.011910 900.000000 900.000000 900.000000 900.000000 900.000000 900.000000 892.837605 885.028351 -9999.0 -9999.0
-9999.0 1400.656067 1300.000000 1200.464785 1100.000000 1075.077762 1035.505548 1006.550928 979.946758 960.943783 848.980165 700.000000 629.376925 582.258965 495.429730 325.000000 200.000000 195.404338 110.000000 110.000000 0.000000 0.000000 0.000000 0.000000 0.000000 0.000000 0.000000 0.000000 0.000000 0.000000 0.000000 0.000000 0.000000 0.000000 0.000000 0.000000 0.000000 0.000000 0.000000 0.000000 0.000000 0.000000 0.000000 20.000000 20.000000 0.000000 0.000000 0.000000 0.000000 0.000000 0.000000 0.000000 0.000000 0.000000 0.000000 0.000000 0.000000 0.000000 50.000000 20.000000 175.047387 200.000000 295.763252 325.000000 417.392760 500.000000 609.122022 683.549056 755.711928 798.629588 831.670726 884.461030 900.000000 900.000000 900.000000 900.000000 900.000000 900.000000 -9999.0 -9999.0
-9999.0 1477.383881 1300.000000 1100.000000 995.887482 900.000000 806.576154 700.000000 680.927559 700.000000 500.000000 200.000000 188.166045 110.000000 50.000000 0.000000 0.000000 0.000000 0.000000 0.000000 0.000000 0.000000 0.000000 0.000000 0.000000 0.000000 0.000000 0.000000 0.000000 0.000000 0.000000 0.000000 0.000000 50.000000 110.000000 110.000000 110.000000 200.000000 270.069220 300.341878 313.732104 295.015563 304.568543 321.672861 325.000000 302.696611 268.798029 272.390572 263.077685 200.000000 190.837234 110.000000 50.000000 0.000000 0.000000 0.000000 0.000000 0.000000 0.000000 0.000000 0.000000 0.000000 50.000000 188.120566 260.935182 325.000000 392.625009 446.400142 500.000000 621.860170 685.489268 700.000000 815.037598 845.515217 885.996760 900.000000 -9999.0 -9999.0 -9999.0 -9999.0
-9999.0 1500.000000 1358.221684 1087.822145 817.858286 668.396661 421.015410 281.132194 50.000000 110.000000 0.000000 0.000000 0.000000 0.000000 0.000000 0.000000 0.000000 0.000000 0.000000 0.000000 0.000000 0.000000 0.000000 0.000000 0.000000 0.000000 0.000000 20.000000 110.000000 190.414715 200.000000 200.000000 276.806826 325.000000 389.811743 417.542989 492.093192 500.000000 500.000000 582.875220 610.600199 629.626742 607.824673 609.059101 608.660997 596.245916 564.088027 500.000000 471.531405 420.945311 325.000000 325.000000 300.941053 200.000000 200.000000 50.000000 20.000000 0.000000 0.000000 0.000000 0.000000 0.000000 0.000000 0.000000 50.000000 188.313833 200.000000 294.986267 325.000000 405.047443 448.377018 500.000000 637.417147 700.000000 797.535064 -9999.0 -9999.0 -9999.0 -9999.0 -9999.0
-9999.0 1700.000000 1450.205886 1100.000000 790.355301 414.904054 301.498656 0.000000 0.000000 0.000000 110.000000 20.000000 50.000000 0.000000 0.000000 20.000000 50.000000 50.000000 20.000000 50.000000 169.704788 188.758228 190.756307 200.000000 200.000000 200.000000 268.773045 290.593433 325.000000 325.000000 447.988393 491.374929 599.167815 683.537499 700.000000 785.311479 839.776061 843.979440 830.402025 848.450526 871.490252 890.377673 865.210969 849.873399 838.967455 847.902525 837.783000 801.828142 700.000000 700.000000 647.765647 573.719412 500.000000 424.762599 391.782653 325.000000 300.261116 200.000000 172.643638 0.000000 0.000000 0.000000 0.000000 0.000000 0.000000 0.000000 20.000000 110.000000 200.000000 291.967819 322.385335 325.000000 410.698234 -9999.0 -9999.0 -9999.0 -9999.0 -9999.0 -9999.0 -9999.0
-9999.0 1861.673033 1630.922234 1380.041236 1063.360144 802.867958 579.531260 418.416599 200.000000 325.000000 325.000000 325.000000 312.217261 291.152596 312.300420 325.000000 325.000000 325.000000 325.000000 325.000000 403.882130 416.552589 418.284146 430.434954 473.314702 500.000000 500.000000 557.630937 613.408294 681.296786 768.777104 839.476350 900.000000 900.000000 971.824547 1005.271105 1043.890747 1034.210800 1020.649883 1025.528299 1037.807405 1042.162744 1013.110083 994.945954 985.030402 997.557173 979.111770 900.000000 900.000000 869.018821 821.134535 766.287980 700.000000 675.614376 654.086876 613.516071 500.000000 455.302532 325.000000 274.001542 196.497645 50.000000 0.000000 0.000000 0.000000 0.000000 0.000000 0.000000 20.000000 200.000000 200.000000 -9999.0 -9999.0 -9999.0 -9999.0 -9999.0 -9999.0 -9999.0 -9999.0 -9999.0
-9999.0 -9999.0 1875.613799 1686.225838 1500.000000 1300.000000 1168.289160 1050.053745 967.102864 871.428594 779.202152 700.000000 656.209906 636.528471 658.532782 700.000000 700.000000 700.000000 700.000000 755.087838 779.925568 789.915552 800.022144 808.984851 824.026028 832.922610 839.708575 852.570964 877.088812 900.000000 978.106658 1030.542236 1085.196685 1100.000000 1100.000000 1155.433677 1158.736644 1161.165063 1154.823213 1100.000000 1100.000000 1100.000000 1100.000000 1094.958106 1085.596429 1078.318709 1065.857014 1042.371037 1009.521162 968.933720 900.000000 862.411541 824.681018 812.319681 820.472961 812.795785 787.763275 700.000000 638.428992 500.000000 396.007430 325.000000 200.000000 195.510278 110.000000 110.000000 0.000000 0.000000 0.000000 110.000000 -9999.0 -9999.0 -9999.0 -9999.0 -9999.0 -9999.0 -9999.0 -9999.0 -9999.0 -9999.0
-9999.0 -9999.0 -9999.0 -9999.0 1835.824193 1671.657730 1570.747059 1482.770410 1300.000000 1236.367146 1100.000000 1061.518510 1006.930189 983.011559 993.504513 997.910243 1005.646913 1009.572686 1018.249037 1023.239837 1028.441493 1036.429847 1048.387811 1056.305474 1057.325912 1054.181463 1056.763565 1070.320541 1086.945868 1100.000000 1100.000000 1171.992296 1208.688672 1237.791745 1250.899037 1257.541265 1257.512683 1263.397291 1254.196098 1247.682582 1232.882228 1217.631344 1193.876193 1165.696302 1100.000000 1100.000000 1100.000000 1100.000000 1078.876853 1026.674070 965.356301 900.000000 877.722132 874.793222 900.000000 900.000000 900.000000 891.140261 842.709723 768.985236 657.874825 555.331881 450.501312 394.586419 325.000000 311.548075 200.000000 110.000000 -9999.0 -9999.0 -9999.0 -9999.0 -9999.0 -9999.0 -9999.0 -9999.0 -9999.0 -9999.0 -9999.0 -9999.0
-9999.0 -9999.0 -9999.0 -9999.0 -9999.0 -9999.0 1883.994671 1780.848155 1694.069682 1559.342619 1436.254272 1300.000000 1264.214156 1237.427547 1217.882821 1194.861164 1198.691143 1215.627498 1232.534300 1215.781435 1205.525567 1210.728002 1238.603555 1240.047281 1236.515315 1227.785936 1229.416582 1235.745676 1260.558286 1251.887731 1252.956785 1275.941599 1300.000000 1300.000000 1300.000000 1300.000000 1300.000000 1300.000000 1300.000000 1300.000000 1282.319396 1269.034473 1246.835291 1213.935900 1182.196049 1167.919929 1166.919384 1160.800083 1100.000000 1050.511376 981.188675 900.000000 899.207266 892.754396 900.000000 962.293130 983.805124 977.704153 900.000000 891.814046 815.634004 763.698455 700.000000 699.965073 664.908279 500.000000 -9999.0 -9999.0 -9999.0 -9999.0 -9999.0 -9999.0 -9999.0 -9999.0 -9999.0 -9999.0 -9999.0 -9999.0 -9999.0 -9999.0
-9999.0 -9999.0 -9999.0 -9999.0 -9999.0 -9999.0 -9999.0 -9999.0 -9999.0 -9999.0 -9999.0 -9999.0 -9999.0 -9999.0 -9999.0 -9999.0 -9999.0 -9999.0 -9999.0 -9999.0 -9999.0 -9999.0 -9999.0 -9999.0 -9999.0 -9999.0 -9999.0 -9999.0 -9999.0 -9999.0 -9999.0 -9999.0 -9999.0 -9999.0 -9999.0 -9999.0 -9999.0 -9999.0 -9999.0 -9999.0 -9999.0 -9999.0 -9999.0 -9999.0 -9999.0 -9999.0 -9999.0 -9999.0 -9999.0 -9999.0 -9999.0 -9999.0 -9999.0 -9999.0 -9999.0 -9999.0 -9999.0 -9999.0 -9999.0 -9999.0 -9999.0 -9999.0 -9999.0 -9999.0 -9999.0 -9999.0 -9999.0 -9999.0 -9999.0 -9999.0 -9999.0 -9999.0 -9999.0 -9999.0 -9999.0 -9999.0 -9999.0 -9999.0 -9999.0 -9999.0
-9999.0 -9999.0 -9999.0 -9999.0 -9999.0 -9999.0 -9999.0 -9999.0 -9999.0 -9999.0 -9999.0 -9999.0 -9999.0 -9999.0 -9999.0 -9999.0 -9999.0 -9999.0 -9999.0 -9999.0 -9999.0 -9999.0 -9999.0 -9999.0 -9999.0 -9999.0 -9999.0 -9999.0 -9999.0 -9999.0 -9999.0 -9999.0 -9999.0 -9999.0 -9999.0 -9999.0 -9999.0 -9999.0 -9999.0 -9999.0 -9999.0 -9999.0 -9999.0 -9999.0 -9999.0 -9999.0 -9999.0 -9999.0 -9999.0 -9999.0 -9999.0 -9999.0 -9999.0 -9999.0 -9999.0 -9999.0 -9999.0 -9999.0 -9999.0 -9999.0 -9999.0 -9999.0 -9999.0 -9999.0 -9999.0 -9999.0 -9999.0 -9999.0 -9999.0 -9999.0 -9999.0 -9999.0 -9999.0 -9999.0 -9999.0 -9999.0 -9999.0 -9999.0 -9999.0 -9999.0