Borden_/Borden1m_014/output_maps/watertableN0029.asc
ncols         80
nrows         18
xllcorner     620200.000000
yllcorner     5168000.000000
cellsize      1.000000
NODATA_value  -9999.0
-9999.0 -9999.0 -9999.0 -9999.0 -9999.0 -9999.0 -9999.0 -9999.0 -9999.0 -9999.0 -9999.0 -9999.0 -9999.0 -9999.0 -9999.0 -9999.0 -9999.0 -9999.0 -9999.0 -9999.0 -9999.0 -9999.0 -9999.0 -9999.0 -9999.0 -9999.0 -9999.0 -9999.0 -9999.0 -9999.0 -9999.0 -9999.0 -9999.0 -9999.0 -9999.0 -9999.0 -9999.0 -9999.0 -9999.0 -9999.0 -9999.0 -9999.0 -9999.0 -9999.0 -9999.0 -9999.0 -9999.0 -9999.0 -9999.0 -9999.0 -9999.0 -9999.0 -9999.0 -9999.0 -9999.0 -9999.0 -9999.0 -9999.0 -9999.0 -9999.0 -9999.0 -9999.0 -9999.0 -9999.0 -9999.0 -9999.0 -9999.0 -9999.0 -9999.0 -9999.0 -9999.0 -9999.0 -9999.0 -9999.0 -9999.0 -9999.0 -9999.0 -9999.0 -9999.0 -9999.0
-9999.0 -9999.0 -9999.0 -9999.0 -9999.0 -9999.0 -9999.0 -9999.0 -9999.0 -9999.0 -9999.0 -9999.0 -9999.0 -9999.0 -9999.0 -9999.0 -9999.0 -9999.0 -9999.0 -9999.0 -9999.0 -9999.0 -9999.0 -9999.0 -9999.0 -9999.0 -9999.0 -9999.0 -9999.0 -9999.0 -9999.0 -9999.0 -9999.0 -9999.0 -9999.0 -9999.0 -9999.0 -9999.0 -9999.0 -9999.0 -9999.0 -9999.0 -9999.0 -9999.0 -9999.0 -9999.0 -9999.0 -9999.0 -9999.0 -9999.0 -9999.0 -9999.0 -9999.0 -9999.0 -9999.0 -9999.0 -9999.0 -9999.0 -9999.0 -9999.0 -9999.0 -9999.0 -9999.0 -9999.0 -9999.0 -9999.0 -9999.0 -9999.0 -9999.0 -9999.0 -9999.0 -9999.0 -9999.0 -9999.0 -9999.0 -9999.0 -9999.0 -9999.0 -9999.0 -9999.0
-9999.0 -9999.0 -9999.0 -9999.0 -9999.0 -9999.0 -9999.0 -9999.0 -9999.0 -9999.0 -9999.0 -9999.0 -9999.0 -9999.0 -9999.0 -9999.0 -9999.0 -9999.0 -9999.0 -9999.0 964.962802 961.967114 984.042622 1017.178705 1044.656445 1042.271368 1007.558384 966.730220 900.000000 900.000000 900.000000 900.000000 900.000000 900.000000 900.000000 900.000000 900.000000 900.000000 900.000000 900.000000 900.000000 900.000000 900.000000 900.000000 900.000000 900.000000 900.000000 889.149685 883.609175 889.535598 900.000000 900.000000 900.000000 957.595511 900.000000 900.000000 900.000000 896.430452 898.017747 900.000000 954.893104 -9999.0 -9999.0 -9999.0 -9999.0 -9999.0 -9999.0 -9999.0 -9999.0 -9999.0 -9999.0 -9999.0 -9999.0 -9999.0 -9999.0 -9999.0 -9999.0 -9999.0 -9999.0 -9999.0
-9999.0 -9999.0 -9999.0 -9999.0 -9999.0 -9999.0 -9999.0 -9999.0 -9999.0 -9999.0 -9999.0 -9999.0 -9999.0 -9999.0 1055.101539 1064.800833 1067.416983 1058.659377 1025.041087 995.198811 982.774563 989.951548 989.648175 1012.303870 1031.650539 1017.272163 987.811855 956.206887 900.000000 900.000000 900.000000 900.000000 900.000000 875.090694 859.797237 861.655968 882.072403 859.620686 842.747976 832.097720 831.800218 839.298790 824.035573 807.351506 813.973716 832.320041 830.426086 819.894048 806.438721 823.401138 888.866731 900.000000 900.000000 900.000000 900.000000 900.000000 900.000000 900.000000 900.000000 900.000000 979.662979 1023.253941 1041.318844 1003.606707 960.023780 900.000000 -9999.0 -9999.0 -9999.0 -9999.0 -9999.0 -9999.0 -9999.0 -9999.0 -9999.0 -9999.0 -9999.0 -9999.0 -9999.0 -9999.0
-9999.0 -9999.0 -9999.0 -9999.0 -9999.0 -9999.0 -9999.0 -9999.0 -9999.0 1100.000000 1100.000000 1100.000000 1098.915495 1083.154545 1084.763000 1077.486995 1069.435387 1042.953845 1011.838635 976.813450 900.000000 956.840724 955.641710 900.000000 900.000000 900.000000 899.733424 857.695063 812.526270 767.738367 793.815867 794.284310 772.724318 700.000000 673.721002 659.858557 682.555030 678.447615 646.761112 612.243006 607.095761 606.409868 573.593691 500.000000 500.000000 573.643072 602.999631 608.588712 579.192605 646.239098 700.000000 783.315924 786.685676 821.679515 865.645072 889.643559 893.914106 873.723195 889.885402 900.000000 964.572810 974.919915 991.969154 976.278973 954.413460 900.000000 870.214474 841.897305 841.792264 859.119458 -9999.0 -9999.0 -9999.0 -9999.0 -9999.0 -9999.0 -9999.0 -9999.0 -9999.0 -9999.0
-9999.0 -9999.0 -9999.0 -9999.0 -9999.0 -9999.0 1191.091637 1181.917061 1161.934473 1156.462310 1100.000000 1100.000000 1100.000000 1083.452977 1062.276451 1044.848908 1013.672296 980.512385 900.000000 893.434690 859.495083 861.385833 848.513683 811.112082 763.527821 700.000000 697.009268 646.987391 500.000000 481.646626 459.165246 448.459406 434.637613 393.136370 325.000000 290.385653 325.000000 325.000000 325.000000 289.872073 200.000000 200.000000 200.000000 200.000000 175.477050 184.697697 283.236714 313.199298 322.715337 325.000000 383.803551 442.709957 500.000000 569.036753 674.624485 700.000000 700.000000 700.000000 770.351639 827.766774 872.997472 885.689743 900.000000 900.000000 900.000000 894.433787 872.035802 861.148691 873.784790 894.438696 900.000000 900.000000 900.000000 900.000000 -9999.0 -9999.0 -9999.0 -9999.0 -9999.0 -9999.0
-9999.0 -9999.0 -9999.0 -9999.0 1240.858101 1228.152750 1239.642531 1215.345024 1183.066006 1100.000000 1100.000000 1079.292034 1051.511236 1020.964471 978.684982 900.000000 893.312212 854.819562 795.219497 700.000000 654.618689 615.049191 585.605504 500.000000 427.855512 325.000000 325.000000 325.000000 282.018265 110.000000 110.000000 110.000000 50.000000 110.000000 0.000000 0.000000 0.000000 0.000000 0.000000 0.000000 0.000000 0.000000 0.000000 0.000000 0.000000 0.000000 0.000000 0.000000 50.000000 0.000000 20.000000 110.000000 200.000000 287.981595 317.274734 325.000000 426.848534 456.322455 500.000000 607.807404 694.112011 700.000000 765.233620 795.935556 830.110789 832.223158 831.386913 852.282330 883.559361 900.000000 900.000000 900.000000 959.915136 900.000000 900.000000 881.666686 -9999.0 -9999.0 -9999.0 -9999.0
-9999.0 -9999.0 1299.602696 1250.110642 1193.789785 1184.767466 1182.594648 1176.630768 1100.000000 1097.056609 1018.479931 964.089166 900.000000 882.271704 817.850478 700.000000 627.696628 557.611848 479.223543 408.093262 325.000000 306.781744 200.000000 190.842192 110.000000 50.000000 0.000000 0.000000 0.000000 0.000000 0.000000 0.000000 0.000000 0.000000 0.000000 0.000000 0.000000 0.000000 0.000000 0.000000 0.000000 0.000000 0.000000 0.000000 0.000000 0.000000 0.000000 0.000000 0.000000 0.000000 0.000000 0.000000 0.000000 0.000000 0.000000 50.000000 110.000000 200.000000 272.262004 315.358867 392.264051 443.836323 500.000000 581.427572 656.663878 700.000000 756.577179 801.812610 849.123932 895.156347 900.000000 900.000000 900.000000 900.000000 900.000000 900.000000 892.834686 885.003598 -9999.0 -9999.0
-9999.0 1400.524447 1300.000000 1200.254833 1100.000000 1074.531304 1034.822894 1005.282076 977.921300 958.381687 845.154112 700.000000 614.312927 568.683606 495.905462 385.512053 200.000000 195.968098 110.000000 110.000000 0.000000 0.000000 0.000000 0.000000 0.000000 0.000000 0.000000 0.000000 0.000000 0.000000 0.000000 0.000000 0.000000 0.000000 0.000000 0.000000 0.000000 0.000000 0.000000 20.000000 0.000000 0.000000 0.000000 20.000000 20.000000 0.000000 0.000000 0.000000 50.000000 0.000000 0.000000 0.000000 0.000000 0.000000 0.000000 0.000000 0.000000 0.000000 0.000000 20.000000 181.393230 200.000000 303.718536 325.000000 432.780550 500.000000 601.369897 679.539245 754.662083 798.432025 831.932035 884.838448 900.000000 900.000000 900.000000 900.000000 900.000000 900.000000 -9999.0 -9999.0
-9999.0 1477.213968 1300.000000 1100.000000 995.404196 900.000000 805.516638 700.000000 671.555103 694.349498 500.000000 200.000000 110.000000 110.000000 50.000000 0.000000 0.000000 0.000000 0.000000 0.000000 0.000000 0.000000 0.000000 0.000000 0.000000 0.000000 0.000000 0.000000 0.000000 0.000000 0.000000 0.000000 0.000000 50.000000 110.000000 110.000000 110.000000 200.000000 270.323732 300.063658 314.081489 294.480648 304.739083 323.618711 325.000000 302.688005 267.899116 273.188613 267.409219 200.000000 196.471320 110.000000 50.000000 20.000000 0.000000 0.000000 0.000000 0.000000 0.000000 0.000000 0.000000 0.000000 50.000000 195.574149 272.075115 325.000000 411.783857 468.224173 500.000000 618.650890 683.858432 700.000000 814.906196 845.488561 886.050783 900.000000 -9999.0 -9999.0 -9999.0 -9999.0
-9999.0 1500.000000 1358.002133 1087.417094 816.550854 663.633317 434.983448 287.903099 110.000000 110.000000 0.000000 0.000000 0.000000 0.000000 0.000000 0.000000 0.000000 0.000000 0.000000 0.000000 0.000000 0.000000 0.000000 0.000000 0.000000 0.000000 0.000000 20.000000 110.000000 196.779577 200.000000 200.000000 278.634006 325.000000 403.452565 431.904892 495.348855 500.000000 500.000000 571.135261 596.873259 615.868747 594.246535 595.375702 594.921643 583.087822 500.000000 500.000000 477.894871 436.199068 395.156976 325.000000 307.344500 261.264514 200.000000 50.000000 20.000000 50.000000 0.000000 0.000000 0.000000 0.000000 0.000000 0.000000 50.000000 199.974959 200.000000 325.000000 386.332354 433.525293 474.833393 500.000000 633.639985 700.000000 797.123185 -9999.0 -9999.0 -9999.0 -9999.0 -9999.0
-9999.0 1700.000000 1450.001701 1100.000000 789.174780 426.540602 311.992574 0.000000 0.000000 0.000000 110.000000 20.000000 0.000000 0.000000 20.000000 20.000000 50.000000 50.000000 20.000000 50.000000 177.949417 196.779279 198.784263 200.000000 200.000000 255.716737 270.896173 293.312384 325.000000 392.680418 461.743426 495.653072 588.643091 675.882174 700.000000 782.586717 836.794624 840.779625 826.907503 844.734800 867.768560 886.694408 861.478086 846.101790 835.156349 844.097314 834.073153 798.158893 700.000000 698.987863 638.105412 564.097472 500.000000 439.538782 405.561151 325.000000 304.578005 200.000000 177.051916 0.000000 0.000000 0.000000 0.000000 0.000000 0.000000 0.000000 20.000000 192.591316 292.177548 325.000000 325.000000 384.404853 434.642752 -9999.0 -9999.0 -9999.0 -9999.0 -9999.0 -9999.0 -9999.0
-9999.0 1861.486443 1630.723421 1379.730715 1062.843766 801.369563 580.030924 432.544149 284.811800 325.000000 325.000000 325.000000 313.765066 292.106945 315.708911 325.000000 325.000000 325.000000 325.000000 392.545220 421.872379 435.618188 436.927789 446.364926 480.378067 500.000000 500.000000 500.000000 602.145162 674.041195 765.499861 836.762932 900.000000 900.000000 970.185692 1003.877600 1042.387411 1032.689960 1019.109202 1023.951564 1036.207903 1040.562682 1011.550132 993.378738 983.444136 995.980010 977.524293 900.000000 900.000000 866.813686 818.170517 762.026177 700.000000 668.091371 644.580962 601.494745 500.000000 465.194819 325.000000 280.375145 200.000000 110.000000 0.000000 0.000000 0.000000 0.000000 0.000000 0.000000 264.942502 294.632468 298.201088 -9999.0 -9999.0 -9999.0 -9999.0 -9999.0 -9999.0 -9999.0 -9999.0 -9999.0
-9999.0 -9999.0 1875.365022 1685.912823 1500.000000 1300.000000 1167.254457 1049.333470 965.692404 870.225261 776.766327 694.947142 645.625385 624.673899 648.288086 697.262023 700.000000 700.000000 700.000000 700.000000 778.383876 788.487009 798.462431 807.053269 821.530810 830.102185 836.701627 849.438036 874.153382 900.000000 976.603524 1029.192160 1083.824079 1100.000000 1100.000000 1154.485126 1157.812401 1160.236692 1153.875608 1100.000000 1100.000000 1100.000000 1100.000000 1093.965825 1084.601072 1077.323294 1064.865131 1041.395454 1008.546404 967.826116 900.000000 860.614475 822.475908 809.720739 817.513633 809.296100 783.866398 700.000000 628.748143 500.000000 408.053510 325.000000 261.717841 200.000000 189.173570 110.000000 0.000000 200.000000 325.000000 325.000000 -9999.0 -9999.0 -9999.0 -9999.0 -9999.0 -9999.0 -9999.0 -9999.0 -9999.0 -9999.0
-9999.0 -9999.0 -9999.0 -9999.0 1835.479488 1671.177863 1570.128378 1482.040015 1300.000000 1235.515196 1100.000000 1059.823202 1004.830333 980.618988 991.375662 996.248043 1004.296440 1008.343422 1017.095097 1022.167198 1027.409017 1035.334936 1047.175411 1054.974949 1055.887972 1052.684279 1055.236445 1068.793083 1085.499784 1100.000000 1100.000000 1171.093442 1207.866377 1236.999071 1250.147324 1256.824232 1256.817920 1262.706581 1253.517211 1247.010909 1232.228561 1216.993049 1193.245376 1165.052334 1100.000000 1100.000000 1100.000000 1100.000000 1078.111601 1025.917633 964.510602 900.000000 876.466538 873.377301 899.277340 900.000000 900.000000 888.878088 839.649055 764.923747 649.172849 500.000000 462.378824 412.100620 325.000000 325.000000 283.899134 271.491110 -9999.0 -9999.0 -9999.0 -9999.0 -9999.0 -9999.0 -9999.0 -9999.0 -9999.0 -9999.0 -9999.0 -9999.0
-9999.0 -9999.0 -9999.0 -9999.0 -9999.0 -9999.0 1883.420475 1780.272211 1693.318120 1558.517887 1435.399120 1300.000000 1262.915523 1236.137546 1216.699794 1193.813577 1197.742728 1214.704926 1231.595764 1214.930538 1204.715651 1209.876647 1237.622041 1239.003386 1235.436804 1226.702370 1228.327126 1234.666306 1259.490940 1250.931737 1252.096485 1275.131394 1300.000000 1300.000000 1300.000000 1300.000000 1300.000000 1300.000000 1300.000000 1300.000000 1281.744031 1268.468873 1246.293088 1213.426383 1181.692356 1167.401600 1166.383296 1160.228013 1100.000000 1049.858463 980.535901 900.000000 898.256937 891.698866 900.000000 961.178859 982.632878 976.358717 900.000000 889.490980 812.429460 759.474915 700.000000 695.106391 658.571031 500.000000 -9999.0 -9999.0 -9999.0 -9999.0 -9999.0 -9999.0 -9999.0 -9999.0 -9999.0 -9999.0 -9999.0 -9999.0 -9999.0 -9999.0
-9999.0 -9999.0 -9999.0 -9999.0 -9999.0 -9999.0 -9999.0 -9999.0 -9999.0 -9999.0 -9999.0 -9999.0 -9999.0 -9999.0 -9999.0 -9999.0 -9999.0 -9999.0 -9999.0 -9999.0 -9999.0 -9999.0 -9999.0 -9999.0 -9999.0 -9999.0 -9999.0 -9999.0 -9999.0 -9999.0 -9999.0 -9999.0 -9999.0 -9999.0 -9999.0 -9999.0 -9999.0 -9999.0 -9999.0 -9999.0 -9999.0 -9999.0 -9999.0 -9999.0 -9999.0 -9999.0 -9999.0 -9999.0 -9999.0 -9999.0 -9999.0 -9999.0 -9999.0 -9999.0 -9999.0 -9999.0 -9999.0 -9999.0 -9999.0 -9999.0 -9999.0 -9999.0 -9999.0 -9999.0 -9999.0 -9999.0 -9999.0 -9999.0 -9999.0 -9999.0 -9999.0 -9999.0 -9999.0 -9999.0 -9999.0 -9999.0 -9999.0 -9999.0 -9999.0 -9999.0
-9999.0 -9999.0 -9999.0 -9999.0 -9999.0 -9999.0 -9999.0 -9999.0 -9999.0 -9999.0 -9999.0 -9999.0 -9999.0 -9999.0 -9999.0 -9999.0 -9999.0 -9999.0 -9999.0 -9999.0 -9999.0 -9999.0 -9999.0 -9999.0 -9999.0 -9999.0 -9999.0 -9999.0 -9999.0 -9999.0 -9999.0 -9999.0 -9999.0 -9999.0 -9999.0 -9999.0 -9999.0 -9999.0 -9999.0 -9999.0 -9999.0 -9999.0 -9999.0 -9999.0 -9999.0 -9999.0 -9999.0 -9999.0 -9999.0 -9999.0 -9999.0 -9999.0 -9999.0 -9999.0 -9999.0 -9999.0 -9999.0 -9999.0 -9999.0 -9999.0 -9999.0 -9999.0 -9999.0 -9999.0 -9999.0 -9999.0 -9999.0 -9999.0 -9999.0 -9999.0 -9999.0 -9999.0 -9999.0 -9999.0 -9999.0 -9999.0 -9999.0 -9999.0 -9999.0 -9999.0