Borden_/Borden1m_014/output_maps/watertableN0020.asc
ncols         80
nrows         18
xllcorner     620200.000000
yllcorner     5168000.000000
cellsize      1.000000
NODATA_value  -9999.0
-9999.0 -9999.0 -9999.0 -9999.0 -9999.0 -9999.0 -9999.0 -9999.0 -9999.0 -9999.0 -9999.0 -9999.0 -9999.0 -9999.0 -9999.0 -9999.0 -9999.0 -9999.0 -9999.0 -9999.0 -9999.0 -9999.0 -9999.0 -9999.0 -9999.0 -9999.0 -9999.0 -9999.0 -9999.0 -9999.0 -9999.0 -9999.0 -9999.0 -9999.0 -9999.0 -9999.0 -9999.0 -9999.0 -9999.0 -9999.0 -9999.0 -9999.0 -9999.0 -9999.0 -9999.0 -9999.0 -9999.0 -9999.0 -9999.0 -9999.0 -9999.0 -9999.0 -9999.0 -9999.0 -9999.0 -9999.0 -9999.0 -9999.0 -9999.0 -9999.0 -9999.0 -9999.0 -9999.0 -9999.0 -9999.0 -9999.0 -9999.0 -9999.0 -9999.0 -9999.0 -9999.0 -9999.0 -9999.0 -9999.0 -9999.0 -9999.0 -9999.0 -9999.0 -9999.0 -9999.0
-9999.0 -9999.0 -9999.0 -9999.0 -9999.0 -9999.0 -9999.0 -9999.0 -9999.0 -9999.0 -9999.0 -9999.0 -9999.0 -9999.0 -9999.0 -9999.0 -9999.0 -9999.0 -9999.0 -9999.0 -9999.0 -9999.0 -9999.0 -9999.0 -9999.0 -9999.0 -9999.0 -9999.0 -9999.0 -9999.0 -9999.0 -9999.0 -9999.0 -9999.0 -9999.0 -9999.0 -9999.0 -9999.0 -9999.0 -9999.0 -9999.0 -9999.0 -9999.0 -9999.0 -9999.0 -9999.0 -9999.0 -9999.0 -9999.0 -9999.0 -9999.0 -9999.0 -9999.0 -9999.0 -9999.0 -9999.0 -9999.0 -9999.0 -9999.0 -9999.0 -9999.0 -9999.0 -9999.0 -9999.0 -9999.0 -9999.0 -9999.0 -9999.0 -9999.0 -9999.0 -9999.0 -9999.0 -9999.0 -9999.0 -9999.0 -9999.0 -9999.0 -9999.0 -9999.0 -9999.0
-9999.0 -9999.0 -9999.0 -9999.0 -9999.0 -9999.0 -9999.0 -9999.0 -9999.0 -9999.0 -9999.0 -9999.0 -9999.0 -9999.0 -9999.0 -9999.0 -9999.0 -9999.0 -9999.0 -9999.0 965.698013 962.731016 984.859004 1018.131827 1045.756306 1043.430345 1008.680022 967.913715 900.000000 900.000000 900.000000 900.000000 900.000000 900.000000 900.000000 900.000000 900.000000 900.000000 900.000000 900.000000 900.000000 900.000000 900.000000 900.000000 900.000000 900.000000 900.000000 892.407727 886.538269 891.939031 900.000000 900.000000 900.000000 958.538562 900.000000 900.000000 900.000000 897.188253 898.692688 900.000000 955.273256 -9999.0 -9999.0 -9999.0 -9999.0 -9999.0 -9999.0 -9999.0 -9999.0 -9999.0 -9999.0 -9999.0 -9999.0 -9999.0 -9999.0 -9999.0 -9999.0 -9999.0 -9999.0 -9999.0
-9999.0 -9999.0 -9999.0 -9999.0 -9999.0 -9999.0 -9999.0 -9999.0 -9999.0 -9999.0 -9999.0 -9999.0 -9999.0 -9999.0 1056.023612 1065.781816 1068.469162 1059.760900 1026.095812 996.176134 983.720884 990.957575 990.723716 1013.494304 1032.948610 1018.592902 989.209568 957.938360 900.000000 900.000000 900.000000 900.000000 900.000000 877.765390 863.029300 865.216420 885.581993 863.449706 847.355512 837.722980 838.222854 846.265566 831.627095 815.285960 821.759703 839.564368 836.790633 825.620657 811.743763 827.462048 891.626342 900.000000 900.000000 900.000000 900.000000 900.000000 900.000000 900.000000 900.000000 900.000000 980.135707 1023.773545 1041.810348 1003.899352 960.197398 900.000000 -9999.0 -9999.0 -9999.0 -9999.0 -9999.0 -9999.0 -9999.0 -9999.0 -9999.0 -9999.0 -9999.0 -9999.0 -9999.0 -9999.0
-9999.0 -9999.0 -9999.0 -9999.0 -9999.0 -9999.0 -9999.0 -9999.0 -9999.0 1100.000000 1100.000000 1100.000000 1099.866046 1084.222846 1085.892740 1078.713648 1070.774915 1044.335805 1013.169384 978.148993 900.000000 958.594370 957.560849 900.000000 900.000000 900.000000 900.000000 861.764702 817.877138 773.423791 798.782088 798.690588 776.345243 700.000000 683.500173 671.728944 692.260187 688.626661 661.324458 632.634756 630.897144 631.726635 601.574296 583.092234 574.326847 600.707536 625.892489 629.151807 598.850006 659.792719 700.000000 786.498766 791.054989 826.185083 868.838360 891.761230 895.701143 875.614411 891.647451 900.000000 965.386070 975.529532 992.473412 976.642135 954.673743 900.000000 870.516565 842.147940 841.924685 859.114223 -9999.0 -9999.0 -9999.0 -9999.0 -9999.0 -9999.0 -9999.0 -9999.0 -9999.0 -9999.0
-9999.0 -9999.0 -9999.0 -9999.0 -9999.0 -9999.0 1191.393050 1182.280452 1162.407941 1157.080801 1100.000000 1100.000000 1100.000000 1084.910769 1063.872179 1046.626347 1015.660156 982.628906 900.000000 896.209304 863.214916 866.077095 853.898373 816.023099 766.967757 700.000000 700.000000 661.231483 559.684675 480.307537 449.001246 431.742213 403.102783 325.000000 311.197852 200.000000 316.356175 325.000000 321.547860 286.005379 200.000000 200.000000 200.000000 200.000000 174.767661 184.124734 281.617898 304.856058 310.638117 317.285263 325.000000 412.389215 500.000000 587.016538 685.146110 700.000000 700.000000 700.000000 775.104963 831.585340 875.422918 887.398307 900.000000 900.000000 900.000000 895.058440 872.468270 861.367964 873.773256 894.212242 900.000000 900.000000 900.000000 900.000000 -9999.0 -9999.0 -9999.0 -9999.0 -9999.0 -9999.0
-9999.0 -9999.0 -9999.0 -9999.0 1241.079111 1228.417362 1240.013807 1215.814605 1183.688336 1100.000000 1100.000000 1080.988599 1053.627709 1023.316347 981.158378 900.000000 898.051347 860.446515 800.297237 700.000000 667.568359 634.602348 609.270357 500.000000 400.293031 325.000000 325.000000 319.199069 276.770164 110.000000 110.000000 110.000000 110.000000 20.000000 0.000000 0.000000 0.000000 0.000000 0.000000 0.000000 0.000000 0.000000 0.000000 0.000000 0.000000 0.000000 0.000000 0.000000 50.000000 0.000000 106.138263 110.000000 200.000000 281.841884 304.164148 325.000000 394.996827 434.005336 500.000000 624.691711 700.000000 700.000000 768.968991 799.544255 832.591165 833.930097 832.390588 852.657201 883.458425 900.000000 900.000000 900.000000 959.266761 900.000000 900.000000 881.443255 -9999.0 -9999.0 -9999.0 -9999.0
-9999.0 -9999.0 1299.722182 1250.258351 1193.946596 1184.998119 1182.957153 1177.267739 1100.000000 1098.727134 1020.698867 967.236578 900.000000 888.068636 823.677077 700.000000 647.978345 580.603912 472.981820 325.000000 325.000000 298.816365 200.000000 191.185499 110.000000 50.000000 50.000000 0.000000 0.000000 0.000000 0.000000 0.000000 0.000000 0.000000 0.000000 0.000000 0.000000 0.000000 0.000000 0.000000 0.000000 0.000000 0.000000 0.000000 0.000000 0.000000 0.000000 0.000000 0.000000 0.000000 0.000000 0.000000 0.000000 0.000000 20.000000 20.000000 110.000000 200.000000 264.141067 301.031152 325.000000 410.437475 500.000000 597.623546 667.184526 700.000000 760.035709 802.950938 849.153220 894.585964 900.000000 900.000000 900.000000 900.000000 900.000000 900.000000 892.645933 884.868680 -9999.0 -9999.0
-9999.0 1400.571922 1300.000000 1200.357107 1100.000000 1075.012336 1035.379141 1006.556349 980.286015 961.649395 850.844339 700.000000 637.519830 593.565725 496.871004 325.000000 200.000000 198.711149 178.559216 110.000000 50.000000 0.000000 0.000000 0.000000 0.000000 0.000000 0.000000 0.000000 0.000000 0.000000 0.000000 0.000000 0.000000 0.000000 0.000000 0.000000 0.000000 0.000000 50.000000 0.000000 0.000000 0.000000 50.000000 20.000000 20.000000 50.000000 0.000000 0.000000 50.000000 0.000000 0.000000 0.000000 0.000000 0.000000 0.000000 0.000000 0.000000 0.000000 0.000000 20.000000 168.744977 200.000000 285.747634 325.000000 400.385217 500.000000 614.211779 685.051914 755.939496 798.347757 831.179220 883.905716 900.000000 900.000000 900.000000 900.000000 900.000000 900.000000 -9999.0 -9999.0
-9999.0 1477.300614 1300.000000 1100.000000 995.675438 900.000000 805.567374 700.000000 684.591039 700.000000 560.282797 200.000000 188.392837 110.000000 50.000000 0.000000 0.000000 0.000000 0.000000 0.000000 0.000000 0.000000 0.000000 0.000000 0.000000 0.000000 0.000000 0.000000 0.000000 0.000000 0.000000 0.000000 0.000000 50.000000 110.000000 110.000000 110.000000 200.000000 268.483876 295.324259 306.474363 288.760890 298.059331 312.922376 316.283706 297.109774 266.131727 268.872234 257.323107 200.000000 184.105858 110.000000 50.000000 0.000000 0.000000 0.000000 0.000000 0.000000 0.000000 0.000000 0.000000 0.000000 50.000000 180.953523 200.000000 322.893267 325.000000 427.891975 500.000000 624.891610 685.762487 700.000000 814.598859 845.144219 885.633404 900.000000 -9999.0 -9999.0 -9999.0 -9999.0
-9999.0 1500.000000 1358.082512 1087.720524 817.794364 669.185603 403.988561 271.206608 50.000000 110.000000 0.000000 0.000000 0.000000 0.000000 0.000000 0.000000 0.000000 0.000000 0.000000 0.000000 0.000000 0.000000 0.000000 0.000000 0.000000 0.000000 0.000000 20.000000 110.000000 183.234622 200.000000 200.000000 271.158913 325.000000 325.000000 402.055296 493.666986 500.000000 500.000000 592.748719 618.305919 636.001022 615.390985 616.438803 616.154059 605.089661 574.402208 500.000000 466.790181 403.294836 325.000000 322.877587 291.490371 200.000000 194.026277 50.000000 20.000000 20.000000 0.000000 0.000000 0.000000 0.000000 0.000000 0.000000 20.000000 179.586105 200.000000 277.871396 325.000000 325.000000 426.050822 500.000000 639.384709 700.000000 797.209080 -9999.0 -9999.0 -9999.0 -9999.0 -9999.0
-9999.0 1700.000000 1450.091223 1100.000000 789.555589 400.103528 287.840278 0.000000 0.000000 0.000000 110.000000 20.000000 50.000000 0.000000 0.000000 20.000000 20.000000 20.000000 20.000000 50.000000 110.000000 174.298365 180.201777 197.281510 200.000000 200.000000 265.066189 284.353050 325.000000 325.000000 434.543619 488.973563 606.700505 686.228704 700.000000 785.763000 841.318340 845.836796 832.336057 850.218725 872.989280 891.690489 866.577412 851.229580 840.354921 849.458815 839.496895 803.424487 700.000000 700.000000 651.699404 582.006476 500.000000 407.707412 325.000000 325.000000 292.060532 200.000000 110.000000 0.000000 0.000000 0.000000 0.000000 0.000000 0.000000 0.000000 20.000000 50.000000 200.000000 270.547493 299.021443 325.000000 387.556651 -9999.0 -9999.0 -9999.0 -9999.0 -9999.0 -9999.0 -9999.0
-9999.0 1861.560923 1630.801185 1379.827672 1063.141756 802.536746 584.588568 402.393633 200.000000 325.000000 325.000000 324.499290 302.027516 283.513753 302.723857 325.000000 325.000000 325.000000 325.000000 325.000000 325.000000 395.308226 398.154578 414.661500 468.971809 500.000000 500.000000 567.077990 620.025524 683.743366 769.330016 840.450397 900.000000 900.000000 971.886456 1005.536950 1044.434953 1034.815167 1021.223576 1026.054246 1038.287805 1042.595570 1013.455569 995.236021 985.311132 997.880762 979.418061 900.000000 900.000000 869.487907 821.899234 767.648329 700.000000 678.146904 657.569831 619.843766 555.570720 445.376325 325.000000 265.712508 190.173376 50.000000 0.000000 0.000000 0.000000 0.000000 0.000000 0.000000 0.000000 184.484881 200.000000 -9999.0 -9999.0 -9999.0 -9999.0 -9999.0 -9999.0 -9999.0 -9999.0 -9999.0
-9999.0 -9999.0 1875.484974 1686.092718 1500.000000 1300.000000 1168.205429 1049.650985 966.575558 870.885695 778.233271 700.000000 659.722596 641.478474 661.974860 700.000000 700.000000 700.000000 700.000000 754.119112 778.697126 789.215030 799.839535 809.387690 825.090036 834.382795 841.348357 854.159470 878.204389 900.000000 978.212900 1030.832130 1085.502877 1100.000000 1100.000000 1155.499600 1158.863943 1161.324982 1154.989465 1153.883062 1100.000000 1100.000000 1100.000000 1095.119381 1085.765235 1078.496559 1066.034675 1042.523524 1009.597266 968.920924 900.000000 862.787114 825.192017 812.876714 821.142546 813.752490 788.974896 700.000000 642.660346 500.000000 325.000000 316.299057 200.000000 185.268343 110.000000 110.000000 0.000000 0.000000 0.000000 50.000000 -9999.0 -9999.0 -9999.0 -9999.0 -9999.0 -9999.0 -9999.0 -9999.0 -9999.0 -9999.0
-9999.0 -9999.0 -9999.0 -9999.0 1835.613318 1671.509500 1570.499039 1482.623002 1300.000000 1236.069151 1100.000000 1061.522614 1006.926754 983.051716 993.418123 997.643653 1005.307205 1009.238258 1017.962705 1022.989375 1028.270504 1036.403939 1048.515313 1056.581188 1057.749774 1054.703810 1057.320375 1070.837686 1087.330344 1100.000000 1100.000000 1172.021309 1208.769917 1237.898563 1251.004489 1257.654317 1257.638658 1263.529652 1254.328219 1247.806499 1232.985562 1217.705956 1193.913388 1165.704068 1100.000000 1100.000000 1100.000000 1100.000000 1078.918041 1026.697829 965.285475 900.000000 877.858793 874.955074 900.000000 900.000000 900.000000 891.425477 843.424405 770.009515 661.456897 563.254554 440.199849 325.000000 325.000000 300.684346 200.000000 110.000000 -9999.0 -9999.0 -9999.0 -9999.0 -9999.0 -9999.0 -9999.0 -9999.0 -9999.0 -9999.0 -9999.0 -9999.0
-9999.0 -9999.0 -9999.0 -9999.0 -9999.0 -9999.0 1883.807027 1780.511372 1693.854884 1558.968064 1436.011967 1300.000000 1264.198060 1237.389781 1217.741016 1194.576846 1198.395108 1215.411695 1232.390856 1215.609117 1205.362519 1210.658392 1238.673490 1240.206007 1236.741447 1228.045522 1229.689996 1236.007651 1260.787358 1252.057163 1253.083313 1276.036041 1300.000000 1300.000000 1300.000000 1300.000000 1300.000000 1300.000000 1300.000000 1300.000000 1282.392191 1269.105313 1246.892742 1213.957717 1182.176500 1167.877470 1166.861799 1160.726575 1100.000000 1050.524734 981.111903 900.000000 899.196546 892.760425 900.000000 962.120110 983.664442 977.539416 900.000000 892.111660 816.399950 764.825200 700.000000 700.000000 667.544108 500.000000 -9999.0 -9999.0 -9999.0 -9999.0 -9999.0 -9999.0 -9999.0 -9999.0 -9999.0 -9999.0 -9999.0 -9999.0 -9999.0 -9999.0
-9999.0 -9999.0 -9999.0 -9999.0 -9999.0 -9999.0 -9999.0 -9999.0 -9999.0 -9999.0 -9999.0 -9999.0 -9999.0 -9999.0 -9999.0 -9999.0 -9999.0 -9999.0 -9999.0 -9999.0 -9999.0 -9999.0 -9999.0 -9999.0 -9999.0 -9999.0 -9999.0 -9999.0 -9999.0 -9999.0 -9999.0 -9999.0 -9999.0 -9999.0 -9999.0 -9999.0 -9999.0 -9999.0 -9999.0 -9999.0 -9999.0 -9999.0 -9999.0 -9999.0 -9999.0 -9999.0 -9999.0 -9999.0 -9999.0 -9999.0 -9999.0 -9999.0 -9999.0 -9999.0 -9999.0 -9999.0 -9999.0 -9999.0 -9999.0 -9999.0 -9999.0 -9999.0 -9999.0 -9999.0 -9999.0 -9999.0 -9999.0 -9999.0 -9999.0 -9999.0 -9999.0 -9999.0 -9999.0 -9999.0 -9999.0 -9999.0 -9999.0 -9999.0 -9999.0 -9999.0
-9999.0 -9999.0 -9999.0 -9999.0 -9999.0 -9999.0 -9999.0 -9999.0 -9999.0 -9999.0 -9999.0 -9999.0 -9999.0 -9999.0 -9999.0 -9999.0 -9999.0 -9999.0 -9999.0 -9999.0 -9999.0 -9999.0 -9999.0 -9999.0 -9999.0 -9999.0 -9999.0 -9999.0 -9999.0 -9999.0 -9999.0 -9999.0 -9999.0 -9999.0 -9999.0 -9999.0 -9999.0 -9999.0 -9999.0 -9999.0 -9999.0 -9999.0 -9999.0 -9999.0 -9999.0 -9999.0 -9999.0 -9999.0 -9999.0 -9999.0 -9999.0 -9999.0 -9999.0 -9999.0 -9999.0 -9999.0 -9999.0 -9999.0 -9999.0 -9999.0 -9999.0 -9999.0 -9999.0 -9999.0 -9999.0 -9999.0 -9999.0 -9999.0 -9999.0 -9999.0 -9999.0 -9999.0 -9999.0 -9999.0 -9999.0 -9999.0 -9999.0 -9999.0 -9999.0 -9999.0