Borden_/Borden1m_014/output_maps/watertableN0035.asc
ncols         80
nrows         18
xllcorner     620200.000000
yllcorner     5168000.000000
cellsize      1.000000
NODATA_value  -9999.0
-9999.0 -9999.0 -9999.0 -9999.0 -9999.0 -9999.0 -9999.0 -9999.0 -9999.0 -9999.0 -9999.0 -9999.0 -9999.0 -9999.0 -9999.0 -9999.0 -9999.0 -9999.0 -9999.0 -9999.0 -9999.0 -9999.0 -9999.0 -9999.0 -9999.0 -9999.0 -9999.0 -9999.0 -9999.0 -9999.0 -9999.0 -9999.0 -9999.0 -9999.0 -9999.0 -9999.0 -9999.0 -9999.0 -9999.0 -9999.0 -9999.0 -9999.0 -9999.0 -9999.0 -9999.0 -9999.0 -9999.0 -9999.0 -9999.0 -9999.0 -9999.0 -9999.0 -9999.0 -9999.0 -9999.0 -9999.0 -9999.0 -9999.0 -9999.0 -9999.0 -9999.0 -9999.0 -9999.0 -9999.0 -9999.0 -9999.0 -9999.0 -9999.0 -9999.0 -9999.0 -9999.0 -9999.0 -9999.0 -9999.0 -9999.0 -9999.0 -9999.0 -9999.0 -9999.0 -9999.0
-9999.0 -9999.0 -9999.0 -9999.0 -9999.0 -9999.0 -9999.0 -9999.0 -9999.0 -9999.0 -9999.0 -9999.0 -9999.0 -9999.0 -9999.0 -9999.0 -9999.0 -9999.0 -9999.0 -9999.0 -9999.0 -9999.0 -9999.0 -9999.0 -9999.0 -9999.0 -9999.0 -9999.0 -9999.0 -9999.0 -9999.0 -9999.0 -9999.0 -9999.0 -9999.0 -9999.0 -9999.0 -9999.0 -9999.0 -9999.0 -9999.0 -9999.0 -9999.0 -9999.0 -9999.0 -9999.0 -9999.0 -9999.0 -9999.0 -9999.0 -9999.0 -9999.0 -9999.0 -9999.0 -9999.0 -9999.0 -9999.0 -9999.0 -9999.0 -9999.0 -9999.0 -9999.0 -9999.0 -9999.0 -9999.0 -9999.0 -9999.0 -9999.0 -9999.0 -9999.0 -9999.0 -9999.0 -9999.0 -9999.0 -9999.0 -9999.0 -9999.0 -9999.0 -9999.0 -9999.0
-9999.0 -9999.0 -9999.0 -9999.0 -9999.0 -9999.0 -9999.0 -9999.0 -9999.0 -9999.0 -9999.0 -9999.0 -9999.0 -9999.0 -9999.0 -9999.0 -9999.0 -9999.0 -9999.0 -9999.0 964.116791 961.102279 983.154513 1016.251647 1043.657357 1041.206560 1006.429634 965.493936 900.000000 900.000000 900.000000 900.000000 900.000000 900.000000 900.000000 900.000000 900.000000 900.000000 900.000000 900.000000 900.000000 900.000000 900.000000 900.000000 900.000000 900.000000 900.000000 886.576482 881.170073 887.329071 900.000000 900.000000 900.000000 956.248685 900.000000 900.000000 899.281184 895.417358 897.079681 900.000000 954.119201 -9999.0 -9999.0 -9999.0 -9999.0 -9999.0 -9999.0 -9999.0 -9999.0 -9999.0 -9999.0 -9999.0 -9999.0 -9999.0 -9999.0 -9999.0 -9999.0 -9999.0 -9999.0 -9999.0
-9999.0 -9999.0 -9999.0 -9999.0 -9999.0 -9999.0 -9999.0 -9999.0 -9999.0 -9999.0 -9999.0 -9999.0 -9999.0 -9999.0 1054.363033 1064.015503 1066.570035 1057.754681 1024.098883 994.204023 981.754903 988.890436 988.544550 1011.147009 1030.409728 1015.934001 986.329862 954.536761 900.000000 898.534590 900.000000 900.000000 900.000000 872.658244 857.039828 858.798985 879.109691 856.338822 838.997340 827.945589 827.369843 834.775882 819.434618 802.703361 809.470183 827.944032 826.140380 815.714883 802.459772 819.853447 886.168365 900.000000 900.000000 900.000000 900.000000 900.000000 900.000000 900.000000 900.000000 900.000000 978.775590 1022.439511 1040.573934 1002.944350 959.396464 900.000000 -9999.0 -9999.0 -9999.0 -9999.0 -9999.0 -9999.0 -9999.0 -9999.0 -9999.0 -9999.0 -9999.0 -9999.0 -9999.0 -9999.0
-9999.0 -9999.0 -9999.0 -9999.0 -9999.0 -9999.0 -9999.0 -9999.0 -9999.0 1100.000000 1100.000000 1100.000000 1098.135755 1082.311267 1083.873581 1076.524753 1068.382467 1041.829370 1010.625267 975.451940 900.000000 955.196433 953.907246 900.000000 900.000000 900.000000 897.106959 854.561416 809.061164 763.745106 790.267674 790.817098 768.929282 700.000000 666.700766 653.124521 675.282987 670.374295 637.294061 602.859819 596.843832 595.933352 565.702899 500.000000 500.000000 566.476678 594.084125 599.988906 573.558031 637.863327 700.000000 779.538606 783.092543 818.386786 862.790416 887.338135 891.856458 871.745583 888.116227 900.000000 963.287150 973.814580 991.011021 975.429980 953.646775 900.000000 869.488130 841.145829 841.128890 858.605476 -9999.0 -9999.0 -9999.0 -9999.0 -9999.0 -9999.0 -9999.0 -9999.0 -9999.0 -9999.0
-9999.0 -9999.0 -9999.0 -9999.0 -9999.0 -9999.0 1190.651257 1181.418238 1161.353502 1155.797721 1100.000000 1100.000000 1100.000000 1082.350695 1061.065476 1043.476197 1012.105617 978.771920 900.000000 891.010492 856.480447 858.059114 845.012178 807.597897 759.496557 700.000000 690.208097 638.713265 500.000000 483.231003 462.864442 453.361317 442.028140 398.736447 325.000000 317.760881 325.000000 325.000000 325.000000 287.970677 200.000000 200.000000 200.000000 200.000000 176.845577 185.709290 280.972318 311.473641 321.607162 325.000000 387.663749 449.298319 500.000000 565.600660 667.058855 700.000000 700.000000 700.000000 766.581624 824.673665 870.582125 883.727318 900.000000 900.000000 900.000000 893.401973 871.146926 860.406816 873.233944 894.058526 900.000000 900.000000 900.000000 900.000000 -9999.0 -9999.0 -9999.0 -9999.0 -9999.0 -9999.0
-9999.0 -9999.0 -9999.0 -9999.0 1240.510721 1227.747411 1239.145472 1214.738243 1182.319335 1100.000000 1100.000000 1077.981981 1049.982448 1019.260265 976.728120 900.000000 890.131316 851.353793 791.307018 700.000000 646.055817 606.527630 578.733626 500.000000 433.768514 383.531964 325.000000 325.000000 282.467920 110.000000 110.000000 110.000000 110.000000 50.000000 0.000000 0.000000 0.000000 0.000000 0.000000 0.000000 0.000000 0.000000 0.000000 0.000000 0.000000 0.000000 0.000000 0.000000 0.000000 50.000000 50.000000 110.000000 200.000000 287.896555 316.640218 325.000000 433.880300 462.627773 500.000000 601.660808 687.923747 700.000000 761.647417 792.830960 827.583667 830.186378 829.839504 851.250470 882.934456 900.000000 900.000000 900.000000 959.823371 900.000000 900.000000 881.495813 -9999.0 -9999.0 -9999.0 -9999.0
-9999.0 -9999.0 1299.350184 1249.821011 1193.415647 1184.266787 1181.920709 1175.712888 1100.000000 1095.622437 1016.690155 961.618323 900.000000 878.871499 813.937464 700.000000 618.346707 500.000000 481.468161 413.253377 325.000000 306.922782 200.000000 200.000000 110.000000 110.000000 0.000000 50.000000 0.000000 0.000000 0.000000 0.000000 0.000000 0.000000 0.000000 0.000000 0.000000 0.000000 0.000000 0.000000 0.000000 0.000000 0.000000 0.000000 0.000000 0.000000 0.000000 0.000000 0.000000 0.000000 0.000000 0.000000 0.000000 0.000000 0.000000 50.000000 110.000000 200.000000 273.105069 316.439393 397.590946 451.510123 500.000000 577.788761 649.816636 696.397433 700.000000 799.735021 848.103849 894.629393 900.000000 900.000000 900.000000 900.000000 900.000000 900.000000 892.696466 884.866937 -9999.0 -9999.0
-9999.0 1400.308811 1300.000000 1199.924270 1100.000000 1073.813025 1033.785953 1003.564057 975.554559 955.592867 841.366683 700.000000 605.673060 563.248875 496.505464 387.386508 200.000000 196.993859 110.000000 110.000000 0.000000 0.000000 0.000000 0.000000 0.000000 0.000000 0.000000 0.000000 0.000000 0.000000 0.000000 0.000000 0.000000 0.000000 0.000000 0.000000 0.000000 0.000000 50.000000 20.000000 0.000000 20.000000 0.000000 20.000000 20.000000 0.000000 0.000000 0.000000 0.000000 20.000000 0.000000 0.000000 0.000000 0.000000 0.000000 0.000000 0.000000 0.000000 0.000000 20.000000 184.582434 200.000000 307.675608 325.000000 440.252044 500.000000 597.544135 674.888906 700.000000 797.093726 831.121600 884.434391 900.000000 900.000000 900.000000 900.000000 900.000000 900.000000 -9999.0 -9999.0
-9999.0 1476.976019 1300.000000 1100.000000 994.637415 900.000000 803.288541 700.000000 662.878587 686.125998 500.000000 200.000000 110.000000 110.000000 50.000000 0.000000 0.000000 0.000000 0.000000 0.000000 0.000000 0.000000 0.000000 0.000000 0.000000 0.000000 0.000000 0.000000 0.000000 0.000000 0.000000 50.000000 0.000000 50.000000 110.000000 110.000000 193.909866 200.000000 272.353705 299.460627 312.687626 292.506139 302.665015 322.109483 325.000000 301.177667 267.198366 274.054704 269.087953 200.000000 199.489166 110.000000 50.000000 20.000000 0.000000 0.000000 0.000000 0.000000 0.000000 0.000000 0.000000 0.000000 50.000000 199.631469 277.783625 325.000000 421.830767 479.823412 500.000000 617.865981 681.347300 700.000000 813.870537 844.794616 885.665403 900.000000 -9999.0 -9999.0 -9999.0 -9999.0
-9999.0 1500.000000 1357.674085 1086.852240 814.698055 660.258603 441.510013 291.675719 110.000000 110.000000 0.000000 0.000000 0.000000 0.000000 0.000000 0.000000 0.000000 0.000000 0.000000 0.000000 0.000000 0.000000 0.000000 0.000000 0.000000 0.000000 0.000000 20.000000 110.000000 198.982030 200.000000 200.000000 278.883514 325.000000 409.833176 439.726647 499.619526 500.000000 500.000000 567.115310 590.051631 607.559073 587.387276 588.367958 587.946716 577.475574 500.000000 500.000000 481.989865 443.470183 400.612267 325.000000 310.018716 264.809492 200.000000 110.000000 107.506371 0.000000 0.000000 0.000000 0.000000 0.000000 0.000000 0.000000 50.000000 200.000000 262.533341 325.000000 401.676494 449.049253 489.505298 500.000000 631.905015 700.000000 795.822409 -9999.0 -9999.0 -9999.0 -9999.0 -9999.0
-9999.0 1700.000000 1449.677551 1100.000000 787.228112 431.448917 317.938093 0.000000 0.000000 0.000000 110.000000 20.000000 0.000000 0.000000 20.000000 50.000000 50.000000 50.000000 20.000000 110.000000 183.651605 200.000000 200.000000 200.000000 200.000000 258.028837 272.635390 294.714669 325.000000 397.929437 468.999314 498.736447 584.234605 668.535493 700.000000 779.320928 834.131584 838.064006 823.931617 841.590769 864.555675 883.448053 858.158804 842.684594 831.675208 840.733057 830.788006 794.613277 700.000000 692.851477 630.331256 560.519721 500.000000 446.334863 411.318031 325.000000 306.798715 257.218956 179.286419 0.000000 0.000000 0.000000 0.000000 0.000000 0.000000 0.000000 50.000000 200.000000 308.969769 325.000000 325.000000 399.432306 448.283105 -9999.0 -9999.0 -9999.0 -9999.0 -9999.0 -9999.0 -9999.0
-9999.0 1861.210190 1630.401689 1379.245456 1061.984886 799.130716 582.818368 440.190767 294.976357 325.000000 325.000000 325.000000 312.055341 290.223074 314.820305 325.000000 325.000000 325.000000 325.000000 399.488761 430.792229 445.427279 446.653295 455.033844 485.290384 500.000000 500.000000 500.000000 596.639324 667.091416 761.596012 833.963919 898.344150 900.000000 968.248095 1002.294127 1040.930913 1031.259320 1017.645704 1022.445319 1034.669183 1039.000625 1009.964182 991.760430 981.806561 994.350240 975.874668 900.000000 900.000000 864.317006 814.859239 757.589228 698.868510 660.428218 636.186718 594.481768 500.000000 470.532729 384.102028 283.275567 200.000000 110.000000 0.000000 0.000000 0.000000 0.000000 0.000000 0.000000 282.576566 316.355930 318.817308 -9999.0 -9999.0 -9999.0 -9999.0 -9999.0 -9999.0 -9999.0 -9999.0 -9999.0
-9999.0 -9999.0 1875.015921 1685.483335 1500.000000 1300.000000 1166.094729 1048.119481 963.824869 868.117054 772.925865 687.793450 637.386452 616.919136 639.818136 690.138089 700.000000 700.000000 700.000000 700.000000 775.458713 785.893440 796.021242 804.592348 818.940415 827.416873 833.975090 846.688486 871.470461 900.000000 974.823694 1027.703979 1082.423980 1100.000000 1100.000000 1100.000000 1156.851003 1159.297783 1100.000000 1100.000000 1100.000000 1100.000000 1100.000000 1092.975187 1083.601991 1076.316981 1063.841668 1040.335508 1007.391443 966.480247 900.000000 858.549644 819.807827 806.562010 814.108864 805.600395 779.824529 700.000000 621.564472 500.000000 413.148688 325.000000 266.171750 200.000000 196.627867 110.000000 20.000000 200.000000 407.908887 325.000000 -9999.0 -9999.0 -9999.0 -9999.0 -9999.0 -9999.0 -9999.0 -9999.0 -9999.0 -9999.0
-9999.0 -9999.0 -9999.0 -9999.0 1834.932114 1670.531041 1569.314025 1481.092496 1300.000000 1234.176944 1100.000000 1057.621939 1002.215609 977.821359 988.642907 993.806830 1002.144835 1006.351235 1015.260869 1020.503954 1025.892059 1033.878571 1045.720621 1053.499489 1054.390877 1051.182681 1053.740779 1067.315719 1084.077338 1100.000000 1100.000000 1170.065612 1206.933841 1236.138273 1249.350226 1256.080708 1256.112292 1262.016753 1252.838646 1246.333804 1231.551524 1216.309899 1192.551495 1164.348080 1100.000000 1100.000000 1100.000000 1100.000000 1077.265623 1025.010504 963.456654 900.000000 874.966308 871.692375 897.482115 900.000000 900.000000 886.319491 836.262419 760.336427 641.595685 500.000000 468.647278 420.019079 387.791154 325.000000 296.444782 286.286353 -9999.0 -9999.0 -9999.0 -9999.0 -9999.0 -9999.0 -9999.0 -9999.0 -9999.0 -9999.0 -9999.0 -9999.0
-9999.0 -9999.0 -9999.0 -9999.0 -9999.0 -9999.0 1882.680861 1779.430890 1692.339879 1557.370349 1434.140620 1300.000000 1261.293163 1234.451761 1215.022897 1192.198115 1196.226269 1213.279151 1230.242172 1213.664650 1203.518005 1208.714932 1236.452665 1237.832186 1234.269499 1225.546882 1227.184894 1233.548360 1258.402050 1249.930675 1251.182546 1274.277211 1300.000000 1300.000000 1300.000000 1300.000000 1300.000000 1300.000000 1300.000000 1300.000000 1281.166461 1267.891297 1245.718138 1212.850503 1181.104037 1166.794549 1165.747910 1159.550681 1100.000000 1049.101573 979.692224 900.000000 897.116421 890.436880 900.000000 959.762692 981.093700 974.590791 900.000000 886.756503 808.565335 754.593007 700.000000 688.522980 651.413920 500.000000 -9999.0 -9999.0 -9999.0 -9999.0 -9999.0 -9999.0 -9999.0 -9999.0 -9999.0 -9999.0 -9999.0 -9999.0 -9999.0 -9999.0
-9999.0 -9999.0 -9999.0 -9999.0 -9999.0 -9999.0 -9999.0 -9999.0 -9999.0 -9999.0 -9999.0 -9999.0 -9999.0 -9999.0 -9999.0 -9999.0 -9999.0 -9999.0 -9999.0 -9999.0 -9999.0 -9999.0 -9999.0 -9999.0 -9999.0 -9999.0 -9999.0 -9999.0 -9999.0 -9999.0 -9999.0 -9999.0 -9999.0 -9999.0 -9999.0 -9999.0 -9999.0 -9999.0 -9999.0 -9999.0 -9999.0 -9999.0 -9999.0 -9999.0 -9999.0 -9999.0 -9999.0 -9999.0 -9999.0 -9999.0 -9999.0 -9999.0 -9999.0 -9999.0 -9999.0 -9999.0 -9999.0 -9999.0 -9999.0 -9999.0 -9999.0 -9999.0 -9999.0 -9999.0 -9999.0 -9999.0 -9999.0 -9999.0 -9999.0 -9999.0 -9999.0 -9999.0 -9999.0 -9999.0 -9999.0 -9999.0 -9999.0 -9999.0 -9999.0 -9999.0
-9999.0 -9999.0 -9999.0 -9999.0 -9999.0 -9999.0 -9999.0 -9999.0 -9999.0 -9999.0 -9999.0 -9999.0 -9999.0 -9999.0 -9999.0 -9999.0 -9999.0 -9999.0 -9999.0 -9999.0 -9999.0 -9999.0 -9999.0 -9999.0 -9999.0 -9999.0 -9999.0 -9999.0 -9999.0 -9999.0 -9999.0 -9999.0 -9999.0 -9999.0 -9999.0 -9999.0 -9999.0 -9999.0 -9999.0 -9999.0 -9999.0 -9999.0 -9999.0 -9999.0 -9999.0 -9999.0 -9999.0 -9999.0 -9999.0 -9999.0 -9999.0 -9999.0 -9999.0 -9999.0 -9999.0 -9999.0 -9999.0 -9999.0 -9999.0 -9999.0 -9999.0 -9999.0 -9999.0 -9999.0 -9999.0 -9999.0 -9999.0 -9999.0 -9999.0 -9999.0 -9999.0 -9999.0 -9999.0 -9999.0 -9999.0 -9999.0 -9999.0 -9999.0 -9999.0 -9999.0