Borden_/Borden1m_014/output_maps/watertableN0037.asc
ncols         80
nrows         18
xllcorner     620200.000000
yllcorner     5168000.000000
cellsize      1.000000
NODATA_value  -9999.0
-9999.0 -9999.0 -9999.0 -9999.0 -9999.0 -9999.0 -9999.0 -9999.0 -9999.0 -9999.0 -9999.0 -9999.0 -9999.0 -9999.0 -9999.0 -9999.0 -9999.0 -9999.0 -9999.0 -9999.0 -9999.0 -9999.0 -9999.0 -9999.0 -9999.0 -9999.0 -9999.0 -9999.0 -9999.0 -9999.0 -9999.0 -9999.0 -9999.0 -9999.0 -9999.0 -9999.0 -9999.0 -9999.0 -9999.0 -9999.0 -9999.0 -9999.0 -9999.0 -9999.0 -9999.0 -9999.0 -9999.0 -9999.0 -9999.0 -9999.0 -9999.0 -9999.0 -9999.0 -9999.0 -9999.0 -9999.0 -9999.0 -9999.0 -9999.0 -9999.0 -9999.0 -9999.0 -9999.0 -9999.0 -9999.0 -9999.0 -9999.0 -9999.0 -9999.0 -9999.0 -9999.0 -9999.0 -9999.0 -9999.0 -9999.0 -9999.0 -9999.0 -9999.0 -9999.0 -9999.0
-9999.0 -9999.0 -9999.0 -9999.0 -9999.0 -9999.0 -9999.0 -9999.0 -9999.0 -9999.0 -9999.0 -9999.0 -9999.0 -9999.0 -9999.0 -9999.0 -9999.0 -9999.0 -9999.0 -9999.0 -9999.0 -9999.0 -9999.0 -9999.0 -9999.0 -9999.0 -9999.0 -9999.0 -9999.0 -9999.0 -9999.0 -9999.0 -9999.0 -9999.0 -9999.0 -9999.0 -9999.0 -9999.0 -9999.0 -9999.0 -9999.0 -9999.0 -9999.0 -9999.0 -9999.0 -9999.0 -9999.0 -9999.0 -9999.0 -9999.0 -9999.0 -9999.0 -9999.0 -9999.0 -9999.0 -9999.0 -9999.0 -9999.0 -9999.0 -9999.0 -9999.0 -9999.0 -9999.0 -9999.0 -9999.0 -9999.0 -9999.0 -9999.0 -9999.0 -9999.0 -9999.0 -9999.0 -9999.0 -9999.0 -9999.0 -9999.0 -9999.0 -9999.0 -9999.0 -9999.0
-9999.0 -9999.0 -9999.0 -9999.0 -9999.0 -9999.0 -9999.0 -9999.0 -9999.0 -9999.0 -9999.0 -9999.0 -9999.0 -9999.0 -9999.0 -9999.0 -9999.0 -9999.0 -9999.0 -9999.0 963.828840 960.807655 982.851384 1015.934940 1043.318224 1040.843162 1006.039924 965.069665 900.000000 900.000000 900.000000 900.000000 900.000000 900.000000 900.000000 900.000000 900.000000 900.000000 900.000000 900.000000 900.000000 900.000000 900.000000 900.000000 900.000000 900.000000 900.000000 885.739912 880.365018 886.591416 900.000000 900.000000 900.000000 955.790970 900.000000 900.000000 898.898852 895.054516 896.742382 900.000000 953.844353 -9999.0 -9999.0 -9999.0 -9999.0 -9999.0 -9999.0 -9999.0 -9999.0 -9999.0 -9999.0 -9999.0 -9999.0 -9999.0 -9999.0 -9999.0 -9999.0 -9999.0 -9999.0 -9999.0
-9999.0 -9999.0 -9999.0 -9999.0 -9999.0 -9999.0 -9999.0 -9999.0 -9999.0 -9999.0 -9999.0 -9999.0 -9999.0 -9999.0 1054.121317 1063.758821 1066.293023 1057.457079 1023.783738 993.868707 981.411730 988.534025 988.172915 1010.754194 1029.985978 1015.472229 985.820018 953.970190 900.000000 897.854831 900.000000 900.000000 899.859913 871.798180 856.060316 857.773970 878.068988 855.215436 837.761572 826.624324 825.985031 833.378722 818.018602 801.265758 808.076222 826.596634 824.806363 814.393012 801.184275 818.687931 885.267455 900.000000 900.000000 900.000000 900.000000 900.000000 900.000000 900.000000 900.000000 900.000000 978.461558 1022.147657 1040.306296 1002.700006 959.162285 900.000000 -9999.0 -9999.0 -9999.0 -9999.0 -9999.0 -9999.0 -9999.0 -9999.0 -9999.0 -9999.0 -9999.0 -9999.0 -9999.0 -9999.0
-9999.0 -9999.0 -9999.0 -9999.0 -9999.0 -9999.0 -9999.0 -9999.0 -9999.0 1100.000000 1100.000000 1100.000000 1097.886779 1082.040785 1083.586571 1076.213108 1068.040853 1041.461099 1010.221986 974.998716 900.000000 954.662026 953.342794 900.000000 900.000000 900.000000 896.211101 853.518903 807.911602 762.391150 789.064797 789.656582 767.619940 700.000000 664.496647 650.927530 672.881238 667.840941 634.736118 600.684246 594.515605 593.571720 564.100216 500.000000 500.000000 565.045239 592.136179 598.060698 572.392623 635.716948 700.000000 778.253800 781.884679 817.313938 861.844595 886.550673 891.144430 871.055150 887.505325 900.000000 962.840723 973.422970 990.666284 975.121723 900.000000 900.000000 869.190983 840.821159 840.832085 858.368573 -9999.0 -9999.0 -9999.0 -9999.0 -9999.0 -9999.0 -9999.0 -9999.0 -9999.0 -9999.0
-9999.0 -9999.0 -9999.0 -9999.0 -9999.0 -9999.0 1190.502230 1181.251745 1161.163670 1155.584178 1100.000000 1100.000000 1100.000000 1082.001580 1060.677077 1043.032652 1011.600817 978.211542 900.000000 890.206419 855.502178 857.025292 843.929437 806.430273 758.076909 700.000000 687.954782 636.463457 500.000000 483.618759 463.789258 454.919403 443.606771 400.250680 325.000000 319.260717 325.000000 325.000000 325.000000 287.529977 200.000000 200.000000 200.000000 200.000000 177.381017 186.103098 280.393144 310.502949 321.285623 325.000000 388.920031 450.887426 500.000000 564.998635 664.902388 700.000000 700.000000 700.000000 765.322146 823.660063 869.757144 883.039266 899.592683 900.000000 900.000000 893.014081 870.792900 860.093585 872.989525 893.879783 900.000000 900.000000 900.000000 900.000000 -9999.0 -9999.0 -9999.0 -9999.0 -9999.0 -9999.0
-9999.0 -9999.0 -9999.0 -9999.0 1240.390566 1227.607832 1238.977098 1214.535508 1182.076900 1100.000000 1100.000000 1077.577163 1049.513525 1018.727662 976.101348 900.000000 889.153414 850.296888 790.041663 700.000000 643.686862 604.641566 577.450670 500.000000 434.770478 383.458101 325.000000 325.000000 282.534638 110.000000 110.000000 110.000000 110.000000 50.000000 0.000000 0.000000 0.000000 0.000000 0.000000 0.000000 0.000000 0.000000 0.000000 0.000000 0.000000 0.000000 0.000000 0.000000 0.000000 50.000000 50.000000 110.000000 200.000000 288.606320 316.995795 325.000000 435.515521 464.182068 500.000000 600.368136 685.981798 700.000000 760.410957 791.783300 826.703611 829.438709 829.242303 850.829410 882.662448 900.000000 900.000000 900.000000 959.753565 900.000000 900.000000 881.416802 -9999.0 -9999.0 -9999.0 -9999.0
-9999.0 -9999.0 1299.263568 1249.720032 1193.286004 1184.095707 1181.693183 1175.411573 1100.000000 1095.177613 1016.134653 960.866339 900.000000 877.862960 812.689159 700.000000 616.162425 500.000000 482.348634 414.007899 325.000000 307.012457 200.000000 192.947348 110.000000 50.000000 0.000000 20.000000 0.000000 0.000000 0.000000 0.000000 0.000000 0.000000 0.000000 0.000000 0.000000 0.000000 0.000000 0.000000 0.000000 0.000000 0.000000 0.000000 0.000000 0.000000 0.000000 0.000000 0.000000 0.000000 0.000000 0.000000 0.000000 20.000000 0.000000 50.000000 110.000000 200.000000 274.246611 316.819575 398.715511 453.313870 500.000000 577.170174 647.935149 694.621138 700.000000 798.947773 847.673802 894.383640 900.000000 900.000000 900.000000 900.000000 900.000000 900.000000 892.632300 884.805190 -9999.0 -9999.0
-9999.0 1400.232115 1300.000000 1199.808652 1100.000000 1073.569880 1033.425295 1002.997267 974.818247 954.737260 840.213209 700.000000 603.952144 562.319368 496.705409 387.602634 200.000000 200.000000 110.000000 110.000000 0.000000 0.000000 0.000000 0.000000 0.000000 0.000000 0.000000 0.000000 0.000000 0.000000 0.000000 0.000000 0.000000 0.000000 0.000000 0.000000 0.000000 0.000000 0.000000 20.000000 0.000000 0.000000 0.000000 20.000000 20.000000 0.000000 0.000000 0.000000 0.000000 20.000000 0.000000 0.000000 0.000000 0.000000 0.000000 0.000000 0.000000 0.000000 0.000000 20.000000 185.627288 200.000000 308.723305 325.000000 441.980394 500.000000 596.868523 673.503866 700.000000 796.558978 830.749806 884.217612 900.000000 900.000000 900.000000 900.000000 900.000000 900.000000 -9999.0 -9999.0
-9999.0 1476.892974 1300.000000 1100.000000 994.369534 900.000000 802.482939 700.000000 660.628751 683.788444 500.000000 200.000000 110.000000 110.000000 50.000000 0.000000 0.000000 0.000000 0.000000 0.000000 0.000000 0.000000 0.000000 0.000000 0.000000 0.000000 0.000000 0.000000 0.000000 0.000000 0.000000 50.000000 0.000000 50.000000 110.000000 110.000000 200.000000 200.000000 272.580390 299.365645 311.867938 291.306620 302.124200 321.649463 325.000000 300.868904 267.164245 274.239103 270.018099 200.000000 200.000000 110.000000 50.000000 50.000000 0.000000 0.000000 0.000000 0.000000 0.000000 0.000000 0.000000 50.000000 50.000000 200.000000 279.129433 325.000000 424.341118 482.710962 559.303421 618.054474 680.626708 700.000000 813.444006 844.473042 885.469099 900.000000 -9999.0 -9999.0 -9999.0 -9999.0
-9999.0 1500.000000 1357.559994 1086.654049 814.047617 659.616193 443.046189 292.815059 110.000000 110.000000 0.000000 0.000000 0.000000 0.000000 0.000000 0.000000 0.000000 0.000000 0.000000 0.000000 0.000000 0.000000 0.000000 0.000000 0.000000 0.000000 0.000000 20.000000 110.000000 200.000000 200.000000 200.000000 279.387245 325.000000 411.526594 442.067116 500.000000 500.000000 500.000000 566.518009 588.697895 605.779048 586.040935 586.985007 586.572857 576.467104 500.000000 500.000000 483.100895 445.191518 401.821313 325.000000 310.709414 266.267644 200.000000 110.000000 50.000000 0.000000 0.000000 0.000000 0.000000 0.000000 0.000000 0.000000 50.000000 200.000000 264.865118 325.000000 405.431083 452.968706 493.209867 500.000000 631.790095 700.000000 795.258374 -9999.0 -9999.0 -9999.0 -9999.0 -9999.0
-9999.0 1700.000000 1449.561010 1100.000000 786.519729 432.494647 319.529927 0.000000 0.000000 0.000000 110.000000 20.000000 0.000000 0.000000 20.000000 50.000000 50.000000 50.000000 20.000000 110.000000 185.397068 200.000000 200.000000 200.000000 200.000000 258.770664 273.215393 295.169253 325.000000 399.104007 470.764807 499.651520 583.503224 666.459651 700.000000 778.289911 833.384957 837.284930 823.038674 840.651494 863.597024 882.484021 857.159283 841.643133 830.605597 839.700836 829.762158 793.460213 700.000000 690.901896 628.351597 559.865174 500.000000 447.870355 412.548468 325.000000 306.603658 257.822123 180.352269 0.000000 0.000000 0.000000 0.000000 0.000000 0.000000 0.000000 50.000000 200.000000 312.713715 325.000000 325.000000 403.276630 451.801619 -9999.0 -9999.0 -9999.0 -9999.0 -9999.0 -9999.0 -9999.0
-9999.0 1861.111714 1630.286097 1379.074830 1061.668996 798.333910 583.737445 442.183565 298.348146 325.000000 325.000000 325.000000 312.558694 290.021179 314.521907 325.000000 325.000000 325.000000 325.000000 401.115190 432.908620 447.745758 448.928356 457.176636 486.621244 500.000000 500.000000 500.000000 595.574597 665.121548 760.294305 833.055507 897.535504 900.000000 967.624643 1001.792967 1040.494588 1030.829513 1017.197984 1021.981399 1034.193487 1038.515987 1009.467534 991.251685 981.289345 993.831270 975.343609 900.000000 900.000000 863.471111 813.753705 756.118124 696.841055 658.125780 633.935789 592.950137 500.000000 471.786173 385.000811 284.001506 200.000000 110.000000 50.000000 0.000000 0.000000 0.000000 0.000000 0.000000 286.505175 320.966411 323.371843 -9999.0 -9999.0 -9999.0 -9999.0 -9999.0 -9999.0 -9999.0 -9999.0 -9999.0
-9999.0 -9999.0 1874.893031 1685.333251 1500.000000 1300.000000 1165.720713 1047.703202 963.230665 867.391532 771.642826 685.741217 635.554483 615.291891 637.753592 687.907592 700.000000 700.000000 700.000000 700.000000 774.385763 784.930699 795.117505 803.713551 818.060814 826.530371 833.091540 845.816612 870.629049 900.000000 974.230420 1027.212003 1081.975792 1100.000000 1100.000000 1100.000000 1156.550781 1159.006386 1100.000000 1100.000000 1100.000000 1100.000000 1100.000000 1092.662393 1083.284246 1075.994044 1063.508779 1039.983309 1006.999785 966.022806 900.000000 857.830224 818.865259 805.464128 812.961466 804.386489 778.479240 700.000000 619.798161 500.000000 414.300636 325.000000 268.227340 200.000000 200.000000 171.946550 20.000000 200.000000 412.962416 325.000000 -9999.0 -9999.0 -9999.0 -9999.0 -9999.0 -9999.0 -9999.0 -9999.0 -9999.0 -9999.0
-9999.0 -9999.0 -9999.0 -9999.0 1834.738190 1670.308276 1569.043019 1480.777803 1300.000000 1233.728424 1100.000000 1056.925041 1001.421155 976.974878 987.778136 992.978781 1001.381396 1005.630619 1014.592563 1019.898666 1025.343962 1033.360751 1045.214664 1052.997223 1053.890194 1050.685923 1053.250440 1066.835928 1083.617079 1100.000000 1100.000000 1169.725657 1206.624698 1235.854806 1249.090088 1255.840559 1255.886430 1261.797315 1252.622561 1246.117684 1231.334337 1216.089979 1192.328323 1164.122140 1100.000000 1100.000000 1100.000000 1100.000000 1076.982990 1024.699345 963.093493 900.000000 874.433848 871.098379 896.864919 900.000000 900.000000 885.449695 835.135498 758.815328 639.542433 500.000000 470.244032 422.007051 390.218705 325.000000 299.855402 289.552358 -9999.0 -9999.0 -9999.0 -9999.0 -9999.0 -9999.0 -9999.0 -9999.0 -9999.0 -9999.0 -9999.0 -9999.0
-9999.0 -9999.0 -9999.0 -9999.0 -9999.0 -9999.0 1882.432941 1779.150385 1692.018591 1556.996106 1433.722928 1300.000000 1260.773243 1233.900796 1214.459232 1191.641038 1195.690101 1212.767202 1229.756237 1213.208230 1203.087798 1208.302456 1236.047825 1237.432951 1233.875509 1225.158995 1226.804005 1233.177865 1258.044088 1249.599555 1250.879336 1273.995451 1300.000000 1300.000000 1300.000000 1300.000000 1300.000000 1300.000000 1300.000000 1300.000000 1280.981369 1267.705398 1245.531274 1212.661558 1180.911373 1166.595506 1165.538248 1159.325900 1100.000000 1048.843300 979.399048 900.000000 896.711921 889.990104 900.000000 959.274693 980.559864 973.979308 900.000000 885.824276 807.249545 752.951031 700.000000 686.451351 649.596516 500.000000 -9999.0 -9999.0 -9999.0 -9999.0 -9999.0 -9999.0 -9999.0 -9999.0 -9999.0 -9999.0 -9999.0 -9999.0 -9999.0 -9999.0
-9999.0 -9999.0 -9999.0 -9999.0 -9999.0 -9999.0 -9999.0 -9999.0 -9999.0 -9999.0 -9999.0 -9999.0 -9999.0 -9999.0 -9999.0 -9999.0 -9999.0 -9999.0 -9999.0 -9999.0 -9999.0 -9999.0 -9999.0 -9999.0 -9999.0 -9999.0 -9999.0 -9999.0 -9999.0 -9999.0 -9999.0 -9999.0 -9999.0 -9999.0 -9999.0 -9999.0 -9999.0 -9999.0 -9999.0 -9999.0 -9999.0 -9999.0 -9999.0 -9999.0 -9999.0 -9999.0 -9999.0 -9999.0 -9999.0 -9999.0 -9999.0 -9999.0 -9999.0 -9999.0 -9999.0 -9999.0 -9999.0 -9999.0 -9999.0 -9999.0 -9999.0 -9999.0 -9999.0 -9999.0 -9999.0 -9999.0 -9999.0 -9999.0 -9999.0 -9999.0 -9999.0 -9999.0 -9999.0 -9999.0 -9999.0 -9999.0 -9999.0 -9999.0 -9999.0 -9999.0
-9999.0 -9999.0 -9999.0 -9999.0 -9999.0 -9999.0 -9999.0 -9999.0 -9999.0 -9999.0 -9999.0 -9999.0 -9999.0 -9999.0 -9999.0 -9999.0 -9999.0 -9999.0 -9999.0 -9999.0 -9999.0 -9999.0 -9999.0 -9999.0 -9999.0 -9999.0 -9999.0 -9999.0 -9999.0 -9999.0 -9999.0 -9999.0 -9999.0 -9999.0 -9999.0 -9999.0 -9999.0 -9999.0 -9999.0 -9999.0 -9999.0 -9999.0 -9999.0 -9999.0 -9999.0 -9999.0 -9999.0 -9999.0 -9999.0 -9999.0 -9999.0 -9999.0 -9999.0 -9999.0 -9999.0 -9999.0 -9999.0 -9999.0 -9999.0 -9999.0 -9999.0 -9999.0 -9999.0 -9999.0 -9999.0 -9999.0 -9999.0 -9999.0 -9999.0 -9999.0 -9999.0 -9999.0 -9999.0 -9999.0 -9999.0 -9999.0 -9999.0 -9999.0 -9999.0 -9999.0