Borden_/Borden1m_014/output_maps/watertableN0031.asc
ncols         80
nrows         18
xllcorner     620200.000000
yllcorner     5168000.000000
cellsize      1.000000
NODATA_value  -9999.0
-9999.0 -9999.0 -9999.0 -9999.0 -9999.0 -9999.0 -9999.0 -9999.0 -9999.0 -9999.0 -9999.0 -9999.0 -9999.0 -9999.0 -9999.0 -9999.0 -9999.0 -9999.0 -9999.0 -9999.0 -9999.0 -9999.0 -9999.0 -9999.0 -9999.0 -9999.0 -9999.0 -9999.0 -9999.0 -9999.0 -9999.0 -9999.0 -9999.0 -9999.0 -9999.0 -9999.0 -9999.0 -9999.0 -9999.0 -9999.0 -9999.0 -9999.0 -9999.0 -9999.0 -9999.0 -9999.0 -9999.0 -9999.0 -9999.0 -9999.0 -9999.0 -9999.0 -9999.0 -9999.0 -9999.0 -9999.0 -9999.0 -9999.0 -9999.0 -9999.0 -9999.0 -9999.0 -9999.0 -9999.0 -9999.0 -9999.0 -9999.0 -9999.0 -9999.0 -9999.0 -9999.0 -9999.0 -9999.0 -9999.0 -9999.0 -9999.0 -9999.0 -9999.0 -9999.0 -9999.0
-9999.0 -9999.0 -9999.0 -9999.0 -9999.0 -9999.0 -9999.0 -9999.0 -9999.0 -9999.0 -9999.0 -9999.0 -9999.0 -9999.0 -9999.0 -9999.0 -9999.0 -9999.0 -9999.0 -9999.0 -9999.0 -9999.0 -9999.0 -9999.0 -9999.0 -9999.0 -9999.0 -9999.0 -9999.0 -9999.0 -9999.0 -9999.0 -9999.0 -9999.0 -9999.0 -9999.0 -9999.0 -9999.0 -9999.0 -9999.0 -9999.0 -9999.0 -9999.0 -9999.0 -9999.0 -9999.0 -9999.0 -9999.0 -9999.0 -9999.0 -9999.0 -9999.0 -9999.0 -9999.0 -9999.0 -9999.0 -9999.0 -9999.0 -9999.0 -9999.0 -9999.0 -9999.0 -9999.0 -9999.0 -9999.0 -9999.0 -9999.0 -9999.0 -9999.0 -9999.0 -9999.0 -9999.0 -9999.0 -9999.0 -9999.0 -9999.0 -9999.0 -9999.0 -9999.0 -9999.0
-9999.0 -9999.0 -9999.0 -9999.0 -9999.0 -9999.0 -9999.0 -9999.0 -9999.0 -9999.0 -9999.0 -9999.0 -9999.0 -9999.0 -9999.0 -9999.0 -9999.0 -9999.0 -9999.0 -9999.0 964.686647 961.685322 983.754726 1016.879055 1044.332775 1041.928129 1007.197281 966.331332 900.000000 900.000000 900.000000 900.000000 900.000000 900.000000 900.000000 900.000000 900.000000 900.000000 900.000000 900.000000 900.000000 900.000000 900.000000 900.000000 900.000000 900.000000 900.000000 888.292482 882.805757 888.814660 900.000000 900.000000 900.000000 957.154679 900.000000 900.000000 900.000000 896.105152 897.717474 900.000000 954.645666 -9999.0 -9999.0 -9999.0 -9999.0 -9999.0 -9999.0 -9999.0 -9999.0 -9999.0 -9999.0 -9999.0 -9999.0 -9999.0 -9999.0 -9999.0 -9999.0 -9999.0 -9999.0 -9999.0
-9999.0 -9999.0 -9999.0 -9999.0 -9999.0 -9999.0 -9999.0 -9999.0 -9999.0 -9999.0 -9999.0 -9999.0 -9999.0 -9999.0 1054.853330 1064.536417 1067.131707 1058.355683 1024.728698 994.871925 982.440125 989.604158 989.288434 1011.930000 1031.252239 1016.846379 987.338436 955.664883 900.000000 899.873505 900.000000 900.000000 900.000000 874.309538 858.915143 860.748816 881.116957 858.546742 841.496744 830.683308 830.274573 837.729898 822.432523 805.734940 812.411505 830.806728 828.964734 818.492286 805.120402 822.249699 887.994131 900.000000 900.000000 900.000000 900.000000 900.000000 900.000000 900.000000 900.000000 900.000000 979.379802 1022.995983 1041.083272 1003.402085 959.831616 900.000000 -9999.0 -9999.0 -9999.0 -9999.0 -9999.0 -9999.0 -9999.0 -9999.0 -9999.0 -9999.0 -9999.0 -9999.0 -9999.0 -9999.0
-9999.0 -9999.0 -9999.0 -9999.0 -9999.0 -9999.0 -9999.0 -9999.0 -9999.0 1100.000000 1100.000000 1100.000000 1098.651911 1082.869069 1084.462016 1077.161450 1069.079382 1042.576303 1011.436459 976.363961 900.000000 956.292199 955.065278 900.000000 900.000000 900.000000 898.892574 856.665520 811.373917 766.429529 792.655813 793.163013 771.511108 700.000000 671.385571 657.683060 680.182986 675.723271 643.334636 608.563525 603.028646 602.239235 570.270744 500.000000 500.000000 570.629971 599.438190 605.229175 576.968737 643.261426 700.000000 782.124862 785.514754 820.581591 864.705857 888.896218 893.247615 873.083048 889.308478 900.000000 964.157839 974.568005 991.667649 976.013836 954.176919 900.000000 870.004522 841.689105 841.614415 858.986267 -9999.0 -9999.0 -9999.0 -9999.0 -9999.0 -9999.0 -9999.0 -9999.0 -9999.0 -9999.0
-9999.0 -9999.0 -9999.0 -9999.0 -9999.0 -9999.0 1190.950673 1181.755837 1161.743659 1156.241016 1100.000000 1100.000000 1100.000000 1083.077074 1061.865174 1044.384548 1013.143515 979.927925 900.000000 892.635550 858.491968 860.250041 847.316810 809.964775 762.264078 700.000000 694.816266 644.002791 500.000000 482.237401 460.443939 450.276677 437.391647 395.450428 325.000000 306.703466 325.000000 325.000000 325.000000 289.162543 200.000000 200.000000 200.000000 200.000000 175.765657 184.918082 282.477011 313.011868 323.121961 325.000000 385.846196 445.492481 500.000000 567.599777 672.026179 700.000000 700.000000 700.000000 769.107694 826.733537 872.209162 885.057837 900.000000 900.000000 900.000000 894.118265 871.774780 860.940949 873.638466 894.345619 900.000000 900.000000 900.000000 900.000000 -9999.0 -9999.0 -9999.0 -9999.0 -9999.0 -9999.0
-9999.0 -9999.0 -9999.0 -9999.0 1240.747969 1228.024100 1239.483185 1215.148778 1182.819619 1100.000000 1100.000000 1078.842618 1050.984532 1020.380324 978.021606 900.000000 892.216154 853.642988 793.951038 700.000000 651.608710 611.687772 582.708680 500.000000 430.420421 325.000000 325.000000 325.000000 282.210572 110.000000 110.000000 110.000000 50.000000 50.000000 0.000000 0.000000 0.000000 0.000000 0.000000 0.000000 0.000000 0.000000 0.000000 0.000000 0.000000 0.000000 0.000000 0.000000 50.000000 0.000000 20.000000 110.000000 200.000000 288.774455 317.567821 325.000000 429.825694 458.810483 500.000000 605.314372 692.029412 700.000000 764.071640 794.911808 829.298616 831.590715 830.923405 851.987912 883.393770 900.000000 900.000000 900.000000 959.913447 900.000000 900.000000 881.627286 -9999.0 -9999.0 -9999.0 -9999.0
-9999.0 -9999.0 1299.521651 1250.018961 1193.671510 1184.607921 1182.378158 1176.330150 1100.000000 1096.566328 1017.866899 963.242899 900.000000 881.076721 816.520819 700.000000 624.117067 500.000000 480.336370 410.889037 325.000000 306.898781 200.000000 200.000000 110.000000 110.000000 0.000000 20.000000 0.000000 0.000000 0.000000 0.000000 0.000000 0.000000 0.000000 0.000000 0.000000 0.000000 0.000000 0.000000 0.000000 0.000000 0.000000 0.000000 0.000000 0.000000 0.000000 0.000000 0.000000 0.000000 0.000000 0.000000 0.000000 20.000000 0.000000 110.000000 110.000000 200.000000 272.396712 315.872709 394.567926 446.951788 500.000000 579.805790 654.208196 700.000000 755.437100 801.191984 848.847395 895.032839 900.000000 900.000000 900.000000 900.000000 900.000000 900.000000 892.802314 884.969423 -9999.0 -9999.0
-9999.0 1400.457070 1300.000000 1200.150675 1100.000000 1074.299388 1034.494337 1004.719716 977.118059 957.421906 843.839888 700.000000 611.029253 566.349849 496.111678 386.446145 200.000000 200.000000 110.000000 110.000000 50.000000 0.000000 0.000000 0.000000 0.000000 0.000000 0.000000 0.000000 0.000000 0.000000 0.000000 0.000000 0.000000 0.000000 0.000000 0.000000 0.000000 0.000000 0.000000 20.000000 0.000000 0.000000 0.000000 20.000000 20.000000 0.000000 0.000000 0.000000 50.000000 0.000000 0.000000 0.000000 0.000000 0.000000 0.000000 0.000000 0.000000 0.000000 0.000000 20.000000 183.321297 200.000000 305.315024 325.000000 435.776555 500.000000 599.739091 677.958332 753.987194 798.058872 831.733700 884.763010 900.000000 900.000000 900.000000 900.000000 900.000000 900.000000 -9999.0 -9999.0
-9999.0 1477.138241 1300.000000 1100.000000 995.161007 900.000000 804.830126 700.000000 668.405391 691.422541 500.000000 200.000000 110.000000 110.000000 50.000000 0.000000 0.000000 0.000000 0.000000 0.000000 0.000000 0.000000 0.000000 0.000000 0.000000 0.000000 0.000000 0.000000 0.000000 0.000000 20.000000 0.000000 50.000000 50.000000 110.000000 110.000000 182.976351 200.000000 270.739818 299.710286 313.400348 293.453903 304.075922 323.199550 325.000000 302.235062 267.700047 274.045402 268.864030 200.000000 197.984645 110.000000 50.000000 50.000000 0.000000 0.000000 0.000000 0.000000 0.000000 0.000000 0.000000 0.000000 50.000000 197.130025 274.344805 325.000000 415.720500 472.766830 500.000000 618.118548 682.940820 700.000000 814.623402 845.316259 885.965772 900.000000 -9999.0 -9999.0 -9999.0 -9999.0
-9999.0 1500.000000 1357.897544 1087.237103 815.959438 662.244969 437.595353 289.285835 110.000000 110.000000 0.000000 0.000000 0.000000 0.000000 0.000000 0.000000 0.000000 0.000000 0.000000 0.000000 0.000000 0.000000 0.000000 0.000000 0.000000 0.000000 0.000000 20.000000 110.000000 197.885209 200.000000 200.000000 279.284811 325.000000 406.052966 434.995223 496.967435 500.000000 500.000000 569.284913 593.977630 612.466846 591.374363 592.453044 592.014526 580.679507 500.000000 500.000000 479.600937 439.269892 397.506131 325.000000 308.561907 263.478312 200.000000 50.000000 20.000000 0.000000 0.000000 0.000000 0.000000 0.000000 0.000000 0.000000 50.000000 200.000000 257.230044 325.000000 392.402031 439.552895 480.510589 500.000000 632.798690 700.000000 796.771883 -9999.0 -9999.0 -9999.0 -9999.0 -9999.0
-9999.0 1700.000000 1449.900675 1100.000000 788.560846 428.570267 314.241913 0.000000 0.000000 0.000000 110.000000 20.000000 0.000000 0.000000 20.000000 20.000000 50.000000 50.000000 20.000000 50.000000 180.117617 198.752091 200.000000 200.000000 200.000000 256.538284 271.518940 293.831440 325.000000 394.895841 464.641214 496.790137 586.745296 673.314323 700.000000 781.539042 835.906051 839.854234 825.885717 843.640025 866.642038 885.553673 860.321653 844.919024 833.957989 842.942617 832.964791 797.000870 700.000000 696.969304 635.239230 562.547106 500.000000 442.381361 407.993791 325.000000 305.164432 200.000000 177.788191 0.000000 0.000000 0.000000 0.000000 0.000000 0.000000 0.000000 20.000000 197.034589 299.335407 325.000000 325.000000 390.171660 439.865891 -9999.0 -9999.0 -9999.0 -9999.0 -9999.0 -9999.0 -9999.0
-9999.0 1861.399769 1630.623362 1379.577178 1062.579030 800.666721 580.945038 435.476369 288.259378 325.000000 325.000000 325.000000 313.794601 291.541858 315.542335 325.000000 325.000000 325.000000 325.000000 395.292340 425.435645 439.504734 440.779727 449.753966 482.202606 500.000000 500.000000 500.000000 599.825389 671.595815 764.224716 835.829966 900.000000 900.000000 969.551520 1003.363099 1041.903275 1032.209575 1018.615008 1023.439551 1035.682662 1040.029412 1011.011696 992.830248 982.890574 995.433668 976.976304 900.000000 900.000000 866.009860 817.088956 760.557530 700.000000 665.467527 641.541966 598.651521 500.000000 467.260469 381.653166 281.421309 200.000000 110.000000 50.000000 0.000000 0.000000 0.000000 0.000000 0.000000 272.577303 303.977365 306.818791 -9999.0 -9999.0 -9999.0 -9999.0 -9999.0 -9999.0 -9999.0 -9999.0 -9999.0
-9999.0 -9999.0 1875.254765 1685.776615 1500.000000 1300.000000 1166.868376 1048.947069 965.066165 869.544025 775.523106 692.481141 642.517875 621.584438 645.080121 694.866561 700.000000 700.000000 700.000000 700.000000 777.490456 787.702088 797.717439 806.278267 820.680873 829.204101 835.779286 848.496698 873.232618 900.000000 976.018979 1028.700944 1083.354529 1100.000000 1100.000000 1154.143750 1157.491437 1159.920912 1100.000000 1100.000000 1100.000000 1100.000000 1100.000000 1093.629377 1084.263232 1076.985193 1064.524764 1041.048555 1008.173939 967.390960 900.000000 859.948700 821.624023 808.705309 816.397593 808.058110 782.514762 700.000000 626.001959 500.000000 410.166670 325.000000 264.170204 200.000000 191.653111 110.000000 0.000000 200.000000 393.842872 325.000000 -9999.0 -9999.0 -9999.0 -9999.0 -9999.0 -9999.0 -9999.0 -9999.0 -9999.0 -9999.0
-9999.0 -9999.0 -9999.0 -9999.0 1835.309492 1670.972378 1569.864107 1481.732340 1300.000000 1235.081823 1100.000000 1059.089839 1003.949826 979.664277 990.462009 995.461724 1003.620059 1007.723198 1016.525817 1021.651591 1026.937805 1034.877376 1046.710132 1054.494766 1055.393898 1052.184821 1054.736161 1068.296439 1085.021244 1100.000000 1100.000000 1170.753954 1207.559622 1236.715079 1249.883431 1256.577039 1256.582200 1262.474822 1253.288680 1246.782567 1232.000688 1216.763671 1193.012331 1164.815048 1100.000000 1100.000000 1100.000000 1100.000000 1077.833338 1025.624287 964.169452 900.000000 875.985894 872.835462 898.691384 900.000000 900.000000 888.033266 838.521724 763.403927 646.434951 500.000000 464.898264 415.383062 383.096605 325.000000 289.430107 278.263781 -9999.0 -9999.0 -9999.0 -9999.0 -9999.0 -9999.0 -9999.0 -9999.0 -9999.0 -9999.0 -9999.0 -9999.0
-9999.0 -9999.0 -9999.0 -9999.0 -9999.0 -9999.0 1883.183150 1780.001951 1693.000696 1558.143668 1434.992507 1300.000000 1262.378601 1235.584767 1216.158514 1193.299639 1197.266612 1214.260011 1231.171922 1214.536253 1204.342448 1209.511371 1237.246674 1238.622794 1235.054514 1226.322481 1227.949976 1234.295784 1259.128326 1250.599730 1251.793966 1274.847779 1300.000000 1300.000000 1300.000000 1300.000000 1300.000000 1300.000000 1300.000000 1300.000000 1281.548395 1268.273833 1246.100293 1213.234826 1181.496491 1167.199421 1166.172454 1160.003868 1100.000000 1049.611570 980.263880 900.000000 897.890444 891.292767 900.000000 960.717902 982.134472 975.785408 900.000000 888.597941 811.176374 757.886666 700.000000 692.965176 656.065515 500.000000 -9999.0 -9999.0 -9999.0 -9999.0 -9999.0 -9999.0 -9999.0 -9999.0 -9999.0 -9999.0 -9999.0 -9999.0 -9999.0 -9999.0
-9999.0 -9999.0 -9999.0 -9999.0 -9999.0 -9999.0 -9999.0 -9999.0 -9999.0 -9999.0 -9999.0 -9999.0 -9999.0 -9999.0 -9999.0 -9999.0 -9999.0 -9999.0 -9999.0 -9999.0 -9999.0 -9999.0 -9999.0 -9999.0 -9999.0 -9999.0 -9999.0 -9999.0 -9999.0 -9999.0 -9999.0 -9999.0 -9999.0 -9999.0 -9999.0 -9999.0 -9999.0 -9999.0 -9999.0 -9999.0 -9999.0 -9999.0 -9999.0 -9999.0 -9999.0 -9999.0 -9999.0 -9999.0 -9999.0 -9999.0 -9999.0 -9999.0 -9999.0 -9999.0 -9999.0 -9999.0 -9999.0 -9999.0 -9999.0 -9999.0 -9999.0 -9999.0 -9999.0 -9999.0 -9999.0 -9999.0 -9999.0 -9999.0 -9999.0 -9999.0 -9999.0 -9999.0 -9999.0 -9999.0 -9999.0 -9999.0 -9999.0 -9999.0 -9999.0 -9999.0
-9999.0 -9999.0 -9999.0 -9999.0 -9999.0 -9999.0 -9999.0 -9999.0 -9999.0 -9999.0 -9999.0 -9999.0 -9999.0 -9999.0 -9999.0 -9999.0 -9999.0 -9999.0 -9999.0 -9999.0 -9999.0 -9999.0 -9999.0 -9999.0 -9999.0 -9999.0 -9999.0 -9999.0 -9999.0 -9999.0 -9999.0 -9999.0 -9999.0 -9999.0 -9999.0 -9999.0 -9999.0 -9999.0 -9999.0 -9999.0 -9999.0 -9999.0 -9999.0 -9999.0 -9999.0 -9999.0 -9999.0 -9999.0 -9999.0 -9999.0 -9999.0 -9999.0 -9999.0 -9999.0 -9999.0 -9999.0 -9999.0 -9999.0 -9999.0 -9999.0 -9999.0 -9999.0 -9999.0 -9999.0 -9999.0 -9999.0 -9999.0 -9999.0 -9999.0 -9999.0 -9999.0 -9999.0 -9999.0 -9999.0 -9999.0 -9999.0 -9999.0 -9999.0 -9999.0 -9999.0