Borden_/Borden1m_014/output_maps/watertableN0028.asc
ncols         80
nrows         18
xllcorner     620200.000000
yllcorner     5168000.000000
cellsize      1.000000
NODATA_value  -9999.0
-9999.0 -9999.0 -9999.0 -9999.0 -9999.0 -9999.0 -9999.0 -9999.0 -9999.0 -9999.0 -9999.0 -9999.0 -9999.0 -9999.0 -9999.0 -9999.0 -9999.0 -9999.0 -9999.0 -9999.0 -9999.0 -9999.0 -9999.0 -9999.0 -9999.0 -9999.0 -9999.0 -9999.0 -9999.0 -9999.0 -9999.0 -9999.0 -9999.0 -9999.0 -9999.0 -9999.0 -9999.0 -9999.0 -9999.0 -9999.0 -9999.0 -9999.0 -9999.0 -9999.0 -9999.0 -9999.0 -9999.0 -9999.0 -9999.0 -9999.0 -9999.0 -9999.0 -9999.0 -9999.0 -9999.0 -9999.0 -9999.0 -9999.0 -9999.0 -9999.0 -9999.0 -9999.0 -9999.0 -9999.0 -9999.0 -9999.0 -9999.0 -9999.0 -9999.0 -9999.0 -9999.0 -9999.0 -9999.0 -9999.0 -9999.0 -9999.0 -9999.0 -9999.0 -9999.0 -9999.0
-9999.0 -9999.0 -9999.0 -9999.0 -9999.0 -9999.0 -9999.0 -9999.0 -9999.0 -9999.0 -9999.0 -9999.0 -9999.0 -9999.0 -9999.0 -9999.0 -9999.0 -9999.0 -9999.0 -9999.0 -9999.0 -9999.0 -9999.0 -9999.0 -9999.0 -9999.0 -9999.0 -9999.0 -9999.0 -9999.0 -9999.0 -9999.0 -9999.0 -9999.0 -9999.0 -9999.0 -9999.0 -9999.0 -9999.0 -9999.0 -9999.0 -9999.0 -9999.0 -9999.0 -9999.0 -9999.0 -9999.0 -9999.0 -9999.0 -9999.0 -9999.0 -9999.0 -9999.0 -9999.0 -9999.0 -9999.0 -9999.0 -9999.0 -9999.0 -9999.0 -9999.0 -9999.0 -9999.0 -9999.0 -9999.0 -9999.0 -9999.0 -9999.0 -9999.0 -9999.0 -9999.0 -9999.0 -9999.0 -9999.0 -9999.0 -9999.0 -9999.0 -9999.0 -9999.0 -9999.0
-9999.0 -9999.0 -9999.0 -9999.0 -9999.0 -9999.0 -9999.0 -9999.0 -9999.0 -9999.0 -9999.0 -9999.0 -9999.0 -9999.0 -9999.0 -9999.0 -9999.0 -9999.0 -9999.0 -9999.0 965.096042 962.103559 984.182133 1017.325205 1044.816720 1042.441523 1007.735785 966.927328 900.000000 900.000000 900.000000 900.000000 900.000000 900.000000 900.000000 900.000000 900.000000 900.000000 900.000000 900.000000 900.000000 900.000000 900.000000 900.000000 900.000000 900.000000 900.000000 889.597752 884.028733 889.908659 900.000000 900.000000 900.000000 957.810291 900.000000 900.000000 900.000000 896.585824 898.160525 900.000000 955.009041 -9999.0 -9999.0 -9999.0 -9999.0 -9999.0 -9999.0 -9999.0 -9999.0 -9999.0 -9999.0 -9999.0 -9999.0 -9999.0 -9999.0 -9999.0 -9999.0 -9999.0 -9999.0 -9999.0
-9999.0 -9999.0 -9999.0 -9999.0 -9999.0 -9999.0 -9999.0 -9999.0 -9999.0 -9999.0 -9999.0 -9999.0 -9999.0 -9999.0 1055.223106 1064.930377 1067.556565 1058.807337 1025.191422 995.354907 982.935094 990.119078 989.822604 1012.486044 1031.845799 1017.480797 988.044650 956.476592 900.000000 900.000000 900.000000 900.000000 900.000000 875.476144 860.245639 862.135381 882.569883 860.162267 843.376687 832.818266 832.584278 840.112156 824.872770 808.198953 814.796183 833.121390 831.199904 820.640329 807.145439 824.008979 889.320236 900.000000 900.000000 900.000000 900.000000 900.000000 900.000000 900.000000 900.000000 900.000000 979.795129 1023.373002 1041.426693 1003.697171 960.107877 900.000000 -9999.0 -9999.0 -9999.0 -9999.0 -9999.0 -9999.0 -9999.0 -9999.0 -9999.0 -9999.0 -9999.0 -9999.0 -9999.0 -9999.0
-9999.0 -9999.0 -9999.0 -9999.0 -9999.0 -9999.0 -9999.0 -9999.0 -9999.0 1100.000000 1100.000000 1100.000000 1099.044458 1083.294309 1084.910426 1077.646458 1069.609659 1043.137635 1012.032064 977.029499 900.000000 957.110008 955.926705 900.000000 900.000000 900.000000 900.000000 858.213386 813.112003 768.389394 794.374760 794.793044 773.293774 700.000000 674.973115 661.191011 683.855511 679.841575 648.559504 614.316814 609.404943 608.795891 575.611440 556.893947 500.000000 575.526304 605.125630 610.625544 580.678391 647.961481 700.000000 783.920932 787.272807 822.235121 866.107506 890.010373 894.239294 874.034682 890.167793 900.000000 964.770580 975.083759 992.106507 976.397930 954.517686 900.000000 870.299575 841.977946 841.857276 859.163775 -9999.0 -9999.0 -9999.0 -9999.0 -9999.0 -9999.0 -9999.0 -9999.0 -9999.0 -9999.0
-9999.0 -9999.0 -9999.0 -9999.0 -9999.0 -9999.0 1191.158653 1181.993676 1162.025557 1156.568376 1100.000000 1100.000000 1100.000000 1083.635935 1062.476774 1045.075631 1013.931955 980.801302 900.000000 893.827433 859.993714 861.959866 849.125605 811.693902 764.148145 700.000000 698.171008 648.592872 500.000000 481.291732 458.137677 446.667893 432.988704 391.527630 325.000000 284.211682 325.000000 325.000000 325.000000 290.238144 200.000000 200.000000 200.000000 200.000000 175.003359 184.446486 283.806124 313.615842 322.604526 325.000000 383.221743 441.209885 500.000000 570.002194 675.956760 700.000000 700.000000 700.000000 770.975571 828.290502 873.384914 885.992293 900.000000 900.000000 900.000000 894.570701 872.143004 861.227733 873.833527 894.461859 900.000000 900.000000 900.000000 900.000000 -9999.0 -9999.0 -9999.0 -9999.0 -9999.0 -9999.0
-9999.0 -9999.0 -9999.0 -9999.0 1240.910540 1228.213656 1239.718013 1215.436574 1183.180457 1100.000000 1100.000000 1079.504743 1051.765565 1021.247367 979.006732 900.000000 893.871107 855.439192 795.880173 700.000000 656.253070 616.983532 587.393480 500.000000 426.568308 325.000000 325.000000 325.000000 281.852901 110.000000 110.000000 110.000000 110.000000 20.000000 0.000000 0.000000 0.000000 0.000000 0.000000 0.000000 0.000000 0.000000 0.000000 0.000000 0.000000 0.000000 0.000000 0.000000 0.000000 0.000000 110.000000 110.000000 200.000000 287.970330 317.399134 325.000000 425.196770 454.929586 500.000000 609.316221 695.168073 700.000000 765.795046 796.435590 830.492404 832.508168 831.585444 852.396757 883.610797 900.000000 900.000000 900.000000 959.896522 900.000000 900.000000 881.672806 -9999.0 -9999.0 -9999.0 -9999.0
-9999.0 -9999.0 1299.641573 1250.154050 1193.845072 1184.841841 1182.694395 1176.768129 1100.000000 1097.276984 1018.753355 964.494160 900.000000 882.875547 818.506540 700.000000 629.724259 558.899070 478.977311 407.056212 325.000000 306.852375 200.000000 191.100112 110.000000 50.000000 0.000000 0.000000 0.000000 0.000000 0.000000 0.000000 0.000000 0.000000 0.000000 0.000000 0.000000 0.000000 0.000000 0.000000 0.000000 0.000000 0.000000 0.000000 0.000000 0.000000 0.000000 0.000000 0.000000 0.000000 0.000000 0.000000 0.000000 0.000000 50.000000 50.000000 110.000000 200.000000 272.546730 315.149526 390.978061 442.046989 500.000000 582.461538 657.927511 700.000000 757.106856 802.072679 849.216559 895.175483 900.000000 900.000000 900.000000 900.000000 900.000000 900.000000 892.840615 885.013088 -9999.0 -9999.0
-9999.0 1400.555569 1300.000000 1200.303278 1100.000000 1074.640643 1034.969177 1005.533145 978.282084 958.802326 845.742474 700.000000 616.400703 570.187860 495.791114 384.900563 200.000000 196.212068 180.927206 110.000000 0.000000 0.000000 0.000000 0.000000 0.000000 0.000000 0.000000 0.000000 0.000000 0.000000 0.000000 0.000000 0.000000 0.000000 0.000000 0.000000 0.000000 0.000000 0.000000 0.000000 0.000000 0.000000 0.000000 20.000000 20.000000 0.000000 0.000000 0.000000 0.000000 20.000000 0.000000 0.000000 0.000000 0.000000 0.000000 0.000000 0.000000 0.000000 50.000000 20.000000 181.499552 200.000000 302.834196 325.000000 431.016662 500.000000 602.328898 680.294306 754.928830 798.559056 831.974221 884.829394 900.000000 900.000000 900.000000 900.000000 900.000000 900.000000 -9999.0 -9999.0
-9999.0 1477.249907 1300.000000 1100.000000 995.516603 900.000000 805.810032 700.000000 673.100939 695.664388 500.000000 200.000000 110.000000 110.000000 50.000000 0.000000 0.000000 0.000000 0.000000 0.000000 0.000000 0.000000 0.000000 0.000000 0.000000 0.000000 0.000000 0.000000 0.000000 0.000000 0.000000 0.000000 0.000000 50.000000 110.000000 110.000000 110.000000 200.000000 270.080670 300.267398 314.457585 295.215638 305.205649 323.788306 325.000000 302.904447 268.030870 273.338041 267.134403 200.000000 196.708910 110.000000 50.000000 20.000000 0.000000 0.000000 0.000000 0.000000 0.000000 0.000000 0.000000 0.000000 50.000000 195.249405 270.806790 325.000000 409.473948 465.557006 500.000000 619.005126 684.268847 700.000000 814.999700 845.537141 886.065759 900.000000 -9999.0 -9999.0 -9999.0 -9999.0
-9999.0 1500.000000 1358.051578 1087.502380 816.829464 664.411602 433.414957 287.078556 110.000000 110.000000 0.000000 0.000000 0.000000 0.000000 0.000000 0.000000 0.000000 0.000000 0.000000 0.000000 0.000000 0.000000 0.000000 0.000000 0.000000 0.000000 0.000000 20.000000 110.000000 195.939936 200.000000 200.000000 278.305720 325.000000 401.936222 430.179198 494.752433 500.000000 500.000000 572.352117 598.636069 617.882844 596.007857 597.143268 596.678579 584.610247 500.000000 500.000000 477.131801 434.643259 393.893628 325.000000 306.733134 260.576988 200.000000 50.000000 20.000000 0.000000 0.000000 0.000000 0.000000 0.000000 0.000000 0.000000 50.000000 198.712189 200.000000 321.575884 325.000000 430.006934 471.535519 500.000000 634.145914 700.000000 797.253600 -9999.0 -9999.0 -9999.0 -9999.0 -9999.0
-9999.0 1700.000000 1450.048519 1100.000000 789.477998 425.301629 310.709624 0.000000 0.000000 0.000000 110.000000 20.000000 0.000000 0.000000 20.000000 20.000000 50.000000 50.000000 20.000000 50.000000 176.984804 195.484621 198.282981 200.000000 200.000000 200.000000 270.596200 293.025364 325.000000 391.307885 460.067141 494.998701 589.812065 677.186092 700.000000 783.103327 837.266108 841.263817 827.437689 845.306927 868.360148 887.296876 862.085765 846.718095 835.779178 844.704189 834.663285 798.777174 700.000000 700.000000 639.676160 565.120740 500.000000 437.910783 404.134031 325.000000 304.242178 200.000000 177.059184 0.000000 0.000000 0.000000 0.000000 0.000000 0.000000 0.000000 20.000000 189.725392 287.303091 325.000000 325.000000 325.000000 431.650011 -9999.0 -9999.0 -9999.0 -9999.0 -9999.0 -9999.0 -9999.0
-9999.0 1861.527044 1630.769599 1379.802598 1062.964588 801.692033 579.604324 430.832278 282.976789 325.000000 325.000000 325.000000 313.981941 292.240413 315.624992 325.000000 325.000000 325.000000 325.000000 390.909856 419.786629 433.347538 434.746475 444.474891 479.383287 500.000000 500.000000 500.000000 603.545088 675.286226 766.116916 837.223352 900.000000 900.000000 970.496902 1004.132351 1042.635549 1032.936002 1019.360888 1024.212391 1036.476113 1040.835364 1011.823692 993.656927 983.725482 996.258659 977.806456 900.000000 900.000000 867.222192 818.713949 762.765918 700.000000 669.417969 646.177442 603.155591 500.000000 464.027127 325.000000 279.677313 200.000000 110.000000 0.000000 0.000000 0.000000 0.000000 0.000000 0.000000 259.583436 288.309513 292.685194 -9999.0 -9999.0 -9999.0 -9999.0 -9999.0 -9999.0 -9999.0 -9999.0 -9999.0
-9999.0 -9999.0 1875.417184 1685.977478 1500.000000 1300.000000 1167.438541 1049.493408 965.961565 870.474379 777.289490 696.128003 647.343998 626.396601 649.965347 698.408545 700.000000 700.000000 700.000000 700.000000 778.780954 788.835147 798.804448 807.421431 821.946733 830.549983 837.168723 849.920768 874.624045 900.000000 976.886783 1029.431621 1084.057334 1100.000000 1100.000000 1154.655975 1157.974605 1160.396931 1154.037707 1100.000000 1100.000000 1100.000000 1100.000000 1094.137037 1084.772970 1077.495495 1065.038661 1041.571514 1008.732761 968.042420 900.000000 860.940964 822.886738 810.210561 818.059533 809.914516 784.543273 700.000000 630.242319 500.000000 406.785161 325.000000 260.570900 200.000000 188.002237 110.000000 0.000000 198.196241 325.000000 325.000000 -9999.0 -9999.0 -9999.0 -9999.0 -9999.0 -9999.0 -9999.0 -9999.0 -9999.0 -9999.0
-9999.0 -9999.0 -9999.0 -9999.0 1835.557950 1671.274818 1570.253104 1482.180768 1300.000000 1235.689546 1100.000000 1060.140720 1005.236848 981.069362 991.798946 996.603485 1004.598712 1008.620820 1017.350660 1022.399979 1027.623718 1035.547248 1047.396050 1055.206172 1056.129056 1052.930794 1055.485814 1069.042337 1085.739772 1100.000000 1100.000000 1171.259198 1208.015914 1237.139014 1250.278596 1256.948174 1256.936799 1262.823923 1253.632833 1247.126209 1232.343029 1217.107672 1193.361587 1165.171212 1100.000000 1100.000000 1100.000000 1100.000000 1078.250765 1026.061556 964.676655 900.000000 876.698202 873.638233 899.561429 900.000000 900.000000 889.285007 840.193823 765.655955 650.590402 500.000000 460.905524 410.197506 325.000000 325.000000 279.864270 266.348117 -9999.0 -9999.0 -9999.0 -9999.0 -9999.0 -9999.0 -9999.0 -9999.0 -9999.0 -9999.0 -9999.0 -9999.0
-9999.0 -9999.0 -9999.0 -9999.0 -9999.0 -9999.0 1883.533625 1780.397489 1693.464041 1558.684502 1435.572181 1300.000000 1263.157571 1236.386784 1216.943141 1194.044564 1197.956694 1214.906338 1231.790433 1215.111024 1204.886913 1210.046544 1237.801125 1239.187110 1235.622849 1226.888276 1228.512917 1234.849738 1259.671297 1251.095896 1252.245577 1275.271585 1300.000000 1300.000000 1300.000000 1300.000000 1300.000000 1300.000000 1300.000000 1300.000000 1281.843022 1268.567183 1246.389502 1213.521097 1181.789043 1167.501620 1166.487457 1160.338773 1100.000000 1049.979547 980.666676 900.000000 898.433138 891.893679 900.000000 961.398096 982.866419 976.625659 900.000000 889.908340 813.018247 760.228293 700.000000 696.099961 659.787359 500.000000 -9999.0 -9999.0 -9999.0 -9999.0 -9999.0 -9999.0 -9999.0 -9999.0 -9999.0 -9999.0 -9999.0 -9999.0 -9999.0 -9999.0
-9999.0 -9999.0 -9999.0 -9999.0 -9999.0 -9999.0 -9999.0 -9999.0 -9999.0 -9999.0 -9999.0 -9999.0 -9999.0 -9999.0 -9999.0 -9999.0 -9999.0 -9999.0 -9999.0 -9999.0 -9999.0 -9999.0 -9999.0 -9999.0 -9999.0 -9999.0 -9999.0 -9999.0 -9999.0 -9999.0 -9999.0 -9999.0 -9999.0 -9999.0 -9999.0 -9999.0 -9999.0 -9999.0 -9999.0 -9999.0 -9999.0 -9999.0 -9999.0 -9999.0 -9999.0 -9999.0 -9999.0 -9999.0 -9999.0 -9999.0 -9999.0 -9999.0 -9999.0 -9999.0 -9999.0 -9999.0 -9999.0 -9999.0 -9999.0 -9999.0 -9999.0 -9999.0 -9999.0 -9999.0 -9999.0 -9999.0 -9999.0 -9999.0 -9999.0 -9999.0 -9999.0 -9999.0 -9999.0 -9999.0 -9999.0 -9999.0 -9999.0 -9999.0 -9999.0 -9999.0
-9999.0 -9999.0 -9999.0 -9999.0 -9999.0 -9999.0 -9999.0 -9999.0 -9999.0 -9999.0 -9999.0 -9999.0 -9999.0 -9999.0 -9999.0 -9999.0 -9999.0 -9999.0 -9999.0 -9999.0 -9999.0 -9999.0 -9999.0 -9999.0 -9999.0 -9999.0 -9999.0 -9999.0 -9999.0 -9999.0 -9999.0 -9999.0 -9999.0 -9999.0 -9999.0 -9999.0 -9999.0 -9999.0 -9999.0 -9999.0 -9999.0 -9999.0 -9999.0 -9999.0 -9999.0 -9999.0 -9999.0 -9999.0 -9999.0 -9999.0 -9999.0 -9999.0 -9999.0 -9999.0 -9999.0 -9999.0 -9999.0 -9999.0 -9999.0 -9999.0 -9999.0 -9999.0 -9999.0 -9999.0 -9999.0 -9999.0 -9999.0 -9999.0 -9999.0 -9999.0 -9999.0 -9999.0 -9999.0 -9999.0 -9999.0 -9999.0 -9999.0 -9999.0 -9999.0 -9999.0