Borden_/Borden1m_014/output_maps/watertableN0017.asc
ncols         80
nrows         18
xllcorner     620200.000000
yllcorner     5168000.000000
cellsize      1.000000
NODATA_value  -9999.0
-9999.0 -9999.0 -9999.0 -9999.0 -9999.0 -9999.0 -9999.0 -9999.0 -9999.0 -9999.0 -9999.0 -9999.0 -9999.0 -9999.0 -9999.0 -9999.0 -9999.0 -9999.0 -9999.0 -9999.0 -9999.0 -9999.0 -9999.0 -9999.0 -9999.0 -9999.0 -9999.0 -9999.0 -9999.0 -9999.0 -9999.0 -9999.0 -9999.0 -9999.0 -9999.0 -9999.0 -9999.0 -9999.0 -9999.0 -9999.0 -9999.0 -9999.0 -9999.0 -9999.0 -9999.0 -9999.0 -9999.0 -9999.0 -9999.0 -9999.0 -9999.0 -9999.0 -9999.0 -9999.0 -9999.0 -9999.0 -9999.0 -9999.0 -9999.0 -9999.0 -9999.0 -9999.0 -9999.0 -9999.0 -9999.0 -9999.0 -9999.0 -9999.0 -9999.0 -9999.0 -9999.0 -9999.0 -9999.0 -9999.0 -9999.0 -9999.0 -9999.0 -9999.0 -9999.0 -9999.0
-9999.0 -9999.0 -9999.0 -9999.0 -9999.0 -9999.0 -9999.0 -9999.0 -9999.0 -9999.0 -9999.0 -9999.0 -9999.0 -9999.0 -9999.0 -9999.0 -9999.0 -9999.0 -9999.0 -9999.0 -9999.0 -9999.0 -9999.0 -9999.0 -9999.0 -9999.0 -9999.0 -9999.0 -9999.0 -9999.0 -9999.0 -9999.0 -9999.0 -9999.0 -9999.0 -9999.0 -9999.0 -9999.0 -9999.0 -9999.0 -9999.0 -9999.0 -9999.0 -9999.0 -9999.0 -9999.0 -9999.0 -9999.0 -9999.0 -9999.0 -9999.0 -9999.0 -9999.0 -9999.0 -9999.0 -9999.0 -9999.0 -9999.0 -9999.0 -9999.0 -9999.0 -9999.0 -9999.0 -9999.0 -9999.0 -9999.0 -9999.0 -9999.0 -9999.0 -9999.0 -9999.0 -9999.0 -9999.0 -9999.0 -9999.0 -9999.0 -9999.0 -9999.0 -9999.0 -9999.0
-9999.0 -9999.0 -9999.0 -9999.0 -9999.0 -9999.0 -9999.0 -9999.0 -9999.0 -9999.0 -9999.0 -9999.0 -9999.0 -9999.0 -9999.0 -9999.0 -9999.0 -9999.0 -9999.0 -9999.0 965.214158 962.219468 984.285462 1017.437414 1044.883757 1042.466767 1007.767357 967.079101 900.000000 900.000000 900.000000 900.000000 900.000000 900.000000 900.000000 900.000000 900.000000 900.000000 900.000000 900.000000 900.000000 900.000000 900.000000 900.000000 900.000000 900.000000 900.000000 889.752309 883.809391 889.235654 900.000000 900.000000 900.000000 957.038600 900.000000 900.000000 900.000000 896.225301 897.868357 900.000000 954.608088 -9999.0 -9999.0 -9999.0 -9999.0 -9999.0 -9999.0 -9999.0 -9999.0 -9999.0 -9999.0 -9999.0 -9999.0 -9999.0 -9999.0 -9999.0 -9999.0 -9999.0 -9999.0 -9999.0
-9999.0 -9999.0 -9999.0 -9999.0 -9999.0 -9999.0 -9999.0 -9999.0 -9999.0 -9999.0 -9999.0 -9999.0 -9999.0 -9999.0 1055.753305 1065.447993 1068.046688 1059.237296 1025.494838 995.472478 982.963790 990.128992 989.820470 1012.392110 1031.517673 1016.977667 987.572578 956.430529 900.000000 900.000000 900.000000 900.000000 900.000000 874.572820 859.407083 861.318223 881.001504 858.977203 843.284132 834.273810 835.398438 843.830718 829.843474 813.937382 820.286917 837.296597 833.658094 822.059636 808.178916 823.524008 887.272025 900.000000 900.000000 900.000000 900.000000 900.000000 900.000000 900.000000 900.000000 900.000000 979.093699 1022.664455 1040.758150 1003.047513 959.452916 900.000000 -9999.0 -9999.0 -9999.0 -9999.0 -9999.0 -9999.0 -9999.0 -9999.0 -9999.0 -9999.0 -9999.0 -9999.0 -9999.0 -9999.0
-9999.0 -9999.0 -9999.0 -9999.0 -9999.0 -9999.0 -9999.0 -9999.0 -9999.0 1100.000000 1100.000000 1100.000000 1099.503579 1083.824493 1085.444178 1078.173818 1070.114280 1043.560045 1012.197160 976.865186 900.000000 956.962510 955.827136 900.000000 900.000000 900.000000 898.510481 858.574889 816.510117 773.590207 798.633357 797.315435 771.987786 700.000000 675.367702 665.071454 682.722990 678.628900 653.536096 628.606313 629.920093 632.060704 605.723221 589.849351 582.057242 604.119905 623.184094 624.283903 595.757457 651.414422 700.000000 780.140158 787.767849 822.687782 864.467979 887.362686 891.894222 872.808526 889.287743 900.000000 963.320439 973.703738 990.897287 975.312652 953.491918 900.000000 869.517918 841.318437 841.193318 858.415387 -9999.0 -9999.0 -9999.0 -9999.0 -9999.0 -9999.0 -9999.0 -9999.0 -9999.0 -9999.0
-9999.0 -9999.0 -9999.0 -9999.0 -9999.0 -9999.0 1191.029287 1181.893481 1162.000422 1156.663879 1100.000000 1100.000000 1100.000000 1084.261744 1063.114343 1045.668161 1014.570240 981.315976 900.000000 893.206435 859.956146 862.840357 851.058546 813.247460 759.976259 700.000000 694.209738 654.665024 566.037243 492.763791 453.813896 423.319324 325.000000 288.626181 200.000000 200.000000 200.000000 263.703380 200.000000 200.000000 200.000000 200.000000 200.000000 199.447934 110.000000 175.627685 200.000000 200.000000 200.000000 200.000000 277.300263 325.000000 500.000000 586.367089 675.243219 700.000000 700.000000 700.000000 771.934743 827.612020 870.772192 883.275273 900.000000 900.000000 900.000000 893.138734 870.884632 860.047769 872.609420 893.173182 900.000000 900.000000 900.000000 900.000000 -9999.0 -9999.0 -9999.0 -9999.0 -9999.0 -9999.0
-9999.0 -9999.0 -9999.0 -9999.0 1240.621766 1227.887554 1239.401415 1215.162882 1182.991353 1100.000000 1100.000000 1080.053051 1052.652721 1022.294460 979.894759 900.000000 895.892962 858.501726 797.828493 700.000000 660.430453 630.975772 610.695976 500.000000 325.000000 272.530492 200.000000 200.000000 200.000000 110.000000 110.000000 110.000000 50.000000 0.000000 0.000000 0.000000 0.000000 0.000000 0.000000 0.000000 0.000000 0.000000 0.000000 0.000000 0.000000 0.000000 0.000000 0.000000 0.000000 0.000000 0.000000 110.000000 190.107489 200.000000 200.000000 200.000000 318.355751 406.699918 500.000000 619.043706 689.633031 700.000000 764.213638 795.369981 828.473858 830.701712 829.764048 850.332293 881.364801 900.000000 900.000000 900.000000 958.353252 900.000000 900.000000 881.068976 -9999.0 -9999.0 -9999.0 -9999.0
-9999.0 -9999.0 1299.382190 1249.814690 1193.350337 1184.127197 1181.801842 1175.916354 1100.000000 1097.185205 1019.287935 965.535556 900.000000 886.556405 822.285721 700.000000 647.768849 587.319361 473.940964 313.959214 200.000000 200.000000 200.000000 190.467681 110.000000 0.000000 0.000000 0.000000 0.000000 0.000000 0.000000 0.000000 0.000000 0.000000 0.000000 0.000000 0.000000 0.000000 0.000000 0.000000 0.000000 0.000000 0.000000 0.000000 0.000000 0.000000 0.000000 0.000000 0.000000 0.000000 0.000000 0.000000 0.000000 0.000000 0.000000 0.000000 110.000000 171.430220 198.319234 200.000000 275.393598 325.000000 500.000000 593.141174 658.648122 700.000000 755.498938 798.901830 845.437844 891.087062 900.000000 900.000000 900.000000 900.000000 900.000000 900.000000 892.386516 884.704154 -9999.0 -9999.0
-9999.0 1400.312382 1300.000000 1199.759185 1100.000000 1073.216815 1032.869913 1003.705354 977.521428 958.714976 848.840126 700.000000 639.381780 600.565859 500.000000 313.486784 200.000000 200.000000 110.000000 50.000000 0.000000 0.000000 0.000000 0.000000 0.000000 0.000000 0.000000 0.000000 0.000000 0.000000 0.000000 0.000000 0.000000 0.000000 0.000000 0.000000 0.000000 0.000000 0.000000 0.000000 0.000000 0.000000 0.000000 0.000000 0.000000 0.000000 0.000000 0.000000 0.000000 0.000000 0.000000 0.000000 0.000000 0.000000 0.000000 0.000000 0.000000 0.000000 0.000000 0.000000 50.000000 110.000000 200.000000 200.000000 318.466362 500.000000 607.564677 676.691540 700.000000 792.411580 825.672974 879.295304 900.000000 900.000000 900.000000 900.000000 900.000000 900.000000 -9999.0 -9999.0
-9999.0 1476.948909 1300.000000 1100.000000 993.857829 900.000000 798.145323 700.000000 680.312802 700.000000 567.929119 200.000000 110.000000 110.000000 50.000000 0.000000 0.000000 0.000000 0.000000 0.000000 0.000000 0.000000 0.000000 0.000000 0.000000 0.000000 0.000000 0.000000 0.000000 0.000000 0.000000 0.000000 0.000000 0.000000 50.000000 110.000000 110.000000 177.475159 200.000000 200.000000 200.000000 200.000000 200.000000 200.000000 200.000000 200.000000 196.763370 200.000000 188.442281 110.000000 50.000000 0.000000 0.000000 0.000000 0.000000 0.000000 0.000000 0.000000 0.000000 0.000000 0.000000 0.000000 0.000000 50.000000 110.000000 200.000000 284.234375 325.000000 500.000000 614.202153 672.882622 700.000000 808.780367 841.832099 883.636947 900.000000 -9999.0 -9999.0 -9999.0 -9999.0
-9999.0 1500.000000 1357.413065 1086.313782 814.938194 660.164074 325.000000 180.849628 50.000000 50.000000 0.000000 0.000000 0.000000 0.000000 0.000000 0.000000 0.000000 0.000000 0.000000 0.000000 0.000000 0.000000 0.000000 0.000000 0.000000 0.000000 0.000000 0.000000 0.000000 50.000000 110.000000 170.162009 200.000000 263.751245 292.897331 325.000000 500.000000 500.000000 500.000000 591.982387 614.031905 629.799946 610.800603 611.681103 611.494547 601.957291 575.065053 500.000000 459.342016 321.978446 277.044597 200.000000 200.000000 110.000000 109.554697 0.000000 0.000000 0.000000 0.000000 0.000000 0.000000 0.000000 0.000000 0.000000 0.000000 50.000000 110.000000 181.240276 200.000000 278.846173 325.000000 500.000000 628.272995 700.000000 794.690588 -9999.0 -9999.0 -9999.0 -9999.0 -9999.0
-9999.0 1700.000000 1449.362051 1100.000000 783.697576 325.000000 188.831852 0.000000 0.000000 0.000000 20.000000 0.000000 0.000000 0.000000 0.000000 0.000000 0.000000 0.000000 0.000000 0.000000 20.000000 50.000000 0.000000 110.000000 167.774337 189.375203 199.597532 200.000000 200.000000 284.452291 397.969142 489.763394 604.376615 676.735552 700.000000 780.017331 838.478137 843.700253 830.060462 847.048609 869.051262 887.266766 862.427617 847.241682 836.526961 845.623856 835.933132 800.120287 700.000000 696.706926 643.155985 579.424669 500.000000 325.000000 286.816317 200.000000 200.000000 175.099142 50.000000 0.000000 0.000000 0.000000 0.000000 0.000000 0.000000 0.000000 0.000000 0.000000 50.000000 110.000000 110.000000 200.000000 281.128782 -9999.0 -9999.0 -9999.0 -9999.0 -9999.0 -9999.0 -9999.0
-9999.0 1861.069108 1630.142722 1378.476004 1060.335403 796.203316 584.955808 325.000000 200.000000 268.266773 200.000000 200.000000 200.000000 200.000000 200.000000 200.000000 266.042598 200.000000 200.000000 274.453388 293.337726 304.952562 311.806334 325.000000 469.350428 500.000000 500.000000 569.324153 615.486087 675.348738 764.271791 836.907337 900.000000 900.000000 968.474118 1003.020638 1042.471891 1033.218050 1019.654540 1024.303188 1036.333264 1040.506877 1011.406071 993.178174 983.256039 995.795168 977.315638 900.000000 900.000000 865.528631 817.882485 763.942753 700.000000 670.526499 648.944346 614.162341 556.108370 422.005723 282.731928 199.840249 110.000000 0.000000 0.000000 0.000000 0.000000 0.000000 0.000000 0.000000 0.000000 0.000000 0.000000 -9999.0 -9999.0 -9999.0 -9999.0 -9999.0 -9999.0 -9999.0 -9999.0 -9999.0
-9999.0 -9999.0 1874.722378 1684.975049 1500.000000 1300.000000 1164.026369 1043.723019 958.353719 860.746770 766.026470 690.670183 650.684919 633.972838 652.631547 692.376207 700.000000 700.000000 700.000000 700.000000 769.157058 781.538465 793.491746 805.109252 822.652043 832.473911 839.182161 851.292619 874.591696 900.000000 975.597178 1028.752365 1083.456029 1100.000000 1100.000000 1154.223739 1157.867955 1160.448255 1154.118380 1100.000000 1100.000000 1100.000000 1100.000000 1094.005528 1084.642675 1077.367552 1064.865169 1041.259546 1008.134661 967.116766 900.000000 860.434707 822.658029 809.662538 817.289157 809.865734 785.271413 700.000000 637.010642 500.000000 306.048408 200.000000 169.332764 50.000000 20.000000 0.000000 0.000000 0.000000 0.000000 0.000000 -9999.0 -9999.0 -9999.0 -9999.0 -9999.0 -9999.0 -9999.0 -9999.0 -9999.0 -9999.0
-9999.0 -9999.0 -9999.0 -9999.0 1834.167799 1669.688656 1568.261834 1479.620955 1300.000000 1231.841393 1100.000000 1056.342807 1001.983277 978.075149 988.328285 992.506406 1000.228221 1004.285116 1013.200288 1018.569895 1024.323732 1032.932098 1045.556564 1054.301493 1056.028105 1053.209676 1055.784512 1069.116602 1085.482293 1100.000000 1100.000000 1170.895538 1207.791836 1237.003259 1250.223390 1257.002112 1257.100001 1263.044133 1253.865888 1247.325475 1232.484782 1217.181730 1193.373461 1165.154455 1100.000000 1100.000000 1100.000000 1100.000000 1078.075761 1025.762646 964.205792 900.000000 876.317663 873.088482 898.671718 900.000000 900.000000 887.858474 839.182902 765.291094 654.029220 561.664296 413.991641 294.436457 200.000000 200.000000 110.000000 0.000000 -9999.0 -9999.0 -9999.0 -9999.0 -9999.0 -9999.0 -9999.0 -9999.0 -9999.0 -9999.0 -9999.0 -9999.0
-9999.0 -9999.0 -9999.0 -9999.0 -9999.0 -9999.0 1881.982608 1778.492222 1691.241104 1556.025574 1432.893252 1300.000000 1260.794291 1234.011275 1214.406658 1191.303684 1195.170801 1212.247225 1229.302641 1212.891592 1203.028770 1208.666552 1236.912991 1238.817502 1235.624690 1227.061391 1228.694906 1234.954566 1259.648792 1251.028884 1252.200862 1275.257449 1300.000000 1300.000000 1300.000000 1300.000000 1300.000000 1300.000000 1300.000000 1300.000000 1282.068377 1268.766175 1246.552390 1213.625262 1181.845956 1167.534588 1166.488615 1160.291964 1100.000000 1049.924539 980.453995 900.000000 898.170311 891.541755 900.000000 960.513543 981.774540 975.143115 900.000000 887.765212 811.498004 759.324543 700.000000 686.291140 652.848551 500.000000 -9999.0 -9999.0 -9999.0 -9999.0 -9999.0 -9999.0 -9999.0 -9999.0 -9999.0 -9999.0 -9999.0 -9999.0 -9999.0 -9999.0
-9999.0 -9999.0 -9999.0 -9999.0 -9999.0 -9999.0 -9999.0 -9999.0 -9999.0 -9999.0 -9999.0 -9999.0 -9999.0 -9999.0 -9999.0 -9999.0 -9999.0 -9999.0 -9999.0 -9999.0 -9999.0 -9999.0 -9999.0 -9999.0 -9999.0 -9999.0 -9999.0 -9999.0 -9999.0 -9999.0 -9999.0 -9999.0 -9999.0 -9999.0 -9999.0 -9999.0 -9999.0 -9999.0 -9999.0 -9999.0 -9999.0 -9999.0 -9999.0 -9999.0 -9999.0 -9999.0 -9999.0 -9999.0 -9999.0 -9999.0 -9999.0 -9999.0 -9999.0 -9999.0 -9999.0 -9999.0 -9999.0 -9999.0 -9999.0 -9999.0 -9999.0 -9999.0 -9999.0 -9999.0 -9999.0 -9999.0 -9999.0 -9999.0 -9999.0 -9999.0 -9999.0 -9999.0 -9999.0 -9999.0 -9999.0 -9999.0 -9999.0 -9999.0 -9999.0 -9999.0
-9999.0 -9999.0 -9999.0 -9999.0 -9999.0 -9999.0 -9999.0 -9999.0 -9999.0 -9999.0 -9999.0 -9999.0 -9999.0 -9999.0 -9999.0 -9999.0 -9999.0 -9999.0 -9999.0 -9999.0 -9999.0 -9999.0 -9999.0 -9999.0 -9999.0 -9999.0 -9999.0 -9999.0 -9999.0 -9999.0 -9999.0 -9999.0 -9999.0 -9999.0 -9999.0 -9999.0 -9999.0 -9999.0 -9999.0 -9999.0 -9999.0 -9999.0 -9999.0 -9999.0 -9999.0 -9999.0 -9999.0 -9999.0 -9999.0 -9999.0 -9999.0 -9999.0 -9999.0 -9999.0 -9999.0 -9999.0 -9999.0 -9999.0 -9999.0 -9999.0 -9999.0 -9999.0 -9999.0 -9999.0 -9999.0 -9999.0 -9999.0 -9999.0 -9999.0 -9999.0 -9999.0 -9999.0 -9999.0 -9999.0 -9999.0 -9999.0 -9999.0 -9999.0 -9999.0 -9999.0