Borden_/Borden1m_014/output_maps/watertableN0005.asc
ncols         80
nrows         18
xllcorner     620200.000000
yllcorner     5168000.000000
cellsize      1.000000
NODATA_value  -9999.0
[rows 0 to 17 of 18, columns 0 to 59 of 80]
-9999.0 -9999.0 -9999.0 -9999.0 -9999.0 -9999.0 -9999.0 -9999.0 -9999.0 -9999.0 -9999.0 -9999.0 -9999.0 -9999.0 -9999.0 -9999.0 -9999.0 -9999.0 -9999.0 -9999.0 -9999.0 -9999.0 -9999.0 -9999.0 -9999.0 -9999.0 -9999.0 -9999.0 -9999.0 -9999.0 -9999.0 -9999.0 -9999.0 -9999.0 -9999.0 -9999.0 -9999.0 -9999.0 -9999.0 -9999.0 -9999.0 -9999.0 -9999.0 -9999.0 -9999.0 -9999.0 -9999.0 -9999.0 -9999.0 -9999.0 -9999.0 -9999.0 -9999.0 -9999.0 -9999.0 -9999.0 -9999.0 -9999.0 -9999.0 -9999.0
-9999.0 -9999.0 -9999.0 -9999.0 -9999.0 -9999.0 -9999.0 -9999.0 -9999.0 -9999.0 -9999.0 -9999.0 -9999.0 -9999.0 -9999.0 -9999.0 -9999.0 -9999.0 -9999.0 -9999.0 -9999.0 -9999.0 -9999.0 -9999.0 -9999.0 -9999.0 -9999.0 -9999.0 -9999.0 -9999.0 -9999.0 -9999.0 -9999.0 -9999.0 -9999.0 -9999.0 -9999.0 -9999.0 -9999.0 -9999.0 -9999.0 -9999.0 -9999.0 -9999.0 -9999.0 -9999.0 -9999.0 -9999.0 -9999.0 -9999.0 -9999.0 -9999.0 -9999.0 -9999.0 -9999.0 -9999.0 -9999.0 -9999.0 -9999.0 -9999.0
-9999.0 -9999.0 -9999.0 -9999.0 -9999.0 -9999.0 -9999.0 -9999.0 -9999.0 -9999.0 -9999.0 -9999.0 -9999.0 -9999.0 -9999.0 -9999.0 -9999.0 -9999.0 -9999.0 -9999.0 971.019159 968.199238 990.735094 1024.471447 1052.550355 1050.728625 1016.460945 975.960132 900.000000 900.000000 900.000000 900.000000 900.000000 900.000000 900.000000 900.000000 900.000000 900.000000 900.000000 900.000000 900.000000 900.000000 900.000000 900.000000 900.000000 900.000000 900.000000 900.000000 898.294804 900.000000 900.000000 900.000000 900.000000 967.394056 900.000000 900.000000 900.000000 900.000000 900.000000 900.000000
-9999.0 -9999.0 -9999.0 -9999.0 -9999.0 -9999.0 -9999.0 -9999.0 -9999.0 -9999.0 -9999.0 -9999.0 -9999.0 -9999.0 1060.043785 1070.094387 1073.223362 1065.072479 1031.979011 1002.497997 990.169179 997.793456 997.979020 1021.442178 1041.658368 1027.980381 999.136233 968.243726 900.000000 900.000000 900.000000 900.000000 900.000000 893.506862 879.788548 882.562196 900.000000 880.904328 864.684041 854.318486 854.161691 861.833489 847.621965 831.831760 838.335405 855.443336 852.589626 842.687015 829.885900 844.376654 900.000000 900.000000 900.000000 900.000000 900.000000 955.347730 900.000000 900.000000 900.000000 954.932940
-9999.0 -9999.0 -9999.0 -9999.0 -9999.0 -9999.0 -9999.0 -9999.0 -9999.0 1100.000000 1100.000000 1100.000000 1100.000000 1088.557006 1090.623308 1083.960175 1076.695980 1051.024829 1020.752921 986.462174 958.246736 968.144917 967.945885 956.602256 900.000000 900.000000 900.000000 877.938116 836.620655 795.976210 823.770340 826.073575 807.527258 758.919094 700.000000 700.000000 700.000000 700.000000 699.091074 666.730590 663.131692 663.214141 639.930761 627.363606 621.758622 639.714208 658.801419 669.004477 649.131478 698.859802 762.857841 815.590605 813.544526 843.500312 883.645380 900.000000 900.000000 887.378945 900.000000 900.000000
-9999.0 -9999.0 -9999.0 -9999.0 -9999.0 -9999.0 1194.324974 1185.432997 1165.797593 1160.714696 1100.000000 1100.000000 1100.000000 1090.553066 1070.416991 1054.271297 1024.456660 992.687952 900.000000 900.000000 877.898156 882.049001 871.466917 838.623566 796.632794 764.610602 700.000000 699.798258 619.297949 575.560089 562.663343 557.698029 500.000000 495.301267 398.078303 325.000000 402.824675 433.004837 389.665624 0.000000 0.000000 0.000000 0.000000 0.000000 0.000000 0.000000 0.000000 308.363349 325.000000 392.132916 477.418278 500.000000 586.934283 632.984529 700.000000 778.944087 780.898675 765.501446 795.246934 847.925229
-9999.0 -9999.0 -9999.0 -9999.0 1243.753948 1231.446174 1243.486900 1219.732744 1188.030583 1155.078457 1100.000000 1087.153873 1060.877275 1032.070068 991.896528 955.517665 900.000000 877.999563 824.453005 756.688529 700.000000 676.075022 654.657780 594.916634 500.000000 472.206285 443.659968 387.519415 0.000000 0.000000 0.000000 0.000000 0.000000 0.000000 0.000000 0.000000 0.000000 0.000000 0.000000 0.000000 0.000000 0.000000 0.000000 0.000000 0.000000 0.000000 0.000000 0.000000 0.000000 0.000000 0.000000 0.000000 0.000000 0.000000 200.000000 435.986031 500.000000 553.090483 607.319134 666.083737
-9999.0 -9999.0 1300.000000 1252.622030 1196.898884 1188.799586 1187.731882 1182.859433 1155.940207 1100.000000 1029.257029 977.465969 900.000000 900.000000 845.369914 763.080834 685.900897 634.401060 578.136368 500.000000 430.905332 325.000000 0.000000 0.000000 0.000000 0.000000 0.000000 0.000000 0.000000 0.000000 0.000000 0.000000 0.000000 0.000000 0.000000 0.000000 0.000000 0.000000 0.000000 0.000000 0.000000 0.000000 0.000000 0.000000 0.000000 0.000000 0.000000 0.000000 0.000000 0.000000 0.000000 0.000000 0.000000 0.000000 0.000000 0.000000 0.000000 0.000000 0.000000 292.930218
-9999.0 1402.446849 1300.000000 1203.102867 1100.000000 1080.549605 1043.319660 1015.730098 990.558435 973.322424 866.575159 758.217026 667.197302 639.240957 591.394176 488.086402 200.000000 0.000000 0.000000 0.000000 0.000000 0.000000 0.000000 0.000000 0.000000 0.000000 0.000000 0.000000 0.000000 0.000000 0.000000 0.000000 0.000000 0.000000 0.000000 0.000000 0.000000 0.000000 0.000000 0.000000 0.000000 0.000000 0.000000 0.000000 0.000000 0.000000 0.000000 0.000000 0.000000 0.000000 0.000000 0.000000 0.000000 0.000000 0.000000 0.000000 0.000000 0.000000 0.000000 0.000000
-9999.0 1479.353458 1300.000000 1100.000000 1001.611226 900.000000 825.047030 700.000000 700.000000 700.000000 619.683064 0.000000 0.000000 0.000000 0.000000 0.000000 0.000000 0.000000 0.000000 0.000000 0.000000 0.000000 0.000000 0.000000 0.000000 0.000000 0.000000 0.000000 0.000000 0.000000 0.000000 0.000000 0.000000 0.000000 0.000000 0.000000 0.000000 0.000000 0.000000 0.000000 200.000000 0.000000 0.000000 325.000000 325.000000 0.000000 0.000000 0.000000 0.000000 0.000000 0.000000 0.000000 0.000000 0.000000 0.000000 0.000000 0.000000 0.000000 0.000000 0.000000
-9999.0 1500.000000 1360.904048 1092.186030 827.977737 700.000000 483.712846 0.000000 0.000000 0.000000 0.000000 0.000000 0.000000 0.000000 0.000000 0.000000 0.000000 0.000000 0.000000 0.000000 0.000000 0.000000 0.000000 0.000000 0.000000 0.000000 0.000000 0.000000 0.000000 0.000000 0.000000 0.000000 0.000000 438.379841 500.000000 500.000000 586.910715 592.914879 604.085980 633.754638 655.806465 666.075940 651.617810 659.880658 659.692698 643.818323 620.828788 603.967818 567.200529 500.000000 490.427017 428.062240 325.000000 0.000000 0.000000 0.000000 0.000000 0.000000 0.000000 0.000000
-9999.0 1700.000000 1453.208685 1100.000000 804.822964 452.125500 110.000000 0.000000 0.000000 0.000000 0.000000 0.000000 0.000000 0.000000 0.000000 0.000000 0.000000 0.000000 0.000000 0.000000 0.000000 0.000000 0.000000 0.000000 0.000000 0.000000 0.000000 0.000000 391.321583 473.362322 555.927443 577.689412 647.645990 700.000000 766.755937 813.393853 862.421398 863.584457 848.231215 864.504034 886.765898 900.000000 880.619381 866.418981 855.713972 864.195693 854.989477 821.878899 776.379007 700.000000 692.473471 643.414355 600.212439 500.000000 500.000000 438.621918 315.583798 0.000000 0.000000 0.000000
-9999.0 1864.358960 1634.029304 1384.615105 1072.139815 825.130898 650.483540 500.000000 451.906159 452.204880 426.200913 325.000000 0.000000 0.000000 0.000000 399.348816 458.186593 457.415867 458.808879 490.137577 500.000000 500.000000 500.000000 500.000000 568.686752 583.677172 594.776033 619.245242 662.428481 700.000000 795.126483 859.881795 900.000000 955.078662 985.317460 1017.861050 1055.118252 1044.401682 1030.187364 1034.623514 1046.687738 1050.956736 1022.013027 1004.030754 994.203373 1006.962653 988.804708 962.734780 900.000000 882.935399 838.474027 788.517753 700.000000 700.000000 696.912723 668.951962 626.070645 563.562877 458.953723 0.000000
-9999.0 -9999.0 1879.141421 1690.568768 1500.000000 1300.000000 1183.178616 1072.649323 994.439669 899.226713 807.543530 700.000000 684.494119 667.359375 688.727318 700.000000 765.732820 766.314554 775.171304 788.525185 811.344323 819.390702 827.704656 834.448374 846.390100 852.923066 858.014105 869.234354 892.287510 900.000000 990.139621 1041.091739 1094.230292 1100.000000 1100.000000 1162.752054 1165.478858 1167.505920 1160.841169 1159.565905 1153.966324 1100.000000 1100.000000 1100.000000 1091.455062 1084.328965 1072.177210 1049.238460 1017.177489 977.469836 900.000000 873.532213 837.876681 827.688031 838.037206 833.214767 812.394514 769.556418 686.077419 596.044263
-9999.0 -9999.0 -9999.0 -9999.0 1841.931141 1678.664203 1579.027017 1493.193413 1364.636111 1249.351856 1100.000000 1075.066428 1020.435879 996.802530 1008.235860 1013.787331 1022.255859 1026.444894 1035.008761 1039.484156 1043.867665 1050.981268 1062.068718 1069.066578 1069.128810 1065.173293 1067.081782 1079.998413 1095.966856 1100.000000 1100.000000 1179.035636 1215.199492 1243.798818 1256.456512 1262.713602 1262.353508 1268.006069 1258.626997 1252.019708 1237.170018 1221.914950 1198.152995 1169.943674 1157.338683 1100.000000 1100.000000 1100.000000 1084.360834 1032.835969 972.051182 900.000000 885.884926 884.004849 900.000000 900.000000 900.000000 900.000000 863.094580 797.487598
-9999.0 -9999.0 -9999.0 -9999.0 -9999.0 -9999.0 1891.436424 1788.912535 1700.000000 1568.983479 1446.502506 1300.000000 1274.765158 1248.569348 1229.536908 1206.848557 1211.044686 1228.223074 1245.102925 1227.941615 1217.148929 1221.841949 1249.245023 1250.077802 1245.991412 1236.761316 1237.933560 1243.770871 1268.094456 1258.808135 1259.268124 1281.686249 1300.000000 1300.000000 1300.000000 1300.000000 1300.000000 1300.000000 1300.000000 1300.000000 1285.845038 1272.595650 1250.460261 1217.607496 1185.885810 1171.712882 1170.947177 1165.142257 1100.000000 1055.596055 986.729257 900.000000 900.000000 899.945892 900.000000 971.919116 995.010978 990.583196 959.021368 900.000000
-9999.0 -9999.0 -9999.0 -9999.0 -9999.0 -9999.0 -9999.0 -9999.0 -9999.0 -9999.0 -9999.0 -9999.0 -9999.0 -9999.0 -9999.0 -9999.0 -9999.0 -9999.0 -9999.0 -9999.0 -9999.0 -9999.0 -9999.0 -9999.0 -9999.0 -9999.0 -9999.0 -9999.0 -9999.0 -9999.0 -9999.0 -9999.0 -9999.0 -9999.0 -9999.0 -9999.0 -9999.0 -9999.0 -9999.0 -9999.0 -9999.0 -9999.0 -9999.0 -9999.0 -9999.0 -9999.0 -9999.0 -9999.0 -9999.0 -9999.0 -9999.0 -9999.0 -9999.0 -9999.0 -9999.0 -9999.0 -9999.0 -9999.0 -9999.0 -9999.0
-9999.0 -9999.0 -9999.0 -9999.0 -9999.0 -9999.0 -9999.0 -9999.0 -9999.0 -9999.0 -9999.0 -9999.0 -9999.0 -9999.0 -9999.0 -9999.0 -9999.0 -9999.0 -9999.0 -9999.0 -9999.0 -9999.0 -9999.0 -9999.0 -9999.0 -9999.0 -9999.0 -9999.0 -9999.0 -9999.0 -9999.0 -9999.0 -9999.0 -9999.0 -9999.0 -9999.0 -9999.0 -9999.0 -9999.0 -9999.0 -9999.0 -9999.0 -9999.0 -9999.0 -9999.0 -9999.0 -9999.0 -9999.0 -9999.0 -9999.0 -9999.0 -9999.0 -9999.0 -9999.0 -9999.0 -9999.0 -9999.0 -9999.0 -9999.0 -9999.0
