Borden_/Borden1m_014/output_maps/watertableN0019.asc
ncols         80
nrows         18
xllcorner     620200.000000
yllcorner     5168000.000000
cellsize      1.000000
NODATA_value  -9999.0
-9999.0 -9999.0 -9999.0 -9999.0 -9999.0 -9999.0 -9999.0 -9999.0 -9999.0 -9999.0 -9999.0 -9999.0 -9999.0 -9999.0 -9999.0 -9999.0 -9999.0 -9999.0 -9999.0 -9999.0 -9999.0 -9999.0 -9999.0 -9999.0 -9999.0 -9999.0 -9999.0 -9999.0 -9999.0 -9999.0 -9999.0 -9999.0 -9999.0 -9999.0 -9999.0 -9999.0 -9999.0 -9999.0 -9999.0 -9999.0 -9999.0 -9999.0 -9999.0 -9999.0 -9999.0 -9999.0 -9999.0 -9999.0 -9999.0 -9999.0 -9999.0 -9999.0 -9999.0 -9999.0 -9999.0 -9999.0 -9999.0 -9999.0 -9999.0 -9999.0 -9999.0 -9999.0 -9999.0 -9999.0 -9999.0 -9999.0 -9999.0 -9999.0 -9999.0 -9999.0 -9999.0 -9999.0 -9999.0 -9999.0 -9999.0 -9999.0 -9999.0 -9999.0 -9999.0 -9999.0
-9999.0 -9999.0 -9999.0 -9999.0 -9999.0 -9999.0 -9999.0 -9999.0 -9999.0 -9999.0 -9999.0 -9999.0 -9999.0 -9999.0 -9999.0 -9999.0 -9999.0 -9999.0 -9999.0 -9999.0 -9999.0 -9999.0 -9999.0 -9999.0 -9999.0 -9999.0 -9999.0 -9999.0 -9999.0 -9999.0 -9999.0 -9999.0 -9999.0 -9999.0 -9999.0 -9999.0 -9999.0 -9999.0 -9999.0 -9999.0 -9999.0 -9999.0 -9999.0 -9999.0 -9999.0 -9999.0 -9999.0 -9999.0 -9999.0 -9999.0 -9999.0 -9999.0 -9999.0 -9999.0 -9999.0 -9999.0 -9999.0 -9999.0 -9999.0 -9999.0 -9999.0 -9999.0 -9999.0 -9999.0 -9999.0 -9999.0 -9999.0 -9999.0 -9999.0 -9999.0 -9999.0 -9999.0 -9999.0 -9999.0 -9999.0 -9999.0 -9999.0 -9999.0 -9999.0 -9999.0
-9999.0 -9999.0 -9999.0 -9999.0 -9999.0 -9999.0 -9999.0 -9999.0 -9999.0 -9999.0 -9999.0 -9999.0 -9999.0 -9999.0 -9999.0 -9999.0 -9999.0 -9999.0 -9999.0 -9999.0 965.538535 962.568925 984.702784 1017.976547 1045.579396 1043.245155 1008.498764 967.713326 900.000000 900.000000 900.000000 900.000000 900.000000 900.000000 900.000000 900.000000 900.000000 900.000000 900.000000 900.000000 900.000000 900.000000 900.000000 900.000000 900.000000 900.000000 900.000000 892.038314 886.138363 891.474426 900.000000 900.000000 900.000000 958.114826 900.000000 900.000000 900.000000 896.833878 898.362041 900.000000 954.978810 -9999.0 -9999.0 -9999.0 -9999.0 -9999.0 -9999.0 -9999.0 -9999.0 -9999.0 -9999.0 -9999.0 -9999.0 -9999.0 -9999.0 -9999.0 -9999.0 -9999.0 -9999.0 -9999.0
-9999.0 -9999.0 -9999.0 -9999.0 -9999.0 -9999.0 -9999.0 -9999.0 -9999.0 -9999.0 -9999.0 -9999.0 -9999.0 -9999.0 1055.934095 1065.681205 1068.358473 1059.645915 1025.980258 996.034019 983.554754 990.788294 990.553787 1013.317942 1032.738259 1018.360382 988.961902 957.698551 900.000000 900.000000 900.000000 900.000000 900.000000 877.414650 862.736226 864.930425 885.171741 863.115329 847.137165 837.654907 838.288825 846.427107 831.931721 815.680836 822.146984 839.780453 836.796230 825.505131 811.576292 827.139963 891.042083 900.000000 900.000000 900.000000 900.000000 900.000000 900.000000 900.000000 900.000000 900.000000 979.813746 1023.460345 1041.492327 1003.600817 959.879042 900.000000 -9999.0 -9999.0 -9999.0 -9999.0 -9999.0 -9999.0 -9999.0 -9999.0 -9999.0 -9999.0 -9999.0 -9999.0 -9999.0 -9999.0
-9999.0 -9999.0 -9999.0 -9999.0 -9999.0 -9999.0 -9999.0 -9999.0 -9999.0 1100.000000 1100.000000 1100.000000 1099.751468 1084.118819 1085.784538 1078.605560 1070.667743 1044.234886 1013.041064 977.955694 900.000000 958.366153 957.337754 900.000000 900.000000 900.000000 900.000000 861.681299 818.179710 773.885603 799.153435 798.846817 775.997468 700.000000 683.459278 672.097888 692.065130 688.395643 661.633024 633.875035 632.755290 633.850541 604.821292 587.164380 578.712415 603.867588 627.528491 630.341980 600.476664 659.933138 700.000000 785.905104 791.010455 826.092989 868.441514 891.162329 895.112695 875.190344 891.253611 900.000000 964.943850 975.118973 992.098123 976.270625 954.284496 900.000000 870.163730 841.837118 841.619575 858.794114 -9999.0 -9999.0 -9999.0 -9999.0 -9999.0 -9999.0 -9999.0 -9999.0 -9999.0 -9999.0
-9999.0 -9999.0 -9999.0 -9999.0 -9999.0 -9999.0 1191.273336 1182.156540 1162.277762 1156.948397 1100.000000 1100.000000 1100.000000 1084.819405 1063.796317 1046.552182 1015.599767 982.539418 900.000000 895.969425 863.093688 866.060226 854.037096 816.204374 766.253606 700.000000 700.000000 661.834826 563.661301 482.276752 448.048816 428.228318 392.635611 325.000000 304.047141 200.000000 309.152369 325.000000 313.270421 280.909629 200.000000 200.000000 200.000000 200.000000 174.677541 183.650243 276.653168 298.491609 302.145936 308.946988 325.000000 402.580464 500.000000 589.523125 684.964450 700.000000 700.000000 700.000000 775.025880 831.342271 874.924021 886.832129 900.000000 900.000000 900.000000 894.595427 872.055858 860.981349 873.374403 893.798863 900.000000 900.000000 900.000000 900.000000 -9999.0 -9999.0 -9999.0 -9999.0 -9999.0 -9999.0
-9999.0 -9999.0 -9999.0 -9999.0 1240.949735 1228.280453 1239.865820 1215.666875 1183.532854 1100.000000 1100.000000 1080.899336 1053.595058 1023.317867 981.118117 900.000000 898.134598 860.760171 800.441521 700.000000 667.889351 635.911247 611.908332 500.000000 390.651381 325.000000 325.000000 311.401011 272.514961 110.000000 110.000000 110.000000 50.000000 50.000000 0.000000 0.000000 0.000000 0.000000 0.000000 0.000000 0.000000 0.000000 0.000000 0.000000 0.000000 0.000000 0.000000 20.000000 0.000000 50.000000 20.000000 110.000000 200.000000 276.680240 295.884542 325.000000 325.000000 428.188660 500.000000 625.793786 700.000000 700.000000 768.619494 799.248741 832.191316 833.525180 831.962379 852.189087 882.931974 900.000000 900.000000 900.000000 958.898942 900.000000 900.000000 881.229269 -9999.0 -9999.0 -9999.0 -9999.0
-9999.0 -9999.0 1299.598248 1250.132605 1193.795629 1184.806315 1182.729529 1177.023500 1100.000000 1098.560123 1020.657066 967.170315 900.000000 888.401308 824.087412 700.000000 649.743428 584.656977 472.185753 325.000000 323.718939 292.950060 200.000000 199.420016 110.000000 50.000000 0.000000 0.000000 0.000000 0.000000 0.000000 0.000000 0.000000 0.000000 0.000000 0.000000 0.000000 0.000000 0.000000 0.000000 0.000000 0.000000 0.000000 0.000000 0.000000 0.000000 0.000000 0.000000 0.000000 0.000000 0.000000 0.000000 0.000000 20.000000 0.000000 20.000000 110.000000 200.000000 259.248559 293.443574 325.000000 399.578843 500.000000 599.237695 667.174835 700.000000 759.534894 802.389801 848.541291 893.865549 900.000000 900.000000 900.000000 900.000000 900.000000 900.000000 892.475820 884.731400 -9999.0 -9999.0
-9999.0 1400.472317 1300.000000 1200.208172 1100.000000 1074.740756 1035.040307 1006.202439 980.020999 961.481032 851.225843 700.000000 639.516820 597.417881 499.142514 325.000000 200.000000 200.000000 110.000000 110.000000 0.000000 0.000000 0.000000 0.000000 0.000000 0.000000 0.000000 0.000000 0.000000 0.000000 0.000000 0.000000 0.000000 0.000000 0.000000 0.000000 0.000000 0.000000 0.000000 0.000000 0.000000 0.000000 0.000000 20.000000 20.000000 0.000000 0.000000 20.000000 0.000000 20.000000 0.000000 0.000000 0.000000 0.000000 0.000000 0.000000 0.000000 0.000000 0.000000 20.000000 110.000000 200.000000 278.371756 325.000000 389.745935 500.000000 614.931950 684.510702 755.192473 797.568687 830.409278 883.131208 900.000000 900.000000 900.000000 900.000000 900.000000 900.000000 -9999.0 -9999.0
-9999.0 1477.178045 1300.000000 1100.000000 995.370018 900.000000 804.447972 700.000000 685.138468 700.000000 564.886396 200.000000 110.000000 110.000000 50.000000 0.000000 0.000000 0.000000 0.000000 0.000000 0.000000 0.000000 0.000000 0.000000 0.000000 0.000000 0.000000 0.000000 0.000000 0.000000 0.000000 0.000000 0.000000 50.000000 110.000000 110.000000 110.000000 200.000000 263.979485 288.940951 299.467140 282.160930 290.620179 305.423423 308.668324 289.854408 260.807014 264.632671 200.000000 200.000000 177.117147 50.000000 50.000000 50.000000 0.000000 0.000000 0.000000 0.000000 0.000000 0.000000 0.000000 0.000000 50.000000 174.004014 200.000000 312.839190 325.000000 416.900800 500.000000 624.811801 684.748445 700.000000 813.886915 844.609042 885.174651 900.000000 -9999.0 -9999.0 -9999.0 -9999.0
-9999.0 1500.000000 1357.910200 1087.492446 817.439385 668.471602 392.683090 260.306525 50.000000 110.000000 0.000000 0.000000 0.000000 0.000000 0.000000 0.000000 0.000000 0.000000 0.000000 0.000000 0.000000 0.000000 0.000000 0.000000 0.000000 0.000000 0.000000 20.000000 110.000000 178.003549 200.000000 200.000000 265.469000 325.000000 325.000000 392.803726 496.591369 500.000000 500.000000 595.423605 619.868989 637.077542 616.827493 617.862956 617.627772 607.049508 577.640151 500.000000 464.774189 392.266287 325.000000 314.126663 284.294484 200.000000 187.345403 50.000000 20.000000 0.000000 0.000000 0.000000 0.000000 0.000000 0.000000 0.000000 20.000000 173.310168 200.000000 267.259132 325.000000 325.000000 412.927714 500.000000 639.167027 700.000000 796.744193 -9999.0 -9999.0 -9999.0 -9999.0 -9999.0
-9999.0 1700.000000 1449.926337 1100.000000 788.628056 390.518308 274.701752 0.000000 0.000000 0.000000 110.000000 20.000000 0.000000 0.000000 0.000000 20.000000 20.000000 20.000000 20.000000 50.000000 110.000000 167.372701 173.301592 190.998449 200.000000 200.000000 260.814401 278.415252 318.964802 325.000000 427.375282 488.980003 608.658527 686.180945 700.000000 785.406889 841.637429 846.294453 832.729425 850.392719 872.965396 891.526097 866.486921 851.160861 840.304109 849.453320 839.585184 803.515003 700.000000 700.000000 651.923739 584.346493 500.000000 397.103543 325.000000 322.435588 284.790693 200.000000 110.000000 0.000000 0.000000 0.000000 0.000000 0.000000 0.000000 0.000000 20.000000 50.000000 200.000000 257.739154 284.705851 324.200058 325.000000 -9999.0 -9999.0 -9999.0 -9999.0 -9999.0 -9999.0 -9999.0
-9999.0 1861.399505 1630.633833 1379.550855 1062.764872 801.729865 586.872210 391.625829 200.000000 325.000000 325.000000 316.029045 294.261762 277.023750 295.307610 320.499957 325.000000 325.000000 325.000000 325.000000 325.000000 325.000000 325.000000 406.033035 467.902089 500.000000 500.000000 570.664316 621.394255 683.686879 768.919224 840.398603 900.000000 900.000000 971.460355 1005.321614 1044.351795 1034.776120 1021.162598 1025.942619 1038.127651 1042.398077 1013.237303 994.991641 985.053384 997.634127 979.147901 900.000000 900.000000 869.084448 821.607338 767.492374 700.000000 678.063779 657.647455 620.918768 558.565938 439.895092 325.000000 259.713215 183.781096 50.000000 0.000000 0.000000 0.000000 0.000000 0.000000 0.000000 0.000000 173.781907 200.000000 -9999.0 -9999.0 -9999.0 -9999.0 -9999.0 -9999.0 -9999.0 -9999.0 -9999.0
-9999.0 -9999.0 1875.268595 1685.837904 1500.000000 1300.000000 1167.643357 1048.992378 965.572048 870.037212 776.837680 700.000000 659.994223 642.143756 662.168316 700.000000 700.000000 700.000000 700.000000 700.000000 777.472288 788.378698 799.267094 809.106353 825.140971 834.643044 841.641972 854.307300 878.068066 900.000000 977.852199 1030.604732 1085.225370 1100.000000 1100.000000 1155.252465 1158.673052 1161.156586 1154.816005 1100.000000 1100.000000 1100.000000 1100.000000 1094.887489 1085.533917 1078.264800 1065.798986 1042.277006 1009.312548 968.554017 900.000000 862.466647 824.926317 812.571752 820.812249 813.492614 788.796982 700.000000 643.124135 500.000000 325.000000 307.918537 200.000000 178.092031 110.000000 108.453672 0.000000 0.000000 0.000000 20.000000 -9999.0 -9999.0 -9999.0 -9999.0 -9999.0 -9999.0 -9999.0 -9999.0 -9999.0 -9999.0
-9999.0 -9999.0 -9999.0 -9999.0 1835.279965 1671.154539 1570.054537 1482.176467 1300.000000 1235.532117 1100.000000 1061.007272 1006.400949 982.474957 992.810898 996.987349 1004.640098 1008.586914 1017.347726 1022.419732 1027.768155 1035.967521 1048.130876 1056.264319 1057.521318 1054.541974 1057.170228 1070.639978 1087.054019 1100.000000 1100.000000 1171.756983 1208.548835 1237.689629 1250.808973 1257.478772 1257.483820 1263.382327 1254.188469 1247.663811 1232.839156 1217.551226 1193.746877 1165.521418 1100.000000 1100.000000 1100.000000 1100.000000 1078.649335 1026.437049 964.966737 900.000000 877.503724 874.567471 900.000000 900.000000 900.000000 890.857754 843.017697 769.659229 661.575817 565.645119 434.288422 325.000000 325.000000 292.524405 200.000000 110.000000 -9999.0 -9999.0 -9999.0 -9999.0 -9999.0 -9999.0 -9999.0 -9999.0 -9999.0 -9999.0 -9999.0 -9999.0
-9999.0 -9999.0 -9999.0 -9999.0 -9999.0 -9999.0 1883.368075 1780.032338 1693.328093 1558.360334 1435.488809 1300.000000 1263.692376 1236.899219 1217.227275 1194.016865 1197.836276 1214.881734 1231.877851 1215.128066 1204.918303 1210.260125 1238.299336 1239.880075 1236.466191 1227.809565 1229.464843 1235.774094 1260.517820 1251.797703 1252.837122 1275.784956 1300.000000 1300.000000 1300.000000 1300.000000 1300.000000 1300.000000 1300.000000 1300.000000 1282.240492 1268.955554 1246.747339 1213.811998 1182.019957 1167.705076 1166.671030 1160.507031 1100.000000 1050.285150 980.851048 900.000000 898.830045 892.364226 900.000000 961.655680 983.192889 976.995146 900.000000 891.421894 815.907025 764.278236 700.000000 699.329632 666.806259 500.000000 -9999.0 -9999.0 -9999.0 -9999.0 -9999.0 -9999.0 -9999.0 -9999.0 -9999.0 -9999.0 -9999.0 -9999.0 -9999.0 -9999.0
-9999.0 -9999.0 -9999.0 -9999.0 -9999.0 -9999.0 -9999.0 -9999.0 -9999.0 -9999.0 -9999.0 -9999.0 -9999.0 -9999.0 -9999.0 -9999.0 -9999.0 -9999.0 -9999.0 -9999.0 -9999.0 -9999.0 -9999.0 -9999.0 -9999.0 -9999.0 -9999.0 -9999.0 -9999.0 -9999.0 -9999.0 -9999.0 -9999.0 -9999.0 -9999.0 -9999.0 -9999.0 -9999.0 -9999.0 -9999.0 -9999.0 -9999.0 -9999.0 -9999.0 -9999.0 -9999.0 -9999.0 -9999.0 -9999.0 -9999.0 -9999.0 -9999.0 -9999.0 -9999.0 -9999.0 -9999.0 -9999.0 -9999.0 -9999.0 -9999.0 -9999.0 -9999.0 -9999.0 -9999.0 -9999.0 -9999.0 -9999.0 -9999.0 -9999.0 -9999.0 -9999.0 -9999.0 -9999.0 -9999.0 -9999.0 -9999.0 -9999.0 -9999.0 -9999.0 -9999.0
-9999.0 -9999.0 -9999.0 -9999.0 -9999.0 -9999.0 -9999.0 -9999.0 -9999.0 -9999.0 -9999.0 -9999.0 -9999.0 -9999.0 -9999.0 -9999.0 -9999.0 -9999.0 -9999.0 -9999.0 -9999.0 -9999.0 -9999.0 -9999.0 -9999.0 -9999.0 -9999.0 -9999.0 -9999.0 -9999.0 -9999.0 -9999.0 -9999.0 -9999.0 -9999.0 -9999.0 -9999.0 -9999.0 -9999.0 -9999.0 -9999.0 -9999.0 -9999.0 -9999.0 -9999.0 -9999.0 -9999.0 -9999.0 -9999.0 -9999.0 -9999.0 -9999.0 -9999.0 -9999.0 -9999.0 -9999.0 -9999.0 -9999.0 -9999.0 -9999.0 -9999.0 -9999.0 -9999.0 -9999.0 -9999.0 -9999.0 -9999.0 -9999.0 -9999.0 -9999.0 -9999.0 -9999.0 -9999.0 -9999.0 -9999.0 -9999.0 -9999.0 -9999.0 -9999.0 -9999.0