Borden_/Borden1m_014/output_maps/watertableN0036.asc
ncols         80
nrows         18
xllcorner     620200.000000
yllcorner     5168000.000000
cellsize      1.000000
NODATA_value  -9999.0
-9999.0 -9999.0 -9999.0 -9999.0 -9999.0 -9999.0 -9999.0 -9999.0 -9999.0 -9999.0 -9999.0 -9999.0 -9999.0 -9999.0 -9999.0 -9999.0 -9999.0 -9999.0 -9999.0 -9999.0 -9999.0 -9999.0 -9999.0 -9999.0 -9999.0 -9999.0 -9999.0 -9999.0 -9999.0 -9999.0 -9999.0 -9999.0 -9999.0 -9999.0 -9999.0 -9999.0 -9999.0 -9999.0 -9999.0 -9999.0 -9999.0 -9999.0 -9999.0 -9999.0 -9999.0 -9999.0 -9999.0 -9999.0 -9999.0 -9999.0 -9999.0 -9999.0 -9999.0 -9999.0 -9999.0 -9999.0 -9999.0 -9999.0 -9999.0 -9999.0 -9999.0 -9999.0 -9999.0 -9999.0 -9999.0 -9999.0 -9999.0 -9999.0 -9999.0 -9999.0 -9999.0 -9999.0 -9999.0 -9999.0 -9999.0 -9999.0 -9999.0 -9999.0 -9999.0 -9999.0
-9999.0 -9999.0 -9999.0 -9999.0 -9999.0 -9999.0 -9999.0 -9999.0 -9999.0 -9999.0 -9999.0 -9999.0 -9999.0 -9999.0 -9999.0 -9999.0 -9999.0 -9999.0 -9999.0 -9999.0 -9999.0 -9999.0 -9999.0 -9999.0 -9999.0 -9999.0 -9999.0 -9999.0 -9999.0 -9999.0 -9999.0 -9999.0 -9999.0 -9999.0 -9999.0 -9999.0 -9999.0 -9999.0 -9999.0 -9999.0 -9999.0 -9999.0 -9999.0 -9999.0 -9999.0 -9999.0 -9999.0 -9999.0 -9999.0 -9999.0 -9999.0 -9999.0 -9999.0 -9999.0 -9999.0 -9999.0 -9999.0 -9999.0 -9999.0 -9999.0 -9999.0 -9999.0 -9999.0 -9999.0 -9999.0 -9999.0 -9999.0 -9999.0 -9999.0 -9999.0 -9999.0 -9999.0 -9999.0 -9999.0 -9999.0 -9999.0 -9999.0 -9999.0 -9999.0 -9999.0
-9999.0 -9999.0 -9999.0 -9999.0 -9999.0 -9999.0 -9999.0 -9999.0 -9999.0 -9999.0 -9999.0 -9999.0 -9999.0 -9999.0 -9999.0 -9999.0 -9999.0 -9999.0 -9999.0 -9999.0 963.973852 960.956249 983.004629 1016.095487 1043.490384 1041.027985 1006.238250 965.285051 900.000000 900.000000 900.000000 900.000000 900.000000 900.000000 900.000000 900.000000 900.000000 900.000000 900.000000 900.000000 900.000000 900.000000 900.000000 900.000000 900.000000 900.000000 900.000000 886.158464 880.767922 886.960059 900.000000 900.000000 900.000000 956.019286 900.000000 900.000000 899.090552 895.236780 896.912022 900.000000 953.982287 -9999.0 -9999.0 -9999.0 -9999.0 -9999.0 -9999.0 -9999.0 -9999.0 -9999.0 -9999.0 -9999.0 -9999.0 -9999.0 -9999.0 -9999.0 -9999.0 -9999.0 -9999.0 -9999.0
-9999.0 -9999.0 -9999.0 -9999.0 -9999.0 -9999.0 -9999.0 -9999.0 -9999.0 -9999.0 -9999.0 -9999.0 -9999.0 -9999.0 1054.241210 1063.886361 1066.431054 1057.605931 1023.942082 994.037656 981.584967 988.714419 988.361504 1010.953957 1030.201614 1015.707537 986.080052 954.258962 900.000000 898.201109 900.000000 900.000000 900.000000 872.225923 856.545902 858.280025 878.583097 855.772754 838.375469 827.280323 826.672444 834.072356 818.721954 801.980621 808.770007 827.267661 825.471974 815.053734 801.823902 819.268941 885.716575 900.000000 900.000000 900.000000 900.000000 900.000000 900.000000 900.000000 900.000000 900.000000 978.619216 1022.294264 1040.440756 1002.823040 959.280452 900.000000 -9999.0 -9999.0 -9999.0 -9999.0 -9999.0 -9999.0 -9999.0 -9999.0 -9999.0 -9999.0 -9999.0 -9999.0 -9999.0 -9999.0
-9999.0 -9999.0 -9999.0 -9999.0 -9999.0 -9999.0 -9999.0 -9999.0 -9999.0 1100.000000 1100.000000 1100.000000 1098.009318 1082.174159 1083.728592 1076.367892 1068.211158 1041.645490 1010.424716 975.227319 900.000000 954.933480 953.630481 900.000000 900.000000 900.000000 896.668550 854.052047 808.501032 763.087020 789.690195 790.263744 768.306832 700.000000 665.604602 652.009173 674.069246 669.086099 635.975657 601.722626 595.626745 594.700002 564.863212 500.000000 500.000000 565.728590 593.068701 598.991250 572.999522 636.759333 700.000000 778.897703 782.487474 817.849949 862.317036 886.943941 891.500885 871.402425 887.813283 900.000000 963.065240 973.619945 990.839768 975.276861 900.000000 900.000000 869.342539 840.987571 840.984656 858.490635 -9999.0 -9999.0 -9999.0 -9999.0 -9999.0 -9999.0 -9999.0 -9999.0 -9999.0 -9999.0
-9999.0 -9999.0 -9999.0 -9999.0 -9999.0 -9999.0 1190.576191 1181.334365 1161.257812 1155.689959 1100.000000 1100.000000 1100.000000 1082.173684 1060.869341 1043.253147 1011.852210 978.490868 900.000000 890.611761 855.999138 857.552536 844.486486 807.021306 758.785235 700.000000 689.085083 637.579590 500.000000 483.475196 463.250211 454.338190 443.283564 399.719852 325.000000 318.829521 325.000000 325.000000 325.000000 287.737976 200.000000 200.000000 200.000000 200.000000 177.195935 185.954238 280.686128 310.984618 322.250092 325.000000 388.863186 450.183216 500.000000 565.298464 665.984363 700.000000 700.000000 700.000000 765.961123 824.172058 870.172758 883.385767 899.883459 900.000000 900.000000 893.210094 870.972821 860.253613 873.114862 893.971720 900.000000 900.000000 900.000000 900.000000 -9999.0 -9999.0 -9999.0 -9999.0 -9999.0 -9999.0
-9999.0 -9999.0 -9999.0 -9999.0 1240.450371 1227.677345 1239.060947 1214.636695 1182.198121 1100.000000 1100.000000 1077.779754 1049.747331 1018.991745 976.412289 900.000000 889.636235 850.815426 790.669232 700.000000 644.862260 605.569164 578.131670 500.000000 434.203216 383.680516 325.000000 325.000000 282.596603 110.000000 110.000000 110.000000 110.000000 50.000000 50.000000 0.000000 20.000000 0.000000 0.000000 0.000000 0.000000 0.000000 0.000000 0.000000 0.000000 0.000000 0.000000 0.000000 50.000000 0.000000 110.000000 110.000000 200.000000 288.290137 317.499584 325.000000 434.764845 463.460332 500.000000 601.002498 686.946801 700.000000 761.030713 792.307264 827.144470 829.815195 829.544499 851.043427 882.801264 900.000000 900.000000 900.000000 959.789995 900.000000 900.000000 881.457182 -9999.0 -9999.0 -9999.0 -9999.0
-9999.0 -9999.0 1299.306703 1249.770396 1193.350657 1184.181105 1181.807131 1175.563171 1100.000000 1095.406592 1016.426489 961.259896 900.000000 878.368455 813.310433 700.000000 617.185159 500.000000 481.885023 413.541039 325.000000 306.899055 200.000000 193.406008 110.000000 110.000000 0.000000 20.000000 0.000000 0.000000 0.000000 0.000000 0.000000 0.000000 0.000000 0.000000 0.000000 0.000000 0.000000 0.000000 0.000000 0.000000 0.000000 0.000000 0.000000 0.000000 0.000000 0.000000 0.000000 0.000000 0.000000 0.000000 0.000000 0.000000 50.000000 50.000000 110.000000 200.000000 274.426339 316.722560 398.173207 452.426414 500.000000 577.452206 648.847032 695.500963 700.000000 799.344146 847.892169 894.509021 900.000000 900.000000 900.000000 900.000000 900.000000 900.000000 892.665143 884.836825 -9999.0 -9999.0
-9999.0 1400.270445 1300.000000 1199.866401 1100.000000 1073.691695 1033.607750 1003.285211 975.197843 955.196475 840.862248 700.000000 605.229724 562.842688 496.616091 387.490863 200.000000 196.759160 110.000000 110.000000 20.000000 0.000000 0.000000 0.000000 0.000000 0.000000 0.000000 0.000000 0.000000 0.000000 0.000000 0.000000 0.000000 0.000000 0.000000 0.000000 0.000000 0.000000 0.000000 20.000000 0.000000 0.000000 0.000000 20.000000 20.000000 0.000000 0.000000 0.000000 50.000000 0.000000 0.000000 0.000000 0.000000 0.000000 0.000000 0.000000 0.000000 0.000000 50.000000 20.000000 184.859446 200.000000 308.170384 325.000000 441.141384 500.000000 597.175497 674.179606 700.000000 796.828368 830.939210 884.329115 900.000000 900.000000 900.000000 900.000000 900.000000 900.000000 -9999.0 -9999.0
-9999.0 1476.934444 1300.000000 1100.000000 994.503968 900.000000 802.891786 700.000000 661.761136 685.078468 500.000000 200.000000 187.485493 110.000000 50.000000 0.000000 0.000000 0.000000 0.000000 0.000000 0.000000 0.000000 0.000000 0.000000 0.000000 0.000000 0.000000 0.000000 0.000000 0.000000 0.000000 0.000000 0.000000 50.000000 110.000000 110.000000 200.000000 200.000000 272.223683 299.356802 312.101350 291.691292 302.362136 321.870235 325.000000 301.009051 267.189483 274.020966 270.178394 200.000000 200.000000 110.000000 50.000000 20.000000 0.000000 0.000000 0.000000 0.000000 0.000000 0.000000 0.000000 0.000000 50.000000 199.878383 278.464044 325.000000 423.115523 481.304767 558.521723 617.937726 680.976181 700.000000 813.659964 844.637971 885.570557 900.000000 -9999.0 -9999.0 -9999.0 -9999.0
-9999.0 1500.000000 1357.617031 1086.753479 814.374434 659.914455 442.312476 292.271437 110.000000 110.000000 0.000000 0.000000 0.000000 0.000000 0.000000 0.000000 0.000000 0.000000 0.000000 0.000000 0.000000 0.000000 0.000000 0.000000 0.000000 0.000000 0.000000 20.000000 110.000000 200.000000 200.000000 200.000000 279.427658 325.000000 410.775927 441.075924 500.000000 500.000000 500.000000 566.793596 589.330164 606.631056 586.684135 587.641387 587.222520 576.939400 500.000000 500.000000 482.586380 444.346783 401.235969 325.000000 310.414551 265.665167 200.000000 110.000000 20.000000 0.000000 0.000000 0.000000 0.000000 0.000000 0.000000 0.000000 50.000000 200.000000 263.694445 325.000000 403.604921 451.060295 491.408408 500.000000 631.824257 700.000000 795.546521 -9999.0 -9999.0 -9999.0 -9999.0 -9999.0
-9999.0 1700.000000 1449.619444 1100.000000 786.878081 431.997694 318.755070 0.000000 0.000000 0.000000 110.000000 20.000000 50.000000 0.000000 20.000000 50.000000 50.000000 50.000000 20.000000 110.000000 184.512618 200.000000 200.000000 200.000000 200.000000 258.414713 272.942267 294.948344 325.000000 398.632304 469.991721 499.274808 583.895622 667.488262 700.000000 778.822057 833.784754 837.687460 823.489153 841.121868 864.076724 882.968189 857.660086 842.163065 831.138762 840.215231 830.273505 794.033884 700.000000 691.863869 629.303847 560.174184 500.000000 447.168023 412.014035 325.000000 306.459923 257.609594 180.331035 0.000000 0.000000 0.000000 0.000000 0.000000 0.000000 0.000000 50.000000 200.000000 310.887613 325.000000 325.000000 401.406559 450.088192 -9999.0 -9999.0 -9999.0 -9999.0 -9999.0 -9999.0 -9999.0
-9999.0 1861.160982 1630.343996 1379.160312 1061.828403 798.734543 583.284890 441.222536 296.692653 325.000000 325.000000 325.000000 313.254653 290.231490 314.683533 325.000000 325.000000 325.000000 325.000000 400.340208 431.895544 446.604407 447.900284 456.180868 485.990167 500.000000 500.000000 500.000000 596.078681 666.090218 760.954733 833.519758 897.938070 900.000000 967.931670 1002.041711 1040.712517 1031.044126 1017.421279 1022.212892 1034.431373 1038.758887 1009.716119 991.505763 981.547409 994.090254 975.608567 900.000000 900.000000 863.892901 814.304927 756.853113 697.851582 659.262528 635.032485 593.680876 500.000000 471.214026 384.636034 283.668793 200.000000 110.000000 0.000000 20.000000 0.000000 0.000000 0.000000 0.000000 284.568760 318.744617 321.177843 -9999.0 -9999.0 -9999.0 -9999.0 -9999.0 -9999.0 -9999.0 -9999.0 -9999.0
-9999.0 -9999.0 1874.954410 1685.408231 1500.000000 1300.000000 1165.908417 1047.917046 963.539895 867.788621 772.339637 686.821379 636.511081 616.089657 638.752494 689.009243 700.000000 700.000000 700.000000 700.000000 774.931382 785.421889 795.585965 804.166243 818.508249 826.977846 833.535090 846.251723 871.046667 900.000000 974.525988 1027.455978 1082.194592 1100.000000 1100.000000 1100.000000 1156.697411 1159.149317 1100.000000 1100.000000 1100.000000 1100.000000 1100.000000 1092.818102 1083.442469 1076.154939 1063.674740 1040.158985 1007.195163 966.251032 900.000000 858.191381 819.339462 806.015570 813.535820 804.992921 779.153366 700.000000 620.660310 500.000000 413.765714 325.000000 266.958539 200.000000 199.389055 110.000000 20.000000 200.000000 410.525222 325.000000 -9999.0 -9999.0 -9999.0 -9999.0 -9999.0 -9999.0 -9999.0 -9999.0 -9999.0 -9999.0
-9999.0 -9999.0 -9999.0 -9999.0 1834.835004 1670.419507 1569.178417 1480.936359 1300.000000 1233.961915 1100.000000 1057.288924 1001.828245 977.399452 988.208938 993.392293 1001.764087 1005.992850 1014.929650 1020.205402 1025.622955 1033.625052 1045.473310 1053.252883 1054.143512 1050.935965 1053.496053 1067.075005 1083.845329 1100.000000 1100.000000 1169.892765 1206.775734 1235.992467 1249.216057 1255.956871 1255.996138 1261.904317 1252.728516 1246.224193 1231.441850 1216.199150 1192.439221 1164.234434 1100.000000 1100.000000 1100.000000 1100.000000 1077.123795 1024.854739 963.275130 900.000000 874.701618 871.396892 897.174108 900.000000 900.000000 885.885390 835.699914 759.575288 640.541266 500.000000 469.460675 421.096788 388.982444 325.000000 298.070848 287.900294 -9999.0 -9999.0 -9999.0 -9999.0 -9999.0 -9999.0 -9999.0 -9999.0 -9999.0 -9999.0 -9999.0 -9999.0
-9999.0 -9999.0 -9999.0 -9999.0 -9999.0 -9999.0 1882.556071 1779.290217 1692.179443 1557.184703 1433.935393 1300.000000 1261.034906 1234.176632 1214.740640 1191.919093 1195.958285 1213.023996 1230.000631 1213.438538 1203.305418 1208.511448 1236.252896 1237.634715 1234.073996 1225.353752 1226.994539 1233.362462 1258.221634 1249.763269 1251.028740 1274.133700 1300.000000 1300.000000 1300.000000 1300.000000 1300.000000 1300.000000 1300.000000 1300.000000 1281.072732 1267.797444 1245.624043 1212.755504 1181.007177 1166.694507 1165.642580 1159.437794 1100.000000 1048.972252 979.545759 900.000000 896.915222 890.214588 900.000000 959.518633 980.826612 974.284801 900.000000 886.289443 807.906662 753.768866 700.000000 687.469310 650.449839 500.000000 -9999.0 -9999.0 -9999.0 -9999.0 -9999.0 -9999.0 -9999.0 -9999.0 -9999.0 -9999.0 -9999.0 -9999.0 -9999.0 -9999.0
-9999.0 -9999.0 -9999.0 -9999.0 -9999.0 -9999.0 -9999.0 -9999.0 -9999.0 -9999.0 -9999.0 -9999.0 -9999.0 -9999.0 -9999.0 -9999.0 -9999.0 -9999.0 -9999.0 -9999.0 -9999.0 -9999.0 -9999.0 -9999.0 -9999.0 -9999.0 -9999.0 -9999.0 -9999.0 -9999.0 -9999.0 -9999.0 -9999.0 -9999.0 -9999.0 -9999.0 -9999.0 -9999.0 -9999.0 -9999.0 -9999.0 -9999.0 -9999.0 -9999.0 -9999.0 -9999.0 -9999.0 -9999.0 -9999.0 -9999.0 -9999.0 -9999.0 -9999.0 -9999.0 -9999.0 -9999.0 -9999.0 -9999.0 -9999.0 -9999.0 -9999.0 -9999.0 -9999.0 -9999.0 -9999.0 -9999.0 -9999.0 -9999.0 -9999.0 -9999.0 -9999.0 -9999.0 -9999.0 -9999.0 -9999.0 -9999.0 -9999.0 -9999.0 -9999.0 -9999.0
-9999.0 -9999.0 -9999.0 -9999.0 -9999.0 -9999.0 -9999.0 -9999.0 -9999.0 -9999.0 -9999.0 -9999.0 -9999.0 -9999.0 -9999.0 -9999.0 -9999.0 -9999.0 -9999.0 -9999.0 -9999.0 -9999.0 -9999.0 -9999.0 -9999.0 -9999.0 -9999.0 -9999.0 -9999.0 -9999.0 -9999.0 -9999.0 -9999.0 -9999.0 -9999.0 -9999.0 -9999.0 -9999.0 -9999.0 -9999.0 -9999.0 -9999.0 -9999.0 -9999.0 -9999.0 -9999.0 -9999.0 -9999.0 -9999.0 -9999.0 -9999.0 -9999.0 -9999.0 -9999.0 -9999.0 -9999.0 -9999.0 -9999.0 -9999.0 -9999.0 -9999.0 -9999.0 -9999.0 -9999.0 -9999.0 -9999.0 -9999.0 -9999.0 -9999.0 -9999.0 -9999.0 -9999.0 -9999.0 -9999.0 -9999.0 -9999.0 -9999.0 -9999.0 -9999.0 -9999.0