Borden_/Borden1m_014/output_maps/watertableN0002.asc
ncols         80
nrows         18
xllcorner     620200.000000
yllcorner     5168000.000000
cellsize      1.000000
NODATA_value  -9999.0
[rows 0 to 17 of 18, columns 0 to 59 of 80]
-9999.0 -9999.0 -9999.0 -9999.0 -9999.0 -9999.0 -9999.0 -9999.0 -9999.0 -9999.0 -9999.0 -9999.0 -9999.0 -9999.0 -9999.0 -9999.0 -9999.0 -9999.0 -9999.0 -9999.0 -9999.0 -9999.0 -9999.0 -9999.0 -9999.0 -9999.0 -9999.0 -9999.0 -9999.0 -9999.0 -9999.0 -9999.0 -9999.0 -9999.0 -9999.0 -9999.0 -9999.0 -9999.0 -9999.0 -9999.0 -9999.0 -9999.0 -9999.0 -9999.0 -9999.0 -9999.0 -9999.0 -9999.0 -9999.0 -9999.0 -9999.0 -9999.0 -9999.0 -9999.0 -9999.0 -9999.0 -9999.0 -9999.0 -9999.0 -9999.0
-9999.0 -9999.0 -9999.0 -9999.0 -9999.0 -9999.0 -9999.0 -9999.0 -9999.0 -9999.0 -9999.0 -9999.0 -9999.0 -9999.0 -9999.0 -9999.0 -9999.0 -9999.0 -9999.0 -9999.0 -9999.0 -9999.0 -9999.0 -9999.0 -9999.0 -9999.0 -9999.0 -9999.0 -9999.0 -9999.0 -9999.0 -9999.0 -9999.0 -9999.0 -9999.0 -9999.0 -9999.0 -9999.0 -9999.0 -9999.0 -9999.0 -9999.0 -9999.0 -9999.0 -9999.0 -9999.0 -9999.0 -9999.0 -9999.0 -9999.0 -9999.0 -9999.0 -9999.0 -9999.0 -9999.0 -9999.0 -9999.0 -9999.0 -9999.0 -9999.0
-9999.0 -9999.0 -9999.0 -9999.0 -9999.0 -9999.0 -9999.0 -9999.0 -9999.0 -9999.0 -9999.0 -9999.0 -9999.0 -9999.0 -9999.0 -9999.0 -9999.0 -9999.0 -9999.0 -9999.0 973.258756 970.508271 993.189394 1027.135782 1055.497322 1053.915313 1019.853425 979.711970 900.000000 900.000000 900.000000 900.000000 954.737811 955.426292 900.000000 900.000000 900.000000 900.000000 900.000000 900.000000 900.000000 900.000000 900.000000 900.000000 900.000000 900.000000 900.000000 900.000000 900.000000 900.000000 900.000000 900.000000 957.802133 971.802966 900.000000 900.000000 900.000000 900.000000 900.000000 900.000000
-9999.0 -9999.0 -9999.0 -9999.0 -9999.0 -9999.0 -9999.0 -9999.0 -9999.0 -9999.0 -9999.0 -9999.0 -9999.0 -9999.0 1062.003659 1072.205719 1075.533704 1067.571617 1034.564218 1005.188466 992.915605 1000.723240 1001.109921 1024.864609 1045.401673 1031.969378 1003.497138 973.218859 900.000000 900.000000 900.000000 900.000000 900.000000 899.493955 885.917662 888.946927 900.000000 887.522333 872.094121 863.469887 864.797153 873.591142 859.903277 844.198112 850.680291 867.521069 863.516239 851.740625 837.578824 851.287019 900.000000 900.000000 900.000000 900.000000 954.438579 960.199300 900.000000 900.000000 900.000000 958.276841
-9999.0 -9999.0 -9999.0 -9999.0 -9999.0 -9999.0 -9999.0 -9999.0 -9999.0 1100.000000 1100.000000 1100.000000 1100.000000 1090.920175 1093.096388 1086.619436 1079.637952 1054.183858 1024.137894 990.107274 962.194919 972.562515 972.903204 962.016067 956.575021 900.000000 900.000000 885.716263 845.965284 805.790012 833.012993 834.742603 816.071680 768.289871 700.000000 700.000000 700.000000 700.000000 700.000000 691.006409 692.601696 695.073493 672.680900 660.324518 653.822555 670.915260 687.247439 688.698656 664.011410 700.000000 773.933432 826.137175 824.340351 853.835979 892.578861 900.000000 900.000000 893.582141 900.000000 900.000000
-9999.0 -9999.0 -9999.0 -9999.0 -9999.0 -9999.0 1195.665445 1186.940534 1167.530152 1162.696670 1100.000000 1100.000000 1100.000000 1093.710105 1073.770697 1058.018602 1028.734478 997.597677 957.720437 900.000000 884.159122 889.625877 880.648680 848.440543 806.181985 774.797479 700.000000 700.000000 644.613540 602.520075 582.986819 575.393820 564.856936 500.000000 452.460959 434.233418 456.018957 472.806881 455.785963 419.810825 411.805364 412.145196 404.499646 392.088434 325.000000 325.000000 412.991961 433.647986 440.315299 450.003352 500.000000 572.231683 616.896028 661.518552 700.000000 792.750662 792.373331 776.845265 805.586245 856.604665
-9999.0 -9999.0 -9999.0 -9999.0 1244.879265 1232.777707 1245.149019 1221.691690 1190.344851 1157.847480 1100.000000 1091.099661 1065.330799 1036.824031 997.078522 961.789543 900.000000 887.530507 834.271578 766.869233 700.000000 692.597357 680.089699 622.877464 554.897306 497.918041 478.733551 454.912998 414.016343 296.226086 0.000000 0.000000 0.000000 0.000000 0.000000 0.000000 0.000000 0.000000 0.000000 0.000000 0.000000 0.000000 0.000000 0.000000 0.000000 0.000000 0.000000 0.000000 0.000000 0.000000 0.000000 0.000000 325.000000 406.109458 430.964250 479.649216 555.383142 584.923290 636.588983 686.303569
-9999.0 -9999.0 1300.000000 1253.528567 1198.102595 1190.507716 1190.106264 1185.978620 1159.723934 1100.000000 1034.513991 984.832612 900.000000 900.000000 854.010163 774.249291 700.000000 661.168761 605.471021 500.000000 471.561290 438.887477 421.296195 325.000000 0.000000 0.000000 0.000000 0.000000 0.000000 0.000000 0.000000 0.000000 0.000000 0.000000 0.000000 0.000000 0.000000 0.000000 0.000000 0.000000 0.000000 0.000000 0.000000 0.000000 0.000000 0.000000 0.000000 0.000000 0.000000 0.000000 0.000000 0.000000 0.000000 0.000000 0.000000 0.000000 0.000000 325.000000 389.310034 432.387531
-9999.0 1403.024404 1300.000000 1204.129645 1100.000000 1083.203456 1047.418825 1021.582150 997.091444 980.989334 876.756458 778.484639 690.889050 659.043738 608.740273 500.000000 432.837028 382.918165 296.268103 0.000000 0.000000 0.000000 0.000000 0.000000 0.000000 0.000000 0.000000 0.000000 0.000000 0.000000 0.000000 0.000000 0.000000 0.000000 0.000000 0.000000 0.000000 0.000000 0.000000 0.000000 0.000000 0.000000 0.000000 0.000000 0.000000 0.000000 0.000000 0.000000 0.000000 0.000000 0.000000 0.000000 0.000000 0.000000 0.000000 0.000000 0.000000 0.000000 0.000000 0.000000
-9999.0 1480.021942 1300.000000 1100.000000 1003.943665 900.000000 834.743127 700.000000 700.000000 700.000000 645.024295 431.647136 276.681689 0.000000 0.000000 0.000000 0.000000 0.000000 0.000000 0.000000 0.000000 0.000000 0.000000 0.000000 0.000000 0.000000 0.000000 0.000000 0.000000 0.000000 0.000000 0.000000 0.000000 0.000000 0.000000 0.000000 0.000000 295.639031 383.151096 418.117046 430.621720 405.068863 418.880380 441.156864 446.009323 419.986363 325.000000 391.855024 390.498500 325.000000 0.000000 0.000000 0.000000 0.000000 0.000000 0.000000 0.000000 0.000000 0.000000 0.000000
-9999.0 1500.000000 1361.866662 1093.858946 831.409931 700.000000 500.000000 325.000000 0.000000 0.000000 0.000000 0.000000 0.000000 0.000000 0.000000 0.000000 0.000000 0.000000 0.000000 0.000000 0.000000 0.000000 0.000000 0.000000 0.000000 0.000000 0.000000 0.000000 0.000000 0.000000 272.914803 325.000000 388.050628 485.469740 500.000000 558.354829 608.210074 621.580258 635.171703 662.739701 679.254382 692.640406 675.994669 677.091432 677.368036 670.792738 652.308017 637.605313 602.390352 569.650813 500.000000 470.748839 440.367395 388.625372 200.000000 0.000000 0.000000 0.000000 0.000000 0.000000
-9999.0 1700.000000 1454.229888 1100.000000 810.216602 496.115061 391.919171 0.000000 0.000000 0.000000 0.000000 0.000000 0.000000 0.000000 0.000000 0.000000 0.000000 0.000000 0.000000 0.000000 0.000000 0.000000 0.000000 0.000000 321.381263 325.000000 386.490730 408.299964 457.365129 500.000000 587.021504 609.283486 675.234953 700.000000 778.107080 823.162673 872.617967 874.465220 858.918809 874.575866 895.980210 900.000000 889.083763 874.003625 863.596974 873.891750 866.146426 833.766600 788.831393 700.000000 700.000000 657.214185 619.286111 575.002974 500.000000 479.973198 432.825764 325.000000 0.000000 0.000000
-9999.0 1865.209339 1635.032736 1386.272492 1075.329937 832.828111 667.606792 558.971857 486.954840 485.023421 469.860271 445.159337 413.745226 388.549897 420.375349 460.145340 487.933436 484.970277 485.543310 500.000000 500.000000 556.926340 558.952957 569.316641 601.175968 617.883377 627.757530 647.559811 679.621518 700.000000 807.107833 871.587279 900.000000 963.533468 992.124307 1023.864254 1061.002873 1050.054834 1035.559695 1039.664631 1051.410386 1055.502844 1026.305102 1008.235970 998.609374 1011.928167 994.318028 968.822324 900.000000 889.722957 845.307078 795.975048 700.000000 700.000000 700.000000 683.052688 646.125766 594.535866 500.000000 397.952174
-9999.0 -9999.0 1880.327109 1692.111670 1500.000000 1300.000000 1188.616870 1078.996815 1002.141930 900.000000 817.972673 700.000000 700.000000 694.910287 700.000000 700.000000 776.219910 775.726519 784.237213 797.214854 819.992482 828.484442 837.646505 845.575134 858.718641 865.531952 870.100837 880.010014 900.000000 900.000000 996.898567 1047.296989 1100.000000 1100.000000 1100.000000 1166.779410 1169.179685 1171.008669 1164.144194 1162.667694 1156.879767 1100.000000 1100.000000 1100.000000 1094.230303 1087.310267 1075.422947 1052.731890 1020.920630 981.519880 900.000000 878.200279 843.031062 833.640026 844.869619 841.040442 822.020347 782.130990 700.000000 623.182177
-9999.0 -9999.0 -9999.0 -9999.0 1844.068908 1681.201564 1582.071576 1496.863027 1368.904406 1254.041344 1159.277147 1082.026009 1028.889834 1005.900307 1016.749808 1020.811806 1028.365034 1032.188800 1040.684718 1045.209697 1049.770848 1057.213703 1068.746743 1076.132779 1076.349219 1072.245287 1073.813897 1086.248231 1100.000000 1100.000000 1100.000000 1183.135661 1218.896689 1247.160416 1259.490746 1265.479143 1264.897458 1270.400979 1260.838043 1254.085407 1239.096883 1223.755550 1199.950420 1171.752621 1159.235906 1100.000000 1100.000000 1100.000000 1086.951997 1035.542762 974.992747 900.000000 889.493563 888.113083 900.000000 900.000000 900.000000 900.000000 872.675533 809.452094
-9999.0 -9999.0 -9999.0 -9999.0 -9999.0 -9999.0 1894.217480 1791.895072 1700.000000 1572.973202 1450.843864 1355.807140 1280.269488 1254.305092 1235.102396 1212.022685 1215.958839 1233.054670 1250.022676 1232.844496 1222.136225 1227.010634 1254.763401 1255.686608 1251.557291 1242.125907 1243.045277 1248.538259 1272.599618 1262.799466 1262.864412 1285.042356 1300.000000 1300.000000 1300.000000 1300.000000 1300.000000 1300.000000 1300.000000 1300.000000 1287.436478 1274.114689 1251.925185 1219.048052 1187.359241 1173.282368 1172.660542 1167.043871 1100.000000 1057.766587 989.041547 900.000000 900.000000 900.000000 900.000000 976.333768 1000.171759 996.764947 966.578146 900.000000
-9999.0 -9999.0 -9999.0 -9999.0 -9999.0 -9999.0 -9999.0 -9999.0 -9999.0 -9999.0 -9999.0 -9999.0 -9999.0 -9999.0 -9999.0 -9999.0 -9999.0 -9999.0 -9999.0 -9999.0 -9999.0 -9999.0 -9999.0 -9999.0 -9999.0 -9999.0 -9999.0 -9999.0 -9999.0 -9999.0 -9999.0 -9999.0 -9999.0 -9999.0 -9999.0 -9999.0 -9999.0 -9999.0 -9999.0 -9999.0 -9999.0 -9999.0 -9999.0 -9999.0 -9999.0 -9999.0 -9999.0 -9999.0 -9999.0 -9999.0 -9999.0 -9999.0 -9999.0 -9999.0 -9999.0 -9999.0 -9999.0 -9999.0 -9999.0 -9999.0
-9999.0 -9999.0 -9999.0 -9999.0 -9999.0 -9999.0 -9999.0 -9999.0 -9999.0 -9999.0 -9999.0 -9999.0 -9999.0 -9999.0 -9999.0 -9999.0 -9999.0 -9999.0 -9999.0 -9999.0 -9999.0 -9999.0 -9999.0 -9999.0 -9999.0 -9999.0 -9999.0 -9999.0 -9999.0 -9999.0 -9999.0 -9999.0 -9999.0 -9999.0 -9999.0 -9999.0 -9999.0 -9999.0 -9999.0 -9999.0 -9999.0 -9999.0 -9999.0 -9999.0 -9999.0 -9999.0 -9999.0 -9999.0 -9999.0 -9999.0 -9999.0 -9999.0 -9999.0 -9999.0 -9999.0 -9999.0 -9999.0 -9999.0 -9999.0 -9999.0
